441.1783704906702 1650.600350312889 95.08704669773579 1783.740762397647 26.12218184024096 184.7481046840549 207.2630823850632 14.16819479316473 2.286369562149048 884.1138660907745 11.45244488120079 525.5731116682291 295.2271929085255 38.35152956098318 3.664505675435066 0.2838707789778709 0.5149108543992043 0.1023699715733528 0 0.08222279697656631 0.1001990363001823 0.5999031662940979 0.1629020869731903 0 0 0 0 0 0.1375423222780228 0 829.156081341207 32.1576484143734 7.464464239776134 0.1024075224995613 0.2426947355270386 0 9.10184695571661 0 0.3160153776407242 0.09246433526277542 0.3879127204418182 0.08618082851171494 1.277882173657417 0.8217767402529716 0.5233095958828926 0.710585817694664 33.4701416939497 5.361884072422981 0.2832581549882889 0.5869237929582596 0.7495571598410606 0.2570078372955322 0.08408243954181671 0 5.171595998108387 15.34496223181486 221.9185709878802 1051.456266179681 65.2326298058033 57.58182606846094 0.8735553100705147 3.0849589407444 0 134.7609771490097 13.5458879172802 7.355173893272877 1.671925768256187 1.488458171486855 0.7115619257092476 1.077925778925419 49.60160835087299 9.045296400785446 0.5230827927589417 562.1547262966633 147.7875749766827 127.4718307256699 11.44394111633301 3.036929354071617 2.705774828791618 11.96414018422365 0.8748996257781982 4.014024302363396 19.0354495793581 1.126153849065304 13.08826150745153 12.46584695577621 3.158818170428276 0.3441845253109932 3.842484369874001 0.2635927200317383 1.924221359193325 0.1961972787976265 0.1999864056706429 0.3812286034226418 0.0857793465256691 253.4060481116176 33.34395076334476 1.164678260684013 1.971524387598038 1481.710507333279 3.640480168163776 19.77343551814556 13.93026208877563 7.834829777479172 2.147185623645782 7.704509034752846 3.656971454620361 3.700284332036972 12.95118661224842 20.566855058074 0 5.852373778820038 7.405504301190376 3.82489949464798 2.570499539375305 0 0 0 0 0 0 0 0 0 0 0 0 0 0 0 0 0.3536632359027863 0 0 0.4939330071210861 0 0 0 0 5.077806293964386 0 3.331489935517311 0.1927171796560287 0.1159057840704918 0 0 0 0 0 0 0 0 0.2350801527500153 0 0 0 0 0 0.08237925916910172 0 0.1500229462981224 0.4178900420665741 1.066751092672348 0.5299872830510139 0 0 0.1282162219285965 0 0 0.08989857137203217 0 0.1684536337852478 0 0.1251875460147858 0 0 3.568765819072723 0.1020464301109314 0.3356730341911316 0.1180518567562103 0 0.2412362545728683 0 0.4768344163894653 0.123083807528019 0.2713719308376312 0 0 0 0 0.2291288673877716 0.07929196953773499 0 0.488055408000946 0 0.1993701010942459 0.1020090952515602 12.26457510888577 2.391334980726242 0.6390365734696388 356.8627984747291 13.5250828564167 193.8947635143995 43.23118226975203 1988.632421270013 18.25190793722868 0.169203594326973 3.744100123643875 0.9220412969589233 0 0.09950996935367584 0.4327636659145355 44.42845574021339 0 1.784681916236877 0 2.075395926833153 0.5774742960929871 279.3882819265127 3.268492981791496
1650.600350312889 4250.836340725422 966.2907579913735 2171.482299923897 1967.838488928974 113.9150968044996 2728.848420202732 557.6897616609931 2174.900792762637 2552.102024763823 1165.860876321793 299.1181278452277 1760.840022645891 4515.386744357646 27.3507104665041 8.322874836623669 1.702037364244461 0 0 0.1944417208433151 0.9807528927922249 0 0.7268372997641563 0.3651181161403656 0.7525812983512878 0 0 0 0 0.2253365516662598 1811.221694819629 146.938227109611 95.544772811234 0 0.3602684587240219 1.213703617453575 86.72469611465931 3.15556488931179 2.2532759308815 0.3837059140205383 1.738068290054798 0.9325157403945923 2.077777095139027 1.403909891843796 0.1772215440869331 1.996118932962418 155.6019297093153 10.72162979096174 1.01421045511961 0.8811686709523201 0.8455200791358948 0.09717594087123871 0.3640586659312248 0.3472623825073242 6.416436277329922 17.1148819103837 66.24333108961582 699.557002812624 57.22216614335775 124.0338649451733 2.203014597296715 14.14637903869152 0.1654873639345169 384.548945248127 15.63445407897234 7.92364651709795 2.885358102619648 3.213808462023735 0.3749452903866768 2.291734665632248 107.9803631454706 1.148280031979084 0 560.9424799755216 359.9394976273179 363.8402678668499 106.5809701308608 10.12931667268276 21.92550447583199 215.2016190066934 3.213215902447701 28.30351988226175 24.9397739470005 0.9088567718863487 20.42299573123455 17.5398075953126 4.109581463038921 0.4750495702028275 6.367136217653751 0.08862124383449554 3.635032802820206 1.186502233147621 0.8723157197237015 0.9969123601913452 1.276565045118332 291.5955333337188 2.319616682827473 0.3294544667005539 2.323764473199844 783.4036849364638 2.173176862299442 7.42740698158741 12.43217082321644 9.114747554063797 5.820847421884537 10.32363034784794 2.024385631084442 0.6365496814250946 21.8575576543808 28.24365467578173 1.131368964910507 7.401306882500648 15.20172144472599 3.081127882003784 2.191456407308578 0 0 0 0 0 0 0 0 0 0 0 0 0 0 0 0 0.2997695505619049 0 0 0.8445276170969009 0.1253309994935989 0 0 0 12.97544971108437 1.126130826771259 9.076139077544212 1.519103713333607 0.3436181545257568 0 0 0 0 0 0 0 0 0 0 0 0 1.699258133769035 0 0.1094679161906242 0 0.1794848069548607 0.1205219775438309 0.2447966784238815 0.830537736415863 0 0 5.026842728257179 0 0 0 0.1013272106647491 0.2144491448998451 0 0.08815115690231323 0 0 13.89568652957678 0 0 0 0.3421375826001167 1.256911069154739 0.3789031505584717 1.487635731697083 0.4545310586690903 0.1458447873592377 0 0.1125154793262482 0 0.08888097107410431 0 0.1948616355657578 0 0.3322891592979431 0.08275768160820007 0 0 32.4688987955451 6.843284405767918 8.023660629987717 362.0755698382854 22.1289603933692 484.9635504186153 120.2227155342698 681.5974775850773 19.82957904785872 0.9783981144428253 27.66410829871893 2.417568325996399 0 0 0 36.68109884858131 0 0 0 8.869738735258579 0 211.2187606245279 13.53810935467482
95.08704669773579 966.2907579913735 1120.460935488343 9.071631133556366 381.1623860001564 1.016019023954868 192.2072817832232 5489.340208053589 521.1645035073161 42.36016441881657 2062.900538280606 54.92154455184937 241.1292649358511 2266.27795330435 26.29079153388739 15.02559482306242 2.420145258307457 0.08460487425327301 0.4466495960950851 0.5105700120329857 4.203550033271313 0 5.119706384837627 4.857419058680534 0.8887980282306671 1.044393129646778 1.060874119400978 1.574718713760376 0 0.1300333142280579 4241.946582950652 1266.278215631843 141.2058686241508 0.672592394053936 3.076172821223736 1.128274351358414 52.15127329528332 7.759963415563107 3.313249655067921 0.7174040377140045 5.278974406421185 3.669912986457348 3.799043595790863 1.167611256241798 1.208778940141201 2.14009465277195 66.86826916784048 4.447904802858829 1.009802661836147 1.953953996300697 0.7328837215900421 0.6106999590992928 0.5474786907434464 1.316908627748489 3.486159548163414 6.609742440283298 33.15356531739235 551.6377500742674 24.21806804090738 42.23990755528212 4.055304259061813 33.3141375631094 2.67161650955677 358.4596106186509 5.188325196504593 4.304934330284595 0.6995355635881424 1.372374750673771 2.402228534221649 10.06782509386539 51.37565844506025 0.1070110350847244 0 240.3898798972368 172.9706209301949 154.3385139405727 67.0386979803443 9.733847744762897 251.7733941450715 1903.175615444779 5.292273744940758 275.231424331665 8.400422558188438 0.2063969448208809 6.755972400307655 5.433034509420395 1.947206348180771 0.2489167600870132 1.569549694657326 0 1.3786486312747 0.082948237657547 5.599819861352444 1.359584107995033 0.3955053463578224 34.73484025895596 3.473570927977562 0.3281096816062927 2.276435978710651 68.16474461555481 0 1.376960515975952 2.209994591772556 0.1413669586181641 0.9751320481300354 1.823357477784157 2.408396065235138 0.6204657554626465 3.147087655961514 5.334521532058716 0.281266063451767 3.97505410015583 8.297062292695045 3.637800395488739 2.358919695019722 0 0 0 0 0 0 0 0 0 0 0 0 0 0 0 0 0 0 0 0.1436111479997635 0.1952688992023468 0 0 0 9.009782947599888 4.108100414276123 7.374836847186089 1.930769823491573 0.1178087666630745 0 0 0 0 0 0 0 0 0 0 0 0.2604057490825653 0.7645552977919579 0 0.2077312767505646 0 0 0 0 0 0 0.672112911939621 6.400261089205742 0 0 0 0 0 0 0 0 0 5.291516624391079 0.1301409751176834 0 0.08780138939619064 0.2106302827596664 1.347426667809486 0 0.4017754793167114 0 0 0 0 0.2940388321876526 0 0 0 0 0.1675524115562439 0 0 0 9.382348172366619 4.9902653247118 9.942171946167946 130.9684729501605 7.338993929326534 191.3943102285266 57.01485501229763 36.03230348974466 4.838922642171383 0.8859238103032112 12.58174561709166 1.485878363251686 0 0.1231882274150848 0.08881444483995438 8.445227771997452 0 0 0 4.414219707250595 0.4392772763967514 48.4135460704565 5.161601856350899
1783.740762397647 2171.482299923897 9.071631133556366 1019.703612692654 12.80123917013407 212.7369696572423 709.6225164681673 2.14753782749176 1.173682481050491 2456.244413696229 2.992465138435364 2348.431412510574 1925.060053065419 83.30993080884218 2.126287564635277 0.1153281927108765 0.1240243911743164 0 0 0 0.1215608716011047 0.3350575864315033 0 0 0 0 0 0.1807544976472855 0.1672577708959579 0 90.90232443809509 9.658941693603992 6.177437201142311 0 0 0.1362243443727493 20.66455380618572 0.08005785197019577 0.2308023869991302 0 0 0 0.2032903730869293 0.1723661571741104 0 0 19.82423554360867 1.431098334491253 0 0.243888258934021 0.3663481175899506 0 0 0 2.463393270969391 3.244527749717236 20.0223791077733 125.9300836697221 11.68857874721289 20.68826878815889 0.1139426305890083 1.247884154319763 0.2413564771413803 52.40054816752672 2.047310516238213 1.28750404715538 0.4914925172924995 0.5079304426908493 0 0.09968940913677216 48.11942833662033 1.439755961298943 0.1427510380744934 110.1525835692883 58.66405556350946 52.66332522779703 7.971867546439171 1.157830968499184 0.3829712644219398 1.034967072308064 0.4159223288297653 1.294523634016514 3.228196769952774 0.35759586840868 3.818007074296474 2.885703578591347 0.7913751006126404 0.1416550427675247 0.9885832965373993 0 1.073016412556171 0.1854844242334366 0 0 0.2540729939937592 509.7987695783377 11.28465017676353 0.6622836589813232 0.4526616334915161 1053.984312854707 4.067603640258312 8.021293520927429 44.46510357409716 13.4373981654644 1.887685388326645 31.80634592473507 3.42363166809082 48.14047321677208 26.30987937003374 22.38170859217644 0 12.06799200177193 35.45817425101995 5.725948937237263 2.491233661770821 0 0 0 0 0 0 0 0 0 0 0 0 0 0 0 0 0 0 0 0.143512174487114 0 0 0 0 4.020805284380913 0 0.9723669812083244 0.2379990667104721 0 0 0 0 0 0 0 0 0 0.7127754241228104 0 0 0 0 0 0 0 0.234344594180584 0.6353191435337067 0.1364171355962753 0.8921287804841995 0 0 1.53345899283886 0.1059644296765327 0 0 0 0 0 0 0.1058167144656181 0 3.076467372477055 0 0 0 0 0 0 0.9837430715560913 0.2874882444739342 0.2249484062194824 0.1336328983306885 0 0 0 0 0.09813468158245087 0 0 0.09481221437454224 0 0 16.99032907187939 0 0.9445088282227516 132.0931631401181 4.362315855920315 63.677286028862 13.25254023075104 926.4155955687165 3.074837878346443 0.8588839173316956 3.9451909288764 0.797433003783226 0 0.1203333213925362 0 25.59999668598175 0 0 0 1.140847161412239 0 174.5955398157239 10.76019342243671
26.12218184024096 1967.838488928974 381.1623860001564 12.80123917013407 2069.524899885058 1.967004612088203 906.8816885575652 342.0282673165202 3721.377752929926 125.5931698828936 1571.250161126256 25.57286228239536 732.7346366494894 1882.518892124295 12.4269317984581 3.025773331522942 0.09565078467130661 0.2119665145874023 0 0.2411175593733788 0.358638271689415 0 0.8203323930501938 0.2225036919116974 0 0 0.1378303617238998 0 0.1093764156103134 0.1665848046541214 115.0493103340268 39.70156694203615 5.158728450536728 0.2397181466221809 0.5280956476926804 0.1452435404062271 3.286574929952621 0.07509759068489075 0.1156067177653313 0.7444602251052856 1.063749127089977 0.4310447573661804 0.7181360796093941 1.267960213124752 0.2260833531618118 0.660654678940773 63.2112787514925 1.603606127202511 0.08492231369018555 0.7607168778777122 0.5915310606360435 0 0 0 1.228954017162323 4.719187542796135 3.645943745970726 47.99986704438925 7.847241550683975 26.99755894392729 0.9037920534610748 4.837503343820572 0.1257638484239578 78.04755023866892 3.65645020455122 1.020157344639301 0.4238815382122993 0.08830587565898895 0.6657816916704178 2.366003766655922 9.846043415367603 0.1675356477499008 0 66.21916624903679 68.65877255797386 96.63052969425917 43.14762077480555 7.604644551873207 7.635526552796364 19.51006557047367 1.265305005013943 19.58749453723431 3.484732620418072 0 3.049982205033302 3.029939033091068 0.5717272162437439 0.1930792704224586 0.7612832263112068 0 1.15859542787075 0 0.4035190567374229 0.09553518891334534 0.2215466052293777 50.55113689601421 0 0 0.7044080495834351 4.733770854771137 0 0.2975006103515625 1.388336479663849 0.4661633372306824 0.2894232869148254 0 0.1739397644996643 0 1.467096894979477 2.349550053477287 0 2.275357529520988 0.3602224141359329 1.093209624290466 0.1884869039058685 0 0 0 0 0 0 0 0 0 0 0 0 0 0 0 0 0 0 0 0 0 0 0 0 2.798745885491371 0 0.9440874978899956 0.1083957254886627 0 0 0 0 0 0 0 0 0 0 0 0 0 0 0.1505291163921356 0 0 0.08237414807081223 0 0.3282687067985535 0 0 0 1.720442891120911 0 0 0 0 0 0 0 0 0 0.8909745290875435 0.2263351827859879 0 0 0 0.3713419139385223 0 0 0 0 0 0 0 0 0 0 0 0 0 0 0 7.286290317773819 1.2574462890625 1.28002992272377 97.13904722034931 7.471847578883171 171.4432054832578 44.11103634536266 8.966810837388039 4.261773034930229 0.1934415251016617 10.13916030526161 0.3724821507930756 0 0 0 1.333199232816696 0 0 0 2.455594711005688 0 24.33053521066904 1.801861137151718
184.7481046840549 113.9150968044996 1.016019023954868 212.7369696572423 1.967004612088203 5.364060580730438 21.86044795811176 2.25737339258194 0.4376873970031738 211.416017010808 1.783264949917793 103.7605062797666 54.88795424252748 20.8580602183938 0.4388665780425072 1.251023449003696 0.1153359413146973 0 0 0 0.09364020079374313 5.336036413908005 0 0 0.2045897841453552 0 0 0 0 0 18.76027889549732 1.426846496760845 40.32959333062172 0.132392942905426 0 0.7497756630182266 25.55739113688469 1.769294127821922 7.051765121519566 0.240575760602951 0 0 0.0995677262544632 0 0 0.09890002757310867 2.723696544766426 0.1776119023561478 0.1907786428928375 0 0.3532215356826782 32.5782515257597 1.23058220744133 0.9929080009460449 0.7543586492538452 0.4570313021540642 39.64208516478539 40.8752104640007 5.145014248788357 2.04302991181612 0.2360702902078629 31.8867320343852 0 2.678329087793827 0.2819654941558838 0.08256389945745468 0.2860827445983887 0.1697409749031067 0.5653045028448105 0 197.5620099231601 369.8370875418186 30.85515387356281 20.51273716986179 6.679767906665802 4.020908832550049 1.230324119329453 0.1847870573401451 0 2.578771308064461 0.1189197301864624 2.799750760197639 0.5117212161421776 1.227663144469261 0.4789456576108932 3.614940844476223 0.6707707196474075 9.589184023439884 4.025426611304283 19.44881437718868 2.163062416017056 8.618722639977932 0.4122211188077927 0.1821320950984955 2.165024593472481 626.3935980051756 487.9141435176134 77.6955541074276 47.80418651551008 201.2997013032436 0.6286756694316864 0 0.3649166524410248 0 0.1926034986972809 0.488507091999054 0.2737690210342407 0 0.7167844027280807 0.8030391037464142 0 0.1456442624330521 0.4739247113466263 0.1427227258682251 0.5510426759719849 0 0 0 0 0 0 0 0 0 0 0 0 0.1570136696100235 0 0 0 0 0.3259876370429993 0.1766401529312134 0 0 0 0 0 0.6933110281825066 0.4644085168838501 2.450670182704926 1.124454565346241 0 0 0 0 0 0 0 0 0 0 0 0 0.1547663360834122 0.2551819011569023 0.1179155856370926 0 0 0.09645868092775345 0 0 0 0 0 0.4994436800479889 0 0 0 0 0 0 0.1318591982126236 0.6292089968919754 0 0.2938426211476326 0.3242706805467606 0.1573371440172195 0.5479122996330261 0.8519735932350159 0 0 0 0 0 0 0 0 0 0 0 0 0.238975003361702 0.9017068520188332 0.139177992939949 0.5626202374696732 0.8892136514186859 2.148696273565292 2.824603565037251 20.61808158457279 1.984422944486141 13.70891833305359 3.541802369058132 320.3401390984654 1.70597817003727 0 0.2946159690618515 1.756363764405251 0 0.2864645421504974 0 0 0 0 0 0.4947653114795685 0 52.42819703370333 3.24169459939003
207.2630823850632 2728.848420202732 192.2072817832232 709.6225164681673 906.8816885575652 21.86044795811176 391.8667555898428 93.85864087939262 1961.737597830594 840.3062365427613 299.9056763574481 216.3089384511113 3757.049310937524 1059.945875957608 27.73232669383287 8.384462080895901 1.51963809132576 0.1070437356829643 0 0 1.126489095389843 0 1.824528731405735 0.3596814870834351 0.3616957068443298 0.1659843176603317 0.1441869139671326 0.1013254821300507 0.2453747764229774 0 164.4914367124438 47.55045346915722 13.51859122514725 0.1055232957005501 0.3762103095650673 0.7214918583631516 16.40292280912399 0.8351107016205788 0.5091639161109924 0.6570288985967636 0.7718017101287842 0.858990304172039 0.7783408984541893 1.70694937556982 0.2006288543343544 0.5918995141983032 114.6883574575186 4.84947045892477 0.0737600103020668 0.702689953148365 0.5721950605511665 0 0 0.4189940467476845 2.295708686113358 5.603138782083988 9.147180572152138 125.3962302729487 17.43227298557758 59.3645656555891 1.246493615210056 14.37651048600674 0 164.6461835876107 6.214809417724609 3.345729179680347 0.4933393448591232 1.839755110442638 1.377865858376026 3.337975442409515 52.47208847105503 0.5592369437217712 0 166.7347201481462 139.439958691597 184.5687378123403 77.8121722638607 9.369997374713421 9.960124328732491 10.95434019714594 2.540425449609756 31.42223972827196 10.24114551395178 1.68051815778017 7.886554658412933 5.890862673521042 1.516969904303551 0.1881767734885216 2.186942897737026 0.09016737341880798 1.70585410296917 0.235958144068718 0.6941633969545364 0.3258978277444839 0.1865345612168312 172.8447950333357 1.197641134262085 0.1656697541475296 0.5161543488502502 32.12576251477003 0.6217646151781082 4.753258928656578 6.863203510642052 5.211119025945663 3.93137127161026 10.37809570133686 0.2712062299251556 68.27616120874882 13.83794705569744 11.11259268224239 0 9.170343354344368 7.349623031914234 4.072872564196587 2.38428308069706 0 0 0 0 0 0 0 0 0 0 0 0 0 0 0 0 0 0.1630878299474716 0 0.7783313691616058 0.1462699174880981 0 0 0 7.156775310635567 0 4.973918847739697 1.53623765707016 0 0 0 0 0 0.1290618032217026 0 0 0 0 0 0 0 0 0 0 0.2402784898877144 0.0804082527756691 1.002247333526611 0.3041702136397362 0 0 0 5.256054818630219 0.3263294547796249 0 0 0.0865890234708786 0 0 0 0 0 6.074522569775581 0.4301086068153381 0 0 0 2.197945967316628 0 0 0.4142397940158844 0 0.2715723589062691 0 0 0 0 0 0 0.08330471813678741 0 0 0 10.83525577932596 3.433578781783581 3.957863666117191 215.7109004631639 10.77908631414175 310.0230653360486 85.09803131967783 120.0542538538575 8.600932382047176 0.6397038325667381 24.69693943113089 1.786212787032127 0 0.7271819487214088 0.1534405201673508 9.982108727097511 0 0 0 8.300791278481483 0 107.7791068851948 9.712328001856804
14.16819479316473 557.6897616609931 5489.340208053589 2.14753782749176 342.0282673165202 2.25737339258194 93.85864087939262 955.4105202481151 377.6151824146509 20.74522334337234 1209.579229332507 111.7753193601966 727.4356782957911 3502.270858570933 48.40054702013731 31.20782554894686 4.021876983344555 0.199669748544693 0.2213411405682564 4.301333248615265 34.22045485675335 0.1883265376091003 18.91790094226599 13.02396476268768 2.765643857419491 3.992874041199684 2.076936841011047 1.451906524598598 0.2148833870887756 1.300825282931328 919.6364367082715 1369.448159277439 353.7742767482996 3.907226137816906 11.75818622857332 4.185195758938789 154.1788528934121 10.73381529003382 6.353205986320972 1.632322527468204 23.26595852524042 10.42591133713722 23.0029219314456 2.501920595765114 2.930728882551193 18.26766647398472 115.7740256711841 3.324551075696945 2.480930872261524 7.457751549780369 0.8742998018860817 0.2732330858707428 1.733144707977772 1.989751763641834 1.047712832689285 3.196793705224991 5.893118493258953 140.0425983890891 9.808146737515926 36.49417136609554 59.07649464905262 215.0168412849307 12.44539479911327 194.1086311712861 2.850717835128307 3.13590344786644 0.3212365731596947 2.152440145611763 12.60470087081194 65.82522571086884 155.0069382712245 2.555038645863533 0 80.068235039711 95.46767912060022 139.0381390675902 120.4866747632623 31.49714253842831 887.0565843880177 2936.794887445867 27.99804937839508 1432.043902240694 3.620679020881653 0 6.92651042342186 3.614572487771511 5.226786673069 0 0.857472650706768 0.1066204085946083 1.233552880585194 0.3320054560899734 21.05002870410681 5.491210415959358 1.725001372396946 25.93232250213623 4.050607033073902 0.2306663393974304 7.797871649265289 7.034362584352493 0.4422498643398285 1.086138561367989 1.114735007286072 1.298512518405914 3.003550820052624 3.344023913145065 1.659092545509338 0.6718666851520538 5.864859655499458 8.558468863368034 0.1508265137672424 6.084286332130432 8.152712129056454 2.046679697930813 5.012466341257095 0 0 0 0 0 0 0 0 0 0 0.4026977568864822 0 0.4543527960777283 0 0 0 0 0 0 0.432674452662468 0 0 1.744835257530212 0 12.20446762442589 1.910862818360329 10.20786742120981 7.531549625098705 0.9949840903282166 0.4120489358901978 0 0 0 0 0 0 0 0 0 0 0 1.269346632063389 0 0 0 0.1335032433271408 0 0 0.4965420961380005 0.2583573460578918 0.5938869118690491 6.10632786154747 0 0 0 0.1043337136507034 0 0 0 0.1055735275149345 0 7.712074398994446 0.6070186793804169 0 0.1060663238167763 0 0.8880542516708374 0 0.1436001658439636 0.1844448819756508 0 0 0 0 0 0 0 0 0.1810670271515846 0 0 0 19.19520217180252 15.32179342210293 14.11317458748817 222.6261029690504 13.24798184633255 264.737069234252 83.61856618523598 8.911109298467636 2.678703553974628 0.1605812460184097 16.15073384344578 3.881158836185932 0.3914957046508789 0.4488818198442459 0.375876247882843 6.78961968421936 0 0 0 10.09697799384594 0 32.49240348488092 3.604626014828682
2.286369562149048 2174.900792762637 521.1645035073161 1.173682481050491 3721.377752929926 0.4376873970031738 1961.737597830594 377.6151824146509 955.6736806482077 23.89838860929012 2023.758459493518 4.968506850302219 885.3983880504966 1146.097806610167 3.138142272830009 0.2734528481960297 0 0 0 0 0.3008511438965797 0 0 0 0 0 0 0 0 0 15.11179015785456 6.85979051142931 0.6675949990749359 0.1636384725570679 0 0 1.134826838970184 0.1132448017597198 0 0 0.1171667650341988 0 0.4522704258561134 0.4711867198348045 0 0 12.51858010143042 0.5667132958769798 0 0 0 0 0 0 0.3681859597563744 0.4398591220378876 0.4130664244294167 6.364943824708462 1.844191856682301 4.603417344391346 0.1532456427812576 2.2848154976964 0 10.29046653211117 0.3468848317861557 0.3560812175273895 0.0918000340461731 0 0.1131387278437614 0.7485181093215942 6.50340935587883 0 0 8.169808827340603 10.34883236885071 17.6785943582654 8.689236372709274 1.836076334118843 0.9463260471820831 11.80529211461544 1.138066664338112 7.105051465332508 0.5439838021993637 0 0.4321830049157143 0.3509625568985939 0.2458579242229462 0 0.0928247943520546 0 0.2392162829637527 0 0.1144187152385712 0.1839032620191574 0 13.85204771161079 0.5402935594320297 0 0 0.2672173976898193 0.2559716999530792 0.9737643599510193 0 0 0 0 0 0 0.8890392780303955 0.7885992079973221 0 0.2026626318693161 0.4677088111639023 0.1786079108715057 0 0 0 0 0 0 0 0 0 0 0 0 0 0 0 0 0 0 0 0 0 0 0 0 0 0.9861311092972755 0 0.3121964335441589 0.4764814972877502 1.260645031929016 0 0 0 0 0 0 0 0 0 0 0 0 0 0 0 0 0 0 0 0 0 0 0 0 0 0 0 0 0 0 0 0 0.2416395246982574 0 0 0 0 0 0 0 0 0 0 0 0 0 0 0 0 0 0 0 0 1.53312736749649 0.7350903749465942 0.8986522406339645 20.82919570803642 0.7494485154747963 35.72972393035889 10.48017679154873 1.361148521304131 1.415902405977249 0.1464778929948807 3.142765834927559 0 0 0 0 0 0 0 0 0.4301606714725494 0 6.459449417889118 1.664649784564972
884.1138660907745 2552.102024763823 42.36016441881657 2456.244413696229 125.5931698828936 211.416017010808 840.3062365427613 20.74522334337234 23.89838860929012 1494.89150261879 23.3498272895813 3384.738107189536 6007.620155386627 344.1375465020537 21.62481366842985 6.791198566555977 0.6063920333981514 0 0.1327586472034454 0 0.7008939534425735 0.1435254514217377 0.3269684612751007 0.6501712203025818 0.2671293318271637 0.2491933852434158 0.1722439974546432 0.124858096241951 0.8851507157087326 0.239271953701973 66.1816812902689 24.52155316621065 93.28891764581203 0.102220430970192 0.4032876640558243 0 130.0678954869509 1.347419381141663 1.901505753397942 0 1.503052353858948 0.7515514642000198 1.014299973845482 1.053331390023232 0.1249494925141335 0.5146452113986015 93.8080410733819 3.947586990892887 0.5906141474843025 0.5584058910608292 0.8168102726340294 0.433405339717865 0.7930693030357361 0.2901237010955811 2.931746691465378 5.339113295078278 17.30826733261347 92.51713313162327 11.08090379089117 46.58000061661005 2.766937449574471 15.01800714433193 0.4846799820661545 119.1953192204237 5.109754033386707 2.851271599531174 0.8214786350727081 1.056065335869789 0.3268225267529488 2.538700431585312 563.6363640129566 1.328819543123245 0.3048868179321289 123.2132195904851 101.8778287619352 138.2988594844937 68.0662834122777 5.857499852776527 12.88856385648251 15.08635503053665 2.515510305762291 37.98510833084583 5.971819795668125 0.6376242265105247 5.755790770053864 4.961455881595612 1.057700335979462 0.232897624373436 1.432582035660744 0.4572622925043106 1.344931982457638 0.1355063915252686 0.4575250446796417 0.9962708353996277 0.2333032190799713 1104.061702668667 86.69972455501556 2.345243781805038 3.656602427363396 472.5854754820466 20.11450222879648 42.41064243018627 154.5026580989361 103.4571949541569 12.72677267342806 43.00426043570042 30.01069958508015 6.145406290888786 68.78191373497248 145.4965650290251 5.247311964631081 36.55003392696381 88.96412919461727 32.34019514918327 19.60209493339062 0.08462417870759964 0 0 0 0 0 0 0 0 0 0 0 0 0 0 0 0 0 0 8.13902398198843 1.908011361956596 0 0 0 46.38418178260326 0.6343035101890564 22.37069487571716 2.93159107863903 0.4651933014392853 0 0 0 0 0.1100234687328339 0.5432802438735962 0 0.2717329859733582 0 0 0 0 0 0 0.09060937911272049 0 0 1.3145362585783 4.056170642375946 2.013819977641106 0 0 16.74171321094036 0.1102272495627403 0 0 0.09723763912916183 0 0 0 0 0 44.75621063262224 0.2555366158485413 0 0 0 5.718734532594681 0 0.1746116578578949 0.9654738679528236 1.29960635304451 0.550541490316391 0.1525357812643051 0.306522935628891 0.09300653636455536 0 0 0 0 0.1856090873479843 0 0 167.1426109671593 13.95371261239052 11.31381543725729 574.1913070082664 17.4569063782692 293.2919096499681 107.231348618865 1137.126293793321 9.457469940185547 0.9611949175596237 32.58566058427095 6.330706879496574 0 1.778091117739677 0.4898693412542343 164.971735149622 0 0 0 7.745538100600243 0.6562435030937195 861.4915390983224 109.077879473567
11.45244488120079 1165.860876321793 2062.900538280606 2.992465138435364 1571.250161126256 1.783264949917793 299.9056763574481 1209.579229332507 2023.758459493518 23.3498272895813 737.4922797754407 64.20037752389908 1046.182409450412 4765.538120977581 12.516671910882 6.779927015304565 0.5302145481109619 0 0 0 0.8243080452084541 0.3183430433273315 0.7957516759634018 0.8176867961883545 0 0.8465689122676849 0 0.1019904538989067 0 0.1260655522346497 80.25774851441383 92.31330440938473 354.041710421443 0.3369934856891632 0.2303334474563599 1.078314378857613 158.9787254333496 3.386169865727425 2.08072729408741 0.3151080906391144 2.769029922783375 1.487660832703114 0.434520810842514 0.4164884313941002 0.1154317036271095 0.08657995611429214 26.14047852903605 0.5197872668504715 0.3089560642838478 0.3616023287177086 0.1630977317690849 0 0 0.4116564989089966 0.3178298994898796 0.777928814291954 0.9858769327402115 15.50075852125883 1.594393886625767 6.892466261982918 0.3395637944340706 19.69298998266459 0 18.06560891866684 0.7515399605035782 0.1795550212264061 0.2002856582403183 0 0.2402946874499321 2.995570182800293 118.6705343425274 0.2445944100618362 0 18.51543188840151 21.19070444256067 37.82326947152615 19.33864045143127 4.026463210582733 39.19657534360886 1746.068881094456 1.306212656199932 59.7857309654355 1.195956878364086 0 0.915983721613884 1.087492436170578 0.4040046036243439 0.0913708508014679 0.2066962122917175 0 0.3577530309557915 0.3007428869605064 1.515783861279488 1.136416256427765 0.6182460784912109 14.75609573721886 0.211249053478241 0.4185660183429718 1.243260070681572 1.830940902233124 0 0 0.8437663912773132 0 0.7888015508651733 1.893504723906517 1.264793038368225 0.217752069234848 3.041176691651344 3.312138766050339 0.6022278666496277 3.992211043834686 1.792214915156364 0.1355876326560974 0.3681326508522034 0 0 0 0 0 0 0 0 0 0 0 0 0 0 0 0 0 0 0 0 0 0 0.8807979971170425 0 2.423208452761173 0 3.826052159070969 0.9200734347105026 0.1118193566799164 0 0 0 0 0 0 0 0 0 0 0 0 0.3069994151592255 0 0 0 0 0 0.4362551122903824 0 0 0 0.551600456237793 0 0 0 0 0 0 0 0 0 5.025518305599689 0 0 0 0 0 0 0.4977934136986732 0 0 0.1086940169334412 0 0 0 0 0 0 0 0 0 0 11.20128706097603 6.208086892962456 5.4090371504426 53.54927448183298 4.214247353374958 57.24091068655252 19.61500505357981 4.166696406900883 1.724351920187473 0.5428626388311386 6.341516748070717 1.104449450969696 0 0.214634582400322 0 5.76837083697319 0 0 0 3.781311556696892 0 9.008401453495026 2.889490023255348
525.5731116682291 299.1181278452277 54.92154455184937 2348.431412510574 25.57286228239536 103.7605062797666 216.3089384511113 111.7753193601966 4.968506850302219 3384.738107189536 64.20037752389908 198.1315897256136 1323.485804453492 165.112690128386 5.846563376486301 3.991774283349514 0.1942127197980881 0 0 0 0 0 0.1399194747209549 0 0 0 0 0 0.1672984063625336 0 14.25085516273975 11.47017110139132 87.830801025033 0 0 0.2078165113925934 201.7771166488528 2.588517047464848 3.060221746563911 0.1511308699846268 0.1887933164834976 0.1114405170083046 0.08438845723867416 0.4696324169635773 0 0 16.8456544727087 0.1857160478830338 0 0.07972390204668045 0.113743968307972 0 0 0.1120495721697807 0.3184036612510681 0 2.347467713057995 16.9762921705842 1.880348093807697 4.861537270247936 0.6488163769245148 11.88264524936676 0.5550312846899033 12.68447633087635 1.08474088460207 0.4885752648115158 0 0.1872411072254181 0 0.6090358793735504 221.7207137942314 1.200957864522934 0 16.71820542216301 10.22775460034609 14.0698878839612 5.435031183063984 0.8517657443881035 3.857770502567291 40.00760400295258 0.09211920946836472 5.129983022809029 0.7028212249279022 0 0.3597618788480759 0.697613924741745 0 0 0 0 0.4914269223809242 0.1076652407646179 0 0.09769325703382492 0.1384133249521255 306.4126022905111 21.53420306742191 0.1517567336559296 5.561129182577133 104.8646365851164 1.080288901925087 4.342007994651794 15.55681372433901 7.156179502606392 2.611358225345612 12.1897281780839 4.243344128131866 0.437209814786911 21.3227948024869 28.53484884649515 0.9785031378269196 13.70730192959309 23.68882957845926 6.898180477321148 6.580986216664314 0 0 0 0 0 0 0 0.1986663490533829 0 0 0 0 0 0 0 0 0 0 0 2.506631299853325 0.1914447396993637 0 0 0 22.11018958687782 3.076668202877045 9.330481082201004 0.4717743247747421 0 0 0 0 0 0 0 0 0 0.1006369292736053 0 0 0 1.4594486951828 0 0 0 0 0.2212726771831512 0.366010919213295 0.1376568675041199 0 0 9.653347045183182 0 0.2040179073810577 0 0.09779868274927139 0 0 0 0 0 19.4447014182806 0.2718584537506104 0 0 0 3.068394035100937 0 0.2323355227708817 0.08902048319578171 0.6700601577758789 0.504404604434967 0 0 0 0 0 0 0 0 0 0 47.57576921582222 9.124317012727261 8.364333964884281 97.01305219531059 1.681259028613567 47.35903742164373 23.94395919144154 253.3082106336951 1.993300497531891 0 3.746660143136978 1.076124258339405 0 0.3040869310498238 0.195526197552681 23.77614308893681 0 0 0 1.435532212257385 0 198.8705847337842 31.210504129529
295.2271929085255 1760.840022645891 241.1292649358511 1925.060053065419 732.7346366494894 54.88795424252748 3757.049310937524 727.4356782957911 885.3983880504966 6007.620155386627 1046.182409450412 1323.485804453492 3459.061051957309 6396.408615730703 32.7310908138752 16.91569598019123 1.021979816257954 0 0 0.2059934809803963 0.9219115525484085 0.1187345087528229 0.6515317857265472 0.8822287693619728 0.1225901395082474 0 0.520529717206955 0.0914633721113205 0.25929194688797 0 45.72827113419771 50.38739664107561 601.3125451952219 0 1.211621403694153 2.051269605755806 353.9878715798259 9.544405624270439 6.760168045759201 3.99211685359478 1.431374490261078 0.3482185751199722 0.2529505863785744 0.621792197227478 0.2072424441576004 1.28027581423521 80.57448203861713 1.338636055588722 0.8565476611256599 0.1881855949759483 0.337748609483242 0 0 0.3353856801986694 0.6051719635725021 2.269036218523979 2.185970515012741 25.4782180711627 5.001787737011909 19.06549450755119 1.171334952116013 39.13659669458866 0.1990728229284286 57.97287209331989 0.7239887416362762 1.855945125222206 0.08766264468431473 0.5494503527879715 0.6347623839974403 2.225404113531113 626.088393419981 1.493752852082253 0 36.65607510507107 34.79106777906418 68.22764623165131 38.90682154893875 7.339968748390675 18.30763341486454 257.4740496352315 0.7444571927189827 31.88844688981771 3.47162601351738 0 1.681933678686619 1.122704572975636 0 0 0.4830852746963501 0 0.4021324887871742 0.09853611886501312 0.4051743596792221 0.3314886912703514 0.1995092481374741 1193.922350846231 21.60689164698124 0.7759661674499512 25.22342200577259 43.11476547271013 7.460775151848793 20.88701945543289 29.02946230024099 11.77051867544651 5.850118324160576 23.21878834813833 9.58810667693615 2.337804526090622 31.2922258079052 52.34521016478539 3.337317883968353 47.74200371652842 49.11329138278961 27.20158817619085 15.31824497878551 0.5907149612903595 0 0 0 0 0 0 0 0 0 0 0 0 0 0 0 0 0 0 6.812556505203247 1.236784562468529 0 0.8961726427078247 0 38.05470108985901 2.721391126513481 32.22220019251108 3.152985319495201 0 0 0 0 0 0 0 0 0 0.1505448520183563 0 0 0 0.839408814907074 0 0 0.2348179817199707 0.07703325897455215 1.46514604985714 0.9906465411186218 1.235632836818695 0 0 18.92544265091419 1.023330003023148 0 0 0 0 0 0 0 0 37.99873965233564 0.2287784963846207 0 0 0 3.546837866306305 1.565271615982056 2.497212737798691 0 0.1400228291749954 0.3948851525783539 0 0 0 0 0 0 0 0 0 0 98.1280709952116 25.63594124466181 24.87759879231453 217.7916583940387 8.029941961169243 205.8982243835926 68.82797847688198 140.6962404027581 3.048122681677341 0.1899668574333191 19.08116184920073 3.665454253554344 0.4007174074649811 2.390996426343918 0 63.84904116392136 0 0 0 10.91080333292484 0 224.1996461227536 43.07238959521055
38.35152956098318 4515.386744357646 2266.27795330435 83.30993080884218 1882.518892124295 20.8580602183938 1059.945875957608 3502.270858570933 1146.097806610167 344.1375465020537 4765.538120977581 165.112690128386 6396.408615730703 1667.912577182055 51.88071990013123 26.91098038852215 1.388640321791172 0.4858786687254906 0.1716765463352203 0.3903698474168777 2.125632256269455 0 3.712804287672043 2.305187344551086 0.4451662600040436 0.6569405570626259 1.042533919215202 1.13509763777256 0 0.2525779977440834 165.9835219457746 162.7156847864389 1347.194688946009 0.2293142452836037 1.658763483166695 2.99895952641964 1696.114439062774 23.10912646353245 14.39398952573538 1.410705149173737 6.560509145259857 2.164596319198608 1.159990139305592 2.618055433034897 1.433375671505928 0.7783057987689972 108.0609387457371 2.571082569658756 0.3533578142523766 2.148555912077427 0.6202703937888145 0.4834234416484833 0.1361634731292725 0.3076442331075668 0.7352595031261444 2.858904294669628 4.613538756966591 44.77668043226004 8.100131548941135 36.02706115692854 8.426569871604443 201.192061714828 1.307911336421967 90.84917810559273 2.104216888546944 1.662021964788437 0.2514037564396858 1.140306040644646 1.459963597357273 6.462095648050308 959.034367531538 0.1225877702236176 0 58.88191729038954 73.82120803743601 129.8492339104414 72.03855340927839 16.17630296200514 58.71741338819265 1504.50141094625 1.068407244980335 148.4157118424773 4.436822921037674 0.09115397930145264 3.26559866219759 3.426320374011993 1.325173154473305 0 1.096163369715214 0.4447973817586899 0.9065134897828102 0.1080730929970741 3.504183515906334 0.7334350496530533 0.8627642020583153 308.0960874557495 15.84420688450336 0.9918719232082367 19.74485560506582 10.73763747513294 8.621582485735416 13.05504605174065 16.83437570184469 8.476927600800991 6.531983107328415 10.94258068501949 7.932427242398262 3.590880006551743 33.61108754575253 43.99993948638439 0.640775129199028 17.42281432449818 36.88765839487314 12.98528368771076 14.37607727199793 0 0.7306549549102783 0 0 0 0 0 0 0 0 0 0 0 0 0 0 0.1994804739952087 0 0 9.527524352073669 0.8792103826999664 0 0.2438517063856125 0 47.7348779514432 2.581989675760269 27.02117662131786 3.597190052270889 0.491585835814476 0 0 0 0 0 0.7271031737327576 0 0.3472827821969986 0.1175542771816254 0 0 0 0 0 0 0 0 0.7087412625551224 0.2248639166355133 1.217116832733154 0 0 31.67410032451153 0 0 0 0.1013786122202873 0 0 0.1396450996398926 0 0 55.94586445391178 0 0 0 0.1273315250873566 4.386408075690269 0 1.921858578920364 0.3137021958827972 1.82550373673439 0.1693071871995926 0.4521843940019608 0.2779900133609772 0 0 0 0 0 0 0 0 88.47205795347691 27.54460389912128 27.59867767989635 285.5202687233686 13.12094356119633 281.0622727572918 93.74791754037142 33.71320919692516 2.734807975590229 0.5147542208433151 25.06724930554628 2.606494478881359 0 0.7653524875640869 0.3819480836391449 42.90246596932411 0 0 0 12.73144073784351 0 147.6433133333921 43.85452874004841
