700.1663162708282 2792.246298901737 319.906721137464 2019.052149184048 81.82778475433588 198.5511922687292 638.770135268569 62.61448077857494 3.139132976531982 1472.296372242272 71.68870855122805 24.62504755705595 230.3382571563125 21.92164520174265 0.576051339507103 0.1079706028103828 0.09777840226888657 0 0 0 0 0 0 0 0 0 0 0 0 0 791.525801807642 0.9691542461514473 6.273068748414516 0 0 0.841525599360466 0.4430778324604034 0.1163303181529045 0 0 0 0 0 0 0 0 12.25985354930162 1.339925825595856 0.3037876710295677 0.07589515298604965 0.6162738502025604 0 0 0 3.45534884929657 4.522763274610043 229.0377889052033 400.6521497666836 79.81510497629642 3.409440241754055 0.4529765322804451 2.24646207690239 0.4034899547696114 17.81991342455149 2.221468567848206 4.454875994473696 0.3401936739683151 0.904009148478508 1.312560759484768 0.174494594335556 1.577639818191528 1.440782591700554 0 80.51765133440495 8.71402283012867 14.68582678586245 3.39084604382515 0.2721750810742378 0.590356782078743 20.41869913041592 0 4.794587217271328 5.858733229339123 0.4704460948705673 1.775847934186459 0.5615838393568993 0.7916900515556335 0 0.2264441326260567 0 0.1786550879478455 0 0.6865704953670502 0.1220242381095886 0 9.292193002998829 0.807022750377655 2.093815699219704 0 2091.275768652558 0 0.4185277968645096 1.767149984836578 5.540247030556202 0 8.955184668302536 0.1421047151088715 6.857121556997299 11.02104957401752 4.779203034937382 0 4.481439672410488 8.456331513822079 3.273546732962132 0 0 0 0 1.813325166702271 0 0 0 0 0 0 0 0 0 0 0 0.212756022810936 0.2442784458398819 0.6198431551456451 0 0 0 0 1.451802104711533 0 0.2752079665660858 0 0 0 0.2080664783716202 0 0 0 0 0 0 0 0 0 0 0 0 0.6687436029314995 0 0 0 0 0.1284967362880707 0 0 0 1.418425112962723 2.546088755130768 1.461013078689575 0 0 0 0 0 0 0 0 0.1075465753674507 0 0 0 0 0 0 1.216340303421021 0 0 0.3639743328094482 0 0.1229584962129593 0 0 0 0 0 0 0 0 0.5607530474662781 0.3086714148521423 0 148.4236541986465 1.019835002720356 178.4091906920075 7.540009111166 1148.433175727725 39.60907100886106 1.295162916183472 1.632830433547497 46.61895197629929 0 0.9124296307563782 1.455231785774231 34.77756051719189 0.2738577425479889 0 5.940398722887039 0.5873430669307709 0 88.53090105205774 2.805212393403053
2792.246298901737 4379.734213225543 2985.431799348444 880.8260911628604 2828.620119065046 214.0771384835243 3680.956741824746 1068.963787101209 491.8140705674887 1149.2542225793 1442.392949290574 50.12125892192125 880.0553020611405 641.336787648499 3.978925868868828 2.38419833779335 0.2544553354382515 0 0 0.09417176246643066 0.09789766371250153 0 0 0 0.3052886128425598 0 0 0 0 0 1352.243474960327 7.900869466364384 53.36283891648054 0.2668737173080444 0 1.056951873004436 0.829386293888092 0.2140641063451767 0 0 0 0.1737261265516281 0.235474057495594 0.6083740890026093 0.1927170604467392 0.3249641209840775 83.67439708858728 4.555381461977959 0.1544705778360367 1.082004971802235 9.69072101265192 1.413843378424644 0 0 7.436442814767361 9.01762793213129 223.1950091905892 422.3731928393245 106.0205293744802 27.27845600992441 5.663571313023567 3.458279177546501 1.920663543045521 158.8843547776341 7.90627434104681 11.79713494330645 2.042877487838268 6.749275039881468 16.50973378494382 1.715122379362583 2.040248438715935 2.488545358181 0.2199289798736572 222.3044184073806 54.99645409733057 169.6009544953704 39.24229226261377 3.143768683075905 4.057912364602089 229.0301674008369 2.05794495344162 19.45808640122414 14.31873834133148 0.09532096982002258 9.061488762497902 1.313763104379177 3.679704941809177 0 2.793024025857449 0.08662587404251099 1.074737913906574 0.0909886509180069 6.81949407607317 0.8978913798928261 0.2249759435653687 3.879247680306435 0 0 0.1392742246389389 1154.268658302724 0.2926799654960632 1.410318002104759 2.187219440937042 7.412242442369461 0.2260894775390625 15.2660003900528 0.2934355586767197 8.661942891776562 15.35182194411755 6.060540713369846 0 7.106785476207733 23.49962288141251 6.789583817124367 1.549996614456177 0.4896204471588135 0 0 0.8747906088829041 0 0 0 0 0 0 0 0 1.990175470709801 0.3326611071825027 0 0 0.2259975969791412 0 0 0.3647141754627228 0.384134829044342 0 1.527003645896912 0 1.37244139611721 0 2.919601932168007 0.9940520897507668 0.3136979192495346 0 0 0 0 0.5894632339477539 0 0 0 0.2576743364334106 0 0 0 1.649837858974934 0 0 0 0 0.7547912001609802 0.2282336950302124 0 0 0.5113105475902557 8.568183124065399 1.017311215400696 0 0 0 0 0 0.1046976968646049 0 0 2.656254157423973 0 0 0 0 0.9642165899276733 0.2233445346355438 1.506061241030693 0.1075774282217026 0.217611089348793 0.4689910113811493 0 0.2684980630874634 0 0 0.08168324083089828 0 0 0 0 0.151811420917511 1.9919788017869 0.8981273770332336 1.234329849481583 130.4140545502305 5.64073434472084 674.4500497356057 81.79152169078588 724.0428743883967 93.85785954445601 2.839957624673843 15.87921671569347 35.56040570884943 0 4.381263568997383 2.058142095804214 28.89291968941689 0.2907688915729523 0 0.7071371227502823 9.808950163424015 0 51.00003390014172 3.68635780364275
319.906721137464 2985.431799348444 3569.421265404671 0.9848310090601444 2141.309560514987 0.9437836855649948 43.61433207243681 5072.550370529294 695.0034273713827 6.758045688271523 3888.924642778933 69.49022132158279 483.9079616814852 1359.763980403543 4.19341105222702 7.461815886199474 1.120590142905712 1.348922856152058 0.2408784702420235 3.473713375627995 2.334350734949112 0 0.154850110411644 0 0.232486367225647 0 0 0.1279348880052567 0 0 3242.543939217925 434.8183278739452 120.2385140061378 4.672369889914989 0.372821070253849 2.176079608500004 1.907305814325809 0.1326195299625397 0.1621344387531281 0.1303227096796036 0.4899923726916313 0.3477351292967796 4.208666987717152 5.352999590337276 1.193783268332481 14.42363101243973 82.89378987252712 8.039494935423136 1.996898740530014 22.86300821229815 82.11515846848488 2.474956169724464 0 0 3.860295809805393 5.474609896540642 174.2953992150724 705.2434048950672 72.69349934533238 18.61962982267141 56.18207266926765 21.97732922434807 44.61660077422857 262.1207740604877 7.995271176099777 36.37177657335997 12.59343142434955 133.6959473118186 271.0317149907351 32.24900054931641 2.768204532563686 0.1328819245100021 0.2675165981054306 138.7656438574195 51.07732308655977 120.1184947937727 50.45298480242491 1.698058553040028 77.3293449357152 1150.941030465066 74.45794638991356 163.4171446189284 8.258965879678726 0 23.96599824354053 2.941363759338856 43.21405928209424 0.1083742901682854 13.69760943204165 0 8.629135198891163 0.5905420705676079 61.60186433792114 5.7370475679636 0.7432072088122368 2.630418360233307 0.5411882773041725 0 0.2031114995479584 444.241689234972 0 0.3316486477851868 0.4345370084047318 0 0 2.705804400146008 0 1.920437261462212 1.202362515032291 0.3164650797843933 0 1.18014732003212 2.999092943966389 0.6838006973266602 0.4302792251110077 0.1226900815963745 0.4649728685617447 0 0 0 0 0 0 0 0 0.1075647696852684 0 0 0 0 0 0 0 0 0.1777956485748291 0 0 0.2561913132667542 0 0 0 0.1375419199466705 0.137839213013649 0.2244241163134575 0 0 0 0 0.4515599608421326 0 0 0 0 0 0.1941860467195511 0.1063297018408775 0.2930259928107262 0.5680198818445206 0 0 0 0 0 0 0 0 1.472210317850113 0.2836597859859467 0 0 0.2885589599609375 0.07584277540445328 0 1.145479291677475 0 0 0.5992285907268524 0 0 0.07447356730699539 0.0913563147187233 0.268869161605835 0 1.316609561443329 0 0.789587140083313 0.2915600538253784 0 0 0 0 0 0 0.8931876197457314 0.469351202249527 0.5358341261744499 0.1096304357051849 1.317854233086109 0 0.1104069277644157 93.57530876994133 9.691256366670132 403.3573320880532 87.91738253831863 81.63145977258682 48.35408642888069 0.8429791927337646 19.11529951542616 2.684922181069851 0.1313817352056503 1.114552855491638 0.111764058470726 0.8400625288486481 0 0 0 13.02077199518681 0.8441419005393982 18.64792764931917 0.3561893999576569
2019.052149184048 880.8260911628604 0.9848310090601444 1109.007611840963 11.29835722595453 851.816274613142 549.4879729822278 0.2246322855353355 9.592906348407269 3210.534218758345 0.7801269441843033 91.09948840737343 952.6230861693621 21.55946964025497 0 0.09088877588510513 0 0 0 0 0 0 0 0 0 0 0 0 0 0 56.07881520688534 0 3.603244185447693 0 0 0 0 0 0.2663730978965759 0 0 0 0 0 0 0 4.021514616906643 0.8975019976496696 0.2512355744838715 0 0 0 0 0 1.257008343935013 0.8630058541893959 58.77241161465645 54.09362051635981 23.84968265146017 2.503477446734905 0 0.1177177131175995 0 12.69237328320742 1.043191246688366 2.142658390104771 0.1235848739743233 0.1816120818257332 0.1148383319377899 0 2.573622368276119 1.365795731544495 0 35.52910809218884 4.430599696934223 7.850994028151035 1.301090985536575 0.1598340421915054 0.08552542328834534 0 0 0.250920444726944 1.562041647732258 0 0.7726787030696869 0.540515162050724 0.09395912289619446 0 0 0 0 0 0 0 0 3.173713192343712 2.198717713356018 0 1.341863751411438 681.1097638458014 0 1.450309261679649 1.389727115631104 2.942532733082771 0.1994380801916122 8.511277616024017 0.1662194579839706 8.541262164711952 5.318797037005424 3.813902616500854 0.8741143047809601 4.115847200155258 15.10547202825546 3.966202586889267 0 0.8986385464668274 0.2578432857990265 0 0 0 0 0 0 0 0 0 0 0 0 0 0 0 0 0 0.8467050641775131 0 0 0.1706665903329849 0 0.2503597438335419 0 1.305854976177216 0 2.185653522610664 0 0 0 0 0 0 0 0 0 0 0 0 0.3892141580581665 0 0 0 0 0 0.5639334321022034 0.1756631731987 0 0 3.822192326188087 1.271754562854767 0 0 0 0 0 0 0 0 0.9784740060567856 0 0 0 0 0 0.1862828433513641 3.056489363312721 0 0.2667607963085175 0 0.587119460105896 0.7526078671216965 0 0 0 0 0 0 0 0 3.714688017964363 1.501307219266891 1.965441823005676 80.38250536471605 0.9174996167421341 69.05590455234051 2.86536119133234 760.0364465862513 11.85654474794865 0.7935083284974098 0.4441129788756371 41.94833304733038 0 0.8473672270774841 0.7430635392665863 32.30353884398937 0 0 0.1783405095338821 0.1129549294710159 0.1774490177631378 28.53250955790281 2.526341393589973
81.82778475433588 2828.620119065046 2141.309560514987 11.29835722595453 1610.387965925038 2.587111353874207 1474.79382494092 203.9730058312416 2222.054481677711 432.8470628932118 1401.219573840499 14.30623352527618 826.3444619253278 1227.996683500707 2.794594772160053 0.1057117208838463 0 0.07794647663831711 0 0 0 0 0 0 0.1463554054498672 0 0 0 0.1408333480358124 0 141.4397205933928 5.098057970404625 13.55408078432083 0.09479799121618271 0 0.5933617204427719 2.332102417945862 0.2089113742113113 0 0.09589607268571854 0 0 0 0.24553282558918 0 0 64.37588473409414 1.712916783988476 0.19507697224617 0.2310458347201347 0.4176687300205231 0.4188388288021088 0 0 2.583306305110455 3.715161226689816 41.89230491220951 73.22596983611584 23.02091509103775 20.68614042550325 0.1940313428640366 2.83224980533123 0 74.97461355477571 2.62295301258564 4.780286341905594 0.8847323134541512 0.9139975681900978 0.3429268598556519 0.1407750397920609 0.9268427491188049 2.949768394231796 0 93.62519653886557 22.63416317105293 109.2168850600719 32.15944328159094 1.184610232710838 0.2388664036989212 7.590426810085773 0.1094643548130989 1.05132669955492 5.724361293017864 0.1185068562626839 3.354614295065403 0.6194309517741203 0.8949894607067108 0 0.211888924241066 0 0 0 0.3450336381793022 0.1363008767366409 0 5.994693599641323 0.4021828472614288 0 1.113195180892944 45.27811951190233 0.2029158473014832 1.765147008001804 2.767325952649117 1.642475850880146 0 21.95616842806339 0.3013099282979965 24.51399690657854 27.46528098732233 13.07531280815601 1.668834388256073 19.40816097706556 59.85056874155998 18.7787651643157 3.335660226643085 0.5822644084692001 1.267247296869755 0 0 0 0 0 0 0 0 0.1601632982492447 0 2.741561979055405 0 1.220053821802139 1.123984932899475 0.6621886640787125 0 0 0.9691910743713379 0.1656838655471802 0 3.08576688170433 1.312180876731873 1.375925585627556 0.6072050034999847 3.37432736903429 3.048165589570999 0.3752713352441788 0 0 0 0.2181324809789658 0.8337488025426865 0 0 0 1.023648157715797 0 0 0 2.311475113034248 0 0 0 0 0 2.085146531462669 0 0 2.715006157755852 21.31352409720421 3.98800103366375 0.5408004522323608 0 0 0 0 0 0 0 7.749219045042992 0 0 0 0 4.44764755666256 1.443388193845749 11.10915733873844 0.2521376013755798 0.3665327429771423 1.207342460751534 0.09061017632484436 0.09998294711112976 0 0 0 0 0 0.362004429101944 0.4357194602489471 0 8.224057368934155 1.083627954125404 2.105084016919136 116.1816797405481 5.872496373951435 415.0875257775187 79.98074597120285 135.1613490730524 56.29577778279781 0.8932495713233948 20.45159508287907 29.60204132646322 0 7.450812369585037 1.851208783686161 28.26776196807623 0.3382746577262878 0 0.5132313966751099 19.56265365332365 0.1429975628852844 35.68395687639713 11.25385504961014
198.5511922687292 214.0771384835243 0.9437836855649948 851.816274613142 2.587111353874207 13.54735395312309 49.28945522755384 0.09655501693487167 5.619032725691795 724.373731456697 0.7550640255212784 117.5090690106153 123.4659989252687 10.22935697436333 1.513112351298332 2.002514533698559 0 0 0 0 0 4.886707752943039 0 0 1.021881729364395 0 0 0 0 0 16.82260955870152 0.1285465955734253 9.047805085778236 0 0 0.4373956024646759 12.68264721333981 0.6961461156606674 6.745929010212421 0.2669776380062103 0 0 0 0 0 0 3.055344395339489 0 0 0 0 4.368176683783531 0.5926811546087265 0 0 0.4466483592987061 111.1173171252012 19.20584858208895 5.708829060196877 0.2228041142225266 0.2900047600269318 1.251783028244972 0 1.448705673217773 0.4519010856747627 0.4512904137372971 0.1305266171693802 0.5566365122795105 0.1195984855294228 0 120.042982660234 120.8700314164162 13.89899989962578 6.674545153975487 0.3883931934833527 2.3949915766716 0.9002963230013847 0 0 4.138080760836601 0 0.6320978999137878 0.2205324918031693 0.2402384728193283 0.4229925498366356 0.3132041618227959 0.1036139577627182 1.483426034450531 1.631976187229156 11.89250699430704 0.5648897290229797 3.498699024319649 0 0 0 185.8200150132179 258.2425174713135 40.73640488088131 25.95668937265873 616.6466191112995 0.3213496506214142 2.733586743474007 2.284053206443787 1.791701078414917 0 3.988898158073425 0.1936804950237274 6.281747862696648 16.10110394656658 3.952183656394482 0 2.985975012183189 18.31319782882929 5.087307266891003 0.4411376714706421 0 0.9765249490737915 0 0 0 0 0.2480996251106262 0 0 0 0 0.1858425587415695 0.1196579784154892 0.8773883581161499 0.3573131114244461 0.2560746297240257 0 0 0 0.9363194406032562 0 0 1.135144993662834 0.8160858154296875 0 0.1363681107759476 0.8021651953458786 0.4148810654878616 0.1459995061159134 0 0 0 0 0 0 0 0 0 0 0 0 0.5284312665462494 0.3566248714923859 0 0 0 0 0 0.15231753885746 0 1.242537498474121 3.302377492189407 0.8593253269791603 0 0 0 0 0 0.2975232601165771 0 0 1.674143448472023 0.8081832826137543 0.2574451267719269 0 0 1.13287915289402 2.377819061279297 0 0 0 0 0 0.2299001514911652 0 0 0 0 0 0 0 0 2.813764199614525 0.286074310541153 0.1239530518651009 97.89510004967451 1.119088374078274 29.51333422958851 4.474474705755711 200.1926351338625 2.283476464450359 2.405374050140381 1.029529355466366 54.44668050855398 0 1.109931863844395 0.9925551414489746 40.01071408390999 0 0 0.4608001559972763 1.402984455227852 0 30.10799907892942 2.535904631018639
638.770135268569 3680.956741824746 43.61433207243681 549.4879729822278 1474.79382494092 49.28945522755384 1696.51907671988 9.689631305634975 1082.330036051571 2666.894550390542 628.5852497220039 76.68759775161743 6768.280486792326 2583.980907544494 2.025216370820999 1.802744507789612 0 0 0 0 0 0 0 0.2560492753982544 0 0 0 0.1339304447174072 0.3897600173950195 0 77.46613593399525 1.426692605018616 10.48283590376377 0.05509210377931595 0 0 4.352921187877655 0 0.236802265048027 0 0 0 0 0.1948961839079857 0 0 61.29412872344255 1.905425280332565 0 0 0.297786682844162 0 0 0.1128507554531097 3.453726746141911 2.670677982270718 56.73565715178847 68.91847029328346 28.59181796759367 14.56261134892702 0.4258915111422539 0.9533776789903641 0.2184164226055145 54.13263642042875 3.075768172740936 4.017429396510124 0.2022669166326523 0.8700403720140457 0.8722053915262222 0.1842950358986855 3.986389473080635 4.891966864466667 0.1455651372671127 87.66211454570293 24.91084290295839 81.51210196316242 20.32547304779291 0.9610446095466614 0.6726968437433243 4.344868093729019 0.2025689631700516 2.313689798116684 4.040832534432411 0.420137956738472 2.141208671033382 0.7398513630032539 0.7888898476958275 0 0.1244239658117294 0 0 0.2158454358577728 0.3088302463293076 0 0 25.5772116035223 3.399366706609726 0 0.1788026094436646 108.0749639868736 1.085241988301277 8.488173857331276 150.8015597090125 22.1142073944211 1.983462303876877 86.17384272068739 5.715319253504276 73.0058213993907 160.6238166093826 73.13725754618645 6.968495547771454 52.73133280128241 195.4009801149368 57.96269762516022 11.6855471804738 1.691293969750404 1.599531531333923 0 0.1789280325174332 0 0 0 0.2356335669755936 0 0 0.692004382610321 0.7416303157806396 4.394783779978752 0.7598283067345619 1.02012474834919 2.278833016753197 1.202494889497757 0.7473481744527817 0.3126289248466492 3.496827200055122 0.9116860777139664 0 7.507565818727016 2.313280373811722 3.167123064398766 6.491944596171379 7.938595049083233 2.112285099923611 6.565045818686485 0 0.1345436871051788 0 0.9990639835596085 0.9756575226783752 0.8397663831710815 0 0 1.022531196475029 0 0 0 3.185243189334869 0.5580275058746338 0 0 0 1.631477229297161 3.319838017225266 0.2515974119305611 0.4246013462543488 6.306996613740921 45.38405074924231 4.183110825717449 0 0 0 0 0 0.1216210871934891 0 0 16.19619431346655 0.4179439842700958 0 0 0 7.33622058480978 2.719891980290413 19.85318174958229 1.14355756342411 3.94104128330946 2.467394433915615 1.509957671165466 1.636798955500126 0 0 0 0 0 0 0 0.2001442909240723 26.37882295250893 5.297026455402374 8.432151734828949 191.6965683475137 2.734414026141167 382.4358766376972 78.97513896226883 317.3747096508741 56.31570730358362 1.250828616321087 28.17186632752419 138.3789119422436 0.111321248114109 22.85458099842072 5.293764099478722 140.1926160305738 6.141924627125263 0 2.985925763845444 17.46748180687428 0.2638483420014381 146.7470055446029 47.43907735496759
62.61448077857494 1068.963787101209 5072.550370529294 0.2246322855353355 203.9730058312416 0.09655501693487167 9.689631305634975 1918.193203806877 245.5783197954297 1.14541357755661 3833.218155622482 31.17533260583878 229.2384640350938 1137.845609776676 5.962938852608204 11.75452045351267 0.5229081735014915 1.287485182285309 0.2209170311689377 16.21885249763727 9.426318310201168 0 0 0 0 0 0 0 0.09800641983747482 0.146885871887207 1178.190770544112 963.9525322206318 42.55885727703571 8.443432107567787 4.701113410294056 15.75414536893368 0.9217922911047935 0.6766151934862137 0 0.2334095984697342 1.991088755428791 1.096416994929314 12.49888610094786 15.15694451332092 1.818065889179707 38.87476786226034 107.4493668377399 4.563508477061987 2.825658284127712 37.73587376624346 105.607970431447 0.6908316910266876 0 0 1.031651303172112 1.90952005982399 29.49772017449141 82.2032633125782 15.85644879937172 17.92125352472067 426.8640530332923 173.714112572372 203.0021839290857 214.2872995063663 3.994869004935026 25.72257103025913 10.9237262159586 147.8761580176651 388.0052348636091 93.98291708528996 0.3534634411334991 0 0.6307972520589828 78.37388484179974 56.87304528057575 147.0834761112928 115.6282984875143 43.0096869058907 815.540078677237 1362.060537226498 398.5330122858286 1252.458287239075 4.009865462779999 0.1154191121459007 12.49041022360325 3.634218871593475 35.47303636372089 0.2423520982265472 14.63808496296406 0.2189199551939964 7.276555776596069 0.9447538256645203 106.9063569307327 14.84140629321337 2.449632622301579 1.732535675168037 0 0 0.1521933972835541 33.6033782735467 0 0 0 0 0 0 0 0 0 0 0 0.1266239732503891 1.338416084647179 0 0.3015292882919312 0.1503674685955048 0 0 0 0 0 0 0 0 0 0 0 0 0.4939677566289902 0.4633218422532082 0 0.323939323425293 0.114130437374115 0.1084810718894005 0 0 0 0 0 0 0.2651889324188232 0.3419889211654663 0 0.1312158405780792 0 0 0 0 0 0 0 0 0 0 0 0 0.3577409312129021 0.5456190705299377 0 0 0 0 0.2008016854524612 0 0.1341948658227921 0 0 0 0 0.07423947751522064 0.09320465475320816 0 0 0.8704942986369133 0 0 0 0.1301152408123016 0 0.2630671560764313 0.4576309472322464 0.4399842917919159 0.4232683777809143 0.1150861829519272 0 0 0 0.1213126108050346 0 0.1692171692848206 0 0.07890781760215759 0 0.900432862341404 1.485041335225105 0.2195111960172653 0 0.2568744122982025 0.2467970103025436 0.1211069971323013 93.31736369431019 16.99503388255835 344.7063401974738 118.1663502305746 47.06281404197216 32.24896182864904 0.9175771176815033 20.80491802841425 1.285574294626713 0 0.3645639792084694 1.841891884803772 0 0 0 0 15.13325671106577 0 5.724130727350712 0.2855903208255768
3.139132976531982 491.8140705674887 695.0034273713827 9.592906348407269 2222.054481677711 5.619032725691795 1082.330036051571 245.5783197954297 1104.661037057638 212.5552056059241 1831.031604647636 13.56964482367039 1229.510637417436 2583.310308292508 1.999793976545334 2.422865033149719 0 0 0 0 0 0 0 0 0.1141716316342354 0 0 0 0 0 18.75847506523132 1.976969018578529 5.856562837958336 0 0 0 2.847436755895615 0 0 0.2188314199447632 0 0 0 0.1107014492154121 0 0 47.91655983775854 0.09324019402265549 0 0.3177145645022392 0.7646152600646019 0 0 0 0.5084560215473175 0.3384224995970726 6.585259966552258 12.74224227666855 4.452810876071453 9.612601578235626 0 1.943976819515228 0.3020078837871552 31.2412041798234 0.7678796425461769 1.231465324759483 0 0.3890758007764816 1.171932011842728 0.2938142120838165 3.163676485419273 4.726821720600128 0 31.23845046758652 10.03156363219023 58.82242511212826 19.66828027367592 1.435074828565121 0.5340949222445488 35.1906498298049 0.2981077656149864 2.176929607987404 1.472511559724808 0 1.007682889699936 0.1089493408799171 0.5047046914696693 0 0.09781914204359055 0 0 0 0.3016421645879745 0.1195178478956223 0 2.99906513094902 4.28112218528986 0 0.663733959197998 4.668030790984631 1.480397790670395 3.722280107438564 4.990698054432869 4.1749562099576 0 43.15795908123255 2.469113431870937 37.43533895164728 59.98336423188448 30.36596809327602 2.485257208347321 27.62900029867887 98.89947746694088 34.03876712173223 5.897933885455132 0.4368493780493736 0.8202205896377563 0 0 0 0 0.6328454613685608 0 0 0 0 0 0.8218118995428085 0.6785297989845276 1.440870150923729 0.5449305176734924 0.4336118698120117 0 0 2.15794525295496 0 0.7896531820297241 5.989369481801987 0 2.980150640010834 2.967095419764519 4.467576950788498 1.720341086387634 2.976057022809982 0 0.5685494542121887 0 0.2382704541087151 1.386120617389679 0 0 0 1.512617006897926 0 0.5153355598449707 0 1.226779088377953 0 0 0 0 0.3239250779151917 1.375051654875278 0 0 3.48940809071064 31.48415762931108 2.651883170008659 0 0 0 0 0.2106568813323975 0 0 0 12.41212332248688 0 0 0 0.1141999140381813 5.149468660354614 0.6236061155796051 14.66608636826277 0.5120835304260254 0.2377804815769196 0.7914461642503738 1.127484440803528 0.9759661927819252 0 0 0 0 0 0.3934615552425385 0.3193011209368706 0 15.7554023116827 3.900479272007942 4.616925843060017 149.3378560692072 3.163115710020065 202.2063163146377 69.52877465635538 57.60164892673492 25.25010998547077 0.4594776928424835 24.62309166789055 54.88536281883717 0 9.709324717521667 4.796214431524277 54.81036406010389 2.845216363668442 0 0.5887561440467834 16.5214990824461 0 45.59953869134188 21.44109684228897
1472.296372242272 1149.2542225793 6.758045688271523 3210.534218758345 432.8470628932118 724.373731456697 2666.894550390542 1.14541357755661 212.5552056059241 2901.584849573672 2.943592712283134 3059.713229596615 5769.87283615768 151.6808198839426 0.09361439943313599 0.09761920571327209 0 0 0 0 0 0 0 0 1.778759479522705 0 0 0 0 0 40.94916591793299 0.5789247155189514 7.444029241800308 0 0.2706824243068695 0.3240930140018463 4.366754375398159 0 0 0 0 0 0 0 0 0 17.49081145972013 0.668518602848053 0.1954380497336388 0 0.2245111614465714 0 0 0 0.7442915216088295 2.844017848372459 72.06679488345981 44.25896129757166 19.67735917493701 6.160473488271236 0 1.76880669593811 0 23.26219823211432 2.05012371391058 1.916120737791061 0.2581622079014778 0.3907955139875412 0 0 8.881120726466179 4.34527899324894 0.3567519932985306 43.99269990622997 8.999506264925003 30.73845729976892 4.24069432914257 0 0.1191420182585716 0.4880198240280151 0 0.1908105909824371 2.093178503215313 0.2008246779441833 1.401104286313057 0.5523850843310356 0.4219871535897255 0 0.1001290157437325 0.5689766407012939 0 0 0.25553909689188 0 0 94.12429811805487 23.66438575834036 1.673144578933716 0.6161117702722549 656.3032029867172 0.3124268874526024 18.48113108426332 17.65893992781639 26.71951407939196 4.588866382837296 80.72011000663042 9.052735358476639 66.05169931799173 194.9404518455267 99.0105904713273 2.65958034992218 60.13286928087473 246.3001975417137 59.19674322009087 9.892941057682037 1.848148390650749 0.7915793657302856 0 0 0 0 0.1839303821325302 0 0 0 0.824982762336731 1.079618811607361 1.731237828731537 0.5456287860870361 0.6949402391910553 2.758948445320129 1.012167379260063 1.451755873858929 1.193540334701538 5.020696505904198 1.184460937976837 0 3.328667536377907 0.973646268248558 2.223814651370049 2.973897665739059 3.649935215711594 2.149907276034355 5.297946244478226 0.2542410790920258 0.2708503007888794 0 0.1278805732727051 0.2946799099445343 0 0 0 0.9814049005508423 0 0 0 2.54001060128212 0 0 0 0 1.344563752412796 1.584287598729134 0.2978083789348602 0 4.241783291101456 42.25164492428303 3.63450101017952 0 0 0 0 0 0 0 0 12.66033088415861 0 0 0 0 6.177697524428368 1.157309174537659 19.42900256812572 0 1.452559068799019 1.076280832290649 0 3.914817467331886 0 0 0 0 0 0.5817563980817795 0 0 26.19348122924566 1.991051636636257 5.653794422745705 314.3718349263072 1.30961162596941 159.3244219869375 18.53817842155695 1227.503179766238 24.94278497993946 8.786334306001663 9.232268065214157 390.867446154356 0 19.00673395395279 5.168655723333359 322.4235021844506 3.337186470627785 2.687554359436035 4.806612737476826 6.754161417484283 0.3073242902755737 366.3079377934337 42.45715235173702
71.68870855122805 1442.392949290574 3888.924642778933 0.7801269441843033 1401.219573840499 0.7550640255212784 628.5852497220039 3833.218155622482 1831.031604647636 2.943592712283134 1056.907695814967 260.7451124340296 1650.287529997528 3401.218921773136 8.136431351304054 13.00758768618107 0.2655180022120476 0 0 0.4061631262302399 0.2639538496732712 0.5403327792882919 0.1230596229434013 0.1097652614116669 1.361256420612335 0 0 0 0.5221202373504639 0 216.5344895496964 119.9218607246876 230.376744247973 0.9104704037308693 0 2.58995421230793 79.08746458590031 14.2021618783474 5.433923788368702 1.57938127219677 0.6135345250368118 0.9959578514099121 0.4549685046076775 0.3903663232922554 0 0.3795929625630379 69.507668197155 1.208192192018032 0.5398620814085007 2.286164738237858 51.14197676628828 5.060439437627792 0.6343550086021423 0 0.6096055805683136 2.259637698531151 20.6641629524529 42.52459970116615 10.30674836784601 11.55706772208214 14.20436829328537 26.44370913505554 4.057461395859718 72.577582038939 1.399775952100754 2.814943503588438 1.217287100851536 15.92155279219151 53.92624847590923 8.478941351175308 28.07503864914179 2.794432148337364 0.4825639426708221 44.84684424102306 25.47291076928377 90.20181042701006 52.60191406309605 3.766020484268665 29.70884773880243 633.0599326044321 3.116724722087383 251.8078246042132 2.627664409577847 0 1.818142205476761 0.8792143240571022 5.803123161196709 0 5.60746768116951 0.6150960326194763 5.431760661303997 5.066908188164234 33.86766824126244 10.16065939515829 2.243894159793854 17.05427181720734 3.500862151384354 0 1.411840036511421 28.45111717283726 0.08962932229042053 0.3001761436462402 0.8710076659917831 0.4584276527166367 0.1179908290505409 8.73192210495472 0.3357846438884735 2.359074652194977 10.43689499050379 7.682840570807457 0.3324535340070724 2.841686002910137 18.09486220031977 9.890147969126701 2.493101567029953 0.2326462864875793 0.6274921298027039 0 0 0 0 0 0 0 0 0 0 0 0 1.823183082044125 0 0.3862247988581657 0 0 0.3376925438642502 0 0 0.3350188881158829 0 0 0.6426977515220642 2.020979374647141 0.3198057487607002 0.4074075743556023 0 0 0 0.1192011684179306 0.1167149320244789 0 0 0 0.1346320658922195 0 0 0 0.892139621078968 0.147498145699501 0 0 0 0 0.1258613169193268 0 0 0.7298367321491241 7.664252780377865 0.4759052246809006 0 0 0 0 0 0.2560747861862183 0 0 3.045384354889393 1.434620499610901 0.5528134703636169 0.1631913632154465 0.5635377317667007 1.576657935976982 0.338481992483139 5.879581406712532 0.559767484664917 0 0 0.1738903820514679 0.2325844392180443 0 0 0 0 0 0.532406285405159 0 0 2.835436008870602 0.7138760685920715 2.136437483131886 152.674736879766 7.253499194979668 239.944627083838 94.50221943110228 38.9742741137743 29.50006547570229 0.1670009195804596 23.57051745057106 5.524861134588718 0.1225704327225685 2.077896811068058 0 3.719959706068039 0.6716730520129204 0 0.6617619395256042 21.45096524804831 1.496490925550461 15.23362713307142 6.681595236063004
24.62504755705595 50.12125892192125 69.49022132158279 91.09948840737343 14.30623352527618 117.5090690106153 76.68759775161743 31.17533260583878 13.56964482367039 3059.713229596615 260.7451124340296 314.9242586493492 1198.755120798945 196.8672402650118 5.056679636240005 10.52368270605803 0 0 0 0 0 0 0 0.1902478635311127 0.6041361913084984 0 0 0 0.8522255197167397 0.4092606455087662 2.984162338078022 1.373449929058552 88.38231399655342 0 0.1158506572246552 1.160063102841377 43.16555076092482 2.558441072702408 1.872939743101597 0 0.1053970754146576 0.21169313788414 0 0.9875534474849701 0 0 16.88932358473539 0.1191248297691345 0 0.4067922383546829 5.309530146420002 0.5452442765235901 0 0 0 0 7.030615523457527 3.07679346203804 0.9307000488042831 1.399220369756222 0.6410774886608124 10.64446024596691 0 6.888150982558727 0.08610913157463074 0.3017683103680611 0.4286132827401161 1.844874046742916 7.089058868587017 0.2470097914338112 55.7323594763875 16.22897964715958 0.6993310451507568 6.183381728827953 2.246990106999874 19.14299965649843 14.42310024797916 2.909399695694447 0 138.8912617266178 0 9.755057454109192 0.1188536733388901 0.08748981356620789 0.2876789122819901 0.279740497469902 0.7276874631643295 0.09504155814647675 0.3224554285407066 0 0.394963875412941 0.7164708077907562 4.173279710114002 1.881872564554214 0 559.6252890005708 41.58763059228659 0.1601210534572601 5.508272640407085 73.74889540672302 1.033523343503475 15.76738081872463 22.62218315154314 21.11995542049408 3.965998739004135 108.039300955832 17.46015641093254 102.1860981062055 176.8712036907673 130.5936256349087 8.595354676246643 76.12325592339039 324.5776358172297 115.7243492603302 18.950922049582 1.245748460292816 0.9164077639579773 0 0.502486526966095 0 0 0.3415864259004593 4.78038501739502 0 0 0.7207944989204407 0 3.375849395990372 0.2245502024888992 1.258513018488884 0 0.8850086703896523 0.2137889713048935 0.5116847455501556 3.795309193432331 2.210448376834393 0.7388545274734497 4.63368022441864 0.143676370382309 20.90401994436979 6.917938470840454 9.319658853113651 4.681570269167423 2.324664652347565 0 0.2541356533765793 0 0.9502467811107635 1.942556254565716 1.398472711443901 0 0.1274413764476776 1.788949482142925 0 0.108652651309967 1.552483156323433 16.500931866467 0.7431143075227737 0 0 0 4.084942400455475 3.797943539917469 0.9821146726608276 0 4.512036837637424 47.2821094840765 6.61605928838253 0 0.5205000564455986 0.1111988350749016 0 0 0 0.3194819539785385 0 41.29331950098276 3.918343245983124 0.2715442478656769 0.4065605401992798 0.4029878824949265 10.12293472886086 1.162003114819527 23.79640742391348 1.336387239396572 1.106629274785519 1.676229432225227 2.370062276721001 2.525308638811111 0 0.2926939129829407 0.2526965141296387 0.1437679678201675 0.1188329234719276 0.1168804317712784 0.1191999986767769 0 117.1806753501296 46.38569621741772 72.04598743468523 166.6681874245405 2.401008576154709 48.96339852362871 28.85443675518036 432.7332126125693 8.233735792338848 1.830180436372757 13.56168664991856 215.0938992500305 0 23.25187610834837 5.971310451626778 232.1302683800459 5.412397541105747 1.167502284049988 4.078458614647388 7.53691565990448 1.527620941400528 644.9381838738918 135.8741668760777
230.3382571563125 880.0553020611405 483.9079616814852 952.6230861693621 826.3444619253278 123.4659989252687 6768.280486792326 229.2384640350938 1229.510637417436 5769.87283615768 1650.287529997528 1198.755120798945 1719.208898283541 4332.08999697119 17.75436731427908 39.32664888352156 0.4925998076796532 0.2110791057348251 0.1956369131803513 0.1615307480096817 0 2.559325367212296 0 0.2641457617282867 3.2814951390028 0.1083720847964287 0 0 8.575153216719627 0 36.35677580535412 3.523665525019169 988.4866582304239 0.1105956956744194 0 13.16570115089417 214.770011715591 61.22498747706413 27.84673166275024 18.21115212142467 0.6858133748173714 2.505133584141731 0.5349249765276909 1.264051429927349 0 0.2369650080800056 114.7940460368991 1.715488962829113 0.212035283446312 1.210853360593319 40.87560201436281 4.139338821172714 4.487248823046684 0 0.9072989374399185 1.819000981748104 25.87768884375691 32.65679411590099 13.79701691120863 11.79737699776888 1.540159404277802 141.7213495671749 2.237402848899364 52.40008963644505 1.615907765924931 4.176225811243057 1.510108798742294 11.61332801729441 34.52417583018541 6.023196056485176 177.0245720818639 41.26328483223915 0.9322471469640732 58.08746916428208 21.93778280168772 136.1157177686691 68.27491934597492 9.846115857362747 2.18797267973423 671.6835613697767 1.133009366691113 95.48356983065605 2.031442694365978 0.1850177124142647 2.073744155466557 0.9813547506928444 2.916042871773243 0.2007871717214584 3.894369959831238 1.007754951715469 7.069031193852425 4.241236120462418 21.50454466789961 4.837183587253094 4.7729781717062 1146.323696136475 76.80427873134613 0.4157966822385788 18.46718141436577 115.8058701381087 3.444477170705795 32.87456740438938 45.31895314157009 48.65957046300173 6.28842344135046 217.9971088320017 24.03588722646236 206.5757090747356 393.6346663832664 234.6252246275544 11.61669491231441 183.6241657212377 642.4304494261742 201.0463998615742 29.92689045518637 3.730748914182186 3.628065161406994 0.2930906713008881 0 0 0 0 0.2712256908416748 0.1053732559084892 0 0.785623587667942 0.8671252727508545 6.105230383574963 1.48823918402195 2.186396099627018 2.479047015309334 2.344164550304413 1.465122520923615 0.2972279265522957 8.99170771241188 3.439236685633659 1.100552499294281 12.86837010830641 1.951840326189995 6.874967902898788 9.637866176664829 19.29471109807491 8.044660083949566 8.638588055968285 0.1470711380243301 0.2577411234378815 0 1.064677625894547 2.756975367665291 1.498073019087315 0 0.1076929569244385 3.684370256960392 0 0 0 7.910357154905796 0 0 0 0 3.157823711633682 4.855917640030384 1.735475413501263 1.233827412128448 13.0491336658597 116.0274285823107 10.75586073100567 0.2490665018558502 0.434150904417038 0.1201558411121368 0.1027567088603973 0 0 0 0.1397217959165573 63.88263270258904 1.617422387003899 0 0.1338245719671249 0.4904746934771538 24.48362108319998 8.444922551512718 47.51482460647821 0.7658890783786774 4.437768138945103 6.661622516810894 4.919227801263332 2.996389530599117 0.1128010377287865 0 0.1268870234489441 0 0 0.9857522770762444 1.015339247882366 0.9115036427974701 114.5521280691028 15.23659647256136 13.66283192485571 647.992119371891 10.9473414644599 387.9753621742129 181.1260835975409 479.475787512958 57.40506234019995 5.220977641642094 67.14644181728363 332.5682796165347 0.4451286047697067 42.68503604084253 12.35466373711824 410.9381066262722 12.98100339621305 0 4.988729745149612 50.76623361557722 1.751115590333939 785.0887033268809 216.7118621766567
21.92164520174265 641.336787648499 1359.763980403543 21.55946964025497 1227.996683500707 10.22935697436333 2583.980907544494 1137.845609776676 2583.310308292508 151.6808198839426 3401.218921773136 196.8672402650118 4332.08999697119 1226.316796921194 9.062754727900028 21.68262480944395 0.3911216631531715 0 0 0.469185471534729 0.2319638133049011 0.5591061115264893 0 0 1.872060880064964 0 0 0 0 0 19.98730484396219 5.822501704096794 427.4302752614021 0.362492673099041 0 2.43718646466732 80.46554185450077 19.36853502690792 6.677212759852409 1.234140142798424 0.7098524421453476 0.3966319710016251 0.2874520421028137 0.2381518483161926 0 0.1675449311733246 91.85093357414007 1.042287193238735 0.102096825838089 1.674506284296513 41.46133445203304 2.055129542946815 0.8182357847690582 0 0.726743757724762 0.5973580926656723 9.61021813005209 15.55164290964603 5.515161752700806 11.20250503718853 4.284270092844963 32.71661162376404 2.048124253749847 40.40434622764587 0.893372543156147 2.077361755073071 0.8303599059581757 12.76906000822783 34.04668415337801 6.139814674854279 60.07811277359724 8.315758772194386 1.112145215272903 33.72765743732452 21.24323961883783 95.55001775175333 55.86393256485462 3.391844786703587 1.141508512198925 467.0360076501966 0.6183104142546654 60.40276568382978 1.417059436440468 0 1.561712585389614 0.3323263898491859 4.208642646670341 0 3.740749351680279 0.6899334192276001 5.579972192645073 3.220672070980072 25.86685309559107 6.661398589611053 1.960609748959541 55.94418566673994 10.59820713102818 0 5.369180276989937 11.92349196225405 0.5956214070320129 3.268702328205109 5.712883777916431 4.949586875736713 1.568972006440163 44.120186381042 3.360215991735458 47.26636869460344 80.48378386348486 36.58426669985056 4.791207492351532 34.57794427126646 133.6215225607157 47.36266773939133 8.435960784554482 0.5463364124298096 0.4170376062393188 0 0 0 0 0 0 0 0 0.89389368891716 0 1.66859982162714 0.3578108847141266 1.306104406714439 0.2589837908744812 0.406304731965065 0.5539525896310806 0.3817561268806458 1.932137742638588 1.312805525958538 0 3.340329825878143 1.57983735203743 2.398171804845333 4.140160717070103 6.923757322132587 0.7107172310352325 2.67474727332592 0.1279450207948685 0 0 0.3172328770160675 0.6361503973603249 0 0 0.1825632899999619 0.5863566920161247 0 0 0 2.302737437188625 0.8919385075569153 0 0 0 0.8743876218795776 0.661697156727314 0 0.2129100412130356 5.419405154883862 35.99490264803171 2.867622420191765 0 0 0 0 0 0.1262808740139008 0 0 12.81458635628223 0.2970786690711975 0.1232983097434044 0 0.4426338821649551 5.559652052819729 2.810834273695946 14.84794476628304 0.289613664150238 2.720513686537743 0.6186009347438812 1.088672861456871 0.817917674779892 0 0 0 0 0.2194982245564461 0.3853469491004944 0 0.9062033146619797 19.02671839296818 6.398604020476341 4.752384193241596 402.5446069613099 7.205244921147823 267.2706967294216 142.4951804578304 82.08292303979397 39.84938187897205 0.9558650404214859 52.18575312197208 49.98797119408846 0.713975802063942 10.87230598181486 2.29973728209734 51.16191592812538 2.228094100952148 0 1.934832558035851 30.92446526885033 0.8331128358840942 76.81106583029032 32.47151548415422
