89.40396767854691 1222.86622466892 16.95317707955837 308.9288674741983 21.67302974313498 287.7612730562687 719.88760124892 0 4.478062964975834 1202.596947789192 0.4180303663015366 251.5473966449499 466.1800071522593 8.704540111124516 0.1165168732404709 0.1795537769794464 0.09952472150325775 0 0 0 0 0 0 0 0 0.09651477634906769 0 0 0 0 56.76780880987644 0.1813700869679451 0 0 0 0 0 0 0 0 0 0 0.08039238303899765 0.07264699786901474 0 0 11.54810218513012 0.3806731700897217 0.1247701048851013 0 0.2462840750813484 0 0 0 1.774920523166656 1.285657770931721 9.290547981858253 600.2602017521858 5.085702709853649 9.434033811092377 0 0.08536378294229507 0 0.3989306017756462 1.503645956516266 0.2388902679085732 0 0 0 0 0.7440775334835052 0 0 28.41105767339468 4.138965733349323 15.00497302412987 0.9801337420940399 0.0700681135058403 0.2221762463450432 0.2691207602620125 0 0.2856508269906044 2.212588414549828 0 0.5263418480753899 0.6181936860084534 0.08609510213136673 0.07869637012481689 0.5068719610571861 0 0 0.144697368144989 0 0.09676084667444229 0.1972742527723312 5.102903164923191 0 0 0 438.1891616284847 0 1.385489940643311 0.1537763327360153 2.563433408737183 0 0.9702399969100952 0 1.125905886292458 2.549703255295753 6.754798896610737 1.56817989051342 6.890040174126625 5.798594109714031 2.667018622159958 3.941574215888977 0 0 0 0 0 0 0 0 0 0 0 0 0 0 0 0 0 0 0 1.130026258528233 0 0 0 0 0 0 1.521502867341042 0 0 0 0 0 0 0 0 0 0 0 0 0 0 0 0 0 0 0 0 0 0 0 0 0 0 0 0 0 0 0 0 0 0 1.957079276442528 0 0 0 0 0.4577221572399139 0 0 0 0.4337300658226013 0.1876393556594849 0 0 0 0 0 0 0 0 0 0 4.594397075474262 0.6592316403985023 2.91632679104805 620.5658641532063 0.5375954955816269 42.13239222764969 1.315340235829353 1004.844628594816 9.910287670791149 0.08897511661052704 6.922552436590195 1.850750595331192 0 0 0.342621773481369 18.57372990995646 0 0.08923698216676712 0.4653292000293732 0.1854205280542374 0 250.8741083517671 1.515961587429047
1222.86622466892 1386.511446133256 594.0613915622234 551.5300433784723 600.0315271094441 81.0700872913003 2524.928009822965 231.4304846897721 384.871503546834 751.4111840724945 248.5405376702547 52.70952955633402 489.1810771003366 1437.094383768737 4.580479301512241 0.6528593972325325 1.163259603083134 0 0.08898685872554779 0 0.6812666654586792 0 0 0.1105138137936592 0 0.1674013286828995 0 0.1654079109430313 0.08271683007478714 0 656.9786753579974 32.64235205948353 47.41413673758507 0 0 0.08356849104166031 1.117927700281143 0 0.7040088474750519 0.2378146946430206 0 0.076241135597229 0.105930432677269 0.7809777185320854 0 0.08302826434373856 84.7724372074008 3.112872049212456 1.395040921866894 0.8615759015083313 1.335044533014297 0 0 0.2183994576334953 7.144498102366924 14.67015504837036 42.61106795072556 2042.319949105382 47.27355353534222 86.00518542528152 0.369140587747097 1.156646311283112 0 25.47482427209616 15.75155048072338 5.863580636680126 0.2606238424777985 0.4311411157250404 0.1390869468450546 0 2.22426925599575 0 0 267.7397204451263 63.91613724827766 151.9609005823731 5.51516105979681 1.217376053333282 1.232916966080666 11.96261709183455 0.0984102189540863 1.925989665091038 26.33700987696648 0 6.013108797371387 10.592774130404 0.9966993555426598 0.8843989744782448 3.738940484821796 0.341307632625103 1.320876941084862 0.3461859971284866 0.1181103363633156 1.039052076637745 0.1779563799500465 15.95036340504885 0.9323980957269669 0 0.9095974564552307 803.4447341561317 0 0.3343035131692886 2.057978868484497 10.55561593174934 1.009617567062378 0.8341611623764038 0.1200725510716438 0 0 3.454192437231541 0.2685816064476967 3.94079864025116 0.4271004423499107 0.6066753268241882 1.937563866376877 0 0 0 0 0 0 0 0 0 0 0 0 0 0 0 0 0 0 0 0.1073418706655502 0 0 0 0 1.667826436460018 0 1.300399765372276 0.1698361039161682 0 0 0 0 0 0 0 0 0 0 0 0 0 0.4533144533634186 0 0 0 0 0 0 0 0 0 0.2057825028896332 0.21348737180233 0 0 0 0 0 0.2705839052796364 0 0 3.165546350181103 0 0 0.1010698601603508 0.08859647810459137 0.256310909986496 0 0 0.1137467250227928 0.2215517312288284 0 0 0 0.08961236476898193 0 0 0 0.6688018664717674 0.1832965984940529 0.1227320954203606 0 4.933934442698956 0.2266111522912979 2.352491393685341 207.6672381013632 11.96580969542265 356.6176527887583 18.56912862509489 924.2271597385406 83.04127153754234 4.988404035568237 37.5563810095191 0.7755298316478729 0.09285347163677216 0.1431416869163513 0 5.02727697044611 0 0.187978208065033 0 26.3739593103528 0.9203944876790047 166.4345667287707 4.942103281617165
16.95317707955837 594.0613915622234 317.0988329052925 1.214009717106819 413.139140330255 0 345.4436528086662 1792.629734873772 621.4444920644164 34.79707499593496 842.8098929747939 56.31466632336378 569.8137649744749 1281.977060295641 4.281318716704845 3.878584742546082 2.550096265971661 1.420465633273125 0.3830552101135254 3.594982646405697 3.244096554815769 1.477320522069931 0.1141540035605431 0.1773354113101959 1.277017787098885 0 0.2890616357326508 0.8160447329282761 0 0.3156732618808746 1516.321065112948 448.3315176293254 110.6939041912556 0.8747551590204239 0.9415560066699982 1.798422940075397 2.715582340955734 1.16829102486372 1.748178154230118 1.137298814952374 2.37574141472578 7.827398709952831 3.411861769855022 7.445281520485878 0.6525221914052963 0.9307657107710838 8.185055918991566 0.409856803715229 0.7500061839818954 6.365233533084393 1.90233325958252 2.657470479607582 0.1082004755735397 1.299606338143349 0.6201877593994141 0.339391365647316 6.29906227439642 404.6334537193179 3.631490051746368 6.128938302397728 2.752392806112766 8.195142887532711 0.252866193652153 15.93223171681166 1.058174513280392 1.15981113910675 0.3571615591645241 2.78351715952158 8.271572634577751 5.649474322795868 4.606530144810677 0 0 24.54074849933386 14.04140312224627 18.7121444568038 5.781655542552471 7.844099350273609 140.346441693604 245.4450084045529 7.898632824420929 70.54806447774172 2.072498708963394 0 1.000446744263172 0.5653184279799461 4.532528467476368 0.09204192459583282 0.4985965713858604 0.2513735294342041 0.60136878490448 1.281834483146667 5.434676647186279 11.65956951677799 1.448626756668091 4.949538417160511 0.9436206072568893 0 2.790957041084766 9.849730879068375 0 0 0 0 0 0 0 0 0.2069368958473206 0.1214883700013161 0 0.1342664957046509 0.1674697250127792 0.7177639007568359 1.282673418521881 0 0.3594218194484711 0 0 0 0 0 0.3330618143081665 0 0 0.3882192969322205 0 0 0 0 0 0 0 0 0 0.2727285325527191 0 0 0 0.1290480941534042 0.4454411566257477 0.6499979346990585 0 0.3055115938186646 0 0 0 0 0 0 0 0 0 0 0 0.2526723742485046 0.3119210079312325 0.1422163546085358 0 0 0 0 0 0 0 0 0.4264166057109833 0 0 0 0 0.09869728237390518 0 0.07908380031585693 0 0 0.5987413749098778 0 0 0 0.1313139647245407 0 0 0.1840141117572784 0 0 0 0.350382000207901 0 0 0 0 0 0 0.1002430021762848 0 0 3.060445040464401 1.683445125818253 3.421880692243576 44.37399783730507 6.029421091079712 34.95058927685022 6.159112602472305 27.31164751201868 5.374090269207954 0.7365536913275719 4.779852323234081 0.9082704782485962 0 0 0 0.4576516449451447 0 0 0 0.6343622878193855 0 9.393159613013268 0.5053239166736603
308.9288674741983 551.5300433784723 1.214009717106819 427.7385287880898 23.24451915919781 221.3734248429537 666.9281644821167 0 0.3663000911474228 1322.483456596732 0 67.91404655575752 310.7848497182131 2.490225479006767 0 0 0 0 0 0 0 0 0 0 0 0 0 0 0 0 4.986001826822758 0 0 0 0 0 0 0 0 0 0 0 0 0 0 0 0.6829409301280975 0 0 0 0 0 0 0 0.09387999027967453 0 0.08323414623737335 6.847111932933331 0.2097744271159172 0.3935547471046448 0.07612896710634232 0 0 0.1165647730231285 0.08875655382871628 0 0 0 0 0 0 0 0 2.260963417589664 0.4309761896729469 0.6600712984800339 0 0 0 0 0 0 0.1610092967748642 0 0 0.08366186171770096 0 0 0.1034859493374825 0 0 0 0 0 0 0 0 0 0 3.423722669482231 0 0 0 0 0 0 0 0 0 0 0 0 0 0.274557888507843 0 0 0 0 0 0 0 0 0 0 0 0 0 0 0 0 0 0 0 0 0 0 0 0 0 0 0 0 0 0 0 0 0 0 0 0 0 0 0 0 0 0 0 0 0 0 0 0 0 0 0 0 0 0 0 0 0 0 0 0 0 0 0 0 0 0 0 0 0 0 0 0 0 0 0 0 0 0 0 0 0 0 0 0 0 0 7.192263454198837 0 1.438025251030922 0 63.21512979269028 2.195385172963142 0 0.1375921219587326 0 0 0 0 0 0 0 0 0.1235978305339813 0 3.762294322252274 0
21.67302974313498 600.0315271094441 413.139140330255 23.24451915919781 647.5502119809389 6.620753273367882 1179.044144928455 741.7435053288937 2722.934444367886 147.8789760842919 375.2625831514597 5.255843982100487 639.490332044661 1202.104762338102 0.5148893967270851 0.08159208297729492 0.07493191212415695 0 0 0 0 0 0 0 0 0 0 0 0 0 66.9053265824914 6.065313592553139 1.574047476053238 0 0 0 0 0 0 0 0 0 0 0.08274496346712112 0 0 7.07007685303688 0.107974611222744 0.3374316617846489 0 0 0 0 0 0 0.4345351010560989 1.777955278754234 26.60948749631643 3.458454638719559 5.816889263689518 0 0 0 1.80614997446537 0.6879813820123672 0.3953794315457344 0 0 0 0 0 0 0 11.71602327376604 4.416699759662151 8.883336894214153 0.6942678093910217 0 0.08491632342338562 0.1020803675055504 0 0.4321863949298859 1.055912159383297 0 0.5140901803970337 0.6508758291602135 0 0 0.08949047327041626 0 0 0 0 0.2984003722667694 0 1.44748480618 0 0 0.4799496531486511 1.879183277487755 0 0 0 0.3706080317497253 0 0.2362430468201637 0.1242860108613968 0 0 0.2547243908047676 0 1.578002482652664 0.1003138497471809 0 0.3210498541593552 0 0 0 0 0 0 0 0 0 0 0 0 0 0 0 0 0 0 0 0 0 0 0 0 0 0 0.1745896190404892 0 0 0 0 0 0 0 0 0 0 0 0 0 0 0 0 0 0 0 0 0 0 0 0 0 0 0 0 0 0 0 0 0 0 0 0 0 0 0 0.1266658306121826 0 0 0 0 0 0 0 0 0 0 0 0 0 0 0 1.439592711627483 0.5747916698455811 0.1212782561779022 24.14080506563187 0.3563261926174164 27.05379558354616 3.476526491343975 49.09546027332544 5.889065064489841 0.1014637351036072 3.132532082498074 0.5081896483898163 0 0 0 0.3064891993999481 0 0 0 1.16153509914875 0 8.482536137104034 1.432981237769127
287.7612730562687 81.0700872913003 0 221.3734248429537 6.620753273367882 5.709633581340313 121.6223335266113 1.025835961103439 4.085524171590805 868.5716219246387 1.16929791867733 95.89585006982088 58.65931094437838 12.97577179968357 0 0 0 0 0 0 0 0.1903129070997238 0 0 0 0 0 0 0 0 14.66265706717968 0 11.157301440835 0 0 0 1.86289769411087 0.1792156100273132 0.9016456753015518 0 0 0 0 0 0 0 0 0.3422109559178352 0 0 0 2.854559637606144 0 0 0 0.5846661627292633 18.55909031629562 9.010005369782448 2.469089284539223 0 0 1.606783747673035 0 0 0 0 0 0 0 0 44.01224361360073 110.3045125752687 9.199079111218452 0.07891378551721573 0.2215941846370697 0.107866033911705 0 0 0 1.149781331419945 0 0.2458073347806931 0 0.7238079756498337 0 1.180480778217316 0.1687149107456207 3.918034426867962 1.92911085486412 5.040965557098389 1.221616663038731 4.268747538328171 0 0.8896880149841309 0.3437899202108383 429.7829213142395 15.46702945232391 0.6090702414512634 10.01383465528488 378.1626610457897 0 3.478423476219177 1.448162361979485 0 0.536615788936615 5.597257830202579 1.949698090553284 0.2421347126364708 8.224377579987049 32.56974200904369 5.762751892209053 15.93115442991257 11.35896397382021 10.63209763169289 10.07087033987045 0 0 0 0 0 0 0 0 0 0 0 0 0 0 0.2772497832775116 0 0.1847352832555771 0.4501086175441742 0 1.714149698615074 0.4109872281551361 0 0 0 0.1894045621156693 0 3.397938042879105 1.920503780245781 0.5291467159986496 0 0 0 0 0 1.23551681637764 0 0.7963338494300842 0 0 0 0 5.976490706205368 0 0 0 0 0 0.1611024290323257 0.3122838139533997 0 0 2.639376670122147 0 0 0 0 0 0 0 0 0 8.23155664652586 2.941921472549438 0.7113999128341675 0 0 0.9291347190737724 0 0.9140528589487076 0.8184235692024231 0.7316542267799377 0 0 0 0 0.09172052890062332 0 0 0.1046326756477356 0 0 0 18.85644372552633 8.298958301544189 10.18289902061224 84.8897607922554 0.4043679311871529 0.1006593331694603 0 166.345421642065 0 0 0.1455059796571732 7.791592940688133 0 1.393519282341003 0 82.52242441475391 0 0 0 0 0 166.7493661344051 49.33830317854881
719.88760124892 2524.928009822965 345.4436528086662 666.9281644821167 1179.044144928455 121.6223335266113 1297.463636569679 57.00455870479345 745.5888160169125 2310.99176774919 233.703193962574 56.22092886269093 1395.422058485448 1028.745767347515 9.340484164655209 1.775070108473301 0.8039411306381226 0 0 0.1218356043100357 0.1647747159004211 0 0 0.1555689573287964 0.1000156104564667 0.2200976014137268 0 0.4534720256924629 0 0.2834135293960571 205.9195797666907 19.37567408382893 11.42160942405462 0 0.1111088916659355 0.1127444133162498 0.7234818786382675 0.237889751791954 0 0.2112917676568031 0.09744920581579208 0.2174707055091858 0 0.3071600645780563 0.2065351158380508 0.09801438450813293 73.35718421638012 2.732469983398914 0.08676914870738983 1.208601713180542 0.7943931967020035 0 0.08135886490345001 0.3413670361042023 4.558615535497665 6.679663687944412 15.86843924969435 264.1157476231456 18.42232756316662 50.10556740313768 0.256534531712532 2.558509796857834 0 13.341228492558 7.402511388063431 2.749867521226406 0.08126606792211533 0.2612353414297104 0.2998054176568985 0.4721916541457176 18.89284507930279 0.164705902338028 0 103.2136426270008 32.98397047817707 110.8993061631918 10.62228078395128 0.2135596573352814 0.4972171187400818 1.483729265630245 0.231847457587719 1.676567077636719 10.04637383669615 0.1096041649580002 2.72508443146944 5.368800073862076 0.7492242380976677 0.438221849501133 1.454767160117626 0.1039205268025398 0.4549414217472076 0.7006300538778305 0.1135100647807121 1.363482594490051 0.9270975515246391 75.70297661423683 1.631648302078247 0 2.843246884644032 57.54790779203176 0 0.7268053740262985 14.77949786186218 3.170616626739502 0 24.81838801503181 1.204808592796326 0.8537577241659164 11.31739124655724 10.48367691040039 2.478208221495152 10.87523350119591 9.623722165822983 7.095839746296406 9.053191691637039 0 0 0 0 0 0 0 0.7147935032844543 0 0 0 0 0 0 0 0.284404844045639 0 0 0 0.1450030505657196 0.5209762901067734 0 0 0 2.289952531456947 0.430844634771347 11.89464157819748 2.900546386837959 0 0 0 0 0 0 0 0 0.1946127116680145 0 0 0 0 0 0 0 0 0 1.271916151046753 0.2781442701816559 0.4484446942806244 0 0 0.5156868547201157 0.1584629267454147 0.1186091080307961 0 0 0 0 0 0 0 16.16330977529287 0 0 0 0 1.95142537355423 0 0.5308870077133179 1.108042635023594 0.8693879619240761 0.1515640020370483 0 0 0 0 0 0.07776815444231033 0.07934074103832245 0.08151215314865112 0 0 27.75492180138826 4.913753814995289 12.66325987875462 300.8246284127235 12.19998581707478 287.3404415696859 44.87739185243845 468.992140635848 61.64941607415676 4.099448673427105 53.24355556815863 7.544289819896221 0 1.084459766745567 0.2170807868242264 20.32263109087944 0.4809117913246155 0.3486115783452988 0 3.697763219475746 0 135.9439068883657 22.86530447006226
0 231.4304846897721 1792.629734873772 0 741.7435053288937 1.025835961103439 57.00455870479345 521.7462193220854 439.3851574361324 14.25903547555208 1190.02195455879 17.85624756664038 137.0747361257672 593.7938471883535 31.08138013631105 123.8153276443481 16.42017485201359 8.812071159482002 7.730969734489918 19.49723945558071 24.79381731152534 10.04245868325233 1.977666348218918 2.581778086721897 8.312420845031738 2.559982486069202 2.090558610856533 3.543318413197994 1.46843296289444 0.6612420678138733 1397.004416771233 1842.512657165527 78.13277143239975 5.702298872172832 5.802622273564339 15.558035120368 7.42437357455492 4.051826938986778 8.388978071510792 7.680086769163609 12.87602297961712 37.2613183259964 40.23491680622101 154.1183398216963 11.78081808239222 11.7289053350687 105.1071513518691 4.75568425655365 11.14447294920683 62.53222581744194 13.06969501078129 7.594979852437973 2.214603327214718 5.711814470589161 3.022576935589314 4.9164709597826 16.03293614089489 219.967551343143 16.15285298973322 49.07135701924562 37.66761290282011 43.8328779488802 5.625257387757301 90.13877324014902 5.24707768112421 5.974348500370979 0.7309290692210197 19.20227937400341 44.12280893325806 54.12623400241137 18.91827735304832 0.8749444335699081 0 101.2926044687629 60.39050624519587 169.5301918908954 95.42592027038336 641.3489504382014 1474.6312873438 214.2419494912028 181.6392783299088 471.887924015522 7.992499187588692 0 4.156503088772297 4.160350576043129 35.0223011225462 0.4286567643284798 2.196449398994446 1.008960299193859 1.127035841345787 3.154992520809174 29.13038005679846 57.85554153472185 6.722584560513496 18.94721756875515 0.6311869025230408 0 6.835141979157925 7.333312027156353 0 0 0.4672679305076599 0 0 0.2640652060508728 0 0 0 0.7870045006275177 0 1.522105909883976 0.5223710909485817 0.7325372323393822 2.171729907393456 0.1111504659056664 0.1746184825897217 0 0 0 0 0 0 0 0 0 0 0.1642584949731827 0 0 0 0.9891490936279297 0 0 0.1561340391635895 0 0 0.8312994837760925 0 0.5836034566164017 0.486083522439003 5.341624394059181 2.432622298598289 1.587692558765411 0 0.3375684022903442 0 0 0 0 0 0 0.5873625576496124 0 0 1.206056594848633 4.045487985014915 1.117525726556778 0 0 0 0.1392602473497391 0 0 0.9995184540748596 0 0.4075191020965576 0.3590359091758728 0 0 0 0 0 0.2444268614053726 0 0 6.054578222334385 0.9141849279403687 0 0.2205628454685211 0.8378423601388931 1.402070164680481 0 0 0 0 0 0 0.4535075128078461 0 0 0.1137325763702393 0 0 0.4662354215979576 0.2095208987593651 0 4.482144340872765 5.539476633071899 12.15354090929031 320.979702219367 27.41151754558086 312.8943252265453 59.28756527602673 149.3928221911192 50.76602875441313 3.314010798931122 56.98479625582695 2.544828623533249 0 0 0 3.786526069045067 0 0.1380747854709625 0 5.139144532382488 0.411714032292366 38.35766486078501 4.272170253098011
4.478062964975834 384.871503546834 621.4444920644164 0.3663000911474228 2722.934444367886 4.085524171590805 745.5888160169125 439.3851574361324 459.3763260692358 71.08697211742401 497.1818625107408 6.314422190189362 921.5832367241383 539.9287406206131 0.6871718168258667 0 0.07995737344026566 0 0.07181433588266373 0 0 0 0 0 0 0 0 0 0 0 37.18655814230442 9.047557167708874 0.9761065766215324 0 0 0 0 0 0.2024411261081696 0 0 0 0 0.06974809616804123 0 0 12.42567567527294 0 0 0.07128254324197769 0.3098026514053345 0 0 0 0.313758984208107 0.4672875329852104 0.7980040311813354 23.47097637504339 2.511583596467972 5.68138463050127 0 0.0762406513094902 0 3.555616922676563 0.7050363570451736 0.07844790816307068 0 0.07555603981018066 0.195580743253231 0 2.686730101704597 0 0 12.41818922013044 3.10409477353096 15.58582814782858 1.093634068965912 0 0.09746561199426651 0.465338222682476 0.09726699441671371 0.1546283662319183 1.042816154658794 0 0.4420224651694298 0.2387210875749588 0.1774463206529617 0.1746793538331985 0.2602166533470154 0 0 0 0 0.09607726335525513 0.09601801633834839 3.10428623855114 1.561576902866364 0 0 1.447797723114491 0 0 0 0 0 0 0 0.2531670331954956 0.9186584949493408 1.162412852048874 0 0.374617874622345 0.6945085823535919 0.2161115258932114 0.8048615455627441 0 0 0 0 0 0 0 0 0 0 0 0 0 0 0 0.141419306397438 0 0 0 0 0 0 0 0 0 0 0.6295041888952255 0 0.2220096737146378 0 0 0 0 0 0 0 0 0.3444230258464813 0 0 0 0 0 0 0 0 0 0 0 0 0 0 0 0 0 0 0 0 0 0 0 1.168559499084949 0 0 0 0 0.7430976033210754 0 0 0 0 0 0 0 0 0 0 0 0 0 0 0 2.138006642460823 0 0 43.90535672754049 1.448218211531639 43.81154485046864 5.487802468240261 40.88782437890768 6.883424624800682 0.7217645570635796 8.845828965306282 0.2225697189569473 0 0 0 0.2163037657737732 0 0 0 0 0 12.47086270153522 1.561054363846779
1202.596947789192 751.4111840724945 34.79707499593496 1322.483456596732 147.8789760842919 868.5716219246387 2310.99176774919 14.25903547555208 71.08697211742401 4318.091245085001 64.87867950648069 2146.327671594918 3957.652763649821 242.3322308138013 1.964743413031101 0.9268200173974037 0.07734061032533646 0 0 0.132917508482933 0 0 0 0 0 0 0 0 0.1617926210165024 0 26.1769482716918 1.408956587314606 163.1710485890508 0 0 0.6606796160340309 14.42438577115536 0.4568339139223099 4.942025288939476 0.5713645219802856 0.1641464233398438 0 0 0.3101543411612511 0 0.1046672090888023 12.40420440584421 0.1000956296920776 0 0.2555389776825905 0.1762252300977707 0 0.1322091966867447 0.1302741765975952 0.3467351421713829 1.148640409111977 1.582519829273224 112.2078803032637 3.922097951173782 6.813462242484093 0 9.443293437361717 0.126162126660347 3.623645648360252 1.092061251401901 0.2753123566508293 0 0 0.239998035132885 0 207.9231789708138 4.873371601104736 0.1445223838090897 15.12504434585571 3.866033904254436 15.82672095298767 2.327912427484989 0.3280552327632904 0.2198739424347878 11.15689097344875 0.1236242949962616 5.60624610632658 1.166091077029705 0 0.07919759303331375 0.1655502617359161 0 0.2392837405204773 0 0.5785300731658936 0 0.3817554414272308 0.5383212864398956 0.3883316814899445 0 546.7404103055596 67.18664939701557 0 21.79256734997034 31.49833176285028 2.59422829002142 27.86576545983553 25.01587810367346 10.66260319203138 3.822760745882988 43.66818939894438 16.57745605707169 9.246556900441647 65.27445635944605 201.3379843235016 37.40284004062414 158.772826269269 137.2312488779426 116.6288307234645 138.1802775636315 0.1716374605894089 0 0 0 0 0 0.1166998669505119 0 0 0 0.1181763336062431 0 0 0 0 0 3.492736995220184 0 0 5.415072530508041 5.90594420582056 0 2.220893502235413 0.1535063683986664 33.49223049730062 7.048442929983139 98.98749307543039 18.81308525055647 6.792299121618271 0 0 0 0 0.45623779296875 1.074806228280067 0 2.732401624321938 1.708727836608887 0 0 0 4.365038558840752 0 0 0.4327601790428162 0.111395351588726 2.670943163335323 2.892711229622364 0.7776398956775665 0 1.370390772819519 32.20376377552748 4.503420665860176 1.587610237300396 0.7807406932115555 0 0 0.09161490201950073 0 0 0.159914419054985 166.5576814711094 0 0 0 0 16.20348546653986 0 5.196374960243702 8.108432210981846 3.599039256572723 3.974776588380337 1.493044942617416 1.51560140401125 0.183884784579277 0 0 0 0 0 0 0 275.3479631096125 41.85909731686115 102.9818321838975 1168.130396910012 2.179211609065533 56.47260275483131 11.480996966362 465.1730692461133 10.81894019991159 4.52302323281765 10.24060439318419 59.71729327738285 0.9107911735773087 10.79681771248579 2.271851174533367 439.767593793571 0.8297665119171143 1.676804542541504 0.4731101989746094 2.157199442386627 0 1210.010437108576 298.1056510359049
0.4180303663015366 248.5405376702547 842.8098929747939 0 375.2625831514597 1.16929791867733 233.703193962574 1190.02195455879 497.1818625107408 64.87867950648069 460.9923645928502 660.4022292941809 1736.56247446686 2302.032923616469 11.94902587682009 4.229661457240582 1.192117266356945 0.5294315814971924 0.1664458960294724 1.54569199681282 4.488575898110867 6.734567224979401 0.3335947394371033 0.4312731400132179 1.283952787518501 0 0.6343551650643349 0.9223793298006058 0.2587059736251831 0.5504336953163147 639.0793663114309 302.3037452176213 889.1824211999774 0.8015364333987236 1.191677749156952 2.734729290008545 58.59575356543064 1.504755795001984 5.553959883749485 3.570135518908501 3.650633752346039 10.39101278781891 2.566614210605621 3.795618608593941 0.6066495552659035 0.230095848441124 48.4035574272275 0.178210973739624 0.6587842106819153 2.960986435413361 3.237260550260544 3.522507980465889 1.102576822042465 4.259289056062698 1.237095825374126 1.891132049262524 7.01954260468483 91.37771851569414 8.068461365997791 16.80366093665361 1.427767105400562 10.47923915088177 0.1373803913593292 13.97245133668184 1.920694045722485 1.578647531569004 0 4.087888978421688 4.052851028740406 7.46578610688448 157.8290565609932 0.9808788299560547 0.2317723035812378 32.68267742544413 21.05212897062302 62.175138682127 19.97835393995047 2.550101771950722 35.86571790277958 305.6947760879993 5.157488383352757 102.7696599140763 2.89747678488493 0 1.123244114220142 2.052928425371647 3.219743326306343 1.029598467051983 0.6171521171927452 0.607219323515892 0.5723714008927345 2.427874714136124 5.832088142633438 18.33084524422884 4.175633274018764 203.418783724308 3.810496523976326 0 10.94248444586992 0.5102164819836617 0 0 0.2286445498466492 0 0 1.051565624773502 0.1392780244350433 0.1949900388717651 2.35270331799984 3.180821567773819 2.814184784889221 4.429140135645866 4.130001485347748 4.422030135989189 6.062273189425468 0.503362238407135 0 0 0 0 0 0 0 0 0 0 0 0.5247592180967331 0 0 0 0 0 0 0.256962925195694 1.038355737924576 0 0 0 3.20008485019207 0.8513224124908447 9.672928050160408 5.86011628806591 3.211162924766541 0 0 0 0 0 0.1531570255756378 0 0.1599316745996475 0.1126681193709373 0 0.4122985601425171 0 3.603693313896656 0.3379043638706207 0 0 0 0 0.8582294285297394 0 0 0.3631794154644012 2.090802997350693 0 0 0.2601215168833733 0 0 0 0 0 0 14.25697432458401 0 0 0.09152840077877045 0 0.6701335310935974 0 0.4484125524759293 0.6470807492733002 0.2124062478542328 0.4544463902711868 0 0.2681672871112823 0 0 0 0 0 0.1063281074166298 0 0 17.16755347698927 7.687920719385147 18.71962527185678 240.2640211954713 19.72176345437765 156.8406758159399 34.96042531728745 128.2263759300113 36.41241697967052 1.647464498877525 33.2171857431531 2.393842428922653 0 0.9826501458883286 0.2069791331887245 6.27852226793766 0.4970052242279053 0 0 3.868047468364239 0.3130600154399872 46.35652858763933 16.89050135016441
251.5473966449499 52.70952955633402 56.31466632336378 67.91404655575752 5.255843982100487 95.89585006982088 56.22092886269093 17.85624756664038 6.314422190189362 2146.327671594918 660.4022292941809 475.0829889401793 1658.643153458834 433.1437625586987 4.457237437367439 2.448521979153156 0.6054524034261703 0 0 0.256111815571785 0.4610347896814346 1.996394351124763 0.09468141198158264 0 0.121268130838871 0 0 0 0 0 28.03326636552811 4.200422212481499 349.3822540268302 0.1006409749388695 0.283058375120163 0.09842979907989502 59.55238441377878 0.7799199149012566 3.576186440885067 0.2391564026474953 0.2703625932335854 2.825280964374542 0.6220707818865776 0.4186578392982483 0 0.0885571762919426 11.31279530376196 0.8652414530515671 0.2644741907715797 0.2364400997757912 0.9898417443037033 1.548526845872402 0.1381796896457672 0.5169827044010162 0.08079630136489868 0.4651814997196198 1.909427680075169 12.80966195464134 1.579777806997299 3.295483507215977 0.2025868594646454 3.559553265571594 0 3.514329992234707 0.2770362049341202 0.3076456338167191 0 0.4120799079537392 2.006277553737164 0.9042893424630165 135.8255818784237 4.473639398813248 0.3122069537639618 6.151782922446728 4.395565688610077 15.78348072618246 5.51352783292532 0.8608677163720131 1.186658188700676 7.986077442765236 0.5740177407860756 6.621770665049553 0.3766745328903198 0.09441373497247696 0.2721836268901825 0.2275787070393562 0.6852892562747002 0.1469684690237045 0 1.457038894295692 0.5455121397972107 0.3905812725424767 1.976161226630211 4.570222869515419 1.279235176742077 833.9430626705289 3.909100614488125 0.3409588485956192 9.711320519447327 2.113961353898048 0.6081710457801819 1.900281220674515 2.559545509517193 0.5085065439343452 0.4147114679217339 7.358323596417904 1.76796106249094 1.988419592380524 13.54898919165134 29.33103941380978 8.183905147016048 26.58997666090727 25.77695316076279 20.28462728857994 24.71869668364525 0.5235584527254105 0 0.1127871796488762 0 0 0 0 0 0 0 0 0 0 0 0 0 0.291642501950264 0 0 1.281358249485493 2.746216185390949 0 0 0 6.061976373195648 3.839049071073532 18.96330866217613 9.687609665095806 1.881924219429493 0 0.6807280778884888 0 0 0.1321752369403839 0 0 0.8036105185747147 1.382329665124416 0 0 0.2225782573223114 4.588954269886017 0 0 0.340552806854248 0 0 0.6920934021472931 0 0 0 5.480428777635098 0.5775251984596252 0.5962092131376266 0.5707566142082214 0 0 0 0 0 0 40.4401625841856 0.5892650038003922 0 0 0 3.530443377792835 0 1.511107340455055 1.106739930808544 0.5031114220619202 1.168532192707062 0.1101997792720795 0.2872961983084679 0 0 0 0 0.373566061258316 0 0 0 67.89781692624092 13.15628939121962 31.74093360453844 132.0797350034118 3.486219622194767 41.53268128633499 10.2063996642828 79.38391301780939 7.901597931981087 0.3371657729148865 12.58017717301846 9.656169183552265 0.232133224606514 2.723114542663097 1.106113791465759 29.20663314312696 1.679355531930923 0 0.1850560009479523 0.7604945600032806 0.2148119658231735 528.4819060638547 80.88569982349873
466.1800071522593 489.1810771003366 569.8137649744749 310.7848497182131 639.490332044661 58.65931094437838 1395.422058485448 137.0747361257672 921.5832367241383 3957.652763649821 1736.56247446686 1658.643153458834 4696.836654946208 5797.861970886588 10.13231286406517 3.13345904648304 1.179542474448681 0.08044878393411636 0 1.126059077680111 0.5937856361269951 1.916820272803307 0 0 0.8317605331540108 0.1207053065299988 0.08981801569461823 0.2149945423007011 0.1169421002268791 0 122.8099650740623 13.53744245320559 735.1192654594779 0.2215365394949913 0.1118105873465538 0 216.6835355609655 1.072684109210968 4.826748013496399 0.3773375079035759 0.09034918993711472 2.698088899254799 0.5761636793613434 0.705863781273365 0 0 35.22458233684301 0.7479835003614426 0.3870448991656303 1.179149471223354 1.191611602902412 1.948786713182926 0.2474013790488243 1.371607840061188 1.189474433660507 1.833469487726688 4.938991121947765 61.80498699843884 7.98833604156971 15.46782064437866 0.396616168320179 9.994807027280331 0.185617595911026 8.979416653513908 2.341222077608109 0.9850694686174393 0.3190122470259666 1.164909347891808 1.619094535708427 1.963527001440525 226.658680036664 2.032742165029049 0.3965606689453125 35.3974846675992 14.12194184213877 56.0731858164072 11.72753444314003 0.1118368878960609 2.582347221672535 20.42806292325258 0.2341113165020943 10.8951877951622 3.785760708153248 0 1.099458932876587 1.976192533969879 0.8457164913415909 0.1914294138550758 0.2684382647275925 0.4352266117930412 0.1610141173005104 0.6554451957345009 1.204272851347923 4.715327218174934 1.763702467083931 583.119949862361 5.677710548043251 0.1383378356695175 12.5892783626914 3.306304149329662 0.7620414197444916 2.851360760629177 2.710811346769333 1.508618399500847 0.3876211792230606 7.293121308088303 1.898303426802158 0.7569662183523178 11.4164218083024 24.45824906229973 7.161010555922985 33.11173930764198 29.05345261096954 25.32390084117651 22.74908855557442 0.09993273764848709 0.09594305604696274 0 0 0 0 0 0 0 0 0 0 0.2471116781234741 0 0.8712963461875916 0 1.278074137866497 0 0.3143317997455597 1.800008803606033 0.5813912749290466 0 0.2996578514575958 0 8.035994656383991 1.61339558660984 22.79316651821136 6.601352028548717 2.275143638253212 0.1201303154230118 0 0 0 0.9512962400913239 0 0 1.161367863416672 0.4247725456953049 0 0 0.1435916721820831 3.900462634861469 0 0 0.3382698446512222 0 0.3559999167919159 1.100275605916977 0.09998449683189392 0 0 4.023165084421635 0.8967455327510834 0 0 0 0 0 0 0 0 40.79096442461014 0.4142768085002899 0 0 0 1.931079149246216 0 1.26802933216095 1.62755835801363 1.600915022194386 0.6207678914070129 0 1.403414495289326 0 0 0 0 0 0 0 0 72.94382224231958 13.34970556199551 31.62466684728861 251.1201258599758 6.875256083905697 152.1756364107132 29.7608725503087 141.1215812638402 27.33911211043596 1.437865525484085 30.93610112369061 13.03158102929592 0.09386453032493591 3.399560734629631 1.178494654595852 39.03097891062498 0 0 0 2.453776739537716 0.450651228427887 364.9089338555932 82.40376571565866
8.704540111124516 1437.094383768737 1281.977060295641 2.490225479006767 1202.104762338102 12.97577179968357 1028.745767347515 593.7938471883535 539.9287406206131 242.3322308138013 2302.032923616469 433.1437625586987 5797.861970886588 1526.419220417738 9.909298337996006 5.818465121090412 1.72633159160614 0.3143274560570717 0 1.5818932056427 4.344422414898872 9.124384924769402 0.4693619087338448 0.1938392668962479 1.78207715600729 0 0.8164034336805344 0.09825930744409561 0.7450237944722176 0.895992711186409 564.5189675539732 140.1973457112908 1966.446163088083 0.6947464495897293 1.243651337921619 3.447512231767178 388.5657828077674 1.737966693937778 17.39484049379826 1.628924019634724 1.944809556007385 7.347014278173447 1.088778130710125 1.965435102581978 0.400356113910675 0.4653872549533844 42.58226151764393 0.47612364590168 0.743943452835083 2.087937898933887 4.005166724324226 4.832110859453678 0.8185822069644928 3.322070650756359 0.8101141378283501 2.919011391699314 5.891679354012012 99.85097248852253 7.459729067981243 17.63409124314785 1.537671312689781 16.0612149015069 0.3879943266510963 14.10550960898399 1.594540730118752 1.28524211794138 0.1511711254715919 1.931295834481716 3.30984253436327 6.050229430198669 433.0792698934674 1.461917646229267 0.1072271019220352 34.57395987957716 15.2676345333457 53.56350487470627 14.73155069351196 2.23301637917757 13.53302520513535 111.0418683215976 2.231520503759384 35.09297503530979 2.456822328269482 0.081297867000103 0.8543470278382301 1.740315936505795 2.860048420727253 0.414618156850338 1.073633171617985 2.779379054903984 0.967336893081665 4.062137521803379 3.396089434623718 12.81402488052845 2.453113667666912 413.1122801974416 5.839058145880699 0 19.92311683297157 3.109714426100254 0.2908512651920319 0.1291568279266357 1.494628511369228 0.3849399164319038 0.1161827743053436 2.047776855528355 2.021288670599461 0.4258987233042717 4.130518443882465 9.976412318646908 4.211449980735779 11.53266254812479 10.38609001785517 5.299259088933468 11.83200411498547 0.1620530337095261 0.4711136519908905 0 0 0 0 0 0.800747811794281 0 0 0.2782699763774872 0 1.231901586055756 0 0 0 0.4509420990943909 0 0 0.3979385122656822 0.3691069781780243 0 0.3523937463760376 0.186828687787056 4.831089071929455 0.5880628228187561 13.26608385890722 9.7702851369977 3.831609517335892 0 0 0 0 0 0.1752025634050369 0 0.2652300894260406 0.4597258567810059 0.1966471970081329 0 0.3174286484718323 6.408396437764168 0.1282053142786026 0 0 0 0.5624765157699585 0.5480470359325409 0 0 0 4.149575456976891 0.6814167499542236 0.1801047623157501 0 0 0 0 0 0 0 20.98852011561394 0 0.2906209230422974 0 0 2.078584797680378 0 0.2073949724435806 1.175993002951145 0 0.3220011666417122 0.9677199050784111 0.08811333775520325 0 0 0 0 0 0 0 0 33.19011235237122 14.60961246490479 26.62508119642735 220.4820083007216 6.343905307352543 143.1767483726144 28.32293326407671 110.2452883124352 23.23303271830082 1.031108312308788 37.75621931254864 6.26290825009346 0 1.128753960132599 0.7467931061983109 13.58659542351961 0 0.09265352785587311 0 3.594339139759541 0.2641534209251404 98.31367808580399 32.94893552362919
0.1165168732404709 4.580479301512241 4.281318716704845 0 0.5148893967270851 0 9.340484164655209 31.08138013631105 0.6871718168258667 1.964743413031101 11.94902587682009 4.457237437367439 10.13231286406517 9.909298337996006 377.0139807909727 2181.282990418375 709.4680657163262 1.894548803567886 13.77100051194429 1.188323870301247 1.041558772325516 0.8397219181060791 0.8269844725728035 1.696772560477257 42.48714454472065 2.694244928658009 15.9832711443305 4.223982475697994 15.86782512813807 13.51952510327101 18.14636269211769 7.926931269466877 45.20800210535526 0.8013411164283752 5.635768912732601 62.90195752680302 8.432128340005875 18.05724087357521 60.97528383135796 81.473827496171 1.229556828737259 2.592691756784916 3.599762864410877 210.0209375396371 1.078619301319122 27.80923309922218 576.414403885603 2.707208842039108 8.787877097725868 11.95461032539606 0.7964309304952621 0.4653529450297356 20.14625863730907 2.178707882761955 1.569362670183182 1.292846985161304 0.6965140104293823 3.438276298344135 34.39581877738237 319.721551194787 32.75699862837791 52.601895570755 7.24088954180479 2.784394882619381 1.799597501754761 0.7459399327635765 0.1007669791579247 1.024127937853336 1.397546455264091 1.577747344970703 6.309994488954544 0.08971047401428223 0 252.9322765097022 5.610712438821793 1017.119019933045 314.8605282083154 362.2961551621556 32.71329934895039 29.8730112016201 30.92759626358747 92.68946266919374 10.60463546961546 0 1.68933343142271 1.294344492256641 6.556808739900589 0 0.7149039655923843 0.09906855225563049 0.7471600770950317 1.067965485155582 0.8016863837838173 1.442013420164585 0.8713252246379852 3.521542921662331 1.31978577375412 0 19.72361613065004 0 0 0 0 0 0 0 0 0 0 0 0 0 0 0 0.1243848577141762 0 0 0 0 0 0 0 0 0 0 0.1534368842840195 0 0 0 0 0 0.3350628316402435 0 0 0 0 0 0 0 0 0 1.202658697962761 0.3545380830764771 0 0 0 0 0 0 0 0 0 0 0 0 0 1.03753424435854 0 0 0 0 0 0 0 0 0 0 0 0 0 0 0.2246045917272568 0 0 0 0 0.1173978447914124 0.6754284501075745 0 0 0 0 0 0 0 0 0 0 0.4584862291812897 0 0 0 0 0 0.2188415601849556 0 0 0.1148282140493393 0.7585807964205742 1.078129857778549 18.8323065713048 20.38611264526844 419.449950799346 50.67929425835609 3.342450611293316 11.85614095628262 0.7959829568862915 0.4507542476058006 0 0 0 0 0 0 0 0 0.47139972448349 0 19.79929620027542 0
0.1795537769794464 0.6528593972325325 3.878584742546082 0 0.08159208297729492 0 1.775070108473301 123.8153276443481 0 0.9268200173974037 4.229661457240582 2.448521979153156 3.13345904648304 5.818465121090412 2181.282990418375 3689.993702821434 1736.472578771412 150.9639121592045 172.4621408358216 27.86307679116726 1.664189778268337 0.4481650143861771 0.6628667265176773 2.552899114787579 45.21842897683382 4.545546658337116 18.56592740118504 4.657776266336441 19.76013143360615 12.46969921141863 252.079236112535 261.1352240741253 40.06250873953104 8.908188715577126 3.132487386465073 79.3258048966527 6.017466485500336 18.0036104246974 71.35695571452379 92.15044017881155 5.087218478322029 8.265597060322762 96.09554000943899 1801.494248330593 54.19906587153673 160.4493777304888 501.3251550868154 24.23980109393597 158.8521948754787 257.0880094841123 4.414359927177429 1.295014880597591 26.02545519173145 4.210594736039639 0.8254796043038368 1.654172841459513 9.72132995724678 80.0844521522522 8.477749817073345 149.6242547780275 72.93765563517809 57.06487124413252 19.96842873841524 165.644072830677 2.140321925282478 4.482841819524765 0.16009321808815 7.976031132042408 17.04615399986506 14.30405700951815 5.531039580702782 0 0.1540717482566833 106.2540850043297 129.1623002812266 1355.897492066026 1636.938117839396 2383.252961196005 150.1283826231956 19.53826791793108 120.3482496142387 100.8576552569866 11.69802340865135 0 4.630858242511749 1.487721934914589 98.09096328169107 0.6232778429985046 1.730407439172268 0.1790523901581764 1.512577146291733 1.187349177896976 4.583297312259674 5.915749922394753 4.209517814218998 1.92488132417202 2.156574912369251 0 19.70106460154057 0.4260340332984924 0 0 0 0 0 0 0 0 0 0 0 0 0 0 0 0 0 0 0 0 0 0 0.3463289737701416 0 0 0.2362862825393677 0 0 0 0 0 0.2411050051450729 0 0.7820982336997986 0 0 0 0 0 0 1.067675709724426 0.7471390962600708 0.6915953308343887 1.089846789836884 0 0 0 0 0 0 0 0 0 0 0 0 1.540304340422153 0 0 0 0 0 0 0 0 0 0 0 0 0 0.09719199687242508 0 0.1522289216518402 0 0.09412182122468948 0 0 0 0 0 0 0 0 0 0 0 0 0 0 0 0 0 0 0 0.174509085714817 0 0 0.1845835447311401 1.552184656262398 1.66059997677803 53.94677743315697 47.48853844404221 460.9520839601755 62.5632658675313 10.83718772977591 7.58361978083849 0.9953050464391708 3.158621348440647 0 0 0 0 0 0 0 0 2.381475426256657 0 12.09460181742907 0
