463.2138033807278 3409.872394315898 803.3762558102608 1201.423192448914 110.3613786548376 166.2193063423038 201.2707143127918 262.6720638424158 10.06671832501888 840.0406923517585 105.2868097350001 105.6156116575003 83.19107501581311 97.69182490557432 4.328833483159542 1.194437831640244 0.4113306999206543 0.1000096201896667 0 0 0.08529311418533325 0 0 0.09957004338502884 0 0 0.09603641927242279 0 0 0 659.3965497538447 2.929038003087044 10.33151762932539 0 0 0 16.29896229505539 0 0.2852497771382332 0 0 0.1656250506639481 0 0.9891428127884865 0.07562463730573654 0.1149653345346451 53.81334154307842 2.563593313097954 0.06829980760812759 0.1766816079616547 0 0.3886796832084656 0 0 8.378133028745651 11.57532126456499 273.9703610539436 554.416649363935 80.37781888246536 65.65012679994106 0.129761278629303 0.4939159005880356 0.2910380885004997 10.62186417728662 5.659391097724438 2.436706818640232 0.3576802611351013 0.2814542949199677 0.07940395176410675 0.2225931957364082 7.55826710164547 0.8111916035413742 0 183.3142353966832 10.51671517640352 69.67788791656494 2.065334223210812 1.160456240177155 0.6212216094136238 4.993013687431812 0.1613698154687881 0.6429439634084702 31.58190968632698 0.2023758292198181 2.97682299464941 2.45722234994173 0.1474412828683853 0 0.2758779525756836 0.1028027385473251 0.09542614221572876 0.09039627760648727 0.2098215594887733 0 0 16.85467717051506 0 0 0 2072.773579835892 0 0 0.4849123656749725 0.1928880512714386 0.5802931934595108 0.506889820098877 0.9241767823696136 0.6530826687812805 0.1450505703687668 0.3726335465908051 0 2.34417599439621 2.811962530016899 2.259422913193703 0.3365801125764847 0 0 0 0 0 0 0 0 0 0 0 0.4570147395133972 0.9294072985649109 0 0 0 0 0 0 0.2857807874679565 0 1.039986848831177 0 0 1.83299245685339 0.8547501564025879 5.116067379713058 0.1630592346191406 0 0 0 0 0 0 0.6511324644088745 0 0.4569156169891357 0 0 0 0 0 0 0.2091858461499214 0 0.08671123534440994 0 0 0 0 0 0.3901921808719635 0 0 0 0 0 0 0 0 0 1.021619737148285 0.2066457569599152 0 0 0 0.6994713842868805 0 0 0 0 0 0 0 0 0 0.09998416900634766 0 0 0 0 0 1.636956706643105 0 0.3779693841934204 244.0812418982387 5.916931547224522 91.97477702051401 20.16661172360182 1089.775111377239 2.622602261602879 0.3022230118513107 9.375319644808769 9.464681267738342 0.09352786839008331 0.3949006497859955 0.1399651169776917 10.60902014374733 0 0 0 1.851922638714314 0 272.3010088950396 1.461287096142769
3409.872394315898 4906.021010406315 3268.214609064162 1927.51046025753 1852.402551807463 220.5250161290169 1398.731713555753 983.4693725705147 454.7107705175877 2291.095096208155 1192.387350849807 249.2918110266328 581.7972076907754 705.2015945464373 44.24651615321636 12.25036758929491 0.7603380754590034 0.1466727778315544 0.401811771094799 0.7447471097111702 0.5016998201608658 0 0.5491495802998543 0.3542349264025688 4.881013251841068 0.1465489417314529 0.9447589442133904 0.3022933602333069 0.3721067979931831 0.4066467508673668 1474.855519726872 42.96379262953997 41.75020887702703 1.139406725764275 1.212737388908863 1.450854010879993 95.67436255514622 3.681686416268349 3.165085710585117 1.170977011322975 0.5860914438962936 0.4540792107582092 1.626363705843687 2.936801560223103 0.9959625527262688 2.034041360020638 328.1683230474591 12.35605774819851 0.6161374226212502 0.3251834064722061 0.162310354411602 0.3319698497653008 1.383686549961567 0.2625201791524887 31.68632332980633 33.80074408650398 222.3646741583943 583.9282063245773 136.8841048032045 218.6390313580632 2.352303251624107 1.254690937697887 1.679161034524441 204.7645566388965 16.1611313149333 8.633912332355976 1.545617267489433 1.400948196649551 0.713969461619854 1.742567650973797 48.15247455984354 1.856181502342224 0 441.8613949045539 110.3451724201441 395.7982869446278 57.19741739332676 9.176218539476395 5.601437143981457 45.97782237827778 3.797835543751717 5.738537386059761 104.9480316191912 0.4219990372657776 11.94549740105867 8.904795810580254 1.142909698188305 0.0868157222867012 0.8289922326803207 0.629364013671875 0.6281048953533173 0.2199260219931602 0.8479447439312935 0.2932372689247131 0.3775294423103333 120.6001740247011 1.357852011919022 0 4.26375250518322 1440.927845820785 0.525839775800705 0.7592532485723495 0.4398425966501236 0.7663883715867996 1.856890320777893 1.28145295381546 2.64755941927433 3.097520619630814 0.3087131977081299 1.976448521018028 0.8110409304499626 9.971491031348705 9.531968012452126 8.25362665951252 5.161832988262177 0.1477992981672287 0 0 0 0 0 0 0 0 0 0 0.3639942407608032 4.323155373334885 0 0 0 0 0 0 1.966022484004498 0.625489629805088 0.2862004935741425 0.8363944292068481 0 4.189728990197182 1.443468406796455 15.589455537498 3.893924996256828 1.568521037697792 0 0 0 0 0 0.6167824491858482 0 0 0.1746902912855148 0 0 0 0.7366532683372498 0 0 0 0.0861666277050972 0 0.3598030805587769 1.042222142219543 0 0.8248901814222336 10.49301680922508 0 0 0 0.08399967104196548 0 0 0 0 0.1766314059495926 9.098399683833122 0.4326245188713074 0 0 0.1321772336959839 2.139624148607254 0 0.5728052258491516 0 0 0 0 0 0 0.4255413934588432 0 0 0.2547956928610802 0.1990532279014587 0 0 8.365847818553448 3.622077688574791 6.130953818559647 854.9412600323558 24.3553411886096 388.2121407091618 70.96625343710184 731.3856483846903 4.193681642413139 3.253442741930485 43.1196474134922 18.93489730358124 0 2.035084679722786 0.4901549369096756 21.18676733970642 0 0.1952192187309265 0.4168714880943298 10.39141039550304 0 207.568747214973 6.206700339913368
803.3762558102608 3268.214609064162 1879.739011615515 194.2644751816988 1142.898151934147 9.563145138323307 290.9216706082225 2653.585441492498 988.7374039068818 82.25725655257702 1669.414776228368 117.2880969643593 440.0041999071836 1189.437758490443 14.69159764051437 11.21776770800352 0.8673941716551781 0.5987221077084541 0.06807167083024979 0.8175988718867302 4.608444333076477 0.1044793054461479 8.161487139761448 5.805651031434536 10.17766140401363 1.774104423820972 5.980113975703716 1.279778264462948 0.3088914006948471 0.8641845285892487 2395.289300702512 274.3335026502609 70.10464829951525 1.587310656905174 8.655798807740211 8.508858531713486 133.6062712669373 5.190063327550888 1.553958788514137 1.222250945866108 3.40150324255228 2.168396502733231 1.439603298902512 1.561218276619911 0.5034140199422836 1.082054756581783 53.42589756846428 3.106757804751396 0.3108712211251259 0.7894951999187469 0.5299046114087105 0 0.2766313701868057 0.4682215824723244 6.895377181470394 7.338143713772297 70.82086618244648 314.5537975952029 36.40717758238316 43.59892885386944 3.417164333164692 24.67156298458576 6.117107510566711 128.1788047999144 2.383143842220306 1.752627052366734 0.5742008239030838 0.8371124938130379 2.661817893385887 5.001809127628803 38.02469439804554 4.618309609591961 0 132.4513438791037 27.20595586299896 79.07308691740036 19.62690901011229 7.898330606520176 4.693976104259491 166.7179859802127 1.281445361673832 17.61374548077583 20.0689625069499 0 2.965294450521469 2.744370602071285 1.18477226793766 0.1288806051015854 0 0.09018102288246155 0.1857971549034119 0.1681485027074814 3.314492717385292 0.6256705522537231 0.6711759194731712 47.91145884245634 1.852995604276657 0 1.512563996016979 206.9843355864286 0 0.9545525312423706 0.9696349799633026 0 1.327867783606052 0.9839052259922028 0.5574891716241837 0.4800296723842621 1.534642994403839 2.624756798148155 1.083898849785328 8.121964447200298 4.879694603383541 5.330993458628654 5.596902810037136 0 0 0 0 0 0 0 0 0 0 0 0 0.4670343995094299 0 0 0.2399956285953522 0 0 0 0.53574338555336 0.4039581120014191 0 0 0.5225169658660889 5.64607023447752 0.4379901811480522 12.23745272308588 2.44616661220789 1.265777349472046 0 0 0 0 0 0.453355461359024 0 0 1.044033497571945 0 0 0 0.7511411234736443 0.1934323161840439 0 0 0.09160229563713074 0 0 0 0 0.7274617850780487 4.523678883910179 0 0 0.09059937298297882 0 0 0 0 0 0 8.836056850850582 0.1791123151779175 0 0 0 1.390155293047428 0 1.260963968932629 0 0 0.09103859961032867 0 0 0 0 0 0 0.09008364379405975 0 0 0 5.820832349359989 4.091453842818737 4.187162332236767 160.9928745701909 4.806355200707912 75.07941846549511 17.20543771982193 68.15926036983728 1.05475839227438 0.6021764576435089 7.965896748006344 11.52353456616402 0 1.32720622420311 0.7930197194218636 8.303162842988968 0.7200793623924255 0 0 2.807158283889294 0.3021995425224304 56.02663135528564 5.449470140039921
1201.423192448914 1927.51046025753 194.2644751816988 660.9374535530806 82.96098034083843 514.3462335765362 380.9541760608554 32.43058506399393 6.091175526380539 1712.010084174573 25.60452541708946 924.814164608717 461.945222876966 35.75141783058643 3.970363549888134 0.5157873407006264 0.116842232644558 0 0.1481838375329971 0 0 0 0.083109050989151 0 0 0 0 0.1861373335123062 0 0 28.24627043306828 1.123569175601006 1.918899789452553 0.3070409819483757 0.08386807143688202 0 8.684438742697239 0.1211864799261093 0.5026821121573448 0 0 0 0 0.1536313220858574 0.1531081348657608 0.4935722276568413 29.63321859389544 1.995482876896858 0 0 0 0 0 0 3.038814641535282 3.607273139059544 61.86189193278551 64.57263078540564 22.76174156367779 24.92098624259233 0 0.2267425209283829 0.1634665951132774 8.156211510300636 1.768495157361031 0.9676650837063789 0.09727255254983902 0 0.292962372303009 0.08228357881307602 9.064537882804871 0 0 50.1854297965765 8.107820697128773 37.28411259502172 3.056887328624725 0.3417907953262329 0.1940851360559464 0.6507885903120041 0.3096891269087791 0.1049549281597137 8.965621791779995 0.1047729253768921 1.417533308267593 0.8747852444648743 0.08416891098022461 0 0.1846841648221016 0 0.07279109209775925 0 0 0.09467590600252151 0 90.25486326217651 1.390360862016678 0 0.7841093838214874 707.4154732450843 0 0 0.3096041083335876 0 0.1180737763643265 1.295002579689026 0.5814114660024643 0 0.8481445014476776 2.497580453753471 0.2773709893226624 3.57293164730072 3.779647119343281 3.992197781801224 0.6635042130947113 0 0 0 0.3392386734485626 0 0 0 0 0 0 0 0 0.9477477073669434 0 0.8987102508544922 0 0 0 0 0 1.130875825881958 0 0.3750174045562744 0 0.8723555952310562 0 3.088879615068436 0.4382466077804565 0.7571687400341034 0 0 0 0 0 0.6473038792610168 0 0 0 0 0 0 0.5236861705780029 0 0 0 0 0.1464066505432129 0 0.3996521234512329 0 0 2.703492254018784 0 0 0 0 0 0 0 0 0 1.754344217479229 0.4553341269493103 0 0 0 0.4198483973741531 0 0 0 0 0 0 0 0 0.1124282777309418 0 0 0 0 0 0 3.32626648247242 0.7527516782283783 0.7244139909744263 232.7622403278947 3.24712847918272 41.78661919385195 8.324244193732738 793.3181926459074 0.7014576196670532 1.682059526443481 5.358637429773808 16.1331807076931 0 0 0 15.75211809575558 0 0 0 0.2948381677269936 0 139.5704855397344 3.647536009550095
110.3613786548376 1852.402551807463 1142.898151934147 82.96098034083843 1635.613112308085 6.363034218549728 1189.291152007878 110.3298286870122 3015.610367812216 221.9235444366932 972.2569427713752 36.24184643477201 794.7903264909983 2254.250269882381 14.41714849323034 4.461570337414742 0.6533821076154709 0.1690251529216766 0 0.09376446902751923 0.08456344902515411 0 0.09735719859600067 0.1638216227293015 1.015649929642677 0 0 0 0.1292218863964081 0 53.58361010998487 12.01720986515284 3.807563163340092 0.1934255510568619 0 0.08822336792945862 12.41912604868412 0.9355383664369583 0.4198324382305145 0.3524666428565979 0.1888307258486748 0.286459356546402 0.1698507964611053 0.8864454552531242 0.5122291892766953 0.6712815314531326 58.29480981826782 1.956283241510391 0.4912308230996132 0.1558277010917664 0.124292679131031 0.08543866127729416 0.5090506225824356 0 2.336162239313126 5.518072441220284 19.3630500510335 59.02277426421642 12.8121647760272 33.38289604336023 0.6798692643642426 0.5729635134339333 0.4967754036188126 46.11724153906107 3.018181905150414 1.60127267986536 0 0 0.7657371610403061 0.1760447770357132 10.93342242389917 0 0 53.19896022230387 31.61353240162134 82.31704412400723 20.49301411211491 3.123031906783581 2.001732647418976 5.880286999046803 1.172233924269676 0.836411789059639 16.3793782889843 0 2.918027371168137 2.014511935412884 0.3736128956079483 0 0 0 0.1144009903073311 0 0.1791630685329437 0 0 41.56972016394138 1.893826633691788 0 1.11410653591156 19.17010086774826 0 0 0 0 0.4059790819883347 0 0 0 0 0.3159922361373901 0 3.290718123316765 3.119498960673809 1.75663547962904 0.7965860962867737 0 0 0 0 0 0 0 0 0 0 0 0 0.2662520706653595 0 0 0 0 0.7036455869674683 0 0 0 0 0 0 1.396941721439362 0.4152055382728577 4.04220800101757 1.745158463716507 0.7879171818494797 0 0 0 0 0 0 0 0 0 0 0 0 0.7975980341434479 0 0 0 0 0 0 0 0 0 2.057919770479202 0 0 0 0 0 0 0 0 0 1.683716058731079 0 0 0 0 0.2545395493507385 0 1.132407456636429 0 0 0 0 0 0 0 0 0 0 0 0 0 2.113054603338242 0.274813175201416 0.709910973906517 187.0315271094441 5.452325329184532 75.76535349339247 11.86902579665184 26.40623564273119 1.34757911413908 0.718619093298912 5.215836718678474 4.299897119402885 0 0.2575576305389404 0.3419761955738068 1.120556011795998 0 0 0.1216811984777451 1.281993746757507 0 18.10411564260721 3.037623018026352
166.2193063423038 220.5250161290169 9.563145138323307 514.3462335765362 6.363034218549728 18.56528629362583 39.10092169046402 3.133271187543869 4.259199947118759 663.6653084382415 4.438814550638199 158.7332505136728 62.78152734041214 14.03594604879618 0 0 0 0 0 0 0 2.063180021941662 0 0 0.1336382776498795 0 0 0 0 0 7.05295318365097 0.6014140248298645 2.541580781340599 0.1576767116785049 0.1912814676761627 0.6077693104743958 9.414420798420906 1.764273434877396 0.7516354322433472 0.2653375267982483 0 0 0 0 0 0 0.3616421222686768 0.2203049585223198 0 0 0 8.368603274226189 1.10512962937355 0.1676460951566696 0 0.3853209689259529 95.6446018666029 7.768196664750576 3.105364620685577 0.3371933996677399 0 0 0 0.5846240967512131 0 0 0 0 0 0 52.95066954195499 136.569103166461 6.593049541115761 2.636805467307568 0.1499023884534836 0.8172257468104362 0.2667738199234009 0 0 0.3076434731483459 0 0.1421305239200592 0.3838127702474594 0.3336659148335457 0.1060935035347939 0.08114165067672729 0 0.3665823414921761 0.9226997196674347 8.553276591002941 1.103898018598557 1.165738373994827 0 0 0 389.9049937427044 15.21320536732674 28.00479561090469 5.256228506565094 438.1378176808357 0 0.3356196582317352 0 0.6018814444541931 0.8132029175758362 0.9968641102313995 4.071208953857422 0.5058441460132599 0.6409378498792648 5.627031311392784 0.9674892723560333 7.470716372132301 7.593423582613468 4.930333815515041 2.303591266274452 0 0 0 0.1092123538255692 0 0 0 0 0 0 0 0 1.904145732522011 0 0.5763246938586235 0 1.408180430531502 1.445680737495422 1.01181348413229 0 0.2932170182466507 0.1396151632070541 0.3882483243942261 0.158392608165741 3.280986823141575 0.8758716583251953 2.644011653959751 2.124071389436722 1.393346056342125 0 0 0.1175058931112289 0 0.6848436594009399 0.2484069168567657 0 0 0 0 0 0 3.341214343905449 0 0 0 0.1514074206352234 0 0.2351264208555222 0.311026006937027 0 0 1.872551932930946 0 0 0 0 0 0 0 0 0 1.973483830690384 1.395012021064758 0 0 0 0.5339507609605789 0 0 0.7194968461990356 0 0 0 0 0 0 0 0 0.08092865347862244 0.1059203669428825 0 0 6.850417733192444 1.318147286772728 2.010504715144634 301.6436759829521 0.2759641408920288 0.7442857325077057 0.161111518740654 326.5471336096525 4.449722364544868 0 0.1810033619403839 29.86220571398735 0 0 0 25.12195684015751 0 0 0 0 0 227.9155157506466 10.19613793492317
201.2707143127918 1398.731713555753 290.9216706082225 380.9541760608554 1189.291152007878 39.10092169046402 456.8955411314964 71.33793994784355 1019.836692728102 2208.748294182122 445.9731757566333 837.8015292212367 2845.24832932651 1463.411623939872 32.95491576194763 12.51888553798199 1.261905342340469 0.2249725759029388 0.3721015006303787 0 0.2683937177062035 0.1088905557990074 0.08749926090240479 0.5758477970957756 4.682849399745464 0.5984618961811066 0.609765313565731 0.5772492587566376 0.2029560729861259 0.3557343780994415 49.53209036588669 33.97772448509932 18.92207401245832 1.409639537334442 0.9494694471359253 1.943887509405613 60.10247507691383 4.725514106452465 2.26069263368845 0.9131244942545891 0.1142328307032585 0.2855779826641083 0.7625111863017082 0.741438128054142 0.3719835877418518 1.201866239309311 142.5961557477713 2.582277603447437 0.4459962919354439 0.278984472155571 0.1052194535732269 0 1.292213633656502 0.0860510915517807 6.958908051252365 7.077300384640694 26.0279072150588 74.4325380474329 23.68668887764215 62.21268592774868 1.795009203255177 2.879353895783424 1.712776191532612 76.68316633999348 4.636013083159924 2.194808676838875 0.1686209887266159 0.7124661207199097 0.4743776395916939 1.346113994717598 106.5245997309685 3.35570402443409 0.1130739524960518 88.6938686594367 50.93953064829111 154.787742562592 37.16403202712536 6.249526992440224 2.473409421741962 26.08333674818277 1.062247559428215 5.573737293481827 26.12971630692482 0.07534325122833252 3.637696675956249 2.492194890975952 0.367555558681488 0 0 0 0.08832143247127533 0 0.5158030167222023 0.2310409173369408 0.2785195112228394 324.2510223388672 5.175812155008316 0 6.015060350298882 49.21348856389523 0.09512859582901001 0.6857513785362244 4.055352881550789 5.427497535943985 4.235981106758118 1.952710285782814 5.091829061508179 3.994594916701317 7.550929218530655 8.269495666027069 3.563680879771709 19.12140472233295 20.61993043124676 16.21676491200924 10.28068803995848 0 0 0 0 0 0 0.1289453506469727 0 0 0 0 0 2.395730830729008 0 0 0 0.6344758272171021 0 0 2.409522689878941 1.244614496827126 0 0.3726685345172882 0.7355009913444519 12.71002413332462 2.211126916110516 28.17748689651489 5.094210542738438 3.06444725394249 0 0 0 0 0 0 0 0.2680048123002052 0 0 0 0 2.547870621085167 0 0 0 0 0.4523801133036613 0.5837979167699814 0.502804160118103 0.8425681889057159 1.578829914331436 13.71772080659866 0.1111386343836784 0 0 0 0 0 0 0 0 13.65563457459211 0.1016394048929214 0 0 0 3.567673027515411 0 1.448722302913666 0.357310488820076 0 0.2666559517383575 0 0 0 0 0.09648703783750534 0 0 0 0 0 9.753006748855114 6.233823984861374 10.703443787992 582.6346668973565 10.03376419842243 184.1066971123219 30.1349186450243 93.97962817549706 4.328610651195049 1.311416134238243 21.68044183403254 36.68056090176105 0 3.530657842755318 1.643878296017647 28.12246391177177 0 0 1.270313858985901 4.436552599072456 0.6127246618270874 84.24340078979731 16.14062709361315
262.6720638424158 983.4693725705147 2653.585441492498 32.43058506399393 110.3298286870122 3.133271187543869 71.33793994784355 1154.419052489102 100.1145880073309 32.17914652824402 4485.235941030085 51.45208068937063 340.8858997374773 2285.731250010431 58.11179069429636 56.48664669692516 4.784898787736893 3.421455018222332 0.5098410323262215 5.774391733109951 14.92930115759373 0.4995053112506866 38.83502572029829 36.30132357776165 50.43625077605247 10.71278639882803 27.54853586107492 3.612256780266762 1.174630470573902 7.322207979857922 1660.985230416059 1621.072658568621 240.8064914345741 17.52886006981134 48.09562815725803 69.67097317427397 176.6876352876425 29.57148443162441 6.116121329367161 8.304752334952354 16.49101634323597 7.708250939846039 18.01196826994419 28.42474388331175 2.468820981681347 20.93989074975252 138.0328948795795 4.186717785894871 3.122175388038158 8.900517046451569 2.187673658132553 0.3011284843087196 1.503362283110619 1.512602522969246 6.09658832103014 5.794325649738312 63.74510441720486 301.0414280965924 40.56950525939465 58.92360540479422 87.33291884511709 560.7141695767641 71.83605637401342 385.327728047967 4.008056685328484 2.255025148391724 1.25846853107214 2.24735376983881 11.58600303530693 22.97569703310728 34.57347084581852 5.011571690440178 0.1180942431092262 132.4408255741 73.44469512999058 180.0292061418295 221.5738794654608 304.2588351890445 354.6339407786727 3635.22739456594 91.24489386379719 1967.636966399848 23.11579063534737 0 3.775138013064861 1.953077100217342 3.48152893409133 0.08642284572124481 0.5863176137208939 0 0.9061889499425888 0.07562288641929626 19.50824587792158 5.448196604847908 4.174023918807507 33.84174788743258 1.81569717079401 0 5.05233458429575 65.05847796052694 0.2887204587459564 0 0.322770893573761 0.3317367434501648 1.317613743245602 0.717760443687439 2.746492028236389 0.2411334812641144 1.143956497311592 1.464660033583641 0.9631048440933228 8.035360351204872 9.226223781704903 7.707429476082325 7.778002224862576 0.2167646139860153 0.4857258498668671 0 0 0 0 0 0 0 0.1763307899236679 0.09750834852457047 0 3.213181301951408 0 0 0.3173032104969025 0 0 0.5126504227519035 0.7570680230855942 1.361409530043602 0 0.3386576622724533 0 9.274200223386288 2.123868018388748 24.29328918457031 4.992125108838081 2.400575667619705 0 0.104528933763504 0 0 0.09810902923345566 0.9345101565122604 0 0 0.1111539676785469 0.1364283114671707 0 0.1228556409478188 2.661655053496361 0.4737870618700981 0.09828551858663559 0 0 0.4624684378504753 0.08418544381856918 0 0 0.3792131841182709 7.11802563816309 0.4987130612134933 0 0 0 0 0 0 0.08823471516370773 0 8.6475884988904 0.4033679366111755 0.0999927893280983 0 0.3869599476456642 1.719333603978157 0.8326807171106339 0.8256601691246033 0.3286295235157013 0.3024001717567444 0.3072523772716522 0 0.1219538301229477 0 0 0.0886746346950531 0 0.1324854046106339 0 0.1429906338453293 0 6.872111104428768 5.738952182233334 9.470682166516781 522.2616376727819 16.64701388776302 205.2628806233406 46.3390936627984 28.79451277107 5.653685592114925 1.192502774298191 23.87174116820097 23.1829966455698 0 1.711157664656639 0.6965559720993042 16.35172193497419 0.2775148749351501 0 0.1175020560622215 11.69671384245157 0.7084771990776062 73.5135114043951 7.811002336442471
10.06671832501888 454.7107705175877 988.7374039068818 6.091175526380539 3015.610367812216 4.259199947118759 1019.836692728102 100.1145880073309 876.3651855885983 88.62906735390425 1148.021079659462 26.36642646789551 1419.648052573204 1465.732521824539 8.013251475989819 2.79248433560133 0.7114939838647842 0.136259913444519 0.1070527657866478 0.09003036469221115 0 0 0.5073946341872215 0.1315391510725021 0.2296179831027985 0 0 0.3914194777607918 0.4436664581298828 0.7025518417358398 14.82217245548964 10.7068282365799 2.751513421535492 0.4613399505615234 0.2222936227917671 0.2644570469856262 6.667753860354424 1.28239843249321 0.5223342776298523 0.5418863520026207 0.1387946009635925 0.1006482541561127 0.1767799407243729 0.1260897368192673 0 0.2551335915923119 23.36154454946518 0.6514425054192543 0.2449245005846024 0 0 0 0 0 0.9138142615556717 0.5753173604607582 3.198100447654724 16.09292863309383 3.796387694776058 9.273103073239326 0.08465109765529633 0.8778945356607437 0.2647683471441269 21.3572565689683 0.4540886804461479 0.310721330344677 0 0 0 0.08105636388063431 10.76811252534389 0.3881213963031769 0 13.76700314879417 11.03637854754925 28.64138475060463 9.108925096690655 1.417292453348637 1.295522838830948 6.502796694636345 0.3208838701248169 2.552939474582672 3.530428439378738 0 0.5005590692162514 0.2120426520705223 0.1655648648738861 0 0 0.09347677230834961 0 0 0.1931109204888344 0 0.1385087221860886 50.16777591407299 0 0 0.912618413567543 5.104406803846359 0.08607928454875946 0 0 0 0 0.4697238206863403 0 0.2792001366615295 0 0.6757836788892746 0.6728293225169182 0.6348953023552895 3.406875394284725 2.065986707806587 0.69557885825634 0 0 0 0 0 0 0 0 0 0 0 0 0.6080489754676819 0 0 0 0 0 0 0 0 0 0.4242565035820007 0 2.646988764405251 0.6274021863937378 4.160924412310123 0 0 0 0 0 0 0 0 0 0 0 0 0 0 0.8315573930740356 0 0 0 0 0 0 0.2397283315658569 0 0.3913064002990723 0.5455439984798431 0 0 0 0 0 0 0 0 0 4.177761785686016 0 0 0 0 0.4399773180484772 0 0 0 0 0.4000850915908813 0 0 0 0 0 0 0 0 0 0 2.366161525249481 0.7243749499320984 1.62982340157032 94.31395165622234 3.883571483194828 32.17303932458162 6.174842782318592 7.191747158765793 0.7993357926607132 0 4.699006959795952 6.158895224332809 0 0.5270271003246307 0 4.787416398525238 0 0 0 1.630900800228119 0 13.67909699678421 0.7652082741260529
840.0406923517585 2291.095096208155 82.25725655257702 1712.010084174573 221.9235444366932 663.6653084382415 2208.748294182122 32.17914652824402 88.62906735390425 1468.155470944941 30.45032585412264 2403.046376116574 5870.168731689453 362.8186432048678 37.08684000372887 15.26895253360271 2.953949600458145 0.06819428503513336 0.2720170244574547 0.3937495574355125 0.2781868875026703 1.844535551965237 0 0.2977749109268188 12.94611472636461 0.5827207043766975 1.870762072503567 0.3645789176225662 0.8884516805410385 0.4116396754980087 26.92837649583817 19.68919288367033 38.22015634924173 0.3630264550447464 0.2567007020115852 3.709163337945938 140.4127385318279 12.61400339752436 8.316019594669342 2.269692644476891 0.9626912698149681 0.334276556968689 0.3872586563229561 1.134117394685745 0.7379774376749992 1.665771849453449 145.9818250089884 2.165899008512497 0.8354473635554314 0.469179131090641 0.1894848570227623 0.5947903618216515 2.212563790380955 0 6.392396152019501 5.403433009982109 76.0676881223917 48.09945070743561 27.11922907084227 40.40228898078203 2.02947661280632 5.460417248308659 1.008843056857586 26.63503094762564 3.655365377664566 1.633256539702415 0 0.09343794733285904 0.2759886607527733 0.08060046285390854 530.0284239351749 12.32427691668272 0.6845271587371826 49.89630503952503 25.561662517488 112.4177323505282 21.94350065290928 6.322157926857471 2.193443231284618 22.8112119436264 0.6091166660189629 4.073970042169094 16.30871301144361 0.1211974993348122 2.897130206227303 1.889975257217884 0.454576350748539 0.09546429663896561 0.1908970549702644 0.7270046770572662 0.2016593888401985 0.1129579767584801 0.1949804276227951 0.352122537791729 0.2189805954694748 869.6945809572935 69.60280220210552 5.662223726511002 18.10505568981171 589.4002704247832 1.18587227165699 13.9717311412096 15.34558311104774 13.44550123810768 14.04038469493389 18.21805790811777 32.81131854653358 11.4684042930603 16.46859601140022 50.77738536894321 9.472661152482033 73.47272193431854 85.21397083252668 57.57051126658916 31.89440485835075 1.149043321609497 0 0 0.5012990832328796 0 0 0 0 0 0 0 0 8.438439667224884 0 1.124955356121063 0 0.7736246585845947 0.9598824381828308 0.7990849018096924 4.575356923043728 5.241975232958794 1.158964514732361 5.217402681708336 0 29.93530080467463 7.709481738507748 60.33406103402376 15.01626102626324 7.034477859735489 0 0 0 0.3068447709083557 2.470765739679337 5.799671649932861 0 0.5116642713546753 0.9044853448867798 0 0 0 10.85395703464746 0 0.2919579148292542 0.6473382711410522 0 1.212127059698105 1.268394231796265 5.434754721820354 2.44172728061676 1.737928986549377 33.69970985502005 0.4187797755002975 0 0 0 0 0 0 0 0 40.36329190433025 0.2234707251191139 0 0 0 5.672584764659405 0 2.712014056742191 0 0.5263033360242844 0.1772897392511368 0 1.124707579612732 0 0 0.104395717382431 0 0.08123072981834412 0 0 0 68.04055502265692 12.5899969637394 21.64113456010818 2290.109120935202 26.14953400194645 243.0861205086112 44.91642238944769 1232.176538616419 9.926010720431805 11.77647642791271 37.96283593773842 188.3443124443293 0 6.661853842437267 3.931556418538094 196.9134382531047 0 0 0.2774932682514191 8.299916431307793 2.134713724255562 444.0305598825216 81.437509521842
105.2868097350001 1192.387350849807 1669.414776228368 25.60452541708946 972.2569427713752 4.438814550638199 445.9731757566333 4485.235941030085 1148.021079659462 30.45032585412264 1711.711464904249 59.28183531016111 1577.860126450658 2848.952974043787 31.44072482734919 44.75118350237608 2.757275693118572 0.8867497816681862 0.6180661022663116 0.7519333586096764 1.215703837573528 0.1473853141069412 6.11684388667345 5.437079429626465 33.56683783978224 4.12783445417881 11.85817377269268 0.9997928738594055 0.8556902036070824 2.169096946716309 305.5979117751122 97.05894749611616 277.5946447998285 1.600121274590492 9.282022349536419 25.02344021201134 333.2851511314511 57.08869410306215 7.338625252246857 6.351008735597134 4.282404378056526 1.38069050014019 1.155882820487022 4.039268307387829 0.7191077619791031 1.59315937012434 83.89586788415909 1.033552572131157 1.522894732654095 0.987762838602066 0.2113340198993683 0.1060011014342308 3.72746155411005 0.7861875295639038 2.944291539490223 4.394237421452999 22.31867691874504 85.61521297693253 12.76888159662485 28.44703134149313 7.378728799521923 60.72991693019867 8.05433251708746 71.94746051728725 2.670581072568893 1.380643546581268 0.4336990863084793 0.2774358540773392 0.7544667422771454 2.367566309869289 86.00514954328537 1.928029738366604 0.4265505373477936 58.26540559530258 26.78211127966642 89.28170970827341 36.74124386161566 17.30593644082546 12.37894574552774 1247.162497259676 1.217939883470535 32.17048569768667 11.4858071282506 0.07108496129512787 1.648337997496128 0.9783779829740524 0.9101826027035713 0 0.591698981821537 0.1075885891914368 0.2492621541023254 0.07653821259737015 2.942584432661533 1.101053759455681 1.037468507885933 37.53203097730875 1.682710275053978 0 6.488022111356258 22.86837328970432 0.2146847546100616 0.1286725103855133 0 0 2.24719999730587 1.373629532754421 0.3250321075320244 1.310563683509827 1.521979793906212 1.796089291572571 0.6962861493229866 7.105580545961857 7.160808950662613 8.687838226556778 6.143273644149303 0.2969364374876022 0 0 0 0 0 0 0 0 0 0 0 3.883224114775658 0 0 0 0 0.344094455242157 0 0.9725442677736282 1.888181708753109 0 0.830352894961834 0 5.850155517458916 1.225514493882656 13.76559858769178 4.236533395946026 1.905911028385162 0.2047580033540726 0 0 0.1289560794830322 0 1.268525280058384 0 0.08196759223937988 0.1291669309139252 0 0 0.1076452061533928 1.249970003962517 0.3637435287237167 0 0 0 0 0.2919518798589706 0 0.2224461585283279 0.2411475330591202 7.57634375244379 0 0 0 0 0 0 0 0 0.1016504988074303 11.47418829798698 0 0 0 0.08060486614704132 0.893918514251709 0 1.072486996650696 0.2825643196702003 0.1815196871757507 0.1185091808438301 0 0 0 0 0 0 0 0 0 0 4.77284000813961 4.320860430598259 5.652436383068562 325.7698119282722 8.524149537086487 117.7071186453104 25.48385543376207 17.1852048933506 2.517245896160603 0 15.18569474667311 11.527059674263 0.3108596205711365 1.424562193453312 0.1812168061733246 6.98028264939785 0 0 0.1005473434925079 7.585226245224476 0 43.1176398396492 5.850272230803967
105.6156116575003 249.2918110266328 117.2880969643593 924.814164608717 36.24184643477201 158.7332505136728 837.8015292212367 51.45208068937063 26.36642646789551 2403.046376116574 59.28183531016111 147.233516395092 2019.547920115292 171.9927117675543 7.963911592960358 11.1921097189188 0.4916034936904907 0 0.1124428808689117 0 0.3298646509647369 1.617474660277367 1.117438770830631 0.4364440739154816 9.563004806637764 0.8867005258798599 2.168692283332348 0.1757423728704453 0 0 12.87403248995543 8.243200682103634 58.10753805190325 0 1.529358297586441 5.462223254144192 143.930522121489 9.321954891085625 2.993923664093018 2.101793684065342 1.02041731774807 0.2467385083436966 0.2230254262685776 0.6072054356336594 0 0.534608356654644 17.53300673514605 0.3390676826238632 0.1194409653544426 0.3890162110328674 0 0 1.750721104443073 0 0.6421614959836006 0.3226113766431808 5.478548064827919 6.522819012403488 1.278990231454372 3.436412058770657 1.32395800948143 9.210660010576248 0.9202748909592628 7.160561427474022 0.4975808039307594 0.16459059715271 0.09477376937866211 0.07674260437488556 0 1.029435321688652 191.098635725677 3.156755618751049 0 7.341879606246948 4.009248539805412 12.44667488336563 7.389765731990337 7.087283536791801 0.4092581048607826 47.20254743844271 0.3100332841277122 1.709159292280674 2.262207590043545 0 0.6867431402206421 0.2072434797883034 0 0 0 0.1659165471792221 0 0 0.4568110629916191 0.1103004068136215 0.1914646774530411 326.2661253064871 1.695022158324718 0 5.470393180847168 39.04471383988857 0.20547866076231 3.641235575079918 3.437693774700165 1.120968624949455 10.11202148348093 4.144228875637054 5.159288391470909 4.314175888895988 5.645263031125069 7.387216627597809 7.09707897901535 36.09843687713146 30.10202576965094 30.65966985374689 14.2891263961792 0.2411904335021973 0 0 0 0 0 0 0 0 0 0 0 1.497463166713715 0 1.885854065418243 0 0 0 0 5.004832871258259 3.019982635974884 0.2284999936819077 1.222145080566406 0 19.63827584683895 4.459112107753754 35.29962313175201 6.945885509252548 1.430148020386696 0 0 0 0 0 0 0 0 0.325275257229805 0 0 0 2.535079404711723 0 0 0.1515917778015137 0 0.1059586107730865 0.09164693206548691 0 1.034661680459976 0.1872952580451965 16.25322898477316 0.324379563331604 0.635904848575592 0 0 0 0 0 0 0.1671761125326157 27.43180342018604 1.072811871767044 0.2000826448202133 0 0 5.675163500010967 0.1084768623113632 1.246306739747524 0.08251231908798218 0.09155943244695663 0 0 0 0 0 0 0 0 0 0 0 21.11599182337523 8.687815815210342 11.88219187408686 193.5524115934968 4.548863008618355 31.70546358078718 8.943291895091534 106.1890577897429 1.073350042104721 0.1578606516122818 3.28551671653986 51.17309004068375 0 4.33977222442627 1.830855756998062 40.31493264436722 0 0 0 1.513276517391205 0.8263581097126007 157.7142049521208 30.2511900216341
83.19107501581311 581.7972076907754 440.0041999071836 461.945222876966 794.7903264909983 62.78152734041214 2845.24832932651 340.8858997374773 1419.648052573204 5870.168731689453 1577.860126450658 2019.547920115292 3126.26142603904 2104.029782250524 39.78470309823751 44.68445240706205 2.939676605165005 0.5890996605157852 0.5250147581100464 0.5362788662314415 0.8206958472728729 1.095139354467392 3.996147625148296 3.256295524537563 32.01633640378714 2.32233352959156 8.214680179953575 0.3546219021081924 0.628411278128624 2.524291820824146 57.37498702853918 38.07715096324682 239.1860073208809 1.191387824714184 5.828993797302246 16.57992246747017 440.4622847959399 33.94933039695024 11.75131974369287 10.06951039284468 1.581491813063622 1.747953072190285 0.7965050414204597 3.277374960482121 1.123857215046883 0.8836288973689079 85.13167795538902 1.968444131314754 1.882806479930878 0.5540385916829109 0.1352667510509491 0.1668461784720421 1.762365609407425 0.2242409288883209 2.636971116065979 3.667610645294189 12.55404046177864 39.01109098643064 11.03855486959219 24.46135038882494 3.70064490288496 22.50852604210377 5.873636819422245 33.8326840698719 2.162690378725529 1.415358237922192 0.1818142533302307 0.3580041453242302 1.047426462173462 2.013459488749504 703.4309665039182 6.449753671884537 0 39.52189829945564 26.53853221237659 85.45348438620567 28.8231381252408 17.885213278234 2.215691514313221 169.8477321341634 0.9488160684704781 13.11527386307716 10.94544171541929 0 1.477927938103676 1.075812742114067 0.3852795138955116 0 0 0 0.09104494750499725 0.2172194048762321 1.609083019196987 0.3090230524539948 0.2691948339343071 1235.751741580665 9.057611033320427 0.5434237197041512 19.87464558333158 36.06019875407219 1.000916942954063 2.626182153820992 4.139170184731483 6.357756406068802 14.02716618031263 6.639442257583141 10.24966534227133 7.130947612226009 17.80683069676161 24.81484039872885 9.489347755908966 74.6043659299612 68.75828390568495 63.07085456699133 39.52131552994251 0.8014993891119957 0 0 0.1682293117046356 0 0 0 0.1266895085573196 0 0 0.4861075878143311 0 9.295942611992359 0 1.564084589481354 0 0.5636358261108398 0 1.461235776543617 5.855546243488789 6.880730912089348 0.5829551815986633 5.026881620287895 0.8423491716384888 37.33370507508516 6.210497632622719 78.75999808311462 15.49882236868143 5.114214904606342 0.1737932711839676 0 0 0 0.1908005625009537 2.066643118858337 0 0.3039490282535553 1.619595125317574 0 0.3695744350552559 0 5.412339232861996 0 0 0 0 0.8442478254437447 0.8362855017185211 3.550514847040176 0 2.701037235558033 38.70620178431273 1.722274303436279 0 0.08703474700450897 0 0 0 0 0 0.1507969051599503 58.32891447097063 0.8971900939941406 0.1097355559468269 0 0 10.63380387425423 0.1861871927976608 2.925881959497929 0.4504510909318924 0.7409399300813675 0.4401955381035805 0 0 0 0 0 0 0 0 0 0 37.76077262312174 17.08828470855951 32.04683560878038 511.9465244263411 9.338590681552887 138.4044335260987 26.50748009234667 88.34754987061024 2.191914692521095 1.023492321372032 18.31221832334995 87.49280433356762 0 8.089146681129932 2.312824293971062 63.81675682961941 1.435388773679733 0.1425642669200897 0.1610298454761505 4.392721757292747 0 212.1381821706891 44.99531550705433
97.69182490557432 705.2015945464373 1189.437758490443 35.75141783058643 2254.250269882381 14.03594604879618 1463.411623939872 2285.731250010431 1465.732521824539 362.8186432048678 2848.952974043787 171.9927117675543 2104.029782250524 1346.730737235397 52.0147697776556 60.68064947426319 4.629915416240692 0.3045434281229973 0.4447112306952477 1.043324783444405 1.642864160239697 2.115246988832951 3.516460932791233 3.758198291063309 57.03549332171679 3.675891742110252 9.308804355561733 2.901952229440212 1.572483770549297 3.881651505827904 268.0476480796933 83.99171476811171 682.873276129365 1.499664798378944 5.009628109633923 23.1922193467617 1390.529951840639 84.68039476126432 9.903192415833473 18.6367756575346 3.268336690962315 2.661982588469982 1.558668993413448 5.134983420372009 1.388318456709385 2.11162456125021 131.8717726990581 4.017105646431446 1.313794806599617 1.295492842793465 0.3073648810386658 0.4386706128716469 2.611763380467892 0.6958383321762085 7.084334075450897 7.696367383003235 37.18970181047916 122.1976994052529 24.6975866779685 55.70311307907104 6.409086734056473 65.11929953098297 8.687204770743847 98.40050269663334 5.162709824740887 2.109940093010664 0.6072976142168045 0.9150084555149078 0.7352370247244835 2.243463970720768 310.9776487126946 3.625388473272324 0.1273841857910156 91.22832104936242 54.17512939870358 168.8142979741096 55.27335678786039 22.41379659995437 7.62785068154335 865.409543722868 3.351343631744385 38.88010635972023 24.00256289541721 0.1018911972641945 3.873625449836254 1.916783809661865 0.6266812682151794 0 0.2746159136295319 0.2001550495624542 0.4884751960635185 0.120934434235096 1.056894309818745 0.446720577776432 1.147710762917995 223.9736088365316 10.59779605269432 0.7974159568548203 13.32950355112553 39.55541548132896 0.5359918400645256 0.7505825310945511 1.17040242254734 1.30202279984951 8.246062807738781 4.548096179962158 3.512896195054054 4.827223658561707 5.469923406839371 8.939142987132072 5.57657928019762 36.40247191488743 42.43100643157959 37.68328310549259 18.63547330349684 0.5355569496750832 0.2923317849636078 0 0.8443940877914429 0 0.3936090767383575 0 0 0 0 0 0 4.261052526533604 0 0 0 1.140860229730606 0 0 3.782249517738819 7.931450977921486 0 1.923009485006332 0.1276629418134689 23.92010601609945 3.803270123898983 41.20247867703438 7.712296530604362 4.113937094807625 0 0 0 0.1567115038633347 0 0.7227743342518806 0 0 0.3501580357551575 0 0 0.1460011899471283 3.237015679478645 0 0 0 0 0.1194560453295708 0.7764724344015121 0.2222689241170883 0.2752515971660614 1.094224140048027 19.14258454740047 0.4508594423532486 0 0 0 0 0 0 0 0 34.17788518220186 0.3170987218618393 0.2534480541944504 0 0 5.103200666606426 0.2801454663276672 4.479333318769932 0 1.045731633901596 0.3240136802196503 0 0 0 0.269234724342823 0 0 0 0 0 0 25.83413247019053 12.13354885578156 22.72357656806707 557.3046525791287 19.74026297777891 196.1971955671906 38.97558926790953 44.32483980804682 3.312860384583473 1.479514613747597 20.98092286288738 44.39105256646872 0 5.743652798235416 2.056856125593185 38.23271031677723 0.1109782010316849 0 0.4227436184883118 7.992514587938786 0.1473560631275177 125.3169513419271 29.56585091352463
