248.8428160473704 3105.127900369465 718.0895182788372 1697.853542380035 74.91845753788948 69.81351433694363 223.2930645793676 57.2275303080678 21.92101503163576 1233.543318845332 79.81702290475368 133.6790082603693 87.86173062026501 95.49595258384943 0.508938156068325 0.7172187715768814 0 0.1591233462095261 0 0 0 0 0 0 0 0 0.1438013017177582 0.1198730915784836 0.1804638057947159 0.1116692200303078 883.2532324567437 1.579407773911953 6.621023386716843 0 0 0 10.15855097770691 0.7457696348428726 2.209509737789631 0 0.2553962469100952 0.1344074010848999 0.2572249695658684 0 0 0.08556223660707474 18.96185532957315 1.212477155029774 0 0.4079904481768608 0.2676832675933838 4.398757912218571 0 0.1139415577054024 10.4176564514637 10.90530939400196 169.204968214035 1001.847962863743 95.53643524646759 9.927144825458527 0.139135330915451 0.7396641820669174 0.1118225604295731 9.568582452833652 2.842675432562828 0.3057933822274208 0.3414719328284264 0.3457719683647156 0.2440134957432747 0.348625436425209 55.50719255954027 19.04560193419456 0.8661778271198273 287.4279479682446 8.000898852944374 3.870391190052032 1.586466826498508 0.958081990480423 0.4561132043600082 25.62632073462009 0.1265069842338562 1.628088347613811 7.151581756770611 0 0.3573540076613426 2.730069257318974 0.4624528586864471 1.066777236759663 0.4245874136686325 1.307623036205769 0.7627948150038719 0.8365198075771332 0 0.2285920530557632 0.6974211484193802 153.7036176547408 21.69279785454273 5.760092854499817 8.679069131612778 1177.064843133092 0 0 0 0 0 3.052145510911942 0 1.943483084440231 1.67978823184967 0 0 0.3566831052303314 3.111401110887527 0 0.7359029352664948 0 0.1102057918906212 0 0 0 0 0 0 0 0 0 0 0 0 0 0 0.2854285165667534 0.5023725181818008 0 1.64644193649292 0 0 0 0 0.9374602884054184 0 0.4279923737049103 0.7373040765523911 0 0 0 0 0 0 0 0 0 0 0 0 0 0.2563223838806152 0 0 0 0.3238179087638855 0 0 0 0 0 0.5167558193206787 0 0 0 0 0 0 0 0 0 0.2837559878826141 0 0 0 0 0 0 0 0 0.1486490219831467 0 0 1.108593940734863 0 0 0 0 0 0.1521976441144943 0 0 1.654961086809635 0.132466733455658 0.8576971888542175 222.278587654233 2.890024557709694 193.4709132015705 29.11686180531979 721.2988880127668 27.78385013341904 3.186148263514042 6.10161542147398 25.36249725520611 0 0.7167336642742157 0 0.7928138375282288 0 0 0 0.2360311150550842 0 264.4354687035084 2.788694858551025
3105.127900369465 5201.67856297642 1531.284171260893 4494.925588555634 1832.518447443843 31.20179039984941 4101.310008913279 311.5534536018968 3486.883266434073 2564.888766601682 946.8283498212695 208.5502301156521 1498.481744021177 1708.350416667759 14.97009051591158 1.693719789385796 2.07420614361763 0.8841599896550179 0 0 0 0 0 0.752493254840374 0.4682655707001686 0.8079170063138008 0.8339667096734047 0 0.8775017186999321 0 1928.056658349931 21.59721947461367 7.19196692109108 0.141915887594223 0.1689114272594452 0.123675212264061 16.70212585479021 1.628747574985027 3.299271531403065 0.4336551427841187 0.1188226342201233 0.3472995907068253 0.5813962370157242 1.223685435950756 0.2511579543352127 0.9668716788291931 295.5958192870021 3.577383786439896 0.6195949390530586 1.879638269543648 1.250597015023232 0.1250883340835571 0 0 31.37267845869064 36.96930819749832 98.88098145276308 853.1902906373143 101.6184686869383 141.6525909230113 0.8665689527988434 1.258884236216545 0 165.8974099829793 13.31245256960392 3.183585077524185 1.306814707815647 2.160122647881508 1.728500038385391 0.2276222631335258 70.11615734547377 2.124034568667412 0.122966356575489 779.3648999035358 118.6828184500337 111.1374824717641 36.74623411893845 7.881557457149029 2.090799517929554 50.2607763633132 3.679162457585335 4.391138382256031 33.2739841863513 0.5495663061738014 2.402759820222855 8.321646109223366 3.205983601510525 0.3574597388505936 3.832885980606079 0.1337100714445114 1.779966250061989 0.7338873073458672 0 1.19767602533102 0.8655345737934113 56.75012721121311 1.708063632249832 0 1.362698510289192 980.6868283599615 0.2413987517356873 0 15.24736911058426 0.6337694823741913 1.861519873142242 30.76818571984768 0 6.555914580821991 7.835738629102707 5.051320433616638 2.426806598901749 27.04069137573242 28.33844085037708 19.3857194185257 7.889606192708015 0 1.29245637357235 0 0 0 0 0 0 0 0 0.4625483453273773 0 0.7269884794950485 0 0 0 0 0.3813972175121307 0.247982993721962 0.4055397808551788 3.323280394077301 0 0 0 14.53831706941128 0.4183161854743958 5.082135774195194 2.574520081281662 0 0 0 0 0 0 1.174869060516357 0 0 0 0 0 0 0.423103928565979 0 0 0.3562790751457214 0 0.8554168343544006 0.4521341919898987 0.6459891200065613 0 0.8866813182830811 17.91187114268541 1.072567462921143 0 0.1485926508903503 0 0.1298923492431641 0 0 0 0 33.76530706882477 0.5555914044380188 0 0 0 10.56352615356445 2.357742309570312 4.901906788349152 0.5480303764343262 0.3903471827507019 0.2693478465080261 0 0 0 0 0 0 0 0 0 0 35.91925856471062 5.417051941156387 13.1249777674675 780.1052486300468 24.09026212245226 1010.697247989476 148.145475231111 787.3127650916576 33.64370530843735 6.908773116767406 57.33708176016808 119.3241278007627 0.3898486793041229 2.574345044791698 1.47084079682827 22.72132150828838 0 0 0 5.206834778189659 0 255.3388130366802 23.07768601179123
718.0895182788372 1531.284171260893 1653.895747996867 509.3305978626013 628.9439406916499 4.772027090191841 85.54608798027039 1872.455161727965 1105.124149993062 23.12896371632814 4015.272738441825 103.6243857368827 290.7460583671927 1573.13223246485 17.52754925191402 9.451878122985363 0.7049287259578705 3.854372046887875 0.1440533250570297 0.7446753531694412 1.246308818459511 0.2576820254325867 2.181702613830566 3.572757832705975 2.259110793471336 0.1791648268699646 1.870273254811764 0.1952500343322754 0.3642614036798477 1.24549426138401 5014.157245658338 200.9740233421326 66.18098626285791 0.3105363100767136 2.395904071629047 0.3265671208500862 69.924595952034 5.527774415910244 10.08853001892567 1.350750058889389 1.014205172657967 0.3067360147833824 9.596199624240398 2.891881510615349 0.3929136022925377 2.804128184914589 122.2644394785166 3.990304470062256 1.042216472327709 22.78024996072054 3.313565790653229 0 0.1873752772808075 0.4674879983067513 10.63101623952389 14.17452253401279 42.64129674434662 509.4174875319004 37.94172282516956 51.03098680078983 24.93308340013027 8.744453929364681 1.217559456825256 90.15176681429148 7.072031728923321 10.49650767445564 2.37603671848774 18.83644127100706 24.7470653578639 4.881824962794781 146.8479388952255 6.532899171113968 0.1303732097148895 291.6781845241785 71.20806484669447 58.21142210066319 31.20809600502253 20.48776601999998 82.15484203398228 917.1374352797866 20.68833591789007 232.3206915482879 11.40391280502081 0.1283935755491257 9.5691002830863 3.087348334491253 11.43977802246809 0.1569584161043167 0.9218223318457603 0 0.7510784342885017 0.3940054252743721 4.532404340803623 0.8723488375544548 0.5604076385498047 67.14593002200127 3.920483902096748 0.6822100877761841 7.28522489964962 390.9374133497477 0 0 4.486751317977905 0.3752270936965942 0 7.037743836641312 0 3.52172839641571 0.5383968353271484 4.676709309220314 1.424304723739624 16.8351176828146 18.55288304388523 12.15086798369884 4.859900146722794 0.3788842260837555 0.5036349892616272 0 0 0 0 0 0.4043410122394562 0 0 0 0 0.3067056238651276 0 0 0.2616783678531647 0.3521388173103333 0 0.1736278831958771 0.5268901735544205 4.627391666173935 0 0.4916581809520721 0 17.98581039905548 0.5668205171823502 11.9147873967886 7.180990986526012 1.143435500562191 0 0.2972844839096069 0 0 0.6237326860427856 1.010053902864456 0 0 1.333518266677856 0 0 0 0.7996630519628525 0 0 0.6459257006645203 0 0.4952310919761658 1.146525323390961 0 1.202004224061966 2.74716480076313 20.64769087731838 0 0.2185796946287155 0 0 0 0 0 0 0 25.2148768901825 0.4589976072311401 0.2735081315040588 0 0 14.77262093126774 0 6.77160981297493 0.8782047629356384 3.725520700216293 2.10878399014473 0.7156437039375305 0.5576585531234741 0 0 0 0 0.1613516807556152 0.1012512072920799 0 0 14.46190533041954 8.137341842055321 19.57248567044735 371.6431095153093 10.84084475040436 393.7560342475772 76.88974705338478 288.9428473114967 12.56875742226839 2.059980511665344 47.17067304253578 73.24629494547844 0 1.812272697687149 0.8126488327980042 12.26365327835083 0.5242326557636261 0 0 6.321293145418167 0 64.65095896273851 1.229144796729088
1697.853542380035 4494.925588555634 509.3305978626013 244.2477587908506 183.2480337917805 87.04674172401428 673.468204498291 17.55495585501194 17.67063993215561 2203.534117728472 14.26107077300549 1352.565647378564 1171.369061231613 130.1467494443059 0.5573353469371796 0.6013302803039551 0.1540436595678329 0.2481049299240112 0 0 0 0 0 0 0 0 0 0.1226581186056137 0 0 77.17287232726812 0.8738746792078018 0 0 0 0 0.5409700348973274 0.2581925541162491 1.034484885632992 0.1060173064470291 0 0 0 0 0 0.1012956574559212 24.0992314517498 0.712369941174984 0.3446688801050186 0.3836437910795212 0.5449540615081787 0.1127909123897552 0 0 5.41663059592247 6.642197996377945 41.87917856872082 141.5703001394868 24.5529563203454 17.31047314405441 0.2178687378764153 0 0 17.68566133081913 2.066852398216724 0.7486684545874596 0.2850351929664612 0.1636234521865845 0.1092988029122353 0 11.39197857677937 2.970648944377899 0 162.1945347860456 12.59174928814173 9.956255838274956 2.316938549280167 1.014037147164345 0.1708694696426392 0.09102331101894379 0.4208069518208504 0.2769844084978104 5.85559806227684 0 0.1901144683361053 1.291368328034878 0.5301669389009476 0.4229831099510193 0.5289124324917793 0.1191562935709953 0.1283828169107437 0 0 0 0.248394563794136 13.11356645822525 0.1615554839372635 0.3885697722434998 0 776.2979179248214 0 2.100777983665466 3.976946234703064 9.292658865451813 0 11.57899898290634 2.273145496845245 1.079181313514709 15.34734535217285 4.411818236112595 0.9955189228057861 2.49598291516304 7.424128070473671 2.776550084352493 0 0 0 0 0 0 0 0 0 0 0 0 0 0 0 0 0 0 0 0 0 0 0 0 0 0.1588070690631866 0 0.2653234601020813 0.1173933818936348 0 0 0 0 0 0 0 0 0 0 0 0 0 0 0 0 0 0 0 0 0 0.5751367807388306 0 0.2785068154335022 0 0 0 0 0 0 0 0 0 1.442545756697655 0 0 0 0 0 0 0.122909776866436 0 0.7311881184577942 0 0 0 0 0 0 0 0 0 0 0 0.5186647772789001 0 0.1208781450986862 203.6538533419371 4.147258549928665 141.5764587968588 16.30197145789862 759.4056401327252 9.180675871670246 0.3918803781270981 4.008346423506737 20.99024610221386 0 0 0.3524320721626282 1.939384236931801 0 0 0 0.1495609134435654 0 168.0812266394496 3.222354546189308
74.91845753788948 1832.518447443843 628.9439406916499 183.2480337917805 1443.523515984416 2.611322723329067 1153.160485565662 301.6768165454268 5795.730225294828 387.9683436527848 666.1879545748234 62.94666040688753 277.1573612391949 787.4128864631057 10.89362055808306 1.170875675976276 0 0.3302154839038849 0 0.09456565231084824 0 0 0 0 0.3743766844272614 0 0.2942474856972694 0 0 0 206.5078118890524 14.45120638608932 5.615729257464409 0 0 0 12.90985904633999 0.7238689735531807 1.065883800387383 0 0 0.09658975899219513 0.3261726722121239 0.2813186943531036 0 0 99.44562369585037 0.7383470684289932 0.1138395294547081 0.5830771550536156 0.1455449759960175 0.1014276891946793 0 0 4.530406579375267 6.41482862830162 13.2674053683877 93.7296275049448 11.09745682030916 37.40876661986113 0.8784763664007187 1.244464129209518 0 45.65107396990061 1.295661948621273 0.7158199325203896 0.4145486503839493 0.3155111223459244 0.8593110889196396 0.1186085343360901 38.66089744865894 0.5965606570243835 0 117.0941417813301 37.0185921639204 43.4177376255393 23.68032801151276 4.553364969789982 3.222326397895813 13.23635798692703 0.4488698393106461 4.849295496940613 5.530253365635872 0 1.085382647812366 1.720243461430073 0.49937953799963 0.2430664673447609 0.6515577137470245 0 0.517667256295681 0 0 0.1309833824634552 0 53.22145764529705 1.918302223086357 0 0.3064631968736649 35.98687165975571 0.7363867163658142 1.64397931098938 13.62251111865044 0.4796252548694611 4.495442569255829 15.18959987163544 0.6843518316745758 24.22694027423859 1.333916485309601 5.167441919445992 2.873692587018013 20.33842265605927 35.30430229008198 25.89472307264805 7.958885505795479 0.2541128396987915 0 0 0 0 0 0 0 0 0 0 0.1338900476694107 0 0 0.1793839633464813 0 0 0.6402115523815155 0 2.579950079321861 2.299444258213043 0 0 0 17.45402254909277 0.4166139364242554 6.127741664648056 3.917560912668705 0.1317318826913834 0 0 0 0 0 0.4303378164768219 0 0 0.4022663533687592 0 0 0 0 0 0 0.1643446534872055 0 1.110817611217499 0.3642131984233856 0.2542706429958344 1.563030004501343 1.824925325810909 7.035789251327515 0 0 0 0 0 0 0.1204668134450912 0 0 35.99977694451809 0.1492216140031815 0 0 0 8.856512635946274 0.9819230437278748 6.505837976932526 0.3970226794481277 1.266616582870483 0.1117469072341919 0.4385707378387451 0.3438864946365356 0 0 0 0 0 0 0 0 24.27082692086697 7.403600081801414 11.55640840530396 291.8321570008993 8.389605708420277 263.391481615603 50.82819019258022 53.03311192244291 6.162811383605003 1.728540115058422 30.71981684118509 66.86772106587887 0 3.967243209481239 0.76382677257061 28.50799329578876 0 0 0 3.251225650310516 0 81.68258625268936 17.42822162806988
69.81351433694363 31.20179039984941 4.772027090191841 87.04674172401428 2.611322723329067 2.448669850826263 8.667252138257027 0 0.2312263995409012 268.1597929894924 0.4162622019648552 110.9489398747683 28.60305863618851 6.889267697930336 1.013743132352829 1.944093629717827 0 0 0 0 0 1.789466768503189 0 0 0.1600702255964279 0 0 0.2653660774230957 0.2263937741518021 0 2.067424833774567 0.5333035588264465 9.360642001032829 0 0 0 35.66523275524378 1.329890459775925 13.25223599374294 0 0 0.1539660096168518 0.1377155631780624 0 0 0 0.9805191606283188 0 0 0 0.302039697766304 62.93110636621714 2.730978712439537 3.862439692020416 0 0.7183269485831261 83.31122106313705 0.2969660758972168 0.1096111536026001 0 0 5.523333340883255 0 0 0.3578202351927757 0.3051345124840736 0.4563853591680527 0.2495604529976845 0 0 191.7939096540213 393.9128444641829 5.837454453110695 0.7171831205487251 0.1405476927757263 0.7665561437606812 0.79023577272892 0.6366681605577469 0 5.814834594726562 0.1261231750249863 3.275565966963768 0.1006236001849174 0.131119892001152 0.1277099698781967 1.604129202663898 0.1115408018231392 13.45630712807178 7.730288587510586 27.8550965487957 7.542159758508205 26.3931295350194 0 0.36937066167593 21.42052900791168 137.9193023145199 186.4570834189653 83.2264509499073 65.4565047621727 296.1284343004227 0 0 0 0.8219720721244812 0 0 0.3702371716499329 0 0 0 1.633719079196453 0.5667456984519958 0.9026522040367126 0.728167749941349 0.5442356243729591 0.4303607642650604 0.2026021331548691 0 0 0.1445870399475098 0 0 0 0 0.2776049077510834 0.3037539273500443 0 0.5553920716047287 0 0.1276096701622009 0 1.023167364299297 2.759668678045273 0.4711736291646957 0 0.3139049187302589 0 1.058407068252563 0 1.136046886444092 0.9459133446216583 2.127535402774811 4.345127083361149 2.222240723669529 0 0.1156873181462288 0 0 0.2602799236774445 1.700544215738773 0 0 0.1297367811203003 0 0.1556819677352905 0 4.253178864717484 0 0.1331841647624969 0 0.1556033939123154 0 0 0.6345906555652618 0.2879738658666611 1.62875685095787 1.638085275888443 0.5781595855951309 0 0 0.09188532829284668 0 0.2434486597776413 0.142533615231514 0 0 1.196045026183128 3.207311451435089 0 0 0.3651716187596321 0.5148388743400574 1.273826062679291 0.2210215181112289 0 2.096823886036873 0 0 0.3418296873569489 0.3269909843802452 0.1499293595552444 0 0 0 0.4586290717124939 0.3424458652734756 0 1.9379743039608 5.053245440125465 6.748401775956154 34.28182487934828 0 4.154648222029209 2.919790148735046 53.85793812572956 1.099307551980019 0 0.2349885702133179 4.746107444167137 0 1.825196795165539 1.278332844376564 3.240491569042206 0 0 0 0 0.4651068449020386 48.62580446898937 3.920221477746964
223.2930645793676 4101.310008913279 85.54608798027039 673.468204498291 1153.160485565662 8.667252138257027 974.0592460483313 51.05623187124729 1449.726209774613 1674.710398860276 199.6446806937456 434.6517812013626 3978.393275186419 2096.090249508619 11.29718752205372 2.637959085404873 0.2404766380786896 0.209637813270092 0.1213403418660164 0 0 0 0 0 0 0 0 0 0.195098876953125 0 110.5424577593803 11.33928175270557 4.730610877275467 0.1237247958779335 0 0 16.98589774221182 0.9546204805374146 1.33132016658783 0.2095175087451935 0.3343941420316696 0 0.1307947784662247 0.54535161703825 0 0 94.88005901128054 0.5330724120140076 0 0.8506532832980156 0.1194275617599487 0.146279364824295 0 0 6.448063656687737 5.908450856804848 9.378824464976788 84.95945920795202 12.20871316641569 34.01034478843212 0.3143305033445358 0.534202054142952 0 39.73563148826361 2.149235136806965 0.2288220599293709 0.2268404364585876 0.1947313547134399 0.217493548989296 0.1024169996380806 45.98666923493147 2.351207986474037 0 124.0886444821954 30.98578174412251 43.91038268059492 20.42768834531307 3.687117174267769 1.020995989441872 7.43689938634634 0.6597686037421227 2.643275812268257 5.221264280378819 0.1198005974292755 0.6646404638886452 1.471544682979584 0.1797139793634415 0.1355218887329102 0.2142742127180099 0 0.3635290637612343 0.2350851073861122 0.1859975308179855 0 0.2163353860378265 102.3509096205235 1.703447043895721 0 0.8999080881476402 50.94514122605324 0.2662704288959503 0.5859552621841431 101.2765216231346 12.80622380971909 3.130988493561745 111.3252795040607 0.5568974614143372 44.35589903593063 117.8739651739597 11.67569482326508 4.511538177728653 63.47894801944494 54.89768008887768 32.01968534290791 7.283206321299076 0 0.3836955428123474 0 0.3704095184803009 0 0 0 0 0 0 0 0 0 0 0.1158623099327087 0 0 0 0 3.969435498118401 1.073442846536636 0 0 0 19.77076967060566 0.1954281628131866 7.136091485619545 3.135324709117413 0.8543327450752258 0 0 0 0 0 0.164935827255249 0 0.4438585340976715 0 0 0 0 1.388356357812881 0.1252432614564896 0 0 0 0.6352936029434204 0 0 0 0.9026297926902771 14.92248942703009 3.548763364553452 0 0.1967363953590393 0 0 0 0 0 0.1966133564710617 40.75509276241064 0 0 0 0.181309387087822 5.35436750203371 2.000348687171936 4.223226234316826 1.185523450374603 1.810590654611588 0.6416564583778381 0 0 0 0 0 0 0 0 0 0 34.55295887589455 7.426249504089355 8.927161060273647 342.6062556505203 6.518261812627316 276.2394370362163 51.40191613137722 104.1457832232118 5.6413529291749 0.8293584585189819 31.82993467152119 107.614848524332 0 3.885491251945496 0.5429925471544266 22.14917443692684 0 0 0 3.12709978222847 0 114.442815117538 33.43895030021667
57.2275303080678 311.5534536018968 1872.455161727965 17.55495585501194 301.6768165454268 0 51.05623187124729 737.6629090756178 184.0950519740582 4.639964751899242 5257.320971906185 104.3970104977489 225.6639280691743 2530.814610362053 37.498630464077 30.02283481508493 1.565627530217171 5.431072920560837 0.1173490658402443 4.375968813896179 6.161159083247185 1.181054830551147 10.98695849627256 25.42584527283907 17.43561854958534 5.358790941536427 14.36964987963438 1.295229345560074 2.257616259157658 7.440189734101295 1603.020949080586 477.4248444885015 45.66548743844032 1.075493410229683 15.9265366345644 8.373317882418633 33.47396502643824 4.370510816574097 5.084352426230907 6.767363607883453 8.013263233006001 3.974786028265953 29.44644119590521 8.963935852050781 0.281180128455162 3.185606777667999 218.1723863333464 3.877616852521896 2.202997907996178 41.29737235605717 4.864721618592739 0.4245321154594421 0.1263341307640076 1.011516042053699 5.410604745149612 4.462077133357525 13.29329989105463 143.658388838172 13.07736653834581 40.96567337214947 29.34991718828678 20.58543917536736 1.59665909409523 80.63483113050461 8.065152771770954 17.45630054920912 4.678307361900806 27.7060582190752 83.4367198869586 34.2780185341835 50.60674479603767 1.831706777215004 0 151.229338362813 72.70335976034403 97.21068675071001 96.81474068015814 56.39902011305094 318.2748469859362 3360.133601769805 28.4498757943511 859.7108710110188 7.100490808486938 0 8.31120365858078 3.893826954066753 12.50255459547043 0 0.8445523679256439 0.1911685466766357 1.302265226840973 0.1262379884719849 25.38057964295149 1.720336645841599 1.737956397235394 13.17529629170895 2.37280398607254 0.1371318697929382 6.792195558547974 41.37304259836674 0.5981715321540833 0.7880918979644775 2.287392377853394 0 0 4.188771843910217 0 1.051183998584747 0.6292678117752075 1.091614753007889 2.211484998464584 4.115369617938995 3.107283055782318 5.087692067027092 1.801614433526993 0 0.316968709230423 0 0 0 0.1956541240215302 0 0.4978994429111481 0 0 1.227588087320328 0 0 0 0.2258622795343399 0 0.2333879321813583 0.3658590018749237 0.3930319845676422 0 1.234759747982025 0 0 0 6.742101073265076 0.3261834979057312 2.469676539301872 4.81905372440815 0.3739356100559235 0 1.130001157522202 0 0.1134941354393959 0 0 0 0.1580679267644882 0.9887973070144653 0 0 0 0.8608032986521721 0.1706659644842148 0.214064285159111 0.1580178737640381 0 0.1431400328874588 0 0 1.098137453198433 1.32187282294035 9.871521197259426 0.945780485868454 0 0 0 0.1003589257597923 0 0.1744157820940018 0 0.9777429401874542 8.056113630533218 0.2943521738052368 0 0 1.107602626085281 7.09476563334465 2.152491688728333 3.520041927695274 2.528466299176216 0.7127496004104614 0 0.7787079811096191 0.1374485194683075 0.2853163182735443 0 0 0 0.09827493131160736 0 0 0 5.276706829667091 5.568501025438309 8.930782720446587 363.7662102654576 8.90771009773016 382.6890269294381 117.9919817075133 59.78438540548086 3.224528037011623 0.5762482061982155 57.88970745354891 27.19180184602737 0.4281577467918396 1.20353701710701 0.4089123159646988 4.340354055166245 0 0 0 11.05425077676773 0.4385445117950439 18.9072942584753 1.467700839042664
21.92101503163576 3486.883266434073 1105.124149993062 17.67063993215561 5795.730225294828 0.2312263995409012 1449.726209774613 184.0950519740582 1198.333248451352 141.7051826044917 1265.695652149618 117.6928294450045 1075.146469399333 1870.070545777678 6.193305291235447 1.941016994416714 0.3747058212757111 0.3509946689009666 0 0 0 0.3252410292625427 0 0 0.2375309094786644 0 0.1146018803119659 0 0 0.1100780516862869 93.02997543662786 9.533011138439178 1.611839607357979 0 0 0 11.3612737506628 0.09648077189922333 0 0 0 0 0 0.2348004579544067 0 0 43.67634680122137 0.2481061145663261 0 0.1990912258625031 0.1321162134408951 0 0.1971793472766876 0 1.953708492219448 2.354234851896763 4.121566481888294 30.67943660914898 4.598632633686066 12.40125555545092 0.3202681541442871 0.8612747341394424 0 14.00202003866434 0.6875778511166573 0.2171270102262497 0 0 0.2171624377369881 0.1281892210245132 26.04852905124426 1.219951093196869 0 42.82716526836157 14.34857602417469 21.47203600406647 12.86504001915455 3.821567222476006 1.438208974897861 10.42822434008121 0.7190261036157608 1.959554962813854 1.149313770234585 0 0.09608307480812073 0.4049169644713402 0.2055844739079475 0 0 0 0 0 0.1334218531847 0 0 41.46691279113293 1.391667127609253 0 0.2892573773860931 8.562017701566219 0 0 9.050885304808617 0 4.402147978544235 10.32803878188133 0.4098686277866364 13.98327973484993 1.322955727577209 4.37479355931282 4.339371472597122 14.18811675906181 20.11478367447853 15.73595660924911 6.492678970098495 0 0.1484925895929337 0 0 0 0 0 0 0 0 0 0 0.3944598436355591 0 0 0 0.8545643091201782 0 0 0.3175029754638672 0.7715152204036713 0.4765838384628296 0 0 11.27156366407871 0.2159801870584488 3.213087230920792 0.8736370950937271 0 0 0.1142562851309776 0 0 0 0 0 0 0.6677912771701813 0 0 0 0 0.2432678788900375 0.4173163771629333 0 0 0.3303136974573135 0.8219391703605652 0 0 0.8356440663337708 6.751562505960464 0.2152124643325806 0 0 0 0 0 0 0 0.1267075538635254 22.52658526599407 0.2389104962348938 0 0 0 1.987895935773849 0.2703413665294647 3.658216148614883 0 1.390096202492714 0 0 0 0 0 0 0 0 0 0 0 17.81471487879753 5.058373786509037 6.766471385955811 109.3458548113704 3.60229928791523 94.52810315042734 27.0981647670269 19.08239033073187 0.452243871986866 0.570192851126194 16.21105139702559 40.88976475596428 0 2.183105915784836 0.8604274392127991 11.9192102253437 0.9524708390235901 0 0 1.53052319586277 0 36.6029978916049 13.64103615283966
1233.543318845332 2564.888766601682 23.12896371632814 2203.534117728472 387.9683436527848 268.1597929894924 1674.710398860276 4.639964751899242 141.7051826044917 1742.915275707841 30.56628645211458 2083.121429443359 4763.184634521604 232.4582319483161 1.774246379733086 1.178095489740372 0.1038012504577637 0 0 0 0 1.219899117946625 0 0 0.9106734693050385 0 0.1269076317548752 0 0 0.1366496980190277 22.07889582961798 0.9035646468400955 4.591315396130085 0 0.1348086148500443 0 48.20148694515228 1.162939943373203 0.3262163400650024 0.3864879682660103 0 0.1819543689489365 0 0.09648872911930084 0 0.439483106136322 15.42875726521015 0.2186962366104126 0 0.2719616740942001 0 1.766477860510349 0.3484942764043808 0.6797969043254852 1.862546935677528 2.75313825160265 53.65601639449596 47.28716126829386 10.38554759323597 6.671003393828869 0.1348802596330643 1.537023276090622 0 5.481281541287899 0.3419174998998642 0.3188783079385757 0.3741697072982788 0.2491405233740807 0.4201639518141747 0.1118077635765076 74.42297408729792 8.441693395376205 0 66.10664040595293 3.071992769837379 4.433024823665619 1.683796592056751 2.372329026460648 0.1114131137728691 0.3768790364265442 0.1070277467370033 0.3237531930208206 1.490420609712601 0 0.5616081282496452 0.9738394916057587 0.4582438617944717 0 0.4738267436623573 0.8737902715802193 0.155621737241745 1.302112802863121 0 0.137724831700325 1.016435258090496 249.9326873719692 14.36132362484932 1.10424730181694 6.396663814783096 852.3970571085811 1.004321336746216 8.930618330836296 160.816538259387 138.643868163228 6.051238648593426 138.1887139976025 9.460866257548332 44.10567089915276 85.55680830776691 74.89724862575531 2.924056887626648 52.31511955708265 138.7064252495766 38.07807250320911 12.74069591611624 0 0.3307315185666084 0 0.1086076349020004 0 0 0.2815621197223663 0.155107170343399 0 0 0.6164356917142868 0 0.1150062382221222 0.131808876991272 0.5569271147251129 0 0.4499408900737762 0.432626485824585 0.1252353638410568 2.150272369384766 0.7513491958379745 0 0 0 17.61495802551508 0.1812886297702789 5.16242553293705 2.736870087683201 0.5385265052318573 0.7355896234512329 0.2113038897514343 0 0 0.1122970655560493 0 0 0.3408083617687225 0.8169956430792809 0 0 0 0.410121738910675 0 0.623210720717907 0.7884484902024269 0 0.875070184469223 0.2937719970941544 0.7978699058294296 0.758767306804657 0.3957304805517197 11.88694263994694 3.027875676751137 0 0.3007106930017471 0 0 0 0.1784227341413498 0 0.3523911535739899 40.61326512694359 0.2233437597751617 0 0.248168870806694 0 8.624670073390007 1.673548310995102 2.521148085594177 0.5323265939950943 2.290486365556717 0.2643508017063141 0.3732427954673767 0.1153592020273209 0 0 0 0 0.1956545561552048 0 0 0.3503447324037552 32.77961973100901 4.345919318497181 9.022290483117104 994.3822741806507 3.991489447653294 61.76252757012844 11.51856359839439 1259.292285747826 2.570185482501984 2.595567554235458 7.106067635118961 181.1811886131763 0 3.765812411904335 0 82.82683284580708 0 0 0 0.315945565700531 0 702.9896842166781 71.02755689620972
79.81702290475368 946.8283498212695 4015.272738441825 14.26107077300549 666.1879545748234 0.4162622019648552 199.6446806937456 5257.320971906185 1265.695652149618 30.56628645211458 1395.15583127737 251.626112408936 1169.069473609328 3450.293684281409 41.40011861920357 36.17906847596169 1.057016707956791 3.507693819701672 0.3415126502513885 1.427909471094608 7.890137434005737 3.212593600153923 9.573028907179832 26.39042340964079 71.31510021537542 7.15409192442894 58.13197834044695 4.596016846597195 8.362992107868195 31.49625990539789 772.2518860250711 102.6332015842199 523.7481330782175 1.25436694920063 24.30010386556387 20.48400488495827 240.0002275034785 37.41266407072544 26.4321074783802 47.58589485287666 23.92299409210682 13.26557800173759 13.86642940342426 9.053381204605103 0.861793577671051 6.133578084409237 177.8829858154058 2.070297114551067 1.925407290458679 19.31896564364433 5.095173172652721 1.690287508070469 3.275254011154175 8.6811603307724 3.740333005785942 6.98954826593399 9.357566393911839 98.07638580352068 11.94461358338594 41.50710129737854 4.053106218576431 41.37559613585472 2.204058304429054 57.96261139959097 5.264411561191082 6.33342307806015 2.277395687997341 11.1054442897439 59.9009783193469 34.91040800511837 195.2061337083578 9.714557461440563 0.4657232314348221 122.4603411778808 52.98971477150917 80.62371902912855 77.45949734002352 51.81007402390242 21.96647817641497 459.3245345205069 5.732392802834511 118.4113569557667 6.718539968132973 0 2.92486184835434 2.993113242089748 9.06422770768404 0.2342590093612671 1.786370433866978 0 1.972935982048512 0.1358660459518433 40.15720656514168 11.81189838796854 7.837377838790417 52.63688756525517 3.545852147042751 0.7051636129617691 10.81017337739468 49.88592095673084 0.2283149883151054 0.1636535376310349 9.125566154718399 0 3.757128119468689 25.66542419791222 0.3268035873770714 11.50955393910408 3.010122716426849 6.810318410396576 2.924209505319595 14.67043851315975 34.16777876019478 16.77194041013718 8.114369258284569 1.302090421319008 0.3358522355556488 0 0.9785296022891998 0 0 0.1063913628458977 0 0 0 1.46606057882309 0 1.074374161660671 0.4388005882501602 0.2056403756141663 1.443752348423004 2.10877151787281 1.926795825362206 0.4134836718440056 2.446348503232002 5.156689167022705 1.051404476165771 0 0 22.91016429662704 1.526899307966232 10.05874022841454 7.025963596999645 4.085698410868645 0.7132315933704376 0.6194633692502975 0 0.4313694313168526 0.4063951969146729 0.8465545177459717 0.1337942332029343 0.8069360852241516 0.415824219584465 0 0 0.5395240485668182 1.497512802481651 0.6118875741958618 0 0.4264619648456573 0 2.236340917646885 0.7795733064413071 0 2.010330319404602 2.80705488473177 23.2022342979908 2.201190799474716 0 0 0.2025894075632095 0.1075066775083542 0 0.1416623592376709 0.5260637402534485 0.5198668241500854 42.10208414494991 2.473050624132156 0 0 1.611604690551758 7.758104465901852 5.671146303415298 12.43393470346928 0.5676248669624329 5.938347443938255 0.5480128824710846 0.3856097608804703 0.5656879246234894 0 0 0 0 0 0.3683925569057465 0.1163707748055458 0 17.29576186090708 10.48773129284382 22.43223085254431 469.4677028506994 14.77116251736879 371.5251193866134 118.2734563276172 63.34531875699759 2.295316644012928 1.590473994612694 51.9108988493681 81.85542761534452 0.5936126112937927 3.493918590247631 2.625708073377609 25.54586787521839 0.2889052927494049 0 0.3408453315496445 11.88540163636208 0.8140277713537216 55.93663293868303 24.36909838020802
133.6790082603693 208.5502301156521 103.6243857368827 1352.565647378564 62.94666040688753 110.9489398747683 434.6517812013626 104.3970104977489 117.6928294450045 2083.121429443359 251.626112408936 55.72065289318562 541.4547290280461 320.8281748965383 14.45742917060852 14.08540002256632 0.6127104237675667 0.7822325006127357 0.7669842094182968 0.1157290488481522 0.4477021545171738 4.350004121661186 0.3735178112983704 1.947425991296768 9.373751439154148 0.2473709955811501 6.438284359872341 0.2943383976817131 3.106400825083256 4.551152259111404 27.0308003872633 4.770788565278053 21.17746660858393 0 1.853058606386185 1.83494970947504 151.5470895692706 3.325167246162891 6.527240879833698 9.686728246510029 3.745107680559158 2.606858819723129 1.426876276731491 2.41257830709219 0.727488249540329 2.528003588318825 30.79779011011124 0 0.3962687700986862 1.477000713348389 0.2727005481719971 1.604401916265488 1.668730303645134 2.889820843935013 0.4085786268115044 0.6994587928056717 5.306221932172775 9.097439527511597 1.324799589812756 5.047017902135849 0.107403039932251 4.628594473004341 0 6.371656581759453 0 0.3402545228600502 0.1375100016593933 0.8263175264000893 5.017529405653477 3.582724556326866 120.3644910231233 15.91745843738317 0 18.88355889171362 6.560616292059422 17.52996934205294 20.7782963886857 14.30472554266453 0.429474413394928 29.96104772388935 1.166719518601894 2.038086429238319 0.1440579742193222 0 0.6940113455057144 0.1929259449243546 1.018926449120045 0 0.5693248063325882 0.254034161567688 0.5895165950059891 0.1421043574810028 1.485321529209614 1.639508120715618 2.270240530371666 772.9098459333181 6.178946927189827 1.465833812952042 5.562554895877838 68.16569113731384 0.8581141531467438 0.6640987396240234 43.92940756678581 2.693428128957748 11.13251748681068 100.7035535126925 0 53.36860785633326 12.9091816842556 23.44590121507645 16.25870031118393 98.55446755886078 98.47646476328373 69.31727733463049 25.48212734609842 0.5558703690767288 0.4204187989234924 0.2681460678577423 0.1572522968053818 0 0 0 0 0 0 0.4569432884454727 0 0.9133090302348137 0 0.8189172148704529 0 1.434717811644077 0.7717291563749313 0.1205364763736725 3.190125465393066 5.153186544775963 0 0 0 62.89122646301985 0.8105222880840302 26.98091342300177 8.63502910733223 2.719162330031395 0.2496590316295624 0 0.1899647563695908 0.5134707987308502 0.8040427565574646 0.7826557382941246 0.2171840667724609 0.9232943654060364 3.792377337813377 0.09024745970964432 0 0.4751849174499512 0.4951001703739166 1.38811232149601 0.381377786397934 0.7810555920004845 0.2722562849521637 2.669809378683567 1.040713101625443 0 2.587255455553532 4.269254222512245 47.8117840513587 3.942262515425682 1.300111792981625 0.3327851295471191 0 0 0.1128604561090469 0 0 0.2589980885386467 113.6963610649109 0.4455739259719849 0 0 0.5497971400618553 31.68643660098314 3.64963011443615 9.581191882491112 3.9950305595994 5.131202191114426 1.020574852824211 1.824222058057785 0.1059020012617111 0 0 0 0 0 0.1721411943435669 0 0 71.08389401435852 27.39265343546867 50.79368401318789 520.2650575935841 3.632390685379505 70.54501760751009 36.88259071111679 269.0063510686159 0.2935365289449692 0.1348233669996262 18.93593723326921 185.4446763396263 0 15.57275924831629 3.319465041160583 58.36091867089272 0.4896124452352524 0 0.7185598909854889 5.639390200376511 0.3517910242080688 574.8091836720705 74.59793962538242
87.86173062026501 1498.481744021177 290.7460583671927 1171.369061231613 277.1573612391949 28.60305863618851 3978.393275186419 225.6639280691743 1075.146469399333 4763.184634521604 1169.069473609328 541.4547290280461 682.8488943725824 5259.794342778623 29.65320783853531 26.57175327092409 0.8776910752058029 0.3819717988371849 0.1390409171581268 0.2286503985524178 0.6788792833685875 3.986974120140076 0.387606680393219 4.19577731192112 16.54102309793234 1.337197259068489 13.85108088701963 3.60510166734457 5.147743381559849 5.907520286738873 55.60762714594603 12.51034012436867 136.6939666122198 0 3.889258213341236 2.5141322016716 251.5500225946307 11.75215753167868 19.17959396541119 18.98368757218122 5.058227099478245 3.631990544497967 2.409126408398151 4.675285533070564 0.1593037098646164 1.463765203952789 74.65279080718756 0.5996460020542145 0.5718974843621254 4.392915152013302 1.31638727337122 1.717362008988857 2.628855377435684 5.277620181441307 0.9353431388735771 1.365082152187824 3.790440112352371 18.06279864162207 2.112530656158924 12.20340685546398 0.9098288342356682 11.29040081053972 0.6689429432153702 16.58885446190834 0.9720205515623093 1.490371100604534 0.8061192035675049 1.942660667002201 11.45151154696941 5.034249670803547 233.237493135035 14.98927168548107 0.3741938024759293 41.3162262737751 18.81084968149662 40.6382547467947 44.43310268223286 25.56641768664122 1.131563991308212 158.3766107484698 2.104999408125877 3.999907396733761 1.566390596330166 0 0.7936904206871986 0.6234832108020782 2.150621123611927 0 0.6926386505365372 0.3980220779776573 0.2938797175884247 0.2539352029561996 6.818914830684662 3.047376900911331 5.337261937558651 843.9541449397802 8.109589710831642 0.3543842881917953 7.502812571823597 42.08484120666981 1.541339688003063 3.425851255655289 44.63521315157413 3.381126299500465 10.58585359156132 128.8985576033592 3.084969758987427 74.15946538746357 17.88132233917713 23.06544284522533 12.86733829975128 101.6735364049673 125.7118420824409 84.27312091737986 30.75833177566528 1.383286349475384 1.1252656057477 0 0.4721409156918526 0 0 0 0 0 0 0.1079817414283752 0.1087385788559914 0.4207679480314255 0 1.131736077368259 0 1.23738057911396 0.7189256846904755 0.5810437723994255 7.86564764380455 7.3783825263381 0 1.68738266825676 0 78.78582033514977 1.847055830061436 32.22460447251797 13.01558227837086 3.373602613806725 0.2526974380016327 0 0 0.3305264413356781 1.679937988519669 1.517474181950092 0.4132664278149605 2.973911449313164 3.277495376765728 0 0.1725138425827026 0.164536252617836 1.61472924798727 1.840788885951042 0.3983495235443115 0.2020003646612167 0 2.304103657603264 2.301965035498142 0.1813158690929413 1.952685207128525 4.746271550655365 57.80092909187078 8.639626801013947 0.09314639121294022 0 0.09096015244722366 0 0 0 0.2472918927669525 0.2475148811936378 123.8365174233913 0.9811258018016815 0 0 0.7834266573190689 32.23764201253653 5.45776130259037 20.84190492331982 4.180085435509682 6.890860497951508 3.023351557552814 0.634173110127449 0.8907149955630302 0 0 1.107679843902588 0 0 0 0.353206530213356 0.3270128965377808 92.88287097960711 27.15533554553986 55.72996533662081 624.7360416650772 6.494304232299328 165.5695236995816 87.95961814373732 152.2983118072152 1.32024709135294 1.115214064717293 39.09287735074759 255.8210910782218 0.2430207133293152 21.3394283130765 5.05479458719492 59.52464546263218 1.401193499565125 0 1.042248457670212 7.116238385438919 1.582859590649605 417.7642780616879 82.66754565387964
