667.0151605457067 3117.078307650983 255.9403355866671 3253.585069477558 180.1807378903031 90.71008603274822 601.8611065968871 2.992369666695595 11.11635250598192 1866.746886432171 59.06910969316959 4.322739884257317 9.181464016437531 2.586706854403019 0.3433716595172882 0 0 0 0 0 0 0 0 0 0 0 0 0 0 0 984.8669299930334 0 0 0 0 0 0.8188695907592773 0 1.759865283966064 0 0 0 0 0 0 0 4.775705233216286 0 0 0 0 0 0.3490219712257385 0.2230889946222305 14.00993391871452 14.76477035135031 796.9088945016265 1385.459534451365 67.57833029329777 28.8275086954236 0 0.3452357649803162 0 1.156820826232433 3.676840253174305 0.3429723456501961 0.2301977053284645 0 0 0 3.893559440970421 0.4126746654510498 0.4833918064832687 138.2527170479298 7.414595492184162 10.95186633616686 0.2455864399671555 0.1339462846517563 0 0 0.1295884698629379 1.378198243677616 5.563772939145565 0.5024628862738609 0.5414307788014412 4.697078220546246 0.1351396292448044 0.4917609244585037 1.155355148017406 0 0.1555329561233521 0 0 0.1983074545860291 0.1736146509647369 18.21700225770473 2.292168378829956 0.1627940833568573 0.4359464794397354 2047.403155833483 2.186050951480865 6.236662060022354 7.869951769709587 7.123506769537926 0 30.50788146257401 15.20227110385895 7.849415421485901 92.16621080040932 21.30082966387272 2.271489650011063 9.517298310995102 14.89221201837063 2.201545670628548 4.013641312718391 0 0 0 0 0 0 0 0 0 0 0 0 0 0 0 0 0 0 0 0 0 0 0 0 0.3278654515743256 0 0.4864040613174438 0 0 0 0 0 0 0 0 0 0 0 0 0 0 0 0 0 0 0.2449135184288025 0.5745652094483376 1.318369224667549 2.689267218112946 0 0.7221130132675171 0 0 0 0.2203674465417862 0 0 0.2643777132034302 0 0 0 1.50340311229229 0 0 0 0 0 0 0.5670228004455566 0.7827292457222939 0.5557420924305916 0.1267774552106857 0 0 0.3177734911441803 0.1105127036571503 0 0 0 0 0 0 2.54708206653595 0.7754195332527161 0 464.6000724285841 6.464861363172531 105.661000624299 25.10248372703791 965.1309270709753 16.13601768761873 3.930466376245022 0.8893813714385033 124.3497224152088 0.09777999669313431 1.162057727575302 0.8702111840248108 87.14237050712109 0 0.103134885430336 0 23.55694809556007 0 175.2763770967722 4.310370057821274
3117.078307650983 6221.840727694333 1992.951396308839 1125.261482983828 3632.774278923869 105.0690034255385 3944.060124531388 76.64534419029951 867.4310394749045 1316.495331443846 539.1361936479807 26.19487699866295 612.7768495157361 253.1069246828556 8.392765685915947 0.3075443208217621 0.2367608249187469 0 0.0905715599656105 0.3635732978582382 0 0 0.136334553360939 0.3211064338684082 0.8117302134633064 0.09614306688308716 0 0.686414435505867 0.2207062095403671 0.09066277742385864 2589.009428463876 14.63678395748138 15.42333497107029 0.1060314476490021 0 0.7380105182528496 3.702857479453087 2.577861599624157 2.524259731173515 0.6055233925580978 0.1523017883300781 1.217311561107635 0 0 0.1016795933246613 0.1002711281180382 125.2828595787287 4.575644597411156 1.495149396359921 0.1124672219157219 0.3015248775482178 0.6415392756462097 0.2622809708118439 0.1886669918894768 61.1227355748415 94.56031090021133 851.1344198957086 1743.853591278195 112.3298254013062 214.7764067873359 1.752020038664341 5.472042635083199 0.2824588492512703 137.304561175406 25.1614690348506 5.661880187690258 1.831766471266747 0.5214845538139343 0.3526119142770767 1.235199928283691 6.186306238174438 1.660765692591667 0 864.5762316510081 166.3913992121816 257.8787674307823 29.46252626180649 1.645881339907646 0.671051524579525 45.2002134770155 0.4362980574369431 7.918806821107864 50.91729585826397 1.856119312345982 4.406147532165051 34.66757421195507 2.704780593514442 1.557312585413456 15.82464230060577 0.3402891159057617 2.69617848098278 0.4675799682736397 1.041175298392773 0.6321230307221413 2.054970227181911 10.44526240974665 1.624766804277897 0 3.074781373143196 514.2415260225534 1.228738337755203 6.507491193711758 11.55380873382092 7.282431446015835 0.4229507446289062 33.44276590645313 19.07804925739765 8.898541375994682 33.73572195321321 40.60247809439898 1.095155343413353 13.30912604928017 24.79818735271692 4.656374081969261 4.773130238056183 0 0.6487921923398972 0 0 0 0 0 0 0 0 0 0 0.2611803412437439 0 0 0 0 0.1603648662567139 0 1.819269821047783 0 0 0 0 4.300075650215149 1.74048788100481 2.483294740319252 0.138690859079361 0.7566359043121338 0 0 0.1419774889945984 0 0 0 0 0.1186465173959732 0.4274618923664093 0 0.1876827478408813 0 0.3595896065235138 0.1558932214975357 0.4385333955287933 0.1184119358658791 0.3035456016659737 0.8426862955093384 1.555960729718208 2.442996092140675 0 0.1515770852565765 3.171616286039352 0 0.1076472848653793 0.3547072634100914 0.2176879569888115 0.2035193294286728 0.09987801313400269 0 0 0 9.814557306468487 0.3512208461761475 0 0 0.1099076718091965 0.5654545426368713 0.9441549777984619 5.686770558357239 0.2845905423164368 0.3206766992807388 0.257758654654026 0 0 0.4183420166373253 0.5397522673010826 0.8423554077744484 0 0.9066174104809761 0.1174369230866432 0 0 6.170628845691681 2.912483736872673 1.584834732115269 644.5111523643136 37.31280594319105 837.5430198535323 127.9328251928091 401.5316565111279 59.7617869451642 10.61656483262777 16.41095727682114 107.2980557233095 1.509277075529099 0.9337280988693237 2.616326063871384 98.84015905857086 0.7354567795991898 1.129108384251595 0 48.86273340880871 0.303900271654129 245.7602114230394 11.26027895510197
255.9403355866671 1992.951396308839 1455.959431119263 17.80186823010445 776.8295495286584 1.193244054913521 126.8678837493062 750.8013101369143 1407.65256138891 55.39705476909876 602.4350927695632 14.62413773685694 109.3952008485794 319.8747379258275 9.759531013667583 2.494848862290382 0.2838110104203224 0.7859417125582695 0 1.390583053231239 4.372242420911789 0 2.228847809135914 1.516839042305946 5.788945607841015 0.9216251075267792 0 0.09166820347309113 0 0.1526249796152115 6231.148584902287 1154.452611468732 26.74284982681274 0.7701919376850128 1.167517393827438 3.825913108885288 6.307852759957314 4.487735576927662 1.577947214245796 2.903270155191422 1.659382291138172 3.190409392118454 5.466292463243008 1.487563371658325 0.5171819478273392 0.4030152261257172 57.80528720468283 3.506719663739204 0.7722951546311378 9.619172833859921 10.92652398347855 0 0.2330573499202728 1.42682272195816 19.5178991034627 31.24949721246958 327.4739560857415 1219.541187174618 35.19755567610264 84.83510204404593 47.77286091446877 31.44331290572882 4.147617593407631 465.6510952338576 9.808238618075848 3.364223346114159 6.509134002029896 4.476024717092514 38.10825565457344 30.14599271118641 12.75678725540638 0.5843108296394348 0.3050809800624847 368.8923710361123 165.937707580626 142.9070805832744 31.21886122226715 3.876357726752758 3.948376312851906 64.19351685792208 2.871009401977062 90.37391459196806 19.06776538491249 0.4611673578619957 3.36657527834177 15.9685278609395 14.07300627231598 0.9356346055865288 5.610361889004707 0 0.6217192560434341 0.3244393765926361 68.4361262395978 8.581656910479069 1.429611504077911 14.76384770870209 7.328721910715103 0.1286547183990479 4.420507900416851 47.73112877458334 0 0.7239436507225037 0 0 0 2.770005702972412 0.6959298849105835 1.696045517921448 1.851109862327576 3.340143740177155 0 3.203041136264801 5.536938220262527 3.080793589353561 1.782241821289062 0 0 0 0 0 0 0 0 0 0 0 0 0 0 0 0 0 0 0 0.9140991568565369 0 0 0.7958473861217499 0 2.196071341633797 1.807258725166321 5.866873934864998 1.393643580377102 2.265089526772499 0 0.2611218392848969 0.1216476038098335 0 0 0 0 0 0 0 0 1.564388692378998 0 0.30345718562603 0.6130431517958641 0.09891590476036072 0.2581990286707878 0 0.8254216015338898 0 0 2.109267890453339 8.713591545820236 0 0 0.09920933097600937 0.1191257014870644 0 0 0.1045748591423035 0 0.6276031732559204 6.769385278224945 0.5363235473632812 0 0 1.782814979553223 0.8644247651100159 0 6.368662506341934 0 1.047259092330933 0 0 0.1186432093381882 0.2371222898364067 0.4929815158247948 0 0 1.103487238287926 0.106293112039566 0.4019951522350311 0 1.491883978247643 4.721423298120499 3.055319398641586 206.93447560817 10.63969487696886 303.1498397663236 51.00402171909809 23.8306018486619 19.57609452307224 1.919884942471981 6.98905785381794 18.19506192207336 0.1952740177512169 0.6653424799442291 0.2821236997842789 9.921236529946327 0.8876897096633911 0.1943916380405426 0.1439567059278488 8.771217957139015 0 52.74033249914646 3.688047632575035
3253.585069477558 1125.261482983828 17.80186823010445 533.2067892700434 92.14038050919771 460.4070111811161 2273.52375099808 0.5299858301877975 8.087728291749954 3684.273559518158 5.093143150210381 4.065142542123795 32.89548955857754 9.455704554915428 0.1731753498315811 0 0.1175133734941483 0 0 0 0 0 0 0 0 0 0 0 0 0 34.49689944833517 0 0 0 0 0 0.2281333059072495 0.09796334803104401 0.5408021062612534 0 0 0 0 0 0 0 9.344409257173538 0.2824977338314056 0 0.1086505651473999 0 0 0 0 10.39087058603764 14.22666609287262 175.5590253323317 206.3359122872353 20.34524480253458 22.38905399292707 0 0.1405473798513412 0 2.752633921802044 3.250834733247757 0.7268310189247131 0.1104408949613571 0.09597697108983994 0 0 0.1550201922655106 0 0 106.9629043936729 9.145936772227287 19.15941645205021 1.219567500054836 0.1189206168055534 0.1355552226305008 0.0880386009812355 0 0.7044386714696884 6.485773026943207 0 0.4112403616309166 2.634200744330883 0 0.5905096158385277 0.8636876940727234 0 0.445733442902565 0.1147908791899681 0 0 0.1047555655241013 1.036877200007439 0 0 0.229190394282341 268.2451552301645 5.568682730197906 51.34341217577457 175.7700071334839 240.4907541945577 0.3669409975409508 233.7188713923097 191.5089539065957 30.86361659318209 211.4427055642009 241.9761993959546 0.702371209859848 43.97249089181423 32.2840858027339 6.35898894816637 1.907460942864418 0.2950519025325775 0.2583490461111069 0 0 0 0 0 0 0 0 0 0 0 0 0 0 0 0 0.1659570634365082 11.84869778156281 0 0 0.1544659733772278 0 0.9505387097597122 0.6002744436264038 0.5880427211523056 0.4886494725942612 0 0 0 0 0 0 0 0 1.621330119669437 4.118959374725819 0 0 0 0 0 1.326358281075954 0.9407630041241646 0.3528010994195938 2.691131934523582 5.539975829422474 7.409207001328468 0 0 2.410816580057144 0.3717943280935287 0 0.4973276928067207 0 0 0 0 0 0 5.645139023661613 0 0 0 0 0.6773989796638489 0 0 11.26084929704666 12.06860984861851 2.450239814817905 0.4405612871050835 0 0 0.3042914494872093 0 0 0.1075421571731567 0 0 0 4.860203176736832 1.317725092172623 0 211.1927534341812 6.672464780509472 100.2123990282416 16.743792116642 711.5656543821096 7.849647589027882 0.9793241247534752 0.5523622930049896 120.3179213777184 0.2149380594491959 12.15278711915016 2.156038478016853 145.9347912967205 0.7560050487518311 0.3741322457790375 0.2655326426029205 10.14115208387375 0.3385655581951141 199.5960351377726 20.76888771355152
180.1807378903031 3632.774278923869 776.8295495286584 92.14038050919771 3341.581365980208 10.12578290700912 1717.48810826242 176.1150451377034 4823.993793658912 2065.253836296499 1685.366959638894 111.4822070896626 1307.112463794649 1730.135532066226 19.82858916372061 1.926861263811588 0.3990361914038658 0 0 0 0 0.1829743236303329 0 0 1.018895521759987 0 0 0.1599506884813309 0.2067237198352814 0 179.9289404824376 12.99645548313856 58.19352723658085 0.1154795065522194 0 0.1476499289274216 7.650871768593788 1.115971975028515 0.7902409955859184 0.1700998395681381 0 0.3579890206456184 0.1031386181712151 0.4319831505417824 0 0 101.249674513936 1.222636461257935 0.485610656440258 0.1912203282117844 0.3232738375663757 0 0.4774726629257202 0.2837804183363914 19.38131097704172 24.60340613871813 81.96995570510626 188.7084276899695 28.2229867130518 110.3415270969272 0.3888626396656036 4.558419436216354 0.4081084430217743 146.3995219022036 9.649807281792164 1.568569429218769 1.163797199726105 0.2378418371081352 0.8089813068509102 0.8607146814465523 8.17176578193903 0.09831219911575317 0 278.1729910671711 105.950476102531 235.949683457613 52.14124456048012 4.658759877085686 1.416111782193184 12.44334018230438 0.6227016374468803 4.732324793934822 23.02620617300272 1.301515720784664 2.691491946578026 11.11324772983789 1.492884457111359 0.2883206382393837 5.503663502633572 0 1.172193355858326 0.2105183824896812 1.911988861858845 0.8666983768343925 0.5516612827777863 14.51783707737923 2.382274612784386 0 1.066161036491394 6.121969677507877 0.7112556099891663 0.8005291968584061 2.237126767635345 1.648299217224121 0 8.375822678208351 5.024344876408577 10.5382374227047 11.07937505841255 9.757085084915161 2.612167045474052 13.17891991138458 16.8218996450305 3.20629445463419 5.472013473510742 0 0.4365315437316895 0 0 0 0 0 0 0 0 0.2103471159934998 0 0 0 0 0.454987421631813 0.1564145386219025 0 0 0.489193007349968 0.4989472329616547 0 0.485057145357132 0 4.801023408770561 1.978961765766144 6.839858889579773 2.049653992056847 0.7165941148996353 0 0.5477346777915955 0 0 0.1189206317067146 0 0 0 0 0 0 0 0.4585622698068619 0 0.3054144755005836 0 0.2487317770719528 0.3148292452096939 0.3205048143863678 0.5877999365329742 0 0.4123774170875549 9.743256360292435 0 0 0.3112113326787949 0 0 0 0.1345032751560211 0 0.1719162464141846 13.35269965976477 0 0 0.09489666670560837 0 2.762228883802891 0 3.840044945478439 1.186014354228973 0.8262134045362473 0.429669588804245 0 0.2110136598348618 0.1209983006119728 0.2493390813469887 0 0 0.5987515300512314 0.1027503907680511 0.3383762836456299 0 7.28144896030426 3.28057849407196 2.880559392273426 428.7498348578811 19.08560171723366 498.4674654826522 73.82707676291466 42.08519128710032 27.65956510603428 2.160452805459499 19.3171764165163 28.07320326566696 0.7840448617935181 2.17159465700388 0.7997773587703705 19.92113982141018 0 0 0.8292189240455627 7.863082468509674 0.3634824752807617 56.17914230376482 7.274702787399292
90.71008603274822 105.0690034255385 1.193244054913521 460.4070111811161 10.12578290700912 19.77163524925709 136.9009370803833 0.672232873737812 1.798161193728447 990.2780374437571 5.348472207784653 109.9661477953196 19.99092457443476 2.340646475553513 0.7836831584572792 1.141777940094471 0 0 0 0 0 1.072621233761311 0 0 0 0 0 0.1580998003482819 0 0 1.903963059186935 0 3.223110318183899 0 0 0 7.252837672829628 0.6551791429519653 2.337597213685513 0 0 0 0 0.9206877425312996 0 0 0.5680924952030182 0.1266550123691559 0 0.1527494788169861 0 19.80630321800709 0.3932354748249054 0.2676708549261093 0.6462802886962891 1.013509459793568 302.5231009498239 110.5726277530193 21.63265804201365 1.441645212471485 0 0.5527492314577103 0 0.6790432631969452 0.1028470098972321 0 0 0 0 0 59.28912962973118 203.6137377023697 14.78419302403927 14.30427765846252 0.2875222936272621 1.304417476058006 1.687367312610149 0.9816615432500839 0 0 0.2902183830738068 0 0.117530420422554 2.050153285264969 0 0.9449612572789192 0.08262638002634048 5.712882317602634 2.415483638644218 12.11699988692999 1.462207473814487 4.251179151237011 0 0 2.623860120773315 64.965765401721 58.41075167059898 20.70482359826565 9.903315857052803 453.6404498666525 0 1.93342025578022 3.375343561172485 2.940625458955765 0.2237630486488342 7.991494618356228 8.019017413258553 3.79076012969017 26.6353899538517 8.068179577589035 0.4923404455184937 6.964510947465897 7.141664430499077 0.9333944320678711 0.5557639300823212 0.1626619547605515 0 0 0.3711664378643036 0 0 0 0 0 0 0 0 0.1584727466106415 0 0 0 0.3691494986414909 0.5957983136177063 0 0.9113271236419678 0 0 0 0 0 0 0.1835172325372696 1.762341253459454 0.8110536113381386 0 0 0 0 0 0 0 0 0.2869625613093376 0 0 0.1748836040496826 0.9874566197395325 0 0 0 0 0 0.3074778616428375 1.108923316001892 0.2004536241292953 0 0.2794263958930969 0 0 0 0 0 0 0 0 0 1.399603635072708 3.185531347990036 0 0 0.8449210077524185 0 0 0 0.1224419549107552 0 0 0 0 0 0.1197506487369537 0 0 0.116525411605835 0.1518650949001312 0 0 1.917592376470566 1.379010289907455 1.960575520992279 12.5299170166254 0.8143534362316132 12.00278223305941 2.452170714735985 622.7088014408946 1.677512660622597 0.5764159858226776 0 10.27787293493748 0 0.3795353025197983 0.3778067827224731 21.72222420573235 0 0 0 0 0 160.6568447798491 6.515856117010117
601.8611065968871 3944.060124531388 126.8678837493062 2273.52375099808 1717.48810826242 136.9009370803833 1223.638671666384 15.63085553050041 3748.627883337438 7938.476527117193 326.9373641833663 519.1214154735208 8111.835051804781 3827.267855614424 27.05735597014427 3.995163694024086 0.08829212188720703 0 0 0.6384024024009705 0.6726323142647743 0 0 0 0.5444396287202835 0.6164228022098541 0 0.1300777196884155 0.3018939942121506 0 66.65361407399178 10.38575172424316 15.40474221110344 0 0.1290938258171082 0.6863794103264809 6.574113987386227 2.1787378937006 0.9701942205429077 1.713776893913746 0.2773757874965668 0.3939606174826622 0.5038490891456604 0.573126457631588 0 0.1187558397650719 109.6508037298918 2.043591894209385 0.3730674013495445 1.179543323814869 0.105188824236393 0 0 0.1090564504265785 22.14244843274355 32.40887629985809 153.179163955152 223.4371626600623 32.19811245799065 121.4644099846482 0.8177334517240524 5.745063818991184 0 95.2131073474884 10.47726953029633 1.752168715000153 1.296849966049194 0.1100477650761604 0.5943156853318214 0.6230906918644905 10.00822860747576 1.794096857309341 0 295.7870919182897 81.85997465997934 218.4826400801539 56.54346069693565 5.64578165858984 0.6511656269431114 11.46573938429356 0.8946903795003891 8.40624825656414 26.77176957577467 0.1050176173448563 2.834208548069 13.26605948060751 2.583222016692162 0.617840014398098 5.111392468214035 0.2425450384616852 0.6792868971824646 0.2302083745598793 5.604894950985909 0.4466484636068344 0.7717868313193321 53.54416312277317 1.507443517446518 0 0.7477049604058266 64.10799624025822 2.843563303351402 11.65198317170143 97.31978295743465 21.96791058033705 4.948770716786385 103.3867795616388 73.25480755418539 69.66654454171658 131.7750285714865 207.7407071888447 9.37565054744482 106.7137487903237 124.1918226033449 30.63109525293112 18.59590532630682 0.8499539494514465 1.207211874425411 0.4809481501579285 0 0 0 0 0.1625552624464035 0 0.3412806689739227 0.1576921790838242 0 0.5425721406936646 0.1298636198043823 0.08930178731679916 0.2657164633274078 0.8519200831651688 0 0 6.844158843159676 1.512655884027481 0 1.17344006896019 0 20.3876371011138 8.078803360462189 18.85726173222065 4.231831155717373 0.5479168444871902 0.2223344892263412 0.3525182902812958 0.1440081745386124 0 0.2287213578820229 0 0 2.147646956145763 5.229764848947525 0 0 0.3946787118911743 0 0 1.412666298449039 0.3907985240221024 0.3352047204971313 3.539461247622967 5.166306890547276 4.077732935547829 0.1172764971852303 0.878720760345459 36.32971652597189 0.3076736181974411 0.1781164109706879 0.2874336093664169 0.09307457506656647 0.2478357553482056 0 0.1181366443634033 0 0.2289696335792542 61.08036886155605 0.3107929527759552 0 0 0.2115796208381653 8.755195200443268 3.323469862341881 10.97359970211983 5.285021908581257 8.24786850810051 2.89131885021925 0.8619228675961494 0.3743454813957214 0.3353074714541435 0.2827733084559441 0.1599974483251572 0 0.2278154492378235 0 0.2569517493247986 0 34.99220824241638 16.46043421328068 6.78746359795332 569.6796556711197 24.16189469397068 533.0208892673254 92.2246752306819 255.3200114518404 35.97174084186554 3.281490713357925 18.63720321655273 143.5549784675241 0.4811273589730263 20.96445310115814 4.214642614126205 136.2930549904704 3.096590422093868 2.349665530025959 0.9052191600203514 6.558883763849735 0 257.0852992460132 44.51323112845421
2.992369666695595 76.64534419029951 750.8013101369143 0.5299858301877975 176.1150451377034 0.672232873737812 15.63085553050041 1788.533877693117 106.8933760300279 6.916978277266026 3525.882225744426 18.78121291100979 99.42283175140619 741.2174294143915 37.61730101704597 18.92197088897228 3.1149637773633 9.978527516126633 0.1265711933374405 12.29684635996819 41.13211660087109 1.431281983852386 46.92713329195976 23.73468077927828 103.6701119095087 2.364065572619438 7.027433402836323 1.667392581701279 0.7739566713571548 2.296057760715485 1647.323167487979 2210.940783731639 214.1842005029321 15.56476784497499 20.33905889838934 94.57779929041862 37.66231510043144 102.0005036219954 10.80003977566957 48.47572268545628 29.31312492489815 28.78113840520382 57.07037626206875 9.961376123130322 3.878404267132282 26.8848667293787 105.8011059835553 11.31106978654861 6.04241918772459 60.0621969550848 76.70238240808249 4.851908907294273 1.470205843448639 5.629508905112743 13.11211552470922 18.29861065745354 85.24005678296089 366.7000534459949 17.60211142152548 92.48083071410656 570.8856722041965 319.3371751457453 27.15217567235231 905.4718864709139 9.045218385756016 15.07114493846893 41.99207630008459 32.64020313322544 227.4918546825647 204.8230385109782 43.15554096549749 1.560197569429874 0 254.2127623185515 186.8481292203069 263.9246578887105 190.6776570379734 227.7019418254495 1237.222889713943 4731.320696443319 234.7699725627899 3199.262459889054 17.28644494712353 0.6855618953704834 7.152068816125393 41.62389346212149 119.2264342904091 1.212115503847599 19.07165107131004 0.1584881097078323 9.347102142870426 3.385962210595608 645.0177212804556 85.42923302948475 14.84261900186539 26.68512684106827 19.33991085737944 0 4.65185522288084 1.890192091464996 0.5166851282119751 0 2.08734005689621 0.1645177155733109 0 5.98088327050209 0 4.246416956186295 10.84441156685352 13.49793049693108 2.825271010398865 7.059010192751884 7.938589662313461 4.35685458779335 4.701590210199356 0.6523195058107376 0.7297817915678024 0 0 0 0 0.2139593064785004 0.3290813863277435 0 2.09956556558609 2.186497569084167 0 0.7405003160238266 0.3558858036994934 0 0.7990543395280838 0.506124809384346 2.352863937616348 0 0.6466535031795502 0.1592640429735184 0 0.442772388458252 0 7.906739592552185 5.39306765794754 12.26196964085102 2.81005847454071 1.976175367832184 2.551313817501068 2.594795182347298 0.8469655811786652 0 0.2947436422109604 0 0.3848400712013245 0 0.1206036806106567 0.1578575521707535 0.7029106467962265 2.326301708817482 1.76812905818224 10.63228114694357 0.1428523361682892 0 0.5431555286049843 0.1743188798427582 0 0 0 0.1965496242046356 16.78259748220444 0 0.131495475769043 0.09722165763378143 0.471845731139183 1.300359345972538 2.172798246145248 1.38454008102417 0.5656206011772156 6.690141975879669 20.98086439073086 0.8143217265605927 0 0.9174183532595634 15.66952896118164 1.049637347459793 0.6155205965042114 8.553831189870834 0 1.784394100308418 0.1233000084757805 0.2092525959014893 0.1498008817434311 1.796034701168537 0.2229401543736458 0.1152068823575974 0.2525500357151031 1.908444926142693 3.610736608505249 4.087675966322422 6.920473664999008 6.080790728330612 11.9286721944809 8.633871227502823 261.8934958726168 13.04667208343744 339.0601226761937 73.05568691343069 8.76186590641737 10.58987937122583 0.2914710938930511 12.66957698762417 16.50768207758665 0.5042444914579391 1.560816951096058 0.3291400894522667 8.487180769443512 0 0.4370147287845612 0.5874592661857605 3.005466461181641 0 30.69710011035204 4.20823422819376
11.11635250598192 867.4310394749045 1407.65256138891 8.087728291749954 4823.993793658912 1.798161193728447 3748.627883337438 106.8933760300279 2729.967945441604 863.1971314027905 2526.307518593967 133.1187443137169 2674.441991567612 5770.593832157552 30.43009650707245 5.854666881263256 0.110819473862648 0 0 0 0.8059349954128265 0 0.4299176335334778 0.1275817900896072 1.842346049845219 0.2544696107506752 0.1176518127322197 0 0.1021155044436455 0.2690258473157883 41.71752615272999 10.84979578107595 40.10848971456289 0 0 0 8.325163140892982 1.652684390544891 0.8392592668533325 1.308100126683712 0.7942793071269989 0.5887420326471329 0.2598900645971298 0.6500886976718903 0.1068832129240036 0 94.14137912541628 1.375844173133373 0.6923013776540756 0.4240124970674515 0.4469336867332458 0.1511049419641495 0.115930549800396 0.1203299015760422 6.096386715769768 8.207320094108582 22.44569385796785 52.09847746789455 11.94953706115484 78.31565110385418 1.003998078405857 3.621583543717861 0.1539310961961746 85.95302346348763 2.324014477431774 0.8430393785238266 0.9996071457862854 0.1215489208698273 0.4904141202569008 1.860146753489971 9.691339388489723 0.3752179071307182 0 118.1170355528593 53.34874083101749 181.0732470452785 56.9473861604929 8.809044905006886 0.727246068418026 20.94657136499882 0.7172219380736351 4.327264867722988 9.729092761874199 0.3909752741456032 0.6328196153044701 4.313404716551304 1.416998751461506 0.3230444341897964 1.793692141771317 0 1.136997319757938 0.1754382848739624 4.624705575406551 1.518845848739147 0.3583321645855904 26.44273787736893 2.237330958247185 0.1814333200454712 1.387656778097153 1.096148878335953 0.8663903772830963 5.661267653107643 6.77461302280426 4.983924075961113 1.998011589050293 19.3193811699748 15.53832698613405 26.8689184486866 36.74593644589186 43.12358128279448 5.715821668505669 44.30271811038256 55.01319312304258 18.2603821977973 15.25052547454834 0.5593050196766853 0.6986872181296349 0 0 0 0 0 0 0 0 0 0 1.564817637205124 0 0 0.7698975503444672 0 0 0 2.403311163187027 1.039990663528442 0 4.843919828534126 0 12.39766551554203 4.897124499082565 17.32890290021896 2.801380902528763 0.3527491390705109 0 0.2627268731594086 0 0 0.4047172144055367 0.9799854159355164 0 0 0.3511859476566315 0 0.1900888383388519 0 1.466839522123337 0 0.4356641471385956 0.8335924595594406 0 1.284764230251312 1.458364307880402 1.125579953193665 0.5388138443231583 1.803436189889908 19.99357162415981 0.2466877549886703 0 0 0 0.3958282321691513 0 0 0 0 33.91383628547192 0 0 0 0 3.596710979938507 0.852685272693634 12.70764127373695 0.1286181211471558 0.6484531089663506 1.334940448403358 0.3221810460090637 0.6967575028538704 0.126055583357811 0 0 0 0.184367336332798 0 0 0.2142433971166611 20.84379377961159 9.425011843442917 8.194912910461426 399.1142880618572 10.99607741832733 297.2603712826967 59.31322624534369 18.11239551007748 17.66015733778477 1.622551538050175 14.21650514751673 47.65939956903458 0.6331756189465523 4.881958246231079 1.539340794086456 48.96812081336975 0.3798790574073792 0 0 3.092058971524239 0.5445731729269028 61.38271438330412 20.22702743858099
1866.746886432171 1316.495331443846 55.39705476909876 3684.273559518158 2065.253836296499 990.2780374437571 7938.476527117193 6.916978277266026 863.1971314027905 1711.162318594754 68.36083573848009 3688.529942750931 5124.409215770662 370.3068774417043 29.79912482202053 4.099097691476345 0.1868716478347778 0 0.09487679600715637 0 0.1182425692677498 0 0 0 1.105783775448799 0.4393722712993622 0 0.6671153455972672 0 0.3510858416557312 29.57630621641874 5.160058051347733 60.54284472763538 0 0 1.167775958776474 50.24671678245068 1.781805112957954 4.198061794042587 1.249598689377308 0.4344207495450974 1.54207706451416 0.488365039229393 2.214821569621563 0 0.1524913907051086 119.9078710600734 1.495124116539955 0.3272991478443146 0.2528819888830185 0.09385820478200912 3.356586739420891 0.1158663854002953 0.6975881904363632 17.23374696820974 24.16388563066721 217.5612387657166 181.8107643350959 40.60455430299044 110.0472037494183 0.1238106489181519 15.62885995954275 0.6344260573387146 68.37219164520502 9.074235253036022 3.034261874854565 0.7689971923828125 0.111938551068306 0.4566023498773575 0.878226101398468 112.4723936915398 15.60293716192245 2.092482537031174 226.2811205387115 56.22556166350842 208.3107785508037 54.26423903554678 7.794269502162933 0.9905280992388725 4.69806157797575 0.6268672123551369 13.83777717500925 23.05916704237461 0.4858313277363777 3.047951333224773 8.550870500504971 0.8900996670126915 1.245491996407509 5.151885159313679 1.009476110339165 0.6284659132361412 0.5467052236199379 2.481556467711926 0.7308130264282227 1.016736313700676 656.2932910621166 64.86895543336868 4.386620610952377 11.05363337695599 428.1103015318513 12.76146516948938 68.85298334807158 110.7827251404524 113.2209948971868 17.47459271550179 311.3839487433434 282.7974576428533 253.8010918349028 545.2634851336479 523.3757388144732 40.53780202567577 498.3610827326775 710.4120060056448 168.9722323045135 94.98945145308971 3.347808070480824 2.798103347420692 0 0 0 0 0 0.388938307762146 0 1.302324056625366 0.4143823981285095 0 1.679667413234711 1.892004624009132 0 1.187354564666748 1.060324497520924 0.2036260515451431 0 23.59936222434044 8.473002806305885 0 4.479582548141479 0 101.8425181806087 29.22273553907871 101.5235610306263 16.40317106246948 6.888989932835102 0.3336070775985718 0.3734072595834732 0.4649458676576614 0.248686172068119 1.311142072081566 0.7589716166257858 0 2.651897355914116 8.505142830312252 0 0 0.2937211394309998 0 1.018240109086037 1.056280553340912 0.7859910726547241 0.5312589257955551 9.985526219010353 10.29358308017254 23.17428740113974 2.649419367313385 4.586298257112503 181.6028497964144 2.69481485337019 0 0.922759622335434 0.338712640106678 0 1.209371358156204 0.2162964791059494 0 0.9151923060417175 269.8540904447436 1.534485444426537 0 0 0 42.75344237685204 13.06685930490494 74.4778588861227 7.631584122776985 9.935553967952728 5.655809059739113 2.122074879705906 1.7139637991786 0.1435512602329254 0.7165440693497658 0.1307522803544998 0 0.9259259775280952 0 0.2702820897102356 0.1702079027891159 197.9530780166388 70.84913964569569 34.89148631691933 1225.370841220021 28.17077592760324 564.3608582243323 125.215207323432 1442.243621997535 46.26465653628111 1.77975682169199 35.48586637526751 694.5582029148936 0.5807673782110214 22.30356787145138 6.73742862790823 806.9244399294257 6.03114178776741 0 0 9.452816888689995 0 1888.148005448282 270.873254314065
59.06910969316959 539.1361936479807 602.4350927695632 5.093143150210381 1685.366959638894 5.348472207784653 326.9373641833663 3525.882225744426 2526.307518593967 68.36083573848009 3576.824247412384 327.2692705243826 2034.78836466372 5186.996016345918 73.3677754253149 24.97921925783157 0.3410382121801376 9.410433650016785 0.1559919416904449 3.356012143194675 9.009430766105652 7.492817491292953 12.49507558345795 8.662022978067398 57.23587977141142 4.395368158817291 2.246880754828453 3.776164077222347 2.879961527884007 0.3604675829410553 540.9094469994307 251.6649997979403 1565.686160609126 1.311893902719021 4.756980642676353 43.60143602639437 236.962170869112 134.1634342297912 23.50549925118685 38.07961229979992 30.99045130610466 32.86914184689522 14.01965011656284 5.644353002309799 0.9621396213769913 0.9707605540752411 182.9084976539016 4.378513425588608 7.536728627979755 30.28737312555313 23.46166690438986 16.93471647799015 1.38692618906498 11.75016723573208 15.58894574642181 21.84123028814793 88.97138334810734 270.2915566787124 22.20914682000875 131.6477344855666 23.16961540281773 118.9800722748041 1.432738870382309 367.398722358048 8.124748736619949 4.898616060614586 12.14974725246429 7.496251031756401 25.40562721341848 52.49030495434999 81.81364283710718 7.508022367954254 0.4384624660015106 290.4609228298068 155.9618892073631 364.5108190849423 191.0842593237758 35.22461657226086 42.3511101603508 2154.915783904493 3.489300630986691 333.7445784732699 24.04697496443987 0.3051334992051125 3.235499329864979 34.70348757505417 10.97036366164684 0.9908577352762222 11.51906196773052 2.191042736172676 14.26031401753426 9.737917520105839 240.352845415473 70.1279107555747 28.26796405762434 49.73336331546307 6.966724202036858 1.156288027763367 7.602081507444382 4.329592451453209 0 0.5949390530586243 1.028827607631683 0 1.207492053508759 5.37322136759758 2.861430794000626 4.110088542103767 5.558026790618896 7.040933057665825 1.922814458608627 4.794735863804817 9.405669420957565 4.771579921245575 5.19549797475338 1.012350127100945 1.495046690106392 0 0.3035665154457092 0 0 0 1.143994927406311 0 0.8975208401679993 5.721991762518883 0.300589382648468 1.006741553544998 0.2907070815563202 0.2114372253417969 2.469357684254646 0.9675317332148552 3.15188167989254 0.8458781987428665 0.1575925350189209 0 0 0.1712589859962463 0 8.674771189689636 4.081175811588764 8.660585097968578 5.891815170645714 4.569781005382538 3.490930661559105 1.081428110599518 1.694875240325928 0.5861747264862061 0.3738797008991241 0.6290320307016373 1.61602158844471 0 0.9037877768278122 0.5872731804847717 1.296799033880234 3.710088670253754 2.537437096238136 10.79199527204037 0.2192512825131416 0 0.1460537612438202 0.3201191276311874 0 0.2271906435489655 0.5300536453723907 0 14.99179075658321 0 0 0 0.5107396245002747 0.352571114897728 0.8301364183425903 0.745231032371521 0.6106313019990921 4.91450922191143 21.39374028891325 3.220561221241951 3.031536415219307 0 10.57070614397526 3.124049827456474 0.3169941008090973 3.272154226899147 0.2819381654262543 1.036903217434883 0.5697713941335678 0 0.5529429167509079 0.3368650823831558 0.21487857401371 0.3579776138067245 0.1701262146234512 2.565995745360851 1.97442165017128 4.703891143202782 2.893163964152336 6.227952390909195 10.95216374099255 12.05297409743071 564.4969852939248 26.9488083422184 574.7787351086736 142.3709741011262 23.66539313644171 33.62120499461889 2.732049658894539 23.93699852377176 27.8579710572958 0.6743413284420967 3.197928830981255 2.277823999524117 11.95431397855282 1.265203207731247 0.3359180837869644 0 7.173485949635506 0.259087398648262 45.24351373314857 10.32834812998772
4.322739884257317 26.19487699866295 14.62413773685694 4.065142542123795 111.4822070896626 109.9661477953196 519.1214154735208 18.78121291100979 133.1187443137169 3688.529942750931 327.2692705243826 1246.916540443897 2449.552726246417 441.9651279374957 45.89013742655516 23.38473273813725 0 2.174274489283562 0.2195632010698318 0 0.3389666676521301 6.381105557084084 2.098394215106964 1.615001648664474 3.596321225166321 0.6463271975517273 1.392198316752911 2.168468683958054 2.146296679973602 0.1449823826551437 4.744802862405777 6.260794781148434 188.8488467484713 0 0.595119833946228 3.816656157374382 214.6066298484802 21.80043713003397 8.400539055466652 9.645401328802109 4.846684247255325 6.39620715379715 2.094740390777588 7.322360925376415 0 0.1128724440932274 65.49478927254677 0.2649547159671783 0.8323462158441544 6.267504572868347 2.823447555303574 15.253154091537 6.002841033041477 3.110238641500473 1.998117923736572 1.796728633344173 15.88136051595211 8.748699970543385 3.435661658644676 24.64575061202049 1.274481147527695 12.11301584541798 0.1737160831689835 37.28871177136898 0.4299639165401459 0.09147325903177261 3.140443779528141 0.8265983685851097 2.98519578576088 3.988846197724342 246.0055352374911 63.38475608825684 3.449369207024574 32.88013380020857 15.78174652159214 94.22004030644894 67.62487050890923 26.25029320269823 1.018605932593346 20.07946310937405 2.387960001826286 10.2880228087306 1.798592813313007 0 0.2513882145285606 2.603609673678875 3.920442476868629 1.53232142329216 4.775532022118568 2.655203819274902 1.795702271163464 6.294838532805443 18.98205900192261 7.619758456945419 8.442308023571968 1748.055198550224 66.61250360310078 14.11733357608318 25.28799108415842 44.23514728248119 5.135982051491737 14.65403416752815 26.3834533020854 19.9894412830472 19.4945323318243 99.35866995900869 80.35470451414585 119.3347686082125 224.4947288259864 224.0674531534314 32.79712907224894 262.1767589598894 331.9512348473072 113.713958516717 89.1346228942275 1.8857506737113 7.49297821521759 0 0.3558468371629715 0.4355246126651764 0 0 0.2989232540130615 1.449613764882088 0 0 0 0.9491244480013847 1.528872519731522 1.614364758133888 4.029917001724243 3.074934519827366 1.649345129728317 2.073951341211796 14.4317010641098 4.217453360557556 0.249877393245697 6.497162863612175 0.8420978933572769 89.14827906340361 16.30023385584354 78.13756167888641 21.91722044348717 7.514420591294765 2.124495342373848 1.094689801335335 0.3396618068218231 0.2166115939617157 1.317635156214237 2.593042001128197 0 0.2019553482532501 4.901532880961895 0.2055619210004807 0.1505550742149353 1.177289143204689 5.681183643639088 1.744144573807716 0.4703835248947144 0.1277315467596054 0 2.491330198943615 4.193932980298996 6.676007464528084 0.8069615215063095 4.632717788219452 117.1345400735736 1.912515588104725 0.1854333281517029 0.2682195901870728 0 0.147744208574295 0.4745865315198898 0.1817930489778519 0 1.16792568564415 252.3676536604762 9.055896401405334 0.7680362612009048 0 4.307551056146622 25.16098710149527 4.942612275481224 51.7605324536562 4.870766378939152 7.071175336837769 4.178517483174801 1.561042591929436 3.234687060117722 0.692052811384201 0 0 0 0 0.6543234288692474 0 0.7655534893274307 137.9886179342866 70.72853746265173 59.85892431437969 280.9250567033887 9.138121567666531 170.1042648032308 60.76805035024881 267.6445960626006 12.7262931317091 1.141310498118401 6.776119157671928 168.6315213814378 1.215196147561073 18.33485443145037 4.040398843586445 200.2378334105015 5.590515494346619 0 2.274256244301796 3.12977346777916 2.374659359455109 1374.252804622054 216.4836875870824
