280.4538197740912 1866.105485066772 49.02814622968435 1989.279900744557 3.77950044721365 108.0672082155943 198.2995590940118 7.058364376425743 1.936322376132011 2667.366698093712 9.90888500213623 360.6858871281147 64.38514607399702 3.530312016606331 0 0 0 0 0 0 0 0 0 0 0 0 0 0 0 0 300.4166977107525 0.7900487035512924 1.887741461396217 0 0 0 0.4369057863950729 0 0 0 0 0 0 0.1488872170448303 0 0.7308409363031387 4.355019956827164 0.1764052212238312 0 0.1452832520008087 0 0 0 0 35.80625159293413 74.43261551111937 223.3103038147092 741.7483484223485 84.26249676942825 11.44549433141947 0 0.166013091802597 0 8.707001402974129 15.86250668764114 3.070300072431564 1.26270592212677 0 0 0 0.751797690987587 0.5768178999423981 0 290.0414306521416 25.13061212003231 3.560272693634033 0 0.115481860935688 0 9.619108282029629 0 0.2982011735439301 18.63085553795099 7.84344220161438 0.9680440798401833 21.18079652637243 0.275334432721138 0.6509571596980095 3.197001039981842 0 0.5794446468353271 0.7317222356796265 0 0 0.127859964966774 10.54930703341961 2.250836908817291 0 1.143188565969467 1087.040822222829 0.846427321434021 17.13568061590195 44.02984794974327 40.42098996043205 0 27.9378525018692 16.95035964250565 6.591820925474167 29.61802372336388 10.93047834932804 1.761889278888702 2.727787062525749 39.12024463713169 3.184725522994995 3.592499971389771 0 0 0 0 0 0 0 0 0 0 0 0 0 0 0 0 0 0 0 0 0 0 0 0 2.789133653044701 0 0 0 0 0 0 0 0 0 0 0 0.129605770111084 0 0 0 0 0 0 0 0 0 0 0 3.593179672956467 0 0 0 0 0 0 0.4547693729400635 0.1354746073484421 0 0 0 0 11.0652858838439 0 0 0 0 3.287499666213989 0 0 0 0.7428068518638611 0 0 0 0 0 0 0 0.1316976696252823 0 0 0 1.398629233241081 0 0 348.4444482028484 13.84586867690086 182.0409288555384 16.20168476551771 226.6038202792406 10.24666978418827 5.26631972938776 5.334892310202122 14.71413633227348 0.9243860840797424 3.1151302754879 0 73.07232975959778 0 0 0 0 0 222.4024407342076 20.81896239519119
1866.105485066772 2505.270903170109 1718.880325458944 274.5691740512848 887.836836501956 144.9561080485582 3392.993021465838 172.6273938640952 325.856094405055 411.2170528545976 609.4845731034875 201.3731843754649 192.8849258050323 635.2737491652369 4.491539724171162 0.5364004001021385 0.3182244300842285 0.1078371033072472 0.128745511174202 0 0 0 0 0 0 0 0.1107586398720741 0 0 0.1191363856196404 1702.067320659757 18.14172881096601 55.88803653419018 0 0 0.226600706577301 9.046617023646832 0 0.2996038049459457 0.09646940976381302 0 0 0 0.3953677490353584 0 0.3088816329836845 70.51656947284937 1.272610202431679 0.9083422124385834 0 1.200258046388626 0 0.1411712616682053 0 129.2734791487455 210.0696299225092 294.9583446979523 1501.236319631338 114.3157868683338 104.9489517882466 0.4453490972518921 5.270549774169922 0 85.10888576507568 67.09490901976824 14.56621774286032 3.055291123688221 0.459443099796772 0.2552730143070221 0.4020329564809799 4.063930541276932 0.582656592130661 0 683.3980182856321 351.4486192911863 103.2650210037827 28.0404275432229 3.263066500425339 0.6455280482769012 264.9089047536254 0.5309855937957764 6.241835027933121 72.43097628653049 17.43610900640488 5.435739614069462 85.34723023325205 2.102187179028988 4.871476493775845 16.09165665507317 0.1520516276359558 1.601174384355545 0.2256355583667755 0 0.6474070325493813 0.247294619679451 9.632688209414482 3.546075686812401 0.1574193388223648 1.436825066804886 1009.720561243594 0 4.786940455436707 64.18520474433899 8.109185516834259 0.903802752494812 35.43997584283352 3.12524576485157 8.8309455960989 23.01464457809925 4.445259511470795 4.195798307657242 6.582634881138802 38.86946327984333 13.20822750031948 11.51914536952972 0.674039751291275 0 0 0 0 0 0 0 0 0 0 0 0 0 0 0 0 0 0 1.648054957389832 0.4918903708457947 0 0 0 3.921993643045425 0 4.215220145881176 1.428598761558533 0 0 0 0 0 0 0 0 1.37677726149559 0 0 0 0 0 0 0.928317978978157 2.003163695335388 1.284202493727207 0 0 0 0 0 0 0.4590299129486084 0 0.8756904900074005 0.4912980273365974 0.2500538006424904 0 0 0 0 40.74696881324053 0 0 0 0 4.528826370835304 0 0 0.8272978067398071 1.060115829110146 0 0 0.3095263838768005 0 0 0.1218042895197868 0.1285586953163147 0.8827941045165062 0.1305113732814789 0 0 3.800498694181442 2.088731020689011 3.189734637737274 554.7923650816083 27.0864439457655 765.6704219505191 125.051182538271 175.5340398326516 27.70665819197893 15.39976254105568 61.07440628856421 10.81251807510853 0.168645828962326 9.371157631278038 5.639949679374695 26.59479510784149 0.4249271154403687 0 0 0.4521439224481583 0 334.1403740718961 8.373006284236908
49.02814622968435 1718.880325458944 1288.256662912667 21.3415791541338 222.850676625967 16.00806191563606 241.6122707501054 2100.691080138087 422.1266448199749 15.62276095896959 2154.631121046841 94.29310300201178 211.1098270341754 810.9636783152819 5.341712653636932 0.9910151734948158 0.1014818251132965 0.1049322709441185 0 0.6382550895214081 0.3504772335290909 0 2.146790310740471 2.641955211758614 1.757764242589474 0 1.538439504802227 0 0.2510532587766647 0.1610687375068665 3037.956218965352 61.57394782453775 199.0037591457367 0.1390873938798904 0.2859813272953033 0.3862285986542702 35.20152994245291 3.146006509661674 5.621471904218197 2.209678873419762 1.002217829227448 1.157477036118507 0 0.3230088949203491 0 0.3809275776147842 12.72528894245625 0.7627986595034599 0.2499532401561737 0.3260735720396042 0.7015001177787781 0 1.821252502501011 0 19.75373354554176 25.27591379731894 167.0216935127974 1467.552551187575 41.34510806947947 10.39228811860085 7.234614409506321 67.63399926573038 0.665227547287941 13.68638746440411 7.484410606324673 1.399386674165726 1.116538219153881 0 2.170676916837692 0.6824548095464706 30.32817044109106 0.5085378885269165 0 175.892499640584 102.1160913333297 17.70264785736799 8.293836422264576 3.145397856831551 52.59495332092047 1697.139711000025 3.627529479563236 187.6658748611808 8.915004603564739 2.67788328230381 0.4119926542043686 10.52148374915123 1.522317722439766 0.2257727831602097 1.860450878739357 0 0.8334116563200951 0.1947567760944366 3.878830298781395 5.122995868325233 0.2928159087896347 33.44385819882154 30.05339319258928 0 17.57826978713274 129.0496806129813 3.867742568254471 7.505923986434937 6.069997310638428 5.975576713681221 6.099417239427567 55.23363323509693 4.240862250328064 18.41484750807285 56.63839522004128 8.657209128141403 19.55413600802422 9.548669025301933 75.77196162939072 27.93450830131769 20.05905460566282 1.109334945678711 1.150129683315754 0 0.1372554302215576 0 0 0 0 0 0 0 0 0 0 0.2096161097288132 0.08651869744062424 2.325303748250008 0 0 7.112050980329514 1.847582772374153 0 0 0 27.06062623858452 9.4046351313591 21.69645829498768 5.90433007478714 1.717702031135559 0 0 0.3064568042755127 0 0 1.155845791101456 0 0.4393249973654747 4.281434059143066 0 0 0 0.3396430686116219 0.3680233359336853 0.2357084006071091 0.4727039039134979 0.6431177109479904 3.039271384477615 1.847813859581947 0 0 0 8.549393497407436 0.1753808259963989 0 0.2265688627958298 0.1575180143117905 0 0 0.1527046412229538 0.174351766705513 0 82.36273268610239 0 0 0 0.9891947954893112 36.31564722210169 0 0 4.638431444764137 1.149677693843842 3.578483186662197 0 2.124364636838436 0 0 0 0 0.1849634945392609 0 0 0 18.07548327744007 14.73733373731375 14.96526126563549 109.4877314418554 5.946039766073227 86.21925660967827 19.19885981082916 22.58526642620564 4.465663559734821 2.017770074307919 10.36840371787548 27.27498254925013 0 20.11188666522503 4.870823696255684 42.97272711992264 1.901456356048584 0 1.356764689087868 0 0.1226597726345062 91.97407979518175 25.42096021771431
1989.279900744557 274.5691740512848 21.3415791541338 34.62051679193974 21.69950012862682 854.5803801268339 112.6801904737949 0.607058085501194 6.496609926223755 742.120627425611 0.8706960082054138 325.5258188843727 63.8433485776186 1.093313552439213 0.2553712949156761 0 0 0 0 0 0 0 0 0 0 0 0 0 0 0 20.51245989650488 0.8113028854131699 0.5092051550745964 0 0 0 0 0 0 0 0 0 0 0 0 0 2.593706376850605 0 0 0 0 0 0 0 15.50237490981817 29.35350838303566 33.32043068110943 77.08300352841616 13.54552482068539 9.233191549777985 0.1078588142991066 0 0 6.992223605513573 7.096330523490906 1.783456116914749 0.4568759948015213 0.209511324763298 0.1191595420241356 0 0.2857774868607521 0.7575691938400269 0 75.2408057898283 23.08521939814091 5.531997814774513 0.5825472995638847 0.2071669772267342 0 0.5284193009138107 0.1010100916028023 0.1158605888485909 7.142079457640648 1.215371899306774 0.5013177171349525 9.811206631362438 0.4015562683343887 0.380637526512146 1.507222212851048 0 0.1105658635497093 0 0 0 0 0.6421815156936646 0.1172221228480339 0 0.3572428673505783 400.6130649670959 0 7.554070889949799 5.519629746675491 11.75908927619457 0 11.37345087528229 1.659969210624695 6.672097012400627 15.79098360240459 7.324148669838905 1.257700398564339 1.387254655361176 15.58357113599777 2.561175003647804 0 0 0 0 0 0 0 0 0 0 0 0 0 0 0 0 0 0 0 0 0 0 0 0 0 0.3575854152441025 0 0 0 0 0 0 0 0 0 0 0 0 0.1125476434826851 0 0 0 0 0 0 0 0 0.2177863121032715 0 0.2452016323804855 0 0 0 0 0 0 0 0.1593480110168457 0 0 0 0 2.397152319550514 0 0 0 0 0.1773694902658463 0 0 0 0 0.6320002377033234 0 0 0 0 0 0 0 0 0 0 0.6761979162693024 0 0 95.20507170259953 3.457341603934765 97.87039125710726 13.51681100577116 314.4238223806024 3.508673906326294 0.4789534509181976 4.517711162567139 3.262069761753082 0 0 0 8.79999303817749 0.246251106262207 0 0 0.9290547966957092 0 175.6980007216334 10.30857805907726
3.77950044721365 887.836836501956 222.850676625967 21.69950012862682 517.4076934680343 0.9336761832237244 2549.868258349597 96.74104095995426 3161.228110671043 257.4924418255687 728.628645196557 157.3267903104424 283.2804391086102 1175.369054615498 4.900762043893337 0.5471281111240387 0.3654849529266357 0 0 0 0 0 0 0 0 0 0 0.1352441906929016 0.1774615049362183 0 110.2571714818478 24.67957113683224 5.85393114387989 0.1081742867827415 0 0 1.071970403194427 0 0.4496097415685654 0 0 0 0 0.4020363539457321 0 0.2348501831293106 49.19587144255638 0 0.1260876804590225 0 0.110741414129734 0 0.1284336000680923 0 20.53780830651522 31.98259154707193 12.60141952335835 48.40277843177319 10.71769475191832 42.00748027861118 0 0 0 34.81021793186665 9.240935757756233 3.219038099050522 0.2900467813014984 0.2420570030808449 0 0 1.688759602606297 0 0.09623168408870697 114.692129291594 140.9134118333459 46.80252584069967 31.82275093346834 4.829748265445232 0 19.39138671755791 0 0.4623295068740845 11.94308088719845 2.496091090142727 0.822625644505024 19.01078574359417 0.2597619816660881 0.8998900130391121 3.151790276169777 0 0.4853277653455734 0 0 0 0.1126804500818253 7.879725329577923 2.863148182630539 0.1749656647443771 0.6652832701802254 1.963977977633476 2.686602964997292 4.191187888383865 19.22107860445976 6.511349320411682 0.5882357954978943 25.34966759383678 3.966162979602814 9.918010517954826 31.64754618704319 10.63446459174156 6.699564233422279 17.89662127196789 49.78035044670105 19.3809617459774 6.403887867927551 0.3867897689342499 0 0 0 0 0 0 0 0 0 0 0 0 0 0 0 0 0 0 3.523661285638809 1.692407608032227 0 0 0 3.109930008649826 1.542213082313538 3.673725426197052 0 0 0 0 0 0 0 0 0 1.246847242116928 0 0 0 0 0 0 0.7331366539001465 0.6596051454544067 0 0.8411027789115906 0.1592743247747421 0 0 0 0.9029816389083862 0.3573764860630035 0 0 0 0 0 0 0 0 32.01503321528435 0 0 0 0 11.18992985785007 0 0 2.338205918669701 2.085580885410309 1.017800636589527 0.6282205581665039 1.895020358264446 0 0 0 0 0.5303922519087791 0 0 0 13.34494051337242 1.590759813785553 0.1952169239521027 271.2152578979731 6.898118153214455 283.9726397618651 71.20307623594999 12.22038103640079 11.3430438041687 1.648875944316387 40.1595505848527 14.60093110799789 0.1294889599084854 10.03050324320793 2.301357418298721 12.26294735074043 0 0.2226899415254593 0 0.3814029395580292 2.370229482650757 70.39826838672161 12.63442707061768
108.0672082155943 144.9561080485582 16.00806191563606 854.5803801268339 0.9336761832237244 4.326907724142075 115.441790997982 0.8576534688472748 0.2710082232952118 1823.136293977499 1.117059424519539 222.4176386147738 37.07431408762932 1.024492114782333 3.086769104003906 1.200354404747486 0.1178418844938278 0 0 0 0 2.437009736895561 0 0 1.811721339821815 0 0 0 0 0 5.145906522870064 3.102578721940517 7.210096880793571 0 0 1.262107729911804 12.25159764289856 1.457752540707588 4.814662970602512 0.9690673425793648 0 0 0 1.989772871136665 0 1.842406421899796 1.119982942938805 0 0 0 0 2.111861974000931 1.232452847063541 0 1.553319849073887 3.07996092736721 145.9743648394942 8.033150404691696 4.901014275848866 0.9618584364652634 0.7245680540800095 0.4251527190208435 0 0.437298446893692 0.487335279583931 0.3233948349952698 1.117075979709625 0 0.4834508746862411 0 35.21712952852249 138.0010592639446 2.832544699311256 8.253686800599098 4.889452837407589 1.497666336596012 0.4523907750844955 0.8775167986750603 0.4102432578802109 2.321764066815376 2.632954120635986 0.8777842372655869 0.5715330988168716 2.753117859363556 0.1210687011480331 4.019650824368 0 10.60896012187004 10.8072804659605 21.90548047423363 5.537608608603477 3.64632560312748 0 0 1.185835406184196 48.23054024577141 73.58577112853527 0 18.04379519075155 284.5681291148067 0 13.43193811178207 10.86184300482273 20.15391650795937 0 18.76493149995804 8.370185658335686 7.772505447268486 27.64323118329048 10.18396207690239 4.57656817138195 6.134147673845291 40.84627187252045 5.809345573186874 0.8004193305969238 0 0 0 0 0 0 0 0 0.5990356653928757 0 0.2591234445571899 0 0 0 0.2831942439079285 0 0.821437194943428 2.043158695101738 0.2924430668354034 0 0 0 0 0.3860552608966827 0.4993926882743835 0 0 0 0.1772288531064987 0 0 0 0 0 0 0 0 0.1059092134237289 0 0 0 0.994809478521347 0 0 0 0 0 0 0 0.612515389919281 0 0 0 0 0 0 0 0 0.3380946516990662 0.209689736366272 0.3596881031990051 4.054097414016724 0.8667774051427841 0 0 0.326374351978302 0.759935736656189 0 0 0.5535422563552856 0 0 0 0 0 0 0 0 0 0 0 0 3.322761163115501 0.9916043877601624 0.2860661596059799 56.12592429667711 0.1886760294437408 19.18438544124365 6.474647954106331 156.094214245677 2.414221882820129 0.2963547110557556 0.7340196371078491 9.041645735502243 0.1481538861989975 1.081087812781334 0.5297661423683167 41.00168085098267 0 0 0 0 0 27.49165789783001 33.24815174937248
198.2995590940118 3392.993021465838 241.6122707501054 112.6801904737949 2549.868258349597 115.441790997982 1118.896003469825 34.31307952105999 766.2709776461124 2077.43935482204 617.6762283742428 1664.619859226048 1883.366453707218 2051.444924220443 13.40037551522255 2.018985219299793 0.3980177193880081 0 0 0 0 0 0 0 0 0 0 0 0 0 157.3146447315812 34.66279530525208 26.2392458319664 0 0 0.3299787193536758 7.301191538572311 0.2106047868728638 0.2090817540884018 0.2074911147356033 0 0 0 1.286567486822605 0.1097677499055862 0.8922212943434715 107.1913383677602 1.208988890051842 0.2266532778739929 0.1024094894528389 0.7843554466962814 0 0 0 59.17624329775572 111.825046479702 60.88559406995773 186.5240272730589 37.49275066703558 118.1007072031498 1.003297440707684 0.0868476927280426 0.370245523750782 61.84583204984665 38.1371237039566 10.86068731546402 3.055280312895775 0.2230707928538322 0.2040863484144211 0 4.2262799218297 2.892582178115845 0 363.9207425191998 307.243036493659 134.9105082526803 68.41996794939041 14.86355692893267 0.09923254698514938 19.00951776653528 0.4774064794182777 0.3505033105611801 46.45867776870728 10.16361557692289 4.49666365981102 57.69182295352221 1.420428805053234 2.260043650865555 10.36645019799471 0.2540408074855804 1.49510807543993 0 0 0.8481987491250038 0.2413784116506577 43.83925527334213 11.31581109762192 0 4.376314841210842 68.49960582703352 16.30774284899235 29.74596266448498 256.7132744267583 114.8789760321379 10.28596518933773 259.5145702883601 16.40773414075375 68.84331892430782 159.8924061208963 21.36024710536003 23.1509467959404 54.94679707288742 125.2223058268428 37.36068820953369 21.62439970672131 0.6638810038566589 0 0 0 0 0 0 0 0 0 0 0 0 0 0.3731400072574615 0 0 0 0 5.950465269386768 1.055811494588852 0 0 0 19.42401029169559 1.600064158439636 5.020462244749069 0.5255628675222397 0.8031783699989319 0 0 0 0 0.1426297724246979 0 0 4.260783344507217 2.585796698927879 0 0 0 0.5144785046577454 0 2.201373197138309 5.002731509506702 2.024282574653625 7.555042207241058 5.974429242312908 2.822192654013634 0 0 5.1421217918396 1.269979417324066 2.299657352268696 3.153996035456657 0.4171179533004761 0.146134078502655 0 0 0.09830836206674576 0 75.3484021499753 0.4924485087394714 0 0 0 22.19308534264565 0 1.218350172042847 21.74674421548843 16.6346627548337 5.447834946215153 0.3466661125421524 1.129227966070175 0.4313155934214592 0.1074122563004494 0.2032853811979294 0 0.4140427261590958 0 0 0 23.02891360223293 3.20622706413269 4.592222213745117 717.8351204320788 20.8515804708004 696.4840739071369 155.5788102969527 112.6904309764504 25.4981047436595 9.751003548502922 103.5337202399969 37.53867572546005 1.362231463193893 48.20283881574869 19.65070166438818 52.82393224537373 5.061146043241024 0.5547798424959183 2.72954623401165 4.076049953699112 1.100314572453499 286.2127033695579 40.21402854472399
7.058364376425743 172.6273938640952 2100.691080138087 0.607058085501194 96.74104095995426 0.8576534688472748 34.31307952105999 1064.90304979682 118.9295527637005 8.304288260638714 1337.472405381501 424.4870314970613 401.7907498702407 601.9380522295833 12.77294723689556 4.872414037585258 0.4072809517383575 0.3064214736223221 0 2.40037114918232 6.873157739639282 0.142027422785759 15.08245003223419 23.3353351354599 9.569254785776138 0 7.634048178792 0 1.233990907669067 3.314645633101463 456.4185649007559 829.2361795455217 332.375891238451 3.121044859290123 7.782131791114807 1.571517035365105 140.8776025250554 17.36185709387064 24.82344264537096 11.98435311764479 16.2470538020134 8.716381803154945 0.3542679846286774 2.814532168209553 0.5790104418992996 2.465407364070415 34.63904291391373 0.7558737769722939 0.9044840335845947 1.779641002416611 3.627515465021133 0.5024914741516113 9.097577199339867 0.1634547114372253 9.733385480940342 10.06097696721554 21.0936129167676 161.9622790068388 7.285200037062168 26.87034293264151 47.88597811758518 323.0704473853111 2.842598721385002 56.8413368165493 5.00537696480751 2.182143658399582 2.577484466135502 0.1251165270805359 8.389185629785061 3.477477580308914 87.29169511795044 0.9796637669205666 0.1970994770526886 74.83684238046408 84.05355129390955 54.04970496147871 44.1211262345314 21.95037154108286 627.4832396581769 1589.92973612994 44.04231758415699 1324.448722377419 6.975942105054855 1.250586472451687 1.136721588671207 8.144422963261604 3.363489866256714 0.1288551837205887 2.193503461778164 0.2807543650269508 2.008754312992096 0 23.17473216354847 24.45923313498497 5.995264798402786 50.98312123864889 79.24799703806639 0.5537698715925217 53.46334443241358 13.64943058788776 1.88614846765995 0 12.44957759231329 4.331684142351151 4.696067422628403 40.75361794233322 1.327891409397125 15.77933458983898 54.50940991938114 8.001262173056602 15.76110170781612 19.37782929837704 98.86034674942493 33.62128250300884 30.96379265189171 0.5777019038796425 0.2116361558437347 0 0.5658159255981445 0 0 0 0 0 0 0.792043462395668 0 0.899554654955864 0 0 0.4064525440335274 0.1487814337015152 0.1497227400541306 0 2.214540034532547 5.679825454950333 0 0 0.7763159275054932 21.42565673589706 0.9803666025400162 26.28258748352528 5.031781010329723 1.707012295722961 0 0 0.6458179652690887 0 0 0 0.1355608999729156 0 1.881791442632675 0 0 1.057749778032303 0 2.28106027841568 0.3519257679581642 0 0 0.8763461038470268 0.8543540388345718 1.210798025131226 0 0 9.904113084077835 0 1.591689169406891 1.106479048728943 0 0.326298788189888 0 0 0.4470623135566711 0.6824409365653992 101.6508716195822 0.8965402841567993 1.430003225803375 0.2910006046295166 2.489624321460724 20.33823752403259 0 0.7939781993627548 6.787870921194553 3.211100175976753 4.352524861693382 0 2.674596235156059 0 0 0 0 0.2432969212532043 0.6128225475549698 0.5355719029903412 1.298378929495811 16.49374715983868 18.07907657325268 19.41702688485384 171.82618445158 4.231539450585842 128.5867177546024 31.40317549556494 9.960427060723305 5.195527225732803 0.3284358233213425 26.72519110888243 17.36501701176167 0.1434516757726669 36.12368409335613 8.297072246670723 19.70227760076523 10.12815237045288 0 3.992937207221985 2.191644430160522 1.631641611456871 56.38426272571087 23.95427975058556
1.936322376132011 325.856094405055 422.1266448199749 6.496609926223755 3161.228110671043 0.2710082232952118 766.2709776461124 118.9295527637005 279.0821705535054 174.5610834956169 1100.205592386425 160.8185162693262 458.4033300429583 486.2383979409933 7.615885518491268 1.149475812911987 0 0 0 0 0 0 0 0 0 0.157373771071434 0 0 0 0 45.94037902355194 25.76419270783663 18.12304715812206 0 0 0 2.597346521914005 0 0 0 0 0 0 0.3961760029196739 0 0 41.88737587630749 0.1184759438037872 0.1194776147603989 0 0.1123051196336746 0 0.1137511506676674 0 7.721109315752983 15.07060302048922 5.258375905454159 17.56540062278509 6.417808063328266 29.33008810132742 0 0.3544253557920456 0.1349706947803497 18.51147899776697 7.633569344878197 1.59231835603714 0.3017430678009987 0.09790521860122681 0 0 2.241731032729149 0.4869381189346313 0.1867835372686386 62.43355180323124 74.7863097935915 44.37786626815796 37.99712534248829 9.107062220573425 4.017628490924835 145.0163148790598 0.1888107061386108 2.622472405433655 5.342761382460594 1.337153948843479 0.9902761802077293 8.047286249697208 0.340122751891613 0.3522058054804802 1.154654122889042 0.2013006955385208 0.3472482413053513 0 0 0.1400109678506851 0 10.04062661528587 1.656954668462276 0 0.237349271774292 3.657068528234959 0 3.937033206224442 9.871718898415565 6.26709258556366 1.217932403087616 32.14071230590343 3.236588731408119 10.77306017279625 31.35003139078617 10.23647481203079 11.10459768772125 10.51203852891922 49.32332973927259 21.65317813307047 17.6601357460022 0.1933517903089523 0.4258081018924713 0 0 0 0 0 0 0 0 0 0 0 0 0 0 0 0 0 1.993715047836304 3.40695808082819 0 0 0 10.05372458696365 0 2.909323215484619 0.672294408082962 0 0 0 0 0 0 0 0 0.3124770894646645 0.6862459480762482 0 0 0 0 0 0 0.8898549675941467 0.3560350984334946 0.4589204788208008 0.4673128873109818 0 0 0 4.672004133462906 0 0 0 0 0 0 0 0 0 41.68000739812851 0 0 0.1421337276697159 0 8.104792773723602 0 0 2.777846314013004 2.333684489130974 1.51931332051754 0 0 0 0 0 0 0 0 0 0 12.12250922620296 1.948849380016327 0.9240399152040482 234.8247976899147 4.237626239657402 179.6500777006149 51.74019724875689 8.14300936460495 4.053761385381222 1.062266692519188 37.62835541367531 6.26584093272686 0.2236579209566116 7.37616054713726 3.109943076968193 39.98240756988525 0.8762528896331787 0 0.4852541387081146 0.6559632420539856 0 46.24712843447924 13.68144887685776
2667.366698093712 411.2170528545976 15.62276095896959 742.120627425611 257.4924418255687 1823.136293977499 2077.43935482204 8.304288260638714 174.5610834956169 1923.573249317706 46.66030748933554 2198.178518004715 1912.949509479105 453.0324824675918 2.54697397351265 2.617197461426258 0.1207630038261414 0 0 0 0 1.028454482555389 0 0 0 0 0.1288935393095016 0 0 0 17.87530767917633 1.188483603298664 61.9554617702961 0 0 0 137.3592546805739 0.5012428611516953 4.118402272462845 0.3317974209785461 0 0 0 1.50394120067358 0 0.9968842044472694 15.06415962427855 0.1228673458099365 0 0 0.8607538267970085 0.3592000305652618 0.4029006659984589 0.4255504906177521 24.93939682841301 41.75713109970093 97.53341356664896 70.68073180317879 20.43358250707388 19.5470959097147 2.686447575688362 14.4729356020689 0.1997260078787804 10.131721124053 8.828822620213032 3.750789396464825 0.9880008026957512 0.1370925307273865 0.2711920142173767 0 172.9846004396677 25.11614607274532 0.8382436335086823 106.8677886351943 40.84936463087797 13.68718113750219 4.9576281234622 2.467511266469955 1.251597166061401 4.259556651115417 3.583868585526943 11.52552833408117 12.71672554314137 3.936944410204887 0.5781155154109001 14.90266597270966 0.3384006023406982 3.770832352340221 4.505282804369926 4.055799007415771 1.422577619552612 1.603836312890053 0.1168280467391014 0.1080347299575806 0.2833264768123627 169.392924413085 27.94953402131796 0 11.6874518096447 595.6696639731526 6.238179206848145 63.6679300069809 227.673489511013 124.8290465846658 8.996378198266029 214.6760463342071 91.05900843441486 114.9011599570513 318.1945675238967 104.2891801148653 29.95744471997023 137.5691297054291 409.5083091706038 91.72888515889645 31.78471784293652 0 0 0 0 0.1418271511793137 0 0 0 0 0 0 0 0 0.2358615100383759 0.1346505582332611 0 0.18182173371315 0 0 2.703936040401459 1.98039747774601 0 0 0 12.72503013163805 0.3914012014865875 8.142433047294617 1.543022751808167 0.1939350962638855 0 0 0 0 0 0.1669259071350098 0 0.9199392646551132 2.277373410761356 0 0 0 0.4908397644758224 0 0.7430734485387802 1.848260186612606 0.784606359899044 5.913439869880676 4.742974802851677 3.453690409660339 0 0 4.706089675426483 1.319177731871605 0.1328225135803223 0.937132716178894 0.6411019116640091 0 0 0.1143151596188545 0 0 94.66035088151693 1.236576661467552 0 0 0 16.91231292486191 0 0 7.94550833106041 12.37977417558432 2.790475554764271 0.5443829447031021 0.1414395272731781 0.1083901077508926 0 0 0 0 0 0 0 39.68855150789022 5.422154098749161 2.764332339167595 324.5533840432763 10.29181528091431 187.1651242002845 25.27150773257017 835.06394533813 6.016394935548306 3.263980358839035 11.66643099486828 55.38083779811859 0.1900208294391632 34.53638636320829 6.917311079800129 259.0197949036956 3.06144043058157 0 3.97143143415451 1.3305624127388 0 831.6913196146488 226.5099716410041
9.90888500213623 609.4845731034875 2154.631121046841 0.8706960082054138 728.628645196557 1.117059424519539 617.6762283742428 1337.472405381501 1100.205592386425 46.66030748933554 1225.672130525112 849.8227742761374 2334.337654262781 2687.971644572914 26.96213628351688 6.858266428112984 0.1218270435929298 0 0 0 0 0 0.1786891967058182 0 0.2300034910440445 0 0 0 0.1351195871829987 0 161.6808140948415 55.57587293535471 644.9434315338731 0 0.1429152339696884 0 138.0956611558795 1.197980478405952 0.4569199606776237 0.4910242259502411 0 0 0 4.966718301177025 0 0.1214533597230911 69.39961819350719 0.3718551024794579 0 0 0 0.1646516770124435 0.4355838894844055 0 10.12235765904188 14.61582382023335 8.527781337499619 51.42537900060415 5.689194679260254 52.11712107807398 0 16.67682811617851 0 35.6445350497961 7.436618879437447 2.465944811701775 0.5808608010411263 0.14002825319767 0.1060005277395248 0 58.50920051336288 0 0 94.53810108453035 98.06507102400064 101.9753193631768 86.83741019666195 33.8968558087945 39.39178770780563 1079.257752820849 0.3345166519284248 166.6773676723242 9.854485183954239 0.9968811124563217 0.8148641809821129 11.15120789408684 0.3772962763905525 0.5366764664649963 2.289019823074341 0 0.6868298649787903 0 0.110701210796833 0.1132900342345238 0.2578040882945061 23.06057015806437 9.452340513467789 0 4.488080576062202 4.184043660759926 6.14107021689415 7.088777810335159 11.25861999392509 8.196928739547729 3.851341053843498 63.40373429656029 7.470269083976746 24.17217755317688 75.37479636073112 12.96565517783165 16.15036809444427 26.84348341822624 112.298060387373 35.66495540738106 23.64562603831291 0 0 0 0 0 0 0 0 0 0 0 0 0 0 0 0 0 0 0 4.540229707956314 5.428814277052879 0 0 0 26.88545363396406 0.1187454387545586 3.167391031980515 0.3716226816177368 0 0 0 0 0 0 0 0 0.1480394601821899 2.741765156388283 0 0 0 0.2534933388233185 0 0.1504038423299789 0.719510093331337 0 0 3.968560665845871 0.4055844843387604 0 0 2.06856107711792 1.605000793933868 0 1.016342416405678 0.1868346333503723 0 0 0 0 0 104.747930444777 0 0 0 0 20.50674313306808 0 0.8333349823951721 2.342043861746788 6.248741239309311 2.227991446852684 1.187951922416687 0.4659897834062576 0 0 0 0 0 0 0 0 25.15013654530048 5.11603856086731 7.237475499510765 376.2963246703148 8.118532411754131 239.4812316820025 64.98404333740473 9.884145155549049 4.497004352509975 3.219356343150139 65.16573955863714 23.9295149743557 0.8715386837720871 34.60326325893402 14.92722511291504 57.66374313831329 0 0 0.5010218620300293 1.893321007490158 0 82.51416882127523 35.88245516270399
360.6858871281147 201.3731843754649 94.29310300201178 325.5258188843727 157.3267903104424 222.4176386147738 1664.619859226048 424.4870314970613 160.8185162693262 2198.178518004715 849.8227742761374 572.7976884618402 1599.388781651855 409.5486170202494 28.29601822793484 14.87402576953173 0.1469739526510239 0 0 0 0 0.2043382525444031 0 0 0.1419139355421066 0 0.351314902305603 0 0.1034857705235481 0 33.48408269882202 13.12635135650635 138.9915657192469 0 0 0.1347514092922211 105.3540605604649 3.893445111811161 1.970726005733013 1.484389618039131 0 0.2003389596939087 0 4.845005072653294 0.1076694205403328 0.5556917563080788 47.74658656865358 0.2817879915237427 0.1224270388484001 0 0.5102001577615738 0.2638537213206291 0.3726122677326202 0 13.60848332941532 16.65222790837288 56.24168848991394 29.64150305837393 7.335581131279469 28.7938067689538 0.6827973872423172 46.0373736768961 0 46.39582330733538 6.800595283508301 1.716214336454868 0.647790938615799 0.09561262279748917 0.2977707460522652 0 109.4917065501213 5.325790956616402 0.5164483785629272 80.38705024123192 73.2380164116621 75.69953348487616 53.49147487431765 32.05392789840698 3.03526709228754 313.4876562207937 2.328829504549503 55.27821525931358 5.455148592591286 1.183593526482582 0.5284675881266594 7.957041054964066 0.7210745513439178 0.7029654681682587 2.778835259377956 2.37697933614254 1.604297861456871 0.2786691039800644 0 0 0.5053308010101318 662.2277673855424 121.8805492073298 0 12.18995043635368 195.4407552927732 8.127843074500561 24.51228268444538 83.3800343722105 73.60007466375828 18.81135115772486 268.1236191987991 34.54388871788979 112.9155120849609 316.8793030008674 94.88219501078129 73.25928623974323 96.80955745279789 506.5590238124132 168.8901267945766 98.28332391381264 2.032090790569782 0 0 0 0 0 0.1445927768945694 0 0 0 0 0 0 0 0.0913204550743103 0 0 0.2365316301584244 0.2100703120231628 12.08502498269081 16.52120290696621 0 0 0 58.46253653615713 3.167401388287544 19.94141361117363 1.889807268977165 0 0 0 0 0 0 0.1250241547822952 0 2.753974989056587 7.850824661552906 0 0.1126736477017403 0.2705776989459991 0.4171622544527054 0 1.13646687567234 3.819678835570812 0.1969248503446579 5.477200612425804 2.470050647854805 3.358799919486046 0 0 23.11859360337257 1.18962674587965 1.752347864210606 0.7057239264249802 0 0 0 0.1111766472458839 0 0.3176137804985046 317.984267115593 0.1326604634523392 0 0 0.175824761390686 87.19506583362818 0 7.047608152031898 14.22457240521908 6.147670432925224 6.357408739626408 0.2645152807235718 1.699537858366966 0 0 0 0 0 0 0 0 119.2336072698236 22.86783169955015 18.03266503661871 339.6790320277214 6.58602400124073 193.6941072121263 52.62114005535841 198.3605951294303 4.229428678750992 0.998493105173111 39.68901936709881 36.90834468603134 0.1764412075281143 55.75259481370449 19.14354496449232 163.9374637156725 2.571782380342484 0 6.270011365413666 3.120899528264999 0 740.426735445857 220.2072643190622
64.38514607399702 192.8849258050323 211.1098270341754 63.8433485776186 283.2804391086102 37.07431408762932 1883.366453707218 401.7907498702407 458.4033300429583 1912.949509479105 2334.337654262781 1599.388781651855 3020.921823166311 3842.972792133689 31.80516786128283 13.3164883852005 0.4162886366248131 0 0 0 0 0 0 0 0.1371476948261261 0.1190429776906967 0 0.420987606048584 0 0 40.34606292098761 22.03401834517717 324.0015112012625 0 0.1458907276391983 0.3117526173591614 220.7622010186315 1.058993250131607 1.374055825173855 0.2297201827168465 0 0.1018989905714989 0 5.592583477497101 0 0 77.63391633331776 0.8457903116941452 0.1346568167209625 0 0.3632788881659508 0.473930612206459 0.2287724912166595 0.1199988797307014 12.01365918666124 13.56471545249224 21.40741841495037 16.81469600647688 6.761015847325325 52.34461469948292 0.2530100122094154 15.79544050246477 0 44.72290471196175 6.04067799448967 2.346130289137363 0.9388926327228546 0.1356927007436752 0.2405920475721359 0 171.4652444571257 1.271329909563065 0.3890755027532578 90.67244603484869 93.6406321823597 111.2627051249146 77.5798459276557 42.60404302924871 0.4624099731445312 377.0656642392278 0.5840310454368591 24.07676507532597 10.12880720198154 1.711407244205475 1.032228745520115 10.71307691186666 0.6638385728001595 0.2089758813381195 2.99121031910181 0.9657428488135338 1.017901234328747 0.1874216198921204 0 0.1448848843574524 0.4210667535662651 162.3982678279281 26.81975886970758 0 4.97742921859026 53.10059753805399 7.745512776076794 24.3656048104167 63.1260749399662 59.94619243592024 15.30371828377247 230.0931628122926 24.80919072031975 93.96861231327057 216.8979140147567 75.61496759206057 57.17046164721251 67.44872812926769 376.597727291286 122.1690874993801 83.70691472291946 1.341652251780033 1.954238042235374 0 0 0 0 0 0 0 0 0 0 0 0 0 0.1127636507153511 0 0 0 6.929371528327465 12.45007900893688 0 0 0 40.70847375690937 0.8588316291570663 23.66031609475613 2.143997251987457 0 0 0 0 0 0 0 0 2.971125863492489 5.40493430942297 0 0 0 0.422290027141571 0 0.2637193724513054 3.902588456869125 0.2253244742751122 5.630843833088875 3.666184052824974 1.162445425987244 0 0 13.14295144379139 0.1834452003240585 0.5453602448105812 1.659085750579834 0 0.100342184305191 0 0 0 0 235.6746322885156 0.6199472993612289 0 0 0 65.37199897319078 0 3.174147129058838 6.763237670063972 13.74363764375448 3.395747445523739 0.2173277139663696 2.192477345466614 0 0 0.1695382744073868 0 0.2834962010383606 0 0.1828510910272598 0 89.22061958163977 14.32623422145844 12.99459218233824 415.8295190408826 7.912043899297714 259.3802136555314 72.04659571498632 66.20623252540827 6.431719623506069 4.685341127216816 58.82621113955975 43.26337160170078 0.7865297496318817 45.25162390619516 9.755026087164879 96.76565390825272 0.7589155286550522 0 6.554237015545368 4.026605516672134 1.751487106084824 338.4490909576416 125.1520979180932
3.530312016606331 635.2737491652369 810.9636783152819 1.093313552439213 1175.369054615498 1.024492114782333 2051.444924220443 601.9380522295833 486.2383979409933 453.0324824675918 2687.971644572914 409.5486170202494 3842.972792133689 443.7511412128806 21.15270641446114 8.099697843194008 0 0 0 0 0 0.5717752575874329 0.3560298979282379 0.7439528107643127 3.688709080219269 0 0.0944257527589798 0 0 0 74.31176795810461 31.71733722090721 570.0645525306463 0 0.4814696311950684 3.470282942056656 434.0392877012491 14.1329752355814 2.449306130409241 1.703706011176109 0 0.1208090335130692 0 2.562282726168633 0.4957281649112701 0.2816957160830498 48.73800235241652 0.3597738593816757 0.1180854290723801 0 0.3222950175404549 0.2769771665334702 0.3781578242778778 0.1108460277318954 9.136927902698517 13.4605580419302 5.183694154024124 22.08880371600389 4.914974674582481 39.36552163958549 0.1107181906700134 140.7836993783712 0 26.62066311389208 5.974633485078812 2.437574952840805 0.3730180859565735 0.1445667743682861 0 0.1644244492053986 108.0963007211685 0.1580045074224472 0 75.43314797431231 67.101034976542 78.37847987562418 58.66940905153751 25.87071651220322 43.89134922623634 1003.243796318769 0.0962168425321579 393.9281646460295 6.100799083709717 0.8347758799791336 0.8404499590396881 11.07455640286207 0.2546337991952896 0.09309369325637817 3.331106074154377 0 0.439448781311512 0.1186190620064735 0.4038160443305969 0 0.638272300362587 31.96725667268038 12.65389820188284 0 16.94140065461397 6.79185988754034 3.510933727025986 8.129544168710709 10.73368734121323 11.62417183816433 2.481583774089813 45.33325222879648 3.932147949934006 15.71392779797316 34.68865913897753 7.812404491007328 13.32248809933662 16.10246206820011 55.56884375214577 26.60259211808443 18.89978954195976 1.05714675784111 1.590324968099594 0 0 0 0 0 0 0 0 0 0 0 0 0 0 0 0.1602750867605209 0 4.172038801014423 1.492003723978996 0 0 0 16.58613152801991 1.369003534317017 7.649419412016869 0.1763230264186859 0 0 0 0 0 0 0.7160201668739319 0 1.063840091228485 0.6380801498889923 0 0 0 0 0 0 0.3535813093185425 0.09934348613023758 0.2636049389839172 0.4912480562925339 0 0 0 4.797252058982849 0 0.3468718230724335 0 0 0 0 0 0 0 49.23657945543528 0.1412140429019928 0 0 0 22.24157676100731 0 0.7907258421182632 2.087550908327103 4.049768477678299 0.8287716880440712 0.1531605571508408 0.2154140770435333 0 0 0 0 0 0 0 0 12.29377841949463 6.158414214849472 3.154750384390354 249.495288439095 5.657031811773777 171.4357531741261 47.03472521901131 9.06362073123455 4.070361226797104 2.021398544311523 36.17371419072151 10.31345596164465 0.2633397206664085 9.123222477734089 2.633119583129883 19.59984265267849 2.817824885249138 0 2.303295135498047 1.373263135552406 0.1204068586230278 36.96562894433737 14.08274540305138
