759.2915437370539 3660.026611804962 523.3138889819384 2908.565217666328 320.537268191576 92.28043791651726 538.7386232391 9.142185606062412 19.25347571074963 1890.26067764312 82.12529921531677 0.2706313729286194 10.6352052167058 0.5018964484333992 0.1101521775126457 0.3289514482021332 0 0 0 0 0 0 0 0 0 0.09270156174898148 0 0 0 0 1275.90926413238 0 0.2564593851566315 0 0 0 0 0 0.2069945633411407 0 0 0 0 0 0.1014124378561974 0 4.7773093059659 0.3608701080083847 0.2623768597841263 0 0 0 0 0 17.98489563167095 16.61994462460279 500.5214433446527 1418.979232810438 57.9169692620635 24.64642581343651 0 0.1204476878046989 0 0.1457438766956329 3.761565953493118 0.4186182245612144 0.4404633492231369 0.3139549568295479 0 0 1.814686462283134 0 0 395.9245387837291 11.54267325252295 26.02167694270611 0.15791916847229 0 0 0.3163118362426758 0 0.3334347456693649 5.905204564332962 1.207098178565502 1.524222008883953 7.696188554167747 0.4651337638497353 0.286036878824234 1.443672008812428 0.1094115152955055 0.7400432005524635 0.1416175216436386 0 0.1126762479543686 0.1342209279537201 3.81690114736557 0.1175046190619469 0 0 1241.921098791063 0.2370189130306244 3.346333026885986 4.083610221743584 152.752799808979 0.1535639613866806 46.40235815942287 5.934041902422905 7.551332354545593 207.0756850093603 17.31548537313938 0 3.960378468036652 8.35934890806675 2.321962967514992 0.2900013625621796 0 0 0 0 0 0 0 0 0 0 0 0 0 0 0 0 0 0 0 0 0 0 0 0 0.9582951664924622 0 0 0.1648305207490921 0.1328175514936447 0 0 0 0 0 0 0 0 0.2319155856966972 0 0 0 0 0 0.09657100588083267 0 0 0.1266233026981354 0 0.3048548400402069 0 0 0 0 0 0 0 0.1313165426254272 0 0 0 0 2.177311345934868 0 0 0 0 0.515874445438385 0 0.7742968201637268 0 0 0 0 0 0 0.1315570473670959 0 0 0.1031370535492897 0 0 0 0 0 0 470.001621350646 5.261172637343407 100.4428312852979 21.26303534954786 712.0065237805247 9.038611963391304 3.478202395141125 4.253564447164536 94.46630063652992 0.08947618305683136 0 0 29.92593730986118 0 0.2708710804581642 0.1764038801193237 0.6588697135448456 0 251.1116030812263 0.2072464674711227
3660.026611804962 4560.638896010816 2178.122377052903 1380.208282016218 2895.191387593746 107.262856297195 3176.134658738971 200.7584966123104 817.5833872407675 1936.581284344196 889.8884100690484 59.0415273308754 745.9220185354352 243.5408062338829 6.710736185312271 1.032006472349167 1.088375046849251 0.2174028754234314 0 0.101310171186924 0 0.08878865092992783 0.3448062688112259 0 0 0 0 0 0 0 2699.177080057561 28.55941621959209 6.025074511766434 0 0.2734773904085159 0.122792974114418 7.892193958163261 0.7287348136305809 1.443629905581474 0.4314032644033432 0.1135638579726219 0 0.2326026260852814 0.2473757714033127 0.09716804325580597 0 121.5633689835668 5.266203805804253 0.4229173138737679 0.08913873881101608 0.7856104746460915 0.09918155521154404 0.29327492415905 0.1242608278989792 70.4168142452836 78.71241085231304 573.9666089341044 1358.212871991098 152.7234641239047 188.6248789727688 2.476353757083416 1.642620250582695 0.09166400134563446 163.1507017463446 22.84153162688017 3.101280346512794 2.412520632147789 1.043484821915627 0.7214181125164032 0.2771087065339088 6.754699401557446 0.1932679116725922 0 1578.295179344714 251.6835166290402 455.1552806422114 17.09263939410448 2.694753475487232 1.927709579467773 21.03169495612383 1.205145761370659 10.06345293670893 32.3427687138319 4.266573630273342 7.865324385464191 41.9853532910347 6.346659980714321 0.8365607485175133 8.677687831223011 0.1997571662068367 1.651919506490231 0.8083866983652115 1.321495890617371 1.400671824812889 1.270713970065117 8.805565230548382 1.509043902158737 0 0.2577231824398041 188.7484152689576 0 4.855619385838509 6.048882648348808 68.0032509714365 0 38.89313151687384 15.32442516088486 17.38610064983368 27.11892401427031 15.51469796895981 1.648059472441673 7.916465349495411 14.44823081791401 5.909385420382023 1.922982260584831 0 0.1157188564538956 0 0 0 0 0 0 0 0 0 0 0 0 0 0.7846782803535461 0 0 0 0 0 0 0 0 2.387492559850216 0.2506506145000458 6.145320281386375 0.776630200445652 0.2973237335681915 0 0 0 0 0 0 0 0 0 0 0 0 0.126478523015976 0.1857123672962189 0.4816402122378349 0.247935876250267 0.1908176392316818 0.2222922146320343 0.3685067817568779 1.858469903469086 0 0 6.596562102437019 0 0 0.1247319653630257 0.2251385226845741 0.2331402376294136 0.1022433340549469 0.272041380405426 0 0 6.512218534946442 0 0 0.1307362914085388 0.236866258084774 7.896714359521866 0 3.725521177053452 0 0.2163409218192101 0.2430288046598434 0 0 0.4006994962692261 0.465012826025486 0.3339215815067291 0 0.9822053089737892 0 0 0.2455796152353287 3.110217526555061 2.039491638541222 0.9177830517292023 729.3984202221036 28.95980674028397 693.6381933912635 120.6951079070568 473.3155826181173 47.35756987333298 10.75400345027447 44.97123858332634 114.6124389395118 0.3617903888225555 0.3143902719020844 0.5834994614124298 31.38316704332829 0 0 0.1990303844213486 4.207984171807766 0 442.0298905819654 3.978671833872795
523.3138889819384 2178.122377052903 1477.548542201519 26.10331948101521 642.8737089186907 0.7455494999885559 61.76150341331959 1089.456815138459 626.1430262476206 49.58040946722031 792.9804778918624 40.08274454623461 164.3739110454917 501.1399505734444 6.861864611506462 2.278678484261036 0.1049626842141151 0.97808937728405 0 4.128713354468346 16.30873660743237 0 5.739931531250477 3.536525174975395 1.456374436616898 1.583056733012199 0.5351115316152573 0.1587151437997818 0 0.7572276890277863 5910.479207590222 1129.214639313519 28.10549945384264 5.116166770458221 4.570802509784698 1.327612236142159 6.727924339473248 3.379888691008091 1.453478708863258 0.7970243394374847 1.62554319947958 0.6829994320869446 14.82341362535954 0.3968525156378746 0.2560265958309174 3.158343210816383 37.02003411948681 1.56437349319458 0.3464381098747253 3.04309955239296 9.921178862452507 1.77829372882843 0.524482250213623 0.2755017280578613 15.85871947556734 20.18973743915558 229.4112900793552 919.551783695817 39.84188394993544 45.26039912551641 57.45594868808985 22.06158861517906 1.70140129327774 347.6671137884259 5.220193222165108 0.5840968936681747 11.20182304084301 4.832333631813526 17.74840474128723 25.22661612927914 7.812371626496315 0.2438395768404007 0 491.6613187640905 161.0641658082604 152.2623157277703 14.15224456787109 4.121302969753742 8.211046494543552 371.9728563129902 10.47335910797119 228.1474574133754 9.214925058186054 1.866140134632587 1.358251929283142 11.15771575272083 9.494483463466167 0 2.865498639643192 0.4211230874061584 3.46144799888134 1.200710535049438 30.43237611651421 16.66692037135363 1.42729240655899 10.56390187889338 2.8626948595047 0 0.9723490700125694 8.839113585650921 0 0 0 1.471785843372345 0 0.6641978621482849 0 1.694614589214325 3.25576514005661 0 0 1.455014526844025 0.3372338712215424 0 0 0 0 0 0 0 0 0 0 0 0.180600494146347 0 0 0 0 0 0 0.09657880663871765 0.4962390065193176 0 0 0.1231901496648788 0 0 0 0.8904022201895714 0.5519285500049591 0.3470447510480881 0.2298230677843094 0.1076497137546539 0.7763141989707947 0.2732379138469696 0 0 0 0 0.2566388845443726 0 0.6307525485754013 0 0.7007609009742737 0.5380461513996124 0 2.004204750061035 0.1956702396273613 0 0 0 0 0 0 0.6214664578437805 1.397186957299709 0 0.2030008137226105 0 0 0.6982682943344116 0.3981890380382538 0.1215922236442566 0.1500557065010071 1.295808911323547 1.614923529326916 0 0.2875375151634216 1.02216275036335 5.932068184018135 0 0 0 0 0 0.1899088323116302 0 0 0.1449403762817383 0 0 0 0.4388938248157501 1.168678432703018 1.186455860733986 1.071361929178238 0 0.5989717841148376 1.171263799071312 139.4997355267406 11.21395621448755 179.2830890417099 33.53732305020094 50.9150877520442 11.4850075095892 2.992999836802483 11.90889696031809 1.228883102536201 0 0 0 2.540785372257233 0 0.08559713512659073 0 0.920935146510601 0 73.32536616176367 2.057813368737698
2908.565217666328 1380.208282016218 26.10331948101521 958.9513365030289 113.1185773015022 544.3203421086073 1810.598707251251 0.3277333229780197 30.21305273473263 2459.947419948876 7.476847857236862 6.870117582380772 171.2989130169153 10.50424050539732 0.1077699437737465 0.1859613955020905 0 0 0 0 0 0 0 0 0 0 0.09205329418182373 0 0 0 79.19787983596325 0.07994429767131805 0 0 0 0 0.1057596504688263 0 0 0 0 0 0 0 0 0 6.416671961545944 0.3168448880314827 0.2272765189409256 0 0 0.1712380200624466 0 0 9.026612147688866 9.987594865262508 106.0678626000881 165.8159966245294 19.22963696718216 17.13140590488911 0.2270999252796173 0.4355379939079285 0 2.955292589962482 3.174270808696747 0.2063921093940735 0.1539489328861237 0 0 0 0.3071932792663574 0.5541177988052368 0 186.0035854950547 11.60012581944466 31.66366022825241 0.3078021109104156 0 0 0 0 0.4635629579424858 4.115783907473087 0.736567422747612 0.8749404922127724 3.579048492014408 0.5155060961842537 0.4651345312595367 0.6202162057161331 0.1184042319655418 0.2832552269101143 0.1583648771047592 0 0.09795016795396805 0 6.648952588438988 0 0 0 171.6071659326553 3.751764930784702 28.14370460808277 385.9038420319557 204.6171710565686 0.3607048243284225 276.7816020697355 76.61465276777744 105.0773301571608 303.6300740987062 186.1165614426136 0.7568036615848541 75.83596613258123 27.31424808502197 5.839941561222076 1.190656527876854 0.2658961117267609 0.175149217247963 0 0 0 0 0 0 0 0 0 0 0 0 0 0 0 0 0 1.417809531092644 0.1146599128842354 0 0 0 3.340765938162804 0 0.1019820496439934 0 0.09425541758537292 0 0 0 0 0 0 0 2.282709650695324 2.100953683257103 0 0 0 0 0 0.6004847213625908 0.7232266813516617 0 8.352636940777302 7.130140945315361 1.328727319836617 0.1063326448202133 0 2.492393955588341 1.083829432725906 0 0 0 0.2437671050429344 0 0 0 0 9.015065759420395 0 0 0 0 4.090771675109863 0.5818964242935181 2.947065144777298 8.045039288699627 10.93340085446835 1.055891573429108 0.9503785669803619 0.3624457865953445 0 0.09843918681144714 0.237962394952774 0 0 0 0 0 4.917600572109222 0.1199334487318993 0 455.9624438509345 4.826289281249046 64.08366326987743 9.432954221963882 517.0969282388687 4.851333260536194 1.733874142169952 2.015907324850559 205.9661211818457 0 12.87687193602324 1.379282563924789 92.94146706163883 2.687839105725288 0 0.8194756209850311 0.085787333548069 0.7778759598731995 396.6836987510324 5.103316091001034
320.537268191576 2895.191387593746 642.8737089186907 113.1185773015022 2321.137260437012 12.5832566767931 2014.360937729478 311.023847438395 6275.807949893177 1743.790306307375 2529.409846410155 101.465943723917 1933.857006020844 1787.875585921109 8.402559913694859 3.835683844983578 0.3509485423564911 0.1645009964704514 0 0 0.09126152098178864 0 0.6210001260042191 0.3140541985630989 0.2619955316185951 0.1389101296663284 0 0.1859931945800781 0 0 321.7785032987595 33.69282481819391 23.56557475030422 0 0.3808802515268326 0 15.12839770317078 1.689739592373371 0.8170431926846504 0.112649954855442 0.36748306453228 0.2866204231977463 0.3032854571938515 0 0 0 82.84898669272661 1.509340830147266 0.1996490508317947 0.1611063182353973 1.916785351932049 0 0.1786875873804092 0.4559094905853271 15.4909784719348 18.10234621912241 67.22820051014423 185.5751553848386 32.83150199055672 57.15367475897074 2.093388006091118 4.191116973757744 0.1471472531557083 158.9019328504801 4.778766438364983 0.8925629258155823 0.4218083545565605 0.1061651408672333 0.9152878001332283 2.272505901753902 11.90144222229719 1.134013712406158 0.1365848779678345 319.1357888504863 110.1873752996325 267.6773169860244 26.96602275967598 5.414366111159325 7.005368962883949 30.19318719208241 2.133700422942638 6.400456555187702 10.81517352163792 1.020462922751904 2.114832133054733 8.807513996958733 0.9854359328746796 0.09389998018741608 3.224661506712437 0 1.503177762031555 0.5047458559274673 1.802298434078693 1.652747549116611 1.061740003526211 17.56781563162804 2.7721948325634 0 0.4164983034133911 1.393248781561852 0.3533138036727905 0.3102951347827911 2.222833707928658 12.30020079016685 0.4751642942428589 6.443812884390354 2.416638359427452 7.160971373319626 9.774983018636703 14.72324395179749 1.26461535692215 9.913072362542152 12.87925281375647 4.627302050590515 3.942209810018539 0 1.448873296380043 0 0 0 0 0 0 0 0 0.3385814130306244 0 0.1180197149515152 0 0 0 0 0 0 0.5677440613508224 0 0 0.6845365166664124 0 4.806016482412815 1.227613732218742 6.354420743882656 0.8738619536161423 0.519626259803772 0 0 0 0 0 0 0 0 0 0 0 0.1193906739354134 0.1020380631089211 0.3273551315069199 0 0 0 0.7333130538463593 0.6613216176629066 0 0.8140003830194473 1.358702905476093 10.62746138125658 0.4269205033779144 0 0 0 0.1003894582390785 0.2692729532718658 0 0 0 15.74382754415274 0 0.1704169809818268 0 0.3456545174121857 10.89809162914753 1.242473006248474 9.057758048176765 0.2524951100349426 0.2718273997306824 0.669472873210907 0.555353157222271 0.3438146337866783 0 0.1162588521838188 0.2578369453549385 0 0 0.2488306686282158 0 0 3.787853449583054 5.850234873592854 1.439110428094864 350.5748148411512 16.39349973201752 306.1287257373333 57.49324309825897 84.38937768340111 17.79793775081635 1.884814225137234 30.07941120117903 18.39013271778822 0 0.3119547739624977 0.3294406831264496 17.27275086939335 0 0 0 1.797589033842087 0 73.33604369312525 5.182673059403896
92.28043791651726 107.262856297195 0.7455494999885559 544.3203421086073 12.5832566767931 21.76359550654888 72.23605711013079 0 1.103252947330475 771.0809160396457 1.050667464733124 111.3714256882668 34.31942923367023 4.496412739157677 2.093710318207741 2.59405679255724 0.2939264178276062 0.1284400224685669 0 0 0 5.804037362337112 0 0 0 0 0 0.1577282547950745 0 0 9.590707920491695 0.5155070349574089 3.56827612221241 0 0 0 11.16898916661739 0.1974969804286957 3.316702798008919 0 0.1733946353197098 0 0 0.5376736000180244 0 0 3.071501605212688 0 0 0.1228400096297264 0 49.08883292973042 2.39583720266819 1.750219792127609 0.7140433862805367 0.9354954361915588 479.2463296949863 40.48588991910219 3.164246670901775 3.965770684182644 0 0.2305770814418793 0 1.977092556655407 0.141212210059166 0.2687072455883026 0 0 0 0 133.2135301530361 405.030666038394 25.60774351656437 25.61008043587208 0.6188206151127815 7.273300752043724 2.674424819648266 2.742894023656845 0.3315357118844986 1.599700286984444 0.1603781878948212 1.521178722381592 0.8710669428110123 0 0.3363613933324814 2.721991837024689 0.2120656818151474 2.380529157817364 4.640763662755489 13.52178766578436 7.936821930110455 16.59264274686575 0 0 3.199482917785645 179.1818055808544 213.4472225904465 50.53783099353313 24.59740547835827 389.0105591192842 0.8166844099760056 1.636250466108322 4.852896049618721 83.44872383773327 0.2082840502262115 16.07143925130367 12.57218350470066 13.69342446327209 45.26085463166237 28.13215757906437 0.6994921565055847 16.61177550256252 17.40954746305943 3.659053608775139 1.217780202627182 0.1032194122672081 0.2682257294654846 0 0.1629862040281296 0 0 0 0 0.2180019617080688 0 0 0 0.2516144663095474 0 0.6904925927519798 0 2.52446136623621 1.258465453982353 1.105443261563778 0 0.2743999660015106 0 0.4024756997823715 0.1990036517381668 1.394010193645954 0 0.9784732758998871 2.821555428206921 0.94315105676651 0.1568593233823776 0 0 0 0.1371717751026154 0.1539669185876846 0 0 0 0 0 0 4.334827147424221 0.2419270128011703 0 0 0 0 0.1166814789175987 1.457879021763802 0.1666603833436966 0 3.828606009483337 0 0 0 0 0 0 0 0 0 5.150051862001419 3.846914827823639 0.1669959127902985 0.4068752527236938 0.1531156450510025 7.595740109682083 0 0.8984677195549011 0 0.1051416099071503 0 0 0 0.1629167348146439 0 0 0 0.1271456032991409 0.1922102272510529 0.1638249009847641 0 7.144799828529358 3.455547079443932 5.447369858622551 40.71495978534222 1.01493401825428 12.7928876131773 3.505524478852749 627.4627334326506 1.870087996125221 0 0.421357125043869 39.03550669550896 0.1502143442630768 0 0 16.87823411822319 0 0 0 0 0 137.6021247953176 11.64890048652887
538.7386232391 3176.134658738971 61.76150341331959 1810.598707251251 2014.360937729478 72.23605711013079 1051.017188861966 34.95912431180477 4350.635334245861 7143.269837908447 428.8135668486357 495.4949914589524 5763.626074321568 3288.599221371114 12.51545868068933 4.508292742073536 0.8442821949720383 0.3189702183008194 0 0.09912794083356857 0.6837152764201164 0 0 0.1115211099386215 0 0 0.07521679997444153 0 0 0.1611176878213882 92.80546019226313 21.33341060578823 16.02837770432234 0 0.1115074306726456 0.5259025171399117 24.3318025842309 1.80388081818819 4.140030808746815 0.1068404316902161 0.617341972887516 0.3870460540056229 0.6173989176750183 0.4539951309561729 0 0 112.7833440229297 2.031120456755161 0.4849604070186615 0.30849888920784 0.09423599392175674 0.3110235929489136 0.2009303420782089 0.4358942806720734 21.80645881593227 24.40118791162968 90.09416441619396 162.093456543982 44.21031618863344 77.04669173806906 0.9662947729229927 2.795408792793751 0 121.2482740581036 7.105591095983982 0.7011820152401924 1.331767290830612 0.4471347481012344 0.2730838507413864 0.6666301116347313 27.85167091339827 3.33408247679472 0 437.4654773771763 119.4225053936243 353.5191626772285 37.52873242646456 10.04483217000961 11.53027861565351 12.51216717064381 4.665684923529625 10.79876267164946 12.12524169683456 1.784392938017845 2.674568593502045 12.74912513792515 2.01602029055357 0.07282370328903198 3.131505899131298 0 1.335630796849728 0.1932652741670609 1.40941746532917 2.266989380121231 1.367426328361034 74.52771063148975 5.773477956652641 0 3.149819277226925 23.54714715480804 5.966474793851376 33.01309395581484 285.1603240594268 146.4884825199842 2.505205720663071 115.0947344452143 92.98219909518957 79.67554467171431 130.7691330313683 241.4820797145367 5.638994500041008 122.5814268961549 70.02562356740236 20.48928578197956 10.04467569291592 0.445916086435318 1.014862783253193 0 0 0 0 0 0 0 0 0.4116011261940002 0 0.1286075264215469 0 0 0 0.4876671656966209 0.8844023942947388 0 1.764383241534233 0.2183006852865219 0 0 0 21.85630459338427 6.384014368057251 25.48366755992174 3.151114955544472 1.504881493747234 0.1840658932924271 0 0 0 0.7256196886301041 0.1150177866220474 0.9957766532897949 3.6659015417099 5.462754279375076 0.1217184215784073 0 0 0.7740478441119194 1.301298297941685 0.5634273067116737 1.4073441401124 0.4313627108931541 17.4937441945076 12.79432450979948 2.80290362238884 0 2.945744305849075 47.83296301215887 1.732856005430222 0.2392389178276062 0.1721641421318054 0 0 0.1166316568851471 0.1139306500554085 0 0.2978853285312653 60.69643000513315 0 0 0 0.5727719664573669 30.04991398751736 4.197030581533909 35.36902579665184 22.09956350922585 20.53064425289631 4.472799055278301 1.465955272316933 0.4486060217022896 0.09441263228654861 0.1185852885246277 0.09707001596689224 0.1368685513734818 0.8458767682313919 0 0.1431090235710144 0.4898425340652466 23.23445890843868 20.07776863127947 12.89070825278759 627.2667846530676 21.3478384912014 440.112659342587 90.56289160251617 237.4089078456163 24.91189162433147 4.119655594229698 44.54682027548552 155.7665617018938 0.5347497388720512 24.9419914111495 2.992867469787598 114.396474532783 5.005035191774368 0 1.034426294267178 3.515174075961113 3.877101600170135 276.249165609479 45.09265968203545
9.142185606062412 200.7584966123104 1089.456815138459 0.3277333229780197 311.023847438395 0 34.95912431180477 793.9725820347667 119.3519056290388 5.322127908468246 3328.200182154775 11.61423984915018 139.4959900975227 1184.426159620285 16.0940689817071 13.6995285898447 0.7982112392783165 6.29747424274683 0.3350351750850677 42.04190140217543 108.1933688223362 0.4422113448381424 65.51478219777346 32.92630323022604 18.90831776708364 10.44232648611069 5.668517678976059 2.980754345655441 2.50945246219635 0.9429844617843628 1801.538756772876 1659.414083771408 161.0007684081793 40.55648606270552 45.31218934059143 17.67595387995243 25.35086870193481 73.65831723809242 5.315622135996819 16.38794691115618 35.50075424462557 10.05927757173777 111.4984501674771 4.176591150462627 1.206882961094379 13.32272533327341 54.73449005186558 2.066172502934933 3.089265711605549 32.1030311435461 49.95696125179529 3.165495708584785 0.8295470774173737 7.791781604290009 6.922724567353725 6.489655509591103 68.8484732657671 370.5358910560608 14.96154922246933 27.85359065234661 514.9853254854679 258.6141624227166 19.26720317453146 505.2439800873399 3.339310050010681 5.398413546383381 34.4917613863945 27.6960768327117 103.6237492188811 195.8983893468976 8.254558131098747 3.290243968367577 0.1914451122283936 188.573590233922 123.9443600699306 151.2779939323664 70.3319431245327 121.2315801233053 702.6969677582383 4553.844188459218 302.9750780761242 3744.89341390878 4.314024023711681 0.5557567328214645 1.738785579800606 8.505937367677689 41.48969250172377 0 10.18727459013462 0.225007563829422 14.88689259439707 2.983430780470371 253.2680303752422 155.4565791413188 19.0704849883914 6.55239774286747 8.869977205991745 0 0.3302801251411438 1.6776133030653 0 0 0.2623584568500519 0 0 0.1715187728404999 0 0 0.1424698978662491 0 0.1691475659608841 0.1256107985973358 0.4786776602268219 0 0.1301075965166092 1.014244042336941 0.5397365540266037 0 0.1239208430051804 0 0 0 0.8245655745267868 0.2706392481923103 0.9374774545431137 3.046616978943348 0 1.418503180146217 0 1.90119706839323 2.879481300711632 2.271714627742767 2.058781042695045 0.9849660098552704 0.1580961346626282 0 0 0.6016847491264343 0 0.4648844450712204 1.038486406207085 4.597544126212597 1.656532816588879 2.236188516020775 2.433271631598473 1.739298261702061 1.357550486922264 0 0 0 1.979914873838425 0.1195370778441429 0.1334089785814285 0.4031812697649002 2.963279545307159 6.916280925273895 2.344478696584702 16.95141687989235 0 0 0.1060087978839874 0 0 0 0.1375304162502289 1.48248852789402 3.585799254477024 0.6058535128831863 0 0 0.09323284775018692 0 2.657419569790363 0.6395983994007111 2.57030463218689 8.948953241109848 2.918448776006699 1.072590783238411 1.710049569606781 3.139826096594334 34.26798483729362 0.9944572597742081 3.626177608966827 2.271703392267227 0.1498713195323944 0 0.0888785719871521 0.08990450203418732 0.2356881946325302 1.546616330742836 0 0 0 0.7961936816573143 3.828898996114731 6.219174951314926 11.13876211643219 0.9400264024734497 1.069660179316998 3.891751311719418 157.7716891169548 41.305674046278 174.2895436510444 46.20508398860693 14.88561611622572 9.837442733347416 1.53402429074049 5.815782815217972 6.443136714398861 0.6714240908622742 0.9481892064213753 0.1010913550853729 1.400759130716324 0.2494454085826874 0 0 1.117396995425224 0 21.58169643580914 2.3427369967103
19.25347571074963 817.5833872407675 626.1430262476206 30.21305273473263 6275.807949893177 1.103252947330475 4350.635334245861 119.3519056290388 1812.411328785121 465.3817058876157 2127.071931734681 63.50685318559408 1982.161525510252 2747.023457840085 4.160429388284683 2.864507518708706 0.1739058494567871 0 0 0.2763094902038574 0 0.1564370691776276 0.4712435230612755 0.1492376327514648 0.3122821301221848 0 0 0.4619347006082535 0 0 38.51084799319506 18.69234365224838 27.33730131387711 0.1392004936933517 0.1391377002000809 0 12.0409794524312 0.4101220518350601 1.000869177281857 0.3212686777114868 0.7058903127908707 0 0.5105775371193886 0 0.1205752491950989 0 33.04706915467978 0.6639813631772995 0.113150492310524 0.557610385119915 0.1116189211606979 0.5186829268932343 1.119905471801758 0 4.099596194922924 3.258646912872791 13.54032627493143 40.97550704330206 8.156744129955769 14.07866887003183 0.8152858018875122 1.819014184176922 0 46.16292405128479 0.8750941157341003 0.3244770392775536 0.101138673722744 0 0.3825544491410255 1.541889503598213 10.41706909239292 1.534933030605316 0.1818287968635559 74.71077351272106 37.84053853154182 108.1941658705473 18.96813223510981 4.799423791468143 6.357849389314651 14.95483320206404 2.340936534106731 4.873609513044357 2.136881984770298 0 0.689108170568943 2.083677761256695 0.6754297167062759 0 0.2523341104388237 0 0.6319440752267838 0 2.069338299334049 1.805395513772964 0.4318632706999779 16.03054289519787 1.839679256081581 0 0.680205300450325 0.4619111716747284 0 0.4589462131261826 1.805992215871811 2.634223997592926 0.5101273655891418 10.54936185479164 2.096593752503395 13.45503192394972 10.65443018823862 10.00794583559036 1.722199387848377 10.68398008495569 18.50129301846027 6.216956213116646 5.585383504629135 0.1076501458883286 0.1143903285264969 0 0.1050422042608261 0 0 0 0 0 0 0 0 0 0 0 0 0 0.2096598148345947 0 1.189068198204041 0 0 0.6039576530456543 0 8.579302370548248 2.047742925584316 9.547102093696594 1.063700541853905 0.1198652386665344 0 0.2803232371807098 0 0 0.2576389610767365 0.3751878142356873 0 0 0.1600909233093262 0 0 0.3621705621480942 0.1988088041543961 0.332927405834198 0 0 0 0.5478880628943443 0 0.1456047296524048 0.6435031145811081 0.5713041424751282 14.18285268545151 0 0 0 0 0 0 0.2402364760637283 0 0.4451883733272552 17.03158669918776 0 0 0 0.1855587959289551 10.89642567932606 1.473894149065018 9.446198791265488 0.5021470189094543 0.4943764507770538 0.09705167263746262 0.1060771718621254 0.1406014263629913 0 0 0 0 0 0 0 0 3.450613595545292 5.067534245550632 2.45244961977005 171.9255567714572 8.824817627668381 112.8009225949645 28.3617397248745 25.16894585639238 5.718770325183868 0.8464038670063019 13.65809524804354 25.84425898641348 0 0 0.7805015295743942 6.394938334822655 0 0 0.4347643107175827 1.360036008059978 0 41.28840578347445 11.1812586709857
1890.26067764312 1936.581284344196 49.58040946722031 2459.947419948876 1743.790306307375 771.0809160396457 7143.269837908447 5.322127908468246 465.3817058876157 1897.762147560716 70.9843909740448 2381.972547084093 4737.117443665862 274.0534254610538 14.11133006960154 6.262646034359932 0.9272260144352913 0 0 0 0 0 0.1103949248790741 0 0.2485018223524094 0 0.2386365681886673 0.5513119474053383 0.3890776187181473 0.1831523030996323 36.662627838552 5.759305708110332 33.30757570266724 0 0.1334065049886703 0.339837908744812 74.41111972928047 1.72182559221983 5.273041784763336 0.2334961071610451 0 1.581827417016029 0.663669042289257 0.2778247222304344 0 0.4421375542879105 79.60646443814039 1.094058766961098 0.09982366859912872 0.7455944120883942 0.4070867598056793 1.847561344504356 1.577157445251942 0.7058393955230713 12.59335644543171 12.20191270112991 192.9891159012914 84.41556634753942 26.6764757707715 47.96859702467918 0.4497189149260521 9.767435550689697 0 48.66186837106943 4.25009198486805 0.6300967708230019 0.6138686463236809 0.3605089262127876 0.1462297290563583 0.405302070081234 180.4183869063854 27.71603411436081 0.504166841506958 231.8771597966552 51.22536865621805 231.3201767131686 27.41645163297653 8.658992663025856 3.773750938475132 8.991954855620861 2.799251943826675 9.352661594748497 7.548494249582291 1.484559923410416 1.751737594604492 7.50556043535471 1.568692050874233 0.1151291653513908 1.725484542548656 0.5202127397060394 0.6637238636612892 1.143080286681652 1.345304429531097 2.575557507574558 1.735567852854729 586.6306221783161 35.28075561672449 0.9843441843986511 7.505205422639847 282.3847600072622 5.36485093832016 42.6874485835433 100.6457337737083 256.4264043569565 7.998746916651726 465.1983136162162 215.1730400547385 396.245586976409 538.8171394020319 575.6749528124928 48.52530011534691 638.6684210896492 645.8316624984145 176.1133417487144 90.61128526926041 3.194105967879295 4.821912959218025 0.1815681308507919 0.8724345192313194 0 0 0 1.545243322849274 0 0 0.5582278072834015 0 0 0 1.80844321846962 1.788248836994171 1.490183874964714 0 0 4.244954198598862 0.7831784188747406 0 4.479502856731415 1.093200922012329 113.4970182925463 24.92137026786804 109.9408746361732 11.56516393274069 5.328728787600994 0 0 0 0.2880605161190033 1.21996408700943 2.35108008980751 0 1.311999700963497 2.589515969157219 0 0 0.2412318885326385 4.331530816853046 0.6910973638296127 0.3723635077476501 0.497774213552475 0.2923360615968704 3.801615342497826 3.755052506923676 10.98046913743019 1.123748406767845 12.42811419069767 252.8827857598662 1.682865872979164 0 0.4216614663600922 0 0 0.3183599412441254 0 0.526678740978241 0 351.9790825694799 0.8901791423559189 0 0.1055579483509064 0.5145307183265686 179.8294613361359 26.18156395852566 172.6384137570858 4.95292504876852 7.681756228208542 3.233204148709774 0.5895191058516502 3.148332953453064 0 0 0 0 0.0871678814291954 0.2309750765562057 0.3173870146274567 0 162.7207744941115 88.4488211274147 44.90561667084694 1418.633320264518 27.00936997681856 318.2542491480708 85.38763536512852 1279.754580534995 29.61631380021572 7.5375986546278 47.81738740205765 1132.113676443696 0 12.93187820911407 4.941666595637798 466.5788192376494 6.62823112308979 0.0902167484164238 1.803064808249474 3.220141150057316 0.1770880222320557 2434.836400009692 274.6180321648717
82.12529921531677 889.8884100690484 792.9804778918624 7.476847857236862 2529.409846410155 1.050667464733124 428.8135668486357 3328.200182154775 2127.071931734681 70.9843909740448 2816.015144795179 604.314599648118 2032.567980319262 4675.668901801109 26.47614344954491 21.22125292569399 1.471688777208328 6.388078093528748 0 4.165425166487694 43.68824600428343 9.285982564091682 14.07152566313744 12.17556692659855 16.44404242187738 7.971344411373138 3.528838574886322 8.329145818948746 0.8323803395032883 0.5334012508392334 356.7178380414844 178.9789721816778 939.6562566757202 2.478542178869247 6.040612816810608 15.18220913410187 502.5892600566149 118.5767710134387 21.52497974783182 13.4865997582674 38.37168876826763 15.14271568506956 16.83701276034117 1.772551752626896 0.6796667128801346 1.489002108573914 104.1995795592666 2.3978566005826 4.51762530207634 17.08165760338306 22.90447713434696 24.86093403398991 14.45261935889721 13.34579567611217 7.327212557196617 5.933848321437836 39.75437208265066 161.7969902157784 18.11818160116673 38.10480988770723 15.17736469954252 56.33302031457424 1.472403287887573 184.9797638058662 2.418843030929565 1.581802427768707 9.430025771260262 5.702720068395138 13.33634771406651 60.7604061961174 178.5812305510044 11.04370948672295 1.555750846862793 195.1001150906086 107.9646984264255 256.1337039470673 65.15889620780945 30.0004979595542 89.81652994453907 1448.710508428514 46.44987864792347 296.765405587852 6.256297886371613 0.5057358145713806 2.757169723510742 7.887652516365051 6.709198608994484 0.2010617256164551 8.07945291697979 0.8837928175926208 7.489364676177502 12.87248162180185 110.0902488902211 154.9306933507323 38.99702343344688 62.16146596521139 31.63928201794624 0.2044330090284348 10.27611520141363 1.839689418673515 0.2180220633745193 0 1.671111345291138 0.1528366804122925 0.9876255393028259 3.897381022572517 0 2.402244582772255 4.572556793689728 3.058279484510422 0.5765106678009033 2.252190679311752 3.572017788887024 4.202503405511379 3.954796135425568 0.6096094697713852 1.032300636172295 0 0.3038266822695732 0 0.24678935110569 0 4.121582224965096 0 0.4499337673187256 13.11068147420883 0 1.069637805223465 0.7035767734050751 1.203759782016277 3.3967404961586 0.6203159242868423 5.324520505964756 0.1154202818870544 0.9994308352470398 0 0.7432094365358353 0.6153604835271835 0 16.33708964288235 4.434182770550251 19.60385143756866 2.882145740091801 2.118041463196278 8.046243190765381 3.319325879216194 1.384122729301453 0 0.9649302512407303 0.7163282036781311 3.226052328944206 0.4691003561019897 0.5024945288896561 0.1380044966936111 1.689236432313919 7.800033122301102 1.836699455976486 22.70935678482056 0 0 0 0 0.2697602510452271 0 0 4.853962406516075 28.22966839373112 0.1685483902692795 0 0 0.1208446696400642 0 2.085842184722424 0 0.4586256518959999 11.48016211390495 27.51336747407913 2.137221857905388 7.390457317233086 4.267731711268425 24.32727245241404 6.308364972472191 4.058755338191986 15.32627968490124 0.5926826819777489 1.664400652050972 1.300202168524265 0.181157723069191 0.8318898677825928 0.9424002915620804 0 0.1810885518789291 0 0.9187834858894348 3.644123062491417 3.767395332455635 7.402401730418205 2.638751670718193 16.23474162071943 10.38290202617645 354.2422748282552 45.46092459559441 295.1594398394227 89.96848593652248 37.52397669106722 18.63600178807974 6.672957234084606 20.2354439869523 21.50829556584358 1.388220906257629 2.047149270772934 0.6762953847646713 10.74665673077106 0.2493866235017776 0 0.1893531531095505 2.177006900310516 0 42.37091623991728 7.285752594470978
0.2706313729286194 59.0415273308754 40.08274454623461 6.870117582380772 101.465943723917 111.3714256882668 495.4949914589524 11.61423984915018 63.50685318559408 2381.972547084093 604.314599648118 1031.128981225193 2362.060584791005 351.2900159880519 13.58933925628662 10.09071409702301 1.302603289484978 1.07847872376442 0 0.5374085903167725 0.4684961587190628 10.3049560636282 0 0 0.2616944313049316 3.463746413588524 0 6.474519625306129 1.63933888822794 0.751529261469841 8.704769618809223 3.626362584531307 148.9214480817318 0.1956470608711243 0 2.752399280667305 426.4010315388441 15.33164408802986 22.66484578698874 3.86008033901453 3.176056444644928 5.743632033467293 0.8742904216051102 0.8850599229335785 0.1393817663192749 1.050999231636524 40.41350508481264 0 0 2.240177564322948 4.635456591844559 10.02821014821529 24.76408147066832 13.07103736698627 0.7636793404817581 1.840800814330578 16.78515729308128 8.648074179887772 3.546563155949116 6.687062747776508 1.511719271540642 7.842801943421364 0 20.41357489675283 0.4427667632699013 0.5653977245092392 0.2958032190799713 0 0.6655887216329575 2.14887909591198 290.9260733872652 70.28111357241869 0.6814303994178772 31.44692748039961 20.63602698594332 75.30127601325512 23.02682443708181 12.16397354751825 0.734827384352684 35.83578924834728 1.598865881562233 11.40473436564207 0.3212749287486076 0 0.109269991517067 1.894756108522415 0.170595645904541 1.427630066871643 0.7850618958473206 0.6805499941110611 2.013259664177895 3.969278037548065 9.53919543325901 17.30817587673664 9.542430013418198 1310.411081634462 117.906319513917 0.177075058221817 13.40837981551886 29.36318171769381 1.320162050426006 3.359126940369606 21.76639023423195 15.67228358983994 4.213776811957359 85.06502445787191 31.54259449243546 113.2982729524374 129.3510920107365 97.03221413493156 15.15465980768204 164.9232413843274 174.2353456839919 64.74329931288958 49.18534781038761 3.509652741253376 7.390506014227867 0 0.9000210165977478 0 0 0 0.1913460493087769 0 0 1.569704681634903 0 0.3231341987848282 0.8987946957349777 1.573033221065998 0.7543204426765442 0.3816089704632759 0.9321307092905045 0.5347180217504501 5.810603633522987 3.293359085917473 0.1517743617296219 3.5907112210989 0.81306391954422 86.46614466607571 23.67559058964252 97.97451916337013 9.294924661517143 6.481938816606998 0.3618128150701523 1.017706349492073 0.3628937229514122 0.415372222661972 2.709094792604446 2.233943298459053 0.2441852986812592 1.632566854357719 5.195885263383389 0 0.8056496977806091 1.437324956059456 4.415164075791836 5.192127972841263 0 0 0 3.623530261218548 2.417176015675068 1.940848678350449 0.9321910291910172 7.499660491943359 173.9170157238841 2.74904603511095 0 0 0 0 0.490897074341774 0 0.1411985903978348 0.3500634431838989 250.2496875822544 0.3537768721580505 0.8912273645401001 0 4.706463858485222 82.01578389853239 15.49373479187489 108.6897422671318 3.832052804529667 5.627031847834587 2.16636673361063 1.433170266449451 2.175148636102676 0.329666443169117 0 0.1080126687884331 0 0.1669590622186661 0.5474953055381775 0.2304500788450241 0.5871535539627075 82.65918170660734 88.67583192139864 48.93461206555367 257.0848658904433 13.7190478593111 94.4386240914464 41.04032476246357 132.6916533634067 7.553154438734055 0.581391915678978 5.817671820521355 204.2087440267205 0.7867423892021179 8.895278841257095 5.139910377562046 82.43351875990629 3.252637147903442 0.1018025279045105 2.499984830617905 0.4215749800205231 0 1107.785533338785 173.3142518177629
10.6352052167058 745.9220185354352 164.3739110454917 171.2989130169153 1933.857006020844 34.31942923367023 5763.626074321568 139.4959900975227 1982.161525510252 4737.117443665862 2032.567980319262 2362.060584791005 6734.164180025458 5406.154129192233 39.59218250960112 27.62421882897615 2.21358173340559 1.047773629426956 0 2.088705874979496 6.015662543475628 12.58422721922398 3.334126062691212 0.9963748380541801 2.8304672986269 3.476475842297077 0.316605344414711 25.16619522869587 9.929836571216583 0.6499201655387878 59.0258145108819 34.03953770548105 549.5229571461678 0.5627533495426178 0.2955285459756851 2.507299676537514 948.7565431892872 50.91363363713026 49.32401221990585 7.575147666037083 10.47526715695858 13.11342634260654 2.018913462758064 1.931247010827065 0.5268077775835991 4.491460770368576 148.6604900360107 1.812148608267307 1.466131165623665 3.387768469750881 4.986177697777748 12.16237066686153 48.48283668607473 19.93262454867363 8.193122878670692 9.122472353279591 41.04496939480305 77.48949833959341 22.13910035043955 45.68598392605782 6.262718945741653 23.30796764791012 0.4400034099817276 132.3472298234701 2.582764282822609 0.8656687214970589 1.524223923683167 2.279342733323574 5.796029046177864 8.818020090460777 438.734724521637 54.29021688550711 0.9405539184808731 198.4509684368968 107.9813453778625 386.047723710537 92.43935292214155 38.40820273756981 31.46624812483788 86.96270848810673 20.55685332417488 30.34758910536766 6.86930376291275 0.3025487214326859 2.161181800067425 6.904040820896626 4.321587204933167 0.1243274435400963 3.776960954070091 1.499168410897255 2.519659541547298 8.369213081896305 17.76363731920719 30.88010700047016 22.01805625110865 1286.64297696203 77.45834770798683 1.383944094181061 14.79513808339834 10.60669975727797 2.327925890684128 5.026427671313286 16.11387901753187 32.21496231853962 3.17467524856329 153.9340090304613 39.64601355046034 134.8582029491663 249.9050518646836 164.1187217012048 25.10896597802639 345.8552894219756 277.0380484163761 98.40755826234818 55.24854785948992 2.468535684049129 8.684430651366711 0 0.9968521073460579 0.1779080927371979 0 0.3950228914618492 1.117427319288254 0 0 1.790077820420265 0.2267008870840073 2.199090108275414 0.3118583261966705 1.955474227666855 2.238134384155273 1.097419247031212 2.479705139994621 0.4138717949390411 4.142413645982742 2.313453644514084 0.2174956500530243 5.879085019230843 1.916809096932411 98.07352810353041 23.2635827511549 101.1231433898211 14.82564576715231 7.182832106947899 1.448717430233955 1.316149950027466 0.1634777933359146 0.5657376125454903 2.591478765010834 1.742350295186043 1.998545303940773 1.471392899751663 3.654532447457314 0.1847333610057831 0.5705081522464752 4.037264443933964 3.748615756630898 10.18926775455475 0 0.1181788221001625 0 2.931900314986706 2.797245837748051 2.209335118532181 2.765219524502754 7.93799651414156 186.5401034578681 0.8262271732091904 0 0 0 0.1063334345817566 0.6393706053495407 0 1.185719162225723 2.986774556338787 257.1323160901666 2.071853630244732 1.763958916068077 1.137782454490662 8.746319174766541 104.5007655322552 13.31469517946243 115.1089324951172 0.9590908065438271 2.981449864804745 3.881832912564278 1.421288564801216 3.741954073309898 0.3482852578163147 0 0.209098219871521 0.4439775347709656 0.5844658464193344 1.495122097432613 2.645068369805813 3.465230897068977 92.24725060164928 81.38659510761499 53.68794497847557 734.0757443234324 34.70865707844496 409.2352431565523 136.4910621121526 139.7560801208019 31.83603569120169 3.194665037095547 36.22510648518801 197.4081886485219 1.004402600228786 13.5566615536809 5.63251568377018 81.89490484446287 2.904221199452877 0 2.605074733495712 4.89965683221817 0.1549158692359924 799.635370656848 182.9916729032993
