579.0863997712731 3220.515299521387 2217.423744186759 1878.736318096519 200.3397793471813 75.49166092276573 563.0089899003506 88.542844183743 28.65269636362791 1247.11965662241 211.8382373377681 143.0424156337976 573.4474126398563 213.7891672179103 2.462149530649185 2.275878012180328 0.2144462168216705 0 0.1378313153982162 0 0.4398334622383118 0.1209171712398529 0.4443839490413666 0 1.159482181072235 0.4268888384103775 0.2949268519878387 0.7428253516554832 0.1311517506837845 0.1204975619912148 1030.878942921758 42.48202005028725 38.50616198033094 0.1488095670938492 0.4580002576112747 3.886634409427643 15.97752547264099 6.488091498613358 9.142377339303493 5.708979427814484 2.321245171129704 2.327752441167831 1.209578529000282 0.6994521543383598 0 2.387244336307049 63.54145590960979 2.78255382925272 0.2418650388717651 0.4949559718370438 1.119431659579277 0 0.8432492837309837 0.9894854500889778 1.150172017514706 1.238206684589386 252.5240125060081 358.2529146075249 154.5637472048402 84.78762596100569 1.759972088038921 8.103951647877693 0.2762687802314758 2.826229274272919 1.349767252802849 3.296795777976513 3.801028490066528 1.310554631054401 3.815576002001762 5.743250906467438 15.73447235673666 0.9915008693933487 0 113.3562461659312 30.3607889264822 7.107183925807476 1.760274201631546 3.394487932324409 3.586184225976467 121.3474393710494 5.10047098249197 10.79994667321444 11.27659038454294 0 1.534741826355457 2.472070850431919 1.531130440533161 0.1224388629198074 3.368516564369202 0.286793977022171 0.9165205135941505 0.5790599957108498 4.322659246623516 1.839323692023754 2.208579711616039 82.49294349551201 6.67952823638916 0 5.284932591021061 916.1589352265 0 1.328239798545837 2.434297621250153 5.13515667617321 0 2.279490433633327 0 0.427632063627243 4.175866797566414 5.538999453186989 2.024364054203033 8.105379208922386 7.623148322105408 14.23362172394991 8.272904440760612 0 0 0 0 0 0 0 0 0.1115286126732826 0 0.1495384871959686 0 1.456211403012276 0 0 0 0 0 0.2054764777421951 0 0 0 0 0 3.031268581748009 2.246996805071831 5.989147797226906 1.393465965986252 0.6935104876756668 0 0.2708497643470764 0 0 0 0 0 0 0 0 0 0.154370903968811 0.1535728573799133 0.3606290221214294 0 0 0 0 0.398487389087677 0 0 0 2.268962919712067 0 0 0.1243637949228287 0 0 0 0 0 0 8.127972155809402 0 0 0 0.148772656917572 0.6822606772184372 0 1.424818947911263 0 0.1119024679064751 0 0 0 0 0 0 0 0.1307667046785355 0.1128670275211334 0 0 6.43500916659832 0.8690016567707062 2.831774666905403 230.4581661969423 5.94862911850214 61.71549316495657 13.57498349994421 422.8407618552446 9.821260958909988 1.431505285203457 2.973523668944836 31.56827922165394 0 3.047987177968025 0.6347001045942307 41.02243410050869 0.5073876678943634 0 0 1.131736330688 0 486.1348587721586 30.98019620031118
3220.515299521387 3090.708731651306 2735.721116565168 1604.864677481353 2576.921859793365 58.09348990023136 3066.293500773609 106.4181719496846 706.0981894508004 2108.335826203227 917.463282071054 148.3570385873318 2501.336423829198 1720.692839689553 24.44465519487858 11.78345622867346 2.381039403378963 0.265978679060936 0.5009691342711449 0 1.188198789954185 0.2994780391454697 0.7316668629646301 0 2.001871690154076 0.5847201496362686 1.229158848524094 0.1499106734991074 0.5201547220349312 0.5479582101106644 1528.289416387677 133.6111877858639 74.96067283302546 0.5309632867574692 0.5937618613243103 1.143871039152145 44.40574791282415 4.185974195599556 12.64405285567045 5.417526446282864 2.654127068817616 1.986552514135838 2.972529225051403 3.876522026956081 1.065893746912479 5.775637909770012 370.6212586984038 4.423185743391514 0.8580340445041656 0.6875405982136726 1.23498922586441 0.362251490354538 0.9422741606831551 1.412740848958492 2.137295827269554 3.001519538462162 287.9532753899693 419.225455597043 249.7618048116565 280.2508837878704 3.024560540914536 10.67504876852036 1.233497969806194 59.61362706124783 2.001585178077221 5.587384268641472 6.81880808621645 1.981946788728237 5.639716193079948 6.580296374857426 11.44307964295149 0.2344846725463867 0.2951963841915131 327.6598626971245 171.6480094194412 109.7432479560375 43.8651710152626 23.5575956851244 3.998634025454521 66.69323328882456 7.729463033378124 11.93055375665426 16.61562560498714 0.2837977707386017 2.602746099233627 5.386445797979832 2.055080085992813 0.1171566545963287 5.768808163702488 0 1.566586770117283 0 4.060232281684875 3.118037782609463 2.003643468022346 13.82106246054173 1.822503551840782 0.1643309742212296 7.777765713632107 693.5275207683444 0 2.334751769900322 1.429259225726128 6.28236235678196 2.464939713478088 13.34104177355766 0.8880863040685654 2.912683427333832 3.228632099926472 3.985133297741413 1.679631844162941 7.431874781847 18.76775968074799 19.65811543166637 13.67332050949335 0 0 0 0 0 0 0.2152979969978333 0 0.2460320144891739 0 0 0.1928642094135284 0.6075378209352493 0 0.1260440796613693 0 0 0 0 0 0.2655042111873627 0.1288995146751404 0 0 6.731658034026623 3.798748642206192 5.66159576177597 1.491663590073586 0.6610138118267059 0 0 0 0 0 0 0 0 0 0 0 0 0.7857011556625366 0.6483189836144447 0 0 0.2185944020748138 0 0.1397238522768021 0.8537673205137253 0 0.7745766043663025 2.890202268958092 0 0 0.1006823852658272 0 0 0 0.1296862959861755 0 0 7.46965366601944 0.2159640043973923 0 0 0 3.033889815211296 0 0.1422471851110458 0 0.142386183142662 0 0 0 0.1662684828042984 0 0 0 0.4474370181560516 0 0 0.1271391212940216 13.02992905676365 0.9447381347417831 3.594809226691723 487.6666540503502 10.59689782559872 293.1885727494955 48.04384256899357 223.8847577124834 33.25356724113226 4.736310727894306 27.28772543370724 27.59730593115091 0.1237893253564835 2.572437681257725 0.8770746886730194 30.63953195512295 0.8287367224693298 0.3221506103873253 0.1304654628038406 5.66632979363203 0 403.7228754758835 27.60523480921984
2217.423744186759 2735.721116565168 1728.319402083755 961.0552758723497 1673.519574910402 23.80890820920467 171.2225050106645 1708.115713462234 520.2993071749806 27.41637942939997 2758.008741997182 7.312276042997837 179.0983437895775 1790.266751676798 14.04131666570902 13.96536447107792 1.617190301418304 0.4368070513010025 0 1.036587111651897 4.319741971790791 0.5367769077420235 2.808622270822525 1.175606578588486 6.826648391783237 1.779480941593647 1.339237883687019 1.665864869952202 0.9105362743139267 0.9880374222993851 4773.872121669352 130.3610705509782 194.3500701189041 1.955064758658409 1.154567673802376 5.760651238262653 55.56277027726173 8.020758412778378 21.83677750825882 21.35517061501741 10.8581832870841 10.19110879302025 8.034594818949699 5.697727218270302 0.3896404504776001 3.417832031846046 87.38718749582767 1.745586469769478 0.6325112581253052 1.372873298823833 6.781278878450394 0.7437620386481285 2.80660293251276 4.419144108891487 0.3362623006105423 1.174177840352058 160.7773429229856 430.6516069620848 105.2956999689341 73.90622446686029 10.71254942566156 12.65359932184219 1.617420606315136 66.36345084011555 1.262416079640388 3.735442869365215 6.908213436603546 5.911259055137634 21.33887556940317 30.64347756654024 13.82915099710226 1.215294435620308 0.2685966789722443 86.49920768290758 61.55283619463444 27.03202469646931 11.63036555051804 16.0950902402401 26.58777415752411 1087.884317405522 39.10330177098513 90.19797746092081 6.910632789134979 0 1.589561477303505 3.037674568593502 3.432186089456081 0 2.325763583183289 0 1.975632362067699 0.5280431509017944 18.26764930039644 9.232779070734978 4.62586260586977 6.646842822432518 3.98835664242506 0 10.14723551273346 519.1350603103638 0 1.337350308895111 1.047254890203476 0.9074214994907379 0 4.114416778087616 0 2.006141491234303 2.042855136096478 2.034905694425106 2.660597011446953 5.88083528727293 10.00475249439478 9.00546658039093 7.292424000799656 0.1311865150928497 0 0 0 0 0 0.1610840260982513 0 0.430135115981102 0 0.9756117984652519 0 1.672066330909729 0.1449715793132782 0.2117996886372566 0.3678750842809677 0.3592936396598816 0.2029424831271172 0.6085000932216644 0 0 0.2134086713194847 0.3974295780062675 0 7.782503016293049 0.8768258988857269 4.521643199026585 1.309901416301727 1.163393177092075 0.1092962473630905 0.1933265030384064 0.1698974519968033 0 0 1.380751632153988 0.1622963547706604 0 0 0 0 0.4472080618143082 0.9099944680929184 2.177711673080921 0 0 0.1402303874492645 0.4207682758569717 0 0 0 0 2.194477416574955 0 0 0 0 0.3173996806144714 0 0 0.1317504197359085 0 7.320779368281364 0.5094109177589417 0 0 0.08852093666791916 0.9300727546215057 0 1.266467720270157 0 0 0 0 0.08718328177928925 0 0 0 0 0 0.5689453631639481 0.1689898818731308 0 5.38852795958519 2.354940198361874 6.746277719736099 188.6884672492743 7.827796809375286 87.76799663156271 30.00289774686098 104.3594893664122 13.93289570510387 0.9600515589118004 9.050619974732399 13.5843611061573 0.08768459409475327 2.303822673857212 0 17.29685194790363 0.1816642880439758 0 0 1.676615238189697 0 119.8002344369888 12.1546481475234
1878.736318096519 1604.864677481353 961.0552758723497 222.3386787027121 207.0242045000196 80.45685356855392 720.8265958949924 7.395824983716011 40.52376391738653 3405.789385356009 51.02952848374844 502.3008418828249 2262.694902785122 100.7537758499384 1.510192915797234 0.6185932904481888 0.5278972089290619 0 0 0 0 0 0 0 0 0 0 0.138760894536972 0 0 184.8721375390887 2.380393423140049 16.23915630578995 0 0 0 22.17899414896965 0.903816282749176 0.8026240766048431 0.9075553268194199 0.1455887407064438 0 0 0.2895901799201965 0.2998355552554131 0.2511784806847572 52.12294390052557 1.660831935703754 0 0.1965904533863068 0 0 0 0.3014966323971748 0.1840802431106567 0.9236012548208237 72.28441058844328 63.4629031047225 60.97238881886005 50.42589734494686 0.1234221607446671 1.065601378679276 0 5.118105843663216 0.8972406908869743 0.6094585657119751 0.9364696592092514 0.1322920322418213 0.4180498719215393 0.2045217454433441 15.01375017315149 0 0 49.86140009760857 18.63204146176577 9.373993217945099 5.463839344680309 1.343428373336792 0.3994167894124985 1.666378110647202 1.179884493350983 3.485875710844994 2.329276442527771 0 0.4907850027084351 1.389776341617107 0.1112764552235603 0.1067075729370117 1.286422967910767 0 0.5433240532875061 0 0.119777113199234 0.1042620688676834 0 45.97001260519028 0.5893864035606384 0 1.172848582267761 613.7377456873655 0 3.149073630571365 5.108630314469337 5.609572857618332 0 6.800337865948677 0 2.768024682998657 8.084245905280113 5.709526911377907 1.129675954580307 8.374535046517849 18.38884706795216 21.11299726366997 4.732991725206375 0 0 0 0 0 0 0 0 0 0 0 0 0 0 0 0 0 0.2660535871982574 0 0 0 0.1109911277890205 0.9238695502281189 0 3.766473487019539 2.632629692554474 3.879986196756363 0.1638168394565582 0 0 0 0 0 0 0 0 0 0.3796279728412628 0 0 0 0 0 0 0 0 0 0 1.418506756424904 0 0 1.349585175514221 0 0 0 0 0 0 0 0 0 5.812978163361549 0 0 0 0 1.08402618765831 0 0.94124835729599 0 0.826353520154953 0 0 0 0 0 0 0 0.1257570385932922 0 0 0 10.71570871770382 0.8173793405294418 3.399048894643784 149.6698173508048 2.904779650270939 35.89072198420763 6.003759287297726 414.7545066028833 5.919760972261429 1.839397542178631 0.7877880111336708 22.58083555102348 0 0.260177455842495 0.1203449741005898 50.46730060875416 0 0.1215170919895172 0 0.234263502061367 0 341.9435809329152 42.11081627011299
200.3397793471813 2576.921859793365 1673.519574910402 207.0242045000196 1825.731388509274 11.84829393029213 709.2539321556687 644.9495771974325 4583.878448791802 461.7379504814744 2039.419513061643 38.54323901236057 433.9184940829873 3284.928605504334 30.82703714072704 17.18203082680702 2.209981791675091 0 0.8442628905177116 0 0 0 0 0 0 0 0 0.1652091890573502 0.15813347697258 0.3240499049425125 171.0151517763734 141.876772351563 32.71912374347448 0.3139922916889191 0.3213847577571869 0.3390348255634308 9.109247766435146 1.361619263887405 5.06638939678669 2.49959222227335 0.3877410739660263 0.396636851131916 0.583936408162117 5.460743971168995 0.3671282082796097 2.786564044654369 225.9733803197742 0.7888078093528748 0.1231762617826462 0.4539322257041931 0.6630225479602814 0 0.1324532330036163 0.1628421396017075 0.6193083897233009 0.7284859120845795 65.42100504785776 122.7571336105466 63.03007485717535 114.6058185473084 1.163418747484684 14.51819911599159 0.2001908272504807 50.2463266029954 0.4528533592820168 1.206652991473675 1.775519132614136 0.3279904499650002 1.386208325624466 0.7449195310473442 12.13500688970089 0.4811906516551971 0 133.867005109787 71.55476873368025 90.88996957987547 37.88041092455387 31.12844774127007 2.960236832499504 20.69295202940702 3.691799238324165 11.43104353547096 6.600991941988468 0.5263104140758514 1.119063392281532 1.83110286295414 1.420071475207806 0 1.302180469036102 0 0.3900314792990685 0 0.4263203218579292 0.3717919737100601 0.181859165430069 11.04633751511574 3.998769193887711 0 6.954052820801735 39.6381106749177 0.2245016545057297 2.455660074949265 0.2882175743579865 1.097821831703186 0.917706698179245 10.25293061137199 0.1235706508159637 2.657254211604595 4.134550601243973 4.097392022609711 1.85086877644062 9.865798860788345 15.7942004352808 15.67836318165064 13.00362773984671 0.148346871137619 0 0 0 0 0 0 0 0 0 0.1138087660074234 0 0 0 0 0 0 0 0 0 0 0 0.4933822154998779 0 5.991574943065643 4.596250087022781 8.908793300390244 4.852270320057869 0.851905345916748 0 0 0 0 0 0 0 0 0 0 0 0 0.4503792524337769 0.1715030521154404 0 0 0 0.6760450601577759 0.4229715168476105 0 0 0 3.504144087433815 0 0 0 0 0 0 0 0 0 8.990599624812603 0 0 0 0.1154298484325409 0.8213064223527908 0 1.672579914331436 0 0.9448567032814026 0 0 0 0 0 0 0 0 0 0 0 12.56038423627615 3.053315676748753 4.051223628222942 357.3673367500305 7.746041186153889 238.1147012412548 53.7593764513731 45.04869969189167 45.22616290301085 2.477935016155243 26.77466502785683 15.29244305938482 0.09695284068584442 0.1007694900035858 0 15.55838385224342 0 0 0 1.863739602267742 0.5111797451972961 146.8189169168472 18.24764303863049
75.49166092276573 58.09348990023136 23.80890820920467 80.45685356855392 11.84829393029213 7.214926436543465 34.39472311735153 1.593365877866745 6.489843606948853 481.8469324558973 6.280585244297981 129.611093968153 250.5388391390443 51.37514652311802 0.1376074999570847 0.3719928860664368 0.2078363746404648 0 0 0 0 3.281004160642624 0 0 0 0.2679009437561035 0 0 0 0 16.91058149933815 0.2312423139810562 29.78758662939072 0 0 0.485269770026207 29.19909820705652 1.054694414138794 13.79634869098663 1.257042095065117 0.355309396982193 0 0 0 0 0.5297801494598389 1.659259706735611 0.1608743220567703 0 0 0.1342126131057739 1.048733994364738 1.817375883460045 0.168304517865181 0 0.6872408837080002 145.9686940908432 9.226700812578201 3.579020790755749 0.814776286482811 0.475464791059494 25.02718129754066 0 0.1275631189346313 0 0 0.2469834461808205 0.2758758068084717 0.2198693305253983 0 274.0127193927765 219.8859175890684 7.662167444825172 2.33404004573822 1.493312433362007 0.2532371133565903 0.2952770590782166 0.3514825701713562 0 6.578706070780754 0 5.101378306746483 0 0.4074716195464134 0 0.7267276048660278 0 8.681467585265636 7.854099161922932 10.19897289574146 5.337813079357147 7.290675133466721 0 0.4158961325883865 0.5664215832948685 422.8128129541874 444.0219914168119 13.95633149147034 102.9064062386751 296.8477375209332 0 0.7377540767192841 0.5613166093826294 2.297617346048355 0 2.6864373087883 0 0.3060100972652435 0.5718687251210213 0.5117587000131607 0.4344760775566101 2.372487515211105 4.643705755472183 3.217939510941505 1.30117404460907 0 0 0 0.1687753051519394 0 0 0 0 0 0 0.3559986650943756 0.4595706164836884 0.5953818112611771 0 0.2616173028945923 0 0.1185162141919136 0.4574825465679169 0.1355599015951157 0 0 0.2463779076933861 0 0.2114322185516357 1.231477990746498 0.4979476779699326 3.370454296469688 2.380074575543404 0.5145253688097 0 0.1133272871375084 0 0 0 0.1788051873445511 0 0 0 0 0 0 1.093421325087547 0 0 0 0.1649895012378693 0 0.6684146523475647 0.8182912468910217 0 0 0.2605158984661102 0 0 0 0 0 0 0 0 0.7387455850839615 2.938395515084267 0.7617440223693848 0 0 0 0 0 0 0 0 0 0 0 0 0.2334023416042328 0.2330953031778336 0 0 0 0 0 2.883744239807129 0.9306120574474335 0.8996013104915619 39.43119114637375 1.477012075483799 1.81369560956955 1.255307421088219 195.9978558272123 1.731602817773819 0 0 3.586461961269379 0 0 0 13.98546126484871 0 0 0 0 0 127.7681373879313 14.05974443256855
563.0089899003506 3066.293500773609 171.2225050106645 720.8265958949924 709.2539321556687 34.39472311735153 839.116357088089 12.97601870447397 672.4120143353939 1742.854052662849 90.4973761588335 182.8497306481004 9936.675185412169 4358.284861922264 23.43319442868233 10.44067323952913 1.566024221479893 0.2332120314240456 0.5265590399503708 0 0.1677744090557098 0 0.2981659322977066 0 0.3129342347383499 0.2734845876693726 0.8031267821788788 0.1910817921161652 0.3714885264635086 0 118.2785457894206 64.9490624666214 36.92805749922991 0.2571197971701622 0 0.1371056586503983 39.52117177098989 3.089708372950554 6.979975819587708 0.9628287106752396 0.3821691572666168 0.517296738922596 0.7459165751934052 4.430858716368675 0.1225031837821007 2.79970446228981 234.0822569876909 2.452430464327335 0.1211022883653641 0.553033210337162 0 0.1080122590065002 0.8382798582315445 0 1.900674909353256 1.986374527215958 129.9937754869461 157.314233571291 123.4578506946564 144.535463348031 1.776969626545906 14.99031858891249 1.056196250021458 35.48567917943001 1.112831093370914 2.523136958479881 2.689521066844463 0.7930145114660263 0.9060327634215355 1.26821943372488 15.03281782567501 1.100792497396469 0.1481459885835648 178.5525913462043 84.32654582709074 75.76398665457964 29.19378317147493 22.85882202535868 1.184116333723068 13.29825177043676 4.296024911105633 9.771405450999737 8.583881624042988 0 2.080468386411667 3.109858460724354 0.8357508704066277 0.121977262198925 3.698937274515629 0 1.180979125201702 0.1491358131170273 0.5068060159683228 0.5019027814269066 0.5886679589748383 31.71704237163067 3.450845137238503 0 8.807485282421112 167.8134721666574 0.9221252724528313 8.404331766068935 60.16932319104671 39.13190114498138 1.621436506509781 112.4972999095917 3.902732908725739 34.82980994880199 46.05358728766441 16.80269630253315 4.164375782012939 150.1044202744961 64.02600874006748 67.42040690034628 21.17248591780663 0 0.7040523290634155 0 0 0 0 0 0 0.1690642088651657 0 0 0 1.068001568317413 0 0 0 0 0 0.2013611942529678 0.1887390166521072 0 0 0.2628955543041229 0 13.54125332832336 6.887120142579079 14.50235076248646 5.868040077388287 1.326372638344765 0 0 0 0 0.1045274809002876 0.3910611271858215 0 0.6853297501802444 2.544321998953819 0 0 0.1349964737892151 0.1265724897384644 0.2555237784981728 0.2292399108409882 0.3114771693944931 0 3.117608398199081 3.791464306414127 0.8135386854410172 0.196137398481369 0.8852766156196594 6.191089436411858 2.276501297950745 0.1276305317878723 0.6798164844512939 0.09780560433864594 0 0 0 0 0 19.04604648053646 0.2436543256044388 0 0 0 7.228560343384743 0.5330864191055298 3.178890272974968 1.966080598533154 2.142439164221287 0.2263579517602921 0.4107973873615265 0 0 0 0.1567137837409973 0 0 0 0 0 22.79333095252514 3.263562209904194 6.355983518064022 377.3728766068816 8.468415834009647 231.6652330309153 48.47466718405485 155.3312710374594 30.76996432989836 2.466301240026951 24.86576271057129 29.80927175283432 0.1978698372840881 9.551350750029087 0.9951640218496323 44.38807748258114 2.281668670475483 0.4058983623981476 0.6957759261131287 3.252619795501232 0.3612944483757019 355.7862118333578 55.63964334130287
88.542844183743 106.4181719496846 1708.115713462234 7.395824983716011 644.9495771974325 1.593365877866745 12.97601870447397 1510.083837240934 1476.382515914738 0.3472907543182373 3914.372646257281 0 27.83564115315676 841.2167105451226 9.360478989779949 8.169759646058083 0.9131484925746918 1.426633879542351 0.1266039907932281 0.7242918759584427 4.440812706947327 0.6425993293523788 2.395552262663841 1.278731942176819 4.337620377540588 0.7155544757843018 1.275803163647652 1.458944827318192 0.4022757858037949 0.2765443623065948 408.8814780935645 1607.626543976367 60.17025496065617 0.4420913606882095 1.049962103366852 3.628790736198425 13.80325724929571 6.193994849920273 12.49679157137871 8.827244907617569 5.104712173342705 5.666979737579823 6.894359543919563 5.059000387787819 0.6474389806389809 4.045940935611725 46.1628714799881 1.38516690582037 0.4327012300491333 0.5719359293580055 3.027163252234459 0.8445268720388412 0.3527858257293701 2.324178382754326 0 0 37.12689332664013 127.9689988791943 26.65813776105642 24.56354606151581 7.428601421415806 10.31461754441261 2.617516495287418 72.44527012854815 0.2545218989253044 1.41394530236721 5.025430709123611 3.335275560617447 14.16416248679161 21.7626588717103 4.395073868334293 0.1947529762983322 0.1793593615293503 25.28005103766918 35.1196633130312 16.34282879531384 40.73402223736048 434.0716934576631 279.5334207713604 2584.384750783443 45.32975573092699 222.7483238726854 1.624017648398876 0 0.2702241614460945 0.6430545598268509 3.031129598617554 0.1035099923610687 1.759196110069752 0 0.5274454057216644 0 15.22066332399845 5.850522845983505 3.7965147793293 2.340050131082535 0.9004712104797363 0.1823904365301132 3.474862568080425 85.53498557955027 0 0 0 0 0 0 0 0.2026629894971848 0.4556220769882202 0.3015171736478806 0 1.433997124433517 0.998662956058979 3.096797280013561 1.744390539824963 0.2563221678137779 0 0 0 0 0 0 0 0 0 0.7438984662294388 0 0.5791435912251472 0.1494305580854416 0 0.1216151639819145 0 0.1276469975709915 0.242527037858963 0 0 0.8950932398438454 0 0.1614145189523697 1.424502745270729 0.6419601142406464 1.597335942089558 1.297100096940994 0.3697331771254539 0 0.7957081496715546 0 0 0 0 0 0 0 0 0 0 0.2612849473953247 1.782179892063141 0 0 0 0 0 0 0 0 0 0 0 0 0 0 0.1303826123476028 0.124765120446682 0 0.1471168547868729 0.7791132181882858 0.7699520140886307 0 0 0.3812256157398224 0.1246709451079369 0 0.1148077249526978 0.5308183953166008 0 0.1798922717571259 0 0 0 0 0 0 0.1471078842878342 0.4409051761031151 0 0.3406964242458344 1.213660344481468 0.2769770622253418 1.369154021143913 68.82941268384457 2.434855744242668 45.66699811071157 17.77426487952471 23.76924757659435 8.099701412022114 0 4.584744162857533 1.96281136572361 0 0.2342953681945801 0 1.298345804214478 0 0 0 0.8685955405235291 0 23.66606613993645 1.865898191928864
28.65269636362791 706.0981894508004 520.2993071749806 40.52376391738653 4583.878448791802 6.489843606948853 672.4120143353939 1476.382515914738 651.3555493205786 227.3874481543899 2446.902310423553 23.20918476581573 514.616558611393 1435.686180241406 14.8639582246542 9.395391881465912 1.548102110624313 0.1220188289880753 0.1329776346683502 0.2240081131458282 0.2041098773479462 0 0 0 0.5667117983102798 0 0 0.2280318140983582 0.5673490166664124 0.131065845489502 46.83213124424219 74.45263284444809 32.03327406942844 0.1458824872970581 0 0.2902654856443405 16.23412614315748 0.3256135433912277 3.178162962198257 0.7579830139875412 0.1414238810539246 0.1262959837913513 0.1263424307107925 2.502162292599678 0.5087079554796219 1.865129016339779 85.25595127046108 0.1129458695650101 0 0.1440910398960114 0 0 0.1828242391347885 0 0.2509002462029457 0.3685361444950104 16.22237555682659 35.14355078339577 16.25801485776901 33.42328134924173 0.8514849245548248 11.10562346875668 0.5929185003042221 16.18875343352556 0.1035977005958557 0.5741984024643898 0.9817093908786774 0.4802014082670212 2.214266985654831 1.096932329237461 9.587603203952312 0 0 35.44512471556664 21.44023261219263 32.0626567453146 11.79068744927645 11.53233947604895 1.842207670211792 100.8083381354809 1.830044351518154 7.241137877106667 1.363528184592724 0 0.2098032236099243 0.8836540803313255 0.2927531152963638 0 0.4001394212245941 0 0.2054669186472893 0 0.8327559232711792 0.3261004388332367 0.1493617296218872 9.600746855139732 1.698423430323601 0 2.442955285310745 9.982592932879925 0 0 2.035447269678116 1.662121340632439 0.1798235177993774 6.154639884829521 0 3.217459723353386 2.002310335636139 2.262684315443039 1.202435001730919 11.43413332104683 12.34496963769197 12.21828266978264 12.96546800434589 0 0.1631615161895752 0 0 0 0 0 0 0.3490213751792908 0 0.2217413932085037 0 1.648243069648743 0 0 0 0.1306186765432358 0 0 0 0 0.1282812058925629 0 0 5.91403566300869 3.670094385743141 5.598901391029358 2.33152886480093 0.7280888855457306 0 0 0 0 0 0 0 0 0 0 0 0.2651723325252533 0 0 0 0 0 0.2331356704235077 0 0.3447563052177429 0 0 2.966566279530525 0 0 0 0 0 0 0 0 0 6.827576093375683 0 0 0 0 1.397752419114113 0 1.656308621168137 0 0 0 0 0 0 0 0 0 0 0.2806840538978577 0 0 9.113071650266647 3.444865435361862 3.978298299014568 153.1030149012804 4.91909646987915 107.7857542484999 34.90134490281343 14.92786289006472 20.43313020467758 1.118235982954502 10.14285357296467 10.69701777398586 0 2.91148803383112 0 10.76330427825451 0.5928559899330139 0 0.2242414951324463 0.669952780008316 0 71.08160610496998 19.43707217276096
1247.11965662241 2108.335826203227 27.41637942939997 3405.789385356009 461.7379504814744 481.8469324558973 1742.854052662849 0.3472907543182373 227.3874481543899 2190.647192157805 16.04348670691252 3796.474819622934 8084.130399025977 447.934394814074 9.009460724890232 4.343646317720413 0.5441144108772278 0 0 0 0 1.324747771024704 0 0 0.3232134878635406 0 0 0.9833091199398041 0.6689236015081406 0 27.00886384397745 6.245917528867722 80.26116508245468 0.1364565789699554 0 0.4001489281654358 303.3161067441106 0.7959113121032715 16.49641112983227 2.970556154847145 0 0.5447550565004349 0 2.558584295213223 0.1266131401062012 1.313224896788597 137.4674184545875 1.28540451079607 0 0.1552518606185913 0 0 0.9075156003236771 0.1285827159881592 0.5300568863749504 0.4080762639641762 164.5062055885792 67.87227757275105 69.84486661851406 71.87289908528328 0.9017091915011406 21.64620937407017 0.4537317752838135 13.1228052675724 0.5188642516732216 0.9604661539196968 1.130280457437038 0.1184671074151993 0.1062570139765739 0.1833483576774597 298.94550126791 1.988461539149284 0 85.3646844252944 30.25397457182407 30.57366843521595 13.45210465043783 7.478767774999142 0.4189952835440636 11.03845662623644 1.03941360861063 7.803908556699753 4.502068072557449 0 1.081982925534248 1.041242867708206 0.3435375243425369 0.5635840594768524 1.07747820019722 0 0.528046503663063 0.4011363685131073 0.5419024229049683 0.1324564665555954 0.2858185917139053 232.4521791934967 159.4199297726154 1.602249056100845 26.50381697714329 861.0568537637591 0.1096646264195442 17.44076460599899 39.92914502322674 51.31948782503605 1.576022744178772 122.0352701693773 4.347205057740211 21.80796092748642 137.3647151589394 43.77331767976284 5.850639164447784 111.5717466846108 159.3482483178377 162.7756239101291 29.46314845979214 0 0 0 0 0 0 0 0 0 0 0 0.2880749553442001 2.423496976494789 0.46625816822052 0.324628621339798 0 0 0 0 0 0 0 0 0 22.05939535796642 5.375170662999153 16.80003383010626 4.74969844520092 2.739555940032005 0 0 0 0 0 0 0 0.3019260764122009 0.3884988725185394 0 0 0 0 0 0 0 0 1.125937312841415 0.6658408641815186 2.363907858729362 1.830082535743713 0 11.2644267976284 0.5175694227218628 0 0 0 0 0 0 0 0 31.4403123036027 0.1388436257839203 0 0 0 4.733185365796089 0.2702293395996094 3.128162369132042 0.8534772247076035 0.2294875532388687 0 0 0 0 0 0 0 0.2816931083798409 0 0 0 43.45543034374714 8.69334788620472 12.68340055644512 378.1126705855131 7.477064669132233 130.7083286717534 32.57366030663252 804.4307808950543 26.63325777649879 1.651402033865452 18.68604526668787 86.34981381893158 0 3.596693366765976 1.628213807940483 120.7039385139942 0.2750898897647858 0.1252680718898773 1.341356128454208 2.095512300729752 0.612967886030674 1437.404431313276 168.8859790563583
211.8382373377681 917.463282071054 2758.008741997182 51.02952848374844 2039.419513061643 6.280585244297981 90.4973761588335 3914.372646257281 2446.902310423553 16.04348670691252 1336.626445315778 34.45079337060452 692.2111636474729 4298.951953932643 31.21426392346621 30.6386805921793 3.589489288628101 2.042500391602516 1.385751105844975 1.522111251950264 9.172924920916557 0.9742844998836517 8.529502406716347 3.804537087678909 18.61304723471403 6.136593155562878 6.611221447587013 6.01303331553936 2.47060227394104 1.803573295474052 363.3585898652673 628.0865037813783 586.4783913046122 2.753391124308109 4.657545544207096 18.28908842802048 177.065534196794 30.72149489074945 53.99135279655457 40.20464877039194 23.01552166044712 22.02764648199081 15.53320676088333 8.612967371940613 0.6054380834102631 8.331407643854618 127.7688712850213 1.363440275192261 0.738509014248848 2.234504006803036 8.789776772260666 2.580347016453743 4.104570016264915 8.767743043601513 1.108720451593399 0.6054925471544266 48.11784467101097 113.5327688753605 41.19156423211098 52.51671137660742 8.202819786965847 37.25523094087839 1.466115586459637 40.22879084199667 0.09762068837881088 3.546532362699509 10.42472842335701 9.523837640881538 33.08162969350815 51.81324189901352 33.90824346244335 1.580768838524818 0.6420989632606506 68.0013262629509 45.8598714992404 48.03941733390093 28.08455356955528 37.62107878178358 54.12092024087906 577.6817001849413 46.57483220845461 252.1818103790283 2.842370212078094 0 1.72294732183218 3.805158227682114 4.173427596688271 0 3.616874724626541 0 2.22626931220293 0.4843611344695091 38.05411500483751 17.70469465851784 8.186120770871639 21.25856365263462 6.657490357756615 0 21.75880954414606 45.62184398621321 0 3.173481464385986 3.361435264348984 2.05690935254097 0.3772777318954468 6.751015141606331 0.1584497690200806 3.33809195458889 1.552129805088043 3.658662810921669 2.275858968496323 11.72979673743248 18.44760859757662 30.30089373886585 15.40717192739248 0.3084875345230103 0.3685308545827866 0 0.2471509128808975 0 0 0 0 1.092104613780975 0 1.650647640228271 0.5959147214889526 0.5498489290475845 0 0.1283532828092575 0.6062045395374298 0.6999587640166283 0.3664604425430298 0.3471688404679298 0.1216438412666321 0.1302249133586884 0.34645015001297 0.3786095678806305 2.123544275760651 14.80200747400522 6.739757128059864 14.17132566124201 7.432063832879066 1.100903406739235 1.069440096616745 0.6804575175046921 0.6588890254497528 0.1102673932909966 0 1.05356240272522 0.7508809715509415 0 0.1140765398740768 0 0 0.4149295836687088 0.8479405269026756 3.253484934568405 0 0 0 0.3544151112437248 0.09686851501464844 0 0 0.436092883348465 5.123967386782169 0 0 0 0 0 0.1560331583023071 0 0.3891330510377884 0.2713302969932556 15.74101193994284 1.17616081237793 0 0 0.4240985065698624 3.36280220746994 0.3752862364053726 4.743084669113159 0.133569210767746 0 0.1097037196159363 0.1406047642230988 0 0.1563847362995148 0 0 0 0.1065565198659897 0.2677449062466621 1.262615993618965 0.3391600474715233 15.46675228327513 11.29453386366367 8.653514876961708 360.7000157162547 8.147746682167053 142.1045304536819 69.18280719965696 25.75623232126236 27.94862890988588 1.683315306901932 24.4261883944273 20.6289402320981 0.2579280138015747 1.962776064872742 0.3789574801921844 32.99358762800694 0.3733942806720734 0 0 4.635195896029472 0 99.09015820920467 30.11349830776453
143.0424156337976 148.3570385873318 7.312276042997837 502.3008418828249 38.54323901236057 129.611093968153 182.8497306481004 0 23.20918476581573 3796.474819622934 34.45079337060452 262.4014152735472 2328.977022618055 141.2551033347845 4.808936648070812 4.556437626481056 0.1401783525943756 0.2249291837215424 0 0 1.433445453643799 0.5249269306659698 0.3883004188537598 0 2.023563832044601 0.6212282925844193 1.292271465063095 0.1731956899166107 0.3320259004831314 0 1.799263790249825 3.003515534102917 38.89723542332649 0 0.1502327173948288 0.6314594745635986 163.6693668961525 4.098844468593597 41.90532536804676 7.546954825520515 2.28805311024189 3.684222817420959 0.6952941864728928 1.241471730172634 0 1.187869161367416 31.8887927159667 0.60775026679039 0.1726287007331848 0 2.166846543550491 1.393756106495857 2.077851489186287 0.9545623958110809 0.500050961971283 0.1213426068425179 11.96591470390558 7.992554172873497 8.210874676704407 8.765280470252037 0.3464071601629257 23.82884857058525 1.468502670526505 2.563534587621689 0.1429829746484756 0.4067194312810898 1.879979684948921 0.82637058198452 3.227388016879559 4.98791392147541 155.5493159815669 3.159541726112366 0.4930717200040817 9.884968526661396 3.020653456449509 7.303079754114151 3.451484173536301 2.960936456918716 1.207529857754707 7.198591120541096 0.8965077251195908 12.59192802011967 0.2992088198661804 0 0.1487267315387726 0.9328913688659668 0.2644958049058914 0.2849381640553474 0.6589242219924927 0 0.195053368806839 0.122548796236515 4.079438954591751 2.305409923195839 1.509804159402847 551.6403721272945 16.736751511693 0 55.9532001465559 47.86695685237646 0 6.761309742927551 5.352206856012344 28.25443594157696 1.060686841607094 19.48255728185177 1.988191574811935 11.31753363460302 30.31410299241543 20.73467391729355 11.81349414587021 35.7721971347928 75.34458110481501 68.80845526605844 31.74842236936092 0 0 0 0 0 0 0 0 0.276172935962677 0 0.5038192570209503 0.2500756233930588 1.614972516894341 0 0.4199210703372955 0.3238145411014557 0.1371427774429321 0.3760118931531906 0.7321946993470192 0.177116334438324 0 0 0.1806932091712952 0.1756089180707932 19.66891472786665 4.741049289703369 16.20931866019964 4.073261715471745 1.63714711368084 0 0 0 0 0 0.6780348569154739 0 0 0 0 0 0.1967914700508118 0.6657649427652359 1.217967480421066 0.1398850977420807 0 0 0 0.8352574110031128 1.689094975590706 0 0 5.931793250143528 0.2352227717638016 0 0 0 0 0 0 0 0 33.312375664711 0.3303140848875046 0 0.1258405148983002 0 9.321914553642273 0 3.459603577852249 0 0.1784477084875107 0 0 0.1257290840148926 0 0 0 0 0 0.09631592035293579 0 0.1254102140665054 45.10949079692364 5.951361700892448 12.50094313919544 117.7840876206756 1.579513862729073 36.10817261785269 14.30153907090425 52.91814038902521 7.004747614264488 0.1300557553768158 5.471406236290932 38.59244525432587 0 4.612000986933708 0.219152495265007 57.75404281914234 0 0 0 0.6981487721204758 0 767.9024230316281 130.0087584555149
573.4474126398563 2501.336423829198 179.0983437895775 2262.694902785122 433.9184940829873 250.5388391390443 9936.675185412169 27.83564115315676 514.616558611393 8084.130399025977 692.2111636474729 2328.977022618055 8420.377141296864 5431.535226143897 49.65727759897709 50.1926206573844 3.48271918296814 3.133855395019054 0.5915605053305626 1.943661123514175 2.803242906928062 5.700052008032799 1.288221880793571 1.797447666525841 13.30463334918022 4.122000008821487 3.371116951107979 7.554754093289375 4.872863247990608 1.916149400174618 89.08161154389381 45.2018768042326 436.7296685278416 1.958329677581787 2.404411569237709 10.24714171886444 625.8622198402882 38.91439813375473 392.6198230683804 79.42062512040138 25.19356025755405 21.35935882478952 9.70064353197813 9.443649686872959 0.8460124433040619 5.818329751491547 243.9422015845776 1.834822759032249 0.8479543328285217 1.590642012655735 10.49595707654953 2.031994625926018 15.77238699793816 7.785030469298363 0.5962487161159515 0.7539385706186295 121.7638800516725 99.24820300936699 91.41222660243511 126.4708335921168 6.321113906800747 115.3373926579952 2.68809874355793 24.94772937893867 0.3904513567686081 3.717919275164604 9.522121965885162 11.78640306740999 23.14463169127703 34.63584037870169 751.3969102501869 11.88004891574383 1.910798341035843 134.9568836688995 50.0761476457119 75.47351637482643 21.92921324819326 31.21881049871445 7.396402284502983 91.19253555685282 20.54417120665312 69.8264012336731 6.513757772743702 0 1.456627897918224 2.955329261720181 7.215575471520424 0.1504966914653778 3.661308966577053 0.4490147829055786 3.733232714235783 0.7124259769916534 27.00517694652081 16.63152545690536 9.181667894124985 1777.664545163512 50.69799664616585 1.753070190548897 414.4891000688076 286.4181360602379 0.6965599209070206 23.27007255703211 22.19966688752174 39.11356657743454 2.007362149655819 251.4141379371285 6.592749528586864 58.490324229002 103.623573385179 63.24479075521231 41.34370005130768 173.8973268344998 302.7889007180929 262.9555159136653 171.639983445406 1.550174742937088 1.492315024137497 0.3498803675174713 2.286611869931221 0.1695686280727386 0 0.3694701492786407 0.1763276755809784 1.295592859387398 0 3.730173915624619 0.2967172563076019 4.056362740695477 0.7598942518234253 1.441035069525242 1.196621999144554 2.227194994688034 2.320128574967384 1.033937178552151 2.874752283096313 0 1.193155519664288 6.086923912167549 1.490444302558899 114.4583034440875 30.57443422079086 114.4584766030312 32.70584186166525 11.71369152516127 1.46466563642025 0.6551226899027824 0 0 0.356600359082222 3.599910944700241 1.242045164108276 1.399148590862751 1.538082271814346 0 0 0 3.627805165946484 7.041148200631142 0 0 0 6.280029468238354 2.733672745525837 5.452050894498825 2.134285680949688 2.218000717461109 49.39032053202391 0.8448577225208282 0 0.1020459309220314 0 0.2256510108709335 0.8704570159316063 0 0.2945755273103714 0.4581713527441025 178.8576469346881 4.300456672906876 0.4450600445270538 0 0.2982032299041748 33.88489365577698 2.917384505271912 20.07342460751534 2.236567512154579 8.210722714662552 0.6928925514221191 0.8924358189105988 0.7398835420608521 0 0.4333103895187378 0 0 0.1290443986654282 0.6035133972764015 0 0.3207195401191711 224.4454893618822 44.56455280631781 65.7976185977459 856.7737421914935 18.09297167509794 287.8839140832424 121.1894034743309 284.4551910981536 61.66068480908871 2.103897266089916 43.57733086496592 113.690312281251 0.1882225573062897 13.52029127627611 2.093625396490097 218.3647318035364 0.4995998367667198 0.3166319131851196 0.9759844839572906 12.11053090542555 0 1876.636562667787 438.3800849243999
