240.0681613534689 2143.479901961982 1178.347583822906 1238.1937834993 62.22254976630211 205.3633828535676 72.0160169750452 13.92383076995611 4.351939976215363 399.4151188060641 17.23014030605555 4.774721696972847 6.826198220252991 6.46005991101265 0.7706042975187302 0.4016068205237389 0 0.1888522133231163 0 0.1317615509033203 0 0 0 0.2157155573368073 0 0.09063394367694855 0 0 0 0 429.7293628752232 4.984238892793655 0.7352455854415894 0.1506804972887039 0 0 0.5784114897251129 0.1263731718063354 0.2785400450229645 1.162319250404835 0.120644748210907 0.2464102506637573 0 0.8326118811964989 0.2561857253313065 0.1260033398866653 8.954664140939713 1.844904161989689 0 0 1.544852837920189 0 0.1127633675932884 0.1029297336935997 4.920668199658394 7.118619218468666 332.1300738081336 435.2944613099098 76.01763647049665 16.71842404454947 0 0.2355513647198677 0 3.210802465677261 7.303689025342464 3.521201692521572 2.082431584596634 0.9700389802455902 0 0.07802470773458481 0.5677988231182098 1.335816502571106 0 123.9585019722581 17.04542722553015 28.0911355689168 3.744169808924198 0.8961826339364052 0.2281372547149658 3.951076358556747 0 1.878041513264179 12.05401397496462 5.185622178018093 1.563447996973991 6.81728845089674 0 0 1.944599293172359 0.0924895778298378 0.7124633342027664 0 0.0936213806271553 0 0.1864658296108246 7.881351709365845 0 0 0 1279.43227802217 0 9.078079581260681 2.007263898849487 2.260196670889854 1.164078742265701 4.812833830714226 8.485846742987633 8.468171969056129 6.091994911432266 7.405562654137611 2.347281157970428 5.896283119916916 10.38709385693073 5.24609649181366 3.277625605463982 0 0 0 0 0 0 0 0 0 0 0 0 1.631526350975037 0 0.08684456348419189 0 0 0 0 0.1455185562372208 0 0 0 0 0 0.1091712117195129 0.9532287865877151 0 0 0 0 0 0 0 0 0 0 0 0 0 0 0 0 0 0 0.1201401278376579 0 0 1.142303675413132 0 0.5240774154663086 1.892688825726509 0 0 0 0 0 0 0 0 0 1.578611582517624 0 0 0 0 1.776477515697479 0 0 0 0 0 0 0 0 0.08708450198173523 0 0 0 0 0 0 0.422568142414093 2.039120197296143 0 252.6549900397658 6.10987164080143 70.53289256244898 3.411642201244831 1382.14055108279 10.43222329765558 6.251997098326683 1.532212063670158 1.360786080360413 0 0.5181615948677063 0 28.63209599256516 0 2.039541244506836 0 0 0 181.832880705595 8.590365707874298
2143.479901961982 1279.492405898869 1251.106301158667 3114.372594378889 855.5011378675699 327.2989531382918 3057.12735555321 436.8861912861466 898.8468490242958 3058.128484100103 829.5099159702659 130.3977512791753 1255.355722427368 2520.814714439213 41.86630914360285 23.62234622240067 3.361253261566162 0.3887075036764145 0.2689669281244278 1.145500801503658 0.6160209402441978 0 0.1542949825525284 0.3097695782780647 1.928815610706806 0.6857525631785393 0.08466777205467224 0.2116736024618149 0.3311153948307037 0.2106624990701675 1864.680069841444 49.85335683822632 14.73142644762993 0.7628176808357239 0.4004476815462112 0.3403674587607384 5.187472246587276 6.445397317409515 0.9528723433613777 1.902790047228336 0.4360328987240791 0.3141061142086983 0.6405725628137589 0.9690234586596489 2.286835223436356 1.281117118895054 239.3922567665577 19.22885558009148 0.31395323574543 1.414674803614616 12.96215672045946 0 1.880877494812012 0.4679350703954697 18.48392650485039 32.09159088879824 293.5677068158984 763.71325263381 149.2286325022578 174.0586847066879 1.138167999684811 7.170055136084557 0.6981403231620789 111.3719156160951 36.92095768451691 18.64003130048513 13.02537998557091 4.318171054124832 2.04903931170702 1.207812324166298 7.833353005349636 0.9853465259075165 0 464.5658153519034 163.1933529376984 370.5980346947908 114.3241390436888 18.72770801186562 2.127376563847065 60.48484051972628 1.230827078223228 10.98947551846504 51.96264646202326 4.769103154540062 10.30960182100534 34.98219599947333 2.496304325759411 0.7769986167550087 9.372561670839787 0.4670820906758308 6.490354120731354 0.3102480992674828 1.089054480195045 1.434200167655945 1.717558830976486 7.417573899030685 4.271708309650421 0.3306738138198853 3.050727069377899 1051.549832604825 2.48536429554224 10.83048997819424 4.590646132826805 5.306912571191788 7.207943469285965 63.36930719017982 18.42539897561073 25.64660336077213 80.74629533290863 28.38870918750763 14.373450063169 29.20158916711807 56.67439597100019 24.91557195037603 30.05941220372915 0.4050191268324852 0.4163297116756439 0 0 0 0 0 0 0 0 0 0.218969851732254 0.6438894867897034 0 0.5900215432047844 0 0.2339474558830261 0 0 2.057936295866966 7.975931569933891 0 0.7299935668706894 0 5.599613972008228 3.980289936065674 22.35643854737282 5.490277878940105 1.112949468195438 0.4381095170974731 0 0 0.4237512052059174 0 0 0 0 0 0.2456584274768829 0 0 0.666159376502037 0 0 0 0.09711885452270508 0.1400224715471268 0.8163598030805588 1.299044251441956 0 2.335812926292419 23.5104598030448 1.852501779794693 0.1650828421115875 0 0 0 0 0 0 0 36.16343608498573 0.6678565442562103 0 0 0 12.72611223906279 0 7.812563300132751 0.6382729485630989 0.4853086769580841 0.8270002007484436 1.324327856302261 0.9031999111175537 0 0.0859171599149704 0 0 0 0 0.433404415845871 0 8.434990048408508 5.287549048662186 7.544641762971878 559.0187793374062 40.23187117278576 769.004457347095 67.74859846383333 1216.592097431421 38.75472784042358 4.355521157383919 40.43122886866331 12.55825790762901 0.4079254120588303 2.432673081755638 0.2716033458709717 37.23196361958981 0.1569734960794449 3.049491405487061 0.4451641440391541 2.584754042327404 0 223.9549700543284 36.4027646034956
1178.347583822906 1251.106301158667 717.1457915827632 340.2407845631242 545.1070623546839 56.96369877457619 131.4141080230474 3643.915341466665 1079.39964722842 38.98637776821852 3398.772960729897 30.83835514634848 101.4173792377114 2277.864618577063 60.38872922956944 38.73925169557333 3.635049737989902 1.013805441558361 0.6831565126776695 1.993783205747604 5.915301576256752 0.220590278506279 6.224946841597557 4.544174015522003 0.9479250088334084 1.545740358531475 0.3233605548739433 1.021307408809662 0 0.2104037180542946 4709.933233231306 197.076113961637 93.70506800711155 3.813283272087574 3.69983634352684 2.271372854709625 12.81562420725822 19.94963409006596 4.08688173443079 3.756575301289558 2.886651694774628 2.20399372279644 1.158725939691067 1.146577231585979 2.906192123889923 3.3007448092103 129.1129226908088 8.801545850932598 0.6183235719799995 1.687844507396221 15.09144680947065 2.043528720736504 6.488567665219307 5.920986339449883 10.44806287437677 15.32335594296455 188.8005413338542 686.8157883957028 83.31032123416662 81.64541236311197 2.836722023785114 50.88919186592102 1.0365916416049 277.3579785525799 17.38071110844612 11.48759412020445 6.583245977759361 9.913281790912151 8.362017951905727 7.567320965230465 14.86186793446541 1.597208574414253 0.3530791029334068 245.6761697307229 126.7665644958615 213.635359749198 94.44239665567875 24.69757717102766 18.12272485345602 885.8860083445907 2.317972488701344 161.8001346588135 27.07481163740158 2.750158630311489 5.77786485850811 16.73725793510675 3.830274611711502 0.2569372206926346 2.824794046580791 0.1099367514252663 2.964271210134029 0.9548175409436226 8.431165501475334 3.280573070049286 6.07418592274189 13.63245841115713 3.864524953067303 0.1949745416641235 5.5045016258955 471.5969985052943 0.5283963680267334 1.76477923989296 1.219222337007523 0.8654073923826218 0.272533655166626 1.079968437552452 4.835451990365982 2.141746997833252 4.570978790521622 3.213055916130543 1.588549435138702 3.201450772583485 14.05604538321495 5.685518622398376 9.615144513547421 0.1651779413223267 0.1362321227788925 0.2377712428569794 0.1139890849590302 0 0 0.7015983462333679 0 0 0 0 0 0.2829949483275414 0 0.6010606959462166 0 0.5662351474165916 0.1084240525960922 0 0.1392838358879089 0.1600073426961899 0 0.9295958280563354 1.637606337666512 6.78884057700634 4.843999549746513 20.1218876093626 6.290200665593147 3.103257924318314 0 0 0.08770904690027237 0 0 0 0 2.206602185964584 0 0.1163226664066315 0 0.192482978105545 0.9633328318595886 0.4840382635593414 0 0 0 0 1.383423089981079 0 0.1638503670692444 0.9504788517951965 15.83076997846365 0.6166534125804901 0 0 0.2943143546581268 0.150751456618309 0 0 0 0 13.30722659826279 1.373131141066551 0 0.2198721170425415 0.340477779507637 4.174954213202 0.3648787438869476 3.82798308879137 0.4666464850306511 0.124201200902462 1.294643223285675 0.1032837331295013 0.5801608711481094 0 0 0.1152210086584091 0 0 0 0.4254326894879341 0 4.795337162911892 6.304931633174419 7.276805959641933 338.3995112478733 22.74363676458597 359.1706493869424 68.69455505162477 349.2970477193594 19.60938493162394 1.709668502211571 33.18460854887962 4.329117223620415 0 3.976402871310711 0.5585805624723434 8.264802232384682 0.553627073764801 0 0.1477676630020142 2.34097034484148 0.337468296289444 53.77337424457073 8.167258307337761
1238.1937834993 3114.372594378889 340.2407845631242 1224.215110443532 78.23457353562117 756.9948806613684 906.9795196354389 7.268654741346836 4.783514529466629 3247.357148885727 7.582609295845032 23.10483541339636 88.73686925321817 14.30918561667204 3.119430601596832 0.2443615421652794 0 0.08735997229814529 0.1058121621608734 0.1227462962269783 0.07968753576278687 0 0 0 0.4906447529792786 0 0 0.4926507174968719 0 0 53.66634023934603 2.744021132588387 0.1156469658017159 0.4551518559455872 0.09157809615135193 0 0.2207243964076042 0.6489682197570801 0.09436493366956711 0.2211625128984451 0 0 0.1300436109304428 0.3471744954586029 0.1851419135928154 0 28.44875019788742 3.434250950813293 0 0 2.192757695913315 0 0.1924022138118744 0 4.736487746238708 7.444609791040421 96.30843558162451 150.5500908792019 43.00357805937529 29.38227516412735 0.2161748334765434 0.1901440620422363 0 6.786933973431587 9.462032593786716 4.519852325320244 2.243744596838951 0.608250729739666 0.6593876630067825 0.1684644594788551 0.1740910261869431 0 0 112.3636702373624 21.4054788723588 55.72267653793097 10.06149189174175 0.5132539197802544 0.506728895008564 0.4097254127264023 0 0.3207067921757698 14.37835429608822 2.170474708080292 2.967607989907265 9.773523561656475 0.3388649895787239 0.2652656435966492 2.458541810512543 0 0.6609994396567345 0.3884447440505028 0 0 0.09721137583255768 5.779941514134407 0 0 0.1728788912296295 592.4777329489589 0.3989314287900925 7.114455118775368 5.585591271519661 6.746511280536652 1.02022647857666 32.02959112823009 30.4978351444006 9.069582313299179 26.82397355139256 16.23052604496479 5.117777600884438 22.14566823840141 19.18478134274483 7.794302701950073 11.11966606974602 0 0 0 0 0 0 0 0 0 0 0 0 0 0 0 0 0 0 0 0.975929319858551 1.580913662910461 0 0.8040228486061096 0 0.3897964209318161 0.7537034600973129 2.204621225595474 0.1047417148947716 0 0 0 0 0 0 0.200370118021965 0 0 0 0 0 0 0 0 0.2576461434364319 0 0 0 0.75957190990448 0.2318721413612366 0 0 3.004108071327209 0 0 0 0 0 0 0 0 0 6.359196826815605 0 0 0 0 3.363878428936005 0 0 0 0 0.4410870671272278 0 0.2757017016410828 0 0 0 0 0.1121941357851028 0 0 0 2.215392664074898 0.1658858209848404 0.1835614442825317 230.0519983544946 8.625823095440865 125.7601853013039 9.634502321481705 937.068039983511 8.881214819848537 1.834546610713005 2.690105602145195 5.409570917487144 0 0 1.287074089050293 39.50144420564175 0 0.6261659860610962 0 0.2780862748622894 0 230.7765302509069 12.86557239294052
62.22254976630211 855.5011378675699 545.1070623546839 78.23457353562117 950.5123558714986 14.62563591450453 771.2985876724124 486.797967992723 4415.550535008311 826.4069485515356 963.5357024148107 105.8040078505874 245.6137463226914 2392.300643347204 30.96056216210127 14.73091837018728 0.8673848286271095 0.4150750860571861 0 0 0.1142664328217506 0 0.1895936131477356 0.1047826781868935 0.6448041349649429 0.8852111622691154 0.180769607424736 0.3701384365558624 0.1173970028758049 0 54.84372495114803 9.64934304356575 9.946499265730381 0.1034251675009727 0.1530190855264664 0.2580637633800507 4.560109920799732 1.621551647782326 0.5354425013065338 0.4432326406240463 0 0.1702157855033875 0.200717456638813 0.9797096848487854 0.294248566031456 0.3314833790063858 98.22587148100138 3.045740388333797 0.5170610249042511 0.1865590587258339 3.256403118371964 0.3914960473775864 0.2208883613348007 0.2414112910628319 3.790359117090702 4.874413222074509 25.00414146482944 64.58507230132818 16.80193899571896 52.32903785258532 0.09971094876527786 5.647547625005245 0.1161880642175674 32.01199003309011 6.992963783442974 3.797086052596569 1.974380329251289 0.5850601568818092 0.9887965172529221 0.1041591912508011 4.800046108663082 0.1484215706586838 0 67.17782127857208 35.02969868481159 116.4339954853058 54.14447782188654 11.69011203199625 0.5943819656968117 14.31937670707703 0.3510440438985825 3.015634626150131 10.13923235237598 0.8406413570046425 1.754871375858784 5.841760717332363 0.3604446649551392 0.2702549174427986 1.773850247263908 0 1.317630775272846 0.1033964455127716 0.6082300022244453 0.09353327006101608 0.2266957089304924 13.55000723153353 5.283121436834335 0 2.721271932125092 15.16010780632496 2.659503944218159 3.524369984865189 2.265742003917694 0.9825971126556396 4.818347781896591 6.50455878674984 7.050914078950882 18.2634536921978 10.55532385408878 13.56787436455488 16.0089925378561 26.44652823358774 48.40081442147493 24.8093364238739 39.47375051677227 0.5758487582206726 0 0 0 0 0 0 0 0 0 0 0 0 0 0 0 0 0 0.1100700572133064 0.9151115417480469 2.502898424863815 0 2.115793466567993 0.2662586867809296 7.515598386526108 4.248206183314323 21.02465814352036 5.762550242245197 1.746708363294601 0 0 0 0 0.8625228703022003 0.2103552669286728 0 2.155622601509094 0.6807425692677498 0 0 0 0.5280639231204987 0 0 0 0 0.4241962507367134 1.740545019507408 0.7996435165405273 0 0.1893299221992493 27.47399488836527 1.676667064428329 0 0 0 0 0 0 0 0 36.96230915933847 0 0 0 0 11.65167191624641 0 4.874791748821735 0.98354172706604 1.499096989631653 1.316087298095226 0.1504279673099518 0.3848045170307159 0 0 0 0 0 0 0 0 12.42059738188982 5.528913855552673 7.152746997773647 211.6087221056223 9.910761594772339 246.4646368548274 30.69808527082205 104.4027183130383 10.95791078358889 0.6965770721435547 26.5332390666008 1.180677995085716 0 3.97749087959528 0.2175409197807312 9.234361201524734 0 0 0 1.347424492239952 0 85.24909875541925 27.20654539763927
205.3633828535676 327.2989531382918 56.96369877457619 756.9948806613684 14.62563591450453 57.76964020729065 21.8801229968667 1.172979235649109 6.130989298224449 731.0835533291101 2.17833836376667 140.4154766201973 64.74258847534657 32.55049049109221 0.358644150197506 0.246051125228405 0 0 0 0 0 0.199153944849968 0 0 0 0 0 0 0 0 20.47268938273191 0 28.27567593753338 0 0 0 31.40655393898487 3.131852753460407 5.096276342868805 0.8090433925390244 0 0 0 0 0 0 0.4185419678688049 0 0 0 0.3474585711956024 12.73363979160786 0.740718886256218 0 0 0.2109094634652138 104.8761156275868 5.472097881138325 6.0438092648983 0.3013893067836761 0 4.391912519931793 0 0 0.5184147208929062 0 0.1996219456195831 0 0.08685576915740967 0 154.5067474246025 258.4707038551569 5.835551962256432 4.092326194047928 0.3970006555318832 0.2877658680081367 0.1182376742362976 0 0 4.368863061070442 0 1.60328808426857 0.2304026037454605 0.2135842218995094 0 0.2063558623194695 0 2.034899801015854 0.735883466899395 5.03883096575737 0.3525079041719437 4.80064619332552 0.5955772697925568 0 1.779619768261909 520.4573436677456 285.9736232757568 1.08521094918251 53.31946074962616 477.8724587038159 0.1420991122722626 2.93724000453949 2.20554906129837 0 0.6160296201705933 5.974203407764435 10.36362010240555 4.812319681048393 2.361655801534653 7.699886053800583 0.3153828680515289 4.049751192331314 7.092038556933403 4.456348277628422 1.775838166475296 0.09811186790466309 0 0 0 0 0 0 0 0 0 0 0.3680793642997742 0 0 0 0 0.3860774710774422 0 0 0 0.7319792211055756 0 0 0 0 0.1527631133794785 2.001964181661606 0.1135366335511208 0.1572743952274323 0 0 0 0 0 0 0 0 0 0 0 0 0.3761661052703857 0 0 0 0 0 0 1.323219537734985 0 0 0.4603127837181091 0 0 0 0.2380581647157669 0 0 0 0 0 2.100675687193871 1.258535280823708 0 0 0.1841448396444321 2.702622547745705 0.6517390608787537 0 0 0 0 0 0 0 0 0 0 0 0 0 0 1.37775120139122 1.676667526364326 0.1631011068820953 66.74181345105171 0.5454134792089462 1.871213927865028 0.3459672629833221 191.2608758881688 2.418590366840363 0 0.2518201172351837 0.3942895978689194 0 0.3405737280845642 0 9.971086084842682 0 0 0 0 0.2877094745635986 76.79776881635189 11.88775259256363
72.0160169750452 3057.12735555321 131.4141080230474 906.9795196354389 771.2985876724124 21.8801229968667 712.1779419034719 96.16029180586338 1408.106287553906 3548.28465501219 244.7732146680355 384.3194649964571 4475.105847656727 2503.287585638463 12.92322374880314 5.514510169625282 0.4701147228479385 0.1004026830196381 0 0 0 0 0 0 0.3205645382404327 0 0.2426088005304337 0.1540803611278534 0.1126291900873184 0.1185710653662682 29.2018064185977 2.660865232348442 3.477318175137043 0.2036929130554199 0 0 2.623536363244057 1.326532654464245 0.7584729343652725 0.4100801050662994 0.09763230383396149 0 0 0.2973668724298477 0.2360782325267792 0.1984081417322159 70.04530671238899 4.044164322316647 0.2529663816094398 0.3834756314754486 1.823216669261456 0 0 0.5123071447014809 3.648252129554749 4.487377174198627 24.47769442945719 57.85190612077713 18.89448168128729 35.87401003390551 0.1102833524346352 5.618018619716167 0.09665044397115707 17.10410702973604 6.15247006714344 3.373570464551449 2.345841981470585 0.904078297317028 0.3220334723591805 0 3.358343817293644 1.081856489181519 0 67.44785948097706 24.38550914078951 75.94595490396023 27.08548499643803 4.609530873596668 0.645709902048111 3.360250383615494 0.2819034457206726 2.197271160781384 8.878922306001186 0.4317012205719948 2.017301931977272 7.045913487672806 0.2395029738545418 0 1.977707430720329 0 1.34090717881918 0.08401887118816376 0.2710337936878204 0 0.3519106134772301 15.81171593815088 5.225747138261795 0 1.521326988935471 19.56772386282682 4.949741899967194 7.749434679746628 15.01648260653019 29.42617626488209 8.489874631166458 78.54083275794983 14.10537841916084 33.4464068710804 122.6732292920351 38.92471896111965 10.93058542907238 107.0057447627187 66.22783199697733 21.49115826934576 25.13596678525209 0.1110052913427353 0.1285281777381897 0 0 0 0 0.1203354597091675 0 0 0 0 0.1781452149152756 0.4897113740444183 0 0 0 0.1351673901081085 0 0 3.807650685310364 1.415644839406013 0 0 0.5984027534723282 8.683351628482342 2.691193968057632 21.03748460114002 0.9275078773498535 1.062542773783207 0 0 0 0.5317539572715759 0 0 0 0.9050253108143806 0.2400878891348839 0 0 0 0.1945342570543289 0 0.7330463528633118 0.4402190446853638 0.4299230724573135 1.26171600818634 2.266445323824883 0.2259495109319687 0 0 22.28043550252914 1.947423622012138 0.2215232998132706 0.4232139065861702 0 0.1059401705861092 0 0 0 0 23.38281621783972 0.6567260399460793 0 0 0 14.83413477241993 0 6.941831186413765 1.636977531015873 2.541068747639656 3.088668197393417 1.402523458003998 0.3869870454072952 0 0.0962802916765213 0 0 0 0 0 0 9.112634241580963 1.628805741667747 4.30708921700716 138.0997231975198 10.48836120963097 215.8127248883247 20.90092981606722 157.515939950943 8.90272369235754 0.6751424595713615 19.1654801890254 6.01022070646286 0 6.705843344330788 1.305959932506084 16.77065875381231 1.040857672691345 0 0.5657098740339279 0.458251565694809 0 103.8927086219192 36.43167404085398
13.92383076995611 436.8861912861466 3643.915341466665 7.268654741346836 486.797967992723 1.172979235649109 96.16029180586338 1452.764386571944 448.415783405304 7.90325753390789 2417.424573369324 48.44529731571674 89.82423100620508 1264.967708021402 171.9701923504472 130.3742341548204 9.727901928126812 5.029761552810669 1.08503845334053 21.66004631668329 35.82030535489321 2.846752002835274 41.22984521836042 34.7032492980361 3.321035474538803 5.391752131283283 0.3634274676442146 3.689402885735035 0.2290084660053253 0.639181837439537 413.9644453451037 2381.965350359678 131.9970675632358 62.51652674376965 32.79453062266111 5.823604516685009 33.47133704274893 37.62733414769173 7.08995221555233 7.01995737105608 7.484482660889626 7.98452515900135 14.32309801131487 13.09631307423115 22.6873592287302 31.29198413342237 301.6047206521034 4.896615363657475 4.015113227069378 14.5386034026742 33.82134740054607 4.206657931208611 7.90202821791172 9.811919294297695 1.451808840036392 2.512279599905014 19.29736571758986 99.65016502887011 15.40897723287344 72.11336340755224 85.62624852359295 240.511801071465 26.65047510713339 569.9892554208636 3.627646587789059 14.131861127913 5.267826803028584 39.36465610563755 81.16937512904406 36.02531166374683 36.10764338076115 1.2160759344697 0 58.16801022738218 96.15459303557873 212.4344671964645 329.0857817307115 281.2639228627086 1740.197520896792 977.868557959795 56.51026090979576 1032.387122012675 5.67179149389267 0.5526031032204628 5.493751846253872 2.964144386351109 19.49759736657143 0 1.088395267724991 0.6249917820096016 2.902960650622845 3.275305114686489 42.56961681693792 7.230454042553902 11.62973878532648 15.62679581344128 4.133802510797977 1.907285839319229 9.197451420128345 7.886477053165436 0.5279498621821404 0 0.9183810949325562 1.492401480674744 1.601204812526703 0 0 0 0 0.7596570700407028 2.569225072860718 2.735725268721581 7.368422865867615 3.170690268278122 8.112754568457603 0.2465053871273994 0.09483781456947327 0 0 0 0 0.6520161032676697 0 0 0 0.389798492193222 0 1.659170433878899 0 0.3439560681581497 0 0.7910942584276199 0.2776782512664795 0.5958408564329147 0 1.141059204936028 0 0.5391697585582733 0.2825900167226791 3.462932765483856 7.277071394026279 14.08192639797926 8.502374745905399 2.792710363864899 0 0 0 0 0.1495644301176071 0.2356973513960838 0 1.658181607723236 0.6288854032754898 0.1375737637281418 0 0.3753249943256378 1.711174808442593 1.354119226336479 0.3997292816638947 0 0 0 0.1463587135076523 0 0 2.433202423155308 13.89566938579082 1.498136460781097 0 0 0 0.2193595618009567 0.1036114543676376 0 0.226245105266571 0 10.95533438771963 2.548356562852859 0.3023615777492523 0 0.8687653839588165 5.486637592315674 0.7484339475631714 2.499904699623585 0.1591240465641022 1.662640333175659 1.654019311070442 0.1645826399326324 0.7383596450090408 0 0 0 0 0.2651545405387878 0.1005604267120361 0.3204105421900749 0 1.943200647830963 7.109390534460545 10.61924990266562 645.8329615369439 24.92152228206396 551.7544656246901 149.844162337482 97.05941381305456 31.26593066006899 0.930783823132515 94.83094454556704 9.020220294594765 0.110138513147831 3.20993722230196 1.009342908859253 3.802755206823349 0 1.674054741859436 0.7718567848205566 8.546520918607712 0 17.01416120678186 11.28941188752651
4.351939976215363 898.8468490242958 1079.39964722842 4.783514529466629 4415.550535008311 6.130989298224449 1408.106287553906 448.415783405304 354.546711742878 297.8802878558636 557.6506936177611 123.5531243234873 898.8044269606471 848.7026413530111 27.659722648561 17.9028420522809 0.6410386189818382 0.09634862095117569 0.08847527951002121 0.1980551034212112 0 0 0.248032733798027 0.3255314379930496 0 0.1500377357006073 0 0.2360857427120209 0 0.198005311191082 32.80561512708664 4.727696239948273 20.80178394913673 0.5235297158360481 0.6461332365870476 1.362411871552467 8.569815762341022 6.566659800708294 2.564067840576172 1.368741631507874 0 0 0.3184078857302666 0.497487761080265 0.2168191894888878 0.7592272460460663 62.60814268141985 1.323047935962677 0.3259651586413383 0.3172302097082138 0.8365204632282257 0 0.5820351839065552 0.7477628141641617 0.5586769431829453 1.43295730650425 6.351631239056587 16.40200256556273 4.98140836507082 25.52286457270384 0.3068062961101532 10.77084658294916 0.1675179153680801 9.886046215891838 1.90306556224823 1.648917503654957 1.237803608179092 0.4990659207105637 0.4495863392949104 0 10.59985102713108 0 0 22.48608792573214 13.10038933157921 61.34346883744001 35.50394305586815 12.60767057538033 0.09959139674901962 41.1629903614521 0.1416561752557755 7.239065684378147 2.743848517537117 0.2260024324059486 1.505663111805916 1.497913978993893 0.1896814182400703 0 0.2681353613734245 0.1175014600157738 0.4413572028279305 0 0.09914038330316544 0.1424268633127213 0.08565163612365723 19.31797079741955 4.92469385266304 0 5.963832512497902 4.597324676811695 2.313975393772125 3.824158430099487 1.753357402980328 0.3660041391849518 2.887573838233948 5.306626379489899 12.8689237087965 14.93444991111755 12.15856203436852 11.16436737775803 15.55432510375977 29.52618085592985 50.80316607654095 19.93237894773483 44.19795901328325 0.5069090202450752 0.2311470583081245 0 0.2838878482580185 0 0 0 0.449541300535202 0 0 0 0 0.2354194968938828 0 0 0 0 0 0 4.569351851940155 4.0735023021698 0 1.050674557685852 0 10.73055938631296 9.64613538980484 35.6219719350338 6.13506580889225 1.962525770068169 0 0 0 0 0.3184137418866158 0.9520391747355461 0 0.4342596083879471 0.3324639499187469 0 0 0.3506385385990143 0.873716227710247 0 0 0.3248489797115326 0 0.1354377567768097 0.9455967620015144 0 0 4.490706078708172 32.99912149459124 2.380347460508347 0 0 0 0 0 0 0 0 53.55452106148005 0 0 0 0 22.82097145169973 4.930160492658615 6.919570200145245 0 1.746865816414356 0.9124902114272118 1.189009010791779 1.219366282224655 0 0 0 0 0 0 0 0 16.40946896374226 12.74894794076681 12.18366768211126 175.8851018249989 5.864879317581654 144.6487516909838 29.07537417858839 54.70443583279848 6.389967739582062 1.250514358282089 30.56495679914951 3.795794419944286 0 3.213729925453663 0.4226432293653488 2.182405352592468 0.3901062309741974 0 1.267557576298714 0.7642404437065125 0.872026652097702 72.16682712733746 31.59235075116158
399.4151188060641 3058.128484100103 38.98637776821852 3247.357148885727 826.4069485515356 731.0835533291101 3548.28465501219 7.90325753390789 297.8802878558636 3803.304335124791 29.33534946292639 2498.62332379818 3204.578879930079 872.3589093536139 6.722157642245293 2.002839051187038 0.2770641669631004 0 0 0 0 0 0.0996980220079422 0 0.8332478851079941 0.8084324598312378 0 0 0.1956602483987808 0.1138734519481659 18.34247130155563 0.8219958543777466 40.50822242349386 0.09967777878046036 0 0.3599715903401375 16.11381348967552 4.075464390218258 1.064002573490143 1.135737076401711 0.0976976603269577 0.6180475950241089 0 0.465857170522213 0.2069795429706573 0.3764283806085587 59.46103292703629 3.941917560994625 0.1943404674530029 0.2426818534731865 1.652158334851265 0 1.530028834939003 0.4098324999213219 4.909747891128063 8.110513977706432 67.52225567400455 63.40175357460976 24.67988843470812 34.08358713984489 0.2077004611492157 3.656758800148964 0.3044291883707047 7.481600008904934 8.122034527361393 3.90513451397419 1.485632911324501 0.5098463818430901 0.5611946582794189 0 116.4220697432756 0.4776715934276581 0 80.82173067331314 22.3517177850008 57.17943258583546 19.6564873829484 3.889020912349224 0.4023494273424149 1.871693782508373 0.2074719741940498 0.578457847237587 9.636104397475719 0.2953410297632217 1.901104465126991 6.991682484745979 0.1739208698272705 0.3122994527220726 1.58470356464386 0 0.4289342537522316 0.2952384725213051 0 0.2757689505815506 0 590.6891388744116 33.02410613745451 1.263447761535645 4.908291213214397 510.7232236564159 11.9326349645853 33.07371544837952 27.62231227755547 27.74011005461216 22.1824588701129 61.07535906136036 142.9046375453472 127.2394982799888 140.6038956940174 140.5592193752527 78.33301208168268 235.4379574581981 318.37321896106 147.6499036923051 172.2674063071609 1.307857491075993 0.4678002446889877 0 0.2185738980770111 0 0.10783701390028 0 0.1487888842821121 0 0 0 0.3168993443250656 0.3459441959857941 0 0.5625224113464355 0 0.1435178518295288 0 0.1138272881507874 8.802916005253792 19.0434495434165 0 0 0.874337375164032 18.63577664643526 6.489895716309547 64.92557585984468 9.374543517827988 1.982381641864777 0 0 0 0.5811997652053833 0.3137135058641434 0.08298496901988983 0 0.8030858188867569 0.9180216789245605 0 0.3648378700017929 0 0.612110361456871 0.1851400285959244 0 0.2237113565206528 0 1.925598233938217 3.303604751825333 3.777893394231796 0.8364150524139404 0 82.226109623909 8.823054321110249 0.1214176863431931 0 0 0 0 0.1073056310415268 0 0.09155315160751343 136.4028902053833 1.919269353151321 0.2042230218648911 0.2034115344285965 0 63.61095434427261 3.257670827209949 11.57215502113104 1.225050531327724 3.094409853219986 6.411863975226879 0.8751553744077682 1.160183452069759 0 0 0.0980016365647316 0 0.1195528954267502 0 0 0 55.92783381044865 9.171085931360722 9.469650149345398 475.5941807553172 9.878507532179356 232.316613227129 23.96691609174013 878.9607012197375 10.37989696860313 0.1325959712266922 27.70450385659933 29.77890586853027 0 8.231598228216171 3.045500129461288 136.3404826372862 0.7194016575813293 0 0.2848056256771088 0 0.3661932647228241 1192.686682716012 304.3912233933806
17.23014030605555 829.5099159702659 3398.772960729897 7.582609295845032 963.5357024148107 2.17833836376667 244.7732146680355 2417.424573369324 557.6506936177611 29.33534946292639 1065.349676840007 253.5999376475811 611.0526810064912 2304.234980963171 52.77991450577974 45.57676924020052 1.475993484258652 0.6478897109627724 0 0.5726766809821129 5.138204403221607 0.8837786912918091 2.865114465355873 3.362051755189896 0.5089238956570625 1.506164349615574 0.1347838938236237 2.036458365619183 0.4698452427983284 0 79.18654172867537 158.3229601234198 280.9020507112145 3.505160063505173 1.960368685424328 2.670084871351719 82.7454165443778 21.08176480233669 8.697043195366859 4.758550636470318 2.955470383167267 1.657104149460793 1.19993994385004 1.890507020056248 1.585422217845917 0.7493025436997414 104.4743504077196 1.486466348171234 0.2926144823431969 0.8876453340053558 6.322392024099827 1.429680317640305 7.682084009051323 6.37654809653759 0.2267249673604965 0.9680922701954842 6.743837840855122 19.93263478577137 7.047508180141449 25.5916663184762 1.34240910410881 31.06103823333979 1.233116485178471 18.8249501734972 1.76458302885294 2.083677709102631 2.056169360876083 2.503453560173512 4.322373323142529 2.998717427253723 117.627802580595 2.073191955685616 0.5809910893440247 20.77827803790569 18.61578278243542 71.29601476341486 68.6935061737895 30.76979092508554 20.5454076230526 358.421160005033 1.135223768651485 66.70936000347137 3.343901388347149 0.3026560917496681 0.5548310428857803 1.202188760042191 1.719124786555767 0 0.2893901094794273 0.1257841736078262 0.9806459099054337 0.6069231405854225 3.949017956852913 3.057372890412807 4.031694978475571 29.87631440162659 4.076906159520149 0.173096626996994 9.945546478033066 7.65039798617363 0.824844516813755 0 0.8411097750067711 0 0.7544102370738983 0.8183446824550629 2.1231519728899 3.281270697712898 1.802048712968826 1.364073872566223 9.654038742184639 7.116752438247204 18.23926271498203 9.33882886916399 11.972168199718 0.3039426356554031 0 0 0 0 0 0 0.1689059436321259 0 0 0.2940698266029358 0.390709176659584 0.4631427824497223 0 0.1261759698390961 0 0.1021711602807045 0.4338760673999786 0 0.7189568132162094 2.512775793671608 0.09491103887557983 0.1173179522156715 0.2436425238847733 7.112252689898014 6.593355037271976 27.12063720822334 6.746707260608673 2.051434621214867 0 0 0.2641997337341309 0.364305853843689 0 0 0 0 1.137812703847885 0 0 0 1.477038234472275 1.284141361713409 0 0.3960663452744484 0.0977289155125618 0 0.407554067671299 0 2.363852366805077 2.64177417755127 21.2181254774332 0.9629841148853302 0 0 0 0 0.1240811347961426 0 0 0 21.53841850161552 0.6836522221565247 0 0 0.2055377215147018 11.5286043509841 1.912091061472893 7.725662566721439 0 0.5818440616130829 0.7678413093090057 0.5649189949035645 0.08359716087579727 0 0 0.3230516314506531 0 0 0 0.1043397858738899 0.3929374814033508 6.754458896815777 11.17136060446501 11.1142783164978 303.6638671606779 10.33617090433836 234.1528335437179 60.93827222287655 53.68994129449129 12.06778418272734 0.5319721102714539 44.38236369937658 4.936810582876205 0 2.330889955163002 0.1684131622314453 1.164137288928032 0 0 0 2.296554923057556 0 15.63296018540859 9.755873180925846
4.774721696972847 130.3977512791753 30.83835514634848 23.10483541339636 105.8040078505874 140.4154766201973 384.3194649964571 48.44529731571674 123.5531243234873 2498.62332379818 253.5999376475811 498.6400827020407 1451.175123780966 1102.254722118378 16.3294136300683 12.03383632749319 0.4525914490222931 0.1357454061508179 0 0 1.387647189199924 2.26606984436512 1.344500176608562 0.561207540333271 1.266091071069241 1.895307391881943 0.2067880630493164 1.363807454705238 0.3861357271671295 0.09301163256168365 0.7778471782803535 1.329303659498692 271.9047962129116 0.5540689826011658 0.57572191208601 0.781176283955574 335.9029424712062 29.77341239154339 22.21594599634409 11.16909843683243 0.9768014550209045 1.873864911496639 0 0.3778436332941055 0.1230016648769379 0 18.53380087763071 0.1909797936677933 0.351267546415329 0.2753538712859154 1.833677686750889 1.975674077868462 19.80282676964998 11.18818793445826 0.1599018424749374 0.2772810757160187 3.608562611043453 0.8526826947927475 1.269645385444164 2.428320325911045 0.3968032598495483 24.91898560523987 0.1185146197676659 1.836426332592964 0.2775760889053345 0.8684396594762802 0.3178105801343918 1.6348956823349 2.029310382902622 1.132039003074169 398.1582837104797 3.317716784775257 0.1710778772830963 2.710626386106014 0.5178604871034622 8.523090444505215 6.158092856407166 3.975551702082157 0.3120523393154144 106.8449378758669 0.116529107093811 8.412904568016529 0 0 0.2225141897797585 0.2838078215718269 0.3781571239233017 0 0.0855531319975853 0.1651508212089539 0.1474063247442245 0.6019629240036011 1.566980235278606 1.391684986650944 2.713834300637245 1122.991750255227 26.03118072450161 0 57.80932395905256 38.35870014131069 7.859365038573742 7.035593934357166 8.656714156270027 3.967335164546967 16.09326249361038 19.42674765735865 40.87593759596348 50.38454489409924 42.05060518532991 46.65094108879566 50.84541916102171 97.5335793569684 162.5488409698009 77.60881894081831 156.4713911116123 2.504274390637875 0.9455448985099792 0.1521523892879486 0.5856646224856377 0 0 0 0.3022659122943878 0.1261021047830582 0.3453718945384026 0.4217382371425629 0.2423650324344635 2.063440747559071 0.2129772454500198 0.8819974884390831 0.6257641315460205 1.692388609051704 0.1945354044437408 0.2431380376219749 9.847893789410591 8.828223183751106 0.8977547734975815 2.942033089697361 3.085482358932495 51.03193052858114 24.66177117079496 136.3154945969582 28.2855037599802 6.170754753053188 0 0.1352617889642715 0 0.1820796877145767 0.5306647717952728 0.4257495254278183 0.1394047141075134 0.2882522717118263 1.484864123165607 0 0 0.2171364277601242 3.721784830093384 0.4016152545809746 0.1856506019830704 0.5420050770044327 0 3.213572710752487 5.856153137981892 0.2041098028421402 1.069638796150684 6.958488680422306 138.3352280855179 8.066164329648018 1.124614953994751 0.9395299255847931 0 0 0.1929567530751228 0.1028518006205559 0.1499593257904053 0.1036290377378464 190.0882117152214 2.478510372340679 0.3968153595924377 0 0.1686025410890579 74.52117855846882 1.65361750125885 19.47777201235294 1.627850130200386 2.880657255649567 5.854701235890388 4.491023264825344 1.471583135426044 0 0 0.1243628486990929 0 0 0 0.1482432335615158 0 60.80838857591152 26.25188568979502 33.04187245666981 185.2409327626228 3.973396874964237 73.71948068588972 21.43452096730471 94.46045643091202 2.983631387352943 1.475506991147995 15.81058064103127 12.97088578343391 0.1194195374846458 13.68544463068247 3.753000572323799 40.26520499587059 1.331932663917542 0 0.2705903127789497 1.593206599354744 0 573.1926508620381 162.4100232645869
6.826198220252991 1255.355722427368 101.4173792377114 88.73686925321817 245.6137463226914 64.74258847534657 4475.105847656727 89.82423100620508 898.8044269606471 3204.578879930079 611.0526810064912 1451.175123780966 4152.530097037554 6889.499849572778 22.13677807897329 15.2809790968895 0.6900816783308983 0.2125082388520241 0 0.2205274775624275 0.8310404196381569 0.5603329539299011 0.949793815612793 0.7741068005561829 0.8012645691633224 1.00619825720787 0 2.083462670445442 0.3783181756734848 0 6.015283949673176 1.60413633286953 769.3534833043814 0.6749465987086296 0.7708799615502357 1.668771333992481 551.8816020041704 40.84910500794649 16.26806151121855 10.47384452074766 0.5485438406467438 1.438884422183037 0.5623372197151184 0.7765207588672638 0.7649250626564026 0.4016866981983185 44.1591065004468 0.4306108802556992 0.2719210386276245 0.8677525669336319 2.381211049854755 3.573204353451729 16.34423137456179 6.600264184176922 0.5625110045075417 0.5189792290329933 5.659628264605999 12.00889082998037 3.975518070161343 10.18397037684917 0.7860611602663994 14.24178026616573 0.1374253630638123 5.378142386674881 1.405147925019264 1.232838295400143 0.3924794942140579 1.975813388824463 1.068680427968502 0.8730680420994759 525.3980641812086 2.746127337217331 0 11.90240167826414 6.918901145458221 30.638432264328 19.60012046247721 7.849211901426315 0.2499169856309891 147.8817227184772 0.2262070626020432 8.702361725270748 2.739722229540348 0.08182727545499802 0.6940096169710159 1.245115101337433 0.7097772732377052 0 0.7508454993367195 0 0.2547656074166298 0.3847255110740662 1.0349026247859 0.8709778934717178 1.740461550652981 483.3155717998743 18.38350059092045 0.4267863929271698 32.47754617780447 25.26764244586229 8.790389202535152 5.073224909603596 7.995194904506207 1.57980614900589 20.2206171900034 20.79291082918644 27.08109192550182 37.88665989041328 31.03406588733196 44.66366985440254 59.62500862777233 87.65738905966282 154.0912614315748 80.28409712761641 128.8345737978816 1.873457074165344 0.4037102684378624 0 0.6788466796278954 0 0.09775076061487198 0 0.2846323102712631 0 0.2650296986103058 0 0.5961050987243652 1.970287755131721 0 0.3944995924830437 0.4771926999092102 0.4587903395295143 0.3337208330631256 0.3806281462311745 12.08629895746708 11.8177305907011 0 3.599358752369881 2.96458350867033 36.47637354582548 23.94564089179039 113.8038200363517 19.59367720037699 4.684781029820442 0.730067566037178 0.1419120579957962 0.1970003098249435 0 0.3143677935004234 0 0 1.022967301309109 1.89935602247715 0 0.2962437868118286 0.1845157295465469 1.990912780165672 0.3098523989319801 0.3063328862190247 0.2158147692680359 0 0.816309429705143 3.830867797136307 0 0.6965475156903267 5.02224837988615 123.478406868875 3.937108568847179 0 0.09119398146867752 0 0.1602150648832321 0.1864490061998367 0 0 0 150.7544925808907 2.49042022973299 0.1305833160877228 0 0.3234453946352005 67.74299517273903 1.194905430078506 18.61856523156166 1.168543949723244 3.502501241862774 6.014887750148773 2.459586672484875 1.0606669485569 0 0 0.09435813874006271 0 0 0.09182065725326538 0 0 50.75678494572639 24.04767346382141 25.45623908936977 219.8777178898454 8.576942890882492 118.3280994147062 35.00224662572145 87.9473834708333 6.541556477546692 0.2859463393688202 26.57332699745893 11.17807857692242 0.3070482090115547 11.97929355502129 3.547099240124226 45.3220441415906 1.885126411914825 0 0.4658224061131477 1.679439395666122 0.1069206222891808 417.6414319127798 135.1153923347592
