96.68006041646004 1693.586809232831 637.6430890187621 2038.788012638688 182.0369725376368 93.88547641038895 237.7129726186395 75.90700338035822 69.52671673893929 1337.357869252563 476.3615770414472 12.22891609370708 59.59716423600912 260.4683693349361 1.390296772122383 0.749544121325016 0.2989122644066811 0.1296716183423996 0 0 0 0.2498734444379807 0 0 0.268498569726944 0 0 0.1169658526778221 0 0 212.275196954608 36.61243835091591 1.820404075086117 0 0 0 4.267062604427338 0.1537431478500366 0.3036936521530151 0 0 0 0.09684197604656219 0.148632287979126 0 0 10.59507731348276 2.409114390611649 0.4369286447763443 0.1395173072814941 0.3132956922054291 0.3144447505474091 0 0.1037017479538918 4.796732015907764 15.12124444544315 300.8419103547931 174.0649979487062 87.29602487385273 24.17515491694212 0 0 0 0.9503387436270714 14.97337821125984 7.482166513800621 0.9065918698906898 0.7697410359978676 0.1247787103056908 0 19.36365912854671 15.15624891221523 0.7479569911956787 157.889278024435 3.489579252898693 6.8490055128932 0.2308106049895287 0.2938676923513412 0.2218833342194557 41.34070996195078 0.1228694766759872 0.3617983758449554 18.47618609666824 0.2445867881178856 8.409343786537647 12.23728006333113 1.563457056879997 0.4014769792556763 0.8884398490190506 0.4540017992258072 0.2089481130242348 0.1752850264310837 0 0 0 40.92235384881496 13.82466584444046 0.4530246555805206 3.261218965053558 970.5718597769737 0 11.94377613067627 3.593597292900085 8.483278751373291 0 13.02961541712284 4.726856052875519 0.7842156812548637 19.26688557863235 9.180672645568848 1.147688508033752 9.830553516745567 29.24948886036873 10.91153413057327 3.111244007945061 0.4986870735883713 0.1200192868709564 0 0 0 0 0 0 0 0 0 0 0 0 0 0 0 0 0 0.1441780030727386 0 0 0 0 13.75853571295738 0 5.132759973406792 2.621874809265137 0.1103950068354607 0 0 0 0 0 0 0 0 0 0 0 0 0 0 0 0 0.314893901348114 0 0 0 0 0 4.155612334609032 0 0 0.2985637784004211 0 0 0 0 0 0 38.498909547925 0 0 0 0 3.572886556386948 0 2.741282939910889 0.1765213161706924 0 0.2852187156677246 0 0 0 0 0 0 0.2103347182273865 0 0 0 16.94251234829426 8.102272301912308 6.21686951816082 315.6375697478652 1.892964370548725 96.15126029402018 14.38233762234449 781.2577539011836 2.606487080454826 3.795806065201759 8.218403942883015 0.2735236585140228 0 1.988251537084579 0.2331213727593422 40.45025765895844 0 0.32072713971138 0 0 0 221.0839194506407 10.33826001733541
1693.586809232831 1388.814091585577 862.2754766345024 1067.935703210533 1923.593178525567 46.09513057768345 1935.026540026069 148.0182209685445 1087.012685090303 350.9801676645875 1036.700238265097 49.37883406877518 511.2065099179745 1212.651937440038 24.14026421308517 4.917728327214718 1.042889229953289 0.6026870384812355 0.4878798350691795 0.08983425050973892 0 0 0 0.231120727956295 0 0 0 0.1056775152683258 0 0 495.2427812367678 15.73223023861647 4.321817345917225 0.218011699616909 0.1456321775913239 0 4.702019281685352 0.9851801693439484 0.09465207904577255 0.1071067079901695 0.2219211012125015 0.1590825766324997 0.3140051066875458 0.485352985560894 0.1189129203557968 0.5067721754312515 142.2388682439923 12.54717022180557 1.206067189574242 0.1121053770184517 0.4714892506599426 0 0 0.1314662992954254 14.76994893699884 58.79729980230331 164.7376227453351 278.1540962904692 148.7968973815441 122.0265243425965 0.09554086625576019 0.2723729014396667 0 37.77158187329769 45.58787813037634 37.25540316104889 1.301353067159653 2.771042488515377 0.1546269059181213 0.1150447130203247 8.257872670888901 0.4282521903514862 0 421.1609666347504 39.21458669751883 134.7221570089459 13.86096678674221 10.83764499425888 0.5310700982809067 24.57565230876207 1.022249884903431 1.422409512102604 65.72250063717365 0.7779120281338692 47.66311250627041 50.74841037392616 8.540984377264977 0.7025962322950363 6.51013708114624 0.2755199745297432 0.6612358391284943 0 0 0.3220593258738518 0.5895702540874481 12.41971999406815 1.752229698002338 0 0.4858214557170868 836.958066649735 0 0.970389187335968 0 0 0 52.9253671169281 0 2.137183755636215 4.323182716965675 1.802930042147636 0 2.551580771803856 5.82176773250103 4.828965589404106 1.687837690114975 0 0 0 0 0 0 0 0 0 0 0 0 0.1089731752872467 0 0 0 0 0 0 1.998876333236694 0.2374945133924484 0 0 0 2.731654293835163 0 2.060631766915321 1.167095094919205 0.18064284324646 0 0 0 0 0 0 0 0 0.1136939972639084 0 0.09037312120199203 0 0 0 0 0 0.4874719604849815 0 0 0 0 0 2.030694186687469 0 0 0.2256823480129242 0.1201131418347359 0.09773101657629013 0.2632034197449684 0.3005838096141815 0 0 10.89423927664757 0 0 0 0.1130401268601418 0.8107503056526184 0 2.328285276889801 0 0 0 0 0 0.2438032105565071 0.2395776361227036 0 0 0.3953360393643379 0.3627293631434441 0 0 7.398426443338394 2.913866698741913 1.024392865598202 191.7475538998842 9.280696675181389 608.5130458921194 53.15321556478739 239.0295072197914 19.43450503796339 1.99564266204834 14.09958539158106 1.508450530469418 0.2419279217720032 0.1687740832567215 0.3127451837062836 0 0 0.3445967361330986 0.4433519095182419 2.413262888789177 0 158.1543549224734 4.382829122245312
637.6430890187621 862.2754766345024 565.1017178669572 46.19568237662315 563.1760225966573 3.043975658714771 129.2606650516391 555.3655397370458 523.5724320933223 11.84053771197796 4035.65385799855 68.88359794020653 580.3576882258058 1911.656238645315 23.7561106979847 19.49892427772284 1.944358125329018 0.2377066016197205 0.2930874079465866 2.313638001680374 1.782393351197243 0 1.003712810575962 0.5582408010959625 1.016035228967667 0.360238641500473 0 0 0.4466490149497986 0.1319446265697479 1770.841447234154 218.3743151649833 41.81086944788694 0.6150567382574081 0.1062843278050423 1.144817501306534 34.36816912889481 8.543523550033569 4.265376649796963 1.175025910139084 0.2036550939083099 0 1.336827002465725 2.594087332487106 0.2090085819363594 0.3516837954521179 93.54148319363594 12.22335556894541 0.4957091212272644 0.975122906267643 0.9016976729035378 0.7055892199277878 0.9700342640280724 0.2262124717235565 9.500048667192459 39.17219406366348 239.8776746615767 783.4054445549846 155.0051934048533 101.4288664162159 1.020999498665333 3.51803258061409 0 233.7064460143447 39.97591608017683 33.687351167202 4.399633981287479 7.983587324619293 6.077273637056351 2.361075818538666 22.86173601448536 0.6135422140359879 0 461.8247348964214 51.7672551125288 113.7162432000041 16.10048038512468 15.98329408466816 3.258344449102879 864.7564628347754 4.546071998775005 67.92843560129404 56.17982859909534 0.08989407867193222 37.31576820462942 37.57970429211855 8.966238372027874 0.2577393800020218 4.239299319684505 0.5485459864139557 1.552601672708988 0.2115580812096596 0.6429415345191956 0.6652967035770416 0.812587134540081 10.314627841115 4.077566683292389 0.5801929235458374 2.286201342940331 664.4900464117527 0 0 0 0 0 1.372933387756348 0 0 2.388917684555054 0 0 1.068024277687073 4.024393290281296 0.9391832500696182 1.157454490661621 0 0.1112063378095627 0 0 0 0 0 0 0 0 0 0 0 0 0 0 0.2150860726833344 0 0 0.1205869764089584 0 0.1183698326349258 0 0 2.090218923985958 0 6.070616148412228 5.248547106981277 0.3857862800359726 0 0 0.1808085143566132 0.1223271787166595 0 0 0 0 0.1638806015253067 0 0 0 0.4117099344730377 0 0 0 0.8042442798614502 0 0.1516742706298828 0 0 1.10496723651886 1.127969905734062 0.1283441036939621 0 0 0 0 0 0.1284991204738617 0 0 7.581530943512917 0 0 0 0 1.154744237661362 0 0.3744923770427704 0.2861367911100388 0 0.09256701916456223 0 0 0 0 0 0 0.6495935544371605 0 0 0 1.712796747684479 4.664211697876453 8.023046441376209 80.83100065588951 7.290864959359169 318.6471857726574 38.13106867671013 40.65558310598135 6.782895892858505 1.707723677158356 9.423618957400322 0.4568474590778351 0.1748944818973541 1.831099048256874 0.6795533448457718 0.4993798732757568 0 0 0 3.064496845006943 0 88.37323208898306 2.768537074327469
2038.788012638688 1067.935703210533 46.19568237662315 74.98499047011137 266.589564524591 785.2708962634206 541.7932622134686 6.518222212791443 9.841296374797821 703.1578780859709 21.93752480298281 95.37002575397491 428.4038753136992 36.26072152704 2.139426186680794 0.8582707718014717 0.1353758573532104 0 0.108554370701313 0 0 0 0 0 0 0 0 0 0 0 15.50336267054081 2.718824803829193 0 0 0 0 0.0972970724105835 0 0 0.1654558926820755 0 0 0.2691006734967232 0.08033063262701035 0 0 38.28268026560545 3.242441467940807 0.5977583825588226 0.1454077064990997 0 0.1330266147851944 0 0 6.765750721096992 22.56810360401869 92.2276233881712 76.34176614135504 58.26871621608734 33.41638853400946 0 0.0926663875579834 0.1369463950395584 3.672824993729591 15.71203259378672 10.81865260004997 0.7377286031842232 0.692814938724041 0 0 0.7971808761358261 1.01674947142601 0 151.5143863782287 9.131540521979332 23.64360870420933 1.979279406368732 0.3624670282006264 0.1667280048131943 0.1049826219677925 0.3593813106417656 0.09386789053678513 24.22185257822275 0.1011548712849617 16.77119909971952 20.19326109439135 1.920446552336216 0.2863923981785774 1.973155908286572 0 0.5094034746289253 0 0 0.3255368769168854 0 1.940522491931915 0.3855356127023697 0 0.3406932279467583 614.3836288303137 0 12.0964547097683 23.82514134049416 40.57849150896072 0 108.8711988776922 6.247530579566956 84.72690373659134 13.21495282649994 5.881098508834839 0 28.70999740064144 14.42826886475086 6.060935944318771 0.4148863554000854 0 0 0 0 0 0 0 0 0 0 0 0 0 0 0 0 0 0 0 1.652983725070953 0 0 0 0 6.573117434978485 0 1.629030406475067 1.67905580997467 0 0 0 0 0 0 0 0 0.15720134973526 0 0 0 0 0 0 0.2844849228858948 0 0.2584692761301994 0 0.5363277271389961 0.2065496444702148 0 0 4.824709296226501 0 0 0.1313379257917404 0.2110717296600342 0 0 0 0.1012712270021439 0 17.47292441874743 0 0 0 0.211311861872673 1.643045514822006 0 2.0336744338274 1.128997646272182 0.1383440643548965 0 0 0 0 0 0 0 0.4317761659622192 0 0 0 5.953564986586571 1.92717869579792 0.6669088900089264 63.33973340690136 1.626865692436695 182.6580976694822 12.93818158656359 564.0710858553648 1.981333501636982 1.44122126698494 0.7981811836361885 0.1332004070281982 0.1031050756573677 1.254651457071304 0.3372400999069214 15.9616411626339 0 0 0 0 0 164.5083661675453 14.78851771354675
182.0369725376368 1923.593178525567 563.1760225966573 266.589564524591 689.6058839559555 3.698145911097527 2439.583738081157 358.1117898896337 1791.901827864349 235.4915984645486 1244.492142952979 39.55291219800711 742.599743694067 1212.989426195621 36.5792651027441 6.092997543513775 0.2130115479230881 0.1812409609556198 0.1389323174953461 0.1266351342201233 0.1295909136533737 0 0 0 0 0.2177331298589706 0 0.2525637149810791 0 0 74.79957390576601 18.76138350367546 1.963860407471657 0 0 0 5.888520203530788 0.09531178325414658 0.7407745122909546 0 0 0 0.09889263659715652 0.7302102744579315 0.108941562473774 0 108.8095361441374 4.250685542821884 0 0.1119799762964249 0.3983762264251709 0 0 0.2493169829249382 4.65341878682375 14.39071023464203 20.85960187762976 43.30027030408382 33.11030167341232 47.01935259252787 0.1065142229199409 0.8450989872217178 0 43.99362607300282 12.92396488040686 14.99117472022772 0.5054544880986214 1.243377283215523 0.4601666405797005 0 29.37685576826334 0 0 109.3341309353709 26.03559689968824 101.7157666534185 19.1267861649394 18.5281402990222 1.277807205915451 10.8878637701273 0.7927328199148178 1.334308356046677 16.68263671547174 0.3199298977851868 14.91531827300787 14.27420970052481 3.415373802185059 0.1370636522769928 0.882486917078495 0 0.3353491872549057 0.2081659138202667 0 0.4066043347120285 0 33.09128758311272 3.499494165182114 0 0.5037544816732407 48.94724653661251 0 2.002029284834862 0 0 0 34.24535042047501 0.339262992143631 0.6209189891815186 3.378425776958466 2.241664037108421 1.852802082896233 5.394522555172443 15.80128494650126 9.053055942058563 2.53731182217598 0 0 0 0 0 0 0 0 0 0 0 0 0 0 0 0 0 0 0 0.7090724408626556 0.3275429308414459 0 0 0 12.53043618798256 0 14.70969095826149 3.66980391740799 1.129937648773193 0 0 0 0 0 0 0 0.1704306602478027 0.2898871898651123 0 0 0 0 0 0 0 0.2184172719717026 0 0.5706369280815125 0 0 1.385352373123169 5.885192677378654 0.4326929748058319 0 0 0.228771448135376 0 0 0 0 0 34.77749438583851 0 0 0 0.314874067902565 0.9973796755075455 0 6.455035805702209 0.2259575873613358 0 0.574789322912693 0 0 0 0 0 0 0.5349475741386414 0 0 0 13.51491586863995 6.317927733063698 6.942303285002708 245.2649488523602 8.619265712797642 366.8602764979005 66.71275547146797 46.22729229182005 32.99861822277308 0.3549060821533203 23.19820324331522 2.068238258361816 0 0.568023644387722 0.7862229943275452 0 0 0.3249466717243195 0 3.805892452597618 0 63.90835556387901 9.304718762636185
93.88547641038895 46.09513057768345 3.043975658714771 785.2708962634206 3.698145911097527 61.10270598530769 24.84106214344501 0 2.846470654010773 897.1279187202454 0 37.93221585452557 65.8656318038702 6.162725806236267 0.1044643446803093 0.9084266573190689 0.1311687678098679 0 0 0 0 4.157978504896164 0 0 0 0 0 0 0 0 4.759981870651245 0 0.7984645366668701 0 0 0 28.90269066393375 0.2357009500265121 4.025143191218376 0.264469176530838 0 0 0 0 0 0 1.531923368573189 0.2393730133771896 0 0 0.6565562188625336 8.938049614429474 1.085313305258751 0 0.9386929571628571 1.779465816915035 202.6897569596767 18.93314090371132 18.50304524600506 0.6072962358593941 0 0 0 0.9395026117563248 0.9128516167402267 0.8977250754833221 0.1932379603385925 0 0 0 244.0328874588013 324.5282241106033 10.02165910601616 11.47736898809671 0.4709557741880417 0.4938494712114334 0.4487173929810524 0.465188205242157 0 0 0 0.4832681864500046 0.7797327637672424 0.64081010222435 0.2225601077079773 1.264485388994217 0 6.996824644505978 6.685150913894176 18.5468447804451 2.072525516152382 9.457533493638039 0 0.1644044369459152 0.5420518219470978 284.6501102149487 330.089477494359 16.32358372211456 68.85805290937424 412.0850759446621 0 1.904870241880417 0.7265589237213135 1.54166316986084 0 0.6385978907346725 2.537934303283691 0 5.057279109954834 1.053925752639771 0.829279363155365 0.319191575050354 5.420971527695656 0.5180286169052124 0.8588441610336304 0 0 0 0 0 0 0 0 0 0 0 0 0.1629019975662231 0 0 0 0 0 0 0 0 0 0 0 3.691914290189743 0 3.298465669155121 0.558076336979866 0 0 0 0 0 0 0 0 0 0 0 0 0 0 0 0 0 0 0 0 0 0 0 1.614043682813644 0 0 0 0 0 0 0 0 0 4.201091602444649 0 0 0 0 0 0 0.1917393803596497 0 0 0.1165504157543182 0 0 0 0 0 0 0 0 0 0 2.023943588137627 1.71667967736721 2.662753984332085 3.579025909304619 0.3154125660657883 8.984337463974953 2.925255849957466 208.7866011932492 1.012521013617516 0.2627848982810974 0.2086214423179626 0.3058577328920364 0 0.1341372430324554 0.6529625803232193 1.720350503921509 0 0 0 0 0 69.30833189189434 6.575177699327469
237.7129726186395 1935.026540026069 129.2606650516391 541.7932622134686 2439.583738081157 24.84106214344501 843.1588347032666 92.7340998724103 1570.929710760713 2446.990150123835 191.8491722494364 157.5059052854776 2157.527855150402 884.6734151989222 58.15570222586393 11.01961016654968 0.7850409299135208 0.173021987080574 0 0.1572073847055435 0 0 0 0 0 0.1129697859287262 0 0 0.250555694103241 0 56.09353238344193 20.31202782690525 7.864001497626305 0 0 0 9.660992421209812 0.2897613048553467 0.2776211947202682 0 0 0.1585856527090073 0 1.670639641582966 0 0.2574016004800797 202.4447831213474 12.54965085536242 0.9420728757977486 0.3784428760409355 0.2285831421613693 0 0 0 8.934049859642982 37.73726961016655 50.35373143106699 75.98466151952744 85.03523471951485 102.2517830431461 0.3757198452949524 0.09595268964767456 0 59.89913064986467 32.11337268352509 29.20520868897438 0.7818178832530975 2.585275739431381 0.4977546557784081 0.4361402541399002 83.48661307990551 0.7813674211502075 0 252.5469749197364 50.6454064771533 179.700575619936 27.43667470663786 22.32877916097641 2.215327963232994 22.56174696981907 1.266219690442085 3.95772210508585 43.905268214643 0.2111543565988541 31.90254384279251 34.44008586555719 4.35304918140173 0.688938319683075 5.368173711001873 0.2704939767718315 0.6599607020616531 0.8063562661409378 0 0.54019695520401 0.2647792622447014 99.3059980943799 11.11796581745148 0.336982250213623 1.570947051048279 111.4084170162678 1.473767846822739 7.934055656194687 41.7684877961874 54.41088296473026 1.510968148708344 15.48691409826279 13.85599000751972 23.42450821399689 79.06569929420948 21.42330169677734 3.395321145653725 24.82499070465565 63.90717875957489 43.96350815147161 9.538321927189827 0.09864072501659393 0.2516882345080376 0 0 0 0 0 0 0 0 0 0 0.4772705435752869 0 0 0 0 0 0 5.920540891587734 2.541600503027439 0 0 0 43.68572533130646 1.323446303606033 41.52034850418568 7.991721883416176 2.272464416921139 0 0 0 0 0 0 0 0.980468213558197 1.090050056576729 0 0.2747041881084442 0 0.157938078045845 0.348181739449501 0.8272673934698105 0.6347559094429016 1.078735046088696 1.446658238768578 1.54384583234787 0.5252117514610291 0 0 27.08030764758587 0 0.5585941523313522 1.056733451783657 0.1170669496059418 0.1397132575511932 0.1616737246513367 0 0 0 134.1911387518048 0.4968654215335846 0 0 0.1084082201123238 7.04590030759573 0 11.67966483533382 5.997509218752384 2.269946426153183 3.199468567967415 0.1137779578566551 0.672013521194458 0.3355251252651215 0 0 0 0.8202706500887871 0 0 0 43.14073780179024 28.89040178060532 22.22846170514822 486.8133556246758 19.75837037712336 823.3019754365087 138.3844240754843 285.2786023616791 54.4951549321413 0.9205863401293755 48.20425026118755 4.962121531367302 0.09365380555391312 13.81358977407217 1.954877465963364 29.20619961619377 0.4480902701616287 0 0 11.58022268116474 0.3652207851409912 261.5535482168198 39.6656356677413
75.90700338035822 148.0182209685445 555.3655397370458 6.518222212791443 358.1117898896337 0 92.7340998724103 392.7046477720141 323.2423464283347 3.202632680535316 914.3508012443781 19.14635808765888 126.8446292728186 527.5115985274315 121.6118125841022 61.02320042997599 5.128294393420219 0.9524681195616722 1.678961113095284 8.776860021054745 20.56255535036325 0.7735164165496826 3.752259761095047 2.177509889006615 6.771992146968842 4.145607359707355 0.1364340782165527 0.5176254361867905 0.1330533772706985 1.410131648182869 511.4174219220877 866.1223615631461 116.735818259418 0.9902446419000626 2.657033041119576 8.116506241261959 53.35310558974743 35.99502726644278 10.37254126369953 2.872140198945999 2.669265478849411 1.04106666892767 8.898462176322937 18.45080082118511 2.982177294790745 8.062154792249203 246.5410590842366 8.974189646542072 1.857625439763069 6.163866311311722 7.366272002458572 3.330551512539387 1.967908889055252 0.09743340313434601 5.215958341956139 16.88206218928099 31.80959589779377 156.2020294219255 37.6358834579587 86.46543326228857 13.32120914757252 42.43876670300961 0.7135152667760849 518.5488290563226 18.51059568673372 24.26199513673782 19.16880530118942 31.18149197846651 38.05945620685816 11.15922467410564 18.10446832329035 2.553980335593224 0 199.6757609844208 116.0328676253557 304.4797377511859 118.9176834896207 355.3927191123366 198.8348341584206 3902.94325812161 47.65915530920029 735.7089736685157 26.32392321527004 0.5405512303113937 23.73315055668354 27.97622983902693 14.41630873829126 0.1922354027628899 8.380920223891735 0 3.193722672760487 2.035494893789291 6.451647773385048 1.415231361985207 1.445062421262264 4.558735549449921 5.89796707034111 0 0.591293677687645 54.95903109759092 0 0.4148576855659485 0 0 0 0 0 0 0 0 0.3896931484341621 0.1896189451217651 0.7299223393201828 0.2889667451381683 0.4495171457529068 0 0 0 0 0 0 0 0 0 0 0.1650230437517166 0 0.4119831323623657 0 0 1.019133299589157 0 0.1469941735267639 0 0.2580203413963318 0 0 0 0 2.288140930235386 0 5.819814823567867 4.485893949866295 3.047294318675995 0 0 0 0 0 0 0 0.6231737732887268 0.2164371758699417 0 0.1485990434885025 0 0.1568609625101089 0 0 0 0.204805962741375 0.6085649728775024 0.1540554314851761 0 0 0.9797441959381104 2.996385633945465 0 0 0 0 0.4576648399233818 0 0.1010444089770317 0.2179805636405945 0 4.588853850960732 1.559244722127914 0 0.133284792304039 0 0 0 0.9462139457464218 0.1717815548181534 0 0.1691535860300064 0 0.1678881347179413 0.08646780252456665 0 0.2321802377700806 0 0.5804524570703506 0.2157305851578712 0.09832333773374557 0 1.550983354449272 6.218059733510017 12.9732603430748 296.9462008476257 11.15274860709906 562.35292121768 121.2918078973889 24.95609834045172 28.04037747532129 1.156678646802902 36.64011964201927 3.211754441261292 0 2.187847435474396 0 2.155953645706177 0 0 0 8.807843595743179 0 36.61708924919367 1.373954497277737
69.52671673893929 1087.012685090303 523.5724320933223 9.841296374797821 1791.901827864349 2.846470654010773 1570.929710760713 323.2423464283347 239.7812818586826 62.59149028360844 1376.789229914546 54.08980782330036 1799.741012945771 916.2445918396115 20.88287623971701 6.772650264203548 0.1110792905092239 0.1088802665472031 0 0.1463323086500168 0 0 0 0 0 0.1025969162583351 0 0 0.2044913172721863 0 31.53490436077118 11.29355341941118 1.975828066468239 0 0 0 2.319469906389713 0.09207639843225479 0 0 0 0 0 1.082568936049938 0.2841173708438873 0.2281095609068871 50.16756305843592 1.011245019733906 0.1493693590164185 0 0.1538559049367905 0 0 0 1.708143532276154 5.590527348220348 8.24972677975893 15.90062925219536 11.49339196830988 21.17627283930779 0.2122083306312561 0.560865581035614 0 24.06461221724749 2.75323062390089 4.320313327014446 0.3086317405104637 0.5320978760719299 0.3388796672224998 0 20.92278002202511 0 0 42.44999962300062 14.4938208758831 59.92850535362959 12.61834056675434 12.63915344327688 1.011978328227997 8.454686641693115 0.4049090668559074 1.801572911441326 7.109983578324318 0 4.733813747763634 4.284427680075169 1.579479217529297 0 0.9248234257102013 0 0.2206054776906967 0 0.1053163632750511 0 0.1827747672796249 19.66979430615902 1.680409938097 0 0 19.55075301975012 0 0.6657000780105591 0 0 0.4028434008359909 2.767411857843399 0 1.280615448951721 1.121401607990265 0.7006658166646957 0 0.9880549311637878 7.421824470162392 5.679510176181793 1.045164033770561 0.1383253037929535 0 0 0 0 0 0 0 0 0 0 0 0.1657845973968506 0 0 0 0 0 0 2.878804206848145 0 0 0 0 8.104079753160477 0 7.296907097101212 0.7532639652490616 0 0 0 0 0.2085551023483276 0 0 0 0 0.238426610827446 0 0 0 0 0 0 0 0 0 0 0 0 0 3.949525132775307 0.1506034880876541 0 0 0 0 0 0 0 0 20.36372308433056 0 0 0 0 1.47997359931469 0 1.145975470542908 0 0 0.1408478915691376 0 0 0 0 0 0 0.111022025346756 0 0 0 4.356471091508865 4.313235685229301 2.162748277187347 145.4192089438438 7.29990478605032 160.8804019391537 50.92173531651497 18.60861340910196 15.99971242249012 0.3550082668662071 11.39689915627241 0.171278327703476 0 0.7456059381365776 0.5128630995750427 3.880571126937866 0 0 0.2665665149688721 5.444520652294159 0.1616072356700897 22.47085035592318 8.179005011916161
1337.357869252563 350.9801676645875 11.84053771197796 703.1578780859709 235.4915984645486 897.1279187202454 2446.990150123835 3.202632680535316 62.59149028360844 855.2964097335935 13.82844277471304 1068.925226688385 6495.494804359972 584.1819429919124 21.88422184437513 3.689431667327881 0.1932029724121094 0.1012184768915176 0.1183272898197174 0.1006713584065437 0 0 0 0 0 0 0 0.1508669555187225 0 0.1040931418538094 34.2938539609313 9.312120914459229 5.473966971039772 0.09936478734016418 0 0.1447721272706985 12.97922708839178 0 0.627037301659584 0 0 0.09182758629322052 0 0.5989541262388229 0 0.2045013457536697 99.38030045479536 7.98401365429163 0.4930442199110985 0 0.2050159648060799 0.239082969725132 0.251321405172348 0.1618624478578568 9.11507623642683 29.71738669276237 215.6738848984241 60.06089673191309 68.83193292468786 60.36362153291702 0.101536363363266 0.3909393697977066 0 13.04079940915108 20.38676369190216 18.18603222817183 0.7680570408701897 0.9087457880377769 0.2647827044129372 0 191.5036079362035 3.357975199818611 0.1092203110456467 188.2780737355351 16.01576820760965 69.44594170153141 9.717618867754936 6.361444383859634 0.4318478554487228 7.590995386242867 0.230416014790535 1.323482945561409 32.76190119981766 0.2248855382204056 25.06299130618572 26.63730157911777 5.460146948695183 0.5631229355931282 4.031916379928589 0.7208811268210411 0.4517760500311852 0.2836306393146515 0 0.3503280654549599 0.9215237945318222 183.558764860034 9.833862632513046 0.3498187065124512 2.41440749168396 825.3993158563972 0 49.0122312605381 31.8150859028101 12.73155364394188 4.889921098947525 101.2724712491035 17.72613644599915 13.37421549111605 78.61993254721165 73.33450736105442 12.58542181551456 86.02749390155077 262.1338131055236 146.6513102203608 27.35788695514202 0.448473833501339 0.1817954778671265 0.2050721794366837 0 0 0 0 0 0 0 0 0 1.154762491583824 0 0 0 0 0 0 13.72384960949421 1.26629726588726 0 0 0 92.84539057314396 1.970125615596771 60.98143754899502 8.425578504800797 3.356865175068378 0 0 0 0 0.156518280506134 0 0 0.315923273563385 0.4275981411337852 0 0 0 1.305678814649582 0 0 0 0.5289326012134552 0.2858346700668335 2.593831986188889 2.00827568769455 0 0 66.58656648546457 0 0 0.1844082027673721 0.4272012710571289 0.1427155882120132 0 0 0 0 374.0304684340954 0.6329579949378967 0 0 0.1279543936252594 22.88123998045921 0.6000416874885559 38.36132028698921 1.1362229809165 0.2111140042543411 0.4803860038518906 0 0.8439543098211288 0.1125179901719093 0 0 0 0.2317702919244766 0 0 0 143.9919669553638 56.06894896179438 46.20039819926023 405.7881535962224 13.48407278209925 473.9543730095029 76.65409710258245 1681.222331874073 32.50305553525686 1.931579612195492 28.12773555517197 3.51375899463892 0 6.000929564237595 2.028948239982128 139.9188287556171 0.4640550017356873 3.317579925060272 0.1792549341917038 5.092169374227524 0.4351493418216705 1159.096807874739 234.1089696735144
476.3615770414472 1036.700238265097 4035.65385799855 21.93752480298281 1244.492142952979 0 191.8491722494364 914.3508012443781 1376.789229914546 13.82844277471304 900.2042404338717 276.5790840834379 2461.739944264293 3877.746159039438 75.56068051606417 41.5307129919529 2.105395682156086 0.4460466802120209 0.5416900962591171 0.3991356194019318 2.51873080432415 1.319946184754372 0.7723763585090637 0.9067737460136414 1.599631786346436 0.9092044979333878 0.1004076898097992 0 0.1785992234945297 0.1089688241481781 745.1341415643692 134.6829455494881 634.1395873725414 0.2674222886562347 0.9130421280860901 4.232648357748985 285.8333454355597 24.03200545907021 14.78644132614136 2.820202723145485 0.6073187589645386 0.1892645657062531 1.462296813726425 5.236493326723576 0.3634731397032738 0.3570909947156906 114.5945062637329 3.694086082279682 0.5681681632995605 0.6823378354310989 2.992843739688396 2.792480915784836 4.395775929093361 0.3249304667115211 4.625394836068153 17.36138948053122 73.24971681833267 179.8827734589577 54.25661290436983 58.89299996197224 0.8893483206629753 12.63679374009371 0.1652437299489975 88.15559982508421 15.00186172127724 12.47377452254295 4.122246220707893 4.546282783150673 5.4560801461339 2.236608505249023 117.183075658977 2.150195524096489 0.1196844205260277 175.4942155405879 46.09245321899652 147.79030071944 42.79277581721544 41.73466241359711 2.984316885471344 1139.256731279194 1.919587440788746 49.51730995625257 23.62177278846502 0.2033670321106911 18.10631732642651 14.65474338829517 3.311345338821411 0 3.530745297670364 0.0972287505865097 1.248366475105286 0.2872047275304794 1.275425799190998 0.9682802855968475 0.6081163212656975 13.14482806622982 5.120200917124748 1.357183754444122 4.445980422198772 270.4549902379513 0 0 0 0 0.1228821948170662 4.110581129789352 0 0 0.2799267172813416 2.476542681455612 1.489479720592499 1.196176797151566 5.265608057379723 2.474397525191307 1.565847173333168 0.5502648577094078 0.5875690579414368 0 0 0 0 0 0 0 0 0.4632821157574654 0 1.110124051570892 0.3196717798709869 0 0.8420908898115158 0 0.1930281668901443 0.6024239510297775 0.3104417473077774 0.1731685400009155 0 0 0 13.33324830234051 0.8234675973653793 17.93376628309488 9.537376277148724 2.626678816974163 0 0 0 0 0 0 0 0.08722642809152603 0.7573221102356911 0 0 0 0.4162482023239136 0.744086742401123 0 0 0.2061394155025482 0 0.1380308717489243 0.7891586422920227 0 0 5.183930084109306 0 0 0.1182475164532661 0 0 0 0.1311111450195312 0.1790323555469513 0 20.85332188010216 0 0 0 0 1.753648400306702 0 5.227254897356033 0.3570957779884338 0.1498706638813019 0 0 0.08035846054553986 0 0 0 0 0.1505892425775528 0.2004887163639069 0 0 7.302146077156067 14.128981590271 16.02472397685051 305.441684961319 14.62665329873562 357.6462286040187 111.5970570966601 27.93849209696054 24.17684295773506 2.056014724075794 39.64606945961714 5.125344768166542 1.234750710427761 2.729258336126804 0.8607500195503235 1.568831205368042 0 0.5129228606820107 1.133508801460266 12.04455971717834 1.03515437245369 37.27388567477465 7.211387515068054
12.22891609370708 49.37883406877518 68.88359794020653 95.37002575397491 39.55291219800711 37.93221585452557 157.5059052854776 19.14635808765888 54.08980782330036 1068.925226688385 276.5790840834379 172.2299886345863 2696.532442256808 364.9225474670529 33.20965598523617 21.58868207037449 0.5846931338310242 0.2687490284442902 0 0 0.6062012165784836 0.3400938212871552 0 0.1873000264167786 0.320446290075779 0.3935941755771637 0 0.1254558563232422 0.2473006919026375 0 27.53181393444538 21.70122896134853 13.67483843117952 0 0.6981000900268555 0.9833757728338242 44.70222310721874 3.651683203876019 3.548309132456779 1.281634002923965 0 0 0.7977475672960281 1.670095890760422 0 0.3819871693849564 35.54654800891876 1.212445542216301 0.1176889389753342 1.218415334820747 0.9362813234329224 2.319498389959335 3.209683112800121 0 0.4201297238469124 1.287924565374851 19.31394223123789 5.836878851056099 5.288483127951622 7.271254435181618 0 0.4246514439582825 0.4315720796585083 24.82291595637798 1.122744239866734 2.102395176887512 0.5008265227079391 0.5840200632810593 0.2892448604106903 0.392693966627121 125.2850319072604 3.226965665817261 0 16.38465578854084 6.63878371566534 33.70207557827234 9.762572824954987 7.981141149997711 0.1110257431864738 48.82222993671894 0.4092657044529915 0.3957703113555908 3.00234404951334 0 1.865435540676117 2.458997331559658 0.5079973116517067 0.1184775680303574 0.8523484468460083 0.1596720218658447 0.4009362161159515 0.2748926281929016 0.4891238808631897 0.3476757705211639 0.20700503885746 455.257769279182 28.5069500207901 0 3.084371760487556 55.73389552533627 1.072475850582123 18.72499421238899 5.781261757016182 3.416243001818657 4.23087377846241 23.76445800065994 5.270656645298004 4.835417091846466 27.92423604428768 24.04427464306355 11.57050462067127 63.10128170251846 198.349297977984 123.9257036373019 25.89847714453936 2.09395506978035 0.6816100180149078 0 0 0.1437763422727585 0 0 0.1587292551994324 0 0 0 0 2.7710295394063 0.1261949837207794 0 0.2819717824459076 0 0 0 8.365710511803627 3.383497267961502 0 0 0 141.2037376463413 6.521031349897385 114.4625021666288 23.43169916421175 7.956989943981171 0 0 0 0 0.7433520555496216 0.1608037948608398 0 0.401373378932476 2.033763200044632 0 0.2334417849779129 0 1.510789185762405 0.1147141605615616 0 0 0 0.815425232052803 0.8538103401660919 3.880043342709541 0 5.105665817856789 83.67495784908533 1.004246756434441 0.5375803112983704 0 0 0 0 0 0 0 371.9405630528927 0.5421102046966553 0 0 0 17.20490095764399 0.9124560654163361 49.95901998877525 1.662955865263939 1.167846761643887 2.402510344982147 0.4795984849333763 1.366869002580643 0 0 0 0 0 0 0 0 170.5175035968423 93.32411771267653 87.64245647192001 215.7613848149776 8.288703069090843 129.3682114854455 62.9750904738903 290.1647589206696 13.02863274514675 0.1560684889554977 23.47768287360668 12.53495050221682 0 14.46801532059908 2.843940742313862 45.10773774981499 0.2298258692026138 0 1.048968121409416 9.442853450775146 0.9150671064853668 764.9030281230807 203.4453649073839
59.59716423600912 511.2065099179745 580.3576882258058 428.4038753136992 742.599743694067 65.8656318038702 2157.527855150402 126.8446292728186 1799.741012945771 6495.494804359972 2461.739944264293 2696.532442256808 2085.663502238691 3781.673115439713 148.5874789133668 84.38522515445948 8.548680573701859 2.650823056697845 1.033784210681915 1.696794390678406 1.212285853922367 5.189607009291649 0.1253345608711243 0.2516264170408249 19.14300595223904 4.172677457332611 0.88215371966362 2.245087563991547 2.140691004693508 0 120.2033016383648 71.59984949976206 546.0087410509586 0.638416163623333 3.02314106374979 5.812534764409065 778.0555312931538 145.1342374905944 231.5488036647439 42.93762125819921 1.205341503024101 0.3905072510242462 1.705801367759705 9.360325150191784 0.2553257867693901 2.368882372975349 151.3207427412271 2.625143490731716 0.6085576787590981 1.627736896276474 3.45282743871212 13.43540450930595 51.25824215263128 4.977100074291229 3.318379208445549 9.452395439147949 39.64691133052111 38.32329512387514 21.44166461378336 37.76164086908102 2.27320359647274 38.18288914859295 0.3623546659946442 97.25080541521311 7.183809138834476 7.874811679124832 1.909687057137489 2.165753252804279 1.807307451963425 0.4233804792165756 486.7628722414374 18.37443192303181 0.8151724338531494 72.9120164513588 33.96441695839167 149.8185190111399 45.48531759530306 30.8684813901782 3.022200874984264 525.2611927688122 3.798869021236897 7.094940938055515 8.672850236296654 0.3453449979424477 7.22835598140955 9.490068577229977 2.070253968238831 0.1103353649377823 4.285101875662804 1.164134562015533 3.252599902451038 5.166077792644501 0 1.935781680047512 3.151015363633633 1671.052010819316 89.12612375617027 3.750762552022934 46.41258652508259 91.07662472128868 2.217227168381214 27.04254122078419 15.04683345556259 20.51342251896858 10.82723480463028 43.63036854565144 11.73038721084595 13.35731652379036 125.9773508086801 53.15789448469877 26.74709917604923 115.2198552638292 359.7931449860334 205.0420777127147 60.39509332180023 3.885192736983299 3.88231784850359 0.1657534390687943 0.6989092826843262 0 0.3751794099807739 0.1751290261745453 0.2086115777492523 0.6574222519993782 0 2.02984493970871 0.20297472178936 7.735208481550217 0.7902030795812607 0.9926990643143654 0.6350833475589752 2.102948978543282 1.512384563684464 0.2917909920215607 21.22434441745281 10.90404526889324 0.3030063211917877 1.133532047271729 1.231522679328918 309.2665812447667 7.205476239323616 296.2289351224899 70.48479223251343 26.63040946424007 0.8874274045228958 0.3327091634273529 0.138127937912941 0.1143264472484589 0.8478149399161339 1.431620374321938 0.1575824022293091 2.457305178046227 3.504258118569851 0 0.1367942988872528 0 4.606958903372288 1.570971682667732 0.3805105686187744 0.5115840882062912 0.2576728388667107 2.001433417201042 2.089674465358257 3.249893337488174 1.230018973350525 13.44053970277309 175.1814094409347 1.440872900187969 1.384209007024765 0.2984727621078491 0 0.4232426285743713 0.09357625246047974 0 0 0.1976771652698517 810.2253709882498 8.35547736287117 0.1618007570505142 0 0.2935029119253159 57.62200462818146 6.887318700551987 88.94864372164011 3.655816152691841 3.363392941653728 5.324821412563324 0.732939176261425 2.312233470380306 0 0 0 0 0 0.09914664179086685 0 0 330.3051618114114 246.4123986959457 241.2540095001459 774.8427492156625 26.15467826277018 556.9173924103379 301.7751384750009 349.6478884592652 57.42400772124529 0.8978736996650696 96.42138891667128 51.92398481070995 0.3103131577372551 34.83397353440523 14.47174361348152 60.43076822161674 3.259822934865952 0.1574659198522568 3.04391747713089 40.493791423738 2.290839023888111 966.0741628557444 345.4522055834532
260.4683693349361 1212.651937440038 1911.656238645315 36.26072152704 1212.989426195621 6.162725806236267 884.6734151989222 527.5115985274315 916.2445918396115 584.1819429919124 3877.746159039438 364.9225474670529 3781.673115439713 1169.9506348297 97.20504523068666 55.27226506173611 1.990096762776375 0.2886529788374901 0.2129883170127869 1.206327743828297 2.234586104750633 1.678936839103699 0.5679509192705154 0 4.486844316124916 1.028417691588402 0 1.228627398610115 0.7695393860340118 0.1394295245409012 258.0168450027704 77.0778696835041 911.3824182003736 0.127162754535675 1.211769744753838 2.232763566076756 1234.298782251775 51.41564147919416 63.16082768142223 11.45090149343014 0.6647084951400757 0 0 6.520922526717186 0.6189428642392159 1.312704011797905 126.4117644503713 3.251643732190132 0.8260348439216614 0.5105030164122581 1.675968080759048 2.432062439620495 6.001439973711967 1.507826074957848 3.153868809342384 11.18228728324175 39.0239859893918 86.69119185954332 29.33645403385162 44.9834102243185 0.2184244692325592 24.51696660369635 0 88.72404944896698 9.609224006533623 11.42056673020124 1.979064531624317 3.115607842803001 2.051733300089836 1.42006978392601 300.5540734007955 4.253538325428963 0.2721956670284271 111.8331405967474 38.54032147675753 153.3998552039266 49.39207605272532 30.6166113242507 2.307275228202343 606.1049944832921 1.542878337204456 129.3844148814678 13.38756497949362 0.08472577482461929 12.09407971799374 12.63855125755072 2.986716285347939 0.5386097729206085 2.93579874932766 0.4713329002261162 1.754022113978863 2.07745198905468 0.5389247238636017 1.916610658168793 1.697756841778755 152.6566841825843 24.35457515716553 0.3204351365566254 16.36955259740353 107.7850142121315 1.013664267957211 12.17765222489834 2.719193652272224 1.837747812271118 3.225684568285942 18.95703232288361 0.5641186237335205 2.48486439883709 62.03657355904579 6.740322947502136 4.031702026724815 22.44274513423443 77.57053751498461 31.54802267998457 9.978664979338646 1.295154549181461 0.3655064776539803 0 0 0 0 0.4081658124923706 0 0 0 0.4199245423078537 0 1.313867747783661 0.534634530544281 0.3104196786880493 0.542193129658699 0.1581177264451981 1.042926147580147 0 3.18094477057457 1.537264004349709 0.2588456869125366 0 0 76.27836136519909 2.51173360645771 76.56708251684904 21.9995630979538 6.418291598558426 1.817467555403709 0 0.3191229104995728 0 0 0 0 0.8279834911227226 1.022650890052319 0 0 0.1510784775018692 0.6789605095982552 0.712783195078373 0 0 0.4244740307331085 0.530813455581665 0.8454394564032555 0.5038478374481201 0.6971122622489929 4.596856355667114 51.25381814688444 0.4057028740644455 0 0.5207114815711975 0 0 0 0 0 0.2012467533349991 191.5695953145623 4.855341389775276 0 0.1188360750675201 0.2682163417339325 11.70385192334652 0.4981610178947449 19.36870305240154 0.3153542280197144 0 2.108407586812973 0.2776561081409454 0.4926173165440559 0 0 0 0 0.281547874212265 0 0 0 71.31580302119255 60.51616819947958 56.22840941697359 462.3695742934942 21.71062922477722 393.2167370766401 166.9941395446658 62.56237408518791 36.95190443098545 1.269279174506664 61.56144724786282 11.45501188933849 0.1957288533449173 10.74351976811886 1.485705852508545 19.69083616137505 0.8652313947677612 0.1357392966747284 1.781293846666813 25.23667667806149 0.3655513226985931 160.9231497347355 58.7634331882
