89.02006505429745 1373.431154556572 461.5740771964192 1889.518150560558 2.37460957467556 36.04207322001457 391.2680313661695 21.25569634139538 1.445589855313301 1131.92179466784 3.592550538480282 51.88000642508268 59.64507687836885 9.940314821898937 0.4517735615372658 1.095507077872753 0 0.07477734982967377 0 0 0.1111953556537628 0 0.1150074228644371 0 0.1872220262885094 0 0.1220164373517036 0 0.1120122373104095 0 815.2786935903132 6.533871568739414 6.601517781615257 0 0.2149665430188179 0.2291971072554588 1.949357427656651 1.196239486336708 0.4647344499826431 0.121016301214695 0.2967289015650749 0.1040938496589661 0.5963713228702545 0.2392944544553757 0 0 13.53823930770159 1.351905584335327 0.2818069085478783 0.08085096627473831 0.4354435428977013 0.815406933426857 0 0 11.68634355068207 4.819034613668919 117.1961752064526 355.3112612217665 44.06088617071509 13.19992991536856 0 1.028729438781738 0 2.579351261258125 2.279711842536926 1.871712647378445 0.5526247546076775 0.3120449781417847 0.925067313015461 0.2375482842326164 7.708318889141083 7.727031230926514 2.052660763263702 82.59409168362617 29.28222285956144 4.057362258434296 1.08476660400629 0.1279074251651764 19.72010347992182 17.06850524991751 0 15.3775842487812 18.00393436104059 0.5374712571501732 2.153000339865685 2.405967753380537 0 0.3509310483932495 1.425914593040943 0.6349100321531296 0.6842188015580177 0 0.566304586827755 0.1964328363537788 0 87.83163841068745 71.35394065827131 2.0266233086586 0 372.6163150370121 0 0 0 0 0.5021123290061951 0 0 1.680540442466736 6.641801208257675 0 0 0.1978437155485153 0.9498854428529739 0.5159116759896278 0.6285317465662956 0 0 0 0 0 0 0 0 0 0 0 0 0 0 0 0 0 0 0 0.1265243887901306 0 0 0 0 0.1011818796396255 0.2488984316587448 0.21543338149786 0.1611104160547256 0.1056297272443771 0 0 0 0 0.2350441813468933 0 0 0 0 0 0 0 0 0 0 0 0 0 0 0 0 0 0.5694830790162086 0 0 0 0 0 0 0 0 0 0.5855749323964119 0.2377901524305344 0 0 0 0 0.3021208047866821 0.784532368183136 0 0 0 0 0 0 0 0 0 0 0 0 0 0.1162756159901619 0 0.3171839416027069 12.73592492938042 1.260422930121422 28.58415219187737 3.073546461760998 239.5327217131853 8.299163267016411 0.3662941604852676 0 0.1428149491548538 0 0.105075016617775 0 0 0 0 0 0 0 73.4394841119647 0.3355327248573303
1373.431154556572 1454.178847081959 453.239791110158 219.0444298200309 872.1686578392982 99.99650497734547 2676.735029302537 1937.341684654355 1679.846968367696 761.0129540190101 2928.550809711218 99.08330969512463 1114.057928822935 2318.555560037494 39.29862248152494 20.52896980196238 2.164792820811272 1.97074506431818 0.4750273674726486 1.111376062035561 0.8717754110693932 0 2.826282016932964 0.4870308861136436 4.724368996918201 1.495791286230087 1.547409445047379 1.262846574187279 0.7121686041355133 0.5722944289445877 2663.000484887511 182.7000587470829 284.6685116961598 0.28598802536726 2.827084481716156 3.324355728924274 35.55170226097107 24.79084373265505 3.257010020315647 1.622123286128044 4.949643298983574 3.087161339819431 5.11076482385397 3.246206566691399 0.7939226701855659 1.392509020864964 376.0830427706242 19.36168070137501 5.843500792980194 3.628582090139389 4.075521938502789 0.1175062209367752 0.09813840687274933 0.230963759124279 81.95688082277775 43.85992046445608 301.5976925604045 423.4556052796543 169.7021696157753 263.2281379252672 1.002162128686905 21.73902076482773 0.7697762027382851 212.9533683359623 31.67338294163346 19.29553233087063 8.67970759421587 3.203576222062111 4.392631351947784 4.091800048947334 47.99334936589003 2.659042775630951 0 698.2385688461363 300.9727878682315 167.5443529039621 111.4371916726232 10.48217228055 162.118861310184 608.6885087043047 0.4242125377058983 130.8703438863158 205.1525668874383 0.5410794168710709 22.19532644376159 31.30158411338925 4.918101668357849 0.2513567432761192 7.612081333994865 0.09163093566894531 3.984824828803539 1.177143201231956 11.79394333064556 6.408626526594162 1.496353141963482 36.90603643655777 11.65792168676853 0.09630894660949707 2.319802768528461 679.2539938502014 0.3792814463376999 0.1183559074997902 1.499979145824909 0 0.7473531067371368 1.810200914740562 6.669447854161263 3.589244678616524 10.38684886693954 4.556575402617455 0.7733600288629532 7.882958739995956 30.74793120473623 15.3825761154294 21.59478183090687 0.1792651414871216 0.1668818295001984 0 0 0 0 0 0 0 0 0 0 0.1114946305751801 0 0 0.1117136254906654 0 0.1314680874347687 0 0.6933202594518661 1.078002072870731 0 0.3815751373767853 0 3.553430706262589 0.09614994376897812 7.060600683093071 0.7015765607357025 0.2218810319900513 0 0.1326854377985001 0 0.1043510660529137 0.4224472343921661 0.3339342325925827 0 0.09147628396749496 0.6336307674646378 0 0 0 0.7817082181572914 0.1008990034461021 0 0 0 0.1785445138812065 0.3269372880458832 0 0.1745001077651978 0 8.36923611164093 0.447925329208374 0 0 0 0.09254714846611023 0.08988070487976074 0 0 0.3854388892650604 12.21892873197794 1.014820866286755 0 0 0.260526031255722 10.14673190563917 1.395728327333927 3.602746777236462 0.08232676237821579 0.1158497035503387 0.3652325943112373 0.2830267325043678 0.0970989391207695 0 0 0 0.07568824291229248 0.06895753741264343 0.6790890991687775 0.1187277808785439 0.1068434715270996 6.534018933773041 6.516735441982746 4.43689838796854 261.7881257459521 13.63340479135513 830.639965005219 55.84745222330093 604.1445576697588 61.73692236840725 2.582004182040691 29.60400738567114 2.651870958507061 0.6745744422078133 1.002574816346169 0.2363278940320015 0.9882386922836304 0 0 0 9.36306257545948 0 302.2481964677572 15.21978846937418
461.5740771964192 453.239791110158 726.3993406444788 20.77887119352818 180.6489566937089 48.12683343887329 69.26967813819647 2331.159878633916 204.2853140980005 2.670232579112053 1222.601355575025 28.93387180566788 74.16273351758718 970.889705106616 12.99735090881586 10.65675564110279 0.6570639088749886 0.4770782738924026 0 1.666169688105583 1.933409318327904 0 3.529355339705944 0.1104643866419792 3.988648727536201 0.2377190142869949 2.220535613596439 0.2511169463396072 0.5039210245013237 0.2055990621447563 3090.577843733132 415.7920835912228 281.9597874358296 0.4261862263083458 3.360294297337532 3.07195021212101 15.80943927913904 19.35286832600832 2.61097190529108 1.210649020969868 5.428814046084881 2.573667488992214 4.692820079624653 1.197986550629139 0.1879500448703766 0.1861525252461433 45.67344523221254 2.129385471343994 0.6523549109697342 2.32471489161253 0.8689005151391029 0.1486097276210785 0.4451814442873001 0.1329617649316788 6.10831680893898 4.333353407680988 40.06293336674571 101.561291642487 19.16638750582933 28.72094383090734 3.041009075939655 27.32133262604475 0.2807939723134041 333.7127840593457 2.74414050579071 1.774588637053967 1.490970872342587 0.9760990366339684 5.333414897322655 7.399071581661701 26.42457167059183 1.038799755275249 0 81.07032273337245 77.40384495258331 32.17521706223488 42.13964798301458 27.30070575326681 358.0871785283089 885.2423973083496 1.103739514946938 263.9183729216456 18.89562866091728 0 2.130198076367378 3.042750187218189 1.386860497295856 0.08269573748111725 1.780830062925816 0.2671399414539337 1.19055113941431 1.698840633034706 12.53573486953974 5.648955762386322 1.383191376924515 13.47618678957224 8.981685787439346 0.2595154643058777 1.99748557806015 117.5556477531791 0 0.1788618862628937 0.1765618771314621 0 0.100110225379467 0 0.1917613595724106 0.8190299570560455 1.385688215494156 1.404795438051224 1.090319871902466 2.370080560445786 11.35041236877441 5.915796503424644 16.12503284960985 0.399045817553997 0.2979812994599342 0 0 0 0 0 0 0 0 0 0 0 0 0 0 0 0 0 1.291224613785744 1.0186902359128 0 0 0 2.340733930468559 0 4.724610030651093 0.6517854258418083 0 0 0.1285111010074615 0 0 0.1005066260695457 0.2521507441997528 0 0 0.2901821061968803 0.1302392333745956 0 0 0.2257818132638931 0 0 0 0 0.3647671043872833 0.1079854741692543 0 0.4061558097600937 0 5.412824138998985 0.2449332848191261 0 0 0.119906559586525 0 0.2580593675374985 0 0 0 6.426066033542156 0.6167007088661194 0.3629342168569565 0 0 6.386177115142345 1.247911542654037 2.33999390155077 0 0.1802516281604767 0.3661876246333122 0 0.2194628715515137 0 0 0.09673592448234558 0 0.1347890645265579 0.3087076619267464 0.1327206492424011 0 1.731502585113049 3.062600240111351 3.254569910466671 51.34011401981115 2.884964562952518 96.81794192641973 9.385583467781544 134.8041551783681 6.420026674866676 0.2704386040568352 3.235356122255325 1.635028310120106 0 0.5510417446494102 0.5638890191912651 0.6776837930083275 0 0 0 4.327496647834778 0 41.77187480777502 6.607941657304764
1889.518150560558 219.0444298200309 20.77887119352818 195.932759270072 2.602746784687042 276.0065991282463 365.1473912745714 0.2829206138849258 0.2997230291366577 1051.908951118588 0 580.0580100044608 733.499149993062 17.54249398782849 0.3980825692415237 0.2127418965101242 0.1595362946391106 0 0 0 0 0 0 0 0 0 0 0 0 0 191.460940182209 0.259905606508255 5.44109696149826 0 0 0 5.768959611654282 0.5625447630882263 0 0.1521779894828796 0 0 0.07265109568834305 0.08744639158248901 0 0 19.25033087283373 1.345540337264538 0.1942373290657997 0.0734923779964447 0.5345234200358391 0 0 0 10.19102257490158 5.80319682508707 98.30299950391054 136.8510463945568 42.70570238307118 21.18806678801775 0 0 0 4.011802032589912 3.433015026152134 2.25359083712101 0.5683965906500816 0.3136291950941086 0.2447954416275024 0 12.98528797924519 0.2506785094738007 0 100.0220190882683 30.87844586372375 4.342778339982033 0.7760223671793938 0.1989400610327721 0.07439149171113968 0.1417627185583115 0 0.1573499701917171 24.85500515252352 0.2598577588796616 2.11460530012846 3.148098703473806 0.3240143209695816 0 0.8374494835734367 0 0.07923136651515961 0 0 0 0 34.6977764070034 0.2432105392217636 0 0.1782409101724625 783.6323605552316 0 0 2.615239024162292 0 0.5291200280189514 1.976902186870575 3.069204449653625 4.314682394266129 32.06917577981949 3.425117015838623 0 9.979199171066284 90.33869601786137 19.35742463171482 2.442785859107971 0 0 0 0 0 0 0 0 0 0 0 0 0 0 0 0 0 0 0 3.495355188846588 0 0 0 0 0 0 0.2998363673686981 0 0 0 0 0 0 0 0 0 0 0 0 0 0 0 0 0 0 0 0 0 0 0 0 0.128452256321907 0 0 0 0 0 0 0 0 0 0.9784868955612183 0 0 0 0 0.2027042061090469 0 0 0 0 0.1094434857368469 0 0 0 0 0 0 0 0 0 0 1.003293931484222 0.5926440358161926 0 11.6579834073782 0.3526363968849182 48.35758321732283 1.394428327679634 409.5798326581717 7.435168102383614 0.4559701308608055 0.07020072638988495 1.082718729972839 0 0 0 3.880910158157349 0 0 0 0 0 138.2489477321506 2.263928294181824
2.37460957467556 872.1686578392982 180.6489566937089 2.602746784687042 1899.15916235745 0.4126506745815277 1270.315151982009 250.0014400184155 2763.343350037932 87.41457157582045 1196.745329409838 10.21595583856106 490.2068236917257 2440.46287753433 18.37660323828459 4.023230537772179 0.6182483285665512 0.2107508257031441 0.08577276021242142 0.5749899446964264 0.1560976803302765 0 0.4257494285702705 0.5192068666219711 0.0951056107878685 0 0 0 0 0.112687461078167 157.8300187960267 67.57866460084915 5.443877026438713 0.1027093231678009 0.3003682494163513 0.1484323889017105 3.74578707665205 0.7783084586262703 0.392228327691555 0.3568855971097946 0.305160790681839 0 0.875599779188633 0.2434392720460892 0 0.2649475261569023 121.4633504450321 6.770875848829746 0.8629190102219582 0.866594135761261 1.194390304386616 0 0.08864369243383408 0 13.18231732398272 5.652212403714657 20.02964579313993 11.14158309996128 24.37131524085999 69.62844045460224 0.4663978740572929 1.273958906531334 0.09509104490280151 56.70121730864048 5.858299665153027 3.094717346131802 1.567687265574932 0.8846424594521523 0.3023973107337952 0.09176913648843765 30.07121023535728 0 0 112.0373882949352 40.75730507820845 65.66534420102835 50.28470267355442 3.071723535656929 2.513709977269173 19.05677260458469 0 9.844930171966553 38.72577930986881 0.289655826985836 3.502991296350956 4.011208847165108 1.414606750011444 0 1.530182018876076 0.08177699893712997 0.2907624766230583 0.1030623912811279 0.8394316807389259 0.1911868900060654 0.2524883225560188 17.80140601843596 1.48312296718359 0 0.6433964148163795 3.338507555425167 0 0 0.630762904882431 0 0 0.991193026304245 3.249329388141632 1.928862676024437 2.767129361629486 3.183763861656189 1.963852316141129 5.187478646636009 16.66330644488335 9.894896723330021 13.49063804000616 0 0.2021621465682983 0 0 0 0 0 0 0 0 0 0 0 0 0 0 0 0 0 1.851099357008934 0 0 0 0 2.987858809530735 0 0.2713785097002983 0.2639128863811493 0.09770689904689789 0 0 0 0.1140491142868996 0 0.4413584470748901 0 0 0 0 0 0 0 0 0 0 0 0 0 0 0.1855771243572235 0 0.6846064478158951 0.2227146774530411 0 0 0 0 0 0 0 0 4.110267072916031 0.8853536248207092 0 0 0.2217265218496323 3.866248898208141 0.2865919023752213 0 0 0 0.2642859816551208 0 0 0 0 0.08815070241689682 0 0 0 0 0 6.428576454520226 1.922713987529278 0.1199345514178276 165.9525618776679 7.814884968101978 340.6648338288069 30.65549065172672 52.37604634463787 17.48525911569595 0.8200422823429108 13.51292495429516 1.615128293633461 0 0.2302421033382416 0 3.220130920410156 0 0 1.368024706840515 8.048240765929222 0 61.7003395408392 5.762616649270058
36.04207322001457 99.99650497734547 48.12683343887329 276.0065991282463 0.4126506745815277 0 38.84355603158474 3.005488127470016 6.001808926463127 544.8645230084658 3.936132021248341 85.70433854311705 90.98741211742163 26.35704535245895 0 0.1495324969291687 0 0 0 0 0 2.567561894655228 0 0 0 0 0 0 0.1680847853422165 0 12.68856255710125 0.1659174263477325 23.20850084722042 0 0 0 6.130940303206444 0 3.292933210730553 1.809210047125816 0 0.2887414991855621 0 0 0 0 3.821595296263695 0.134058490395546 0 0.2599202990531921 0 7.697347536683083 0.2903240919113159 0 1.509148105978966 1.545595183968544 28.06995691359043 13.6448080688715 8.885476820170879 2.292546033859253 0.2981882095336914 3.165756434202194 0 1.539155572652817 0 0 0 0 0 0 47.83376029133797 129.5320105403662 15.78146332502365 13.23021884262562 0.6863314807415009 0.4845304638147354 0.2137176245450974 0 0.1941190212965012 11.74102191627026 0 1.731554672122002 1.407280519604683 2.683017559349537 0 0.8336928114295006 0 7.638070173561573 5.103568807244301 16.24533969908953 3.097619317471981 6.262353703379631 0.2657256424427032 0.1936611235141754 1.885972015559673 207.1223193258047 200.7213304489851 20.07542787492275 9.599103406071663 228.7809500768781 0 7.283226683735847 8.337159514427185 2.556960165500641 5.732028722763062 3.075621485710144 51.49726074934006 13.47736687958241 9.146599590778351 19.74351173639297 0.9674394130706787 15.68942832946777 33.36574243754148 15.3323562964797 9.959503278136253 0 0 0 0 0 0 0 0 0 0 0 0 0 0 0 0.169865295290947 0 0 0 2.684049725532532 0 0 0 0 0 0 0.3579065725207329 0 0 0 0 0 0 0 0 0 0 0 0 0 0.1265614330768585 0 0 0 0 0 0 0 0 0 0 0 0 0 0 0 0 0 0.09583205729722977 0 0 1.790320888161659 0.91840660572052 0.3568269908428192 0 0 3.005309671163559 0 0 0 0 0 0 0 0 0 0 0 0.1192872151732445 0.188381627202034 0 0 3.999249279499054 1.310349956154823 0.7309052050113678 7.984596751630306 0.1374570727348328 5.197200953960419 0.3050246834754944 195.7978193163872 3.363811641931534 0.1213153004646301 0 0 0 0 0 48.84345984458923 0.8100393414497375 0 0 0 0 32.92850841581821 8.176552325487137
391.2680313661695 2676.735029302537 69.26967813819647 365.1473912745714 1270.315151982009 38.84355603158474 843.6888148784637 36.55794043838978 1272.290848076344 2528.366294629872 555.7379434481263 376.4410009682178 5662.463028900325 4499.470491304994 20.50654296576977 10.02409379929304 0.7166941687464714 0.3665190637111664 0.2320952266454697 0.7378901913762093 0.904041476547718 0 0 0.1125668808817863 0.8626893311738968 0.3386974334716797 0.5763690918684006 0.8407327383756638 0 0.6605225950479507 216.2618237733841 38.29333162307739 43.47431766986847 0.2155493572354317 0.3562936782836914 0.2278308123350143 25.54684823006392 4.724659226834774 1.579904980957508 0.1474705636501312 1.531116992235184 0.7106939628720284 1.577826462686062 1.045139886438847 0.9192164093255997 0.1237438917160034 149.900659956038 7.493542425334454 2.820459701120853 1.186982773244381 1.951554715633392 0.08201108127832413 0.1982275247573853 0 25.24255977571011 12.947823561728 81.78210388123989 79.69489311054349 51.677126057446 95.26170178502798 0.5659638792276382 2.227412678301334 0.1959825754165649 53.99404096603394 9.526775829493999 7.198926880955696 2.448020033538342 1.574341610074043 1.534631483256817 0.4977652579545975 111.8863272368908 0.7160248756408691 0.1936176270246506 224.6792145334184 76.76826594769955 67.46788880228996 42.40960312634706 4.036400124430656 1.772487066686153 14.20703829079866 0.654688723385334 26.51215700060129 65.25293785333633 0.2336383461952209 7.081167228519917 8.753160744905472 1.126786090433598 0 2.457758717238903 0 0.5842374116182327 0.386302076280117 2.422593042254448 1.469904102385044 0.08010850846767426 158.6816130578518 18.20443500578403 0 1.933792106807232 97.23547089844942 2.703918732702732 3.818590894341469 141.4926838800311 34.70308178663254 3.344257935881615 51.8353314101696 22.37584920972586 11.29100354015827 132.6061809509993 52.64818584918976 4.087681725621223 234.0593137219548 128.5656460747123 62.82148068398237 57.695826202631 1.00983764231205 0.1157266795635223 0 0 0 0 0 0 0 0 0 0 0 0 0.6223682314157486 0 0 0 0 15.58177464455366 0.1232124418020248 0 0.3075640201568604 0 10.26037012040615 0 6.335984766483307 0.4970549941062927 0 0 0.4393081068992615 0.08651340752840042 0.2390432208776474 0.9335933849215508 0.1328555345535278 0 3.172662630677223 2.339561752974987 0 0.1825093775987625 0 0.1086283549666405 0 0.2284861877560616 0.2179426923394203 0.1871443539857864 1.364610366523266 2.722597979009151 0.5868470072746277 0 0 9.224576406180859 2.670980490744114 0.9421065449714661 0.5104440525174141 0 0 0 0 0 0 31.8328719586134 0.4626099914312363 0 0 0.1120100915431976 18.83598158508539 0.212978407740593 5.966527670621872 5.56567669659853 3.920852616429329 2.931309968233109 0.470607802271843 0.3469156548380852 0.2800336182117462 0 0.1237022280693054 0 0.07095397263765335 0 0.08073493838310242 0 31.66470436006784 8.527719363570213 3.532199151813984 180.0105855166912 10.63871984183788 402.535037919879 31.52248983085155 169.1625122204423 29.43649133294821 2.968478545546532 28.9548527598381 5.91070844233036 0.1293343007564545 12.17116995155811 2.764149971306324 18.29231645911932 1.599868670105934 0 0 9.3808224350214 1.442507445812225 240.9995317086577 35.12961778789759
21.25569634139538 1937.341684654355 2331.159878633916 0.2829206138849258 250.0014400184155 3.005488127470016 36.55794043838978 834.9385761618614 229.6129693686962 2.004557967185974 1703.828035339713 19.90243166685104 35.50498863309622 756.2817440852523 62.65063529461622 46.43100997060537 3.373002573847771 16.92896016687155 5.232101649045944 57.89156737923622 9.984793238341808 0.6978720501065254 15.5537501424551 1.465877242386341 12.51446113735437 1.294006988406181 5.649739094078541 1.271202377974987 0.7239941135048866 0.6041587889194489 1238.062613382936 929.4689412787557 164.8888786062598 10.39935389906168 23.21172726154327 6.944149367511272 11.24124116450548 15.41101852059364 3.429157510399818 1.398450672626495 7.571003891527653 10.88468213379383 148.8221259191632 6.149630762636662 12.02507994323969 17.76684650033712 243.7164314612746 6.124272637069225 3.762103997170925 44.41839084774256 6.87376444786787 0.707250714302063 0.5128909721970558 1.297998987138271 8.886957012116909 5.707803145051003 11.5774694159627 11.2191583737731 16.45412817597389 86.55303883552551 84.12584730237722 159.4789160043001 9.435223795473576 433.0923196598887 4.995970211923122 10.72134574502707 9.990963853895664 10.5224226936698 65.57254787534475 34.52331031113863 35.8632420822978 5.581113465130329 0 98.05454637855291 69.13879795372486 155.0375611484051 211.8990362137556 54.02380307763815 1146.751725375652 819.3519031703472 16.50559502840042 1331.888825625181 42.28216222673655 0.1874226257205009 7.913081027567387 7.288908340036869 14.05039268732071 0.2902199104428291 3.729986362159252 0.6086392179131508 5.794776849448681 2.741365328431129 47.35216125845909 14.0106774866581 7.763428725302219 26.31589449942112 18.31466347724199 0.6723917722702026 5.46190744638443 4.498082600533962 0.2955239117145538 0.5255020633339882 1.827409967780113 0 1.685875460505486 0.2408899217844009 0.3695919439196587 0.644102931022644 0.9398931860923767 0.901084691286087 2.269600413739681 5.169274747371674 8.538232825696468 7.661177724599838 22.36107908189297 0.2147161066532135 0.09698772430419922 0 0 0 0 0 0 0 0.5044822096824646 0.2518758773803711 0 0 0 0 0 0.1846629530191422 0 0.1419918686151505 1.926240883767605 1.085019394755363 0 0 0 6.257881052792072 1.081531904637814 13.62242033332586 3.335770726203918 0.2354753389954567 0 0 0 0 0.3417362868785858 0.2253048121929169 0 0 1.089391089975834 0 0 0.4209932088851929 0.2701670452952385 0.1734159886837006 0 0 0 0 0.08687697350978851 0 0.1192783936858177 0.5539450794458389 12.28157526999712 0.1177750900387764 0.1424583047628403 0 0 0.1550379544496536 0.410619743168354 0.2721993625164032 0.3826346695423126 0.4075382202863693 11.59155543893576 3.752043634653091 0.7964298129081726 0.3350370675325394 1.122567571699619 11.8725561350584 1.576420031487942 5.956155322492123 0.1209033131599426 0.1011949777603149 0.4540718570351601 0.1907985508441925 0.1956614404916763 0.1104114130139351 0 0 0.08205831050872803 0.2371516525745392 0.7757310420274734 0.3329902142286301 0.4991781413555145 3.994625099003315 9.07405174523592 7.729352563619614 246.4115127697587 14.17267169058323 398.4008897915483 54.22929894179106 38.56977540254593 25.16765179485083 1.439092457294464 22.22039233893156 4.923286758363247 0 2.654612578451633 1.398546203970909 0.4140343368053436 0.4400890171527863 0 0 14.83996574580669 0.573053702712059 28.84881996363401 7.965388588607311
1.445589855313301 1679.846968367696 204.2853140980005 0.2997230291366577 2763.343350037932 6.001808926463127 1272.290848076344 229.6129693686962 399.0358398407698 21.17596577107906 1135.61362157017 14.801738075912 433.0777545198798 2020.82030762732 13.44927015900612 9.860748328268528 0.3192742615938187 0.6472759395837784 0.3836800083518028 0.3869132250547409 0.525870680809021 0.1459913104772568 0.7132597416639328 0.2314946874976158 0 0.1947012096643448 0.4762451499700546 0 0.4731897786259651 0.519575834274292 37.2465028911829 27.410191886127 33.71753894537687 0.1454633772373199 0.9916484579443932 0.6925977990031242 9.53890597820282 0.848310224711895 0.5464419797062874 0.2878327965736389 0.6640925630927086 0.274722196161747 1.264255486428738 0.4326616227626801 0.08716333657503128 0.1212107762694359 69.26466162502766 2.081412419676781 0.607302226126194 0.5302245393395424 0.3195720613002777 0 0.135739877820015 0.5514635592699051 6.904175601899624 3.038682892918587 6.591785155236721 3.561654068529606 10.86071904748678 28.57635183632374 0.439660832285881 2.584199450910091 0.105479009449482 24.44913856685162 2.450668253004551 1.994390316307545 1.392526462674141 0.5222895070910454 1.791344657540321 0.7968856990337372 87.98447895050049 0 0 39.01995754987001 14.17885845899582 44.54892266541719 30.43945895135403 3.02875492721796 2.358485922217369 93.24682501703501 0.2251455336809158 22.91615199297667 14.41097173839808 0 1.76374451816082 2.254893980920315 1.038824960589409 0 0.2918934226036072 0 0.2937779948115349 0.2080668210983276 1.641591362655163 1.347169689834118 0.07999938726425171 81.57272455096245 14.15327455848455 0 0.4668183550238609 0 2.67327107489109 1.182078689336777 4.205112814903259 0 5.315695762634277 6.932622782886028 6.347735404968262 6.801399350166321 6.353626549243927 8.59410959482193 4.008225217461586 25.93021296709776 54.60143712162971 32.16051729023457 35.84495879709721 0.2124770134687424 0.1770472377538681 0.1747359335422516 0.1541069149971008 0 0 0 0 0 0 0 0 0 0 0 0 0 0 0.2142105847597122 5.262733861804008 0.1373983472585678 0 0 0 4.997739158570766 0.1420213878154755 4.948741674423218 0.8820967450737953 0.3802362978458405 0 0 0 0.112079806625843 0.157481461763382 0 0 0.1873926967382431 0.1137237325310707 0 0 0 0 0.1028887331485748 0 0 0 0 0.7319301664829254 0 0 0 8.988423563539982 0.1404343545436859 0 0 0 0 0 0 0 0 25.13832237571478 0.8374994695186615 0.2385433465242386 0.3170004785060883 0 14.39326045662165 0.4316197782754898 2.76763891428709 0 0.1135232821106911 0.536932997405529 0 0.09600406885147095 0.106624647974968 0 0 0 0.08570977300405502 0 0 0 15.92281527072191 6.150923110544682 2.826626285910606 166.1965105161071 5.996149696409702 212.6539030373096 22.21771922707558 28.47682951390743 19.900804027915 0.7196254283189774 23.53497150540352 3.543875746428967 0 1.479168519377708 0.7305019199848175 3.605450935661793 0.1966922357678413 0 0 10.06016303598881 0 82.98722839355469 26.40717976540327
1131.92179466784 761.0129540190101 2.670232579112053 1051.908951118588 87.41457157582045 544.8645230084658 2528.366294629872 2.004557967185974 21.17596577107906 1493.470362633467 6.17776570469141 2576.804827384651 4948.414049170911 223.1876384466887 1.399591080844402 1.087495982646942 0.2236417382955551 0 0 0 0 0 0 0 0 0 0.1237068250775337 0 0 0 115.4908822998405 3.342923633754253 149.6054228246212 0 0 0.1003940030932426 92.8757224753499 3.976048856973648 1.708815202116966 0.742596372961998 0.3295649066567421 0.07252558320760727 0 0.3630654811859131 0 0 23.7454414665699 1.642303183674812 0.3296780213713646 0.2262286841869354 0.3330462276935577 0 0 0 10.21934095025063 5.021417021751404 79.67591281235218 89.394092425704 34.61053644865751 19.33674632012844 0.4699272811412811 2.003915712237358 0.08907908946275711 2.619976572692394 3.017095148563385 1.671791896224022 0.5270349606871605 0.6064249873161316 0.2208439111709595 0 270.7145992144942 0.7117955088615417 0 88.61118000373244 21.83005581796169 6.911623626947403 2.515602461993694 1.382779657840729 0.1179291680455208 2.775092571973801 0 0.4141770526766777 24.60084216296673 0.1396770626306534 1.596356898546219 3.211404986679554 0.3413035050034523 0 0.5848230794072151 0 0.08469948917627335 0 0.2245683744549751 0.1932226717472076 0.09852980077266693 170.2042790278792 41.98928037285805 0 2.301540710031986 549.7741053178906 3.498856104910374 13.25744796544313 60.51963872462511 38.24404230713844 11.42184685915709 42.4162313491106 137.7994056791067 35.65472294390202 76.36062297224998 88.90235178172588 4.810432218015194 167.9200887307525 425.9679825529456 167.9511885121465 54.641531445086 0.2008786126971245 0.3445840924978256 0 0 0 0 0 0.1740745306015015 0 0 0 0 0 0 0 0 0 0 0 8.151315048336983 3.161809653043747 0 0 0.2033242434263229 2.00303852558136 0.109996072947979 3.288189962506294 1.905410878360271 0 0 0 0 0 0 0.2390305027365685 0 0.2965143918991089 1.452525459229946 0 0 0 0 0 0 0 0.08936763554811478 0.6338509693741798 0.9365661516785622 2.874884761869907 0 0 5.22367238253355 0.8049048483371735 0.418383002281189 0 0 0 0 0 0 0 21.24992169439793 0.4152332991361618 0 0 0 12.96014185994864 0 1.497896730899811 1.214688301086426 0.155822217464447 0.2325500100851059 0.218907006084919 0 0 0 0 0 0 0.2373051643371582 0 0 42.62551946938038 1.511204190552235 0.4292286857962608 18.00711829215288 0.6775905638933182 52.30974435061216 3.934958793222904 864.8897062167525 7.64254292100668 0.8719658851623535 0.6194771826267242 0.3112927824258804 0 0.3558731228113174 0.6408463418483734 83.4446464702487 0 0 0 1.983771413564682 0 808.1065273210406 40.22410650551319
3.592550538480282 2928.550809711218 1222.601355575025 0 1196.745329409838 3.936132021248341 555.7379434481263 1703.828035339713 1135.61362157017 6.17776570469141 2013.682921394706 84.68299463391304 705.7055845931172 2069.818740844727 26.7912056222558 34.74626739323139 3.181486219167709 0.7986522540450096 0.1085880994796753 1.511674977838993 2.223791129887104 0.1434198021888733 4.337132386863232 0.3151253536343575 9.371188923716545 2.412453815340996 5.241372935473919 1.489238522946835 0.8893227577209473 0.6739317029714584 124.1358515545726 31.81244304776192 574.6981396973133 0.4618296250700951 6.794075898826122 6.494354896247387 78.61458918452263 66.48562575131655 8.542281091213226 3.476566761732101 12.23010820150375 8.818792968988419 6.332120582461357 3.900677479803562 0.6592439487576485 0.2996158376336098 60.72146271169186 1.313609443604946 1.253377310931683 4.012185014784336 1.537649966776371 0.1075385585427284 0.4891986176371574 0.3542755767703056 2.285284839570522 0.6197116002440453 2.397378847002983 1.441923677921295 5.705375015735626 18.14571906626225 4.134407818317413 464.8045077249408 0.6852139532566071 36.87301658838987 1.127208486199379 1.170666791498661 2.283003181219101 1.600107602775097 8.49031338840723 10.55282331258059 76.93200278282166 3.371923446655273 0 17.14860562235117 15.11299329996109 49.63957426697016 41.31946943700314 18.34450432658195 84.18521439284086 784.5923257768154 0.8248112872242928 336.8129599392414 8.310883775353432 0 0.7282866239547729 1.583692200481892 1.760256201028824 0.224684901535511 0.8892629742622375 0.108890675008297 3.485085129737854 0.8095609918236732 22.76869871467352 14.59301818162203 2.24522390961647 47.22437044233084 19.10776213556528 0.103270411491394 6.35468440502882 1.748337127268314 0.9593316316604614 0.4550467133522034 5.198294095695019 0.3210766315460205 1.864266932010651 2.79568350315094 4.164277210831642 3.068194590508938 2.679814629256725 2.924812942743301 2.351129688322544 12.79497983306646 32.50295582413673 18.66519650071859 31.21137626469135 1.351713910698891 0.5801252350211143 0 0 0 0 0 0 0 0 0 0 0 0 0 0 0 0 0 3.766530156135559 1.911588720977306 0 0 0 4.519539907574654 0.1069473922252655 11.90551993250847 2.112331762909889 0 0 0.2141863033175468 0.2320821583271027 0.08349475264549255 0.9083733409643173 0.5413994565606117 0 0.1268492639064789 0.6766587346792221 0 0 0.2543153837323189 0.9456238001585007 0 0 0 0 0.09173626452684402 0.266146145761013 0 0.5236424207687378 0 8.890317067503929 0.7664763331413269 0.08305878937244415 0 0 0 0 0.3159039318561554 0.103345550596714 0 16.36964789777994 1.275247141718864 0.09527004510164261 0.2481969147920609 0.7944779545068741 11.86086040735245 0.3844422325491905 5.518558137118816 0 0.241669625043869 0.4635039195418358 0.07036594301462173 0.2804787829518318 0 0 0.1300178170204163 0 0.2224829643964767 0.5521790534257889 0.4982508048415184 0.1003070324659348 10.35789529234171 9.456259481608868 7.517922185361385 126.5330506265163 7.136376038193703 167.4337847605348 24.84217919409275 12.70612712204456 8.402494952082634 0.3833405077457428 12.44779702275991 4.286879017949104 0 1.856403164565563 0.3955081030726433 1.390958085656166 0 0 0 8.715120531618595 0 33.5423523709178 17.87383453547955
51.88000642508268 99.08330969512463 28.93387180566788 580.0580100044608 10.21595583856106 85.70433854311705 376.4410009682178 19.90243166685104 14.801738075912 2576.804827384651 84.68299463391304 95.17986928671598 773.9306482374668 211.8987209051847 14.19273238629103 18.21173597872257 2.975853562355042 0 0 0.09943564236164093 0 0.1686325073242188 0.1133225187659264 0.3152392730116844 1.135702483355999 0.2517267465591431 0.5326378419995308 0.3587193861603737 2.94411164522171 0.2891825810074806 25.07522215694189 24.90359349548817 176.0099816396832 0.204287476837635 0.4491008669137955 0.5922617763280869 208.0132122039795 45.35882531106472 20.71623569726944 3.302827045321465 3.074015110731125 2.013927921652794 0 4.392102211713791 0 0.5688105002045631 21.54856809973717 0.1141982525587082 0.594233401119709 0.4029312878847122 0.3096645548939705 0.3608407229185104 2.52941370010376 0.2774826437234879 1.252410583198071 0.2914470061659813 4.818281061947346 5.747033067047596 3.033244132995605 3.420071236789227 4.755113638937473 21.77699381113052 0.7700773626565933 16.05595274269581 0.2678640931844711 0.2741485685110092 0.3142277598381042 0.2922447621822357 0.3607727885246277 0.2732347398996353 275.2216770872474 6.30438594520092 0 8.803948938846588 5.500041350722313 13.22622747719288 12.63921161741018 16.68176033347845 2.288332499563694 22.95907185971737 0.3044139593839645 4.476438172161579 2.740151531994343 0 0.1086932569742203 0.5550278872251511 0.1001697704195976 0 0.08028879016637802 0 0.4193129241466522 0.3578286617994308 1.957261256873608 2.222787454724312 0.7106326669454575 457.1735060214996 42.9766576141119 0.366742879152298 21.0944215580821 31.04395325481892 1.964621417224407 1.871311977505684 16.83454285562038 0.8256204724311829 8.252018474042416 22.81720457971096 52.43493004143238 34.924381762743 31.33463406562805 33.75543658435345 4.851151429116726 89.048046015203 164.2753820940852 103.9378675743937 74.89314656704664 0.2087846621870995 0.7591669410467148 0 0 0 0 0 0.4544415175914764 0 0 0 0 0.2336445748806 0 0 0 0 0.08451902121305466 0 11.95062946528196 2.007349714636803 0 0.08238288015127182 0 9.652041375637054 0.2488164752721786 6.995255567133427 0.8328787088394165 0.2642758637666702 0 0 0 0 0.2066094055771828 0.09505759924650192 0 0.4756080508232117 0.9240568876266479 0.1231343373656273 0 0 0.2203551307320595 0 0 0 0 0 0.410203292965889 0 0 0.5075055360794067 7.96332710981369 1.718086570501328 0.1813757121562958 0 0 0 0.1933188587427139 0 0 0.1159830689430237 44.14654403179884 1.172859154641628 0.1000930443406105 0.1293632090091705 0 19.38902857899666 1.195657327771187 5.859621159732342 0.3249529600143433 0.9826770201325417 0.4673958569765091 0.1981226727366447 0.1974746361374855 0 0 0 0.1232183799147606 0 0.1028219014406204 0.13194440305233 0.1214621961116791 50.47279105335474 9.336413636803627 3.27215588837862 56.21400789916515 1.31921860575676 59.9108681678772 13.53411944955587 95.96491507440805 3.031222447752953 0 5.185034662485123 2.623626798391342 0.09831418097019196 2.095795057713985 0.4029619097709656 24.04383737593889 0.5667383074760437 0 0 3.791010409593582 0 438.7307376936078 85.60063184052706
59.64507687836885 1114.057928822935 74.16273351758718 733.499149993062 490.2068236917257 90.98741211742163 5662.463028900325 35.50498863309622 433.0777545198798 4948.414049170911 705.7055845931172 773.9306482374668 5133.531977273524 4402.240523636341 43.08369541168213 50.97155507653952 6.779594197869301 0.6336831822991371 0.7894081547856331 0.6460404470562935 1.160457290709019 0.4839734435081482 0.9492813646793365 0.5809242948889732 4.986490793526173 1.625991150736809 3.5262251496315 1.542090386152267 2.7093765437603 1.309306435286999 46.82035204023123 61.12504486739635 823.2991327121854 0.3852219432592392 1.595882542431355 2.306389831006527 795.6896218210459 108.1636101529002 50.32488515973091 10.4820424541831 5.954214207828045 4.866892524063587 2.457450300455093 12.98396022617817 0.1032204404473305 1.805994242429733 66.13920922577381 0.707100048661232 1.123668409883976 2.048816792666912 0.4510948210954666 0.3605902120471001 2.498107798397541 0.3190789297223091 2.570828549563885 1.244421854615211 8.793782703578472 9.372670128941536 7.274554826319218 12.5136127397418 7.949481055140495 46.95473746955395 0.7117953449487686 52.3894857391715 0.8191884160041809 0.9293058440089226 0.8280229195952415 0.6549074575304985 2.651658423244953 3.250582046806812 546.036813095212 5.986835509538651 0 20.21039201319218 13.503651894629 40.44559022039175 41.56565400213003 28.31905186921358 7.145903319120407 110.0900109410286 0.9362954348325729 36.92732448130846 7.488148659467697 0.09341768175363541 0.5637298077344894 1.188448719680309 0.6160910502076149 0 0.4730883315205574 0.3810543492436409 1.776650160551071 0.9641865938901901 11.00186368077993 7.795908853411674 1.291690558195114 876.3578225895762 52.40051317214966 0.5208713412284851 35.49224758893251 37.55020345002413 9.678915597498417 4.883135676383972 54.24590725451708 13.41864854842424 19.28228778392076 78.3731105029583 81.08526888489723 52.88504146039486 111.3126413524151 80.74980180710554 9.862073563039303 230.0865480154753 351.3406706526875 218.5138425529003 186.5956158638 2.292471446096897 1.586200721561909 0.1841165125370026 0 0.1222985088825226 0 0 0 0 0 0.1607675999403 0 0.5236061587929726 0 0 0 0 0 0 24.61331100016832 4.839349076151848 0 0.2959515750408173 0 20.08339191973209 0.3469246327877045 24.47505585104227 3.924537196755409 0.536161832511425 0 0.1847945004701614 0 0.714262880384922 1.289039447903633 1.099305108189583 0.1240508556365967 1.348008260130882 2.375358551740646 0.2289435043931007 0 0.2167347148060799 0.6202683225274086 0 0 0.4914990961551666 0.1641086488962173 1.14724575728178 2.928501084446907 0.1382029205560684 0.3202849477529526 0.6992738842964172 26.90318323671818 1.626756727695465 1.225057788193226 0.4110586419701576 0 0 0 0 0 0.4759348183870316 103.2702191993594 5.40728110820055 0.09841791540384293 0.2613076865673065 0.7277894392609596 52.35140900313854 1.963710360229015 10.29095761477947 2.530180722475052 2.825264319777489 2.803197510540485 1.293270222842693 0.8458311557769775 0.137481115758419 0.1340622752904892 0 0 0.1374725103378296 0.2371355071663857 0.1480696201324463 0 105.3643747642636 23.91235604137182 14.89565708488226 171.6507242172956 4.690614849328995 189.4166928976774 37.49696708470583 88.41502147912979 10.88471020013094 0.399338960647583 23.4039893746376 5.751611486077309 0.1141611188650131 12.00712044537067 3.16081103682518 30.74470639973879 0.548348642885685 0 0.4536541104316711 13.2228045091033 0 629.2733307108283 160.1709701567888
