526.7893883511424 3120.4723155424 253.8241390138865 1706.970676995814 98.55801450461149 276.1829685866833 926.7105271965265 5.818746380507946 88.35101280361414 2012.96497849375 70.08589065074921 65.79660933464766 111.7503392547369 105.4690019376576 0.2550373673439026 0.253495916724205 0 0 0 0 0 0 0 0.1370294690132141 0.3453870862722397 0 0.1439123600721359 0.2874493449926376 0 0.0713978111743927 539.1079825758934 1.094071470201015 10.34516897797585 0 0 0.6584926098585129 8.807470105588436 0.3656790256500244 1.215509735047817 0.5014687851071358 0.1218365803360939 0.07991191744804382 0.1874230206012726 0.2191542088985443 0.09364163130521774 0.08135081827640533 67.09087951481342 4.402938790619373 0.905749499797821 0.1092927828431129 0.3430328592658043 0.4454844892024994 0 0.1006053015589714 10.35848444700241 13.34780232608318 189.9557026587427 486.6872937977314 51.86795238405466 32.56536543369293 0.158487893640995 1.654819279909134 0 4.493193753063679 4.208984740078449 1.978382758796215 0.7728588506579399 0.2276311665773392 0 0.08797153830528259 12.98553166538477 3.83260440826416 0 265.7178138308227 59.49636471271515 26.24390621855855 3.287060014903545 0.1801926791667938 0.1985407248139381 9.65505712479353 0.07969455420970917 1.633871372789145 27.46643707901239 1.150420069694519 6.260746911168098 6.14353284239769 0.212478443980217 0.9999228566884995 0.9551623240113258 0.4689719751477242 0.836767166852951 0.2853510454297066 0.1553429216146469 1.090451776981354 0.3883284777402878 93.28883941471577 4.470432572066784 0.1579949110746384 2.745910041034222 1654.081440716982 0 0.4355975389480591 0.3894834071397781 0.8771450966596603 0.1286676526069641 1.061583817005157 3.397688388824463 0.2623578906059265 6.192324452102184 8.42900525033474 0.4013064652681351 3.584570243954659 16.83497424423695 4.74322060495615 3.059765920042992 0.3088346272706985 0 0 0 0 0 0 0 0 0 0 0 0 0 0 0 0 0 0.1212899014353752 0.1444718241691589 0 0 0 0 2.008794851601124 0.4951474964618683 2.420583128929138 2.240826711058617 0.8861252069473267 0 0 0 0 0 1.403895497322083 0 0 0.09070608019828796 0 0 0 0 0 0 0 0 0 0.1022839546203613 0 0 0 1.315832197666168 0 0 0 0 0 0 0 0 0.596373438835144 5.75272560864687 0 0 0 0 1.617051228880882 0 1.295215487480164 0.1476001888513565 0 0 0 0 0 0 0 0 0 0 0 0 8.234333366155624 0.9600815251469612 0.9355744048953056 395.7605454325676 6.233998604118824 147.2199558541179 7.306586928665638 578.5942478254437 4.769604355096817 2.922753296792507 5.253888927400112 2.472160845994949 0.08669023215770721 0.4331201910972595 0 19.58822347968817 0 0 0 2.642790198326111 0 133.1350253149867 7.761494785547256
3120.4723155424 1672.304428003728 496.7739527821541 1725.904215984046 2085.82774797827 162.083805732429 3953.24945371598 85.02601633220911 1548.38964535296 3269.291535310447 781.8794163316488 276.9012872129679 968.754491314292 1754.687590230256 2.342399023473263 1.194833941757679 0.3219514042139053 0.2142870351672173 0 0.470767967402935 0.7953365966677666 0.1317075490951538 0 0.1706342995166779 1.54500825330615 0.7579872161149979 0 1.050073884427547 0 0 2798.302015390247 37.32158940285444 37.2529099881649 0 0.2945539653301239 2.019869662821293 26.32423939555883 3.696759887039661 2.815467774868011 3.270669065415859 0.1875778809189796 0.4073323979973793 0.1347535401582718 0.4493748545646667 0 0.2024658918380737 172.445689111948 8.288184851408005 2.682045608758926 0.07854998856782913 1.889095865190029 0.2020670101046562 0.1648704260587692 0.07925134152173996 16.68247856199741 30.64756522327662 211.9608241468668 826.1181337609887 87.58278066664934 77.67685037106276 1.544566184282303 6.594532199203968 0 43.18849020451307 12.66445243358612 4.714179381728172 1.663057148456573 0.1635082066059113 0 0.1718948036432266 25.72324642539024 2.460737138986588 0.2173070833086967 505.1791724078357 208.4711996763945 86.11374299973249 18.63747920840979 1.384781904518604 1.134074717760086 38.36866080760956 0.5628936737775803 5.415820386260748 53.40043712407351 2.223034657537937 13.76466784626245 15.27619028836489 0.8673215955495834 0.4276036322116852 3.181251637637615 0.1814123764634132 3.555479384958744 1.064549267292023 0.3593763560056686 3.541342362761497 0.8324774652719498 31.77864526212215 15.46079820394516 0.07425932586193085 7.779599279165268 1142.269422955811 0.8494588956236839 1.638143286108971 2.036227069795132 2.827375262975693 2.280423328280449 2.400699935853481 1.32164803147316 0.1608047187328339 6.812350459396839 4.568994030356407 0.6344007253646851 11.46123366802931 12.19086380302906 10.84717842191458 10.69719396531582 1.059689588844776 0.424684077501297 0 0 0 0 0 0 0 0 0 0 0.1434441953897476 0 0.216377928853035 0.1455556005239487 0.5801329016685486 0 0 1.974725663661957 0 0 0.241995245218277 0.5292043685913086 9.162165738642216 1.030736744403839 12.38182159513235 2.958382852375507 4.249155290424824 0 0 0 0 0.2538910359144211 0 0 0 0.6624588519334793 0 0 0 0.08684796839952469 0 0.196213997900486 0 0.1533156782388687 0 0 0 0 0.6352493613958359 8.312292911112309 0.3894431293010712 0 0 0 0.1400751769542694 0 0 0 0 16.33863690495491 0.1836925446987152 0 0 0 5.283729530870914 0 2.061862289905548 0.09195637702941895 0.2279160097241402 0.852952353656292 0 0.4697835147380829 0 0.1063226982951164 0 0 0 0 0 0 13.11612247675657 3.611020587384701 7.775545798242092 194.2308913096786 11.51762153208256 336.8855700045824 16.91556233167648 328.0887334644794 13.20699828118086 2.356907017529011 7.155447527766228 3.347977519035339 0 1.80684307962656 0.5455955862998962 5.538374498486519 0.1812938451766968 0 0 7.37762451171875 0 105.772275686264 14.00806565582752
253.8241390138865 496.7739527821541 776.4608699679375 8.364255234599113 399.1308640688658 3.383137211203575 80.92520729079843 1430.731795571744 611.474402166903 78.04940924048424 2937.078044943511 8.256906233727932 142.7306268215179 1190.272445805371 1.579325735569 0.881324477493763 0.6006658971309662 0.06584367156028748 0.07563129812479019 0.2580873221158981 1.088181786239147 0.1737153083086014 0.5495165139436722 0.3954559937119484 9.117146149277687 3.675885364413261 2.258076913654804 3.182001240551472 0.3715979531407356 0.1510637104511261 4421.039016775787 527.2832956835628 110.6841549277306 0.1064988300204277 2.362947702407837 26.64504773914814 78.03246449679136 30.92766536772251 10.21834697574377 12.43659440428019 5.10645392537117 4.811500489711761 0.2394520044326782 0.3342894166707993 0.1150272339582443 0 49.92197819054127 2.362350568175316 0.697492703795433 0.2701033726334572 0.5671734213829041 0.1590325534343719 0 1.217375591397285 4.1955736130476 8.26363879442215 83.70452012866735 563.5891797095537 25.38347282633185 21.21712437272072 6.586703926324844 74.43616776913404 0.9475358128547668 56.27480029314756 2.805475190281868 1.273060239851475 0.4344822689890862 0.1080038100481033 0 0.70189069211483 24.16664849966764 5.43897707760334 0.5822347402572632 171.6067216768861 77.28382004797459 24.96647465974092 8.224735498428345 3.739836387336254 14.61843863129616 617.8647643774748 1.404642477631569 87.82050271332264 13.93191641569138 0.752780869603157 3.263946838676929 2.844540491700172 0.3685423359274864 0 0.7998378276824951 0.2981178984045982 0.8911572843790054 0.2759789675474167 1.249340496957302 1.874446988105774 0.6167712956666946 24.16167845577002 5.484207041561604 0 5.867681905627251 108.6513015404344 0.3007732927799225 0.2542813122272491 0.2670177817344666 0 0.4330933839082718 1.543009743094444 0.9288194179534912 1.3409563601017 4.591660611331463 3.967921048402786 0 5.711392723023891 6.870711825788021 5.575336433947086 7.479938924312592 0.9625059068202972 0.4118197560310364 0 0 0 0 0 0 0 0 0.1363862454891205 0 0.6160610988736153 0.218619629740715 0.1834105998277664 0.2280981540679932 0 0.2964267730712891 0.2707547247409821 1.32938127964735 0 0 1.945058152079582 0 5.77696393430233 1.73616311699152 8.189284160733223 4.951792299747467 1.766773849725723 0.1703824698925018 0 0 0.1007138565182686 0.2162180244922638 0 0 0 0.8445370197296143 0 0 0 0.5173579975962639 0 0 0 0 0.4003450497984886 0.08203556388616562 0 0 0.3902342468500137 5.555117562413216 0.4930937513709068 0 0 0 0 0 0 0 0.2201505899429321 15.15065869688988 0.8663636147975922 0 0.1307529360055923 0 2.761027425527573 0 0.9986816421151161 0.2182334512472153 0.5197261199355125 0.3583192750811577 0 0.1085112690925598 0 0 0 0 0 0 0 0 8.143830083310604 4.446347057819366 9.295464545488358 66.44259892404079 3.027425020933151 92.94149976223707 9.179978333413601 26.31094266474247 4.819250300526619 0.2057462930679321 2.534684658050537 3.202461011707783 0 2.213490828871727 1.321709506213665 1.270348101854324 0 0.1025807186961174 0 1.320078708231449 0.5246312618255615 48.96799760311842 17.94351553916931
1706.970676995814 1725.904215984046 8.364255234599113 778.0576159507036 47.64088306576014 356.6866488307714 1313.678081460297 1.763044305145741 10.0854280218482 2984.445908069611 6.59454084187746 29.42783170938492 227.3637444525957 34.19780631363392 0 0 0 0 0 0 0 0 0 0.1374747455120087 0 0 0 0 0 0 71.7403624355793 0.8352799862623215 0.7461327016353607 0 0 0.2517795786261559 1.448169305920601 0 0.2944781258702278 0.1546939164400101 0 0 0.09494512528181076 0 0.07697585225105286 0 34.06932397186756 1.375302202999592 0.1110922768712044 0 0.147413358092308 0 0 0 1.90756469219923 3.487068258225918 36.71712900698185 55.96689563244581 10.23159024864435 16.51506663113832 0 0.5507655292749405 0 3.913681365549564 1.414216980338097 0.3632291108369827 0.1386829316616058 0 0 0.1683463975787163 3.874179497361183 1.066498279571533 0 65.61262515932322 23.04073911160231 12.13525603711605 0.6836889907717705 0 0 1.077082514762878 0 0.2029518112540245 6.819176480174065 0.08736568689346313 0.6366549283266068 2.033356949687004 0 0 0.2375959157943726 0 0.1875603571534157 0.07738103717565536 0 0.3830709606409073 0.1902815029025078 11.15449805557728 0 0 0.185671478509903 720.4317162334919 0.4187471866607666 0 0.4776866734027863 0.258286327123642 0 0.4708526134490967 0.8780651092529297 0 1.015423059463501 2.374279752373695 0.1263435184955597 2.674479886889458 3.118218898773193 1.84083529561758 2.619566142559052 0 0 0 0 0 0 0 0 0 0 0 0 0 0 0 0 0 0 0 0.1785758286714554 0 0 0 0 2.227277666330338 0.9981429576873779 1.275534570217133 0.8249271214008331 0 0 0 0 0 0.1305499821901321 0 0 0 0.3129610121250153 0 0 0 0 0 0 0 0 0 0 0 0 0 2.208561629056931 0.2638603746891022 0 0 0 0 0 0 0 0 4.014087535440922 0 0 0 0 0.1175065189599991 0 0 0 0.2757173478603363 0 0 0 0 0 0 0 0 0 0 0 5.54375496506691 1.859826743602753 1.895595267415047 65.11223481595516 1.219740986824036 55.72282376140356 3.258072532713413 296.8053041473031 3.123092778027058 0.1058153286576271 0.07855914533138275 0 0 0 0.129931777715683 9.354980707168579 0 0 0 0.9596906900405884 0 27.73377805948257 6.338872902095318
98.55801450461149 2085.82774797827 399.1308640688658 47.64088306576014 3993.748531922698 20.55220317095518 3133.748301558197 76.75896275788546 5601.326780855656 1242.073388166726 1078.230560585856 111.4977136254311 1183.80782558769 3208.064152881503 1.549550481140614 0.7840213254094124 0.1106498688459396 0 0 0.09403084218502045 0 0 0 0 0.1028151661157608 0 0 0 0.1876235157251358 0 209.9111217930913 21.28253544121981 11.01413851231337 0.0899171382188797 0 0.4341780915856361 8.922433383762836 0.5753712505102158 1.313679084181786 0.188229113817215 0 0 0 0.311615563929081 0.0921906903386116 0 68.41644576191902 1.436447888612747 0.6575971320271492 0 0.0825171023607254 0 0 0.08322624117136002 3.857239440083504 6.097296856343746 18.28628347069025 93.70807156711817 10.09250056743622 24.89466884732246 0.2437948510050774 0.8434278443455696 0 30.51312783360481 2.095657914876938 0.9386627078056335 0.2399188727140427 0 0 0.1909636780619621 17.56262434273958 0.8003615736961365 0 87.5626825504005 59.59519996494055 38.98410441726446 10.24173394590616 1.077016994357109 0.6907106265425682 5.536766104400158 0.2663065567612648 0.3202187791466713 10.3206332474947 0.3847248405218124 3.215093225240707 2.096227161586285 0.2929059118032455 0 0.3883464261889458 0.178737610578537 0.5133000984787941 0.2044076174497604 0.09736381471157074 0.6181838139891624 0.2771922871470451 13.6391534730792 4.263834118843079 0 5.753053367137909 30.05409958213568 0 0.1630974411964417 0.7394373863935471 0 0.1573861092329025 2.724970407783985 2.306315898895264 0.9032666981220245 10.28984566777945 4.918454892933369 0.6969610899686813 7.379427425563335 10.37439828366041 11.10881328582764 3.764925345778465 0.3829446211457253 0.3018548041582108 0 0 0 0.1588571518659592 0 0 0 0 0 0 0 0 0 0 0 0 0 0.3941568583250046 0 0 0.7206851541996002 0 4.778232514858246 1.561019077897072 10.24543196707964 3.998621121048927 0.1562920361757278 0.2107812017202377 0 0 0.1836719959974289 0 0.1605612933635712 0 0.262613981962204 0.2556529194116592 0 0 0 0 0 0 0 0 0 0 0 0 1.610946655273438 6.92127663642168 0.18459352850914 0 0 0 0 0 0 0 0 11.10332053154707 0.1599818170070648 0 0 0 2.062138773500919 0.2394851893186569 1.245729520916939 0 0.1327515840530396 0.6946105062961578 0.5711426511406898 0.2426590919494629 0 0 0 0 0.1280969828367233 0 0 0 14.92497046291828 4.0650834441185 4.849867403507233 64.98840831965208 4.270794875919819 97.5907122567296 4.682523384690285 27.86260531842709 7.800545327365398 0.7479424551129341 3.831029884517193 1.586778536438942 0 0.5958498045802116 0 3.297210186719894 0 0 0 1.496445335447788 0 47.85442238301039 15.23850324004889
276.1829685866833 162.083805732429 3.383137211203575 356.6866488307714 20.55220317095518 16.42836354672909 138.7615237906575 0.1382352113723755 6.801151238381863 899.8037069886923 10.68854789435863 252.3027066588402 203.5082081109285 46.41148992627859 1.298478990793228 0.7008578106760979 0 0 0 0 0 0.6970704272389412 0 0 0.3494212701916695 0 0 0 0.09112416952848434 0 22.63131073117256 0 25.63292099535465 0 0 1.051295608282089 36.77703274786472 0.9451837912201881 5.115627385675907 1.339193373918533 0.1384132951498032 0 0 0.1111193522810936 0 0 7.199980571866035 0.2331624776124954 0 0 0 6.850607611238956 0.5611041113734245 0 0.9056176394224167 0.08458863198757172 131.0782095640898 27.54201114177704 4.135953672230244 2.727965205907822 0.211519181728363 2.276456974446774 0.225340411067009 0.6264828518033028 0.5008128732442856 0.2215184345841408 0 0.12227563560009 0 0 93.85146941244602 44.74255859851837 3.491679519414902 12.20363695174456 2.964595958590508 2.199428044259548 0.6743474155664444 0.1123509928584099 0 1.342613391578197 0 1.828080244362354 0.544164665043354 0.1459173113107681 0.1717551872134209 0.8330501019954681 0 0.9932680502533913 0.7721237242221832 2.678958304226398 0.783732108771801 1.167309530079365 0 0 0.1143638119101524 155.5721159502864 39.01103807985783 9.882602095603943 26.04790677130222 811.1797083467245 0 1.778354614973068 1.064899772405624 1.935734033584595 0.9592526257038116 3.410027474164963 15.16657112538815 0.5347815155982971 15.24397243559361 29.24219135195017 0.7446642220020294 16.12813474237919 28.65154533833265 14.37585880607367 8.049609877169132 0.2003276646137238 0 0 0 0 0 0 0 0 0 0 0 0 0 0.1171332374215126 0 0.1431698203086853 0.4853130280971527 0.797474279999733 0.8388497084379196 0 0.09296608716249466 0 0 0.9887558966875076 0.4021667540073395 11.59213179349899 0.9825934767723083 1.412687301635742 0 0 0 0 0 0 0 0.1150538250803947 1.45919294655323 0 0 0 0.1145457997918129 0 0 0 0 0 0 1.613114684820175 0 0 3.749324396252632 0 0 0 0 0 0 0 0 0 22.55154827982187 1.550953075289726 0 0 0 1.546119503676891 0 2.220987737178802 0 0.2170374840497971 0 0.1496679335832596 0.500143826007843 0 0 0 0 0 0 0 0 42.64317151159048 1.342946529388428 2.088500678539276 306.2979045882821 0.7406778559088707 11.13816559314728 2.082962229847908 281.7996296361089 1.428485155105591 2.592750206589699 0.2472197264432907 5.644019216299057 0 0.3210091888904572 0.4687129259109497 46.93958157300949 0 0 0 0.578208863735199 0 158.2416909709573 28.54141984879971
926.7105271965265 3953.24945371598 80.92520729079843 1313.678081460297 3133.748301558197 138.7615237906575 969.9817297533154 33.11628353223205 1458.255651973188 4205.142106056213 369.5591875351965 543.0768298432231 4934.669540248811 2467.28902348876 2.723348528146744 0.7365453243255615 0.2191959172487259 0 0 0.5447923913598061 0.2750354260206223 0 0 0 1.860711477696896 0.2220323160290718 0.1063197702169418 0 0 0 261.6235470101237 31.02863071113825 19.36252177506685 0 0.2189350053668022 0.8080367259681225 36.27828975766897 1.741283312439919 4.897380262613297 0.7490373477339745 0.3176480457186699 1.264950379729271 0 0.5690001174807549 0 0.2531844973564148 169.907190695405 4.132873117923737 1.694766134023666 0.1505760848522186 0.7479477226734161 0 0 0.1560316979885101 8.271509855985641 12.98903389275074 43.75392423197627 191.0334161147475 28.51331191882491 67.38300292938948 0.686160571873188 1.782533578574657 0 49.97148096561432 4.953066259622574 2.57639217376709 0.471828781068325 0.07634198665618896 0.3385237231850624 0.3051982671022415 57.13642619550228 5.984162323176861 0.1844267770648003 208.3107760287821 147.5874913819134 82.32953258603811 24.10660732537508 3.595427587628365 1.990935616195202 4.988767437636852 0.1649094969034195 1.941981248557568 23.5246724486351 0.7192729562520981 6.52403536438942 5.216178007423878 0.4439931586384773 0.4255535751581192 1.191409856081009 0.3510561212897301 0.9740676656365395 0.345969170331955 0.1914383098483086 1.472222149372101 0.9835856482386589 81.73588720709085 16.35762733221054 0.06718649715185165 18.40656984597445 87.63758549839258 0.8466259688138962 1.193872421979904 7.708530478179455 2.036702767014503 2.334719590842724 6.397404536604881 6.657190136611462 1.3548274487257 25.94172897189856 20.58531225472689 4.118712060153484 29.03243330866098 36.97110721468925 29.92772702127695 23.22518090903759 1.744154408574104 1.61718163639307 0 0.4363373219966888 0 0 0 0 0 0 0 0 0.1597293317317963 0 0 0 0 0 0 2.170598655939102 0 0 2.284219741821289 0 16.71778777986765 4.741872161626816 22.10347554832697 12.03097622841597 3.487687729299068 0 0 0 0.1153509318828583 0.1232570633292198 2.211448043584824 0 0.2022860497236252 3.805779933929443 0 0 0 1.255208745598793 0 0 0.3853490650653839 0 0.6043703183531761 0.869617335498333 0 0 0.8359832167625427 15.61687707901001 1.64684035629034 0 0 0 0 0 0 0 0.2053092867136002 49.46478754281998 0.3036280572414398 0 0 0 11.20500326156616 0 6.192709811031818 0.230889193713665 0.5084365010261536 2.512627094984055 1.101628467440605 0.4202278554439545 0 0 0 0 0 0 0 0 45.10747789591551 17.18077107518911 19.04916523396969 181.0059626623988 7.212189435958862 268.5420003980398 14.96702942997217 145.4136021658778 16.0734475851059 1.411210805177689 6.618315011262894 12.56537865847349 0 8.279174067080021 2.614112183451653 17.24715387821198 1.434472963213921 1.358463406562805 0 6.303303927183151 0 167.3874548971653 56.72777844965458
5.818746380507946 85.02601633220911 1430.731795571744 1.763044305145741 76.75896275788546 0.1382352113723755 33.11628353223205 2669.750528223813 37.76037373393774 12.36652719974518 2262.181318446994 5.430114604532719 16.34780871868134 440.8569260239601 4.052123956382275 3.022121429443359 0.5927314683794975 0.3233214095234871 0.1062938272953033 0.7075017094612122 10.69059459120035 0.3109126836061478 1.290112040936947 1.863842263817787 22.29985743761063 12.63659729063511 6.934763498604298 14.49228748679161 0.8628110513091087 0.5584117695689201 1988.401279918849 1842.626269608736 131.3766175657511 0.442175030708313 9.472774356603622 83.64408655464649 100.911953099072 62.93835350126028 13.6659502312541 17.1223273947835 22.37383565306664 17.21606297045946 0.3583890721201897 31.35420722514391 0.2270976677536964 3.277713418006897 122.3103268817067 1.71586886793375 0.2748305946588516 0.3560821637511253 0.3436157926917076 0.3781670331954956 0.2114064693450928 2.079820483922958 3.941151134669781 5.842071749269962 36.41738185286522 364.1646757572889 17.97277383506298 30.46752547472715 62.07461087405682 218.7048861011863 5.835094377398491 372.2297144755721 1.380482666194439 0.9439893960952759 0.7926080897450447 0.6623482331633568 0.5105141028761864 4.699238300323486 12.59362097084522 2.836278267204762 0.1903372257947922 123.9433566257358 123.8067412823439 48.87499865144491 112.9072732105851 217.0873217061162 719.6586445719004 1908.930447824299 39.92886933684349 799.6910174638033 8.966561689972878 0.07875416427850723 3.398618679493666 1.896722167730331 0.9374698027968407 0.1806342154741287 0.4677604660391808 0.1406149119138718 0.6643789857625961 0.9493219256401062 9.530385546386242 4.760805644094944 1.571906566619873 10.4244379773736 1.605804964900017 0.258576512336731 6.453495152294636 12.65858390927315 0.08916489034891129 0 0 0 0 0.1001000553369522 0 0.1263665705919266 0.7619636952877045 0.1116704195737839 0.671726256608963 0.4685758948326111 0.2510430738329887 1.033004261553288 0.4558371007442474 0.9149356409907341 0.1804951876401901 0 0.1234176680445671 0 0 0 0 0 0 0 0.1410302668809891 0.5524792745709419 0.1291571259498596 0 0.2874631881713867 0.1225689500570297 0.1164413020014763 0.2129256576299667 0.5383147299289703 0 0 0.2177194133400917 0 1.374661393463612 1.574640765786171 3.028355561196804 1.162578575313091 1.517912626266479 0 0 0 0 0.08998911082744598 0.1226300373673439 0 0 0.09462989121675491 0 0 0 0.6579082533717155 0 0 0 0 0 0 0.1071754992008209 0 0 1.414967656135559 0 0 0 0 0 0 0 0 0 2.235668055713177 1.063819386065006 0.1475531458854675 0 0 0.6711969897150993 0 0.2833565473556519 0.4794475957751274 0.0834876224398613 0.80598284304142 0.08787059038877487 0.1460908800363541 0 0 0 0 0 0 0 0.1784181743860245 0.7838021442294121 0.55726557970047 3.647021740674973 65.07745926827192 3.138695143163204 137.8847892433405 16.55071401596069 8.880570270121098 14.42399778217077 0.2665642499923706 4.363312102854252 3.299284800887108 0 1.340389892458916 0.2814602479338646 0 0 0 0 3.748923622071743 0 21.91559969633818 2.536026433110237
88.35101280361414 1548.38964535296 611.474402166903 10.0854280218482 5601.326780855656 6.801151238381863 1458.255651973188 37.76037373393774 1446.495606400073 420.4991463199258 674.9014474526048 48.98597697913647 1049.599650934339 4158.438559472561 0.9151701405644417 0.831849604845047 0 0 0 0 0.2881112024188042 0 0.1117653325200081 0 0.4620634764432907 0.1717606335878372 0.1182997822761536 0 0 0.08313222974538803 128.1474098861217 7.889905706048012 38.71369244158268 0 0.3039868921041489 0.2527578100562096 16.58680717647076 1.065041527152061 1.690511219203472 0.08013588190078735 0 0 0 0.4912876188755035 0 0 38.32572330534458 1.109981164336205 0.677253820002079 0.1059018447995186 0.07569370418787003 0 0 0 1.358768984675407 3.072817161679268 9.826788924634457 52.11594446003437 6.324514493346214 14.47072718292475 0.1224025189876556 1.44962215423584 0 13.58267560601234 0.3941731527447701 0.8416658863425255 0.2567061930894852 0 0 0 24.22684230655432 3.186030007898808 0 37.78571230173111 27.71401641517878 18.30658844858408 7.39403210580349 0.9645812809467316 1.317256957292557 4.050020284950733 0 0.1727028340101242 3.852431021630764 0.1885786727070808 1.418620303273201 1.178932383656502 0 0.07345224916934967 0.5090250968933105 0 0.4226155802607536 0.07564438879489899 0 0.8520863801240921 0.3123663887381554 14.44193144142628 6.54000960290432 0 4.044972315430641 27.10253691673279 0.771245539188385 0 2.694390267133713 1.181876182556152 0.6122183203697205 2.695682838559151 1.330056831240654 0 6.079601548612118 7.511009305715561 0.7021785378456116 9.360869474709034 10.17964826524258 10.80336736887693 8.346531927585602 0.5346389561891556 0.2104718685150146 0 0 0 0 0.1794267594814301 0 0 0 0 0 0.5428615808486938 0 0 0.1636236011981964 0.2317740768194199 0 0 0.338295042514801 0 0 0 0 6.635508164763451 0.7943103760480881 9.01462583988905 3.087918400764465 2.003679811954498 0 0 0 0 0.1081538870930672 0 0 0 1.246371209621429 0 0 0 0.2359251454472542 0 0 0 0 0.08102112263441086 0.1210115179419518 0 0 1.031935811042786 7.32670334726572 0.2708530128002167 0 0 0 0 0 0 0 0.1992382407188416 14.72446821630001 0.4527235627174377 0 0 0 3.049453303217888 0 1.954830482602119 0.09717459231615067 0.8861646875739098 0.9480464681982994 0.3049798309803009 0.7670409306883812 0 0 0 0 0 0 0 0 12.81367426365614 5.145280718803406 4.753481760621071 43.14485324174166 1.670617215335369 54.72635620832443 3.589009784162045 26.86016649007797 6.409155964851379 0.2118995562195778 4.147183455526829 2.067450866103172 0 2.87856201082468 1.145680211484432 3.399874746799469 0 0 0 1.668560430407524 0 47.25902882218361 13.9349310696125
2012.96497849375 3269.291535310447 78.04940924048424 2984.445908069611 1242.073388166726 899.8037069886923 4205.142106056213 12.36652719974518 420.4991463199258 3714.108371689916 266.5806844383478 2179.752919711173 10141.81770199537 1118.696921080351 2.84400150924921 1.277467601001263 0.2680020332336426 0 0.1029525101184845 0.07550991326570511 0 0.207080215215683 0 0 0.6949962973594666 0 0 0 0 0 151.4739336967468 16.20212623476982 89.73647826164961 0 0 1.257169961929321 186.6559317708015 1.115890104323626 10.16419544816017 2.212142273783684 0.3509242162108421 0.4010360687971115 0 0.2320302426815033 0.1961714774370193 0 171.6376372650266 2.417760260403156 0.7551839053630829 0.2298819273710251 0.08222965151071548 0 1.731273770332336 0 5.99676525592804 7.100845903158188 57.75913435593247 107.9308272525668 24.27679098397493 46.65605997294188 0.1771330758929253 2.501635111868382 0 33.20728167891502 2.861553445458412 1.641733765602112 0.3846368193626404 0.07658059895038605 0.1653818637132645 0.07302974164485931 300.6465810909867 28.15316656976938 0 136.8345383107662 74.21603385359049 50.4904266372323 13.16103112697601 1.984652265906334 1.713522240519524 4.153690554201603 0.2250893712043762 1.728356830775738 15.79199651628733 0.1948376297950745 2.051596626639366 2.993331491947174 0.0928482785820961 0.4827105775475502 0.7537896409630775 0.2894246429204941 0.5203563272953033 0.2737229466438293 0.1279261261224747 1.268640384078026 0.5191900432109833 588.2111642956734 98.15442471206188 0.4247081577777863 90.76644226163626 682.3586491048336 4.635501742362976 8.435695648193359 52.70575413107872 16.45165853202343 4.103294543921947 59.1777892485261 30.04229921847582 9.052692130208015 98.3792250007391 95.08782535046339 13.2098863273859 135.6198006272316 194.2010224685073 121.1758970618248 87.85181846469641 4.616526491940022 1.074874080717564 0 0 0 0 0.1411118507385254 0 0 0 0 0 7.908561289310455 0 0 0 1.02581262588501 0 0.9498850107192993 11.79543143510818 0.1131416633725166 0.3282180428504944 11.71337032318115 1.482773825526237 63.18394834548235 36.08142396807671 102.0603923797607 37.66282456368208 20.26165667176247 0.3943859338760376 0 0 0 2.143709607422352 1.681864619255066 1.549382701516151 1.536387719213963 10.15473753958941 0 0.2469324320554733 0 3.287067532539368 0 0.1469497978687286 0.1047869101166725 0 1.580035053193569 5.040229924023151 0 0.4713634103536606 8.868034116923809 67.59042505174875 5.325963415205479 0.7251579910516739 0 0 0 0 0 0 0.2847156822681427 190.6252795234323 1.837343096733093 0 0 0 35.59633684158325 0.5340661406517029 27.84770825505257 2.44867455214262 3.154434852302074 6.425633229315281 1.036140941083431 3.720654539763927 0 0 0 0 0 0.09968907386064529 0 0 174.3211019560695 40.75322390347719 59.1520888954401 441.2314118295908 5.425572529435158 265.1682900041342 20.47735667228699 860.6564544886351 44.50090758502483 1.1380665153265 11.06642137467861 48.55178356915712 0.5335032343864441 27.46207813173532 10.11022682487965 89.07716043293476 4.777552589774132 0 0.14863321185112 9.979366317391396 1.695982754230499 587.8838423937559 195.1233035549521
70.08589065074921 781.8794163316488 2937.078044943511 6.59454084187746 1078.230560585856 10.68854789435863 369.5591875351965 2262.181318446994 674.9014474526048 266.5806844383478 1724.404487155378 129.4637283831835 792.7186548039317 4306.276446297765 11.75043238699436 7.488041132688522 0.6032020822167397 0.2954112663865089 0.1225614696741104 0.6565944030880928 3.143684417009354 0 0.8565444946289062 1.038059309124947 21.53083834797144 10.13869732618332 3.065095081925392 11.693758264184 1.602714218199253 0.2140273898839951 1249.515888724476 133.0758436769247 1214.694028861821 0.1243154183030128 5.115200184285641 50.42424611002207 589.561393328011 65.13603392988443 54.68146492540836 32.86647041141987 8.801574014127254 9.601331517100334 0.7649330347776413 1.117717713117599 0.09587986767292023 0.05341438576579094 130.5257035344839 3.762922845780849 0.8070103079080582 0.8397069647908211 0.2552155405282974 1.949018403887749 0.1018179357051849 1.140073388814926 3.061429537832737 5.372131049633026 42.81388342753053 229.045674238354 21.21249827370048 31.99011708050966 12.39019218087196 207.309874497354 1.261832624673843 63.13890051096678 2.004880182445049 0.9159551784396172 0 0.06393413990736008 0.2218453176319599 0.8497058972716331 156.7632253691554 8.592329487204552 0 119.5519629344344 99.27266300469637 60.13497450947762 38.16340147703886 11.24710608273745 16.26045502722263 504.0931492522359 1.588576227426529 147.5236332379282 7.978652872145176 0.4477264657616615 2.750213131308556 2.59978012740612 0 0.1149489432573318 0.4592848047614098 0.1288334429264069 0.6870558559894562 0.6393603608012199 2.039675801992416 1.641293950378895 1.825852572917938 70.62626385688782 12.76073522120714 0.3170354664325714 36.58433095365763 67.38629999756813 1.322866775095463 0.4955364391207695 1.741654820740223 0 1.765291787683964 4.043145343661308 0.7716201543807983 1.229001931846142 7.581131905317307 6.044985741376877 1.441861882805824 12.00508539378643 18.42768497765064 17.52855461090803 11.9189116358757 1.519056312739849 0.3501546531915665 0 0 0 0 0 0 0 0.1202325597405434 0 0.1661650985479355 0.8136648237705231 0.1331446766853333 0.1035496219992638 0.1299028247594833 0.5029364973306656 0.2552208006381989 0.2545861452817917 1.677287898957729 0 0 0.8129131942987442 0.1151815801858902 15.78198154270649 6.04082665592432 17.86723311990499 8.430934205651283 4.442526988685131 0.1067333668470383 0.1182760372757912 0 0 0.515585720539093 0.7761380448937416 0 0 3.289871767163277 0 0 0 1.373788103461266 0.1908254474401474 0.1161931231617928 0 0 0.3641913905739784 0.1047563254833221 0.2265635430812836 0.4830917716026306 0.5552622675895691 10.06854486465454 1.559439592063427 0 0 0 0 0 0 0 0 27.28416129201651 1.849482089281082 0 0 0 3.900651253759861 0 3.918662711977959 0.1185614690184593 0.9880821257829666 1.43083643913269 0.4036297351121902 0.9534297436475754 0 0 0 0 0 0 0 0 21.22420014441013 14.59644845128059 14.82105755805969 140.3594919741154 4.904309697449207 162.2057556435466 25.66428837925196 52.88414944708347 22.12377224117517 0.2606812044978142 7.019500002264977 6.039811633527279 0 6.473674349486828 2.376302897930145 1.163471207022667 0.5609661340713501 0 0 6.635457865893841 0.1278810799121857 130.3975902497768 46.94861637055874
65.79660933464766 276.9012872129679 8.256906233727932 29.42783170938492 111.4977136254311 252.3027066588402 543.0768298432231 5.430114604532719 48.98597697913647 2179.752919711173 129.4637283831835 69.03297834098339 1827.983772404492 87.46237598359585 6.149708934128284 6.593101814389229 0.2640272900462151 0 0 0 0 0 0 0 0.7963536754250526 0.318594828248024 0 0 0 0.3504268229007721 8.555418565869331 2.498039536178112 15.26905060559511 0 0 1.025156676769257 97.40760891139507 1.591459691524506 7.482886120676994 1.317127168178558 0 1.227124124765396 0 1.112733475863934 0 0 38.38564256578684 0.173769548535347 0 0.1016456559300423 0 0 0.4155658036470413 0 0.5654862746596336 0.4775056391954422 13.23461112380028 11.15442261844873 2.647591091692448 7.135539419949055 0 4.813222944736481 0.1366499364376068 2.657720841467381 0.1902158483862877 0.152348205447197 0 0 0 0 76.69753259420395 0.5324570834636688 0 14.43321215361357 13.10648049414158 14.95179688185453 6.685270957648754 3.39047983288765 1.029998175799847 2.699605718255043 0.1129821017384529 1.859784722328186 0.6153275370597839 0 0.3219466879963875 0.154349759221077 0 0 0.125452846288681 0 0 0 0.364061176776886 0.1711698919534683 0 1500.516891099513 102.7822482287884 0 18.62043209373951 130.7856804355979 2.234495103359222 2.668489150702953 6.189338095486164 1.428867630660534 1.640063494443893 14.16650374978781 13.82342895120382 1.620730571448803 39.4802084043622 35.84041537344456 4.636545658111572 44.64779576659203 74.98845586180687 51.75401609390974 32.733697026968 1.240799441933632 0 0 0.07858802378177643 0 0 0 0 0 0 0 0 0.722695417702198 0 0 0.09521135687828064 0 0 0 3.052618205547333 0.1029911711812019 0 0.1639602035284042 0 13.56304091960192 3.014925852417946 15.62966210395098 6.22633134573698 4.571330592036247 0 0 0 0 0.1814319491386414 0.1506392359733582 0.603489950299263 0.5477073267102242 2.068092748522758 0 0 0 0.72712691873312 0 0.1462393701076508 0 0 0.2549174502491951 0.6004398986697197 0.588101863861084 0.4523411989212036 2.131386667490005 11.13798170536757 0.6470526084303856 0.1048616021871567 0 0 0 0 0 0 0 74.24265584349632 0.3527693748474121 0 0 0 10.39616233110428 0.5271910727024078 4.870422855019569 0.7782702967524529 1.759316504001617 2.06245844066143 0.6663424372673035 3.301406554877758 0 0 0 0 0 0 0 0 92.07805150002241 10.75687789916992 9.576247736811638 130.1237510144711 0.6491840928792953 49.07840774208307 10.56120059639215 358.5596552118659 8.744332306087017 0 2.914555966854095 9.722097985446453 0.1892743557691574 5.146053686738014 0.3497423380613327 27.83641451597214 1.076973080635071 0 0 2.725520819425583 0 509.4642488732934 102.8227024376392
111.7503392547369 968.754491314292 142.7306268215179 227.3637444525957 1183.80782558769 203.5082081109285 4934.669540248811 16.34780871868134 1049.599650934339 10141.81770199537 792.7186548039317 1827.983772404492 2655.233478561044 2246.766661286354 27.01619000732899 24.31408862769604 0.2364008277654648 0.07979398965835571 0.3001719787716866 0.1094752177596092 0.2517697140574455 0 0 0.2591232061386108 6.055622473359108 2.611409589648247 0.3438952341675758 3.126753330230713 0.6436448246240616 0.1908391863107681 118.4662091583014 28.90801709890366 210.6428489759564 0.130696102976799 0.7570399418473244 11.80539001524448 442.2145437598228 15.295614823699 42.53959636390209 7.872707583010197 1.445539191365242 0.8121445924043655 0.1576724201440811 3.298320300877094 0.1112435087561607 0.4685852825641632 215.2713235169649 1.398073293268681 0.1436198949813843 0 0.1244630441069603 0 0 0 3.265689313411713 4.640749357640743 31.49693201482296 97.86874359473586 17.23132285475731 45.31705920398235 2.270957373082638 29.73775334656239 0.7037599831819534 37.58221790939569 1.867342136800289 1.11283964663744 0 0 0 0 658.5213573873043 8.868515521287918 0.1972122490406036 100.902989026159 91.37076439708471 91.37685618922114 47.51862119138241 19.54682113230228 5.855536222457886 44.03002861887217 0.3903273642063141 13.78560462594032 9.678546190261841 0.1419657021760941 1.949568167328835 2.734516717493534 0.2808629795908928 0.09867461025714874 0.5217469483613968 0 0.4383026584982872 0.3090125620365143 0.2376731410622597 0.5347547233104706 0.3717567622661591 2221.850858598948 206.908909983933 0.1618648171424866 107.9346685111523 163.3296008184552 3.152910478413105 4.687104240059853 14.61603359878063 2.942376986145973 8.347191415727139 30.5405692756176 18.07597916573286 8.603281021118164 73.34025564044714 76.19148673117161 14.53481585532427 99.01758674532175 148.7723533958197 119.5358452424407 82.44107337296009 5.228688426315784 2.013140007853508 0.3743085563182831 1.013045400381088 0.09684351831674576 0 0.4021009728312492 0 0 0 0 0 2.108544379472733 0.2008321732282639 0.2649211138486862 0.2473116740584373 0 0.4785786271095276 0 10.48768648505211 1.162637569010258 0.125981405377388 1.541796326637268 1.302117943763733 47.6110440865159 16.62471485137939 57.90191875398159 20.50237775593996 11.13790879398584 0.185320183634758 0 0.3440274819731712 0.2627028673887253 2.38491640239954 0.4433998689055443 0.1173662766814232 1.289563819766045 6.605220094323158 0.08396224677562714 0.6433212459087372 0 1.475558489561081 0.2187743037939072 0 0 0 1.171815946698189 0.9170446917414665 1.528984360396862 0.5693450123071671 4.587720796465874 47.47093097865582 2.520013093948364 0.1603740006685257 0 0 0 0 0 0 0.2937024757266045 182.2037727385759 0.9982369095087051 0 0 0 32.59454879909754 0.2163131088018417 12.57904273271561 3.476700771600008 3.766793727874756 5.400438472628593 1.558306373655796 4.536864183843136 0 0 0 0 0 0 0 0 192.5805676653981 34.70735101401806 42.6531895250082 364.2337680011988 6.323543414473534 305.8500518500805 47.48980924487114 459.2905236706138 62.4419619217515 1.920449487864971 15.8000863045454 14.94683143496513 0 16.80286451429129 5.52774590998888 61.97582818567753 1.710892044007778 0 0 13.93824841827154 0.6585793644189835 846.7315124198794 237.6096928939223
