718.559699088335 4005.524435542524 1136.89341109246 1329.668200723827 46.17586233466864 12.58908160030842 451.7842821925879 66.08953396230936 1.598460182547569 1136.757165364921 26.15888576209545 72.38848166167736 94.22566755861044 27.01232492923737 0.7115437015891075 0.9616502746939659 0 0.2092155143618584 0 0.4089387208223343 0 0 0.4769235625863075 0 0 0 0.2687899991869926 0 0 0 548.1201156228781 4.008354619145393 20.97407855838537 0.0996561199426651 0 0.4803305640816689 5.3171341791749 1.7691395804286 0.5117101222276688 0.4484228789806366 0.09636745601892471 0.369306281208992 0.6696854382753372 0.1021588742733002 0 0 10.48944846540689 1.269178591668606 0.1255793273448944 0.5160511508584023 0 2.172967508435249 0 0 4.84049416333437 3.402241177856922 175.8782671317458 304.5928384885192 69.200633905828 11.0297132357955 0 0.5910217612981796 0 4.751309342682362 3.341224752366543 1.069545395672321 0.3633326068520546 0.09329899400472641 0.3958811238408089 0.9457871317863464 14.80064052343369 21.63391352444887 5.377973452210426 79.98687342554331 8.603621892631054 5.64255091547966 2.579851627349854 1.103667579591274 8.459596335887909 46.54963117092848 0 19.95256965607405 16.04003315418959 1.4487090036273 1.270972594618797 4.054261595010757 0.1667592003941536 1.399688899517059 0.8274324536323547 3.99227949231863 0.7351809591054916 0.7421025931835175 0.9067384302616119 0.3991367071866989 0.2190794125199318 85.87047773599625 36.88839883357286 2.227544814348221 3.104309663176537 617.8665950670838 0 0 0.4370936155319214 0 0.2609993815422058 0.1302285492420197 5.662444740533829 0.6275521516799927 0 1.132914528250694 0.5381103605031967 1.240797355771065 3.221116304397583 6.240858599543571 1.616126641631126 0 0.221789114177227 0 0 0 0 0 0 0 0 0 0.2819656729698181 0.1387144327163696 0 0 0 0 0 0 0 0 0 0 0 0.352685734629631 0.4057687073945999 0.865770123898983 0.943456768989563 0 0 0 0 0 0 0.1115683764219284 0 0 0 0 0 0 0 0.2234232574701309 0 0 0 0 0 0 0 0.77986840903759 1.839672774076462 0 0 0 0 0 0 0 0 0 1.121136918663979 0 0 0 0 1.297646835446358 0 1.007752031087875 0 0 0 0 0 0 0 0 0 0.1066268533468246 0 0 0 0.6351819932460785 2.021183423697948 0.6194178983569145 8.708221055567265 0.1286671608686447 32.59008330106735 1.753865413367748 311.2955911159515 13.35239758342505 0 0.7314740195870399 0.34059127420187 0 0.1548124402761459 0 8.652976751327515 0 0 0 1.036381289362907 0 286.7323412895203 1.701575830578804
4005.524435542524 1438.230025283992 449.8048705011606 373.7144727557898 446.7815262004733 75.08286517858505 2439.002041883767 709.1185670793056 1535.257609598339 792.8948230445385 2765.248445346951 99.82667724788189 1504.6013430655 2169.853514246643 14.06825801730156 14.59644416719675 1.007023297250271 0.100944496691227 0.5584754422307014 1.356831818819046 1.675650969147682 0.4860203489661217 2.499955907464027 0.3289855420589447 1.150906696915627 0.0875457227230072 2.770403988659382 0.1240045055747032 1.553757898509502 0.3105097711086273 1716.526038300246 94.81503146141768 236.9605227634311 0.568258211016655 0.8140329197049141 2.074870690703392 50.67509854584932 14.53809407353401 4.093916177749634 2.432588160037994 1.61141312867403 0.8406157866120338 1.95649690926075 4.810955323278904 0.2832428738474846 0.6360730230808258 215.0642604976892 18.53250752389431 1.722033359110355 2.002708241343498 3.700902305543423 1.278457775712013 1.214827135205269 0.4672685340046883 74.44690664857626 58.5537866204977 358.0071048438549 440.7574595287442 249.3947885930538 181.8207032158971 0.2987597808241844 15.06132639944553 0.1052321568131447 129.8650971204042 45.87845820188522 12.35921125113964 7.999873347580433 2.927020065486431 1.936193317174911 2.320450015366077 30.25492359697819 1.58467361330986 0 637.800419934094 253.3478797599673 198.0737911313772 95.35951381921768 16.48014736175537 22.61808241903782 399.6812077984214 0.2755570411682129 80.56430745869875 254.7457615882158 0.6302883550524712 33.04992163181305 62.29591547697783 3.398654125630856 0.4223752245306969 7.834814354777336 0 1.484623692929745 0.1953969895839691 7.691266685724258 2.443496473133564 1.77545091509819 16.07330796122551 5.666193701326847 0.08664262294769287 2.88609080016613 674.2220527678728 0 0 2.765407554805279 0 1.952371321618557 4.987414218485355 8.550919316709042 2.879414051771164 0.5084441602230072 3.227569401264191 3.218972824513912 4.996538959443569 24.9226837605238 8.263314224779606 16.30610772967339 0.1857057511806488 0 0.3561325371265411 0.3113624751567841 0 0 0 0 0 0 0 0 0.3704670593142509 0.2946993410587311 0.101754829287529 0 0.3893299773335457 0 0.3109689429402351 4.009258016943932 0.1996988356113434 0 0.4148421287536621 0 1.468803808093071 2.011793188750744 5.97669580578804 2.188599929213524 1.296563744544983 0 0 0 0 0 0.6546905785799026 0 0 0 0 0 0.2914227843284607 1.075336970388889 0 0 0 0 0 0 0 0 0.2447118163108826 7.826470986008644 0 0 0 0.3148311376571655 0 0 0.2478945925831795 0 0 8.293818533420563 1.405789084732533 0.1247671768069267 0 0.1825651526451111 5.77580988407135 0.60270656645298 3.385855466127396 0 0 0.835449792444706 0.1703608930110931 0.2064792215824127 0.1294452995061874 0 0.3292199075222015 0 0.1820697039365768 0.124003030359745 0.2256631031632423 0 3.234776504337788 6.802385702729225 5.740016475319862 372.5853730738163 11.72351287305355 835.9549514651299 28.22222554683685 526.2317081987858 148.2335939854383 8.530088417232037 35.14314538985491 2.313480816781521 0 0.4706915766000748 1.32870576530695 2.98989737033844 0 0 0.7409490346908569 6.016475349664688 0 491.7003180086613 3.21001411229372
1136.89341109246 449.8048705011606 564.3748943582177 15.0185329169035 303.2574227228761 0.6556047201156616 38.79578488320112 2544.400177255273 309.7062411382794 1.435101062059402 2481.82949578017 30.38599538803101 141.0647562891245 1146.315869837999 8.419715136289597 10.28683204948902 0.7810414135456085 0.6550223380327225 0.1091454029083252 6.103262878954411 3.229568094015121 0.4343632459640503 3.476732537150383 0.2146842181682587 2.089691840112209 0.3036651015281677 6.582541458308697 0 0 0.8633225336670876 3158.64480124414 428.8030541911721 370.3866212219 2.088580906391144 2.649408847093582 4.432960107922554 26.31622127443552 23.86771935224533 5.180674366652966 3.430867239832878 2.181560516357422 2.707092769443989 7.592426337301731 1.63201542943716 1.676862895488739 0.2443745657801628 65.14847001433372 5.682234115898609 1.380537636578083 2.597275033593178 1.069212108850479 0.9566163197159767 1.083614595234394 0.8079788759350777 18.41718620806932 11.00486846268177 119.963437564671 206.2171899527311 61.9374186322093 45.78139547258615 0.2204286232590675 29.95917811989784 0.1342698633670807 155.4625198543072 9.438697792589664 2.259158961474895 1.733073435723782 1.860232129693031 4.648748442530632 4.866584926843643 19.29289125651121 0.55605149269104 0 183.3608289062977 100.2188230827451 73.22334060072899 57.23224054276943 12.6202631816268 142.6688735112548 1283.893234819174 0.3028560727834702 318.8240346908569 61.70708336681128 0 6.826195776462555 13.96334919333458 1.569768093526363 0.102178655564785 2.142038151621819 0.1442388147115707 1.209813453257084 0.4832510575652122 15.05284827947617 3.26030682772398 2.733200967311859 9.252284586429596 7.934088759124279 0 3.654099524021149 251.9715490564704 0.3318454101681709 0 4.272338733077049 0 0.2004531770944595 2.946399606764317 0.2495238855481148 1.008770935237408 0 0.5164240598678589 2.451330952346325 4.779749654233456 11.07520118355751 4.430783003568649 11.41586557775736 0.7199475765228271 0.08814921230077744 0 0 0 0 0 0 0 0 0 0 0.2734146416187286 0 0 0 0.4184110388159752 0.08886913955211639 0.144070953130722 1.433775067329407 0.1517129242420197 0 0 0.1076012030243874 1.064375780522823 3.439427755773067 5.599842466413975 2.824246093630791 2.026027537882328 0 0 0 0 0.5967215299606323 0.2919514626264572 0 0 0.1735990792512894 0 0 0 0.9854289814829826 0 0 0 0 0 0.2926949858665466 0 0 1.221480779349804 12.74511142075062 0 0 0 0 0 0 0 0 0 8.54207518696785 1.08961483091116 0 0.2405371516942978 0.2473573684692383 9.386451467871666 2.094184309244156 7.592251114547253 0 0.1503625214099884 0.2280297577381134 0 0.1031121537089348 0 0 0.124037466943264 0 0.2936592251062393 0.4956010729074478 0.1512350142002106 0 3.930338948965073 10.47067034244537 7.349938824772835 70.40656386315823 3.187487185001373 175.1669369637966 11.42250479757786 39.91825944930315 26.66016286611557 2.170599937438965 7.256019122898579 2.165963128209114 0 1.075093127787113 0.08491489291191101 1.421331465244293 0 0 0.273719996213913 5.378172516822815 0.09536541253328323 87.22012124955654 2.00319579988718
1329.668200723827 373.7144727557898 15.0185329169035 356.6013404205441 17.91087810695171 328.9042966142297 343.7403503209352 0.09559325128793716 1.003641366958618 1395.221987754107 0 865.7351799160242 850.2773660495877 5.360954746603966 0 0.4138494431972504 0 0 0 0 0 0 0 0 0 0 0 0 0 0 45.63890482485294 0.7140005752444267 1.481905326247215 0 0 0.1380860656499863 7.277387604117393 0 0 0 0 0 0 0 0 0 3.397679768502712 0.2793936058878899 0 0 0 0 0 0 3.026360057294369 1.74682292342186 36.70281129330397 41.8556400462985 16.00968093425035 4.219459906220436 0 0 0 0.7510713040828705 0.7376248091459274 0.2838057354092598 0.2527031227946281 0 0 0 1.490197852253914 0.4182661175727844 0 27.35219325125217 3.233326122164726 1.70967074483633 0 0 0 0 0 0 10.37120722234249 0 0.9476332738995552 1.740701861679554 0 0 0.2586778253316879 0 0.1550995260477066 0 0 0 0 18.1935730278492 0 0 0.1520615071058273 443.0130224153399 0 0.9421719610691071 7.260300517082214 0.9412452578544617 1.322004079818726 3.194149225950241 12.3755744099617 1.717727452516556 8.446762040257454 15.98697930574417 0 17.72175353765488 116.0236519128084 22.65964575111866 0.3822850435972214 0 0 0 0 0 0 0 0 0 0 0 0 0 0 0 0 0 0 0 2.640850305557251 0 0 0 0 0 0 0 0 0 0 0 0 0 0 0 0 0 0.1162876710295677 0 0 0 0 0 0 0 0 0 0 0 0 0 0 0 0 0 0 0 0 0 0 0 0.9527630209922791 0 0 0 0 3.456236392259598 0 0 0 0 0 0 0 0 0 0 0 0 0 0 0 3.700700998306274 0 0.1237898617982864 4.469777330756187 0 12.70774091035128 0.3155435398221016 562.5351039767265 3.647848226130009 0 0 0.6003301739692688 0.0815529078245163 0 0 1.563411995768547 0 0 0 0 0 297.6333958730102 4.231138005852699
46.17586233466864 446.7815262004733 303.2574227228761 17.91087810695171 2034.895014822483 0.1857412308454514 1624.179217226803 325.3490189760923 4463.355266273022 156.6352890729904 2021.003376051784 13.80763949453831 615.8061671853065 2188.57638604939 7.773891404271126 6.524239212274551 0.8298042342066765 0.3570709452033043 0.09784181416034698 0.2364879846572876 0 0.1631311476230621 0.4445328935980797 0 0.3175441846251488 0 0.1016014963388443 0.1567231714725494 0 0 143.5004987493157 42.74578984826803 18.42604443430901 0 0 0.1563387811183929 11.97192157059908 1.122619427740574 0 0.4471857249736786 0 0.2354212775826454 0.417880617082119 0.7417541593313217 0.2948923781514168 0.5443766936659813 99.14314626902342 5.266660407185555 0.8129656165838242 0.3613581731915474 0.7120866999030113 0 0.3570153936743736 0.1072899848222733 19.63708869367838 12.1782898530364 29.08645068109035 21.577014118433 37.12148373574018 58.2862431332469 0.3077448606491089 2.088618129491806 0 60.23307817429304 9.4599220007658 3.085838958621025 1.681009128689766 1.31089673191309 0.2831332385540009 0.4043909683823586 21.7307860776782 0 0 130.6724692061543 87.67085594683886 106.7382357567549 76.45025173574686 8.862783826887608 2.434028469026089 17.2669897377491 0.9077039286494255 12.06623261421919 67.4883720651269 0.5314018651843071 9.046356625854969 14.91151905059814 0.6239289492368698 0 1.741711869835854 0 0.6516199558973312 0.2363712340593338 0.1636398732662201 0.2834961265325546 0.09738496690988541 16.59350289404392 3.094333842396736 0 2.730879284441471 15.46596749126911 0 0 3.721288204193115 0 0 0 2.001997858285904 3.46135912835598 1.588705360889435 3.557986438274384 0.9692925214767456 3.173272132873535 9.238324731588364 12.56843362748623 5.042529545724392 0.08913971483707428 0 0 0 0 0 0 0 0 0 0 0 0 0 0 0 0.09668987989425659 0 0 0 0 0 0 0 0.3081946969032288 0.2316309437155724 1.083484336733818 0 0 0 0 0 0 0 0.1577549576759338 0 0 0 0 0 0 0 0 0 0 0.1252984702587128 0 0 0 0 0 4.621327921748161 0 0 0 0 0 0 0 0 0 2.704471819102764 0 0 0 0 3.606791704893112 0.3732642829418182 2.793073177337646 0 0 0.0918535590171814 0 0 0 0.2219758182764053 0 0 0.6037894710898399 0 0 0 11.56256337463856 2.603405512869358 1.045328192412853 267.6985428407788 7.045443534851074 361.8204853907228 10.93826676160097 96.13732738047838 66.29413020610809 2.308090105652809 26.57264596223831 3.334211111068726 0 0.7296438738703728 0 1.028118491172791 0 0 0 6.340026199817657 0 94.93032684922218 8.666687823832035
12.58908160030842 75.08286517858505 0.6556047201156616 328.9042966142297 0.1857412308454514 0.2923757135868073 43.60846287757158 0 1.18972359597683 514.0421634763479 0.8885414600372314 95.29658841341734 76.8541639149189 5.405101716518402 0 0 0 0 0 0 0 1.009584687650204 0 0 0 0 0 0 0 0 0 0 3.157761365175247 0 0 0 12.79143635928631 0.3089702576398849 0.798375591635704 0.1624483466148376 0 0 0 0 0 0 0.2979840785264969 0 0 0 0 11.49425446987152 1.57918357104063 0 0 1.920681089162827 94.43211808800697 0 4.881043925881386 0 0 0 0 0 0 0 0 0 0.1201080307364464 0 45.35195378959179 130.126057960093 24.68165394663811 0 0 0 0 0.2417796850204468 0 0 0 0 0.1186794936656952 5.187826342880726 0 0.826262392103672 0 13.54073069989681 8.226345084607601 25.66073106974363 3.099514424800873 4.053170926868916 0 0.1334133595228195 0.1120544448494911 204.0275741964579 164.4267758578062 25.91997767239809 6.656227618455887 214.1381862163544 0 5.363455772399902 7.340473547577858 0 3.429227709770203 4.496633037924767 21.96649199724197 4.952813446521759 1.536487579345703 15.14643169939518 1.809274524450302 11.32059471309185 13.05525203049183 9.028426870703697 8.717792093753815 0 0 0 0 0 0 0 0 0 0 0.3146890997886658 0 0.1202307045459747 0 0 0 0.109331414103508 0 0 1.761505842208862 0 0 0 0 0.8474398851394653 0 0 0.1617360264062881 0 0 0.3146626204252243 0 0 0 0 0 0 0 0 0 0.2920116037130356 0.1489840596914291 0.5345997959375381 0.1172771006822586 0 0.0877721756696701 0 0 0.1612170040607452 0 0 1.975185409188271 0.3863572478294373 0 0.1117714792490005 0.2959060966968536 0 0 0 0 0.3416866809129715 0 0.3258755505084991 0.7632564157247543 0.1491971909999847 0.2516916021704674 1.164322137832642 0 0.3962766230106354 0 0 0 0 0 0 0 0 0 0 0.2247429117560387 0 0 1.646182045340538 0 1.83841136097908 0.4502153694629669 0.2331068068742752 0.4673359468579292 0 263.4924893677235 6.238086149096489 0 0 0 0 1.183669626712799 0 0.7026027590036392 0 0 0 0 0 99.20215810090303 6.796937853097916
451.7842821925879 2439.002041883767 38.79578488320112 343.7403503209352 1624.179217226803 43.60846287757158 1011.351146638393 10.7591750472784 989.0132444500923 1578.516636148095 433.567230835557 288.4149826616049 6507.849140711129 4530.11555121839 8.460638791322708 6.080173648893833 0.3168361857533455 0.2587673589587212 0 0.3574264273047447 0 0 0.2071618810296059 0 0.07997705042362213 0 0.2031335234642029 0.1834482848644257 0.07484440505504608 0.1449169665575027 152.9660598486662 18.86954835802317 29.96503449231386 0 0.1131409406661987 0 50.03329952061176 1.224463663995266 0.1276311278343201 0.6779173165559769 0.1078099012374878 0 0.9548431187868118 0.6120479926466942 0.09805210679769516 0.09425068646669388 70.5726285725832 3.792579300701618 1.02043354511261 1.039656713604927 0.6501351371407509 0.2136220335960388 0.1390565782785416 0.2274558246135712 15.58969277143478 11.18469952791929 65.35403867810965 63.35410129278898 43.48339796066284 51.77895868569613 0 2.062063843011856 0.3730935752391815 26.50181414932013 10.35643066465855 2.09673547744751 1.969574682414532 0.3307260423898697 0.5109290182590485 0.5967220664024353 47.51746547967196 0.9041011780500412 0 146.2638306990266 56.13479818403721 74.70767667144537 47.47144985944033 7.612883247435093 1.260289795696735 12.12908575683832 0.2501093149185181 24.10445658117533 62.80458526313305 0.1016156598925591 7.129732020199299 14.96981896460056 1.286791250109673 0.07799483090639114 1.582830801606178 0 0.5910788550972939 0.1039190366864204 1.382908023893833 0.2456204295158386 0.1137934401631355 43.96157571673393 7.236391648650169 0 1.694697573781013 110.0193715617061 0.194319449365139 3.102953195571899 17.82293131947517 10.92364974319935 4.501186937093735 7.062783181667328 16.19733776152134 10.67279084026814 17.41765403747559 20.97209590673447 6.871083542704582 32.31608793884516 42.40035070478916 35.1185315400362 26.7417768985033 0 0.4437274634838104 0 0 0 0 0 0 0 0 0 0 0.08382924646139145 0 0.1637648046016693 0 0.2557487338781357 0 0 6.24887615442276 0.5235788077116013 0 0 0 4.948353387415409 4.232088819146156 3.738297708332539 1.404055558145046 0 0 0 0 0 0.3660029470920563 0 0 0 0.2840008437633514 0 0 0 0 0 0 0 0 0.07792851328849792 0.1699693724513054 1.191212743520737 0.2068389803171158 0 11.9260026589036 0 0.5871385261416435 0 0 0 0 0 0 0 15.15937772393227 0.6328409761190414 0 0.3940330296754837 0 13.47799731791019 3.674013927578926 7.999644257128239 0.9032394737005234 0 0.1680141091346741 0 0.1986768692731857 0 0 0 0 0 0 0 0 21.3541404902935 6.970052912831306 3.405164442956448 148.0675492286682 5.096535265445709 256.8466324582696 11.71470678597689 195.0088929235935 51.21857481449842 2.153550043702126 20.42019854485989 2.071154102683067 0 1.955647312104702 0.1013270616531372 10.30985946953297 0 0 0 2.406280606985092 0.5694341659545898 205.7799896523356 21.34355187416077
66.08953396230936 709.1185670793056 2544.400177255273 0.09559325128793716 325.3490189760923 0 10.7591750472784 1464.223222784698 194.5657742395997 1.44979951530695 1749.220661811531 8.402809783816338 36.67765887826681 720.8287043496966 24.03211268037558 27.93662149459124 2.58844356238842 14.79142809659243 3.078079581260681 49.72450764477253 18.75051517784595 0 15.47485959529877 1.005420006811619 5.821718208491802 0.3274053633213043 13.3381659463048 1.085829071700573 1.301721557974815 1.159376211464405 1036.661970131099 1339.792072251439 250.5336256474257 33.01009637117386 18.68803632259369 16.03955969959497 12.99644953012466 31.72953575849533 5.21344318240881 3.91826494038105 9.553766801953316 8.142272457480431 127.8891368508339 7.815394148230553 20.12299911677837 10.98294472694397 111.3295411542058 9.652866959571838 8.104283109307289 47.62807782739401 3.097256526350975 1.167921148240566 2.880260743200779 1.701354987919331 8.119320154190063 5.277437023818493 24.84398875385523 36.37846827507019 14.60847195982933 44.30058441311121 7.377439871430397 260.2075083181262 1.24177859723568 412.9712495058775 7.463780842721462 6.977601088583469 5.589512325823307 7.977739654481411 38.11739883571863 36.1748676225543 13.58633580058813 1.202012836933136 0 93.16299405694008 82.81029173731804 130.2044298201799 155.3407609164715 84.87453790009022 2037.86906991899 1345.17183804512 21.94139393419027 1922.94808973372 32.85705672204494 0.2024270296096802 5.806093961000443 9.872140303254128 13.43477987498045 0.4343121945858002 2.315756604075432 0.6664622277021408 3.15340880304575 4.076256446540356 76.43255770206451 15.01801887154579 11.48106662184 5.745256654918194 4.916484773159027 0.5214231610298157 4.177705153822899 21.929961245507 0 0 1.382652312517166 0 0 0.9677132368087769 0 0.1131667494773865 0.1905486881732941 2.025270521640778 0 1.614869177341461 5.687285631895065 3.288993798196316 6.995434179902077 0.2122422009706497 0 0 0.1707092523574829 0 0 0.632790207862854 0 0 0 0 0 0.7305110767483711 0 0.3411440253257751 0 1.538916125893593 0 0.4616466090083122 0 0.135907381772995 0 0.8422735035419464 0.6118128597736359 2.13782761245966 4.750018917024136 6.603623241186142 3.698765598237514 2.632566228508949 0.2428580597043037 0.406222015619278 0 0 0 0.3404708206653595 0 0 0.1150020509958267 0 0 0.4263989180326462 1.823949851095676 0 0 0 0.2934991493821144 0 0 0 0.9817058444023132 1.814847752451897 12.03976154327393 0 0 0 0 0.6405605301260948 0.1403786391019821 0.6878733932971954 0 0 5.267459452152252 1.507048353552818 0.4768381118774414 0 0.5803934335708618 6.311088234186172 2.842531323432922 5.487376749515533 0 0 0.1203942075371742 0 0 0 0 0.232072114944458 0 0.6797256246209145 0.5456798002123833 0 0 1.196806967258453 10.57976924628019 7.030096031725407 127.8062785416842 7.370406784117222 218.9938089773059 28.2308135330677 23.15832757949829 36.59101342409849 1.011676609516144 15.1266079172492 3.111161924898624 0 1.433813132345676 0 1.103213109076023 0.3896144926548004 0 0 6.418423518538475 0.2381643503904343 24.463962033391 3.206844583153725
1.598460182547569 1535.257609598339 309.7062411382794 1.003641366958618 4463.355266273022 1.18972359597683 989.0132444500923 194.5657742395997 675.5194089859724 24.2066365480423 1023.99515145272 24.27114532887936 469.2745173275471 2049.656848460436 11.41063997149467 8.573062993586063 0.2490405738353729 0.1119371354579926 0 0.4140493795275688 0.4395652413368225 0.110244132578373 0.5827500969171524 0 0.1490618735551834 0.4328124672174454 0.6358047723770142 0 0.09148888289928436 0 42.50078701227903 28.39398948103189 24.11783272027969 0.1406509131193161 0.2204145938158035 0.1703905463218689 45.71724549680948 1.87187022715807 1.363665394484997 0.6829635873436928 0.5320095419883728 0.2847060710191727 2.199063412845135 0.4534848406910896 0.2311689853668213 0.2254653796553612 61.02577754110098 1.337328046560287 0.4465551823377609 0.8544504418969154 0.55475153028965 0.1638435125350952 1.617673516273499 0 4.938377097249031 2.660337209701538 8.751763887703419 4.082043670117855 9.869136571884155 26.28505675494671 0 6.140533342957497 0 40.24009884148836 2.749776303768158 1.623170934617519 1.491997666656971 0.7190954238176346 0.5770086571574211 0.7043589800596237 45.57873137295246 0 0 41.73522106558084 28.79076198488474 58.52598240971565 46.58009968698025 8.390570916235447 2.869208283722401 93.87080001831055 0 49.23377030342817 19.66372651606798 0 2.873181112110615 4.816779933869839 0.5904868617653847 0 0.9174561575055122 0 0.5951218381524086 0.38002959638834 1.690626062452793 0.3724489733576775 0.4263992980122566 42.27009084075689 9.312461897730827 0 0.8775184080004692 4.703186511993408 0.1169084012508392 0.4589230716228485 6.297585010528564 0 4.5665353089571 12.43499183654785 8.183510214090347 9.613843679428101 4.468802496790886 11.78380636870861 3.645425468683243 20.56477718055248 24.51043510437012 20.67517328262329 24.25173649936914 0.1042266115546227 1.130646221339703 0 0.1449560523033142 0 0 0 0 0 0 0 0 0 0 0 0 0 0 0 5.182931303977966 0.5487468838691711 0 0 0 7.06359551101923 3.32581752538681 7.18900366127491 0.8067128211259842 0.1364598870277405 0 0 0 0 0 0 0 0 0 0 0 0 0.3150332644581795 0 0 0 0 0 0 0 0 0.15719173848629 14.10661491751671 0 0 0 0 0 0 0 0 0 19.77299481630325 2.408941373229027 0 0 0 13.40598431229591 0 8.364319652318954 0 0.1229397654533386 1.40112079679966 0 0.2283935248851776 0 0 0.3686730563640594 0 0 0.08564302325248718 0 0 15.82092136144638 6.133478485047817 5.562287293374538 192.0771461054683 2.504036419093609 214.4895026236773 13.62376540899277 53.03036103397608 40.88012672960758 0.3076433390378952 22.17823379486799 4.087070971727371 0 0.9212285801768303 0 2.379046276211739 0.6316030621528625 0 0 4.996355682611465 0.5195789337158203 53.06397051364183 14.41366708278656
1136.757165364921 792.8948230445385 1.435101062059402 1395.221987754107 156.6352890729904 514.0421634763479 1578.516636148095 1.44979951530695 24.2066365480423 786.4239860475063 7.46785644441843 2088.664988644421 4141.84999165684 144.3812795206904 0.6569044515490532 2.606857985258102 0 0.1381415724754333 0 0 0.1119371652603149 0 0.1159510985016823 0 0 0 0 0.1626452207565308 0 0 29.78671360760927 1.946609251201153 54.4160388559103 0 0.1059075221419334 0.1001880988478661 185.4791075661778 2.954429171979427 0.7163528203964233 0.5133042186498642 0 0.1175632998347282 0 0.2909381836652756 0 0 5.002343185245991 0.1249881163239479 0 0.1475261896848679 0 2.258348010480404 0.1436329782009125 0 2.107051938772202 1.266016565263271 23.89595134556293 26.41292706131935 10.4534895196557 4.533223010599613 0 0.3378384113311768 0 1.658640190958977 1.190323449671268 0.1696896255016327 0 0.09216036647558212 0 0 140.515614554286 16.14750785380602 6.77424018830061 18.49317268282175 2.537789456546307 2.544347286224365 1.639719411730766 1.859975479543209 0.1273578703403473 0 0.1223494559526443 1.118949308991432 6.506563507020473 1.382539935410023 0.6662256270647049 0.87054293602705 0.08876590430736542 3.327046766877174 2.427746333181858 4.363140113651752 0.4517421126365662 0.2058422267436981 0 0 0.1997665241360664 119.2494387030602 69.57859688997269 8.564145386219025 3.144761443138123 256.1686314344406 1.044511489570141 7.559636637568474 54.2977616339922 16.30414889752865 17.26237645745277 60.01059718430042 141.2858661562204 52.97425580024719 51.80997513234615 116.8039683550596 4.62755511701107 128.2229426801205 365.049475312233 132.6586793139577 56.5157300978899 0.4922306761145592 0.3999817818403244 0 0 0 0 0 0 0 0 0 0.356380969285965 0 0 0 0 0 0 0 20.67048551142216 2.357814699411392 0 0 0 3.545778468251228 1.612394794821739 4.091008424758911 0.5204126685857773 0.4962496906518936 0 0 0 0 1.742899283766747 0 0 0 0.2552564367651939 0 0 0.7082596868276596 0.2799706757068634 0.1245118528604507 0 0 0 0 0 1.989349126815796 0 0 9.799169592559338 0 0 0 0 0 0 0 0 0 14.35456363111734 2.353771612048149 0.1714591085910797 0 0 27.8932493403554 0 10.05697869509459 0.1109890341758728 0.8031725883483887 0.3179874643683434 0 0 0 0 0.8673790842294693 0 0.1027492955327034 0 0 0 62.7322351783514 4.083712927997112 3.098549231886864 15.16555923223495 0 12.33804848790169 2.052773915231228 913.977587044239 3.621622078120708 3.29675866663456 0.7692631557583809 1.217988364398479 0 0.1185932233929634 0.5885421484708786 70.98547285795212 0 0 0 0.6772988438606262 0.1788862645626068 802.5013720095158 96.29597357660532
26.15888576209545 2765.248445346951 2481.82949578017 0 2021.003376051784 0.8885414600372314 433.567230835557 1749.220661811531 1023.99515145272 7.46785644441843 1784.785901099443 84.04176729917526 822.6773195341229 1532.059358626604 24.46386523544788 41.13895570486784 0.5228570178151131 0.7468615472316742 0.6235544979572296 4.375342652201653 5.970267213881016 0.501631960272789 5.563533112406731 0.4989887624979019 5.522672973573208 1.583268783986568 14.59826911240816 1.022458098828793 0.5298179984092712 2.755850203335285 93.75203973054886 24.55933809280396 534.4502297863364 1.809128940105438 7.460355140268803 13.43030493706465 134.9683203399181 91.7430200651288 17.77935203164816 11.03835038840771 4.189130581915379 2.859048575162888 7.990996919572353 3.540886469185352 0.8968197181820869 0.8427344486117363 94.58294303715229 2.498878799378872 0.9752380326390266 3.351849429309368 0.5981438830494881 1.787004970014095 1.862050376832485 1.590614266693592 4.111041106283665 2.779180809855461 11.42450030893087 12.40786439925432 9.190434247255325 28.9982536137104 0.0995863676071167 149.7366527318954 0 58.38581497967243 5.253564327955246 1.318080000579357 1.869531393051147 0.9622317180037498 8.420787453651428 9.563184022903442 55.54396521300077 1.855121672153473 0 46.37140084803104 32.49163806438446 92.53452543914318 86.58463673293591 38.39314863085747 28.57130143791437 1695.967525474727 0.868201456964016 326.0108505412936 18.65745332092047 0 3.136128544807434 5.791813082993031 1.699038423597813 0 1.259238317608833 0.400929369032383 1.403691224753857 0.7962281852960587 26.61880800127983 6.639452219009399 2.978940665721893 26.19699689000845 16.10312130302191 0 7.861574828624725 3.7376888692379 0.1209124550223351 0.7607738673686981 4.323700778186321 0 2.664286911487579 2.459897637367249 0.8019847646355629 2.499121889472008 6.109544262290001 4.320679903030396 2.40427540242672 8.045636899769306 18.66541599482298 11.02379138767719 19.0999672934413 1.171780772507191 0.3961731642484665 0 0.08387438952922821 0 0.1261816769838333 0 0 0 0 0 0 0.7921650037169456 0 0.1010514199733734 0 1.524182587862015 0 0.348328985273838 3.413511157035828 0 0 0.5621839240193367 0 3.519104100763798 5.053498134016991 11.80280069261789 2.720590986311436 1.816276915371418 0 0 0 0 0 0.2821972295641899 0 0 0.7917348295450211 0 0.6506291180849075 0 1.587087698280811 0.3060174286365509 0 0 0 0 0 0 0.6216243356466293 0.6432359218597412 13.68522676080465 0.3889990597963333 0.08112040162086487 0 0 0 0 0.1486447304487228 0 0 14.01456892490387 3.441134564578533 0 0.1204297468066216 0.4954653680324554 12.37051790207624 2.247476041316986 11.01007821410894 0.07564178109169006 0.1097991317510605 0.6338830441236496 0 0.312027595937252 0 0 0.1288058459758759 0 0 0 0.2403969764709473 0 4.178878471255302 15.65503373742104 11.79359056800604 153.8276389986277 5.278759270906448 197.2570648416877 29.64099214971066 39.4251998886466 32.89674650877714 0.4046878218650818 23.79159168154001 4.817935444414616 0 0.9565651565790176 1.368315555155277 0.08619841188192368 0.454140767455101 0 0.3589245080947876 6.766688495874405 0 23.2772228717804 7.02215763181448
72.38848166167736 99.82667724788189 30.38599538803101 865.7351799160242 13.80763949453831 95.29658841341734 288.4149826616049 8.402809783816338 24.27114532887936 2088.664988644421 84.04176729917526 209.2642950043082 1065.243435241282 152.8607128039002 13.79458357393742 29.25281716883183 0.8665323406457901 1.10095826536417 0 0 0.3494052961468697 2.898400589823723 0.2488607317209244 0.1213875859975815 1.399459816515446 0.7821728885173798 1.430940605700016 0.6157472878694534 2.216454081237316 0.0956759974360466 29.13685091584921 21.54900910705328 95.14190290868282 0 0.1300950944423676 1.527367673814297 278.49760453403 40.13802051544189 28.74629646539688 11.14411518722773 0.480340838432312 0.8925952985882759 0.09455108642578125 4.485207326710224 0.3970795869827271 0.1811577677726746 34.17398221045732 0.3807034194469452 0.3278046026825905 0.3237379193305969 0.09308398514986038 5.665789797902107 6.135924831032753 1.124153710901737 1.023249737918377 1.026985011994839 3.228742718696594 4.665227994322777 2.531737759709358 4.491180159151554 0.1088662222027779 8.108590669929981 0 23.14389832317829 1.157216154038906 0.40021101385355 0.7834887281060219 0.1051305308938026 0.2783259749412537 0.505174495279789 291.7801469564438 3.764177180826664 0.1325583755970001 7.74589965492487 7.062997102737427 23.83286991715431 29.61210632324219 20.73925726115704 1.852279596030712 11.17918964475393 0 2.390448838472366 5.918666705489159 0 0.7262254133820534 1.363989800214767 0.6895381286740303 0.6685205027461052 0.3297075927257538 0.2554755210876465 0.6516547650098801 0.9505639225244522 2.608206160366535 0.8212194964289665 1.713702604174614 478.0331956371665 33.4899567514658 1.258872494101524 39.06838528066874 23.89753625541925 1.152666427195072 6.498232200741768 40.18010279536247 3.663020253181458 23.50147745758295 47.0061524361372 95.54280235618353 48.39697144180536 34.48144333064556 100.5510112717748 16.49223295599222 128.8150609731674 184.2498177438974 132.1005180925131 84.08841835707426 1.750495448708534 0.668021485209465 0 0.2535776346921921 0 0 0 0 0 0 0 0.1065679341554642 1.329216815531254 0 0.1413307338953018 0 2.047113262116909 0.4580842852592468 0.413731537759304 18.11758407950401 1.822292506694794 0 0.3105871081352234 0 12.32001297920942 2.627121284604073 16.7177701741457 2.598724775016308 3.307962015271187 0 0.5044594258069992 0.09247095137834549 0.7979335635900497 0 0.4999951273202896 0 0 0.3998594954609871 0 0 0.2559399902820587 3.559932388365269 0.3746450543403625 0 0.6791147589683533 0 0.230234295129776 0 0.3752916306257248 0 0.269684374332428 31.29336588084698 1.003198280930519 0.1371275335550308 0 0.2051187008619308 0 0 0 0 0.6365389078855515 42.63683035969734 6.242835201323032 0.1387079507112503 0 0 48.31060571223497 1.197225965559483 16.00340697914362 0.5499235987663269 1.415777310729027 2.145412713289261 0 0.776559978723526 0 0 0.3212355226278305 0 0 0 0 0 80.52835693955421 21.81231281906366 13.17840161174536 102.9288586974144 2.330490060150623 88.20067767053843 23.62091360986233 192.2196317911148 15.25485254824162 0.4097308665513992 13.0284526348114 6.919368155300617 0 2.600631147623062 0.9940252527594566 44.23538471758366 0.9844237267971039 2.904234632849693 0.1457101255655289 2.199771717190742 2.034789323806763 616.9713123142719 108.4989547729492
94.22566755861044 1504.6013430655 141.0647562891245 850.2773660495877 615.8061671853065 76.8541639149189 6507.849140711129 36.67765887826681 469.2745173275471 4141.84999165684 822.6773195341229 1065.243435241282 5689.948890328407 5075.302564784884 37.59502328932285 71.70974099636078 1.263902634382248 0.08125143498182297 0.2046423926949501 0.8191049918532372 1.461427062749863 7.383428111672401 1.422966435551643 0.4324667528271675 4.756558150053024 2.313339993357658 7.629966139793396 1.550690650939941 4.8940519541502 1.274075739085674 76.20545622706413 64.77843502163887 572.9551360756159 0.7013540267944336 1.010537669062614 6.57262496650219 1587.116418428719 101.2877554669976 60.71989521384239 23.05776329338551 5.042565442621708 2.359509639441967 1.864835172891617 14.96465443074703 0.6894518956542015 0.6858106479048729 112.8795433416963 1.587094239890575 1.342507489025593 1.230955064296722 1.318686954677105 8.719966113567352 17.94962369650602 3.364513590931892 4.341053150594234 1.857782125473022 10.85850314050913 15.17312420159578 9.469791017472744 20.13223787397146 0.9410596787929535 32.2048681601882 0.1491862237453461 72.84696248918772 2.738531060516834 0.4911322444677353 1.007330194115639 0.6613453850150108 1.419373489916325 3.007381431758404 560.2162288054824 5.757839359343052 0.1004523113369942 41.0857470408082 26.703383654356 84.11166578531265 100.3188319578767 59.72374963760376 6.483089946210384 109.9976480305195 0.6196303889155388 40.00149719417095 22.09441190212965 0.1216505765914917 3.395214453339577 5.75198695063591 0.5620276108384132 0.2341512739658356 1.752389974892139 1.683371566236019 1.308429934084415 1.741910710930824 10.00922253727913 2.613978698849678 3.913012616336346 777.9999555274844 66.04795998334885 0.3531333357095718 48.01056425273418 28.30255881696939 2.510834254324436 7.552858136594296 71.09043979644775 4.515030488371849 43.01652782410383 70.97591815143824 135.6892982125282 88.22655615210533 60.90776317566633 144.5733303204179 25.80469135195017 219.8113873153925 374.4420434907079 264.1122881323099 186.2373058870435 3.0893614590168 2.179565832018852 0 0.2362840548157692 0 0 0.1122100800275803 0.1336955726146698 0 0 0.1572993546724319 0.4498611241579056 1.855849348008633 0.1177142262458801 0.9603335782885551 0.1314007192850113 2.397681288421154 0.09855463355779648 1.123371601104736 37.82174986600876 2.92419695109129 0.1553002595901489 0.9509940594434738 0.3555250465869904 28.97263135015965 14.38954985886812 39.24753733724356 9.829827457666397 5.335395224392414 0 0 0 0.1135953739285469 1.168359883129597 2.73631513863802 0 0.5545741021633148 2.754941992461681 0 0 0.9540300965309143 8.812614306807518 0.4852288961410522 0 0 0 1.525119110941887 1.487989284098148 0.7614413797855377 1.218760684132576 3.794849626719952 83.45031066983938 1.730977833271027 0.09503935277462006 0.1428340375423431 0 0.08246331661939621 0.09417147934436798 0 0 0.8099636808037758 114.2866313681006 14.47868926078081 1.278184548020363 0.9885042682290077 0.1073414906859398 106.2393975704908 5.940767206251621 42.23953600227833 0.9951573610305786 0.76332126557827 5.222460076212883 0.9206021949648857 0.8531452268362045 0 0 0.1158013641834259 0.1955149173736572 0 0 0.522055596113205 0 158.3598371446133 57.30580946058035 31.12429066747427 274.5028672069311 3.564640685915947 262.8059120178223 62.21676184237003 197.7117795646191 39.50833117216825 2.003816150128841 40.06344009935856 16.43732356280088 0.2307981103658676 8.296457961201668 2.041793324053288 37.25242602825165 2.7054648026824 0 2.07978343963623 12.26370673626661 0.6673949658870697 684.1342667937279 212.3532178848982
27.01232492923737 2169.853514246643 1146.315869837999 5.360954746603966 2188.57638604939 5.405101716518402 4530.11555121839 720.8287043496966 2049.656848460436 144.3812795206904 1532.059358626604 152.8607128039002 5075.302564784884 1848.794777825475 38.61139393597841 69.25424306839705 2.523412123322487 0.5701114162802696 0.08973372727632523 2.594625197350979 5.274371199309826 3.314011245965958 5.830447427928448 0.2436815798282623 9.205494858324528 2.983803987503052 18.43491131067276 0.7135503143072128 3.785632163286209 2.703508660197258 122.661847896874 56.15333487838507 1308.431314639747 1.190392851829529 5.718556717038155 21.24957457184792 1616.710691086948 264.7064233571291 54.00314991176128 28.09046540409327 6.598735950887203 5.782144293189049 3.60306540876627 9.555315308272839 0.5031825974583626 0.4744732305407524 141.69324465096 4.399292908608913 2.071001119911671 1.968447834253311 1.321559607982635 2.971358008682728 6.112749263644218 1.786266125738621 6.767463006079197 5.215983115136623 14.51285771280527 19.15412349253893 13.09337325394154 36.52081453800201 0.133283793926239 154.0706615373492 0.1062801629304886 79.50543070584536 5.3122753277421 1.806470654904842 2.124079674482346 0.770234651863575 4.140656381845474 6.513233803212643 334.9925558045506 3.041071057319641 0.1960848420858383 66.48840732127428 40.72677635401487 130.0040113329887 113.2916372194886 63.69756284356117 20.42263955622911 677.9711038321257 0.4400834143161774 228.3420326858759 25.7810975164175 0.1604907661676407 4.428964376449585 8.678163290023804 0.9778200760483742 0.2090012729167938 1.638910368084908 1.251553386449814 1.18033792078495 1.438304454088211 22.40219011157751 7.835248537361622 4.754435554146767 173.1827243492007 54.96702928841114 0.148612454533577 20.38368768244982 6.827362202107906 2.255617953836918 7.458162270486355 21.70135267823935 1.69012114405632 12.60298231989145 19.60620664060116 22.85179136693478 30.26288178563118 30.24433735013008 43.30167810618877 19.28684244304895 67.39426924288273 125.653774432838 90.01321027427912 98.42002261430025 2.080390386283398 1.747774384915829 0 0.6211748421192169 0 0 0 0 0 0 0 0.1131762862205505 1.096672855317593 0 0.09416321665048599 0.2242843061685562 1.499454163014889 0 0.518299974501133 17.92246597260237 2.208361878991127 0.1126370951533318 0.8057336881756783 0 14.23450197279453 10.73347832262516 35.94156868755817 6.62643800675869 3.7165402546525 0.1240599751472473 0.242188036441803 0 0.09829021245241165 0.8090240731835365 0.8666923195123672 0 0.1009887084364891 3.524904385209084 0 0 1.343946129083633 2.509072072803974 0 0 0 0 0.2384903430938721 0.5460720434784889 0.2688789367675781 1.45503868162632 4.144623264670372 59.75190567970276 0.2297747209668159 0 0.2449665144085884 0 0.134070411324501 0 0 0 0.1321702599525452 55.41726582497358 8.194721594452858 0.1614610850811005 0.6422876045107841 0.821252316236496 65.51116575300694 3.6001256108284 41.26495342701674 0.3115909397602081 0.9370962753891945 3.398225769400597 0 0.3892961218953133 0 0 0.7403777837753296 0.4861878305673599 0.5502732470631599 0.2217004746198654 0.7601176500320435 0 52.81881821900606 37.97938673943281 23.24547766894102 283.5659329667687 9.006862327456474 327.0364977493882 47.77367445081472 68.58218610286713 46.41386651992798 2.960373692214489 48.95242042094469 10.50883232057095 0.3356640860438347 6.574390403926373 2.150085546076298 8.311723262071609 1.660333044826984 0 0.3744435235857964 9.510022178292274 0 136.977873057127 53.80461102724075
