453.6695489957929 1365.034212328494 774.8957916423678 1416.378008402884 30.86050445586443 437.4547056108713 391.7169874384999 15.73535759747028 12.79643554240465 1793.189864270389 47.81704942137003 126.2040595412254 232.7497467398643 25.41403099894524 1.490123383700848 0.2595666646957397 0.09832361340522766 0.2341977879405022 0 0 0.1041269525885582 0.1053714379668236 0 0 0 0 0 0 0 0 518.5981150120497 5.332897789776325 0.4584701582789421 0 0 0 0.5770321562886238 0.2059122249484062 0.1684282869100571 0 0 0 0 0 0 0 63.72151859104633 0.6533807367086411 0 0 0.08139007538557053 0 0 0 5.951512008905411 2.917456202208996 258.739463865757 786.3510664850473 120.324033908546 39.5610935986042 0 0.1622101813554764 0 4.069527104496956 7.222156681120396 2.244858589023352 0.7268007695674896 0.1904925778508186 0.1934475973248482 0.2420722544193268 2.230138592422009 2.26097109913826 0 175.3072858974338 23.15948518365622 40.04133417457342 2.69373457878828 0 0.4293743520975113 0.309625580906868 0 0.1595932394266129 33.08178821206093 0 2.818955071270466 2.213450320065022 0.5717423483729362 0.1569370627403259 0.3416266813874245 0 0.4123129621148109 0.09012724459171295 0.233916848897934 0 0.1075357869267464 28.94772244244814 2.468533143401146 0.1312372386455536 0.4278978854417801 1048.915191672742 0.3948617726564407 18.60571995377541 6.813710510730743 16.24442303925753 0.1594164073467255 7.101426295936108 29.50993183255196 9.629448443651199 27.78238371014595 16.96076810359955 0.2776389122009277 29.42278028279543 42.16459619253874 16.17446590214968 11.31835289299488 0 0 0 0 0 0 0 0 0 0 0 0 0 0 0.9792860746383667 0 0 0 0 1.800989210605621 1.568987712264061 0 0 0 1.750790059566498 0 3.094099581241608 1.462044715881348 2.010127924382687 0 0 0 0 0 0 0 0 0 0 0 0 1.544068217277527 0 0 0 0 0 0 3.822696730494499 0 0 0.1883349865674973 0 0 0 0 0.09791582077741623 0 0 0 0 1.818219102919102 1.130671218037605 0 0 0 3.083629429340363 0 0 0 0 0 0 0 0 0.1075762510299683 0 0 0.1008260175585747 0 0 0 1.410258382558823 0.4498157799243927 2.942560434341431 200.3575565740466 6.822749458253384 139.0768295899034 11.42314831912518 1136.093289844692 6.609066486358643 0.2307912111282349 1.46402096003294 8.74305322766304 0 1.765411034226418 0 122.4744582548738 0.1683856993913651 0 0 0 0 323.5081792846322 22.87285373359919
1365.034212328494 2001.412549808621 1646.78283778578 224.1629192903638 2412.688749626279 125.3394796997309 2294.181445531547 121.7201032266021 3073.739290319383 1353.762442238629 843.7186530306935 43.16590777039528 594.7275368794799 493.6384531185031 8.469672739505768 0.5305909812450409 0.5082303881645203 0.09389438480138779 0 0 0 0 0 0 0.07764942198991776 0 0 0.2135366648435593 0 0 1700.891596503556 172.3352252468467 0.855115570127964 0 0 0 2.53669610619545 0.4007999375462532 0.6273355036973953 0.29889115691185 0 0 0.08985085785388947 0.0946231409907341 0 0.09562888741493225 167.094725087285 1.673267267644405 0 0.3223223760724068 0.7743275314569473 0 0.2142160460352898 0 10.78370813280344 3.967101350426674 240.3557787947357 1114.527704693377 210.4277929626405 93.30112915486097 0.2819221913814545 0.6606114581227303 0 99.97377598285675 10.91330925375223 3.328408531844616 1.489201590418816 0 0.8460213094949722 0 3.858141101896763 2.432004630565643 0 388.4940993413329 127.8589614704251 141.0389609411359 15.7824918627739 1.191324576735497 0.5410143584012985 4.288779281079769 0.6070233806967735 2.422489508986473 53.804308347404 0.07994648069143295 4.6537966132164 4.680711887776852 0.9131926223635674 0.1091078743338585 1.129380159080029 0 0.8278898000717163 0.07940215617418289 0.4461104348301888 0 0.1081486344337463 12.06369642913342 0.3642008528113365 0 0.8286992460489273 634.5921726003289 0.8385554552078247 5.458013013005257 0.5885956883430481 3.779064483940601 0 1.229227088391781 6.618431068956852 1.806472733616829 5.323527164757252 3.638538628816605 0.9419154226779938 15.15100791305304 23.77326814830303 12.98181544989347 4.796369142830372 0 0 0 0 0 0 0 0 0 0 0 0 0 0 0 0 0 0 0 0 2.363349705934525 0 0 0 3.253429047763348 0.3950625658035278 4.349872395396233 2.520532533526421 0 0 0 0 0 0 0 0 0 0.3998415768146515 0 0 0 0 0 0 0 0 0 0.5036793649196625 0.8974985331296921 0 0 2.813782274723053 0 0 0 0 0 0 0 0 0 2.574252530932426 0.4632581919431686 0.132228747010231 0 0 0.6179853081703186 0 0 0 0.2596411406993866 0 0 0 0 0.2662204280495644 0.1018293276429176 0 0 0 0 0 2.831985607743263 3.018826514482498 3.034346796572208 224.3028487861156 21.62510049343109 456.7423341423273 50.56149232387543 590.5895307064056 14.14500746130943 0.7548355311155319 5.302589140832424 10.17702274024487 0 0.5482590794563293 1.112201541662216 28.04212295264006 0 0 0 4.342250615358353 0 125.1816453486681 4.306952327489853
774.8957916423678 1646.78283778578 1004.986799888313 6.472752690315247 694.2096844613552 6.008042477071285 126.8310056850314 1637.032566383481 868.855166874826 52.44525675475597 1673.956978201866 12.353873886168 100.9436694309115 407.2470626458526 4.395732931792736 2.269071236252785 0.449282132089138 0 0 0.295928880572319 0.8603566661477089 0 0 0 1.309031903743744 0 0.1170753166079521 0 0.09950645267963409 0 3430.126835934818 401.0857750177383 42.18046269565821 0.1059826985001564 7.275451079010963 4.48182886838913 30.51720650494099 13.51751199364662 9.462078601121902 2.250614851713181 0.1554890871047974 0.4401829168200493 3.103485397994518 0.1281857192516327 0.1895715594291687 0.6033003330230713 27.08441899716854 0.3539697006344795 0.1044948548078537 0.4714201614260674 0.7535978332161903 0 0.1288747191429138 0 1.655470095574856 1.186272889375687 87.94305355101824 612.4591033905745 43.45355313271284 13.42424233257771 1.178365960717201 15.96666258573532 1.739697642624378 105.9282619580626 2.2476472184062 0.8007615059614182 0.5273702889680862 1.230825588107109 13.74502775073051 3.410321749746799 57.03536559641361 12.460364356637 0 76.01293253898621 30.06475877016783 28.55855596065521 13.00126829743385 0.7216243296861649 6.006290584802628 403.1080205440521 0.6035986542701721 83.17173828929663 9.497460424900055 0 0.6795639023184776 0.6082585975527763 2.34456292539835 0 0 0 1.149889387190342 0.08466193079948425 17.06646798551083 0.3188224658370018 0.6819492802023888 31.09814043343067 12.1865570768714 0 12.93935543298721 263.6269654110074 0 1.331769466400146 0.2039180099964142 0.4538017809391022 0.6036001443862915 0 0.6201798021793365 1.371412396430969 1.267483159899712 1.108231484889984 0.6916278600692749 4.658271908760071 8.49731107801199 7.430158369243145 6.828613966703415 0.6427948102355003 0 0 0 0 0 0 0 0 0 0 0 0 0 0 0.1779278665781021 0 0 0 0 0.9243764877319336 0 0 0 9.653681814670563 0 8.462748855352402 6.029554732143879 1.281929798424244 0 0 0 0 0 0.7759090065956116 0 0.3272685110569 0 0 0 0 0 0 0 0 0 0 0.1191870719194412 1.292323708534241 0 0 3.86606103181839 0 0 0 0 0 0 0 0 0 4.280619226396084 3.078901968896389 0 0 0 5.079805731773376 0 1.121226668357849 0 0 0.188369944691658 0 0 0 0 0 0 0 0 0 0 5.043483912944794 9.833373993635178 12.68239501863718 45.66288777440786 6.312262289226055 79.86282438784838 16.26351946592331 56.37364611774683 4.37721986323595 0 1.345057904720306 13.69481183588505 0 3.498571336269379 0.1117223128676414 0 0 0 0.3591606914997101 0.9401168525218964 0 25.51193771511316 13.20995517075062
1416.378008402884 224.1629192903638 6.472752690315247 265.0186159089208 68.46354247629642 512.664267167449 619.4376164078712 0.685440257191658 14.31811736524105 2651.217758692801 2.368895150721073 266.2828796580434 1076.417911864817 188.6123275011778 0.413495771586895 0 0 0 0 0 0 0 0 0 0 0 0 0 0 0 82.23900490999222 3.834724768996239 0.469682514667511 0 0 0 0.2850313633680344 0 0.1519970744848251 0 0 0 0.09420366585254669 0.1084452793002129 0 0 17.47327014058828 0.648867130279541 0 0 0 0 0 0.1222832724452019 1.762857161462307 0.07255525887012482 29.90421275794506 110.8435931801796 27.16116434335709 12.62662199139595 0 0 0 3.478980846703053 0.8087457567453384 0.5855024680495262 0.3252936750650406 0.07754828780889511 0.1138730272650719 0 2.119113765656948 4.671671494841576 0 37.52998097985983 7.109663896262646 10.66275577992201 1.433966338634491 0 0.1904713362455368 0 0 0.6179983466863632 6.404540240764618 0 0.560564361512661 0.5068763568997383 0 0 0 0 0.08997445553541183 0 0 0 0 19.12088268995285 0.2334468364715576 0 0 303.6085545867682 0.761957086622715 10.47863597422838 3.51553613692522 6.513163864612579 0 3.701385647058487 14.95175440609455 5.175451695919037 15.25960937142372 5.129647105932236 0.5094589591026306 18.04649589955807 23.13188980519772 12.05862436443567 8.737367928028107 0.2010134011507034 0.592548131942749 0 0 0 0 0 0 0 0 0 0 0 0 0 0 0 0 0 0.7686367928981781 0.2947905957698822 0 0 0 2.489801943302155 0.6211318969726562 1.341948345303535 2.201982639729977 0.1465966552495956 0 0 0 0 0 0 0 0 0.1433676332235336 0 0 0 0 0 0 0.1018282100558281 0 0.10636817663908 1.598189547657967 0.3934764266014099 1.486254811286926 0 0.7002642750740051 2.809791564941406 0 0 0 0 0 0 0 0 2.199936151504517 0 0.1414851248264313 0 0 1.014238923788071 0 0 0.1803523004055023 0 0 0 0 0 0 0 0 0 0 0 0 1.373611271381378 2.490538701415062 2.170904137194157 51.6314832046628 1.931435316801071 51.81693251430988 6.156084448099136 444.7506850063801 1.254835985600948 0 1.120958894491196 5.928694784641266 0 3.299004875123501 0.4265749752521515 55.27132850885391 0.1447344869375229 0 0 0.223835363984108 0 223.2714393138885 9.626749157905579
30.86050445586443 2412.688749626279 694.2096844613552 68.46354247629642 1492.418567471206 1.193415634334087 2222.635004676878 106.3877455964684 3310.656508356333 422.8033045604825 955.4539667144418 8.622633889317513 661.2145583629608 1927.462991073728 2.736879415810108 0.2324735820293427 0 0 0 0 0 0 0 0 0 0 0 0 0 0 168.6711423918605 53.43222408741713 0.4904021173715591 0 0 0.09292241930961609 0.8054604753851891 0.1780914217233658 0.1732146516442299 0 0 0 0.1016243919730186 0 0 0 35.33286920934916 0.09318986535072327 0 0.1604147776961327 0.2798734903335571 0 0.09485762566328049 0.2981257736682892 1.698957994580269 0.4009900912642479 23.28674674034119 86.15305562317371 24.19109681248665 16.46113555878401 0 0 0 34.94389279186726 1.159810155630112 0.4979679733514786 0.1665428057312965 0 0.0957690104842186 0.2381790280342102 2.899585448205471 0.2892595380544662 0 51.52002305537462 30.57453247904778 28.80053873360157 7.564580515027046 0.6143198162317276 0 0.9933149814605713 0 0.697386771440506 7.48856770247221 0 0.5727063491940498 0.3363728374242783 0.4514055028557777 0 0.2266028523445129 0 0.1915469616651535 0 0 0 0.1049360036849976 3.525068201124668 0.3795805871486664 0 0.1900622323155403 7.198206178843975 0 0 1.101315259933472 0.1620175391435623 0 0 0.2505457177758217 1.052323073148727 2.421873643994331 0.3672602474689484 0.6073699146509171 3.940619811415672 5.214213117957115 1.506972573697567 3.011008128523827 0.5584967136383057 0 0 0 0 0 0 0 0 0 0 0 0 0 0 0 0 0 0 0 0 0 0 0 2.4532790184021 0 1.268062099814415 0.9603748396039009 0.5969124436378479 0 0 0 0 0 0 0 0 0 0 0 0 0 0 0 0 0 0 0 0 0 0 0.7187899947166443 0 0 0 0 0 0 0 0 0 1.433885127305984 0 0 0 0 0.2938487827777863 0 0 0 0 0 0.3457135856151581 0 0 0 0 0 0 0 0 0 3.038866460323334 0.4957722127437592 3.160762190818787 59.27243584394455 5.160285279154778 115.5803470984101 22.50435441732407 32.07176330685616 4.58380189538002 0.1160202026367188 3.046900749206543 3.836225710809231 0 1.35224175453186 0.5223432183265686 3.356817483901978 1.224528431892395 0 0 0.8652598261833191 0 12.00233590602875 2.053833663463593
437.4547056108713 125.3394796997309 6.008042477071285 512.664267167449 1.193415634334087 23.66377560794353 18.30311796069145 3.058847218751907 0.6176464036107063 852.6495966091752 5.792067527770996 144.6092146113515 108.4455456063151 11.36637688428164 0.5432965159416199 0 0 0 0 0 0 1.28955665230751 0 0 0 0 0 0 0 0 122.2427501752973 0.2779968827962875 11.31235618144274 0 0 0 11.67729560285807 0 2.339392922818661 0.3152901530265808 0 0 0 0 0 0 1.74012154340744 0 0 0 0 4.840106628835201 0 0 0.3912964761257172 0.2432849183678627 201.7822723090649 53.19725498557091 3.08739547431469 1.03236947953701 0 1.206468477845192 0 0.6560000628232956 0.4920849949121475 0 0 0 0 0 81.26654190570116 290.60018081218 5.527087658643723 4.217881910502911 0.5543442517518997 0.6496856659650803 0.2099765837192535 0 0 3.484101310372353 0 0.7217322587966919 0.6855293735861778 0.5841279625892639 0 0.4051545187830925 0.07946658879518509 1.037112332880497 1.163533061742783 4.811151660978794 0 3.930812746286392 0 0 2.46749883890152 271.7002086788416 103.713251426816 9.797443568706512 18.84251306951046 250.4141194671392 1.120762705802917 2.644051283597946 1.684364214539528 2.677091106772423 0.2297003865242004 1.688285484910011 7.754053749144077 0.8161854296922684 4.695611089468002 11.4337315261364 0 11.30475240200758 13.21623169630766 3.238054566085339 1.074415370821953 0.2103966176509857 0 0 0 0 0 0 0 0.2419522702693939 0 0 0 0.5819532051682472 0 0.5531968846917152 0 1.110363885760307 0.138163298368454 0 0.4793273508548737 0 0 0 0 0.3539488986134529 0 0.1741704344749451 0.7800407782196999 1.231356739997864 0 0 0 0 0 0 0 0 0 0 0 0.1412421464920044 1.827767759561539 0 0 0 0 0 0 0 0 0 0 0 0 0 0 0 0 0 0 0 1.106159806251526 1.421202778816223 0.1440220326185226 0.2645803391933441 0 1.153977990150452 0 0 0 0 0 0 0 0 0 0 0 0 0.1692894548177719 0 0 0.3874654620885849 0.7254476770758629 1.523993022739887 16.23288793861866 0 7.736060999333858 0.9471810907125473 218.9624541774392 2.924894377589226 0 0 2.485228516161442 0 0.1674119979143143 0 25.4414646178484 0 0 0 0 0 86.70559646934271 20.62128776311874
391.7169874384999 2294.181445531547 126.8310056850314 619.4376164078712 2222.635004676878 18.30311796069145 1074.35573771596 44.4832529425621 1090.286780513823 1785.424866005778 194.9147107601166 213.9067040085793 4559.064580880105 1579.925724938512 6.595384694635868 1.434524029493332 0 0 0 0 0 0 0 0 0 0 0 0.3464419841766357 0 0 165.0907244086266 55.83454378694296 1.655597902834415 0 0.2007713690400124 0 1.582863874733448 0.4048023819923401 0.3298497125506401 0.1830203160643578 0 0 0 0 0 0.1355593353509903 67.14615932106972 0.3863450214266777 0 0 0.1752931550145149 0.125734806060791 0 0 1.838081486523151 1.319907069206238 40.33870117738843 137.2551571279764 46.75085805729032 29.8723358809948 0.223219983279705 0.4122632294893265 0 48.26294515281916 1.495595157146454 0.9200489297509193 0.4212663993239403 0 0.2768320515751839 0 5.714370533823967 7.364258989691734 0 86.08849558979273 47.44478744268417 60.30139969289303 15.51894747465849 0.2730010449886322 0.2054134830832481 0.7356412783265114 0.169450044631958 0.4511869326233864 13.19732768088579 0 1.000533699989319 1.136792123317719 0.6436121016740799 0 0.2297560349106789 0.08919456601142883 0.1091200932860374 0 0.5391223430633545 0.1032343581318855 0 28.07176576554775 3.371076583862305 0 0.6892126873135567 14.19889710098505 0.1651003956794739 3.934211999177933 0.540441021323204 4.785281464457512 1.642156273126602 4.214116834104061 6.797145657241344 3.394123427569866 12.11607281863689 7.671360589563847 1.058628767728806 38.33528523892164 49.49064721167088 21.75561881810427 19.90759228914976 0.9768428802490234 0 0 0 0 0 0 0 0 0 0 0 0 0 0 0 0 0 0 0.9921841472387314 0.3953386396169662 0 0 0 14.32327372580767 0.4317858815193176 18.10329901427031 8.383887574076653 2.389346450567245 0 0 0 0 0 2.278171509504318 0 0 0.6416216492652893 0 0 0 2.210561186075211 0 0.1524548977613449 0 0.2527658641338348 0.1283392906188965 0 1.782463796436787 0 0.3412074744701385 8.798635259270668 0 0.1017576828598976 0 0 0 0 0 0 0 11.01221226900816 0.4849356114864349 0.1353671550750732 0 0 11.89275908470154 0 0.3015387654304504 0 0.455443412065506 0 0 0 0 0 0 0 0 0 0 0 7.943473070859909 11.44498259574175 17.80434503406286 165.6584662646055 14.64187104254961 224.884880810976 50.34620751440525 83.5547266677022 10.07804396748543 2.554166972637177 7.36343240737915 22.97932428121567 0 5.115803629159927 0.1887976974248886 22.86825777590275 0 0 1.293978065252304 2.849756330251694 0.8559600710868835 52.55538423359394 13.44784612208605
15.73535759747028 121.7201032266021 1637.032566383481 0.685440257191658 106.3877455964684 3.058847218751907 44.4832529425621 1037.73943823576 126.8181027024984 12.25021947175264 1686.726903796196 16.29990104585886 117.760050483048 1644.932039901614 7.229211173951626 5.466475792229176 2.388536863029003 3.837453939020634 2.538494482636452 2.882024027407169 8.07878765463829 0 0 0 6.551410518586636 0.1801132410764694 0.9901130944490433 0.2060160040855408 0 0.09829452633857727 524.5135859698057 1606.691883541644 87.6199641302228 3.881613299250603 40.44507644325495 25.6586180627346 81.77966309338808 59.8078423216939 24.02785187214613 9.56250623613596 3.000441290438175 3.595100313425064 47.87048660218716 6.847066096961498 3.866452299058437 9.480276294052601 31.86526296287775 4.768251948058605 2.981714755296707 25.70356554538012 8.072318971157074 0 0 0.5450375899672508 0.9806228503584862 0.3164540752768517 15.41567055135965 97.2401894107461 13.20859017968178 7.901864938437939 39.41170239448547 69.47119751572609 18.17830096930265 439.3866669312119 0.2546368390321732 5.036262147128582 1.530465103685856 16.3670970723033 116.9602270498872 30.31369736790657 107.8537263795733 9.794517681002617 0.1462461054325104 38.61583588272333 48.19351376593113 34.84317308664322 45.30052562057972 80.06970621645451 726.8833891972899 1122.608660116792 31.16974264383316 894.6347719356418 4.417762570083141 0 5.763544648885727 0.7762779071927071 48.74141289293766 0 0.4282872825860977 0 4.766014084219933 1.535332918167114 73.63629285246134 6.831221379339695 6.791121162474155 36.52283066511154 15.37360905110836 0 23.30850939452648 5.176901310682297 0 0.2614569365978241 0 0.4953932166099548 0.3019611537456512 0 0.1977186799049377 1.641109734773636 3.246608003973961 1.629111528396606 0.2293813973665237 4.422228567302227 8.397755891084671 5.088926948606968 6.000242710113525 0 0 0 0 0 0 0 0 0 0 0 0 0 0 0 0 0 0 0 0 0 0 0 0 6.246481828391552 0.8149188756942749 4.823384046554565 3.115086190402508 0.2006151452660561 0 0 0 0 0 0.5708217620849609 0 0 0.5702184438705444 0 0 0 0.1266714930534363 0 0 0 0 0 0.1624179631471634 0.1334969997406006 0 0 2.156569004058838 0 0 0.2386104166507721 0 0 0 0 0 0 5.235541597008705 0.9512591063976288 0.1009615734219551 0 0.3306229934096336 2.773032173514366 0 0.3109091818332672 0.1579565107822418 0 0.3700365424156189 0 0 0 0 0 0 0 0.1092134416103363 0.1594802737236023 0 4.675604224205017 9.631418488919735 6.522026807069778 65.4666458144784 14.81062482297421 117.3832001835108 30.4478645324707 14.69087907671928 3.566126689314842 0.1556363850831985 2.36795262992382 8.092373877763748 0 3.974263414740562 2.319060981273651 2.173166029155254 0 0 0 2.637270919978619 0 10.29496938735247 4.994930818676949
12.79643554240465 3073.739290319383 868.855166874826 14.31811736524105 3310.656508356333 0.6176464036107063 1090.286780513823 126.8181027024984 272.4632004573941 150.3570917993784 545.6177269518375 52.57473906129599 1264.494832672179 461.7863230407238 4.35070838034153 0.707730233669281 0.1199690625071526 0 0 0 0 0 0 0 0 0 0 0 0 0.08898123353719711 68.92369256168604 29.2176668420434 4.267156548798084 0 0.09337587654590607 0 1.712483629584312 0.7684107720851898 0.4856566414237022 0.1611385345458984 0 0 0 0 0 0 22.6718096062541 0 0.08048787713050842 0 0.09463179111480713 0 0 0 0.6448457613587379 0.4877511411905289 8.606391400098801 34.82669103890657 8.670430786907673 10.41925921291113 0 0.1686403974890709 0 22.47918681800365 0.2229395359754562 0.3229859992861748 0 0 0.3272031918168068 0 5.108425885438919 2.642962381243706 0 27.33871168643236 22.29926621168852 22.98139043152332 11.20200909674168 0.3566619679331779 0.4643590152263641 0.626938134431839 0 0.07881621271371841 4.572392515838146 0 0.4357945844531059 0.2520943954586983 0.1142488569021225 0 0.1546589136123657 0 0 0 0.09081646054983139 0 0 8.356239274144173 1.640280395746231 0 0.6213883757591248 1.83759494125843 0 0.2601073905825615 0.4371078088879585 0.6625073477625847 0 1.692973978817463 1.325255960226059 1.55928561091423 3.241084367036819 2.029997900128365 1.05733310431242 11.20169274508953 16.807382568717 10.27824856340885 10.50566754490137 0.9452564865350723 0 0 0 0 0 0 0 0 0 0 0 0 0 0 0 0 0 0 0 0.2868155539035797 0 0 0 6.314892128109932 0 6.119532234966755 4.144421145319939 0 0 0 0 0 0.1334220468997955 0.1225598752498627 0 0 0 0 0 0 0 0 0 0 0 0 0 0 0.7685151100158691 0 4.397803485393524 0.5185333490371704 0 0 0 0 0 0 0 0 3.207425870001316 0.6063356995582581 0 0 0 2.504162192344666 0 1.15376952290535 0 0.1021100506186485 0 0 0 0 0 0 0 0 0 0 0 2.853198982775211 7.496298104524612 2.53934533894062 75.51062329113483 7.305982135236263 97.66902744024992 23.7982244938612 17.95964376628399 6.15232066065073 0.1957365870475769 2.789824232459068 7.552773043513298 0 2.21573181450367 0.7988085895776749 9.167415983974934 0.461903989315033 0 0 1.753426045179367 0.8283989429473877 10.3169311657548 3.275651879608631
1793.189864270389 1353.762442238629 52.44525675475597 2651.217758692801 422.8033045604825 852.6495966091752 1785.424866005778 12.25021947175264 150.3570917993784 2477.974260762334 32.07457545399666 1143.808124221861 5220.100844997913 403.1157917231321 14.54557540267706 3.088523931801319 0.3740880191326141 0 0 0 0 0.3603111654520035 0 0 0.09978903084993362 0 0 0 0.4188910350203514 0 187.6170135140419 24.82893598079681 11.75178093463182 0 0.1243413463234901 0 8.215781651437283 0.7946405932307243 1.146897844970226 0.4464672654867172 0 0 0 0.07605025917291641 0 0 134.0570406019688 0.9026722982525826 0 0.1786391139030457 0.1059553250670433 0.4209074676036835 0 0 3.983116321265697 3.036822706460953 91.66445801407099 192.255113735795 72.34468254446983 59.34923730045557 0.2966376692056656 0.3854197189211845 0 49.19027319550514 4.072010040283203 1.833489693701267 1.152968749403954 0.1324020326137543 0 0 62.51554767042398 72.84089183062315 0.2786747515201569 143.4560733176768 69.68320997059345 104.861351698637 26.96237374097109 0.8474880158901215 0.4624860882759094 0.768719956278801 0.2776664569973946 0.7067091837525368 27.60678096115589 0 2.443423680961132 2.648323617875576 0.4751083627343178 0 0.5892844125628471 0.4391581937670708 0.7651914432644844 0.3141150996088982 0.2248981520533562 0.1112928092479706 0.5708314180374146 451.4492088332772 31.77662986516953 0.8859955072402954 3.823965892195702 588.3058189302683 1.162683866918087 80.38259501755238 17.38432583957911 76.86658209562302 4.455037981271744 35.24877172708511 175.1231207177043 59.91904874145985 171.9600388929248 149.508150100708 10.27514167129993 391.8611157238483 549.5030167028308 260.929433979094 208.3147700801492 5.674197360873222 0 0 1.53230357170105 0 0 0 0 0 0 0 0 0 0 0.1387601494789124 0 3.303843319416046 0 0 6.635258838534355 17.23624622821808 0 0 0 116.7652710154653 1.515929788351059 103.2474331557751 63.94301084429026 14.30598640441895 0 0 0 0.3928993344306946 0.9026240110397339 3.092676147818565 0 3.101596996188164 1.528744295239449 0 0 1.439718008041382 6.044709749519825 0 0 1.415176659822464 0 2.109989151358604 3.2789521291852 15.64059682190418 4.830204270780087 2.748873472213745 70.55169101059437 3.895353615283966 0.4441561102867126 0 0 0 0 0 0 0 81.20555397868156 3.572014570236206 0.7071015536785126 0.3162951469421387 0 87.49632973968983 0.3803348988294601 14.86702471971512 1.086223483085632 4.817134074866772 5.643771573901176 2.742928743362427 2.509100347757339 0 0.1357197612524033 0.470765233039856 0.1581491827964783 0 0 0 0 78.18546852469444 90.27873416244984 156.8226566538215 643.4582738280296 32.98065699636936 443.694074422121 116.726383022964 845.6071600243449 34.26890967786312 15.65487214922905 27.4493852108717 161.0884197354317 2.07205468416214 65.9234129935503 14.32482542097569 433.4521565586329 8.029831886291504 7.040269136428833 10.18576380610466 7.957647785544395 3.238052934408188 1140.444044299424 200.0329737663269
47.81704942137003 843.7186530306935 1673.956978201866 2.368895150721073 955.4539667144418 5.792067527770996 194.9147107601166 1686.726903796196 545.6177269518375 32.07457545399666 860.5541865006089 74.00632363557816 975.3498976677656 2861.852356187999 16.64376191049814 10.42759775370359 0.8879155814647675 0.1895914971828461 0 1.305126495659351 4.730503223836422 0 0 0.1192046925425529 9.800531901419163 0.8759617209434509 0.2704313099384308 0.2068661451339722 0 0.1022498905658722 364.7487916648388 429.2403284683824 477.6684364452958 0 21.13515778630972 19.51621363312006 198.8347666636109 88.00903400033712 24.83480579406023 11.40595918148756 3.33934772759676 2.864392019808292 3.433210298418999 0.2086352556943893 0 0.3102995306253433 49.83977299928665 0.4682499468326569 0 0.4775111302733421 1.680188603699207 0.3949888348579407 0.3238846957683563 0.3693792447447777 1.450417660176754 0.6695344001054764 25.58247106522322 106.3821895048022 23.07935697585344 18.49866080284119 1.97506570070982 22.29077264666557 6.577317997813225 131.3570396304131 0.9880988821387291 1.90664279460907 1.593370229005814 3.718911349773407 24.13132543861866 6.795137509703636 187.8400691300631 12.76739540696144 0 56.79478815943003 69.80032119899988 78.30195194482803 44.61624865978956 2.911773033440113 58.66970741003752 18.59750195592642 0.3986255377531052 6.95781921595335 5.405844196677208 0 1.073711238801479 0.5239509344100952 2.60565921664238 0 0.2245719656348228 0 0.530117079615593 0.1778702735900879 36.01618211716413 2.754997618496418 1.493516735732555 66.05819135159254 20.26984497904778 0 25.26104237884283 8.930469378829002 0.592774510383606 0.2814056575298309 0 0.7427195087075233 0.8741385787725449 0.1498510092496872 0.4853674620389938 1.010561257600784 2.665834844112396 1.705098435282707 0.8338065147399902 10.17701055854559 17.78657605499029 12.3137092217803 14.79886172711849 0.2730915397405624 0.1526028364896774 0 0.2559463158249855 0 0 0 0 0 0 0.1522385478019714 0 0 0 0 0.1168775781989098 0.236122652888298 0 0 2.742106854915619 0 0 0.2221177667379379 0 12.47276435047388 0.3077684044837952 6.934547990560532 7.247937113046646 0.6451986953616142 0 0 0 0 0 0 0 0 0.2330320328474045 0 0 0 0.1459318399429321 0.3198724389076233 0 0 0 0.5115590691566467 0.9938899129629135 0.1174629256129265 0.2844916582107544 0 5.1533123254776 0 0 0 0 0 0.1575673520565033 0 0 0 9.187886498868465 1.464914970099926 0.4938227832317352 0 0.1509846746921539 5.881835281848907 0 0.8538461029529572 0.3507610857486725 0 0.1005075722932816 0.1162588596343994 0 0 0 0 0 0 0.1200127825140953 0 0 9.610372737050056 10.89591208100319 11.27272243797779 93.28862505406141 9.605777442455292 166.5375399813056 37.74193896353245 19.99473460763693 5.878741212189198 0.9587712362408638 4.723519317805767 11.87974721938372 0 3.34719193726778 2.036586225032806 2.217821538448334 0 0 0 4.191772356629372 0.4444113075733185 24.71520525217056 11.52412407100201
126.2040595412254 43.16590777039528 12.353873886168 266.2828796580434 8.622633889317513 144.6092146113515 213.9067040085793 16.29990104585886 52.57473906129599 1143.808124221861 74.00632363557816 101.2650270611048 1218.186462156475 229.4200622737408 28.92359025031328 24.70024195313454 2.338973663747311 0.08489488065242767 0 0 0 0 0 0.08975591510534286 0.8052679449319839 0.4546841233968735 0 0.1771448403596878 0 0 15.17376128584146 3.509766064584255 118.3880681172013 0 2.402691520750523 1.84226381033659 375.4852538555861 29.2719024643302 10.94030226022005 8.027781195938587 0 0.1083717718720436 0.1176522150635719 0.8353487551212311 0 0.09141290932893753 53.07897841930389 0.1758511289954185 0 0.08755911141633987 0.2160433232784271 0 0.09484747052192688 0 0.4802276566624641 0.1025775596499443 10.44931924343109 11.89477928727865 8.956861719489098 12.96854017674923 3.410426035523415 34.58014756441116 1.03194060921669 5.868190199136734 0.8349131941795349 0.3241626471281052 0.160259909927845 0.4305521696805954 1.371280536055565 0.1313508898019791 381.0210427120328 34.68386859446764 0.09151437133550644 22.77011565119028 33.77394429594278 72.61467564105988 39.98301419615746 3.614133171737194 0.1479505300521851 44.49910451471806 0.6482656598091125 6.235676273703575 2.26784760504961 0 0.2987919747829437 0.21469646692276 0.26207085698843 0 0.08513998985290527 0 0 0 2.462567910552025 0.3351745679974556 0.1990158259868622 863.2712587118149 35.18753077089787 0.2333728820085526 7.852507010102272 45.52571676671505 0.2560600936412811 23.70396307110786 8.605996333062649 28.25806026160717 0.8093981146812439 14.99627143144608 66.54899269342422 33.54612588137388 88.06594310700893 71.06306847184896 7.973457008600235 206.4579798281193 314.6800774410367 165.9029294922948 99.87896792590618 2.867643393576145 0.8109573423862457 0.4175713360309601 0.1165497228503227 0 0 0 0 0 0 0 0 0 0 0 0 0 0 0 4.655600890517235 7.282140672206879 0 0 0 45.89227003604174 0.523847222328186 36.60747914761305 17.74846743792295 3.121961802244186 0 0 0 0 0.2754189968109131 0 0 0.3644949197769165 2.382796108722687 0.3282147645950317 0 0.1157919093966484 0.1096801683306694 0 0.1397469043731689 0 0 1.064006373286247 2.273866891860962 6.340877786278725 0.2252919524908066 0.8471860066056252 30.66645586490631 1.46312627196312 0 0.152003675699234 0 0 0 0 0 0 43.23533204942942 1.969706401228905 0.2493697255849838 0.1489498913288116 0 56.53452910482883 0.5270594358444214 9.879394441843033 1.440532013773918 4.429429270327091 1.069029591977596 0.6824434995651245 0.3389083296060562 0 0 0 0 0.09685566276311874 0 0 0 62.33361247181892 30.50132787972689 45.38104791194201 381.4858248159289 11.8255405947566 241.8644570037723 100.9097278490663 155.7185714766383 14.16288906335831 7.990700900554657 12.66593305766582 57.10500428080559 0 30.64628254622221 5.64411161839962 130.6897700503469 2.226718872785568 0.4395774602890015 2.823562800884247 16.67189056426287 1.219094783067703 450.086019963026 103.5046724081039
232.7497467398643 594.7275368794799 100.9436694309115 1076.417911864817 661.2145583629608 108.4455456063151 4559.064580880105 117.760050483048 1264.494832672179 5220.100844997913 975.3498976677656 1218.186462156475 2151.887452170253 2734.435030095279 58.55059138685465 39.94151490926743 1.875701792538166 0 0 0.1278460472822189 1.0362763479352 0 0 0.09249576181173325 1.463019296526909 0.1062450185418129 0 0.3931856453418732 0 0.07529948651790619 73.81487357616425 33.7927014529705 323.5026055574417 0 2.087820090353489 2.172347761690617 276.0867511630058 34.49449729174376 16.12564280629158 8.049912348389626 0.1414215415716171 0.3757149875164032 0.2287754565477371 0.8797401785850525 0.2340381518006325 0.3706417381763458 121.6044730097055 0.8276951760053635 0.1868412420153618 0.5100955963134766 0.7035087198019028 0 0.08117398619651794 0.1358576565980911 1.814478851854801 1.030246004462242 29.26827385276556 61.91327250003815 33.01803278177977 39.50745818763971 3.988355331122875 40.69719473272562 0.7627288028597832 46.15196132659912 1.390537068247795 1.088925816118717 0.748843677341938 1.013657666742802 4.853184871375561 1.372734434902668 404.48364341259 45.36693554371595 0.2582142055034637 98.6720376200974 113.1172946617007 190.34045021981 90.53715058416128 6.442330613732338 1.02222166955471 84.42132478952408 0.714894525706768 9.141539737582207 8.224970512092113 0.08732888847589493 1.082607485353947 0.7972723990678787 1.851839624345303 0 0.5869065746665001 0 0.5141415148973465 0.2782092243432999 5.566216856241226 0.5171231180429459 0.09624288976192474 1146.171067677438 28.18980824947357 0 17.35102175921202 31.74317975342274 2.401473484933376 43.90392047911882 11.41332850605249 37.19119256734848 3.93009327352047 31.78438687324524 94.64468923956156 49.56443110853434 127.3689800724387 91.58967984467745 9.621384724974632 330.9508268684149 495.725901030004 245.2694288119674 183.0344380736351 2.805843383073807 0.2046882063150406 0 0 0.312358945608139 0 0 0 0 0 0 0 0.8239637613296509 0 0 0 2.022625036537647 0 0 11.16672325134277 11.23824291676283 0 0 0 106.3494352176785 3.873255580663681 81.30486131459475 64.26842043548822 10.09453190863132 0 0.3142784610390663 0 1.93140897154808 1.329895623028278 0.8849605470895767 0 0.1119734644889832 3.150561019778252 0 0 0.2185119315981865 3.849027499556541 0 0 0.1002863869071007 0 0 2.089874960482121 6.249214515089989 0.2666480243206024 1.894585818052292 53.57696183025837 3.199735082685947 0 0.1455782353878021 0 0 0 0 0 0.3635882139205933 74.08714624494314 4.072211593389511 0.2524268999695778 0.3240995109081268 0 65.48552343994379 1.978612944483757 12.07734696567059 0.8848917037248611 0.9997077882289886 1.529622480273247 0.6356357783079147 2.531783364713192 0 0.1121456548571587 0 0 0 0 0 0 84.10796412825584 64.21554024517536 91.2579124122858 677.4912533536553 32.89176641404629 611.4424620941281 229.5711503103375 152.3845943138003 33.91041918098927 10.44382263720036 29.66837546974421 130.6503534093499 0 58.23345104604959 19.05568718910217 227.1311620846391 6.427560143172741 1.48357629776001 4.91730323433876 25.8988249823451 1.350072413682938 518.4091586321592 132.7896902263165
25.41403099894524 493.6384531185031 407.2470626458526 188.6123275011778 1927.462991073728 11.36637688428164 1579.925724938512 1644.932039901614 461.7863230407238 403.1157917231321 2861.852356187999 229.4200622737408 2734.435030095279 1890.721123211086 51.2933085411787 27.58154428750277 1.553875334560871 0.1991691142320633 0.1282683312892914 0 0.94725601375103 0 0.6194254755973816 0.1830659657716751 3.222228392958641 0.3158178105950356 0.1720329821109772 0 0 0 164.174129769206 115.9928185716271 515.8387766480446 0.6333048939704895 7.046218015253544 7.043191112577915 399.6367349177599 64.00649881362915 25.35107902437449 13.84815032035112 1.196496330201626 1.105948433279991 1.219547301530838 0.4806860983371735 0 0 132.0065301209688 0.6985094249248505 0.1820196211338043 0.4683181121945381 0.8969232738018036 0 0 0.7307403683662415 2.013264626264572 1.542242176830769 37.04229988157749 104.754007332027 41.78728073090315 44.6083412244916 1.62074863165617 18.235880240798 2.45450197160244 104.2589444518089 1.869253434240818 1.214263029396534 0.5357594862580299 1.811564266681671 12.81055848300457 3.132637329399586 279.9917359054089 18.12460988014936 0.133358895778656 118.3945710659027 143.2414953261614 200.7719002589583 94.21441480517387 5.620731733739376 13.32380819320679 64.66397593170404 0.7805989906191826 5.105167649686337 10.95129304379225 0 1.804173357784748 1.101538702845573 2.463996745646 0 0.3644044250249863 0.1219873130321503 0.2166913971304893 0.4301185607910156 15.20124920457602 1.398213684558868 0.5127584561705589 148.1944765895605 25.6065788641572 0 22.72882058471441 5.191384866833687 0 5.146159119904041 0.8285285830497742 2.926884725689888 2.089901387691498 4.604947671294212 6.908408045768738 8.068378910422325 17.95946323871613 9.212566435337067 1.364689812064171 55.57224529236555 86.82920601218939 45.39465842396021 36.24622222781181 0.9129458963871002 0.3953694105148315 0 0 0 0 0 0.3501949310302734 0 0 0.1037185043096542 0 0.08587481826543808 0.2721852958202362 0 0 0 0 0 2.404977887868881 1.226596400141716 0 0 0 24.33190239220858 0.7089012861251831 25.86301823705435 15.75921625643969 1.502934277057648 0 0 0 0 0 0.3360612392425537 0 0.9354881048202515 0.6526830866932869 0 0 0 0.9343598857522011 0 0.3413543403148651 0 0.2137042507529259 0.1176226586103439 0.2855561673641205 1.811309084296227 0.8778871297836304 0.1367654353380203 12.72757692635059 1.237843364477158 0 0 0 0.1075420528650284 0 0 0 0 19.49871107190847 1.535947039723396 0.1266027987003326 0 0.1000469774007797 16.61368675529957 0 2.350219950079918 0.2419465035200119 1.241901159286499 0.728341668844223 0.1116499006748199 0.1042708232998848 0 0 0 0 0 0 0 0 16.78715132176876 26.52619579434395 38.23851573467255 458.5923182591796 37.17231278866529 540.8176059797406 176.499232634902 62.00812819600105 30.8031917065382 1.679403647780418 21.61517128348351 44.32450518012047 1.63627552986145 10.42178219556808 4.077204823493958 25.84431239962578 3.700363919138908 0 1.708628624677658 14.18046264350414 0.2029618918895721 62.88772962242365 35.35170297324657
1.490123383700848 8.469672739505768 4.395732931792736 0.413495771586895 2.736879415810108 0.5432965159416199 6.595384694635868 7.229211173951626 4.35070838034153 14.54557540267706 16.64376191049814 28.92359025031328 58.55059138685465 51.2933085411787 607.9654168486595 1063.458500161767 468.8194899559021 1.023656748235226 53.11695989966393 0.1085284873843193 0 0 0 0.2669698745012283 10.23698715865612 0.6473670080304146 0.7082754671573639 0.2242281809449196 0.9043306335806847 0.7864949926733971 2.75858997553587 2.181731678545475 56.21634566038847 0.7375465333461761 1.414265707135201 35.07471562922001 95.77723541110754 110.2990189120173 80.68532154709101 60.14953211694956 0.1696485131978989 0 0.09173852205276489 90.41999956220388 15.49954886734486 6.938732042908669 373.5956348925829 23.07479284703732 7.031829342246056 4.208956599235535 3.46248970925808 0.5099077224731445 5.053820550441742 0.1078945398330688 0.9873905181884766 0.2860210984945297 0.5213276743888855 1.656412467360497 21.49734333157539 179.6533855572343 4.311702594161034 16.4438239634037 0.5451613664627075 1.427887827157974 0.9305669367313385 2.579354710876942 0.2517046108841896 1.162187285721302 4.263520039618015 0.7513014674186707 86.13107474148273 7.473138675093651 0 132.5705506727099 29.15573926270008 1420.528518073261 114.6323034390807 103.8716925233603 4.28419191390276 6.540316082537174 9.705502867698669 10.44132039695978 8.294633165001869 0.09591789543628693 6.650850117206573 0.7302669584751129 13.35950825363398 0 0.39695955067873 0.1655225902795792 4.125607512891293 1.627040028572083 2.554936215281487 2.594393320381641 3.080399461090565 18.91779845952988 10.02477379888296 0 41.55471853166819 0.1083654835820198 0.9499841332435608 0 0 0 0 0 0 0 0 0 0 0.6172913312911987 0.4170880392193794 0.1321285367012024 0.8747329115867615 0.1370564699172974 0 0 0 0 0 0 0 0 0 0 0 0 0 0 0 0.2853682190179825 0 0.2641677856445312 0 0 0 0 0.2402712255716324 3.140334792435169 0 1.760712757706642 10.14447861909866 1.504765778779984 0 0 0 0 0.1001364067196846 0 0 0 0.1695984452962875 0 0 0 1.453129701316357 0 0.1307096481323242 0 0.4444185420870781 0 0 0 0.8295581191778183 0 0.2546861469745636 0.2296473979949951 0 0 0 0 0.06866712868213654 0 0 0 1.256375253200531 1.756396763026714 0 0 0.1672157049179077 0.898228645324707 0 0.9898913502693176 0 0 0.3480963557958603 0 0 0 0 0 0 0.07863296568393707 0 0 0 0.6019258052110672 4.870345391333103 6.528278991580009 3.550917573273182 27.39403504133224 433.0431551262736 14.49183842539787 3.616054251790047 0.2860062420368195 0 0 4.167723394930363 0 1.414698973298073 0.4541115462779999 1.712933979928493 0 0 0 0.1868743449449539 0.08180367201566696 5.429363057017326 2.057279445230961
