178.0909102931619 1756.129484280944 323.620583049953 1632.900388017297 245.5269830971956 43.4385089725256 137.691396728158 27.23915436863899 59.14655248075724 538.6165947243571 307.31519382447 12.37295028567314 63.05034300684929 252.1542271003127 1.684651434421539 0.4449585899710655 0.1514003723859787 0 0 0 0 0.2052578181028366 0 0.1149750351905823 0 0 0 0 0 0 179.4842460826039 0.9735899046063423 4.585922412574291 0 0 0 1.872510746121407 0.1382755637168884 0.6729286909103394 0 0 0 0.2347304821014404 0 0 0 8.721823833882809 1.56417016685009 0 0 0 0 0 0 2.873181596398354 15.87968926876783 194.2318766787648 145.8668964356184 28.96218322217464 23.18595612794161 0 0.2283044308423996 0 1.810052789747715 9.268883049488068 7.374187871813774 0.4862368479371071 0.4300271198153496 0.1251078695058823 0.2279312610626221 6.433554783463478 1.438900321722031 0 118.0897681862116 11.89332430064678 7.277752496302128 0.3262921944260597 0.2724333852529526 0 31.79931139200926 0.1022344976663589 0.2069050967693329 17.54561781138182 0.630281038582325 6.779360264539719 13.89551045745611 0.4108372181653976 0.1957489997148514 0.9527935981750488 0.2454416006803513 0 0 0 0 0.36436927318573 12.6476621478796 2.931628122925758 0 0.975222185254097 767.8239402472973 0 4.031368911266327 2.055970430374146 10.37034606933594 0 10.71684636175632 2.582508683204651 0.2267163991928101 7.079956471920013 8.833319842815399 0 3.347146928310394 9.301475197076797 17.72463357448578 2.652807593345642 0 0 0 0 0 0 0 0 0 0 0 0 0 0 0 0 0 0 0 0 0.9849746227264404 0 2.760608434677124 0 9.746052145957947 0.9470676779747009 8.500475376844406 4.118361875414848 0 0 0 0 0 0 0 0 0 0.1733410656452179 0 0 0 0 0 0.4213054329156876 0 1.03967346996069 0 0 2.190935611724854 0 0 5.648995503783226 0 0 0.1707954406738281 0 0 1.455535173416138 0 0 0 22.07282242178917 0 0 0 0 0 0 0.7235606014728546 0 0 1.489754751324654 0 0 0 0.2140310555696487 0 0 0.1172671839594841 0 0 0 11.93648651242256 9.142208747565746 10.34393016993999 166.9560939446092 1.438898719847202 86.059011682868 8.806429892778397 1028.055131614208 4.905912846326828 11.32371716201305 5.653694808483124 0.9700765609741211 0 0.7321603894233704 0.3904959261417389 29.10718473792076 0 0 0 0 0.4102545976638794 384.3262192904949 24.85613772273064
1756.129484280944 1522.842401690781 694.4024205580354 494.8684834167361 2212.842427633703 83.46558237820864 2738.289225190878 55.75016487389803 952.3222791701555 267.8824424222112 879.9037086293101 45.53742635250092 357.7402870506048 994.7936926409602 19.3873655423522 3.262244693934917 0.5674360245466232 0.3143291249871254 0.1130636110901833 0.08940761536359787 0.1684808060526848 0 0.1186137795448303 0 0.5076926946640015 0.2760948091745377 0 0.1469891369342804 0.1376071125268936 0 1212.308757282794 8.484863474965096 6.005895465612411 0.1498315632343292 0 0 2.367736525833607 0.3936642557382584 0.7490357384085655 0.8234880417585373 0 0.1047584265470505 0.09028710424900055 0.8244246914982796 0.34300447255373 0.7225698530673981 178.2881230264902 9.784998223185539 0.5841749161481857 0.6458782702684402 0 0.09796535223722458 0.4922526776790619 0.1652694940567017 14.28490732610226 49.95023107528687 165.1561167538166 495.3844091147184 93.95389033854008 250.697378911078 0.1057007312774658 2.269113279879093 0 60.14253684133291 56.05404108017683 50.75989949703217 2.585973791778088 1.429188251495361 0.8709575831890106 0.09307602047920227 8.936630509793758 0 0.1274213343858719 547.8236435353756 155.4397183209658 169.436035618186 12.02138690650463 8.243747070431709 1.433145061135292 30.07636798173189 1.642186768352985 1.257371656596661 105.8877618312836 1.913145989179611 38.74312126636505 76.40165323019028 3.787071280181408 3.241359822452068 6.32090886682272 0.08970475196838379 1.124580539762974 0.3717342466115952 0 0.1105272322893143 0.3251114040613174 15.11292082071304 0 0 0.6896708160638809 1412.445305861533 0 0 1.999231517314911 1.134364366531372 0 119.0581855028868 1.794282302260399 0.8055834472179413 2.001789391040802 6.834408521652222 0 2.956150159239769 12.5951292514801 6.98620381206274 1.355478435754776 0 0 0 0 0 0 0 0 0 0 0 0 0 0 0 0 0 0 0 0 0.5416528135538101 0 0 0.8034027814865112 5.551085896790028 0 4.378374151885509 1.620312638580799 0.1540620476007462 0 0 0 0 0 0 0 0 0.1079143956303596 0 0 0 0.737332820892334 0 0.5970616862177849 0 3.272548690438271 0 0 0.9422124028205872 0 0.8773881793022156 7.48917555809021 0 0 0.7314334958791733 0.6189942955970764 0.1272844970226288 0.1010803133249283 0.2544626891613007 0 0 12.40999488532543 0 0 0 0 1.49334280192852 0 3.197166949510574 0 0.2456477135419846 0 0 0 0 0.8182844668626785 0.199953056871891 0.0953252986073494 1.779044948518276 0.1160246282815933 0.1235063448548317 0 10.44941720366478 8.718963325023651 7.336603969335556 259.1204324886203 20.35465890169144 811.6162162795663 73.71857719123363 652.9260404035449 21.77726057171822 1.821214877068996 6.744867958128452 0.9320676326751709 0.1598044037818909 0.6445967704057693 0.2676841616630554 5.92432165145874 0.1339871287345886 0 0 10.44035661965609 0 203.6942023411393 9.875324390828609
323.620583049953 694.4024205580354 856.2266552075744 4.872550278902054 620.4017569422722 0.2881846129894257 69.15958709269762 917.4579683989286 709.089299492538 7.890775948762894 4129.994675934315 52.72368769347668 352.2156165391207 1732.370303221047 19.92683248966932 17.01061737537384 2.208668433129787 0.4373921751976013 0.1497370898723602 6.177600845694542 9.821523979306221 0.6583523750305176 2.531235337257385 3.094737149775028 0.5353981554508209 0.2382175326347351 0 0 0 0.1341226547956467 2291.736761122942 178.9929298534989 51.76714108884335 1.876354075968266 0.8379588052630424 0.3385005593299866 21.50475602596998 19.71496605873108 6.822723433375359 1.018087431788445 1.210898973047733 0.1088043823838234 3.270852066576481 1.392143093049526 2.506704099476337 1.478860653936863 72.76097751408815 4.430971153080463 0.685178704559803 3.284012652933598 3.130084373056889 0.349526584148407 0.5818067267537117 0.6396986693143845 7.267373844981194 21.11605525016785 105.9727303758264 528.3264598026872 51.4226491227746 99.73960880190134 4.011067859828472 14.06308326125145 0.3052186071872711 172.5883603096008 23.00883577764034 26.85192604362965 7.54084274917841 15.93298779428005 16.55124786496162 5.763588584959507 12.94908319413662 0.3626177608966827 0 336.2548364326358 130.3861547335982 80.59993256628513 10.61003489792347 13.33224287629128 3.014499202370644 1018.340609438717 8.912312030792236 93.57547415792942 51.01658288389444 0.9522729218006134 17.81990975141525 35.81120762228966 4.289530634880066 1.447858422994614 3.313521392643452 0 1.771179743111134 0.1091665700078011 3.24958311766386 0.5917908251285553 0.2101142033934593 6.728449955582619 0.890532910823822 0 1.793299779295921 359.9389651939273 0 0 0 0 0 0 0 0 0 0.2193043380975723 0 0 1.26616758108139 0.1903012841939926 0.592962384223938 0.3641416877508163 0 0 0 0 0 0 0.2609283030033112 0 0 0.4051342606544495 0 0.6251781582832336 0 0 0 0 0 0.123824454843998 0.2515351176261902 0 0 0.2843284010887146 0 1.242324702441692 0 4.152464352548122 2.057604789733887 0.5843169987201691 0.2079718410968781 0 0 0.1275605708360672 0 0 0 0.1541021019220352 0.2474962323904037 0 0 0 0.1800304055213928 0 0.2040489614009857 0 1.515761405229568 0 0 0 0 0.1881299316883087 1.966328039765358 0 0 0.3950348645448685 0.4070065394043922 0.09551151096820831 0 0.2460265010595322 0 0 4.575820222496986 0.5391830056905746 0 0 0.1302977949380875 0 0 0.1622649431228638 0 0 0 0 0 0 0.9990186169743538 0 0.09099049866199493 0.5258383378386497 0.09697899222373962 0.1467856466770172 0 2.029830440878868 3.225368611514568 5.096185363829136 87.35468197613955 7.622009739279747 277.1975740864873 29.39169860631227 100.8089402839541 5.083243131637573 0.8140364810824394 2.423322059214115 1.181666389107704 0.2170460298657417 0.504539892077446 0.3703342229127884 0 0 0 0 6.539751335978508 0 47.10880345851183 0.5964195430278778
1632.900388017297 494.8684834167361 4.872550278902054 224.7592075839639 218.3261506557465 880.3714758828282 795.1245023235679 0.3007532730698586 1.99751228094101 918.0434112921357 1.013100735843182 26.61413463950157 76.259900406003 5.382600590586662 0.6332023218274117 0.1927641108632088 0 0 0 0 0 0 0 0 0 0 0 0 0 0 58.2926881685853 0.3890220746397972 0.6443525552749634 0 0 0 0 0.7778255119919777 0 0 0 0 0 0 0 0 18.03490747511387 0.9215734228491783 0 0 0 0 0 0 2.829785823822021 9.020619489252567 47.48441392183304 72.50035151094198 19.25608119368553 32.07177885621786 0 0 0 2.788495391607285 8.888441644608974 10.73482741415501 0.7595229744911194 0.5273872315883636 0 0 0 0 0 96.31251382082701 17.06424055248499 17.65971042960882 0.3275047689676285 0.09778055548667908 0.2164807319641113 0.09614087641239166 0 0.3189436495304108 17.97589286416769 0.433866523206234 6.375497162342072 16.52235581725836 0.6909095644950867 0.1931249424815178 0.8245167955756187 0.1361962109804153 0.08812610059976578 0 0 0 0.108244352042675 0.3551515936851501 0 0 0 573.6195596456528 0 1.035176515579224 4.736131310462952 5.901308745145798 0.5365802645683289 54.17134715616703 5.325742438435555 0.9639155715703964 18.75436395406723 9.027042731642723 0 9.022398144006729 11.25963164865971 7.118359789252281 0.9682313501834869 0 0 0 0 0 0 0 0 0 0 0 0 0 0 0 0 0 0 0 0.6000889390707016 0 0 0 0 5.17814713716507 0 2.132916286587715 0.5821037292480469 0.710790753364563 0 0 0 0 0 0 0 0.478297270834446 0.7540176659822464 0 0 0 0 0 0.1357093304395676 0.1989093869924545 0.7047858685255051 0 0.11963751912117 0 0 0 6.102450430393219 0.1925875246524811 0 0.1060867086052895 0.1114735156297684 0 0 0.1102603003382683 0 0 17.06532093882561 0 0 0 0 0 0.1064732447266579 0.8115230798721313 0.1358096599578857 0.3894403576850891 0.1948686838150024 0.2656908482313156 0 0 0 0.1433293968439102 0 0.2097396180033684 0 0 0 8.878819160163403 3.633491173386574 6.85610993206501 44.84392955899239 1.527411282062531 126.6209573894739 7.739568129181862 693.2661554291844 3.701130442321301 5.421407207846642 1.358049102127552 3.721192002296448 0 0.665442630648613 0.1635430157184601 20.58983811736107 0 0 0.1223941966891289 1.745012044906616 0 290.8885004818439 5.953774064779282
245.5269830971956 2212.842427633703 620.4017569422722 218.3261506557465 1117.349476501346 8.328226909041405 2487.244537360966 67.94922574609518 2622.15291044116 642.5125070437789 556.8070407435298 68.8626162558794 956.0595832765102 1357.398815207183 49.37946757674217 10.08508171141148 0.4575963914394379 0.1605211794376373 0.3537544906139374 0.2245699241757393 0 0 0.1535266488790512 0 0 0 0.1756929308176041 0.1230487376451492 0.1226402148604393 0 209.8794862031937 14.06324401497841 5.12894843518734 0.1384722590446472 0 0 1.616791650652885 0.3076914548873901 0.5873339474201202 0.4848439693450928 0 0.208623468875885 0 2.426876880228519 0.5752372220158577 0.5476765409111977 177.6047576516867 4.068392723798752 0.4780877158045769 0.4275670722126961 0.2040031403303146 0 0 0 2.996739163994789 12.55572344362736 10.48986688256264 68.44231250137091 15.57380189746618 123.1803815513849 0.1061421185731888 0.2241018712520599 0.4290783107280731 77.73100008070469 15.52010755985975 15.18723583966494 1.467523016035557 1.371556527912617 0.5209795534610748 0.1987827122211456 28.78198934346437 0.2047509253025055 0 129.0780256465077 88.26993695646524 159.0562730133533 21.80155735462904 20.84666877239943 1.189690321683884 13.2837403640151 1.690315015614033 3.597176447510719 28.35326238721609 0.2694765776395798 11.46424323320389 23.81345177441835 1.820672944188118 1.015599749982357 1.882854633033276 0.2097946256399155 0.3139966279268265 0.2227496430277824 0.1151884198188782 0.1095312237739563 0.1532695293426514 46.70779453217983 2.439127057790756 0 2.684087872505188 67.58997955173254 0.2711529731750488 1.200717329978943 1.452174931764603 0.4924418032169342 0 3.699827328324318 2.314135029911995 0.5000590085983276 4.266921907663345 3.88128836452961 0.5231587886810303 6.036817416548729 13.30458362400532 15.03352511674166 4.170797683298588 0 0 0 0 0.1228256523609161 0 0 0 0 0 0 0 0 0 0 0 0 0 0 1.725959479808807 2.030532449483871 0 0 0 14.22151356190443 0.9641609787940979 13.62934026867151 2.257718466222286 0.3554614931344986 0 0 0 0.09845443814992905 0 0 0 0.195925772190094 0.1272014379501343 0 0 0 0 0 0.2133345752954483 0 1.071024745702744 0 0.4225719720125198 0 0 0.6875566840171814 16.34467697143555 0.254027932882309 0 0.0948769673705101 0 0 0 0 0 0.1164287328720093 33.4943161457777 0 0 0 0 3.010128498077393 0 6.495411902666092 0.2135379910469055 0 0.155812069773674 0 0 0 0 0 0 0.5551878660917282 0 0 0 21.93842166662216 13.46760934591293 11.34942445158958 351.9307986497879 22.08202467858791 545.1223821938038 95.75934322923422 114.8484693914652 19.85455252230167 1.184594064950943 11.08338852971792 2.712522603571415 0 1.319566696882248 0.8648644089698792 4.780640810728073 0 0 0.2341049611568451 24.68779288977385 0 68.98111052066088 8.057153224945068
43.4385089725256 83.46558237820864 0.2881846129894257 880.3714758828282 8.328226909041405 11.79811835289001 94.72696214914322 0.7753455638885498 0.9408337771892548 866.778858974576 0 82.02772679924965 100.2807000726461 7.791483178734779 0.5180956870317459 0.3835469931364059 0.6265201717615128 0.1843642890453339 0 0.2007454335689545 0 1.894481539726257 0 0 0.5319972038269043 0 0 0 0 0 9.716054946184158 0 3.958702832460403 0 0 0 12.47148554027081 4.120663478970528 10.14334055781364 0 0 0 0 0 0 0.6062607169151306 0.6044817417860031 0 0 0 0 4.962973847985268 1.222021520137787 0 0 0 184.2659348025918 4.400691837072372 4.090882554650307 0.2490364089608192 0 3.934407457709312 0 0 0 0.26790452003479 0 0 0 0 138.8473401218653 195.6236698180437 15.85250705480576 1.177670195698738 0.3159259557723999 0 0 0 0 1.040139451622963 0 1.095405623316765 0.5950158089399338 0.9424924403429031 0 0.8606698215007782 0.1104968190193176 5.199688076972961 3.6640904545784 11.76842544227839 0.3130688071250916 4.825759515166283 0 0.3474524021148682 0.9610329568386078 303.4105949476361 270.7088852971792 17.84111386537552 45.8396673053503 207.7844250500202 0 1.065737962722778 1.738881975412369 0 0 12.07124684751034 1.836343169212341 1.77459505200386 0.5159276276826859 2.411940842866898 0 0.4486307576298714 4.151644468307495 4.429994285106659 0 0 0 0 0 0 0 0 0 0 0 0 0 0.1351797580718994 0 0.1848471462726593 0 0 0 0 0 0 0 0 0 3.024047881364822 0 1.897917434573174 1.310161799192429 0.4430484175682068 0 0 0 0 0.2382246255874634 0 0 0 0.3384232223033905 0 0 0 0.1900270134210587 0 0 0 0 0 0 0 0 0 2.014814376831055 0 0 0.1345552057027817 0 0 0 0 0 0 6.192006483674049 0 0 0 0 1.930954933166504 0 1.427607178688049 0 0 0 0 0 0 0 0 0 0.1950827538967133 0 0 0 3.977152958512306 3.621258392930031 2.98485854268074 5.45887616276741 0 5.281580716371536 2.517639987170696 93.31923315674067 2.047537595033646 0 0.3189679384231567 2.144068986177444 0 0.5222570300102234 0 3.366460889577866 0 0 0 0.2624801099300385 0.1848902553319931 76.71678693592548 6.383119404315948
137.691396728158 2738.289225190878 69.15958709269762 795.1245023235679 2487.244537360966 94.72696214914322 1402.768185630441 3.652056284248829 1450.791875042021 3452.078968241811 68.16674596071243 30.30466629564762 1495.846487730742 768.0919321030378 47.23253583908081 10.4750594496727 0.2097732424736023 0.2550464048981667 0.5646248161792755 0.324139878153801 0.1434214115142822 0 0 0 0.3860750496387482 0.3549070656299591 0 0 0.3145183771848679 0 78.40302218496799 8.468835592269897 9.438388414680958 0.1603997051715851 0 0 2.936201632022858 2.25110150873661 1.742965012788773 0 0 0 0.3075972199440002 1.076098911464214 0.10528264939785 0.2596786618232727 197.8013217300177 3.679640725255013 0.4778498709201813 0.7772537097334862 0.4323066547513008 0 0 0.3054416179656982 4.411273218691349 14.29209310561419 19.52751519531012 62.58972857147455 23.37922230362892 133.1445718705654 0.4751261994242668 0.4790086150169373 0.1235645785927773 67.66046424210072 18.96217653900385 21.1451243236661 1.429996594786644 1.485467799007893 0.4385097473859787 0.09094882756471634 49.91477813571692 0.7297754287719727 0 156.6218520253897 83.88910972326994 156.5292966365814 17.95669403672218 20.51126478612423 1.364986352622509 11.48792949318886 1.632145695388317 1.849634125828743 42.92274580895901 0.9755975306034088 15.38412065058947 30.86740680038929 2.833925880491734 1.087380155920982 2.491442635655403 0 0.5751398801803589 0.1141057386994362 0 0 0 117.6611813902855 0.9616238176822662 0 2.562214270234108 80.14141944050789 0.3976366221904755 4.624276056885719 21.57650193572044 14.42149883508682 1.074543178081512 15.27920446544886 11.12732209265232 3.717250123620033 13.58708922564983 16.11258809268475 3.676378905773163 22.17730926722288 46.07910168170929 42.71213538199663 11.17546989023685 1.247870177030563 0 0 0 0 0 0 0 0 0 0 0 2.70221272110939 0 0 0 0 0 0 0.9822835996747017 1.969788372516632 1.306190252304077 0 0 31.84907671064138 0.9729909896850586 33.44872738420963 9.010423198342323 2.155160397291183 0 0 0 0 0 0 0 1.487797126173973 1.813516668975353 0 0 0 0 0.4640030562877655 0.5025452896952629 0.1021983847022057 1.543443389236927 0.1251934319734573 0.568768322467804 0 0 2.065916299819946 25.55496004223824 0.1144578903913498 0.305418960750103 0.3762969523668289 0.5442066416144371 0 0 0 0 0 85.37143547832966 0 0 0 0.4621443748474121 3.239524498581886 0 15.5366493165493 1.323141500353813 0.4498321041464806 0.6179125532507896 0.4501940235495567 0.8372587412595749 0 0.4512491971254349 0 0 0.3389061987400055 0 0 0 44.85389976203442 24.62535966932774 25.9619073420763 461.5371741950512 26.86226171255112 705.1047916039824 109.5587392747402 374.0344845801592 25.20378418266773 2.448855631053448 17.61602628231049 8.63262628018856 0 5.565708190202713 2.597725264728069 26.20685859024525 0.1209358051419258 0 0.1360231339931488 20.56789138168097 0.764432430267334 227.2823922485113 26.81230639666319
27.23915436863899 55.75016487389803 917.4579683989286 0.3007532730698586 67.94922574609518 0.7753455638885498 3.652056284248829 341.4239473566413 130.0239271521568 1.224727585911751 1111.755883388221 22.6341280117631 131.0121521577239 708.2218380346894 74.45378144830465 36.25988809019327 4.164024524390697 1.557651534676552 3.331282332539558 23.3971343562007 23.75305037945509 0.8007661700248718 3.597374990582466 3.708259716629982 0.7059275060892105 1.803125590085983 0.4229778051376343 0 0 0 557.3907005637884 1685.883038461208 146.0937417000532 6.750820636749268 2.989695534110069 1.860766857862473 47.82023008167744 60.3692479878664 14.83642360568047 3.358359403908253 0.8713788390159607 1.073693759739399 13.2598772123456 14.13235273212194 11.05888459086418 10.38305412977934 137.3508716672659 4.95435469597578 2.160717703402042 10.59445159137249 9.079070515930653 0.7960809320211411 1.152654275298119 0.9818651303648949 2.17162362486124 4.4948885217309 12.5247835740447 93.00571244210005 8.377146773040295 88.89984545856714 20.44487591832876 54.25090273469687 0.9130472242832184 301.7900296896696 7.664636678993702 16.02545019239187 12.63186194002628 41.26126066595316 43.1187584400177 13.42905770987272 15.98308990895748 0.1495162844657898 0.4399406015872955 84.92695219069719 118.6719250157475 163.4250840544701 44.84825701266527 216.4187294617295 574.7334695830941 3507.903206989169 77.87602341175079 452.434887945652 15.29194042086601 0.1797153726220131 8.58095908164978 14.84593992680311 12.32030066847801 0.4958876743912697 3.525077566504478 0.4655325710773468 2.93968803435564 0.8654016256332397 11.36440522223711 2.430438637733459 1.403905175626278 2.102848418056965 0.381553441286087 0.4733456373214722 1.102400302886963 27.14807284623384 0 0 0 0 0 0 0 0 0 0 0 0.2586070001125336 0 0 0 0 0 0 0 0 0 0 0 0.4824512302875519 0 0 0 0.1455597132444382 0 0 0.1648319214582443 0.1180429235100746 0.6464639902114868 0 0.3401632308959961 0 0 0 0 0.7087129950523376 0.3636369407176971 3.278696067631245 5.01956470310688 2.193136967718601 0 0.1652466654777527 0 0 0 0 0 0 0.559931293129921 0 0 0.1324027180671692 0.4688405990600586 0.7962151765823364 0 0 0.6900449171662331 0 0 0 2.210552215576172 0 0.3677767068147659 0 0 0 0.09512364119291306 0.09388218075037003 0 0 0 0.515040248632431 1.384888976812363 0.5254691243171692 0 0 0.1048095375299454 0 0 0.3416036069393158 0 0.2533563673496246 0 0 0 0 0 0 0 0 0 0 0 0.9024453014135361 2.431171908974648 9.93648236989975 176.6425081267953 13.48762358725071 281.8196435645223 63.57994754612446 33.61985164880753 5.353336870670319 0.2317083328962326 4.387887567281723 4.882911741733551 0.179803192615509 2.86423271894455 1.253463387489319 0 0 0 0.5322986841201782 10.41755756735802 0 8.849293202161789 0
59.14655248075724 952.3222791701555 709.089299492538 1.99751228094101 2622.15291044116 0.9408337771892548 1450.791875042021 130.0239271521568 310.8409850001335 72.52256967872381 956.2800950556993 127.0569775998592 1982.876880511642 851.9794561937451 27.14756537228823 6.264345578849316 0.4724323898553848 0 0 0.3563726618885994 0.1190663129091263 0 0 0 0 0.122757226228714 0 0.1440156549215317 0 0 80.65000569820404 8.133653402328491 2.675256326794624 0.1286837011575699 0 0 1.743192881345749 1.286644816398621 0.3034332096576691 0 0 0 0 1.134952329099178 0.09668593853712082 0.2732381224632263 71.9101979136467 1.41190630197525 0.1332232505083084 0.1362074017524719 0 0 0 0 1.742596581578255 3.682431526482105 4.99733504652977 29.31309486180544 4.793615035712719 46.37376943230629 0 0.1784078031778336 0 35.74937994033098 4.892368875443935 4.416841015219688 0.8061329126358032 0 0.6357070133090019 0.1038945913314819 14.61239704489708 0 0 43.2436264231801 36.97024578601122 70.98070035129786 11.06892738491297 14.53731786459684 1.972843185067177 12.96610399335623 0.9182747900485992 1.610385932028294 10.6443777307868 0.3862842842936516 3.328573748469353 5.72604762762785 0.4022553637623787 0.6698692739009857 0.6209797412157059 0.09349749237298965 0 0.08675317466259003 0 0.3228621631860733 0 18.96755927801132 1.415199458599091 0 2.171356737613678 21.64838440716267 0 0 0.9498906135559082 0.3972158133983612 0 0.7324297726154327 0.6184724569320679 0.7235253751277924 3.278634116053581 1.047966450452805 0 3.319642089307308 5.336110852658749 4.772027418017387 2.333145052194595 0.2401638105511665 0 0 0 0 0 0 0 0 0 0 0 0 0 0 0 0 0 0 0 0.2933095991611481 0 0 0 6.652024894952774 0 9.806314840912819 0.7610359638929367 0 0 0 0 0 0 0 0 0 0.819244384765625 0 0 0 0 0 0 0 0.258469857275486 0 0.4685284495353699 0.629548192024231 0 0.6776103973388672 6.284261904656887 0.1683920174837112 0 0.0960109531879425 0 0 0 0.1408616751432419 0 0 16.38905249536037 0 0 0 0 1.469505950808525 0 3.823810055851936 0.565790057182312 0 0.1579679250717163 0 0 0 0 0 0 0.1922109872102737 0 0 0 12.2902464568615 6.242336452007294 8.809222817420959 164.6572080403566 8.683330729603767 193.4255749285221 42.06780592352152 30.08298464119434 9.48068492859602 0 5.519544780254364 1.997013993561268 0.4482699334621429 1.234532937407494 0 6.611375093460083 0 0 0 13.62370073795319 0 23.66063019633293 3.04758232831955
538.6165947243571 267.8824424222112 7.890775948762894 918.0434112921357 642.5125070437789 866.778858974576 3452.078968241811 1.224727585911751 72.52256967872381 1097.735994771123 3.934803374111652 647.0605625808239 5822.81322081387 291.3716477006674 16.8774629086256 3.75428681075573 0.4715502113103867 0.2492333054542542 0 0.1061629205942154 0 0 0 0 0.1701076328754425 0 0 0 0 0 29.47417952120304 2.616107359528542 10.12771022319794 0 0 0.1117827668786049 3.669801115989685 0.7263974398374557 0.8534599840641022 0.8485672473907471 0 0 0 0.3577346056699753 0.1052398756146431 0.985621303319931 71.49596210941672 1.863686889410019 0 0.2241980209946632 0 0 0 0 1.784930109977722 10.34905399382114 66.62804841995239 29.67832600325346 11.53264274448156 60.09413383156061 0.1317465305328369 1.620578616857529 0 20.92961808294058 10.07216130197048 12.16984289139509 0.7230104804039001 0.1198782324790955 0.2161011397838593 0 80.92962251603603 2.474099650979042 0.1254988163709641 77.14289129525423 29.72410822659731 54.73707290738821 6.331444799900055 3.970497228205204 0.7318322509527206 6.133689045906067 0.2471996173262596 0.1028809547424316 22.35628414154053 0.4141483977437019 6.72185443341732 13.70388179272413 1.310217209160328 0.6308249086141586 1.354162767529488 0 0.3561625704169273 0.3371692299842834 0 0 0 243.1412270367146 8.853139817714691 0 1.906548470258713 260.2256680950522 2.376853868365288 35.0038615167141 43.18287165462971 15.78926734626293 3.972375944256783 153.7263922020793 57.57302588224411 13.04566566646099 52.22428769618273 97.08031350374222 7.295952171087265 80.28431861847639 205.3261192813516 164.1240230724216 36.60877735167742 1.779304049909115 0.3900935351848602 0.1116993725299835 0 0.1230263635516167 0 0 0 0 0.2230762988328934 0 0 1.510604798793793 0 0 0 0 0 0 9.273133933544159 2.139479234814644 0 3.171063214540482 0 93.0206291526556 2.551846101880074 78.38307403773069 8.751905590295792 4.579299382865429 0.5425785034894943 0 0 0 0.7323282361030579 0 0 0.3603622019290924 3.203578144311905 0 0.2825077474117279 0 0 0 0.2040261551737785 1.018198132514954 0.7228564023971558 0.3846131935715675 0 6.222303465008736 0 2.469309777021408 80.86567522585392 0.2671160399913788 0.2251209542155266 2.028516605496407 0 0 0 0 0 0 283.8200806230307 0 0 0 0.1746216118335724 14.70326033234596 0 31.80590151250362 0.623137578368187 0.5342724919319153 0.9771895259618759 0.1428051441907883 0.5106955170631409 0.4283399879932404 0 0 0 0.2137293145060539 0 0 0 189.8318654596806 81.84578807651997 70.88425938785076 304.71876835078 14.71545643359423 327.2731978520751 58.86885188519955 1031.129242420197 12.05695431679487 12.79267784208059 8.444826439023018 9.648912087082863 0.7880857288837433 8.781915046274662 1.394396781921387 158.2728185504675 0 0 1.152577891945839 10.30248951911926 0.3066512644290924 1471.586077690125 165.3814754486084
307.31519382447 879.9037086293101 4129.994675934315 1.013100735843182 556.8070407435298 0 68.16674596071243 1111.755883388221 956.2800950556993 3.934803374111652 594.1070838868618 217.4431316703558 2278.573157317936 3132.312513507903 44.9407302364707 21.18054772913456 2.131627440452576 0.3734112605452538 0.0935223326086998 0.7641531974077225 1.188501216471195 0.5184924602508545 0.2607032656669617 1.740128926932812 2.006244003772736 1.02670693397522 0 0 0.1105995923280716 0 1027.655119724572 227.4930408373475 347.1011142581701 0.4124425277113914 0 2.444371044635773 57.09081352502108 21.99709686636925 14.74493116140366 1.69257478415966 0 0.1421608477830887 0.3858763575553894 1.806192256510258 0.6074021980166435 0.5646019354462624 85.72608984261751 3.263928070664406 0.1165533363819122 0.2125241085886955 1.865874335169792 0.305945873260498 1.509279921650887 0.6156152784824371 2.279431335628033 9.644569844007492 33.23431120067835 153.5732044801116 17.57057411968708 76.30706768482924 0.6582874655723572 15.46753756701946 0.1291750520467758 71.30755964666605 11.68224722892046 11.20349579304457 2.062801755964756 3.898180097341537 4.088054604828358 0.8851102888584137 53.06660822033882 0.8246689587831497 0 129.8462686315179 70.30608662217855 104.6488458290696 20.10661768913269 19.64746989309788 10.03665150702 824.3027514666319 0.801970973610878 12.34543634206057 22.296351082623 0.5174961015582085 8.761655427515507 14.83512185886502 2.403439842164516 0.627546451985836 2.434126131236553 0.1347514092922211 1.114832006394863 0 0.3121985644102097 0.1652182042598724 0.5789599940180779 22.57131838798523 7.269911020994186 0.5438435077667236 2.462196245789528 155.7517981380224 0 0 0 0 0 0.3328554034233093 0 0.1589819192886353 0.6737887263298035 0.5769878774881363 0 0.4253049418330193 2.748874962329865 1.099753484129906 0.3299542665481567 0.5652693957090378 0.1438895910978317 0 0 0 0 0 0 0 0 0.4529555439949036 0.1491650491952896 0.9501491636037827 0 0 0 0.133824035525322 0.4623255729675293 0 0 0.3004989624023438 0 0 0 4.469057127833366 0.1525875180959702 9.199404112994671 2.909001350402832 1.16824396699667 0 0 0 0 0 1.168487682938576 0 0 0.3007563650608063 0 0 0 0 0 0.3474070206284523 0 1.051110647618771 0 0 0 0.4283835887908936 0.648846834897995 4.077869281172752 0 0.1309951543807983 0 0 0 0.2253781706094742 0 0 0 9.172099247574806 0.345721423625946 0 0 0.1301020085811615 0.3681672513484955 0 2.795026123523712 0 0 0.123077891767025 0 0.1145922839641571 0.1438408344984055 0.6616319715976715 0 0 0 0 0.1140554845333099 0 4.249891549348831 9.239505127072334 11.80631677806377 189.7192335277796 16.11765566468239 242.1460256874561 49.38806399703026 55.64887991547585 4.920103445649147 0.5700761079788208 4.065990604460239 2.609650582075119 0 1.468081794679165 0.4996367990970612 0.5630878210067749 0 0 0.3772477805614471 16.92471919208765 0 17.16777160018682 2.413550302386284
12.37295028567314 45.53742635250092 52.72368769347668 26.61413463950157 68.8626162558794 82.02772679924965 30.30466629564762 22.6341280117631 127.0569775998592 647.0605625808239 217.4431316703558 71.96396218985319 2282.080266110599 196.1369226723909 28.33923829346895 13.49544727802277 1.890199929475784 0 0 0.2315464615821838 0 0 0 0 1.276381254196167 1.514981612563133 0 0 0 0.1238183826208115 18.51588264107704 5.758676812052727 32.66232365369797 0 0.536262035369873 0 23.17316271364689 8.192293137311935 14.03042089194059 0.1464185565710068 0 0 0.4478573203086853 0.6944890022277832 0 0 31.16883503645658 0.1612742096185684 0.1605329662561417 0.3425555825233459 0.3687178045511246 1.126417696475983 0.4455984234809875 0 0 0.9989452660083771 7.906153246760368 4.122443333268166 2.449709765613079 15.38073770701885 0.1325909644365311 4.328218474984169 0 13.57305964827538 0.2812718451023102 1.429654657840729 0.2721463739871979 0.619103729724884 0.248014509677887 0 112.442976936698 1.727442011237144 0.1785295456647873 8.307726465165615 9.610680423676968 27.20257987827063 4.996102720499039 2.586435817182064 0.1112307161092758 29.17950460314751 0.2526376992464066 1.339006677269936 1.178759187459946 0 1.356011524796486 2.044137500226498 0.2572306394577026 0.09363841265439987 0.675682507455349 0 1.518001347780228 0.7534239292144775 0 0.4146046489477158 0 736.3191820979118 42.870466157794 0 6.14447246491909 32.3743053227663 1.056977741420269 14.31644111871719 16.12965586781502 9.523411214351654 1.596623972058296 25.51748287677765 24.17349429428577 7.571445308625698 30.50968115031719 77.15622818470001 8.11924421787262 60.00419510155916 142.144214913249 121.4500392600894 38.32608726620674 3.681301780045033 1.137566298246384 0.4367115795612335 0 0 0 0 0 0 0.20189069211483 0 0 1.86565288156271 0 0 0 0.3830865621566772 0.2526405155658722 0 5.952975302934647 5.522191613912582 0 2.327150046825409 0 120.5839653611183 4.207023367285728 118.8759979903698 19.87074837833643 7.167802862823009 0.6504435241222382 0 0 0 0.3712828755378723 0.3805713653564453 0 1.995460160076618 4.352270379662514 0 0 0 0.4389408677816391 0 0.1540766060352325 0.1515482366085052 0.1110047101974487 0.7413534820079803 0.65391506254673 2.706809222698212 0 10.56726986169815 107.7384512349963 0.5971681326627731 0.8250008821487427 0 0 0 0.1540175080299377 0 0 0.1685647368431091 285.2603068947792 1.068958252668381 0 0 0 12.80083900690079 0 26.23721590638161 0.6970251277089119 1.45185961574316 2.197763472795486 0.1505234837532043 0.4901601448655128 0 0.116893470287323 0 0 0 0.2815773785114288 0.1298009008169174 0 183.0842525735497 113.2977262064815 126.3721057847142 217.6997358053923 17.07282564789057 115.651042483747 57.03294156491756 197.9151316955686 11.66279450058937 6.493592023849487 6.29905941337347 24.85174889862537 0.1968156099319458 12.41844508051872 5.048075430095196 88.0478053689003 0.2299795746803284 0 2.216155216097832 14.95046639442444 0.8895636349916458 584.0724475234747 170.4235488474369
63.05034300684929 357.7402870506048 352.2156165391207 76.259900406003 956.0595832765102 100.2807000726461 1495.846487730742 131.0121521577239 1982.876880511642 5822.81322081387 2278.573157317936 2282.080266110599 1529.124765589833 3523.546880982816 152.7970055639744 76.40847349911928 12.17607839405537 1.910789422690868 0.4705582410097122 2.878196522593498 1.55752244591713 13.87186816334724 0 0.4159204512834549 18.83105625212193 4.895545154809952 0 1.991060517728329 5.524176806211472 0.1714756637811661 153.635968066752 44.1174840182066 404.6046022027731 1.257670529186726 1.000600561499596 10.62441763281822 762.3498912975192 287.3683297783136 839.6612438037992 36.25528292357922 0 0.6089412420988083 0.8824285119771957 6.70660163462162 2.780856058001518 0.5807486772537231 215.0188323184848 3.150209471583366 0.4921717494726181 2.168590880930424 4.456903725862503 12.3155208081007 100.0918453484774 13.18529343605042 1.78601511567831 4.428267329931259 16.69792347401381 31.96914278715849 6.996395044028759 85.23112710565329 1.819490611553192 17.57888706028461 0.4792260080575943 100.8819454014301 4.814094118773937 5.908337295055389 1.710703261196613 3.718952320516109 2.926432318985462 2.430723041296005 465.3558776900172 13.62562456727028 2.281907647848129 57.8227870464325 58.60051460564137 169.6947555691004 39.5754669457674 26.02553956955671 1.613558404147625 536.9051029607654 1.908074200153351 10.77812707424164 13.98028792440891 0.6564420908689499 5.092097289860249 9.935408651828766 1.144309736788273 0.2134878188371658 3.474115796387196 2.686746969819069 3.34465117752552 3.355052530765533 1.574534699320793 3.944216921925545 8.251313224434853 1696.3500642851 106.7586541846395 2.561169490218163 175.1135471761227 58.5659951493144 2.681989133358002 16.75085440278053 41.43014124780893 100.4738699346781 3.895770311355591 77.92755775898695 39.77701652050018 15.19794653356075 133.2613801062107 149.4842111989856 16.66666180640459 125.6577543020248 284.2281064838171 218.6422844231129 71.20385848730803 10.10705482214689 4.279278546571732 0 0.09743700176477432 0 0 0.6075216829776764 0.4986361265182495 1.597630068659782 1.126772776246071 1.065459355711937 1.083141133189201 7.157353520393372 0 1.281254701316357 0.9968429505825043 5.302013471722603 3.059198722243309 0.3668622374534607 18.02352587133646 7.427025534212589 0.2799659967422485 7.238403424620628 0.7946735024452209 291.5634047612548 8.895097494125366 315.1392380967736 74.36941921710968 32.07438373565674 2.686271324753761 0.3968526273965836 0 0.338005468249321 1.567358605563641 5.29700168967247 1.924178406596184 2.776087962090969 11.27699017524719 0 1.043083474040031 0.1514047533273697 4.528679557144642 0.1790510565042496 0.9019143134355545 1.107135757803917 0.6338992938399315 1.0353102684021 4.034757733345032 2.91734005510807 2.710553109645844 22.61336700618267 226.6679748892784 1.21887281537056 1.742541715502739 1.462375059723854 0.1867219656705856 0.2146667987108231 0.8728394508361816 0.1628204435110092 0 0.4830878153443336 611.1421737223864 5.580981820821762 0.236665666103363 0.1892722845077515 0.545693576335907 38.8060609176755 0.7479042261838913 68.2482551112771 5.203966692090034 3.58688572794199 6.965997643768787 0.7879611924290657 3.893609687685966 1.278659142553806 0 0.18148273229599 0.2070642411708832 0.4006003141403198 0 0.1214315220713615 0 377.9015171155334 304.8508006259799 363.125732652843 1068.194949567318 68.33642695099115 606.7050452083349 273.1297426968813 355.5118115842342 26.58993678539991 14.12385758757591 26.0565420165658 67.50005657970905 0.5020208358764648 50.16682800650597 18.96030943840742 113.8845492601395 3.668142825365067 0 7.27745408564806 73.54770205914974 5.274123281240463 720.7593222483993 322.0202267989516
252.1542271003127 994.7936926409602 1732.370303221047 5.382600590586662 1357.398815207183 7.791483178734779 768.0919321030378 708.2218380346894 851.9794561937451 291.3716477006674 3132.312513507903 196.1369226723909 3523.546880982816 1417.093120537698 118.3271305784583 52.7443715929985 3.282765723764896 0.3706978559494019 0.5432508215308189 0.9296212047338486 2.358960062265396 0.6668381094932556 0.232431024312973 1.199002094566822 1.344575598835945 1.865033991634846 0.1594457179307938 1.173260748386383 0.8048885315656662 0 495.7449077069759 124.4739626199007 1218.849887505174 1.0988609790802 0.4956663697957993 1.711860656738281 303.3400526717305 80.09441627562046 103.0822713077068 8.108706772327423 0 0.6976992264389992 0.8569871336221695 4.123669900000095 0.4772966206073761 0.5362627059221268 195.9094064608216 2.987515427172184 0.4078641906380653 2.67583953589201 2.837819576263428 1.02684959769249 10.70955729484558 1.858246430754662 2.087981872260571 8.891851775348186 24.33333473652601 98.59830162674189 13.88793229311705 113.2949719429016 0.3462710678577423 13.42430087924004 0.6101839542388916 118.4856030195951 9.099947564303875 11.27385852485895 1.373639941215515 3.488397680222988 3.224821753799915 1.804147124290466 273.4350861310959 1.951744616031647 0.6605803221464157 109.1442867666483 84.41894683986902 184.0479547306895 45.90481059253216 41.23050866276026 5.578189879655838 619.3331163004041 3.517023898661137 14.10787311941385 20.94759058952332 0.2502822950482368 9.530162841081619 14.41977187246084 1.894358046352863 0.4587973207235336 3.634014032781124 0.1498666554689407 1.383506022393703 1.073081016540527 2.731442883610725 1.70179557800293 1.802073121070862 205.0203410089016 19.05531360208988 0.5471276640892029 30.76550988852978 109.540918558836 0.1345614492893219 5.78095743060112 3.342464864253998 0.7626156508922577 0.6443810611963272 5.715596958994865 2.832108095288277 3.440070599317551 11.03031104803085 20.81828019022942 2.091996341943741 16.39960993826389 43.80319955199957 36.73616640269756 14.69698747992516 0.800428569316864 1.381981700658798 0 0 0 0 0.207808256149292 0.1207070499658585 0.1476133167743683 0 0 0 2.903131082653999 0.3478111624717712 0.1398127377033234 1.091822803020477 0 0 0 2.001894883811474 0.9445657283067703 0.4202002286911011 3.086940586566925 0 56.58813789486885 1.72331178188324 57.58547698706388 13.42216877639294 6.696331545710564 0.341317430138588 0 0.21798937022686 0 0.223665677011013 0.1524685174226761 0 0.4269095361232758 1.999497793614864 0 0.6268570721149445 0 1.376856952905655 0.9890726506710052 0.4318321645259857 0 0.4615795388817787 0 0.1125199794769287 0.4980242848396301 2.581715673208237 4.737483114004135 44.46587929129601 0.5872036516666412 0 0.5585242211818695 0 0 0 0 0 0.1922065764665604 122.2035277560353 1.310925051569939 0 0 0.4680574387311935 8.314737677574158 0 16.26851096004248 0.4500574320554733 0.1136105060577393 1.401407696306705 0.1171622797846794 0.1020695939660072 0 0.1217376738786697 0.2455968260765076 0 0.1426798403263092 0 0.163528174161911 0 59.98451246321201 58.83335185796022 63.62615221738815 655.1226973906159 48.81778001785278 481.9591214731336 169.1587687581778 112.4093964770436 17.67298305779696 3.874125301837921 21.55110418796539 18.66411512345076 0.2397410422563553 15.30623448640108 2.27787322551012 18.00249753892422 1.569459408521652 0 0.3955399692058563 50.37894203513861 1.458492130041122 89.71609095484018 49.40891620516777
