250.9558049291372 2927.926135897636 1351.583359256387 1442.518005594611 108.389766767621 82.38997185230255 769.153248347342 300.5064998865128 2.759500272572041 1363.90437503159 132.2197484597564 107.5948774665594 118.3714522719383 100.4899515062571 3.289044782519341 1.796590946614742 0 0 0 0 0.2747933864593506 0 0.104284942150116 0 0.1553050428628922 0 0 0 0 0 1041.916650153697 3.386249132454395 60.39769822359085 0 0 0.2363710999488831 16.94650456309319 1.370457477867603 1.02469702064991 0 0.4825040698051453 0 0.1176733151078224 0.1396815925836563 0.1787964105606079 0 11.86804462224245 0.892462246119976 0.1236580088734627 0 0 0 0 0.1159311458468437 10.37297850847244 10.59750502556562 529.3337650373578 1389.031158104539 18.58756463229656 13.84867651760578 0 0.8387468829751015 0 25.47066179662943 7.799525126814842 1.789643868803978 0.1871963813900948 0.1858979687094688 0.6867098808288574 0.598734550178051 21.08698199689388 1.286479562520981 0.5732274055480957 597.5544494017959 54.54487697035074 33.47109839320183 9.865169636905193 1.144767589867115 0.1682889312505722 50.83668506145477 0.1387004405260086 1.933732494711876 19.89614061266184 0 1.73005998134613 1.877248413860798 1.174544431269169 0.277397632598877 1.005231983959675 0 0.09274917095899582 0 0.4036454707384109 0.1035617738962173 0 12.46763432770967 1.402965672314167 0 0.5272280350327492 457.2503203600645 0 1.610059142112732 0.1266543567180634 0 1.089153707027435 0 5.777566239237785 0 1.163486957550049 2.824152454733849 0.1591677814722061 0.4356755316257477 3.958943910896778 2.397518485784531 2.218080148100853 0 0 0 0.2306478917598724 0 0 0 0 0 0 0 0 0 0 0 0 0.2237562835216522 0 0 0 0 0 0 0 1.062599927186966 0 0 0.2672571688890457 0.3572342395782471 0 0 0 0 0 0 0 0 0 0 0 0 0 0 0 0 0 0 0 0 0 0 0.3280113786458969 0 0 0 0 0 0 0 0 0 1.442127875983715 0 0 0 0 0.2182774543762207 0 0.1900701075792313 0 0.1096981018781662 0 0.6740794777870178 0 0 0 0 0 0 0 0 0 2.075819410383701 0.6094380021095276 2.121123284101486 24.15084975212812 3.722260348498821 86.72168411314487 14.89656595140696 182.4829833358526 6.408035583794117 1.134280815720558 1.088469929993153 2.199065431952477 0 0.1328740566968918 0 5.369163244962692 0 0 0 4.201449811458588 0 518.6361686810851 2.444093614816666
2927.926135897636 2888.168647490442 1451.999758392572 1923.014167830348 1520.921113803983 378.5670001059771 3688.194861680269 541.0507275983691 498.0359808504581 467.9419738799334 498.5866666063666 31.08370362222195 232.0357766225934 625.8089201003313 11.07059896737337 1.812096834182739 0.253138966858387 0.2841839492321014 0.2316668033599854 0.5590651109814644 0.3423366546630859 0 0 0 0 0.2673049867153168 0 0.8890350908041 0.477732390165329 0 1801.37242770195 23.00565216690302 84.7554067671299 0 0 0 24.2056956961751 0.7612498104572296 3.161079160869122 0.836203932762146 0.7830261141061783 0.3347132951021194 0.2404456064105034 0.6166953146457672 0.1077925488352776 0 99.83827125281096 7.920594595372677 0.5168761163949966 0.2923320531845093 1.762229301035404 0 0 0 24.93646814674139 30.11439414322376 321.0623976364732 715.1217441037297 32.07216253876686 91.64730863273144 0.1778617799282074 0.678630605340004 0 150.7991518899798 29.22197064757347 11.45957152545452 2.470658540725708 0.5703104063868523 2.641461610794067 0.5232254192233086 41.28022933751345 0.7671287953853607 0 1058.677180767059 113.0705918967724 157.8761988356709 122.4162238389254 3.294316478073597 2.917246162891388 89.6235199868679 0.7499673441052437 5.203919291496277 103.9965663328767 0.9669627100229263 9.483335949480534 12.77323251962662 4.404049247503281 0.4739768728613853 5.168260246515274 0 2.313544973731041 0.2550961673259735 1.283867701888084 0.675278015434742 0.1969823241233826 45.26555974781513 4.148646585643291 0 1.394858375191689 778.606962762773 0.2695307731628418 0 1.893697202205658 1.316186726093292 1.974719725549221 1.507510490715504 8.185563839972019 1.475603833794594 5.468463614583015 1.742382287979126 0.1407410353422165 8.945204645395279 16.11848641932011 7.023878000676632 0.7877422273159027 0 0 0 0 0 0 0 0.1946891397237778 0 0 0 0 0 0 0 0 0.2798966914415359 0 0 0.6665772497653961 0.606884777545929 0 0 0 2.572550989687443 0 0.2987060546875 0.5153528824448586 0.2280843183398247 0 0 0 0 0 0.2460006326436996 0 0 0 0 0.398495227098465 0 0.1530937105417252 0 0 0 0.1125715896487236 0 0.5060288459062576 0 0 0 1.223440170288086 0 0 0 0 0 0 0 0 0 7.795774690806866 0.6146199703216553 0.1237074881792068 0 0.1713102459907532 1.177793890237808 0 1.598321139812469 0 0.1280280649662018 0 0.1222438514232635 0 0 0.1040178164839745 0 0 0 0.1113809794187546 0 0 4.629756771028042 5.949279814958572 2.772430062294006 138.5502315089107 7.853187046945095 657.673413194716 74.70604821294546 397.2225816771388 50.41874196380377 0.2381625324487686 42.13350769132376 1.458226673305035 0 1.209151029586792 0.1061517298221588 9.770074650645256 0.3223471343517303 0 0 20.23118005692959 0 439.529631793499 4.947563290596008
1351.583359256387 1451.999758392572 1336.126431688666 144.8618213832378 86.45594238489866 45.12191794812679 79.85753309726715 1607.80764888227 505.5846471115947 19.93311962485313 1150.91781167686 59.83324317634106 234.9681810513139 1463.220001161098 24.00678047537804 13.80328313261271 1.222638800740242 0.8890123888850212 0.4311385601758957 1.203647166490555 5.739026196300983 0.8679919242858887 0.08293566107749939 0.1147319078445435 1.488801643252373 0.721331812441349 0.175208792090416 0.2471170872449875 0.2896341234445572 0 3551.599390998483 283.4531660825014 294.7446883022785 0.1238183081150055 0.5564520433545113 1.281316176056862 72.04112918674946 4.518934644758701 5.169709883630276 0.864013135433197 2.257224634289742 1.180413916707039 1.47980335354805 0.6661074161529541 0.2734184488654137 0.381214439868927 46.70583913475275 3.368441984057426 0.3752458319067955 0.6945938616991043 1.106320716440678 0 0.7790394499897957 1.332817122340202 10.41172811388969 9.719280414283276 161.4754432141781 484.0520414933562 8.825529851019382 35.95505923032761 0.2885037064552307 17.91157907247543 0.4069598913192749 470.3067983016372 12.39229124039412 5.396797142922878 1.956963509321213 1.723896533250809 5.984571672976017 5.105721406638622 98.94399085640907 1.653965577483177 0 449.5590717643499 85.06464825570583 105.8000511452556 104.4738671928644 8.37222296744585 22.75121259689331 642.1705869734287 1.028830416500568 87.22240041196346 39.56686752289534 0.1106827035546303 3.7419164031744 6.202234745025635 2.99900434166193 0.2048391103744507 2.839390829205513 0.1054850071668625 1.393863655626774 0.1042515709996223 8.247440114617348 1.55675346404314 0.5836067274212837 50.1910275965929 8.003981932997704 0 3.2808698117733 166.5453998073936 0 0 1.641932755708694 0 4.755635447800159 1.071295827627182 0.811216726899147 0.7217115759849548 0.6965747773647308 0.1662096828222275 2.609500557184219 6.116398096084595 18.6531812697649 7.753044858574867 2.953758306801319 0.5678028613328934 0 0 0 0 0 0 0 0 0 0.2548435628414154 0 0.34775710105896 0 0 0 0.3078603893518448 0.3030742704868317 0 0.156551867723465 1.486242428421974 0 0 0 4.038484737277031 0 2.011574015021324 3.840556718409061 0.9405197352170944 0.7079668045043945 0 0 0 0.8872959166765213 0 0 0.217083215713501 0.1148044019937515 0 0 0 0.8159223943948746 0.4537538290023804 0 0 0 0 0 0 0 0 1.091870203614235 0 0 0 0.2361127659678459 0 0 0 0 0 15.18372752517462 1.153891906142235 0 0 0.3124334216117859 4.573401637375355 0.2195669859647751 0.9408642649650574 0 0 0.5242822468280792 0.4444108009338379 0.6198930740356445 0 0 0 0 0.161288857460022 0.2688404023647308 0.1144752874970436 0 5.603187471628189 9.999646335840225 12.54633752256632 113.6189277917147 7.012337848544121 231.6093040555716 56.32975286245346 59.47776728123426 17.6903463602066 0.6550115197896957 20.45029226690531 3.726385891437531 0 1.819510839879513 0.641127735376358 1.461901791393757 0 0 0.4354010224342346 3.672036670148373 0 72.59334927797318 1.904609575867653
1442.518005594611 1923.014167830348 144.8618213832378 609.2325133383274 108.4958360642195 314.7225204110146 1403.70467440784 12.65041290223598 9.659312382340431 1460.636782586575 13.98024334013462 1303.37518568337 1511.448020122945 18.53777138888836 0.608474038541317 0.1137708574533463 0 0 0.21125628054142 0 0 0 0 0 0.1599041372537613 0 0 0 0 0 73.52999873459339 0.4868808388710022 5.514941841363907 0 0 0 9.841399803757668 0 0 0.1597980409860611 0 0 0 0 0 0 6.426478870213032 0.5978098660707474 0 0 0 0.2498543709516525 0 0 0.7241238802671432 1.224440664052963 42.97115951031446 76.46374498307705 4.191624581813812 5.775762684643269 0 0.7052730321884155 0 5.805584341287613 1.631103426218033 0.8136977776885033 0 0.13931904733181 0 0.1565238982439041 10.01583914458752 1.448602706193924 0.2277445942163467 107.4232080876827 9.271259851753712 9.743073239922523 6.566760964691639 0 0 1.725358530879021 0 0 10.36309326440096 0.195268914103508 1.764332287013531 1.232231467962265 0 0.2427978515625 0 0.1320117712020874 0.09879463911056519 0.1211618557572365 0.131630077958107 0.1133225709199905 0 29.05099089443684 0.3989353179931641 0 0 197.8589939400554 0 2.829973697662354 1.939792215824127 0 2.212899804115295 1.370438367128372 8.060293763875961 0.8957650065422058 11.36375725269318 1.481815740466118 2.057170391082764 3.137564465403557 9.713844195008278 4.207747958600521 0 0 0 0 0 0 0 0 0 0 0 0 0 0 0 0 0 0 0 0 0 0 0 0 0 0.12379090487957 0 0 0 0.3365086913108826 0 0 0 0 0 0 0 0 0 0 0 0 0 0 0 0 0 0 0 0 0 0 0 0 0 0 0 0 0 0 0 0 0.434387594461441 0 0 0 0 0.3445391654968262 0 0 0 0 0 1.26998770236969 0 0 0 0 0 0 0 0 0 1.311353415250778 0.1157634481787682 1.067992687225342 4.74443693459034 0.7880516648292542 42.72295649349689 2.773626953363419 227.1506368666887 3.86998376250267 0.2722445726394653 1.809366181492805 0 0 0 0 15.52271537482738 0 0 0 1.148140758275986 0 318.6199091672897 0
108.389766767621 1520.921113803983 86.45594238489866 108.4958360642195 1826.42064396292 10.06464649736881 2959.169311381876 189.4530376344919 3386.783204905689 68.60099284350872 1185.698367342353 11.33113552629948 608.1017990708351 1692.142853587866 12.86482157558203 2.647565469145775 1.056220963597298 0.7375692874193192 0 0.1690469533205032 0.8365972638130188 0 0 0 0.1267904937267303 0.16700778901577 0 0.3087323755025864 0.7381859645247459 0 159.5670125111938 49.98111914098263 6.799512162804604 0 0 0.2451718300580978 3.971131034195423 0.2224301546812057 1.342569716274738 0.1239103823900223 0.4280549064278603 0.1210998371243477 0.1188974529504776 0.6809100583195686 0.6593652293086052 0.48645880818367 119.54602637887 7.439406767487526 0.3931371718645096 0.4650975689291954 2.427547544240952 0.2681026756763458 0.302436351776123 0.5362980663776398 15.47342913597822 14.88290785998106 66.84447418153286 99.01540227234364 12.4091976210475 86.57246144115925 0.690573513507843 0.2100823223590851 0 138.6946004629135 21.11668631434441 9.4075578302145 1.721409238874912 1.112599208950996 2.182523682713509 0.5725977122783661 32.0308398604393 0.3568143248558044 0 471.3678487837315 64.58814480900764 138.3150514811277 138.8237767443061 6.820001021027565 1.786927916109562 22.40198891609907 1.659661620855331 1.801552534103394 73.85216894000769 0.2501805648207664 6.529053092002869 9.704445287585258 4.479696005582809 0 5.02435202896595 0.351263128221035 1.37674143910408 0.2895964086055756 0.3459523171186447 1.15289393812418 0.3210182711482048 61.18310725688934 7.472285568714142 0 1.275342240929604 107.1250230893493 0 0 0.572813093662262 0 4.126839458942413 0 1.863678455352783 2.353395819664001 4.483736008405685 4.322863817214966 2.153504580259323 10.09921908378601 26.76459202170372 10.37733109295368 1.997128486633301 0 0.7567615509033203 0.4824535846710205 0 0 0 0 0 0 0 0 0 0.1313349455595016 0 0.2765752077102661 0 0.1508792191743851 0 0 0 2.282788753509521 0 0 0 4.351980373263359 0 0.8798468112945557 1.132626414299011 0.08762707561254501 0 0 0 0 0 0.6771001815795898 0 0.9905843138694763 0.2583585679531097 0 0 0 0 0 0 0 0 0 0 0 0 0 2.303013175725937 0.7040838599205017 0 0 0 0 0 0 0 0 15.69290199875832 0.1686568409204483 0 0 0.1610931009054184 5.481417566537857 0 1.117198944091797 0 0 0.1800025254487991 0 0 0 0.09523576498031616 0.1191520020365715 0 0.1000871807336807 0 0 0 9.019933044910431 4.960943222045898 5.100451424717903 284.3026080280542 12.56031759083271 688.3277742192149 102.4730751514435 89.69651175290346 73.82279539108276 0.271076500415802 88.69697119295597 1.331377983093262 0 1.841135025024414 1.041050791740417 2.599800705909729 0.1499834805727005 0 0.2660800814628601 12.50697886943817 0 80.08520394563675 1.003479778766632
82.38997185230255 378.5670001059771 45.12191794812679 314.7225204110146 10.06464649736881 0.9443788528442383 150.2232506424189 11.06733714044094 2.679353415966034 433.3460335731506 3.733892649412155 270.1024662405252 190.6407333537936 9.30779393017292 0 0 0 0 0 0 0 5.62148854136467 0 0 0 0 0 0.1390494257211685 0 0 111.1504287421703 0 2.286245286464691 0 0 0 1.953844338655472 0 0.5314579606056213 0.1483776569366455 0 0 0 0 0 0 0.7145112529397011 0.1115748137235641 0 0 0.2300843894481659 25.74162831157446 0.5674392879009247 0.3971138298511505 0.3024007081985474 0.2290558218955994 40.57911620289087 23.10647858679295 2.649675965309143 0.1073600426316261 0 0 0 0.4795688092708588 0 0 0 0 0.1376993358135223 0 37.20003647357225 252.266209885478 64.98071727156639 12.91256696730852 1.773709826171398 0.4138891100883484 1.772227451205254 0 0 1.427937716245651 0 0.3132544159889221 0.2081287950277328 15.5600740686059 0 3.525533601641655 0.2875080406665802 11.30493606626987 3.135005205869675 27.91517235338688 1.703068405389786 5.849552631378174 0.1177354827523232 0.2134247869253159 1.004655584692955 155.3630924373865 92.67772386968136 65.3876640945673 4.577000200748444 310.3963824436069 1.1463363468647 6.348800152540207 13.64441807568073 8.555662393569946 6.576820194721222 6.768431574106216 78.48695906996727 5.782728374004364 19.43672315776348 18.5529942959547 0.6082500964403152 12.89580687880516 35.49289938807487 10.94238398969173 1.763620220124722 0 0 0 0.4335236251354218 0 0 0 0 0 0 0 0 0 0 0 0 0 0 0 0 0 0 0 0 1.094738379120827 0 0.4202210903167725 2.304384544491768 0.142206996679306 0 0 0.1875391006469727 0 0 0 0 0 0 0 0 0 0 0 0 0 0 0 0.2296547442674637 1.166901230812073 0 0 0 0.1204000785946846 0 0 0 0 0 0 0 0 7.390364840626717 1.279356956481934 0 0 0.1421445906162262 3.325382113456726 0 1.450328826904297 0 0 0.1611572653055191 0.507366418838501 0 0 0 0 0 0 0 0.3634098470211029 0 9.789573177695274 13.68367537856102 8.015656471252441 1.493124410510063 0 2.563480421900749 0.1185006126761436 23.80361813306808 1.545117005705833 0 0 1.634499572217464 0.1170940473675728 1.085487514734268 0.1876227110624313 108.1078731715679 0.3221632242202759 0 0 0 0 17.25586085021496 12.96658888459206
769.153248347342 3688.194861680269 79.85753309726715 1403.70467440784 2959.169311381876 150.2232506424189 2539.551854029298 8.998578049242496 1403.206677258015 2400.299822956324 421.6985679641366 165.4549784809351 4625.648168317974 2239.305785700679 23.61325982958078 4.168771520256996 0.7341920137405396 0.2714135497808456 0 0.2597259283065796 0.9968429058790207 0.1687417924404144 0 0 0.354707345366478 0 0.3127612173557281 0.1199920699000359 0.2076976150274277 0 117.6332356482744 19.90551328659058 19.20795999467373 0 0 0 3.746057212352753 1.002037957310677 3.046394154429436 0 0 0.5187416225671768 0.2491281628608704 0.5424431934952736 0.2391694262623787 0.5484251603484154 111.1320720613003 9.674853257834911 0.8021883442997932 0.6820485591888428 1.424163453280926 0 0.1973263919353485 0.7804807424545288 18.67184486240149 17.7928773984313 93.90274102985859 128.066627793014 17.85976874083281 82.09053834527731 0.5120921060442924 0 0 99.72011104226112 18.00145963579416 8.450369976460934 1.500772222876549 0.6180950552225113 1.162495449185371 1.128780514001846 54.85244502872229 2.376019537448883 0 516.4272805228829 58.94831089675426 119.0354852974415 98.17643161863089 6.534099698066711 0.6917976289987564 5.214099362492561 2.7630375623703 1.05815027654171 71.61360877007246 0.722530409693718 5.806665204465389 10.54702696204185 4.338803127408028 1.05629339069128 4.020865648984909 0.4931977391242981 1.746589213609695 0.2520636022090912 1.318234875798225 0.6620848998427391 0.8185852244496346 227.657055541873 7.614648096263409 0 6.302306167781353 170.8737724199891 10.5873699337244 40.53785637021065 378.7600676417351 271.8903270363808 19.10838012397289 258.4770582988858 138.2692342847586 82.76856315135956 243.9371133744717 169.2582361996174 7.541598975658417 424.7535615339875 172.2154475599527 74.41295021772385 8.736274398863316 0.6391685754060745 0.1784980148077011 0 0.4119005873799324 0 0 0 0 0 0 0 0 0.2146625816822052 0 0 0 0.5169778317213058 0 0 4.996219150722027 5.554635159671307 0 0 0 10.0520758330822 0 0.2049008309841156 3.465287730097771 0.4344558268785477 0 0 0.3385476022958755 0 0 0.3120913803577423 0 12.61376084387302 9.695062167942524 0 0 0 0.8600747585296631 0.5371993780136108 2.705162666738033 2.532697446644306 0.4079311043024063 8.660381972789764 8.52257426828146 4.302682787179947 0.09834975749254227 0.9387712478637695 8.201822742819786 3.821209535002708 4.463567227125168 3.20948252081871 0.1935501471161842 0.4343565031886101 0 0.09347069263458252 0.2326374351978302 0.6368367969989777 39.89240756630898 0 0 0 0 15.45521007478237 0.2206948548555374 2.987946510314941 24.26008956134319 9.849487960338593 17.02645835280418 2.893819913268089 1.304718978703022 0 0.1853725165128708 0 0 0.5886925160884857 0.1030993610620499 0 0 24.78158269822598 13.70906757563353 20.43804913014174 402.335942171514 13.19336184114218 708.5683490633965 137.3321220129728 198.3313242569566 73.11636680364609 0.3982336074113846 97.2809257209301 22.26473920047283 0.9991273730993271 66.36662650853395 3.555270962417126 99.98845499753952 7.207883194088936 0.2151443660259247 1.127723887562752 11.83517579734325 0 241.7601103112102 26.19800738245249
300.5064998865128 541.0507275983691 1607.80764888227 12.65041290223598 189.4530376344919 11.06733714044094 8.998578049242496 694.1885700821877 323.8608782365918 4.435828849673271 2064.663829468191 32.04575477540493 107.7485270127654 887.7625725567341 106.6477522850037 69.09258068352938 3.624487653374672 21.42678020894527 2.671516306698322 89.86483418941498 127.7710527554154 2.442932352423668 4.151371009647846 0.468751072883606 32.01314035058022 4.050478622317314 5.661831058561802 3.849823415279388 4.962116956710815 1.310169771313667 2645.192556217313 1808.87589122355 842.2616446763277 8.105342969298363 10.64632420241833 31.28908468037844 185.6796512380242 20.03327593952417 27.16866160184145 11.09075173735619 21.50592163950205 15.07538446038961 53.85887139290571 8.29156655818224 25.15975365042686 27.15748699009418 115.467945933342 33.52138905227184 5.161640346050262 51.1801473647356 17.94027925282717 5.631866574287415 1.877126395702362 14.67170038074255 7.926322318613529 8.153669252991676 86.72468180954456 266.0507294759154 4.497347205877304 53.96417162567377 31.74345180392265 55.87439810484648 4.597407720983028 374.1565494909883 13.30233357101679 33.00907148420811 11.06746338307858 31.83962454646826 190.3225547447801 163.4578064903617 206.5436019077897 13.95383936911821 2.63674707710743 288.71566478163 65.64109846204519 173.9627587199211 216.060284473002 100.7965097799897 1048.008988507092 3516.477696143091 130.6128413975239 1868.721024341881 44.77646069973707 0.2779852896928787 16.77974887192249 9.699209377169609 71.48440343886614 0.2747774794697762 11.7234833240509 1.579390279948711 13.29956546425819 4.71597196906805 147.9558634608984 12.96779512614012 6.89572025090456 71.2728423923254 21.52535032480955 0 15.02114012092352 81.20150066912174 0.3514499962329865 0.4197923243045807 0.1756022721529007 0 4.422447755932808 2.141783826053143 0.4522354155778885 1.918067753314972 2.346478551626205 0.2866389453411102 2.280013047158718 7.885014921426773 15.57917614281178 12.96280716359615 6.000373192131519 3.186112120747566 2.094079196453094 0.9398170188069344 0.1330261677503586 0.1385530382394791 0 0.1367052644491196 0.1155364811420441 0 0 1.237033277750015 0 5.466333843767643 0.4945343434810638 1.917435899376869 0.17680823802948 8.087622009217739 0.7617010176181793 0.3035606443881989 0.9613351821899414 1.8874771296978 0.1458196192979813 0 0 13.90550515800714 0 2.600431546568871 24.66093365103006 13.20154618471861 0 0.8257401585578918 0.4317125529050827 0 0.9655616581439972 0.3780870735645294 0.3135417401790619 0.950862392783165 1.825988285243511 0.3798215836286545 0.3005988597869873 1.068908289074898 11.23826993256807 1.601835384964943 0 0 0.4583778381347656 0 0.4282067716121674 0 0 0 4.654237166047096 0.1190788894891739 0 0 0 0.3176006004214287 0.8104634433984756 1.72256051748991 0.29425248503685 0.944863572716713 25.76947015523911 3.497265607118607 0.2860085070133209 0.9868661612272263 4.509883113205433 5.442130103707314 0 2.329061590135098 0.2507602572441101 0 1.719440415501595 0.4271062314510345 0 0.6575000435113907 0 0.1795945763587952 0 1.750203721225262 2.211452029645443 1.539422623813152 0.1083642318844795 8.26946846395731 26.768389724195 36.58557997643948 320.3316960930824 28.92496757209301 375.893630951643 161.2974708974361 21.13938985019922 21.85724299401045 0.3136090412735939 47.40515961498022 20.77031921595335 0.1756239682435989 8.811727479100227 0.5052126497030258 0.1276559084653854 1.64788918197155 0.1950759291648865 2.628902971744537 7.645588293671608 0.2168434858322144 32.92201877385378 7.220154255628586
2.759500272572041 498.0359808504581 505.5846471115947 9.659312382340431 3386.783204905689 2.679353415966034 1403.206677258015 323.8608782365918 852.578370295465 62.38989207148552 1184.752711236477 7.004437610507011 645.9962840601802 863.6239649057388 19.53764777630568 5.380614846944809 0.3173387348651886 0.1230441480875015 0.2188232988119125 0.2973726838827133 0 0 0.2995927035808563 0 0 0 0 0.326164036989212 0.5198818370699883 0 35.74013985693455 19.76897118240595 24.80049203336239 0 0.1622625142335892 0.1279751360416412 4.773735210299492 0 1.181723944842815 0.1350522339344025 0.1511583924293518 0 0.1499167680740356 0.4769076332449913 0.1490296125411987 0.5618553459644318 73.33046910911798 3.812231592833996 0.8667772933840752 0.544367641210556 1.140939310193062 0 0.1297832131385803 0.5606632083654404 4.591637410223484 3.328970417380333 10.0952744781971 10.09510276466608 4.608621500432491 42.69033416360617 0 0 0 63.24081028997898 6.843242935836315 3.551755659282207 0.210381343960762 0.6010682731866837 3.53129854798317 1.457370921969414 46.18552809208632 0.183785617351532 0 141.8924449533224 19.51644974201918 72.5175830796361 55.75532729923725 6.048332221806049 0.8310272693634033 25.86219996213913 1.847646161913872 1.976751640439034 24.21866347640753 0.09021860361099243 4.157456919550896 2.855987653136253 2.842764481902122 0.2135295271873474 1.240644626319408 0 0.5423192158341408 0 0.7552186101675034 0.1218321397900581 0.2564323991537094 117.4841702878475 12.06799066066742 0 2.518385000526905 27.34687662869692 1.78718213737011 0 1.879585772752762 0 6.267071604728699 2.189680188894272 3.175643861293793 4.602162212133408 12.43250074982643 5.648702070116997 3.443924784660339 25.95869387686253 57.4916440397501 39.63600331544876 4.510762676596642 0.4387930035591125 0 0 0 0 0 0 0 0 0 0 0 0 0 0 0 0.2010292261838913 0 0 2.122261852025986 1.165111035108566 0 0 0 4.455083124339581 0 1.11583137512207 1.842182517051697 0.3127831220626831 0 0 0 0 0 0 0 0.1775859594345093 0 0 0 0 0.2227664738893509 0 0 0 0 0.2355703860521317 0 0 0 0 3.161284953355789 0 0 0 0.1009222790598869 0.1732438057661057 0 0 0 0 22.65029385685921 1.02484655380249 0 0 0 9.50715434551239 0 2.897223889827728 0.2214410603046417 0.199274867773056 0.7148229628801346 1.576748967170715 0.3356455564498901 0 0 0.1122964546084404 0 0 0.339301772415638 0.1207505837082863 0 21.81465420126915 19.26513269543648 11.07999520748854 316.7620810568333 14.2387340888381 343.5899501517415 89.39955874532461 41.80310462415218 44.80271270871162 0.1346276849508286 70.55654769390821 4.639995843172073 0.1912958025932312 2.027801513671875 0.2721126079559326 4.846405565738678 2.95310452580452 0.2577711641788483 0 13.64275997132063 0 34.17175595462322 5.762364119291306
1363.90437503159 467.9419738799334 19.93311962485313 1460.636782586575 68.60099284350872 433.3460335731506 2400.299822956324 4.435828849673271 62.38989207148552 854.6374654322863 3.806087106466293 3790.03035736084 7665.601414620876 77.24143262207508 0.6145985797047615 0.1449016928672791 0.2389467358589172 0 0 0 0 1.105615168809891 0 0 0 0.2703073024749756 0.1043346971273422 0.1948228031396866 0 0 17.41518045216799 0.286115899682045 15.69278088212013 0 0 0 48.77383330464363 0.3443379104137421 0.5136110037565231 0.4256063550710678 0 0 0 0 0 0 1.603772595524788 0.1828223317861557 0.1874407231807709 0.1439194679260254 0.134394958615303 1.382230147719383 0.1313713788986206 0 0.6467457413673401 1.515744231641293 9.025206282734871 16.32456386834383 0.5916969552636147 1.219093643128872 0.1341782957315445 0.3530386090278625 0 1.931527778506279 0 0.230268158018589 0 0 0.0963560938835144 0.1225130185484886 72.36510439962149 12.57094174623489 4.153236508369446 24.37254089862108 1.913229964673519 2.068276822566986 1.197615958750248 0 0 1.549462765455246 0 0.3696036785840988 1.953289970755577 0.443707562983036 0.4094083160161972 0.2687402591109276 0 0.8172337040305138 0.1214767470955849 1.385489664971828 0.4587317109107971 0.5708759129047394 0.3431780934333801 0 0 391.1769344955683 9.294204249978065 6.317877203226089 0.5292166769504547 110.35590942204 5.460827142000198 7.584166333079338 171.9064176976681 58.8538231253624 44.90323956310749 269.7305198460817 192.3318132609129 68.88651345670223 253.7985042929649 136.8773595839739 11.20254879444838 444.1132644787431 411.2928398996592 225.4424924626946 19.89244151115417 0.6402152553200722 0.2177415862679482 0 0.09446924924850464 0.107039749622345 0 0 0.1320500522851944 0 0 0 0 0 0 0.1293749362230301 0.7117491960525513 0 0 0 4.945066578686237 6.019080430269241 0.1498973369598389 0 0 7.002869978547096 0 0.7493396103382111 2.836782664060593 0.6950259804725647 0 0 0 0 0.1624954491853714 0.139106422662735 0 1.032884605228901 0.8974998891353607 0 0 0.1440704613924026 0.788889467716217 0.5235388278961182 0.4498655796051025 0 0 0.892873078584671 0.8986676782369614 0.8877236396074295 0 0 4.501891896128654 1.716328114271164 0.4320508986711502 0.1703318059444427 0 0 0.432275801897049 0 0.2927192449569702 0 32.12194596230984 0.369793638586998 0 0 0 8.537278711795807 0.4362127184867859 2.432135954499245 2.004207596182823 3.077226683497429 3.551895625889301 0.112546794116497 0 0 0 0 0 0.1237312033772469 0 0 0 59.38211701065302 7.00291983038187 10.02712640911341 7.224418669939041 0.2218945771455765 14.09289826452732 2.671602874994278 172.199044033885 0.7111777514219284 0 0.6161841154098511 13.16591356694698 0 12.87394225597382 2.088918536901474 213.3928314372897 1.291647635400295 0 0.5940509140491486 0 1.306030869483948 478.9297938197851 44.17604990303516
132.2197484597564 498.5866666063666 1150.91781167686 13.98024334013462 1185.698367342353 3.733892649412155 421.6985679641366 2064.663829468191 1184.752711236477 3.806087106466293 1185.389820158482 176.6234151721001 2453.395535595715 1990.592057138681 28.11998232454062 16.29988507181406 0.9941361546516418 1.410581931471825 0.1573738157749176 1.937962353229523 5.920404598116875 0.1734097450971603 0.2001936882734299 0.105557955801487 1.809923097491264 2.561290755867958 1.921199850738049 0.7207070142030716 1.152169547975063 0 137.0810711011291 14.73645777255297 668.7454015761614 0 0.8447627276182175 2.153975516557693 366.5594843402505 23.9412309974432 23.18268268555403 3.346642069518566 6.345468021929264 3.5372304469347 1.309364430606365 1.164363138377666 1.250060230493546 0.4249732792377472 29.69501768052578 1.548922173678875 0 2.285383448004723 2.596333257853985 2.38552051782608 0.4936517849564552 1.832401469349861 0.7124916315078735 0.8947545811533928 11.56686782836914 24.97717187553644 0.9268495589494705 9.570254005491734 1.228046663105488 7.839991249144077 0.8310529515147209 28.53107698261738 2.235183693468571 2.867681793868542 0.7936722338199615 2.340911015868187 9.798652946949005 12.25750270485878 206.9690382406116 4.511605754494667 0 44.86671898514032 5.296190120279789 30.13141663372517 21.44405980408192 6.611188225448132 146.4482519105077 267.1024001166224 0.2250693142414093 170.2125827223063 5.701718278229237 0 0.5230150893330574 1.449262708425522 2.673787660896778 0.4165207296609879 0.2187933549284935 0.7033143267035484 1.635026700794697 0.1153132766485214 17.90121291577816 1.259300343692303 0.8688782230019569 25.08974170684814 9.047922022640705 0 6.737514361739159 14.29167541116476 0.5026719272136688 0.6616913080215454 0.1441147923469543 0 1.382960289716721 0.4646804332733154 0.1669504344463348 0.4681936353445053 0.5906683653593063 0.4963669031858444 1.163727261126041 2.851776488125324 8.633175782859325 7.019994534552097 1.867066204547882 0.5136222094297409 1.12874972820282 0 0.9219663739204407 0 0 0 0 0 0 0.8897092938423157 0 0.5492479205131531 0 0.3923373520374298 0 1.813362367451191 0 0.6601179540157318 0.3582615852355957 0.4565129578113556 0 0 0 4.70455564558506 0 1.609939455986023 6.435108684003353 2.483411386609077 0 0 0.2695392370223999 0 0.4113540649414062 0 0 0 0 0 0 0.2094157487154007 0.8154754489660263 0.2757596969604492 0 0 0 0.4914659559726715 0.4746692776679993 0 0 0 2.111935332417488 0 0 0 0 0.08588602393865585 0 0 0 0 10.71974421292543 0.9139617383480072 0 0.2660755217075348 0.4178335070610046 2.538648903369904 0 0.8650034219026566 0.1621237397193909 0.1498080939054489 0.1219279989600182 0 0.5473452210426331 0.4741725921630859 0 0 0 0.1151852905750275 0.9126476645469666 0.2170841097831726 0.6391606032848358 3.229558601975441 13.36955361813307 13.38289748877287 75.44881412386894 8.046696826815605 82.33252523094416 42.66761200129986 5.104717426002026 4.708642922341824 0 16.91300436854362 5.069789193570614 0 0.977151058614254 0.1769420057535172 0.6235761791467667 0.3747853934764862 0 0.3281949758529663 5.830104976892471 0.4621324837207794 9.019274115562439 0.3395390585064888
107.5948774665594 31.08370362222195 59.83324317634106 1303.37518568337 11.33113552629948 270.1024662405252 165.4549784809351 32.04575477540493 7.004437610507011 3790.03035736084 176.6234151721001 438.9649356156588 1325.195335566998 136.2622512802482 16.06677687168121 8.402506530284882 0.6328673139214516 0.1142729818820953 0 0 0.6337319016456604 0 0 0 0.8438340127468109 1.728810958564281 0.3149204179644585 0.7966972440481186 0.7279762625694275 0.2024858146905899 19.60056139528751 16.45746102184057 76.26801720261574 0 0.6582400351762772 0 162.4487791508436 10.40981815755367 18.82851126790047 3.196786880493164 0.1631271243095398 1.065919131040573 0.1569942533969879 0.5610166788101196 0.438666895031929 0.4572479575872421 14.62319253385067 0.3234705254435539 0 0.1343114078044891 0.1562257707118988 0.1718490719795227 2.782278150320053 0.3311445415019989 0.2386087626218796 0.2366240322589874 2.51221814006567 3.578168034553528 0.3874046504497528 3.781916461884975 1.015800267457962 3.309623941779137 0.5573578327894211 6.58534698933363 0.2373994141817093 0.1859783530235291 0.1526434123516083 0.4574559181928635 2.266197465360165 1.183585576713085 380.4684564396739 8.397410646080971 0.1778629124164581 13.06045847386122 0.9122233763337135 14.07052075117826 10.18322902917862 3.855156600475311 0.182813361287117 67.02732494473457 0 6.368262529373169 1.446230784058571 0 0.2285915911197662 0.1236108094453812 0.3201228827238083 0 0.1734084933996201 0.3252083361148834 0.2369406148791313 0 1.757682263851166 0.8134714514017105 0 673.0478475391865 34.28823556005955 0 22.48367269337177 7.717637710273266 5.712270580232143 4.056694149971008 26.37837727367878 9.699942111968994 37.24540654569864 42.55108465999365 62.53206653147936 32.61286357045174 117.220568805933 73.72575462609529 23.74262530356646 201.4869754835963 254.6022633761168 181.3906694874167 25.62706100195646 2.592948041856289 1.946082331240177 0.322003960609436 0.3303524330258369 0.1059194579720497 0.3437632620334625 0 0.4265256896615028 0 0 0.1748982220888138 0 2.219438955187798 0.1648824214935303 0 0 0.5381871312856674 0.129251703619957 0.1166930794715881 4.80181360989809 8.390050381422043 0 0 0 30.32996542751789 0 6.382453754544258 16.18301466107368 4.553386718034744 0 0.7128603458404541 0.1977884471416473 0 0.2017582952976227 0.3543961048126221 0 1.248009115457535 1.452008008956909 0 0 0.1732234954833984 3.160504721105099 0.6976280584931374 0.2395179718732834 0.1881649941205978 0 0.2486748769879341 1.021830692887306 0.09929882735013962 0.1176876574754715 0.1132457405328751 7.167866885662079 2.567841991782188 0 0 0 0.2183584570884705 0.2267305701971054 0 0 0 95.97175953537226 2.245726242661476 0 0 0.1402841061353683 25.56205459684134 0.1903617829084396 8.751346729695797 3.305613853037357 2.253654353320599 3.401686601340771 1.574885904788971 1.802089333534241 0 0 0 0 0 0.1784309148788452 0.1411578208208084 0 82.32931903749704 39.62097859382629 49.86869819462299 84.57493295520544 5.071200333535671 44.48908048868179 33.57548838108778 52.25953876972198 4.677268318831921 0 9.508788347244263 14.82478342950344 0 9.236853413283825 2.780737191438675 69.67135854065418 1.904699355363846 0 1.849899113178253 2.896309360861778 0.5360645055770874 262.2405056729913 36.91122806072235
118.3714522719383 232.0357766225934 234.9681810513139 1511.448020122945 608.1017990708351 190.6407333537936 4625.648168317974 107.7485270127654 645.9962840601802 7665.601414620876 2453.395535595715 1325.195335566998 3067.110138468444 4695.186212152243 109.4716693162918 54.09748562425375 2.876864805817604 1.450480625033379 0.4867847859859467 3.821053795516491 8.561935298144817 1.394890666007996 0.8627043142914772 0.2117616683244705 10.49845942854881 4.999622449278831 1.408946000039577 3.504602126777172 5.961298674345016 1.209165148437023 42.03058954328299 44.38507192581892 729.3183308541775 0.3015391528606415 1.716844230890274 3.99340533465147 1363.140902511775 76.88388729840517 75.39137950539589 11.89514955878258 4.948869153857231 3.946111723780632 1.854710087180138 1.399590745568275 2.910405591130257 2.143772207200527 136.0173387899995 3.391652122139931 1.006229124963284 2.235842637717724 1.840992957353592 3.323940142989159 4.284333847463131 1.811134517192841 2.789268404245377 2.646838255226612 10.97934118658304 13.84053148329258 4.144990205764771 48.19396549463272 4.737693727016449 34.91335771232843 1.624561294913292 97.38712407648563 4.578423857688904 5.180489771068096 1.366202898323536 2.402352698147297 12.98547540605068 10.85500281304121 859.9804392978549 16.58362453430891 0.3003992885351181 137.0382782369852 16.11036582291126 130.0924403294921 95.38455534726381 23.00770135968924 1.641569301486015 316.6997853368521 2.26821368932724 38.2500459626317 19.55739384889603 0.1512807458639145 2.294107273221016 2.3995446190238 4.13556469976902 0.1738463491201401 1.249488271772861 0.652312159538269 3.059744261205196 0.6206873580813408 17.30129501223564 2.394665092229843 1.211621895432472 1581.109409943223 88.0823006182909 1.330735325813293 33.93105189502239 24.65021406859159 18.29949612170458 12.94398586452007 46.77655953913927 11.55368708074093 104.7640074566007 157.9337252900004 128.140483699739 77.86425320059061 196.0778034254909 86.4279610812664 50.42029858380556 399.8492553830147 600.5536986216903 395.1929825916886 77.92541047930717 5.711015790700912 4.508590266108513 0.3567670285701752 2.08651514351368 0 0.626535564661026 0.306220144033432 0.3536504507064819 0 0 1.112814247608185 0.200389489531517 3.634122505784035 0.2740810215473175 0.1374171376228333 0 2.790894329547882 0.3477800339460373 0.4170342087745667 21.73350687325001 22.04744298756123 0.9683648943901062 0 0 65.35231249779463 0.1999371200799942 17.8483174815774 41.31185348331928 10.03881292045116 0 0 0.1238010451197624 1.077462181448936 0 0.9106010571122169 0.1000452637672424 1.691069900989532 5.259579978883266 0 0.3102603703737259 0.294315367937088 7.324651151895523 0.997897282242775 0.1617545336484909 0.1114037483930588 0 1.500489950180054 3.898621469736099 0.1577512472867966 0 0 36.25471030920744 5.607429169118404 0 0.3231038898229599 0 0.1020522788167 0 0.3806101381778717 0 0.7665584683418274 268.7608482092619 6.189112238585949 0.7606198340654373 0.63054558634758 1.318985283374786 69.82915037125349 0 26.78342851996422 5.618428148329258 4.88610852509737 6.253822945058346 4.425405584275723 2.165831699967384 0.3104365170001984 0 0 0.1265493184328079 0.1332205533981323 0.7103902995586395 0 0 205.9402042552829 143.1592194661498 118.0960777401924 725.6216325163841 32.20315428823233 511.2324635311961 261.4654403030872 78.30160906165838 52.69794668257236 0.8873445838689804 128.3496496677399 52.07540591806173 0 27.66719847172499 4.929468616843224 127.1426010206342 4.729728236794472 1.19088351726532 4.448871053755283 24.82945635914803 0.2834226489067078 303.596008181572 72.47345491498709
