460.9724690690637 3529.785022445023 1450.518390588462 2154.861970223486 52.91916550695896 99.7656062245369 836.4850261807442 331.0695686042309 86.1918318271637 2598.344666004181 354.2831494510174 54.29296215623617 92.53836253285408 171.4765171855688 0.3778889030218124 0.6780020445585251 0.1239857450127602 0.6096929237246513 0 2.159412674605846 7.617972262203693 0.1739036440849304 1.288781486451626 2.359824515879154 0 0.6514166742563248 0.1272342503070831 1.481277719140053 1.605836272239685 0 575.6174388900399 19.50423900038004 80.59649364650249 0.3048484623432159 1.83269540220499 0.1799345463514328 2.716814376413822 1.073637895286083 1.374406218528748 0.108876921236515 10.664217248559 5.651364028453827 1.024373181164265 0 0 0 2.378371238708496 0.4345632642507553 0.3658894896507263 1.371654607355595 4.732084758579731 1.410499483346939 0.6231024563312531 0 0 0.4852723255753517 24.07781985402107 960.4187481999397 1.328197382390499 1.383786715567112 0.4915917664766312 2.954115271568298 0 12.87190483510494 0.8254668489098549 0.4520985260605812 2.390590064227581 2.382631205022335 5.680213801562786 3.988353200256824 9.349720135331154 4.327546216547489 0 1.375712774693966 4.785851553082466 1.978103779256344 0.8437028229236603 0.464787133038044 2.323501884937286 94.91387623548508 0 23.02469540387392 0 0 0.2201284095644951 0.2492871209979057 0 0.1953080296516418 0 0.4290640354156494 0.9096630662679672 2.128255054354668 6.721597328782082 2.945473238825798 2.095510639250278 79.53959850221872 4.203166455030441 0.9103927314281464 2.033717460930347 1057.753106474876 1.306594826281071 0 1.471612811088562 0.2937178760766983 1.242777571082115 3.838375546038151 0 3.501317091286182 10.02655857801437 8.619525671005249 0.95363949239254 15.66953187435865 10.9564301893115 4.421125560998917 3.792598381638527 0.1055441573262215 0 0 0 0 0 0 1.142454393208027 0 0 0.3219883143901825 0 0.2057456970214844 0 0 0.1516042202711105 0.805252768099308 0.357458084821701 0.3098054602742195 0 0.1268786787986755 0 1.397680342197418 0.2926706224679947 1.403655283153057 0.9517578408122063 2.619612000882626 1.445854432880878 0.3702155649662018 0 0 0 0 0 0.4038378596305847 0 0 0 0 0 0.3769669234752655 0.7092552334070206 0.4491119906306267 0 0 0 0 0.16353440284729 0 0.1446045488119125 2.200378328561783 3.014778509736061 0 0 0 0 0 0 0 0 0 3.209342181682587 0.9636206179857254 0 0.1440015286207199 0 2.525348268449306 0.4150876104831696 0.673018217086792 0 0.728105828166008 0 0 0 0 0 0 0 0 0 0 0 10.39235192537308 3.23180490732193 4.749385580420494 65.97804031521082 2.873632505536079 98.0894958153367 18.46303714811802 659.4584385082126 2.987445592880249 0.2510850727558136 0.8597288131713867 17.82518319785595 0.3472913205623627 0.9199671223759651 0.2527826130390167 40.48657482862473 3.184875965118408 0 0 0 0.291558712720871 153.4049623832107 12.54354200512171
3529.785022445023 3452.612568125129 1829.168608658016 1583.831665068865 585.6532876491547 152.8897756040096 5082.798647329211 942.5407776236534 1598.779843106866 3785.939899861813 1253.931626610458 514.4375267475843 1178.434887722135 1730.15732717514 9.296720698475838 2.806178204715252 3.871969386935234 0.8917282000184059 0.3079217150807381 1.070930734276772 2.159410580992699 0 0.5948218405246735 0.4551555886864662 0.09264629334211349 0.1003456488251686 0 0.5655739530920982 0.4240101501345634 0.09426271915435791 1437.474289990962 74.86364492028952 179.1458795443177 0.457256093621254 0.5750091746449471 1.219684086740017 7.159056656062603 1.928351998329163 1.128208100795746 0.4385112822055817 2.039151221513748 1.925016053020954 0.9305426925420761 0.9293497353792191 0.111775703728199 0.2205224707722664 37.104531429708 0.8523315265774727 2.165693573653698 0.2092645689845085 1.261928051710129 0.3211203217506409 0.174744725227356 0.25905791670084 0.1073842123150826 0.1019482761621475 32.94327218085527 540.2811645045877 7.057341396808624 19.78981848061085 1.301303558051586 2.144333593547344 0.3392097130417824 75.99131833016872 0.4852574244141579 0.7989136651158333 0.4763170927762985 1.343199633061886 0.734608456492424 1.772993206977844 13.14550159871578 0.5959903076291084 0 25.62309504300356 57.63942982256413 65.25678245723248 25.38844633102417 1.353418320417404 4.56502178311348 297.8216570019722 0.5687072053551674 12.51089195907116 0.302960179746151 0 0.1803971007466316 0.2878539264202118 0 0 0.1850330606102943 0.1399579346179962 0.5879655629396439 1.614934988319874 2.229794003069401 2.148410640656948 0.9295747727155685 168.9072255343199 2.122282907366753 0.1289484947919846 0.6807730346918106 622.6804754137993 6.028162404894829 1.546999208629131 6.201736062765121 0.9006286337971687 2.16987881809473 8.637289561331272 0.1522974073886871 10.8893440887332 21.45702745765448 15.79399237036705 2.70702263712883 39.72573336958885 29.71451755613089 15.1368668153882 9.633297421038151 0.4282241091132164 0.3959833309054375 0 0 0 0 0.2323494032025337 0.2972629815340042 0 0 0.1794935911893845 0.6465384364128113 1.721898294985294 0.3622738718986511 0.235026627779007 0.5545324087142944 0.2711649313569069 0.3367326259613037 0.1190775334835052 1.012899056077003 0.5982102379202843 0 2.570913761854172 0.6142104268074036 6.078683204948902 2.527190983295441 11.48228482156992 5.362922072410583 1.127913303673267 0.237670049071312 0.4590444266796112 0 0 0.169512614607811 0.1165253445506096 0 0 0.6583418548107147 0 0 0.1979614049196243 0.6129071041941643 0.220338761806488 0 0 0 0.476267009973526 3.086505211889744 0 1.556535080075264 4.185426406562328 5.31368088722229 0.2825836986303329 0 0 0 0 0 0 0 0.1473871171474457 15.31832248717546 0.6283163204789162 0 0 0 6.110633455216885 1.382925122976303 5.671930499374866 0.1714328080415726 0.8889973759651184 0.4624929055571556 0 0.1976688578724861 0 0 0 0 0 0 0.1618456840515137 0 43.3675796687603 6.231693930923939 14.95343494415283 244.453455068171 5.894116692245007 532.1296356916428 88.64253224432468 454.704444013536 10.03048450499773 1.2486761957407 8.964923419058323 21.7029664516449 0.1573860347270966 7.399572841823101 2.441029079258442 64.63293574005365 0 0 1.836376011371613 0.1594792902469635 0.2130439132452011 175.3030678629875 16.17603759467602
1450.518390588462 1829.168608658016 1036.351993329823 62.92741633951664 154.2690217345953 23.27466508746147 203.0801750868559 1455.676350980997 168.2947377935052 359.0744162648916 814.2576114013791 62.95033663511276 50.33042252808809 484.9062321558595 1.91785803437233 2.670395366847515 0.3971382901072502 1.16557964682579 0.09850848466157913 4.126715622842312 15.05631621927023 0.9135873168706894 3.891980595886707 3.092079691588879 0.2287819981575012 1.848295301198959 0.2846647202968597 0.8246374726295471 1.033994682133198 0 2872.103724211454 333.4937261119485 193.2803606465459 1.020164489746094 3.218571282923222 1.135058470070362 2.014784939587116 2.53543221950531 1.254681989550591 0.1779642999172211 11.39424458891153 5.43066094815731 4.779013462364674 0.6963775306940079 0.08995369076728821 0.9050721451640129 13.47868488729 0.445889063179493 1.307496502995491 2.203510001301765 10.27244699001312 2.591475628316402 0 0.3754211068153381 0.1115140318870544 0.4019821360707283 29.08584938943386 629.4540344551206 3.490266263484955 4.918435961008072 9.682782165706158 9.848570629954338 2.710316494107246 304.4142665714025 0.9079281464219093 1.477199092507362 2.961378261446953 4.33400235325098 11.43043071776628 17.11302115023136 9.011053800582886 1.155888371169567 0 10.37528523057699 28.89802456647158 14.69038930535316 10.07046107202768 2.405161842703819 40.30154484510422 378.6152592524886 0.8895755186676979 73.73186736553907 0.3262372091412544 0.1172974854707718 0.3136929273605347 1.1971705108881 0.4423096477985382 0.3469808399677277 0.3507488071918488 0 1.979908511042595 4.578995481133461 13.37263472378254 5.556552328169346 1.618893511593342 18.87558364123106 5.693514257669449 0 1.126686416566372 352.789746619761 0.1855857670307159 0 0.4572012573480606 0 0.938954770565033 0.7517801001667976 0 0.3772080838680267 1.409907683730125 1.816209010779858 0.1367020606994629 3.87582129240036 3.305986292660236 1.137644737958908 0.9528820440173149 0 0.3176271021366119 0 0 0 0.09001151472330093 0 0.7775789201259613 0 0 0.1745288968086243 0 0.1314078718423843 0 0 0 0 1.1270402520895 0 0.5346456170082092 0 0 0.2922653555870056 0 0.8469183817505836 0.4033299535512924 1.445308230817318 0.4451511278748512 0.3299574851989746 0.445687472820282 0.2451516091823578 0 0 0 0 0 0 0 0 0 0.346741110086441 0.5462556704878807 0.4514831602573395 0 0 0 0.1453707665205002 0 0 0 0.6098747849464417 1.093059360980988 0.2218508422374725 0 0 0 0 0 0.1609709113836288 0 0 1.68141432851553 0.610624685883522 0 0 0 0.2445670589804649 0.1051786094903946 1.427389547228813 0 0.1119764521718025 0 0 0.1145374327898026 0 0 0 0 0 0.2165497988462448 0 0 3.317086696624756 1.625930771231651 2.208193220198154 69.00571770966053 8.513889580965042 258.6708651408553 34.54353767633438 214.2241422459483 2.9217274710536 0.1521801948547363 2.589779108762741 3.562309645116329 0.6737898588180542 0.7042233720421791 0.3910373747348785 4.037019915878773 0 0 0 0 0 24.96927054226398 3.423798643052578
2154.861970223486 1583.831665068865 62.92741633951664 142.0917527079582 52.02306288480759 94.10293947160244 459.955570846796 4.899801269173622 80.55275164544582 672.9340346902609 97.04270173609257 221.173720613122 186.915449090302 57.83243848383427 0.1168105527758598 0.3371976763010025 0.1754972487688065 0 0 0 0 0 0 0 0 0 0 0 0 0 21.32746917754412 0.1777112782001495 2.659926921129227 0 0.09744643419981003 0 0.1875930279493332 0 0 0 0.09508423507213593 0 0 0 0 0 0.7461360692977905 0 0 0 0 0 0 0 0 0 1.161886967718601 18.33509250730276 0 0.577298030257225 0 0 0 2.739057756960392 0 0 0 0 0 0.1302732080221176 0 0.3319058418273926 0.1362244337797165 0.212004229426384 1.25612835586071 0.9019291922450066 1.226285681128502 0 0.2066449671983719 3.606129497289658 0.148718535900116 0.09967124462127686 0.112286239862442 0 0 0 0 0 0 0 0 0 0 0 0 6.106013521552086 0.1143968552350998 0 0 193.3150008320808 0 0.1282815933227539 3.562980860471725 3.681706786155701 0 4.517327457666397 0 0 3.576878823339939 0.4940593391656876 0 2.872127138078213 2.812309585511684 0.4640757739543915 0.3561142385005951 0 0 0 0 0 0 0 0 0 0 0 0 0 0 0 0 0 0 0 0 0.3563132584095001 0 0.1696697622537613 0 0.1988674700260162 0 0.3776141628623009 0.1150442808866501 0 0 0.1531001180410385 0 0 0 0 0 0 0 0 0 0 0 0 0 0 0 0 0.1360796838998795 0 0 0.1556317359209061 0.1330959647893906 0 0 0 0 0 0 0 0 0 0.1863089799880981 0 0 0 0 0 0 0.1548961997032166 0.2127344608306885 0 0 0 0 0 0 0 0 0 0 0 0 2.053255274891853 0.3473837301135063 0.520348809659481 6.516321092844009 0.2294161692261696 21.58436262607574 2.803496137261391 54.0756381675601 0.2175688296556473 0 0.3669004142284393 1.90232452750206 0 0.2279318869113922 0 3.629619039595127 0 0 0.1796786189079285 0 0 14.5859566628933 0.7673863768577576
52.91916550695896 585.6532876491547 154.2690217345953 52.02306288480759 69.83024227619171 2.348881602287292 1795.917302072048 318.5291300937533 517.2156379669905 261.9818547815084 339.2887724936008 68.25987015664577 75.62122768163681 655.5498246327043 0.5220496207475662 0.3078544586896896 1.032999217510223 0.09425494819879532 0 0.1413647383451462 0 0.1340192556381226 0 0 0 0 0 0 0.3938073813915253 0 26.27810848504305 12.41756029427052 17.08553260564804 0 0 0 0 0 0 0 0.2848209738731384 0.2279135137796402 0.1415666341781616 0 0 0 4.297008812427521 0 0.1314226090908051 0 0 0 0 0 0 0 2.119383655488491 18.61221551895142 0.2219802141189575 2.230393819510937 0.1868694722652435 0.2557184919714928 0.1177282780408859 8.809820227324963 0 0 0 0 0.1295988857746124 0.2851024866104126 0.6687213703989983 0 0 3.197848089039326 5.443087451159954 9.432256236672401 4.036156199872494 0.4651530683040619 1.139506563544273 35.98347726464272 0 1.149368867278099 0.1518995314836502 0 0 0 0 0 0 0 0 0.3007535338401794 0.1096489802002907 0 0 35.99440269172192 0.5327528715133667 0 0 7.110320821404457 0.7707600742578506 0 0.2243992015719414 0 0.2719083577394485 1.147511526942253 0 0.7722062170505524 1.599130913615227 1.935868695378304 0.1351680904626846 4.575163818895817 2.658046796917915 2.23310299217701 1.578010633587837 0.1553148180246353 0 0 0 0.1368781179189682 0 0 0 0 0 0 0 0.7400824427604675 0 0 0 0 0 0 0.1970403790473938 0.5016167387366295 0 0 0 1.647637613117695 0.3256644308567047 1.595473565161228 0.7168078422546387 0 0 0 0 0 0 0 0 0 0.2169110774993896 0 0 0 0.3494672477245331 0.1393407434225082 0 0 0 0 0.5305730551481247 0 0 0.6366125196218491 0.5332268178462982 0.135046973824501 0 0 0 0 0 0 0 0 1.696995481848717 0 0 0 0 1.375394649803638 0 0.125509962439537 0 0.5299834460020065 0 0 0 0 0 0 0 0 0 0 0 6.518305435776711 0.7048792764544487 1.955129750072956 29.90745588392019 0.5575243458151817 39.250711992383 9.802173547446728 15.87398841232061 1.167912766337395 0.3049476742744446 1.775598242878914 1.490735873579979 0 1.365387342870235 0 4.718717113137245 0 0 0 0 0 19.22906082868576 1.473032809793949
99.7656062245369 152.8897756040096 23.27466508746147 94.10293947160244 2.348881602287292 0 12.33993850648403 0.5644309967756271 1.853103637695312 242.7455280870199 4.562530279159546 21.65995334088802 9.949406206607819 5.314081385731697 0.1184293925762177 0.193071112036705 0 0 0 0 0 0 0 0 0 0 0 0 0.1278156787157059 0 2.289573222398758 0 6.224318876862526 0 0 0.2462198138237 2.799408987164497 2.926700383424759 3.471272602677345 0 0 0 0 0 0 0 0.1099552810192108 0 0 0 0 0.4892304688692093 0.6332730948925018 0 0 0 0.3981427550315857 0.4656175374984741 0 0 0 2.730607613921165 0 0.1374903917312622 0 0 0 0 0.1066301316022873 0 28.31970228254795 13.60422386229038 0.1678844839334488 0 0 0 0.2445735707879066 0 0.2515292763710022 1.081942573189735 0 0.8020202219486237 0 0 0 0 0 0.5309199243783951 0 0.1705064177513123 0 0.4603635668754578 0 0 0.1593899726867676 86.35074846446514 26.63421913981438 4.034331291913986 12.97871059179306 43.63670748472214 0 0 0.2513647377490997 0 0 0.1711271554231644 0 0.5392808467149734 0.8648422136902809 0.6871286630630493 0.2564520835876465 1.777181543409824 2.024567358195782 0.3031470775604248 0.3564708679914474 0 0 0 0 0 0 0 0 0 0 0 0 0 0 0 0 0.1467622518539429 0 0 0 0 0 0 0 0.1109693944454193 0 0.2536136656999588 0.1126706227660179 0 0 0 0 0 0 0 0 0 0 0 0 0 0.2399196773767471 0 0 0 0 0 0.1790968030691147 0 0 0.1345821470022202 0.2109710946679115 0 0 0 0 0 0 0 0 0 0.1170509234070778 0.3854824006557465 0 0.1354767829179764 0 0.4435893148183823 0 0 0 0 0 0 0 0 0 0 0 0 0 0 0 0.5604606494307518 0.4246163219213486 0.1350919306278229 2.675547316670418 0 0.8467563018202782 0 42.83981135487556 0 0 0 0.5482756644487381 0 0 0 7.716387674212456 0 0 0 0 0 25.14020639657974 1.46110600233078
836.4850261807442 5082.798647329211 203.0801750868559 459.955570846796 1795.917302072048 12.33993850648403 579.3328623771667 94.91536368429661 1889.312338538468 1797.432328693569 221.7076692953706 562.0815699025989 2048.191609896719 1081.148035012186 9.269684314727783 5.16965713351965 5.429102495312691 0.4745456650853157 0.33323023468256 0.4510029554367065 0.4952625408768654 0 0.08298990875482559 0.09937319904565811 0.09014134109020233 0.5126931294798851 0 0 0.1326863318681717 0.08658294379711151 118.4640791416168 45.14701203256845 18.86122344434261 0.16328015178442 0.1959126591682434 0.3883516862988472 6.38715436309576 1.355261735618114 0.1749307736754417 0 0.560667522251606 1.021797806024551 0.4187098443508148 0.3718490824103355 0.2051651105284691 0.1263353675603867 37.77360171824694 0.9147571995854378 2.525420099496841 0.2833342030644417 0.6227958276867867 0.3403398916125298 0.4009791314601898 0.1096163392066956 0.107477143406868 0.3818134367465973 10.53491734713316 95.82188557088375 5.059405125677586 15.4944291934371 1.340495251119137 2.532151855528355 0.6025336310267448 41.10028275847435 0.273781917989254 0.2343607395887375 0.916007399559021 0.1746596693992615 0.6276642754673958 0.5166660472750664 3.704089559614658 0.4755516648292542 0 21.16420856118202 46.22454346716404 51.80652704834938 20.91082967817783 1.729741476476192 4.413767985999584 9.194883391261101 0.1015491634607315 1.966442279517651 0.1118122860789299 0 0.2777371034026146 0 0.1586358621716499 0 0.3103563189506531 0 0 0.1127515211701393 0.3684224635362625 0.3685179352760315 0.0908840224146843 326.7608288004994 2.261603847146034 0 0.287550613284111 32.2320082783699 5.030115529894829 0.8352646827697754 4.396033309400082 1.133179344236851 3.752943582832813 12.82937060296535 0.3597867041826248 11.55766644328833 23.38017983734608 19.89963000267744 5.228466473519802 63.77478706091642 44.58118089288473 23.78307088464499 17.08931972831488 0.4513407722115517 0.4841514602303505 0.2052821964025497 0.07503043115139008 0 0 0.1520621776580811 0.6481101363897324 0.1156453341245651 0 0.1011441648006439 0 0.7710048109292984 0.3745737969875336 0.08879842609167099 0 0.730550542473793 0.8139558881521225 0 0.4732653349637985 0.9197183921933174 0.2358928173780441 2.272662445902824 0.3885274082422256 8.302439153194427 3.402953162789345 15.67012719810009 4.766325645148754 1.714715778827667 0 0.4996969103813171 0 0.1153866648674011 0.8204943686723709 0.2711668163537979 0 0.1260499507188797 1.390331141650677 0 0 0.4000652581453323 2.131065383553505 0.5670659095048904 0 0.1328459829092026 0 0.1884055286645889 3.105572193861008 0.3521140068769455 2.507999338209629 5.295065134763718 6.267548806965351 0.6995543017983437 0 0 0 0 0.127598837018013 0 0 0 23.63410419970751 1.404818147420883 0 0 0 8.933384284377098 2.381451465189457 6.726254247128963 0 2.162072487175465 1.223355010151863 0.3438547849655151 0.7587959989905357 0 0 0 0 0 0 0 0 65.02628444135189 11.14782667905092 24.60344963520765 227.2046386003494 4.37931152433157 293.8270011544228 68.68511266261339 106.5522726997733 6.862167105078697 3.102039329707623 10.1379023194313 18.66568960994482 0 11.38736828416586 3.065479330718517 57.31624790281057 0.08993550390005112 0 0.9515329301357269 0.6024785041809082 0.5090681165456772 163.7237350419164 31.25826467573643
331.0695686042309 942.5407776236534 1455.676350980997 4.899801269173622 318.5291300937533 0.5644309967756271 94.91536368429661 1928.973029516637 232.4167090281844 76.90609560161829 1953.581231378019 176.9186633229256 203.1217372789979 1964.346158437431 26.89266035705805 25.34483215212822 9.834809079766273 7.795865841209888 1.463593013584614 34.85387387126684 165.5553706511855 5.227245956659317 69.8468134701252 67.22644629329443 1.418680489063263 30.58589283376932 5.415732011198997 19.29044533520937 5.426123566925526 1.072153449058533 1319.552249617875 1489.065209470689 889.8712553158402 13.8031155243516 84.6142264008522 17.88177735358477 35.68263779580593 63.39474388957024 9.329811416566372 7.346374489367008 188.5545661002398 77.16830445826054 10.73569440096617 6.100144244730473 1.228302471339703 2.219967782497406 58.14502137899399 3.371009863913059 9.176505051553249 10.24631128460169 70.91560764610767 16.25774367898703 5.146339170634747 3.63631159812212 0.1573631912469864 2.71241682767868 21.86941653490067 394.8985119536519 5.522613435983658 16.43706432729959 51.84615378826857 156.8369161337614 17.52424639463425 191.2967099323869 3.440744042396545 9.839942164719105 21.66165245324373 29.48613192141056 44.46069064736366 103.8719374313951 52.31992585211992 1.898649156093597 0.1942133009433746 24.80492600798607 77.40075611323118 92.02737594395876 66.75992139428854 15.17450150847435 823.3271504789591 2801.156749248505 6.112690508365631 1271.701432175934 0.3290621638298035 0.1139061897993088 0.8695245608687401 2.695603989064693 1.541376918554306 0.4122524708509445 1.792508326470852 0.9285807758569717 14.83428265154362 27.46956051141024 119.8996199890971 56.73882254958153 23.15101017802954 53.3292281255126 10.32825317978859 0.1231356933712959 5.211507759988308 119.0243923738599 1.480133809149265 0.09425858408212662 0.7266188710927963 0 0.8106536641716957 0.9299559369683266 0 0.9437682032585144 2.420033864676952 1.041607990860939 0.5713126361370087 7.242714993655682 4.238583534955978 3.193991370499134 3.071367174386978 0.2428726926445961 0.322849377989769 0 0.11590725928545 0 0.2112230509519577 0.1352875828742981 6.682447038590908 0.3664470240473747 0.5728049576282501 4.976676017045975 0.1307953298091888 0.2787581533193588 0.2713863849639893 0.431827537715435 2.334293276071548 0.7194281220436096 4.304350115358829 0 0.204795703291893 0.2953074648976326 0.3496441170573235 1.599240377545357 0.2616774588823318 2.478751577436924 0.324308805167675 4.521585673093796 1.656948946416378 0.6551190763711929 0.4418240934610367 0.1235892549157143 0 0.1389450430870056 0 0.07911229878664017 0.378269150853157 0 0.125227153301239 0 0 1.538854822516441 1.374289005994797 2.367116764187813 0 0 0 0 0.2026863545179367 0 0.3158946484327316 1.293913148343563 1.470475323498249 0.08071988075971603 0 0.1108871102333069 0 0 0 0.115542471408844 0 0 3.458144493401051 1.83613133430481 1.045424841344357 1.964370079338551 0.1455536186695099 2.398326523602009 0.136902928352356 1.526535049080849 0 0.129251554608345 0.09630640596151352 0 0.3063173219561577 0 0 0.1151933595538139 0.1561077535152435 0.2253816574811935 0.3721721917390823 0.2272256910800934 0 4.903273575007915 3.995827041566372 6.343849062919617 249.2796099483967 54.30416695773602 412.0961353108287 91.65271005779505 122.2004118040204 11.50063394010067 1.228543639183044 12.73867863416672 11.73532609641552 2.159643031656742 3.122739069163799 1.411820903420448 9.234579026699066 0 0 0 0.1155876591801643 0.2245012372732162 22.64017837494612 4.441500842571259
86.1918318271637 1598.779843106866 168.2947377935052 80.55275164544582 517.2156379669905 1.853103637695312 1889.312338538468 232.4167090281844 601.213902592659 450.1377777904272 713.9408680945635 161.3721842616796 400.3235059306026 595.1885364130139 8.704036682844162 4.134692452847958 3.518759049475193 0.4406875818967819 0.3467264324426651 0.1951770931482315 0.09006302803754807 0 0.07992610335350037 0.3769306391477585 0.08317618072032928 0.1131549403071404 0 0 0 0 64.87728071957827 26.73989762365818 10.92395891994238 0.1022531241178513 0.1128943115472794 0.7726527750492096 0.7407245934009552 0.5044131502509117 0.2075775042176247 0 0.275601789355278 0.2068511843681335 0.4808061048388481 0 0.2310951873660088 0 23.38707765191793 0.7022780030965805 1.170155465602875 0 0 0 0 0.09210661798715591 0 0 5.118017829954624 42.10234516113997 0.8756388574838638 7.548235386610031 0.2748296558856964 0.4828557223081589 0 20.64307092875242 0.09953408688306808 0.1728911027312279 0.194844014942646 0.2638412043452263 0.3509934768080711 0.3151800334453583 1.173255763947964 0.3404718786478043 0 8.313409954309464 21.97643719613552 31.50753379613161 14.2838424295187 0.7572530657052994 2.251298733055592 30.12057676911354 0 1.216047987341881 0.1141426935791969 0 0.1002760231494904 0 0 0 0 0 0 0.5708520486950874 0.1395895183086395 0.3728641420602798 0.09888581931591034 319.0539673566818 0.6797829866409302 0 0 9.597443804144859 4.173957042396069 0.721169114112854 4.125572167336941 0.3506427407264709 1.632305510342121 6.931295298039913 0.5668106079101562 6.054507613182068 9.625779092311859 9.646637611091137 1.714782379567623 29.75980176776648 18.6035376265645 10.97567474842072 10.23316513746977 0.2235378324985504 0.1075258627533913 0.1298656612634659 0 0 0.318516880273819 0 0 0 0 0 0 0.9753616005182266 0.7276801392436028 0 0 0.5117169693112373 0.6940163746476173 0.2242927104234695 0.3717826455831528 1.144768260419369 0 1.271733127534389 0.1197822839021683 5.582549072802067 1.490327946841717 8.907138042151928 2.406315542757511 0.812953345477581 0 0.3339620605111122 0 0 0 0 0 0 0 0 0 1.175247445702553 1.783852480351925 0.122992031276226 0 0 0 0.3363287374377251 2.270873636007309 0.3479395359754562 0.3182236030697823 1.581929706037045 4.096554167568684 0.4165624752640724 0 0 0 0 0 0 0.08198618143796921 0.1756086349487305 14.95735039561987 0.2230405360460281 0 0 0 5.015896111726761 0.8745411559939384 4.268950462341309 0 0.9003765806555748 0.0924336239695549 0 0.1080602928996086 0 0 0 0 0 0 0 0.1183387786149979 35.2414603382349 5.876756131649017 13.47186096012592 138.0334732532501 3.132453419268131 139.7542048320174 34.86558485776186 52.0124297440052 8.429070353507996 1.019655928015709 6.644439980387688 10.32863627374172 0.2057440578937531 6.578926905989647 2.856374591588974 37.44969277083874 0.2637087553739548 0 0.7234717085957527 0.2147051244974136 0 116.4039487987757 14.59585325419903
2598.344666004181 3785.939899861813 359.0744162648916 672.9340346902609 261.9818547815084 242.7455280870199 1797.432328693569 76.90609560161829 450.1377777904272 2222.166946321726 258.7921046167612 2056.583240151405 4908.026599369943 378.0957988798618 3.301635161042213 1.218881234526634 3.270243480801582 0.5973827838897705 0 0.2213781476020813 0.5118691623210907 0.2030990719795227 0.09271492809057236 0 0.5451943427324295 0 0 0.4323235154151917 0.4094278216362 0.0972188338637352 163.0318841561675 17.08881316334009 72.49938318878412 0.08200103044509888 0 0.4126847088336945 6.339458294212818 2.149399727582932 0.861675962805748 0.3708481341600418 0.4362927973270416 0.8173431232571602 0.2761299610137939 0.1388919204473495 0 0 19.33280150592327 0.4659982770681381 1.344054356217384 0.09142229706048965 1.122832559049129 0.1383670717477798 1.563446506857872 0.08768513798713684 0.2933384776115417 0.2853469401597977 24.00728421658278 171.6036333963275 4.350277781486511 6.507153391838074 0.7462403848767281 2.091337442398071 0.5517502278089523 42.00036985427141 0 0 0 0.2887398228049278 0.3592680990695953 0.2097143530845642 46.28732391446829 2.898239806294441 0 13.70392894744873 32.65002618730068 23.00460071116686 8.632061578333378 0.5822599828243256 1.580338038504124 10.79247263073921 0.1170725002884865 2.144542157649994 0.4372546374797821 0 0.07653582096099854 0 0.1177138611674309 0 0.08145930618047714 0 0.3864203542470932 0.5144679024815559 0.4475000575184822 0.7315905541181564 0 625.9826942309737 14.30468697100878 0.6034046858549118 1.311022043228149 1156.228750653565 17.30084892362356 7.223586678504944 35.89948714524508 8.817043542861938 13.24543868005276 63.94539802521467 2.089208483695984 49.76085499674082 130.929064206779 136.1750675439835 19.23653081059456 269.4116537794471 190.5365500003099 86.8710732832551 37.21166975051165 1.672296524047852 0.8402288481593132 0.09894253313541412 0.2117065191268921 0.1058881729841232 0 0.3090903386473656 0.1150360926985741 0.2789520025253296 0 0.09269864857196808 0.4768127202987671 4.436985231935978 0.6374711915850639 1.297002375125885 0.1379417479038239 1.744004786014557 1.018083147704601 0.1716893017292023 4.234789051115513 1.859907127916813 0.1809100657701492 6.769507579505444 0.2572153359651566 21.51784407347441 7.422794379293919 31.77009752392769 13.63127329200506 5.002769090235233 0.5971013307571411 0.9749591872096062 0.1770241409540176 0 0.6138662174344063 0.6881707683205605 0 0.2158247232437134 1.493612214922905 0 0.08600382506847382 1.147203341126442 4.202229626476765 0.1270467936992645 0 0 0 0.7931711748242378 7.797445870935917 1.326557919383049 3.854452461004257 14.13633669167757 18.95611774176359 0.9898616150021553 0 0 0 0 0.08094073832035065 0 0 0 59.17867012321949 3.105205059051514 0 0 0.09939403831958771 27.73834826052189 6.173704735934734 16.21124990284443 0 4.221775338053703 0.4672725275158882 0.5056319609284401 1.18148123472929 0.1507306396961212 0 0.6493054628372192 0 0 0.1155199334025383 0.5022945404052734 0.1146823391318321 257.4111152812839 22.87804277986288 46.95540358871222 217.5448601022363 8.245281010866165 297.2100308835506 57.1476276665926 903.6740579679608 6.912500336766243 1.312983460724354 3.956332601606846 88.69659175723791 2.377158470451832 24.26336778700352 6.427836157381535 358.1083977669477 0.5233868584036827 1.082341074943542 3.367907419800758 1.224160313606262 0 1015.066791936755 109.7559885233641
354.2831494510174 1253.931626610458 814.2576114013791 97.04270173609257 339.2887724936008 4.562530279159546 221.7076692953706 1953.581231378019 713.9408680945635 258.7921046167612 852.1142087504268 481.0059554502368 1052.483066268265 1396.648435130715 23.28325460851192 17.34862044453621 10.3573659285903 2.055197276175022 0.4602211117744446 1.942872427403927 1.745092667639256 1.712748542428017 1.635466709733009 0.2815862149000168 0.2495024055242538 3.033145613968372 0.8921082466840744 1.884385488927364 1.96366123855114 0 182.9753157496452 62.461450047791 497.54285454005 0.1878927275538445 0.5518060177564621 1.509187653660774 28.77956763654947 12.60042190551758 4.988133929669857 0.7587516158819199 8.722022749483585 5.102325171232224 0.6516473516821861 2.182079829275608 0.3382047712802887 0.09553941339254379 54.89690108597279 0.8044848740100861 2.972382463514805 1.275733478367329 4.631912849843502 5.225724540650845 1.281747445464134 0.9869504123926163 0 0.2301495596766472 14.54306098073721 108.369981110096 3.394354127347469 15.11189424991608 1.110001489520073 4.671343952417374 0.09407468885183334 42.13774443417788 0.6954105719923973 0.2381713166832924 2.593590281903744 0.8760107383131981 2.112855203449726 1.019362263381481 47.63927939534187 1.455078706145287 0 16.32071356475353 50.8979914188385 87.58550618588924 41.96536751836538 6.656307816505432 16.3187013566494 789.4980444014072 0.3099364638328552 13.83058793097734 0.1381531357765198 0 0.1995878294110298 0.2158038467168808 0.4964990243315697 0.3483974635601044 0.8522245436906815 0.2202847599983215 1.586553521454334 4.409976325929165 2.72731664031744 4.170644029974937 3.102541871368885 335.4231213331223 5.768665090203285 0 1.388215273618698 24.08740276843309 3.952238954603672 0.4219366461038589 2.64111453294754 0.4286623075604439 1.701032213866711 5.935858137905598 0 4.602435536682606 9.908670127391815 10.60363990813494 2.868101671338081 38.56659500300884 20.04471819847822 11.99129936099052 10.68652854859829 0.3390008956193924 0.4566086754202843 0 0.5099566206336021 0 0 0 1.416962757706642 0 0 0.4208608567714691 0.1429266631603241 0.8171475008130074 0.538550466299057 0 0.3645660877227783 0.5213773921132088 1.019013300538063 0.3625991940498352 1.487711057066917 0.4676252380013466 0 1.207838386297226 0.6162935942411423 6.886891424655914 1.715140856802464 12.44529262185097 4.045272171497345 0.9408232271671295 0 0.2541874051094055 0.1181613728404045 0 0.08641840517520905 0 0 0 0.5354016423225403 0 0 0.6063798069953918 1.994868025183678 0.472367450594902 0 0 0 0.2720330208539963 1.70198667794466 0.374898262321949 1.140530042350292 1.688026137650013 3.884591437876225 0.8322564214468002 0 0 0 0 0 0.1598283797502518 0 0 17.06144499778748 1.103462569415569 0.3675491213798523 0.1453805863857269 0.2786032855510712 3.902362294495106 1.01728380471468 6.819488696753979 0.1302138566970825 2.104074880480766 0.8482979089021683 0 0.3336336687207222 0 0 0 0 0 0 0.1124255955219269 0.2484024614095688 39.06053262203932 10.37983518838882 19.78448899835348 359.170985430479 12.5114079862833 300.3613289743662 72.95307395607233 96.6654774621129 9.903811685740948 2.289296023547649 15.0795972943306 11.55656180530787 1.494666025042534 7.773301780223846 1.853755712509155 33.03958777338266 0.1243035942316055 0 0.8839329332113266 0.6831391155719757 0.4165634512901306 144.5424148067832 18.47050722688437
54.29296215623617 514.4375267475843 62.95033663511276 221.173720613122 68.25987015664577 21.65995334088802 562.0815699025989 176.9186633229256 161.3721842616796 2056.583240151405 481.0059554502368 319.2655934393406 1604.914382278919 141.8132050260901 16.11774893850088 16.33368513733149 4.115364484488964 2.562241576611996 0.3457706868648529 1.610476024448872 1.133083201944828 8.107741199433804 0.2141352742910385 0.3508210703730583 0.4664967954158783 2.841674543917179 1.781493633985519 8.227992251515388 10.65539411455393 0.6230692863464355 29.8761478587985 3.935622230172157 164.1651211380959 0 0.2460494190454483 0.5960027575492859 228.1762727797031 42.48868207633495 115.651599265635 6.715657010674477 12.80257736891508 6.41576212644577 1.015912666916847 2.755240730941296 0.3223179429769516 0.2206994071602821 23.3823508694768 0.2559105381369591 1.728020913898945 1.973525196313858 6.855186112225056 17.30721203237772 18.61610491573811 4.697897583246231 0 0.2750698626041412 3.371122978627682 31.50367143750191 1.434455022215843 4.515380851924419 0.468718096613884 28.00865556299686 0.1432536244392395 10.48563339561224 0.4000633507966995 0.8602574095129967 1.701524309813976 1.733297191560268 2.15329722315073 1.312089569866657 308.3780830204487 18.45537347346544 0.5702606588602066 4.499958232045174 11.90434934943914 34.86078324168921 17.83455880731344 2.834163829684258 1.607715867459774 15.5179293230176 0.1478617787361145 6.657784007489681 0.1495520770549774 0 0.0887996181845665 0.2512370049953461 0.2165512442588806 0.7893113791942596 0.2851367741823196 1.973742142319679 5.125458560883999 13.42782195657492 2.704147681593895 7.05207446962595 11.40350883454084 1152.796546012163 60.82853803783655 0.6762854605913162 53.81592482328415 11.61592677980661 6.987009011209011 1.136642709374428 7.324480876326561 1.066682234406471 1.474035389721394 12.13648506999016 0 11.34199424833059 24.36528784781694 21.27975945174694 4.784774504601955 63.96157062798738 41.12154074758291 24.94647732377052 19.51495583355427 0.3607839643955231 0 0.300225056707859 0.0855744406580925 0 0.1563080549240112 0 3.216856330633163 0 0.3336717486381531 2.744586147367954 0 1.210495203733444 0.7155516818165779 0.1767362579703331 0.8151218220591545 1.531782023608685 2.862988464534283 0.08326603472232819 1.580745175480843 0.5075428485870361 0.1042067036032677 0.6661061495542526 0.2036640420556068 10.97275813668966 3.118195652961731 16.22298604249954 6.241404801607132 1.638666488230228 0.4417824149131775 0.3019090592861176 0.1165690273046494 0 0.3740423992276192 0.3565448224544525 0 0 0.9309733510017395 0 0 0.909879557788372 2.986243672668934 1.296413816511631 0 0 0 0.9256618618965149 4.389067366719246 0.419551856815815 1.468471646308899 4.439425483345985 6.484878309071064 0.8175010681152344 0 0 0 0 0 0 0.1010172292590141 0 26.45858081430197 3.151176556944847 0.1385068893432617 0.1386111974716187 0.5497097969055176 9.515525124967098 1.14148573577404 2.939136385917664 0.1016597524285316 2.348187781870365 0.5841975063085556 0.1089118644595146 0.6210822686553001 0 0 0 0 0.1690768301486969 0 0 0 76.9792323410511 13.4496096521616 29.58440630882978 242.9249914139509 12.00875400006771 135.304547354579 42.53933593630791 77.18685551732779 8.675906553864479 1.116432398557663 8.263930395245552 27.6850653886795 0.5736638158559799 12.60828642547131 4.021357081830502 69.44152573496103 0.288012221455574 0 0.8690003231167793 0.2259161770343781 0 442.2202339172363 39.25625677406788
92.53836253285408 1178.434887722135 50.33042252808809 186.915449090302 75.62122768163681 9.949406206607819 2048.191609896719 203.1217372789979 400.3235059306026 4908.026599369943 1052.483066268265 1604.914382278919 2262.901033163071 3759.824392333627 17.69826150685549 18.65365102887154 5.691319078207016 1.256189227104187 0.3996777608990669 1.173295244574547 0.902658686041832 4.14459989964962 0.1951772198081017 0.36206915974617 0.09109606593847275 2.383512645959854 2.027087986469269 6.232491597533226 7.122162103652954 0.2582513764500618 49.5802937746048 14.48992644250393 562.4707762748003 0.07716470211744308 0.08351042121648788 0.5665242224931717 163.675123795867 44.00309498608112 56.91530750691891 1.742586120963097 4.271468080580235 6.878427632153034 1.561555452644825 0.7191316410899162 0.2194233387708664 0.8220483884215355 38.3574126213789 0.5722887516021729 2.539491675794125 1.564259000122547 6.229956984519958 14.22634279727936 7.332608833909035 2.786779120564461 0 0 7.863986544311047 53.23185709118843 3.028218902647495 8.15570230782032 0.1832495927810669 15.03535564988852 0.534397691488266 24.15639993548393 0.1503673195838928 0.5772045776247978 3.420280694961548 1.369943924248219 1.436842925846577 0.761332780122757 321.5695579275489 4.907280378043652 0.1258268803358078 8.586377985775471 21.28372931480408 51.52288077026606 23.17559397220612 2.831583112478256 4.12491861730814 38.39433515816927 0.1369823515415192 3.7669937312603 0 0 0 1.213141225278378 0.3829311579465866 0.2896011620759964 0.4356420710682869 0.1177815720438957 3.943401247262955 10.84462746232748 1.654640182852745 8.132310710847378 6.143174938857555 1807.433381229639 22.57518804073334 0.3918767422437668 20.17910819873214 20.99451702088118 9.673090822994709 2.102275170385838 8.24785003811121 1.287207677960396 5.349422112107277 16.14724061638117 0.775494173169136 16.04786901921034 32.79994747042656 26.36485479772091 6.85224012285471 83.25445569306612 49.68579684942961 28.18300945311785 19.57619508355856 1.088400594890118 0.3937030881643295 0 0.5250893905758858 0 0.1224340051412582 0.2067636847496033 2.807345286011696 0 0 2.098310045897961 0 1.546443253755569 0.9531377106904984 0.3415539562702179 0.7928359061479568 0.9054913595318794 3.94120567291975 0 2.068621605634689 1.378674671053886 0.1961807310581207 3.211297802627087 0.5606460571289062 15.17980071902275 3.172695100307465 19.17361775785685 8.027560099959373 1.601407200098038 0.3149786442518234 0.674913264811039 0 0 0.2869830727577209 0 0 0 1.660991452634335 0 0 0.6479539126157761 4.252448283135891 0.4416590109467506 0 0 0 1.019858926534653 4.988493151962757 1.210204444825649 1.352340959012508 3.602187186479568 9.281228587031364 0.9132142141461372 0 0 0 0 0 0 0 0 27.25489514321089 2.93090807646513 0.508415088057518 0.4169171005487442 0.7761410772800446 11.85098694264889 1.09785857796669 4.789927363395691 0.2180460393428802 2.828828722238541 0.420984074473381 0 1.731586709618568 0 0 0 0 0 0.1308979094028473 0.1890206336975098 0 88.8637195751071 17.41293010115623 37.35633738338947 289.0086066499352 8.530652396380901 213.3809543997049 52.58531258255243 92.31026460975409 9.552742183208466 1.17702317237854 13.69650665670633 28.40566523373127 0.9663297981023788 15.81303887814283 4.789130568504333 82.49133357405663 0.7131053507328033 0 1.247287109494209 0.3602142035961151 0 365.0138728097081 34.55040094256401
