227.7963493689895 1767.334678120911 621.4150728583336 1035.15913695842 43.52777586877346 32.6725662946701 309.5568338260055 65.46878139674664 0.5537725687026978 1667.463743977249 192.5883848369122 297.1752628087997 255.4126739650965 35.80649966746569 0.2132845595479012 0 0.2576364278793335 0 0 0 0 0 0 0 0.1162024289369583 0 0 0 0 0.153742328286171 774.4481964632869 0.8941751718521118 0.9723017066717148 0 0 0 0.4876858294010162 0 0 0 0 0 0 0.1045986041426659 0.1252811849117279 0.09812846034765244 14.89705411344767 1.273874595761299 0.7083302587270737 0 0.936965323984623 0.4391564428806305 0 0 0.4279479905962944 1.799813464283943 169.1390928179026 1025.660251192749 25.22817021608353 39.41490855813026 0.132603332400322 0.1633233428001404 0 22.36132258921862 1.988093286752701 0.7619279101490974 0.4118119478225708 0.5266482084989548 0 0 1.827004224061966 3.42378942668438 1.064490526914597 160.3555727303028 24.30066049098969 37.17917584627867 2.152385845780373 0.09431605786085129 0.8949754536151886 24.43742568045855 0.1298813223838806 3.514679908752441 8.853032454848289 0 0.8672535419464111 1.64918427914381 0.08603958040475845 0 0.338766410946846 0.1333455890417099 0.26506257802248 0.2064498662948608 0.1542314291000366 0.5649353787302971 0.102991946041584 22.71696801483631 9.653401777148247 0.195044681429863 0.9035130888223648 949.3344983011484 0.4718616604804993 0.9743042886257172 3.585818707942963 4.311126351356506 0 7.575226284563541 0.5619221925735474 6.246715933084488 17.54565137624741 2.011727586388588 1.376265779137611 9.18598185479641 7.07496815174818 11.33843251317739 2.518744327127934 0 0 0 0 0 0 0 0 0 0 0 0 0 0 0 0 0 0 0 0.1534730494022369 0.2028721272945404 0 0 0 1.04234866797924 0.5313844680786133 1.153763592243195 0 0 0 0 0 0 0 0 0 0 0 0 0 0.1177600026130676 0.1487403362989426 0 0 0 0.2793457806110382 0 0.6770495474338531 1.558375537395477 0 0.4203644692897797 2.187860682606697 0.1809729784727097 0 0 0 0 0 0 0 0 4.046549439430237 0 0 0 0 2.928125634789467 0.1522099673748016 0.5489677041769028 0 0 0 0 0 0 0 0 0 0 0 0 0 1.619041070342064 1.380425080657005 0.9317265897989273 237.6714499369264 0.885449580848217 23.07068685442209 3.833188369870186 699.203554674983 16.35937985777855 0.6328215748071671 0 21.00075693428516 0 0 0 46.78732562810183 0.4213301539421082 0 0 0 0 192.8054589182138 2.900672063231468
1767.334678120911 2417.22311566025 2133.261443160474 687.0128976553679 1789.727752454579 21.33500615507364 1692.840939991176 893.8959690332413 269.8151139914989 1004.427793852985 1663.994255885482 176.734345369041 2292.508023388684 1098.196926482022 22.15942520648241 1.255052097141743 0.7281163483858109 0.1263830363750458 0 0.3349046409130096 0 0 0 0.3420492112636566 0.1713148802518845 0.3674850910902023 0 0.1383260190486908 0.163860410451889 0.2602774798870087 1446.282282106578 8.707210764288902 20.61583822965622 0.1261793076992035 0 0 0.5867589712142944 0 0.1517848074436188 0 0.1051744893193245 0.2311640828847885 0.2181121110916138 0.2507319748401642 0.09381283074617386 0.5581915378570557 136.2653168514371 9.112547919154167 1.607725694775581 0.913973905146122 5.042523637413979 0.4750198125839233 0 0.1139061897993088 5.403545409440994 8.34043825417757 190.4957996532321 1108.25521492213 77.34406995773315 196.2859910354018 1.342214196920395 0.9200305789709091 0 119.5926716029644 12.71322513371706 4.513495177030563 2.860010102391243 3.377751290798187 0.7878535389900208 0.5805986970663071 3.1137625426054 0 0 459.6001146435738 221.7238724455237 265.5418575853109 42.98586972057819 2.10432556271553 7.108332261443138 189.5336632579565 2.23321995139122 17.00115972012281 48.44599811732769 0.3441946357488632 10.491977840662 14.57804663479328 1.809829987585545 0 2.259705156087875 0 3.428092710673809 0.374266229569912 0.4140109792351723 0.7158707305788994 0.2273314371705055 6.940463423728943 0.764706090092659 0 0.4278535917401314 632.8896656185389 0.9285735487937927 0.7590473890304565 5.437828198075294 3.66351330280304 1.18336284160614 12.12714555859566 1.203227788209915 19.60342948138714 19.76593387126923 4.800062596797943 4.453751787543297 19.13000331819057 22.08831995725632 21.13943835347891 7.97710382938385 0 0 0 0 0 0 0 0 0 0 0 0 0 0 0 0 0 0 0 0 0.7826133668422699 0 0 0.4009537398815155 1.246077373623848 0.1512154340744019 0.1375077366828918 0.1615588665008545 0.7468035817146301 0 0 0 0 0 0.2824816405773163 0 0 0 0 0 0 0 0 0.4638005048036575 0 0 1.031993329524994 0.4965750426054001 0.524084746837616 0.2845497131347656 0.2012042999267578 3.414288818836212 0 0 0 0.104276679456234 0.107488602399826 0 0 0 0 10.64978571981192 0 0 0.09495268762111664 0.1150509342551231 6.444571629166603 1.32748319208622 5.292256966233253 0.3638316988945007 0 0.1559042930603027 0 0 0 0 0 0 0.1844691187143326 0.0864872932434082 0 0 8.819440595805645 1.930087387561798 2.510470241308212 437.175572052598 20.20676430314779 356.9629803001881 73.73569982498884 687.1941619887948 97.94957529753447 5.164660014212132 29.7886523231864 18.20533899217844 0.921446681022644 0.2949801981449127 0 43.24588572978973 0.2195056974887848 0 0 3.799652263522148 0 372.071944616735 8.515746399760246
621.4150728583336 2133.261443160474 358.6472188308835 4.49938740581274 1033.481509461999 2.13231748342514 76.12804544717073 4908.723659522831 401.4484155550599 12.09367223083973 3090.553363613784 12.68133556097746 116.3917267173529 611.6430015712976 25.7843582034111 6.406446754932404 1.047104530036449 0.2688301801681519 0.1187857612967491 0.8997870236635208 0.9079040586948395 0.6307837069034576 0.6145061254501343 0 0 0 0.4962007701396942 0.07896877080202103 0.1396731734275818 0.08275007456541061 4355.408693373203 233.1565768420696 31.79451376199722 0.1522727310657501 0.3676084876060486 0.1967687010765076 2.287312656641006 0.7038901895284653 0.3063347041606903 0 2.168507322669029 4.736601799726486 4.311854667961597 4.45609712600708 3.211294293403625 6.988248102366924 49.68216586858034 4.575376905500889 1.799555353820324 5.116317689418793 2.694926731288433 0.8116807192564011 0.221169725060463 2.001172326505184 1.020944207906723 2.76191807538271 93.48150508105755 899.6070638373494 27.93170540779829 75.17247028648853 12.61889403313398 11.40831856429577 0.873437374830246 171.2577228471637 3.148947075009346 2.44046613574028 2.149073570966721 3.377141840755939 7.573971293866634 7.967507541179657 3.208843372762203 0.1651221662759781 0 209.5496207028627 104.1708247363567 104.8182787969708 32.97201720625162 10.30517210066319 195.7282748222351 1316.788662925363 56.38906928151846 401.9504564106464 15.8250098451972 0 3.635998748242855 4.732185259461403 5.61798644810915 0 0.9813113585114479 0.3003174960613251 1.601992689073086 0.973201684653759 16.82097495347261 2.437778390944004 2.523334763944149 2.101619511842728 0 0 0.08297765254974365 313.3890997618437 0.1127959936857224 0 0.6601171493530273 0.2782198861241341 0 1.29800882935524 0 2.002470523118973 1.159502677619457 0 1.135675467550755 1.286445647478104 2.068719185888767 1.947465896606445 1.815818943083286 0 0 0 0 0 0 0 0 0 0 0 0 0 0 0 0 0 0 0 0 0 0 0 0 0.4706504642963409 0.1217707693576813 0.6859745904803276 1.015618667006493 0.09829114377498627 0 0 0 0 0 0.9394052624702454 0 0 0 0.2420021146535873 0 0 0.2612864300608635 0.6725982427597046 0.08432294428348541 0 0 0 0.128436952829361 0 0 0 1.637921929359436 0 0 0 0 0 0 0 0 0.138336718082428 2.231204591691494 0 0 0 0.1495997905731201 0.6155308485031128 0.4211966097354889 1.089996963739395 0 0 0 0 0 0 0 0 0 0 0 0 0 1.193693615496159 1.235497072339058 2.856690347194672 149.6443691849709 8.708390824496746 133.2786543145776 38.15893542021513 189.1962573081255 26.98427028954029 1.089502386748791 5.217503279447556 4.42997295409441 0 0.6077962964773178 0 7.624209195375443 0 0.1194402948021889 0 0.7862812280654907 0 90.33911495655775 0.3510350435972214
1035.15913695842 687.0128976553679 4.49938740581274 540.413187161088 20.76481103897095 131.005479902029 707.0352484434843 0.4300139546394348 1.803510069847107 2236.092148154974 0.6370850950479507 863.7006821483374 1165.210785761476 56.01985803246498 0 0.08841394633054733 0 0 0 0 0 0 0 0 0 0 0 0 0 0 54.84086930006742 0 0 0 0 0 0 0 0.1063094586133957 0 0 0 0 0 0 0 2.733793370425701 0.2525421679019928 0 0 0.2180317714810371 0 0 0 0 0.1335056126117706 28.28710450232029 154.7727265059948 3.22272665053606 5.200141683220863 0 0 0 0.8633795082569122 0.3098240867257118 0.1089222580194473 0 0.1012073382735252 0 0 0 0 0 22.73994306474924 4.260001413524151 6.249609522521496 0 0.1198178827762604 0 0 0 0 2.721214070916176 0 0.3140266761183739 0.2661811113357544 0 0 0 0 0.1563226282596588 0 0.09119221568107605 0 0 0.319638766348362 1.416075825691223 0 0 414.2451558187604 0 0.9368424564599991 5.04343468695879 3.916218653321266 0 10.58524024486542 0.6503376960754395 9.020815342664719 16.96596913039684 0.1891103982925415 0.2009278833866119 11.53769861161709 25.86942843347788 5.884678199887276 0.3753197938203812 0 0 0 0 0 0 0 0 0 0 0 0 0 0 0 0 0 0 0 0.4614497721195221 0 0 0 0 0 0 0 0 0 0 0 0 0 0 0 0 0 0 0 0.1848367750644684 0 0 0 0 0 0 0 0.911510281264782 0 0 0 0.7557977139949799 0 0 0 0 0 0 0 0 0 1.798815742135048 0 0 0 0 1.179021418094635 0 1.0201635658741 0 0 0.1210259199142456 0 0 0 0 0 0 0 0 0 0 1.196297101676464 0.6127861142158508 0 62.70741388201714 0.3715810328722 4.223822735249996 1.511983871459961 373.9161907285452 1.425250351428986 0 0 5.070479080080986 0 0 0 19.97413490712643 0 0 0 6.312171712517738 1.854365110397339 109.0289195850492 1.868577294051647
43.52777586877346 1789.727752454579 1033.481509461999 20.76481103897095 1086.310333408415 1.877471953630447 2304.983382388949 1279.657976508141 4520.015849947929 413.1678641662002 3026.773089110851 17.04456946253777 1638.711578756571 3502.534253895283 17.76981830596924 1.238171078264713 0.8364547416567802 0.1973988190293312 0.1203934997320175 0 0 0 0.1121645793318748 0 0 0.4570877850055695 0 0 0 0 146.1705769896507 5.913142748177052 7.475595578551292 0 0 0 0.7084732949733734 0 0 0 0.2508592009544373 0.5642797574400902 0 0.5014909878373146 0.1351934671401978 0 75.51508957147598 5.589594624936581 0.383085310459137 0.09670018404722214 3.415594346821308 0.6911554336547852 0 0.1475875824689865 2.937072910368443 4.470766633749008 40.09068988263607 121.3544744923711 21.04669036716223 70.89000283181667 1.039822824299335 0.8334137126803398 0.2114319205284119 47.53145817667246 5.608396291732788 2.968005917966366 1.50524216145277 1.922849871218204 0.6326755061745644 0.2904552668333054 2.740185484290123 0.4702155292034149 0 102.1597483307123 87.8231415450573 114.2670283094049 36.83573466539383 0.8289778977632523 1.415395401418209 27.31771099567413 2.17964655905962 21.6126639470458 17.77964962273836 0.1323827505111694 4.807891376316547 5.546431295573711 1.004094250500202 0 1.378180421888828 0 0.8094157725572586 0.1959414109587669 1.001120626926422 0.777837373316288 0.5793714746832848 25.71761527657509 0 0 0.114224374294281 7.583542317152023 1.003288626670837 1.61865197122097 9.860916316509247 5.542100384831429 1.611383005976677 19.08623918890953 3.017085172235966 26.64483001083136 12.42381573468447 9.66956440359354 5.120686575770378 45.18116661161184 31.21435055136681 41.15153223276138 20.93554905802011 0 0 0 0 0 0 0 0 0 0 0 0 0 0 0 0 0 0 0 0.9246369302272797 0.5583403408527374 0 0 0 8.13854843378067 0.7839856147766113 4.527220241725445 1.066188350319862 0.5135005712509155 0 0.3525423407554626 0 0 0 0.6851202249526978 0 0 0.2198220640420914 0 0 0 0.7867646217346191 0 0.1318704634904861 0 0.1305920481681824 0.520876944065094 1.432125866413116 0 0 0 11.88673797249794 0 0 0 0 0 0 0 0 0.177621603012085 33.32061106711626 0.1299312859773636 0 0 0 15.14259929209948 2.483346968889236 8.249282747507095 0.5737744569778442 0.2370591461658478 0 0 0 0 0 0 0 0.1934440135955811 0 0 0 14.90027551352978 4.990955896675587 6.083065241575241 414.0779321417212 10.96940435469151 284.5483894497156 70.48440390825272 153.4257645756006 58.15982474386692 2.971575997769833 25.12430800497532 27.38333031535149 0 0.6512832641601562 0.5482604652643204 47.02202808856964 0 0 0 7.723164826631546 0 157.4138338565826 12.91992673277855
32.6725662946701 21.33500615507364 2.13231748342514 131.005479902029 1.877471953630447 0.6763441115617752 7.839310228824615 1.142758406698704 1.913387447595596 270.2181211337447 1.218765988945961 103.7736414149404 65.87937831878662 7.015763767063618 0 0.1203285306692123 0 0 0 0 0 2.68721741437912 0 0 0 0 0 0 0 0 17.03759896755219 0 12.67261379957199 0 0 0 6.150009401142597 0.6806193292140961 0.9879910200834274 0.1813575327396393 0 0 0 0 0 0 0.2546816170215607 0 0.1395257562398911 0 0.2212492078542709 4.513513974845409 2.350579038262367 0.1339523047208786 0 0 121.1445301324129 159.4549483209848 1.327211514115334 0 0.2467128038406372 4.268665060400963 0 0 0 0 0 0 0 0 69.52881041169167 132.3304766640067 24.60159685462713 4.34089732170105 0 0.3412373960018158 0 0 1.029865115880966 4.577939622104168 0 1.99342742562294 0.195609450340271 0.9739038422703743 0 0.9067297577857971 0 10.12070141732693 2.712097056210041 11.57049781829119 0.2439221516251564 1.172779776155949 0 0.09937107563018799 0.2685330510139465 243.8383056819439 146.8237584903836 12.7699910402298 26.96533159166574 486.9590807408094 0 0 0.159187063574791 2.964558720588684 0 1.692962095141411 0.174797385931015 0.5254509299993515 0.8760050535202026 0.1762406826019287 0.3810888826847076 2.062548562884331 1.224851869046688 1.482642412185669 0.1643412858247757 0 0 0 0.1682125329971313 0 0 0 0 0 0 0 0 0 0 0.3443106114864349 0 0 0.1375063955783844 1.171715378761292 0 0 0 0 0 1.564101666212082 0.4313859716057777 2.402554862201214 0.4642210602760315 0.368305966258049 0 0 0 0 0 0 0 0 0 0 0 0 0.3980001509189606 0 0 0 0 0.2384132742881775 0 0.1672719717025757 0 0 1.928488880395889 0 0 0 0 0 0 0 0 0 2.805782213807106 1.612078174948692 0 0 0 0 0 0.966026708483696 0 0 0 0 0 0 0 0 0 0 0 0 0 3.118557795882225 5.140410304069519 5.572360701858997 12.3222471922636 0.1424188613891602 0.5748164430260658 0.1394816488027573 266.2726085186005 1.222936272621155 0 0 1.073466718196869 0 0 0 4.715779051184654 0.249726727604866 0 0 0 0 70.56248455494642 6.421264290809631
309.5568338260055 1692.840939991176 76.12804544717073 707.0352484434843 2304.983382388949 7.839310228824615 866.535854279995 37.37530066072941 471.0082539767027 1268.956486158073 102.4679205715656 151.1528145670891 6281.44287070632 1303.370223328471 4.789822407066822 0.371573880314827 0.5370072275400162 0 0.1352278590202332 0.1736552715301514 0 0.1478710025548935 0 0 0 0 0.1939887404441833 0 0 0 71.82592689990997 2.539403699338436 2.779225215315819 0 0 0 0.3330815732479095 0 0 0 0 0.1136687025427818 0 0.2095647305250168 0.2308178693056107 0.2094338834285736 34.26091419160366 1.735491089522839 0 0.1295662969350815 1.363634549081326 0 0 0 0.82423385232687 1.604479029774666 26.60313612222672 117.4880820959806 11.65446267277002 37.46719489246607 0.4066197201609612 0 0 18.74721696227789 2.759968094527721 0.6570682749152184 0.7348742112517357 1.136846840381622 0.2850256711244583 0.5145957469940186 2.030382990837097 0 0 64.59473590552807 42.68885595351458 56.85797060281038 10.60039576143026 0.3376458063721657 0.2101824730634689 4.035574406385422 0.4320913925766945 3.772567145526409 8.660682179033756 0 2.105175711214542 2.192605540156364 0.4025264233350754 0 0.505945049226284 0 0.2642755061388016 0.07716794312000275 0.7132226377725601 0 0.2427415102720261 17.19532254338264 0 0 0 41.26862485706806 1.884809017181396 1.270190440118313 6.79636699706316 5.88784471154213 0.8431669771671295 40.14692367613316 3.352368980646133 22.62382228672504 34.81855285167694 5.032963588833809 2.061911702156067 120.7669999450445 74.5417255833745 40.91898114979267 14.69575667381287 0 0.3599497377872467 0 2.069649696350098 0 0 0.6767743229866028 0 0 0 0 0 0 0 0 0 0 0 0 0 2.973365262150764 0 0 0 3.674686923623085 0.1482824385166168 1.067434579133987 0 0 0.3710911571979523 0 0 0 0 0 0.3375087082386017 0 0 0 0 0 0.2553826570510864 0 0 0 0 0.4246528819203377 0.7613328248262405 0.516799233853817 0 0 7.002677947282791 0 0 0 0 0 0 0 0 1.020976111292839 12.38529592752457 0 0 0 0 6.645497113466263 1.742025673389435 4.839205324649811 0.1098633259534836 0.4103953540325165 0 0 0 0.1128760054707527 0 0 0 0 0 0 0 8.916820630431175 1.506419986486435 2.078153669834137 172.9771051183343 3.24875071644783 104.2787904888391 20.28109257668257 141.9093271791935 21.12293294817209 1.672603391110897 8.153465494513512 17.25346207618713 0 1.048782005906105 0.4749644696712494 35.91787844896317 0 0 0 2.119275242090225 0 116.626494474709 11.66982601583004
65.46878139674664 893.8959690332413 4908.723659522831 0.4300139546394348 1279.657976508141 1.142758406698704 37.37530066072941 1370.347254663706 340.9192787706852 3.322919368743896 2905.270152397454 25.48197737336159 210.4351255521178 480.0070933103561 75.34417341649532 24.9523162394762 3.586952462792397 0.1266033053398132 1.201421104371548 2.02783490717411 0.9032348245382309 1.640001893043518 0.2604425251483917 0.4287500083446503 0.6117279380559921 0.6077737659215927 2.338235937058926 0.4641872271895409 0.6883931905031204 0 1322.405530177057 680.3750173673034 136.0512969493866 0.2421615123748779 1.613683059811592 1.600537598133087 32.6588146686554 9.446750730276108 9.261917732656002 0.7017970085144043 2.625915855169296 12.63892740756273 8.855609148740768 17.95953715592623 5.628023743629456 12.04180247336626 120.9940999597311 6.139763444662094 1.818477086722851 8.242022454738617 3.499214522540569 8.279441848397255 0.3167805820703506 4.929797068238258 1.062171339988708 2.243560813367367 26.67170532047749 179.2946424856782 11.96613388508558 64.88179317861795 48.31936946511269 65.51518254727125 4.853955432772636 256.7942856624722 4.504849471151829 3.038025416433811 1.920486494898796 4.698122583329678 16.45835669338703 12.99780152738094 18.81312076747417 0.4773752391338348 0 71.92214997112751 150.2345249652863 168.2795101031661 92.43320652842522 211.0663747042418 1081.314016371965 1104.263041719794 291.7383246719837 2015.940025061369 15.70918765664101 0 2.984135821461678 5.082132168114185 10.27333365380764 0.2899495661258698 1.58108913898468 0.3574543297290802 1.876735173165798 2.180558755993843 37.21085128188133 3.962640047073364 8.329748034477234 17.61549925804138 1.827806621789932 0 2.163834765553474 14.11268980056047 0 0 0.6760735809803009 0.3281531631946564 0 1.100862741470337 0.1318414658308029 1.47199222445488 0.7671523168683052 1.076177760958672 1.109358452260494 6.150993593037128 3.122427210211754 7.087187618017197 6.200242042541504 0.1985436826944351 0.1534287929534912 0 0 0 0 0 0 0 0 0 0.1736830174922943 0.5649464577436447 0.3006033599376678 0 0.6676828861236572 0 0.1285293847322464 0 0 0.2236545979976654 0 0.7657910883426666 0 3.747040152549744 1.134042389690876 6.232327356934547 2.837268128991127 0.7415745183825493 0.1794712394475937 0.181552916765213 0 0 0 0.1710779964923859 0 0 0 0 0 0.1355553865432739 0.9921106323599815 0.1681739389896393 0 0 0.1104132235050201 0.128968209028244 0 0 0.6361034214496613 0 5.553973391652107 0.1401293128728867 0 0 0 0.12822125852108 0 0 0 0.3261602967977524 8.611306257545948 0.8073716461658478 0 0.1811058521270752 0.8053470104932785 1.678362838923931 0.1552696377038956 3.976903550326824 0 0 0 0 0 0 0 0 0 0.1409069746732712 0.1536662727594376 0.2156010568141937 0 2.208685591816902 4.974295310676098 7.564909964799881 361.8094241023064 24.63171405345201 323.8600516393781 91.51231740415096 80.66668681800365 48.57518516480923 1.696642503142357 16.71145462244749 3.701419055461884 0.1103291362524033 0.5898596718907356 0 3.25880540907383 0 0.1123994067311287 0 15.65996952354908 1.269736170768738 68.4210294559598 2.712024033069611
0.5537725687026978 269.8151139914989 401.4484155550599 1.803510069847107 4520.015849947929 1.913387447595596 471.0082539767027 340.9192787706852 274.1020799279213 32.03507493436337 681.9299221560359 10.58070676028728 736.5438097715378 1284.505594588816 12.01893790066242 1.435395330190659 0.4293012320995331 0 0 0 0 0 0.1465910226106644 0 0 0.1235437989234924 0 0 0 0.2270707041025162 25.01741693168879 1.725100442767143 4.869951292872429 0 0.1713737994432449 0 1.806688696146011 0 0 0 0.1808638572692871 0.6825820431113243 0.7990657389163971 0.4799055755138397 0.2082334384322166 0.2892989963293076 36.49782691150904 1.878859005868435 0.3030230775475502 0.2210641428828239 0.5004310384392738 0.1747118681669235 0 0.1339186131954193 1.447078287601471 0.8887212574481964 15.28690252453089 16.9720461294055 6.114499375224113 20.29504531621933 1.111715421080589 0.8557538017630577 0.1756859123706818 15.69175592809916 1.705539770424366 1.495726682245731 0.5909534692764282 0.6533592045307159 0.3573452606797218 0.5737627074122429 5.628022417426109 0 0 20.07267127931118 36.24782712012529 50.26520645618439 21.17928912490606 0.2605669647455215 1.268024727702141 12.4232689961791 2.383643411099911 23.3317541629076 7.266543284058571 0 1.966263599693775 2.691484235227108 1.452809311449528 0 0.09486889839172363 0 0.4993599504232407 0.4956090971827507 0.990151047706604 0.3239129334688187 0.7399303391575813 13.91065301001072 0.3577490821480751 0 0 1.125447764992714 0.477694183588028 1.562360405921936 3.870284080505371 2.201153822243214 2.088936358690262 9.052750803530216 1.413594752550125 15.35552526265383 8.28511493653059 7.723750069737434 2.123494617640972 24.13031105697155 23.58863674104214 27.57442387938499 15.98880434036255 0 0 0 0 0 0 0 0 0 0 0 0 0 0 0 0 0 0 0 0.1355514824390411 0.6705141663551331 0 0 0 4.48249863088131 0 3.400556080043316 0 1.399424493312836 0 0 0 0 0 0.5705185532569885 0 0 0 0 0.129913717508316 0 0.9617010951042175 0 0 0 0 0 0.2709209322929382 0 0 0 9.110233590006828 0 0 0 0 0 0 0 0 0 19.12160385400057 0 0 0.09647298604249954 0 9.392851650714874 1.705601364374161 9.218307681381702 0 0 0.1106389462947845 0 0 0 0 0 0 0 0.1363287419080734 0 0 14.17236302793026 2.764518767595291 6.081204004585743 264.8639852851629 10.37590353935957 152.5434690266848 38.15368113666773 71.17165844887495 30.03352924436331 1.026926554739475 15.76101540029049 16.50586377084255 0 0.7601250559091568 0.1512989401817322 27.56896211206913 0 0 0 5.786123022437096 0 71.08942060172558 9.33763062953949
1667.463743977249 1004.427793852985 12.09367223083973 2236.092148154974 413.1678641662002 270.2181211337447 1268.956486158073 3.322919368743896 32.03507493436337 1669.243794694543 10.79434780776501 3674.74590228498 3149.143384635448 301.1583780050278 2.220858946442604 0.4145389273762703 0.1823044568300247 0 0 0 0 0 0 0 0 0 0 0 0 0 64.64197897911072 1.011852093040943 12.67515015602112 0 0 0.2387038320302963 1.860561192035675 0.5301858484745026 0.1046650037169456 0 0.3409313559532166 0 0 0.1839938461780548 0 0 9.266121603548527 0.4752499386668205 0 0 0.3881040215492249 0 0 0 0.1170116439461708 0.7687976732850075 62.57634081691504 192.8504129052162 7.003718383610249 16.23234380036592 0 2.586871445178986 0 8.643862292170525 1.041022755205631 0.2750443667173386 0.63646499812603 0.2012574523687363 0 0 38.69557688385248 1.489431545138359 0.3987270817160606 35.94483993947506 14.16485900431871 20.57709573954344 3.758309371769428 0 0.6707609668374062 3.309941045939922 0 3.634951002895832 4.250885561108589 0 0.5638960972428322 0.8280728980898857 0 0.3261591047048569 0.1034630089998245 0.1484179049730301 0.2799545004963875 0 0 0 0.1293829083442688 161.2903598323464 45.46134156733751 0.2639995813369751 7.879977285861969 793.2577867954969 0.9334639981389046 1.126489542424679 39.72762132436037 20.169468536973 2.102840289473534 86.51427007466555 4.469193324446678 112.5427904054523 44.43834862112999 29.24513576179743 6.518044389784336 117.7995173633099 118.3527235239744 98.68082880973816 27.65567861497402 0 0 0 0 0 0 0 0 0 0 0 0 0.8344318419694901 0.3229424357414246 0 0 0 0 0 0.5624031499028206 2.753229454159737 0 0 0 3.878876239061356 0 2.082391023635864 0.2840420603752136 0 0 0 0 0 0 0 0 0 0 0 0 0 0 0 0 0.1273688971996307 0.1802543699741364 0.4608128368854523 0.357503242790699 1.039391174912453 0 0.1460118442773819 8.145916037261486 0 0 0 0 0 0 0 0 0 39.65299984812737 0 0 0 0.1135532259941101 16.96737345308065 3.268481805920601 8.93368299305439 0 0.7456855624914169 0 0 0 0 0 0 0 0.1226613745093346 0 0 0 35.02869335561991 4.271973989903927 3.615993075072765 231.6465260609984 1.173960156738758 32.57890357077122 8.224695175886154 949.104613929987 10.20041987299919 0.4069921746850014 1.515904948115349 44.91310629248619 0 4.009109787642956 0.3894603252410889 198.6517571210861 0.144029974937439 1.833113551139832 0 1.675083339214325 0.1522770822048187 958.102244630456 47.23682908713818
192.5883848369122 1663.994255885482 3090.553363613784 0.6370850950479507 3026.773089110851 1.218765988945961 102.4679205715656 2905.270152397454 681.9299221560359 10.79434780776501 1814.298607103527 133.7495534047484 1722.058372654021 2969.508923843503 34.4920812100172 10.78580322861671 0.8114527240395546 0.1171248778700829 0 0.1511673778295517 0 1.032548487186432 0.5288663357496262 0.1718162596225739 0.7864630818367004 0 0 0.1902437508106232 0 0.5480243414640427 308.7135276421905 21.66289123892784 306.6611263900995 0.4135196805000305 0.9616372436285019 1.562661975622177 41.36407800018787 6.179980084300041 3.709761008620262 1.855679288506508 0 2.283102914690971 0.10646802932024 0.9206089749932289 1.017037078738213 0.7365955486893654 57.32574571669102 2.335083402693272 0.09911108016967773 0.6094264835119247 1.358905337750912 2.328311309218407 0 1.471361368894577 0.8461227864027023 2.100790850818157 23.53921344131231 108.4213490784168 11.55410646647215 40.37563136965036 2.128383435308933 90.76009545475245 0.5728972554206848 29.70951752364635 2.5190389752388 1.719982199370861 1.704904533922672 1.423757925629616 1.105334669351578 1.102043926715851 39.2672061920166 0.5180094167590141 0.1403362452983856 55.79578436911106 58.23738905787468 90.69522397965193 31.31506679207087 5.097087405622005 36.69079062342644 751.8185104057193 7.052575901150703 263.8878563269973 9.365903504192829 0.1487021744251251 2.709504693746567 2.729942567646503 0.6880081444978714 0 0.8008961901068687 0.2851174771785736 0.7145377546548843 0.1272183805704117 2.712360367178917 0.8040786758065224 0.8816902041435242 21.3606494218111 0 0.1257612109184265 0.5017131119966507 35.02888021618128 0.6039813756942749 0 1.184979386627674 1.657686479389668 0.1497782766819 2.889197170734406 0.2425250187516212 5.397710002958775 2.63000762462616 2.786249868571758 1.03107164055109 11.14294262230396 10.08527010679245 13.43586303293705 10.65627346932888 0 0.1902715861797333 0 0 0 0 0 0 0 0 0 0 0 0 0 0 0.1612742394208908 0 0 0.2362137585878372 0.8320055603981018 0 0.1344403922557831 0 6.276352718472481 1.759597599506378 5.784969590604305 1.577476687729359 0.482903003692627 0 0 0 0 0.1428105533123016 1.079603672027588 0 0 0 0 0 0 1.203754976391792 0.734127402305603 0.09531223028898239 0 0.09529505670070648 0.3285432159900665 0.3658612966537476 0 0.1573941260576248 0.4875068664550781 9.100162722170353 0.4372468590736389 0 0 0 0 0.2365862131118774 0 0 0.4370591789484024 20.78997622430325 0.3888794481754303 0 0 0 5.146053731441498 3.205453664064407 6.62666267901659 0.1506152153015137 0 0 0 0 0 0 0 0 0 0 0 0 7.634168870747089 3.37747959792614 9.347370080649853 295.580442070961 9.216290906071663 196.0565701648593 59.0408850312233 76.59782486408949 31.78671634197235 1.103211455047131 12.93248286098242 6.262974262237549 0.1660474091768265 1.093314617872238 0.950019896030426 3.85668808221817 0.1267881393432617 0 0 9.210781022906303 0 51.22040751576424 3.32657366245985
297.1752628087997 176.734345369041 12.68133556097746 863.7006821483374 17.04456946253777 103.7736414149404 151.1528145670891 25.48197737336159 10.58070676028728 3674.74590228498 133.7495534047484 227.0958622395992 1180.018633030355 529.6013979315758 20.30643608421087 6.555274851620197 0.4869351983070374 0 0.099598228931427 0 0 1.789221823215485 0 0 0.09269563108682632 2.393839478492737 0 0.7746277749538422 0 0.1282879263162613 13.64423212409019 1.536343775689602 78.67265699803829 0 0.6722992062568665 0.941159650683403 87.42695114016533 14.4441491663456 17.15751522779465 3.546923041343689 0 0.3654853701591492 0 0.2639490962028503 0 0 24.83141823858023 0.9454293921589851 0 0 0.3640585243701935 0.2050716429948807 0 1.991020791232586 0.5986748710274696 0.2881301864981651 9.601254791021347 23.72283380478621 3.776423506438732 8.39137789607048 0.1918200552463531 20.96711215376854 0.5062224268913269 5.55443649739027 0.8176665604114532 0.1824605762958527 0.2878648042678833 0.09008337557315826 0.8592270314693451 0.2536709308624268 122.7969531416893 0.8873450830578804 0.1066099032759666 7.049727059900761 6.949991911649704 22.32338597625494 6.646488606929779 1.026568487286568 1.658309191465378 55.00936148315668 0.4539314657449722 19.40950674563646 2.474973298609257 0 0.4698677808046341 0.5518068000674248 0.5106327384710312 0.1166751086711884 0.2356568649411201 0.1748509407043457 0.1020540371537209 0 0.2674021422863007 0.3932003453373909 0.1702059507369995 827.1773805841804 5.781214594841003 0 8.678521178662777 149.1299948394299 2.214927315711975 2.667201906442642 51.9836415424943 21.47212992608547 3.316166520118713 107.4588776007295 6.477230377495289 193.1676822900772 40.69762745499611 40.45181981474161 17.36565528064966 217.5935523286462 167.1810596063733 174.2768976166844 83.63348128646612 0.1017793640494347 0 0 0 0 0 0 0 0 0 0 0 0.4318508356809616 0.3100118935108185 0 0 0 0 0 2.775426149368286 9.548438563942909 0 1.592340409755707 0 20.9282880499959 3.116456396877766 11.66850347816944 2.561968475580215 1.302092120051384 0 0.1248207688331604 0 0 0 0 0 0.302434965968132 0.505921334028244 0 0.1968367248773575 0 0.2659745737910271 0.2756884843111038 0 0 0.8021566867828369 1.686509601771832 2.715949572622776 0.5485455989837646 0.2801457643508911 1.22972659766674 43.23257890343666 0.09927129745483398 0.1313103288412094 0.1584590375423431 0 0 0.2684453278779984 0 0 0 109.5688366815448 0.6573009490966797 0 0 0.3398058265447617 67.76815042644739 6.259001694619656 41.39485150575638 0.6881559193134308 1.077725872397423 0.3102475181221962 0 0 0 0 0 0.1810134798288345 0 0 0 0 80.21033953130245 13.12206599116325 18.61577968299389 419.000485882163 6.414653852581978 92.72166365385056 45.53839326649904 361.4234982952476 16.82673617452383 0.1105888187885284 9.588115096092224 79.44661026448011 0.2224157601594925 5.106311060488224 1.040508180856705 245.6214800477028 1.524038091301918 0 0.2743050456047058 11.72724674642086 0.974863588809967 909.7900601178408 79.76840785890818
255.4126739650965 2292.508023388684 116.3917267173529 1165.210785761476 1638.711578756571 65.87937831878662 6281.44287070632 210.4351255521178 736.5438097715378 3149.143384635448 1722.058372654021 1180.018633030355 5211.605459496379 4844.824525296688 65.60214480012655 23.57745220512152 1.838179506361485 0 0 0.4386700838804245 0 1.055785939097404 0 0 3.30815976113081 0.8564947545528412 0.5960082039237022 2.143758475780487 1.243740230798721 0.6674603745341301 38.43472794443369 2.652994126081467 1073.517019793391 0.2669451534748077 1.65958147495985 12.86407144367695 486.8969314843416 162.3452774882317 133.3394252806902 27.64360047876835 0.9116146564483643 1.699129596352577 0.2270781695842743 1.139841616153717 1.055058166384697 0.2102710381150246 100.6383783221245 3.259387597441673 0.2515280172228813 0.2645762115716934 1.947108864784241 5.054079934954643 4.721485182642937 2.142097979784012 0.8882663995027542 2.81971126049757 23.15676601976156 48.85313580185175 15.10005883872509 40.18740776926279 1.945879258215427 181.5172249600291 3.968214422464371 24.59438017010689 3.712900564074516 1.497510276734829 1.521802268922329 0.6187471300363541 1.203314587473869 1.220012813806534 399.2636261805892 2.449613034725189 0.1245868280529976 38.88047235459089 44.51720955967903 102.4584395736456 35.58299168199301 3.970089264214039 7.868361555039883 563.5061397776008 2.232408337295055 89.99490486085415 16.68457415699959 0 1.893122032284737 3.586026191711426 0.382515087723732 0.2509252056479454 0.4802163913846016 0.105928897857666 0.6058885157108307 0.7383845299482346 2.822867006063461 1.079422116279602 1.180631756782532 1623.409820735455 10.56068021804094 0 39.26952432841063 96.82156877964735 8.447684615850449 4.617238447070122 65.29657618701458 30.39103221148252 8.500448755919933 154.8241100385785 14.01338287442923 245.7141674906015 66.7303212210536 70.60457641631365 39.67814207077026 336.8836120739579 277.8772198781371 308.2244909480214 187.968951575458 0 0 0 1.111574769020081 0.1466184556484222 0 0 0 0 0 0 0 0 0 0 0.3672606348991394 0 0.163098931312561 0 4.946991160511971 11.09424615651369 0.1628274470567703 0.2033149003982544 0.2056337147951126 60.61665171384811 8.591808803379536 39.6789705902338 12.76757069677114 2.101263746619225 0.5654353275895119 0.1042102947831154 0 0.1430761069059372 1.46216769516468 2.288284420967102 0 0.2919834554195404 0.5640524998307228 0.1730926930904388 0.3861205279827118 0 2.772497542202473 0 0.1232424005866051 0.455821581184864 0.1419667452573776 4.887225784361362 7.488097660243511 0.6038692444562912 1.760394513607025 3.333216659724712 96.28946343809366 0.7819449976086617 0.1043208912014961 0.4238440543413162 0.1568599939346313 0 0.1080393418669701 0 0 0.5957512110471725 240.7481918931007 2.227220952510834 0 0 0 121.8931209072471 13.06305338442326 90.33349414914846 1.66484484821558 3.548002019524574 1.045389324426651 0.395064577460289 0 0 0 0.09389500319957733 0.156821683049202 0.2522100433707237 0 0.1505870074033737 0 154.3791744783521 41.20702074468136 67.06810706853867 921.7413690909743 21.16656716167927 362.4537203460932 136.783111281693 347.7188835516572 51.13977593183517 2.535730205476284 26.20784984529018 100.1225396320224 0.4973509907722473 7.989555552601814 0.6946217194199562 281.9170286133885 0.8609451726078987 0 0 26.77486516535282 1.042852938175201 767.4165891930461 111.1438311636448
35.80649966746569 1098.196926482022 611.6430015712976 56.01985803246498 3502.534253895283 7.015763767063618 1303.370223328471 480.0070933103561 1284.505594588816 301.1583780050278 2969.508923843503 529.6013979315758 4844.824525296688 1337.735176689923 40.33727127313614 13.95319827646017 0.4188619703054428 0 0 0 1.172913908958435 3.725281655788422 0.4958191961050034 0.2931825816631317 0.1586865037679672 0.3167633190751076 1.085953325033188 0.3972008377313614 0.5668295100331306 0.1944604367017746 53.02123782038689 3.901957124471664 797.136267773807 0.2031654268503189 1.585626259446144 1.315739512443542 435.3589369654655 36.30117842555046 31.82629879564047 3.206534639000893 1.469190329313278 1.023122146725655 0.6448842287063599 0.09867488592863083 0.1107840463519096 0.1691766828298569 60.70226074755192 2.092250727117062 0.4415575638413429 0.394614115357399 1.666424006223679 2.691405385732651 1.678185135126114 4.193930238485336 0.5368896648287773 1.54973341524601 8.270622111856937 28.13458046317101 6.013305775821209 25.02001649141312 1.56807704269886 101.9945138096809 0.8355993181467056 14.0255129635334 2.12016786634922 0.792207844555378 0.9587547928094864 0.7173429876565933 0.3642936274409294 0.9537309855222702 216.2899027243257 2.416018098592758 0.242176741361618 25.89278278499842 34.83160830289125 64.18270903080702 23.47644154727459 2.143862582743168 14.47698862105608 971.8941327556968 1.276442646980286 268.5307234674692 9.018116235733032 0.1014119312167168 1.663853086531162 2.512217067182064 0.4838709756731987 0 0.3444561958312988 0.3363763689994812 0.6938913241028786 0.459344744682312 3.529343992471695 0.6115701496601105 0.806106835603714 173.4502949863672 2.753912925720215 0 6.469204105436802 14.05646442621946 2.37808982282877 3.509248025715351 11.72024289518595 5.234567143023014 1.125066459178925 23.20532935857773 2.922141939401627 46.4471620246768 13.90810806304216 19.45247627049685 7.776651851832867 66.04806188493967 57.30690537393093 69.46595887094736 49.29605980217457 0 1.190919637680054 0 0 0 0 0 0 0 0 0 0 0 0 0 0.1527346223592758 0 0 0 0.5388291329145432 2.734031930565834 0 0 0 15.86279209703207 3.984131805598736 9.10984756052494 2.573999799787998 2.158843398094177 0.2076491340994835 0 0 0 0.1741444915533066 1.62834757566452 0 0.3488632068037987 0.1257256269454956 0 0.2948902249336243 0 1.095362432301044 0.328205019235611 0.1776186674833298 0 0 0.6734692454338074 1.025696955621243 0.4817560911178589 0 1.271940439939499 25.27180284261703 0 0 0 0 0 0 0 0.1152632609009743 0.4957023710012436 59.14564584195614 0.394623875617981 0 0.3549249917268753 0.09492916613817215 25.45743076503277 7.760783992707729 17.8251489251852 0.423783004283905 1.274735555052757 0.3800539597868919 0 0 0 0 0 0 0 0 0.1211740151047707 0.1734503954648972 41.7460827678442 10.51363833993673 19.42549192905426 443.6432995721698 8.812762200832367 221.194017611444 79.86551205068827 96.86899337917566 34.50251544266939 2.139450803399086 17.35348706692457 31.4692320600152 0.125738263130188 1.810358911752701 0.6752634793519974 52.51087060570717 0 0.1589490622282028 0.3637506663799286 18.49612732231617 0.2982657849788666 128.140078522265 20.55205111205578
0.2132845595479012 22.15942520648241 25.7843582034111 0 17.76981830596924 0 4.789822407066822 75.34417341649532 12.01893790066242 2.220858946442604 34.4920812100172 20.30643608421087 65.60214480012655 40.33727127313614 732.1808898448944 1123.521592319012 368.0259594097733 18.47940281033516 32.0948551222682 3.160061806440353 0.3666007369756699 3.952920749783516 2.199581637978554 2.47257674485445 8.579779922962189 0.1269429177045822 1.755142360925674 0.2734051048755646 1.114356093108654 0.657550074160099 15.9311735779047 27.67984449118376 64.27720665186644 6.65268437564373 3.806276351213455 4.462029621005058 17.87432692199945 5.211593650281429 10.52300796657801 6.608062982559204 0.2832070142030716 1.524480804800987 2.224584266543388 243.4232005700469 54.83782114088535 66.3761854544282 576.6541516557336 26.56792266666889 36.55339155346155 12.08316971361637 3.933759823441505 7.138186156749725 1.520301252603531 2.243324354290962 2.207640007138252 3.655217126011848 94.77319214493036 9.16883497685194 296.3363804966211 865.241859741509 76.23087385296822 92.73075187206268 9.267691634595394 10.94130536913872 6.881189242005348 4.402173988521099 2.778688624501228 4.859250336885452 2.856879442930222 0.1467393487691879 23.63697695732117 0 0 658.8650523796678 23.46328047662973 1967.537679828703 629.0413028970361 478.9040683284402 52.38650846481323 136.9588208049536 85.23857057839632 226.1753763779998 48.34729576855898 0 6.201905235648155 8.374123863875866 11.90459036827087 0 1.874610386788845 0.3246939182281494 2.772282481193542 1.732680268585682 2.673876501619816 2.991503551602364 2.824696511030197 16.64051931351423 0.691428504884243 0 9.199693582952023 0 0 0 0 0 0 0 0 0 0 0 0 0.116157703101635 0.101538360118866 0.08896728605031967 0.241987518966198 0 0 0 0 0 0 0 0 0 0 0 0 0.1625902205705643 0 0 0 0.8988695442676544 0.3599110692739487 0 0 0 0 0.3404138684272766 0 0.4035930633544922 0.5265677124261856 0.9445902928709984 0.3819192126393318 0.4721837565302849 0 0 0.1964126527309418 0 0 0.2688569948077202 0 0 0 0 0 0 0.4159495159983635 0 0.2902754843235016 0 0 0 0 0 0.1195202022790909 0.1106130853295326 0.5974524319171906 0 0 0 0 0 0 0 0.112630121409893 0 0.8164121806621552 0 0 0 0.4698244780302048 0 0.2214202582836151 0.325795978307724 0 0 0 0 0 0 0 0 0 0.2042383179068565 0 0 0 0.1232215017080307 0.4161275327205658 0.5927958860993385 79.28132745623589 27.8041627407074 486.8671699091792 109.0533281713724 12.23556078970432 13.99758986383677 0.9847365170717239 2.227519400417805 0.1140228137373924 0 0 0 0 0 0 0 24.77263900637627 1.039733052253723 178.3382772877812 0.2096842154860497
