630.1719382852316 2795.03277297318 1127.545313864946 1845.818259559572 219.5542282387614 175.0955426171422 847.6378577724099 95.36580768972635 100.0390857756138 1018.335029266775 152.6990821734071 5.245071917772293 105.6951358020306 25.09010937064886 0.4294279888272285 0.4755416586995125 0.2859804183244705 0 0 0.08664305508136749 0 0 0 0 0 0 0 0 0 0 986.9609182775021 9.735565461218357 3.314208716154099 0 0 0 2.429149478673935 2.845891654491425 0 0 0 0 0.07874186336994171 0.6214776039123535 0.1207642704248428 0.5135655626654625 2.540389381349087 0.4413124546408653 0 0.3686520382761955 0 0 0.1886201500892639 0 2.864041037857533 3.357433132827282 140.2586135566235 1191.847324535251 42.07857344299555 4.000521324574947 0 1.736368894577026 0 99.57415073364973 1.562849022448063 1.070909738540649 0.2001218497753143 0.1457001119852066 0.3039309233427048 0 5.834371447563171 3.872610986232758 0.2439308986067772 53.34050477296114 20.90889766067266 9.666422218084335 1.920622639358044 0.1040800139307976 0.8253096267580986 0.9356694221496582 0.4139796942472458 0.5925414264202118 4.424374997615814 0 1.374744214117527 1.107758022844791 0.151526927947998 0.1049947366118431 0.4584376513957977 0.4260793924331665 0 0 0 0 0.09063199907541275 200.6514782905579 45.52616049349308 0.3998075723648071 0.99462029337883 1296.700039029121 2.196526348590851 29.34511009603739 26.42855483293533 11.6659714654088 0.1154304668307304 12.38214733451605 5.934984385967255 9.127645038068295 7.620785728096962 27.47520118206739 0.9150334596633911 22.54140295088291 9.369160607457161 18.34624108672142 8.445410072803497 0 0.4638818204402924 0 0 0 0 0 0 0 0 0 0 0 0 0 0 0.2823086678981781 0 0 10.54975835978985 0 0 0 0 6.260869652032852 0 0.8714949861168861 0.5282746851444244 1.102528482675552 0 0 0 0 0 0 0 0.230095162987709 0 0 0 0 0 0 0 0 0 0.3637319654226303 1.995448723435402 10.14985316991806 0 0 0 0.1210137605667114 0 0 0.09822873771190643 0 0 0.1386886090040207 0 0 1.501212485134602 0.371437132358551 0 0 0 0 0 0 0.5200921446084976 0.1089344769716263 0 0 0 0 0 0 0 0.1018866300582886 0 0 0 4.809559404850006 0.3854604363441467 1.573778957128525 569.6246938034892 3.762836255133152 45.07714787870646 6.390243791043758 796.1336474344134 7.523226670920849 3.386842258274555 4.793916150927544 26.85141956806183 0 0.8673558831214905 0 105.7286874502897 0 0 0 0 0 361.3929059058428 79.39335341006517
2795.03277297318 2164.544526286423 2661.064139805734 1743.200347684324 2411.855844013393 204.7477231472731 3253.375367380679 69.98292038589716 714.7261699140072 1123.384747620672 324.0408974289894 51.58509221673012 423.7278576418757 109.7006300613284 11.52502124011517 3.893572278320789 0.7141706719994545 0.1200033649802208 0.08952075988054276 0.08409146964550018 0 0 0 0 0 0 0 0 0 0 1349.153619669378 28.83812018483877 2.447209991514683 0.08596789836883545 0 0 1.368826746940613 0.5319104641675949 0.1827881783246994 0 0 0 0 1.016993880271912 0.2217599749565125 0.4226343855261803 24.92545842379332 3.941152088344097 0.5603620857000351 0.4267402067780495 0.1715060397982597 0 0 0.2820936143398285 7.043180212378502 13.41505605727434 44.59658072888851 923.7000993192196 78.10794961452484 17.37613297998905 0.8691175058484077 0.2884509861469269 0.3417772352695465 198.1815504953265 8.996863879263401 5.340385653078556 0.8254790976643562 0.0884447917342186 0.3462363183498383 0.1180667653679848 9.597856320440769 0.7814721465110779 0.07710791379213333 137.5726850032806 63.7491887062788 89.20955733954906 28.00181658565998 13.23354489356279 2.940001770853996 4.360320381820202 0.5109361410140991 2.454119980335236 22.98370776325464 0.5586264804005623 5.43957844376564 5.934022486209869 1.662714466452599 0.2036934494972229 0.5347334519028664 0 0.108524926006794 0.1297225058078766 0.3381802067160606 0 0 21.25655004382133 0.4820261150598526 0.1159680783748627 0.6820240318775177 1121.7040053159 2.724047981202602 15.7982968762517 20.41280626505613 4.859577685594559 1.566583946347237 13.27826147526503 4.515663996338844 10.57291775941849 8.798533089458942 42.78013690561056 2.165171734988689 39.18455361574888 17.06977102905512 21.69984343647957 8.507433287799358 0.3959172368049622 0.1989258378744125 0 0 0 0 0 0 0 0 0 0 0 0 0 0 0 0 0 6.266113765537739 1.107206434011459 0 0 0 4.408540725708008 0.4101879373192787 1.987867906689644 0.954391710460186 0.8428541570901871 0 0 0 0 0 0 0 0.4485800117254257 0 0 0 0 0.2512640655040741 0 0.1593933552503586 0.1162173226475716 0.2482293918728828 0.4713583737611771 1.081319555640221 5.520213641226292 0 0 0 0.1569712907075882 0 0.07886461168527603 0.3834279775619507 0.1161305159330368 0 0 0 0 7.853904329240322 0 0 0 0.1690550521016121 0.5013475641608238 0 0 0.9060475677251816 1.215397283434868 0.5792343616485596 0.422381579875946 0.2465509474277496 0 0.3046463802456856 0 0 0.6366219744086266 0 0 0 8.326664164662361 3.227151528000832 3.67837730795145 497.3504028916359 21.92186523228884 196.0514058023691 24.25265668332577 483.5686675533652 13.00797644257545 3.123733408749104 27.25126810371876 13.37130969017744 0.100929893553257 1.330903977155685 0.5146397203207016 51.37041362375021 0.5385599881410599 0 0 3.402559891343117 0.09743913263082504 166.4778308644891 54.33703237771988
1127.545313864946 2661.064139805734 1172.36737664789 66.78074782341719 971.6174828782678 36.66545814275742 80.18021792173386 876.8659816607833 760.7464092448354 114.2883909642696 717.8817526474595 4.902936235070229 85.14826623350382 513.0367349386215 33.05544118583202 19.22404687851667 0.8857733607292175 0.6276687011122704 0 0.3937930911779404 3.735088095068932 0.1064407750964165 0.08912874758243561 0.09923105686903 0.1288363039493561 0.4136174619197845 0 0.2154955118894577 0.3257512524724007 0 4385.984618000686 1018.429197050631 33.08688062429428 0.298506073653698 0 0.1725449711084366 12.59947519749403 1.590166099369526 0 0 0.7126581072807312 0.4472288861870766 0.7848988100886345 1.890854820609093 0.3587445691227913 2.247347094118595 45.2856817394495 3.744547761976719 1.391241453588009 3.836575210094452 2.418603092432022 0.1029465198516846 0 0.6894091591238976 6.874708406627178 14.34292580187321 33.98975954949856 1547.191251970828 89.63855566829443 21.72810121625662 1.138575613498688 2.696606889367104 1.159750878810883 779.3743170797825 9.404850259423256 6.965706326067448 1.408262453973293 0.6597360074520111 8.466184332966805 1.868915736675262 42.13616792112589 0.931972324848175 0.139876127243042 160.4444256871939 86.65686541795731 112.711932040751 68.66326267272234 33.02481310814619 83.70244993269444 76.83668506145477 3.277701273560524 62.39254736155272 24.03533012419939 0.09263451397418976 6.265995241701603 4.738167397677898 1.833389900624752 0.3070562481880188 0.8317715674638748 0.4041329547762871 0.106415219604969 0 6.016839440912008 0.4015008583664894 0.1391308307647705 45.64348141849041 0.2851909697055817 0 0 861.2047768086195 2.906750157475471 14.31658566743135 12.40630374103785 5.488972321152687 3.828494615852833 10.86167008429766 3.703662812709808 17.27180494368076 8.079077191650867 39.87503015249968 6.230070374906063 59.02392293512821 17.25845088809729 27.66831864416599 15.80816242843866 1.512762628495693 0.6407688856124878 0 0 0 0 0 0 0 0 0.1842190027236938 0 0 0 0 0 0 0.1575817167758942 0 7.463103085756302 5.453647390007973 0 0 0.3408845961093903 9.236125148832798 0.3649631142616272 6.059742480516434 3.150782078504562 1.646090723574162 0 0.1952190697193146 0 0 0 0.1159909293055534 0 0.3286368548870087 0.8361989632248878 0 0 0.08282288908958435 0 0.4215550720691681 0.5642633438110352 0 0.4006327837705612 0 1.368300005793571 4.151001363992691 0.1366687715053558 0 0.2979980111122131 3.046619951725006 0.2509688138961792 0.4037473425269127 0.2068028226494789 0.2860282585024834 0 0.2478378191590309 0 0 10.42491818219423 1.002104684710503 0 0 0 1.276383772492409 0 0 1.495434179902077 1.472604021430016 2.554345726966858 0.1130483523011208 0.135558545589447 0.1004532724618912 0.2326181009411812 0 0.1154944822192192 0.4054641574621201 0 0 0 11.21105521172285 4.855901353061199 10.39929745346308 629.4510401859879 24.82726462185383 242.3621011674404 39.36299666017294 282.3952311724424 12.19162780046463 2.504342272877693 34.77181796729565 16.93805719166994 1.518411435186863 5.151175014674664 1.986801043152809 49.00423335283995 1.558139443397522 0 0 3.65571915358305 0.118489608168602 98.27115465700626 39.20474693924189
1845.818259559572 1743.200347684324 66.78074782341719 383.3162864297628 229.5943304821849 378.1217402219772 1108.878083199263 4.213592521846294 167.2595222443342 1048.264260180295 14.82336025685072 33.81125055253506 692.9197627902031 123.8886235803366 0.213460810482502 0.1452492475509644 0 0 0 0 0 0 0 0 0 0 0 0 0 0 123.7046865820885 1.041814580559731 5.740618228912354 0 0 0 0 0 0 0 0 0 0 0 0 0 1.645766332745552 0.1106619760394096 0 0.08054058998823166 0 0 0 0 0.9839081391692162 1.731835290789604 18.29553763568401 203.6625456064939 11.81202728301287 1.445154927670956 0 0 0 36.41168351471424 0.534010536968708 0.4820995479822159 0 0 0 0 0.5114645808935165 0 0.133933812379837 19.04940512776375 8.650815322995186 5.135649904608727 1.588373564183712 0.1066855490207672 0 0 0 0.1944994702935219 3.123706109821796 0.206180214881897 0.3172064051032066 0.2843536734580994 0.1018331274390221 0.1192190647125244 0 0 0 0 0 0 0 9.372214406728745 0.4255023896694183 0 0 340.9160172045231 0.5435547232627869 7.578881040215492 6.353224337100983 2.263136625289917 0 2.710590526461601 2.475479081273079 5.735735028982162 2.508012764155865 14.36385922133923 1.806357711553574 6.760393440723419 3.153188608586788 3.459745056927204 1.514961704611778 0.3132432401180267 0 0 0 0 0 0 0 0 0 0 0 0 0 0 0 0 0 0 3.238400712609291 0.3669427931308746 0 0 0 0.1131665334105492 0 0.3010477423667908 0 0 0 0 0 0 0 0 0 0 0 0 0 0 0 0 0 0 0 0.1476707011461258 0.672905296087265 2.090847067534924 0 0 0.1138618215918541 0 0 0 0 0 0 0 0 0 0.5063803642988205 0 0 0 0 0 0 0 0.111618347465992 0.100836955010891 0 0.1515508741140366 0 0 0 0 0 0.1207566857337952 0 0 0 2.777200773358345 0 0 78.07935874164104 1.51017702370882 19.86505802720785 2.149324469268322 252.8171734139323 1.846688821911812 0.3562204986810684 2.712130650877953 3.792990043759346 0 0.3270079791545868 0 26.66344338655472 0 0 0 0.08993873745203018 0.1652374863624573 160.1286452338099 32.49411724507809
219.5542282387614 2411.855844013393 971.6174828782678 229.5943304821849 2114.409440428019 26.34521163254976 1337.021126046777 86.71484989672899 2816.71850900352 937.2240849286318 704.7470631822944 41.7540619969368 465.3187473043799 482.9096362218261 11.86872904747725 6.953589543700218 1.217746570706367 0 0.1975095048546791 0 0 0 0 0 0 0 0 0 0 0 97.51278790831566 19.08133846521378 2.854256510734558 0.1179622784256935 0 0 4.598050467669964 0 0.1380603462457657 0.2180013507604599 0.1030686050653458 0.09082798659801483 0 0.5943432599306107 0.2928267195820808 0.1646056771278381 20.69154179096222 1.911125741899014 0.2834538668394089 0.08316279202699661 0 0 0 0 3.765844225883484 5.804538570344448 11.01940254122019 238.4061014503241 26.75010305643082 8.945339195430279 0.09282336384057999 0.7650626599788666 0.08594634383916855 100.5848037526011 3.882644288241863 3.801972694694996 0.3315982222557068 0 0.1428530290722847 0 16.85529455542564 0.08386736363172531 0 55.07106003910303 27.97872622311115 44.67705894261599 21.75621746480465 12.17024378478527 1.049943760037422 5.272093236446381 0.4695918560028076 0.8494441360235214 7.455685794353485 0.1008870750665665 2.583178885281086 2.236519567668438 0.6483169868588448 0.2108769863843918 0.2612971588969231 0 0 0 0 0 0.09418866783380508 36.7611316293478 1.403156414628029 0 0 54.27266956865788 0.2077473700046539 9.032769411802292 10.60182201862335 5.239031456410885 1.78373384475708 17.32864839583635 5.04281560331583 15.9677267074585 10.70447942614555 39.44401942193508 5.544402562081814 58.93035557866096 23.66311115771532 30.78821725398302 16.62492092698812 0.262743204832077 0 0 0 0 0 0 0 0 0 0 0 0 0 0 0 0.7010664343833923 0 0 8.399819351732731 1.71970596909523 0 0 0 8.849565625190735 0.5338289737701416 6.402544528245926 1.02728995680809 0.480823889374733 0 0 0 0 0 0 0 0.2242824733257294 0.5449162498116493 0 0 0 0 0 0.3086053133010864 0.1514329463243484 0 0.8946206718683243 1.348149307072163 3.316827327013016 0.7383444011211395 1.304886102676392 1.202518820762634 4.159413769841194 0 0 0 0 0 0.2172643542289734 0 0 15.1397758051753 0 0 0.08924293518066406 0 0.8203471451997757 0 0 0.9823077619075775 0.8105290979146957 0.489341139793396 0 0.5859119817614555 0 0 0.1221735775470734 0 0 0 0 0 18.20683763176203 3.462089255452156 7.387526094913483 272.1139766126871 8.985375232994556 103.9641505479813 16.95233531296253 94.32936780154705 3.950821235775948 0.7044781669974327 19.17053781449795 11.48028808832169 0.513361394405365 3.37350669503212 1.877565950155258 40.87189944088459 0.3217753767967224 0.09562438726425171 0 1.42074353992939 0 89.22411102056503 35.15276154130697
175.0955426171422 204.7477231472731 36.66545814275742 378.1217402219772 26.34521163254976 2.854538217186928 169.6416464522481 1.101832576096058 27.92153365164995 568.5515813007951 8.704449713230133 23.30720737576485 95.80910807847977 30.56077464669943 0 0 0 0 0 0 0 0.3961579948663712 0 0 0 0 0 0 0 0 88.05713161826134 1.411430507898331 3.778801664710045 0 0 0 4.516845136880875 0.175260066986084 0.900384321808815 0 0 0 0 0 0 0 0 0 0 0 0.1919362992048264 8.273109912872314 0.4517077803611755 0.3929566293954849 0 0.1150544136762619 207.218413874507 64.2741728797555 5.687944561243057 0 0 1.504183292388916 0 0.5604710727930069 0.363808810710907 0.3452128022909164 0.5081771835684776 0.3478053510189056 0.2848380878567696 0 74.0765627771616 199.8249950036407 13.88608215749264 2.445321790874004 0.6506914049386978 0.997586689889431 0 0 0 1.902207568287849 0 0.1613706946372986 0.2127215340733528 0.6699772551655769 0.1412716656923294 1.175865553319454 0.1073111519217491 3.362958416342735 4.702777989208698 9.597899496555328 2.857536107301712 5.726082861423492 0 0 0.4436288252472878 451.8951735645533 212.0348038524389 24.93516707420349 12.58630600571632 363.7231045290828 0.5176949799060822 2.260784685611725 3.355310052633286 0.2962542176246643 0.3625330626964569 0.9115578904747963 0.9845036864280701 0.2970454394817352 1.9173514097929 5.504503920674324 0 3.684684008359909 1.478017963469028 1.231147855520248 0.1743680238723755 0 0 0 0 0 0 0 0 0 0 0 0 0 0 0 0 0 0 0 0.1689498722553253 0 0 0 0 1.292449235916138 0 1.9998619556427 0.9008231610059738 0.108468122780323 0 0 0 0.1070731654763222 0 0 0 0 0.2776258960366249 0 0 0 0.5665499418973923 0 0 0 0.09616322070360184 0 0.3549789637327194 1.173104465007782 0.2423654124140739 0 0 0 0 0 0.1674391180276871 0.1328220218420029 0 0.09802158176898956 0.1225239560008049 0 2.070315204560757 0.1298445463180542 0.1854296326637268 0 0 0 0 0 0 0.1521262228488922 0.1035067811608315 0.1416886895895004 0 0 0 0 0 0.113867498934269 0 0.1169900745153427 0 0.4320116192102432 2.187003791332245 3.410915933549404 7.268671236932278 0.9367416054010391 1.655475378036499 0.4766384959220886 211.6978532373905 0.9055696502327919 0.1134391725063324 0 1.586313784122467 0 0.6198482662439346 0.3043719157576561 5.487539574503899 0 0 0 0 0 73.66786435991526 19.05999609082937
847.6378577724099 3253.375367380679 80.18021792173386 1108.878083199263 1337.021126046777 169.6416464522481 617.9110477417707 5.790745623409748 1745.018194489181 2422.31567581743 56.68680994957685 521.8655812889338 1572.600759446621 1187.104513972998 5.23932146281004 2.196857802569866 0.2062191516160965 0.2071497216820717 0 0 0.07950910925865173 0 0 0 0 0 0 0 0 0 49.48701267689466 6.954509027302265 4.291377104818821 0.0812997967004776 0 0 2.257218912243843 0 0 0 0 0 0 0.5160395354032516 0.2138260751962662 0.07920591533184052 9.658856958150864 0.8691920638084412 0 0.08837386220693588 0 0.1297689527273178 0 0 1.914420403540134 3.730490542948246 13.97929213941097 228.6735464930534 24.79351293295622 5.511438012123108 0.349778488278389 0.3229545727372169 0 57.10756544023752 3.360544137656689 1.81299502402544 0.07088422030210495 0.1007969975471497 0 0 5.933217003941536 0 0.1173177063465118 38.99445656687021 19.95190555602312 28.17829851061106 9.30257810652256 4.566094934940338 1.084987349808216 2.333857029676437 0.2511360123753548 2.343046799302101 6.465066730976105 0 1.658932290971279 1.274140954017639 0.305779792368412 0 0.1028737351298332 0 0.114955298602581 0 0.09056909382343292 0 0 26.44524941593409 0.9130994081497192 0 0.4333638250827789 105.1214669346809 1.798784799873829 15.45953014492989 20.28442975878716 10.9226982742548 0.5438763946294785 16.62312974780798 8.132266230881214 13.55991258472204 17.28691852837801 42.95787601172924 3.13599768280983 49.84019364416599 21.62220463901758 29.93790811300278 9.799229092895985 0.09668279439210892 0 0 0 0 0 0 0 0 0 0 0 0 0 0 0 0 0 0 4.251517005264759 0.786333754658699 0 0 0 6.216351173818111 0 2.970555953681469 0.7693712711334229 0.2437627017498016 0 0 0 0 0 0.08235309273004532 0 0 0 0 0 0.3229155242443085 0.2240120097994804 0 0 0.4205328226089478 0 0 0.5591738000512123 4.111658729612827 0 0 0.5399597436189651 0.1137025281786919 0 0.1997281536459923 0 0.1085000261664391 0 0 0 0 8.072662405669689 0 0 0 0 0.5663502812385559 0 0 1.202506512403488 0.3931572884321213 0.08956610411405563 0 0.3247562199831009 0 0.1997193247079849 0 0 0 0.1600361168384552 0 0 12.04060155898333 3.369133897125721 3.967440366744995 171.9487272724509 7.459681548178196 67.64269461482763 7.702377684414387 166.363669000566 5.409633487462997 0.5807502865791321 9.431782826781273 11.07101948559284 0 0.3977489173412323 0.824843555688858 30.94655790925026 1.195799082517624 0 0 1.010691344738007 0.1217195466160774 144.4735623449087 47.09268652647734
95.36580768972635 69.98292038589716 876.8659816607833 4.213592521846294 86.71484989672899 1.101832576096058 5.790745623409748 1504.786968901753 405.6091092042625 19.45954442024231 1107.754637375474 5.662295058369637 126.4198267534375 1482.741549648345 121.1586885601282 89.87918994575739 5.350881919264793 8.681115455925465 1.849274650216103 9.434288933873177 29.96972615271807 2.453508853912354 2.193591058254242 1.077463284134865 0.1238799169659615 6.12536209821701 0.2643813192844391 4.50562397390604 0.203507587313652 0 1274.021049983799 1767.797405593097 90.93831967562437 5.143121927976608 0.7757715880870819 2.46470046043396 48.53857012838125 5.606061957776546 2.83016449213028 0.9014076888561249 10.17723278701305 2.707226164638996 8.628479659557343 18.73929445445538 6.210384845733643 20.37767667323351 79.04068548977375 5.330349385738373 6.061312057077885 28.15701423212886 19.86116062104702 2.704676516354084 0.1366349309682846 11.13845165073872 6.476163752377033 9.69672417640686 24.6293575540185 723.5019708797336 56.90399438142776 29.41741990298033 11.59972012042999 10.14499449729919 6.12356836348772 772.3371735438704 8.431672915816307 7.654227308928967 0.9821136891841888 11.26462253183126 64.76068697869778 27.07198774814606 79.32434206455946 6.760122008621693 0 128.5846077129245 79.80704706162214 157.299087934196 152.4788782298565 216.9061849564314 1849.766981117427 736.2697588428855 76.68880174309015 1017.069788683206 21.30434484779835 0.1806324794888496 6.719014421105385 3.407434396445751 11.48079373687506 0.3361095041036606 0.7308082059025764 0.2328902035951614 0.4962933510541916 1.219343639910221 70.59606702625751 5.908309899270535 1.632750540971756 51.32274378091097 1.15670919418335 0.3235539942979813 3.446014240384102 159.786831356585 2.464531973004341 6.391294904053211 4.534813471138477 2.227509282529354 1.601775281131268 10.98873388767242 3.748457595705986 12.88795083016157 4.725555464625359 27.17063105851412 7.839682050049305 45.43785154819489 16.44556231051683 26.34279265254736 20.59256841987371 0.6027764081954956 0 0 0 0 0 0 0 0 0 0.7687429934740067 0 0.2384788990020752 0 0.1449239403009415 0.1072614267468452 0.2606118023395538 0.1385665237903595 0 5.80927561968565 3.83415449410677 0 0.3888974189758301 0.7951891422271729 18.6183885037899 1.134183682501316 12.68583922833204 11.35062712430954 1.653643414378166 0.1275051236152649 1.089791543781757 0.4719887003302574 0 0.1103601157665253 1.157944560050964 0.2827964499592781 0.285321332514286 1.392072886228561 0 0.6883293241262436 0.6598232984542847 0.7120450809597969 1.771002747118473 0.4419079571962357 0.5282342806458473 0.1251826584339142 0 2.156633570790291 1.754009515047073 0.5962257757782936 0.1469628214836121 0.5163588300347328 3.966614179313183 0.3707966208457947 0.09213189035654068 0.1875957772135735 0.2444155663251877 0 0.1269606798887253 0 0.6664092466235161 19.62749717384577 1.465209290385246 0 0.3237471431493759 0.8487540930509567 1.788793601095676 0.4401983320713043 0.09080876410007477 1.81094729155302 2.772847957909107 2.404200062155724 0.5934648588299751 1.469270400702953 0.200369119644165 0.1166084781289101 0 0 0.2787028327584267 0.1661205887794495 0.8576583042740822 0 12.06357567757368 9.520469300448895 24.10331792384386 1007.975570164621 43.07053950428963 307.2550210952759 72.89274403452873 108.8350646272302 10.44518818706274 2.134815938770771 46.1215159073472 16.64839514344931 0.5230260938405991 6.783879645168781 2.92030193656683 20.18028278648853 0.6531071960926056 0 0.2958814799785614 7.667477525770664 0.140002116560936 40.61985026299953 13.68198305368423
100.0390857756138 714.7261699140072 760.7464092448354 167.2595222443342 2816.71850900352 27.92153365164995 1745.018194489181 405.6091092042625 603.8497106507421 1440.346318721771 2211.098930642009 197.9523561447859 1092.8256027475 855.4137439653277 33.40896352380514 22.69609266519547 0.5060865879058838 0.08280745893716812 0.4206250384449959 0 0 0 0 0 0 0.3474559932947159 0 0 0 0 53.4047766700387 34.18719453364611 26.52789112925529 0.1184795945882797 0 0 12.59673231840134 0.7344065457582474 1.096170455217361 0.1088610216975212 0.3604628145694733 0 0 2.705657854676247 0.09407151490449905 1.060964666306973 27.22494177520275 0.9755080938339233 0.2842072248458862 0.8971807807683945 0.3779962286353111 0 0 0 1.95393194258213 4.935857385396957 9.677010834217072 178.2884078174829 21.43565044552088 10.85650970041752 0.1733296066522598 3.199027329683304 0 106.8704332858324 3.927114069461823 3.581026434898376 0.5081952586770058 0.5158417597413063 0.390101358294487 0.4646111354231834 63.39082580059767 0.6658316403627396 0 48.77951713651419 30.04813253134489 58.64401201158762 35.1217093616724 25.10812826454639 4.503805533051491 179.288685888052 0.7590858787298203 31.16106793284416 8.337309531867504 0.09888103604316711 3.060842841863632 1.636563047766685 0.5997607335448265 0.1131047308444977 0.1926373839378357 0.08311298489570618 0.1108860671520233 0.1964082717895508 0.2152332812547684 0 0.1117915511131287 138.3849090114236 0.4588721320033073 0 0.6189703643321991 35.91199290752411 7.569410420954227 30.95518596470356 38.55281472951174 9.394825421273708 5.046620614826679 61.49045618623495 18.94629098474979 54.24587060511112 35.95221114903688 170.5337301790714 14.28192464262247 216.3842228278518 103.8960852846503 124.8807482048869 53.03096137940884 1.500903911888599 0.1087598130106926 0.09266363829374313 0 0 0 0 0 0 0 0 0 0.2761426866054535 0 0 0 0 0 0 17.00582577288151 13.45003478229046 0 0 0 30.66586916893721 0.09439317882061005 14.64530885964632 7.402543805539608 1.622364334762096 0 0 0 0.6091666221618652 0 0.4367938190698624 0 0 1.878372244536877 0 0 0.1229370757937431 0.3625919297337532 0.1051798239350319 0.1490624397993088 0 0.08770656585693359 3.328596785664558 3.367835037410259 13.86977759748697 0 0.1976191401481628 2.217019453644753 2.468655973672867 0.4475428462028503 0.1056393682956696 0 0.2357454150915146 0 0 0 0 51.2761460468173 0.1826125830411911 0.1372815072536469 0.09176766127347946 0.4129488542675972 4.445895083248615 0 0.2785630077123642 4.28375268727541 4.607050582766533 2.933359295129776 0.5960673987865448 1.098928190767765 0 0 0 0 0 0.135636106133461 0 0 59.04639241099358 15.76984129101038 24.96783552318811 508.1089860573411 9.819881491363049 116.2691229879856 25.8640996068716 98.79855389147997 6.473994962871075 0.6416402906179428 22.66699995845556 25.05057740211487 0.1015603914856911 9.1847770139575 1.694128088653088 77.46749103814363 2.990215696394444 0 0.1095070913434029 3.211548402905464 0.1020065024495125 211.4110574647784 98.09551957994699
1018.335029266775 1123.384747620672 114.2883909642696 1048.264260180295 937.2240849286318 568.5515813007951 2422.31567581743 19.45954442024231 1440.346318721771 907.7066473215818 109.46167935431 818.6787972599268 8980.144698023796 995.3456820473075 2.483877710998058 1.610941812396049 0.3096148073673248 0.09249337017536163 0.09701269865036011 0 0 0 0 0.09715914726257324 0 0 0 0.3734765648841858 0 0 65.8583425283432 3.162388287484646 67.93380780518055 0 0 0 25.34223635494709 0.4476242661476135 0 0 0 0 0 0 0 0.08347888290882111 3.034209683537483 0.4988128468394279 0 0 0.1090127527713776 0.1483680158853531 0 0 0.5407717898488045 1.693086452782154 57.37782303243876 143.8942878693342 10.70263653248549 2.556022323668003 0 1.821787446737289 0 28.97323827445507 1.485158823430538 0.7303192317485809 0 0.1958441063761711 0 0 115.8621695637703 4.734233766794205 0.5181052535772324 19.73603441566229 9.669456414878368 10.4858847334981 2.638885214924812 2.092797987163067 0.09952834248542786 1.75551275908947 0 0.5883610248565674 2.489400953054428 0 0.7235394418239594 0.5290753766894341 0.09165745973587036 0.1071330532431602 0.2412627562880516 0.1950111389160156 0.1839858293533325 0.2122638672590256 0 0 0 230.6840463727713 27.18644243478775 0.6635110080242157 1.532561734318733 579.0939775779843 6.086061216890812 64.52568433433771 75.39077663421631 24.51348584890366 5.908791929483414 59.85977600514889 41.09655798971653 46.24312752485275 47.78963067382574 209.1811189576983 5.638284079730511 183.7141603305936 90.96019202470779 107.0526351854205 24.68066652864218 0.8473071530461311 0.100665420293808 0 0.9021078273653984 0 0 0 0 0 0 0 0 0 0 0 0.111027680337429 0 0 0 16.40873741358519 5.148201167583466 0 0 0 11.70581720769405 0.1065388470888138 4.269741289317608 0.8918444067239761 0.4791743457317352 0 0 0 0 0 0 0 0.138837069272995 0.5350534170866013 0 0 0.1084066182374954 0 0 0.08828306943178177 0.3374423682689667 0 0.3337577432394028 2.079501397907734 22.17741372436285 0 0 1.096916496753693 0.9942012056708336 0 0 0.08695561438798904 0 0 0 0 0 20.77040662616491 0 0.1161442250013351 0 0 1.81660545617342 0 0 1.251383669674397 1.137146167457104 1.031165964901447 0.515942171216011 0.3741655349731445 0.114513672888279 0 0.1067942231893539 0 0.2670878320932388 0 0 0 58.14834785461426 4.320685535669327 9.65053391456604 184.7456553056836 3.295262806117535 27.80145008116961 3.920942269265652 623.7392871305346 2.280090428888798 0.155088484287262 4.437009654939175 25.84568466246128 0 1.375328615307808 0.6779421493411064 147.7063628062606 0.5570524036884308 0 0.8291851282119751 0.2648602426052094 0 1228.854175448418 283.4303655922413
152.6990821734071 324.0408974289894 717.8817526474595 14.82336025685072 704.7470631822944 8.704449713230133 56.68680994957685 1107.754637375474 2211.098930642009 109.46167935431 428.8876553624868 47.57325703650713 835.5028145983815 3376.541715964675 156.1836084350944 151.5632743239403 8.05721303075552 1.80111138522625 0.4951827228069305 0.7463163658976555 4.901612110435963 1.80411870777607 0 0.3347022384405136 0.480237290263176 4.552720576524734 0.868070125579834 1.498337440192699 0.2797705829143524 0 691.9159327670932 312.5051884204149 341.8476297408342 1.001364387571812 0.1435342282056808 2.548511803150177 174.5352144986391 10.43428122997284 6.898901931941509 1.25678089261055 1.923649378120899 1.717386022210121 1.587805278599262 13.21018148958683 1.441976428031921 4.419808126986027 83.76233085244894 2.784198291599751 1.527465976774693 6.126642264425755 8.572365887463093 1.06084081530571 0.8328581675887108 1.721220046281815 3.726755008101463 7.427152164280415 12.34076222777367 237.3741796985269 29.36035664379597 27.2597648948431 1.755447700619698 20.4816952496767 0.396808072924614 247.0300136208534 6.465565986931324 4.583205692470074 0.63346878439188 2.323594905436039 10.23251038044691 5.437742695212364 267.1111661195755 5.813259519636631 0.07289320230484009 70.19702857732773 41.57607458531857 153.7061740607023 99.32257832586765 105.8479880169034 331.207046367228 647.1870088428259 2.707178026437759 282.3547134771943 14.47917958348989 0.1735625863075256 3.594359420239925 4.030582949519157 2.7774937748909 0.1872260496020317 0.09128087759017944 0.2702013701200485 0.4347908198833466 0.5673902407288551 17.96305222064257 3.705702163279057 1.302343927323818 173.7685614004731 4.13658645004034 0 6.220906585454941 68.88423769921064 7.681335180997849 25.98604352027178 22.92117358744144 9.126600354909897 11.12435665726662 41.22268311679363 9.206022851169109 36.98069824278355 23.14887319505215 102.1702337637544 13.07045807689428 191.113633275032 72.56755701452494 101.2647523209453 53.76742900162935 2.230474337935448 1.144090719521046 0.1054049506783485 0.1756113618612289 0 0 0 0 0.1419224143028259 0 0.5272446572780609 0 0.7941080182790756 0 0 0.2112172767519951 0.3545220941305161 0 0 11.35570531338453 13.6311424151063 0.1040364429354668 0.4548896998167038 0 56.46019370108843 2.286822594702244 22.95374166220427 16.91867326945066 1.191956587135792 0.3434366881847382 0.3168840706348419 0.1980831399559975 0.5810129791498184 0 1.90653283894062 0 1.793386191129684 3.736969359219074 0 1.750607065856457 0.2228866815567017 1.738326579332352 0.4519319534301758 1.142074108123779 0.8539761304855347 0.1890838518738747 2.626023285090923 4.796444587409496 7.686166018247604 1.221517384052277 0.5445725172758102 3.634733453392982 4.506165556609631 0.5967088043689728 0.3794796317815781 0 0 0 0.2374617829918861 0.2938953340053558 0.3969164043664932 63.92322386056185 1.153111219406128 0.1554898470640182 0 0.8225515857338905 6.859740883111954 0.4514278173446655 0.09326386451721191 9.365543648600578 7.282619908452034 5.930511347949505 2.153798513114452 0.782232478260994 0 0 0 0 0.5178332924842834 0.1128428503870964 0.1055286005139351 0 44.80641396343708 27.30779152363539 55.68626838922501 1305.298557274044 34.58261661231518 248.2451354861259 71.59150309860706 100.3523281514645 7.618679404258728 3.642411202192307 45.97250521928072 36.18718501925468 0.3797084391117096 17.15362554043531 5.537957340478897 63.99164418876171 4.642934039235115 0 0.4863185882568359 12.53406823426485 1.243881545960903 125.0418297350407 63.3952005431056
5.245071917772293 51.58509221673012 4.902936235070229 33.81125055253506 41.7540619969368 23.30720737576485 521.8655812889338 5.662295058369637 197.9523561447859 818.6787972599268 47.57325703650713 82.89222458004951 2785.009008094668 238.6423010006547 2.295875735580921 1.924332067370415 0.3881656378507614 0 0 0 0 0.1344226747751236 0.1239238530397415 0 0 0 0 0 0 0 0.9189068078994751 0.3592514172196388 19.60999421775341 0 0 0 19.62907208502293 1.874937042593956 4.159135289490223 0 0 0 0 0.1479246765375137 0 0 1.181726552546024 0 0 0 0 0 0.1658580750226974 0 0 0 1.896979928016663 4.840828225016594 0.3384698480367661 0.1161231622099876 0.1308750659227371 0.216307669878006 0.1581306308507919 0.6045822948217392 0 0.1205720156431198 0 0.1356203258037567 0 0 59.29881197959185 0.9741622805595398 0 1.279247619211674 0.5085105895996094 2.864926770329475 0.5075526535511017 2.737240441143513 0 4.671590313315392 0 0.2925156578421593 0 0 0 0 0 0 0 0 0 0.1343491971492767 0 0 0 248.4388223439455 0 0 0.5733066871762276 23.5196340829134 5.19807181507349 6.857930898666382 8.539362363517284 3.244070164859295 1.957536816596985 18.01029121130705 5.87234441190958 16.65383499115705 14.5725444406271 50.29347056150436 6.197038024663925 82.23014237731695 42.58745190501213 50.21395036578178 22.4403844922781 0.298129491508007 0 0.207736074924469 0 0 0 0 0 0 0 0 0 0 0 0 0 0 0 0 5.09013182669878 4.205146797001362 0 0 0.1211058720946312 13.21922224014997 0.1024457365274429 5.431907661259174 2.183104947209358 0.534625343978405 0 0 0 0.216352105140686 0 0 0 0.5137980505824089 0 0 0 0.204659566283226 0 0.2084169015288353 0 0 0 0.6013621389865875 0.7940623387694359 1.370229110121727 0.2070978581905365 0 1.07596193253994 0.2808484435081482 0.09242544323205948 0 0 0 0 0 0 0 21.98614721000195 0 0.110102467238903 0.1048985049128532 0.09219157695770264 1.224505461752415 0.1974996030330658 0 0.5657450035214424 2.581503383815289 0.9186703860759735 0.4301449805498123 0.2127579003572464 0 0 0 0 0 0 0 0 23.77371218800545 6.467041559517384 9.346686512231827 39.37992866337299 0.3305923640727997 5.770101085305214 2.335354663431644 32.78017254173756 0 0 1.093282178044319 6.175311088562012 0 1.408830367028713 1.327737040817738 18.97471459954977 1.073634967207909 0 0.2732525914907455 0.3026858866214752 0 192.2577984333038 42.61376513540745
105.6951358020306 423.7278576418757 85.14826623350382 692.9197627902031 465.3187473043799 95.80910807847977 1572.600759446621 126.4198267534375 1092.8256027475 8980.144698023796 835.5028145983815 2785.009008094668 2051.4803019315 2033.177558116615 30.51616325974464 33.09790698438883 1.597248993813992 0.1244628578424454 0 0 0.2784569263458252 0.2662402093410492 0 0.1722822785377502 0.2869765013456345 0.1380854845046997 0 0 0.5667667835950851 0 11.84931495785713 8.401822075247765 838.3626000732183 0 0 0.5328365787863731 298.5692909359932 32.22282703220844 34.59305310249329 4.553021669387817 0 0.2311265543103218 0.2230692058801651 1.922537252306938 0 0.214007131755352 13.333226762712 0.4631771370768547 0.3889901041984558 0.8199940472841263 0.6534667387604713 0.3117408156394958 2.576452538371086 0.5667893663048744 0.5403627678751945 0.4024020880460739 4.692452184855938 43.49853404611349 3.874516203999519 5.645054511725903 0.6161019057035446 56.7814067825675 1.219149589538574 16.57184028625488 0.8769742548465729 0.7805634811520576 0 0.2048872411251068 1.080042101442814 0.4977068603038788 249.5416663214564 9.591877736151218 0.1294957995414734 11.37704698741436 6.104281224310398 26.0329329892993 14.21443299949169 16.13617270439863 8.181747160851955 119.4079561457038 0.172552153468132 9.786564394831657 2.88053997606039 0 0.5964536964893341 0.4929994270205498 0.3485133424401283 0 0 0 0.1615056842565536 0.8757748603820801 1.870280243456364 1.196037083864212 0.8067753612995148 1367.040527038276 2.759908482432365 0.1755249947309494 9.10685358941555 55.94649893045425 10.178113296628 31.32594383507967 38.52177313715219 13.40055879950523 10.46091455221176 78.1364683508873 22.34461349248886 64.55238511413336 47.48845242708921 201.9546151384711 24.40336874127388 325.0630276873708 134.6922704204917 183.5237159505486 89.64887122809887 2.268297165632248 0.2655877098441124 0 0 0 0.1080345511436462 0 0 0 0 0 0 1.593797236680984 0 0.103671669960022 0.3999962359666824 0.4459011256694794 0.1412097364664078 0.1131623759865761 22.61021187156439 19.48772950470448 0 0.1282660514116287 1.232150018215179 57.88636744767427 0.5892120525240898 30.2209882363677 11.31491201370955 2.936872452497482 0.2353305220603943 0.2102379947900772 0.09108398854732513 0.4287964925169945 0.2165233194828033 0.6877182200551033 0 1.211541749536991 5.262828931212425 0.3352232873439789 0 0 0.966810517013073 0.1090856194496155 0.693079337477684 1.048692747950554 0.08983106911182404 2.93200659006834 6.833041958510876 8.459699869155884 1.720990084111691 0.2642336934804916 6.440490119159222 4.285356849431992 0.1699228286743164 0.3405248373746872 0.1265415698289871 0 0 0.1236571073532104 0 0 88.10894256830215 1.995288357138634 0 0.4303725808858871 0 7.751124694943428 0.2802413552999496 0.3061313182115555 5.034844242036343 6.100803144276142 7.963397055864334 3.987434245646 0.7376852482557297 0 0 0.09505162388086319 0.09595838934183121 0 0.3317030593752861 0 0.3399499729275703 88.23006687313318 30.29838011413813 58.91499886661768 404.9040388613939 5.82622205466032 56.95081455260515 20.52987176179886 94.39630800485611 1.177640922367573 1.023014187812805 12.23630382120609 32.31298454850912 0.4973362609744072 18.61225006729364 7.072319641709328 65.80424929410219 4.600150130689144 0 0.5557137578725815 2.33172882348299 0.2719077318906784 542.4516490772367 174.8576080948114
25.09010937064886 109.7006300613284 513.0367349386215 123.8886235803366 482.9096362218261 30.56077464669943 1187.104513972998 1482.741549648345 855.4137439653277 995.3456820473075 3376.541715964675 238.6423010006547 2033.177558116615 1090.791108481586 103.7783012837172 120.5393912941217 7.541222713887691 1.241719737648964 0.334474690258503 0.3457419648766518 4.178252436220646 1.583515897393227 0.1781067252159119 0.7245157957077026 0.3931580409407616 3.628417856991291 0.1022020801901817 0.4302891716361046 0.4913816675543785 0 33.26927488297224 83.55383065342903 881.6549749597907 0.4254000037908554 0 4.014207914471626 733.1816620901227 51.45469570159912 40.00281845778227 6.517095915973186 4.282315984368324 2.153192028403282 0.8597570657730103 8.50703926384449 1.032384417951107 1.350634798407555 40.56653049588203 2.461822777986526 1.829646065831184 4.057279728353024 7.102056488394737 2.763775378465652 3.76608944684267 2.852418839931488 1.274462096393108 2.243435561656952 4.370969183743 62.55925007164478 8.361979797482491 14.41558290272951 0.9879827797412872 126.3987639024854 0.9369616806507111 62.00800786167383 2.151997745037079 1.961421892046928 0.1543195694684982 1.611406497657299 6.435699932277203 3.5199274122715 618.6324859932065 14.89509253203869 0.3428971022367477 21.31919754296541 16.51441308110952 68.88236717879772 48.06944680213928 56.59058935940266 109.0004725307226 824.7377653643489 2.522300109267235 147.1560608744621 5.263302490115166 0 1.22242296487093 1.549625918269157 1.34158780425787 0.09938012808561325 0.2682203501462936 0.2738900035619736 0.7772458642721176 1.340388998389244 20.07578147947788 4.948562048375607 2.257129736244678 571.7424657717347 4.62090615183115 0.7611072361469269 21.35881751775742 32.77054773271084 8.958264276385307 28.14761585742235 37.5182846263051 13.88038618862629 8.40964537113905 80.71903907507658 23.61128059774637 86.5488533899188 44.63337939232588 207.307831004262 28.91834084689617 334.505707912147 147.8625118359923 200.5374384745955 106.5988092422485 3.803033970296383 0.5435079783201218 0.1102200597524643 0.2444725036621094 0 0 0.7240579724311829 0.2770160287618637 0.2055604755878448 0 1.409996889531612 0.1454329341650009 1.50984887778759 0.178711399435997 0.6443886831402779 0.744590051472187 0.6258887127041817 0.1100317388772964 0.4997565448284149 30.25638940185308 19.58878796547651 0 1.665595769882202 1.146170005202293 82.34858248382807 2.571199670433998 44.82815849035978 27.04215284436941 4.848328202962875 0.2247721403837204 0.8424879163503647 0.5642075911164284 0.3587444126605988 0.2265096753835678 2.169950611889362 0 2.856017962098122 6.230210818350315 0 0.1138228178024292 0.109324112534523 2.508618623018265 1.798051320016384 0.7126456573605537 0.5136924758553505 0 7.113010138273239 9.389940142631531 10.51811694353819 2.278782553970814 0.950243853032589 4.81131561845541 10.15111134946346 0 0.3107902556657791 0.3468969464302063 0.1082914173603058 0.2109333798289299 0 0.242826521396637 0.3360454514622688 117.1239242702723 2.254356183111668 0.2576112672686577 0 1.188523322343826 13.26607526838779 0.2332848906517029 0.4260239750146866 9.752397693693638 12.25484515726566 9.588955014944077 5.489964254200459 2.992189526557922 0 0 0.09675187617540359 0 0.2011980265378952 0.3841729015111923 0.4493406489491463 0 91.93763925135136 40.99546771496534 90.79204440116882 960.620923884213 19.22749519348145 144.5595004558563 56.09715654700994 85.87404704093933 4.24778588116169 1.068303242325783 28.7475697696209 50.41812115907669 1.185632035136223 22.64955739676952 7.8068443313241 93.51608469337225 10.69185758382082 0.3595839142799377 2.974503889679909 6.677755229175091 0.8249315097928047 363.91414167732 119.9840906336904
