149.1530969291925 1838.068844303489 1235.095009587705 950.435119792819 40.32325506955385 93.10637477040291 208.4413536787033 54.43560454249382 14.35332996398211 609.1526370644569 52.73076809197664 824.0845441743731 344.3065226227045 32.97847808152437 0.7988638430833817 0.4264336302876472 0.08900744467973709 0 0.09831605106592178 0 0 0.1049572825431824 0 0.2287347912788391 0.3901932090520859 0 0 0 0.0999576598405838 0 543.5782371014357 722.0722511038184 12.26531034708023 0.07437220960855484 0.1219119876623154 0.6327625215053558 5.235998548567295 1.465295039117336 0.8168803751468658 0.1886155009269714 0.237972691655159 0.1148659512400627 0.142076700925827 0 0 0.1059401482343674 27.14482770115137 4.417317181825638 0.3049091920256615 0.08902360498905182 0.4186689779162407 0 0.2681635916233063 0 9.139328435063362 8.714316599071026 160.989777520299 757.3534522727132 48.34200629591942 27.54075425118208 1.15655080229044 2.017540343105793 0 202.5858135074377 7.474958300590515 1.370659366250038 0.6457021310925484 0 0.8306833952665329 0.105894960463047 16.64082491397858 0.7146096527576447 0 243.2407442927361 27.13518951833248 18.99689546972513 1.828688435256481 0.07860594242811203 17.54385878145695 6.0513551607728 0.6107844784855843 8.654626257717609 15.69254728406668 0 3.467403441667557 3.306911796331406 0.3699474111199379 0.108908124268055 0.4808244407176971 0 0 0 0.1495631784200668 0.3089547604322433 0 12.78727147728205 2.868908673524857 0 0.6918309181928635 807.7000128254294 0 0 0.2510921955108643 0 1.961875319480896 0.9859825223684311 0 0 0 3.032077446579933 0 0.881746232509613 1.687382966279984 1.807801499962807 0.5869036316871643 0 0 0 0 0 0 0 0 0 0 0 0 0 0 0 0 0 0 0 0 0 0 0 0 0.3650580048561096 0.1555982083082199 0 0.106280043721199 0 0 0 0 0 0 0 0 0 0 0 0 0 0 0 0 0 0 0 0 0 0 0 0.3264396190643311 0 0 0 0 0 0 0 0 0 2.914340436458588 0 0 0.1450703144073486 0 0 0.3566076308488846 0 0 0 0 0 0 0 0.1340679079294205 0 0 0.2260783538222313 0 0 0 2.535194590687752 1.086317032575607 0.9581017792224884 82.4776314496994 2.578656181693077 79.5591112151742 14.7215808108449 519.504830531776 10.6237802579999 0.3670663982629776 0.6953983381390572 11.71009317040443 0 0 0.1158135607838631 0.1561502069234848 0 0 0 0 0 267.630935177207 11.84963390976191
1838.068844303489 1930.922456942499 1668.723386913538 3376.145208649337 1209.863495834172 93.90155603736639 2326.174345508218 698.3171377331018 571.2846619784832 1200.826072387397 877.7691786661744 763.4817871376872 1110.086482584476 663.6470180153847 12.84198627620935 2.818375214934349 0.4216209426522255 0 0 0.09857635200023651 0.5289143472909927 0.5274541079998016 0 0.7789232805371284 3.560015358030796 0.4195579439401627 0.3246767073869705 0.4453483521938324 0.5415832698345184 0 874.6863850802183 495.6144356355071 73.48132156580687 0.09861699491739273 1.384925194084644 3.011126644909382 26.47166917473078 3.782182492315769 6.78312461823225 1.251073457300663 0.4721330851316452 0.4624521285295486 0 0.9106118083000183 0.1842696517705917 0.7481274902820587 117.9806297570467 10.61094932258129 0.1870883926749229 0.2286536693572998 1.314367279410362 1.225155286490917 2.58040389418602 0.4030967801809311 20.53957296907902 22.57487561553717 122.958912268281 525.3217867091298 80.70357708632946 86.50669230520725 4.608435153961182 11.88669731467962 0.5334234982728958 232.4795729666948 23.98483783006668 4.004408985376358 2.777820937335491 1.04512233287096 2.099436491727829 0.8155075684189796 128.8329795747995 0.6895187497138977 0.261045828461647 375.9622993394732 117.4455873221159 110.4936536699533 51.5613042190671 5.622878447175026 33.34352767467499 42.27070935815573 11.60765554755926 46.40915617346764 36.67566990852356 0.2773391753435135 12.01787020266056 10.16986601799726 1.045875653624535 0.7951324507594109 0.9783196970820427 0.1052371487021446 0.1032191887497902 0.3291595727205276 1.609908491373062 1.396211639046669 0.5790136754512787 62.58009904623032 13.2700929492712 0.2597596347332001 20.64935586601496 617.6147225424647 0 1.15110182762146 1.120007738471031 0 1.578181877732277 3.152398802340031 0.9344234466552734 0.5139836221933365 6.477483034133911 21.74585727602243 0.5152412950992584 7.367016449570656 11.93283904343843 3.908572554588318 2.48051655292511 0 0 0.1045278608798981 0 0 0 0 0 0 0 0 0 0.2518864944577217 0.1245554983615875 0 0 0 0 0 0.4089280366897583 3.374758422374725 0 0.5339406430721283 0 3.019828975200653 1.065455764532089 4.13203501701355 0.9321809411048889 2.077052243053913 0.1149151846766472 0 0 0 0 0 0 0 0 0 0 0.4290876090526581 0.1756698489189148 0 0 0 0.09746135771274567 0 0.3529196977615356 0 0 0 4.421324335038662 0.5669176578521729 0 0 0 0 0 0 0 0 15.07096053659916 0.09915672987699509 0.253155954182148 0 0 1.593877226114273 2.069218575954437 2.496359325945377 0.7492745518684387 0 0 0 0 0 0.09833237528800964 0 0 0 0 0 0 39.70423153042793 8.587555803358555 4.214207224547863 325.8094442933798 14.50958124548197 404.4002138227224 84.56995760649443 616.4846525415778 37.79916235804558 1.901722341775894 11.10580715537071 12.19208098202944 0.1685245633125305 0.5496569722890854 0.1049371510744095 4.596147648990154 0.3603969514369965 0.6134798973798752 0 0.5381664037704468 0.3933523595333099 308.4556927531958 41.68677592277527
1235.095009587705 1668.723386913538 659.67169944942 864.3685359582305 330.1813891977072 41.87690271437168 290.2227841466665 2075.667467840016 486.2468074113131 177.3080619499087 1802.294418878853 204.020098105073 423.9870563521981 655.2703514620662 8.346986345946789 3.895555727183819 0.1266645491123199 0.3047363013029099 0 0.2276045978069305 1.006776124238968 0.422872968018055 0.119195394217968 1.626501008868217 9.077533029019833 0.465570367872715 1.226139791309834 1.484699815511703 1.037739366292953 1.832934595644474 1362.111866407096 683.7706217542291 136.3700938671827 0.2591321021318436 7.523053362965584 8.806367486715317 44.09128631651402 10.91385431587696 11.1601577475667 3.879616938531399 1.209999062120914 1.253988943994045 0.4487648978829384 2.26743508130312 0 3.405273213982582 59.56165149062872 5.294137179851532 0.3028850927948952 0.7745965495705605 6.881724864244461 1.858422219753265 3.67319793254137 0.6103549376130104 7.89287618547678 8.504025690257549 44.8082971572876 259.0300848409534 31.61949163675308 32.46623357385397 10.91183271259069 31.07802198082209 1.967709690332413 140.5932170003653 9.330371871590614 2.438580311834812 2.206391952931881 0.7136553302407265 4.87862691283226 0.4884904772043228 121.1818590536714 0.9307183027267456 0.2109696641564369 140.1342507451773 52.04926411807537 57.46448446065187 33.75614615529776 12.91084583848715 306.5789514929056 194.2034045085311 23.56734942644835 139.9007622972131 14.24174185842276 0.2817234545946121 4.99167362600565 3.632052645087242 0.1838174313306808 0.7332304865121841 0.7215063720941544 0.1066501438617706 0.3245206847786903 0.8476677536964417 5.758697025477886 5.816841095685959 1.094869427382946 31.65520460903645 3.841610215604305 0.7254771292209625 14.8245527073741 517.3759540691972 0.5890246629714966 0 0 0 0.7024924159049988 0.1233304962515831 0 0.2154505848884583 0.4460550248622894 6.503516457974911 1.142328932881355 2.800609268248081 2.50002746284008 1.762808680534363 0.3768784701824188 0 0 0 0 0 0 0 0 0 0.1391391754150391 0.3562895953655243 0 0 0 0 0 0 0 0 0.444123849272728 0.1303741931915283 0.09585119038820267 0 0 1.884565070271492 0 1.753178335726261 1.173782877624035 0.8359547033905983 0 0 0.09125237911939621 0.231114849448204 0 0 0 0 0 0 0 0.2383603230118752 0.1904721632599831 0 0 0 0 0 0 0 0.09186412394046783 0.223406970500946 1.517018392682076 0 0 0.09159780293703079 0 0 0 0 0 0 5.965390987694263 0.1155978515744209 0 0.352611169219017 0.234115868806839 1.95670410245657 0.9959043711423874 1.779203951358795 0.1607993692159653 0 0 0 0 0 0 0 0 0.08940731734037399 0 0 0 16.57021409273148 3.919822461903095 3.385055884718895 126.3003983572125 5.331138588488102 170.2671550214291 29.51621422171593 279.9661864638329 12.02034527808428 0.9983930364251137 4.17276618629694 7.359721437096596 0.166839137673378 0.3369688987731934 0 3.305039465427399 0.1049739792943001 0 0.2754668593406677 0.1005858033895493 0 107.2568041607738 8.226220235228539
950.435119792819 3376.145208649337 864.3685359582305 151.5698798000813 403.764496833086 757.2699657976627 727.5086126849055 77.73721508681774 13.72272519767284 651.4629408866167 110.6945888921618 935.8542526587844 633.2118458598852 20.85212255269289 0.3191298395395279 0.3210928738117218 0 0 0 0 0 0 0 0 0 0 0 0 0 0 34.66715999692678 15.30051269382238 3.097471192479134 0 0 0 1.029576659202576 0.3925139904022217 0.2799948528409004 0 0 0 0 0 0 0.1244924366474152 11.18870598077774 0.9629054516553879 0 0 0.1156044080853462 0 0 0 1.833404004573822 1.628952972590923 9.975695461034775 43.0003556907177 7.894338622689247 9.39204253256321 0.2842859774827957 0.9247730821371078 0 36.64981969445944 1.612752541899681 0 0.2846143469214439 0.2886678352952003 0.1039798930287361 0.1500854641199112 15.89233745634556 0 0 34.65997456014156 7.411028765141964 8.511454179883003 5.259768731892109 0 2.993384346365929 0.2831965535879135 0.2803093194961548 1.252050049602985 3.000493407249451 0.2377681955695152 1.22181399166584 1.200570479035378 0 0.1343637406826019 0.1129176542162895 0 0 0 0.1269339323043823 0 0 9.820581763982773 8.355680420994759 0 1.707301124930382 401.0789499953389 0 0 0 2.077242136001587 0 0.1376940608024597 0 0 0.6926030814647675 6.737866297364235 0 3.053148820996284 9.665235668420792 1.135022908449173 0.3791080117225647 0 0 0 0 0 0 0 0 0 0 0 0 0 0 0 0 0 0 0 0.9987043589353561 0 0 0 0 0.2863479107618332 0 0.4329289793968201 0 0 0.2862650156021118 0 0 0 0 0 0 0 0 0 0 0 0 0 0 0 0 0 0 0 0 0 1.552687734365463 0 0 0 0 0 0 0 0 0 2.760839283466339 0 0 0 0 0.7122202068567276 0.5348926782608032 0.3733520209789276 0 0 0 0 0 0 0 0 0 0 0 0 0 12.51297026872635 2.504946142435074 1.55760894715786 67.96789871156216 1.203725509345531 41.93294865638018 6.670188583433628 444.1274087801576 6.043236441910267 0 1.211272269487381 10.97785778343678 0 0.6859168410301208 0 9.480439707636833 0 0 0 0 0 105.3248823285103 16.84726819396019
40.32325506955385 1209.863495834172 330.1813891977072 403.764496833086 1418.65745651722 3.380338326096535 832.5598423406482 596.127755202353 1183.416249424219 249.5206660479307 648.8489767760038 187.6845870986581 600.4712058007717 743.3864887952805 9.322341434657574 1.415534988045692 0.226169154047966 0 0 0 0.1850706934928894 0.1565978676080704 0 0.2559002190828323 1.019694067537785 0 0.1121774166822433 0 0.1412103772163391 0 27.40575602650642 65.36598268896341 5.083205051720142 0 0.1139722168445587 0.1033394709229469 4.406889252364635 0.5170695707201958 0.3650848343968391 0.3505886718630791 0 0.1003098115324974 0.2522595822811127 0.4587752670049667 0 0.1038019806146622 40.73758278042078 1.410057239234447 0.132648378610611 0 1.1579884365201 0 0 0.1104103848338127 3.977839559316635 3.847388688474894 5.331021621823311 8.92130434513092 9.141816079616547 14.60904230177402 5.465296797454357 5.522713832557201 0 29.32860069721937 3.113016374409199 0.4491659924387932 0.4541259258985519 0.2136485502123833 0.9664853140711784 0.5105215832591057 38.61881645768881 0 0 26.64662488549948 17.79594348371029 34.63355794548988 35.71379712969065 1.799333058297634 20.56585903465748 5.424615986645222 9.278441794216633 27.80501805990934 4.341674603521824 0 2.17167180031538 1.546626649796963 0.1394408866763115 0 0 0 0 0 0.970521904528141 0.2256481498479843 0 27.17281250655651 5.663830369710922 0 10.80882598459721 6.456269271671772 0 0 0.547970712184906 0 0.8979021012783051 1.815662205219269 0.4289645254611969 0 0.2394157499074936 10.23566302657127 0.2125166207551956 2.260350957512856 5.606969125568867 2.254706382751465 0.8025139719247818 0 0 0 0 0 0 0 0 0 0 0 0 0 0 0 0 0 0 0 0.7150584831833839 2.167653799057007 0 0.2261556684970856 0 2.850170120596886 1.86738994717598 1.006655395030975 0.542810432612896 0.6616293638944626 0 0 0 0 0 0 0 0 0.3295920640230179 0 0 0 0.5835611075162888 0.3181045055389404 0 0 0 0.3197158873081207 0 0 0.08646810799837112 0.2878081202507019 2.913850180804729 0.3507081866264343 0.1099316999316216 0 0 0 0 0 0 0 11.19578098505735 0 0 0 0 1.674264565110207 0.1322349905967712 3.302893325686455 0 0.1285366415977478 0 0 0 0 0 0 0 0 0 0 0 20.50102409720421 3.342984057962894 5.214761652052402 160.0848671421409 3.503854893147945 143.6186157464981 37.24239119887352 65.35038421303034 13.33366033434868 0 5.124467268586159 10.27416913211346 0 0.09469354897737503 0.1896077543497086 3.171750843524933 0 0 0.1903114914894104 0 0.1221854761242867 51.37258437275887 14.78754638880491
93.10637477040291 93.90155603736639 41.87690271437168 757.2699657976627 3.380338326096535 4.272358655929565 33.10172992944717 5.494265586137772 2.306480720639229 841.2381042093039 6.508685857057571 349.7856500074267 94.49052952975035 10.63461399078369 0 1.210994705557823 0 0.1384345591068268 0 0 0 1.140835732221603 0 0 1.047508426010609 0 0 0.1378819942474365 0 0 60.54927844554186 9.801745973527431 8.041944295167923 0.8361846581101418 0.2478849142789841 0.7378368228673935 6.471451237797737 0.8560270071029663 6.402296870946884 0.7754266187548637 0 0 0 6.280167073011398 0 3.353337585926056 1.309051379561424 0.1519480645656586 0 0.1158890426158905 0.2326531484723091 0.7655089497566223 1.020120963454247 0 0.2641712427139282 0.5740484371781349 71.32152178138494 93.38652519881725 3.380422241985798 0.8219158500432968 3.16357534378767 14.01401203125715 1.80155248939991 13.83589379489422 0.141415148973465 0 0 0.1447906643152237 0 0 73.51980050653219 27.662732437253 5.208872340619564 5.345981791615486 0.9544664025306702 0.9600474536418915 1.696713790297508 1.147671326994896 4.549655020236969 2.990305170416832 1.558617971837521 4.304708629846573 0.4240031540393829 1.928955897688866 0.0937439352273941 0.6902981847524643 0 6.213353373110294 0 4.045401319861412 0 0 0 0 0.1418735086917877 260.3605909347534 171.803098410368 6.60758763551712 55.37879183888435 361.1806199252605 0 0 0 0 0 0 2.370176374912262 0 0 0.1697222143411636 0 0 0 0 0 0 0 0 0 0 0 0 0 0.117822490632534 0 0 0 0.09000802785158157 0 0 0 0 0.4543290287256241 0 0 0 0.3927042484283447 0.1138461083173752 0 0 0 0 0.1079778894782066 0 0 0 0 0 0 0 0 0 0 0 0 0 0.934618666768074 0 0 0 0 0 0 0 0 0 0 0 0 0 0 0 0 0 0 0 0 0.9129409939050674 0.2760581374168396 0 0 0 0 0 0 0 0 0 0 0 0 0 0 0 0 0 0 1.99312724173069 0.2913901954889297 0.395388700067997 8.25725182890892 0 4.564879149198532 0.2203559875488281 227.1614825129509 0.2642076909542084 0 0.9687473773956299 0.3422970846295357 0 0 0.1733264625072479 0 0 0 0 0 0 93.99614883214235 3.151757016777992
208.4413536787033 2326.174345508218 290.2227841466665 727.5086126849055 832.5598423406482 33.10172992944717 267.2434008792043 264.8996046558022 725.5638295859098 1618.910629957914 368.0659265071154 979.0648516044021 1818.066258452833 914.278085924685 17.3580738902092 3.838678933680058 0.5010077655315399 0 0 0 0 0.2165476232767105 0 0 1.128287769854069 0.1277559101581573 0 0.1183962151408195 0 0 36.56695096194744 70.13996374607086 16.73641654103994 0 0.7191192284226418 1.083206176757812 7.637570187449455 1.858792513608932 2.719245299696922 1.18449080735445 0.2543342411518097 0 0 1.065909244120121 0 1.526253215968609 53.42173770815134 1.657135739922523 0.2977941408753395 0.1581737548112869 0.9923000037670135 0 1.80261442065239 0 4.39467117190361 3.938864454627037 8.444693878293037 21.92975000292063 12.18053168058395 20.28630000352859 7.427624568343163 9.513219684362411 0.124309279024601 51.12183894962072 5.154379598796368 0.7866721823811531 0.1259725838899612 0.341997392475605 1.477211035788059 0.6141338348388672 102.7583035081625 0 0 38.47803220152855 36.39730069041252 49.27054633200169 49.37425484508276 4.121995888650417 23.20767958462238 5.975257538259029 12.51714573800564 48.34331241995096 6.350175201892853 0.3019682615995407 1.916776172816753 1.905492074787617 0.2185747474431992 0 0.2268833965063095 0.2510717883706093 0.1197565123438835 0 3.273394495248795 0.5435694009065628 0 115.1806944161654 24.58137289434671 0 27.91579819470644 38.48726736754179 0 1.714671425521374 7.064151182770729 5.208163619041443 2.347626820206642 4.00737826526165 1.402294665575027 1.385594412684441 8.201504111289978 33.20937290042639 1.631878480315208 11.18415788561106 31.56048385053873 13.01981537044048 2.021455481648445 0 0 0 0 0 0 0 0.1838328540325165 0 0 0.2132820934057236 0 0.5249888598918915 0 1.385332018136978 0 0 0 0 2.058702111244202 2.604362964630127 0 0.693146288394928 0 5.390985742211342 1.329279854893684 2.706026710569859 1.332599721848965 2.173363290727139 0 0.1910650432109833 0 0 0 0.4596699476242065 0 0.09892025589942932 0.6867341920733452 0 0 0.1472465246915817 0.5802004113793373 0 0 0 0 0.416770227253437 0.1138894781470299 0 0 0.7811084389686584 9.825129874050617 0 0 0 0 0 0 0 0 0 31.92426560074091 0 0 0 0 8.909606650471687 0.9660511314868927 2.907760635018349 0.5900605171918869 0.9937683865427971 0.2598761990666389 0 0 0 0 0 0 0 0 0 0 67.87776530534029 11.37348845601082 12.16786362975836 264.1529029458761 5.628217861056328 204.5538406595588 50.16716147214174 168.9646577909589 19.96534321457148 0.119235672056675 8.173715107142925 24.72196678072214 0 2.261768542230129 0.1238446980714798 16.58348102867603 0 0 0 0.5486977025866508 2.324156448245049 135.5509142354131 62.07134518772364
54.43560454249382 698.3171377331018 2075.667467840016 77.73721508681774 596.127755202353 5.494265586137772 264.8996046558022 1085.749351270497 682.0042357444763 37.76004527509212 2605.009638555348 124.9742142632604 625.20340500772 1485.684543550014 35.54771687090397 15.85857012867928 0.1527406722307205 1.316985547542572 0 0.889959380030632 6.605352856218815 2.312863580882549 3.938565194606781 10.51536133885384 33.26828972995281 3.577051639556885 6.447050608694553 4.986542068421841 4.454400517046452 6.402180500328541 83.79227402061224 923.7929073348641 281.2720006257296 0.9180912226438522 29.31784158200026 25.00821527093649 65.21379964053631 28.74030123651028 24.17164596915245 10.75945184379816 7.308038532733917 3.766074702143669 3.136029824614525 19.77053642272949 0.1994893848896027 12.69324368238449 74.02804007381201 3.043370544910431 1.251733146607876 3.32196444272995 29.36335460096598 8.528686262667179 9.361766681075096 2.946548581123352 2.627239875495434 5.010667487978935 8.343679398298264 20.31537870317698 9.622074291110039 25.00297226756811 69.69855873286724 115.333234578371 5.034261964261532 54.43625216931105 4.915957741439342 2.265757121145725 6.04800882935524 4.230236239731312 23.14014286547899 11.31190139055252 132.762906499207 2.344760730862617 0.2893058136105537 37.70114074647427 34.10788036137819 93.9209334179759 122.9437668398023 111.6348575800657 807.1687493920326 909.9964854419231 343.525575466454 1136.725479349494 7.67716957628727 0.2326989993453026 1.909236505627632 2.776150599122047 1.201297335326672 0.5248317793011665 4.474098153412342 1.302343495190144 3.709768913686275 4.62916737049818 41.4963793605566 31.35729391127825 2.436057545244694 27.67998693138361 8.505453892052174 0.3602809235453606 20.7234979942441 37.07168765366077 0 0 0.1463784426450729 0 0.1198592185974121 0 0 0 0.3931819424033165 3.001932561397552 0.3814058899879456 0.7388431429862976 4.420341670513153 2.853344589471817 0.1268223971128464 0.1187970042228699 0 0 0 0 0 0 0.1558260023593903 0 0 1.019647218286991 0 0.2550593838095665 0 0.2649015486240387 0.3073499500751495 0 0.1858118772506714 0 0 0.4812522977590561 0 0.5532711744308472 0 0.9136648997664452 0.5947700440883636 1.504938364028931 1.537669017910957 1.02764818072319 0.2309515923261642 0.6540966928005219 0.1329672932624817 0 0 0.2626025751233101 0 0 0 0 0 0.8847694247961044 0.3283793553709984 0.3059814870357513 0 0 0 0 0 0 0 0 1.259185627102852 0 0 0.0943155512213707 0 0 0.1612221747636795 0 0 0 4.683981493115425 0.1627019941806793 0.2841966152191162 0.402874082326889 0.5938626676797867 1.15479202568531 0 3.741808846592903 0.3690260350704193 0.5678539797663689 0 0 0 0 0 0 0.1290827542543411 0 0.3712784126400948 0.4754456877708435 0 9.497072167694569 4.789283864200115 3.734580896794796 178.8431073874235 6.518420785665512 189.7950665056705 49.00637685507536 57.79858646541834 15.43642963469028 0.6027410328388214 7.417155854403973 7.530590958893299 0 0.4103294909000397 0.09669981151819229 1.781502723693848 0 0 0 0.7129560112953186 1.989398568868637 41.861184053123 11.61714325845242
14.35332996398211 571.2846619784832 486.2468074113131 13.72272519767284 1183.416249424219 2.306480720639229 725.5638295859098 682.0042357444763 189.9632537066936 76.91639943420887 821.588025175035 82.06036495417356 1004.634554468095 290.1261698454618 18.65969590097666 4.451364375650883 0.2092936858534813 0.1802356466650963 0 0 0 0 0 0.3636577725410461 0.2286066934466362 0.1176237389445305 0.6147957742214203 0 0 0.2233952134847641 21.87021368741989 21.5947672650218 16.01818648725748 0 0.5920927003026009 0.4307375177741051 10.63836148381233 0.257683239877224 0.754904568195343 0.1390064656734467 0.1170704513788223 0.4979520589113235 0.1704432368278503 0.4238790348172188 0 1.323286145925522 26.5523320287466 0.6840149611234665 0.1305500864982605 0 3.200859703123569 0.1913921982049942 0.222375214099884 0.3781908601522446 1.186717800796032 1.789004690945148 1.47294819355011 2.765286609530449 3.751500658690929 8.685505330562592 6.672207072377205 7.662111170589924 0.1211913004517555 10.28871228545904 1.267808847129345 0.146676778793335 0.322506457567215 0.4294969066977501 2.067749202251434 0.4667010009288788 50.65815724432468 0.3604228496551514 0 8.38415452092886 10.36847849190235 26.7365425825119 35.86960899829865 2.966694824397564 25.45766453444958 35.31800244003534 17.56168070435524 46.58987717330456 1.701296076178551 0 0.9415775164961815 0.7594286352396011 0.0852450355887413 0 0.4271262511610985 0 0.1257297992706299 0.2147169560194016 1.72002449631691 1.604194961488247 0.1156588718295097 32.37742049247026 5.043107502162457 0.1805148720741272 8.722679503262043 2.791455887258053 0 0 0.6845728382468224 0 0.8945727348327637 0.3465980887413025 0 0.451806902885437 0.7676224708557129 6.492530755698681 0.3757738023996353 2.122279055416584 10.39770212769508 1.822471275925636 0.892398864030838 0 0.5231704115867615 0 0 0 0 0 0.3009721338748932 0 0 0 0 0 0 0.2120797485113144 0.1115087866783142 0 0 0 0.5822073519229889 0.5692375004291534 0 0.1623687744140625 0 1.363259464502335 0.7069431692361832 1.863647229969501 1.332425139844418 0.765799269080162 0 0 0 0 0 0 0 0 0 0 0 0 0.1619120985269547 0.1227601394057274 0 0 0 0.939736008644104 0 0 0.6443535685539246 0 2.638098262250423 0 0 0.2115680128335953 0 0 0 0 0 0 11.14394482970238 0.1976368576288223 0 0 0.1299078911542892 4.412211827933788 1.482598483562469 2.151709735393524 0 0 0 0 0.3049940168857574 0 0 0 0.2498642355203629 0 0.09375263750553131 0 0 18.36972978711128 5.684130683541298 4.433316014707088 111.103439964354 3.766691818833351 86.5214993879199 27.83502288907766 26.3102375343442 9.770095065236092 0.1300853937864304 1.929707512259483 9.860626861453056 0 0.5394740775227547 0 1.861295208334923 0 0 0 0.3214071989059448 0 25.52015972137451 17.94285164028406
609.1526370644569 1200.826072387397 177.3080619499087 651.4629408866167 249.5206660479307 841.2381042093039 1618.910629957914 37.76004527509212 76.91639943420887 760.3293058276176 60.73093353956938 1473.536677256227 3328.179910048842 303.5541648715734 2.296260021626949 1.193658724427223 0.1360603868961334 0 0 0 0.1613419950008392 0.8241366147994995 0 0.2799452245235443 1.144773244857788 0.1390125751495361 0 0 0 0.279225081205368 43.19230204075575 20.31139984726906 31.14441695809364 0.245420478284359 0.4136425256729126 0.4282907396554947 21.40859301388264 1.114051125943661 2.76649934053421 0.9637844413518906 0 0 0 1.021410763263702 0 0.9838344901800156 9.060083068907261 0.6314535737037659 0 0.1087781935930252 0.3898656219244003 1.221527710556984 3.282011553645134 0 1.180636651813984 0.9004412740468979 25.70535638183355 60.39116244763136 4.925944782793522 5.160511299967766 1.809089466929436 10.25391048192978 0.1490374654531479 31.15992426127195 1.138143695890903 0.4003506451845169 0 0.08043622225522995 0.4523861035704613 0.123180165886879 174.3643501847982 7.126969069242477 1.419811777770519 27.15639669448137 9.922679863870144 5.738928139209747 5.260555908083916 1.189452573657036 8.23107086122036 9.095143504440784 1.82833556085825 18.75594467669725 1.600004255771637 0 0.8001116514205933 0.4221936538815498 0.08681143075227737 1.261257752776146 0 0.1061244904994965 0 0.1381124556064606 0.3343933820724487 0.4024706780910492 0 421.8995449990034 136.0235403180122 3.566122964024544 48.00836440175772 689.4933458119631 0.18520887196064 5.383375719189644 7.655756153166294 0.9220271110534668 8.867440089583397 21.96639996767044 2.282617196440697 1.97659657895565 14.45031453669071 121.6979692280293 0.5376358181238174 39.12653136998415 118.2557679861784 28.18938185274601 7.510456025600433 0.1863393485546112 0 0 0 0 0 0 0.1223979741334915 0 0 0 0 0.7618102133274078 0 0 0.159623920917511 0.462267130613327 0 0.3863915205001831 4.476769641041756 6.536163538694382 0.1115433946251869 0.1838558614253998 0.09337349981069565 9.325936868786812 0.9521206617355347 11.46107513457537 8.024517916142941 2.58146770298481 0.08317137509584427 0 0 0 0 0.1039160862565041 0 0.379133403301239 0.2676829993724823 0 0 0.4032606333494186 0 0 0 0 0 0.3997335135936737 0.7533368468284607 0 0.1163675040006638 4.708819329738617 14.00017999857664 0 0 0 0 0 0.1825143992900848 0.1017857044935226 0 0 92.05078630894423 0.2845237553119659 0 0 0.6762915849685669 11.71111361682415 3.266908727586269 10.56531177461147 2.715136095881462 0 0.1393027007579803 0 0 0 0 0 0.1607066690921783 0.1181591153144836 0 0 0 190.1998564824462 30.92036744952202 21.98912601172924 211.7603499665856 1.586411982774734 39.13169907778502 12.44781210273504 1232.999974444509 2.327102668583393 0 2.440167263150215 57.99210522323847 0 0.8688446655869484 0.5688857585191727 70.09922227263451 0.6196152716875076 0 0 5.323256015777588 0 1048.061951071024 296.6060635596514
52.73076809197664 877.7691786661744 1802.294418878853 110.6945888921618 648.8489767760038 6.508685857057571 368.0659265071154 2605.009638555348 821.588025175035 60.73093353956938 785.6384810879827 134.6861256286502 1748.858787588775 1727.466107167304 36.17842124402523 18.47000920027494 1.646127179265022 1.571681931614876 0.196043074131012 1.493821546435356 2.445119135081768 5.686675049364567 3.624524727463722 16.47884837538004 100.9464808031917 10.54409147053957 14.96572833508253 8.366436496376991 9.619816772639751 11.16744231432676 66.42944488674402 220.0567345917225 1350.188979819417 1.03602808713913 66.80171505361795 90.16503784805536 576.1285274997354 172.7867907658219 125.4472751915455 38.45594415813684 10.06298307329416 9.144214041531086 1.704604260623455 13.28676468878984 0.2202528268098831 8.785702586174011 48.94711895287037 1.885318495333195 1.642791010439396 4.506061866879463 20.84127566963434 12.0762607678771 23.91584315896034 5.0520990639925 2.704669892787933 2.798512578010559 4.519830115139484 8.109512276947498 6.222923286259174 15.14044264703989 29.55535738170147 345.6984404996037 13.68097802996635 46.79788486659527 2.630702562630177 0.8866982907056808 3.069333471357822 1.364392206072807 12.91525646299124 6.183038823306561 758.4472903609276 4.969329506158829 1.016342781484127 17.7580536454916 22.5208518654108 58.42117109894753 68.2030842602253 24.55153823643923 328.261216878891 406.5188885107636 68.8685115724802 701.7967699244618 4.574133291840553 0.3470570221543312 1.834236562252045 2.060829631984234 0.520560123026371 0.5181069076061249 1.875010967254639 2.727146662771702 2.748293697834015 6.341319225728512 21.60404297709465 22.23975157737732 5.907888010144234 107.004030354321 8.706072904169559 1.561386533081532 84.84234043210745 9.095004059374332 0.7176250666379929 0 0.8840386718511581 0 1.525805965065956 1.663569502532482 0.3569367974996567 0.6127935647964478 2.236390098929405 8.358245626091957 0.4561347365379333 3.353484287858009 10.80191230773926 4.518368266522884 1.494292259216309 0.09975998848676682 0 0 0.09623798727989197 0 0 0 0.5833717361092567 0 0 1.613633699715137 0 0.9828686192631721 0.1277083605527878 0.2915619537234306 0.3266468644142151 0.1885901615023613 1.116351000964642 0 0.9163867235183716 1.198098480701447 0.07875471562147141 0.6513749212026596 0.09144379943609238 3.928894832730293 0.5650272145867348 4.610523879528046 4.303138174116611 3.122247561812401 0.2386084198951721 0 0.08171781897544861 0 0 0.2790456190705299 0 0 1.076667577028275 0.1297672092914581 0 1.67976488918066 2.130976766347885 0.6402185037732124 0 0 0 0 0.4154233336448669 0 0 3.054545857012272 3.812056869268417 0.3860142230987549 0 0 0 0 0 0 0 0 18.3569420427084 0.7317243069410324 0.6504298597574234 0.4571870341897011 1.025152109563351 4.805539712309837 1.678463242948055 6.803336955606937 0.588458925485611 0 0.3885605856776237 0.1037061437964439 0.3090978264808655 0 0 0.241552859544754 0.1061437129974365 0.09949738532304764 0.2193777486681938 0.1375070065259933 0 32.75290881097317 14.71752026677132 13.28758443146944 163.7535001933575 6.158255398273468 140.1223652735353 44.34644737839699 40.1397205516696 11.79856723546982 0.664291150867939 5.595158785581589 8.33786591142416 0 2.462870806455612 1.836699761450291 1.795858129858971 0.1261856853961945 0 0.3418705686926842 0.9895991608500481 0.1954634040594101 54.89219389855862 34.16862565279007
824.0845441743731 763.4817871376872 204.020098105073 935.8542526587844 187.6845870986581 349.7856500074267 979.0648516044021 124.9742142632604 82.06036495417356 1473.536677256227 134.6861256286502 282.9280839785933 1285.822527140379 188.7124289497733 12.70297672599554 10.2839764431119 0.5448608472943306 0.5515745803713799 0.1359883993864059 0.2153147459030151 0.4099718555808067 2.097599804401398 0.1001262739300728 0.8950771763920784 30.49771920591593 0.6025506034493446 1.505261532962322 2.308970704674721 2.259541608393192 1.558864027261734 21.68217741698027 54.93314755707979 90.5709176659584 0.6276758387684822 9.815212085843086 17.59817817807198 186.8853374570608 28.1531625688076 89.47805263102055 14.35642629116774 0.7474512308835983 1.202618442475796 0.4543047174811363 8.40519779920578 0 4.829163111746311 24.18930175155401 1.20723919570446 0.250541552901268 0.5433169454336166 3.916650861501694 6.565991714596748 28.62709791213274 3.032864086329937 1.383560068905354 1.575768731534481 5.059733711183071 15.49274658411741 5.121659010648727 5.077876977622509 7.659109890460968 29.13092636317015 5.194644615054131 45.12918026000261 0.7830458730459213 0.6198666989803314 0.3732414618134499 0.8119344115257263 2.159436844289303 0.6396439597010612 375.5974550247192 13.65147368609905 0.494797557592392 15.77256486564875 17.32772430032492 21.74525401741266 20.49797144532204 8.700374364852905 37.75767027586699 26.83564608544111 18.00424470752478 70.1000929698348 2.198846362531185 0.5671575367450714 0.8758504316210747 0.7641100138425827 0.2567782923579216 2.675740495324135 0.5481139719486237 2.295256890356541 0.5275640562176704 1.276838153600693 3.224497891962528 2.613710798323154 1.967385247349739 710.4549154937267 153.5493493452668 3.251336835324764 141.1688767746091 139.6823687776923 1.557969450950623 3.810520082712173 6.898993000388145 1.61669260263443 8.137231729924679 12.58352705836296 3.726592361927032 0.8266759365797043 14.41542515158653 69.11902153491974 2.9250877648592 23.91561213135719 89.54079216718674 26.78510486334562 12.79921942204237 0.3259900212287903 0.114190436899662 0.1152053102850914 0.1673229038715363 0 0 0.1181492060422897 0 0 0 0.3084837943315506 0 1.088400341570377 0.1444114744663239 0.3280079960823059 0.832356184720993 0.4322185292840004 0.5651314109563828 0.369262121617794 7.022605136036873 7.93392289429903 0 1.862375147640705 0.5444376394152641 10.79780612885952 5.027741715312004 13.76478134095669 7.107454478740692 7.053817220032215 0.345744788646698 0.1715487241744995 0 0.0898672342300415 0.3232556283473969 0.5780941173434258 0 0.6173386573791504 0.1149369105696678 0 0.09332525730133057 0.5749037712812424 3.201771885156631 0.7065111547708511 0 0.2657539322972298 0.2197208553552628 0.5204672366380692 0 0 0.2207325026392937 4.075033105909824 27.8164030238986 2.602462500333786 0.3398057967424393 0.6305274367332458 0 0 0.09766347706317902 0 0 0.1332434415817261 85.19269118458033 0.6819514557719231 0.2399648800492287 0.1500779688358307 0 13.66839753091335 5.243363723158836 18.70632984489202 1.128498613834381 3.381529256701469 0.3583772480487823 0 0.3397302776575089 0.3245613873004913 0 0 0 0.1761910915374756 0 0 0 189.6107268631458 40.10720705240965 44.49187771230936 155.6340914070606 3.348943345248699 87.96895211935043 36.62573247402906 289.4040865078568 8.796655885875225 0.8007144927978516 2.847998172044754 41.76690002530813 0 5.763097293674946 0.887919045984745 47.74701383709908 0.499416321516037 0.1081137731671333 0.1751463711261749 0.6063249707221985 2.358757048845291 347.5555464327335 198.6360518336296
344.3065226227045 1110.086482584476 423.9870563521981 633.2118458598852 600.4712058007717 94.49052952975035 1818.066258452833 625.20340500772 1004.634554468095 3328.179910048842 1748.858787588775 1285.822527140379 2686.637326307595 2103.539475418627 39.93638659268618 17.32012142241001 0.493011400103569 0.7765780985355377 0 0.6142456829547882 0.9754656925797462 1.610599867999554 0.1088832244277 4.037289030849934 18.34197196364403 1.146402552723885 3.596476927399635 1.563983753323555 2.294009938836098 1.701657600700855 22.95086070150137 77.75257442891598 300.0761678889394 0.3480776473879814 9.780156329274178 9.046585440635681 484.5272591486573 21.75766655057669 44.71566949784756 9.169745653867722 2.97505084425211 2.032536387443542 0.3078108578920364 4.77805633097887 0.3148427903652191 3.192223407328129 62.57980544865131 1.053142070770264 1.333342999219894 1.52714367210865 12.00583153218031 2.509125418961048 10.28578635305166 1.370367586612701 2.160516791045666 2.436053685843945 5.744856305420399 11.7643299549818 8.853942476212978 16.10861223191023 15.14594678580761 35.51418521255255 3.196322590112686 41.45162171125412 3.029384255409241 0.7019892632961273 2.513655468821526 0.7841256707906723 7.784309133887291 0.8874963149428368 690.9357566609979 5.174208901822567 0.3875769302248955 22.42912530899048 26.00801375508308 60.92685031145811 70.20851764827967 7.872755572199821 112.0403521209955 149.1100398600101 42.02664904296398 175.8382487893105 4.620422624051571 0.2018965184688568 1.135880649089813 1.771052479743958 0 0.7593201473355293 1.084976688027382 1.324994079768658 1.422309897840023 1.966338120400906 9.790998086333275 8.490084663033485 0.9778386503458023 394.1642180010676 51.64230754226446 2.901581645011902 111.3086854964495 56.38090635836124 0.7458188831806183 3.584464848041534 5.57876268774271 1.627490043640137 7.466681107878685 11.43784539401531 2.698505654931068 5.548265025019646 10.13964489847422 76.80563247203827 2.728328160941601 30.00482504069805 88.77484115958214 24.54950242489576 10.54149843752384 0 0.3200966715812683 0 0 0 0 0 0.2636343538761139 0 0 0.484945997595787 0 2.329442448914051 0.3142677545547485 0.5263169556856155 0 0.4550442546606064 0.1114368289709091 0.1417972147464752 5.539168007671833 11.35421817749739 0.1506421566009521 0.5375008881092072 0.1419139206409454 11.30380596220493 3.618101939558983 17.0941699296236 9.369913659989834 8.566781960427761 0.7429403215646744 0.5021997615695 0 0 0 0.3231634423136711 0 0.159623771905899 0.9307095855474472 0 0 0.4584179893136024 2.099671088159084 0.1078869327902794 0 0 0 1.784217789769173 2.775443375110626 0.1488749086856842 0.874396026134491 4.062630891799927 28.63485129922628 0.5250105857849121 0 0.3206299766898155 0 0 0 0 0 0.2371991276741028 85.72694408893585 0.1328360289335251 0.3730151206254959 0 1.237862907350063 14.82588465511799 3.548829115927219 20.445307277143 1.824551403522491 0 0.262953519821167 0 0.3720950484275818 0 0 0 0 0.09071388840675354 0.1402715593576431 0.1112530156970024 0 164.5522811487317 47.85854004323483 40.03809654712677 325.4451406151056 9.19684674590826 203.1133020669222 77.54010899364948 216.4786548912525 17.62921576946974 0.8678716570138931 4.956979312002659 33.78869462758303 0.2903072535991669 3.276682458817959 0.8451446741819382 41.39098731428385 0 0.3628294691443443 0.4534533992409706 1.437200047075748 0.8858537822961807 285.4149381816387 181.4790856167674
32.97847808152437 663.6470180153847 655.2703514620662 20.85212255269289 743.3864887952805 10.63461399078369 914.278085924685 1485.684543550014 290.1261698454618 303.5541648715734 1727.466107167304 188.7124289497733 2103.539475418627 345.5434093773365 27.14325338602066 15.19929029792547 0.1069178432226181 0.3779691904783249 0 0.2551029771566391 1.41140953451395 1.363355532288551 1.033821575343609 6.692849554121494 44.85881122946739 1.82563391327858 2.176534608006477 2.556311741471291 2.08919108659029 2.60041081905365 22.80058006942272 78.18147663027048 963.1235395744443 0.3046418949961662 13.11796613782644 30.90867599099874 1215.269668444991 212.1558148264885 208.6660750806332 24.33264815062284 2.221006244421005 1.626646652817726 0.4624181166291237 7.554979234933853 0.1923331171274185 2.81442591547966 34.96366842836142 0.796009823679924 0.6416524276137352 2.606048688292503 9.448486067354679 3.788305975496769 21.60880186408758 1.398791268467903 1.098569750785828 2.142057597637177 3.644513003528118 8.124867327511311 4.638121783733368 11.9565961137414 19.40881187468767 226.6932548582554 5.086819775402546 22.54245741665363 1.7382532954216 1.172612644731998 2.338673658668995 1.980450823903084 6.484509035944939 1.516463078558445 977.3966254517436 2.896768443286419 0 16.00555942952633 17.15140296518803 51.8871808424592 58.87159020453691 10.82311241328716 111.3081478923559 267.5955602899194 46.25055770576 186.5656200423837 3.07012090831995 0.09899353235960007 1.074006088078022 1.551796309649944 0.5544604882597923 0.4632202461361885 0.6700203418731689 0.6555211916565895 1.297587513923645 1.770194739103317 7.982680715620518 7.959115602076054 1.661348223686218 124.254828684032 20.17356379330158 0.8089868649840355 229.674446053803 5.977855741977692 1.080717951059341 0 0.2546898126602173 0.3723085969686508 3.10200172662735 3.647926144301891 1.71983203291893 0 1.364001154899597 9.657830767333508 0.3923679292201996 7.88896456360817 19.1374888047576 8.44916433095932 2.934097155928612 0.0994935929775238 0 0 0.1281748414039612 0 0 0 0 0 0.7812396287918091 0.7043535858392715 0 0.5094320178031921 0 0.0949811190366745 0 0.09165637940168381 0.1318322420120239 0.1559557616710663 1.688222333788872 4.229704678058624 0 0.5176857560873032 0.1082756966352463 5.257231406867504 1.131792210042477 4.607272692024708 4.594237625598907 3.133051872253418 0 0 0 0 0 0.3000583648681641 0 0.1382269412279129 0.1073905751109123 0 0 0.7091041654348373 0.3537632375955582 0.2543437257409096 0 0 0.1093671470880508 0.2237636744976044 0.7355475723743439 0 0.2857632040977478 2.209737539291382 5.937928065657616 0 0 0.1365508288145065 0 0 0 0 0 0 25.49541451781988 0.5957775786519051 0 0 0.3354489654302597 7.130040399730206 3.635011792182922 5.802350342273712 0.1852354183793068 0.2797064185142517 0.4491804093122482 0 0.5470345839858055 0.1185938864946365 0 0.1053313910961151 0 0.1119429692625999 0 0 0 45.98396673798561 16.92503072321415 16.73497426509857 146.9595005959272 4.035237021744251 114.6844223290682 38.99056835472584 46.03367975354195 11.76624116301537 0.2670765444636345 3.716103337705135 11.43455299735069 0 1.798656061291695 0.9061152338981628 7.768247678875923 0.1961267739534378 0 0 0.6073734909296036 1.817552730441093 57.36409547924995 44.07805100083351
