105.0090908110142 1481.957779802382 990.3983522057533 1689.973819449544 40.83065870404243 54.05956307053566 1112.65321367979 88.33474899083376 16.09367460757494 1450.092467576265 43.11592373996973 356.5967455208302 167.4185707867146 56.80042849481106 0.4603282809257507 0 0 0 0 0.138480082154274 0 0.1460441797971725 0 0 1.457968287169933 0 0.2776925936341286 0 0.1656496375799179 0 619.8231890201569 173.2817695438862 12.35505636036396 0 0 1.375878386199474 8.492231003940105 3.001060448586941 1.260093241930008 0.8843410760164261 0 0.3699134066700935 0 0 0 0 45.95853430777788 3.654511503875256 0.1104995310306549 0 0.4039354249835014 0.4153383523225784 2.39734873175621 1.767780900001526 5.442893967032433 4.704173520207405 63.91379900276661 884.2483139112592 18.41743081063032 56.99375153332949 0.5493360757827759 5.73955887556076 0 151.5732149481773 7.180146425962448 5.485942661762238 1.496947705745697 0.3082849457859993 0.1038135513663292 0 34.06218776851892 3.082213714718819 1.401015520095825 215.9560841545463 204.2174736708403 42.68521536886692 2.453899145126343 1.494467169046402 3.938987538218498 15.17861828953028 0.5502606332302094 6.681448332965374 23.61229597777128 0 7.431765079498291 7.380990296602249 0.2519369870424271 0.2749395966529846 0.6616946831345558 0.3553906232118607 0.3194064125418663 0.6940664499998093 0.229764424264431 0.5193595066666603 0.6942820101976395 93.29246519505978 13.22762364149094 0.635488361120224 11.07839193940163 777.4706733077765 0 1.570446491241455 0.6411034315824509 0.6825129687786102 1.967773362994194 6.62690769135952 0 2.20938628911972 55.21154162287712 33.43902058899403 2.039828419685364 7.776562914252281 16.70852838456631 5.848361879587173 0 0 0 0 0 0 0 0 0 0 0 0 0 0 0 0.3387260138988495 0.1306121349334717 1.34933078289032 0.1989634931087494 0.6216033101081848 0.4791665375232697 0.4825188517570496 0 0 0 3.330770611763 0.4261207729578018 2.460637658834457 0.1300871968269348 2.030225798487663 0 0 0 0 0 0 0 0 0 0 0 0 0.1624100804328918 1.388741731643677 0 0 0 0 0 0 0 0.3735013902187347 5.852898120880127 0.7219803333282471 0 0 0 0 0 0 0 0 24.38208397477865 0.7051693797111511 0.5358562469482422 0 0.1684256792068481 4.971342995762825 6.472823187708855 16.33123274892569 0 0.7249431610107422 0 0 0 0 0 0 0 0 0 0 0 47.86969009041786 9.719703301787376 6.28420277684927 1146.739959701896 1.872223325073719 146.0563406124711 34.39438983052969 828.9048696011305 32.76473089307547 0.5619902461767197 15.65875715017319 43.69275796413422 0 0.2846185564994812 0 29.05770060420036 0 0 0 0 0 374.0605431050062 3.814390376210213
1481.957779802382 1180.812380373478 1408.36259111762 2036.298733338714 2019.208365373313 115.6951734721661 1818.489071138203 474.3517260625958 869.4595550745726 1151.76725551486 778.5790307670832 351.6212640628219 1058.650681659579 819.0625890046358 9.833133786916733 0.7678033113479614 0.5348010137677193 0 0 0 0.2331589460372925 0.887329950928688 0 0 3.620984971523285 0.366697296500206 0.5820820108056068 0.4365474879741669 0.2804645970463753 0.2908240705728531 732.9800650626421 136.6499934867024 85.52769856154919 0.2140433192253113 0.9891236275434494 2.648496687412262 57.37633752822876 13.96237009763718 5.718867965042591 4.274799682199955 0.2363791763782501 0.608272060751915 0.2270815074443817 1.057243682444096 0.2881431877613068 1.060742318630219 230.0446080937982 13.6593099758029 0.8510786518454552 0.1844920739531517 0.4901541098952293 0.9092668890953064 1.800295785069466 0.5330586954951286 7.056630678474903 14.34869429841638 27.87316853925586 273.8395356461406 27.61052023991942 158.5202734358609 1.971338413655758 10.34437639266253 0.8338914662599564 221.1209013611078 16.44120737165213 13.67123997956514 3.28651811927557 2.08165118098259 0.6146464496850967 0.1075750812888145 108.503807939589 0.139257937669754 0 264.4900434575975 173.7168014496565 219.1287538260221 56.81428001075983 4.263053253293037 8.329950362443924 50.7576350569725 3.878097869455814 16.30994009226561 44.32892046123743 0.07403255999088287 22.20970258116722 15.72980898246169 2.575996272265911 0.4065474048256874 2.101387538015842 0 1.154226951301098 2.09623396396637 1.274590358138084 2.498322255909443 0.3684888929128647 129.3613607138395 5.067664869129658 0.3673085495829582 12.16747258603573 294.4608550965786 0.9428390115499496 0.3894761502742767 1.820995584130287 0 1.649592608213425 8.988979354500771 0 0.7081859260797501 35.79090784490108 17.82746186852455 1.996459051966667 7.432557970285416 18.37991309165955 7.216299198567867 0.2101457417011261 0 0.7509286403656006 0 0 0 0 0 0 0 0 0.2886885404586792 0 0.150364488363266 0 0 0.2120124101638794 0 0.1449809372425079 0.2187450528144836 0.550185352563858 1.656664073467255 0 0 0.64939945936203 3.571035623550415 0 2.753956258296967 0.5698879286646843 1.355036713182926 0.2112017646431923 0 0 0 0 0 0 0 0 0 0.1127712428569794 0 0.4908909425139427 0 0 0 0 0 0 0 2.916018486022949 0.8849794641137123 5.011121705174446 0 0 0.2561760544776917 0 0 0 0 0 0 22.09302888810635 0.2501590251922607 0 0 0.5557945072650909 6.179392710328102 3.359029501676559 5.190811216831207 0 0 0.5273184776306152 0 0 0 0 0.08220207691192627 0 0 0 0 0 48.62075763940811 7.24436093121767 8.285712674260139 672.9410206452012 11.0332143008709 452.9326742887497 93.3820614144206 688.8049882426858 56.04625311493874 1.302634373307228 35.82433896511793 51.65381623059511 0.4281970709562302 0.5807279497385025 0 9.184447765350342 0.5364127159118652 0 0.4889340847730637 1.22596763074398 0 222.5851085931063 11.70952273160219
990.3983522057533 1408.36259111762 1191.206583499908 79.82196633517742 857.6182848513126 3.717756778001785 276.9742817431688 3219.273596696556 1380.369276456535 14.95750686526299 1425.046844825149 98.53392436355352 500.5881652310491 856.4287627190351 5.849056661128998 0.9882818385958672 0.1098967492580414 0.0979338213801384 0 0.1004724949598312 0.2799632176756859 3.417622968554497 0 0 13.03940794616938 0.242237314581871 2.135455518960953 0.9804332479834557 2.1058319658041 1.161674618721008 1543.091835603118 614.960357747972 102.626936532557 0.2196890562772751 2.988294892013073 17.62531132251024 62.96488476544619 19.50394362956285 8.538148507475853 6.378114238381386 0.1838244199752808 3.519765585660934 0.270870603621006 0.3611014932394028 0 0.8714703992009163 75.14391852915287 6.044571354985237 0.3674085140228271 0.1850404664874077 0.7266271337866783 2.535945191979408 3.250035472214222 3.162981048226357 2.210523992776871 3.479525804519653 20.93334876745939 278.3677044957876 11.89367864280939 72.93612356483936 2.068347252905369 24.22160452604294 1.94244546443224 217.8103691786528 6.704642072319984 5.020708985626698 1.406968876719475 0.3606960326433182 0.2234355434775352 0.5419849827885628 92.8723281994462 0.9096185564994812 0 212.2826832160354 87.56445028632879 102.560183763504 13.49970251321793 7.593739561736584 104.307482406497 108.7596495971084 10.68559174239635 111.7795118913054 21.87864106893539 0 6.886515863239765 6.197070620954037 0.7166077122092247 0.2228551432490349 0.5933502241969109 0.3425128906965256 0.7998338937759399 2.271321326494217 4.316929243505001 7.762470990419388 2.082051299512386 70.73457668721676 2.527864724397659 0.1010096743702888 5.475368484854698 283.0271582379937 0 0 0.1666908115148544 0 0.4378930032253265 1.89122374355793 0 0 2.070582777261734 4.066221863031387 0.5925320014357567 2.106021970510483 3.999459698796272 3.021740645170212 0 0.603137880563736 0.2861117422580719 0 0 0 0 0 0 0 0 0.3587276190519333 0 0 0 0 0.7495514005422592 0 0 0.1461391896009445 0 0 0 0 0 1.735959202051163 0.8232244849205017 1.281190775334835 0.103507474064827 0.1353590786457062 0 0 0 0 0.3736661672592163 0 0.1348426640033722 0 0 0 0 0 0 0.3278556317090988 0 0 0 0 0 0 0.3293053805828094 0.7716518193483353 2.510333731770515 0.09917408972978592 0 0 0 0 0 0 0 0 5.396596811711788 0.4134692549705505 0 0 0.1646562367677689 0.1956019401550293 1.650027893483639 3.42310357093811 0.7140724956989288 0 0 0 0 0 0 0 0 0 0.2536261975765228 0 0 10.5960653796792 3.493726618587971 6.40247255563736 139.4388336390257 2.423454970121384 144.1718405112624 29.51495788991451 138.9800010249019 13.65078515559435 0.09390754252672195 6.084025457501411 3.851346999406815 0 0 0 0.8064577579498291 0 0 0 0 0 81.36530248820782 8.400344386696815
1689.973819449544 2036.298733338714 79.82196633517742 152.9736153036356 171.124345459044 166.5738745629787 1252.496996805072 2.728192314505577 9.528847277164459 877.091512799263 27.46757663041353 2009.831569388509 1274.966065764427 50.13732823729515 1.945555776357651 0 0 0 0 0 0 0 0 0 0.6390472501516342 0 0.1464450359344482 0 0.09688754379749298 0 46.82496961951256 15.10346906632185 37.64675582945347 0 0 0.1581424623727798 21.80624553561211 2.218070566654205 0.532348059117794 0.7436899021267891 0 0 0 0.1054423078894615 0 0 47.21598472446203 1.815292879939079 0 0 0 0 0.1353532373905182 0 0.9948580116033554 1.984511159360409 3.402567788958549 22.15974252671003 3.706303961575031 19.99959667772055 0.8078785762190819 3.268206223845482 0 35.79526671767235 1.339048221707344 1.945343643426895 0.6903953850269318 0.1924332603812218 0 0 61.77201145887375 0 0.5515010356903076 24.98568219691515 22.20679471641779 28.11122386157513 9.151162602007389 0.306142583489418 2.265683874487877 2.314452528953552 0.5077818781137466 1.409955427050591 7.522643476724625 0 2.870302759110928 1.806392803788185 0.1878191903233528 0 0.180656373500824 0 0.08959388732910156 0.1666219830513 0.1183966547250748 0 0 35.75456473231316 1.649122267961502 0 3.42223533987999 120.7309461981058 0 0 0 0 0 1.960439294576645 0 0.7670162916183472 8.839908480644226 3.186009272933006 0.9907731562852859 1.413497731089592 3.118277668952942 1.708460927009583 0 0 0 0 0 0 0 0 0 0 0 0 0 0 0 0 0 0 0 0 0 0.2699135541915894 0 0 0 1.964582145214081 1.549139738082886 0.8734144568443298 0.1656809747219086 0.1917069852352142 0 0 0 0 0 0 0 0 0 0 0 0 0 0 0 0 0 0 0.6491836309432983 0 0 0 0.9673503786325455 0 0 0 0 0 0 0 0 0 5.619264721870422 0 0 0 0 0 0 1.657475292682648 0 0 0 0 0 0 0 0 0 0 0 0 0 13.45494206249714 3.415987178683281 2.234707996249199 182.7885198220611 0.6300125122070312 87.600276902318 17.57556921243668 398.1808436363935 12.86889491975307 0 10.51027604937553 15.47409805655479 0 0 0 5.064218699932098 0 0 0 0 0 84.6213406547904 1.785898596048355
40.83065870404243 2019.208365373313 857.6182848513126 171.124345459044 2314.521594077349 4.532488524913788 1586.903096877038 839.3175960704684 1514.91294695437 207.4841663837433 1397.690812118351 110.4971826523542 577.7960849925876 730.2813025861979 5.724917382001877 0.1100787147879601 0 0.1643044203519821 0 0 0 0 0 0 0.5593060255050659 0 0.1993392556905746 0 0 0.1648256182670593 80.97814022749662 42.6532978117466 10.18040315806866 0 0.1263298392295837 0.8248369693756104 6.816580630838871 1.501429185271263 0.5584666132926941 0.2919285744428635 0.09851835668087006 0.1350504457950592 0 0.2253062427043915 0.08330873399972916 0.1179642453789711 91.48380379378796 2.981802269816399 0.08838271349668503 0 0.176446907222271 0 0.1641438901424408 0 0.8784387707710266 2.49846126139164 1.900121420621872 9.201123453676701 4.141185939311981 30.92626115679741 4.408023186028004 2.766999505460262 0 22.16924247890711 2.881165571510792 2.301904201507568 0.4968085736036301 0.6191626712679863 0.6993736997246742 0.09789864718914032 31.18373666703701 0.0975688174366951 0 34.09902520477772 24.36265258491039 56.06316888332367 26.44516647607088 5.483628123998642 9.785571850836277 46.94024527072906 5.717713542282581 14.35814265161753 8.955158561468124 0 4.109853133559227 3.964454386383295 0.6683727949857712 0.08807846903800964 0.3191444799304008 0 0.6795946881175041 0.4642777293920517 1.084348283708096 0.4152447059750557 0.2159140631556511 58.92047636955976 2.87674031406641 0 3.263927564024925 4.655581712722778 0 0 0 0.8762341737747192 0 1.001686468720436 0 1.926637530326843 4.941372349858284 5.460220694541931 1.131704479455948 3.096199467778206 3.474522158503532 3.820809155702591 0 0.276451587677002 0 0 0 0.1274074167013168 0 0 0 0 0 0 0 0 0 0.1308200806379318 0 0 0 0 0 0 0 0 0 3.461584150791168 0.3078854084014893 1.278001919388771 0.7404960691928864 2.476414710283279 0 0 0 0 0 0 0 0 0.2425702959299088 0 0 0 0 0.3554428219795227 0 0 0 0 0 0 0.3002012372016907 1.951751515269279 2.796820431947708 0 0 0 0 0 0 0 0 0 11.33926011621952 0.1833003610372543 0 0 0.1368265300989151 1.584456637501717 0 2.752955675125122 0.1344686299562454 0 0 0 0.1914423257112503 0 0 0 0 0 0 0.1324338167905807 0 16.46153704077005 5.529085896909237 2.870056316256523 158.2797433584929 3.389383114874363 139.1215170770884 28.0164200887084 75.60837180912495 16.06095086783171 0 14.3376742079854 8.152141362428665 0 0.4838293790817261 0 3.016684710979462 0 0 0 0.1838404536247253 0 45.41579333692789 8.202655166387558
54.05956307053566 115.6951734721661 3.717756778001785 166.5738745629787 4.532488524913788 2.154247045516968 93.20139579474926 1.242571637034416 2.712958008050919 460.4895495027304 4.248702198266983 154.7858274579048 73.00655607879162 11.72120474278927 0.3220486044883728 0 0 0.291890949010849 0 0 0 0.9150985479354858 0 0 0.6581891626119614 0 0 0.2066989243030548 0 0 16.1470655798912 2.649577513337135 8.301090657711029 0.1175165697932243 0 1.046871304512024 8.543057456612587 3.980648055672646 5.023274585604668 2.226002372801304 0 0.1438190340995789 0 0 0 0 2.155191034078598 0.3347317799925804 0.1528909504413605 0 0 5.564266994595528 2.507630422711372 0 0 0.3519851714372635 3.855959013104439 42.10376067459583 0 2.151694819331169 0 7.389985531568527 0.8093918561935425 7.310899466276169 0.3128164857625961 0 0 0 0.2545811831951141 0 85.70511834323406 29.2533041536808 8.752624660730362 1.762934684753418 2.094291239976883 1.607079103589058 0 0.2498163133859634 0 4.205949500203133 0.1265495419502258 4.636794358491898 0.6287053003907204 2.423052713274956 0.3367329984903336 1.308166727423668 0 3.867839857935905 0.6219942718744278 6.106885060667992 0 0.4213891103863716 0 0 0 314.6479973644018 67.36542843282223 9.438121974468231 45.99245662242174 111.3126011639833 0 0 0 0 0 0 0 0 5.439105033874512 0 0 0 0 0 0 0.190344825387001 0 0 0 0 0 0 0 0 0 0 0 0 0 0.3028903007507324 0 0.2749062180519104 0.5142243802547455 0 0 0 0 0 0.225974902510643 0 0 0.127794623374939 0.1342553943395615 0 0 0.4503154158592224 0.2620629966259003 0 0 0 0 0 0 0 0.2118653655052185 0.2491245865821838 2.960254833102226 0 0 0 0 0 0 0 0 0.1711107492446899 0 0 0 0 0 0 0 0 0 0 0.1410193592309952 0.7225934565067291 0 0 1.376718387007713 0 0 0 0 0 0 0 0 0 0 0 0.4356156289577484 0 0.1733929812908173 0 0.5674597024917603 0 0.3174259215593338 0 2.685291945934296 0.1517760306596756 3.304360717535019 0 58.31652936339378 1.340317487716675 0 0.1474469304084778 0.2723700404167175 0 0 0 0 0 0 0 0 0 17.46345841139555 1.585664510726929
1112.65321367979 1818.489071138203 276.9742817431688 1252.496996805072 1586.903096877038 93.20139579474926 593.4572491273284 73.72302111238241 1129.386846832931 1949.915222465992 385.0355852469802 1055.367705531418 2932.679665476084 2252.172803968191 7.341974310576916 0.7933687418699265 0.4277657493948936 0.1047109887003899 0 0.1229415014386177 0.4024167507886887 0.9354418367147446 0.3224472403526306 0.1342532634735107 1.638480693101883 0.1472566425800323 0.3834393173456192 0.2712633535265923 0.3031636476516724 0.1673585772514343 66.76035585254431 30.11964920908213 33.69166286289692 0 0.3027925789356232 1.451980337500572 22.23346643149853 2.687529608607292 1.979461967945099 1.574547216296196 0.2862683236598969 0.5584768950939178 0 0.5569806471467018 0 0.4580973163247108 143.0560758709908 3.636491477489471 0.6013097241520882 0.5602228194475174 0.5177526846528053 0.5998704135417938 1.07220520824194 0.4614576399326324 2.226593047380447 4.238498840481043 4.632138043642044 21.58305490016937 9.018974132835865 44.94301339238882 5.216538712382317 3.275664605200291 0.2465015947818756 41.89210617542267 5.207037009298801 4.669295530766249 1.314883090555668 0.5405557379126549 1.121584929525852 0.2070730179548264 92.59641531854868 0.2745508253574371 0.5850402116775513 50.36592723429203 37.34752612560987 81.24783892184496 39.12153404951096 10.78099932521582 21.14418748021126 13.89368958026171 6.317769832909107 24.7456281259656 12.70595394074917 0 4.536520235240459 5.779711432754993 0.4546106085181236 0.1331589818000793 1.051974818110466 1.182358890771866 1.686252526938915 0.3866536319255829 2.927102610468864 3.774937324225903 1.114036947488785 243.4476475417614 8.552666909992695 0.2067119032144547 8.586202405393124 58.20909314602613 0 1.071760416030884 4.370816454291344 0.3604224771261215 1.055361166596413 7.735145635902882 0 1.472110465168953 22.91908520460129 23.70204795897007 1.808180883526802 17.79730497300625 29.84095047414303 15.70871455222368 0.894988164305687 0.454245999455452 0 0 0 0 0 0 0 0 0 0 0 0.195191353559494 0 0.2294196635484695 0 0.1575546711683273 0 0.8024215698242188 2.883478224277496 0.1776198744773865 0 1.902146875858307 0 8.649950481951237 1.095626711845398 3.303292788565159 2.474783524870872 2.794836036860943 0.2143724411725998 0 0 0 0 0 0 0 0.2648143991827965 0 0 0 0.8189074546098709 0 0 0 0 0.1700349748134613 0.5988479256629944 0 1.494036197662354 7.200768738985062 9.000338718295097 0.5958546996116638 0 0 0 0 0 0 0 0 46.87238843739033 0 0 0 0.1205935403704643 6.564433589577675 1.904618680477142 18.92697900533676 0 0.14532470703125 0 0 0 0 0 0 0 0.1635522246360779 0 0 0 83.82137121260166 23.6182958856225 15.72816373407841 423.8093798160553 3.48341266810894 244.5314916223288 52.6795152425766 319.3469178974628 29.27699688822031 1.675419874489307 31.82660759240389 49.60424330830574 0 2.902501732110977 0 19.97684508562088 0.4050125628709793 0 0 0.7531433999538422 0 167.561767719686 32.09011961519718
88.33474899083376 474.3517260625958 3219.273596696556 2.728192314505577 839.3175960704684 1.242571637034416 73.72302111238241 824.1278279349208 1246.184708200395 3.233813315629959 1936.717307731509 122.0002053081989 423.7231722027063 1330.393247239292 42.12679424881935 7.071704521775246 1.496626146137714 1.282587125897408 0 0.7068232297897339 2.31728595495224 7.163490429520607 1.8453518897295 2.574547104537487 56.89784000068903 1.762091286480427 11.19825019687414 2.438986860215664 3.489751242101192 1.809682995080948 404.6382513716817 1732.188780516386 239.1849547922611 0.1836162209510803 17.34500181674957 111.7499519512057 127.1494804099202 126.3911175131798 26.96100064367056 18.74553778767586 5.176308527588844 16.65011763572693 0.5875264033675194 3.699671186506748 0.3782374113798141 3.467527434229851 214.5184974074364 3.556912802159786 1.603833198547363 3.301765374839306 2.731518402695656 4.910189874470234 9.562366716563702 8.562365300953388 1.236204385757446 3.80647200345993 4.180217243731022 17.3599042147398 5.102625124156475 34.71386673301458 42.85857869684696 305.9758790358901 6.765912756323814 54.86532507091761 3.257495038211346 3.705662690103054 1.786464430391788 0.7252445369958878 5.894120946526527 3.486658185720444 160.7216608300805 2.073270335793495 0.784220889210701 39.60018620640039 31.56313836574554 88.8103886321187 87.65796910226345 244.8685428500175 997.1970177814364 1085.584468923509 139.7286704927683 673.8353258296847 8.945530869066715 0 4.334472954273224 3.619573682546616 0.8165233954787254 0.367085225880146 1.391868829727173 1.192689493298531 10.89851816743612 7.409636579453945 16.56191191077232 25.89383707940578 7.402789302170277 93.0392694324255 8.242164075374603 1.476456582546234 20.6751167550683 5.939582109451294 0 0 0.404830276966095 0 0 0.1512440294027328 0 0 1.441988378763199 2.111913159489632 0.9197089821100235 1.495427057147026 1.0871621966362 2.260499253869057 0.2270979583263397 1.023558050394058 0 0 0 0 0 0 0 0 0 1.255975693464279 0 0.3191416412591934 0.2465432435274124 0 0 0.5945352017879486 0.5452522039413452 0 0.2702968120574951 0.6697303652763367 0 2.166086442768574 0.1522195041179657 2.577646806836128 0.5304776430130005 3.218972757458687 2.411230839788914 1.221867971122265 0.2719495296478271 0.1702382415533066 0 0 0 1.633782103657722 0 0 0.3793644160032272 0 0 0.1336674690246582 1.387643173336983 0.6080188304185867 0 0 0 0 0 0 1.447188928723335 4.828092962503433 2.986145675182343 0.3846819996833801 0 0 0 0 0 0.1324790567159653 0 0 9.247264713048935 1.801382020115852 0.9421269744634628 0.1654170900583267 0.6284445077180862 0.6980389654636383 4.383495539426804 7.718438982963562 0.4524396359920502 1.863139688968658 0.4595339000225067 0 0.886274129152298 0 0 0 0 0 0 0 0 12.38700994104147 6.363388977944851 10.77803470939398 309.8085998669267 4.476221114397049 252.0294917300344 68.53623242676258 68.07028188556433 23.30302318185568 0.831098385155201 27.51398026198149 9.605584792792797 0 0.9743007570505142 0 3.190287500619888 0 0 0.326762855052948 0.7873543351888657 0.314920499920845 33.16692488640547 14.59683278203011
16.09367460757494 869.4595550745726 1380.369276456535 9.528847277164459 1514.91294695437 2.712958008050919 1129.386846832931 1246.184708200395 142.2415543049574 110.2743271440268 1382.006818138063 137.6449307352304 1250.660534508526 360.8765853196383 5.385005623102188 0.58525550365448 0.1355053931474686 0.113436296582222 0 0.1248359829187393 0.2293908298015594 0.5090426653623581 0.1360330581665039 0.3090624660253525 2.211316406726837 0 0.1255742907524109 0.4526600390672684 0.2373377233743668 0 73.25476101785898 49.24406485259533 92.71302703022957 0 0.8376113548874855 1.897265195846558 29.64413096010685 4.370517209172249 2.172268882393837 1.985823430120945 0.1043749377131462 0.6330196410417557 0 0.2321047857403755 0 0.4262738451361656 59.01329857856035 1.506695441901684 0.1945878565311432 0.2132552564144135 0.8620429486036301 0.7241377085447311 0.2750389724969864 0 0.2838620617985725 1.319218330085278 1.306994795799255 3.175068274140358 3.130683444440365 15.0175564289093 3.162833131849766 23.63189666718245 0.3897620141506195 9.402258090674877 1.745254389941692 1.761622928082943 0.4978286772966385 0.09532321244478226 1.588489860296249 0.3653363361954689 65.96890380233526 0.3777424693107605 0 14.88695026934147 9.038209915161133 33.2669850513339 17.42835432291031 13.22574741393328 21.69816142320633 150.5750954151154 7.863416105508804 20.58076786994934 4.019548952579498 0 2.06873045116663 1.334357500076294 0.3827464953064919 0 0.08153919130563736 0.1169763952493668 0.850445345044136 0.6579913944005966 2.549160942435265 2.8253118917346 0.9198344945907593 65.11625653505325 4.635535269975662 0 7.010085344314575 5.788637816905975 0 0 1.736627206206322 0.9877756237983704 0.9359761029481888 2.781952723860741 0 0.6176631152629852 3.200155138969421 6.326313570141792 0 1.762892812490463 5.727960705757141 3.010471597313881 0.4469641596078873 0 0 0 0 0 0 0 0 0 0 0.1428141295909882 0 0 0 0 0 0 0 0 1.100127249956131 0.3999023139476776 0 0 0 1.857641749083996 0 1.623993054032326 1.016917087137699 0.3936517238616943 0 0 0 0 0 0 0 0 0 0 0 0 0.2973088547587395 0 0 0 0.08388844877481461 0 0 0 0 1.263349488377571 5.588233150541782 0 0 0 0 0 0 0 0 0 7.497057393193245 0 0.5608384013175964 0.1379799842834473 0 0.8210782185196877 1.651629105210304 4.28888925909996 0 0 0 0 0 0 0 0 0 0 0.1492446959018707 0 0 18.05532616376877 8.903828464448452 3.424889408051968 126.7022900432348 3.064889773726463 96.04388669133186 25.22859816998243 51.44532343000174 9.978728242218494 0 13.05288927257061 7.771727092564106 0.3400173187255859 0.1521211564540863 0 1.394999623298645 0 0 0.1338739991188049 0 0 34.122453764081 11.2619214206934
1450.092467576265 1151.76725551486 14.95750686526299 877.091512799263 207.4841663837433 460.4895495027304 1949.915222465992 3.233813315629959 110.2743271440268 782.2917550057173 15.4267994761467 1893.207466602325 2653.42311476171 156.1099557876587 1.7016756311059 0 0 0 0 0 0 0.1766063570976257 0 0 1.194548159837723 0 0.2306482791900635 0 0 0 35.09441239386797 10.11301276832819 78.99195495247841 0 0.1537643522024155 0.6050176620483398 45.05185714364052 5.543010070919991 2.992251768708229 0.8234776854515076 0.1604910343885422 0 0 0.1026275902986526 0.1160478144884109 0.1903062760829926 18.97483536601067 0.8477529436349869 0 0 0 0.4295011013746262 1.094761431217194 0 0.3389086574316025 1.443014807999134 3.402657739818096 43.86430535465479 1.535117365419865 9.373248837888241 0.4012070521712303 4.136054962873459 0 23.38205420225859 0.4406698867678642 0.9736767038702965 0.1495245099067688 0 0 0 244.3055110871792 12.46472015976906 0.4569254219532013 13.54569616168737 18.83014659583569 11.14081186056137 4.481219999492168 0.9068608582019806 1.960174635052681 6.966252192854881 0.2689914479851723 2.043251320719719 2.543309181928635 0.2645158469676971 1.830503702163696 1.074365690350533 0 0.5548362582921982 0 0.3078383356332779 0 0.1653342545032501 0 0.3809295296669006 0.3721438348293304 405.9279769062996 64.35325516760349 1.429197385907173 36.86549890041351 648.4021369218826 0 0 15.06250463426113 0.3562836647033691 5.429186336696148 30.96255769580603 3.529352679848671 8.736517339944839 63.19945842027664 76.60902698338032 11.60776208341122 40.10379336774349 79.33090567588806 32.03616780787706 4.600334882736206 0 0.1448158919811249 0 0 0 0 0 0 0 0 0 0.1647339761257172 0.2282640784978867 0.5621655732393265 0 1.520414993166924 0.5242311209440231 1.476542979478836 0.2044307142496109 5.590297788381577 3.630478784441948 0.2123385071754456 0.586228609085083 0.3177394270896912 17.58506511151791 1.323956593871117 21.66455339640379 3.941089302301407 6.213645063340664 0.4802812039852142 0 0 0.242837980389595 0.3654492497444153 0 0 0.8268987536430359 1.088071405887604 0 0 0.3133037686347961 0.4231861680746078 0.1425094604492188 0 0 0 0 0.4784556329250336 0 0.45519158244133 7.605816051363945 26.90314047783613 0.8787641823291779 0 0 0 0 0 0 0 0 115.1450560986996 0 0.3858993351459503 0 0 15.35052312910557 8.029576405882835 29.75216674804688 0.1729965060949326 0.7535669207572937 0.3394867777824402 0 0.1519982814788818 0 0 0 0 0 0 0 0 241.2805966436863 52.99875143915415 32.76214123517275 732.0315417721868 0 42.85031186044216 13.2994032651186 1199.725350089371 7.929264411330223 0 5.861775755882263 112.5006075203419 0 1.784017100930214 0 54.51192611455917 0 0 1.087705552577972 0 0 710.458402723074 73.89849923551083
43.11592373996973 778.5790307670832 1425.046844825149 27.46757663041353 1397.690812118351 4.248702198266983 385.0355852469802 1936.717307731509 1382.006818138063 15.4267994761467 763.011728413403 221.0743247419596 2079.61564990133 1191.23852083087 23.33456518501043 6.104977406561375 2.059923686087132 0.8162198290228844 0.4407883957028389 0.4472286701202393 0.8796039968729019 5.771777510643005 1.93706563860178 1.543220765888691 84.18288700282574 1.988026991486549 10.33623902499676 3.598214618861675 6.94600273668766 2.922332517802715 164.8009897433221 382.3316655084491 1528.200693927705 1.61108385771513 16.21937068551779 105.5483010858297 676.5442762672901 231.9903664812446 71.16372261196375 47.05309815704823 2.357097864151001 15.42558424919844 0.1413514912128448 1.211570151150227 0.5749185755848885 2.505195438861847 80.00284940004349 2.554783873260021 0.5333934128284454 0.6061684042215347 1.690278671681881 5.512549266219139 19.25896369665861 7.783847138285637 0.6887435987591743 1.401967495679855 2.40437013655901 10.80788413435221 2.956541076302528 22.18305698782206 16.28566224128008 729.1374614685774 14.02275435626507 44.85870653390884 2.090611144900322 1.623916633427143 0.6109630987048149 0.5017261803150177 3.089371271431446 1.617664486169815 870.5725153014064 4.108213841915131 0.608969934284687 25.93307882547379 26.57221626490355 43.40648749470711 39.33734142035246 21.31833951175213 301.6183859780431 998.1037465184927 24.1031127050519 526.2504223287106 5.601207494735718 0.3467604964971542 2.130824275314808 2.659447126090527 0.1211902946233749 0.4311087429523468 0.732675738632679 1.450059778988361 6.7191501557827 7.337428145110607 12.65440023690462 22.43684715777636 8.74638282507658 74.40155445039272 14.64662698656321 3.569278128445148 61.84095327556133 7.736676961183548 0.1743032485246658 0 2.779111281037331 0 0.3076489269733429 1.171413399279118 0 1.337642967700958 0.975427657365799 5.360052496194839 0.6177868321537971 2.985383421182632 6.097687870264053 2.673776224255562 0.4604902714490891 1.118989996612072 0.5410154461860657 0.3710152581334114 0.127917692065239 0 0 0 0.7068713903427124 0 0.3875176012516022 0.5764496326446533 0 0.4491949677467346 0 0.8238749131560326 0.2707479745149612 0.4162591323256493 0 0 2.798917002975941 1.39058244228363 0.1712126433849335 1.20796038210392 2.754498064517975 3.631385922431946 1.083690255880356 6.135516338050365 3.166045606136322 4.385368868708611 0 0 0.1175698265433311 0.1521528512239456 0.1218004524707794 1.508682645857334 0 0 0.9236978888511658 0 0.1162690296769142 0.2015864253044128 0.7595387250185013 1.513924263417721 0 0 0.1061222329735756 0 0.3349439799785614 0 1.460258677601814 9.422843433916569 6.719413325190544 1.340329557657242 0 0 0 0 0.4123706519603729 0 0 0.129948228597641 15.18292915076017 0.5733832269906998 0.2291842624545097 1.14874678850174 0.3390170112252235 5.39626270532608 5.789736777544022 12.66570493578911 0.424835741519928 1.158076070249081 0.8119278773665428 0.8757566213607788 0 0 0 0 0 0.1783222556114197 0 0 0 25.44088972359896 16.51340928673744 11.43469984084368 202.4347875714302 4.12105580419302 129.2151450291276 40.90497359633446 48.30036742240191 13.03394635021687 0.6132150441408157 15.27678719907999 6.755283795297146 0.711247906088829 1.725286796689034 0.4856366515159607 2.186871111392975 0.520957887172699 0 0 1.962492540478706 0 32.98272698372602 23.43412932753563
356.5967455208302 351.6212640628219 98.53392436355352 2009.831569388509 110.4971826523542 154.7858274579048 1055.367705531418 122.0002053081989 137.6449307352304 1893.207466602325 221.0743247419596 401.0918634384871 2032.867764696479 191.4827296286821 6.556459233164787 1.605989351868629 0.2550735920667648 0 0 0 0 3.816990777850151 0.5201907753944397 0.1181167438626289 22.13785187900066 0.1771970242261887 1.633537098765373 0.8582074567675591 1.385971620678902 0.6216456741094589 35.4359739869833 38.12201082706451 225.5525766909122 0 2.307609885931015 15.18866295367479 315.0204803347588 61.71242097020149 28.48581109195948 15.76284179836512 0 1.369321890175343 0 0.1148317605257034 0.3087237775325775 0.2537871077656746 40.09929633140564 0.2680944800376892 0 0 0.2111553475260735 1.876142352819443 7.647401854395866 5.156113490462303 0 0.6452969163656235 1.510885611176491 7.419165097177029 1.006700620055199 5.790031611919403 3.257851123809814 25.40728361904621 1.299103692173958 19.08172521740198 0.4785025343298912 0.8620813116431236 0.160740077495575 0.3445649147033691 0.1061908975243568 0.1224726513028145 323.1675103604794 1.358773589134216 0.5016093626618385 7.272154070436954 8.176999397575855 10.4969185218215 10.03283689171076 7.8755948767066 19.06384946405888 25.26476114243269 4.751940123736858 36.20023667067289 2.141236111521721 0 0.6460860967636108 0.6517275422811508 0.08825574070215225 0.1186670139431953 0 0.6076434180140495 0.7489069253206253 2.032722651958466 2.396487951278687 2.209745571017265 3.221337661147118 288.3007864505053 29.57713802158833 1.40947288274765 34.09313771128654 41.45086951553822 0.5236779451370239 0.2112247347831726 6.938045859336853 2.002231255173683 3.681744500994682 10.51058503985405 0.2657889127731323 1.957995846867561 19.79739430546761 29.75524778664112 3.176547221839428 13.62226548790932 32.0325835943222 22.9445917904377 3.347002506256104 0.4195280522108078 0.1654186099767685 0 0 0 0 0 0 0 0 0.7503592073917389 0 0.568904384970665 0.2348101735115051 0.3642453104257584 0.5106299072504044 0.1675557941198349 0 0 2.145042613148689 2.058949023485184 0.1761707961559296 1.742413327097893 0.2689519077539444 10.56512617319822 1.255538433790207 10.99851042032242 3.760359100997448 3.192830726504326 0.1540941298007965 0.7599655985832214 0 0 0 0 0 0.1626572012901306 0.1410937309265137 0 0 0 0.5520623326301575 0.3357754647731781 0 0 0 0 1.771613903343678 0 0 1.965472459793091 14.70217640697956 1.104210138320923 0.1468535959720612 0 0 0 0 0 0 0 64.72496050596237 0.8305340707302094 0 0 0 9.53743052482605 7.196666195988655 18.49567559361458 0.2087940275669098 2.997415862977505 0.2868624627590179 0.1320702135562897 0.3501883149147034 0 0 0 0 0 0.1805950701236725 0.1408349275588989 0.1428607106208801 111.3985938802361 37.62638582289219 31.80791407823563 221.2851956933737 1.530623205006123 50.53204792737961 18.28075122833252 164.0167201980948 9.481878019869328 0 11.56910170614719 51.81827183067799 0.4347277879714966 2.589446187019348 1.564036250114441 18.90314492583275 2.532011032104492 0 0 1.43960739672184 0 189.0682600662112 69.11077778041363
167.4185707867146 1058.650681659579 500.5881652310491 1274.966065764427 577.7960849925876 73.00655607879162 2932.679665476084 423.7231722027063 1250.660534508526 2653.42311476171 2079.61564990133 2032.867764696479 2841.249980725348 1527.983811378479 17.23648399114609 1.59471483528614 1.387274876236916 0.1291966140270233 0 0.5555129051208496 0.3483117148280144 3.42177577316761 0.1893820762634277 0.1659967601299286 20.51382941752672 0.2947162687778473 2.482308954000473 0.2715621292591095 2.118292972445488 0.4087347760796547 88.69325129687786 87.20281923562288 428.0947163999081 0.1112043783068657 2.146707579493523 14.09280388057232 756.1161880120635 57.25221195071936 28.41934261471033 18.70512039959431 0.7589435651898384 3.341376304626465 0 0.7249692231416702 0 0.7323894426226616 127.3331366255879 2.229053795337677 0.2820484563708305 0.559981681406498 0.6294888406991959 3.266881041228771 5.857792429625988 3.833816953003407 0.7287646159529686 2.837544098496437 2.2347142547369 8.810079656541348 4.170955516397953 20.04062452167273 10.87512667477131 42.4354260340333 2.775824382901192 28.87211947888136 3.070887006819248 2.427846722304821 0.6940207853913307 0.4044304937124252 1.839219599962234 0.4659253135323524 576.0269871875644 1.742075748741627 0.4098640829324722 21.20374552160501 15.9543629065156 40.36425293982029 33.23926356434822 24.07649622112513 56.73319564014673 56.0464993417263 15.11158508062363 75.38592506200075 5.497868731617928 0 2.755350336432457 2.666130043566227 0.5586439520120621 0.4138238430023193 0.4251702278852463 0.4929759353399277 1.797390289604664 2.774872973561287 3.187423415482044 6.114669665694237 4.094810716807842 497.9739799946547 16.75715085119009 0.9869773685932159 33.32553353905678 46.92356989532709 1.044722884893417 0 6.92693979293108 0.2320202589035034 4.831589981913567 12.75377285480499 0 1.492548674345016 25.80151039361954 38.3012735247612 5.776951022446156 20.77821750938892 46.20644626021385 20.98622851073742 3.109183177351952 0.4748777076601982 0.5163999944925308 0 0 0 0 0 0.3307942152023315 0 0 0.3674061745405197 0 0.8361306339502335 0.1467803418636322 0 0.4129255414009094 0.2515243738889694 0 0 2.46960411220789 1.10550644993782 0 1.087734133005142 1.124581024050713 16.61771185696125 6.072724685072899 12.86643768846989 4.912072360515594 4.737497352063656 0 0 0 0 0 0.242604061961174 0 0 0.3873499482870102 0 0 0.2663402557373047 0.8407410606741905 0.9674582332372665 0 0.5054920315742493 0 0 0 0 0.8945238441228867 8.566256836056709 20.89234909415245 3.355038106441498 0 0 0 0 0 0 0 0 91.29635164886713 0.9295549392700195 0 0 0.09541480988264084 11.91979482024908 9.390502914786339 19.19528168439865 0.4545870572328568 1.463010191917419 1.366329848766327 0.6593730449676514 0 0 0 0 0 0.137414962053299 0 0.1929294466972351 0 143.3339789286256 47.25020897388458 34.78600972890854 443.1589275971055 4.35117506980896 175.2587079778314 53.62731230258942 233.4022345766425 20.16060277074575 1.140298709273338 31.98826909065247 60.70807668566704 0.215035691857338 4.520181968808174 0.1506795585155487 7.908539980649948 0 0 0 3.006248250603676 0 202.157564766705 84.2477301210165
56.80042849481106 819.0625890046358 856.4287627190351 50.13732823729515 730.2813025861979 11.72120474278927 2252.172803968191 1330.393247239292 360.8765853196383 156.1099557876587 1191.23852083087 191.4827296286821 1527.983811378479 316.8827668651938 15.86312109231949 3.213550671935081 1.33671735227108 0.2248804271221161 0 0.3733554929494858 0.7449746355414391 4.08176876604557 0.4216728881001472 0.6954366415739059 57.59477887302637 0.9193169549107552 6.617414616048336 1.736215904355049 3.414747223258018 0.8549318015575409 143.9203399643302 190.1614235788584 1242.328839384019 0.4295685738325119 5.515970841050148 33.90374675393105 1741.470863536 242.7088196352124 64.85302639752626 51.50902681052685 0.7461042925715446 7.010204881429672 0.2261217534542084 0.4780366346240044 1.158574759960175 6.160255245864391 97.85989651829004 2.635125733911991 0.1756227388978004 0.4337247312068939 1.401629447937012 1.945205606520176 15.07438317686319 4.081669457256794 1.672919742763042 2.30264014005661 3.197205126285553 9.345309682190418 3.790631465613842 25.33408366143703 13.5844261944294 449.4506640136242 6.333217583596706 31.9068212211132 3.030996896326542 1.986401371657848 0.5801571533083916 0.5538986176252365 0.8888271301984787 1.115483015775681 805.5147971436381 2.940826743841171 0.2408389896154404 27.40550424158573 24.38985271006823 52.25154295563698 31.5530899092555 27.85018050670624 107.4138908088207 467.412286490202 18.05634291470051 687.1686244010925 6.28471826761961 0 3.211184866726398 2.610217779874802 0.6105087846517563 0.1621492356061935 0.1064789444208145 0.3078266978263855 2.222222380340099 1.598816774785519 4.068301022052765 11.78245702385902 2.783280283212662 126.7417767494917 11.19854512810707 2.25372289866209 50.00327801704407 10.90245641767979 0 0.737244725227356 2.379467353224754 0.5197250247001648 1.319111675024033 4.269558295607567 0 0.1411086469888687 3.507646307349205 6.069851949810982 0.5933564603328705 5.210819020867348 9.537857696413994 6.312352642416954 1.151731058955193 0.7025971338152885 0 0 0 0 0 0 0 0 0 0.5219006091356277 0 0.4166561961174011 0.3066665679216385 0.1131456345319748 0.5081713199615479 0.4077080190181732 1.724070250988007 0 1.081254035234451 0.4668208956718445 0 2.132466673851013 0.149120420217514 4.161781273782253 0.3146017044782639 4.791101634502411 3.018513761460781 2.08917598426342 0 0 0 0 0 0.3465453386306763 0 0 0.9430894404649734 0 0 0.3389046788215637 1.266619451344013 1.296862199902534 0 0 0 0 0 0 1.669244989752769 2.134904429316521 6.883437857031822 0.1355085372924805 0 0 0 0 0.2343839257955551 0 0 0 32.53591717034578 0.6422319412231445 0.4433778375387192 0 0.136307030916214 4.41762176156044 4.166302338242531 10.87330932915211 0.1141492575407028 0 0.3106526881456375 0.6215845942497253 0.1235203444957733 0 0 0 0 0.3686441779136658 0.1696342080831528 0 0.1920714527368546 47.74703302979469 23.68236660957336 13.31690685451031 236.4512796029449 4.546590097248554 142.5614640340209 41.64312252402306 64.36635030061007 13.48899845778942 0.3101615309715271 21.67573538422585 22.8875880241394 0.2705450057983398 1.266326531767845 0 3.811525821685791 0.2513392269611359 0 0.2551367580890656 1.861970022320747 0 58.42667426168919 28.99311742186546
