176.5147785395384 1678.128431536257 691.7263086140156 2353.357300452888 72.29584845155478 104.4344533830881 536.0282874032855 34.56354688107967 31.03272393345833 1527.435726478696 62.34649901092052 4.679040521383286 22.77743031084538 6.19971502572298 0.7831957936286926 0.4306752309203148 0.1650290116667747 0 0 0 0 0 0 0 0 0 0 0.07147037982940674 0 0 745.4529033005238 7.381797298789024 0.7113109230995178 0 0 0 0.8643594682216644 0.403084009885788 0.6069591790437698 0 0 0 0 0.08787421137094498 0 0.08496356755495071 12.69699320942163 2.058091133832932 0.08034483343362808 0.08226373791694641 0.2060832679271698 0.268226146697998 0 0 6.022495821118355 3.878620646893978 145.566245034337 1354.898639686406 45.10432679951191 20.62525995075703 0.1572736203670502 0 0 254.5806800723076 3.408940687775612 1.826559968292713 0.4291609674692154 0.1885014399886131 0.3445590436458588 0 4.667409777641296 29.17402452230453 1.752428665757179 185.1951590813696 19.20069289207458 14.65851980447769 0.811883270740509 0.6867773309350014 1.948637440800667 0.3531825840473175 0 0.4995152950286865 10.89473854750395 0.1127834096550941 3.122014887630939 2.109980091452599 1.093874707818031 0.7269680425524712 0.9342540875077248 1.129826039075851 0.5144705027341843 0.2566833272576332 0 0 0 113.0804202258587 27.82986414432526 0.4858870804309845 1.914149656891823 1294.753419019282 0.6713138073682785 25.34195660054684 26.43075411021709 17.19254807382822 3.293966144323349 6.54388926923275 30.66202515363693 5.00231622159481 17.56674955040216 67.67655388265848 4.95537368953228 26.27566923201084 35.04119093716145 18.59780212491751 9.54515141248703 0.2010603249073029 0 0.1361991763114929 0 0 0 0 0 0 0 0 0 0 0 0 0 0 0 0 1.56588938832283 1.532626867294312 0 0 0 1.14285846054554 0 3.286129921674728 1.883379086852074 0 0 0 0 0 0 0 0 0 0 0 0 0 0 0 0.3314138725399971 0 0.459475003182888 0.1048634722828865 0.264658123254776 3.249879091978073 0 0 0.3869718909263611 1.892379403114319 0 0 0 0 0.1027571335434914 0 0 0.1274824440479279 8.544303312897682 0 0 0 0 4.582882225513458 0 2.453376531600952 0.4525205492973328 0.7639639228582382 0.9673344939947128 0 0 0 0.6808346807956696 0.5218525305390358 0 0.4216276332736015 0.110511988401413 0 0 10.75213088095188 2.58623481541872 1.829891756176949 655.815347135067 6.17602576315403 83.792351603508 6.079864226281643 1174.084513247013 9.102111652493477 0.8196800947189331 2.942987158894539 16.83430659770966 0.09944883733987808 2.308625802397728 0.3607574999332428 110.3120420128107 0 0 0 3.710239797830582 0 457.5389581173658 41.30214901268482
1678.128431536257 2212.406876958907 2159.651639778167 1375.278325773776 1645.533265955746 318.853817306459 3157.555382493883 83.51877255737782 1389.045198008418 2240.559120923281 151.8103176057339 159.9010265618563 769.9517574682832 415.2264246270061 4.775208428502083 2.583840534090996 0.8100932538509369 0.09589344263076782 0.182088814675808 0.1640344858169556 0 0 0 0 0 0 0 0.3537954241037369 0 0 1537.828253854066 27.84831662476063 5.406242929399014 0.07947683334350586 0 0 0.917045459151268 0 0.3708345890045166 0 0.07621578127145767 0.0759899914264679 0.1550858989357948 0.779375895857811 0.3260929957032204 0.08996842801570892 53.04930312931538 7.300328150391579 1.150714822113514 0.7591595649719238 0 0.109438382089138 0 0.489276148378849 10.58665432035923 7.987716786563396 49.29455292224884 1011.134951792657 34.61884476989508 45.10349737107754 0.08198308199644089 1.533556304872036 0 324.8382935449481 7.953143358230591 5.878061354160309 0.8796667531132698 1.379601210355759 0.6190435513854027 0 2.400920957326889 0 0.08982983231544495 272.0551517084241 34.29805162549019 73.85907048732042 12.60270585119724 2.745557233691216 10.01901448890567 8.089375920593739 0.5001031160354614 5.249031841754913 29.27252101898193 0.1075073033571243 8.868464842438698 7.960308581590652 3.306028567254543 0.4022396057844162 1.351401567459106 0.2276124209165573 0.1994133368134499 0 0.2077746987342834 0 0 16.59169971942902 3.665265336632729 0 1.038595095276833 704.0639064237475 0.1936458647251129 12.92616966366768 9.184447653591633 7.313015967607498 1.895278498530388 6.717657089233398 14.53523024171591 5.261923238635063 14.19623347371817 46.05786250531673 7.270994774997234 25.62360160052776 26.20454341173172 15.56203413009644 13.91698504239321 1.535770580172539 0 0 0 0 0 0 0 0 0 0 0 0 0 0 0 0 0 0 2.232528120279312 1.749037832021713 0 0 0.244990810751915 3.984098315238953 0 4.99507050961256 3.260186217725277 0 0 0 0 0 0 0.2150551974773407 0 0.9391882866621017 1.306513965129852 0 0.09619551151990891 0.1628658324480057 0.135225236415863 0 1.106206931173801 0 1.522386841475964 0 0.5308345854282379 0.3172038048505783 0.140101820230484 0.1553768217563629 0.1137272417545319 0.8092397749423981 0 0.347266897559166 0.7753156274557114 0 0 0.2750504687428474 0 0 10.09025197476149 0 0 0.1310607641935349 0.1352604478597641 4.95916710793972 0 0.1836133301258087 1.880288317799568 0.9483243525028229 0.5211752280592918 0.8634088486433029 0.675462007522583 0 1.047132007777691 0.7413805276155472 0 0.7328647971153259 0.0850248858332634 0 0 12.89223080128431 5.184362381696701 4.525599643588066 459.96108096838 11.72138793766499 215.8553208187222 16.66481576114893 656.3391656577587 20.62549684196711 2.867074064910412 15.28958687186241 7.871062479913235 0 4.960112854838371 1.066335573792458 37.89995858818293 1.280919507145882 0 0 0.3591209575533867 0 283.2555337771773 23.36472281068563
691.7263086140156 2159.651639778167 934.2067924365401 23.18344561755657 588.1668141931295 11.69230280816555 91.59988709539175 636.1693336367607 1060.735029742122 446.5493053719401 983.4535995274782 106.2649369686842 66.33134677261114 724.8468056321144 21.26757913827896 12.71443892270327 1.079145714640617 0.8084432333707809 0.1929906010627747 0.7517292499542236 0.7872958481311798 1.77724514901638 0 0 0.2757796347141266 0.3169986233115196 0 0.1419991254806519 0.3277123644948006 0.1772085726261139 3041.614782787859 629.0148777067661 63.57441945374012 0.2096216231584549 0.2624452412128448 0.9732544273138046 19.65823299437761 2.772601723670959 1.33568562567234 0 0.6991239786148071 0.9449025392532349 0.617225743830204 4.696981623768806 0.7096134722232819 2.837771199643612 90.39252475649118 8.429899640381336 1.209526129066944 3.48300501704216 2.8950589671731 1.193941742181778 0.3465209752321243 2.052929051220417 7.863338597118855 7.890673376619816 47.88824329525232 1113.803686760366 35.49435551464558 55.88921099901199 2.449306607246399 7.302285775542259 0.1138446629047394 704.8351205214858 9.948846012353897 5.736069492995739 1.967486336827278 5.815099313855171 11.48021846264601 1.078208357095718 26.70953448861837 2.035228297114372 0 274.9955300353467 59.29422665387392 130.2065177857876 39.25492235273123 13.81131599843502 289.1455431357026 128.8310641944408 3.853094346821308 74.75661720335484 27.77289018034935 0.2139336094260216 8.811981156468391 6.187478415668011 5.784308359026909 0.08753260970115662 2.294885240495205 0.3052661046385765 0.09453772753477097 0.6916300356388092 5.267056249082088 0.4907087609171867 0.6355657353997231 86.86213564872742 9.604015111923218 0 4.208618983626366 409.8960846960545 4.576315492391586 4.990543678402901 10.26595247536898 1.021976009011269 4.413653291761875 10.11230143159628 19.3552301004529 4.578758418560028 16.50584448873997 69.42917408049107 11.69733326882124 44.59472486376762 55.103003077209 30.53443998843431 27.71580789983273 0.3158740177750587 0 0 0.3474485874176025 0 0.210035964846611 0 0 0 0 0.2962105572223663 0 0 0 0.3973059952259064 0.4392386823892593 0 0 0 4.144026279449463 5.851229920983315 0 0.1613348424434662 0 15.54319047927856 0 9.40154130756855 8.827072069048882 2.377444088459015 0.4310345053672791 0 0 0 0 0.1229377686977386 0 1.203488700091839 2.329943664371967 0 0 0 0.9579700529575348 0.4825508520007133 0.7425629645586014 0.228172168135643 2.154375277459621 0.1325628906488419 0 0.2000777721405029 0.4628618955612183 1.306686371564865 2.630341351032257 4.797200456261635 0.4505839943885803 0.5776931419968605 0.2730048224329948 0.1735947132110596 0.09370218962430954 0.1949897184967995 0.1157670617103577 0 26.27384226024151 0.3396658003330231 0.1938453167676926 0 0.1166353449225426 4.354999169707298 0 1.063604727387428 2.886412113904953 4.354878887534142 3.952607035636902 3.668702095746994 0.3619145452976227 0.3358623385429382 1.187080949544907 0.2725091576576233 0 0.9482094049453735 0.8948519602417946 0.1929444894194603 0.08143191039562225 30.7376094982028 14.20071670413017 21.40612335503101 763.6145665124059 21.90126698464155 303.0504377484322 33.4215389341116 377.0925784707069 20.52714364230633 3.401232823729515 31.24278188496828 19.99632439762354 1.065036654472351 7.946388244628906 1.537718385457993 28.54421424865723 1.524059504270554 0 0 2.712463855743408 0.6207998991012573 175.0887957513332 25.64202778041363
2353.357300452888 1375.278325773776 23.18344561755657 573.6378333717585 189.5935835391283 451.2007587850094 612.1396303027868 0.7084304094314575 284.2741644158959 1523.750386193395 3.150733962655067 101.7296145558357 1052.63207679987 60.687883682549 0.3364512026309967 0 0 0 0 0 0 0 0 0 0 0 0 0 0 0 30.4043540880084 2.668210446834564 0 0 0 0 0 0 0 0 0 0 0 0 0 0 3.176153123378754 0.4247073978185654 0 0 0 0 0 0 0.8689311221241951 0.2476627454161644 6.814506947994232 98.76100745797157 3.325706399977207 3.414757616817951 0 0 0 26.27673982828856 0.7056905031204224 0.09341536462306976 0.1287244558334351 0.3043480440974236 0 0 0 0.1488642394542694 0 26.28869424760342 2.42409510165453 2.813882574439049 0.351800411939621 0 0.4153704345226288 0 0 0.1993356421589851 1.210027545690536 0 0.3875792995095253 0.2840478494763374 0.1046863794326782 0.1165490970015526 0.09900057315826416 0 0 0 0 0 0 16.86402115225792 0.8951860666275024 0 0.2760674655437469 320.9555216580629 0.2287755757570267 2.310769453644753 2.714467488229275 0.6298904865980148 0 0.8203254044055939 2.94928303360939 0 1.148482352495193 6.508519448339939 0.4349250346422195 2.720883063971996 2.888374052941799 0.5434145033359528 0.7520166635513306 0.7018163204193115 0 0 0 0 0 0 0 0 0 0 0 0 0 0 0 0 0 0 0 0.177111953496933 0 0 0 0 0 0 0 0 0 0 0 0 0 0 0 0 0.5381639003753662 0 0 0 0 0 0 0 0.1393092274665833 0 0 0 0 0 0.3251078724861145 0 0 0 0.08797779679298401 0 0 0 0 0 0.5000346153974533 0 0 0 0 0.2519112825393677 0 0 0 0.6490307450294495 0 0 0 0 0 0.3836617469787598 0 0.1096765026450157 0 0 0 1.458484649658203 0 0.360893651843071 44.4004672318697 0.3069004639983177 14.82179550081491 0.596559002995491 222.234649322927 1.122377403080463 0.09365248680114746 0.9640432223677635 0.4475480318069458 0 0 0 6.524625048041344 0 0 0 0 0 121.0389780029655 5.983276724815369
72.29584845155478 1645.533265955746 588.1668141931295 189.5935835391283 2047.548764958978 11.08913753926754 1798.69354712218 2.735050968825817 4092.475502036512 554.8448271453381 257.9682768136263 48.01450781524181 488.8937932625413 1730.538356535137 3.069335244596004 2.123462572693825 0.1273802667856216 0 0 0.0941132977604866 0 0 0 0 0 0 0 0 0 0 65.78428173065186 13.82358983904123 9.841727837920189 0 0 0 2.06129464507103 0.1707598865032196 0.1862631440162659 0 0 0 0 0.8101541101932526 0 0.2789779603481293 15.68764762580395 2.395067825913429 0.2029995024204254 0.114458903670311 0.2958204001188278 0 0 0 2.150135032832623 1.247274465858936 5.545928493142128 104.1215421929955 5.34655375033617 11.32592513412237 0.2002149596810341 0.7517614960670471 0 72.84318373352289 2.467782735824585 0.8999767825007439 0.2621165737509727 0.2085882052779198 0.1983643099665642 0.09686854481697083 6.768404424190521 0 0 45.88196066766977 9.16296611726284 25.32789329439402 7.41014938056469 0.9567857086658478 1.328555449843407 3.224076561629772 0 1.032090418040752 7.375721223652363 0 2.852982170879841 1.405309930443764 1.018263466656208 0 0.2970635741949081 0 0.08709121495485306 0 0 0 0 19.44110874831676 1.285160481929779 0 0.1899492889642715 17.16531260311604 0 3.523873880505562 5.157270051538944 1.119039461016655 2.391523525118828 2.423378705978394 10.6893408074975 2.657474488019943 9.073559708893299 33.59784859418869 4.744070217013359 19.58998639881611 28.04873218387365 15.64680218696594 11.11789891123772 0 0 0 0 0 0 0 0 0 0 0 0 0 0 0 0 0 0 0 3.589911743998528 0.1283404380083084 0 0 0 5.626995339989662 0.1430807709693909 2.047993496060371 0.7026305794715881 0.1152624860405922 0 0 0 0 0 0 0 0.1594382524490356 0.8944749236106873 0 0 0 0 0 0.2636054381728172 0 0.1136011853814125 0 0 0.3834627866744995 0.9872830510139465 0.9861706495285034 2.114876255393028 1.34625643491745 0 0.0914827436208725 0 0 0 0 0 0 9.711604699492455 0.1130669191479683 0.2458219528198242 0 0.09976526349782944 5.676075801253319 0 0 0 1.899062812328339 0.1315836608409882 0.1837279945611954 0 0 0.335930734872818 0.09715234488248825 0 0.2772767618298531 0 0 0 11.51179701834917 5.616182781755924 7.382056050002575 131.3469870835543 3.413577042520046 53.98944852501154 4.063126154243946 59.33952763676643 4.528468020260334 0.4747927114367485 4.496080636978149 5.898337602615356 0 2.681473754346371 0 12.68644966185093 0.3557439744472504 0 1.045278310775757 0 0 47.07944699376822 11.61157093942165
104.4344533830881 318.853817306459 11.69230280816555 451.2007587850094 11.08913753926754 3.381188035011292 100.0580913573503 3.300057277083397 26.72083703428507 537.9693371653557 7.125983029603958 118.9336444586515 107.8552615195513 56.37104341387749 0 0.169726774096489 0 0 0 0 0 1.552626401185989 0 0 0 0 0.1140026077628136 0.2808015644550323 0 0 120.6318298280239 0 15.92566058039665 0 0 0 19.07872124016285 3.087729498744011 6.443616151809692 0.7640387415885925 0 0 0 0 0 0 0.1709068119525909 0 0 0 0.9972313418984413 3.644097521901131 0.8856551572680473 0.1590349674224854 0 0.3609653264284134 39.01646815240383 93.0136778280139 2.618620201945305 0.5508403033018112 0 4.448773130774498 0 29.05499611794949 0 0.598215639591217 1.195045553147793 0.5192300975322723 0 0 65.2563119083643 502.6566932350397 21.15221335738897 3.11750528216362 1.494779884815216 0.3284251540899277 0 0 0.6198366284370422 8.322712123394012 0 3.133503764867783 0 2.502180643379688 0.2339784204959869 2.033487811684608 0.2705996334552765 7.268847823143005 7.107944078743458 10.67441009730101 1.536803498864174 3.132106617093086 0 0.1501350402832031 0.1277987509965897 453.6520255208015 198.1070550084114 18.41380088031292 30.96173767745495 115.8075572699308 0 0.9042197316884995 0.7223227024078369 0.3742670118808746 0.6335991322994232 0.3154502660036087 0.4377447962760925 0 0.7707000374794006 2.734064996242523 1.224736049771309 1.400908038020134 1.313434265553951 1.125021234154701 1.524695798754692 0.1470517069101334 0 0 0.1572853475809097 0 0.1401342302560806 0 0 0 0 0 0.1613985002040863 0.4066778719425201 0.1894159018993378 0.2381889149546623 0 0.1216490417718887 0 0.1210177838802338 0.4205339699983597 0.5435521602630615 0 0 0.2031832933425903 2.474349282681942 0.1174998059868813 2.128638200461864 3.948445178568363 0.7950866371393204 0.2653136551380157 0 0 0 0 0 0 0.1557333767414093 0.2582257390022278 0 0.1210895553231239 0 0.8783703818917274 0 0.1559557914733887 0 0 0.1658032089471817 0 0 0.8539380431175232 0 0.3175572454929352 0 0 0 0.2604045420885086 0 0 0.1005290821194649 0 0 4.473222687840462 5.807104855775833 0 0 0.1633462309837341 0.3222714364528656 0.2059581726789474 0.2891010344028473 0 0.6370365917682648 0.6308402419090271 0.120016023516655 0 0 0 0 0 0 0 0.1699784696102142 0 3.717796243727207 18.45486717671156 12.56332854926586 6.376250050961971 0.4874897748231888 2.856723248958588 0.6278231590986252 39.8958031386137 0.5054968595504761 0 0.138854131102562 2.16312649846077 0 2.074090868234634 1.057550147175789 3.715937972068787 0 0 0 0 0 48.1484002918005 28.31422586739063
536.0282874032855 3157.555382493883 91.59988709539175 612.1396303027868 1798.69354712218 100.0580913573503 577.9809295907617 6.093870021402836 1327.872449934483 2000.986458882689 56.97278225421906 75.45083942264318 1148.134407132864 1059.063255578279 3.093895561993122 0.5886893719434738 0.2169107049703598 0 0 0 0 0 0 0 0 0 0 0 0 0 58.42279531061649 10.04502239078283 2.466402098536491 0 0 0 1.461825154721737 0 0 0 0 0 0 0.09284648299217224 0.2336003184318542 0 16.76286001503468 2.11993582546711 0.6674009785056114 0.1887274980545044 0 0 0 0.07655012607574463 3.214844971895218 2.891959331929684 11.05178571492434 198.1580293178558 9.419645056128502 15.50371024012566 0.08429651707410812 0.4234093725681305 0 94.89256510138512 2.670710228383541 1.429654389619827 0.4355883225798607 0.6752261817455292 0.3630167618393898 0 2.361237645149231 0 0 76.18798176199198 11.13512357324362 25.96439027041197 4.437927313148975 1.436893157660961 0.7715992778539658 2.353827446699142 0.1108849793672562 1.132332593202591 9.162756934762001 0 2.166292756795883 2.232494153082371 0.9142090827226639 0 0.675027921795845 0 0.168983556330204 0 0 0 0.1362147927284241 31.64788541197777 2.181352555751801 0 0.1466825902462006 62.8341651186347 0.5222738832235336 7.95998615026474 9.212033309042454 2.256101742386818 3.657785266637802 7.254882536828518 16.22840636223555 3.476118057966232 16.98664246499538 51.92754278331995 6.018570996820927 27.2431760802865 37.40429752320051 22.47580267488956 16.112070761621 0 0.4387740194797516 0 0 0 0 0 0 0 0 0 0 0 0 0 0.299840897321701 0 0 0 2.695542454719543 1.297611847519875 0 0 0 4.490350298583508 0 3.331465847790241 3.06720694899559 0.3456545770168304 0 0 0 0 0 0 0 0.4637049436569214 1.760344840586185 0 0 0 1.005015894770622 0 0 0 0.1823760271072388 0.1646534204483032 0.1807342618703842 0.8649487867951393 0.1882789582014084 0 0.9991929233074188 1.133728221058846 0 0 0.1643162742257118 0 0 0.1008929312229156 0 0 12.53697149455547 0 0 0 0 4.662696942687035 0.3082239329814911 0 0.2330214232206345 1.489706844091415 0.8160819485783577 0.9266751408576965 0.1009079664945602 0 0.0968087837100029 0.214075393974781 0 0.7546749860048294 0 0 0 14.11515642702579 5.276102662086487 5.007337719202042 165.3650308102369 5.087668195366859 70.12362984567881 7.037756145000458 161.8620648011565 5.34365925937891 0.676561251282692 5.080912798643112 4.809939786791801 0 1.946360029280186 2.135987937450409 25.24623433500528 0.1293226331472397 0 0 0 0 195.8823869153857 24.02860740572214
34.56354688107967 83.51877255737782 636.1693336367607 0.7084304094314575 2.735050968825817 3.300057277083397 6.093870021402836 248.9006944522262 284.2092854380608 23.06689950078726 555.2538282498717 141.7298096567392 55.68672513961792 1545.216639131308 50.08605378866196 32.82768557220697 5.244243040680885 3.261128112673759 1.475188620388508 6.074479460716248 10.85022829473019 9.568892866373062 0.8444381207227707 0 3.108972072601318 2.305083900690079 0.1681920737028122 4.629401408135891 0.4702396392822266 0 893.7575140558183 1698.815537899733 109.7734655365348 7.665554486215115 0 11.36920474469662 51.30394688248634 16.90906649082899 12.31804867088795 2.733842134475708 5.144656978547573 3.215157642960548 11.96677499264479 28.72448997199535 12.42438171058893 44.40887907147408 124.9207341820002 14.4047684520483 4.372611053287983 31.82901330292225 30.46451944857836 6.650598153471947 6.84902212023735 8.018938645720482 8.795554250478745 5.230151891708374 33.57044962793589 447.5949356257915 17.18411036580801 65.42216725647449 25.32696533948183 29.0509580001235 8.718606233596802 831.6442889422178 7.955811195075512 11.15270269662142 8.428041443228722 47.02555368095636 109.6805573627353 11.36522793769836 39.92001665383577 6.769188463687897 0.4977892637252808 177.0790066830814 57.99469568580389 181.2285434380174 131.950132869184 83.32569505274296 2572.838965669274 280.3407350853086 124.2350777313113 1053.324242152274 30.51283390074968 0.1765985265374184 10.56726709753275 7.130374483764172 23.5050928145647 0.08323317766189575 3.119242504239082 1.596504881978035 3.551049970090389 2.005931086838245 53.036975286901 4.797412566840649 4.035308785736561 115.7313746809959 27.59343737363815 0.5294989943504333 11.01953025907278 46.32960889488459 1.604839086532593 2.609835177659988 4.441226489841938 1.524485260248184 7.40602583438158 5.43069114536047 9.753144845366478 6.191403269767761 14.23376059532166 30.57585211843252 10.44919560104609 30.63821365684271 35.01543775200844 19.69910150021315 25.56144367903471 2.00170074403286 0.4250908568501472 0.400195300579071 0.4596685469150543 0.333084374666214 0 0.3143474757671356 0.1073102280497551 0 0.3172411546111107 0.7810660302639008 0 0.2647220194339752 0.1269630640745163 0.3185757398605347 0.6285756081342697 0.9028295278549194 0.2748838663101196 0.8886213451623917 7.667246140539646 1.452823027968407 0.3484158366918564 2.615498691797256 0.2718007117509842 13.96608133614063 1.980394974350929 12.03789783269167 15.1747746989131 4.260899744927883 0.730751246213913 0 0.1358599066734314 0.194806769490242 1.281805604696274 3.168673619627953 1.204454854130745 0.655836209654808 1.54266170412302 0.481096476316452 1.065998241305351 1.065677165985107 4.039107300341129 2.441240884363651 0.824796549975872 0.4216622114181519 1.366439521312714 0.1608934700489044 0.4597159624099731 0.1190143078565598 3.623362213373184 5.329543128609657 2.774002686142921 2.820173233747482 0 0.2715536281466484 0.4338756799697876 0.9973854571580887 0.6259424388408661 0.419621579349041 0.2956767678260803 0.1357228457927704 23.99051655828953 5.717983312904835 0.4858213365077972 0.1406833380460739 0.7383080124855042 5.340131431818008 1.185306757688522 0.568284884095192 3.552154123783112 6.199477002024651 5.377387441694736 1.037768095731735 1.261275686323643 0.2629055082798004 0.5210843533277512 0.9524552747607231 0.1132493168115616 0.9675307646393776 1.194825984537601 0.08665323257446289 0.1991434246301651 20.68115899711847 27.41298274695873 38.59066240489483 938.1518495380878 44.84060944616795 325.3788958713412 60.95767798274755 179.6190951243043 18.15485525876284 3.208999037742615 30.68890261650085 20.734390668571 1.046984031796455 10.72205136716366 3.104145109653473 9.593991719186306 1.59414204210043 0 0.9049954414367676 2.90073224902153 1.586799249053001 88.3325017541647 20.14356161653996
31.03272393345833 1389.045198008418 1060.735029742122 284.2741644158959 4092.475502036512 26.72083703428507 1327.872449934483 284.2092854380608 701.1467536091805 1167.707227699459 1122.382008425891 473.0489983856678 1385.240523204207 687.0351963564754 10.57493691146374 6.084172546863556 1.842157050967216 0.2019005492329597 0.08462071418762207 0.2600021958351135 0 0 0 0.1582928746938705 0 0 0 0.09146227687597275 0 0 51.05681344121695 25.71656177192926 24.98425828665495 0 0 0 8.386123135685921 0.1504371464252472 0.4640552699565887 0.3247258886694908 0.08473962545394897 0 0 2.700020290911198 0.675360843539238 0.3872687816619873 37.92793101072311 4.006300136446953 0.5814025104045868 0.5228653475642204 0.1315800100564957 0.152967780828476 0.165326863527298 0 3.778976678848267 2.227965392172337 10.34937895834446 106.4617850929499 6.34367960691452 23.11239075660706 0.1288269311189651 2.805519387125969 0 108.7318555340171 3.399452708661556 2.963403642177582 0.9577336832880974 0.9733886644244194 0.924505427479744 0 17.79368199408054 0.1915487051010132 0.09670712053775787 62.57606644928455 17.88621710985899 52.99264091998339 22.80164477229118 6.326961159706116 19.00485873967409 8.466758139431477 0.4749380424618721 6.079328075051308 11.55809033662081 0 2.651009976863861 1.615700729191303 2.176913611590862 0.2042905539274216 0.4996877908706665 0.1593011319637299 0 0.1029120907187462 0.4448724836111069 0.1577356159687042 0 75.5610303580761 10.26367211341858 0 1.806708872318268 13.98275737464428 2.85077527910471 14.21363612264395 24.00474667549133 8.357789263129234 14.85158661007881 21.75550657510757 48.20675603300333 11.74724858999252 50.85860939323902 170.8207994475961 21.96957103163004 86.53070797026157 157.4057359695435 65.78502437472343 67.46989059448242 1.134234063327312 0.3514893278479576 0 0 0 0 0 0 0 0 0.1606403589248657 0 1.487889051437378 0 0 0.3010894730687141 0 0 0 7.130455233156681 9.558085575699806 0 2.656115651130676 0 17.17330361902714 0.3999177217483521 16.33242453634739 6.850371271371841 2.232882402837276 0 0 0 0.097162164747715 0 0 0 0.6289297938346863 2.655178055167198 0 0 0.1644180417060852 1.482835151255131 0 0.2720004469156265 0 1.228381924331188 0.6648072302341461 1.461220279335976 2.251673765480518 1.382951498031616 1.336053967475891 4.619589358568192 6.495874732732773 0.1166010946035385 0.3262559473514557 0.08993089199066162 0.1006490364670753 0 0 0 0 40.07515837997198 0.6126019656658173 0.1210697740316391 0 0.2411353066563606 16.96361420303583 1.074968546628952 3.043178096413612 2.859077125787735 4.044831536710262 4.034375287592411 2.287112087011337 0.7201347351074219 0.1249007508158684 0.5406906679272652 0 0 0 0.1815415769815445 0.1002812311053276 0 54.94940409809351 20.92212129384279 25.68968026340008 363.3786087706685 9.296086825430393 114.7525419965386 15.49051712453365 125.1922102272511 6.965320788323879 1.204637177288532 12.2542906999588 20.75826419889927 1.100082904100418 7.472821041941643 2.175117880105972 34.67148005962372 0.8785400390625 0 0 1.077510178089142 0.1169271692633629 237.1140508875251 52.30293285101652
1527.435726478696 2240.559120923281 446.5493053719401 1523.750386193395 554.8448271453381 537.9693371653557 2000.986458882689 23.06689950078726 1167.707227699459 1986.327922597528 106.4390537366271 1300.575460940599 7236.603934854269 1310.695810928941 1.030323386192322 0.4266296178102493 0 0 0 0 0 0 0 0 0 0 0 0.1289318352937698 0 0 98.27217345684767 4.539185933768749 125.2131280228496 0 0 0.597913384437561 46.49018467962742 0.5866875797510147 1.864577457308769 0 0 0 0 0.2918469160795212 0.09117817133665085 0.1042286977171898 9.818951897323132 1.182235613465309 0.2170851528644562 0.3662626966834068 0.1280634254217148 1.115778937935829 0.4973142147064209 0 1.256420969963074 0.8253589496016502 45.11430359631777 170.9550949260592 7.802515365183353 6.284390471875668 0 1.368135869503021 0 64.60970748215914 1.375163957476616 1.057436779141426 0.1020821705460548 0.07368744164705276 0.1874142810702324 0 49.12357822805643 33.6082806289196 2.13952000439167 42.11256274580956 9.499068357050419 9.381298005580902 1.225919336080551 1.005844004452229 3.146174266934395 6.129331894218922 0.1138013675808907 2.416689082980156 3.715162791311741 0.6361648365855217 1.104064367711544 0.4877277687191963 0.9029014706611633 0.5309319570660591 0.804973229765892 0.8253820016980171 0.2880436107516289 0.546411857008934 0 0 0 306.7026678100228 58.01646123826504 1.459316611289978 6.725515067577362 528.2216658219695 1.398882359266281 67.98069766163826 80.26813543587923 41.14804770797491 9.814309164881706 33.17317669093609 133.8782414421439 22.89071056991816 82.87499904632568 299.8903692960739 21.95003522187471 113.1700863912702 185.7862634211779 89.20487840473652 50.06672775000334 0.4081117510795593 0.2343119531869888 0 0 0 0 0 0 0 0 0.1060497909784317 0 0 0 0 0 0.2784767001867294 0 0 8.061104297637939 2.290794275701046 0 0 0 10.20181275904179 0 4.617109663784504 2.558119744062424 1.113538786768913 0 0 0 0 0 0 0 0.4155863672494888 0.8649279326200485 0 0 0.1152129545807838 0.176837831735611 0 0.1089240834116936 0 0.1005095019936562 0.5419079512357712 1.613943129777908 7.392795078456402 0 0 4.785355262458324 7.972804144024849 0 0.1368921399116516 0.2803851664066315 0.1839072555303574 0 0 0.140678808093071 0 29.09579829126596 1.83869207650423 0.1299186050891876 0 0 9.153566621243954 0.5897394418716431 1.720479071140289 1.533337607979774 2.512444615364075 1.939037375152111 3.046838521957397 0.07857317477464676 0.1423455029726028 0.1043111532926559 0 0 0.09930318593978882 0 0 0 60.35178203135729 8.366788789629936 12.34352990239859 340.0560511872172 1.913037054240704 39.11207927763462 2.174744196236134 596.3542606681585 2.239677965641022 0.1112575754523277 3.493438020348549 14.48414762318134 0.9988668262958527 7.401469439268112 1.220463596284389 172.4316566437483 0.8283060342073441 0 0 0 0 1244.299885600805 190.4136364459991
62.34649901092052 151.8103176057339 983.4535995274782 3.150733962655067 257.9682768136263 7.125983029603958 56.97278225421906 555.2538282498717 1122.382008425891 106.4390537366271 534.7873867973685 240.6211279630661 230.1184848323464 2413.834117226303 25.97747871279716 21.39840912073851 2.804675251245499 0.4827671051025391 0.1157908961176872 0.1086805090308189 0.5766168236732483 3.580613039433956 0 0.3794949054718018 0.7743788361549377 0.5420954972505569 0 1.184906244277954 0.9489173889160156 0 281.8134931325912 387.3718648403883 1105.937534272671 0 0 2.421326011419296 226.8419545590878 43.44528411328793 27.45076540857553 1.484363600611687 0.4977840632200241 1.496190577745438 0.2389315068721771 5.240630358457565 0.8011445328593254 1.938602983951569 69.27973511070013 5.854760989546776 1.958866938948631 1.775948956608772 3.520632818341255 4.826668679714203 11.88535454124212 3.510475635528564 3.918721072375774 2.991207025945187 14.12397195398808 166.6969760805368 7.940000206232071 36.45523080229759 1.794271774590015 109.6675138622522 0 183.7380511760712 5.116588734090328 2.844228364527225 1.01946684718132 4.587063647806644 3.93197251111269 1.079108506441116 173.9157315939665 5.842276751995087 0 83.63577946648002 25.31476884335279 99.47810058295727 48.98076018691063 23.25364253669977 583.5750886946917 240.0966313928366 2.970792628824711 234.7458834424615 15.78925222158432 0.1802131533622742 4.776839651167393 3.016648478806019 4.599995784461498 0.3906858786940575 1.47172687202692 0.9461957067251205 0.6102675795555115 1.213335484266281 2.989069141447544 0.4933099970221519 0.6407469063997269 233.2852790281177 37.3707192838192 0.7413488626480103 28.43707780539989 22.03566525876522 0.690581202507019 6.621606804430485 10.87947847694159 2.024859204888344 12.16772586107254 9.387956604361534 15.86325684189796 7.42132393270731 21.86549048870802 66.95860833674669 17.84599103778601 51.76211273670197 81.15493506193161 37.06516948342323 45.75899101048708 0.9463209733366966 0.3084871172904968 0 1.320759437978268 0 0 0 0.5983434095978737 0.2364304214715958 0.2739036679267883 0.1998508423566818 0 0.4028461650013924 0.1361097544431686 0.2727442234754562 1.36807282269001 1.404179751873016 0.27773766964674 0.464291550219059 9.72916417568922 7.594087965786457 0.1423143744468689 1.729179933667183 0.12356948107481 26.21618062257767 1.620813593268394 19.73346621543169 12.50243943184614 3.413909427821636 0.1555488705635071 0 0.09449797868728638 1.040297269821167 0.7621408700942993 0.7589927092194557 0 0.3248873203992844 4.363238804042339 0.7421240583062172 0 0.3690161257982254 6.433854483067989 2.549587845802307 0.1806272566318512 0.1119464859366417 0.2701951041817665 1.526927068829536 3.544990763068199 0 3.131757572293282 4.360174462199211 4.869341015815735 5.923984281718731 0.2520889565348625 0.2728569582104683 0.1717305779457092 0.4593455418944359 0 0.07391331344842911 0.1787905544042587 0.1763017028570175 41.60027615725994 2.747510254383087 0 0 0 12.14059002697468 0.7126569300889969 1.794856399297714 2.100293084979057 5.332078173756599 3.894880384206772 1.850867681205273 1.750561915338039 0.07907199114561081 0.4188615083694458 0.2902444079518318 0 0.2836804836988449 0.2259200811386108 0 0.1007769331336021 43.30259989947081 37.93192106485367 42.16290221363306 680.6162157803774 18.32727116346359 189.2003811225295 31.30184013396502 131.530498161912 9.601451002061367 2.218762613832951 23.31259644776583 30.05429637432098 0 15.90507604181767 2.142951369285583 22.88239939510822 2.352664709091187 0 0.456955760717392 3.531443059444427 1.234083987772465 91.28172624111176 41.07661284506321
4.679040521383286 159.9010265618563 106.2649369686842 101.7296145558357 48.01450781524181 118.9336444586515 75.45083942264318 141.7298096567392 473.0489983856678 1300.575460940599 240.6211279630661 166.8251013457775 1332.719840496778 971.4471205174923 5.720038019120693 5.292330823838711 0.1103197038173676 0.1360307484865189 0 0 0 0.5194813907146454 0 0 0 0 0 0 0 0 0.2245470136404037 2.014845982193947 81.27054984122515 0 0 0.6532306671142578 238.458869099617 7.421141892671585 13.96333143115044 0.4646067470312119 0 0.1357234418392181 0 0.561396524310112 0 0.09511780738830566 4.384284406900406 0.3416227698326111 0.153723806142807 0 0 0.3607196360826492 4.485462665557861 0.3956088721752167 0.4074015840888023 0.09338700026273727 3.242000512778759 3.627080112695694 0.3217265158891678 2.188914693892002 0 7.176521271467209 0 4.320863410830498 0 0.4086481556296349 0 0.1232743635773659 0.4579375684261322 0 160.6957530081272 12.57397881150246 1.194123923778534 2.713327042758465 1.115664668381214 5.857737429440022 3.764719493687153 1.999936044216156 7.501351423561573 31.03058099746704 0.8061940968036652 8.780245721340179 0.217556469142437 0 0.1822424829006195 0.1926434859633446 0.1219999939203262 0.6469829455018044 0.1113042682409286 0.7386003881692886 0.1482654362916946 0.127966582775116 0 0 0 341.9226956069469 33.28677748143673 1.46977524459362 25.65027065575123 23.24934670329094 3.462967544794083 7.325328961014748 9.343533717095852 1.632813215255737 6.584054388105869 11.60189497470856 29.63282855600119 6.168860979378223 27.63321876525879 73.61828030645847 14.79988291114569 56.77619653940201 90.95059817284346 42.82555492222309 31.03472466766834 0.3243798911571503 0.210514098405838 0.1129109114408493 0 0 0 0 0 0 0 0.114579051733017 0 0 0 0 0.1346990913152695 0 0.1258763521909714 0 8.597528405487537 2.400307662785053 0 0.1424161344766617 0.1304955184459686 10.01542969793081 0 5.545426703989506 4.889761246740818 3.417765252292156 0.5756539702415466 0 0.1268661171197891 0.5074703693389893 0.2459463626146317 0.5866437554359436 0 0.9374657869338989 1.020926915109158 0 0.1221911907196045 0.2456343472003937 0.6027487963438034 0.1659058630466461 0 0.3803993761539459 0 0.5606366842985153 0.1329835504293442 0.2510124146938324 0 1.160757452249527 4.32578743994236 4.849821053445339 0 0.1983644664287567 0 0 0 1.924407005310059 0 0 27.34850464016199 0.9604552462697029 0.1215951070189476 0.1333305686712265 0 7.689830020070076 0.4670393615961075 1.056897044181824 3.148795388638973 2.773811370134354 5.859285145998001 1.756741106510162 0 0 0 0 0 0 0 0 0.1373488903045654 42.80637640506029 18.20517341792583 19.94978411495686 142.6876969188452 1.530601300299168 20.18265324085951 6.410951368510723 30.00163067877293 0.1276798844337463 0.4873198270797729 4.335797518491745 9.698929943144321 0.1635459065437317 11.80562853813171 2.367733851075172 13.85176980495453 0.7373261526226997 0 0.7154264450073242 0.4647162333130836 0.8251760005950928 383.1768709644675 60.55878388136625
22.77743031084538 769.9517574682832 66.33134677261114 1052.63207679987 488.8937932625413 107.8552615195513 1148.134407132864 55.68672513961792 1385.240523204207 7236.603934854269 230.1184848323464 1332.719840496778 1199.259194895625 3394.232340693474 10.80671883374453 8.921026110649109 0.9212694019079208 0.1880422383546829 0.1058985814452171 0 0.5110945105552673 1.098114155232906 0 0 0.2792416512966156 0 0 0.2033820003271103 0.1574456393718719 0 2.881089724600315 4.005036063492298 262.9567233026028 0 0 0.2546645104885101 129.7532559782267 8.163991153240204 18.33193901181221 0.4317445605993271 0.2468030601739883 0.2879701927304268 0.125382587313652 1.182509452104568 0.1389008462429047 0.1009178161621094 15.35467808693647 0.460109181702137 0.2982965260744095 0.6078356876969337 0.242975540459156 1.212871849536896 5.720550388097763 0.1567137688398361 0.3311164677143097 0.2038698345422745 4.492155887186527 21.55125827342272 1.259811326861382 3.967541351914406 0.3411232456564903 5.764615878462791 0 18.94449826329947 0.1237774714827538 0.3598787263035774 0 0.355797752737999 0.850935772061348 0 118.4225699305534 1.918103456497192 0.1485781520605087 7.023416839540005 2.571572415530682 14.98310315608978 7.993419118225574 5.595083370804787 13.32202299684286 42.27673435211182 0.9512580782175064 9.529772654175758 0.9281914383172989 0.113508366048336 0.8387732803821564 0.4020120725035667 0.4883941411972046 0.4559211358428001 0.4995215907692909 0.5434364527463913 0.201392725110054 0 0.4905171245336533 0 0.1477201133966446 1007.114209190011 25.77616818249226 0 20.47056502103806 25.51559282839298 4.199362114071846 19.95576412975788 22.5316858291626 13.2962739020586 13.23796156048775 23.02972180396318 56.48448434472084 10.26744595170021 54.6563733741641 149.5210591033101 28.12031539529562 109.823166295886 156.3525663763285 74.24773506075144 56.33589545637369 0.9400286823511124 0.2110858559608459 0.5772437155246735 0 0 0.1065900772809982 0 0 0 0 0.1566578149795532 0 0 0 0.117453396320343 0.2614504247903824 0.4293355494737625 0.6252540349960327 0 11.13035947829485 6.974537469446659 0 0 0 19.35496300458908 0.428310364484787 10.78218258172274 9.420692831277847 0.4087476953864098 0 0 0.1024616435170174 0.131564199924469 0 0.3894220888614655 0 1.320144385099411 3.746559306979179 0 0.1432851701974869 0.2113130241632462 1.268454626202583 1.161867618560791 0.247770220041275 0 0 0.6072189509868622 1.559926636517048 1.944027900695801 0.3691793829202652 0.9625542759895325 3.607416361570358 6.101883791387081 0 0.2494665160775185 0 0 0 0 0 0 56.1319669559598 1.1412283629179 0.3132952824234962 0 0 12.25522524118423 1.673878699541092 1.299031481146812 4.616347849369049 5.698695816099644 6.782600603997707 2.371531739830971 1.229018181562424 0 0 0.1111086085438728 0 0 0.09889309108257294 0 0 74.73032157868147 25.90725159645081 37.38883219659328 318.7674283757806 3.073805652558804 45.30077394098043 15.24934946745634 72.45885967463255 1.21711478382349 0 10.07111544907093 21.32422002404928 0 21.79163618385792 1.48067769408226 40.26415758579969 2.438373275101185 0 0 2.374468043446541 0.1210987195372581 584.7975634038448 104.8508026301861
