10.68601158261299 3534.547751449049 260.3926023617387 1653.500754870474 499.0626153126359 22.15090370178223 2807.515490658581 434.8618354648352 1048.493564158678 2006.706868089736 1115.562581174076 36.34819859266281 68.88294700533152 85.89299961924553 1.621920667588711 0.5454157441854477 1.641088776290417 0.7303023561835289 0.502899743616581 0.524930365383625 0.2296013236045837 0 0 0.0794665515422821 0.7008763626217842 0.1910620480775833 0 0 0 0 369.0486899837852 11.21244633197784 9.841858692467213 0.2434342429041862 0 1.588627077639103 1.608142867684364 1.836047202348709 1.506817616522312 0.5220695808529854 0 0.08321445435285568 0.4843265973031521 0.3221685290336609 1.129274256527424 0 54.00458990037441 4.586928389966488 1.080214638262987 0.1971986442804337 0.587807759642601 0.2237800657749176 0.2238632962107658 0.09856245666742325 12.23342397809029 6.883683711290359 362.5141981989145 1769.526321068406 206.8074067085981 156.8841311819851 1.51442289352417 9.42554859817028 0.2519272267818451 3.792907498776913 7.758504547178745 3.914704836905003 0.5232656970620155 0.07733606547117233 0.7059919908642769 0.4477544724941254 1.846023246645927 0 0.1056127324700356 211.7751884870231 3.582192946225405 2.626960027962923 0.3557631634175777 0.8744244873523712 8.878144927322865 10.55782750993967 0 13.36643410474062 26.83583241701126 1.108849033713341 2.823067367076874 5.798692680895329 0.0763319730758667 0.4406601116061211 0.3680389747023582 0.538050003349781 0.574286162853241 0.8070362880825996 0.2249410301446915 0.1976898834109306 0.2042569294571877 0.07636963576078415 0 0 1.028636440634727 1076.494282916188 0 0 0 0 0 0 0 0 0 0 0 0 0 0 0 0 0 0 0 0 0 0 0 0 0 0 0 0 0 0 0 0 0 0 0 0 0 0 0 0 0 0.357503741979599 0 0 0 0 0 0 0 0 0 0 0 0 0 0 0 0 0 0 0.08927179872989655 0 0 0 0 0 0 0 0 0 0 0 0 0 0 0 0 0 0 0 0 0 0 0 0 0 0 0 0 0 0 0.1007542982697487 0 0.111479140818119 0.09678801894187927 0 0 0.1029890924692154 0 0 3.718158185482025 9.257564321160316 58.05786715820432 4.574002839624882 576.2044486701488 0.6859353929758072 0 0.3453642576932907 0 0.2103416100144386 0.0706355944275856 0 0 0 0 0 0.536344975233078 0 92.60631522536278 0.3071902245283127
3534.547751449049 508.6727750226855 500.3557545468211 429.3648228049278 2992.767126537859 8.165655598044395 4837.84709687531 504.920359455049 4094.86546369642 132.1208076775074 2258.64225076139 0.7328998148441315 1053.521077156067 1623.13010879606 4.591714449226856 0.68650783598423 0.6662901639938354 0.2495427429676056 0 0.3472633063793182 0 0.1206021532416344 0 0 0.2039842084050179 0 0 0 0 0 2119.45164809376 3.713220544159412 4.980259209871292 0 0 0.5152047947049141 0.3442651107907295 0.6669960096478462 0.647032231092453 0.3853001147508621 0.2511269375681877 0.116591788828373 0.08953296393156052 0.1575132310390472 0.2603707760572433 0 73.2942004725337 4.463839940726757 0.9526437893509865 0.07968156039714813 0.8218677937984467 0 0 0.08825428038835526 13.84387350082397 9.301930755376816 127.5038006752729 907.7249830290675 121.9334510564804 191.3700639307499 0.4708711579442024 1.971712246537209 0.1309515684843063 2.679964877665043 5.981070712208748 3.483847856521606 0.4930617362260818 0.1387810856103897 0.0694565549492836 0.2634430304169655 1.775629609823227 0 0 211.1823874600232 11.28794841468334 11.52164057642221 1.73371447622776 0.3790649026632309 1.87326654791832 2.616267465054989 0 3.696378044784069 26.019426882267 2.614711344242096 1.658030070364475 5.256003379821777 0.6017448604106903 0.1128572821617126 0.6245847716927528 0.5847768262028694 0.7238281592726707 1.072949878871441 0.239783763885498 0.6087197512388229 0.4083005338907242 0.1336814761161804 0 0 0 774.646653495729 0 0 0 0 0 0 0 0 0 0 0 0 0 0 0 0 0 0 0 0 0 0 0 0 0 0 0 0 0 0 0 0 0 0 0 0 0 0 0 0 0 0 0 0 0 0 0 0 0 0 0 0 0 0 0 0 0 0 0 0 0.09462302923202515 0 0 0 0 0 0 0 0 0 0.09358221292495728 0 0 0 0 0 0 0 0 0 0 0 0 0.09544061124324799 0 0 0 0 0 0 0 0.3135043829679489 0.146920844912529 0 0 0 0 0 0 0 3.725580044090748 8.915645532310009 112.8107654005289 9.860960260033607 310.1195021048188 2.383362747728825 0.2685847133398056 1.048553138971329 0 0 0.07911247760057449 0 0 0 0 0 0 0 38.90382741391659 0.2315554916858673
260.3926023617387 500.3557545468211 28.99517799913883 0 360.2834825068712 0 177.241633951664 1439.88862362504 1477.215905889869 0.6590120792388916 5841.317013334483 5.46628449857235 70.9433750808239 365.0996257811785 22.90854933857918 9.477802567183971 14.34244278073311 5.144153468310833 5.492253482341766 5.48926005512476 0.4131201729178429 1.052974134683609 0.4938340783119202 0.7301628366112709 7.551051639020443 0.532116211950779 0 0.3926225379109383 0.3559146001935005 0 1491.766838647425 414.8100817725062 25.06763599812984 2.066737338900566 0.8168467953801155 16.67786138504744 7.609184838831425 18.73774770647287 7.452804654836655 4.401669703423977 0.9330880716443062 0.08091669529676437 5.755141291767359 9.256200343370438 10.75078654289246 0.3486870229244232 54.36283116787672 0.9169342219829559 3.057919383049011 2.459656290709972 0.5134519338607788 0.172188475728035 2.017368644475937 0.1156608015298843 2.951943978667259 2.810551673173904 24.31455902382731 157.9986654222012 32.69712101668119 86.47937091439962 58.11797136068344 74.12652680277824 11.0015856474638 327.4927582070231 2.808860093355179 1.628753341734409 0.3050947785377502 0.4890963062644005 3.188854701817036 1.663349777460098 11.47159969806671 0 0 107.8022901117802 39.05936383828521 23.07763632759452 16.0211930796504 17.6520072594285 267.1391249671578 82.09640802443027 1.174316853284836 79.13349194824696 9.043152071535587 0.8859679363667965 0.8077753111720085 2.073612555861473 0.9808238968253136 0 0.5788327157497406 0.2693640440702438 0.3105052188038826 0.2232389152050018 1.30037447810173 0.7065843120217323 1.414651930332184 1.159405536949635 0.9388954341411591 0 4.491631761193275 48.86981687694788 0 0 0 0 0 0 0 0 0 0 0 0 0 0 0.08382901549339294 0 0 0 0 0 0 0 0 0 0 0 0 0 0 0 0 0 0 0 0 0 0 0 0 0.1396059989929199 0 0 0 0 0 0 0 0 0 0 0 0 0 0 0 0 0 0.1218544319272041 0 0 0.08316495269536972 0 0 0 0 0 0 0 0 0 0 0 0 0 0 0 0 0 0 0 0 0 0 0 0 0 0 0 0 0 0 0.0758465901017189 0 0 0 0 0 0.3407708182930946 0 0 22.69446562230587 3.841046333312988 77.57571175694466 18.17457101494074 5.522369757294655 2.282349146902561 0.6113291233778 2.556711316108704 0.2853907346725464 0 0 0 0 0 0 0 3.06960816681385 0.2840386629104614 11.40985904633999 0.1668654605746269
1653.500754870474 429.3648228049278 0 496.8376124948263 64.69489055871964 773.0788039565086 2055.091398388147 0.5112934857606888 280.4276731908321 1733.891009926796 16.17832367122173 89.04189802706242 770.9895871579647 628.088779270649 0 0 0 0 0 0 0 0 0 0 0 0 0 0 0 0 28.66784173250198 0 0.4152942001819611 0 0 0 0 0 0 0 0 0 0 0 0 0 4.141113147139549 0.3859870955348015 0 0 0 0 0 0 0.3195812553167343 0.114566408097744 21.55455560982227 28.00489792227745 8.701276481151581 8.481470577418804 0 0 0 0 0.3365273550152779 0.1205915883183479 0 0 0 0 0.3356367349624634 0 0 8.103187665343285 0.1055704653263092 0.1410157382488251 0 0 0 0 0 0 1.104923136532307 0 0.09993059933185577 0.3341572508215904 0 0 0 0 0 0 0 0.09277155250310898 0 0.6373459696769714 0 0 0 1002.709088042378 0 0 3.159776329994202 5.959972739219666 0 78.12715631723404 0 0 4.401054263114929 0 0 0 0 0 0 0 0 0 0 0 0 0 0 0 0 0 0 0 0 0 0 0 0 0 0 0 0 0 0 0 0 0 0 0 0 0 0 0 0 0 0 0 0 0 0 0 0 0 0 0 0 0 0 0 0 0 0 0 0 0 0 0 0 0 0 0 0 0 0 0 0 0 0 0 0 0 0 0 0 0 0 0 0 0 0 0 0 0 0 0 13.48227452486753 0.5957754105329514 1.96675506234169 0.1496914774179459 1035.070496223867 0 0 0 0 0 0 0 0 0 0 0 0 0 69.81846787780523 0.1332806646823883
499.0626153126359 2992.767126537859 360.2834825068712 64.69489055871964 500.9199113845825 0 1672.452278450131 2.782931722700596 2128.723896250129 4.534551054239273 32.82790732383728 0 245.9396464526653 700.5624280571938 5.246188573539257 0 2.107602208852768 0 0 0 0.07857831567525864 0 0.09096487611532211 0.1598246246576309 0 0.3594160377979279 0 0.1248494237661362 0 0.09882441908121109 149.5446207597852 0.8174707293510437 0 0 0 0 0 0 0 0 0 0 0 0 0 0 67.26969841122627 1.107814706861973 0.1418796926736832 0 0 0 0 0.1087256371974945 4.697495877742767 2.150052584707737 17.41797549277544 55.20931992679834 29.63584779202938 94.09338427335024 0.06586944311857224 0.3640805780887604 0 2.73409415781498 2.367108546197414 1.488323263823986 0.366974376142025 0.08407102525234222 0 0 0 0 0 58.9569423571229 7.578726291656494 11.75234209001064 9.537854060530663 0.1344930827617645 0 0 0 0 8.93938122689724 0.4656985774636269 1.106299303472042 2.241699162870646 0.09045291692018509 0 0.1527153998613358 0 0.3713475540280342 0.4139483943581581 0 0.3303984254598618 0 0 0 0 0 38.99219515174627 0 0 0 0 0 0 0 0 0 0 0 0 0 0 0 0 0 0 0 0 0 0 0 0 0 0 0 0 0 0 0 0 0 0 0 0 0 0 0 0 0 0 0 0 0 0 0 0 0 0 0 0 0 0 0 0 0 0 0 0 0.1751149073243141 0 0 0 0 0 0 0 0 0.09826290607452393 0 0 0 0 0 0 0 0 0 0 0 0 0 0 0 0 0 0 0 0 0 0.2349750697612762 0 0 0 0 0 0 0 0 5.737006053328514 2.653691567480564 105.856746584177 19.40343141555786 26.78048465400934 4.664396710693836 0.3023149445652962 0.6578389108181 0 0 0.1483139395713806 0 0 0 0 0 0 0 15.17572655528784 0
22.15090370178223 8.165655598044395 0 773.0788039565086 0 0 54.83188889920712 0 2.131090372800827 691.8481570631266 0 23.62876001000404 19.06655931472778 13.75999510288239 0 0 0 0 0 0 0 0 0 0 0 0 0 0 0 0 0 0 0 0 0 0 0 0 0 0 0 0 0 0 0 0 0 0 0 0 0 0 0 0 0 0 134.8071106076241 2.700877785682678 0.4066468477249146 0 0 0 0 0 0 0 0 0 0 0 0.3431601226329803 0 0 0.4750781357288361 0 0 0 0 0 0 0 0 0 0 0 0 0 0 0 0 0 0.2280929386615753 0 0 0 5.101873517036438 0 0 0 493.673489138484 0 0 0 0 0 0 0 0 0 1.037636399269104 0 0 0 0 0 0 0 0 0 0 0 0 0 0 0 0 0 0 0 0 0 0 0 0 0 0 0 0 0 0.3682190775871277 0 0 0 0 0 0 0 0 0 0 0 0 0 0 0 0 0 0 0 0 0 0 0 0 0 0 0 0 0 0 0 0 0 0 0 0 0 0 0 0 0 0 0 0 0 0 0 0 0 0 0 0 0 0 0 0 0 0 0 0 55.69251850247383 0 0 0 459.5293237119913 0 0 0 0 0 0 0 0 0 0 0 0 0 178.5626092851162 0
2807.515490658581 4837.84709687531 177.241633951664 2055.091398388147 1672.452278450131 54.83188889920712 161.2807688117027 0 85.90803778171539 1195.537808209658 1.749874748289585 314.7533833384514 676.3092576861382 94.51655343174934 11.31435463577509 0.2893222644925117 2.029996141791344 0.1151258796453476 0 0.08191338926553726 0.2360175251960754 0.2027642875909805 0.1999733299016953 0.2159057781100273 0.4288347363471985 0.5466001555323601 0 0.6520586982369423 0.08507347851991653 0.07162606716156006 189.2174770757556 0.4857993423938751 3.729709923267365 0 0 1.124941170215607 1.880313962697983 0.41547030210495 2.121352836489677 1.631371259689331 0.242377333343029 0.355397492647171 0 0.2945278286933899 0 0 104.9726628065109 2.721366740763187 2.378243148326874 0.3850674033164978 0.6040866896510124 0 1.056958317756653 0.2699265629053116 7.617817461490631 6.101672671735287 60.04213307052851 158.6477297693491 82.24567544460297 172.9608560502529 0.3538767993450165 0.3193390369415283 0 3.708655804395676 4.146631456911564 3.207141615450382 0.2933104112744331 0.2105913907289505 0 0 3.627503991127014 0.5579198151826859 0 147.2737002521753 10.76943948864937 23.09128500521183 7.832964077591896 0.1607754975557327 0.2063243240118027 0.08446109294891357 0 0.1612645834684372 20.37309198081493 1.747874349355698 1.407313756644726 3.72971660643816 0.2772827073931694 0 0.6419806331396103 0.5106977671384811 0.8744632303714752 0.9192411825060844 0 0.4541735649108887 0.199414849281311 53.95104597508907 3.229608148336411 0 7.916846826672554 386.1147733777761 0 0 0 0 0 16.92288082838058 0 60.80320572853088 1.744798600673676 0 0 22.23627460002899 1.075706362724304 0 0.2154664546251297 0 0 0 0 0 0 0 0 0 0 0 0 0 0 0 0 0 0 0 0 0 0 0 0 0 0 0.3587541580200195 0 0 0 0 0 0 0 0 0 0 0 0 0 0.08959412574768066 0 0 0 0 0.239311009645462 0 0 0 0 0 0 0 0 0 0.09677153825759888 0 0 0.1596178561449051 0 0.1459194421768188 0.9133121967315674 0.3784357905387878 0 0 0.1056391149759293 0 0 0 0 0 0 0 0 0 0.1111344993114471 0.3346746936440468 0 0 0 0 0 1.38166356086731 0 0.1266068369150162 26.46772978454828 8.760900944471359 212.3045937716961 26.310163885355 364.0169823765755 10.52562076598406 0.2299843356013298 3.703414782881737 0 0 0 0 0 0 0 0 2.192587852478027 0 34.02705492824316 0.8898801580071449
434.8618354648352 504.920359455049 1439.88862362504 0.5112934857606888 2.782931722700596 0 0 902.0409925989807 9.735348019748926 0 1448.57670596242 24.49337270110846 23.94914159178734 297.756471209228 131.7288713082671 92.1974501311779 64.02589381486177 12.06671657413244 15.6821674220264 17.97869262099266 6.070618875324726 0.4831810593605042 1.004435934126377 3.113485649228096 16.6728859692812 3.201431833207607 0.7036254853010178 3.151881352066994 0.8255243897438049 0 2533.045821283013 1961.397149268538 299.2544522583485 5.598021686077118 1.438623517751694 59.95064334198833 27.99498212337494 58.35398220270872 20.11631169915199 11.65576661378145 2.681405201554298 1.932102866470814 16.46107391268015 119.8760700523853 37.75180232897401 0.8476306051015854 331.5648099444807 6.979018535465002 9.780277609825134 8.26511313021183 3.683369070291519 0.838048093020916 5.906015858054161 0.9274800047278404 13.61261734738946 10.52568911015987 68.23032914847136 278.1146636866033 111.4971016347408 366.9063363857567 152.596077028662 456.7151985727251 41.72048100829124 981.549127869308 8.576365776360035 5.76630749925971 1.170279253274202 1.591067396104336 10.07023116201162 6.842933848500252 93.0286250859499 0.7797630503773689 0.1249343007802963 457.4403104186058 339.0189837478101 213.1152486056089 342.2730645015836 599.9461036287248 1442.621753744781 705.5110944211483 6.150384746491909 973.5599237680435 34.95650440827012 1.972534090280533 3.360381610691547 8.586683854460716 3.541293740272522 0.4530747830867767 0.9168191067874432 1.479326762259007 1.67972444742918 2.402044698596001 11.76679822057486 4.08711326867342 1.976759932935238 3.308711647987366 1.179507702589035 0 16.03786141425371 29.63823385536671 0 0 0 0 0 0 0 0 0 0.4378232657909393 0 0 0.1681874990463257 0.1196745857596397 0.2764688283205032 0 0 0 0 0 0 0 0.1326617002487183 0 0 0 0 0 0 0 0.1172181591391563 0 0 0 0 0 0 0 0 0.08708808571100235 0 0.1055257320404053 0 0.3784922957420349 0.3477952629327774 0.3326132372021675 0 0 0 0 0 0 0 0 0 0.1366585046052933 0 0.3404213413596153 0 0 0.7355498075485229 0 0 0 0 0 0 0 0 0 0.1123869493603706 0 0 0 0 0 0.3580911159515381 0 0 0.371259406208992 0.2192281186580658 0.1208449527621269 0 0 0 0 0 0 0 0 0.3189542442560196 0.2494963109493256 0.1666752696037292 0 0.2344106286764145 0 0 1.302497074007988 0 0.6551308482885361 137.5979948267341 16.51120222359896 621.8214173465967 144.5590098947287 23.64798476174474 45.60090211033821 2.52442130446434 24.618532769382 0.8877344131469727 0.08675377815961838 0.5010389313101768 0 0 0 0 0 15.63361846655607 1.511365726590157 46.14557433873415 0.3025492206215858
1048.493564158678 4094.86546369642 1477.215905889869 280.4276731908321 2128.723896250129 2.131090372800827 85.90803778171539 9.735348019748926 146.0113223046064 458.5559789538383 8.844740748405457 116.2380319833755 539.3194101676345 104.283702634275 50.22252731770277 3.169474862515926 9.446223206818104 0.5026169717311859 0.7030398398637772 0.749929741024971 1.795534327626228 0 0.2198816686868668 0.8015011623501778 2.150025375187397 2.413732618093491 0.4678840339183807 1.6062236353755 0.9030190482735634 0.08175253868103027 474.7782749161124 5.806827045977116 23.60037195682526 0.1158915162086487 0 1.505646198987961 9.041908159852028 7.858002178370953 10.25684925913811 3.178554490208626 1.797631941735744 0.4484457150101662 0.2594009041786194 0.5976627171039581 0.6280445009469986 0 262.4063714854419 5.999066524207592 4.02226460725069 0.1147022545337677 2.49882298707962 0.3753781542181969 0.6029877066612244 0.7023171186447144 14.33872541040182 5.67973905056715 38.26226779073477 114.8721822611988 85.53652620315552 257.8152991607785 2.172018118202686 11.45977482944727 0.3996132835745811 30.44121218472719 6.852035216987133 3.604500219225883 0.4552063047885895 0.07276450097560883 0.08167708665132523 0.0994451716542244 20.06193688511848 0.7021884471178055 0 187.0614026002586 38.03738513588905 58.6190186329186 44.44295188039541 7.376107409596443 6.685250848531723 2.064017862081528 0 1.55275171995163 27.37676544860005 3.078647322952747 1.816749848425388 5.978183336555958 0.2885927110910416 0.534280888736248 0.5751297771930695 0.5039002969861031 1.513897798955441 1.096854731440544 0 0.3019211664795876 0.09096643328666687 81.20732100307941 9.436572268605232 0 28.14099753648043 73.76239954680204 0 0 0 0 0 0 0 0 0 0.3258679509162903 0 0.1111336722970009 0 0 0.4827533438801765 0 0 0 0 0 0 0 0 0 0 0 0 0 0 0 0 0 0 0 0 0 0 0 0 1.904630929231644 0 0.1409450471401215 0 0.1040136441588402 0 0 0 0 0 0 0 0 0 0.08849596977233887 0 0 0 0 0 0 0.3147081211209297 0 0 0 0 0 0.1756103187799454 0 0 0 0.1405773907899857 0 0 0.322750099003315 0 0.1163498759269714 0.8875650987029076 0 0 0.1503832638263702 0.3341876193881035 0.1855867058038712 0 0 0 0 0 0 0 0 0.4146445915102959 0 0.1860295981168747 0 0 0 0 4.129914000630379 0 0.1739417463541031 137.2517942041159 17.58945962041616 564.6561870314181 126.9335016608238 86.29920260608196 50.90347664058208 0.714536651968956 22.14212073385715 0.7324957251548767 0.09638687968254089 0 0 0 0 0 0 9.904324129223824 0.6595745086669922 60.4307147860527 1.209561966359615
2006.706868089736 132.1208076775074 0.6590120792388916 1733.891009926796 4.534551054239273 691.8481570631266 1195.537808209658 0 458.5559789538383 2394.039128109813 20.20694935321808 476.0317509770393 2975.196748107672 522.8677331209183 1.661783255636692 0 0 0 0 0 0 0 0 0 0.4392224550247192 0 0 0 0 0 12.17457637190819 0 43.2904192507267 0 0 0.1485879868268967 18.4885518848896 1.962963700294495 5.696146830916405 1.852086752653122 0.1126013696193695 0 0 0 0 0 4.506886810064316 0.2828445434570312 0 0 0 0.1455668210983276 1.069358631968498 0 0.3434986174106598 0.2675088420510292 30.5319249778986 15.71982975304127 5.657991111278534 9.340219207108021 0.3708459287881851 0.8240096569061279 0 0 0.1083787158131599 0 0 0 0 0 37.24130573868752 1.117779359221458 0 4.697788268327713 0.3266641721129417 0.2260255813598633 0.09949347376823425 0 0 0 0 0 0.9530587121844292 0.09133826196193695 0 0.1642051488161087 0.1016942039132118 0 0 0 0 0.09735116362571716 0 0 0.1193507462739944 94.10935078561306 9.517650038003922 0.1620132923126221 20.46553118526936 909.501496642828 0 0 0.4353142082691193 2.807227611541748 0 3.537343740463257 6.676078051328659 3.584729909896851 7.91744589805603 12.32148560881615 0 108.9659274071455 2.415914013981819 14.78141539543867 5.517855703830719 0 0 0 0 0 0 0 0 0 0 0 0 0.4096955955028534 0 0 0 0 0 0 0 0 0 0 0 0.5118058621883392 0 0.234204113483429 0.6240166574716568 0.1274702399969101 0 0 0 0 0 0 0 0 0 0 0 0 0 0 0 0 0 0 0 0 0 0 0.1407392174005508 0 0 0 0.1170835644006729 0 0 0 0 0 1.598797149956226 0 0 0 0 0.5419253036379814 0 0.2403668165206909 0 0 0 0 0 0 0.128569707274437 0 0 0 0 0 0 17.89334348589182 0 0.3832201063632965 297.1059831380844 2.786319740116596 6.039777174592018 1.254253752529621 2033.906828999519 0.3345870971679688 0 0 5.715420663356781 0.1128181144595146 0 0 0 0 0 0 0.5939475893974304 0 173.2817818745971 6.964629560709
1115.562581174076 2258.64225076139 5841.317013334483 16.17832367122173 32.82790732383728 0 1.749874748289585 1448.57670596242 8.844740748405457 20.20694935321808 64.50397377461195 179.0764449089766 358.771071985364 392.2487227655947 155.8029779866338 18.82059126719832 56.82827256992459 6.406176149845123 6.177477657794952 8.372043378651142 4.9924700781703 1.403624437749386 0.9518037475645542 3.297119114547968 9.940551310777664 6.313722029328346 0.9890869036316872 5.212554186582565 2.229367405176163 0.6300207078456879 2631.880028292537 641.2925183698535 624.4319209903479 2.31970426440239 1.636202961206436 34.67462895065546 94.7414883300662 45.25300768017769 29.1143482029438 11.60251322388649 2.522437855601311 2.486038886010647 6.801837876439095 12.21421362832189 9.618867736309767 0.1206085234880447 596.9752620942891 8.940164510160685 13.72983473911881 3.510571643710136 3.798710554838181 0.7074367702007294 5.112384103238583 1.185876317322254 20.42657467722893 16.76508120447397 77.58776461333036 306.1247789151967 173.2518474683166 566.3178694918752 27.30117306113243 180.1792108565569 8.640680246055126 316.8797138221562 15.44687855243683 9.829953376203775 1.587618723511696 0.9749152958393097 5.450728505849838 4.360033206641674 304.1293146386743 1.638475738465786 0.08689966052770615 549.0744491666555 187.5382740795612 214.7972797639668 186.4308639168739 82.21307219192386 951.8924550637603 430.0750366263092 0.2989327311515808 248.5392517894506 62.49311379343271 4.358542375266552 3.780078373849392 13.28746557980776 2.313654530793428 0.4010755345225334 1.11273342743516 1.203093379735947 2.251297857612371 2.158581554889679 5.483913026750088 2.361455954611301 2.339500904083252 8.854624144732952 9.004051715135574 0 33.04802983254194 75.97371960431337 0 0 0 0 0 0 0 0 0 3.631196223199368 0.3450387343764305 0.08246392011642456 0.118142768740654 0 1.856039427220821 0 0 0 0 0 0 0 0 0 0 0 0 0 0 0 0 0.3157125636935234 0 0 0 0 0 0.1610533744096756 0 0.9527495205402374 0 0.1234824061393738 0.5596957206726074 0.3355202972888947 0 0 0 0 0 0 0 0 0 0 0.1382557302713394 0.415675587952137 0.2388164103031158 0.3267775177955627 0.08980496972799301 0 0.6187537163496017 0 0 0 0 0 0 0 0 0.07686434686183929 0 0.07419373095035553 0.08414339274168015 0 0.09985828399658203 0 1.234377823770046 0 0.2856898307800293 0.4081479609012604 0.1904143393039703 0.1050158068537712 0 0.09641443938016891 0 0 0 0 0 0 0.6536546275019646 0.4335589036345482 0.08878049254417419 0.2428679540753365 0.1045179590582848 0 0 6.969833701848984 0.2161370143294334 0.6584495157003403 367.248313754797 30.57634939625859 1355.820519309491 322.9553534276783 69.55492016673088 125.1550168767571 5.584057487547398 77.08112300932407 0.7826943434774876 0.4417431950569153 0.07012701779603958 0.1743306666612625 0 0 0 0 26.57103838026524 1.620042279362679 110.5638682730496 1.450028635561466
36.34819859266281 0.7328998148441315 5.46628449857235 89.04189802706242 0 23.62876001000404 314.7533833384514 24.49337270110846 116.2380319833755 476.0317509770393 179.0764449089766 76.62664104998112 3472.748379439116 578.4587213918567 31.06142614781857 6.955665990710258 20.30793581157923 2.043496944010258 2.643280930817127 1.738422431051731 0.09853431582450867 1.034894667565823 0 0.5974456965923309 10.99935943633318 0.4684131368994713 0.1350394934415817 0.8423319682478905 0.1035202294588089 0 5.005261190235615 4.019838228821754 328.9028739407659 0.166746087372303 0.7431754916906357 21.63278609514236 277.1748350709677 50.96821390837431 98.55334842205048 23.59222860634327 0.2563690766692162 0.9061816036701202 1.665258981287479 0.7784909084439278 1.146205350756645 0.1354719251394272 27.54069200158119 0.5216361507773399 1.040927492082119 1.089010510593653 0 0.6280243471264839 9.891709640622139 0.2817090600728989 0.08117300271987915 0 0.7058440372347832 0.7753964513540268 0.4819392338395119 3.662645485252142 6.69894602894783 71.90371662378311 2.231173597276211 3.157432191073895 0 0.06851444393396378 0 0.2455101981759071 0.9035462215542793 1.005147963762283 248.7445846498013 5.6766002997756 0.4630355387926102 1.516081817448139 1.316467918455601 1.550582192838192 1.632981292903423 4.185805700719357 3.608393147587776 8.125710062682629 0.1678739637136459 11.31273950636387 0.8271180987358093 0 0.1641402170062065 0 0.4698915779590607 0 0 0.08876682072877884 0.09332349896430969 0 1.851209565997124 0.8534305095672607 0.7253270968794823 150.8690822869539 47.96043415367603 0.2895272225141525 191.9876041039824 23.5179239064455 0 0 0 0 0 0 2.043246239423752 0 0 6.697315983474255 1.888652950525284 1.163042157888412 0.2198580577969551 0.3903740271925926 12.46405056118965 0.6356563568115234 0 0 0 0 0 0 0 0 0 0 0 0.201221838593483 0 0 0 0 0 0 0 0.2040198370814323 0 3.512923434376717 0 4.099010825157166 0.6804623305797577 2.430850461125374 0.4109838977456093 0.1287733465433121 0 0.09794425219297409 0 0 0 0 0 0 0.1019042655825615 0 0 0.09430027008056641 0.5480802804231644 0.112091064453125 0 0 0 0 0 0 0 0 0.8525893986225128 0.07754801958799362 0 0.08125907927751541 0 0 0 0 0 0 8.605433076620102 0 0 0 0.07601041346788406 0.6697483211755753 0 0.8421504348516464 0 0 0.09213720262050629 0 0 0 0 0 0.1249468326568604 0 0 0 0 31.18075457215309 0.5187907442450523 5.65361375361681 189.0569280162454 0.4352355301380157 63.75114664435387 24.67890640348196 286.5623140633106 3.367357552051544 0.08472876995801926 8.44644583761692 4.066468514502048 0 0 0 0 0 0 0 5.707205437123775 0 43.29729672521353 5.571198850870132
68.88294700533152 1053.521077156067 70.9433750808239 770.9895871579647 245.9396464526653 19.06655931472778 676.3092576861382 23.94914159178734 539.3194101676345 2975.196748107672 358.771071985364 3472.748379439116 1398.94671048224 1670.440349236131 72.29848048090935 39.87088306993246 47.71636417508125 6.136000022292137 6.276014246046543 2.701330907642841 0.551001749932766 4.199396274983883 0.2209277004003525 1.217993266880512 12.19332432746887 3.103803232312202 1.632965102791786 1.692382246255875 0.6925926357507706 0.6235146969556808 15.47271731495857 10.95278512686491 680.2977635487914 0.8942528292536736 2.273974671959877 36.41272898763418 71.43225763738155 75.27553049474955 94.68226515501738 29.18988212943077 1.645256288349628 1.688432574272156 3.095142930746078 1.130512773990631 2.776199996471405 0 101.8483176007867 0.5735036134719849 3.686207108199596 2.216210648417473 0.1710664927959442 1.252144500613213 10.60589595884085 0.3463405519723892 1.178900793194771 0.6258649602532387 1.811752885580063 4.199983701109886 3.258819162845612 17.91321700811386 17.30549436807632 127.5618969351053 6.34548831731081 14.81300215423107 0.9631888642907143 0.2929314896464348 0.06923919171094894 0.1519294753670692 1.296508401632309 1.630307599902153 385.1740561649203 26.48817694932222 1.875231005251408 11.15346195548773 7.392471171915531 10.19855957478285 12.19434332847595 30.41488040983677 31.77642678469419 105.869548432529 0 35.1645270511508 1.30608794093132 0.2062235921621323 0.3293358534574509 0.5427204072475433 0.7846955731511116 0 0 0.7136736586689949 1.008847616612911 1.013303801417351 5.40557000041008 3.952585689723492 1.368298396468163 1000.66730196774 82.05705389380455 0.9929689839482307 230.4751675948501 13.02415238320827 0 0 0 0 0.07501506060361862 0 2.265997961163521 0 1.748365461826324 13.29405009746552 3.661641873419285 7.556373283267021 3.161425411701202 0.4822521731257439 30.37119086831808 0 0 0 0 0 0 0.3025500476360321 0 0 0 0 0 2.632606707513332 0 0 0.2727636098861694 0 0 0 0 0.08288592100143433 0 2.777080737054348 0.3958949446678162 11.12658394128084 3.37738099694252 11.80689493566751 3.532426461577415 2.618980810046196 0 0.1034069731831551 0 0 0 0 0 0 0 0 0 0 6.24513828754425 0.3386929258704185 0 0 0 0 0 0 0 0.5242413207888603 5.51054061204195 0 0 0 0 0 0 0 0.08106734603643417 0 18.63951160013676 0.2686770558357239 0 0 0.1293396800756454 2.744604229927063 1.212512701749802 3.605674587190151 0 0 0 0 0 0 0 0 0.1058421805500984 0 0 0.1268679946660995 0 45.61389035731554 4.362927637994289 12.8787484690547 320.3774471282959 3.685190476477146 229.6414293795824 88.65634082257748 285.1867787614465 21.41128861904144 2.09863643348217 26.36254379153252 3.702197775244713 0 0.8027485087513924 0 0 0 0 0 20.71331509947777 0.5862978994846344 54.08002360165119 14.26546087861061
85.89299961924553 1623.13010879606 365.0996257811785 628.088779270649 700.5624280571938 13.75999510288239 94.51655343174934 297.756471209228 104.283702634275 522.8677331209183 392.2487227655947 578.4587213918567 1670.440349236131 332.2221449539065 287.8235883004963 78.23389189690351 106.8995878174901 13.38325194269419 11.77635729312897 12.19841224700212 5.30396980792284 5.155997507274151 0.9997076392173767 5.467368729412556 32.22268851846457 6.16543573141098 1.261251278221607 4.590604182332754 2.536486655473709 0.6052486822009087 133.9156766086817 113.6693143993616 1127.457906253636 3.641724586486816 1.691115699708462 95.32328581064939 1024.849890463054 163.085260078311 157.8850079625845 51.16561374813318 3.818358212709427 2.709938317537308 11.23781731724739 12.511235922575 11.75085198879242 0.1183997243642807 545.6822153702378 3.101261556148529 10.72783958911896 7.739679612219334 2.381409510970116 1.898455232381821 18.21963862329721 1.616818681359291 5.655834339559078 3.327096372842789 9.949364569038153 30.46252650767565 29.48320509493351 141.426373898983 49.6625092253089 409.6880643740296 15.2449003495276 150.1551938466728 5.671791981905699 3.324287880212069 0.7850919477641582 0.592315562069416 7.479683373123407 6.788286350667477 605.4870757609606 12.09574569016695 1.543549835681915 99.97332188114524 70.71773637086153 97.03268563747406 112.2712820470333 176.2366447895765 566.4092817604542 284.421624969691 0.4433156996965408 359.8370750397444 17.08599411696196 0.8939099907875061 1.322250671684742 3.449400253593922 3.00614308565855 0.2365362718701363 0.1788289695978165 0.8063768148422241 1.215012162923813 1.645243719220161 9.08577723801136 3.740296863019466 3.755249559879303 660.2212098091841 81.05892337113619 1.256327591836452 314.5831280350685 12.42219888418913 0 0 0 0 0.07498758286237717 0 0.5403556451201439 0.08076485991477966 0 13.12365466356277 4.046477906405926 3.884754195809364 2.936894617974758 2.081852979958057 25.31291885674 0 0 0 0 0 0 0 0.1162189096212387 0 0 1.147861182689667 0 0.9016704261302948 0 0 0.09487581253051758 0 0 0 0 0.1014910638332367 0 1.668849520385265 0 8.01122160255909 2.697533287107944 5.48882108181715 1.077653966844082 2.228573851287365 0 0.3197194412350655 0 0 0 0 0 0 0.1320625394582748 0 0 0.1258322894573212 1.131538353860378 0.4395333305001259 0 0 0.07173560559749603 0 0 0 0.07626156508922577 0.649902805685997 3.044484205543995 0 0 0.0738351047039032 0 0.07790945470333099 0 0.08333159983158112 0 0.2936665639281273 16.67723640799522 0.5990389734506607 0.441165454685688 0 0.09824693948030472 3.811807282269001 0 1.735900990664959 0 0 0 0 0 0 0 0.2450858727097511 0.08593469113111496 0 0.07953081279993057 0.6548412218689919 0.1211734116077423 53.04646732658148 2.501534067094326 9.055265694856644 730.3451640084386 19.00184521824121 1028.756387140602 344.6954035237432 264.1536265611649 107.9451896548271 4.230739437043667 88.4675981476903 4.392148792743683 0.2655652388930321 0.08772169798612595 0.1100936979055405 0 0 0 0 49.72758790105581 2.311934232711792 94.13088208064437 12.24145606160164
1.621920667588711 4.591714449226856 22.90854933857918 0 5.246188573539257 0 11.31435463577509 131.7288713082671 50.22252731770277 1.661783255636692 155.8029779866338 31.06142614781857 72.29848048090935 287.8235883004963 144.1152050569654 1061.595531351864 329.5187154710293 28.08660358935595 141.0543192401528 18.33453174307942 0.9909678995609283 2.95464926213026 1.709186464548111 2.068694859743118 49.82394655793905 1.048490673303604 5.284174703061581 1.292593464255333 3.854993171989918 0.702583983540535 25.20322033762932 54.33370345085859 84.87775234878063 13.54340394586325 4.258813120424747 63.45593424886465 18.27206137776375 39.27483500540257 27.14187901467085 26.21342868357897 1.117032021284103 2.423888362944126 24.75494964048266 395.3762847557664 26.24101580679417 0.8325817659497261 62.70927155762911 1.817946441471577 22.37805783748627 25.14374965429306 0.3236245065927505 1.351776212453842 37.52479495108128 0.2845179736614227 0 0.8091221116483212 2.656682386994362 7.027564875781536 3.594980224967003 51.5770530179143 93.85648966580629 109.3396881595254 32.21954637020826 246.0204404294491 0.468866340816021 0.544259175658226 0.1428952068090439 0.6132382676005363 8.553004249930382 2.598663587123156 67.14810045808554 0.2267991304397583 0.3522896841168404 82.73576982691884 68.22569017857313 607.2697845213115 3130.307128079236 2465.248031638563 192.1255236715078 69.76637692004442 44.0490799844265 95.50197387486696 5.576642982661724 0 0.2486459165811539 0.5554602593183517 8.285270482301712 0.09055536240339279 0.1554707363247871 0.2720110639929771 0 0.3636038973927498 2.071075402200222 0.793897457420826 2.235473439097404 4.942928433418274 18.03360383212566 0 25.47164142131805 0.09508066624403 0 0 0 0 0 0 0 0 0 0 0 0 0 0 0.1126177981495857 0 0 0 0 0 0 0 0 0 0.1415164768695831 0 0 0 0 0 0 0 0.09165477752685547 0 0 0 0 0 0 0 0.08828840404748917 0 0 0 0 0 0 0 0 0 0 0 0 0 0 0 0 0.1259565502405167 0 0 0 0 0 0 0 0 0 0 0 0 0 0 0 0 0 0 0 0 0.1230509355664253 0 0.3038375601172447 0 0 0 0 0 0 0 0 0 0 0 0 0 0 0 0 0 0 0 5.461760327219963 0.7088043950498104 97.7590102776885 11.5867155790329 0.08425728231668472 1.290492326021194 0.2899649292230606 0.3077401146292686 0 0 0.08293522149324417 0 0 0 0 0 1.063461624085903 0.6609986871480942 3.81024494022131 0.1207757145166397
0.5454157441854477 0.68650783598423 9.477802567183971 0 0 0 0.2893222644925117 92.1974501311779 3.169474862515926 0 18.82059126719832 6.955665990710258 39.87088306993246 78.23389189690351 1061.595531351864 610.4229825511575 385.9634606763721 195.185133561492 237.1858154013753 37.87796318531036 0.9004117995500565 12.70202504843473 7.668237827718258 6.708336345851421 349.8977923318744 3.701532475650311 40.7817095220089 3.209423445165157 44.57424196600914 3.146521784365177 27.50298252701759 206.7601057365537 159.1670922040939 26.62728182971478 29.30121318250895 171.8944908753037 55.30660670250654 115.4388369545341 87.18458041548729 129.5270652100444 1.383487246930599 1.907390497624874 22.16652848571539 888.8790586143732 40.05830083787441 21.22409558296204 451.6916392557323 2.961370669305325 50.40991203486919 31.41765791550279 1.119519032537937 3.156602807343006 182.3341495841742 0.9947630017995834 2.016767032444477 1.379807941615582 11.8758263066411 40.73673025891185 12.43360175192356 192.0711245276034 589.6616330221295 222.9104709811509 98.2196858972311 1093.700792811811 1.754110686480999 1.363856852054596 0.5137814730405807 0.8229975551366806 8.881227791309357 2.293766275048256 168.7222138792276 0.5801655650138855 1.45415660738945 124.055960573256 278.0998418554664 504.2658471465111 1136.934122212231 3222.546408593655 254.2726872116327 52.51754765212536 1006.872166879475 369.8730327934027 7.002906665205956 0.5019228830933571 0.8059193715453148 1.345343068242073 10.11019475013018 0.4072305858135223 0.08626670390367508 0.3139390721917152 0.1664524078369141 0.8555745631456375 1.826612710952759 1.168451480567455 4.206564702093601 4.609515205025673 65.19704551249743 0.1896469593048096 128.9325692653656 0 0 0 0 0 0 0 0 0 0 0 0 0 0 0 0.3146549835801125 0 0 0 0 0 0 0 0.2559420093894005 0 0.2240110337734222 0.4928009584546089 0 0.1015424430370331 0 0.125897154211998 0.5060244724154472 0 0.1101399213075638 0 0 0 0 0 0 0.09197217971086502 0 0 0 0 0.1294848471879959 0.1477622389793396 0 0 0 0 0 0 0 0 0 0.32904352247715 0.1542952507734299 0.3533129021525383 0 0 0 0 0 0 0 0 0.5681424885988235 0 0 0 0 0 0 0 0 0.1203386709094048 0 0 0.4323237687349319 0 0 0.6867378652095795 0 0.5000789165496826 0 0 0 0 0 0 0.07058992981910706 0 0.08998989313840866 0 0 0.1397288292646408 0.3897537961602211 0.09268547594547272 0 0.9568789675831795 9.503937356173992 2.544309362769127 327.5497952327132 67.70200677216053 3.780615016818047 4.79483412951231 0.3667304813861847 3.085393533110619 0 0 0 0 0 0 0 0 8.151903800666332 1.332179203629494 9.010945841670036 0.1480127722024918
1.641088776290417 0.6662901639938354 14.34244278073311 0 2.107602208852768 0 2.029996141791344 64.02589381486177 9.446223206818104 0 56.82827256992459 20.30793581157923 47.71636417508125 106.8995878174901 329.5187154710293 385.9634606763721 120.5115687325597 813.6477480232716 45.06747088581324 58.36066716909409 125.4255322292447 6.813962392508984 97.76029112935066 300.0996732637286 243.3028536066413 257.5202052667737 409.849493406713 68.35867952555418 469.6815028861165 333.6703526750207 49.8180340975523 95.11083836108446 233.5394979566336 608.8168447092175 114.464414536953 207.9330953583121 36.991346180439 100.4157314747572 69.2534691914916 105.4780692830682 36.91152407974005 4.4489351734519 33.73106783628464 126.7760610878468 68.86782068014145 806.4645526781678 2554.230225399137 195.8362628594041 288.3800400644541 710.7208645679057 9.212119810283184 1.779221273958683 313.3876286149025 6.337955363094807 11.5667575225234 5.02203432098031 4.287227671593428 12.86017180234194 6.465998757630587 48.99313194677234 1073.766637779772 384.7843616232276 372.79640275985 140.6271310523152 19.57503606006503 21.33876173198223 2.689360022544861 1.593928873538971 11.18364753574133 9.074820891022682 153.7838515415788 0.3905028402805328 0.7116040289402008 27.33315023779869 45.33624514192343 48.77268307283521 88.68329093232751 457.460288092494 184.9798159301281 102.6066868156195 146.0395457670093 482.3584393486381 336.089199911803 1.233463063836098 14.2692671045661 10.85544299706817 147.0972083359957 1.076820090413094 2.630621314048767 2.227876253426075 3.724520668387413 6.788390286266804 3.707308992743492 5.226474933326244 5.143830366432667 9.308384239673615 43.36731498688459 0 107.8544540777802 0.2503319904208183 0 0 0 0 0 0 0 0 0 0 0 0 0 0 0.0723242461681366 0 0 0 0 0 0 0 0.2340664640069008 0 0 0 0 0 0 0 0.5832883939146996 0.2380869090557098 0.5755989030003548 0.4645043015480042 0 0 0 0.1416990756988525 0 0 1.282406665384769 0.1796197593212128 0.2449568063020706 0.1138195171952248 0.4146297723054886 0 0 0 0 0 0.1087634190917015 0 0 0 0 0.5906505733728409 0.1229517608880997 0.6663946956396103 0.1086339950561523 0 0.111285537481308 0 0 0 0 0 1.247935891151428 0 0 0.3091389760375023 0 0.4069126471877098 0 0 0 0.1555909812450409 0.101259745657444 0.145872101187706 0 0.49333655834198 0.2023090422153473 0 0 0.5921498984098434 0 0 0 0 0 0 0.1609993577003479 0.1244492158293724 0.1216830089688301 0.6650150418281555 0.1185157969594002 0.1608743667602539 0 0.3749140426516533 0.5142906680703163 0.679852582514286 47.59826066344976 28.73633464425802 2414.769104406238 112.5420049130917 5.613004140555859 7.579910129308701 1.437781900167465 2.353890836238861 0.138881579041481 0.1187894269824028 0.7407843023538589 0.1115174740552902 0 0 0 0 11.73641143739223 0.339104026556015 36.86241786554456 0.4182888567447662
