490.808394625783 2291.51418056339 522.639611184597 2031.654569126666 33.1952867731452 99.59537422657013 340.5879311412573 207.8734561428428 0.9649815931916237 411.7309293374419 70.52468713372946 37.24548508226871 62.65371442586184 85.10636447370052 10.99346829950809 5.033807650208473 1.321145609021187 0.2602390944957733 0.2818090319633484 0.9657113924622536 2.19592359662056 0 0.1463010758161545 0.1372949331998825 0.1196169629693031 0.08376361429691315 0 0 0 0 1589.406269170344 10.8630800768733 39.15331945568323 1.539007432758808 0.8392552211880684 0.5391918793320656 9.873316183686256 2.488672509789467 0.9297984465956688 0.1177409291267395 0.660171315073967 0.35521449893713 1.504964746534824 1.154918022453785 0.6017839685082436 0.5647105127573013 28.80112834274769 11.6881325095892 0.3521211743354797 0.9756873399019241 1.298664629459381 0.3497853726148605 0 0 16.64336186647415 23.32610965520144 267.1322055310011 288.0857033953071 92.72758253663778 22.97537931054831 2.909447573125362 15.05749645829201 1.392529033124447 17.4507487565279 10.23346358537674 15.8057476952672 5.518649898469448 5.971501812338829 5.285631000995636 4.037656925618649 9.863999061286449 17.11970429122448 1.976547569036484 339.2079293429852 26.96542153507471 39.95307536423206 12.48624306172132 2.563383035361767 1.742593139410019 146.593939781189 1.323083519935608 53.59904810786247 36.86094938218594 0.9081166163086891 13.65408677607775 16.63861855119467 4.002011522650719 0.73679368942976 17.50754123926163 2.073361843824387 3.439427837729454 0.881635308265686 6.969920463860035 1.448680713772774 0.9152624160051346 115.3233428969979 92.05751860141754 2.978230655193329 0.5977739095687866 1004.635824277997 0 0 0.1169784516096115 0 0 4.956765055656433 0.2248929440975189 0 0 0 0.1500036269426346 0 0.8308635801076889 0.1034482046961784 0.3687030002474785 0 0 0 0 0 0 0 0 0 0 0 0 0 0 0 0 0 0 0 0 0 0 0.1842566579580307 0 0 0.3815464973449707 0.267551101744175 1.894237488508224 0 0 0 0 0 0 0 0 0 0 0 0 0 0.1842361390590668 0 0 0 0 0 0 0 0 0 0 0 0 0.1787953525781631 0 0 0 0.1126174330711365 0 0 2.822036765515804 0.2425888031721115 0 0 0 0 0 0 0 0 0 0 0 0 0 0 0 0 0 0 0 0.3948652446269989 1.33325769752264 1.920812509953976 27.91310127079487 6.084077298641205 180.3593384176493 41.31253399699926 213.1257025748491 51.88468250632286 4.127096943557262 3.777236185967922 0.2498192638158798 0 0.1327528059482574 0.1078220307826996 0 0 0 0 2.539436936378479 0 265.6026289686561 0.7103107273578644
2291.51418056339 2228.778749585152 1127.022956967354 2945.061963111162 1378.187469549477 130.7702657207847 2898.024156190455 1029.053758010268 1445.038566559553 647.9946338385344 3928.009910859168 120.500469326973 1142.202287338674 3832.355900086462 90.77910234779119 26.59987284988165 3.769903726875782 0.7550985962152481 1.38488781452179 1.510375581681728 7.455343924462795 0.2869884669780731 1.106098607182503 0.1616251915693283 0.4795913323760033 0.09905059635639191 0.1017952114343643 0 0 0 1868.395776160061 122.7439890876412 191.0947269499302 4.179168663918972 1.012910507619381 2.884669601917267 44.57860335707664 8.900936841964722 0.9824904650449753 0.6849650889635086 0.4830133765935898 1.953013382852077 7.614046178758144 5.5918063595891 6.753861919045448 2.154171325266361 259.6659032255411 44.03026078641415 5.563851334154606 3.343074731528759 9.67660615593195 1.617272861301899 0 0.2398461326956749 34.63515259325504 61.44399673491716 158.2424777969718 267.3285369947553 92.61123652011156 141.0070907101035 4.174777589738369 51.50589543581009 2.972300589084625 192.054807305336 31.39736557751894 40.66490355879068 17.10713727027178 21.99577102065086 15.51846766471863 13.99242543429136 46.18619024008512 2.408192083239555 0.1660550385713577 624.9264020249248 258.1501601263881 361.1393296867609 211.2031225934625 15.43694806098938 7.233553700149059 448.0215387865901 6.85186044126749 95.60622654855251 95.38386514782906 1.366735614836216 42.05748913437128 39.14647407829762 19.62412659078836 4.341605931520462 53.78379076346755 0.4353953003883362 13.31151666492224 3.729044444859028 23.40865366905928 4.495472334325314 2.013870194554329 11.6297319829464 2.814849227666855 0 3.369309678673744 456.0184722617269 0 0.1323770582675934 0.3695591017603874 0 0.8054065182805061 12.29435487091541 1.545965522527695 0.2598047107458115 1.41041399538517 5.109427511692047 2.259068921208382 5.430136278271675 4.335326865315437 1.504485294222832 3.914530366659164 0.1046701446175575 0.2240402400493622 0 0 0 0 0 0 0 0 0 0 0.2064131051301956 0 0 0 0 0 0 0 0.3939459547400475 0 0.1878826022148132 0 3.687793120741844 1.786327630281448 2.953559055924416 3.032037109136581 0.6782630532979965 0 0 0 0 0 0 0 0 0 0 0 0.1087708994746208 0.466933399438858 0 0 0 0 0 0 0 0 0 2.289486207067966 0 0 0 0 0 0 0.3103352785110474 0 0 5.096744455397129 0.1142855733633041 0 0 0.1007948443293571 0.1451417207717896 0 0.9835511669516563 0 0 0 0 0 0 0 0.4429729878902435 0 0.4246295467019081 0.1042334213852882 0 0 9.51867088675499 3.49729248136282 13.70499960333109 325.3741557523608 19.75803657621145 1136.762733086944 292.0490827336907 224.8908598124981 135.7809767872095 7.157818131148815 105.1341027319431 4.967265665531158 1.084671631455421 1.445056900382042 0 7.047775000333786 0 0.5899868533015251 0 25.51379565149546 2.911132618784904 321.548980049789 8.925361752510071
522.639611184597 1127.022956967354 1387.39840297401 49.76855678111315 623.4974369704723 5.874524131417274 159.0703019574285 2586.393739953637 423.5065906047821 14.82635581493378 3645.599017612636 105.4567376226187 456.5120495334268 1986.045712649822 56.72457773983479 29.04816447943449 4.757362440228462 1.457000002264977 0.493358239531517 4.331508606672287 13.72028174996376 0 1.545970432460308 0.7080746218562126 1.613469660282135 0.8633530586957932 0.1131225451827049 0.1129839494824409 0.2326628938317299 0 4413.207093536854 1284.789828456938 396.3508016765118 7.171245358884335 5.262287572026253 9.30660741776228 81.60603103786707 19.53796049952507 3.373003631830215 1.564832493662834 1.683342672884464 4.944983668625355 10.20533046126366 1.679887667298317 2.911759160459042 3.522684566676617 94.59355846792459 6.783956848084927 2.117867477238178 2.430439837276936 2.442118719220161 1.122012801468372 0.2068616449832916 0.3310602307319641 5.490577057003975 9.564581207931042 22.80628465116024 68.08670585602522 14.36589366942644 33.43276741355658 20.15373529493809 122.8767022266984 8.144002996385098 134.0804513096809 4.860028706490993 6.634951718151569 4.705546617507935 8.249694615602493 18.5953247398138 25.02005000412464 69.59336180239916 3.809884987771511 0 106.9434566274285 68.64270555973053 111.0296620726585 89.65202338993549 13.48180891573429 50.78074434399605 1354.375129252672 5.424756914377213 335.1365394741297 12.36052183061838 0.3252182751893997 6.788265816867352 6.483638651669025 6.840491592884064 0.1965101286768913 10.39053376019001 0 4.95236287266016 0.6833477467298508 44.50379151850939 10.64812371879816 4.414656810462475 5.905462361872196 3.187582179903984 0 7.462288804352283 39.54382726550102 0 0.1379992216825485 0.3708254769444466 0.1204687207937241 0.3941289409995079 0.9050780758261681 0.7985243052244186 0.5954356342554092 1.704145133495331 2.682143211364746 1.375267401337624 5.46129085123539 5.149909161031246 0.8445234224200249 1.674177192151546 0 0 0 0 0 0 0 0 0 0 0 0 0.1997434347867966 0 0.1424799710512161 0 0.7971524596214294 0 0 0 1.909298211336136 0 1.434274852275848 0 3.415425986051559 2.675884127616882 4.693802051246166 5.159655585885048 1.179215416312218 0 0 0 0 0 0 0 0 0.4957594648003578 0 0 0 0.1667419672012329 0 0 0 0 0.2358933091163635 0 0.1603364497423172 0 0 1.208652704954147 0 0 0 0 0 0 0 0 0 8.852225191891193 0.131311297416687 0 0 0 0.2611045986413956 0.900104284286499 0 0 0 0 0 0 0 0 0.1095347627997398 0 0.1050058826804161 0 0 0 5.241311550140381 5.092446953058243 14.18717469274998 153.792291469872 4.001021526753902 251.0655694231391 89.49473411589861 35.73275329172611 19.02613987773657 0.4761878773570061 27.9209059625864 1.725070416927338 0 0.3313683867454529 0.2638548910617828 0.9288875088095665 0 0.1159546375274658 0 7.304147221148014 0.8152589797973633 42.04089882969856 5.549545489251614
2031.654569126666 2945.061963111162 49.76855678111315 932.2475407719612 79.64023716002703 520.0294220075011 973.859901458025 0.9295151904225349 1.118940904736519 2303.491269916296 2.826571702957153 998.8327768445015 936.5122330486774 43.9424047768116 6.95823697000742 0.3934683203697205 0.1398483663797379 0.2505621016025543 0 0 0 0 0 0 0 0 0.1144357994198799 0 0.2156389504671097 0 210.8312713727355 0.474180668592453 0.5303959846496582 0.3395518288016319 0 0.1374247074127197 0.5872751176357269 0 0 0 0 0 0.457600437104702 0.3261580914258957 0.3473489582538605 0.1254518777132034 27.75349121540785 14.64741910248995 0.9025304317474365 0.1860570907592773 1.510068632662296 0 0 0 15.82960579544306 26.3451105132699 127.5448485761881 112.9630872905254 58.59823352843523 37.34534600377083 0.07977814972400665 0.1007059514522552 0 20.80136115849018 13.18102885037661 15.37451597303152 4.553344711661339 5.203451700508595 1.052349746227264 0.2856647297739983 0.3765772432088852 0.746709406375885 0.1896079182624817 279.7066067457199 49.28727053105831 55.77575186640024 17.79173588007689 1.920692227780819 0.7283573597669601 1.585392117500305 0.5193543508648872 1.365363262593746 33.61771080642939 0.1331737488508224 12.37438170611858 13.62196215242147 4.815627850592136 1.686121597886086 19.39267062395811 0 3.195178963243961 0.9723189175128937 0.4789838567376137 0.5008323863148689 0 316.974849820137 14.10124081373215 0.299527645111084 0.268438309431076 353.9721422418952 0 0 0 0 1.240137487649918 13.33077225089073 0 0 0.8984369039535522 1.01823878288269 0 0 4.952984482049942 0 0 0 0 0 0 0 0 0 0 0 0 0 0 0 0 0 0 0 0 0 0 0 0 0 0 0 0 0 0.2253677546977997 0 0 0 0 0 0 0 0 0 0 0 0 0 0 0 0 0 0.1153232529759407 0 0 0 0 0 0 0 0 0 0 0 0 0 0 0 0.1885270774364471 0 0 0 0 0 0 0 0 0 0 0 0 0 0 0 0 0.1192867904901505 0 0 0 0.6878387331962585 0 0 17.58925651013851 5.499586790800095 203.4289538785815 40.6014206558466 294.2603206112981 48.08052769303322 4.859841987490654 0.8450232148170471 5.862294405698776 0 0 0.2620150446891785 0 0 0 0 2.007452487945557 0 257.320134408772 0.5312314629554749
33.1952867731452 1378.187469549477 623.4974369704723 79.64023716002703 1396.090943992138 0 2297.489340513945 268.8421377241611 4055.848081186414 122.8533789739013 2207.244330443442 22.98270496726036 448.1699323579669 3198.820042990148 32.23381877690554 5.890154466032982 1.995945163071156 0.3439637199044228 0.2818558812141418 0 0.3701459765434265 0 0 0 0 0.09629444777965546 0 0.3474065065383911 0.2155160158872604 0.1013067066669464 141.0476280935109 66.15259394049644 14.82804241776466 0 0.2328009307384491 0 4.37165605276823 0.3663382902741432 0.2570238709449768 0.2180742621421814 0 0.3862063884735107 0.7880178689956665 1.224541835486889 1.360353358089924 0.2144879177212715 103.0611699596047 8.382797092199326 0.9488717392086983 0.4013243764638901 2.620942980051041 0 0 0.09496006369590759 5.533360853791237 12.68264398723841 14.33661264926195 30.41614572703838 9.554635711014271 45.85229142010212 0.113363966345787 0.8495934456586838 0.09616087377071381 47.70629720389843 5.643112406134605 9.069135777652264 3.730112537741661 3.676739424467087 2.096903905272484 0.949891597032547 4.754379734396935 0.9553604573011398 0 81.55660873651505 55.13953699916601 104.103823132813 80.46552830934525 6.203356869518757 1.730602495372295 10.62434480339289 0.8500115126371384 3.550524920225143 12.878433175385 0.2835371792316437 6.038974098861217 7.861784003674984 4.393817208707333 0.5039434358477592 11.78233929723501 0 4.359339274466038 0.4644398763775826 1.824286594986916 0.6244452074170113 0.4938297495245934 1.381409592926502 0 0 0.6780109032988548 31.53622534871101 0 1.317102760076523 0 0 0 0 0 0 0 1.376042127609253 0 2.282313667237759 1.615818999707699 0.253786489367485 1.311948210000992 0 0 0 0 0 0 0 0 0 0 0 0 0.1706699132919312 0 0 0 0.1521585434675217 0 0 0 0 0 1.22394335269928 0 0.716026283800602 0 0 0.2331272810697556 0 0 0 0 0 0 0 0 0 0 0 0 0 0 0 0 0 0 0 0 0 0 0 0 0 0 0 0 0 0 0 0 0 4.118533715605736 0.2147267013788223 0 0 0 0 0 0 0 0 0 0 0 0 0 0.1066572815179825 0 0 0 0 0 2.961874648928642 2.356186352670193 2.335251919925213 159.0909353196621 3.86952905356884 360.8735271170735 119.7121456414461 53.95429053157568 34.21520195156336 1.951433166861534 51.84182288497686 2.0126973092556 0 0.6169517487287521 0 0.8711810111999512 0 0 0 13.98861518502235 0.5920027792453766 50.5876452922821 0.8515811040997505
99.59537422657013 130.7702657207847 5.874524131417274 520.0294220075011 0 0 131.0585696101189 1.866249337792397 0 1046.103473871946 1.234822735190392 152.9697149097919 133.5751846879721 12.57047083973885 0.3665782958269119 0 0.1489645838737488 0 0 0 0 0.2152258455753326 0 0 0 0 0.3602536618709564 0 0 0 41.46410875767469 0 8.412456274032593 0 0 0 12.95558397471905 0 0.8397324234247208 0 0 0 0 0 0 0 2.010098069906235 1.484970889985561 0 0 0.3064604252576828 3.778391234576702 0.1926255077123642 0 1.48790105432272 4.293755151331425 20.84769354015589 12.22628711909056 7.412855140864849 2.171853825449944 0 3.567963719367981 0 0 1.351837120950222 1.384778387844563 1.241088189184666 0.1981629431247711 0 0.1783672720193863 64.91347993910313 485.5537216812372 48.38999336212873 28.71722916513681 4.895431444048882 2.419422715902328 0.743826225399971 0 0 0.9590634107589722 0 1.282930701971054 3.86699865758419 5.234572440385818 1.249575473368168 4.871038399636745 0.2048445194959641 17.63084632158279 9.223552264273167 44.4796794578433 1.074050150811672 4.799533367156982 0 0 0.620758906006813 295.7792539745569 246.2428200691938 63.83910199999809 24.38486196100712 306.6084437072277 0 2.42418646812439 0.2372454702854156 0 0.556016743183136 0.7220604717731476 0.1897715926170349 0.3723278045654297 0 0 0 0.3268528878688812 0 0.5989689230918884 0 0 0 0 0 0 0 0 0.1911637634038925 0 0 0.222412109375 0 0.2617655694484711 0.1758751422166824 0 0 0.1701221168041229 2.000208601355553 0.1585703641176224 0 0 0 0.2640508413314819 0 1.206598579883575 1.638364672660828 1.921775549650192 2.602965325117111 0.7749219387769699 0 0 0 0 0 0 0 0 0.1069589778780937 0 0 0 2.064012065529823 0 0.1089084073901176 0 0 0 0 0 0 0 0 0 0 0 0 0 0 0 0 0 1.288948841392994 2.538143083453178 0 0 0 0 0 0 0 0 0 0 0.1789035499095917 0 0 0 0 0 0.1957340687513351 0 0 0.3359529376029968 5.532599061727524 6.668804913759232 2.80986450612545 0.7105899155139923 25.04701136797667 10.6036279052496 127.6179889887571 14.02370276302099 0.7802579253911972 0 2.210009455680847 0 0 0.1612824350595474 4.947281122207642 0 0 0 0.7835532426834106 0.4884028434753418 57.32204189896584 4.003404587507248
340.5879311412573 2898.024156190455 159.0703019574285 973.859901458025 2297.489340513945 131.0585696101189 1237.780100665987 21.75665112584829 1816.644574344158 1612.102617964149 639.9903805181384 210.8573188781738 4818.851145334542 3712.239399209619 60.80086882412434 14.99718680977821 1.266762234270573 0.8096377849578857 0.1407581567764282 0.4272630661725998 0.8913188800215721 0 0.09142725914716721 0 0.3620596081018448 0.104850210249424 0.1741704046726227 0 0 0 97.20497371256351 31.5243379175663 24.89259150624275 0.378490187227726 0.1818690448999405 0.8008035719394684 9.102410607039928 2.042206034064293 0.1584026366472244 0.1457396298646927 0 0.5969045981764793 0.3717772960662842 1.410264298319817 0.8943028450012207 0.4352698624134064 213.3030526638031 16.02115531265736 4.46479357779026 1.111222364008427 2.423848383128643 0.2325796782970428 0 0 9.111825175583363 18.11208924651146 34.29671408236027 47.75294399261475 24.97781426459551 72.04293452203274 0.149720311164856 2.70432972162962 0.3979500606656075 47.54815757274628 8.972052328288555 15.51983626931906 5.252480931580067 5.068890199065208 3.893741719424725 1.334642723202705 13.35476985573769 1.707788974046707 0 134.7246280759573 78.00128027796745 169.7975228428841 103.1114169284701 10.11814049631357 1.924441784620285 13.3569376245141 1.616866216063499 4.731075569987297 24.72406064718962 0.4384398013353348 14.79074974358082 13.96294419467449 6.01995025575161 0.7101848796010017 17.62198513746262 0 5.713905401527882 0.6464558765292168 2.59315437823534 0.4160775765776634 0.7061488032341003 37.58469586074352 1.763357639312744 0 2.526145547628403 93.53554486483335 0.5992701575160027 8.93091969192028 55.56846411526203 20.22976469993591 2.420252621173859 80.72084657847881 14.57303397357464 16.23505318164825 107.3724735975266 30.16320650279522 9.819976910948753 133.6721734255552 41.57268122583628 10.23189827054739 6.916411466896534 0.2226392477750778 0.4987048208713531 0 0 0 0 0 0 0 0 0 0 0 0 0 0 0 0 0 0.1030519753694534 0.8874489665031433 0 1.911058783531189 0 14.40931357443333 1.798598907887936 9.734420418739319 1.724951714277267 0.1518976539373398 0 0 0 0 0 0 0 0 1.98898758739233 0 0 0 0 0 0.08426402509212494 0 0.07342233508825302 0.8932564631104469 1.286115437746048 0.5361786484718323 0 0 4.006694123148918 0 0.08338842540979385 0.2228367626667023 0 0 0 0 0 0 18.81083155423403 0.9652436971664429 0 0 0 0.1125469654798508 0 0 0.9600264802575111 0.8849191442131996 0.9986950904130936 0 0.2693930268287659 0 0 0.113710068166256 0 0.2507808208465576 0 0 0 30.99465667456388 8.777193166315556 13.90196079015732 476.9419948086143 11.98959536850452 743.9311821758747 283.3806629180908 155.6000643670559 69.39039701968431 3.751960597932339 127.7163533344865 25.57112199068069 0 5.81356006115675 0.934498518705368 37.72676534950733 0.6272374391555786 1.155314415693283 0.537414014339447 31.04631373286247 2.003463953733444 196.2769460901618 30.23431998491287
207.8734561428428 1029.053758010268 2586.393739953637 0.9295151904225349 268.8421377241611 1.866249337792397 21.75665112584829 1407.669849462807 405.1947362944484 2.975391805171967 1870.576598644257 64.23080646246672 190.6757174283266 1590.715465061367 16.88655612617731 11.5423967987299 2.843236967921257 4.577849701046944 2.890257552266121 11.12831817567348 25.39570347964764 0 3.420246705412865 0.4342081025242805 2.466619268059731 0.6325744688510895 0.1019114181399345 0.2236811965703964 0 0 1296.836161866784 2104.008814051747 283.3300350978971 29.90069768577814 11.19002349674702 14.51328068971634 59.38445051759481 18.80244754999876 3.006965607404709 1.939099878072739 3.104644298553467 2.316356770694256 24.30761293321848 5.221344314515591 11.94152867794037 18.31414169073105 31.06330209970474 1.752540953457355 1.306657955050468 11.87403496354818 1.012018173933029 2.701795041561127 0.1892287731170654 0.6334562003612518 1.897751361131668 1.808082684874535 8.137399755418301 44.5933940038085 4.264918081462383 7.862243376672268 145.6160516813397 281.4752780646086 28.82704638689756 334.9990061596036 1.415588103234768 4.366783924400806 0.8300384879112244 4.663366235792637 26.82455793768167 48.12847068160772 47.74374240636826 1.809247061610222 0.1294777542352676 33.15891483426094 66.64200351387262 27.29113153368235 69.60240726172924 25.21431692689657 674.9608720839024 1517.697599172592 88.08594447374344 1886.917738631368 3.239389359951019 0.1972354575991631 2.159681595861912 1.832772523164749 9.388824567198753 0 2.198875166475773 0.1346024870872498 1.947292566299438 0.728527843952179 47.30791118741035 8.426344498991966 2.781367756426334 2.275671906769276 1.340632140636444 0 4.286407023668289 7.361335702240467 0.1583134829998016 0 0 0.1722247302532196 0.3563074469566345 1.20309154689312 0 0.3920646011829376 0.6324417889118195 2.433587126433849 0.1742237657308578 2.593963973224163 2.924754828214645 1.928296662867069 1.234377399086952 0 0 0 0 0 0 0 0 0.123791828751564 0 0 0 0 0 0 0 0 0 0 0.1573105156421661 0.2951920628547668 0 0.4180858135223389 0 1.587962381541729 1.644073270261288 3.038246966898441 3.561418816447258 0 0 0 0 0 0.3666177093982697 0 0 0 0 0 0 0.23786661028862 0 0 0 0 0 0 0 0 0 0 0.3295202031731606 0 0 0 0 0 0 0 0 0 4.189948953688145 1.09548020362854 0 0 0.3513732254505157 0.423893928527832 0 0 0 0 0 0 0 0 0 0 0.177351638674736 0 0 0 0 3.724192053079605 4.987133152782917 7.678847871720791 53.8096479922533 1.360654212534428 76.87918031960726 29.56418301165104 8.398515671491623 2.586969971656799 0.1836478486657143 6.730845294892788 2.647710368037224 0.1593465059995651 0.2382846176624298 0.2958405017852783 0.6152250468730927 0 0 0 2.937702909111977 0 13.48106119036674 2.469026386737823
0.9649815931916237 1445.038566559553 423.5065906047821 1.118940904736519 4055.848081186414 0 1816.644574344158 405.1947362944484 663.0059660449624 36.05156213790178 464.4337252229452 14.07693982124329 926.4871678575873 1525.99597658962 20.31925322115421 7.228841498494148 0.4071432575583458 0 0.3327881842851639 0 0.186330758035183 0 0 0.08458004891872406 0 0.2067941725254059 0 0 0 0 10.23196036368608 6.74711886793375 12.40830662101507 0.2166937366127968 0 0 4.277943804860115 1.00112671405077 0 0.08512925356626511 0 0.2590740323066711 0.3102505728602409 0.3691675812005997 0.3696642220020294 0.1136984899640083 45.59960747510195 2.863885976374149 1.734199024736881 0.1226658374071121 0.4249892756342888 0 0 0 0.474766731262207 1.677779585123062 0.4027504622936249 1.689346149563789 1.523648232221603 9.470658056437969 0 1.734027713537216 0 2.291240058839321 1.34033627808094 1.604989536106586 0.7889556288719177 1.022591702640057 1.31912038475275 0.6222076192498207 4.96210303902626 0 0 9.305452652275562 7.312006510794163 31.43572666496038 20.56940541416407 2.215090341866016 0.864764541387558 22.67881246656179 0.3276415318250656 1.298674389719963 1.939772039651871 0 1.659854099154472 1.142169423401356 1.46056018024683 0.1686546504497528 2.28399932384491 0 0.3559856712818146 0.08117763698101044 1.383567973971367 0.6757696121931076 0.09333693981170654 2.404166333377361 0.4202122837305069 0 0.6324013471603394 1.227504298090935 0 0.7204312682151794 0 0 0 1.236486777663231 0.4930865690112114 0.6786660924553871 3.080928862094879 4.929493270814419 0 3.905762992799282 1.293045721948147 1.147046782076359 0.5753216296434402 0 0 0 0 0 0 0 0 0 0 0 0 0 0 0 0 0 0 0 0.195237398147583 0 0 0.1442272514104843 0 1.732141256332397 0.6386911869049072 0.1281387507915497 0.8110652714967728 0 0 0 0 0 0 0 0 0 0 0 0 0 0 0 0 0 0 0 0 0.5816452503204346 0 0 1.123957395553589 0 0 0 0 0 0 0 0 0 4.092321835458279 0.4846017360687256 0 0 0 0.12198306620121 0 0 0 0 0 0 0 0 0 0 0 0 0 0 0 3.489290870726109 2.252063304185867 4.547540120780468 120.3626918643713 4.157980129122734 125.5973185151815 56.04232156276703 19.62943931668997 10.26067611575127 0.4625605046749115 25.15340215712786 1.287748828530312 0 0 0.2436631172895432 0.5243617296218872 0 0 0 6.302701443433762 0.6819914132356644 11.12717551738024 5.961093217134476
411.7309293374419 647.9946338385344 14.82635581493378 2303.491269916296 122.8533789739013 1046.103473871946 1612.102617964149 2.975391805171967 36.05156213790178 1314.793750911951 47.84067876636982 3593.700004920363 6691.704760953784 366.1305775493383 10.08999251574278 5.554941810667515 1.335889630019665 0 0 0 0.257772833108902 0 0 0 0.3957978188991547 0 0 0 0 0 16.0202816054225 0.2440643757581711 24.00058797001839 1.298904031515121 0 0 20.21932608634233 1.822728544473648 1.736972287297249 0 0.2825393378734589 1.686637252569199 0 0.392592653632164 0 0 17.7023296430707 2.100286856293678 0.8825521618127823 0.3063015341758728 0.4436740353703499 0 0.1757724285125732 0.8014942854642868 2.711079850792885 3.186090975999832 20.51190535724163 11.01408960670233 7.674453534185886 6.802418276667595 0 0.8618445992469788 1.475761488080025 1.288126245141029 1.454310208559036 1.883283823728561 0.7480085641145706 1.216911293566227 0.3644228130578995 1.299190826714039 144.7788063138723 3.528610736131668 0.1223301142454147 31.09557678550482 7.910964854061604 13.03666312992573 4.860688984394073 0.8637752458453178 0.5224104523658752 4.787515744566917 0.09382026642560959 0.2864716500043869 5.167526625096798 0.2070170491933823 1.808640509843826 2.686747476458549 1.021049655973911 0.2799599096179008 3.512284681200981 0.2476362138986588 0.2163039594888687 0.1033175066113472 1.948487833142281 1.473375156521797 0.45954430103302 1174.750884756446 449.5064035952091 0.337233766913414 47.88656714558601 372.8174857348204 0.5846545696258545 73.78925994038582 10.7568576708436 7.90703409910202 3.465078696608543 41.98612623661757 62.19133830070496 12.31097257882357 90.72809974849224 144.0680418163538 7.808303155004978 153.1332830637693 199.8978197202086 92.62160706520081 24.68227159976959 0.4338797256350517 0.1321419775485992 0 0 0 0 0.3378402590751648 0 0 0 0 0 0 0.08386023342609406 0 0 0 0 0 2.301914989948273 1.231988951563835 0 1.181931674480438 0.6270555257797241 38.47430082410574 3.481488034129143 15.21170923113823 5.734591901302338 1.659425258636475 0 0 0 0 0.888425700366497 0 0 0.1722631603479385 1.21350684762001 0 0 0.6455162167549133 0.4652682691812515 0 0 0 0 0 0 2.962086483836174 0.1287493705749512 0.109502337872982 9.143968477845192 0 0 0 0 0 0 0 0 0 115.4117783233523 1.791824072599411 0.3809774219989777 0.5544207096099854 0 3.332616120576859 0 0.2976556122303009 0 0 0.1103212833404541 0 0.119705930352211 0 0 1.506638787686825 0.2288155481219292 0.09505278617143631 0.273787796497345 0 0 136.3526168689132 25.99359208345413 48.14014870673418 90.38756301254034 3.064007043838501 74.45877779275179 44.23622745275497 337.8672553524375 7.70522965490818 2.056706950068474 10.39706625044346 83.15369538217783 0 4.408857516944408 0.4263196885585785 311.6252859681845 0.1450864225625992 0 0 10.14964900910854 1.478878855705261 1151.883921124041 186.2139995843172
70.52468713372946 3928.009910859168 3645.599017612636 2.826571702957153 2207.244330443442 1.234822735190392 639.9903805181384 1870.576598644257 464.4337252229452 47.84067876636982 666.3179102092981 121.0652496516705 681.6732572466135 2171.178381040692 19.97548417747021 12.98466309159994 1.116893373429775 0.2419879510998726 0 1.300803363323212 4.279590763151646 0 1.128165617585182 0.123664990067482 1.062179878354073 0.4653567746281624 0 0 0 0 244.7033383399248 100.500169493258 549.9937309920788 3.532829627394676 2.459358543157578 6.031404256820679 96.63916151225567 18.31062714755535 3.14158821105957 2.115435630083084 0.6583117917180061 1.091979429125786 2.984410688281059 1.258735083043575 0.6212417036294937 1.119023904204369 33.91098940372467 1.857655830681324 1.230521433055401 0.7896140143275261 0.2125637754797935 1.113363176584244 0.3259639143943787 0.6065865904092789 0.209736280143261 1.350847505033016 2.361917518079281 5.669130064547062 2.115599259734154 8.905730523169041 4.173869490623474 45.8882906883955 5.566717013716698 10.36141029000282 0.3762804046273232 1.282451689243317 0.5773896798491478 2.024095997214317 6.099458895623684 6.947787165641785 76.08306363224983 0.1726132184267044 0 12.16039995104074 10.03167998045683 25.95529666543007 20.1931322067976 2.846805833280087 27.47446486353874 703.0066326931119 2.317457549273968 96.29038287699223 1.468141548335552 0 0.8935342729091644 1.123356230556965 1.287450812757015 0 1.875153794884682 0 0.9743804186582565 0.09614012390375137 14.1182162836194 3.988911628723145 1.202729947865009 4.586307555437088 2.317862182855606 0.1582791656255722 5.915716297924519 4.537316113710403 0 0.1598471105098724 0 0.397108405828476 0.1114859879016876 0.1464566588401794 0 0.3047508299350739 1.846633739769459 3.678136318922043 0 2.064539909362793 1.343313679099083 0.9056987762451172 0.1294032782316208 0 0 0 0 0 0 0 0 0 0 0 0 0 0 0 0 0 0 0 0.3059511482715607 0 0 1.534528851509094 0 1.32557787746191 1.37270899116993 2.205796621739864 3.507805228233337 0.8632185161113739 0 0 0 0 0.1661113500595093 0 0 0 0 0 0 0 0 0 0 0 0 0 0 0 0 0 1.319328784942627 0 0 0 0 0 0 0 0 0 5.379820428788662 0 0 0 0 0.3583312332630157 0 0.4586291313171387 0 0 0 0 0 0 0 0 0 0 0 0 0 4.742906004190445 3.362049400806427 5.591446608304977 74.93628063797951 1.444109305739403 78.53125125914812 32.02040301263332 10.3328038752079 2.485528849065304 0.1030276268720627 11.92242396622896 3.984257057309151 0 0.521752193570137 1.142636775970459 0.4859097599983215 0 0 0 3.304566822946072 0.2402003556489944 8.080933667719364 3.072751224040985
37.24548508226871 120.500469326973 105.4567376226187 998.8327768445015 22.98270496726036 152.9697149097919 210.8573188781738 64.23080646246672 14.07693982124329 3593.700004920363 121.0652496516705 56.26299823820591 684.715130418539 503.9733065515757 20.04354036599398 9.718053713440895 5.630728021264076 0.2753897607326508 0.4301991909742355 0.1638089120388031 2.959329292178154 0.6193627417087555 0.7963313907384872 0 11.09564685821533 0.5056017860770226 0.2010404765605927 1.264249190688133 0 0.1134539470076561 18.77817227691412 1.191298738121986 203.2218118458986 4.587809339165688 9.609487012028694 17.92032961547375 413.221054777503 115.2945801466703 28.06697922945023 10.60954309999943 1.85063673555851 1.989862456917763 0.6659264117479324 0.1144593581557274 0.1743194013834 3.841937467455864 24.13086649030447 0.8832848966121674 2.097385466098785 0.4416994154453278 0.4874958544969559 1.134069561958313 0.6962947845458984 2.838933855295181 0 0.08245064318180084 0.9360915720462799 0.6023190915584564 0.6771806553006172 1.765231236815453 1.798295572400093 18.72729282081127 10.11826714873314 0.395149365067482 0.0787244588136673 0.3441381901502609 0.08926419913768768 0.4506110921502113 1.543169908225536 2.701273150742054 531.2266612201929 6.602610111236572 0.5417731553316116 3.279626026749611 0.464308887720108 6.646352857351303 3.79101225733757 0.8694376796483994 0 59.11027596145868 0 2.530977226793766 0.8515714257955551 0 0.08729082345962524 0.3725093603134155 1.287059962749481 0 0.5569828078150749 0 0.2615510672330856 0.4074323922395706 10.8143277913332 3.504072606563568 1.678602263331413 830.0831194221973 308.8853629529476 0.5233200490474701 81.81764420121908 13.83793732523918 0.3570395931601524 22.86405497789383 4.371996857225895 13.38265652954578 2.353872410953045 23.65655308961868 23.43773616105318 12.54114492982626 93.37727243453264 91.01106282323599 6.673622362315655 69.8207067027688 103.8960576206446 44.0457259863615 18.37539590895176 0.1006728038191795 0.2113202661275864 0 0 0 0 0 0.1963220983743668 0 0 0 0 1.371956169605255 0 0 0 0 0 0 1.575788900256157 6.280624508857727 0 3.180266633629799 2.095275446772575 40.07923845946789 8.150772705674171 15.90187584608793 8.617985099554062 2.234200537204742 0 0 0 0.1072378754615784 1.228373408317566 0 0 0 0.2528495416045189 0 0 0.4331276714801788 0.8469132930040359 0 0.2019252628087997 0 0 0 0.1008443161845207 1.292517870664597 0 0 10.87170228362083 0.1913404017686844 0 0 0.1123690530657768 0 0 0 0 0 91.57703776657581 4.915490210056305 0 0.1590961515903473 0 4.940132327377796 0 1.053236603736877 0.2844134718179703 0.5138507261872292 0.1645439565181732 0 0.1660208404064178 0 0.1119539812207222 1.065726026892662 0.7908115237951279 0.3648111447691917 0 0 0 85.73434956371784 25.58889228850603 46.44086416810751 159.5472491160035 6.951968252658844 81.20581287890673 67.11894578486681 24.82607670128345 2.99775268137455 0 13.63121411204338 22.58663906157017 0.1144575253129005 2.855684272944927 0.5086509212851524 103.3576370328665 0 0.2461861148476601 0 7.900077849626541 0.9216461330652237 358.8975461497903 90.77246493846178
62.65371442586184 1142.202287338674 456.5120495334268 936.5122330486774 448.1699323579669 133.5751846879721 4818.851145334542 190.6757174283266 926.4871678575873 6691.704760953784 681.6732572466135 684.715130418539 2630.875441133976 5082.85020109266 95.84052412211895 46.03003508597612 9.582074224948883 0.1290808022022247 0.8419330939650536 0.4180243462324142 3.080637030303478 1.46169139444828 1.200681567192078 0.8862234354019165 4.119715258479118 0.3891890794038773 0.301760733127594 0.5024028271436691 0.8500254154205322 0.2251785397529602 31.25634703785181 7.474980801343918 966.8253460228443 1.708456858992577 3.699268028140068 23.20171925425529 1680.840199992061 134.5356477946043 29.1896206587553 6.168308466672897 0.1991850286722183 6.283459760248661 1.136792853474617 0.9646523892879486 0.8944203853607178 1.373460903763771 149.8310583159328 2.171164862811565 7.254155360162258 1.43815103918314 1.028453730046749 0.4705006182193756 0.3432703465223312 1.344616405665874 1.035764761269093 1.355904750525951 2.722596555948257 3.254688933491707 3.602072224020958 19.20591477304697 2.013998329639435 60.58060314506292 5.767387971282005 3.493201859295368 1.811907313764095 2.776179470121861 1.098361410200596 3.093823440372944 6.082026302814484 7.830558843910694 698.1885295510292 10.41394153237343 0 13.08707921952009 6.887987896800041 62.2391090914607 38.91049078851938 9.62454941868782 0.1491865068674088 156.4988104328513 0.1371124535799026 8.856883525848389 2.413992293179035 0.08520011603832245 2.420431740581989 1.019785515964031 2.183901742100716 0.565959520637989 4.806427791714668 0 0.9624673277139664 0.6317482888698578 17.37913826853037 4.131051912903786 3.985231682658195 365.3776813000441 67.42183981090784 0.2152290344238281 54.95923171937466 22.7202825397253 0.4285322204232216 29.7390610948205 9.064798459410667 8.013966336846352 6.861277334392071 37.34568013250828 30.79041870683432 21.5925669297576 77.06731680780649 109.4133725762367 16.81900004297495 107.6461463570595 121.4747058153152 60.03288766741753 38.36716754734516 0.9872016608715057 0.1092828288674355 0 0 0 0 0 0 0 0 0 0 1.375955283641815 0 0 0 0 0 0 5.142542876303196 4.140019938349724 0 5.327686071395874 0 84.38261959701777 18.29332062602043 35.19917402416468 16.83785237371922 4.944338142871857 0 0 0 0 0 0 0.5120288729667664 0 0.1131060421466827 0 0 1.588621720671654 1.482421338558197 0.1382851600646973 0 0 0 0.1796829700469971 0.09046145528554916 3.070796251296997 0 0.1069207713007927 14.22929993271828 0.6718023419380188 0 0 0 0 0 0 0.1819497644901276 0 158.4427105560899 8.599692977964878 0.4271568059921265 0.7229181677103043 0 6.741021379828453 0 0.9637362211942673 2.019673317670822 0 0.9083852991461754 0 0.4269087314605713 0 0.09581726044416428 1.771184012293816 1.615639358758926 0 0 0 0 161.5992407053709 60.35940535366535 90.02156099677086 521.1232576966286 10.69141295552254 370.8757807686925 261.6388137862086 75.99102494865656 22.48576236516237 0.2675476670265198 69.74702942371368 57.6264925301075 0.1295735239982605 8.71244340389967 3.967146098613739 166.7691623941064 0.3060624599456787 0 0 25.24070214480162 3.341443710029125 396.2552744448185 152.5431557670236
85.10636447370052 3832.355900086462 1986.045712649822 43.9424047768116 3198.820042990148 12.57047083973885 3712.239399209619 1590.715465061367 1525.99597658962 366.1305775493383 2171.178381040692 503.9733065515757 5082.85020109266 2619.090918399394 66.0032714009285 32.86235080659389 3.56344872713089 0.1244974285364151 0.2452316656708717 0.8677181378006935 3.016307711601257 0.1407030671834946 0.8369115665555 0.1036829948425293 2.889779433608055 0.8982062637805939 0.1926863417029381 0.2634235620498657 0.3934377357363701 0 101.5369241759181 27.98521136492491 1455.687902972102 2.433427102863789 3.258318312466145 56.04031549394131 1675.565171547234 221.448446020484 24.30196014046669 6.596047177910805 0.4059674739837646 2.123069673776627 2.407946392893791 0.8888380154967308 0.1475179493427277 0.7166225165128708 129.6904714405537 2.760862849652767 5.600955352187157 0.6723584607243538 1.18104687333107 2.380530521273613 1.128056079149246 0.629008561372757 1.727120153605938 2.757960632443428 2.539624981582165 4.164607033133507 4.062723010778427 21.83699014037848 3.934967376291752 306.5474305450916 3.745447382330894 6.124556489288807 1.726064778864384 2.520182460546494 1.741351716220379 3.385706186294556 7.352789789438248 4.932446323335171 532.6226270347834 3.398146644234657 0.1207951828837395 14.93443913757801 14.19789499044418 63.58055459707975 42.33079098165035 7.901151247322559 9.371834993362427 430.8189675882459 0.111144945025444 185.9960200414062 3.003943718969822 0.09934394806623459 2.567341342568398 2.598782457411289 2.64065670222044 0.1361849904060364 4.299077972769737 0 1.550108142197132 0.9972947463393211 16.55085296183825 4.312531113624573 1.792440235614777 68.62732130289078 19.34742889553308 0 35.08375278860331 6.623400822281837 0.2675070911645889 6.522055357694626 2.435044221580029 1.786028601229191 2.357026904821396 11.54393512010574 7.552185341715813 5.690253004431725 20.49894771724939 30.31343825161457 1.909174725413322 34.53836881369352 38.53004267811775 18.70416883379221 9.515914589166641 0.415324330329895 0.143579438328743 0 0 0 0 0 0 0 0 0 0 2.924905188381672 0 0 0 0.8567793071269989 0 0 1.400269329547882 0.6709841042757034 0.1739713996648788 2.231651484966278 0 23.33224404603243 10.05071727931499 10.32892114669085 12.27489850670099 1.315211147069931 0 0 0 0 0 0 0 0 0.1162286326289177 0 0 0.3562739044427872 0.9094655513763428 0 0 0 0 0 0.2278698533773422 0 0 0 4.75803205370903 0.2558491826057434 0.1249756366014481 0 0 0 0 0 0 0 50.30566322058439 2.687819764018059 0 0 0 4.660164527595043 0 0.478432297706604 0 0 0 0 0 0 0.1301591098308563 0.3977404534816742 0.5932264029979706 0 0.1162466481328011 0 0 57.54067933559418 27.75749079883099 33.11584993451834 372.918594121933 6.087182655930519 312.6680314466357 180.1008626818657 54.54723912477493 13.98118357360363 0.5253912806510925 65.59166271239519 9.009727284312248 0.3291115611791611 1.770721718668938 2.050829902291298 36.83418561518192 0 0 0.4916450679302216 19.76492563635111 2.834375366568565 100.9296280741692 34.69320221245289
10.99346829950809 90.77910234779119 56.72457773983479 6.95823697000742 32.23381877690554 0.3665782958269119 60.80086882412434 16.88655612617731 20.31925322115421 10.08999251574278 19.97548417747021 20.04354036599398 95.84052412211895 66.0032714009285 1026.642099931836 2127.171754613519 584.1314748674631 6.165180511772633 63.00045222043991 1.991118654608727 3.172703973948956 0.2268804386258125 2.078133024275303 0.8094543442130089 73.94856834411621 0.3735132366418839 19.50762652605772 0.1351819783449173 3.587140396237373 3.336420610547066 42.11043530702591 45.50477409362793 79.25166978687048 4.850850194692612 14.12801588326693 63.11259925365448 57.87914342433214 66.41722029447556 38.49291231483221 45.97553567588329 0.2425270304083824 0.3113195598125458 4.903011158108711 402.9651973024011 24.47995733469725 56.75686499476433 710.2359839826822 30.39056479930878 40.23670642822981 20.75251966714859 9.616270333528519 0.1489676684141159 8.489175632596016 0.3084883466362953 2.618254527449608 3.780912823975086 30.68983763083816 4.767393425107002 152.05054140836 219.3547918573022 68.64162313938141 136.461589448154 9.666675180196762 12.61872720718384 3.787654399871826 15.65927368029952 2.972571447491646 22.12811408936977 20.80091557651758 2.804210849106312 28.32824368774891 0.4197853803634644 0 351.5385364890099 36.11580023914576 1576.295236811042 951.5086285471916 671.9347667694092 24.565414942801 31.7868809774518 62.62030620127916 130.4423482492566 10.42848819494247 0 8.477671757340431 2.952872596681118 36.24785081297159 0.8718038275837898 11.89872679114342 0.1210826337337494 14.27630872279406 2.20970506221056 5.795938722789288 2.410540319979191 1.095369338989258 3.922637723386288 2.352361641824245 0 24.2098673209548 1.746826507151127 0 0 0 0 0 0 0 0 0.2070824950933456 0.1279964596033096 0 0.3171921372413635 0.1206191331148148 0 0 0 0 0 0 0 0 0 0 0 0 0 0 0 0 0 0 0 0 0 0 0 0 0 0 0 0 0 0.273817166686058 0.1047776192426682 0 0 0 0 0 0 0 0 0 0 0 0 0 0 0 0 0 0 0 0 0 0 0 0 0 0 0 0 0 0 0.4229988157749176 0 0.2398061007261276 0 0 0 0 0 0 0 0 0 0 0 0 0 0 0 0 0.1304813474416733 0 0 0 0 0.2733434736728668 0.2396865636110306 8.929184772074223 1.456025786697865 337.7649893015623 13.41260308772326 0.818996287882328 1.28287111967802 0 0.47797030210495 0 0 0 0 0 0 0 0 0 0 7.039256438612938 0.1495174169540405
