643.3443930819631 3243.324208915234 372.9509254619479 673.7694575190544 30.31864023208618 148.0580771416426 113.5633570700884 55.55375938117504 12.70570209622383 460.9386738762259 137.8589132800698 12.38921259343624 14.78734462708235 53.28274414688349 7.395564086735249 3.675595790147781 0.1033221483230591 0.2043837606906891 0.1042842864990234 0.1116266325116158 0.2951090931892395 0 0 0 0.6492942720651627 0.2974244505167007 0 0.3010035753250122 0.1238322928547859 0 1065.252604499459 82.7941912189126 20.83160477876663 0 0 0.1236725375056267 2.417674213647842 2.778242520987988 0.1260267645120621 0.1156496480107307 0.431444875895977 0.2921008616685867 0.2868511974811554 1.120889127254486 0 0 29.00028062611818 2.540554486215115 0.333486519753933 0.3544984310865402 0.9488286152482033 0.1076553165912628 0.1293046474456787 0 6.735367350280285 14.87191956490278 192.5973851308227 605.9305377975106 60.459616959095 47.62201956659555 0.3805284947156906 0.9103672802448273 0 62.10651597380638 2.782594762742519 1.806601703166962 1.673873826861382 0.5058146268129349 0.3754176422953606 1.422868609428406 9.998355709016323 3.605747312307358 1.063467144966125 95.84022286534309 48.03099809587002 32.74891212582588 6.183192417025566 5.611612662672997 4.163675218820572 67.89361529052258 1.22957568615675 8.757966414093971 17.88310353457928 0.5405358448624611 2.695364467799664 1.898796640336514 0.3461629003286362 0 1.532021269202232 0.2696883156895638 0.3029681593179703 0.09365209192037582 0.2532291039824486 0 0.246642641723156 72.86047475039959 5.994379341602325 0.425884336233139 0.5873265117406845 1112.971350692213 0.09700167924165726 8.606657773256302 8.715661615133286 3.268459267914295 3.378819391131401 6.411248482763767 16.09201198816299 6.585948005318642 5.305861726403236 26.62935995310545 1.526547148823738 4.160523727536201 3.039951249957085 2.879012331366539 2.629249416291714 0.1414656639099121 0.1473554074764252 0 0 0 0 0 0 0 0 0 0 0.1830858588218689 0 0 0 0 0 0 0.1910705417394638 0 0 0 0 2.986361034214497 0 1.415140271186829 0.5795338600873947 0.6807297468185425 0 0 0 0 0 0.3069041669368744 0 0.6412845253944397 0 0 0 0 0 0 0 0 0 0 0.09689561277627945 2.50948241353035 0 0.4648886173963547 0.6849914789199829 0 0 0 0 0 0 0 0 0.220505103468895 1.774783760309219 0.2750748246908188 0 0 0 3.63535563647747 0.8744491338729858 0.8831889778375626 0 0 0.113330066204071 0 0 0 0 0 0 0 0 0 0 3.457307368516922 1.404621437191963 1.713840074837208 82.88309005647898 4.058452099561691 150.4920542836189 12.38131968677044 1367.082695715129 33.74320155382156 2.704447120428085 5.932168878614902 4.724133610725403 0 1.632550999522209 0.2261527627706528 28.10422237962484 0 3.978676654398441 0 0.844393752515316 0.1666439324617386 332.4290542528033 16.70220224559307
3243.324208915234 1450.995588108897 880.1928686797619 2408.282637014985 796.0550452396274 203.8540616855025 660.8216880112886 360.7955448701978 1015.605479605496 3491.039175286889 851.1321148723364 353.545795597136 1221.065462529659 2286.560536615551 71.99931962043047 16.84657084941864 1.440701402723789 0.3363644555211067 0 0.1073004752397537 1.112051457166672 0.1496059894561768 0.2534879818558693 0 1.419276654720306 1.344953067600727 0.1205953434109688 0.300366222858429 0.3256383761763573 0 1423.491897836328 133.8254848271608 232.0028047710657 0.2458856329321861 0.1596474647521973 1.204514980316162 27.84417224675417 6.830870881676674 1.616790413856506 0.6272879987955093 0.378262922167778 0.6432967782020569 2.444533444941044 3.44334402680397 0.08497273176908493 1.065481200814247 303.8856118768454 14.51066067069769 2.097857922315598 0.4607667326927185 3.494493685662746 0.3020814508199692 0 0.1373305767774582 24.08040482550859 35.66889571398497 170.5385526940227 781.3228739574552 105.9851168245077 221.8002900630236 0.4547753855586052 6.851049080491066 0.2042685300111771 538.3758665546775 12.47349820286036 9.366163946688175 8.837734878063202 3.608448229730129 1.876513257622719 2.845873668789864 49.97699513286352 2.564154744148254 0 289.0442216545343 356.943732611835 273.4813151061535 107.6617602184415 47.52282980084419 35.7468224093318 158.9089101776481 11.64869733154774 36.32347349077463 61.56280812621117 1.905781649053097 11.95651516318321 7.661759495735168 3.414676561951637 0.6879453733563423 6.375916808843613 0.344972275197506 1.907582774758339 0.6928446069359779 1.199176028370857 0.8645027428865433 0.5943837240338326 61.86237552762032 8.320628821849823 0 3.887879624962807 582.5643614083529 1.510502964258194 28.85544600337744 29.14651264250278 12.26441088318825 33.87075053155422 47.04722826182842 59.92660846561193 63.67572504281998 41.56346190720797 108.7820830345154 14.09086216241121 54.44363301247358 38.89940299838781 34.02127038687468 35.1620571538806 0 0.4333897531032562 0 0 0 0 0 0 0 0 0.2977452576160431 0 1.105509087443352 0 0.1117038354277611 0 0 0.4605874419212341 0 6.968244470655918 5.280536562204361 0 0.1264310479164124 0 16.24226572364569 1.547891736030579 16.2060229703784 4.956874340772629 1.664490506052971 0 0 0 0 0 0.2146872580051422 0 0.2420856654644012 0 0 0 0 0 0 0 0 0.0991462841629982 0.1244957894086838 0.7697812989354134 2.614841088652611 1.032282918691635 0.7073552832007408 6.367554396390915 2.632918834686279 0 0 0 0 0 0.2158285081386566 0 0 27.08928503841162 0.8665104508399963 0 0 0 43.2906776741147 0.7707632184028625 4.244613721966743 0 0.8605578988790512 0.3589692413806915 0 0 0 0 0 0.148672804236412 0.1048716753721237 0.09736587852239609 0 0 54.84698165208101 11.63178075104952 27.51276955008507 725.2476905956864 22.06212285906076 871.0896150395274 120.5525670945644 715.4118692427874 136.6358989179134 5.076926484704018 43.63289741426706 21.100212007761 1.089390277862549 4.995469644665718 1.98076905310154 59.15831750631332 1.558748841285706 5.246332556009293 0 7.195502035319805 5.657243847846985 341.0205105245113 85.31173837929964
372.9509254619479 880.1928686797619 931.6253435686231 62.35061082243919 349.9597915932536 10.51770979166031 22.18739051371813 1492.506356626749 832.6996726766229 33.48237978667021 2916.918459385633 20.61375471204519 157.2489643245935 2102.520755909383 18.35993526875973 16.28479957580566 0.8836931139230728 0.1027618944644928 0.1989322155714035 0.4461948573589325 1.855708934366703 0.3235346078872681 0.121604859828949 0.6598553955554962 0.482336014509201 1.305274248123169 0 0.5138811618089676 0 0.09776326268911362 926.9832859411836 721.4755663573742 148.0872914940119 0.1297101080417633 0.2519261538982391 3.01288165897131 11.87339582294226 10.82249604910612 0.2423312813043594 0.3091673702001572 3.039212211966515 2.150811657309532 2.679191641509533 3.080012433230877 0 0.6178154423832893 57.23531188070774 3.097915701568127 0.794587604701519 0.5087050423026085 1.012833096086979 0.3771639913320541 0.2919005155563354 0 4.366189211606979 6.901293382048607 37.91519767045975 219.7404447644949 19.47777339816093 39.03038509190083 1.089523985981941 12.13998064398766 0.7308735400438309 167.2443880140781 2.42826434224844 1.453777760267258 1.574574127793312 0.7418330311775208 3.997427403926849 8.176511362195015 25.74854654818773 4.593240574002266 0.6152117848396301 57.49212595075369 93.49497355520725 60.04426305741072 34.64110093563795 26.7102122977376 223.8531804159284 760.0964518710971 5.039880566298962 101.6384731382132 14.34196356683969 0.3196694478392601 2.166067972779274 0.8612651601433754 1.640264704823494 0.119795523583889 1.346245758235455 0 0.3680739402770996 0.5750336796045303 2.387536719441414 0.8732504993677139 0.87318304926157 8.667392514646053 5.818610839545727 0 2.876532487571239 109.7690787836909 0.1149277314543724 2.00041589140892 6.741029776632786 0.2449350953102112 4.864127896726131 9.827119469642639 3.244000189006329 12.16202496737242 5.563988745212555 12.66477046906948 3.826896600425243 8.07687409222126 9.620176136493683 8.579627566039562 12.57021234184504 0 0 0 0 0 0 0 0 0 0.323173463344574 0.1646147519350052 0 1.232499659061432 0 0.2545419633388519 0 0 0 0 3.886361792683601 0.154324010014534 0 0 0 6.142485074698925 0.8716433644294739 6.049963861703873 2.448712505400181 0.422651432454586 0 0 0 0 0 0 0 0 0.2316650599241257 0 0 0 0.3221215009689331 0.7672739773988724 0 0 0 0 0 0.1401533633470535 1.233457252383232 0.6684574782848358 4.555194556713104 2.273651897907257 0 0 0 0.1485713124275208 0 0 0 0 6.120746970176697 0 0 0 0.1020479798316956 12.93085506558418 1.352857425808907 0.1466158330440521 0 0 0.6021796464920044 0 0.1061455979943275 0 0 0 0 0 0.1475270837545395 0.1143603250384331 0 7.154052510857582 6.656894117593765 11.34972954541445 142.9460253342986 4.781598746776581 160.2708564922214 29.43876168876886 62.32508020102978 24.32997139543295 1.138898015022278 13.43090447038412 2.230514422059059 0.2495724260807037 3.141843557357788 1.660429820418358 4.045898944139481 0.2405435591936111 2.525901794433594 0.4544368982315063 3.495615795254707 0.7910773754119873 34.68515855073929 5.975170597434044
673.7694575190544 2408.282637014985 62.35061082243919 599.7878724038601 15.20324966311455 200.8182132169604 590.2135012000799 1.060200795531273 3.362387418746948 1357.008112207055 0 225.8542963862419 311.1878390461206 22.20763093233109 0.6971242278814316 0 0 0.3428895175457001 0 0 0.2876085937023163 0 0 0 0 0 0 0 0 0 39.17386832088232 2.594955034554005 3.662465333938599 0 0 0 3.167933285236359 0 0 0 0 0 0 0 0 0 2.85127380490303 0.4078904613852501 0 0 0 0 0 0 1.398300983011723 2.2110880240798 14.11277189850807 30.21275184303522 5.004961632192135 5.567129418253899 0 0 0 5.326095476746559 0.3022785633802414 0.2440265864133835 0.3283447474241257 0.2208457365632057 0 0 0.9858354330062866 0 0 10.25097463279963 4.47914407402277 4.211091324687004 0.5625556856393814 0.1257214695215225 0.5627981126308441 0.7270308434963226 0.5131898671388626 0.2382610961794853 1.26816963404417 0.1385773718357086 0.08274168521165848 0.1962346658110619 0 0 0.2600187212228775 0 0 0 0 0 0 17.18975754082203 0.1647935211658478 0 0 374.1674553751945 0.7286474108695984 16.73899818956852 11.57551711797714 7.474297888576984 6.376978904008865 12.8034628406167 37.94587721675634 15.60270255059004 19.01749909669161 43.69026071578264 1.886776156723499 9.048091158270836 8.003941223025322 3.86028254032135 2.703696198761463 0 0 0 0 0 0 0 0 0 0 0 0 0 0 0 0 0 0 0 1.014035582542419 0.2254928946495056 0 0 0 1.376184023916721 0 0.8702655732631683 0.8068178296089172 0 0 0 0 0 0 0 0 0 0 0 0 0.09503177553415298 0 0 0 0 0 0.1906286776065826 0 0.9061133563518524 0 0 0.6193817853927612 0 0 0 0 0 0 0 0 0 2.603102654218674 0 0 0 0 3.359282597899437 0 0 0 0 0 0 0 0 0 0 0 0 0 0 0 9.544003695249557 0.7432854622602463 0.4515860751271248 51.75592064857483 1.203872099518776 13.8029113188386 1.039797157049179 816.0281639844179 2.482685811817646 0.1116596534848213 0.9444314390420914 4.326784864068031 0 0 0.7837945222854614 31.64118739962578 0 1.347296595573425 0.9654393196105957 0 0.1243927031755447 208.139303855598 35.02848321944475
30.31864023208618 796.0550452396274 349.9597915932536 15.20324966311455 419.0061235949397 6.221514880657196 251.6697211265564 35.48509764671326 1223.046937510371 475.4170877933502 313.4494448676705 230.7621989473701 2062.553242996335 2680.916809678078 15.378358066082 6.747670583426952 0.3122368007898331 0.1378583610057831 0.1224378198385239 0 0 0 0 0 0 0.4520956128835678 0 0 0 0 52.52920620888472 14.62075886130333 84.87399128824472 0 0 0.2822848111391068 16.71914345026016 1.533876247704029 0.1309336870908737 0 0 0 0.1384550184011459 1.658507823944092 0 0 45.02560415118933 1.596095040440559 0 0 0.4337872639298439 0.5197274908423424 0.5021446794271469 0 1.715542897582054 2.267005190253258 12.5556959733367 33.4164747595787 9.209089063107967 18.86704158782959 0.2572538927197456 1.695109389722347 0 47.30407778918743 0.7785397842526436 1.189077876508236 0.2399115413427353 0.317935548722744 0.9655228555202484 0.423491582274437 25.09186543524265 0.4057503938674927 0 22.1555548235774 37.42465528845787 37.66111017763615 24.87053826451302 13.17930232733488 6.81860563904047 9.796323403716087 1.898824870586395 6.455190032720566 5.420466557145119 0.2363350242376328 1.394503332674503 0.3153850585222244 0.2390708178281784 0 0.7250846996903419 0 0.2612163126468658 0.07777179777622223 0.4981661736965179 0.142472967505455 0.1173715889453888 68.52156141400337 1.769460171461105 0 0.3232823312282562 6.053337432444096 0.4734631255269051 5.853075444698334 14.25307404249907 1.898301534354687 19.61078900843859 35.88351692259312 23.86911533027887 45.71773038059473 30.18176557123661 60.19877661019564 8.852221123874187 44.56931935250759 27.31105601787567 23.26831858605146 32.68097159266472 0 0 0 0 0 0 0 0 0 0 0 0 0 0 0 0 0 0 0 4.617934368550777 2.368919044733047 0 0 0 16.54587446898222 0.1429328918457031 8.199696771800518 5.379690811038017 0.7914591133594513 0 0 0 0 0.7168393135070801 0 0 0.5627593398094177 0 0 0 0 0 0 0 0 0 0.1527204811573029 2.109563395380974 0.2263185083866119 0 0.6566077768802643 6.260534912347794 0.8990609645843506 0 0 0 0 0.1289345920085907 0 0 0 24.30004973709583 0 0 0 0 27.51209399849176 1.031304985284805 1.840132787823677 0 0 0.9069390818476677 0 0.1225670948624611 0 0 0 0 0 0 0 0.7084503173828125 38.96936763823032 11.03344085812569 17.54473067075014 162.8198962286115 4.215507164597511 123.6329016909003 29.84903862327337 29.21495630592108 29.17241645604372 4.926974087953568 16.06170865893364 8.928841397166252 2.959081649780273 2.685886286199093 0.9385926723480225 15.98614057153463 0 0.2632136046886444 0 1.969352334737778 2.200166419148445 82.53133342415094 34.83475609123707
148.0580771416426 203.8540616855025 10.51770979166031 200.8182132169604 6.221514880657196 5.685956478118896 35.8906811401248 1.443939417600632 7.023386254906654 361.1998179629445 5.670528098940849 76.63809044659138 73.90321165323257 12.24101115763187 0 0 0 0 0 0 0.8648076802492142 1.937942251563072 0 0 0.5602071285247803 0 0 0 0.2210582941770554 0 101.8695240244269 3.786702692508698 6.730659291148186 0 0 0 6.639277800917625 4.288067124783993 0.3673219680786133 0.1192969605326653 0 0.5504533350467682 0.1685750484466553 0.3014464527368546 0 0 0.3956466019153595 0 0 0 0 12.39187568426132 1.587309285998344 0 0 0.5694858953356743 61.60900454968214 38.48023081570864 15.5097938477993 0.3258943557739258 0 3.969089932739735 0.1238684877753258 2.315570175647736 0 0.09570932388305664 0.1773608475923538 0 0 0 73.22578329592943 113.9220962896943 7.567282408475876 1.934183806180954 0.5239272117614746 0.5101184770464897 0.2441028356552124 0.1122965589165688 0.1195587441325188 4.52048571407795 0 4.993871316313744 0.8447153568267822 0.364442840218544 0 0.6053646206855774 0.1344658583402634 0.834916815161705 0.5922600924968719 9.183443680405617 0.2868741303682327 2.480737566947937 0 0 0.1310134679079056 542.8611357808113 82.27664726227522 40.53575211763382 6.224935941398144 458.5771632343531 0 20.81637725234032 10.13781578838825 9.717754192650318 3.444271922111511 11.56212073564529 59.85790870338678 20.63161890953779 11.50997504591942 55.77704627811909 2.638753429055214 11.55240302532911 10.64686451852322 5.53381834179163 3.212532468140125 0 0 0 0 0 0 0 0 0 0 0 0 0.1261523365974426 0 0.1921846866607666 0 0.1348315477371216 0.4799958467483521 0.1284183710813522 0.3780744671821594 0 0 0 0 1.03922276943922 0 0.6022896394133568 0.8054994344711304 0.2386394962668419 0 0 0 0 0 0.2043515890836716 0 0 0 0 0 0 0.4171690568327904 0.2117605060338974 0 0 0 0 0.1040314435958862 0.198496475815773 0 0 0.6186118721961975 0 0 0 0 0 0 0 0 0 2.753631889820099 1.453507050871849 0 0 0 0.5136580094695091 0.184861958026886 0 0 0 0 0 0 0 0 0 0 0 0 0 0 24.88216016441584 1.575289517641068 2.240733526647091 104.3091098070145 1.514087036252022 3.029453441500664 0.58342444896698 538.0869891345501 8.920469373464584 0.1629080176353455 0 5.202425211668015 0 0 0 41.10590641200542 1.92387056350708 0 0 0.1145228669047356 0 109.6724150627851 84.96632543951273
113.5633570700884 660.8216880112886 22.18739051371813 590.2135012000799 251.6697211265564 35.8906811401248 72.51958347856998 3.564617849886417 236.753156170249 2577.391935616732 93.64860947430134 769.6131784766912 2912.942670948803 1040.223290391266 6.434507928788662 4.656218685209751 0 0.1325296312570572 0 0 0.1536726206541061 0 0 0 0.1461534798145294 0.1489801108837128 0 0 0 0 37.45621005445719 4.572522811591625 45.79259684681892 0 0 0 13.76391907781363 1.547536425292492 0.2616323605179787 0 0 0.1197163686156273 0.6471139043569565 0.6770517006516457 0 0.1225087866187096 37.25941396504641 1.257311038672924 0.2238828912377357 0 0 0 0 0 2.710382342338562 3.390416778624058 13.0657861828804 52.62309550493956 10.53134064376354 21.73605097085238 0.0983852744102478 0.6117021441459656 0 49.33821299672127 1.091688632965088 0.710276685655117 0.7078509628772736 0.288381889462471 0 0 21.73193020373583 0.5068421959877014 0 32.42915070801973 34.1657330095768 26.93621125817299 14.27612841874361 4.791050910949707 2.516961559653282 3.568476431071758 1.386092483997345 4.568367764353752 4.874503709375858 0.2125941812992096 0.8304579257965088 0.8348812609910965 0.214356504380703 0 0.5861436352133751 0 0 0 0.5516689121723175 0.2576661631464958 0 88.73601233959198 1.74640529602766 0 0.2142831683158875 16.06690582633018 0.1291259825229645 14.534439265728 14.14753224700689 9.993959285318851 18.85687034577131 28.55279699712992 26.77147144824266 48.26127435266972 25.04291627556086 58.70915468037128 6.158326625823975 44.1522133871913 26.31152781099081 16.35683094710112 27.02285522222519 0 0.2404389977455139 0 0 0 0 0.3989142179489136 0 0 0 0 0 0.6125000491738319 0 0.2171271443367004 0 0.4121801853179932 0 0 4.406980827450752 0.2824464589357376 0 0 0 8.962933272123337 0.9467943608760834 5.361095264554024 4.04925075173378 0.3526727706193924 0 0 0 0 0 0.5941265225410461 0 0 0.2415936440229416 0 0 0 0.7376304864883423 0 0 0.1245089322328568 0 0.4563393965363503 0.8012637346982956 0.3312261700630188 0 0.6418785452842712 3.739347398281097 0.8307007402181625 0 0 0 0 0 0 0 0 15.1204971075058 0 0 0 0 15.63496796041727 0.1656537652015686 1.526378929615021 0 0.109309509396553 0 0.1097066923975945 0 0 0 0 0 0 0.4581488370895386 0 0 39.61274018883705 7.436509519815445 15.24330636113882 116.3982128277421 2.207445785403252 114.3806011378765 19.06740503758192 90.57091264426708 19.52377942204475 0.1255988478660583 6.8189976811409 5.562229707837105 0 4.687685184180737 1.506620392203331 19.53140752017498 0.5266468524932861 0 0.6248245239257812 0.5295041352510452 2.081533879041672 112.5280950143933 39.1679917126894
55.55375938117504 360.7955448701978 1492.506356626749 1.060200795531273 35.48509764671326 1.443939417600632 3.564617849886417 613.0883248820901 189.7790254056454 1.770597748458385 2095.946627408266 3.695777758955956 40.69700414687395 781.8362784981728 12.24560176581144 16.99399700760841 0.3711835071444511 0.5383361577987671 0 1.05634318292141 2.810913324356079 0.1500712186098099 0 0.7388968467712402 0.6691424027085304 3.622383862733841 0.2687714397907257 0.4581871181726456 0 0 249.807167828083 1599.231365904212 83.89795351028442 0.5263568460941315 0.4556487873196602 3.66243989020586 8.390150099992752 13.63552148640156 0.3811537176370621 0.4015363752841949 2.971649721264839 2.098656222224236 10.19873729348183 2.921043328940868 0 0.5748771950602531 35.92603949457407 1.068394131958485 0.4158314913511276 0.6803376078605652 1.043850399553776 0.1285146474838257 0 0 0.7707540318369865 1.086137071251869 10.396649107337 57.78133828192949 5.75632432103157 11.88759300857782 2.562111005187035 20.21106325089931 0.7890636771917343 92.69565138965845 0.4742874130606651 0.6564926132559776 0.4041151031851768 1.857560306787491 9.508183799684048 8.375507518649101 7.856618247926235 1.977602787315845 0 17.55350493639708 31.16408108174801 20.47028407454491 33.07563251256943 53.57430437207222 717.6279477402568 2125.48598318547 21.23915716260672 379.7810670733452 2.780662760138512 0.3064065203070641 1.110608860850334 0.3137753158807755 2.606895267963409 0 0.09304891526699066 0 0.1144056245684624 0 6.14209096133709 1.803726822137833 3.35671604424715 3.311628632247448 5.157558277249336 0 1.859212532639503 17.05009735375643 0 0 0.9199478924274445 0.4916574358940125 1.589867755770683 0.3981805592775345 0.5335021317005157 2.083576485514641 0.3189815133810043 1.1125548183918 0.9616734236478806 1.55732586979866 1.008421093225479 0.9634963795542717 2.793541111052036 0 0.1250690370798111 0 0 0 0 0 0 0 0 0.1803300231695175 0 0 0 0 0 0 0 0 0 0.8016213998198509 0 0 0 2.145589739084244 0.1509921997785568 3.071932017803192 1.567753054201603 0.4600811451673508 0 0 0 0 0 0 0 0 0.4117681682109833 0 0 0 0.1413062810897827 0.3400991261005402 0 0.127802237868309 0 0 0 0 0 0.6304726004600525 1.06435452401638 0.9396738857030869 0 0 0 0 0 0 0 0 1.058891668915749 0 0 0 0 4.327108547091484 0 0.1567914336919785 0 0 0 0 0 0 0 0 0 0 0.2222673147916794 0 0 1.677453808486462 2.479823902249336 5.227681793272495 86.44995361566544 0.7365320101380348 68.62731726467609 16.63590897619724 17.46087265759706 18.22379135340452 0 4.85193943977356 3.107936307787895 0 0.9814363121986389 0.6884523630142212 0.8085590302944183 0 0.5447883605957031 0 0.2445938736200333 1.698641359806061 7.463920667767525 1.734585106372833
12.70570209622383 1015.605479605496 832.6996726766229 3.362387418746948 1223.046937510371 7.023386254906654 236.753156170249 189.7790254056454 469.4689053595066 126.7251735553145 742.6311566978693 116.1978935003281 1447.184706948698 1717.265236310661 20.29459541290998 17.59551478922367 0.7164201065897942 0.1789675354957581 0 0.1099598780274391 0.5190931484103203 0.1498693823814392 0.09932737797498703 0 0 0.1559048146009445 0 0 0 0 36.07030949741602 15.23003101348877 85.20298849791288 0 0.1409997195005417 0.1201249435544014 14.9588970169425 2.8084357380867 0.3125921189785004 0 0 0.1434649080038071 0.2184503227472305 2.386457785964012 0 0.1451335251331329 34.8959880694747 1.002838507294655 0.3007968366146088 0 0.1950659528374672 0 0 0 0.5587721616029739 1.920443221926689 7.225057519972324 18.77153539657593 5.672018639743328 13.61993104964495 0.2653770074248314 2.298591703176498 0 26.72084710001945 0.835902065038681 0.5565427094697952 0.67239860445261 0.2956855371594429 0.2949385344982147 0.9095425456762314 26.3820164501667 2.829022489488125 0 15.75806510448456 22.45400019735098 32.70906800031662 33.30361547321081 17.10912097245455 13.05262283235788 14.00011795759201 1.354727670550346 12.39441902190447 2.374800272285938 0.1075950860977173 0.7234582826495171 0.5943415313959122 0.2362542077898979 0 0.1017713472247124 0 0.2995690628886223 0.07873822748661041 0.1189951300621033 0 0.09797494858503342 55.25251232087612 4.881117895245552 0 0.6867440640926361 3.283434472978115 0.8816116452217102 4.525511384010315 11.54246548563242 2.001728095114231 23.6562355235219 30.8286931142211 18.8859781101346 48.4543324187398 25.70902413129807 61.72886470705271 13.37370059639215 40.12897292524576 32.31701148301363 22.12764173746109 35.2657269090414 0.4571950435638428 0.9004245102405548 0.124797523021698 0 0 0 0 0.1367018669843674 0.394504725933075 0 0 0 0.1546507477760315 0.708845317363739 0.3194524720311165 0 0 0 0 5.739948026835918 2.416409388184547 0 0 0 10.49760095775127 0.7728720456361771 8.18540632724762 2.399825684726238 1.296537935733795 0 0 0 0 0 0 0 0 0.2540812194347382 0 0 0 0 0.3580574989318848 0 0 0 1.638895854353905 0.1108121275901794 0.9066115915775299 1.152335152029991 0.3451148867607117 3.634530812501907 1.473228976130486 0 0 0 0 0.1393378078937531 0 0 0 25.6147016659379 0.5741484314203262 0 0 0 32.90375138819218 0.3627372980117798 2.330037906765938 0 0.7850638031959534 0.3367899879813194 0 0 0 0 0 0 0 0 0 0 51.09159126132727 16.4814230427146 22.1602084711194 149.5930742695928 1.053953163325787 101.4517738297582 29.21107076108456 20.24895068258047 20.77308867126703 0.1451537609100342 18.69822330772877 5.465486899018288 0.1048078089952469 1.909984141588211 2.257439002394676 9.173385873436928 0.4001103043556213 1.355741381645203 0.6930604577064514 1.550366133451462 0.6553489714860916 86.72038053721189 35.77050721645355
460.9386738762259 3491.039175286889 33.48237978667021 1357.008112207055 475.4170877933502 361.1998179629445 2577.391935616732 1.770597748458385 126.7251735553145 1846.473207637668 21.28991277515888 1978.928237602115 4485.346253573895 216.776918746531 10.32750425487757 4.13727755099535 0.1370088011026382 0 0 0.188117578625679 0.4632658511400223 1.003571033477783 0 0 0.153759703040123 0.5503353774547577 0 0 0.4542560130357742 0 55.46596968173981 6.029472663998604 91.64868702739477 0 0 0.5549481213092804 23.743204459548 1.778017520904541 0.1084432154893875 0 0.2261953353881836 0 0.6139435321092606 0.1174313500523567 0.2624287009239197 0 54.18063093721867 1.682672545313835 0 0 0.5684380978345871 1.822666674852371 1.681020021438599 0.2059634178876877 1.537127859890461 4.615845017135143 32.58280154317617 91.20138159394264 16.52852015942335 35.60031715780497 0.1212649270892143 6.847217582166195 0 85.58175630122423 1.593501038849354 0.7466563060879707 0.5700634643435478 0.5110085606575012 0.2493802681565285 0.8700245022773743 92.4408647865057 7.517489597201347 0.1354385614395142 48.93339342623949 47.42398312687874 35.21328722685575 16.37571696192026 5.137312769889832 2.929108358919621 11.98133577406406 1.45102696120739 8.659713573753834 5.071244955062866 0.2250120788812637 1.313431836664677 1.559009775519371 0.8770841211080551 0 0.5685922801494598 0.227299690246582 0.1093017160892487 0.2933411002159119 0.2491668611764908 0 0 321.4858391284943 16.00966370105743 0.5595541894435883 1.027671501040459 231.8200975358486 0.8060339316725731 104.0263651609421 80.44677782803774 94.7275285795331 83.89387852698565 165.0038617104292 298.144247636199 258.6647260338068 167.1203800067306 464.2018933221698 39.96861985325813 353.2331717908382 171.1846810206771 145.0166327059269 85.06903010606766 1.169929265975952 0.3616292625665665 0.1178630888462067 0 0 0 0 0 0 0.3175683617591858 0 0 0.791716992855072 0 0 0 0 0.6430880427360535 0 23.5509209856391 11.99113959819078 0 0.558240532875061 0 31.95862178504467 3.752204313874245 22.58814641088247 9.359878838062286 2.782031938433647 0 0.2099407762289047 0 0 0 0 0 1.299169093370438 0.7093058824539185 0 0 0 0 0.263981819152832 0.2772875130176544 0 0.2552410662174225 1.816731289029121 1.504080452024937 12.46201092004776 0 1.241738319396973 14.13506732881069 1.566537395119667 0 0.1427076905965805 0 0 0 1.097475409507751 0 0 63.21139532327652 1.449052140116692 0.258274257183075 0.1054982021450996 0.1402903199195862 99.5833527520299 2.821639627218246 4.548233360052109 1.190728068351746 0 0.7262995839118958 0 0 0 0 0 0 0 0.1010352447628975 0 0 195.3862331956625 19.35190948843956 39.96985256671906 443.8008214086294 9.604477770626545 233.9781345576048 49.33344333618879 847.3603867143393 63.64825245738029 9.431974142789841 33.53171397745609 39.04955818504095 4.889030933380127 14.61244928091764 8.399786069989204 218.0231875181198 0.2210618630051613 3.794654965400696 0.421276830136776 5.136096447706223 0 1143.243698976934 390.8590447604656
137.8589132800698 851.1321148723364 2916.918459385633 0 313.4494448676705 5.670528098940849 93.64860947430134 2095.946627408266 742.6311566978693 21.28991277515888 260.4175275191665 79.87320474535227 1013.272939562798 2194.142688937485 42.01344936341047 58.37242666631937 2.4055580124259 0.1442960500717163 0.1040277406573296 0.3609587401151657 1.567602679133415 0.5352419167757034 0.3777378648519516 0.2641887366771698 4.085429988801479 9.532692670822144 0.195548489689827 1.239593893289566 0 0 495.4943462088704 812.9960209578276 1240.774223208427 0.1567304879426956 3.235647261142731 10.50846435129642 109.709350168705 79.67912575602531 2.824082776904106 2.103334806859493 4.444495111703873 4.79819954931736 6.120024099946022 9.226256653666496 0.330583319067955 0.9681305438280106 52.58496091514826 1.923916682600975 0.116406038403511 0.706224799156189 0.9556396156549454 4.272723317146301 0.3122422248125076 0 0.9540221393108368 2.509111069142818 17.33673205971718 48.12215849757195 8.775996141135693 19.30227649956942 2.065702937543392 90.42188944667578 1.549513138830662 47.77563868463039 0.4352263510227203 0.6246757879853249 0.39280666410923 0.815305195748806 5.824616745114326 12.39909818023443 65.44702659547329 4.422558411955833 0 18.99411026388407 27.3324806317687 59.85199102014303 55.26469554752111 37.87310470640659 74.77649514377117 901.2673956602812 4.721272192895412 124.7177130281925 3.471693731844425 0.1128937751054764 1.37750930339098 0.6850018724799156 2.08283519744873 0.1220381557941437 0.1476744785904884 0.6782794445753098 0.5325547382235527 0.3178832232952118 4.560890592634678 2.353040099143982 2.510333344340324 18.89091511815786 10.74590503424406 0.2248714864253998 4.170936591923237 36.68607165664434 0 0.1309570968151093 4.443144358694553 0 5.12215419113636 5.863506451249123 1.751665055751801 9.85336572676897 3.039488852024078 8.108270213007927 5.925037369132042 8.194160602986813 8.341552339494228 4.740463562309742 7.95841858536005 0.4155744314193726 0 0.261035829782486 0 0 0 0.778264582157135 0 0.1061872318387032 0 0.8229947090148926 0 0.8517544567584991 0 0.2159934788942337 0 0.1223113536834717 0 0 2.375234186649323 1.223337262868881 0.3797609508037567 0 0.1603060662746429 7.823127925395966 1.872408851981163 5.479247897863388 2.784181021153927 0.9214501306414604 0 0 0 0.1479350179433823 0.239191085100174 0 0 0 0.2344741523265839 0 0 0.5409993678331375 0.5309854447841644 1.252064391970634 0 0 0 0 0.3427735567092896 0 0 1.524801880121231 3.955770447850227 0.8002406433224678 0 0 0 0 0 0 0.08449849486351013 0.1212986335158348 6.253202974796295 0.1312713772058487 0 0 0 14.39545025676489 2.091212287545204 2.502182751893997 0 0.6695382744073868 0.1462958157062531 0 0.5865203440189362 0 0.2210411727428436 0 0 0 0.277109295129776 0 0 10.0622780174017 14.86737674474716 16.99864327907562 172.7133395150304 3.43564547598362 136.5227855071425 40.52648092061281 29.14297191053629 26.96476738899946 0.3304269909858704 14.96727957576513 3.962515361607075 0 1.411232493817806 1.935156740248203 2.261242896318436 0.08208896219730377 0 1.77222466468811 3.226413704454899 3.267254203557968 19.60126353055239 7.826105281710625
12.38921259343624 353.545795597136 20.61375471204519 225.8542963862419 230.7621989473701 76.63809044659138 769.6131784766912 3.695777758955956 116.1978935003281 1978.928237602115 79.87320474535227 81.08699831366539 1567.173851698637 393.7752301543951 21.0701272264123 34.72228389233351 2.30704952776432 0.6864339113235474 0 0.6400368511676788 3.279180504381657 8.51707449555397 0.7925361394882202 1.067075476050377 5.994922339916229 19.72355081140995 0.1879445314407349 3.103966444730759 0 0 50.02566922456026 28.42972070723772 243.2373785302043 1.01614835858345 0.5158175230026245 9.940890595316887 406.405482724309 71.95740892738104 8.707880437374115 3.314930409193039 6.80953386425972 5.00137884914875 0.8488717079162598 4.965688675642014 1.177821472287178 3.824592597782612 33.28625458478928 0.09614400565624237 0.4288232028484344 1.063410378992558 0.4261204153299332 14.35128466784954 1.538688406348228 0.9423033893108368 0.625198021531105 0.4335494264960289 3.265866167843342 10.39560420066118 3.017254360020161 7.574031047523022 6.173397324979305 78.96929837018251 1.601900987327099 16.48575306683779 0.1367544680833817 0.1755802035331726 0.4760955721139908 0.09758664667606354 1.63604599237442 4.733756482601166 545.1444788575172 47.37028600275517 1.32968407869339 5.168239869177341 11.24112371355295 24.40956090390682 16.83931404352188 12.26385792344809 2.11543545126915 31.67586275190115 2.365209557116032 33.79795467108488 1.559735283255577 0 0.2287020310759544 0 0.4634136185050011 0 0.3970257788896561 0 1.155528545379639 1.731784775853157 2.360323771834373 5.903822876513004 13.8304857313633 1584.942946493626 304.4825534746051 0.8570763766765594 39.44874555617571 14.04670271277428 0.7596443593502045 10.78652524203062 24.78941015154123 4.228689268231392 35.29774705320597 60.67056065797806 39.28977150470018 102.971989184618 44.15560505539179 119.6222294569016 19.82528986036777 78.93685234338045 69.3873184248805 58.79861849546432 79.02540934830904 0.1539824604988098 0.3683526590466499 0 0 0 0 0 0.2904383540153503 0 0 2.119448855519295 0 2.56611068546772 0.6657305955886841 1.000985160470009 0.5077347755432129 0.1519324481487274 0.7674628049135208 0.5075705945491791 10.23125592619181 5.117458865046501 0.2122467905282974 0 0.2656998634338379 42.38310093432665 0.4483040794730186 24.980853125453 8.296000070869923 1.234212502837181 0.2095152884721756 0 0 0 0.7234362959861755 0.122378759086132 0 1.395023688673973 0.8929455354809761 0 0.1071291863918304 0.2561259865760803 0.5336177200078964 1.263425648212433 0 0 0 0.2881011217832565 2.822686322033405 1.389846324920654 0.4704526364803314 2.283927321434021 9.857254967093468 4.837283723056316 0 0 0 0 0 0 0 0 72.69018828123808 0.5747349709272385 0.1885644793510437 0 0.1612427532672882 59.64766412973404 1.366298273205757 3.380663730204105 0.2436427175998688 1.261045724153519 0.369361400604248 0 0.1131139621138573 0.1147545054554939 0 0 0 0 0 0 0.1508284658193588 123.403728634119 38.01331651210785 66.35533186793327 247.0596950054169 6.07379686832428 106.7641532048583 36.18391720205545 57.10310616344213 17.70140504091978 0 16.4580407962203 19.48309178650379 0.2724257409572601 6.649164773523808 5.450465351343155 29.03888295590878 0.3000600039958954 2.955679178237915 1.267125658690929 1.133313298225403 3.969475775957108 533.8473846465349 134.1135764420033
14.78734462708235 1221.065462529659 157.2489643245935 311.1878390461206 2062.553242996335 73.90321165323257 2912.942670948803 40.69700414687395 1447.184706948698 4485.346253573895 1013.272939562798 1567.173851698637 7664.906538948417 6145.47168751061 61.42460335046053 101.8697325736284 6.965104319155216 0.6353309750556946 0.1672478318214417 0.4266341179609299 6.147366598248482 8.484155125916004 0.7727793529629707 1.274041920900345 35.71919231116772 22.6448480784893 0.3897328823804855 3.519684791564941 0.902016319334507 0 73.73968057334423 43.48345489054918 1946.798724897206 0.8238381743431091 0.7242155969142914 24.4026515558362 3084.336059041321 359.6346676051617 25.53056671470404 28.69743391126394 9.761516474187374 13.98093807697296 2.425102263689041 18.20865126699209 0.6952072232961655 7.121023505926132 80.44724893569946 1.478814221918583 0.604187436401844 0.3854240477085114 1.361303254961967 22.91631694883108 5.100457057356834 1.265998139977455 1.055500887334347 3.355388514697552 10.62061089277267 22.24612356722355 8.738097541034222 19.99681291729212 6.359726138412952 255.9546582698822 5.72157009691 44.55217973142862 1.221220687031746 0.9358090087771416 0.457398422062397 1.226744577288628 4.254348464310169 8.295022651553154 1662.392284668982 46.37632085382938 0.7758203595876694 17.38169219344854 24.91189186275005 82.44082219153643 58.50523918122053 40.67389093339443 11.8295516371727 133.8936638385057 5.95207716524601 96.87419122457504 4.784268282353878 0.2045583128929138 0.6950191706418991 0.906246580183506 1.346375025808811 0.1051915884017944 1.046633072197437 1.562289573252201 1.640111804008484 1.733927756547928 6.078584112226963 9.114920891821384 19.56016575545073 2035.346306689084 136.5967294350266 2.658388391137123 51.27192047983408 22.10720590502024 0.9499693810939789 18.76643454283476 43.16431690752506 11.43228120356798 68.95489556342363 130.0283116921782 64.72637940943241 182.2382764294744 87.84830559045076 210.3389913588762 36.94137081503868 159.4478841647506 135.4949541836977 110.3401901647449 158.0816654115915 1.615407541394234 0.5414865016937256 0.1648031771183014 0.118663914501667 0 0 0 0.1620540171861649 0.3224027454853058 0.6268870234489441 1.904206052422523 0.4275748878717422 3.309287309646606 0 1.121875092387199 0 2.078244961798191 1.801849171519279 0 23.30696664005518 12.26130647957325 0.2938845604658127 0.9457594305276871 1.29029181599617 80.0664813965559 3.589572980999947 48.74220782518387 19.50462305545807 7.874862633645535 0.7318711131811142 0 0.1902320086956024 0.4242682456970215 0.5515571087598801 0.5196697115898132 0 1.030443295836449 0.6261925995349884 0.1328757554292679 0 0 2.35697752982378 4.390231356024742 0 0.6320067644119263 0 0.9125883653759956 4.441089875996113 1.637831680476665 1.463330931961536 2.053419061005116 23.63979790359735 5.768155246973038 0 0.1948774605989456 0 0 0 0 0 0.723527580499649 130.904254168272 2.115459598600864 0.249257393181324 0 0.6476321220397949 106.1937974914908 2.433637827634811 8.173827990889549 0.2728260457515717 0.3781262934207916 2.174392737448215 1.031884461641312 0.5626572296023369 0 0 0 0 0 0.1259370744228363 0 0.462940514087677 232.7460956573486 90.0602814629674 141.9541119560599 484.5662450566888 13.71078117191792 261.4157488271594 83.53133490681648 69.96656071394682 39.51768349856138 3.519702292978764 35.4373482838273 29.22156020253897 2.090651243925095 20.52745915204287 5.042214974761009 40.07656178623438 2.241012841463089 0 1.141729861497879 10.78373391926289 5.521437138319016 670.6624216213822 239.6176520809531
