139.5436751917005 1183.44369122386 570.7628734409809 2214.235519975424 32.26757322996855 80.53304582834244 1316.329799130559 103.0830256491899 1.564230799674988 1596.860931836069 103.7281221523881 107.5135625302792 272.3893268853426 167.5718480497599 2.510056555271149 1.134660750627518 0.1072304993867874 0.1439881920814514 0 0 0.1024314314126968 0 0.3672823160886765 0.1172243058681488 1.136337481439114 0.1322436630725861 0.6273589357733727 0 0.5515981912612915 0 916.0723205581307 10.22862593084574 24.07808512449265 0.2303100675344467 0.5155101269483566 1.572424858808517 3.789664201438427 3.363760963082314 0.6862862110137939 1.061960987746716 0 0.08553348481655121 0 1.155604407191277 0.2638132572174072 0.40400280803442 77.2263260781765 4.349568046629429 0.118358239531517 0.2371322736144066 0.4217223897576332 0.08155816793441772 0.135575920343399 0.1222764626145363 14.51948845386505 38.56060535460711 252.3791035935283 1027.838166438043 27.1453026458621 53.66216759383678 1.548291340470314 6.709247037768364 0.5755680650472641 67.60069054365158 9.765629254281521 5.082611031830311 0.7352379560470581 0.46155646443367 0.2900381833314896 0.08983886986970901 5.953068137168884 2.249086692929268 0 184.4248816817999 97.22592212259769 68.72441804409027 2.985686250030994 0.733837217092514 1.366840578615665 90.35874765366316 0.9554289430379868 20.54378086328506 28.23047710955143 1.573336385190487 5.450861863791943 7.389115773141384 1.166476972401142 0 0.09216902405023575 0.1255456507205963 0.3690049201250076 0.2795195132493973 0.1146289929747581 0.6318140998482704 0.09074132144451141 32.94219280779362 2.759034536778927 1.668352395296097 1.379257179796696 1219.452602110803 0 0 0.7235527038574219 1.383891820907593 0 3.379566833376884 5.79876309633255 1.853916510939598 5.958819985389709 6.347577795386314 0 3.200862631201744 5.165028795599937 3.956117257475853 1.335982657968998 0 0 0 0 0 0 0 0 0 0 0 0 0 0 0 0 0.1189862787723541 0 0 0.3068557232618332 0 0 0 0 0.5388611555099487 2.012260861694813 1.55785721540451 0.6855018883943558 1.925558596849442 0 0 0 0 0 0 0 0 0.4563003480434418 0 0 0 0.1086212992668152 0 0.1962021440267563 0 0 0 0.6960066556930542 0 0 0.2385842800140381 0.8764871135354042 0.6444284915924072 0 0 0 0 0 0 0 0 1.127116531133652 0 0 0 0.3557407557964325 0.1520246416330338 0.8359383046627045 0.4296556636691093 0.2480551600456238 0.0831659659743309 0.3047103583812714 0 0 0 0.09429815411567688 0 0 0.1115410327911377 0 0 0.08786280453205109 0.9774532467126846 0.905437707901001 0.09595400094985962 172.7518094852567 9.973962217569351 193.3640245050192 58.12495823949575 634.692520186305 2.192527070641518 3.333816967904568 3.649254336953163 2.604134112596512 0.2145297974348068 0.5317041426897049 0.8905876576900482 12.59951949119568 0 0.1216938719153404 0 1.373069763183594 0.1961074620485306 165.4561425819993 2.687248080968857
1183.44369122386 1455.527674019337 1057.839159190655 158.5388482064009 1244.650902636349 54.23555791378021 4258.176627732813 656.6283658370376 700.2915254607797 87.17110166698694 2318.851560130715 46.01055336743593 741.9288189038634 2790.18156851083 18.60288904607296 3.338037058711052 0.6241156160831451 0.4677581191062927 0 0 0 0.3965171650052071 0.120822861790657 0.1222159340977669 1.718231298029423 0.221022717654705 0.776393748819828 0.1903424859046936 0.1261347532272339 0 2037.41636890918 19.50295739620924 32.01158092170954 0.1920768320560455 0.3517131060361862 1.553684361279011 4.393703527748585 1.747209936380386 1.586027175188065 0.7311689481139183 0.7821280062198639 0.3537012562155724 0.2946283519268036 1.054426610469818 0.09000071138143539 0.5755867138504982 250.3095787838101 8.924321129918098 0.4804519563913345 0.7424780875444412 0.4688815325498581 0.2271631062030792 0 0 17.41994317620993 51.702486500144 107.0164631009102 420.6948777958751 30.15515413880348 100.8970932811499 0.9521256983280182 6.3159509152174 0.9649252146482468 68.3803679049015 15.69503197818995 7.915399983525276 1.029893219470978 0.7335559353232384 1.186917394399643 0.09113681316375732 5.229837819933891 2.216638930141926 0.1810076683759689 240.9191397428513 145.3722304031253 245.9207763373852 31.71450216323137 6.146465606987476 2.722880013287067 201.6980392336845 1.207434736192226 7.354557894170284 36.17570824176073 1.436613947153091 10.96761781722307 12.99022386223078 1.861802294850349 0 0.3574548587203026 0 0.9380496591329575 0.1941239982843399 0.4569614753127098 0.7825752422213554 0.6377136558294296 15.00593890249729 1.182483926415443 0.119249239563942 0.5262966081500053 1144.254365392029 0.6219350695610046 1.465012490749359 2.264192044734955 0 0 9.620438396930695 8.422101035714149 11.01973016560078 15.18680250644684 7.62154895067215 2.470658734440804 13.99260996282101 14.42574726045132 11.80563851445913 3.625899210572243 0 0 0 0 0 0 0 0 0 0 0 0 0 0 0 0 0 0 0 0 0 0 0 0 0.7902354151010513 2.085740238428116 7.958226516842842 1.217328399419785 0.0931328609585762 0 0 0 0 0 0.6724143028259277 0 0.7085174322128296 0.8914934098720551 0 0 0 0.1087394505739212 0 0 0 0 0.7908205986022949 0.8991492688655853 0 0 2.104405120015144 2.933351159095764 0 0 0 0 0 0 0 0 0 3.936768122017384 0 0 0 0 1.603104934096336 0 2.785233035683632 0.7822785377502441 0.3945018351078033 0.2664988040924072 0 0 0 0.0851842537522316 0.08287655562162399 0.08479341864585876 0 0 0 0 5.786417722702026 1.167169630527496 0.2290856167674065 357.8301467075944 16.83554717898369 399.9793443605304 83.95542241632938 441.311233587563 1.462542481720448 2.154684193432331 12.45779418200254 2.712528973817825 0.3115057647228241 5.049080990254879 0.3151338174939156 5.777996599674225 0 0.1080467700958252 0 8.831120923161507 1.917302899062634 88.83703593164682 4.820020720362663
570.7628734409809 1057.839159190655 1612.075991280377 9.607824414968491 999.2952284142375 7.168122708797455 282.1588664650917 4613.167035341263 502.0145494863391 29.2276498824358 6086.405278660357 25.15583522617817 396.0781874880195 2980.675645239651 14.04571662098169 4.874588392674923 1.179518334567547 0.1056495681405067 0.1193525418639183 0.37734404951334 1.540080659091473 0.2369966804981232 1.53383406996727 2.330819524824619 21.26794821023941 2.528881005942822 6.309719860553741 0.9092455953359604 1.131729081273079 1.596334837377071 2987.112303525209 741.7793029919267 182.2422280982137 0.1153873056173325 3.697794646024704 22.98872125148773 32.53249948471785 29.28667385876179 9.253732807934284 6.816904731094837 1.642019674181938 1.229960061609745 0.3052613064646721 2.438314311206341 0.07785498350858688 1.391409382224083 76.34479150921106 4.657333523035049 0.2119026333093643 0.6808108761906624 2.258833453059196 0.3538833558559418 1.35015980899334 0.5176418349146843 8.081778354942799 23.70709959417582 84.79669073224068 410.8132926821709 17.55364170670509 50.45098865032196 16.02066062390804 74.07089670747519 6.414676502346992 195.3678409084678 6.716364435851574 3.312245167791843 0.7247378677129745 0.9817621260881424 0.5780425891280174 1.232372753322124 15.88555508852005 1.016046799719334 0.09901817142963409 178.4826149791479 122.6561417356133 147.10460408777 19.87700054049492 7.874615393579006 46.4315425530076 1354.59038399905 6.414233207702637 143.1967762112617 18.46974591910839 0.3561027869582176 5.250873759388924 5.86388023942709 1.284154430031776 0.08828139305114746 0.09906569868326187 0.1977739259600639 2.079319104552269 0.5989183411002159 2.795497193932533 2.321005888283253 1.725189365446568 11.43056939542294 1.058403231203556 0.4698499739170074 2.7742790132761 411.9312726035714 0.3079729080200195 0.594673216342926 0.4915634244680405 0 0 1.066994726657867 0.4031058251857758 1.587961122393608 0.962724968791008 0.5020742416381836 0 3.215026564896107 2.831098981201649 2.571226835250854 1.613660715520382 0 0 0 0.1257980763912201 0 0 0 0.1011971011757851 0 0 0 0 0.1978511065244675 0 0.08840312063694 0 0 0.4872859641909599 0 0.2752021849155426 0.1419575661420822 0 0.7220901995897293 0.2905472218990326 0.8017830401659012 1.783273711800575 3.927777774631977 1.47524107247591 2.680601164698601 0 0 0 0 0 0 0 0 0.5500593855977058 0 0 0 0.324845939874649 0 0 0 0 0.2060673385858536 0.5426675230264664 0 0 0.7364204823970795 3.415648765861988 0.3357410728931427 0 0.134472593665123 0 0 0 0 0 0 2.790210850536823 0.1971352994441986 0 0 0.1224842518568039 1.025251127779484 0 0.694253496825695 0.9088920950889587 0 0.4754139184951782 0.2923138439655304 0 0 0 0 0 0 0 0 0.09370003640651703 1.650796480476856 1.814040318131447 0.9625197798013687 113.788126654923 9.525925010442734 128.6802747696638 35.48071824759245 168.30748064816 0.5134577751159668 1.033372648060322 3.54777567833662 1.153133757412434 0 1.175000570714474 0.690789595246315 2.374187678098679 0 0 0.1188934892416 4.93604914098978 0.1525558978319168 37.30887643992901 1.968879394233227
2214.235519975424 158.5388482064009 9.607824414968491 735.7597850859165 4.474848859012127 248.0182355344296 973.51607940346 36.48038320988417 2.549377739429474 772.4432895183563 28.93633156269789 167.1205182671547 548.3026213049889 63.96360091865063 1.103419862687588 0.08253762871026993 0.267423115670681 0 0 0 0 0 0 0 0.07739052176475525 0.1274929493665695 0 0 0 0 81.35407954454422 0.6399807184934616 0.72061488032341 0 0 0 0.4151007384061813 0.4564134255051613 0 0 0 0 0 0 0.1135889366269112 0 44.33762568235397 2.15866906940937 0.08922134339809418 0 0.362818218767643 0 0 0 2.820661075413227 11.42824117839336 27.65646677464247 48.41845777630806 6.633832648396492 23.13030450791121 0.2138886079192162 0.3792176470160484 0 9.545573160052299 3.696416698396206 1.806139402091503 0.4498748108744621 0.2027332410216331 0 0.09007841348648071 1.318504817783833 0.5100710988044739 0 51.55684199929237 25.20592676848173 31.30568373948336 2.224005982279778 0.3031161576509476 0 1.664861783385277 0.2852754592895508 1.334534026682377 8.830708935856819 0.2753213346004486 1.88097507506609 2.431800127029419 0.4451641961932182 0 0.1247792616486549 0 0 0 0.09659735858440399 0 0.1097749695181847 6.590081378817558 0.7021218836307526 1.071802064776421 0 510.383908033371 0 0 0.8001419901847839 0.6537531763315201 0 5.339156523346901 3.098902523517609 7.249549716711044 7.034832835197449 7.893312722444534 1.021990582346916 5.209751941263676 5.88991379737854 3.27115760743618 1.457174122333527 0 0 0 0 0 0 0 0 0 0 0 0 0 0.1220329701900482 0 0 0 0 0 0 0 0 0 0 0 0 0.2329098880290985 0 0.4787074327468872 0 0 0 0 0 0 0 0 0.2936857119202614 0 0 0 0 0 0.1999176442623138 0 0 0 0 0 0 0 0.3363731801509857 0 0 0 0 0 0 0.09438930451869965 0 0 0.8576265126466751 0 0 0 0 1.88349287211895 0 0.1961036622524261 0 0 0 0 0 0 0.09192409366369247 0.2110268026590347 0 0.07950896024703979 0 0 0 0.9907429963350296 0.3153814375400543 0 77.13921792060137 4.580483980476856 88.75254994630814 17.37393862009048 656.6046284809709 0.7861173152923584 0.8667326122522354 3.000357858836651 0.1717464327812195 0 0.1233826950192451 0.6513311862945557 8.909349679946899 0 0 0 0.4972964078187943 0.3158778846263885 115.0227596536279 4.561558485031128
32.26757322996855 1244.650902636349 999.2952284142375 4.474848859012127 879.7603078782558 3.946396142244339 2076.384767889977 251.862969815731 1079.464183092117 63.2269149646163 943.739410571754 4.873414091765881 979.8970324546099 1422.618975497782 25.01166048645973 4.046777494251728 0.1813299208879471 0.08270040154457092 0 0.09613990038633347 0 0 0 0 0 0 0.3010285347700119 0 0 0 112.6056698709726 24.87992490082979 1.969684176146984 0.1055110171437263 0 0 0.7886509746313095 0.1993260607123375 0.1106983572244644 0.1010395213961601 0.112937368452549 0.1666316837072372 0.1005957424640656 0.8860141783952713 0 1.1070366948843 171.4194066077471 3.469041019678116 0.3148611783981323 0.3331449627876282 0 0.4061798453330994 0 0.4186274260282516 7.450395196676254 21.65908851474524 15.24263820052147 38.62054383009672 8.0016775354743 51.24703961610794 1.480485327541828 1.548184357583523 0 62.38818622380495 7.693334773182869 3.524496674537659 0.8198320865631104 0.7261725440621376 0.8464104384183884 0.3055001720786095 0.3378534913063049 0 0.1241025999188423 100.8421607911587 68.45329874008894 184.399576947093 43.62906672805548 9.656419053673744 0.6130206063389778 4.423250988125801 0.3923339694738388 1.206759579479694 14.4256244674325 0.2409506887197495 4.229983292520046 5.533162213861942 0.7271256968379021 0 0 0 0 0.08300476521253586 0.1920652911067009 0.2540146261453629 0.1128896325826645 15.92623296380043 0 0 0.1239871308207512 9.914341814815998 0.7935361266136169 0 2.617027506232262 1.481498807668686 0.8232414275407791 27.28729608654976 10.23223012685776 26.77259077876806 31.44155503064394 15.29041346907616 4.070261731743813 36.35848128050566 28.53728915005922 27.3903751373291 11.21572872251272 0 0.6402595192193985 0 0 0 0 0 0 0 0 0 0 0 0 0 0 0 0 0 2.404493615031242 1.195517733693123 0 0.5747087001800537 0 1.927166394889355 3.035555556416512 13.11745395511389 0.5527759939432144 0.6912649720907211 0 0 0 0 0 0 0 2.826623260974884 6.462141245603561 0 0.43718022108078 0 0 0 0.07588604092597961 0.154274508357048 0 1.012986928224564 1.602739751338959 0 0 2.577825486660004 9.039825990796089 3.018319055438042 0.3960815966129303 0.3051753342151642 0 0.9991813153028488 0 0 0 0 11.2634089589119 0.3440347909927368 0.1651953905820847 0 0 8.489301532506943 0.3458934426307678 8.181327730417252 4.944453328847885 2.597178012132645 0 0.8088466227054596 0 0 0.1438653022050858 0 0 0 0 0.1870672255754471 0 15.44355227798223 0.2630894258618355 0.09982544183731079 262.2228341177106 13.86584950983524 246.8884530439973 59.61297842115164 29.37894815206528 2.821101956069469 0.989656038582325 10.36486379802227 6.275190085172653 0.1372606456279755 10.60822293907404 3.620184406638145 16.0516407713294 0 2.984406232833862 0 12.51153810322285 1.004570417106152 44.21718388795853 15.83009439706802
80.53304582834244 54.23555791378021 7.168122708797455 248.0182355344296 3.946396142244339 19.37559348344803 57.77240227162838 0.9164698421955109 1.7980837225914 589.3940044119954 1.051357164978981 210.1001118719578 140.4876373112202 73.5150942504406 0.5271593555808067 0.1065837666392326 0 0 0 0 0 0.6512187272310257 0 0 0.6715452000498772 0 0.1437286585569382 0 0.5215270966291428 0 45.92243385314941 0.1214923337101936 45.98100417852402 0 0.1064653471112251 0.5820660889148712 15.39691474288702 1.87708991765976 4.226164683699608 1.104506552219391 0 0.1096766069531441 0 0 0 0.1251058131456375 1.328359961509705 0 0 0 0 1.549272812902927 3.030523508787155 0 0.1226365268230438 0.6101754009723663 28.79606562852859 9.817336514592171 0.08989080786705017 0.1900947839021683 0 8.333646863698959 0 0 0.09473683685064316 0.1069499552249908 0 0 0 0 135.7138116061687 69.30388379096985 3.931953594088554 2.345462828874588 1.905858218669891 0.7183884680271149 0 0.1034321561455727 0 15.72620284557343 0.1323429346084595 11.78056996315718 0.4767697006464005 0.3998983055353165 0 1.498327985405922 0 1.592374607920647 2.399865493178368 2.873539045453072 0.2253148406744003 0 0 0 0 251.7115039825439 126.4331073313951 69.7498746663332 14.74645484238863 257.3679574728012 0.6065489649772644 0 3.009485363960266 0.7910188138484955 0 16.95394931733608 15.93561606109142 21.76201546192169 24.61682902276516 15.52648811042309 1.446591541171074 17.55649195611477 24.022695325315 13.40958347916603 1.848032265901566 0 0 0 0 0 0 0 0.1339984089136124 0 0 0 0 0 0.557640939950943 0.1363353580236435 0 0.1561364531517029 0.864736944437027 0 0 0 0 0.175780400633812 0 0 1.103396356105804 0.4972419217228889 0.2387468889355659 0.8084287047386169 0 0 0 0 0 0 0 0.6798361837863922 0.750811368227005 0 0 0 0.2882687598466873 0 0 0 0 0 1.0360077470541 0 0 0 0.7179601043462753 0.3194680213928223 0 0 0 0 0 0 0 0 1.868329957127571 0.2510388791561127 0 0 0 1.375528030097485 0 0.7731515765190125 0 0.7256374806165695 0.9271859526634216 0 0 0 0 0 0 0.1104623675346375 0 0 0 10.23388858139515 0.1275934278964996 0.1208166927099228 30.68858364224434 0.2001109719276428 1.718495726585388 1.034779421985149 202.8580350577831 2.16133551299572 0 0 1.944262906908989 0.1155050471425056 1.011321812868118 0 32.2183298766613 0 0 0 0.9863668084144592 0 62.92088705301285 31.90512485802174
1316.329799130559 4258.176627732813 282.1588664650917 973.51607940346 2076.384767889977 57.77240227162838 876.6275568976998 170.9239810332656 665.1954242065549 528.2756302878261 1026.202934637666 77.12008284032345 1399.933525271714 3677.630491957068 50.27802020311356 8.192533813416958 0.5583943128585815 0 0 0.0842173770070076 0.3049599751830101 0.3448058664798737 0 0.3864142596721649 0 0.3216761201620102 0.1882602274417877 0.3590848743915558 0.4685690850019455 0 138.4435825645924 15.2272249981761 9.204308658838272 0.3328495919704437 0.3711009547114372 0.9262043759226799 1.088577106595039 0.123193196952343 0.57630455493927 0.297309398651123 0.1877102255821228 0.3073363304138184 0 1.532325908541679 0.1542952954769135 1.618375368416309 344.8696921914816 9.837450169026852 0.743743509054184 0.5573538392782211 0.699255958199501 0 0 0.8016636520624161 18.68016516417265 42.4698589220643 54.46279662847519 92.9184647127986 21.27144925296307 104.7425575330853 3.049707554280758 2.280589058995247 0.1100822985172272 81.63857600092888 12.02672023326159 10.04508534818888 1.660377711057663 1.18431057035923 0.8208696022629738 0.1748640313744545 4.994745396077633 0.8439004868268967 0 188.9881987497211 138.2630096822977 336.7732773125172 67.9010975509882 15.25065555423498 1.207753494381905 7.63408425450325 0.734377883374691 5.9098861515522 29.82876106351614 0.3289285376667976 8.960968963801861 12.34011185914278 1.285875596106052 0.07791397720575333 0.4955263957381248 0.3566472753882408 0.08027124404907227 0.5037012994289398 0.4490901306271553 1.105342499911785 0.7174416854977608 82.69603991508484 0.4320081770420074 1.150781437754631 1.010131470859051 96.46415781974792 4.744309537112713 5.55098021030426 8.9572843760252 8.319456025958061 1.20911031216383 68.56745773553848 26.74557068943977 86.89068840444088 93.99320604652166 32.76255518198013 14.74939016997814 100.050249107182 102.184153214097 85.8486544713378 45.69563826918602 0 0 0 0 0 0 0 0 0 0 0.2531757652759552 0 0.885494589805603 0 0 0 0.1240004748106003 0 0 4.88025613874197 2.172393620014191 0 2.948371291160583 0.867322564125061 5.284348398447037 7.187545821070671 26.71112834662199 3.436093665659428 4.103946164250374 0 0 0 0 0.215667262673378 0.1719664931297302 0 2.417930737137794 5.107153907418251 0 0 0.2940405607223511 1.218098551034927 0.2927468121051788 0 1.052064567804337 0.9605332016944885 3.117068380117416 9.471693210303783 0 0.185520276427269 4.875434249639511 34.02317168563604 4.905865982174873 0.2331950068473816 0.5277385711669922 0 0.07490188628435135 0 0 0 0.250867486000061 27.29370130598545 3.038437239825726 0.1438992321491241 0 0.1129375621676445 17.34086587280035 1.09250345826149 17.66747449338436 11.61467394977808 4.71134440600872 1.912684321403503 1.261244237422943 0 0.1431486010551453 0.3200041502714157 0 0 0 0 0 0.1152153238654137 52.73462731391191 6.361013859510422 2.453026205301285 578.1110294833779 32.38251528143883 516.4882914721966 136.7084261849523 265.2559873089194 3.347123697400093 7.161165371537209 19.3586690723896 16.34400085359812 0.4989265725016594 20.06022528558969 5.858342416584492 43.8601242005825 0 0.1905608102679253 0 27.59267781674862 1.691118404269218 184.9349963963032 58.97274894267321
103.0830256491899 656.6283658370376 4613.167035341263 36.48038320988417 251.862969815731 0.9164698421955109 170.9239810332656 1585.276439584792 174.2204317003489 14.68140910565853 3039.456506952643 5.331921681761742 101.0692128315568 1227.408065713942 15.49208272248507 5.157567918300629 1.627131149172783 0.6333915069699287 0.9045402109622955 1.472361758351326 4.949167743325233 0.6295747980475426 2.321664735674858 2.966229408979416 35.9685630723834 4.874514319002628 12.09831773489714 0.8948802053928375 2.489510267972946 1.014918208122253 1331.253365211189 2428.97400598973 198.7730953767896 0.7265306413173676 14.73513771593571 46.37565644085407 23.95593909919262 35.88834591209888 8.944745823740959 11.7357365489006 3.009920388460159 2.993737824261189 0.785364918410778 2.320181272923946 0.9091749340295792 10.92123675346375 50.85419581085443 0.6042351722717285 0.6588174551725388 3.100571259856224 3.293791137635708 0.3443598747253418 1.853017970919609 0.7138738557696342 1.324642091989517 3.425847329199314 9.808636881411076 56.90991383045912 2.266575083136559 13.87572854757309 132.350045286119 248.5384849384427 19.62731531262398 400.9460395351052 1.147261567413807 0.9354077577590942 0.4956230819225311 0.7195350378751755 1.793103761970997 2.82056237757206 5.680796653032303 2.291384570300579 0.1260081380605698 28.83015508204699 44.43237428367138 55.41665717959404 94.6618900001049 268.7408294528723 1253.262090072036 2405.393863074481 55.73700531572104 900.1943792402744 3.379977613687515 0.1225802302360535 1.368240877985954 0.7420071959495544 1.627638056874275 0.1322554498910904 0.214214876294136 0.09892398118972778 1.831912830471992 0.3939258605241776 2.925600506365299 2.731800474226475 1.496169947087765 2.767454579472542 1.691503345966339 0.2465797960758209 2.571405217051506 51.64735527336597 0.1249553635716438 0.3071013391017914 0 0 0 0 0.6005601286888123 0.4708782732486725 0.4786988645792007 0.3857969045639038 0 0.8435393497347832 0 0.7091294229030609 1.235744945704937 0.1300408095121384 0 0 0 0 0 0 0 0 0.09454835206270218 0 0 0.2708515673875809 0 0 0 0.1269950717687607 0 0 0 0.1331906616687775 0.148535892367363 0.8432063087821007 0.5852011442184448 0.4353300482034683 3.677571326494217 7.085285112261772 3.085662491619587 3.939313843846321 0 0.2961125373840332 0 0 0 0 0 0 0 0 0.1022926196455956 0 0.8142461627721786 0.6433222144842148 0 0 0 0 0.4549031555652618 0 0 0.6301348805427551 1.269709467887878 0.1056705936789513 0.2617280781269073 0 0 0 0 0 0 0.1676601469516754 1.022183209657669 0.7488248497247696 0.2421150654554367 0 0.5166591852903366 0.4030196964740753 0.2474676370620728 1.17444022744894 0.1059786975383759 0.6618863493204117 0.2184831649065018 0 0 0 0 0 0 0 0.2279069647192955 0 0 0.8595297485589981 1.769933372735977 2.627054005861282 79.67158168554306 1.624645695090294 65.7460323125124 21.67421995848417 21.11774049699306 0.2283374071121216 0.2695408165454865 1.58366996794939 2.40566024929285 0 2.223486810922623 0.1320383101701736 0.2200272679328918 0 0 0 6.728580817580223 1.119277238845825 6.278266966342926 2.456812143325806
1.564230799674988 700.2915254607797 502.0145494863391 2.549377739429474 1079.464183092117 1.7980837225914 665.1954242065549 174.2204317003489 168.6815523952246 8.166202396154404 829.3962066322565 2.433812916278839 218.0029178708792 551.4251636490226 6.400158181786537 0.8560030609369278 0 0 0.1361566931009293 0 0.153660848736763 0 0 0 0 0 0 0 0 0 5.673322841525078 2.191872179508209 0.6934846490621567 0 0 0 0 0 0 0 0 0.1346296072006226 0 0.1658880859613419 0 0.1445144861936569 30.23808605223894 0.3073871061205864 0 0.09608406573534012 0 0 0 0 0.681629441678524 1.977761030197144 1.753439351916313 3.783607691526413 1.647790335118771 6.063406072556973 0.6187590956687927 0.1326587051153183 0.117676667869091 12.16351187974215 0.5983580648899078 0.7758928462862968 0.1326210498809814 0 0 0.1346742063760757 0.8250028789043427 0 0 11.20918502658606 7.886139467358589 28.49155838042498 8.650468453764915 1.146123833954334 0.2501520663499832 9.788445509970188 0 0.3002463206648827 1.580762334167957 0.09011363238096237 0.6403693780303001 0.3869076147675514 0 0 0.07618752866983414 0 0 0 0 0 0 7.255550250411034 0 0 0 1.289397001266479 0 0.5690259635448456 0.9741064310073853 0.5655451416969299 0 2.788463361561298 2.118286594748497 4.365789175033569 9.314505606889725 4.35519190132618 1.390270218253136 17.10308282077312 9.992909535765648 6.459592275321484 4.723476603627205 0 0 0 0.1662557125091553 0 0 0 0 0 0 0 0 0.2954919338226318 0 0 0 0 0 0 0.2995694577693939 0.7707306146621704 0 0 0 0.2455182895064354 0.6232789754867554 2.395991444587708 0.09307122230529785 0 0 0 0 0 0 0 0 0.3380098044872284 0.6578795313835144 0 0.4076800644397736 0.1490371823310852 0 0 0 0 0 0 0.9831455945968628 0 0 0 3.514533683657646 0 0.1812539994716644 0 0 0 0 0 0 0 2.297892510890961 0.1216455325484276 0 0 0 1.846365675330162 0.1254209727048874 2.261794865131378 0.4171916320919991 0.383501797914505 0.102256178855896 0 0 0 0 0 0 0 0 0 0 3.945836268365383 0.2868481874465942 0 52.56460630893707 2.15031474083662 42.59190086275339 12.82166641205549 9.087460123002529 1.408335536718369 0.2209540158510208 1.132762223482132 2.323832526803017 0.1844008415937424 1.531377874314785 0.6055063009262085 5.272262692451477 0.2310971468687057 0 0 8.17236316204071 0.6075269430875778 13.27970886230469 3.627265006303787
1596.860931836069 87.17110166698694 29.2276498824358 772.4432895183563 63.2269149646163 589.3940044119954 528.2756302878261 14.68140910565853 8.166202396154404 1226.655480593443 91.72903172671795 1253.119359083474 3833.058861300349 860.0139259770513 14.74039001017809 1.180087521672249 0.3244386985898018 0.08792721480131149 0 0 0.993116021156311 0 0.2477399408817291 1.181337267160416 3.269137158989906 2.081472337245941 1.685232527554035 0.2306636124849319 1.562048122286797 0 71.89366927742958 2.576954059302807 78.18764615058899 0 0.5140492022037506 1.388914868235588 14.4379283413291 3.84913082420826 3.066191837191582 1.51910088956356 0.5231363028287888 0 0 0.5834989547729492 0 0.6076460182666779 102.5352904573083 2.778622426092625 0.7363131940364838 0.1022733002901077 0.2133122682571411 0.5883438885211945 0.4207130074501038 1.16631668806076 7.49084559828043 17.06560917943716 52.38648948818445 54.21726979315281 9.530822902917862 38.76883144676685 0.5857151225209236 5.158626019954681 0 31.20039501041174 5.220679141581059 3.2564427703619 0.4258632063865662 0.2833579182624817 0.4339664950966835 0 137.2065902277827 26.69888983666897 1.502042770385742 68.52539486438036 41.76908472180367 82.79749748110771 18.06356916576624 3.485547736287117 0.268073745071888 26.1277938336134 0.2446678504347801 8.678249031305313 11.99063608795404 1.140049368143082 2.874322257936001 4.736018642783165 0.9546126052737236 0.6677053794264793 0.7078535929322243 0.8714129775762558 0.7212112694978714 0.2896303534507751 0.8544712960720062 0.8730868324637413 0.2537263706326485 471.7227488309145 91.74457354843616 31.61896502971649 9.168851472437382 573.7250768914819 5.564593285322189 15.36606169492006 48.19557132571936 26.66801000386477 4.183759167790413 127.059892386198 78.30577574670315 161.5000831708312 207.4228514134884 99.81765557825565 23.10609489679337 196.2371310591698 214.8227645307779 145.7611444294453 55.58823085576296 1.238332241773605 0.3025118708610535 0 0.1396330595016479 0 0.1122624650597572 0 0.8021413087844849 0 0 0 0 0.7134639620780945 0.1321635991334915 0 0 0 0.2999763190746307 0 7.512914784252644 4.052712872624397 0 2.059714525938034 0.3500646650791168 7.307688862085342 8.810091868042946 25.72756131738424 4.400237753987312 5.855997003614902 0 0 0 0 0.3210645318031311 0.4347129911184311 0 3.31921000033617 8.696272261440754 0.1131108403205872 0.1569968611001968 0.2696210145950317 0.2424253299832344 0.1262155473232269 0.6995226219296455 2.076377131044865 1.146841019392014 4.51601730287075 7.644852310419083 0.4430411607027054 0 0.5718380808830261 30.68493361026049 8.026340037584305 0.3927353471517563 1.349978230893612 0 0.09556305408477783 0 0 0 0.4055834859609604 36.47664149850607 1.946996927261353 0.1101665496826172 0.4502332136034966 0 29.01143423467875 1.134109795093536 18.45050606131554 16.45127987116575 19.79279379546642 2.889902248978615 2.005440533161163 0 0.1233635395765305 0 0.1445045471191406 0 0.4708393216133118 1.789988785982132 0.223447360098362 0.4698705151677132 82.63586283475161 9.222230799496174 3.062025882303715 299.2555457875133 10.63961295038462 180.8107333108783 43.74610924720764 1647.770787082613 1.947804197669029 4.892905205488205 6.136665038764477 31.33119828999043 2.406343504786491 32.29497246444225 7.26472719758749 139.1991229951382 0.5849011838436127 0.1321208626031876 1.639562785625458 3.011030569672585 2.482385814189911 838.5803357958794 177.8911693096161
103.7281221523881 2318.851560130715 6086.405278660357 28.93633156269789 943.739410571754 1.051357164978981 1026.202934637666 3039.456506952643 829.3962066322565 91.72903172671795 1431.307642474771 61.8516042381525 1439.819586478174 2164.417653374374 16.44117825478315 4.328807353973389 0.1046139225363731 0 0 0.4103748947381973 0 0 0 0 1.547155663371086 0.4625660181045532 0.4892666041851044 0 0.11056849360466 0.1172389909625053 451.8507802411914 165.3355723395944 118.5279569253325 0 0.09572660177946091 4.369803033769131 25.58850829303265 10.47396335750818 3.925319969654083 1.574215158820152 0.556835725903511 0 0.2490688785910606 0.7223717197775841 0 0.6004102826118469 62.7834599763155 0.8718755692243576 0.275166779756546 0 0.1518919765949249 0.2987222075462341 0.8800933286547661 0.118791364133358 1.926672801375389 6.214374281466007 7.596417956054211 32.99550798535347 4.884628087282181 14.4893961623311 1.34683321416378 24.38679619878531 0.4950163811445236 37.57800307124853 1.753407262265682 0.857920303940773 0 0 0 0 11.05239634215832 0 0.1391612887382507 28.92061228305101 23.39349448680878 76.42452166974545 20.77428334206343 8.970873787999153 85.804019510746 686.7679352685809 0.3428435027599335 29.21291419118643 4.772352486848831 0.1231562197208405 1.572708360850811 0.9588976353406906 0.6461425423622131 0 0 0 0.09501563012599945 0.4294026792049408 0.143467903137207 0.2754532694816589 0.3628435581922531 23.43828095495701 1.010351106524467 0 2.888006843626499 31.49290205538273 0 0 0.7641521990299225 0 0 1.769383884966373 1.269660651683807 4.34615233540535 1.963496968150139 3.763356700539589 0.3035074174404144 5.243448004126549 6.622720472514629 3.750284969806671 5.654149129986763 0 0 0 0 0 0 0 0 0 0 0 0 0 0 0 0 0 0.08867470175027847 0 0.6348327696323395 0.1193229928612709 0 0.2070014774799347 0 0.3601970225572586 3.376411862671375 2.912854433059692 1.109408795833588 0.3453809320926666 0 0 0 0 0 0 0 0 1.952177725732327 0 0.3695982918143272 0 0.2428670898079872 0 0.8949984312057495 0 0 0.1553999334573746 0.7152757719159126 0 0 0.1204413399100304 2.779453203082085 0.1152266412973404 0 0.1411084234714508 0.1056647822260857 0 0 0 0 0 4.417814433574677 0 0.2783190608024597 0 0 1.184876002371311 0.4893651604652405 1.745947808027267 2.069636777043343 1.181802242994308 0 0 0 0 0 0 0 0.203709602355957 0 0 0 2.335144177079201 1.967046603560448 0.5927425250411034 100.9258265048265 7.352016568183899 81.34689249098301 25.32081288099289 16.57434106618166 0.4890897125005722 0.7173979058861732 2.307277150452137 1.998810768127441 0 1.482858225703239 0.3304631859064102 3.245690032839775 0 0 0 4.540490992367268 1.23245869576931 10.83939979970455 6.446555517613888
107.5135625302792 46.01055336743593 25.15583522617817 167.1205182671547 4.873414091765881 210.1001118719578 77.12008284032345 5.331921681761742 2.433812916278839 1253.119359083474 61.8516042381525 201.6501050144434 1765.418407961726 473.6241152137518 13.57182113826275 3.590028569102287 0.8306166529655457 0.08809420466423035 0 0 0 2.302811726927757 0.5707510709762573 1.720380425453186 20.82007919996977 2.629920437932014 4.125393189489841 0.6136871576309204 2.25976637005806 1.14105074852705 18.28521919995546 3.850404873490334 343.5726772174239 0 2.3670968785882 17.2732710018754 322.0687967613339 84.25991083681583 47.3308821618557 17.09592393785715 2.256441459059715 1.608314529061317 0.1126068457961082 1.319759972393513 0.2170716002583504 0.5328423231840134 50.28695010393858 0.317858450114727 0.4438718110322952 0.1215521022677422 2.267390444874763 2.793185949325562 2.502665743231773 1.557245045900345 0.7789180651307106 2.09265062212944 6.475288890302181 10.02969343960285 1.909172132611275 6.483109414577484 2.515359073877335 137.4816337898374 0.6846951693296432 24.94692492485046 0.4741142764687538 0.3579420745372772 0 0.1466403156518936 0.3177562057971954 0.7345813065767288 228.0695699453354 9.684043496847153 0.1409461945295334 14.43579940497875 12.98959293961525 30.22016528248787 13.77279675751925 5.882275559008121 1.221595838665962 29.66768503934145 0.6418716087937355 12.16097144037485 1.827187202870846 0.6597371399402618 0.5987914428114891 0.2761365175247192 0.4109951257705688 0 0 0.6505332291126251 0.8685427904129028 0.4863944202661514 1.779351860284805 3.114871360361576 0.9268302768468857 424.1315561830997 50.09524837136269 13.70057365298271 37.29931632429361 53.61885938048363 1.484519250690937 7.077092476189137 9.493268422782421 4.063352636992931 1.665173187851906 60.10144905745983 20.29896873235703 71.46149922907352 83.97521401941776 43.713513456285 10.18991523981094 106.0824279114604 106.6680458784103 89.85757953673601 48.05688419938087 1.250727735459805 0.6188362613320351 0 0 0 0 0 0.617770254611969 0.195673480629921 0 0.2283883839845657 0 0.4859201908111572 0 0 0 0.2346138581633568 0 0.1631980985403061 3.075151905417442 3.386355333030224 0 2.914509057998657 0 6.017030745744705 9.741606548428535 30.44238075613976 8.243075661361217 4.765322998166084 0 0.283474937081337 0 0 0.384923592209816 0.1599065363407135 0 2.602654181420803 5.100022375583649 0 0 0.3376641720533371 0.2089626416563988 0.3490561097860336 1.172022484242916 1.318250507116318 0.2375874295830727 4.637336492538452 8.761029496788979 0.15115125477314 0 3.779538169503212 26.9074786528945 6.181945472955704 2.068296886980534 0.4580705016851425 0 0 0 0.152411937713623 0.09895604848861694 0.2709278166294098 38.48877228796482 3.472258776426315 0.2602302730083466 0.4442093744874001 0.4295907318592072 19.65314704924822 1.460486873984337 20.73304911702871 13.09836312383413 11.61795715987682 3.498869962990284 0.3403750211000443 0.2408296316862106 0.518401637673378 0 0 0.09796807169914246 0.2367884740233421 0.5031568631529808 0.1043709293007851 0.1351809352636337 55.7951435893774 8.03786962479353 4.471313409507275 186.6938330680132 4.086699068546295 82.97016969323158 35.16884946078062 372.8557753413916 1.071754902601242 0.1989389210939407 2.928709864616394 17.81614854186773 0 29.86675985902548 6.582237027585506 45.88176640868187 0.8622020930051804 0.4466037452220917 0.1191453412175179 11.65024933218956 1.869199991226196 459.5416024327278 95.08004288375378
272.3893268853426 741.9288189038634 396.0781874880195 548.3026213049889 979.8970324546099 140.4876373112202 1399.933525271714 101.0692128315568 218.0029178708792 3833.058861300349 1439.819586478174 1765.418407961726 2311.077649831772 3969.487650386989 59.3849528580904 14.26632566004992 3.018999263644218 0.5447471290826797 0.2578231543302536 0 0.5953735560178757 1.779679216444492 0.6738433390855789 2.406343467533588 28.69568482041359 3.452170796692371 5.002322368323803 0.5193988010287285 8.649599321186543 0.7365180999040604 64.97210773825645 14.61170813441277 945.7221049442887 0.1968403309583664 2.760960161685944 24.42587912082672 1243.581993989646 262.3033936172724 278.2782910838723 64.29938399046659 1.460115134716034 1.508840292692184 0.2017827406525612 2.386463813483715 0 1.983115144073963 187.4678128883243 1.53665579855442 0.2816217392683029 0.5980264395475388 0.947022944688797 3.19453039765358 8.659596152603626 1.550559684634209 5.208910077810287 12.29216874390841 18.78499498218298 28.86432421952486 7.05841863900423 39.06930428743362 4.783068753778934 268.1587826684117 1.222180865705013 92.19595547020435 3.554564394056797 3.26579274982214 0.09738428890705109 0.2393295019865036 0.3681792616844177 2.015070840716362 579.412110991776 15.52952373027802 0.8894100859761238 62.90831141918898 65.61650711297989 170.1192410439253 70.06588391214609 24.15823999047279 5.471647508442402 222.6622981280088 2.410011880099773 25.3667594268918 10.27677369862795 0.7213951423764229 1.95335191488266 3.467733569443226 0.5459676682949066 0.6551783084869385 0.2536933422088623 1.161475367844105 2.262380354106426 0.8282011598348618 0.8281493782997131 1.57519056648016 2.846878714859486 1146.419872194529 114.2116751298308 2.890149250626564 88.53919240087271 63.30743815749884 7.939410731196404 16.05897055566311 93.02551130205393 114.6024529635906 4.268798917531967 131.2392944321036 49.79288176447153 126.7613036558032 196.1437605544925 103.0189539417624 24.94055406749249 224.3205875456333 230.0685564652085 208.8699357137084 89.63764937967062 1.179965198040009 0.7338987961411476 0 0 0 0 0 0.9321697056293488 0 0.3279987648129463 0.1757313907146454 0 0.6694895774126053 0 0.3141738846898079 0 0.8582227677106857 0.1485342979431152 0.1412626951932907 9.142847552895546 7.26108093559742 0 2.086008153855801 1.713068142533302 12.77682384103537 25.94406270980835 78.61766792088747 13.45207978785038 14.52170919626951 0 0.4995156079530716 0 0.1556184142827988 0.2036187797784805 0.1185360997915268 0 7.484120026230812 17.0785850584507 0 0.5953312963247299 0.5939653813838959 2.286231979727745 0.2334852293133736 2.82795337587595 3.026794046163559 1.165543369948864 5.661873452365398 26.07063766568899 0.4592136442661285 0 11.97132690995932 78.11234050244093 12.55253067612648 1.615652330219746 1.986603364348412 0.1857902035117149 0.2695961594581604 0 0.5110328644514084 0 0.6011057198047638 76.62138099223375 2.05622711032629 0.3040264248847961 0.3953351005911827 0.9522535726428032 39.55500020831823 3.575243443250656 43.80705274641514 28.48513343185186 27.57850574702024 8.329750798642635 6.487201176583767 2.136914327740669 0.6137986034154892 2.409061431884766 0.1239949017763138 0.2062574476003647 0.4743410646915436 1.503019720315933 0.2758770063519478 0.5398123413324356 107.0855670273304 20.42258498072624 9.6655443161726 548.2703445032239 12.98499505966902 300.7109867185354 113.4697819203138 344.0624294802547 4.075377926230431 7.588751077651978 12.62321738153696 30.66543340682983 2.24458459764719 72.17788992077112 19.18842677026987 85.95595079660416 1.201842896640301 1.148222953081131 1.389226630330086 36.40387321263552 6.340590983629227 520.61686450243 150.8511579111218
