279.1318053901196 2307.636227242649 1010.77613619715 1092.586153671145 119.3737167492509 167.0661405995488 1002.244712695479 81.73956840485334 22.3384592756629 987.9872363135219 166.3201370686293 30.24451592564583 56.27309597283602 100.09105386585 1.066775023937225 1.431821972131729 0 0 0 0.09955067187547684 0.2966592907905579 0.1823556274175644 0.09031733125448227 0 0 0 0 0 0 0 578.8395483791828 60.47816494852304 23.083510838449 0 0.1940841600298882 0.1150776967406273 3.700241021811962 0.1953694671392441 0.1530658155679703 0.5926026999950409 0 0 0 0 0 0 26.76118065416813 2.496743872761726 0.1947935968637466 0.2963750287890434 0 1.072468802332878 0.7920237332582474 0.1240044161677361 8.915608689188957 4.087807282805443 51.76013395935297 601.330936126411 8.928381964564323 24.29229184240103 0.2144143804907799 0.6089336574077606 0 8.049094267189503 4.053924426436424 1.904390729963779 0.881095327436924 0.5062972158193588 0.5217786803841591 0.2082357183098793 4.631985120475292 0.6498890519142151 0.1230706721544266 83.70288192480803 34.11143266409636 22.81363764405251 6.625313855707645 0.4099606722593307 0.08211686462163925 4.170641049742699 0.3122391998767853 1.355591259896755 13.82745049148798 0 0.6471179947257042 2.527159474790096 0.3837883472442627 0.07741694152355194 0.6523303315043449 0.3942714706063271 0 0.4272929504513741 0 0 0.661122590303421 29.22082187235355 1.214566722512245 0.7160510569810867 1.466173432767391 766.7241399437189 0.2472881823778152 3.190415799617767 1.841051898896694 0.5692543387413025 0.08121509850025177 1.301420301198959 14.44399933516979 1.925177074968815 5.688899584114552 9.932128727436066 6.901507958769798 7.569822646677494 3.135020487010479 1.069967120885849 3.267024472355843 0 0 0 0 0 0 0 0 0 0 0 0 0 0 0 0 0 0 0 0 0.1442283689975739 0 0 0 0 0.4243051409721375 1.08115491271019 0 0 0 0 0 0 0 0 0 0 0 0 0.1129336878657341 0 0 0 0 0 0 0 0 0.493585392832756 0 0 0.2968030571937561 0 0 0 0 0 0 0 0 0 0.8580938726663589 0 0 0 0 3.059568464756012 0 2.017431855201721 0.1114827767014503 0 0 0 0 0 0 0 0 0 0 0.1209196075797081 0 14.8321825787425 0 0.4600743651390076 168.7725102975965 3.796636894345284 54.67346078157425 4.508108466863632 601.4127804785967 3.514131546020508 2.288960315287113 2.113148473203182 21.63897605240345 0.1260796338319778 0 0 23.17098201811314 0 0 0 3.460112109780312 0 358.1075472384691 19.05506762117147
2307.636227242649 1467.230099141598 1728.456111997366 613.0992485657334 1409.430832222104 249.2793773338199 1850.99055095762 185.1649891063571 998.3548181578517 1280.348223716021 828.2514010407031 105.0089718550444 242.6944747418165 689.3950141966343 10.5914563909173 8.239885807037354 0.8095078766345978 0.3863729760050774 0 0.4749029502272606 0.8340958282351494 0 0.1949968412518501 0.3146199509501457 1.334232948720455 0 0.09202687442302704 0.1971084177494049 0 0 870.1044574528933 112.7283252179623 64.54803433269262 0.2763166278600693 0.4123034626245499 0 7.958787575364113 0.9936047345399857 2.68946972489357 0.6673584505915642 0.1103683710098267 0.07904194295406342 1.068368010222912 1.380300313234329 0.2651265859603882 0.8975340947508812 169.04834446311 11.52270469814539 0.2765974476933479 1.547093987464905 0.3124923333525658 0.4092053100466728 0 0.1003515720367432 24.89056311547756 13.03807189315557 44.77657370269299 568.9164081215858 26.68099699169397 116.9461098089814 1.907213978469372 6.452324375510216 0.3035349324345589 78.5635469853878 11.02557950466871 7.013597700744867 4.516506962478161 2.310720883309841 1.483947597444057 1.418288618326187 3.979015536606312 0.138346254825592 0 232.7475594058633 167.5517438650131 137.8918056711555 47.96750476956367 1.999510005116463 1.282854825258255 41.22886309027672 1.312186785042286 10.35392140597105 48.88355638086796 0.27627082914114 3.215186968445778 7.985712386667728 1.367506831884384 0.1761432513594627 1.283490300178528 0 0.2678380310535431 0 0.449631929397583 0.09605597704648972 0.4620223119854927 4.492372624576092 0.1413754224777222 0 2.981204748153687 466.2497970536351 0 1.029951468110085 0.9656543210148811 0.9796192348003387 0.2957775294780731 0.5440922826528549 4.211724281311035 1.225444793701172 20.35598619282246 4.850920088589191 2.046089746057987 5.454964630305767 2.517722554504871 0.6302198991179466 4.725208073854446 0 0 0 0 0 0 0 0 0 0 0 0 0 0 0 0 0.2663799524307251 0 0 0.3720999583601952 0.4524991810321808 0 0 0 0.4727391302585602 0.6585290506482124 2.290860705077648 0.5621158629655838 0.2133550494909286 0 0 0 0 0 0 0 0 0 0 0 0.2007077187299728 0 0 0 0.288481742143631 0 0 0 0 0 0 0.7174805700778961 0 0 0 0 0 0 0 0 0 0.7648435011506081 0 0 0 0 3.119828827679157 0 0.704088419675827 0.09948939085006714 0 0 0 0 0 0 0 0 0 0 0 0 7.393212631344795 0 0.6384725272655487 320.2223550528288 11.56234582513571 250.5924993529916 20.78032887727022 433.6371297389269 10.92697139084339 5.712508715689182 17.34727970510721 7.756903007626534 0.1772295907139778 0.1228987276554108 0.1341288536787033 8.383657574653625 0.300977423787117 0.1000375375151634 0.1449313163757324 9.066324792802334 2.30902624130249 140.238914385438 8.062680616974831
1010.77613619715 1728.456111997366 1039.574553132057 57.84370770305395 575.4935760870576 86.33622713387012 265.7761263996363 1831.290636539459 359.2868286520243 64.40228393673897 1199.345408350229 23.21310321986675 51.96263190358877 453.7059880271554 16.10797144472599 18.1660141274333 5.181253582239151 4.17223097383976 0.9023401066660881 4.73676872998476 7.377821229398251 0.7681494355201721 3.735003910958767 3.467935055494308 0.4962001740932465 0.09970792382955551 0.3646343946456909 0.2283283621072769 0.1305987238883972 0 3602.487606100738 667.6245231106877 188.9489704594016 3.711961798369884 2.991760835051537 2.64843987673521 21.5228508040309 5.885106846690178 4.95919593423605 1.998389586806297 0.266958974301815 2.177096150815487 9.594629220664501 9.286279588937759 3.240489915013313 8.665046468377113 125.2978577315807 9.131465077400208 1.67663236707449 11.84956222772598 0.5942139178514481 0.2090843692421913 1.918625049293041 0.3893343210220337 20.59961059689522 10.89409633725882 58.20462065190077 606.9091698527336 26.40356836467981 100.2914635539055 20.63707198947668 56.32989575713873 4.127655126154423 255.9634129852057 8.289370059967041 7.037590734660625 4.207227483391762 2.49690655618906 12.69169657677412 5.836123302578926 23.22428024560213 0.6900553703308105 0 251.5717549845576 289.1925478279591 148.0070166811347 127.7534563541412 6.346172817051411 26.14270421117544 522.3135545700788 16.57768226414919 125.0474596843123 37.17774498462677 0.1853670850396156 2.79490865021944 5.430139176547527 9.539892345666885 0.2400993481278419 1.216495893895626 0 0.09668560326099396 0.6932566687464714 4.495155811309814 1.048909723758698 1.799300171434879 11.2236649543047 5.222732923924923 0 6.917309977114201 378.227691181004 0.137445330619812 0.3825675547122955 0.9298395067453384 0 0.5970098972320557 0.1258289664983749 1.792253859341145 0.8923165872693062 1.984974190592766 1.563474349677563 6.671216391026974 4.232583656907082 1.909653849899769 0.3646303042769432 7.272309064865112 0.1191064044833183 0.4558901190757751 0 0 0 0 0 0 0 0 0 0.09252818673849106 0.4923431873321533 0 0 0 0 0.3682207763195038 0.3569069355726242 2.655186198651791 1.264554381370544 0 0 0.2933652997016907 0 0.2246851921081543 7.001030474901199 0.2682904899120331 1.215286001563072 0 0 0 0 0 0 0 0 0 0 0 0 1.606043718755245 0 0 0 0 0 0 0 0 0 2.944983422756195 0 0 0 0 0 0 0 0.1837026625871658 0 0.7316725701093674 0.5301230996847153 0 0.095413438975811 0 2.08333532512188 0 1.178801357746124 0 0 0 0.1064685806632042 0 0 0 0.1753032356500626 0 0 0 0 0 5.582872308790684 0.3235506936907768 0.9394877701997757 187.5458459854126 6.774321153759956 179.5710834488273 16.7161660939455 225.6175915151834 6.792273983359337 4.377200655639172 13.84064228832722 3.809067323803902 0.2027483433485031 0.3926443234086037 0.08705378323793411 2.277844369411469 0.9418615996837616 0.3197150528430939 0.1888409107923508 8.646730303764343 1.067496657371521 91.19314917176962 6.32380998134613
1092.586153671145 613.0992485657334 57.84370770305395 457.2044493108988 44.08459817618132 464.261541262269 882.2917592227459 5.724965542554855 10.83995344489813 2584.128021895885 16.8783770725131 50.54588862508535 122.5693609789014 23.00727237761021 0.8236275017261505 0.5497061684727669 0 0 0 0 0 0 0 0 0 0 0 0 0 0.1550436913967133 94.38750996440649 9.614162534475327 6.572630472481251 0 0.1016431376338005 0 5.603899143636227 0.1252133250236511 0 0 0 0 0.09028872847557068 0.2538594380021095 0 0 24.3510719537735 1.292553447186947 0 0 0 0.2375214695930481 0 0 3.746149860322475 2.833114445209503 10.1161977276206 153.4330204576254 3.269701473414898 15.35447165369987 0 0.1022684946656227 0 2.979357086122036 1.011948868632317 0.5177454724907875 0.3070345669984818 0.08715496212244034 0 0 5.737568125128746 0 0 32.35731025785208 15.64056943356991 12.8342287838459 5.781540580093861 0 0.2346035465598106 0.9098279401659966 0 0.182557076215744 7.242375664412975 0 0.2565224021673203 1.130862787365913 0.2616250589489937 0.07968725264072418 0.4105674251914024 0 0 0 0.08678563684225082 0 0 7.767158955335617 1.918089359998703 0.1451885104179382 0 222.0756517574191 0.237323984503746 0.2108475714921951 5.273244433104992 14.62082755565643 0.1635015457868576 2.249674387276173 3.532813690602779 1.038718178868294 11.11618347465992 32.42787738889456 7.373337417840958 5.985118418931961 2.00422140955925 1.883671462535858 5.016484022140503 0.352709174156189 0 0 0 0 0 0 0 0 0 0 0 0 0 0 0 0 0 0 0 0.293049544095993 0 0 0 0.2234478741884232 0 1.028800398111343 0.3934565782546997 0.2228183895349503 0 0 0 0 0 0 0 0 0.1801855564117432 0 0 0 0 0 0 0 0.103896751999855 0 0 0 0 0 0.6825449466705322 0 0 0 0 0 0 0 0 0 0.5120814591646194 0 0 0 0 2.307298600673676 0 1.457629680633545 0.08693817257881165 0 0 0 0 0 0 0 0 0 0 0 0 5.140512682497501 0 1.54240095615387 72.0895541459322 1.045907191932201 38.78257545828819 2.958287715911865 418.7123399823904 2.784945361316204 0.8167130723595619 1.997281514108181 6.146981656551361 0.08760161697864532 0 0.4657056555151939 7.260380506515503 0.5589984655380249 0 0 4.874514557421207 0.721278041601181 147.1822379976511 10.06685284525156
119.3737167492509 1409.430832222104 575.4935760870576 44.08459817618132 1453.589023120701 11.91195423901081 1744.125407300889 168.0260431990027 4793.544461347163 304.5507343411446 1292.491602420807 113.5361443385482 732.3443709164858 2396.886053465307 12.13541173934937 10.1601644307375 0.4483062550425529 0.212511345744133 0.2108112797141075 0.4984446093440056 0.5883503556251526 0 0.2779632657766342 0.385963499546051 0.2649064660072327 0.3449209034442902 0 0 0.3149505257606506 0 99.52246969938278 87.50346896797419 40.05414120852947 0.4919881671667099 0.2991243898868561 0.3169826790690422 7.06945825368166 0.2654722183942795 1.574161037802696 0.4706564247608185 0.09297915548086166 0.08967817574739456 1.043689526617527 1.34304229170084 0.4094083905220032 1.238540843129158 91.69270954281092 4.918878920376301 0.189401850104332 0.8059305548667908 0 0 0 0.1695895344018936 8.855822443962097 3.858382746577263 8.794677123427391 57.84025041759014 7.201480463147163 44.88967308402061 1.381626754999161 5.682144939899445 0.5062681064009666 36.51816838979721 4.269157543778419 2.031282223761082 1.872634679079056 0.8053988665342331 1.237991854548454 0.3986349999904633 4.167029552161694 0 0.08937662839889526 62.94940467178822 58.82858271896839 68.45238551497459 36.78665118664503 2.661524139344692 0.8095569089055061 44.1443652510643 1.027289569377899 8.151325047016144 16.58358319848776 0.07974613457918167 0.9784523099660873 2.511957082897425 1.514696627855301 0 0.7552210241556168 0 0.0816003754734993 0.09894374758005142 0.7888846695423126 0 0.09403879195451736 6.867211565375328 0.2847681194543839 0 2.821134604513645 13.79456520080566 0 0.3637966215610504 0.9315297678112984 0.4296715259552002 1.476177006959915 0.09623552113771439 1.220084503293037 0.890221044421196 3.700626812875271 3.069650374352932 4.488421134650707 5.523728184401989 2.435708805918694 0.5533519834280014 8.55185854434967 0 0 0 0 0 0 0 0 0 0 0 0 0 0 0 0 0 0 0 1.506764769554138 2.137104086577892 0 0.72358238697052 0 0.5778373181819916 0.2171666324138641 3.47121973335743 0.3078892529010773 0.5717804953455925 0 0 0 0 0 0 0 0 0.2709323465824127 0 0 0 0 0 0 0 0 0 0 0 0 0 2.238914757966995 0.1692118048667908 0 0 0 0 0 0 0 0.1044898703694344 0.7173047661781311 0 0 0 0 3.678924307227135 0 0.1564188450574875 0.09051579982042313 0 0 0.09408392757177353 0 0 0 0 0 0 0 0 0 4.708038181066513 0.3997582271695137 0.6087910681962967 187.9666180387139 3.858414046466351 147.8199823126197 12.9669566899538 79.60089766979218 7.867106020450592 2.061075896024704 17.46624005585909 5.221492417156696 0 0.237312912940979 0.1068148985505104 3.471657380461693 0 0 0.4574970602989197 6.610774137079716 0.1221869587898254 22.49887885153294 2.798516258597374
167.0661405995488 249.2793773338199 86.33622713387012 464.261541262269 11.91195423901081 19.91717177629471 171.3064650297165 6.609565787017345 3.327281415462494 700.7374295890331 17.53389878571033 133.6277632713318 21.35679487884045 21.39329000562429 0.08858595788478851 0.2010873481631279 0 0 0 0 0 8.631259426474571 0 0 0 0 0 0.2746730595827103 0.1650630533695221 0 127.6138732880354 2.162785805761814 17.41082464903593 0 0 0 32.33693458139896 0.1440962255001068 2.155968174338341 0.1279050558805466 0 1.095658391714096 0 0 0 0 1.892170183360577 0 0 0 0.1187014505267143 73.99645616859198 25.47457863390446 4.956994466483593 0.09280496090650558 0.7433371469378471 31.17389672994614 39.35671335458755 1.659481979906559 1.391252249479294 0.1072382256388664 2.305613324046135 0.15495365858078 0.3315907567739487 0.09402197599411011 0.08810393512248993 0.2376767545938492 0 0.1026968583464622 0.2607463151216507 55.00689167529345 105.8230961933732 41.61662836372852 2.591512270271778 0.8474361002445221 1.198910430073738 0.2899733856320381 0 0 1.625974968075752 0 0 0.5734174251556396 1.528608322143555 0.1274461597204208 1.025650396943092 0.1143220514059067 11.17002294957638 3.344649374485016 42.00850181281567 0.6792573481798172 4.998673878610134 0 0.1252851486206055 11.30460561811924 361.1545880958438 71.58305874466896 64.11532346904278 6.99975148588419 346.2424271181226 0.5796566754579544 7.018287301063538 4.493190445005894 0.4624022394418716 1.340608716011047 2.473812088370323 31.00899876654148 2.823930956423283 7.662780933082104 22.9554893001914 9.907456085085869 18.01267457008362 5.239340387284756 3.455695055425167 4.481048673391342 0 0 0 0 0 0 0 0 0 0 0 0 0 0 0 0 0 0.1273274719715118 0 2.809339299798012 1.90126496553421 0 0 0 0 0 1.682258665561676 0 0 0 0.1091224625706673 0.1334218829870224 0 0 0 0 0 0.1550522595643997 0 0 0.1216969862580299 0.2245664373040199 0.1334690451622009 0 0 0 0 0.558931827545166 0.9497600942850113 0 0 0.4614449441432953 0.1215662360191345 0 0 0 0 0 0.1453654319047928 0.08307167887687683 0 2.953719593584538 0 0 0 0.6913391351699829 5.482907146215439 0 0 0.187602624297142 0 0 0 0 0 0 0 0 0.09033935517072678 0.8605477660894394 0.4577078893780708 0 27.75366313010454 0 0.1085565611720085 74.31963574886322 3.021832771599293 2.676224879920483 0 130.5250970423222 0.5227719247341156 0.1273865699768066 0.4756925329566002 19.40472321212292 0 0 0 36.03647934645414 0 0 0 0.1462116986513138 0 114.6317913606763 63.29370137304068
1002.244712695479 1850.99055095762 265.7761263996363 882.2917592227459 1744.125407300889 171.3064650297165 1107.515015333891 122.7203882783651 2467.289554402232 4186.418292246759 332.1003254875541 1793.103607185185 5923.207713454962 2002.75366589427 37.48122306168079 29.08336202800274 0.457042284309864 0.3815182447433472 0.09395340085029602 0.4984172433614731 1.154877915978432 0 0.1930561363697052 0.6208608075976372 0.2940988317131996 0.1743553131818771 0.1071012541651726 0.2323025539517403 0.4673608094453812 0.1714401394128799 126.5286003500223 165.8622782677412 65.3939149454236 0.5205506160855293 0.3095749467611313 0.8027077242732048 35.79249162226915 3.542388558387756 6.499660477042198 1.507283627986908 0.1143768951296806 0.4952378794550896 0.9110379219055176 2.699740640819073 0.7566273882985115 1.070231631398201 267.0955231711268 12.63465251028538 0.1015606224536896 1.481053955852985 0.4086489006876945 0 0.6607192158699036 0.1285490542650223 28.85681723058224 15.86880420893431 31.02664775401354 207.1641040742397 26.50307481735945 128.815175794065 1.786517299711704 9.179415501654148 1.225138828158379 81.40439725667238 11.6198607981205 7.87931153178215 6.382453925907612 3.695055663585663 1.226568967103958 0.8064330592751503 24.5598878338933 0 0 199.925551481545 149.4292800277472 196.8845779076219 84.46565449237823 8.466962575912476 0.839386560022831 39.77966209501028 0.584411658346653 13.54955237358809 52.52994364500046 0.1608316451311111 3.306624427437782 7.978897545486689 2.568331032991409 0.2124133333563805 1.741410061717033 0 0.7155309990048409 0.1312713623046875 0.6650950089097023 0.203999251127243 0.1941355913877487 28.45512665808201 4.257132485508919 0 6.850418567657471 73.425253495574 0.4886066541075706 1.734876826405525 4.092430897057056 6.059395596385002 3.074584551155567 4.675162993371487 8.750324219465256 8.046706020832062 56.7679760158062 25.00929245352745 19.54344946891069 58.39594177901745 7.60824291408062 3.738898910582066 22.76493610441685 0 0.2521310076117516 0 0 0 0 0 0 0 0 0 0 0.2369497716426849 0 0 0.471022754907608 0 0 0 2.422548279166222 6.70636460185051 0 0.4008022546768188 0 0.8331987932324409 0.2610146105289459 8.663404084742069 1.094381622970104 0.6165388226509094 0 0 0 0 0 0 0 0 0.4102178886532784 0 0 0 0.101449653506279 0 0 0 0 0 0.3305943459272385 0 0.2903577387332916 0 9.592177137732506 0.0920756608247757 0 0 0 0 0 0 0 0.08893215656280518 3.253721334040165 0 0.2424488961696625 0 0 15.13474220782518 0 2.715685069561005 0.103829063475132 0 0.06995613127946854 0 0 0 0 0 0 0 0.08661139011383057 0 0 22.58779259771109 0.2531797960400581 1.086309850215912 644.0018860921264 16.0676159337163 444.6009721532464 38.58177974820137 307.5925376936793 23.4827946126461 7.574331976473331 56.30124618113041 13.04998072236776 0.9086254015564919 2.138892069458961 0.5755953788757324 13.16642408072948 0.1891758739948273 0.295462965965271 0.4024603888392448 12.01176963746548 1.764330610632896 108.7951861470938 21.11494491994381
81.73956840485334 185.1649891063571 1831.290636539459 5.724965542554855 168.0260431990027 6.609565787017345 122.7203882783651 2910.750642120838 184.3006415814161 56.7637596949935 1857.451468467712 45.42979050427675 92.11819604039192 1252.906239666045 49.83376113325357 94.36690817028284 26.87528499960899 21.30201476067305 9.325159430503845 36.87511552125216 45.42676406353712 0.1417977660894394 26.30567926168442 18.04981514066458 1.144349291920662 1.572201751172543 1.443138428032398 0.4411336705088615 0.2364551872014999 0.3443690091371536 803.4003075808287 2690.469034716487 797.3529565036297 28.24132889509201 15.88848240673542 16.42309994250536 131.0784612074494 73.4275148883462 28.19420602917671 12.69959300756454 4.576749816536903 10.33352193981409 68.75603200495243 89.09899361431599 22.99735974520445 71.75875411182642 169.9183772280812 9.305303238332272 14.81698597222567 76.90343540161848 1.699866570532322 1.548399247229099 2.875011466443539 2.835629194974899 6.649611368775368 3.627492316067219 12.68954714387655 140.9666920974851 8.677028514444828 51.94151277095079 150.5994382500648 448.0293200090528 40.38526373356581 495.5380952805281 2.800594955682755 4.104918666183949 1.314370468258858 8.002073831856251 71.85886500775814 44.17812146991491 59.51741698384285 1.811332263052464 0.2009884789586067 83.40751676261425 161.9384690821171 129.161988414824 473.1385637298226 411.4065333008766 1236.225276432931 2230.858376435935 204.9068307951093 1342.327270284295 14.33723385632038 0 3.023342899978161 2.701884031295776 42.36414855718613 0.09758497029542923 0.4839195758104324 0.1016854122281075 1.55243194103241 1.125798299908638 22.0172164440155 4.098627395927906 8.192953817546368 30.77121537178755 23.46937800943851 0 39.63133465498686 40.8084580078721 0.1338604688644409 0 1.136180117726326 0.2822321653366089 1.963038802146912 1.460660465061665 1.404319629073143 2.133615493774414 2.04847327619791 7.535641595721245 17.09970643371344 9.943907961249352 3.311376459896564 3.029120497405529 26.95145511627197 0.35001240670681 0.3478345721960068 0 0 0 0 0 0 0 0 0 0 3.736250258982182 0 0.7584460824728012 0.2688834965229034 3.719924822449684 1.9713099822402 0.621151864528656 2.585340768098831 6.739436566829681 0 1.018516540527344 0.4763957560062408 2.546246059238911 2.124301925301552 24.91871704906225 3.206309951841831 5.332640692591667 0 0.1353460401296616 0 0.444248229265213 0 0 0.3272136151790619 0.08418744802474976 0.2754505276679993 0 0.177582859992981 0.1222334206104279 4.064472936093807 0.1328343749046326 0 0.08392344415187836 0 0 0 0.1310659199953079 0.4799531102180481 2.321353614330292 15.76312083005905 0 0 0 0 0 0.08284728229045868 0 0 0.6118225306272507 1.787885695695877 3.063984304666519 0.08558166772127151 0.1129843071103096 0.2005649730563164 20.61681038886309 0.1120908036828041 7.450578659772873 0.08742901682853699 0.1644382625818253 0.3395884037017822 0.1817202121019363 0.25478795170784 0 0 0 0 0.3952064141631126 0.1114195734262466 0.4784894064068794 0.1390342563390732 7.22025541216135 0.6402326077222824 6.998203046619892 374.2453551739454 18.43160527944565 258.0957111790776 30.05994745343924 60.20946120470762 18.68433783948421 2.441121503710747 47.05057867616415 13.30032838881016 0.2274394184350967 0.9434837326407433 0.4294292330741882 6.645029127597809 0.5031871199607849 0.09199302643537521 0.1565245985984802 13.60809079557657 0.461751714348793 27.34875129908323 19.35695627331734
22.3384592756629 998.3548181578517 359.2868286520243 10.83995344489813 4793.544461347163 3.327281415462494 2467.289554402232 184.3006415814161 1040.649781115353 276.9298121184111 1328.833984971046 242.3677765130997 1795.082592986524 2143.123939566314 8.134800471365452 10.10009068995714 0.2441273182630539 0.2097022533416748 0 0.3647545874118805 0.1884912699460983 0 0 0.2630873695015907 0.09434381127357483 0 0 0.1224061101675034 0 0 40.56449376791716 23.94442359358072 74.81265599280596 0.1984874308109283 0.1178416460752487 0.1133608520030975 22.17529643326998 2.954305835068226 1.685924522578716 0.3904194608330727 0 0.08432666212320328 0.5899623781442642 0.7972775399684906 0.09428787231445312 0.3333385363221169 39.06384425610304 1.330120928585529 0.1418657898902893 0.4883684292435646 0.08540671318769455 0 0.2081734240055084 0 1.897233001887798 0.86784727871418 1.863019421696663 15.85758977383375 1.894550949335098 11.48642071336508 0.2830251008272171 8.237451799213886 0.1099074855446815 15.61386259645224 0.6277718022465706 1.038276836276054 0.1508217081427574 0.07601162791252136 0.9607680663466454 0.1770668625831604 7.578554086387157 0 0 18.10794119536877 16.92076472938061 25.03931426256895 18.97540026903152 2.966596387326717 0 25.90284402668476 0.4400117918848991 4.066130995750427 3.167361721396446 0 0.2854138016700745 0.7651065364480019 0.3297863379120827 0 0.1552368104457855 0 0.08533169329166412 0 0.1976350247859955 0.07961180806159973 0.1987242326140404 8.942658752202988 2.969267785549164 0 3.155345514416695 4.19532535970211 0.1217732056975365 0.4174639135599136 0.7024805173277855 0.349669024348259 0.5923243910074234 1.08843307197094 2.153904862701893 1.248719677329063 7.248528622090816 4.209463000297546 10.5982673689723 5.989334516227245 3.25955231487751 0.7625753581523895 9.337731674313545 0.250313401222229 0 0 0 0 0 0 0 0 0 0 0 0 0 0.1647053509950638 0 0 0 0 0.5053350478410721 2.563501387834549 0 0 0 0.1504790633916855 0.3651287257671356 5.578495875000954 0.1834575980901718 0.119883306324482 0 0 0 0 0 0 0 0 0 0 0 0 0 0 0 0 0 0 0.3007556647062302 0.1666310280561447 0 0 2.704146601259708 0.2918545082211494 0 0 0 0 0 0 0 0 0.5097536221146584 0.3369753956794739 0 0 0 3.933243066072464 0 0.4996359944343567 0 0 0.1206175908446312 0 0.1285969018936157 0 0 0 0 0 0 0 0 7.441310457885265 0.2349375188350677 0.6947772800922394 99.54975723475218 1.865916535258293 60.75300899893045 6.245416320860386 24.64165049046278 3.254590183496475 0.5192433223128319 9.30359748005867 3.479691699147224 0 0.1145046725869179 0 2.845540910959244 0 0 0.1138024851679802 2.506352186203003 0.385604202747345 13.98207307606936 5.289315819740295
987.9872363135219 1280.348223716021 64.40228393673897 2584.128021895885 304.5507343411446 700.7374295890331 4186.418292246759 56.7637596949935 276.9298121184111 6049.996114626527 196.3626620396972 2899.676122523844 4637.716277733445 936.8631545528769 19.82089663296938 21.06897410750389 0.307238332927227 0 0.09760095924139023 0.2170152589678764 0.7010810673236847 0 0.1995221599936485 0.170878529548645 0.3830172047019005 0 0 0.1994884312152863 0.3912499397993088 0 59.64760098606348 34.10773783177137 261.5972466543317 0.09465081244707108 0.09245873242616653 0.7842796370387077 836.5551089718938 8.401428312063217 57.3185376226902 9.686967134475708 0 0 0.4243778064846992 1.361912600696087 0.1014606505632401 0.862175241112709 131.1850154101849 3.468675374984741 0 0.3732153996825218 0.09519217908382416 1.42312790453434 6.239879995584488 0.772920086979866 10.24835346639156 5.230124592781067 17.61638194322586 153.0331415832043 9.709968090057373 41.01909889280796 0.5782516747713089 8.420891098678112 0.7930037304759026 32.17434381693602 3.935376942157745 1.596415966749191 1.452231429517269 1.03591138869524 0.7100464105606079 0.08589722961187363 741.6431973055005 1.502939805388451 0.7386785447597504 72.36420519649982 40.67180154472589 64.65664542466402 45.02322695404291 5.910504132509232 0.6691107228398323 13.14031223207712 0.5391807332634926 4.922681860625744 18.12532642483711 0.0802207738161087 1.140484139323235 3.39343349635601 0.8105417415499687 0.4748577028512955 0.8150539100170135 0.9122842699289322 0 0 0.5250030681490898 0.1349672824144363 0.261143185198307 1425.708728224039 68.16607646644115 3.216184496879578 174.9466440826654 238.3855448141694 5.115064553916454 22.91329080611467 26.39443765580654 14.16305665671825 16.77904341369867 39.29691211879253 115.0167535766959 52.84379829466343 170.7011894285679 182.8355331867933 157.9426252394915 343.0211980640888 150.1482060700655 47.57348274439573 156.4162646234035 0.2577008157968521 0.4956893622875214 0 0.1413018107414246 0 0 0 0 0 0 0 0 0 0 0 0 0 0 0 24.19787548482418 35.52041368186474 0 0 0 1.2821139767766 4.566415011882782 50.45876356959343 3.856612369418144 3.41122492402792 0 0 0 1.945246115326881 0 0 0 0.2413163706660271 1.45064439624548 0 0 0.1326058059930801 1.395907089114189 0 0.07576315850019455 0.2150397673249245 0.08644750714302063 1.114079169929028 2.247614115476608 4.912347584962845 0 0 51.55583108216524 3.510498911142349 0.4577028602361679 0 0 0 0 0 0 0 22.7675206810236 0.8416183441877365 0.1611603647470474 0 0.153988242149353 82.59991759061813 1.038994401693344 27.5633013099432 2.763915061950684 1.328359484672546 1.819168150424957 0.753371924161911 0.3626333326101303 0 0.08600115031003952 0 0 0 0 0 0 225.2736842781305 1.807637482881546 8.273161917924881 603.0316715985537 7.71981056779623 260.9362556040287 20.92921739071608 444.0600084364414 25.70138300210238 3.283349968492985 54.41213001310825 143.8541901931167 0 4.596815131604671 3.131535492837429 206.8389099836349 0.4868434816598892 0 0.4941755384206772 18.46294221282005 1.217198133468628 1160.793224647641 281.2712376192212
166.3201370686293 828.2514010407031 1199.345408350229 16.8783770725131 1292.491602420807 17.53389878571033 332.1003254875541 1857.451468467712 1328.833984971046 196.3626620396972 1006.760301440954 162.0185821950436 413.2981335967779 2259.550507448614 68.85870701819658 126.5178381949663 4.400344483554363 2.483228050172329 1.443800866603851 4.313249632716179 8.640908695757389 0 4.702492371201515 4.716065436601639 1.021598346531391 0.9612338915467262 0.9540605023503304 0.496661439538002 0.6488289088010788 0 467.6139871627092 144.1443777009845 1362.651063941419 3.411593399941921 4.616008684039116 14.99980732053518 349.9931664988399 182.7833923622966 53.38126487284899 21.51173108071089 1.05396344512701 2.851369969546795 9.311618857085705 11.85168825089931 2.374471746385098 3.805022433400154 162.5868610739708 2.60348504781723 2.465292207896709 10.64312288165092 0.6504881531000137 0.4133061543107033 2.707485981285572 1.285990074276924 5.222370676696301 2.446210563182831 8.917656138539314 84.80309491604567 7.220238097012043 46.46472860872746 22.58602763712406 930.8280268386006 8.179699964821339 77.28628285974264 1.978698901832104 2.66575749963522 0.9535429328680038 2.124218285083771 14.81602906435728 9.37079568952322 117.9119740203023 1.857037931680679 0 59.58529002219439 83.6265160292387 138.7313474565744 140.2546555399895 38.24260909110308 4.77537614107132 682.0426663011312 4.699682094156742 408.3690279275179 13.01785145699978 0 1.17200880497694 1.785953402519226 7.728508748114109 0.09724248200654984 0.2429113462567329 0.09493954479694366 0.3911171555519104 0 5.767711810767651 0.9580215439200401 2.328285060822964 74.17380613088608 28.76673977077007 0 60.96276977658272 37.12073538452387 2.229141905903816 3.554431296885014 5.204050794243813 0.6720005124807358 4.568432480096817 3.368157401680946 5.959553048014641 6.003265559673309 9.625357262790203 26.38684502243996 43.35555350780487 39.55946247279644 14.49189264327288 8.40422347933054 70.64412973076105 1.077501118183136 0.14008629322052 0 0 0 0 0 0 0 0 0 0 0.5406166166067123 0 0.3331588581204414 0 1.882992677390575 0 0.2787346020340919 7.505503624677658 15.75619406998158 0 0.6125627160072327 0 1.629257366061211 2.476574011147022 40.5099545866251 4.106244638562202 3.063805863261223 0 0 0.09712567925453186 0.3261752128601074 0.1629325598478317 0 0 0.4481365233659744 1.588611431419849 0 0 0.1021657958626747 1.704669401049614 0 0.09285163879394531 0 0 0.131051242351532 0.2141145616769791 0 0 0 33.51335925608873 1.909661695361137 0.1559993773698807 0 0 0 0.1815058514475822 0 0 0.08936399966478348 4.706261225044727 2.182421207427979 0 0 0 44.00035587698221 0.4665249586105347 16.9332672059536 0.5200022831559181 0.2200912460684776 1.020725227892399 0 0 0 0 0 0 0 0 0 0 32.98494103550911 1.729892879724503 6.792108200490475 486.9050621464849 12.12596523761749 272.4369280785322 31.47320572286844 84.81520493328571 21.79614076763391 1.991338059306145 70.39398515969515 24.58953632414341 0.2484590485692024 3.828525014221668 1.060829974710941 10.98000698536634 0 0.1054988503456116 0.6775769367814064 15.82371215522289 1.26482467353344 51.59173469245434 31.5878062620759
30.24451592564583 105.0089718550444 23.21310321986675 50.54588862508535 113.5361443385482 133.6277632713318 1793.103607185185 45.42979050427675 242.3677765130997 2899.676122523844 162.0185821950436 197.7312824428082 1414.460661955178 756.3256507441401 20.05795755982399 31.97781077772379 0.6400879323482513 0.1743370741605759 0 0.09265310317277908 0.627960205078125 0.2314806282520294 0.3775760009884834 0.3175702095031738 0.1282358169555664 0.4711224585771561 0.1723405122756958 0 0.3638971447944641 0 11.22408431768417 10.82898350059986 320.1422498822212 0.2340464144945145 0 1.413707792758942 386.2840492650867 18.16481617093086 31.51957138627768 5.344031699001789 0.1675605624914169 0.1914804205298424 0.9147173911333084 2.19498360902071 0.1158809512853622 0.1888881623744965 42.66773875802755 0.6267933174967766 0.119934156537056 1.394154541194439 0 0.9905743971467018 1.848393425345421 0.1885410398244858 1.854464001953602 0.9435399696230888 1.997964054346085 11.02347254008055 1.147368706762791 8.563516773283482 1.240494675934315 26.29016902297735 0.337956503033638 12.1292928904295 0.3161375150084496 0.3149466998875141 0.3474550321698189 0.1931189671158791 1.88254414498806 0.429319828748703 287.5207677856088 1.391539603471756 0.6333203390240669 10.64027047157288 11.13961600512266 26.62871675938368 23.50080820173025 7.332240045070648 0.3223621696233749 21.45308714359999 0.5410574153065681 2.982946127653122 2.383458621799946 0.1136765107512474 0.1528115123510361 0.7097018361091614 0.4340377897024155 0 0.07641583681106567 0.4333611652255058 0 0.1970216408371925 0.4077281504869461 0 0.1336961537599564 765.2913705036044 48.34839878976345 1.93464357405901 73.08660712093115 18.08226392418146 2.391316801309586 8.029050603508949 12.83081502467394 7.191089659929276 13.51872023940086 13.3371794372797 44.27127880603075 21.13356417417526 76.56560529023409 92.58568482846022 90.16414722800255 120.5753984749317 45.63079016655684 20.82283911854029 94.81285510212183 0.9181026741862297 0.1757651716470718 0 0.2454689666628838 0 0 0 0 0 0 0 0 0 0 0 0 0.5883414447307587 0 0 15.0274857506156 18.92445691674948 0 0.3752734661102295 0 3.121541745960712 0.9054037183523178 33.43133202195168 3.941178657114506 1.847547337412834 0 0 0 0.4403457641601562 0 0.1010055765509605 0 0.3194939643144608 0.8824001997709274 0 0 0.2955721467733383 0.2530122846364975 0 0 0.1369239091873169 0 0.4954200983047485 2.243077807128429 0.7265163213014603 0 1.340218633413315 22.70439489930868 1.593065373599529 0 0.09269049018621445 0.09379252046346664 0 0 0 0 0 13.97734871506691 1.975795716047287 0.2942323833703995 0 0 49.57763560116291 0.7514163851737976 19.50212921947241 1.203785747289658 0.3850220292806625 1.577608019113541 0.4417962655425072 0.1743667349219322 0 0 0.1602722406387329 0 0.1279218047857285 0 0 0 119.995583973825 2.141866393387318 4.338576816022396 181.0307964533567 2.948940105736256 81.75955836474895 8.441896267235279 45.51370901614428 7.941420406103134 2.180749766528606 25.41101810336113 45.10756327211857 0.218127615749836 2.543593734502792 0.6858325824141502 70.32397469878197 0.243938110768795 0 0.1147577092051506 4.487525202333927 1.406212210655212 404.7578070014715 134.6681685745716
56.27309597283602 242.6944747418165 51.96263190358877 122.5693609789014 732.3443709164858 21.35679487884045 5923.207713454962 92.11819604039192 1795.082592986524 4637.716277733445 413.2981335967779 1414.460661955178 3288.416614085436 2893.935144491494 25.93501260876656 37.75484180450439 0.5429760590195656 0.2920752093195915 0.2430126443505287 0.6866213902831078 1.298940636217594 0 0.3126031085848808 0.8413893282413483 0.954427644610405 0.1522000133991241 0 0.2067861333489418 0 0 23.42728434503078 29.0046830624342 536.7172277420759 0.4854826852679253 1.063585765659809 2.383692681789398 173.9397808387876 29.69774457067251 14.60228776931763 3.457523047924042 0.1669798716902733 0.087400883436203 1.601087987422943 2.497212290763855 0.3261328339576721 0.7150086313486099 70.97392083704472 2.023865707218647 0.4385999962687492 1.374236732721329 0.1230540052056313 0.1950964704155922 0.2264445796608925 0.2054355442523956 3.430447906255722 1.70597480982542 3.637905225157738 20.99834240972996 3.364067882299423 20.43558920174837 1.882748387753963 43.8150253072381 0.9414612725377083 17.4103002473712 0.6115602999925613 0.6607373058795929 0.5794097632169724 0.07169459015130997 1.944891959428787 0.7017583847045898 92.94138047844172 0.9560267180204391 0 20.66473335027695 20.88583951443434 48.91849813610315 38.98673517256975 8.740487404167652 0.2469921335577965 31.65103798359632 0.567586712539196 3.658352814614773 5.276915542781353 0 0.336858332157135 0.6451383084058762 0.7436585053801537 0 0.209936149418354 0 0.2619410306215286 0 0.567486397922039 0.1474490314722061 0.3764242976903915 102.1209145411849 25.44188370555639 0 24.66790378093719 6.42713189125061 3.06101318448782 4.205654367804527 6.542704485356808 1.206114731729031 5.053734555840492 6.43735259771347 11.15386265516281 5.853118270635605 125.668097615242 29.03485621511936 45.48436276614666 51.40917826443911 24.59871379286051 7.770852014422417 49.88824588805437 0.4407323524355888 0.3332072794437408 0 0.1379301697015762 0 0 0 0 0 0 0 0 0 0 0 0 0 0 0 7.366230100393295 13.1821411550045 0 0 0 1.03377178311348 2.220512419939041 25.3834812566638 3.884496904909611 2.388997547328472 0 0 0 0.3923899233341217 0 0 0 0.1177699193358421 0.312348872423172 0 0 0.1072710901498795 0.7336606085300446 0 0 0 0 0.1253807991743088 0.8354544788599014 0.1463957875967026 0 0 14.96213737130165 1.252588234841824 0 0 0 0 0 0 0 0 7.020643904805183 0.6872558444738388 0.2753430306911469 0 0 26.90768868476152 0.6265134811401367 2.966876804828644 0.587259903550148 0.3382705375552177 0.5324093028903008 0 0 0 0 0 0 0 0 0 0 43.26857994496822 2.018999963998795 2.839843541383743 249.8479491844773 4.16620022803545 132.9561677649617 12.28516796976328 49.21916057169437 11.97184609621763 1.219417318701744 34.11646998673677 19.39934157580137 0 2.709657602012157 0.3883259743452072 22.56839757412672 0.6332974135875702 0.2360344380140305 0.1052609384059906 8.934183336794376 0.2416885793209076 81.13116848468781 44.45656777173281
