296.9919380918145 1558.046622537076 610.7242646738887 1720.061295457184 147.9489204287529 189.2038804590702 1253.603512600064 12.18184425681829 4.048209860920906 1096.827237188816 11.98517493158579 263.0953375250101 233.3554993867874 21.88121350109577 1.950789138674736 0.6185739487409592 0 0.1272026002407074 0 0 0.1282272636890411 0 0 0 0 0.1578439325094223 0 0 0 0 382.3070938959718 6.12773622572422 6.778057292103767 0 0 0.1564081013202667 6.557538002729416 0.4693301618099213 0.9587933942675591 0.1160391271114349 0 0 0.4065287411212921 0.1009597554802895 0 0.4488838389515877 14.56842463463545 1.218352302908897 0 0.2821869924664497 0.3585402891039848 0 0 0 5.278890587389469 1.894989095628262 19.5385938808322 504.5035351291299 27.08774520456791 14.28669662773609 1.503766715526581 6.990609109401703 0 152.6323407292366 3.576272703707218 2.278583325445652 1.881018452346325 0.9954869970679283 0.2989104464650154 0.09022790193557739 7.300341919064522 1.084385275840759 0 127.8528315573931 137.2622123882174 67.40983872115612 8.553341217339039 0.5692234635353088 0.1251426637172699 3.083765625953674 0.3537890091538429 1.420555658638477 10.74273251742125 0.4910129904747009 2.14463933557272 8.939915463328362 0.3423039764165878 0.4954048544168472 2.352506771683693 0 0 0 0.1183190047740936 0 0 30.90722291171551 5.421930991113186 1.075175523757935 0.661225251853466 827.2678404822946 1.463585317134857 18.03221894800663 6.341035857796669 2.163430035114288 4.519634306430817 39.99376099556684 17.5916336029768 53.73088657110929 39.11029396951199 33.72296195477247 9.402787253260612 32.24371571093798 25.42002642154694 5.655960589647293 5.77104540169239 0 0 0 0.6401246786117554 0 0 0 0 0 0 0 0 0 0 0 0 0 0 0 3.84264725446701 1.89790067076683 0 0 0 1.86774018406868 0 2.285637989640236 0 0.678816020488739 0 0 0 0 0 0 0 0 0 0 0 0 0 0 0 0 0.2455135956406593 0 0 0 0 0 3.022454038262367 0.4062294363975525 0 0 0 0 0 0 0 0 4.251854032278061 0 0 0 0 15.14544297754765 2.361328780651093 3.029643461108208 0 0 0.2140937894582748 0.6349737644195557 0 0 0 0 0 0 0 0 0 6.048821449279785 0.3587105944752693 0.5938398987054825 76.11806262284517 4.105743482708931 92.60770240426064 20.85911072790623 540.1518631279469 39.5406438857317 1.656051397323608 8.115640953183174 0.9974392428994179 0.1073909029364586 1.585570633411407 2.129486620426178 32.09897416830063 0.3138728737831116 0 0.4111033231019974 0.6562711298465729 0 412.0799197256565 32.25946322828531
1558.046622537076 1775.723411947489 2398.820174925029 962.3869680613279 2108.877101838589 277.8115862756968 3650.45552650094 416.4636321887374 1208.789189942181 1554.738830141723 718.4503833949566 159.1269692108035 808.1288192868233 866.4936268627644 30.903045527637 24.88135155290365 0.2168560773134232 0.4768233001232147 0.09720272570848465 0.1751343607902527 1.658812060952187 0 0.3814329132437706 0 0.3246989995241165 0.2860323935747147 0 0 0.1374990791082382 0 1549.327832765877 104.301207691431 64.78051923215389 0.2279631048440933 0.5977521240711212 2.982937529683113 29.63869166374207 3.528993777930737 8.573073796927929 1.657400734722614 0.1768927425146103 0.102585032582283 0.859340064227581 1.376555323600769 0 0.8211926370859146 99.09496957063675 2.44752786308527 0.6774041727185249 0.8221290558576584 0.6949694827198982 0 0 0.2444648817181587 13.06563948094845 4.652973927557468 17.80290362983942 713.8377269506454 39.08182311058044 31.14769265800714 7.556264311075211 10.71964894235134 3.560977824032307 489.9503636360168 7.554874882102013 9.831060670316219 6.762794218957424 2.293070465326309 1.434549398720264 0.6688913106918335 49.5803000330925 0.5017798393964767 0 183.8893329873681 252.0368721857667 372.4200865477324 142.0260560512543 17.32687870413065 4.517633430659771 88.17099235206842 1.866911709308624 28.94423589855433 30.26858510822058 0.8431951925158501 7.209444038569927 25.642428137362 4.193239018321037 0.4313149377703667 5.074665009975433 0.183449000120163 0.6214142218232155 0.1109583377838135 0.6889558210968971 0.1213915050029755 0.08337487280368805 85.85885537415743 81.70370358973742 0.5590574517846107 19.93983558565378 786.2025220841169 2.153668165206909 12.51606777310371 2.759974464774132 2.020875826478004 7.793513059616089 43.88400055468082 5.338876128196716 48.17717601358891 23.93749885261059 25.97997769713402 15.31799078732729 39.36719343066216 31.53862033039331 8.077237032353878 14.38972693681717 0.1223077178001404 0 0 0 0 0 0 0 0 0 0 0 0.1396027207374573 0 0 0 0 0 0 7.289185851812363 2.179556533694267 0 0 0 6.720481656491756 1.239744082093239 4.206564471125603 1.061555743217468 0.8376400917768478 0 0 0 0 0 0 0 0.533973217010498 1.233283825218678 0 0 0 0 0 0 0 0 0.852734237909317 0.4218108057975769 0 0.4031308889389038 0 7.58336067199707 0.9852989614009857 0 0 0.1161586120724678 0 0 0 0 0 6.96218129992485 0.5428947657346725 0 0 0 33.47784447669983 0 11.23546223342419 0.6233486831188202 0.9471032023429871 0.5130380839109421 0.3841037750244141 0.2327248007059097 0 0 0 0 0 0 0.1129391863942146 0 11.0588470697403 10.36751255393028 6.935557059943676 192.3598966449499 6.703908190131187 299.2086202949286 39.08056047558784 452.5862657725811 73.85471402853727 2.612778156995773 29.47266430407763 7.358414515852928 0 5.988566748797894 0.7419812083244324 22.12264686822891 0.6464503407478333 0 0 3.924487739801407 1.196459352970123 297.2609501928091 37.67469138652086
610.7242646738887 2398.820174925029 1837.350210562348 77.05471166223288 790.6859575510025 54.18666090071201 214.3237968459725 5449.258762843907 1127.00586810708 104.6499461308122 2344.57494148612 12.71442105621099 115.1649062484503 1289.373936019838 29.93220808357 31.80878975987434 1.835480757057667 2.571445643901825 0.2306769862771034 7.025441892445087 23.55538762360811 0.307932585477829 2.717394649982452 1.173560976982117 6.355920217931271 0.4836897253990173 0 0.3187039196491241 0 0 2240.298597365618 502.5037226527929 224.7913091555238 2.230644598603249 8.375017672777176 41.43277588486671 79.11125634610653 46.40683048963547 35.14136043936014 8.944148071110249 2.174766167998314 2.647895961999893 18.28046367317438 4.042647965252399 0.8216224387288094 3.348366975784302 58.80049772560596 1.628481365740299 0.5702962055802345 7.21659492701292 0.4683339893817902 1.316192090511322 0 1.923479937016964 6.856051176786423 3.381285347044468 11.13170911371708 595.8467234671116 26.03132291138172 15.59769625961781 155.197794906795 118.3656383082271 27.71036233007908 441.6916756033897 4.837234430015087 5.485630616545677 4.367383792996407 2.877310901880264 27.28602217882872 11.52190770208836 90.03604523092508 2.658558234572411 0 111.554028570652 176.4642206802964 223.702338591218 115.5449742823839 23.54911788552999 113.7225216776133 774.795907586813 22.82137999683619 548.5584127753973 16.40314365178347 0.1047185212373734 3.83505791425705 15.26942174136639 4.400233067572117 0.448881208896637 3.590839996933937 0 0.3017724603414536 0 5.855301275849342 0.7395143210887909 1.210926651954651 89.31639762222767 93.16616653650999 0 37.62416655570269 268.1138819083571 5.162370294332504 5.500984787940979 2.048332437872887 1.104990385472775 9.793802492320538 19.77427131682634 1.015824846923351 28.37161711603403 19.70817124098539 7.656167916953564 17.32050926983356 29.93968383967876 33.2796406596899 3.532566502690315 29.64963486790657 0.5315988510847092 0 0.1049045696854591 0 0 0 0.1594342589378357 0 0 0 0 0 0.1156090646982193 0 0 0 0 0 0 5.928171180188656 1.526538841426373 0 0 0 13.47794119268656 0.9225904494524002 13.04284233599901 0.595526434481144 0.7157542556524277 0 0 0 0 0 0.08940239250659943 0 0.5544425547122955 0.3540098369121552 0 0 0.1415418088436127 0.2681699246168137 0.8867799714207649 0.1255670189857483 0 0 0.2529142796993256 2.110959231853485 0 0.4077306166291237 0.3640612065792084 16.98314521461725 1.010594800114632 0.159651443362236 0 0 0 0 0 0 0 15.08202137798071 2.183671593666077 0.3883683681488037 0.1371200680732727 0 51.4905331581831 0 15.49949024617672 1.156683750450611 1.844266787171364 0.3943301439285278 0.9132958203554153 0.3468643873929977 0 0.1143129169940948 0 0 0 0 0 0 17.83056247234344 22.97574318945408 18.96156281232834 109.9397433996201 6.341098465025425 166.4544727429748 27.81463737785816 159.8143746629357 40.56270734220743 1.257248625159264 21.54011833667755 5.548028871417046 0.114416167140007 2.59779217839241 1.249588534235954 8.154845893383026 1.73475868999958 1.027902007102966 0.8445569053292274 2.360864043235779 1.030491605401039 109.4594464972615 46.90224108099937
1720.061295457184 962.3869680613279 77.05471166223288 255.0754493623972 84.65277396142483 285.4268732964993 412.4407271370292 1.480915576219559 2.792880930006504 741.6203188300133 1.252474069595337 568.4035690575838 482.1589454114437 17.86438039690256 0 0.7014152184128761 0 0 0 0 0 0 0 0 0 0 0 0 0 0 100.3612841516733 0.4196896255016327 6.813539281487465 0 0 0 13.03064426779747 0 0.1191772297024727 0 0 0 0 0 0 0 5.55882753431797 0.1332592517137527 0 0 0 0 0 0 2.104322515428066 0.3196626454591751 1.375176995992661 70.41037125885487 3.492534011602402 5.217673987150192 0.1191391944885254 0.1711673736572266 0 34.90970651060343 1.357259824872017 0.2118836641311646 0.3969205245375633 0.4078974053263664 0.1289835423231125 0 9.765736371278763 0 0 24.73937104642391 28.97360438108444 20.4100364074111 2.431124769151211 0 0 0.2159772366285324 0.1719395220279694 0.1427078545093536 2.804036170244217 0 0.3158693686127663 2.381554424762726 0.106092169880867 0 0.28569096326828 0 0 0 0 0 0 30.41482172906399 0.9820101857185364 0 0.4337356835603714 523.7698171809316 0.1447442770004272 8.183302819728851 1.213105440139771 0.3333180993795395 2.138376265764236 10.5704475864768 4.058539018034935 20.46446752548218 11.66318146884441 11.62222723662853 0.9419305622577667 10.49262754619122 7.771545141935349 1.163419663906097 2.711857557296753 0 0 0 0 0 0 0 0 0 0 0 0 0 0 0 0 0 0 0 0.1402639746665955 0 0 0 0 0.6686970591545105 0 0 0 0 0 0 0 0 0 0 0 0 0 0 0 0 0 0 0.1296293884515762 0 0 0.1369832158088684 0 0 0 0 0.2326708883047104 0 0 0 0 0 0 0 0 0 0.767763078212738 0 0 0 0 3.916419789195061 0 0 0 0.5091016888618469 0.4489548057317734 0 0 0 0 0 0 0 0 0 0 1.457242041826248 0 0.141639769077301 15.14201967418194 0.5959832370281219 23.09943136572838 2.938409954309464 336.3500169664621 10.50301071256399 0.3770068660378456 2.318403907120228 0.521933376789093 0 0.2482334077358246 0 8.648489058017731 0.4630668163299561 0 0.6246845722198486 0 0 161.822675563395 12.59259629249573
147.9489204287529 2108.877101838589 790.6859575510025 84.65277396142483 1122.816146373749 22.5687762722373 758.8827721402049 144.0566349476576 3664.440001524985 793.7323683872819 1134.886609509587 67.94072046875954 1063.453558951616 1144.276276059449 35.26844756305218 35.39411550760269 0.5709064602851868 0.2925740405917168 0.08102598041296005 0.09121000021696091 0.2431690394878387 0 0 0 0.2625542134046555 0.1012688502669334 0 0 0 0 295.7391037270427 78.95387779921293 13.22364170849323 0.08289459347724915 0 0.1498829573392868 18.9474288970232 2.01671801507473 2.525875344872475 0.549167737364769 0 0.1454127579927444 0.2052682340145111 2.584172211587429 0.1324508339166641 0.9839697554707527 85.74722812324762 2.325837709009647 0.5609296634793282 0.500212736427784 0.6157557889819145 0.3396329283714294 0 0 5.523107506334782 2.492493830621243 4.890692919492722 121.0078310221434 12.28619046509266 22.3962724506855 3.531366981565952 1.647272348403931 0.4076407626271248 283.4845779687166 3.873378857970238 6.416697159409523 4.769884005188942 1.349316649138927 0.690113753080368 0.09264978021383286 66.16225432604551 0.6256831139326096 0.2288744151592255 61.10592989623547 94.90511406958103 279.7205781936646 137.7131797000766 19.26323516666889 1.048501677811146 5.918768152594566 1.139339588582516 3.690894976258278 13.29674637317657 0.3546574041247368 4.316620819270611 12.76663203537464 2.658351078629494 0.54238460958004 3.725657768547535 0.1102993488311768 0.6055998578667641 0.1062091216444969 0 0 0 138.4734765738249 123.7050058841705 0.2213271707296371 28.4624005407095 19.56948379427195 3.645941868424416 4.292012259364128 2.173592790961266 1.847288236021996 8.880958259105682 43.82141119986773 3.252941071987152 59.52773915231228 30.05273866653442 24.08761317282915 21.06199589371681 46.44143917411566 40.05788280814886 8.188059568405151 16.30775368213654 0.1429331004619598 0.1064338311553001 0 0 0 0 0 0 0 0 0 0 0.2126679718494415 0 0 0 0 0 0 5.037113785743713 2.025740891695023 0 0 0 9.878463089466095 2.123847410082817 6.296027950942516 1.281971871852875 1.216340303421021 0 0 0 0.1775190532207489 0 0 0 1.496212385594845 2.688889339566231 0 0 0 0 0 0 0 0 0.9707829356193542 1.692633107304573 0 0 0 7.056620627641678 2.67097944021225 0 0.2105095088481903 0 0 0 0 0 0 11.49264392256737 0.4937778860330582 0 0 0 47.19205205142498 0 13.02564226090908 0.5789953321218491 2.292197316884995 1.421773105859756 1.189540773630142 0 0 0.1053616032004356 0 0 0 0 0 0 15.51997192203999 6.601809576153755 7.702910698950291 193.5093647912145 5.835362561047077 213.2880712002516 31.59721687436104 123.1123314127326 46.64578877389431 1.197858758270741 38.67787186056376 5.471651971340179 0.3147182464599609 6.127688676118851 1.176231935620308 5.29442897439003 0 0 0.8248172551393509 3.356034368276596 1.104754142463207 129.0574312731624 34.33594607561827
189.2038804590702 277.8115862756968 54.18666090071201 285.4268732964993 22.5687762722373 3.801810204982758 172.0367846935987 1.230397768318653 6.138229519128799 266.2836098149419 1.229739487171173 73.11918465793133 62.44259455800056 14.70195201039314 0.4045857191085815 0.4553268104791641 0 0 0 0 0.8150977492332458 0.4063280522823334 0.1003232300281525 0 0 0 0 0 0 0 63.10422409325838 0.6336719989776611 3.151129201054573 0 0 0 4.103833600878716 2.726142048835754 3.176654830574989 0.3967776000499725 0 0 0 0.1268969625234604 0 0 2.994546979665756 0 0 0 1.09694866836071 3.183436334133148 1.03054279088974 0 0.4946376234292984 0.5966488495469093 25.38709525763988 63.55814358592033 4.95179308950901 0.5880337134003639 0 2.496659815311432 0 18.3332379758358 0.2035498693585396 0.2272283732891083 0.7417182922363281 0 0.2884508669376373 0 5.183233201503754 115.5047627091408 1.383142441511154 16.56238849461079 14.85723224282265 10.12682169675827 2.364998929202557 0 0 0.4218151569366455 0 0 1.042866095900536 0 0.1468135863542557 1.156529791653156 0 0.9492100328207016 0.8467831462621689 3.940638810396194 0.8808150142431259 0.2349098026752472 0.299901157617569 0.2025076746940613 0.8817886710166931 74.04483649134636 146.754601970315 35.66551601886749 16.77706976234913 710.2061849310994 1.411804407835007 5.49493944644928 0.6172694265842438 3.490347966551781 0.5546830892562866 11.40501417219639 4.885614633560181 11.06676829606295 10.19187666475773 13.19291031360626 0.1976819336414337 12.39781515300274 11.83977195620537 1.733289763331413 0.8022964894771576 0 0 0 0 0 0 0 0 0 0 0 0 0 0 0.1768942922353745 0 0 0 0 0 0 0 0 0 0.1874593496322632 0 0 0.360120952129364 0 0 0 0 0 0 0 0 0 0 0 0 0 0 0 0 0 0 0 0 0 0 0 0 0 0 0 0 0 0 0 0 0 1.225742727518082 0.1908467411994934 0 0 0 1.280737340450287 0 0.5622223615646362 0 0 0 0 0 0 0.2657515406608582 0 0 0 0 0 0 4.023562431335449 0.1999452710151672 0.1748792380094528 9.420322589576244 0.5509845763444901 11.69362680613995 3.38084203004837 146.3020500689745 6.869247689843178 0.315040647983551 0.7240134999155998 0.1532447785139084 0.3818004429340363 0.6614907532930374 0 10.57859207689762 0 0 0 0 0 158.875969029963 25.95935040712357
1253.603512600064 3650.45552650094 214.3237968459725 412.4407271370292 758.8827721402049 172.0367846935987 264.0560424476862 22.91019631177187 1489.052956230938 2750.073819711804 251.6030561178923 908.7582368627191 5554.371941044927 2000.174410834908 23.94690200686455 23.89649084210396 0.2595057711005211 0.09353798627853394 0 0.1016831994056702 0.91673843562603 0 0 0 0 0 0 0 0 0 280.7682990953326 34.74747774004936 119.4069752544165 0 0 0.4881543964147568 111.7777006328106 2.02385713160038 4.318005330860615 0.3974845856428146 0 0.1054078638553619 0.373251236975193 0.7105811685323715 0 0.4592853784561157 57.64802960306406 1.827303379774094 0 0.4424120560288429 0.2973164245486259 0 0 0 4.88498218357563 2.841327019035816 3.322900347411633 147.4971225261688 13.34574047476053 17.31344223767519 2.833157807588577 3.496770799160004 1.242084965109825 188.01066583395 4.022828981280327 6.053069524466991 4.889651373028755 1.978637963533401 0.3455364629626274 0.09445037692785263 165.8297208249569 0.8343874216079712 0 67.41275992244482 102.6652966067195 209.7187835797668 77.86626030504704 8.693666331470013 1.640869222581387 5.063030086457729 0.5247437134385109 4.704667247831821 12.06544851511717 0.6864938288927078 3.812361299991608 9.762799218297005 2.182294905185699 0.3340413495898247 3.628109164535999 0 0.1891962513327599 0.09336225688457489 0 0 0 378.1673279777169 158.1950729563832 0 24.87524092197418 75.15021137148142 7.677439421415329 16.32547580450773 52.79271906614304 20.27895192801952 19.29373335838318 110.4747604131699 15.14976001530886 126.7189054861665 66.89025983959436 58.30110216140747 41.61232569813728 114.990082629025 79.16104581207037 20.78189426660538 29.40573633462191 0.1148051023483276 0 0 0 0 0 0 0 0 0 0 0 0 0 0 0 0.3888565897941589 0 0 9.671047255396843 1.2130136936903 0 0 0 13.11109323054552 3.168540298938751 11.12456572055817 1.680016487836838 0.977045089006424 0 0 0.4001189768314362 0 0 0 0 1.475446857511997 1.214755564928055 0 0 0 0 0 0.3785292506217957 0 0.3564588576555252 0.9104044958949089 3.650647580623627 0 0.2541936635971069 1.856489062309265 13.35447968542576 2.344547659158707 0 0 0 0 0 0 0 0 21.99382301419973 1.094122782349586 0 0 0 60.69993226975203 0.1826997250318527 17.16651536524296 0.4693953469395638 1.176018230617046 1.452903643250465 1.018093600869179 0.8104477226734161 0 0.2262147665023804 0 0 0 0 0 0 34.07717598229647 12.15360940992832 12.74555722624063 143.7105240300298 4.408249333500862 164.9575540050864 26.69351311028004 321.6645381003618 33.43501991778612 1.140084333717823 25.49244659394026 9.602467440068722 0 8.756756767630577 4.115208819508553 26.07620027661324 1.122361421585083 0 1.798369407653809 2.648232787847519 1.788462057709694 483.1467762067914 100.8555115461349
12.18184425681829 416.4636321887374 5449.258762843907 1.480915576219559 144.0566349476576 1.230397768318653 22.91019631177187 1820.626965418458 225.1309082880616 2.438087202608585 2812.612412087619 8.602436788380146 32.41733356565237 1632.683436825871 35.14056476205587 56.20157933980227 2.135221257805824 11.69640012085438 1.263100109994411 23.41422554850578 36.20779585838318 0.3583289384841919 9.615810431540012 1.158050574362278 8.224855706095695 0.8440439999103546 0 1.01878746598959 0 0 1605.895835585892 3371.121029861271 317.7680823430419 10.1553742736578 8.47532182186842 45.47214620560408 71.66651470214128 42.30619106441736 30.50169464945793 12.1493067368865 3.966879040002823 3.628467321395874 34.62628774344921 11.90349735319614 3.360375039279461 30.57547324895859 62.00586810708046 1.282218419015408 0.7472674325108528 23.30497697740793 0.4457695186138153 0.6090728044509888 0 3.460698649287224 1.779379121959209 1.012548252940178 3.452514439821243 107.7477443888783 6.818327628076077 11.05205997079611 739.0176891162992 240.1283489763737 52.98075760900974 539.6922719925642 1.850235141813755 2.5893200263381 1.517254814505577 2.236059263348579 56.13063524663448 24.08162747323513 64.00464377552271 0.7503732144832611 0 29.92923475056887 72.40947736799717 211.3285430595279 227.4878457039595 168.6343863010406 1103.943051114678 3026.603427603841 257.7033602595329 1902.433832213283 7.982838176190853 0.09783753007650375 2.383977927267551 6.297320686280727 8.60288579761982 0 2.272344641387463 0.1105172112584114 0.2617578953504562 0 9.636092260479927 0.7306837365031242 2.446921452879906 48.01710166782141 32.31812351942062 0.1551355719566345 29.99133133143187 10.74192090332508 0.6841702684760094 1.302421927452087 0.4134528636932373 0.8234862983226776 1.796742513775826 3.334793791174889 0 6.13126453012228 2.368638321757317 2.577523604035378 4.827670067548752 4.467888928949833 6.345300704240799 1.182892516255379 5.467968925833702 0.2889310866594315 0 0 0 0 0 0 0.2045299261808395 0 0 0 0 0.1193589866161346 0 0 0.1695213317871094 0 0 0.1343566030263901 3.716172501444817 0 0 0 0 6.902303785085678 1.061125554144382 2.421464547514915 0.3372675254940987 0.344357006251812 0 0 0 0 0.09397996962070465 0.1094709485769272 0 0 0.1270420104265213 0 0 0 0.2739637345075607 0.9036410599946976 0 0 0 0 0.1708651036024094 0 0 0 3.149694681167603 0.08328691869974136 0 0 0 0 0.125149205327034 0 0 0 3.964949145913124 0.5929281711578369 0 0 0 13.42120616137981 0 3.248998373746872 0.4053498208522797 0 0 0 0 0 0 0 0 0 0 0.1251220852136612 0 5.391132146120071 8.118620097637177 7.428651370108128 100.3411448150873 8.848398521542549 126.9143108204007 27.69934669882059 39.66919538378716 26.39608910679817 0.8211610317230225 20.74645663797855 1.146805815398693 0 1.443410292267799 0 1.101904287934303 0 0 0 4.852884873747826 0.9804689511656761 23.61143781244755 12.92908583581448
4.048209860920906 1208.789189942181 1127.00586810708 2.792880930006504 3664.440001524985 6.138229519128799 1489.052956230938 225.1309082880616 766.276505202055 450.7128196060658 1886.183196313679 111.0534066036344 647.3942269086838 1448.186650440097 39.919607385993 49.94227170944214 0.4318980351090431 0.1933792009949684 0.1120327413082123 0 0.1307651251554489 0 0 0 0.3228363320231438 0 0 0 0 0 70.15317091345787 30.6596897393465 52.74802236258984 0.1391335427761078 0 0.9377124980092049 42.07945770025253 1.203626558184624 3.960313625633717 0.7944098114967346 0 0 0.6639460101723671 2.02452427148819 0.2107132449746132 0.2822221964597702 59.56953316926956 1.390904389321804 0.202995628118515 0.6360215917229652 0.1975067779421806 0 0 0 1.645106837153435 1.018756397068501 1.756519146263599 24.08163250237703 4.874684870243073 9.602766677737236 4.879324182868004 5.013010196387768 0.9281347617506981 104.8263550549746 0.8001968264579773 1.781863532960415 1.843679256737232 0.6555918678641319 0.8022521436214447 0.1552666127681732 113.2084786444902 0.9629821628332138 0 18.53892057389021 31.15000598877668 164.0144269689918 99.34826262295246 17.8472995236516 1.786542788147926 22.88398649543524 1.392432615160942 12.8116984590888 6.719113767147064 0 2.572031259536743 2.344885185360909 0.5560052245855331 0.195733405649662 1.471896916627884 0 0.2212422862648964 0 0.4814691841602325 0 0 283.673638664186 152.0888590738177 0 32.60036520659924 1.485669828951359 1.643451951444149 7.581349655985832 5.307888552546501 2.876248016953468 20.74039128422737 66.22199618071318 4.315686210989952 67.74924682080746 40.50075939297676 31.69308982044458 29.37389124929905 78.53167509287596 65.81644257903099 14.27690630406141 35.96422991156578 0 0 0 0 0 0 0 0 0 0 0 0 0.1113436967134476 0 0 0 0 0 0 10.05732919275761 3.845474615693092 0 0 0 15.79991318285465 1.579626992344856 10.53147531300783 0.6595447212457657 0 0 0 0 0 0 0 0.141528531908989 0 1.143722131848335 0 0 0 0 0 0.1730524003505707 0 0 0.1419388204813004 2.35256053507328 0.2679005265235901 0 0 12.36111527681351 3.388075456023216 0.1942339986562729 0.4550664126873016 0 0 0 0 0 1.342470169067383 22.09352941066027 1.741715222597122 0 0 0 51.89202487468719 1.553319066762924 18.28129483759403 1.154657691717148 1.473348967730999 0.4194374829530716 0.4312600791454315 0.243155799806118 0 0 0 0 0 0 0 0 37.40280129015446 16.7454794049263 11.04572082310915 160.9140820205212 2.853026568889618 122.4449475929141 20.87794572860003 79.13083528727293 24.69417887181044 0.2081309407949448 38.94470203667879 6.617773592472076 0.4499854147434235 6.676154002547264 0.7811949849128723 9.262529984116554 0.825513482093811 0.2617695331573486 0.6568404734134674 4.093422196805477 2.368047013878822 139.6770160645247 70.26520374417305
1096.827237188816 1554.738830141723 104.6499461308122 741.6203188300133 793.7323683872819 266.2836098149419 2750.073819711804 2.438087202608585 450.7128196060658 1108.871490493417 24.71751815080643 4874.750478625298 5305.390539392829 462.3887457475066 6.091418869793415 6.081376150250435 0.1129518523812294 0.1025931984186172 0 0 0.1184947192668915 0 0 0 0 0 0 0 0 0 113.0119732171297 8.025026634335518 228.720200791955 0 0 0.6447919011116028 338.1150203645229 2.095924392342567 9.724759623408318 0.8205667585134506 0 0 0 0.7542609572410583 0 0.7615935504436493 25.35496903210878 0.4551458060741425 0 0.3168953955173492 0 0.2612980604171753 0 0 2.373804621398449 1.205265738070011 7.530078865587711 69.87310370802879 5.425926335155964 4.439158014953136 0.6418244689702988 2.301069244742393 0.4964909553527832 55.22752267867327 0.8718901947140694 1.183604337275028 0.4290663003921509 0.1971181780099869 1.096336610615253 0 429.855316400528 5.091144815087318 0 21.57029043138027 31.76509186625481 61.7292373329401 21.75123781710863 2.61661733686924 0.7563415616750717 0.2444842010736465 0.5542763620615005 3.590531095862389 3.473246991634369 0 0.9770545363426208 3.600176319479942 0.4992060959339142 0.3487900272011757 0.572581022977829 0.6565966904163361 0 0.7657324224710464 0.6250568777322769 0 0 777.5449202358723 483.357813000679 5.264272272586823 62.37404385954142 395.8266771882772 13.04669068008661 40.26524357497692 30.86905281245708 35.52762012183666 33.18548467755318 179.3441305682063 37.93819503486156 203.7627474889159 134.3844059109688 112.4718720167875 48.94518826901913 184.9575634598732 164.4914893731475 33.50103381276131 47.2597738802433 0 0 0 0 0 0 0 0 0 0 0 0 0 0 0 0 0 0 0 10.98985056579113 4.912224128842354 0 0 0 22.39948758482933 0.557463601231575 10.11570999026299 3.228122249245644 0.7014429569244385 0.1964297145605087 0 0 0.2500110864639282 0 0 0 1.616131126880646 0.9454204440116882 0 0 0 0 0 0 0 0.8386553823947906 0.2665594518184662 2.196817025542259 0.1211129054427147 0 0 14.54054608941078 8.030094817280769 0 0 0 0 0 0 0 0.3050379753112793 31.5665454864502 3.452316388487816 0 0 0 83.57359364628792 1.364538550376892 31.106993034482 1.950555443763733 1.383342623710632 1.42067739367485 1.302100896835327 0 0 0 0 0 0 0 0 0 56.16838371753693 11.22959494590759 14.91332773864269 78.30348924547434 1.172074161469936 53.14250321686268 8.614736750721931 347.6382196396589 16.29929678887129 0.2615317478775978 13.68231488019228 20.66157034039497 0 11.41324280202389 3.614127218723297 73.60362884402275 4.628843605518341 0.8992483019828796 2.290562927722931 0 0.4541915357112885 1340.899288713932 239.0957275107503
11.98517493158579 718.4503833949566 2344.57494148612 1.252474069595337 1134.886609509587 1.229739487171173 251.6030561178923 2812.612412087619 1886.183196313679 24.71751815080643 1841.437067061663 16.53975980728865 579.6900550350547 2859.357059240341 31.69472740590572 40.15399719029665 0.2214322984218597 0.411011815071106 0.1592144519090652 0.7722651809453964 8.932056680321693 0 0.1879879087209702 0.3831190168857574 3.583202734589577 0.8663599938154221 0 0.1756447553634644 0 0 178.3023650422692 100.2875384688377 538.2384839877486 0.3170782476663589 2.772562488913536 27.4113791435957 110.5451696142554 38.32514517009258 31.19481117278337 5.997303575277328 1.324591673910618 0.4496440887451172 3.120480582118034 4.378439240157604 0.1479150354862213 0.09613687545061111 42.11804087460041 0.5649871081113815 0.937178909778595 1.393007233738899 0.3423776254057884 0 0.5464926958084106 0.4623861759901047 1.519260674715042 0.6943942457437515 1.615064918994904 38.21063559502363 4.476665377616882 8.521972239017487 15.16262528300285 199.4658310711384 13.95833491533995 136.0395265743136 1.642584584653378 2.675121314823627 1.54792544990778 0.7450562864542007 6.207047089934349 3.080573931336403 76.07432101666927 0.4817510545253754 0 18.38286153227091 31.21605063229799 154.3730138018727 106.3540110364556 22.40925496816635 40.01513753086329 1275.079972118139 2.311541683971882 407.3078420758247 6.570690833032131 0 1.185138218104839 5.16375207901001 1.086885072290897 0.2045440599322319 1.744672439992428 0 0 0 2.911023311316967 0 0.4165018424391747 55.54485712945461 37.19444892555475 0 25.61022944003344 6.64093379676342 1.436310738325119 0 1.180972054600716 0.3417197912931442 2.963575899600983 7.533117085695267 0.579964354634285 10.02036620676517 4.743611678481102 5.478069961071014 7.138033360242844 10.91545136272907 14.94726873934269 3.005974262952805 8.613711997866631 0 0 0 0 0 0 0 0 0 0 0.2398264408111572 0 0.6817951202392578 0 0 0 0 0 0.1045377254486084 4.630109325051308 1.272265076637268 0 0.3609147667884827 0 5.030811041593552 1.15024322271347 1.748630821704865 1.077358670532703 0.1200157776474953 0 0 0 0 0 0 0 0 0 0 0 0 0.09422662109136581 0 0 0 0 0 0.7027171552181244 0 0.1478145271539688 0 3.316387861967087 0.4072874188423157 0 0 0 0 0 0 0 0 7.185140110552311 0.3433713763952255 0 0 0 13.3201142847538 0.7233429551124573 5.85005134344101 0.1620914489030838 0.1829629689455032 0 0 0 0 0.1105230674147606 0 0 0 0 0 0 10.09988380968571 7.214382886886597 6.162521339952946 95.372683852911 2.419752329587936 90.24987894296646 16.96079548448324 48.52630522102118 19.91007628291845 0.1020364016294479 21.54203473776579 1.310880810022354 0 0.4557874500751495 0.8803604990243912 0.7098987698554993 0 0.4526090621948242 0 1.065800055861473 1.114889375865459 27.82828163355589 19.92916802316904
263.0953375250101 159.1269692108035 12.71442105621099 568.4035690575838 67.94072046875954 73.11918465793133 908.7582368627191 8.602436788380146 111.0534066036344 4874.750478625298 16.53975980728865 188.0763286948204 1268.905354306102 380.8109024465084 10.05777785927057 16.33569188416004 0 0.1144049018621445 0.1239711344242096 0.4179574251174927 2.236349567770958 0 0 0 2.64484067261219 0 0 0 0 0 21.88193099945784 9.565565340220928 152.6975923627615 0 0.4411104917526245 2.614605650305748 484.9194932281971 7.319884032011032 6.766756571829319 0.2698599398136139 0 0 0.6676383018493652 3.466221936047077 0.5587001964449883 1.035534180700779 11.68299427628517 0 0.1939451694488525 0 0 0 0 0 0.2212069779634476 0.3231393247842789 0 12.03460238873959 0.6258575022220612 0.5077371671795845 3.910369604825974 15.11580105125904 2.344553589820862 19.41065122932196 0 0.1109074205160141 0.2847565412521362 0 2.975091710686684 1.356104701757431 278.2524380832911 0 0 5.36832982301712 6.209479220211506 22.79027306288481 13.84336531162262 8.72496447712183 5.776085816323757 8.191077217459679 1.053890839219093 20.07164181023836 0.6034595593810081 0 0.2136785537004471 0.4189074486494064 0.09436770528554916 0 0.09266585856676102 0 0 0 1.267365172505379 0 0 422.6921018511057 71.44471787661314 0 11.4749773144722 20.14775337278843 1.969761162996292 2.629371762275696 3.905127435922623 1.932319417595863 7.0325648188591 33.1757019162178 3.315004304051399 42.66071727126837 22.37790958583355 14.03339715301991 12.12425367534161 42.34296853840351 31.71144735813141 9.137751348316669 12.77851086854935 0.1152115985751152 0 0 0 0 0 0 0 0.3660369515419006 0 0 0 0 0 0 0 0 0 0 2.732344642281532 1.885319083929062 0 0 0 7.810496181249619 0.3975279927253723 4.125158935785294 0.2235237061977386 0 0 0 0 0 0 0 0 1.003362908959389 0 0.1474094837903976 0 0 0 0 0 0 0 0 0.3922844454646111 0 0 0.1169850453734398 3.15507984161377 2.13926787674427 0 0 0 0 0 0 0 0 10.63436262309551 1.622564718127251 0 0 0 20.39832635223866 0 5.147461608052254 0 0.6383835077285767 0 0 0 0 0 0 0 0 0 0 0 18.88700832426548 4.530784696340561 4.519116371870041 39.18558797985315 1.01974842697382 25.50806789845228 5.497355461120605 54.84449633210897 4.015573360025883 0.1075018644332886 8.335517697036266 2.640563428401947 0 8.158409893512726 1.28691691160202 7.390343382954597 0.4090194404125214 0 0.4129368960857391 1.10763019323349 1.278785184025764 184.4960580840707 58.85748295485973
233.3554993867874 808.1288192868233 115.1649062484503 482.1589454114437 1063.453558951616 62.44259455800056 5554.371941044927 32.41733356565237 647.3942269086838 5305.390539392829 579.6900550350547 1268.905354306102 5037.565767407417 5753.115243561566 28.52438143640757 49.00797689706087 0 0.1831745505332947 0 0.08840159326791763 1.1252371519804 0 0 0 0.7248798459768295 0 0 0.2866199016571045 0 0 55.29153593629599 18.81482093781233 767.2432593256235 0 1.108259975910187 4.590719044208527 1172.130216993392 1.996412865817547 5.610082611441612 0.9468857198953629 0.1865478456020355 0 0.4843007624149323 4.535083591938019 0 0.5614488422870636 41.83594595640898 0.4137861430644989 0.3405762240290642 0.9678841605782509 0 0 0 0 0.4395642727613449 0.1859347820281982 1.765038087964058 26.74870273470879 3.489680454134941 7.369612261652946 7.729547016322613 16.3647588044405 2.893970854580402 62.15700387954712 1.107739828526974 1.11820337921381 0.6900360807776451 1.013468541204929 0.8803857266902924 0.4874668121337891 705.6029802337289 0.8950180411338806 0 13.75226563960314 21.7860428839922 108.2500227317214 63.04014677554369 23.20261003822088 20.49363674968481 56.24733091890812 1.392506681382656 37.63256449252367 3.178699105978012 0.1822527796030045 0.9721875712275505 2.799095042049885 0.5691646486520767 0.1364501416683197 0.8917740657925606 0 0.2996833324432373 0 0.8502184897661209 0.5314875245094299 0.3189386874437332 1085.37893126905 164.3053639680147 0 45.13606752455235 21.31313077360392 6.210066117346287 12.64637902379036 8.299862161278725 7.822058223187923 27.89032815396786 139.0550162270665 12.5822841823101 145.1606689989567 83.76067631691694 55.68706864118576 49.45795014500618 144.8862340897322 117.403541199863 41.84180086106062 61.13467422127724 0 0 0 0 0 0 0 0.9897277355194092 0 0 0 0 0.3903024196624756 0 0 0 0 0 0 14.39279353618622 7.512385413050652 0 0 0 27.52944016456604 2.66789910197258 13.4052325040102 1.59934064745903 1.161827087402344 0 0 0 0 0 0 0 0.4336363822221756 0.8663735464215279 0 0 0 0 0 0.1979165822267532 0.1696884632110596 0 0.8717275187373161 3.023469045758247 0.5090556293725967 0 1.088386535644531 19.06584337353706 5.403809800744057 0 0 0 0 0 0 0 0 37.53644497692585 2.474795117974281 0.1253849565982819 0 0 83.82045221328735 1.935762763023376 17.355019941926 0.7924256324768066 1.983016937971115 2.587981380522251 0.7235230803489685 0 0 0 0 0 0 0 0 0 66.54115532338619 17.67684143781662 12.70344342291355 119.436609774828 2.085411809384823 88.9633309841156 19.60797379165888 121.5521721616387 18.6533370539546 0.5687245726585388 29.80404461920261 12.00194130837917 0 12.15506194531918 3.320461854338646 26.91171393543482 0.7992180287837982 0 1.289363019168377 3.489287421107292 0.9233527183532715 416.2754060402513 174.7629914134741
21.88121350109577 866.4936268627644 1289.373936019838 17.86438039690256 1144.276276059449 14.70195201039314 2000.174410834908 1632.683436825871 1448.186650440097 462.3887457475066 2859.357059240341 380.8109024465084 5753.115243561566 3493.098607636988 143.2556275874376 220.5539487525821 1.848029248416424 0.3260791227221489 0.7061245143413544 2.027039900422096 15.92001936584711 0 0.3732309639453888 0.6828366070985794 7.435140058398247 1.079907119274139 0 0 0.136577308177948 0 139.8494191765785 89.80894389748573 1848.34995842725 0.2214639484882355 4.457571685314178 26.02718208730221 1236.609402559698 44.75936777889729 44.91554047167301 9.738556876778603 1.412083923816681 1.136355385184288 5.675408266484737 15.35101024806499 0.7037020325660706 2.560361631214619 152.7766598686576 2.552919372916222 0.6767686754465103 3.629064455628395 0.2944353297352791 0.3693638294935226 0.1284799724817276 0.545255035161972 3.395608648657799 0.9055111855268478 6.391570456326008 42.49330758303404 8.287496849894524 22.72111148387194 62.03309154510498 287.5574890822172 16.97324724495411 208.5948947221041 2.60956983268261 3.714925043284893 3.909903280436993 3.801201418042183 13.35880392044783 6.562294088304043 747.8241203501821 0.7579148858785629 0 32.57442696392536 55.05384277552366 400.1290724948049 290.0799810066819 90.76624761521816 110.6630397960544 861.9339796900749 7.441779680550098 503.533234924078 11.5554268732667 0.217034250497818 2.45639618486166 8.170551285147667 3.378751710057259 0.09256670624017715 2.554031319916248 0 0.2330955341458321 0 2.72841565310955 0.4193237125873566 0.5479826927185059 677.6288747414947 227.5528457984328 0.1368565410375595 88.91252809762955 12.96681845188141 8.377887472510338 7.563993342220783 10.37193478643894 6.091549567878246 49.48908537626266 91.26741705834866 7.174455776810646 108.6381037011743 78.09699138998985 49.03841101378202 75.46471230685711 133.9399641156197 135.3345530703664 25.31554992496967 87.22157890349627 0.6100052744150162 0.2271760851144791 0 0 0 0 0 0.4008649885654449 0.1866355091333389 0 0 0 0.3872887194156647 0 0.2162983044981956 0 0.1049474999308586 0 0.1565284132957458 25.58210322260857 10.49348269402981 0 0.1994855552911758 0 45.49771494418383 2.639756456017494 21.69065116345882 3.142630949616432 0.658176988363266 0 0 0 0.6420534253120422 0.1809370219707489 0 0 0.4097506999969482 0.2853123843669891 0.1292666047811508 0 0 0.3382206037640572 0.5718959420919418 0.3444264903664589 0 0.08344294875860214 1.50561948120594 5.866249099373817 0 0.1762542426586151 0.5080708861351013 29.44720681011677 4.983997687697411 0 0.2884005755186081 0 0 0 0 0 0 58.92859625071287 4.270291239023209 0 0.2580568194389343 0 117.5906171947718 1.132378071546555 24.45299719274044 1.047850340604782 4.672035418450832 1.502034157514572 1.17990754544735 0.3822803273797035 0 0 0 0.1647833287715912 0 0 0.381244421005249 0 79.32007161527872 46.00586128979921 27.29519735276699 412.8365897834301 6.022869639098644 283.3631408289075 63.85761962085962 179.1401071995497 58.82055346667767 1.16328190267086 112.9518969208002 10.74933622032404 0 6.818300880491734 2.178104013204575 12.63792268931866 2.627493217587471 0 1.93602629005909 8.211647421121597 3.196501076221466 280.4289677590132 185.2126101031899
