376.9597364589572 1647.905734032393 473.6434731073678 1560.401939801872 137.6900528073311 219.135468646884 1667.979918383062 50.59233733266592 90.15664683282375 2230.272249288857 149.3963769078255 41.38481029123068 532.7556087598205 259.5064303800464 1.672483488917351 1.064037173986435 0.2400089278817177 0 0.1554789841175079 0.07464271038770676 0.3492083698511124 0.09996441751718521 0 0 0.08202489465475082 0.08555237948894501 0 0 0 0 551.6486447229981 15.24362626671791 5.964936628937721 0.1191296428442001 0 0 1.731546364724636 0.9462159648537636 0.18018539249897 0.1616508588194847 0 0 0.3823967427015305 0.2456112056970596 0 0.1474872305989265 15.98909468948841 2.985371496528387 0.2207492813467979 0.3562970012426376 0.3937507309019566 0.2003416270017624 0 0 3.90507435426116 6.432684805244207 97.88032765686512 393.8600000701845 14.3430065959692 12.40499424189329 0.2231573686003685 0.8348318710923195 0 2.731898657977581 2.741343345493078 1.32342329248786 1.145406354218721 0.5140452980995178 0 0 0.5789106339216232 0.1347421258687973 0 41.92398491501808 10.4086440205574 11.74432987719774 3.557068828493357 1.007981568574905 0.2907308414578438 4.527721725404263 0.3107906430959702 0.3628212958574295 6.598840419203043 0.4286956787109375 1.940197806805372 2.031303774565458 0.4380236715078354 0.07981089502573013 0.6411959752440453 0 0.2960594892501831 0.0767686665058136 0 0.1498865410685539 0.173387698829174 11.28565274178982 0.3646938651800156 0.1469683349132538 0.1431805491447449 1207.110354743898 0.7143322452902794 1.109886407852173 0 0 0 0 2.474118709564209 0.08803059160709381 33.66356848925352 3.216094672679901 0.7402923554182053 10.43503131717443 1.089550875127316 1.612531326711178 2.961858287453651 0.08552894741296768 0 0 0 0 0 0 0 0 0 0 0 0 0 0 0 0 0 0 0 0.4565867036581039 0 0 0 0.1085789725184441 0.09912136942148209 1.271688193082809 0.6415999531745911 0.1000007390975952 0 0 0 0 0 0 0 0 0.1633504927158356 0 0 0 0 0 0.06130200624465942 0 0 0 0 0 0 0 0.7891234382987022 0 0.06377599388360977 0 0 0.07966317236423492 0 0 0 0 0.5086047872900963 0 0 0 0 0.2412478476762772 0 0.5514887124300003 0.3734723329544067 0 0 0 0 0 0.07285577058792114 0 0 0 0 0 0 4.263426497578621 0.1604248136281967 0.4911983981728554 96.38179329037666 1.076409257948399 46.86525039374828 9.498591154813766 551.9102854207158 3.63854805380106 1.444795243442059 1.01152316480875 2.295203827321529 0 0.1011302173137665 0.1801680698990822 5.976444885134697 0 0 0 0.8231898620724678 0 203.5782410129905 5.941569097340107
1647.905734032393 1946.417380444705 1960.73045982793 504.2347873710096 1966.447530373931 136.280198186636 3919.650536172092 98.15323594585061 2822.671497389674 573.1878309808671 1343.861227035522 32.0365988612175 992.7804469615221 1529.054360676557 8.935870997607708 2.219396717846394 1.148816868662834 0.1659085974097252 0.1133188754320145 0.7088973224163055 0.5879288017749786 0 0.7672215551137924 0 0.1054435819387436 0 0.3204366117715836 0.2038685381412506 0.1090432032942772 0.2384349405765533 1228.919907383621 34.86205945163965 9.442454300820827 0.7376945912837982 0.3793593645095825 0.1251494586467743 1.021975204348564 0.9902213662862778 0.4086521714925766 0.2109973952174187 0 0.2643268182873726 1.299516662955284 1.488248366862535 0.1847884729504585 0.4818615689873695 187.9291280135512 14.71404343470931 0.7958532720804214 0.636367030441761 2.015573222190142 0.06901084631681442 0.2195468097925186 0 22.99235408380628 49.75239225849509 72.38546101748943 511.0665104873478 51.49943677708507 74.35516831278801 1.143682233989239 2.734939660876989 0.3434019237756729 31.38128244131804 14.7978573590517 8.73649488389492 7.710803549736738 2.481276281177998 0.6827562972903252 0.115830235183239 0 0.2338298186659813 0.1022826284170151 183.3825260810554 50.49542479962111 79.59078247100115 26.21141638234258 1.994393620640039 0.656922273337841 5.450443148612976 0.3388506062328815 3.227814637124538 50.30760569870472 2.165257476270199 8.470644008368254 9.736061468720436 3.534375332295895 0.0824042409658432 1.706552110612392 0.1741976737976074 1.519597582519054 0.5781144872307777 0.1972453966736794 0.9647283107042313 0 6.969403192400932 0 0 0.4017689526081085 459.5221173092723 0 0.3976240605115891 0.1012757122516632 0.1164055988192558 0.6637928485870361 0 2.013669721782207 0 5.581713251769543 2.557416215538979 1.087954364717007 11.1216214671731 1.15070715546608 0.9744908213615417 2.237647324800491 0.08804532140493393 0 0 0 0 0 0 0 0 0 0 0 0 0 0 0 0 0 0 0 0.8139168843626976 0 0 0 0.1970960795879364 0.13072869181633 0.6866273805499077 0.9509042203426361 0.09684953093528748 0 0 0 0 0 0 0 0 0 0 0.07511305063962936 0 0.2835937440395355 0 0 0 0 0 0 0.1598234921693802 0 0 0.3879347443580627 0 0 0 0 0 0 0.1400504112243652 0 0 0.204326756298542 0.712339736521244 0 0 0 0.6419592127203941 0.2461434453725815 0.3576568067073822 0 0 0.076949343085289 0 0 0 0.06904648989439011 0 0 0 0 0 0 2.535573303699493 0.2218520119786263 0.1036370173096657 210.659609541297 7.553183689713478 450.6558691561222 65.53200224786997 431.0375140234828 33.376310326159 6.594937443733215 6.721045203506947 1.121563650667667 0 0.2987518906593323 0 2.816395103931427 0 0 0 1.663512907922268 0.138197734951973 138.9523552432656 2.876954279839993
473.6434731073678 1960.73045982793 746.2207511514425 8.744537100195885 1780.294585555792 25.78300386667252 213.4078686907887 2123.700901381671 1160.358593523502 17.16084819287062 2405.414998918772 4.585771784186363 134.5279172956944 1021.552864544094 9.457598574459553 5.6863171197474 1.541156560182571 2.232314668595791 0.1794883385300636 16.09202050417662 14.0400859862566 0 23.16643840074539 8.882369302213192 0.1310339123010635 0.1877384930849075 1.247807763516903 0.0931793749332428 0 0.2733252868056297 4798.155963916332 433.5767583474517 78.54824934154749 12.29487016052008 10.71753626316786 0.8921380117535591 14.83997759968042 5.340799085795879 0.9985106810927391 1.208685643970966 2.646761849522591 1.436311580240726 19.0575391612947 2.005919847637415 3.135814502835274 2.57456811517477 77.19469625502825 6.45865124464035 1.84294418245554 10.04534240067005 0.9284080192446709 0.09389785677194595 0.1942985355854034 0.2724881768226624 8.232662983238697 18.01221804320812 40.18345434963703 483.2017871923745 25.39397923275828 35.7059345766902 25.29683207720518 81.13017728179693 2.489626795053482 47.74344046413898 6.540221396833658 2.814185332506895 3.33266044408083 1.34849577024579 9.354700401425362 9.399567574262619 1.268070131540298 0 0 86.58871652930975 44.56521637737751 45.37366046383977 20.89240632206202 5.390711963176727 15.67749235779047 342.9642285853624 1.888976827263832 69.7301879003644 16.82821008190513 1.391135670244694 3.293147217482328 4.100503977388144 8.001659169793129 0.07202579081058502 1.046783771365881 0.1830527409911156 0.7612621113657951 0.2907713800668716 2.897764198482037 1.625339955091476 0.7321576774120331 1.968904256820679 0.2260942831635475 0 0 359.290930531919 0 0.08339907228946686 0.1889998614788055 0 0.08523669093847275 0 0.4211180135607719 0 0.3158746659755707 1.408574424684048 0.4433138892054558 3.186736740171909 0.4138852506875992 1.095236241817474 2.658092439174652 0 0.06987494975328445 0 0 0 0 0 0 0 0 0 0 0 0 0 0 0 0 0 0.7057573199272156 0.4558300748467445 0 0 0 0.184763215482235 0 1.922878131270409 0.775708019733429 0.620864026248455 0 0 0 0 0 0.1697411388158798 0 0 0 0 0 0 0.1355203837156296 0 0 0 0 0 0 0 0 0 0.2134088575839996 0 0 0 0 0 0 0 0 0 1.674116306006908 0 0 0 0.08820085227489471 0.8658473640680313 0 0.136233851313591 0 0 0 0.06555090844631195 0 0 0 0 0 0 0 0.1042056009173393 0 0.4620456844568253 0.4200588539242744 1.007919669151306 82.61429903656244 4.293558575212955 155.0494068413973 35.58267468959093 139.6152112185955 6.916738241910934 2.838269956409931 4.062690488994122 0.8982294127345085 0 0.08419555425643921 0.1668388992547989 0.3731095194816589 0 0 0 5.361901335418224 0 41.41156785935163 0.8092737570405006
1560.401939801872 504.2347873710096 8.744537100195885 765.6751630678773 25.82005719095469 476.432286053896 811.9827591329813 2.105101346969604 8.051881559193134 3895.264009863138 4.812760844826698 45.08010360598564 995.4276120737195 34.24837110936642 0.1036946177482605 0.1949912384152412 0.0718207061290741 0 0 0 0 0 0 0 0 0 0 0 0 0 50.61974640190601 1.995761178433895 1.456679724156857 0 0 0 0.1445745229721069 0 0 0.1631821841001511 0 0 0 0.2445801123976707 0.1004115268588066 0 12.91893146187067 0.6994787901639938 0 0 0.4192863777279854 0 0 0 1.812045574188232 4.25381825864315 12.94281452894211 72.14286873489618 5.208000235259533 4.973280094563961 0.06559488922357559 0.2331354767084122 0 1.306759037077427 1.026363126933575 0.4987554028630257 0.7649495601654053 0.07254146784543991 0 0 0.2120511680841446 0 0.08639823645353317 16.18261653184891 4.076288424432278 3.567272052168846 1.188983544707298 0.09059161692857742 0.07888992875814438 0.7915428951382637 0.06184052303433418 0 3.577662616968155 0.4358007237315178 0.3662242069840431 0.9638610184192657 0.2416747212409973 0 0.07250874489545822 0 0 0.07764438539743423 0 0.1455068588256836 0 3.302519269287586 0 0.2401036620140076 0 272.0592038556933 0 0 0.1263090968132019 0 0 0 0.2704675495624542 0 30.79525722563267 1.778788678348064 0.7361193671822548 4.777999721467495 0.476155623793602 0.4041988030076027 1.273822851479053 0.09964963793754578 0 0.1011856123805046 0 0 0 0 0 0 0 0 0 0 0 0 0 0 0 0 0.1352252960205078 0.1147997230291367 0 0 0 0.1218078806996346 0 0.6399726420640945 0.2071224600076675 0 0 0 0 0 0 0 0 0 0 0 0 0 0 0 0 0 0 0 0 0 0 0 0.9889471530914307 0 0 0 0 0 0 0 0 0 0 0.1255572885274887 0 0 0 0.3912186026573181 0 0.6229767203330994 0 0 0 0 0 0 0 0 0 0 0 0 0 1.281968295574188 0.2531419321894646 0.5960769951343536 29.61881140619516 0.8352737873792648 33.78058049455285 5.809184603393078 148.1241847202182 1.740907810628414 0.9318991973996162 0.9022101908922195 0.6309657841920853 0 0.2241358980536461 0 3.902738198637962 0.1470197141170502 0 0 0.1165715754032135 0 53.17974795401096 1.390059731900692
137.6900528073311 1966.447530373931 1780.294585555792 25.82005719095469 875.8197522088885 11.25096015632153 1490.256506063044 51.45366454124451 3573.392126493156 149.8102056980133 1035.598451040685 16.61800833046436 659.5780457481742 2636.938820876181 8.636214926838875 0.884951114654541 0.4527580961585045 0.07580816745758057 0.1103424057364464 0.2039274424314499 0.5377123728394508 0 0.1378672868013382 0 0 0 0.4676872491836548 0 0 0.3302678242325783 156.014640815556 29.75145776569843 10.30441919341683 0.158988818526268 0.361176885664463 0 1.118117041885853 0.8296813368797302 0.2083794176578522 0.2415918335318565 0 0 0.3565297797322273 0.2816863283514977 0.131210595369339 0.253691278398037 77.7306866273284 3.231658514589071 0.2545710355043411 0.392899826169014 0.5115068554878235 0 0 0 7.050290837883949 15.00570829212666 16.71362472325563 114.7138081565499 15.35716840624809 26.19400530308485 0.5030704513192177 2.241884972900152 0.2753430306911469 16.85914881527424 4.608856201171875 2.664338860660791 2.474177844822407 1.156691744923592 0 0 0 0 0 53.46823189407587 16.13008342683315 34.94356447458267 12.24430147558451 1.395589537918568 0.6009062305092812 3.7626081854105 0.08454516530036926 1.079504873603582 12.90623466670513 0.6729550361633301 2.260262817144394 2.000485800206661 0.9800985231995583 0 0.6476120129227638 0.08092045783996582 0.2903095111250877 0.09207732230424881 0.0892425999045372 0.3961546272039413 0 2.136833287775517 0 0 0 47.16512727737427 0 0.2352498769760132 0 0.1000034958124161 0 0 0.5917510092258453 0 0.3414393365383148 0.09811105579137802 0.4955234676599503 6.408467598259449 0.3332736045122147 0.2338360249996185 2.309153750538826 0 0 0 0 0 0 0 0 0 0 0 0 0.1730246245861053 0 0 0 0 0 0 0 0 0 0 0 0 0 1.407396025955677 0.1554829925298691 0 0 0 0 0 0 0 0 0.1036597266793251 0 0 0 0 0.2104692012071609 0 0 0 0 0 0 0 0 0 0 0 0 0 0 0 0 0 0 0 0.6785834953188896 0 0 0 0 0.1196361407637596 0 0.3179037570953369 0 0.137729823589325 0 0 0 0 0 0 0 0 0 0 0 0.714125744998455 0 0.5442399531602859 111.6269811838865 3.865094847977161 201.4270369596779 31.40280263870955 98.47556717693806 15.67504698038101 2.221945434808731 5.247804209589958 1.8084606975317 0 0.0883609876036644 0.2225518524646759 0.7504400387406349 0 0 0 1.854736760258675 0 32.34408612549305 1.887741595506668
219.135468646884 136.280198186636 25.78300386667252 476.432286053896 11.25096015632153 40.21789964288473 114.2116163745522 7.896557793021202 4.244208224117756 838.2262818291783 12.06742399930954 98.77656024694443 59.44175301492214 28.05328655987978 0.06912361085414886 0.1289172284305096 0 0 0 0 0 0.6117747873067856 0 0 0 0 0 0 0 0 127.3780304268003 2.905421435832977 5.322660714387894 0 0 0 5.537168726325035 0.8022559881210327 0.5355701074004173 0 0 0 0 0 0 0 0.370653323829174 0.08138672262430191 0 0 0 3.851202592253685 1.70230858027935 0.1150577738881111 0.1847821697592735 0.4616658166050911 147.7222359627485 28.13924725353718 8.301036342978477 0.2653098925948143 0 0 0 0.1446919068694115 0 0 0 0 0 0 12.56073636561632 11.78483740240335 4.229171141982079 1.929916776716709 0.3153443038463593 0.5218212977051735 0.07759099453687668 0 0 1.014184422791004 0 0 0.3238947838544846 0.1928869113326073 0 0.1292309276759624 0.07570906728506088 0.224094495177269 0.4212830066680908 2.32377789914608 0 0 0 0 0 62.78696873784065 4.147190123796463 9.333561182022095 1.65055850148201 671.1646367758512 0.3843007385730743 8.589764878153801 1.260890334844589 0.9231042116880417 0.212042823433876 1.394124716520309 18.64826729893684 0.6755849719047546 8.494842976331711 13.36838882416487 4.79804515838623 73.37997588515282 8.594530515372753 9.594808720052242 11.13484001904726 0.4432885088026524 0.09705011546611786 0 0 0 0 0 0 0 0 0 0 0 0 0 0 0 0 0 0.2904217392206192 0 0 0 0 0.9285414963960648 0 5.062472231686115 0 0 0 0 0 0 0.1108341217041016 0 0 0 0 0 0 0 0 0 0 0 0 0.09647909551858902 0.09168869256973267 0.5094432681798935 0 0 2.059637054800987 0 0 0 0 0 0 0 0.1014206185936928 0 3.409340120851994 1.33898401260376 0.2915936410427094 0 0 1.776261180639267 0 0 0.2571002542972565 0 0 0 0 0 0 0 0 0 0 0 0 26.92899619042873 3.970299743115902 1.112889051437378 56.55724138021469 0 3.905116334557533 1.167677953839302 368.0746571347117 3.045360714197159 0 2.047350876033306 4.031626723706722 0 0.7791678309440613 0.1555828601121902 34.07866705954075 0 0 0 0 0 145.4613213911653 56.45754528790712
1667.979918383062 3919.650536172092 213.4078686907887 811.9827591329813 1490.256506063044 114.2116163745522 758.4198667034507 42.79854656383395 2893.892717249691 2495.561345413327 238.3890936002135 283.8897961527109 7980.371314145625 1091.765441559255 16.68204333633184 2.46453719586134 1.625928625464439 0.09969647228717804 0.4807421118021011 0.2965697720646858 0.6195030733942986 0 1.074428126215935 0.1464298665523529 0.3577317297458649 0.2030557915568352 0.3460556119680405 0 0 0.2293386980891228 220.9333833232522 35.42507369071245 48.73154263198376 0.8872923254966736 0.4308367744088173 0.1867764219641685 4.458282478153706 3.074660249054432 0.4722883850336075 0.4500223957002163 0 0 0.0736144483089447 1.127858586609364 0.7351009398698807 0.588243693113327 152.7662464678288 8.114828668534756 0.6023702472448349 0.1520445868372917 1.467683702707291 0.09383200854063034 0 0 17.57557196170092 32.82920553162694 48.60558345913887 288.2539296485484 34.16955491155386 57.35707272589207 1.447320133447647 3.892382420599461 0.5050986483693123 26.54343794286251 11.64476289227605 6.848029840737581 5.70924960821867 1.610457822680473 0.543699637055397 0.101976104080677 0.8669100403785706 0 0 126.4500957764685 33.18511821329594 69.40077467262745 20.90527423843741 2.44147377461195 0.5848923474550247 6.599491283297539 0.4704996682703495 2.741154454648495 27.86998859792948 1.280010521411896 6.643312849104404 7.209235664457083 1.854739733040333 0 2.250242225825787 0.1131293997168541 1.447304137051105 0.1528050974011421 0.08056120574474335 0.403154082596302 0.07376208156347275 29.441550090909 0 0 0.1006610542535782 180.2942826747894 0.1458908170461655 2.642710350453854 6.417338602244854 1.589359395205975 0.4282510280609131 0.8935999646782875 2.733504183590412 3.192277394235134 10.62677269428968 13.13735477626324 3.267879694700241 28.34405820071697 2.689571343362331 3.355440557003021 9.004016287624836 0.2826766446232796 0.07645280659198761 0 0.0863598957657814 0 0 0 0 0 0 0 0 0 0 0 0 0 0 0 0.3912969827651978 0.2069701850414276 0 0 0 1.176388114690781 0.3935329765081406 5.570203639566898 0.5904012769460678 0.274394802749157 0 0 0 0 0 0 0 0.1831761300563812 0.2272787913680077 0 0 0 0 0 0 0.08750209212303162 0 0 0 0.1169945597648621 0.2001239955425262 0 0.9142465516924858 0 0.08387576788663864 0 0 0 0 0 0 0 2.340124122798443 0.3412022739648819 0.1205862760543823 0 0 2.317010603845119 0 0.3399309813976288 0.3244195878505707 0 0.3513132706284523 0 0 0 0 0 0 0 0 0 0 7.882266320288181 0.5441825240850449 1.682742364704609 270.6672877147794 9.155601806938648 408.1121366582811 75.07108899578452 296.1000220552087 32.51415325701237 5.123891688883305 9.618212975561619 3.71150528639555 0 2.032334566116333 0.8378960341215134 5.619196929037571 0 0.08895269781351089 0 6.017735540866852 0 108.589516915381 7.793499551713467
50.59233733266592 98.15323594585061 2123.700901381671 2.105101346969604 51.45366454124451 7.896557793021202 42.79854656383395 2144.742564372718 190.8240867555141 34.25998355075717 1319.847528763115 3.393686980009079 91.24143448844552 1007.537115842104 69.76176669448614 36.7105372659862 12.07018788903952 19.56783681362867 7.82880263030529 90.69884026795626 85.94545291364193 0 143.8094374760985 56.23935724794865 1.909700572490692 1.397934310138226 6.061870776116848 1.038307785987854 0.3106257021427155 1.333490453660488 2534.569875974208 3945.392494045198 926.7310384064913 65.00469215959311 63.37588238716125 18.38572000712156 118.8283594250679 197.9246585965157 8.06468104571104 4.556888207793236 16.82228964567184 12.59968566894531 104.3946598023176 48.36497145518661 18.63431297242641 40.39792267978191 257.8341665379703 18.19564266875386 11.3291996344924 61.82817380875349 4.328670866787434 0.2103766426444054 1.030730195343494 1.401675462722778 16.96264478936791 35.46005895733833 56.82223998010159 797.9405477568507 46.24125603586435 67.0109156742692 280.4350391328335 987.3075149431825 23.90057434141636 800.2597074136138 13.71977983042598 9.511926308274269 8.499571476131678 9.242485787719488 54.96243097633123 48.44730649888515 11.35757015645504 0.2730497717857361 0 174.3316882252693 217.9503776207566 135.205048430711 461.8105630502105 162.526009939611 849.2602991014719 1579.012600034475 73.23655165731907 1249.345249153674 32.99181212112308 1.390798032283783 7.478223137557507 7.959440395236015 51.04411734640598 0.06983023881912231 3.464769441634417 0.09821358323097229 6.149677135050297 0.5149583742022514 15.17817244678736 9.47770781069994 5.022512853145599 9.413678817451 0.4859137535095215 0 0.2207187488675117 123.7962539643049 0 0.2483644187450409 0.1160048097372055 0 0.09860509634017944 0.1718446165323257 0.3717882633209229 0.3060253411531448 1.082466296851635 3.332198768854141 1.964233048260212 14.96943944320083 1.237302400171757 4.848131537437439 10.61301128566265 0.4999406486749649 0.3280729800462723 0 0 0 0 0 0 0 0 0.09600935876369476 0 0.1165647506713867 0 0 0 0 0 0 0.275475412607193 0.7054343223571777 0 0 0 4.97767985612154 0.4082014486193657 14.61688809096813 5.421157330274582 1.774269968271255 0 0.1095244958996773 0 0.2136960178613663 0.08115336298942566 0 0.1235765889286995 0.09320729970932007 0.737955167889595 0 0 0 0.4948906898498535 0.1089526861906052 0.1641389578580856 0.1183909252285957 0 0 0 0 0 0 4.911252275109291 0 0.2851622924208641 0 0 0 0.1731689274311066 0 0.1179045811295509 0.3297848775982857 5.810670547187328 1.377521991729736 0.1278552711009979 0 0.2217677608132362 4.517379485070705 0 5.785367041826248 0.1488657891750336 0 0.3867533653974533 0 0 0 0.05779778212308884 0 0 0.06992658227682114 0 0.1789093762636185 0 2.013423413038254 3.453753843903542 8.5282983481884 380.7942769452929 15.11334362626076 512.8065064400434 152.6304261609912 146.3542170748115 34.87691440433264 6.261930622160435 14.33241517096758 4.31391054391861 0.1237588748335838 1.877935364842415 0.4379222616553307 3.631218060851097 0 0 0 29.49560549855232 0 68.27058454975486 5.456949681043625
90.15664683282375 2822.671497389674 1160.358593523502 8.051881559193134 3573.392126493156 4.244208224117756 2893.892717249691 190.8240867555141 1120.375829078257 226.0917059630156 2507.540991194546 16.79518406838179 3266.434705592692 1462.241212204099 7.609925910830498 1.12532327324152 0.2406932637095451 0.09183333814144135 0.08434630930423737 0.09100161492824554 0.2733175605535507 0 0.4096977785229683 0.1771343648433685 0.1067716032266617 0 0.8282695934176445 0 0 0.0959319993853569 222.0039208754897 20.09515458345413 24.80514229089022 0.1010154411196709 0.1436817944049835 0.1550936549901962 1.996126003563404 4.179654985666275 0 0.1713063269853592 0 0 0.1107230558991432 0.4718907997012138 0.0847451463341713 0.1230753362178802 46.89176743105054 1.898136720061302 0.1642661765217781 0 0.2035995870828629 0 0 0 2.788889590650797 7.968174956738949 8.804705321788788 69.97322667390108 8.855828568339348 15.33882754296064 0.3148640841245651 3.585820399224758 0 11.35894075036049 2.253013499081135 1.033181861042976 0.882260762155056 0.3428236730396748 0 0.2899267673492432 0 0.2414409667253494 0 27.70041742920876 8.033505946397781 15.48233610391617 7.24977083131671 1.088998384773731 0.2243750914931297 3.493891537189484 0.1235790476202965 1.160396620631218 6.79046343266964 0.4607741236686707 1.168537277728319 1.448023162782192 0.5243124291300774 0 0.3502957262098789 0 0.2831571102142334 0.1131977289915085 0 0.1565241366624832 0 0.6304929479956627 0 0 0 33.80481068044901 0 0 0 0 0 0 0.1879578232765198 0.08619572967290878 0.3336416482925415 1.476741597056389 0.1525220423936844 5.444246917963028 0.0964641347527504 0.7168567404150963 1.6766522154212 0 0 0 0 0 0 0 0 0 0 0 0 0 0 0 0 0 0 0 0 0.1180218532681465 0 0 0 0.2125813215970993 0 0.8406772539019585 0.4982547536492348 0 0 0 0 0 0 0 0 0 0 0 0 0 0 0 0 0 0 0 0 0 0 0 1.700902476906776 0 0 0 0 0 0 0 0 0 0.5621511116623878 0.1134731248021126 0 0 0 0.9372462183237076 0 0 0.1736022531986237 0 0 0 0 0 0 0 0 0 0 0 0 0.606945313513279 0.188340812921524 0.5629055351018906 87.79375955462456 3.016569130122662 111.9131138436496 26.29607922583818 56.47060965001583 11.61645578593016 0.9010327830910683 3.598487310111523 0.856828935444355 0 0.08399856835603714 0 0.3709717094898224 0 0 0 2.989338874816895 0 16.1065194234252 1.187269262969494
2230.272249288857 573.1878309808671 17.16084819287062 3895.264009863138 149.8102056980133 838.2262818291783 2495.561345413327 34.25998355075717 226.0917059630156 4638.012112237513 52.97784621268511 1572.961001820862 9589.028714284301 1518.472731351852 8.784689217805862 1.894038282334805 0.6932126879692078 0 0.06534512341022491 0.3067671582102776 0 1.091674216091633 0.2431402057409286 0.6460130214691162 0.9972305446863174 0.1737955361604691 0 0 0.2491858005523682 0.4570605829358101 48.94175409153104 9.72136314958334 237.5328650996089 0 0 0.2160477489233017 200.2094583809376 97.57358122617006 27.15575937926769 1.261410243809223 0 0 0.1137041598558426 0.5382510796189308 0.06958774477243423 0.4046521186828613 47.93924706801772 4.650298301130533 0.5314275547862053 0.1780639439821243 0.3067326694726944 3.192371033132076 1.34801273047924 0.2914576083421707 6.695695988833904 13.95875961706042 65.04141397029161 243.1705572083592 18.94577173143625 21.62144879996777 0.5620723702013493 2.590091452002525 0.240040622651577 6.013295792043209 4.350282102823257 2.110093779861927 2.110572189092636 0.3567955866456032 0.1648326963186264 0 211.0733613446355 6.114126324653625 2.915501691401005 58.07403115183115 14.74492265284061 20.14622308313847 6.566164284944534 2.297099657356739 0.4404710233211517 4.895979773253202 0.1564909964799881 1.260935101658106 12.57807994633913 0.538103774189949 2.568209037184715 2.794929690659046 1.048123344779015 0.09242846816778183 0.4408147819340229 1.504781939089298 0.2875441908836365 0.2972866594791412 0 0.3088909089565277 0.1203438863158226 877.9785232916474 21.35390228778124 9.541818037629128 4.108638934791088 671.2391720488667 2.826664201915264 13.84648305922747 9.414256691932678 5.658317305147648 2.0641118735075 5.535342358052731 32.37212082743645 5.708209559321404 75.25540538132191 68.40699671953917 30.52786906063557 322.3308528065681 35.96830194443464 45.36367267370224 105.8555719703436 1.691920809447765 0.5628656297922134 0.0810815766453743 0.2187437489628792 0 0 0 0 0 0 0 0 0 0 0 0 0 0 0 3.35796295106411 9.121781416237354 0 0.1331998109817505 0 11.98015090078115 0.4452527165412903 54.34621401131153 8.23757990449667 1.591512806713581 0.2504476606845856 0 0 0 0.1635230407118797 0 0 1.614378619939089 2.559739641845226 0 0.08140948414802551 0.2141946330666542 0 0.07774511724710464 0 0.1456549912691116 0.08481243997812271 0.4621389880776405 1.109128773212433 0.5683170408010483 0 0 23.80301441252232 0.08461131900548935 0.5284441336989403 0 0 0 0 0.1022506505250931 0 0 24.63633628934622 2.735789835453033 0.202482283115387 0.1022919416427612 0 30.13995929062366 0.09146486967802048 17.4488337635994 3.264058914035559 0.4679784625768661 0.6909484714269638 0 0.6036675125360489 0 0 0 0 0 0 0 0 66.15912395715714 8.251145839691162 14.37223425507545 427.2940051853657 5.105008445680141 165.1051721386611 37.44629187881947 941.683936022222 17.05118768662214 2.08295526355505 7.078477494418621 28.42565166205168 0.06276059150695801 10.01820633560419 3.02448770403862 112.2188415974379 0.1700320690870285 0 0 7.164346799254417 0.391518346965313 823.7242706753314 133.7413372471929
149.3963769078255 1343.861227035522 2405.414998918772 4.812760844826698 1035.598451040685 12.06742399930954 238.3890936002135 1319.847528763115 2507.540991194546 52.97784621268511 1563.394132688642 16.57128604501486 694.1481883302331 2915.525573045015 42.62012846022844 21.77318520098925 3.045026510953903 0.5202422738075256 0.3553035110235214 3.087605036795139 9.464702315628529 0 10.11619171500206 3.979808621108532 1.813429720699787 0.5588952973484993 2.153659291565418 0.09442835301160812 0.3797222599387169 0.6730688586831093 937.6190549582243 136.6942918151617 640.9534441046417 4.249965786933899 5.464135564863682 6.240171834826469 99.01174085587263 81.72345934808254 4.529906168580055 2.312622748315334 1.66678711026907 1.519070453941822 4.890143543481827 5.768445380032063 1.288384005427361 1.333311438560486 121.3289885185659 4.810509257018566 1.27118106931448 0.9116956517100334 0.9709986597299576 0 0 0.1231396198272705 6.059287127107382 14.14637224003673 20.30556627362967 168.8924921862781 15.93062830343843 29.99116465821862 10.20131666958332 176.9221302941442 3.607693880796432 41.94864840805531 3.553980302065611 3.652467768639326 3.70730771496892 1.61551695689559 2.790904946625233 4.949059419333935 7.809824131429195 1.11333205550909 0.2093237712979317 58.22485544905066 30.10844823718071 64.73273618891835 29.30614248663187 20.86866938322783 5.086957283318043 149.2431919574738 1.318577043712139 15.87715312466025 14.86666387692094 0.4358850568532944 2.762332495301962 3.366306357085705 2.429341152310371 0 0.842129185795784 0 0.7161859609186649 0.2452544346451759 0.9883254691958427 0.703387662768364 0.6045903265476227 14.73860500752926 0.9178270399570465 0.1644857376813889 1.173781208693981 95.33316434174776 0.1540249362587929 0.6427139192819595 0.08681835234165192 0.1820241138339043 0.3157017529010773 0.2444155439734459 0.6540702283382416 0 1.182156272232533 6.184087097644806 2.325937688350677 24.43023958802223 2.556725069880486 4.897631585597992 18.24330981075764 0.7520855292677879 0.2386548519134521 0.1015310510993004 0.08107564598321915 0 0 0 0 0 0 0 0 0.2677045166492462 0 0 0 0 0 0 0.632750004529953 0.7580631002783775 0 0 0 5.84089832752943 0.4146234020590782 15.25932650268078 3.441031597554684 0.418286919593811 0 0.07859180122613907 0 0 0.1877453401684761 0 0 0.8869010657072067 0.4907805174589157 0 0.07731518149375916 0 0.5451874136924744 0 0.06370839476585388 0 0 0 0.4821450188755989 0 0 0 4.596901074051857 0 0.221884548664093 0 0 0 0.1471858322620392 0 0 0 6.877545215189457 0.4055607467889786 0 0 0 5.089529365301132 0.1154162362217903 4.123811349272728 0.1685098707675934 0.1525004729628563 0.4503486379981041 0.07850373536348343 0.07942365854978561 0 0 0 0 0 0 0 0 1.579181522130966 3.021315060555935 7.673379562795162 283.8921471834183 6.125358335673809 263.5375985093415 87.52954855561256 91.3968441337347 24.31465854495764 2.340724132955074 10.09712506830692 2.596777677536011 0 2.361208841204643 0.5285267010331154 0.6483211889863014 0 0.07030685245990753 0 15.62454805523157 0.1455098688602448 42.66725765913725 8.708012573421001
41.38481029123068 32.0365988612175 4.585771784186363 45.08010360598564 16.61800833046436 98.77656024694443 283.8897961527109 3.393686980009079 16.79518406838179 1572.961001820862 16.57128604501486 46.28059154748917 728.1909189596772 148.6138978824019 4.375526420772076 1.359094090759754 0 0.09720398485660553 0.09775394201278687 0.1737349182367325 0 0 0.5706886351108551 0.1475502997636795 0.07691485434770584 0 0 0 0.3440492898225784 0 7.242911852896214 1.96198446303606 179.4404318407178 0.3188359215855598 0.1244920045137405 2.521395444869995 262.0673331990838 213.8599510639906 33.75702825933695 3.228543072938919 0.3778935372829437 0 0.1033356785774231 0.4446861520409584 0 0.1249379888176918 6.401554383337498 0.1772422194480896 0.08020590245723724 0 0 0.2807030975818634 0.6868124306201935 0 0.5839789211750031 1.121153108775616 12.53833696991205 6.345347814261913 1.892476238310337 2.850554458796978 0 0.309232085943222 0.1383960843086243 0.4354301989078522 0.1658473834395409 0.2987294644117355 0 0.1095417365431786 0 0.1237833648920059 115.1938934549689 2.421681851148605 0.1371086686849594 2.990660436451435 1.208336718380451 1.55042939633131 2.104770615696907 1.870597012341022 0 2.408517807722092 0 0.1671058535575867 0.7221019119024277 0.09187807887792587 0 0.1510151773691177 0 0 0 0 0 0 0.2614953219890594 0 0 1120.751627631485 31.12081970274448 0.2509492933750153 10.02348618209362 85.43718739598989 3.170141410082579 10.33211378753185 3.415816858410835 4.339882530272007 1.339470282196999 5.111011929810047 28.21722545474768 3.987521938979626 26.5148559063673 46.52225108444691 24.94596000015736 297.9586626961827 33.09257243573666 45.81624384224415 81.6596866697073 1.406112819910049 0.8613498732447624 0 0.2474672123789787 0 0 0 0 0 0 0 0 0 0 0 0 0 0 0 2.089057773351669 5.317608658224344 0 0 0 7.584391295909882 0.327320784330368 28.24051168560982 2.993681736290455 0.9358150213956833 0 0 0 0 0.1777721121907234 0 0 0.5308473072946072 1.525340884923935 0 0 0.2378120571374893 0 0 0.07660651952028275 0.1607440263032913 0.07260077446699142 0.3012723959982395 0.176966093480587 1.18041829764843 0 0 6.820328041911125 0.2736677974462509 0.3667056635022163 0.06096237525343895 0 0 0 0 0 0 25.2051792293787 4.979297496378422 0.1721505373716354 0.0817246213555336 0 20.5712391063571 0.08737306296825409 5.324639357626438 1.037179660052061 0.3029490262269974 1.026535630226135 0.3584521487355232 0.5277463123202324 0.07183650135993958 0 0 0 0.09289161860942841 0 0 0 64.52769649028778 8.015640892088413 7.325231283903122 98.44187030941248 0.2687880620360374 21.8865378126502 12.46760445088148 403.0184574872255 2.095754347741604 0.3375654891133308 1.413376867771149 12.15994527190924 0 7.433932587504387 2.451677892357111 59.71691992133856 0.7459809482097626 0 0.08048664033412933 2.482093766331673 0.08588164299726486 831.9857752174139 128.6959661915898
532.7556087598205 992.7804469615221 134.5279172956944 995.4276120737195 659.5780457481742 59.44175301492214 7980.371314145625 91.24143448844552 3266.434705592692 9589.028714284301 694.1481883302331 728.1909189596772 2035.575574360788 3400.894319362938 33.4375085234642 11.39884597808123 1.647198863327503 0.3627428039908409 0.1152282208204269 0.7809097543358803 1.40061954408884 0 0.9821600914001465 0.7502996399998665 1.53155954182148 0 0.7774670794606209 0.1055819168686867 0.09535345435142517 0.9805980995297432 168.3131350502372 22.45135892927647 1628.563825316727 0.6065578609704971 1.080032914876938 0.2112364619970322 47.97932483255863 81.22214516997337 2.387551285326481 2.297762893140316 0.2788100838661194 0 0.5445738732814789 3.886463865637779 0.3905965238809586 0.8867684677243233 88.59406618028879 2.78592774271965 0.3146407529711723 0.4657626748085022 0.7623610571026802 0 1.533030241727829 0 5.56615163013339 11.33564623072743 14.34545754641294 92.46518416702747 11.62112122029066 15.29930179566145 1.096308156847954 7.078263789415359 0.268533743917942 14.81228662282228 3.178525067865849 1.173442732542753 1.697220839560032 0.5282185599207878 0.1486075520515442 0.811755508184433 47.46754076331854 0 0 44.22505696117878 13.0128338560462 27.31913141161203 16.05064613744617 12.33643767237663 1.646514415740967 33.41843670606613 0.2315925657749176 2.019079692661762 10.45392595604062 0.1366840749979019 1.422532916069031 2.68733037263155 0.5110762268304825 0 0.4121998474001884 0 0.6540122032165527 0.06499817967414856 0.2307129204273224 0.2081258669495583 0.1469758599996567 958.1594159379601 0.3352693319320679 0 1.24526135623455 71.96764685213566 3.476346716284752 19.0242040976882 4.215353466570377 3.704433992505074 2.165129140019417 4.849797546863556 33.94741930812597 6.756436735391617 58.92349918186665 82.74613713473082 38.5531143695116 406.9088512435555 38.4447693452239 58.04950519651175 150.053637072444 3.660579204559326 1.430217429995537 0.2508025988936424 0.8984374105930328 0 0 0 0 0 0 0 0 0.2920751497149467 0 0 0 0 0 0 5.265450313687325 12.7672898247838 0 1.280067682266235 0 12.01424993574619 0.8331864774227142 60.25293246656656 9.91176450997591 2.215080045163631 0 0 0 0 0.2685571908950806 0.1313206404447556 0 0.8508078306913376 2.197161719202995 0 0 0.2180428951978683 0.265909880399704 0 0.07835778594017029 0.184522733092308 0 0.09217128902673721 1.423528082668781 0.2262924164533615 0 0 23.28847623616457 2.925863198935986 1.060127399861813 0.1934142038226128 0 0 0 0 0 0 33.70526366680861 7.315275490283966 0.0978061705827713 0.0879335030913353 0 36.47045537829399 0 10.2386304885149 3.345121562480927 0.9742096364498138 1.177556030452251 0.1703906804323196 0.8195450827479362 0.06379848718643188 0 0 0.1910142302513123 0.07048962265253067 0 0 0 78.55969711393118 16.64510141313076 15.25742269307375 719.1204547062516 3.704671952873468 278.1587733700871 115.8667348399758 355.5312311351299 38.80085220187902 3.694186769425869 16.83091694116592 39.7913728505373 0.1727689653635025 17.44203842431307 7.218237206339836 103.6732689142227 0.4478634148836136 0 0.394522562623024 20.17738860845566 1.211951583623886 663.2314374223351 177.9232359603047
259.5064303800464 1529.054360676557 1021.552864544094 34.24837110936642 2636.938820876181 28.05328655987978 1091.765441559255 1007.537115842104 1462.241212204099 1518.472731351852 2915.525573045015 148.6138978824019 3400.894319362938 719.7234738692641 55.93723236769438 22.40528573095798 2.362908631563187 0.3425525948405266 0.5183516815304756 1.794706597924232 3.752777792513371 0 5.254452101886272 1.238759987056255 1.893357440829277 0.3355944454669952 2.297037042677402 0 0.1859645843505859 0.6167475283145905 1107.46144028753 92.97217340022326 1252.013667918742 1.88793171942234 1.733974657952785 6.854537710547447 239.5742300823331 257.7742684930563 8.579654425382614 4.672979764640331 0.6972086355090141 1.14617282897234 2.447125114500523 6.666847907006741 0.7968041449785233 1.376288332045078 154.7179492413998 5.558522529900074 0.5397649705410004 1.031986571848392 1.049552202224731 0.1429458558559418 0.3154758810997009 0.07971914112567902 10.49298257008195 22.55930145457387 31.88426154851913 228.9599465504289 25.95072814077139 36.17959576845169 3.943716078996658 368.4882309697568 0.9190958365797997 35.61457975208759 5.034367382526398 3.44732366129756 2.855456791818142 1.084399312734604 0.961439847946167 1.688585564494133 21.55483196675777 0.3479462713003159 0 84.26312527060509 30.61499295383692 65.24882438778877 35.57295405119658 20.7382138967514 3.913502231240273 67.08121453970671 0.8790983408689499 15.50656529515982 17.16982746496797 1.398448925465345 2.290803384035826 4.524989601224661 2.8181375823915 0.06899719685316086 0.7432239539921284 0 0.6979277059435844 0.0807650238275528 0.09675171971321106 0.3373150452971458 0.2739982753992081 104.9097134768963 0.5759962424635887 0.1458399295806885 0.6842231005430222 142.8212752714753 1.496176414191723 6.575644440948963 1.848792903125286 2.555528536438942 0.4506890550255775 2.134048275649548 13.47668406367302 1.518404707312584 12.62890578061342 32.47598972916603 13.97609900683165 156.150378420949 15.26146531105042 26.5419507175684 92.60332894325256 1.592474207282066 0.8026473149657249 0.2585253566503525 0.4796520620584488 0 0 0 0 0 0 0 0 0 0 0 0 0 0 0 2.812547281384468 9.402814380824566 0 0.1063258796930313 0 11.5240313410759 0.6360687464475632 40.89398393034935 5.089653335511684 2.314418002963066 0 0 0 0 0.4638180285692215 0.2603754699230194 0 1.202421054244041 1.786634258925915 0 0 0 0.7474490776658058 0 0 0.257711336016655 0 0 0.1647557467222214 0.3840587288141251 0 0 19.20833885669708 0.7108079195022583 0.5366300493478775 0 0 0 0 0 0 0.09650755673646927 19.25598436594009 2.603276453912258 0.3425952792167664 0 0 23.22935054451227 0 15.2790699750185 1.872717004269361 0.1854040399193764 1.519389428198338 0.06246011704206467 0.5130829215049744 0 0 0 0 0 0 0 0 25.23654428124428 6.551610745489597 9.724007129669189 724.3704908937216 11.39681500196457 441.2146828658879 174.4950370118022 259.2138160094619 55.46889782696962 4.148011200129986 21.52274077385664 24.57858936488628 0 7.96166006475687 4.125633537769318 38.88191547989845 0.09660418331623077 0.09513906389474869 0 29.05408594757318 0.6004306003451347 186.9490739740431 56.82470332458615
