97.74880409240723 3422.87448938936 402.7995764240623 907.5848514810205 118.0734160766006 29.66940708458424 756.9847245439887 86.90376298129559 34.25370602309704 798.9523822590709 89.35057879984379 153.3285923376679 225.2774345949292 114.7556693553925 1.044934511184692 0.9025684222579002 0 0 0 0 0 0 0 0 0.2248847484588623 0 0 0.1482316702604294 0 0 916.6513678058982 4.46224420517683 9.917323812842369 0 0.1256270706653595 0.3436799645423889 10.74841868132353 0.5435579940676689 0.4241719245910645 0.1189920231699944 0 0 0 0.1012404561042786 0.07820083200931549 0 13.32499868422747 0.3197448551654816 0.07506388425827026 0.08051563799381256 0.2376731485128403 0 0 0.1120322346687317 4.269101932644844 1.864805415272713 148.2665489763021 326.1131376028061 16.59611287713051 16.99497210979462 0 1.392124786973 0 24.81029658019543 2.124156206846237 0.6686205193400383 0.1743044033646584 0 0.1141553521156311 0.2902848124504089 15.67085067182779 0.5849488377571106 0 104.2810907661915 59.76050165295601 10.56027092039585 0.4589367359876633 0.6772482618689537 0.7874709293246269 16.13214082270861 0.08580052852630615 1.232671461999416 8.742973402142525 0 0.7183166220784187 0.9551194608211517 0 0.122956670820713 0.3569675907492638 0 0.1791881397366524 0 0.1496527940034866 0.1915108039975166 0 17.29390846192837 3.827765837311745 0 0.3407972827553749 542.5465806275606 0 16.70986431837082 3.805236995220184 2.843947619199753 0.3444762527942657 21.63969338685274 27.80690969526768 21.11922506988049 21.43212376534939 24.48068980872631 0 18.6475630030036 9.466574668884277 2.65949247777462 0.3226668164134026 0 0 0 0 0 0 0 0 0 0 0 0 0.2339706122875214 0 0 0 0 0 0 0 0 0 0 0 0.2780336961150169 0.2066356837749481 0.1398075073957443 0 0.302576094865799 0 0 0 0 0 0 0 0 0 0 0 0 0 0.324648916721344 0 0 0 0 0 0 0.1110550761222839 0 0 0 0 0 0 0 0 0 0 0 3.414563231170177 0 0 0 0 0.4318467527627945 0 0 0.4302043914794922 0 0 0 0.192383661866188 0 0 0 0 0 0 0 0 3.732172444462776 1.476755917072296 1.31427338719368 23.40746380388737 1.435135595500469 51.12181758135557 5.779377818107605 601.5981182157993 4.02678107470274 5.484673216938972 1.059442117810249 6.727448463439941 0 0 0 38.06533116102219 0 0 0 2.473197758197784 0 374.3787762075663 94.63851673901081
3422.87448938936 1501.326123431325 957.9472493305802 902.7913721874356 1371.697542183101 56.72330041229725 1514.74242515862 234.0950027927756 559.2461834326386 1096.80150321126 389.6107600107789 151.8649156168103 1858.26946272701 852.8131380900741 26.04628022015095 11.86582127958536 1.251454666256905 0.2115174755454063 0.631137378513813 0.4405636265873909 0 0.1233047470450401 0.534455195069313 0.2044210806488991 1.489098496735096 0.2043870911002159 0.18789292126894 0.1572762876749039 0.1982893124222755 0 1703.959620587528 39.11568792164326 35.77506018429995 0.4149638116359711 0.387044757604599 1.019112721085548 37.28047309070826 2.289883933961391 5.340435981750488 1.563650228083134 0.4851064831018448 0.1976784318685532 0.2518754377961159 0.777434341609478 1.515031479299068 2.167923077940941 196.9721987843513 3.454762004315853 0.5059146955609322 0.2557901293039322 1.872800260782242 0.1917091682553291 0.1052272170782089 0 28.8073665946722 21.76089323312044 119.364150851965 612.5883456766605 80.02342363446951 161.3762095272541 0.8941119387745857 1.542076706886292 0.382615365087986 128.2562082335353 13.81503249704838 6.588401272892952 0.8259678110480309 0.2656154707074165 0.0881623774766922 0.3150646016001701 39.55585209280252 6.352894112467766 0.1113773360848427 617.6451282948256 320.8665858581662 183.4453510716558 18.5834992825985 5.894869104027748 10.15862555801868 40.4915764182806 1.209500558674335 6.504372790455818 70.10466572642326 0 7.169682778418064 11.13770213723183 1.275869056582451 0.1740574315190315 2.533289454877377 0 1.032499149441719 0.1444021686911583 0.3291939124464989 0.4894827157258987 0.2573795169591904 30.63867589831352 10.71474422514439 0.3533990681171417 2.79374898225069 1655.526213638484 0 16.84861274063587 1.825697779655457 8.409709915518761 1.206101655960083 24.89127615094185 10.25330640375614 22.02403166890144 15.50559483468533 20.46822207421064 1.279503136873245 25.47085608541965 15.92851141095161 6.77840368449688 3.532150849699974 0.3044338822364807 0.5390913486480713 0 0 0.1701363325119019 0 0 0 0 0 0 0 2.39891455322504 0 0 0 0.1335494220256805 0.1384200751781464 0 0.797450840473175 0.6402469873428345 0 0.2714388594031334 0 9.88388392329216 2.120316624641418 9.95732393860817 2.087571620941162 0.4032841473817825 0 0 0 0.3719044327735901 2.291585803031921 0 0 0 0 0 0.08966004848480225 0 0.7106142193078995 0.620474636554718 0 0 0 0 0 0 0.2409448176622391 0 10.31236137449741 0.6806954443454742 0 0 0 0.07787410169839859 0 0.1970252692699432 0 0 16.69491275399923 0.4745510816574097 0 0 0 11.9038905352354 0 8.410551026463509 0 0 0 0 1.63884499669075 0 0 0 0 0.1010618433356285 0 0 0 24.28275058418512 7.663645558059216 8.197729468345642 309.92224111408 18.7831676453352 579.4518128409982 48.28567682951689 417.2737331241369 45.01809335500002 5.284088797867298 43.6792621538043 0.8810250908136368 0 0.3063578456640244 0 3.383901804685593 0 1.821222424507141 0 7.841386169195175 0.3362122476100922 315.1563139334321 65.21792194992304
402.7995764240623 957.9472493305802 1150.924980312586 5.410013899207115 574.3247522488236 4.520650580525398 85.61396799981594 2213.897436991334 657.2656167149544 6.130801290273666 1176.951809093356 52.42975115031004 364.9393642693758 1266.601840525866 36.96424630284309 37.26338030397892 4.648682683706284 0.5172628983855247 0.1912069693207741 2.289978742599487 6.896476246416569 0 1.915269777178764 1.192178644239902 9.880680777132511 2.177693083882332 3.215138733386993 0.565155953168869 0.5775085836648941 0.7695372179150581 3483.178987391293 172.0482817515731 105.0821603089571 0.3996405228972435 3.541983179748058 10.20178090035915 58.9496235921979 8.711209572851658 9.797857344150543 6.473249383270741 2.277689203619957 0.7730144336819649 0.6274777799844742 1.65548037737608 1.809445761144161 3.718114107847214 70.61555068939924 6.772237211465836 0.9922600910067558 1.277371145784855 2.228071518242359 0.2070998325943947 2.293561331927776 0.2258299961686134 12.62186617404222 5.638585060834885 62.05266406387091 650.520274810493 24.10087211430073 37.81812085956335 6.719872765243053 11.98794072121382 2.925981529057026 81.10737332701683 3.662186279892921 3.0981210693717 2.053534522652626 3.916206203401089 6.032958559691906 13.98829840123653 43.09217803180218 2.892734095454216 0.1131502017378807 229.8760808259249 159.6886342391372 67.23740319162607 11.1609618216753 7.633496344089508 73.82106717675924 644.9567006602883 4.400502718985081 146.3167333826423 19.12199900299311 0 2.80122147500515 2.333869688212872 2.737572513520718 0 1.415159963071346 0.5597955286502838 0.6465124934911728 0.08957158029079437 14.00205659866333 1.93010026216507 0.4765458256006241 8.126316793262959 0.2680657580494881 0.4727534502744675 5.849932700395584 907.4450425207615 0 0.4212240874767303 0 0.7253624498844147 0.6176232993602753 4.619417831301689 2.648028388619423 0.7326583862304688 1.774465434253216 3.057852767407894 0 2.776705592870712 3.176092326641083 0.5502498149871826 1.437998488545418 0.09547796100378036 0.1386116296052933 0 0 0 0 0.1588343381881714 0 0 0 0.1200242564082146 0 0.258719190955162 0 0.4508212357759476 0 2.173295192420483 0.838797926902771 0.1307622194290161 0 0.2513564229011536 0.1807066947221756 0.7218142151832581 0.5130149722099304 1.534619271755219 1.704091534018517 4.536633417010307 1.706074371933937 0.8665157854557037 0 0.2254228740930557 0 0 0 0.5896807238459587 0 0 0 0 0.1543966680765152 0 0.5304702520370483 0.2657593637704849 0 0 0.1019262820482254 0 0 0 0.1267277300357819 0.4799945652484894 0.5171537548303604 0 0 0 0 0.106420673429966 0.2980899512767792 0 0.3678647875785828 0 2.894287005066872 0.380803108215332 0 0 0.0992053747177124 2.844532176852226 0 0.4077709019184113 0 0 0 0 0.2935875058174133 0.2270897924900055 0 0 0 0 0 0.4807295799255371 0 4.259325712919235 0.7096171751618385 5.146114967763424 152.9620832651854 9.268210932612419 201.1917067691684 35.2676600292325 171.0215265974402 15.01996781677008 1.870853319764137 14.30418769270182 0.5723558813333511 0 0 0 6.367838323116302 0 0.08814993500709534 0 5.39364842325449 0 60.75840943306684 14.10255740582943
907.5848514810205 902.7913721874356 5.410013899207115 618.5634115934372 41.87876006215811 494.8176553323865 625.4435661882162 0.2624609842896461 0.1424896717071533 1977.648155465722 0.8247763738036156 1123.944660402834 1211.610645353794 32.1810669079423 0.776592992246151 0.3590609207749367 0 0 0 0 0.1317893415689468 0 0 0 0 0 0 0 0 0 27.06217700988054 1.110372878611088 14.63065853714943 0 0 0 18.61786445975304 0 1.11059196293354 0 0 0 0 0 0 0.0837433785200119 5.955396816134453 0.09353242814540863 0 0 0.09997396916151047 0 0 0 0.8053859993815422 0.8232322782278061 16.42513509094715 26.89311696588993 1.963831670582294 4.766691520810127 0 1.287211120128632 0 3.685716815292835 0.213827095925808 0.3514547049999237 0.08174179494380951 0 0 0 40.52608187496662 0.1307392120361328 0 17.62354978919029 8.985180579125881 4.473433911800385 0.09817752987146378 0 0.3557762056589127 1.045862726867199 0 0.3187274262309074 1.916038416326046 0 0.09852030128240585 0.2450882270932198 0 0.07243773341178894 0.0799221470952034 0 0 0 0 0 0 71.26034104824066 0.7349764108657837 0 1.315209776163101 162.7793742343783 0.164037898182869 2.166381865739822 2.222395226359367 12.53697960078716 0 4.275300025939941 7.616979539394379 8.152737766504288 29.12608070671558 11.68288500607014 0 8.200081996619701 33.6334158629179 1.739137142896652 0.4392221868038177 0 0 0 0 0 0 0 0 0 0 0 0 0 0 0 0 0 0 0 0 0 0 0 0 0.5844271332025528 0 0 0 0 0 0 0 0 0 0 0 0 0 0 0 0 0 0 0 0 0 0 0 0 0 0 0 0 0 0 0 0 0 0 0 0 1.324237681925297 0 0 0 0 0.1713152527809143 0 0.2826080024242401 0 0.20858034491539 0 0 0 0 0 0 0 0 0 0 0 1.988438874483109 0 0 9.313789695501328 0.5527564734220505 17.63472311943769 1.322346210479736 264.3054898008704 2.127283990383148 0 0.4019417092204094 0 0 0 0 5.762680128216743 0 0 0 0.6427144855260849 0 344.2173463404179 33.14891281723976
118.0734160766006 1371.697542183101 574.3247522488236 41.87876006215811 1762.794997699559 16.01217457652092 626.1258512735367 65.18779186159372 1235.755407713354 647.168452963233 415.2610206156969 29.04075360298157 954.8476019799709 1047.277489297092 36.40644152462482 17.59324093908072 0.5695730745792389 0 0.2092501521110535 0.1099148765206337 0.3098712861537933 0 0 0.4284975603222847 0.3124705255031586 0.2770269960165024 0.4870827868580818 0 0 0 220.3623413965106 31.6178031489253 22.10610911995173 0.0975189134478569 0.08126363903284073 0.6699599251151085 26.02479193359613 1.214172720909119 1.649692565202713 0.8267987295985222 0.1578015238046646 0.07285581529140472 0.08102405071258545 1.24556589871645 0.8465528637170792 0.9037391692399979 153.3402620851994 2.023755237460136 0.08179845660924911 0.07807591557502747 0.7848319858312607 0 0 0.2507307454943657 12.54389540851116 8.120958715677261 30.38473392277956 86.40907470881939 26.0782722234726 75.08060070872307 0.1948194429278374 4.656069934368134 0 66.25803276896477 4.748279832303524 1.990025587379932 0.3312788456678391 0.07863493263721466 0.2985878959298134 0.2007188051939011 57.04521662741899 15.20601912587881 0 216.195926643908 102.6835663989186 127.674192994833 25.71471828967333 6.933173634111881 8.057782381772995 16.17880773544312 0.823858417570591 8.397032737731934 25.96112164109945 0.09496680647134781 1.8588757365942 3.623940244317055 0.08152779936790466 0 0.773714654147625 0.2933062016963959 0.6217605099081993 0.1706159487366676 0.36093620210886 0 0.1427258253097534 84.7748045027256 22.50805727392435 0 8.600931622087955 61.8506461083889 0 21.7969329059124 12.8622065782547 9.158694729208946 6.330884963274002 64.42176273465157 25.94864567369223 67.08475357294083 42.05805592238903 71.33152072131634 5.317061752080917 80.39074950665236 40.33125976473093 20.49376557022333 18.90133355557919 0 0 0 0 0 0 0 0 0 0 0 0 0.6021689474582672 0 0 0 0 0.2148871570825577 0 2.503616362810135 2.02799080312252 0 0 0.5147162079811096 35.97266896814108 3.173873752355576 21.10202184319496 3.044123813509941 1.076648183166981 0 0 0 0 2.008687973022461 0.6980910152196884 0 0 1.909943155944347 0 0 0.2301966398954391 0.8539335280656815 0 0 0 0 0.6687660217285156 0.1574658304452896 0 1.404621630907059 0 33.46792274713516 1.250425100326538 0 0 0 0 0 0 0 0.5536308288574219 65.37806435674429 0.9807352870702744 0 0 0 45.36823733896017 0.636742576956749 22.96518130600452 0 0.4418337643146515 1.464446514844894 0 0 0 0 0 0 0 0 0.1494618803262711 0 85.88444302976131 23.34227208793163 23.15948967635632 426.5636998042464 14.68799402564764 416.5966766998172 53.23564226925373 83.07337146997452 50.44033575803041 7.579609729349613 44.81712701171637 6.798740804195404 0 3.932902455329895 2.582642316818237 28.51939186453819 0 0 0 7.460689589381218 0 252.7397886440158 212.6524955928326
29.66940708458424 56.72330041229725 4.520650580525398 494.8176553323865 16.01217457652092 1.998913884162903 124.7440478429198 1.11293737590313 1.759738400578499 558.7681767120957 0.5560937523841858 125.3149539455771 115.521732904017 7.692793592810631 0.5199368223547935 0.1092161312699318 0 0 0 0 0 0.4800082594156265 0 0 0 0 0 0 0 0 27.92165796458721 0.115704357624054 6.559604272246361 0.1146658733487129 0 0 13.95641979575157 0 2.926169380545616 0.2617450207471848 0 0.1560549885034561 0 0 0.12916100025177 0 0.8446512743830681 0 0 0.2473601251840591 0.3590472713112831 5.498614482581615 0 0 0.2460686713457108 0.6296821013092995 205.1527990549803 36.99621135741472 3.127062872052193 0.7596632838249207 0 1.16638109087944 0 0.1653681546449661 0 0 0.2938272058963776 0 0.09378689527511597 0 85.62689077854156 186.9748616814613 25.35588520020247 4.465624429285526 0.4786875545978546 0.3100774884223938 0 0 0 3.46338215470314 0.1664742231369019 0.4372664466500282 0 0.461489275097847 0 0.9846220463514328 0 10.71936047077179 5.798016801476479 21.53005357831717 3.534932747483253 3.439181357622147 0.7086004465818405 0.246005080640316 3.090027645230293 210.3748078867793 183.2475534826517 15.80305159091949 33.15095418691635 204.6583141833544 0 6.715779691934586 3.242990136146545 1.285081595182419 0.6403002738952637 8.850402072072029 12.08046336472034 7.887207262217999 11.38536396622658 17.10300458222628 0.7921801209449768 15.64098027348518 6.117688350379467 1.602109581232071 0.9772078320384026 0 0 0 0.217215359210968 0 0 0 0 0 0 0 0 0 0 0 0 0.1408859044313431 0.09914314746856689 0 0 0 0 0 0 1.049348510801792 0 0.5123038068413734 0.2674046605825424 0.2486714869737625 0 0 0 0 0 0 0 0 0 0 0 0.1517575085163116 0 0 0.1953004002571106 0 0.3741346076130867 0 0 0 0 0 0.8496103584766388 0 0 0 0 0.105019636452198 0 0.2530667036771774 0 0 1.442749619483948 0 0 0.1855197697877884 0 0.4998507350683212 0 0.4767086505889893 0 0 0 0 0 0 0 0 0.1621260493993759 0.3498755618929863 0.1376259326934814 0.1155525073409081 0 6.852552831172943 0.6031177043914795 0.9033262059092522 6.2298683822155 0.4606410935521126 3.464608669281006 0.8247267752885818 232.5242036432028 3.606999792158604 0.3194028586149216 0.5514104291796684 0.2902596518397331 0 0 0 7.865551695227623 0 0 0 0 0 116.7300816550851 75.05544517934322
756.9847245439887 1514.74242515862 85.61396799981594 625.4435661882162 626.1258512735367 124.7440478429198 352.993444673717 9.046312019228935 420.6063675656915 2253.746051058173 140.7290751412511 240.8665648549795 2218.477739691734 822.6958076581359 20.4244858622551 12.75345339626074 0.6028193235397339 0 0 0.09018226712942123 0.1096741855144501 0 0 0 0.5243131592869759 0 0.1915302723646164 0 0.6831300854682922 0.1912757754325867 116.2299451380968 10.86837697774172 25.1197202578187 0 0 0.1165027767419815 42.65497859567404 1.251247525215149 2.517563700675964 0.6973749250173569 0 0.2108607143163681 0 0.6491652131080627 0.3567743524909019 0.5490556806325912 75.51176648586988 0.7854396849870682 0.3236279264092445 0.08623330295085907 0.7823384627699852 0 0.2093115672469139 0 8.614178374409676 5.1880843937397 33.80750773102045 93.08761316537857 20.92843537777662 44.00442615896463 0 3.933889776468277 0 34.77002146095037 2.767419882118702 1.343472555279732 0.2412514910101891 0.08279833942651749 0.0734562873840332 0.3157148286700249 65.34336237609386 10.07085099816322 0 149.1069847717881 63.03374417126179 67.39978414028883 11.3338930606842 3.296886920928955 4.008464388549328 11.51914989203215 0.1033842861652374 3.545249737799168 16.19786173850298 0 1.975479617714882 2.365479089319706 0.1081035360693932 0.09481161087751389 0.4438290819525719 0 0.5986802577972412 0.09986528754234314 0.3963893800973892 0.08680520206689835 0.1173007115721703 128.6124392896891 12.31931184232235 0 6.435011856257915 151.900857463479 0.9771206974983215 30.17490220069885 15.15887479484081 15.91632854193449 13.99987690150738 100.5613460764289 45.63436993956566 102.6792456060648 57.78352455794811 102.8857871964574 7.638551637530327 123.1694931834936 53.58412693440914 14.32095061987638 21.31976480036974 1.040650554001331 0.5825304985046387 0 0 0 0 0 0.2975814938545227 0 0 0 0 0.712883472442627 0 0 0.7466002106666565 0.5596374273300171 0 0 4.856791108846664 1.271093741059303 0 0 0 22.4991302266717 5.893582716584206 19.97313544899225 1.936060398817062 1.164918005466461 0 0 0 0 0.1664327681064606 0.8869513720273972 0 0 0 0 0 0 1.467655122280121 0 0 0 0 1.01748850941658 0.3054913878440857 0.3664330244064331 0.8062371611595154 0 38.34414983540773 1.072598040103912 0 0 0 0 0 0 0.173318475484848 0.1153892278671265 69.90422711521387 0.2241580635309219 0 0 0 33.00849305838346 0 22.65794464945793 2.188965082168579 0 0 0 4.122867703437805 0 0 0 0 0 0 0.172906294465065 0 83.31407191604376 17.3063552454114 14.48108144104481 254.5030415803194 11.27374529838562 246.043000638485 32.0319813862443 240.5660608261824 25.47332327067852 2.139228358864784 26.9914658665657 3.216187067329884 0 2.679059445858002 0.5702857300639153 41.47423006594181 0 0 0 5.241010062396526 0 531.9035645052791 318.1834051758051
86.90376298129559 234.0950027927756 2213.897436991334 0.2624609842896461 65.18779186159372 1.11293737590313 9.046312019228935 774.2709769755602 274.9493116959929 2.372249916195869 522.6882552281022 24.50199019163847 126.4045090228319 702.1365340873599 72.04494189471006 69.62020534276962 9.248264580965042 1.563782885670662 0.9353167861700058 7.117546737194061 17.87289053201675 0.8456099405884743 5.140606515109539 4.283605441451073 19.25106021016836 2.750952318310738 7.95273631811142 1.423367813229561 1.298866130411625 1.935853123664856 912.347574532032 986.0978544056416 130.6698973551393 2.769270583987236 10.52332705259323 25.83736425638199 64.98618417233229 20.06480391323566 26.46299195289612 16.64039690792561 9.151189364492893 1.723182529211044 3.976567797362804 3.386771582067013 4.266331225633621 11.52973698079586 153.5648235678673 13.86795063316822 3.021544218063354 3.729221008718014 5.756138078868389 2.257167845964432 3.098624370992184 0.7414305061101913 7.545263841748238 6.315771646797657 27.66703302413225 212.2377759888768 23.11277575790882 65.01440309733152 24.77091623842716 45.69237883388996 7.70699230581522 214.8748368695378 4.989047206938267 5.222630225121975 2.422581419348717 9.68808963149786 16.45881589502096 39.19918867200613 36.81506893783808 5.677852682769299 0.117247961461544 226.4244132563472 160.3142796754837 167.2251257002354 43.33581683039665 85.65486421436071 1356.189005166292 1145.239172033966 24.28548435121775 892.5032442063093 26.1436133608222 0 6.16368917375803 3.715349026024342 8.41309867054224 0.2540789768099785 1.133739046752453 0.4211871102452278 2.311304271221161 1.130963191390038 31.57872492820024 5.563990406692028 2.276218473911285 8.162143111228943 1.823846876621246 0.373199462890625 11.6295023187995 113.7904972359538 0 0 1.075226336717606 0 0 3.141876563429832 0.1758227497339249 2.137018993496895 1.72118978202343 1.878233410418034 0.5284998416900635 0.9343114718794823 1.034290179610252 1.798395253717899 2.896348536014557 0.5335875004529953 0.4720256552100182 0.4055274948477745 0.402815580368042 0 0 0 0.1653761565685272 0 0 0.2893719151616096 0.1795231401920319 2.279936484992504 0.132133424282074 1.758702516555786 0.1073622852563858 1.689616054296494 1.497952938079834 1.567543052136898 0 0 1.111897423863411 0.1731579005718231 0.811975933611393 2.429031528532505 3.464216522872448 2.450758837163448 1.66317193955183 2.123362854123116 0 0.1176860928535461 0 0 0.2954444289207458 1.664436161518097 0.1474661231040955 0 0 0.1015022397041321 0 0.1382037252187729 2.456249333918095 0.2833888903260231 0 0 0 0 0 0 0.5495596677064896 1.035028457641602 5.727433122694492 0.2334849163889885 0 0 0 0.1052914336323738 0.3430409803986549 0 0.1216316446661949 0.2013310492038727 5.907601691782475 1.103307828307152 0.5737897604703903 0.3907701447606087 1.235905535519123 2.072511576116085 0 2.700495734810829 0.3717411756515503 0.09879650920629501 0.2573429346084595 0 0.7338226363062859 0.1405671983957291 0 0 0 0 0.1050567477941513 0 0.1331658065319061 4.527755834162235 3.634263850748539 4.993628367781639 316.4673573300242 14.90247478336096 376.5264833495021 64.74858944118023 27.18266018480062 41.45882660150528 3.710086770355701 31.07726174592972 1.816437520086765 0 1.897762380540371 0.5429700762033463 0 0 0 0.09566275775432587 9.972153797745705 0.1109006702899933 38.73363283276558 10.18777399510145
34.25370602309704 559.2461834326386 657.2656167149544 0.1424896717071533 1235.755407713354 1.759738400578499 420.6063675656915 274.9493116959929 334.1459959745407 42.3930507004261 1336.285121582448 9.568800963461399 305.9558031484485 517.6396344527602 12.30889181792736 9.983893893659115 0.5479609072208405 0 0.08138623833656311 0.1179264783859253 0.2156636491417885 0 0.09508492052555084 0 0.3774139136075974 0.1002478823065758 0.4099182337522507 0 0 0 86.25521559268236 13.66756834089756 32.87378920614719 0 0 0.1143544316291809 17.2155484110117 0.3395734876394272 2.957869842648506 0.204244926571846 0 0 0.2009725570678711 0 0.3738359063863754 0.3375610932707787 38.63587965816259 0.3086302578449249 0.2848992496728897 0 0.1264373511075974 0 0.1585544794797897 0 1.75904006510973 2.241912826895714 5.126520343124866 19.20742462575436 4.091760575771332 18.55971205979586 0.2147108837962151 1.607694774866104 0 15.40723074227571 1.154766343533993 0.4045971035957336 0 0.07172632962465286 0 0.3914522379636765 21.2769370675087 4.938327506184578 0 45.30945397913456 20.06261969357729 33.03249054402113 8.405603878200054 1.973871752619743 3.612280152738094 48.59584473073483 0.07398064434528351 3.951703734695911 6.246221348643303 0 0.282441534101963 0.8234004899859428 0 0 0.6062157228589058 0 0.2845930159091949 0.07331385463476181 0.4173686727881432 0.07420355081558228 0.2811065539717674 24.24029467999935 3.477186173200607 0 2.108997568488121 23.61233510077 0 3.016591340303421 1.766393020749092 1.781302660703659 3.389348030090332 24.58330656588078 8.538313239812851 26.12465889751911 10.61587301641703 24.64100763946772 1.220041066408157 21.72906818240881 8.051729395985603 3.993491970002651 5.197009414434433 0.7286602407693863 0 0 0 0 0 0 0.1484959870576859 0 0 0 0 0.7721147686243057 0 0 0 0 0 0 0.7081842571496964 1.438408598303795 0 0.1819473057985306 0 8.779245905578136 0.4587387144565582 11.4580755084753 0.721356987953186 0.2491107434034348 0 0 0 0 0 0.1324853152036667 0 0 0.3650563657283783 0 0 0 0 0 0 0 0 0.9899976849555969 0 0 0 0 10.40881568193436 0.1233285591006279 0 0 0 0 0.08336281031370163 0 0 0 20.18199729919434 0 0 0 0 14.15611572563648 0.4017029702663422 10.93886914849281 0 0.1099221855401993 0 0.1492884159088135 1.376369595527649 0 0 0 0 0 0 0 0 17.84251771122217 3.769332826137543 9.219533801078796 137.3562228232622 7.997171029448509 110.5703343823552 20.2147626131773 12.25337562710047 19.3071337044239 1.164633728563786 13.85088282823563 0.6219076961278915 0 1.992446027696133 0 12.20721217989922 0 0 0 4.992801167070866 0 49.19433348625898 51.69036884605885
798.9523822590709 1096.80150321126 6.130801290273666 1977.648155465722 647.168452963233 558.7681767120957 2253.746051058173 2.372249916195869 42.3930507004261 1170.282684862614 7.025713235139847 2113.609679043293 4028.45943646878 268.3598111048341 5.663935579359531 3.299897409975529 0.5470043867826462 0 0.181273564696312 0.1879491806030273 0 0.3086940199136734 0 0.2642761468887329 0.346909187734127 0 0.4493497163057327 0 0 0 12.62133761495352 1.231655649840832 140.7138098105788 0 0 0.4041667655110359 233.8660959899426 2.816366285085678 7.572282046079636 2.675059646368027 0 0 0 0 0.08502192795276642 0 10.19524642825127 0.1045655757188797 0 0 0 0.2534546554088593 0.3780927360057831 0.4931126311421394 0.1973403841257095 0.5305105969309807 29.77908799052238 13.19469227641821 3.265268087387085 5.965294972062111 0 9.251543685793877 0 3.172756478190422 0.5349281504750252 0.2822478637099266 0.1733087822794914 0 0 0.2418181896209717 660.4450093954802 11.13629877567291 0.8215160071849823 15.24404448270798 8.200510695576668 7.42429493367672 0.3369471505284309 0.2068794816732407 0.5140249282121658 9.621499300003052 0 0.714667834341526 2.435221463441849 0 0 0.2614520117640495 0.1752986907958984 0.2445318996906281 0.1645849645137787 0.330506294965744 0 0 0.3263270333409309 0 0 505.671157091856 41.09229110181332 0 17.54173826426268 137.9612480252981 3.101833298802376 58.5878708511591 22.96509712934494 76.86708901822567 14.65127702057362 132.6620878949761 106.8776922598481 104.6384625434875 131.8586745038629 183.0007874816656 5.860597796738148 132.1010856181383 162.6908876821399 55.71962554007769 15.53899247944355 0.3105334043502808 0 0 0 0 0 0 0 0 0 0 0 1.280223496258259 0 0.1419670432806015 0.1106126680970192 0 0 0 3.84567703306675 2.785754919052124 0 0.2522848844528198 0 14.66650941967964 2.411059677600861 7.954734086990356 1.340214014053345 0.3297592326998711 0 0 0 0 0 0.3778421133756638 0 0 0.6143982410430908 0 0 0 0 0 0 0.1056000366806984 0 0.5645086169242859 0.3067195415496826 0.1463615000247955 0 0 14.65508601814508 0.3950854241847992 0 0 0 0 0 0.1227119639515877 0 0.1619460433721542 45.66841887682676 0 0 0 0 16.3983549028635 1.160670042037964 10.59319255501032 0.3229867219924927 0.1825598776340485 0 0 0.409810334444046 0 0 0 0 0 0 0 0 87.00202838331461 9.110369391739368 5.891862295567989 84.27374942600727 2.358446277678013 38.93417596817017 9.639899559319019 383.623655565083 4.58354215323925 0.7297968417406082 2.235105752944946 4.958684697747231 0 3.660184033215046 0.1814399361610413 70.37836912274361 0 0 0.1457030177116394 4.785761088132858 0 1276.541099213064 606.0182569846511
89.35057879984379 389.6107600107789 1176.951809093356 0.8247763738036156 415.2610206156969 0.5560937523841858 140.7290751412511 522.6882552281022 1336.285121582448 7.025713235139847 305.7381616830826 71.13149888068438 726.9031941816211 2604.464426964521 57.52696988731623 48.83452592790127 5.620486430823803 0.7008069753646851 0.4481763169169426 0.6452157646417618 3.280180439352989 0.9320226162672043 1.073552511632442 1.26891478151083 10.34456367045641 2.195967011153698 3.255551986396313 0.8982047364115715 1.722419805824757 0.60174310952425 296.4993334114552 124.5052867308259 638.6754249110818 0.09665986895561218 3.096565887331963 15.99546562880278 191.4763722121716 44.38500928133726 45.59443394094706 17.69580394774675 3.599701918661594 1.59337293356657 0.6600540056824684 1.742861069738865 1.995774820446968 1.692273572087288 121.0017908811569 1.074950352311134 0.7273351699113846 0.1177971735596657 1.575928300619125 2.468271486461163 3.636919692158699 1.024717517197132 5.13515492528677 4.075818948447704 15.71270520240068 66.63215820491314 13.65187629312277 46.00869972258806 1.767141737043858 72.73644100129604 2.010483376681805 49.71874533593655 2.858935303986073 1.977744057774544 0.5638663917779922 1.253882110118866 2.008974589407444 7.701865658164024 85.20946915447712 6.400670558214188 0.2035045176744461 133.1124467477202 68.44046162813902 100.8862407505512 20.62323247641325 10.62352398782969 92.87126734107733 1043.613890327513 0.3054008185863495 56.16312005370855 11.71088559925556 0 1.112189248204231 1.591143772006035 0.7774128764867783 0.08121123164892197 0.8242463171482086 0.6693634837865829 0.6177779659628868 0 5.715130932629108 1.129190854728222 0.8071997761726379 24.58369329571724 5.120998919010162 0.3318510055541992 18.71831400692463 68.59847681224346 0 1.243811726570129 2.458655565977097 0 0.4284539520740509 2.861867114901543 3.183636412024498 5.637645080685616 5.719067558646202 5.293866872787476 0.4458250552415848 12.45697950571775 3.518880903720856 1.974086545407772 3.462734624743462 0.1952721029520035 0.2655661255121231 0.3123463690280914 0.1242648959159851 0 0 0.1171081438660622 0 0.1067846119403839 0 0 0 3.561712093651295 0 1.789656609296799 0.1497511565685272 0.9435035586357117 0.7464702650904655 0.6243752986192703 0 0.1654189079999924 0.2639379054307938 0.09405164420604706 0.3654539436101913 6.49475983530283 2.545084096491337 7.190157026052475 1.7397086545825 2.046971432864666 0 0.3062348887324333 0.1533783823251724 0 0.312903493642807 1.371609292924404 0 0 0 0 0 0.1352459788322449 0.9159706458449364 1.063079990446568 0 0 0 0 0 0 0.7319274097681046 0.2306952103972435 5.308402813971043 0 0 0 0 0 0 0.1114328131079674 0.2481856271624565 0.2014765292406082 14.58995079249144 0.353758916258812 0 0 0 9.824167288839817 0 5.83811043202877 0.7261400520801544 0.2834842801094055 0.1469651162624359 0 0.2418064102530479 0.2552578002214432 0 0 0 0 0.09126999974250793 0 0 10.43038126826286 4.702812232077122 4.57505289465189 330.754534766078 14.5498478487134 288.6400220915675 63.07904175668955 20.96597193181515 34.36153175681829 3.510686293244362 36.36467595398426 1.484724469482899 0 0 0.0989677906036377 1.626461118459702 0 0 0 9.359722077846527 0.1230572611093521 40.73054876923561 21.60478846728802
153.3285923376679 151.8649156168103 52.42975115031004 1123.944660402834 29.04075360298157 125.3149539455771 240.8665648549795 24.50199019163847 9.568800963461399 2113.609679043293 71.13149888068438 161.5724676400423 827.2249648049474 134.8756029084325 26.83743734657764 20.66839736700058 1.900450371205807 0.1856396645307541 0.1140174344182014 0 0.0968841090798378 0.2474545985460281 0.1087114736437798 0.103864774107933 1.606891207396984 0.1827473789453506 1.117578133940697 0 0.100441038608551 0.1211394295096397 20.98882858455181 4.59444385021925 177.6543052196503 0.5160730183124542 0 2.015950836241245 297.0622230395675 9.128848351538181 30.48479247838259 5.236825279891491 0.7370759099721909 0.1053518801927567 0.09113501757383347 0.2758089452981949 0.2554710134863853 0.202495664358139 35.48808868974447 0 0.1063720136880875 0.2871253043413162 0.3020108863711357 0.09885594248771667 0.7016343474388123 0.5110037326812744 0.872595489025116 0.5071408301591873 4.755873873829842 7.273001857101917 3.377304174005985 7.908886358141899 0.3725897669792175 15.10273627191782 0.2841406464576721 4.584799289703369 0.2637621611356735 0.163550429046154 0.1728952452540398 0.2009134888648987 0.4929953962564468 0.9396907240152359 227.8284378200769 4.917984284460545 0.1300633400678635 14.16657631099224 4.607918739318848 18.97912496328354 5.313521295785904 2.621003732085228 1.964507833123207 16.49994727224112 0 4.261509455740452 3.099047765135765 0 0.2558196410536766 0.3701600655913353 0.1003734096884727 0 0.1172382682561874 0.0973513051867485 0.2000105082988739 0 0.7241858541965485 0 0.3766721189022064 343.4749652892351 23.32037569582462 0.2698531225323677 24.04245666414499 19.20017150789499 0 5.06481709331274 4.841852456331253 4.368783101439476 4.754114560782909 34.97284089028835 7.786719344556332 22.34439273178577 23.24552047252655 35.52781370282173 4.611114531755447 50.6949705556035 21.41858144849539 7.576125390827656 7.577443338930607 0.1115335524082184 0 0 0 0 0 0.1018997058272362 0 0 0 0 0 0.7723424062132835 0 0.3718019723892212 0 0.7013288289308548 0.5373429879546165 0 0.854580819606781 1.316981591284275 0.1250964999198914 0 0 11.1077958419919 0.6307162567973137 6.516713179647923 1.233626455068588 0.6142907664179802 0 0 0 0 0.1792359948158264 0.8940661400556564 0 0 0 0 0 0 0.8133312165737152 0.2571192234754562 0 0 0 0 0.09560623019933701 0 0.180397167801857 0 13.21269345283508 0 0 0 0 0 0 0 0 0 36.25138913094997 0.4692396894097328 0 0 0 12.56864826381207 0.2488919943571091 11.76517648249865 0.4913822114467621 0 0 0 0 0 0 0 0 0 0 0 0 39.44476874172688 7.529249057173729 5.957737691700459 234.7152357399464 4.309768855571747 104.9123931005597 33.75396133214235 60.23104487359524 15.12649618089199 0.868586890399456 14.32953204214573 4.471006199717522 0.1281938850879669 0.1357710510492325 0 9.720067858695984 0 0 0 5.762204714119434 0 210.7212975546718 138.1083672195673
225.2774345949292 1858.26946272701 364.9393642693758 1211.610645353794 954.8476019799709 115.521732904017 2218.477739691734 126.4045090228319 305.9558031484485 4028.45943646878 726.9031941816211 827.2249648049474 3264.70600065589 1773.313858039677 70.45147053897381 62.04873131215572 2.98178967833519 0.2214196026325226 0.1988148093223572 0.1874814927577972 1.386227250099182 0.4891733005642891 0.5458272397518158 0.5636431574821472 2.542335137724876 0.4737883061170578 0.4709838479757309 0.5427884608507156 0.2817366644740105 0.2573962956666946 118.6103445217013 29.92231146246195 321.2638980075717 0.3011900559067726 1.49901881814003 4.499955773353577 681.3067934438586 9.58106230199337 21.63268479704857 6.14286033064127 0.405482642352581 0.4327051937580109 0.5210127010941505 2.057604350149632 1.588966935873032 1.239675253629684 110.3698213398457 1.759656108915806 0.2500137016177177 0.4780332669615746 0.7667080089449883 0.2507592663168907 1.07752338051796 0.6069915965199471 4.117376513779163 3.431127272546291 15.58180368691683 35.26725011318922 12.23250945657492 34.23867775499821 0.8320122137665749 23.6548665240407 0.7070279493927956 26.48523204773664 1.793812684714794 0.16903355717659 0.2730593606829643 0.6945959404110909 1.093110233545303 2.565377198159695 333.4187251999974 13.81087762117386 0.5448153465986252 78.92579951137304 31.6564144641161 80.71311323344707 21.09226156026125 8.31622251868248 11.0578234270215 62.11825986206532 0.8114574253559113 14.08004559576511 9.250846646726131 0 1.196138121187687 1.146077014505863 0.1753847673535347 0 0.4190557971596718 0.2732894718647003 0.5882063657045364 0 3.2955287322402 0.5517571792006493 0.8246738389134407 656.3981064110994 18.82351119816303 0.4018594920635223 18.07326031476259 67.5473951920867 0 22.01092506945133 18.338264092803 12.77573088556528 11.31500329822302 128.2816584631801 58.38857583701611 119.5933144018054 92.99500261992216 129.8189184293151 5.415316544473171 167.0454954057932 82.9851962774992 23.74893959611654 36.09157674014568 0.8722496926784515 0.1612969636917114 0 0.1295728981494904 0.0932343527674675 0 0 0 0.1254002600908279 0 0.1748440861701965 0.3304604962468147 1.960573241114616 0.4486623555421829 0 0.1068399697542191 0.6535198464989662 0.4640436619520187 0.2768286019563675 5.797268331050873 3.429168432950974 0.4878161996603012 1.59468087553978 0.1923330426216125 40.62084721028805 4.276362970471382 25.56710416823626 4.151114217936993 2.577932745218277 0.5168592631816864 0.1174600794911385 0.2397260889410973 0 0.9303200840950012 1.544003188610077 0 0 0.3029820621013641 0 0.111243449151516 0 1.953325025737286 1.457714781165123 0 0 0 0.3591403961181641 1.422331944108009 0 1.447101339697838 0.4791462570428848 57.00248226523399 1.253494188189507 0 0.4318296015262604 0 0.1200277432799339 0 0 0 0.4632223844528198 108.5212694481015 0.9932105988264084 0.518746554851532 0 0 55.74116943031549 0.6515332162380219 36.39266917854548 0.624321348965168 1.491837203502655 2.073417536914349 0 2.297882467508316 0 0 0 0 0 0.09126713126897812 0 0 145.7510090619326 29.60012689232826 29.41434030979872 570.0738486945629 25.88905218243599 345.2165208235383 95.31796076893806 92.77049171179533 44.52867055684328 4.842810928821564 57.74784929305315 4.811524227261543 0 4.26409325003624 0.1117421761155128 40.6147763133049 0 0 0.2977185845375061 18.38720493018627 0.8409523293375969 468.5431550815701 406.9268386214972
114.7556693553925 852.8131380900741 1266.601840525866 32.1810669079423 1047.277489297092 7.692793592810631 822.6958076581359 702.1365340873599 517.6396344527602 268.3598111048341 2604.464426964521 134.8756029084325 1773.313858039677 916.4455980286002 73.36406999826431 63.80003476142883 5.633829370141029 0.2571358531713486 1.898893229663372 1.053407326340675 2.09754217416048 2.860665388405323 0.8536868244409561 1.515300273895264 12.51820382475853 1.590509980916977 3.513209007680416 2.739042304456234 2.167135462164879 1.580177798867226 280.8333338871598 54.45302102714777 1824.063951030374 0.771185576915741 2.356573268771172 23.82747939229012 1226.941682487726 109.8538391217589 132.2718334570527 28.53089760988951 3.333132058382034 0.6848412975668907 0.3359512090682983 3.189173944294453 1.881196849048138 1.38883163779974 120.602936886251 2.052841298282146 0.6598202511668205 0.7603414431214333 1.114887945353985 2.327339723706245 3.878083668649197 1.146560594439507 5.23288132250309 3.463025867938995 15.36118892580271 55.2009766921401 15.1475868076086 33.65122105926275 2.028993599116802 273.4044446721673 0.7215863019227982 33.2425435334444 2.641979292035103 1.288926757872105 0.7236944884061813 1.922345004975796 2.271950863301754 6.829382456839085 311.2209643647075 13.11202365159988 0.5293001756072044 97.63134122639894 47.82287613302469 82.69343560189009 19.88607168197632 10.48020645976067 33.16641061753035 641.2720601037145 0.3532916978001595 58.15399922430515 9.427417390048504 0.1174181923270226 1.135307930409908 1.612599588930607 0.6984383538365364 0.1075585782527924 0.7182652354240417 1.589924775063992 1.635049745440483 0.1119657754898071 6.546841904520988 1.926200024783611 2.257726296782494 174.6252023056149 13.05147319287062 1.199166625738144 49.55877224355936 93.26069301366806 0 7.566528141498566 5.521979302167892 2.913222640752792 4.973847664892673 35.57639675587416 8.413135126233101 37.57899418473244 20.04064180701971 27.56632944196463 2.882103055715561 40.98824769258499 22.80462013930082 6.909025080502033 17.49263770133257 0.7681757286190987 1.285628706216812 0.1154254004359245 0.6614483892917633 0 0 0 0.1318295896053314 0.2868673056364059 0 0 0.1247234791517258 3.909047394990921 0 0.83464215695858 0 2.695678703486919 1.190422497689724 0.3668640628457069 1.548768371343613 3.651155181229115 0.1285641044378281 1.158014871180058 1.005220368504524 22.84287059307098 3.06427763402462 14.45492033660412 2.840010344982147 3.162131078541279 0 0 0.3136372268199921 0.3705647736787796 1.535012692213058 1.953583881258965 0 0 0.9528714865446091 0 0.09013890475034714 0.2296144962310791 2.265193685889244 0.6710295528173447 0 0 0 1.944232761859894 0 0 0.657631516456604 0.1537506729364395 25.49190324544907 1.381319485604763 0 0 0 0.1157714426517487 0 0.1282536834478378 0 0 51.81130309402943 2.071397818624973 0.1337626278400421 0.2131175249814987 0.4737670496106148 23.93663156032562 0.8702174127101898 14.29797601699829 0 0.751075878739357 1.966309666633606 0 1.176668077707291 0.2714504152536392 0 0 0 0 0 0 0 42.25088672339916 17.66473114490509 20.89161292463541 503.8418619260192 20.33146627992392 351.3452945798635 100.5433462187648 28.97948368638754 38.12102801352739 11.05931984633207 44.6919869184494 7.728525757789612 0 1.828182466328144 0.4312586858868599 16.77022993564606 0 0 0.197408139705658 17.24755542725325 0 100.7325748205185 94.32256941497326
