294.9762053713202 3067.428030312061 447.5911836624146 1040.776794344187 59.60270643979311 172.7125152647495 971.420925475657 52.08683996647596 10.52350169420242 1133.973567664623 59.13217205554247 40.18898796290159 158.6155670806766 28.81626762449741 1.966905288398266 3.040174588561058 0.09035513550043106 0.2159730792045593 0 0 0.9624903202056885 0.1661769300699234 0.2674918621778488 0.3795477151870728 0.5671229884028435 0.5309428423643112 0.1334558129310608 0.2888457849621773 0 0 1089.61725846678 14.50918878614902 19.30111370235682 0 0 0.8704450652003288 5.549396641552448 0.2902024760842323 1.4735352024436 0.1186508238315582 0.5568001121282578 0.7353485748171806 0.09978926926851273 0.4479532167315483 0.3860096037387848 0.1550046876072884 31.21646646410227 2.378945805132389 0.09496569633483887 0.08417002111673355 0.09314347803592682 1.039730176329613 0.3409834504127502 0.1258014887571335 12.09974092245102 7.805044606328011 273.9103541821241 805.5707168802619 36.29738648980856 11.11269139498472 1.743145138025284 4.332164421677589 0.3100228607654572 12.63695273548365 4.257438145577908 3.579339817166328 1.171156160533428 0.6314354091882706 0.1901992559432983 0.8811433017253876 2.809367030858994 7.318322643637657 0.2965472340583801 133.4191734269261 21.71683999150991 19.47231878340244 2.325150661170483 1.214380294084549 4.490504361689091 23.49712241441011 1.398549512028694 7.94300103187561 11.62871720641851 0.2885526642203331 3.460541896522045 3.807751893997192 0.1847724094986916 0.1007743552327156 0.635300524532795 0.4914441481232643 0 0.1472906768321991 2.526571244001389 0.2891029715538025 0.120589092373848 17.01182044297457 5.491135790944099 0.3048593103885651 2.408449850976467 1642.007445298135 1.265836238861084 16.53048628568649 7.819309309124947 8.023587599396706 0.9082176685333252 12.19718006253242 30.95405501127243 3.296367928385735 40.87030699849129 32.34258610010147 4.235432907938957 8.358883529901505 20.07666128873825 4.218754947185516 4.867446526885033 0 0 0 0 0 0 0 0 0 0 0 0 2.973862707614899 0 0 0.8504486382007599 0 0 0 0.2635486721992493 0 0 0 0 0.8103950172662735 0.9033741354942322 0.7736697942018509 0.9057502448558807 0.9728971496224403 0 0 0 0 0 1.918535232543945 0 0 0 0 0 0 0.6602813750505447 0 0.1293140649795532 0 0.1068530306220055 0 0.6824538111686707 1.461340956389904 0.1320717185735703 0 0.9895369410514832 0 0 0 0 0 0 0 0 0 0.9350607842206955 0.5008243918418884 0 0.1002501621842384 0 1.910711511969566 1.66373273730278 2.118772134184837 0 0 0 0 0 0 0 0 0 0 0 0 0 9.083642929792404 3.146879814565182 1.357987001538277 205.710140094161 6.274274922907352 75.83322978019714 16.09585321694613 1123.549087017775 5.09959864616394 1.933469824492931 1.384946957230568 50.66472543030977 0.2311174795031548 0 0 124.7110815644264 0 0 0 0.416829414665699 0 489.2041259482503 46.68127654492855
3067.428030312061 2193.867231674492 2008.823910810053 1977.484998546541 2195.510728314519 329.3425655886531 2698.069144397974 411.826237782836 1339.239002838731 2004.611405789852 1444.798789665103 199.2734159901738 1156.641739808023 1911.093108072877 59.20621880888939 58.62203599512577 1.92852359265089 1.02407942712307 0.1062068939208984 0.8559560030698776 4.424613855779171 0 0.2715159207582474 0.2422587722539902 3.536660492420197 1.638414733111858 0.4615213349461555 0.6408644244074821 0 0 3181.215017676353 184.2746514678001 127.9578309878707 0.3915947377681732 3.195336014032364 8.831354975700378 32.02928683161736 5.133492894470692 7.241670817136765 0.9816282615065575 3.038120180368423 2.878903612494469 1.380395531654358 7.230793654918671 0.4703123271465302 1.098967038094997 243.6923939287663 7.246736377477646 1.15382943302393 0.3616494834423065 1.457798078656197 0.1071464419364929 0.2059124559164047 0.3361270800232887 27.93276176601648 18.74473203718662 286.862134359777 791.3690589219332 68.63754411041737 75.45460575819016 8.06480235606432 10.70950386673212 2.900023870170116 112.4586088657379 16.52078703045845 14.26343647390604 5.721017278730869 1.136290967464447 1.711106009781361 5.998946294188499 24.68564131110907 33.88018011301756 0 386.1514878049493 122.3832056224346 232.0566189959645 41.52093251049519 27.4592619240284 12.71857903897762 90.02230762690306 10.3905990794301 23.59972086548805 42.15310122817755 0 9.318931989371777 12.78286217153072 2.153515852987766 0.2432133033871651 3.294735610485077 0.08597476780414581 0.7048957794904709 0.09969073534011841 15.47970044612885 1.302325561642647 0.9469091296195984 21.82152005285025 22.62145644426346 0 12.48154038190842 928.6523990705609 0.550096869468689 5.163729354739189 7.42181783169508 4.932261973619461 1.140962436795235 12.00763539969921 12.44243121147156 4.725041106343269 24.4676942974329 17.0777403563261 8.072674706578255 12.54031471163034 23.42790143936872 10.81063859164715 9.461684845387936 0 0 0 0 0 0 0 0 0.987412691116333 0 0.2734205573797226 0 0.7745378315448761 0.3770702630281448 0 0.4008765071630478 0.5808883011341095 0.3107503950595856 0.2775241434574127 0.6569543331861496 1.526041477918625 0 0.9104164838790894 0.1459718942642212 5.333897136151791 7.057745680212975 4.460403576493263 7.048573330044746 5.946751855313778 0 0 0 0 0 1.079021573066711 0 1.136211812496185 0 0 0 0 3.061471521854401 1.002938106656075 0.3970074579119682 0.2224779427051544 0.08161310106515884 0.1837914288043976 1.470389574766159 0.9272229075431824 3.401797011494637 2.76420846581459 14.81001944839954 0.6919683218002319 0 0 0.2099297791719437 0.1004385203123093 0 0 0 0.09208522737026215 7.329129584133625 3.346878901124001 0.1871040165424347 0 0.1649566441774368 4.714799359440804 4.026593968272209 14.88631732016802 0.9142024517059326 3.510761499404907 0 0 0 0 0.1062639802694321 0 0 0.2517224699258804 0.1059054881334305 0 0 16.47857300937176 17.07259609550238 12.89508338272572 576.7878978699446 24.12368112802505 455.9166348725557 96.4811605066061 648.2147700712085 22.99028453975916 1.189104661345482 31.37070069462061 25.15206073224545 1.336868464946747 5.997849211096764 1.044651955366135 42.07622186839581 0.1702675670385361 0 0 5.53502194583416 0 273.6862541288137 23.63629427552223
447.5911836624146 2008.823910810053 1520.135680608451 14.70721028000116 1078.677143886685 13.49316614121199 58.50288110971451 2921.313418276608 623.905709631741 24.40210603922606 2071.951480336487 24.02066374570131 115.8807893097401 958.6272810101509 37.64231879264116 77.47176668792963 4.431340657174587 1.126981250941753 0.2355760931968689 1.046757519245148 15.22063378989697 0.256830632686615 2.130897641181946 2.791520982980728 15.89827794581652 8.413410857319832 0.4890868440270424 4.867570392787457 0.1090417951345444 0 3763.524292513728 624.0862376540899 423.7526797950268 0.8055794388055801 7.604801505804062 35.72036007791758 66.67470810562372 17.84210768342018 20.46210636198521 2.768236376345158 16.02382499724627 10.11691198498011 1.114537239074707 9.002129398286343 0.3472943007946014 2.437388733029366 149.6777387782931 3.546833448112011 0.3378568217158318 1.628939151763916 1.07797110080719 0.2413597702980042 0.3136636018753052 2.118259988725185 20.45508193969727 10.55692090839148 171.0014282539487 660.4640823453665 39.96444949507713 42.18472918868065 24.67850012332201 18.12542498111725 3.191970072686672 186.4291722923517 8.380239523947239 6.85504949837923 5.822260871529579 1.54532864689827 1.448125153779984 17.61128810793161 33.87709529697895 25.02420094609261 0 281.1184324324131 94.76211257278919 146.9534054324031 36.84531094133854 32.91689427942038 170.7204972207546 521.6071295067668 34.9027504324913 118.5317434817553 21.62386536598206 0 5.021383389830589 6.636085823178291 1.316918581724167 0.1999435946345329 1.403955265879631 0.3044231981039047 1.081164076924324 0.5179889798164368 45.23117019981146 3.964548982679844 2.743981510400772 15.38813526928425 13.09702757745981 0.1600565910339355 18.59516092389822 195.9583906307817 0.1724611967802048 0.211284838616848 2.679778650403023 1.976883471012115 0.9403403401374817 7.741477690637112 1.238579630851746 3.86218923330307 9.202177628874779 6.744850471615791 2.894430205225945 4.111394196748734 12.84241219609976 7.926525376737118 9.883290022611618 0.100137010216713 0 0 0 0 0 0 0 0 0.1210251376032829 0.4932263642549515 0 0.2951245531439781 0 0 0.9701936915516853 0 1.1091298609972 0 0 0.5867578983306885 0 0.461363360285759 0 3.723520629107952 2.680130064487457 3.991155438125134 2.323736794292927 2.867155447602272 0.3191239237785339 0 0 0 0 0 0 0.81301648914814 1.156885623931885 0 0 0.2148790657520294 1.170321382582188 1.718790106475353 0.9201133102178574 0 0 0.849185049533844 2.792110845446587 1.394706070423126 0.5158231258392334 0.1162231788039207 8.645797893404961 0 0 0 0 0 0 0.1588433682918549 0.1027725860476494 0 5.229277536273003 2.205943822860718 0.1197848692536354 0.2389760315418243 0.4583529084920883 4.040091909468174 1.402618743479252 7.835599556565285 0.8513659238815308 0.8469617366790771 0.1845880746841431 0 0 0 0.2448657378554344 0 0 0.5141199603676796 0.3477139621973038 0.4485551416873932 0.8719129264354706 10.39557766914368 9.756520129740238 7.311085887253284 295.6100415512919 22.20462556183338 262.8320268169045 66.07865994423628 104.1001828983426 12.38400586694479 1.353979609906673 22.80285120755434 8.975484147667885 0.3278674483299255 5.149359829723835 0.09158862382173538 5.810410767793655 0.6854897141456604 0 0 6.091012954711914 0.1835958510637283 104.7418340593576 9.854959562420845
1040.776794344187 1977.484998546541 14.70721028000116 767.612683236599 9.814848057925701 370.5561426132917 437.7506404966116 0.1351223140954971 27.76369476318359 2933.607388310134 15.88531660288572 388.5261118412018 646.7069379612803 76.92406313121319 1.462577924132347 0.3627517893910408 0 0 0 0 0 0 0 0 0 0 0 0 0 0 19.63129898905754 0.4555936828255653 16.0102711841464 0 0.2108326554298401 0 13.69190350174904 0.7948513478040695 0 0 0 0 0 0.2117260470986366 0 0 8.133608788251877 0.4185436367988586 0 0 0 0.1383636444807053 0 0 1.580928735435009 0.7598605826497078 15.93424299359322 36.6787201911211 2.942927457392216 2.641131676733494 0 0 0 0.3964159041643143 0.2886129468679428 0.4460450857877731 0.4050736278295517 0.1035812869668007 0 0 1.909524910151958 2.867315009236336 0 17.94450853765011 3.361856751143932 7.462811827659607 0.7390171736478806 0.09771965444087982 0 0 0.1307163536548615 0.2822422981262207 1.654996976256371 0 0.3902388066053391 0.4479504600167274 0.09976641088724136 0 0.09748021513223648 0 0 0 0 0 0 17.59194345772266 2.525571882724762 0 0.3551413118839264 204.417605727911 0 8.401747524738312 1.940029829740524 3.069454863667488 0.6934071183204651 2.329221054911613 8.98112840950489 0.2049566954374313 40.25841234624386 23.52364741265774 1.495539173483849 6.729305237531662 34.34727849066257 18.97091394662857 4.568533666431904 0 0 0 0 0 0 0 0 0 0 0 0 0.5855315923690796 0 0 0 0 0 0 0 0 0 0 0 0.5369929671287537 0 0.6612231433391571 0.4931502491235733 0.2669443190097809 0 0 0 0 0 0.2781799733638763 0 0.3447903394699097 0.5480640530586243 0 0 0 0.1735159456729889 0 0 0 0 0.1521490514278412 0 0.1151599511504173 0 0 2.913434043526649 0 0 0 0 0 0 0.1087083891034126 0 0 1.399197161197662 0 0 0 0.1770521402359009 0 0.1730844527482986 1.777432918548584 0 0 0 0 0 0 0 0 0 0 0 0 0 8.76235007494688 0.3265837728977203 0.7162210196256638 50.66156313568354 0.9145260453224182 14.56447629630566 2.347976371645927 485.7379168197513 1.595798052847385 0 0.1118211075663567 13.87829203903675 0 1.117911368608475 0 45.31842750310898 0 0.6333642601966858 0 0.09347110986709595 0 144.878170132637 19.19247691333294
59.60270643979311 2195.510728314519 1078.677143886685 9.814848057925701 2089.214902445674 7.033880822360516 1108.245690576732 281.0552521049976 2803.860783793032 543.5195751264691 1902.464900672436 47.73793820291758 527.0706042200327 3303.284809052944 27.99016251415014 33.79211761802435 0.533876858651638 0.25437131524086 0.3154606819152832 0.09911470860242844 0.8924576863646507 0 0.2224940732121468 0.2824228405952454 0.8441314846277237 0.122718557715416 0.1516427546739578 0.2351711988449097 0.1311359852552414 0 173.9590968713164 83.4877687394619 26.88839495927095 0.08658990263938904 0.3550074994564056 1.11066085845232 10.02213604748249 1.425526686012745 3.348690673708916 0.2085235044360161 1.643089890480042 0.8383205309510231 0.4585962221026421 4.313149221241474 0.09831449389457703 1.420841075479984 94.44415308535099 1.073419205844402 0.1501239091157913 0.1559993028640747 0.1725283339619637 0 0 0.07932488620281219 6.094867572188377 3.912708535790443 40.56775610893965 108.1516181752086 17.38395520299673 24.04988031089306 1.990229889750481 6.820948116481304 0.07933907210826874 51.93018423765898 4.680070258677006 1.926277883350849 1.93755778670311 0.4035786539316177 0.4933358132839203 1.208803586661816 11.59299777448177 16.81432358920574 0 88.26751706004143 41.0649616420269 91.5851154923439 23.7754924967885 20.00071374326944 1.647818848490715 15.92042374610901 1.958390615880489 6.564642526209354 7.993239119648933 0.07621587812900543 1.942784979939461 2.749747425317764 0.5415036752820015 0.08203288912773132 0.6221609488129616 0 0.3577241376042366 0 2.423056930303574 0.196236327290535 0.310048907995224 8.638195022940636 17.84105487167835 0 7.493739761412144 19.76636849343777 0.3718779534101486 1.023974545300007 4.581109642982483 0.8412742912769318 1.894259557127953 7.216139495372772 2.300680488348007 2.503732860088348 18.04968962073326 10.33100816607475 3.846374914050102 6.962029807269573 10.29215798527002 6.069431126117706 6.491678386926651 0 0 0 0 0 0 0 0.4033394083380699 0 0 0 0 1.46108204126358 0.1982603520154953 0.1125938296318054 0.4343848004937172 0.9016650319099426 0 0.2864857763051987 1.141535997390747 1.592978626489639 0 0.105700895190239 0.1092646196484566 3.469374895095825 7.791367270052433 6.138848260045052 7.020381562411785 6.927837930619717 0 0 0 0 0 1.269392639398575 0 0.7196043729782104 0 0 0 0 2.279340863227844 0.5692828819155693 0.2963382601737976 0.5672909021377563 0 0.39866042137146 1.533056169748306 0.4064175635576248 1.70616552233696 2.446771256625652 9.46455591917038 0.4242729097604752 0 0 0 0 0 0 0 0 3.350788146257401 1.23563177883625 0 0 0 1.313770942389965 2.694140762090683 10.46063635498285 0.3993465006351471 1.046504408121109 0 0 0 0 0 0 0 0.1855310946702957 0 0 0 6.957874208688736 11.45113326609135 9.664725139737129 224.4031586199999 8.424535803496838 161.3584139049053 31.42731058597565 48.34828802198172 9.245663151144981 0.4583424404263496 15.12375587970018 14.99587512016296 0.3489814102649689 1.831953674554825 0.9099552184343338 16.8508076518774 0 1.574318528175354 0 3.589225046336651 0.2294968962669373 37.93393504619598 9.247306071221828
172.7125152647495 329.3425655886531 13.49316614121199 370.5561426132917 7.033880822360516 25.37937113642693 106.8417812660336 3.653685733675957 2.73881121724844 627.6284491792321 5.465193524956703 99.42257049679756 98.68270164728165 22.05966009199619 0.228721484541893 0.4019827470183372 0 0 0 0 0 23.29368875920773 0 0 0.2222875654697418 0 0 0 0.6348713785409927 0 22.77546538412571 0 27.9141905605793 0 0 0 20.89918133616447 0.7922817319631577 9.05600917339325 0.4476877152919769 0 0 0 0 0 0 1.017910286784172 0.30275559425354 0 0 0.1349523663520813 61.67245669662952 8.806219041347504 5.975484058260918 0.09865255653858185 0.5773516744375229 74.62062997370958 2.447012320160866 4.233090415596962 0.1079434156417847 0.1434733718633652 3.832351103425026 0 0.3861384317278862 0 0 0 0 0 0 38.60656420886517 176.0938431173563 11.32804744690657 0.9145272374153137 0 0 0.1164320111274719 0 0.40712571144104 1.979339763522148 0 7.509346291422844 0.1017095446586609 0.6957499459385872 0 0.6125453338027 0 2.134149238467216 1.131631344556808 11.83959959447384 1.05252892524004 2.221563763916492 2.483936950564384 0.9991121143102646 3.203879162669182 351.8323232084513 302.282574236393 30.36364760994911 59.57654456794262 205.6838177740574 0 11.31941792368889 7.098510056734085 4.94441856443882 0 3.838032692670822 25.66334933042526 0.8834397196769714 16.52549870312214 35.41007322072983 3.214960753917694 8.746064841747284 14.60899879038334 6.921656936407089 2.627164989709854 0 0 0 0 0 0 0 0 0 0 0 0 0.7248080372810364 0 0 0 0 0 0 0.2921464741230011 0 0 0 0 1.111617252230644 0.2851786911487579 0 0.1188937872648239 0 0 0 0 0 0 0 0 0 0.6907780170440674 0 0 0 0.9833215475082397 0 0 0 0 0.5664019584655762 0 0 0 0 0.7375754714012146 0 0 0 0 0 0.1612930744886398 0 0 0 3.983824267983437 0.1702656298875809 0 0.1383851617574692 0 0 0.5052385926246643 1.255997776985168 0.7880662977695465 0 0 0 0 0 0 0 0.1918270885944366 0 0 0 0 9.395990416407585 2.108281180262566 0.1136666461825371 21.22899870574474 0.2609165608882904 1.898986756801605 0.2545764148235321 104.0976477712393 5.07970766723156 0 0 13.15350650250912 0 0.2818619608879089 0 58.3556999117136 0 0 0 0 0 84.22416518628597 39.38348664343357
971.420925475657 2698.069144397974 58.50288110971451 437.7506404966116 1108.245690576732 106.8417812660336 368.8587524741888 23.14464034885168 1217.007971294224 1923.997490569949 178.7183977887034 201.5855868533254 2410.039435178041 3003.406899280846 24.26634079962969 22.54912019520998 0.7791940867900848 0.2483877688646317 0.4857352748513222 0.5609522089362144 0.5773410350084305 0.1198553517460823 0 0 0.5519430786371231 0 0.08784884959459305 0.1015077754855156 0 0.1019718125462532 142.9789679348469 34.926539324224 17.89891201257706 0.1951163113117218 0 0.9943731799721718 10.61623222380877 1.748503103852272 1.945300780236721 0 0.1358723491430283 0 0.6424547955393791 2.285319127142429 0.1911070197820663 0.7576072067022324 106.2220985069871 2.740257330238819 0.2941379770636559 0 0.3628671988844872 0 0.2522615343332291 0.4144161641597748 11.15678942203522 5.763513147830963 84.8643344193697 185.5457430407405 25.36965600401163 32.56962478160858 0.8253254219889641 4.613822512328625 1.165155999362469 29.92391769587994 6.946122400462627 5.807812675833702 2.459595240652561 0.2996679916977882 0.4894941076636314 0.8506626710295677 10.90959243476391 17.20328126847744 0 146.2606528177857 50.6885112375021 97.84374208003283 17.47503583133221 12.69040676951408 0.4908396527171135 2.897187873721123 0.9122595116496086 4.646567806601524 14.55225928872824 0 4.243045762181282 3.753851309418678 0.3119640275835991 0.08555381745100021 1.239485830068588 0 0.3853291347622871 0.09443004429340363 0.7678016573190689 0.09837735444307327 0.2082696855068207 10.64647219330072 18.46119002252817 0 6.913949362933636 148.2457871958613 1.057888031005859 4.247262395918369 6.705339267849922 8.431304320693016 0.7041648477315903 7.109832040965557 8.125386491417885 4.357133850455284 21.75683903694153 18.82656052708626 6.917253062129021 25.35856975615025 14.17416828125715 9.095542892813683 7.522420309484005 0.1172565072774887 0 0 0 0 0 0 0 0 0 0.1236828193068504 0 1.175865828990936 0.1852518916130066 1.158479005098343 0.730867326259613 0.3561134338378906 0.2969990968704224 0 0.205131471157074 0.7689309343695641 0 0 1.038124680519104 5.538867712020874 6.410281248390675 4.542292937636375 6.60327360779047 5.889045923948288 0 0.3145627677440643 0 0 0 0.1118614748120308 0 0.7207906246185303 1.183563455939293 0 0 0 2.585435509681702 0.19245845079422 0.1109792068600655 0 0.09644759446382523 1.211106419563293 0.8032305538654327 0.5969404131174088 1.801895119249821 4.063742898404598 10.78470102697611 0 0 0.09718276560306549 0 0 0 0.09350068867206573 0 0 4.589270114898682 1.686448350548744 0 0 0 2.041546240448952 3.291649907827377 10.75771516561508 0.8866450488567352 1.367688536643982 0 0 0.3945513367652893 0 0 0.09272533655166626 0 0 0.1034807488322258 0 0 10.59057954698801 11.62484861910343 10.88959238678217 242.9008454680443 10.39046005904675 187.8327353000641 36.46600651741028 263.1310740336776 10.46582938730717 0.6902258545160294 12.31647600233555 16.92532400786877 0.1203014478087425 2.182359412312508 0.1671849191188812 30.43285193294287 0 0 0 2.227931939065456 0 117.25450412184 14.20515593886375
52.08683996647596 411.826237782836 2921.313418276608 0.1351223140954971 281.0552521049976 3.653685733675957 23.14464034885168 1639.923552714288 585.7333940938115 6.93322166800499 1808.41003536433 23.67567199468613 133.7948740422726 704.4242006987333 32.31474949419498 73.47929803282022 4.013262063264847 4.073451645672321 0.6579335257411003 10.41756500303745 74.34260674566031 0.4895694404840469 9.854936748743057 13.92662814259529 40.96485530585051 31.87085522711277 1.892066203057766 13.62460820376873 0.9841296225786209 1.216170988976955 581.085749194026 3788.332252882421 435.6051135733724 5.628769472241402 30.2543002218008 110.4833023920655 174.4093251675367 72.16963104903698 56.26590073108673 6.391152270138264 38.24429889023304 24.89100825041533 7.532377764582634 73.80601478368044 2.653635799884796 6.156187951564789 59.39749620109797 1.104141965508461 1.030326172709465 2.723310619592667 2.043065808713436 0.2620240822434425 0.6132070049643517 4.490478500723839 4.588213071227074 2.547514535486698 35.24844970554113 142.4185309931636 9.109998047351837 13.33188397437334 262.1180291771889 74.68894973397255 10.51740062236786 330.7791335880756 2.964320421218872 4.775331042706966 2.658636048436165 2.767921671271324 8.087418235838413 79.16843903064728 68.14302469789982 7.323578134179115 0 69.17597154527903 70.14126308262348 71.43313454836607 78.02654084563255 457.3765153959394 2084.761100880802 907.6750979050994 669.0748781487346 828.7023640051484 4.690076448023319 0.202788271009922 1.24022851139307 0.9664969369769096 1.053416602313519 0 0.3067010492086411 0.0894707664847374 0.9540130794048309 0.9294324517250061 110.3754421398044 10.52139338850975 4.820326574146748 35.21652664244175 18.54542602598667 0.1722828447818756 39.08759449422359 21.87779354304075 0 0 1.600578345358372 0.8523431122303009 0.1640153676271439 5.373630866408348 1.382438883185387 1.162906229496002 10.82665833830833 4.144394084811211 3.525232866406441 8.139434620738029 10.31930614262819 4.941637001931667 7.196441970765591 0.1196335703134537 0 0 0.2498583346605301 0 0 0 0.3173158764839172 0 0.2133037745952606 1.856679797172546 0 0.3914042264223099 0.1464657783508301 0.122250884771347 0.7992437481880188 0.1096712872385979 0.1952275931835175 0.4797556474804878 0.359294630587101 0 0 0 0.3281101584434509 2.169484004378319 2.439751766622066 1.946557909250259 1.068375952541828 1.537851363420486 1.256610885262489 0.9884537160396576 0 0 0 0 0 0 0 0 0 0 0.9582509994506836 4.327500656247139 0 0 0.1018336266279221 0.3697722852230072 0.363406240940094 0 0 0 3.435751587152481 0 0.2279467135667801 0 0 0 0 0 0.2308711558580399 0 3.587998494505882 0.5057953745126724 0.5216213166713715 0.1399068087339401 0.3418583571910858 2.32256306707859 1.515068031847477 3.757417663931847 0 0.4639768004417419 0 0 0 0 0 0 0 0 1.10068728774786 0.2887853384017944 0.1829250454902649 8.233804784715176 4.171117320656776 4.580551452934742 175.1974162086844 15.74870982021093 127.0214762538671 47.26811594516039 23.21868056803942 3.936180800199509 0.1288971453905106 14.67559838294983 3.72312493622303 0.4422803968191147 0.4410058259963989 0.2469503581523895 0.6451330631971359 0 0 0.1306004524230957 3.588254548609257 0 43.32681245356798 13.63559049367905
10.52350169420242 1339.239002838731 623.905709631741 27.76369476318359 2803.860783793032 2.73881121724844 1217.007971294224 585.7333940938115 460.0774295404553 258.7517350539565 1393.850838281214 46.8501021116972 584.7821114659309 945.1469973176718 7.604752317070961 14.26538120210171 0.3043283522129059 0 0.08819238841533661 0 0.2446664869785309 0 0.1220313236117363 0.3515514135360718 0.2044855654239655 0.6703026443719864 0.1477544456720352 0 0 0 26.22974886000156 17.25666391849518 45.154241733253 0.1326246857643127 0.4927305802702904 1.190854720771313 8.346822507679462 0.7632830217480659 0.3300869390368462 0 0.111293189227581 0.2191207632422447 0.08373729884624481 1.277730733156204 0.09875374287366867 0.4074086099863052 18.84373807162046 0.3077122643589973 0 0 0.3215728849172592 0 0.1685444712638855 0 1.125604279339314 0.4652585163712502 4.181243769824505 16.55001945048571 2.339216187596321 4.861512050032616 0.5287882462143898 1.084775902330875 0 11.13609789311886 0.5398958399891853 0.5955320596694946 0.3452294766902924 0.2034143283963203 0.07403657585382462 0.5112572386860847 5.737850643694401 7.588476397097111 0 14.02626619488001 7.900464676320553 21.50234611332417 7.078878253698349 9.266792230308056 0.5609650611877441 30.78009580075741 0.8634450137615204 1.856491886079311 1.5705905854702 0 0.5062229484319687 0.3650055974721909 0.08392437547445297 0 0.2559452876448631 0 0.1056797429919243 0.08076654374599457 0.8100722953677177 0 0.203426718711853 3.560479998588562 8.034374743700027 0 1.473388850688934 2.991279616951942 0.3762138336896896 1.276432052254677 2.986684754490852 0.5537423193454742 1.135856851935387 6.989331439137459 0.4211114048957825 1.868520051240921 5.986974075436592 8.020859360694885 4.134064003825188 5.158773869276047 8.261320300400257 6.84042701870203 3.229671567678452 0.1279775351285934 0 0 0 0 0 0 0 0 0 0 0 0.7621602639555931 0 0.7295602560043335 0 0 0.2261940836906433 0 0.2169042527675629 0.1668242067098618 0 0.1929398477077484 0 1.613971039652824 2.022554561495781 2.828793033957481 1.719410717487335 1.76209282875061 0 0 0 0 0 0 0 0.5578581690788269 0 0 0 0 0.2934422791004181 0.3822849243879318 0 0 0 0.9620055258274078 1.140841901302338 0.7753939628601074 0 1.260191738605499 4.439265951514244 0 0 0.2968353033065796 0 0 0 0 0 0 3.142779462039471 0.6018101722002029 0 0 0 1.67162199318409 2.181724280118942 4.501068152487278 0.6353373527526855 0.1252617835998535 0 0 0 0 0 0 0 0 0 0 0 4.759805023670197 5.639452755451202 5.71501874178648 57.02635961771011 2.0099031701684 33.38340025395155 6.201423212885857 7.707354098558426 1.629527524113655 0 4.224229447543621 3.765942469239235 0 0.6349023282527924 0.1666377484798431 5.116886034607887 0 0 0 0.2518183290958405 0.4076091647148132 12.32372929155827 4.945320948958397
1133.973567664623 2004.611405789852 24.40210603922606 2933.607388310134 543.5195751264691 627.6284491792321 1923.997490569949 6.93322166800499 258.7517350539565 2283.162934586406 14.20636873692274 1733.637397937477 5781.853642225266 707.832024499774 21.70315962284803 16.74592527002096 0.5677026510238647 0.1601312309503555 0.1182452440261841 0.2261893264949322 0.1078203544020653 0.3113425076007843 0 0 2.375645592808723 0.2574630379676819 0 0.0953807532787323 0.1042155995965004 0 74.33172330260277 10.55744090676308 127.0004141032696 0 0.1243752092123032 0.7839150652289391 141.2439984977245 8.180304199457169 11.86306487768888 0.09839311242103577 0.08522361516952515 0.4144756346940994 0.2134891524910927 2.292115733027458 0.3008355796337128 0.3504189029335976 79.68910097330809 1.578621417284012 0 0.2420978248119354 0.5382929667830467 0.4035386890172958 0 0 5.526650011539459 3.09522508084774 71.69530921429396 96.68658910691738 17.9756530597806 19.58843352645636 0.6728490069508553 20.34764068573713 0.3649612814188004 19.12329355627298 4.452533051371574 2.842549875378609 1.366724297404289 0.08224806189537048 0 0.5063900500535965 128.2046175822616 96.26007556915283 0.1393811404705048 76.88254185765982 25.84837154299021 59.09813363105059 9.232492201030254 9.383380681276321 0.6603496298193932 2.679537430405617 1.171203590929508 8.728604793548584 7.212338201701641 0 2.395658858120441 2.683843359351158 0.3425430506467819 0.1188982352614403 0.3366353139281273 0 0.1013485863804817 0 1.46840888261795 0.3691190630197525 0.0839751660823822 389.5468219518661 159.6025462597609 0 33.42963302880526 394.9683033674955 2.634062513709068 55.33351953327656 37.29450707882643 18.38024404644966 13.93772831559181 76.46203080564737 135.272455111146 16.35907335579395 216.6924708038568 168.1497392058372 37.84683674573898 75.17847073078156 154.4695196822286 62.86597364395857 45.8488162457943 0.2190285921096802 0 0 0.5116540789604187 0 0 0 0.4333472102880478 0 0 0.4563316404819489 0 9.78010992705822 0.6465764194726944 1.67696487903595 1.145743638277054 3.63514618575573 0.6964110285043716 2.712327465415001 2.691834330558777 5.305455714464188 0 3.847494304180145 0 15.8971750587225 38.00116135179996 22.74313014000654 19.64712903648615 31.83047828823328 0 0.2194601595401764 0 0 0 3.196344375610352 0 1.769461870193481 1.300525456666946 0 0.7679094672203064 0 14.1381977647543 2.815058700740337 0.6610747873783112 0 0.253967821598053 5.309669673442841 11.66155304014683 5.342038467526436 5.133706748485565 10.01631362736225 53.94253224134445 0.9835712909698486 0 0.607965350151062 0 0.1222912594676018 0 0 0 0.4107984304428101 34.08772364258766 11.54077990353107 0.1406232416629791 0 0.2982579320669174 18.31482964754105 20.19584041833878 55.78525288403034 2.936806499958038 2.426671966910362 0.1081282049417496 0 0 0 0 0 0 0.08642286062240601 0 0.1174128875136375 0 118.6342085003853 53.19022733718157 34.5245054885745 431.7535406947136 7.369343020021915 154.2834673970938 36.49731282144785 1034.62236212194 9.148143209517002 0.2077848166227341 16.01521188020706 116.2847407758236 0 17.73725898563862 1.64086677134037 323.0108236223459 1.19342303276062 0 1.145013570785522 3.758290626108646 1.042851626873016 1275.812295846641 284.2154233530164
59.13217205554247 1444.798789665103 2071.951480336487 15.88531660288572 1902.464900672436 5.465193524956703 178.7183977887034 1808.41003536433 1393.850838281214 14.20636873692274 1781.196152620018 91.80678356438875 752.1638552322984 2645.545677773654 32.71198431402445 93.52750012278557 2.876855559647083 1.334627091884613 0.8393152728676796 0.1796838417649269 12.000059902668 0.1127071976661682 1.107398264110088 3.41842395812273 19.25913890451193 13.53761875629425 0.6683780923485756 5.697314903140068 0.2507816851139069 0.2540555149316788 307.0327034145594 267.9904137998819 1113.946597084403 0.4118054807186127 12.52797068655491 46.16343627125025 206.0040742456913 43.00227694958448 33.75483831018209 2.102142967283726 13.85207848250866 8.873085379600525 0.7555988281965256 9.78091137111187 0.3361545503139496 1.313383981585503 63.15132366120815 1.121768862009048 0.2380465865135193 0.7340990006923676 1.707195095717907 0.3093675896525383 0.2433961927890778 1.786813862621784 3.229921489953995 2.055188618600368 19.33838398754597 57.06884174793959 6.388195365667343 14.73847926408052 19.11390689015388 38.00999123603106 2.752468839287758 51.94306017458439 1.909385979175568 2.264207512140274 1.251119650900364 1.375175930559635 2.691672839224339 11.8046991750598 62.73967066407204 18.93107716739178 0 47.91473861038685 28.38911070674658 75.11763618886471 31.75397615879774 43.64415376633406 70.57407169044018 737.1691176146269 23.00326011329889 83.02815767377615 4.860147632658482 0.1993803083896637 2.134283512830734 1.286544881761074 0.7478176653385162 0.1085916981101036 0.4262714833021164 0 0.3179511800408363 0.1004010215401649 28.56502283364534 3.287460908293724 2.006913378834724 29.86121888458729 21.04757079482079 0.4489291310310364 22.62979479879141 9.453206025063992 0.2154565453529358 0.7234662622213364 4.185852907598019 0.6890567243099213 0.5851223543286324 9.705096557736397 4.041716948151588 5.169629380106926 21.42402498424053 13.84127989411354 10.99391178041697 13.5330972224474 22.90558136999607 11.78507671505213 13.04402551800013 0 0.2027444541454315 0 0 0 0 0 0.5839846730232239 0 0.2930504381656647 2.117350667715073 0.1101423725485802 0.1097158566117287 0 0 0.6897195726633072 0 1.070191942155361 0 0.9463353455066681 1.778142392635345 0 0 0 4.620727106928825 3.089059613645077 5.616641737520695 3.724268428981304 2.66511993855238 0.1937939673662186 0 0 0 0 0.1223321482539177 0.2017533928155899 0 0 0 0 0.1345358341932297 1.014605894684792 1.000967398285866 0 0 0 0.605862021446228 2.380408965051174 0 1.90315680205822 0.8898958712816238 10.94230644404888 0.2832458913326263 0 0 0 0 0 0.1109797731041908 0 0 7.192607372999191 5.172599837183952 0.5035879984498024 0.1350028365850449 0.1432306915521622 5.765882559120655 3.654800623655319 9.741624422371387 0.1714375019073486 1.112338572740555 0.4705311357975006 0 0 0 0 0 0 0.2317271903157234 0 0 0 14.45195945352316 14.57410022616386 8.950859561562538 230.3144337981939 10.17336151748896 141.6340202465653 42.40813326090574 30.50775173306465 5.618252530694008 0.1062283292412758 26.83024040609598 6.505839072167873 0 1.966761484742165 0 8.06001328676939 0.7468322813510895 0.1261945515871048 0 5.355820544064045 1.154064163565636 37.99687524139881 23.56603639572859
40.18898796290159 199.2734159901738 24.02066374570131 388.5261118412018 47.73793820291758 99.42257049679756 201.5855868533254 23.67567199468613 46.8501021116972 1733.637397937477 91.80678356438875 58.67535126209259 872.045506477356 331.7231118902564 7.778380073606968 19.47735143452883 0.9460706189274788 0.106505885720253 0 0 0.4854241758584976 0 0 0.4392486363649368 1.378290414810181 0.9469697326421738 0 0.3896815180778503 0.1317964196205139 0 4.294398941099644 1.150433890521526 210.0429851338267 0.2911059558391571 0.1349936425685883 3.054328285157681 259.0217096656561 123.6765788346529 42.38832394778728 0.4465129002928734 0.9425000101327896 0.4097691103816032 0.1424698233604431 1.821422629058361 0 0.1114307567477226 16.03798489272594 0 0 0.182248629629612 0 0 0.3374411761760712 0.3234046399593353 0.8940819129347801 0.2180995270609856 5.187098436057568 5.813297584652901 2.304325394332409 2.004642076790333 1.340131662786007 63.83989701420069 0.2369985580444336 1.890991792082787 0.2759860754013062 0.2316484525799751 0 0.1900169402360916 0.0836000069975853 1.375461168587208 90.84049461036921 29.86160334199667 0 5.259199373424053 4.125583611428738 10.49603096395731 3.718896575272083 3.853291541337967 0.3537979423999786 30.54584284126759 1.269325986504555 9.626917339861393 0.6332956552505493 0 0.3370027020573616 0.1853928491473198 0 0 0.2687427550554276 0.2373417168855667 0 0.1021013334393501 2.807119518518448 0.2105564549565315 0 1010.407029978931 154.0159672871232 0 14.4897200986743 22.69767030328512 3.017246633768082 22.26482303440571 28.62257998436689 14.69614368677139 7.564453020691872 60.07206133008003 48.88202548027039 22.36839005351067 122.2806623727083 81.80501373112202 45.37447740137577 69.33763443678617 144.9915675073862 92.50925707817078 65.60298184305429 0.3465072065591812 0.1313795745372772 0 0.1066276729106903 0 0 0 0.2921996712684631 0 0 0.5753705203533173 0 3.519922018051147 0.1520545035600662 0.3162520229816437 1.487937688827515 0 1.316827937960625 0.5732397139072418 1.768293455243111 3.947596520185471 0 0.3042751029133797 0 19.58019068092108 13.13161156326532 18.16781675815582 12.65195111185312 11.58840487152338 0.1157089695334435 0 0.1117418706417084 0 0 1.620703309774399 0 0.9163553416728973 1.898960545659065 0 0 0 4.188147455453873 0.489478588104248 0.8029219806194305 0.3610446453094482 0 2.452832601964474 8.608795173466206 1.984683409333229 0.5036583542823792 1.823479682207108 37.34790900349617 0.9374627619981766 0.2599704265594482 0.3661799430847168 0 0 0 0 0 0 37.06967475265265 6.709196373820305 0.1446842700242996 0.2196910679340363 0 15.34132037311792 8.861048124730587 34.62952702492476 2.535968154668808 2.146286487579346 1.185198068618774 0 0.1375490576028824 0 0 0 0 0 0 0 0 94.57937192171812 49.8116859421134 33.09836309403181 94.81305574625731 1.753595232963562 26.5127169713378 13.62997514754534 51.44488323479891 0.7599506452679634 0 6.215940110385418 33.92791429907084 0.142955482006073 15.79692590981722 2.332746461033821 98.263775780797 0.5395546555519104 0 0.4344492852687836 1.683140754699707 0 363.0378402024508 171.3171450942755
158.6155670806766 1156.641739808023 115.8807893097401 646.7069379612803 527.0706042200327 98.68270164728165 2410.039435178041 133.7948740422726 584.7821114659309 5781.853642225266 752.1638552322984 872.045506477356 1931.937356166542 2977.543362125754 46.38211533427238 105.812186293304 2.487473376095295 0.9063240438699722 0.3402764350175858 0.4362805560231209 2.962042041122913 0.141535758972168 0.699009470641613 0.7421331629157066 4.763730309903622 1.410859026014805 0.3178531900048256 1.327421933412552 0 0 51.74933330714703 32.65131071209908 1264.71136406064 0.5692069977521896 2.211161687970161 9.379763685166836 456.6138678118587 104.0231575369835 40.53670977056026 1.827804200351238 4.722899533808231 3.930504277348518 0.6070943251252174 9.256709016859531 0.2018634453415871 1.644064925611019 86.98837804794312 1.149534150958061 0.194642648100853 0.5489500612020493 0.5292803943157196 0.1306122541427612 1.073583133518696 0.6860169544816017 4.345977067947388 2.438428968191147 30.14788123965263 56.7047551497817 11.55787238478661 18.83387184888124 7.520166143774986 75.49793429672718 1.294406823813915 23.42296381294727 3.197489053010941 2.461139425635338 2.129708796739578 1.250434726476669 1.176161967217922 5.46882850676775 154.1668236553669 87.86460497230291 0 56.93482245504856 28.37757435441017 91.53713582456112 36.35196933150291 43.17919884622097 2.71117040514946 104.0772732868791 7.417494095861912 25.08754474669695 7.230786643922329 0 2.230874426662922 2.141949839890003 0.6007330492138863 0 0.7961477711796761 0 0.09738246351480484 0 13.22802884876728 1.561545751988888 0.5525659397244453 805.136485978961 139.5623060464859 0.3911343812942505 24.82707054167986 44.44403074681759 2.717041946947575 25.93510986864567 53.26147948950529 20.33078870177269 17.47843159735203 104.7002061083913 67.30760659277439 53.56018035113811 237.2867734581232 137.144403629005 87.47454445809126 116.3670757636428 249.2421820536256 127.2569778338075 113.7760876193643 0 0.1267102062702179 0.6421224474906921 0.2572119906544685 0 0 0 0.8823474273085594 0.6275748610496521 0.5940375328063965 1.939455702900887 0 6.242990970611572 1.46764363348484 1.312245465815067 1.735032424330711 2.994055584073067 3.13496258854866 0.7670009583234787 5.764355756342411 16.50353843718767 0 4.053879961371422 0.281387060880661 35.46407809108496 33.91462037712336 47.39763412624598 37.59895352274179 30.98499029129744 0 0 0 0 0.3630891740322113 1.816615432500839 0 4.542866408824921 3.682700902223587 0 0 1.001981794834137 12.4622194096446 3.532493606209755 0.1133029609918594 1.086322516202927 0.3588441237807274 9.690384536981583 12.65156084299088 5.04554694890976 5.668737828731537 15.26818812638521 102.1186784878373 0.858774408698082 1.21062445640564 0.6918298006057739 0 0 0 0 0 0 64.80991641432047 12.77136921882629 0.4735499545931816 0.1706765443086624 0.3855207711458206 42.28558100759983 27.49616139382124 108.5382993668318 4.090350463986397 7.36503592133522 1.230641670525074 0.1675266548991203 0.1710743308067322 0.4637011587619781 0 0 0 0 0.3812221437692642 0 0 159.0356627702713 120.839042454958 80.6704163774848 340.1168723776937 10.14962354302406 173.2848208025098 52.41208527982235 130.7197253555059 8.954498052597046 0.1003233715891838 29.12783470004797 69.44921807199717 2.913876801729202 19.46844254434109 4.868743985891342 155.2773691490293 2.204355165362358 0 1.448869347572327 5.139760285615921 1.733426243066788 363.6546573862433 233.0814643278718
