42.65865843743086 837.9234039261937 777.0252678841352 1113.271772138774 9.47099731862545 15.89900553226471 51.21858990937471 73.01973725110292 0.8229568973183632 292.0851939506829 65.80502374470234 10.40458811074495 10.15847782045603 7.829182185232639 1.310201704502106 0.4695403948426247 0.3464171513915062 0.0979016050696373 0 0 0 0.2354384660720825 0 0 0.09785505384206772 0 0 0 0 0 266.9360665157437 4.526736915111542 4.416833326220512 0 0 0 0.8530187606811523 0.2552133649587631 1.151396878063679 0.1769461929798126 0 0 0.1292661875486374 0.2427926436066628 0.1924017816781998 0.07412096858024597 6.01069974899292 1.080213576555252 0 0.06105370447039604 0.3922838792204857 1.201276659965515 0.6165786683559418 0 2.230340644717216 1.625475779175758 101.9150460660458 1100.400830052793 13.26075508445501 8.477886103093624 1.253968827426434 0.507122814655304 0.1502836644649506 1.822116307914257 1.071065098047256 0.3944397196173668 0.0796394944190979 0.3099976032972336 0 0 4.346431836485863 16.09570927917957 0.9822731763124466 101.5803965739906 19.3005813062191 10.43584506213665 0.3559221848845482 0.09310939162969589 1.234212517738342 16.17732406407595 0.3922215327620506 1.455724090337753 4.471170760691166 0.1061709076166153 0.6567807123064995 0.5927110984921455 0.08791010081768036 0.393227756023407 0.178846575319767 0.8577682971954346 0 0 0.1177482828497887 0 0 22.02737538516521 5.192658998072147 0.7300950884819031 2.353425689041615 554.2540779933333 0 3.262247443199158 6.331654742360115 0.3744073212146759 0.8699222803115845 0.6543863639235497 18.11395427584648 2.741624981164932 2.093825854361057 7.7559894323349 0.1743220239877701 1.922368854284286 6.920961752533913 3.374579854309559 0.2811113297939301 0 0 0 0 0 0 0 0 0 0 0 0 0 0 0 0 0 0 0 0.1099736243486404 0 0 0 0 0.1363016664981842 0 0.3296226039528847 0 0 0 0 0 0 0 0 0 0.2036424577236176 0 0 0 0 0 0 0 0 0 0.3028945326805115 0 2.344522714614868 0.1060502976179123 0 0.7578141689300537 0 0 0 0 0 0 0 0 0 0.4047994762659073 0 0 0 0 1.963158681988716 0 0.1208969578146935 0 0.1897254437208176 0 0 0 0 0 0 0 0 0 0 0 13.12836181372404 0 0 267.9986242204905 1.031515769660473 38.21399270743132 2.992388740181923 472.6513594388962 17.20152087509632 0.1123562082648277 2.100944742560387 0.9976522326469421 0 0 0 25.41183909773827 0 0 0 0.2324623167514801 0 494.9587645679712 25.13057339191437
837.9234039261937 1018.91334458068 1216.941386654973 428.8568291179836 892.261494025588 3.679334387183189 856.6161467023194 871.5867442600429 747.6183121278882 611.3367721028626 1103.718627825379 133.0621847957373 550.1366123370826 838.9291388094425 31.53935682028532 15.80217592418194 1.996615245938301 0.1829382218420506 0.3937567919492722 0.07074937224388123 0 0 0.1004658937454224 0 1.028192944824696 0.1395381614565849 0 0.2958706766366959 0.245664581656456 0.0655028447508812 1356.087353497744 24.60566689074039 7.795994617044926 0.07952878624200821 0.2405227869749069 1.015136666595936 1.539497412741184 0.8470290899276733 0.4309529885649681 0.1748678311705589 0.1548849567770958 0.1401396095752716 0.1200151741504669 2.684489972889423 0.4579338580369949 0.7576887421309948 63.20098296925426 4.580179631710052 1.408607698976994 0.5502851456403732 0.1413598731160164 0.08942002058029175 0.2901776246726513 0.1986285783350468 12.76495846360922 8.122711028903723 39.93534752726555 687.2129937000573 29.86889164149761 69.13854429125786 1.102875784039497 0.60921685770154 0.5342443026602268 64.4789725355804 3.795351956039667 2.681140504777431 0.3493627570569515 1.083074223250151 0.246201541274786 0.3566637560725212 3.165869537740946 3.196773253381252 0 348.5209670774639 163.893493168056 132.4365680068731 24.04405163228512 6.34063858538866 57.31797937303782 70.4021518304944 1.649837631732225 3.22509241476655 15.06003395467997 0.4235732480883598 2.229199782013893 3.395073607563972 1.43364330753684 0 0.2799515351653099 0 0.3048523589968681 0.07005138695240021 0.4461304321885109 0.3681449256837368 0.1641149073839188 8.466953862458467 8.454502299427986 0.1715369820594788 1.004246573895216 295.9544191583991 0.4446988701820374 0.9714900404214859 8.173567809164524 0.2041863799095154 3.811068058013916 6.098226249217987 5.722651608288288 4.491026997566223 6.064737342298031 4.481947720050812 1.245382994413376 6.476468935608864 10.97435668110847 3.976778388023376 3.00721525400877 0.4549180492758751 0.1710672155022621 0 0 0 0 0 0 0 0.1085683181881905 0 0 0.646356500685215 0 0.1832574754953384 0 0.9304527565836906 0 0 6.684902958571911 2.47400726377964 0.08686370402574539 0 0.1996263265609741 2.495430290699005 1.131599403917789 2.463903948664665 2.279217518866062 0.1736581772565842 0 0 0 0.151083692908287 1.04841897636652 0 0 0 0 0 0 0 0.8513281345367432 0 0 0 0 2.996549561619759 1.269403830170631 0 0.2540521323680878 0.7075214609503746 7.366138551384211 1.200124233961105 0 0 0 0 0 0 0 0 3.445088408887386 0.2932090312242508 0 0 0 4.65134659409523 4.384522311389446 3.221811704337597 0.06923716515302658 0.6779041662812233 0.7818601652979851 0.08103180676698685 0.6435816213488579 0 0 0 0 0 0 0 0 10.85729518532753 0.1858047097921371 0.8419091179966927 259.8146580271423 6.789669711142778 260.2554180845618 37.88844271376729 312.3365628272295 92.57665030285716 0.9922692477703094 50.69392682611942 10.76963608711958 0.2108642905950546 0.6832127571105957 0.1256430596113205 27.41727668046951 1.162532418966293 0 0.8601348400115967 7.22099793702364 0.9654345735907555 52.68183520063758 10.04522164165974
777.0252678841352 1216.941386654973 179.0468805208802 755.5123786106706 308.4035737812519 5.145920261740685 183.7036285996437 875.6488562002778 273.0259600281715 466.1597693637013 1076.666072495282 138.2417723275721 375.2456481084228 577.5150802060962 6.234536208212376 4.039995290338993 0.6804719865322113 1.220079995691776 0.2267326638102531 0.4936670362949371 4.259355127811432 0 0.2383923754096031 0.2689880505204201 5.309072896838188 2.307751126587391 0.2329182848334312 0.4199966117739677 0.3528874069452286 0.1653307378292084 3853.577365726233 218.5103305280209 53.35575697571039 0.5598258227109909 0.3942322582006454 2.75431552529335 20.63674903661013 6.345770984888077 8.07414061203599 5.701144896447659 5.474575996398926 3.760130532085896 2.933323204517365 1.309429682791233 1.22928723692894 1.887692548334599 12.59676174819469 0.8147129118442535 0.5507072955369949 6.008344784379005 1.028150618076324 0 3.867667004466057 0.4603211656212807 2.767992272973061 1.607999980449677 16.9616290256381 277.4351425096393 5.83832360804081 13.94626688957214 36.06898194551468 12.33191931992769 0.6269662752747536 194.6424549892545 1.750092804431915 1.115030784159899 0.2998242788016796 1.371589086949825 13.84071359783411 7.277042366564274 25.65764970332384 26.14258445054293 0.5686104074120522 94.39172548428178 57.54537396132946 29.93777260929346 5.49226038902998 2.961758323013783 177.8485522046685 718.6216625086963 31.87841089814901 241.8377533853054 4.35708562284708 0.07729601860046387 1.047349564731121 0.6520296707749367 2.569452658295631 0 0.4715105220675468 0 0.4815109148621559 0.2350097596645355 9.583591222763062 2.307456523180008 1.658657178282738 57.70636189356446 62.54654780030251 0 11.61037294566631 285.9759818539023 7.367352388799191 3.135741584002972 31.72305534780025 4.669944778084755 16.8814309835434 20.58850625902414 6.349117875099182 21.90446712076664 23.82390680909157 14.67446747422218 9.475970968604088 18.63629634678364 51.1920864507556 16.68643651902676 10.24677532166243 2.415588721632957 2.098124027252197 0.1444840729236603 1.055762410163879 0 0 0 0 0 0 0 0.1222253888845444 3.932265035808086 0 0.8825741037726402 0.1271379888057709 4.811754696071148 0.45919169485569 1.195603102445602 23.37686084210873 15.88248683512211 0.8163805678486824 1.301827386021614 1.542656511068344 7.30221101641655 11.45241861790419 16.97256569564342 7.904497966170311 3.49760165065527 0.1474418640136719 0.1814226880669594 0 3.501465290784836 5.145929701626301 2.935634404420853 0 0.3010304346680641 2.158330619335175 0 0 0 5.84270665794611 1.010074883699417 0.3527407050132751 0 0 8.051128856837749 11.07215467095375 0 2.738336279988289 2.761083468794823 29.32570428401232 13.35445541888475 0 0.09231122583150864 0 0.07176293432712555 0 0 0 0.1297445744276047 10.58737672120333 3.548446528613567 0 0 0.08943388611078262 44.49371357262135 28.78744850680232 27.54920671135187 3.609586618840694 8.298614010214806 2.004276379942894 1.079429484903812 2.932350568473339 0.3775362521409988 0 0 0 0 0.3554578423500061 0 0 33.44329226762056 2.375954881310463 6.281219236552715 61.71451532840729 3.663084730505943 51.01618758589029 8.787969142198563 59.95464280247688 12.99590758234262 0.283611111342907 6.667827844619751 21.99186612665653 0.2539594024419785 13.66960769891739 2.567851349711418 53.11517427116632 4.58144872635603 2.135712623596191 8.10180389881134 2.073508523404598 0.3105463311076164 35.00008353590965 18.15137070417404
1113.271772138774 428.8568291179836 755.5123786106706 439.0784540399909 89.76795496046543 184.5181718170643 148.8315390534699 28.41588670015335 62.70815629512072 1664.625228069723 123.0493972636759 38.24961867183447 163.1629248335958 255.9150477573276 5.769821546971798 2.869571194052696 0.09044623374938965 0.1444002017378807 0 0 0 0 0 0 0 0 0 0 0.127138614654541 0 130.3293275758624 6.305131562054157 3.162533342838287 0.08666803687810898 0 0 0 0.07348652929067612 0.106422558426857 0 0 0.06392692029476166 0 0.4523975104093552 0.07641720771789551 0.2314020693302155 17.64453540742397 0.7824012413620949 0.4103095978498459 0.2176700755953789 0 0 0.185560368001461 0 4.418570682406425 1.816039353609085 18.3100549057126 1033.22102849558 12.66570291668177 18.98795656487346 0.3033148422837257 0.2802188321948051 0.08445005118846893 8.099344782531261 1.331252507865429 0.4894502088427544 0.0686260387301445 0.5993548259139061 0.05601994693279266 0 0.9454977363348007 0.418529100716114 0 133.8475423417985 35.84267287328839 31.74355908855796 3.677530638873577 0.7137548439204693 0.4608834534883499 21.52712335437536 0.6786287613213062 0.5042582973837852 5.685142308473587 0.1446760147809982 0.7444809004664421 0.7630762755870819 0.8116874024271965 0.08137334883213043 0.06887167692184448 0.0780804306268692 0 0 0.06907415390014648 0 0 1.673389971256256 2.773069053888321 0 0.6956383809447289 332.7320375964046 0.1612286269664764 1.378061756491661 7.100490659475327 6.536464408040047 1.281191885471344 1.654316693544388 0.5167728364467621 7.423444807529449 1.190836474299431 0.4266050755977631 0.6814388632774353 5.090769819915295 10.86975278705359 7.793529376387596 0.2830458655953407 0 0 0 0 0 0 0 0 0 0 0 0 0 0 0 0 0 0.2982899248600006 0 0.5065535008907318 0.1790913492441177 0 0 0 0.3736444339156151 0 0.3211406692862511 0.09893897175788879 0 0 0 0 0 0 0.09844245761632919 0 0 0 0 0 0 0 0 0 0 0 0 0.1153290420770645 0 0 0 1.547787576913834 0.2985224723815918 0 0 0 0 0 0 0 0 0.8385293856263161 0 0 0 0 2.519495375454426 0.1046188101172447 0 0 0.2043875455856323 0 0.08265475928783417 0.2269031852483749 0 0 0 0 0 0 0 0 3.429887190461159 0 0 83.60789430141449 1.46876223385334 88.38273169845343 8.104662351310253 291.7568034157157 28.7998900860548 0.2379426285624504 18.73573058098555 0.3309795409440994 0 0.9494835436344147 0 2.147677287459373 0 0 0.3345441073179245 4.610597260296345 0 47.3784101754427 3.318910390138626
9.47099731862545 892.261494025588 308.4035737812519 89.76795496046543 618.0192702114582 0.4011196196079254 2169.780961252749 503.1320506110787 2027.582357354462 777.5232584252954 1389.305917300284 99.65166352689266 745.7728689014912 919.9108137786388 4.052484549582005 3.985303670167923 0.08518102020025253 0 0 0 0 0 0 0 0.1080297902226448 0 0 0 0 0 25.8911322876811 7.032261416316032 1.680274248123169 0 0 0 0.300766609609127 0.1154472455382347 0.0910767987370491 0 0 0 0 0.6623546332120895 0 0.1056293398141861 3.971105352044106 0 0 0 0 0 0 0 0.7784652560949326 0.2873493954539299 1.924797512590885 15.1714721545577 1.733789511024952 4.801613546907902 0.4458077773451805 0 0.101437933743 5.480742529034615 0.2287331596016884 0.3627920299768448 0 0 0 0 0.9042821377515793 1.385352477431297 0 14.33705393224955 11.39647795259953 9.966880388557911 3.962666779756546 0.6969919502735138 18.60808029025793 21.28839080408216 0.2040713280439377 2.08663459867239 0.7344651147723198 0 0.09009068459272385 0.1765537559986115 0.07765458524227142 0 0 0 0 0 0 0 0 2.322350315749645 0.1985057219862938 0.1921850889921188 0.08029349893331528 1.835286401212215 0.1334153711795807 3.689435005187988 1.588164106011391 0.1771242618560791 0.2037335708737373 0.9421641081571579 0.5323945283889771 0.5465666651725769 0.7793443277478218 0.5249863266944885 0.4903197288513184 1.259947389364243 1.763453632593155 0.1148193329572678 0.479582242667675 0 0 0 0 0 0 0 0 0 0 0 0 0.1180656477808952 0 0 0 0.4733273088932037 0.10511165112257 0 1.421031899750233 0.7949531301856041 0 0 0 0.5027492493391037 0.1324924528598785 0.4105324745178223 0.1025478914380074 0 0 0 0 0 0.2073417454957962 0 0 0 0 0 0 0 1.223782896995544 0 0 0 0 0 0 0 0 0 0.666625089943409 0 0 0 0 0 0 0 0 0 0.3681449890136719 0 0 0 0 0.359944611787796 1.00726406276226 0.6465417146682739 0 0.09681706875562668 0 0 0 0 0 0 0 0 0 0 0 3.185588479042053 0.1285254806280136 0.09375917911529541 38.0660292878747 0.6011759042739868 18.04675462841988 2.817731074988842 13.34914857894182 6.315280877053738 0 3.230458214879036 1.406240798532963 0 0.8624405562877655 0 1.353406846523285 0.7699106186628342 1.439356207847595 0.1180271953344345 0.5554597228765488 0.2157482355833054 4.96178787946701 3.705125272274017
15.89900553226471 3.679334387183189 5.145920261740685 184.5181718170643 0.4011196196079254 0 3.266513541340828 2.258940570056438 1.522820129990578 181.5520612895489 3.854733444750309 100.2053873762488 27.72635051608086 13.05166260898113 1.614270441234112 1.276143349707127 0.08879730105400085 0 0 0 0 2.503199145197868 0 0 1.939503394067287 0 0 0 0.1366433650255203 0 2.829941906034946 1.783223427832127 28.40423005819321 0 0.7266195118427277 2.490166142582893 24.8640054538846 3.447795018553734 8.340523347258568 2.348308898508549 0 0 0 1.698400005698204 0.1024706587195396 1.94418778270483 1.090389788150787 0 0 0 0 2.39199198782444 5.097969986498356 0 0.2161023020744324 0.4023087471723557 43.9414820894599 41.29581674933434 0.4906211048364639 0.8941053971648216 5.312151290476322 7.953338198363781 3.107954740524292 1.127283975481987 0 0 0 0 0.200499638915062 0 51.74043845385313 63.48112087696791 6.557520166039467 1.148100651800632 1.846407115459442 1.801649942994118 1.284082569181919 0.7530565932393074 1.326475761830807 26.53849586099386 2.334467530250549 13.56128447502851 0 0.5057314559817314 0.08593551814556122 0.7028389275074005 0 4.901036262512207 2.155035391449928 3.218430981040001 0.3772140964865685 0 0 0 0.3603166937828064 112.3291155174375 133.6935349777341 19.24992910027504 20.51953452080488 163.5312547981739 0 12.07974225282669 7.315742887556553 1.504768706858158 1.161840513348579 4.440926350653172 19.31000927090645 4.540331140160561 6.817920744419098 16.20865949988365 0.1246118694543839 3.701080203056335 10.42311435192823 1.417778536677361 1.489871293306351 0 0.09400805085897446 0 0 0 0 0 0.1573227941989899 0 0 0 0 0 0 0.08553200215101242 0 0 0 0 0.1144685298204422 0.9339762106537819 0 0 0.105383887887001 0.2305551692843437 0.2992943301796913 0 0 0.09797007590532303 0 0 0 0 0 0 0 0 0 0 0 0 0 0.09777089208364487 0 0 0 0 0 0 0 0 0.1071949303150177 0.09201860427856445 0 0 0 0 0 0 0 0 1.695275142788887 0 0 0 0.1153221055865288 2.458048351109028 0 0.4024693593382835 0 0 0.1226801127195358 0 0 0 0 0 0.2445312812924385 0 0 0 0 15.45880826562643 0 0 135.7134323194623 0.2176507711410522 4.908191531896591 1.579729117453098 216.8876829966903 9.462537370622158 0 0.4348458498716354 6.491561889648438 0 0 0 38.02799865603447 0 0 0.1688374578952789 0.3495562970638275 0 147.0438366308808 36.12509299069643
51.21858990937471 856.6161467023194 183.7036285996437 148.8315390534699 2169.780961252749 3.266513541340828 342.0357134751976 164.6948359385133 1515.501017600298 1213.431145824492 752.8780196160078 233.3541180565953 2258.122783973813 2911.413216739893 19.87864039093256 18.65438178926706 0.9430331215262413 0.235155776143074 0.08287420123815536 0.06828487664461136 0 0 0 0.1095242276787758 0.1975938752293587 0 0 0 0.1150915697216988 0 65.02209033444524 20.73181601986289 3.512824553996325 0 0 0.1826771050691605 4.124160751700401 0.4310072436928749 0.7425905838608742 0 0.3029424846172333 0.1114098876714706 0.09797637909650803 1.916119813919067 0.2229702472686768 0.2195171788334846 34.01455922424793 0.9532342404127121 0.2009955272078514 0.2767069488763809 0 0 0.1386806145310402 0.1476878747344017 2.775384172797203 2.274944968521595 7.336526773869991 104.0541618466377 6.887283023446798 27.67577892541885 1.644844241440296 0.7878221347928047 0.2056935206055641 25.44781987369061 1.375788778066635 1.115467213094234 0.06467863172292709 0.3045854568481445 0.4414609968662262 0.06533277779817581 11.25158108025789 1.319773711264133 0 96.09921511262655 59.07732428610325 62.42236208543181 18.42010580003262 5.21475937217474 40.24415419995785 3.85743347927928 2.153430622071028 3.492795050144196 3.549149572849274 0.1428931578993797 0.5792002975940704 0.5501014441251755 0.5017313882708549 0 0.128489650785923 0 0.3877572491765022 0 0.2435526326298714 0.09103690087795258 0.1287776380777359 13.57589557021856 2.697369642555714 0 1.858536005020142 8.436609350144863 0.3164423182606697 0.8818293809890747 37.58249804377556 6.293171741068363 2.526366002857685 12.2228282019496 3.02266088873148 32.47226419299841 31.20738024264574 10.53986845165491 1.497815206646919 7.641619324684143 14.60032064467669 5.088864132761955 2.465998195111752 0.09057234972715378 0.08911511301994324 0 0.323023296892643 0 0 0 0 0 0 0 0.1207200437784195 0 0 0.2799977660179138 0 1.090127009898424 0 0 4.630898706614971 2.081978432834148 0 0 0 1.419644095003605 2.780903562903404 1.968269415199757 1.237534955143929 0.08915120363235474 0 0 0 0.1285905987024307 0.8703890815377235 0 0 0.8079134747385979 0.1474889069795609 0 0 0 0.3274776041507721 0 0 0 0 0.1684963703155518 0.8787437900900841 0 0.1325234770774841 0 4.93608696013689 1.694199621677399 0 0 0 0 0 0 0 0 4.522754348814487 0 0 0 0 7.991086378693581 4.031552016735077 1.714121997356415 0.1039117947220802 0.9368394538760185 0.1259395182132721 0.1564795970916748 0.258015651255846 0 0 0 0 0 0 0 0 9.482452064752579 0.8243210837244987 0.555428147315979 196.8315306082368 2.554923675954342 105.4587333463132 18.59384702146053 112.019009552896 33.05298499763012 0.1050039827823639 34.56846871972084 7.258710235357285 0 3.716068267822266 0.5161923468112946 9.935072936117649 1.646259658038616 0 0.6026918813586235 6.669276691973209 0.8400978893041611 22.81192495301366 10.01501876115799
73.01973725110292 871.5867442600429 875.6488562002778 28.41588670015335 503.1320506110787 2.258940570056438 164.6948359385133 618.3947236165404 232.9631954059005 181.4634089097381 1632.882874585688 134.4394428282976 524.1398531347513 1539.540436126292 7.764293618500233 6.430715374648571 0.7856598757207394 0.5393408462405205 0.07000958919525146 0.1440080106258392 8.429235070943832 0 0.6315553411841393 0.870930552482605 6.23983446508646 0.9901488348841667 0.375087633728981 0.2571607828140259 0.5129250437021255 0.4307161718606949 1042.604423038661 78.46096031367779 98.68220572173595 0.2246320694684982 1.479935094714165 3.34783586114645 21.45143307372928 7.06349004805088 7.028777450323105 2.433497712016106 7.925638742744923 3.378525033593178 1.13695915043354 1.002554945647717 0 0.4922834485769272 11.49639488756657 0.8410762771964073 0.9419681653380394 3.5201121494174 1.333658419549465 0.2150067985057831 3.308460436761379 0.1877668723464012 1.166662715375423 0.967073418200016 5.198536492884159 93.67345271259546 3.158927246928215 9.910542219877243 31.60244787484407 31.47130309045315 0.07044727355241776 69.22463917732239 1.039144985377789 0.648470550775528 0.08875729143619537 0.8912013843655586 10.71979599446058 5.205049067735672 24.69153696298599 18.24367256462574 0.1356400996446609 47.59356113523245 40.20759079605341 23.46880505606532 8.765068486332893 5.062368236482143 510.3714808523655 1841.440697457641 45.19440508633852 757.7702561318874 1.43534779548645 0 0.3790381625294685 0.8596777953207493 1.32320062816143 0.09453471004962921 0.07825359702110291 0 0.6842297911643982 0.5433874800801277 14.65381652861834 2.641456037759781 1.41836603730917 47.55121313035488 35.42252784967422 0 8.918803371489048 47.01826750487089 5.612262040376663 3.680815130472183 14.87110304832458 1.236885465681553 11.15830030292273 13.19703042507172 3.326477639377117 14.53353606164455 13.70907256007195 4.759474031627178 3.620884522795677 13.81457518786192 33.69838879257441 7.752226263284683 6.206363283097744 1.554677084088326 1.531494922935963 0 0.6461680307984352 0 0 0 0 0 0 0.5373841971158981 0 0.4651243686676025 0.3767382204532623 0.3904623687267303 0 3.489995330572128 0.2830877006053925 0.1577290743589401 13.58193576335907 8.139352679252625 0 3.200856491923332 0.1089596673846245 4.952225185930729 9.278986491262913 9.751224189996719 4.548438802361488 1.349871650338173 0 0 0.2772507220506668 2.213594198226929 1.061983838677406 1.471533391624689 0 0.5739213824272156 2.95512430369854 0 0 0.09312750399112701 0.7626588419079781 0.5693206489086151 0.7465144395828247 0 0 2.402472361922264 6.744920797646046 0 2.456067241728306 1.438418656587601 13.87896660715342 7.077874779701233 0 0 0 0 0 0 0 0.07775866240262985 9.574296288192272 3.308985769748688 0.1848198026418686 0 0.1739511787891388 27.25060188770294 15.5356409996748 17.71589624136686 4.588947527110577 6.295403398573399 1.442987412214279 0.199787899851799 2.162078738212585 0 0 0 0 0 0.1260491907596588 0.2167056947946548 0 18.63066537678242 1.987764872610569 3.727186724543571 83.61977531015873 4.471961088478565 40.24876364693046 7.657763160765171 31.45369414240122 11.07173585146666 0.2449636459350586 8.080323055386543 14.52842076867819 0.6657163500785828 7.27738331258297 0.6926547735929489 38.12543873488903 3.942124627530575 0 3.362479761242867 2.427085712552071 0.8707563281059265 17.29599717259407 12.4231908172369
0.8229568973183632 747.6183121278882 273.0259600281715 62.70815629512072 2027.582357354462 1.522820129990578 1515.501017600298 232.9631954059005 578.0439053326845 311.499798335135 532.1264545992017 282.1785992607474 1608.228898607194 709.592320650816 6.488919138908386 4.901835411787033 0.2850022837519646 0 0 0 0.1058448627591133 0 0 0 0.0942070335149765 0 0 0 0.09862024337053299 0 6.500223696231842 8.177690133452415 9.677887700498104 0 0.08694534748792648 0.1838012188673019 2.938496075570583 0.191157341003418 0.1637469753623009 0 0.4167402386665344 0.09742302447557449 0 0.697313167154789 0.09797021746635437 0 4.867375195026398 0.09541931748390198 0.1759146228432655 0.07262507081031799 0 0 0.08032679557800293 0 0.5614201575517654 0.1430182531476021 0.871127188205719 9.578157544136047 0.5371812433004379 4.928983092308044 0.4843084067106247 0.5218482539057732 0.2267135456204414 4.69603406637907 0.1911490485072136 0.3716534152626991 0 0 0 0 4.764852754771709 0.3260294571518898 0 11.32762874290347 8.862792618572712 12.90145885199308 6.330200389027596 3.131393738090992 12.55580734461546 26.9528417289257 1.310647986829281 2.354340679943562 0.6166700199246407 0 0.07165532559156418 0.07264945656061172 0 0 0 0 0.1030361130833626 0 0.3300526663661003 0.0902189165353775 0 6.598064512014389 1.706342376768589 0 0.3888329342007637 1.037532098591328 0.2046630084514618 0.3480537235736847 2.689777329564095 0.6628545969724655 1.567343711853027 3.604975961148739 0 3.514551743865013 3.052209481596947 1.241363860666752 0.4558553472161293 2.186990886926651 6.304830700159073 1.111811727285385 1.501578368246555 0.1264485269784927 0 0 0 0 0 0 0 0 0 0 0 0 0.08830640465021133 0.1453776955604553 0 0 0 0 2.5047412738204 1.160846211016178 0 0 0 0.7712963595986366 0.2811131477355957 0.4307556375861168 0.09489267319440842 0 0 0 0 0 0 0.2567127719521523 0 0 0.3232867568731308 0 0 0 0.3605481386184692 0 0 0 0 0.470585510134697 0.2243758141994476 0 0 0 1.539816752076149 0.2100073546171188 0 0 0 0 0 0 0 0 1.373101241886616 0.1846311688423157 0 0 0 3.33540016412735 1.31176570057869 1.082872532308102 0.2824261263012886 0.09731625020503998 0.168106846511364 0 0.1128843650221825 0 0 0 0 0 0 0 0 4.640886150300503 0.2642925679683685 0.09175664931535721 63.56927759200335 0.9502994120121002 16.63622499257326 5.664688862860203 16.43064563721418 4.150575116276741 0.4536973237991333 6.067666009068489 2.964054644107819 0 0.6159652173519135 0 9.475816309452057 0.3050412237644196 0 0 1.540182083845139 0 11.44203772395849 4.323105715215206
292.0851939506829 611.3367721028626 466.1597693637013 1664.625228069723 777.5232584252954 181.5520612895489 1213.431145824492 181.4634089097381 311.499798335135 2172.022298358381 291.9033820033073 1394.422080729157 3098.686690077186 573.6202789396048 36.93151699751616 31.77216301485896 1.310905486345291 0.07708285003900528 0.1475262492895126 0 0 0 0 0.2160995751619339 0.2535019740462303 0.2348584681749344 0 0 0.2134900167584419 0 53.13101041316986 29.1642040014267 71.72029017657042 0.4030821025371552 0 0.2157592475414276 24.74316672980785 0.5180919356644154 1.257275991141796 0.5260749980807304 0 0.6461048498749733 0.07892628014087677 4.434772796928883 0.1207540594041348 1.398960158228874 45.68275962024927 2.510020814836025 0.1601171121001244 0.313174232840538 0.2040633484721184 0 0.2873730063438416 0.1457580626010895 4.69390431791544 2.855830319225788 10.16450636833906 149.1726733446121 9.696808837354183 39.808543600142 23.08313914388418 7.711700282990932 2.023088444024324 27.67697853595018 1.409026145935059 1.117855899035931 0.1282900087535381 0.2921341806650162 0.07210302352905273 0.09471879154443741 43.07400177419186 11.31074243783951 0 109.5632014647126 63.17379273474216 79.71789803355932 32.5621066391468 12.20190900564194 30.74487601220608 17.37759466841817 15.11186242103577 17.72403264790773 5.050599738955498 0.067551389336586 0.5212395265698433 0.9392860420048237 0.1349775046110153 0.1483369171619415 0.07920205593109131 0 0.1023092344403267 0 0.1909205988049507 0.1615664288401604 0.08708104491233826 459.2239711508155 19.86430529877543 0 6.08972192555666 86.62730155140162 6.646206758916378 47.41617372632027 109.8301787897944 18.3365834876895 40.80479571968317 80.49052190035582 121.7659347504377 69.26445242017508 101.2586801052094 130.0781803429127 15.63582720607519 67.62333288788795 201.109973564744 50.50697384029627 31.34522371739149 2.517934903502464 0.942053385078907 0 0.6498414650559425 0 0 0 0 0 0 0 1.048828303813934 1.911055848002434 0.4855702519416809 0.8453350812196732 0 1.25927659124136 1.813166201114655 0 36.9852804467082 20.33134397119284 0 0.3966669291257858 0.2578185200691223 13.72573291510344 4.978549942374229 17.7691540941596 5.139798164367676 1.581122696399689 0 0.1709225028753281 0.08566626906394958 2.310737110674381 1.005835458636284 0.325012594461441 0.1453447639942169 0.5781011357903481 3.370319835841656 0 0.1960409581661224 0.1605587601661682 1.438374362885952 0.1654470413923264 0.4277184009552002 0 0.07259795069694519 4.507690533995628 7.163758486509323 1.07104480266571 1.645857721567154 0.4189009368419647 31.42688992619514 9.322754815220833 0.07969923317432404 0.06701105087995529 0 0 0 0 0 0.1909927725791931 36.55913496017456 7.628474108874798 0.371216207742691 0.1256492584943771 0.3062664270401001 79.27202852070332 14.24809703230858 31.78088390082121 2.0159602612257 6.625400684773922 2.775055430829525 1.119278512895107 2.672634139657021 0 0 0 0.167294979095459 0 0 0 0 181.7199977636337 4.475680090487003 7.692901395261288 976.9524123743176 9.670367524027824 167.813239376992 33.4989847689867 342.345265544951 71.88378412276506 0.1978160589933395 100.8978956118226 33.55541449785233 0.4867426082491875 16.238166898489 3.859708860516548 226.9472194910049 4.96646024286747 0.3636213541030884 5.383238226175308 21.42894612252712 1.032876417040825 540.6655809208751 258.9909101501107
65.80502374470234 1103.718627825379 1076.666072495282 123.0493972636759 1389.305917300284 3.854733444750309 752.8780196160078 1632.882874585688 532.1264545992017 291.9033820033073 1552.005452498794 411.4562456905842 2194.869095370173 1235.000729396939 17.82645677775145 22.5034122094512 0.4179854169487953 0.06595421582460403 0.0781654566526413 0.1757505312561989 1.835981942713261 0 0.3887364864349365 0.595962680876255 3.829020254313946 0.3395243138074875 0.6810528412461281 0.1097591891884804 0.4725422710180283 0.1958669647574425 203.3241873160005 36.89502615481615 142.9175616130233 0.3365615382790565 0.4606712087988853 5.076136827468872 69.20239213109016 12.64590141177177 6.445268400013447 3.814103029668331 3.656095527112484 1.342705756425858 0.420986220240593 5.829249460250139 0.3692967593669891 0.4854677766561508 16.03076892346144 0.5650876462459564 0.08062496036291122 0.4603988416492939 0 0.2336416095495224 1.262206573039293 0.07110235840082169 0.7022988796234131 0.2881015837192535 2.505679324269295 34.43309153616428 2.132352232933044 11.09401893615723 12.62604562938213 20.8557737544179 0.3568572700023651 21.18650960177183 0.4241063445806503 0.07610335946083069 0 0.5067830160260201 1.636598266661167 1.350775167346001 20.79278843849897 4.771239399909973 0.07917014509439468 29.95727415010333 33.62691608443856 33.54237283393741 23.75344388559461 13.81709076464176 83.46019511669874 311.0693769529462 12.37625454366207 86.37503255903721 1.061310224235058 0 0.2195723503828049 0.2352351546287537 0.3139647096395493 0 0.1730615049600601 0 0.319780558347702 0 3.535949148237705 0.5580132231116295 0.3338067531585693 45.32823575288057 13.21593809127808 0 4.090957589447498 12.20528708398342 0.5637197569012642 0.8795579671859741 8.010450035333633 0.1885815784335136 3.72659657895565 4.776399880647659 3.147417590022087 5.875306211411953 7.946250312030315 1.591419525444508 0.8103761151432991 7.528691731393337 14.70287449657917 6.331725440919399 3.081623323261738 0.5903166532516479 0.1593391820788383 0 0 0 0 0 0 0 0 0.4366711750626564 0.1175743415951729 0.2736923322081566 0 0 0.3198219537734985 0.3086784332990646 0.06795240938663483 0.1528598964214325 5.701833814382553 3.065691523253918 0 0.083177849650383 0 2.655865348875523 1.349893040955067 3.354693032801151 1.09860748052597 0.3175125792622566 0.1162899881601334 0.1617335826158524 0 0.5604783147573471 0.129228338599205 0.6790420413017273 0.1376645416021347 0.08689209073781967 0.2572780251502991 0 0 0.1793242245912552 0.5492794066667557 0 0.06189125776290894 0 0 0 1.064730003476143 0.1274177730083466 0.5076309517025948 0.2449379116296768 7.361182659864426 1.193710841238499 0 0.1039205640554428 0 0 0 0 0 0 3.61371024698019 0.3048069700598717 0 0 0 11.36523614823818 5.745182499289513 5.21020695567131 0.659343808889389 1.112602777779102 1.013525933027267 0.2258997708559036 1.041636787354946 0 0 0 0 0 0 0 0 13.90047687292099 1.219073995947838 1.45700990408659 146.5816500931978 4.119291923940182 44.63966807350516 12.69077058136463 33.53125511854887 11.67037019133568 0 16.96772360056639 3.485281743109226 0.7171754017472267 3.705326102674007 0.3850072398781776 5.681332483887672 0.3836964964866638 0 1.048481397330761 3.555756613612175 0.109168566763401 17.23105542361736 11.35478207468987
10.40458811074495 133.0621847957373 138.2417723275721 38.24961867183447 99.65166352689266 100.2053873762488 233.3541180565953 134.4394428282976 282.1785992607474 1394.422080729157 411.4562456905842 169.1538670957088 599.0966938659549 300.336906991899 21.19243195652962 28.89699449390173 0.4395317435264587 0.2006847150623798 0 0.389450915157795 0.9786329194903374 0 0 0.1051965355873108 4.463598862290382 0.6735213547945023 0.401611290872097 0 0.837141215801239 0.1290423572063446 19.74339734762907 10.50114350020885 119.0274698808789 0 0.8911178261041641 4.632158808410168 170.5292637571692 25.73531986027956 85.8864580988884 16.69458694010973 0.9834933876991272 0.6788556203246117 0.1424158588051796 7.943745970726013 0.2451868951320648 1.246362507343292 19.74668478220701 0.3679611012339592 0.1665295585989952 0.2841861546039581 0 0.2120128571987152 22.24249701201916 0 0.5272273644804955 0.1446136608719826 1.643281579017639 16.15055207535625 1.386514157056808 10.85993304476142 32.61720357835293 74.86418092995882 1.299273408949375 17.35899256542325 0.2080839201807976 0.2739133536815643 0 0.09035995602607727 1.251643724739552 0.2884309887886047 79.40111986175179 15.17912025004625 0.156059667468071 21.94044261798263 26.97178899124265 29.66335441544652 27.40600109100342 16.86626472324133 14.61144595593214 100.4527255147696 24.71065163984895 75.83161655068398 1.267182677984238 0 0.4607878774404526 0.238513171672821 0.197782501578331 0.08940446376800537 0 0 0.5113884434103966 0.2463952302932739 1.878369428217411 0.5601580366492271 0.07661347836256027 770.1525084972382 31.08892644196749 0.1125127151608467 58.46926294267178 17.48015560209751 4.991811953485012 17.4042449966073 56.95723823457956 9.267291121184826 22.9519789814949 47.12135317921638 41.54592271894217 49.89489607512951 67.94440472126007 67.91742712259293 9.331653736531734 43.11673186719418 128.2134040445089 39.30026802420616 21.33784288167953 1.40811450779438 0.8289067894220352 0.07685239613056183 0.5782187581062317 0 0 0 0.1138632521033287 0 0.1007264479994774 1.249622732400894 0.1842736825346947 0.4414480477571487 0 0 0 0.9493733048439026 0.08548314869403839 1.308027759194374 28.39821175485849 13.29424604773521 0 0.3213076293468475 2.204388976097107 10.82291152328253 5.272752471268177 8.659994758665562 4.064006522297859 0.151121512055397 0.4527396783232689 0 0 1.176280364394188 0.8222756311297417 0.3280833661556244 0 0 0.9957920908927917 0 0.08203515410423279 0.3095622211694717 0.7618265524506569 0.7422167435288429 0.7538312822580338 0 0.09170931577682495 1.771294102072716 3.800548568367958 0 1.192005917429924 0.673950582742691 20.3912163823843 9.006554201245308 0 0.1394764482975006 0 0 0 0 0 0.1302273273468018 29.59267696738243 2.718769244849682 0.1118704304099083 0.1967150866985321 0 54.92327446490526 11.83158685266972 19.60814142227173 2.477550260722637 4.847359262406826 2.15728223323822 1.003900334239006 1.731219507753849 0.1586733311414719 0 0 0 0 0 0.1040836498141289 0 140.6354993209243 5.225490219891071 4.799975469708443 280.3853345885873 2.965986974537373 47.72618751600385 17.84955902397633 98.50648610293865 13.44204266369343 0.1820372194051743 26.72206425666809 14.92957270890474 0.7456866204738617 7.129067588597536 1.298916593194008 77.24115718156099 1.709941409528255 0 2.668022401630878 6.414451532065868 1.031575590372086 817.8046164512634 173.6798434332013
10.15847782045603 550.1366123370826 375.2456481084228 163.1629248335958 745.7728689014912 27.72635051608086 2258.122783973813 524.1398531347513 1608.228898607194 3098.686690077186 2194.869095370173 599.0966938659549 1300.512907519937 2260.801718696952 25.79441429674625 30.72741094976664 0.663920596241951 0.07897008210420609 0.1584252044558525 0.08543062210083008 1.214213132858276 0 0.5220151320099831 0.1977385655045509 4.361861132085323 0.08991877734661102 0.2110059633851051 0.2107315137982368 0.3077159002423286 0.2436278834939003 40.05996648967266 21.53933319449425 362.6734385713935 0 0.3710990101099014 10.72265360504389 244.6018796563148 24.88663342967629 18.70028655976057 7.906847432255745 2.376465745270252 1.289456777274609 0.1114697605371475 8.659270852804184 0.1600141748785973 1.12924886494875 24.85917092859745 0.8189055323600769 0.2500045150518417 0.4030133336782455 0.436314269900322 0 4.578788831830025 0.07742425799369812 0.739749401807785 0.6758628487586975 2.640647500753403 30.60841877013445 2.986482381820679 17.34152601659298 22.7936804369092 54.50944327563047 0.4283912554383278 22.70365317165852 0.4422652423381805 0.4587031491100788 0.08598464727401733 0.3323965445160866 1.086447220295668 0.9382332265377045 149.7625196278095 12.70514024794102 0.1522566974163055 36.38607552275062 36.21964760869741 44.90877917036414 31.97269517183304 17.61571196466684 133.4762757495046 126.5023886747658 19.06195305287838 58.3612631931901 1.689615227282047 0 0.282774031162262 0.4445735365152359 0.3256945013999939 0.2793691605329514 0.1014631912112236 0.0856054425239563 0.5960257649421692 0.1530824154615402 1.685160465538502 0.6251592189073563 0.6179613620042801 331.8378892987967 27.92112799733877 0 20.0685116276145 7.380167320370674 2.53375118970871 13.2249528169632 32.85804963111877 8.586945548653603 21.08584027737379 28.77128849178553 25.19407162070274 30.55391248315573 41.69556605070829 32.74243552237749 5.573028206825256 32.87492855638266 80.99075801670551 24.35981563478708 13.098009750247 1.342084743082523 0.6542081497609615 0 0.08780570328235626 0 0 0 0.1308700442314148 0 0 0.2473297342658043 0.1084336712956429 0.5589912235736847 0 0.08375084400177002 0.1772529482841492 1.763086996972561 0.2707394063472748 0.3976554274559021 20.85321901738644 9.969248354434967 0 0.1603883653879166 0.2578900158405304 9.089767184108496 2.662570752203465 10.25422867387533 2.533202458173037 0.8318076208233833 0.09046580642461777 0 0.1062070727348328 1.064552254974842 2.274833679199219 0.8925688490271568 0 0.289469487965107 0.9588587582111359 0 0.1754733920097351 0.1731694638729095 0.3412391692399979 0 0.3058729469776154 0 0 2.637710861861706 4.138001680374146 0.1188413947820663 0.9767644479870796 0.3558102026581764 18.38730864971876 4.865537039935589 0 0 0 0 0 0 0 0 16.46532266587019 2.698016814887524 0.1227065846323967 0 0 39.24570567160845 14.17269992828369 17.97293067723513 2.865964278578758 5.196099236607552 2.099194794893265 0.6721486747264862 1.515802994370461 0.1086166948080063 0 0 0.1477001309394836 0 0 0.3520013391971588 0 76.47682464122772 3.258773848414421 3.587328605353832 295.9788053780794 4.021929018199444 61.26363629847765 18.4285826086998 64.47510090470314 14.99277561903 0.2512244284152985 27.85928421467543 17.60678215324879 0.2087955549359322 9.773700743913651 0.4584977924823761 49.06826540827751 1.832785345613956 0 1.710046224296093 7.336210779845715 0.08302583545446396 227.2566733509302 83.93080244958401
