429.643607519567 2663.841791011393 262.307167224586 897.2383577749133 509.0169482678175 190.5537445545197 631.5050390958786 15.72023174911737 190.9286758601665 546.3178580701351 134.9783297851682 70.83788231760263 223.9079784601927 100.8849228397012 7.660792358219624 2.054633915424347 0.3733397424221039 0.3060905039310455 0 0.1966330483555794 1.635538026690483 0.3628089725971222 0.4718470945954323 0.319126769900322 1.317885607481003 0.3320069387555122 0.138121098279953 0.6298023983836174 0.3841362297534943 0.11060631275177 621.812270052731 3.338699012994766 12.05418869107962 0.5017267689108849 0.8697210401296616 2.349030964076519 3.244316078722477 0.9577109143137932 0.6337709054350853 0.6775542199611664 0.1708111613988876 0.9798145666718483 0 1.083101116120815 0.3439767211675644 0.6432981267571449 112.6968286558986 6.810102447867393 1.409078538417816 0.4241246730089188 0.8394755274057388 0.9824050068855286 0.531807042658329 0.8211810141801834 9.888961747288704 15.18034140765667 295.2151702865958 409.9908183291554 39.1407363936305 79.43496659398079 0.3902352675795555 2.56774515658617 0.08733422309160233 22.96756795793772 10.46106024831533 6.841504357755184 1.259568087756634 1.99301141500473 1.228466905653477 0.6680871918797493 9.181163467466831 13.24600946903229 0.1276594400405884 246.5760877579451 86.76706510782242 78.83331482112408 5.331668145954609 1.262374520301819 1.369033932685852 16.8208304271102 1.500617958605289 6.599224954843521 25.04771716147661 0.3138445019721985 5.308067187666893 8.020645245909691 2.302343063056469 0.1513863503932953 2.261239491403103 0.4330079779028893 0.8782950565218925 0.1238198354840279 0.1584848761558533 1.224876001477242 0.6890311762690544 85.87193576991558 3.549980074167252 0 2.659166321158409 1183.880382545292 0.1459497660398483 0.4166426062583923 0 0.1459719836711884 0 0.7692969888448715 3.287786915898323 0.4305031299591064 6.090535566210747 9.625564470887184 0 1.851935058832169 12.29951544106007 3.333346292376518 2.664932414889336 0 0 0 0 0 0 0 0 0 0 0.177185133099556 0 1.500277280807495 0 0 0 0.5368065983057022 1.582320630550385 0 0 0.2821440696716309 0 1.52898645401001 0 3.655380636453629 1.357251524925232 2.189214631915092 1.874904960393906 2.460986495018005 0 0 0 0 0 0.703421950340271 0 0 0.1560882329940796 0 0.8064056634902954 0.1586335301399231 2.514895498752594 0.2919788956642151 0 0 0 0 0 0.4162209928035736 0 0.4403426051139832 1.182095497846603 0 0 0 0 0 0 0 0 0 4.059432953596115 0 0 0 0.1152825728058815 0 0.89852374792099 0.4742695689201355 0 0 0 0 0 0 0.1948269754648209 0 0 0 0 0 0 7.910147100687027 0 0.8979725539684296 407.3118823096156 15.28359255194664 250.5206622704864 26.77884320914745 1586.282877027988 10.47217185795307 3.082192681729794 23.44422136247158 23.78159252554178 0 0 0.2628836259245872 15.37194719910622 0 0.2187028452754021 0 12.3137503489852 0.2308329939842224 376.2318112030625 2.695780217647552
2663.841791011393 1302.218217611313 982.8220835700631 3092.203873120248 5091.2973523736 258.7244304120541 2284.23490101099 163.2705137953162 2493.098112978041 2815.252197660506 544.5812223181129 173.7245904952288 1683.64900239557 574.8094827011228 28.03182687610388 6.835177935659885 1.245425283908844 0.1716715842485428 0 0.2095120996236801 1.771429061889648 0 0.9931748583912849 1.490770816802979 6.59251794219017 2.097734451293945 0.487981490790844 2.112073160707951 0.2278466895222664 0 1848.306447178125 25.62221863865852 20.06342788040638 0.8713475316762924 2.890316888689995 6.445520922541618 4.302079178392887 1.654323324561119 0.1813632473349571 1.250459358096123 1.488277778029442 1.734451152384281 0.5219730660319328 1.70936606824398 0.5098767578601837 0.7843521907925606 261.2958357781172 10.07855032384396 1.086879156529903 0.9221176132559776 1.388932712376118 0.1212474256753922 0 0.2421789541840553 13.35184797644615 19.78823140263557 137.2949149310589 438.0900372490287 32.38629311323166 122.9860275238752 2.012646973133087 7.227995455265045 0.09912177175283432 83.06923049688339 14.7742111608386 10.8843212723732 1.920782588422298 4.69489224255085 0.8628780841827393 1.744572207331657 1.523849681019783 1.685660377144814 0 358.0693713203073 174.0221948772669 179.1671145111322 19.63589557260275 3.033466674387455 4.858639538288116 69.1402554884553 5.179678097367287 15.70930943638086 38.45790900290012 0.7982457354664803 9.700831770896912 15.36151191592216 3.987404197454453 0.3521870970726013 1.537977114319801 0 1.098866514861584 0.1027115806937218 1.088776022195816 1.097430020570755 0.9186360687017441 3.380842812359333 0.1251225471496582 0 0.5378539934754372 1842.540954791009 0.2330834269523621 0.2895680963993073 0 0.128910019993782 0 0.2790957093238831 0.5231520906090736 0 3.845699712634087 2.664870694279671 0 1.510264851152897 4.906021922826767 2.486911475658417 0.6373767256736755 0 0 0 0 0 0 0 0 0 0 0.1285216212272644 0 0.5732154250144958 0 0 0.2640632092952728 0 0.186105877161026 0 0 0.2361636906862259 0 0 0 0.8838066980242729 0.1975363343954086 1.429316386580467 0.2594868838787079 1.702243037521839 0 0 0 0 0 0 0 0 0 0 0 0.1321405172348022 0.608737051486969 0 0 0 0.07689052820205688 0 0 0 0 0 0 0 0 0 0 0 0 0 0 0 1.131318934261799 0 0 0 0 0 0 0.1804081797599792 0 0 0 0 0 0 0 0 0 0 0.08624701201915741 0 0.1282793134450912 3.159635350108147 0.3294866383075714 0.377606213092804 651.4358329623938 27.63581971079111 442.7735115364194 67.34191444516182 956.9582659229636 9.912324547767639 2.075659371912479 59.84183251857758 9.820076540112495 0 0.1516802161931992 0.09447158128023148 5.56464347243309 0 0.5515699237585068 0 11.45001694560051 1.522033452987671 122.9087263643742 2.238938309252262
262.307167224586 982.8220835700631 1699.809183053672 12.04476822167635 2182.389091327786 6.216144770383835 99.36329358071089 2085.975524641573 2214.373937577009 168.0722517967224 2947.774296917021 69.90433482080698 655.3839124813676 1070.284167714417 29.01989270746708 13.01708295941353 2.388682126998901 1.145685441792011 0 1.620833702385426 14.77692802995443 2.203262984752655 10.39774350821972 7.272612288594246 50.89443746209145 11.86693692952394 10.37819618731737 8.439806193113327 1.457223877310753 1.582453310489655 3200.633813343942 771.6336992233992 135.0400449112058 2.286998987197876 26.00194706022739 60.88084100931883 17.65160895884037 23.46473705768585 4.323502652347088 9.757350869476795 14.90441443026066 6.79591941088438 1.303715519607067 5.062463238835335 0.1248863860964775 2.184017486870289 113.3056755810976 3.438504286110401 0.7986665815114975 1.897116936743259 0.831110492348671 0.9184570983052254 0 2.911118224263191 4.546541303396225 6.627490751445293 53.09281132370234 360.6352947726846 21.65772777050734 51.55972818285227 13.56688897311687 55.05472168326378 1.820379957556725 633.1246360167861 6.011625379323959 3.772727079689503 0.5887262001633644 3.643478885293007 6.830344013869762 8.721548438072205 6.434329852461815 0 0.1175578758120537 192.775189101696 146.2598143070936 99.17755243182182 25.53402101993561 20.01704437285662 106.6469109132886 1591.561214841902 37.074761480093 242.603378854692 13.61654826998711 0.4847790598869324 4.127751141786575 4.976724848151207 2.519325509667397 0 0.5858351290225983 0 0.4048014059662819 0.6372362524271011 9.190276838839054 5.131325572729111 4.307914093136787 3.946382209658623 0.8322479054331779 0 2.076929070055485 170.5145428925753 0 0 0 0 0 0 0.2779446840286255 0.7979777604341507 0.3116081058979034 0.3067684918642044 0.1562043726444244 0.771168440580368 1.83534249663353 1.102938577532768 0.6571574062108994 0 0 0 0 0 0 0 0.1469021290540695 0 0.4015225768089294 0.4080155193805695 0 0 0 0 0.1731473952531815 0.1204902976751328 0.6461623907089233 0 0 0.1110624149441719 0 0.3722939789295197 0 0.8070574998855591 0.333109587430954 0.9348765909671783 1.323588594794273 0.2256978452205658 0.1149382442235947 0 0.1276343911886215 0 0 0 0 0 0.103028304874897 0 0 2.044081151485443 0.156864807009697 0.9327384829521179 0.1151830926537514 0 0 0 0 0 0 0.3334683477878571 0.3939222544431686 0 0 0.08979260176420212 0 0 0 0 0 0 2.049467585980892 0 0.2696296870708466 0.2682075798511505 0.140097051858902 0.648288257420063 0 0 0 0.09429535269737244 0 0 0 0 0 0 0 0.09064169973134995 0 0 0.3857684135437012 0.8357213065028191 0.1712869107723236 1.561699166893959 156.5932176113129 12.02204976975918 163.4906236231327 34.61463493108749 91.20403482019901 3.099500574171543 1.381536111235619 18.76815195381641 1.475621916353703 0 0.7819470837712288 0.2125295475125313 0.639440581202507 0.1114023923873901 0.1255814880132675 0 4.661115720868111 1.064071379601955 22.00534741580486 2.928115077316761
897.2383577749133 3092.203873120248 12.04476822167635 360.5003002732992 428.3339328244328 311.6850362420082 843.9045482873917 0.6379722505807877 89.0854914188385 2146.707031071186 9.123224794864655 41.77118421345949 283.8341023027897 7.122847467660904 6.21114194393158 0.7721937075257301 0.07529159635305405 0 0 0.3051450029015541 0.101798877120018 0 0.1688190624117851 0 0.1174576804041862 0.670858159661293 0.09812161326408386 0.3250409811735153 0 0.4524742364883423 20.09088589996099 1.501171067357063 1.641493394970894 0.087190181016922 0.5493712723255157 0.5260699540376663 0 0.2654606103897095 0.08946172147989273 0 0.1941180527210236 0.08060919493436813 0 0.2943170815706253 0 0.299212820827961 52.97761003673077 2.025768481194973 0.1310127675533295 0.284351073205471 0 0.3344764560461044 0 0.1050562784075737 3.945601023733616 4.116095036268234 101.0701229721308 55.65964395552874 12.84792756289244 24.27584055066109 0.273074097931385 0.7814553081989288 0.1839797645807266 9.553015261888504 2.102962970733643 3.186623468995094 0.4782475680112839 0.7627529427409172 0.4743860065937042 0 0.1955712884664536 0.4746870994567871 0 75.4320082962513 29.21523355692625 33.44876811653376 1.898048967123032 0.2871883437037468 0.08900991082191467 1.335749261081219 0 0.5067270025610924 10.23144259303808 0.212365411221981 2.336376018822193 3.675831027328968 1.375805214047432 0.1222492307424545 0.6577692851424217 0 0.216550424695015 0.2637815177440643 0.1899722218513489 0 0 4.28698405623436 0 0 0 470.271829880774 0 2.495005592703819 47.17183308303356 3.128951445221901 0 7.201321795582771 3.244711339473724 2.272079214453697 20.61514854431152 9.90115512907505 0 25.56066980212927 44.75975463539362 14.83067835867405 1.328289583325386 0 0 0 0 0 0 0 0 0 0 0 0 0 0 0.2398869097232819 0 0 1.090616285800934 0 0.2464750707149506 0 0 0 0 0.6247070729732513 0.4379599094390869 0.9920563995838165 0.369594469666481 0.8461953401565552 0 0 0 0 0 0 0 0 0 0 0 0 1.222669467329979 0 0 0.09907719492912292 0 0.08839429914951324 0.1221206858754158 0 0 0 1.535061284899712 0 0 0.1013274341821671 0 0 0 0 0 0 1.139034181833267 0 0 0 0 0.2014666646718979 0 0.6282844543457031 0 0 0 0 0 0 0 0 0 0.1588896512985229 0 0 0 3.826929956674576 0 0.4242805242538452 250.3864610940218 7.295802310109138 112.1434989199042 14.77965999394655 1194.608830921352 4.41232343763113 0.5183502063155174 17.12467620521784 14.02322302013636 0.1394841521978378 0.6416646540164948 0.4674322903156281 10.24256132543087 0 0 0 1.742439672350883 0 276.8665541037917 1.055906504392624
509.0169482678175 5091.2973523736 2182.389091327786 428.3339328244328 1379.618906609714 17.85080449283123 1131.736932784319 646.4246509224176 2934.776000566781 722.5996571332216 733.7416717037559 101.7375302910805 1297.107156321406 987.2213746607304 10.50611448287964 2.481834672391415 0.2510256767272949 0 0 0.1201291084289551 1.028676234185696 0 0.1308275163173676 0.2032234147191048 1.530797153711319 0.893202431499958 0.1968887597322464 1.03251963108778 0.2297232151031494 0 114.5874284878373 5.030033677816391 4.000907130539417 0 0.2472155019640923 0.9142643436789513 2.847189769148827 0.7939063236117363 0.211050733923912 0.1847404912114143 0.6204975545406342 0.09786990284919739 0 0.2711615487933159 0 0.2069783061742783 62.67736356705427 1.415393680334091 0.5398508459329605 0.06779590994119644 0 0 0 0.2636976540088654 1.730367228388786 3.116059519350529 12.45110166817904 34.01625291258097 3.753231130540371 24.58800761401653 0.4706470221281052 0.727425329387188 0.5657485723495483 23.74906054139137 2.337504759430885 2.265564799308777 0.4615214988589287 1.039954364299774 0.4953540414571762 0.6298764422535896 0.954785481095314 0 0 60.53519149124622 36.69573594629765 39.19959802180529 5.576339818537235 0.6226746663451195 1.786365635693073 16.33437426388264 1.119847498834133 5.452575877308846 5.72837146371603 0.1872227415442467 1.261600896716118 1.825259581208229 0.966610886156559 0 0.09406755864620209 0 0.1111368164420128 0.2129663378000259 0.3019439280033112 0.8307364210486412 0.09223028272390366 0.3846365660429001 0.5339704155921936 0 0 47.61594142019749 0 0.1040079146623611 0 0 0 0 0.432716578245163 0 0 1.480415195226669 0 0.3093381524085999 0.7106960788369179 0.3048053681850433 0.4000408425927162 0 0 0 0 0 0 0 0 0 0 0 0 0.2684863805770874 0 0 0 0 0 0 0 0 0 0 0 0.6507342010736465 0 0.3650033622980118 0 0.9862706065177917 0 0 0 0 0 0 0 0 0 0 0 0.180832102894783 0 0 0 0 0 0 0 0 0 0 0.3634205758571625 0 0 0 0 0 0 0 0 0.3228461742401123 0.4084197357296944 0 0 0 0 0 0 0 0 0 0 0 0 0 0 0 0 0 0 0 0 0.5635879188776016 0 0.6819132566452026 115.9722609296441 4.56483543664217 97.66485115885735 14.72440614551306 71.20377581566572 1.528577744960785 0.366390585899353 12.14993439614773 1.502139836549759 0.1377309858798981 0 0.09805067628622055 0.2226173281669617 0 0 0 2.39680165797472 0 11.47926963865757 0.2468655705451965
190.5537445545197 258.7244304120541 6.216144770383835 311.6850362420082 17.85080449283123 15.50180271267891 52.91062557697296 0 26.42240101099014 1875.443347752094 2.296518713235855 156.8597061485052 165.0029409304261 11.54898497462273 0.6091234683990479 0.2093702703714371 0 0 0 0 0 5.599554263055325 0 0 0.5912973061203957 0 0.12935970723629 0 0.3593815863132477 0 2.609567180275917 0.1390320509672165 18.38073207437992 0 0 0.5359096080064774 18.48347628861666 3.064067266881466 6.644787810742855 0.8614945784211159 0 0.1070771291851997 0 0 0 0 5.828492149710655 0 0 0.1291461735963821 0.1685322970151901 12.47747908532619 1.588668674230576 0.9832107275724411 0 0.6975151002407074 245.5151585936546 28.40647967159748 4.099631510674953 0.8467480316758156 0 6.102994903922081 0 0.2371329292654991 0.1105777695775032 0 0.1138923242688179 0.2471380084753036 0.3006370663642883 0.09936564415693283 32.43989679962397 133.8088601380587 2.899071775376797 5.659083366394043 2.003669627010822 0.5277802050113678 0.2207783162593842 0 0 2.506195835769176 0 5.865738265216351 0.205277144908905 1.582006461918354 0 0.6142351180315018 0 6.437090918421745 4.169993482530117 7.887298695743084 2.553915940225124 4.009787432849407 0 0 1.449998274445534 47.89812168478966 72.5673850774765 6.482727311551571 14.64752598851919 633.5226668864489 0 0 0.1850267350673676 0.714403823018074 0 0 7.091528445482254 0.9060899019241333 14.34343384206295 18.88172394037247 1.273692429065704 5.511774860322475 26.40332016348839 9.495041154325008 3.711762398481369 0 0 0 0 0 0 0 0.4198956787586212 0 0 0 0 0.7318138480186462 0 1.88692432641983 0 2.279325351119041 0.4537019729614258 0 0 0 0 0 0.3058601915836334 2.444813132286072 1.2157062292099 1.479465544223785 2.647780328989029 0.3297069072723389 0 0 0 0 0 0 0 0 0 0 0 0 2.271889418363571 0 0 0 0 0 0 0.172447070479393 0 0 4.805436909198761 0 0 0 0 0 0 0 0.1341862231492996 0 4.051740393042564 0.4432314336299896 0 0.1295057684183121 0 1.309001922607422 0 0 0 0.1113043650984764 0 0 0 0 0 0 0 0.1430828124284744 0 0 0 11.70481212437153 0.6863567382097244 1.618455857038498 300.8100857436657 0.9920497611165047 13.94437332451344 5.901658676564693 875.2149961590767 6.919502139091492 1.335937857627869 6.084247171878815 38.04185225069523 0 0.3993255496025085 0.656872883439064 29.07982784509659 0 0 0 0.3231789171695709 0 247.1788556426764 10.7356623262167
631.5050390958786 2284.23490101099 99.36329358071089 843.9045482873917 1131.736932784319 52.91062557697296 593.5968734025955 19.50873303413391 616.0769489556551 2557.086986012757 40.51259675621986 87.15748836100101 1014.195491008461 105.8572980314493 22.64383551478386 4.274103365838528 0.4334278106689453 0.2077657878398895 0 0.07795091718435287 0.3253690972924232 0 0.2078345641493797 0.6806875392794609 0.3971197158098221 0.4926302582025528 0.3467276692390442 0.100722424685955 0 0 137.1137496605515 7.898568212985992 0.6625344455242157 0.3741255551576614 0.4174091219902039 0.7773341611027718 0.4692571237683296 0.3959088921546936 0.2009471952915192 0.09332422167062759 0.4810049831867218 0.2338530868291855 0.3901318609714508 0.6879346072673798 0 0.6749110966920853 157.0751118659973 3.063147224485874 0.5131655633449554 0.08987476676702499 0.1977298706769943 0.1181286051869392 0 0.3562198057770729 3.129445925354958 4.707747288048267 15.52330055087805 40.44218152761459 5.686173215508461 39.68161271512508 0.8212609067559242 1.104742124676704 0.3374395817518234 48.52791482955217 4.466950409114361 4.1447569206357 0.4467169493436813 1.268743544816971 1.424780271947384 0.4385200142860413 1.206304922699928 0 0 101.9128195866942 62.40685393661261 86.9678991958499 10.63243959099054 1.299825213849545 0.875067301094532 6.002652168273926 0.9850683882832527 2.874345794320107 10.61559401452541 0.6606996953487396 3.245651289820671 3.977752082049847 1.25717356801033 0.1928497552871704 0.9626309275627136 0 0.4791697338223457 0.0888955146074295 0.163225069642067 0.7078248113393784 0.5806654840707779 3.221197068691254 0.4105413109064102 0 0.2269763126969337 39.0158301666379 1.135510049760342 1.381275430321693 10.44045948982239 7.014521718025208 0 2.325262069702148 10.15754748880863 0.5352694988250732 6.813636541366577 9.993072360754013 0 18.84555526077747 9.326997138559818 2.603715151548386 0.2841387689113617 0 0 0 0 0 0 0 0 0 0 0 0 0 0 0 0 0 0.4042890667915344 0 0 0 0 0.4293893575668335 0 0.5901165306568146 0 0 0.1948848813772202 0 0 0 0 0 0 0 0 0.1044776886701584 0 0 0 0.1152603924274445 0 0.1822365820407867 0.2352940961718559 0.4599042236804962 0 0.3385831117630005 0.546621672809124 0 0 0 0.188621386885643 0 0.1056413948535919 0.09759920835494995 0 0 0 0.08915414661169052 0 0 0.3546635955572128 0 0 0 0 0.3691175580024719 0 0.3834177255630493 0.2357868999242783 0.54023277759552 0.1425473690032959 0 0 0 0 0 0 0 0 0 0 0.9990261197090149 0 0 370.7637258321047 12.81065452098846 251.3167377486825 46.17918902635574 136.6693952232599 4.875866428017616 0.7718828916549683 41.31404795497656 6.256267160177231 0.08551392704248428 3.71321864426136 0.5266252085566521 3.444571033120155 0 0 0 7.371187195181847 2.604714944958687 20.9994261264801 2.243379861116409
15.72023174911737 163.2705137953162 2085.975524641573 0.6379722505807877 646.4246509224176 0 19.50873303413391 2896.649873845279 1502.187237940729 51.46948736160994 3111.195810608566 36.30675804615021 451.0295755565166 1277.516745597124 30.62974641472101 16.48294910788536 1.67889928072691 0.3548551052808762 0.14065121114254 4.188333086669445 23.15422922372818 1.86077806353569 25.97275470197201 22.21553079038858 76.54426921159029 25.3022595718503 18.46092438697815 11.49440582096577 1.775829315185547 1.850373446941376 960.9394229128957 1180.860407337546 80.28249610215425 6.994282402098179 56.56464394181967 86.68514215201139 11.83777986466885 20.225072465837 2.957849495112896 6.278281010687351 10.767014503479 4.672893233597279 1.231156468391418 93.67425648123026 0.4961378574371338 6.470325127243996 75.33886430412531 1.207053355872631 0.9971714094281197 2.69974522292614 0.5954859331250191 0.793112725019455 0.9096403568983078 3.501615345478058 1.228574611246586 1.289487525820732 9.003907598555088 62.70303577184677 4.669276364147663 16.58586721122265 62.78159236162901 109.0514228492975 4.936765603721142 281.9257529899478 0.9581571668386459 1.236948169767857 0.2703693211078644 1.908247068524361 4.959765732288361 7.768066436052322 5.645467706024647 0.288592129945755 0 58.22249637544155 65.13104178011417 72.32125572860241 94.89320752769709 820.7699792981148 1524.113393828273 2106.546901069582 281.0544373691082 695.4620431214571 3.45389611274004 0.08500552177429199 0.9524640142917633 2.009428255259991 1.075821056962013 0.1052501350641251 0.2490056529641151 0 0.2637637257575989 0.6034323945641518 6.623659335076809 3.070773988962173 4.332104809582233 3.493713244795799 0.1560779958963394 0 1.106060341000557 11.61013770848513 0 0 0 0 0 0 0 0 0.6700165718793869 0.3163263499736786 0 0.1524302661418915 0.3878579065203667 0.9292424395680428 0.5214897096157074 0 0 0 0 0 0 0 0.4791554808616638 0 0 1.564494028687477 0 0.168069452047348 0 0 0 0 0 0 0 0 0 0 0 1.077515587210655 0.3946018815040588 0.4462089091539383 0.1842424273490906 0.6179010421037674 0.1469112932682037 0.2457686960697174 0.2933673709630966 0 0 0 0 0 0 0 0 0.8627607896924019 0.348550409078598 0.9578938037157059 0 0 0 0 0 0 0 0 0.5473922491073608 0 0 0 0 0 0 0 0 0.1804936081171036 2.881267204880714 0 0.2318223714828491 0 0.1515106707811356 0 0 0 0 0 0 0 0 0 0 0 0 0.1102098599076271 0.1035048887133598 0 0 0.1853762418031693 0.4009843170642853 0.2793813049793243 60.53116638213396 9.672243341803551 87.8551077246666 21.66480790823698 10.0872043967247 1.019621700048447 0 10.16525260359049 0.3658442497253418 0 0.1086725518107414 0.3897436186671257 2.313004866242409 0 0 0 1.800839439034462 0 5.035469591617584 2.211803689599037
190.9286758601665 2493.098112978041 2214.373937577009 89.0854914188385 2934.776000566781 26.42240101099014 616.0769489556551 1502.187237940729 1227.202577143908 1134.692843794823 1716.409593559802 256.5206631496549 3877.673737421632 4119.857749812305 48.88734025508165 17.53641383349895 0.3017490804195404 0 0 0.1886419281363487 2.622833132743835 0.1116958335042 1.467264868319035 1.270824588835239 6.182871341705322 2.025098726153374 1.537509404122829 1.655527122318745 0 0.3395190238952637 135.9685975238681 8.062509417533875 15.35862238705158 0.8606110364198685 3.559809900820255 5.28850719332695 7.323577560484409 0.9672184363007545 0.6282533034682274 1.234865330159664 2.354023642838001 1.622560381889343 0.1195381134748459 1.017276138067245 0.08098335564136505 0.7660180181264877 148.8544014692307 2.492510505020618 0.3895673155784607 0.7515086159110069 0.6113274991512299 0 0 0.8401450216770172 1.829098336398602 2.368480294942856 11.31055700033903 41.35436331480742 4.109102882444859 29.20703916251659 2.46232632547617 3.394800089299679 0.2825759574770927 46.22958463430405 2.909947492182255 2.417099244892597 0.793938584625721 1.842867083847523 1.980550959706306 2.202444791793823 3.91032325476408 0.2299455404281616 0 75.97251907736063 55.2335918545723 101.4018981084228 26.35511772334576 4.650516152381897 9.944403648376465 38.82489424943924 6.792721807956696 9.169826522469521 7.221553586423397 0.689889095723629 2.260024219751358 2.476691208779812 1.398051708936691 0 0.2126393243670464 0.3563273549079895 0.3497528880834579 0.1728732287883759 2.015426404774189 1.022922828793526 0.3291328102350235 7.482964552938938 0.1538086831569672 0 0.1509145051240921 32.900784291327 0 0 0.2399537265300751 0.2223313450813293 0 0 0 0 0.8171470761299133 0.8026823997497559 0 0.3343424499034882 2.528827458620071 0.7068748772144318 1.765842780470848 0 0 0 0 0 0 0 0 0 0 0 0 0 0 0 0 0 0 0 0 0 0 0 0 1.257924243807793 0.2582748830318451 0.5952086001634598 0.8503381907939911 0.776875764131546 0 0 0 0 0 0 0 0 0 0 0 0 0 0 0 0 0 0 0 0 0 0 1.771000906825066 0 0 0 0 0 0 0 0 0 1.249571301043034 0 0 0 0 0.31026491522789 0 0.1896500140428543 0 0 0 0 0 0 0 0.1249386668205261 0 0 0 0 0 2.495114609599113 0 0.2295568212866783 333.7661901786923 15.60150437057018 203.5347150266171 61.70821802318096 55.44760695844889 3.427920438349247 0.6154168471693993 47.52984021604061 3.554802007973194 0.08823787420988083 0.2716387435793877 0.1491592675447464 0.2356633320450783 0 0.6327681988477707 0.2122818678617477 7.44481486082077 1.571477383375168 11.20298638939857 2.23356693983078
546.3178580701351 2815.252197660506 168.0722517967224 2146.707031071186 722.5996571332216 1875.443347752094 2557.086986012757 51.46948736160994 1134.692843794823 7879.303301736712 83.63886892050505 1457.161164827645 4145.849463380873 305.9008671119809 150.3565242961049 51.19078636914492 3.699801594018936 0.7809704020619392 0.105050764977932 0.7987285330891609 7.708203621208668 0.4886364787817001 1.677111014723778 4.928839549422264 8.588662438094616 7.051038637757301 2.101976037025452 8.696052417159081 0.5665407031774521 0 200.6453969329596 17.65120135992765 27.16180544346571 1.045578069984913 6.694185942411423 7.484408274292946 8.500412002205849 2.539869964122772 1.860649332404137 0.7091182321310043 6.373867452144623 6.716627515852451 0.5680777877569199 3.56159421056509 0.09174917638301849 2.121896870434284 582.6740947067738 7.361840888857841 2.453372620046139 3.28942883759737 2.371310152113438 0.5288844928145409 0.1577203720808029 1.527676336467266 9.334670953452587 12.33827728778124 107.0781928002834 77.51713617891073 14.2319897711277 91.86988492310047 5.238112188875675 7.076781690120697 1.958141900599003 115.1588058099151 10.29386892169714 10.04328866302967 3.207817398011684 11.74676159024239 12.80935151129961 5.7192048355937 12.73999947309494 4.929837509989738 0.2399094179272652 198.2795982286334 147.3168477788568 282.0172116830945 63.27258253842592 8.120152227580547 6.342333815991879 28.86626113206148 9.448744505643845 18.20348866283894 24.4256864413619 1.160845384001732 6.695760272443295 8.528604425489902 4.554585948586464 0.4917849451303482 1.47833875566721 0.8684706538915634 1.431559406220913 0.744115836918354 8.368831112980843 4.478048890829086 1.63206372410059 309.3774335533381 18.5231301933527 0.4836525619029999 2.273086525499821 526.6746486127377 0.147058293223381 1.365173786878586 4.861750036478043 2.397483736276627 0.2749717533588409 3.49176986515522 45.25141521543264 4.051102504134178 71.01827353239059 124.336456887424 3.246827945113182 48.28984561562538 198.5981396511197 86.49672532826662 45.75279220193624 0.9660636633634567 0 0 0 0 0 0 0 0 0 1.195475041866302 0.604971170425415 5.932658612728119 0 2.054976642131805 0 4.797970741987228 3.58295813202858 3.618267089128494 0.1014139726758003 0.8411504626274109 0 7.282557904720306 1.539353862404823 29.13337885588408 3.370336875319481 22.92616098374128 11.05617322027683 10.3151623159647 0 0 0 0 0 0.8169633448123932 0 0 0.7532698288559914 0 0 0.2795369625091553 5.631214469671249 0 0 0 0 0 0.2844751626253128 1.065452888607979 0 2.937337130308151 38.18154460936785 0.09642566740512848 0 0.09188167005777359 0 0 0 0 0 0.150697648525238 64.73738260567188 0 0 0 0 7.556126207113266 1.191961780190468 5.645825773477554 0 0.2689502835273743 0.7398379445075989 0.4549574106931686 0 0 0.08595646917819977 0.1026446223258972 0 0.1097337678074837 0 0.1059307977557182 0 95.7489001378417 1.898880377411842 16.08495158702135 3605.168539844453 96.49840242415667 997.6398478001356 350.8478948771954 1898.339640334249 33.11189926415682 2.253416873514652 353.579774543643 191.378506064415 3.743516489863396 5.285785235464573 3.016055606305599 138.9448716789484 0 0.5820921063423157 2.039475694298744 45.81218119710684 4.857613570988178 564.7844523191452 96.34297463297844
134.9783297851682 544.5812223181129 2947.774296917021 9.123224794864655 733.7416717037559 2.296518713235855 40.51259675621986 3111.195810608566 1716.409593559802 83.63886892050505 1965.307494804263 158.0129481181502 1411.906165868044 3701.659331187606 55.46443203836679 33.31806968897581 4.876528888940811 0.415332242846489 0.1975763440132141 0.2432709783315659 15.95684666186571 6.101435102522373 6.641869984567165 7.251659072935581 115.7118087410927 36.05729386210442 21.43385484814644 20.90752930939198 6.353914447128773 2.719872787594795 403.7624574378133 69.07656025141478 517.295537494123 1.23055924475193 42.14575035125017 120.7191237211227 110.4168554767966 59.32371043413877 16.23788584768772 24.07510723173618 20.31992727518082 8.956195905804634 0.6833129078149796 6.902681060135365 0 2.948425963521004 106.8423187583685 1.641266539692879 2.428641945123672 0.7328239232301712 1.125431582331657 5.798048585653305 0.9901919886469841 4.15474758297205 3.128066129982471 2.554865188896656 14.42675493657589 61.73890908062458 5.448106922209263 21.76787205785513 16.73351579159498 121.1418857350945 1.852549038827419 69.18809489160776 1.069054044783115 1.741264574229717 1.159082755446434 1.908942937850952 6.237492844462395 8.617695428431034 56.27514192461967 0.8511617332696915 0.4843789339065552 66.65011049807072 58.01795098930597 84.05201884359121 34.51468362659216 14.04340963065624 122.7022008746862 737.8232764601707 56.27303666621447 268.7770899757743 5.722071036696434 0.1256097853183746 1.380105718970299 1.823118574917316 2.016801029443741 0.3589613735675812 0.591290257871151 0.1593335270881653 1.172169089317322 2.951834045350552 11.33346850425005 5.604913301765919 14.07622051239014 42.77885497361422 4.53771910071373 0 14.470987200737 48.12728131562471 0 0.4375330656766891 0.6120388433337212 0 0.1895352303981781 0 1.536113366484642 0.3111830949783325 3.371470615267754 6.142661176621914 0.6799177229404449 3.429886572062969 14.30265662819147 10.05293031781912 9.063566572964191 0.2737454771995544 0 0 0 0.2471626847982407 0 0 0.6891660094261169 0 0 2.791792884469032 0 0.3923005908727646 0 0.4977146685123444 1.730403676629066 0.6882424056529999 0.8488391935825348 0 0.1910393387079239 0.3050559312105179 0 0.4400850087404251 0 9.469594195485115 1.726247444748878 8.455859735608101 2.623324170708656 2.831240549683571 0.472072035074234 0.4519679993391037 0.2984356135129929 0.1228300184011459 0.3225692808628082 0.2138864547014236 0 0 0 0 0.1316569894552231 2.72778932005167 0.4974034279584885 3.224834315478802 0 0 0 0 0.130402684211731 0 0 0 8.716509491205215 0 0 0 0 0 0 0 0 0.3499509245157242 11.43982670456171 0.1061356738209724 0.36525559425354 0 0.2766814976930618 1.682434946298599 0 0.322039008140564 0.1209337487816811 0.1207180246710777 0.1011565253138542 0.1467200517654419 0 0 0 0 0 0 0 0 0.2084012925624847 6.832375824451447 1.250442668795586 5.149986863136292 201.4701480716467 16.14191538840532 162.1008624881506 63.8413177728653 40.51074657589197 2.790932148694992 0.5017554610967636 34.57191050052643 9.725196555256844 0 1.130879729986191 1.198141157627106 2.191866040229797 0 0 1.447828650474548 3.94941172003746 0.1777192950248718 22.41176348179579 11.57711248844862
70.83788231760263 173.7245904952288 69.90433482080698 41.77118421345949 101.7375302910805 156.8597061485052 87.15748836100101 36.30675804615021 256.5206631496549 1457.161164827645 158.0129481181502 105.5095783397555 1115.456317171454 193.006389990449 60.40655291825533 35.74597384780645 5.359720453619957 0 0 1.004918731749058 14.18277386575937 3.33150514960289 2.468028403818607 3.69357617944479 22.54537956416607 14.97259885072708 4.784414187073708 7.877655245363712 1.096311837434769 0.6612472534179688 34.66016474366188 7.834382176399231 308.0119197145104 0.5089418590068817 8.387888006865978 21.46638435125351 125.7180133089423 20.80344877392054 20.20881695300341 6.178161911666393 13.3481760174036 10.20385082066059 0.6085344180464745 2.606704279780388 0 1.935184381902218 95.030433639884 0.6113840043544769 0.6913194209337234 2.05043525993824 1.590041890740395 2.442330934107304 0.7166002839803696 1.560488268733025 0.6778108328580856 0.6117293983697891 19.07960719615221 13.642767585814 1.760453589260578 13.84500452876091 4.06141746789217 34.23168553411961 0.4951843619346619 45.83182321488857 0.6961903646588326 1.623669311404228 0.693193107843399 4.96990330517292 10.75401636958122 10.40149173885584 117.5136240944266 3.649007111787796 0.4092429056763649 26.48108763247728 31.24781996011734 65.25956500321627 27.41375084966421 8.24315606802702 8.450870081782341 192.3128494620323 11.21761184930801 35.03149642050266 2.4041468501091 0.2473105117678642 0.9783895313739777 0.9306542873382568 2.212062291800976 0.5113711878657341 0.2347872629761696 0.2974908500909805 0.452373169362545 2.322627946734428 6.459235608577728 4.895631141960621 6.764794796705246 1314.686166912317 161.2188816592097 0.1359072923660278 22.17687173932791 87.92771525681019 0.6764112263917923 3.566755414009094 4.281912408769131 3.020893938839436 1.869980804622173 6.111519128084183 54.25693069398403 13.77074138820171 113.6114818006754 202.8075175210834 7.063342519104481 85.48651378601789 339.9375733658671 181.5470074340701 123.3118811100721 1.514531672000885 0.3471855297684669 0 0.3747872710227966 0.1440614759922028 0.9420605301856995 0 0.216888427734375 0.1266915202140808 0 0.7442582994699478 0.2059395015239716 8.133157178759575 0 1.906382620334625 0.274793952703476 2.997049033641815 2.805390924215317 0.7680057287216187 2.047617979347706 4.84941491484642 0 10.43715098500252 0.3177567720413208 90.5767817646265 16.52068220078945 68.79818304628134 12.30743229389191 21.64709888398647 0.2106153964996338 0.6032854616641998 0 0.1381040662527084 0 0.7896979451179504 0.21793432533741 0.4539074823260307 2.77685335278511 0 0 1.392528422176838 3.618970453739166 1.968336947262287 0 0 0 0.11091198772192 0.167180523276329 1.628150448203087 0.3641767799854279 4.261641129851341 103.5358842685819 1.376932144165039 0 0 0 0 0 0.1820170432329178 0 0.2083359360694885 147.8311781734228 0 0.4118881374597549 0 0.1210947036743164 12.68190561980009 1.569285348057747 9.438450075685978 0.08921872079372406 1.536746829748154 1.50100639462471 0.3320672959089279 0.3319877982139587 0.2901760935783386 0 0 0 0 0 0 0 159.5447270348668 7.509086310863495 38.47459314763546 675.6215707361698 26.81909153610468 167.3425957709551 104.4995682239532 465.8088156953454 3.824207559227943 6.095144703984261 68.01114109903574 155.0973146259785 1.504679553210735 11.07623813301325 6.607225745916367 152.461395740509 0.5939026176929474 1.270689934492111 5.467162393033504 11.48519662767649 1.544314429163933 723.9059304967523 239.0880248323083
223.9079784601927 1683.64900239557 655.3839124813676 283.8341023027897 1297.107156321406 165.0029409304261 1014.195491008461 451.0295755565166 3877.673737421632 4145.849463380873 1411.906165868044 1115.456317171454 5869.151436701417 4296.669124118984 215.9647034332156 111.1645062342286 11.43644470721483 1.202665351331234 0.3081024959683418 1.613251410424709 28.28630566596985 4.847397863864899 10.43263629823923 10.38817183673382 65.34305796772242 28.24741852283478 10.36427175998688 22.74477398395538 7.32088465243578 0.5886052772402763 250.5559002682567 29.66127845644951 1087.803571373224 1.939849115908146 34.36580412834883 52.67445033788681 326.0244364216924 38.6221577450633 24.74921474605799 17.56738043576479 25.32479028403759 15.95047405362129 2.422796182334423 11.78750731796026 0.3424363732337952 4.520735956728458 460.4878811761737 6.62198269367218 4.385201580822468 8.042882896959782 3.894102677702904 4.285424612462521 0.9821780622005463 5.666099146008492 5.407823301851749 8.478758826851845 30.42353330552578 80.14715830981731 9.631308600306511 72.24390380829573 14.41010922193527 75.12173788249493 2.24494045227766 152.3417086452246 7.420492619276047 11.71364495158195 2.765512332320213 9.712357610464096 25.27040316909552 16.25542380660772 285.1097566708922 1.067797668278217 0.2976937890052795 162.1004021316767 152.1721163243055 326.5648592039943 109.8391830250621 21.60997526347637 28.47706375271082 568.9540904164314 49.51898428797722 106.5764277875423 15.70506332814693 0.4086059182882309 6.393943175673485 6.64189974963665 5.045085653662682 0.4693679362535477 1.264469183981419 0.1271365135908127 1.145038716495037 1.355534732341766 21.17773527652025 14.30523880571127 11.62295942008495 701.7369858548045 80.87986543029547 0.4789647459983826 36.32746907323599 89.37403631210327 0.2778961211442947 1.342505820095539 5.452286005020142 2.02963774651289 2.387929201126099 5.680808708071709 34.73327228426933 10.57412634789944 81.57175594568253 114.8714503422379 6.972340255975723 56.8166526928544 219.356434084475 126.1532544866204 87.12227558344603 1.567750237882137 1.101224288344383 0 0.2130277305841446 0 0.9914212226867676 0 0.6415226757526398 0.3424648344516754 0.4160280227661133 3.950386442244053 0 7.844489872455597 0 3.852521941065788 0.9765908718109131 1.303498327732086 2.972752600908279 0.7073497772216797 2.208819888532162 5.062641121447086 0.1234220638871193 7.613925591111183 0.6983075737953186 77.92876051366329 12.59714982658625 55.5731710344553 13.32642585784197 17.27391882240772 1.116351515054703 0.4435136020183563 0 0.192157194018364 0 1.302430480718613 0 0 1.043233558535576 0 0.2585294097661972 0.3790851384401321 7.209935992956161 3.192329674959183 0 0 0 0.4501005709171295 0.4730951637029648 2.191174037754536 0.4731110632419586 3.030269488692284 78.32704047113657 1.437278099358082 0 0.08312898874282837 0 0 0 0 0 0.1316501945257187 115.9490645006299 0.7243907675147057 0.1676221042871475 0 0.3308202475309372 8.468224227428436 0.4158476293087006 9.240137070417404 0.115823395550251 0.5085281282663345 0.396606519818306 0.6746200025081635 0.1261272579431534 0 0 0 0 0 0 0 0.1460023820400238 110.5433684661984 6.028094917535782 34.81355065107346 1650.235498607159 64.74939949810505 691.1738142520189 299.4467337206006 303.7042707279325 13.28567933291197 1.656958498060703 212.5271776020527 120.3804867714643 0.9885076656937599 10.66881853342056 2.454281665384769 91.79127815365791 0.3103904277086258 0.08838328719139099 3.463053539395332 33.10731760412455 5.726219639182091 341.1176536157727 156.1109894067049
