51.02116968482733 2422.716434061527 910.7813655883074 1382.8060323596 273.9203831851482 100.4149191975594 592.7584220468998 145.6490852609277 20.44637393206358 1623.343805722892 111.6765147522092 225.7379326745868 209.5404693558812 95.87350076436996 5.696751303970814 1.404115989804268 0.609986275434494 0.329660564661026 0 0 0 0 0.08561364561319351 0.1124854013323784 0.5301365256309509 0 0.4649445116519928 0 0.2354313433170319 0.3737131506204605 533.5783359855413 0.8258455693721771 120.7482145801187 0.2876139059662819 0.1016176268458366 1.707103282213211 61.25164142251015 8.452897615730762 2.786882318556309 0.5053347423672676 0.1915171295404434 0 0 0.1373144090175629 0.08653619885444641 0.2598564699292183 5.171450421214104 1.394733838737011 0.6567467078566551 0.4542466700077057 0.3601577132940292 0.6699142605066299 0.1285589784383774 0 3.295535773038864 6.011091858148575 279.8308691903949 536.0967309102416 16.92110501229763 22.45625041425228 0.2622412443161011 4.275535881519318 0.2845224440097809 18.91357804834843 3.154220946133137 3.785170629620552 1.067944765090942 1.198107801377773 0 0.140023484826088 53.17954974621534 0.4721059203147888 0 165.7890385389328 32.28856712579727 22.3729011118412 1.618364609777927 0 0.4414520263671875 25.87324614077806 0.5531056523323059 1.410512655973434 3.382626742124557 0.8256970942020416 4.88417586684227 1.604597985744476 0.562659740447998 0 1.802617028355598 0.3926544636487961 0.7591443583369255 0 0.7629021853208542 0.09994187206029892 0.5369912683963776 41.74377585947514 7.687788985669613 0.4861317873001099 1.623771719634533 897.4321019798517 0 0 0.1108936592936516 0 0 1.684081837534904 0 0 83.07480652630329 0.7794307470321655 0 3.484567478299141 11.99636989831924 1.076430559158325 0.1465641707181931 0 0 0 0 0 0 0 0 0 0 0 0 0 0 0.1065035760402679 0 0.107358805835247 0 0 0 0 0 0 0 0 0.574683666229248 0.3743734657764435 0 0 0 0 0 0 0 0 0 0 0 0 0 0 0.4184089004993439 0 0 0 0 0.3409859836101532 0.6091721653938293 0 0 0 1.093986332416534 0 0 0 0 0 0 0 0 0 1.376811780035496 0 0 0 0 0.9119470119476318 0 0.6605561971664429 0.3753179311752319 0 0 0 0 0 0.1048240885138512 0 0 0 0 0 0 1.191754683852196 1.166366219520569 0.6498093083500862 122.5140784904361 3.326248735189438 65.90057157725096 13.26638510078192 656.1898641958833 3.933036841452122 0.6055706962943077 1.662609040737152 7.800212368369102 0 1.287169948220253 0 4.822932839393616 0 0 0 1.902372933924198 0 177.0265686884522 0
2422.716434061527 1462.862760271877 1926.254343681037 2255.248755887151 2777.287932738662 53.7941434904933 3328.719834595919 1002.012776061893 1860.770680822432 1176.350096225739 1098.235510401428 311.7205763682723 675.4061576575041 771.5936245918274 25.14109138399363 3.270261608064175 1.392440915107727 0.6942011788487434 0.07422120124101639 0 0.09476892650127411 1.577996492385864 0.3068708553910255 0 0.6158263236284256 0 0 0 0.6057740598917007 0.1236609145998955 1570.486071400344 16.58825480937958 206.4237504452467 0.1771679148077965 0 1.264805376529694 83.78158129006624 9.552219040691853 3.014934994280338 0.3672045394778252 0.4912804812192917 0.1005230471491814 0.1265679597854614 0.639309898018837 0.4711397960782051 0.7862727269530296 52.36586306244135 3.77356580644846 0.9682378396391869 0.09609878063201904 0.9314280450344086 0.4007062911987305 1.185095496475697 0.2863269746303558 6.39224149286747 13.35191349685192 150.7372056916356 677.8144957199693 22.03394071757793 69.09411414712667 1.048688881099224 4.150085143744946 0.6198623105883598 201.0505723878741 5.59633381664753 9.382365010678768 1.139345400035381 3.256020858883858 1.418527014553547 0.3874687552452087 81.72051119804382 1.060249730944633 0 317.8123010769486 159.3999446481466 137.053268827498 22.90421141684055 0.8123512789607048 0.2287240475416183 26.74464811384678 0.4608876630663872 1.311832539737225 7.3204510435462 0.7522106766700745 10.73573516309261 3.477809652686119 2.281395196914673 0.2085446268320084 2.883712902665138 0 3.159710891544819 0.1120639368891716 0.2168260961771011 0.4225078225135803 0.1861439347267151 23.42365231364965 1.666473791003227 0 1.801226153969765 510.0457692667842 0 0 0.433980256319046 0 0 34.96626840531826 0 0.3050468564033508 67.01426921784878 0.6309483572840691 0.1434544771909714 3.834998615086079 4.670989468693733 1.562045812606812 0.6026217192411423 0.1935518682003021 0 0 0 0 0 0 0 0 0 0 0 0 0 0 0 0 0 0 0 0 0 0 0 0.4813335835933685 0.2032495886087418 0 0.4774391278624535 0.1749546676874161 0 0 0 0 0 0 0 0 0 0 0 0 0 0.2413734793663025 0 0 0 0 0 0 0 0 0.4161986112594604 0 0 0 0 0 0 0 0 0 2.709386110305786 0.6605526283383369 0 0 0 0.9648651480674744 0 2.122990116477013 0 0 0 0 0 0 0 0 0 0 0 0 0 0.7947263270616531 0.386871375143528 1.001718685030937 243.5147636979818 12.61397860944271 240.3597887605429 41.07714700698853 411.0812131389976 18.49704381078482 1.019508816301823 13.78595509380102 7.52098922431469 0.3677145317196846 0.1299498081207275 0.390801340341568 3.555093213915825 0 0.1113403290510178 0.2655560970306396 10.51072428375483 0 59.15448713302612 0.8679870814085007
910.7813655883074 1926.254343681037 2429.501457482576 310.3363630846143 1606.379790917039 16.23237802088261 151.6875115931034 3298.036410912871 1190.284196898341 227.4354500174522 1083.93765861541 201.0912143588066 524.3226288706064 719.8764367774129 11.10440663248301 3.33900698274374 0.9893379062414169 0.6879801005125046 0.1039973571896553 0.5013649165630341 2.279504984617233 0.7645969688892365 1.721018992364407 1.402225241065025 2.82380798459053 0.7803325653076172 0.7204490825533867 0.461825504899025 1.386391177773476 0.1297058612108231 3625.556673265994 246.7146756947041 337.907110363245 0.2003872692584991 1.794233821332455 3.37509123980999 116.0593272149563 16.88123096525669 4.554376229643822 0.5256118848919868 1.159940138459206 0.2270866930484772 0.8019506186246872 0.2395137324929237 0.6374493092298508 0.7701274156570435 23.10247522592545 1.040073774755001 0.252512663602829 1.298671782016754 0.7431294694542885 0.1246075332164764 0.7279399111866951 1.058745890855789 1.768426619470119 4.716406151652336 100.6197581291199 753.7312991023064 8.639948561787605 27.22856214642525 1.231644913554192 35.43053334951401 1.614376738667488 206.3339926972985 2.196856528520584 3.599048942327499 0.4375839754939079 2.412448324263096 2.405512541532516 2.142608605325222 98.8226221203804 0.1287904679775238 0 148.433484017849 69.77146462351084 54.17676642537117 15.0041821077466 0.146073654294014 14.96308213472366 295.8951776325703 1.205865934491158 42.51183927804232 3.775698192417622 0.08987678587436676 4.120836995542049 2.694786921143532 0.6611015349626541 0.2375149726867676 0.6484546810388565 0.1069380268454552 0.7657941728830338 0 1.922431260347366 0.4201433062553406 0.9898763298988342 4.085193201899529 0.4469354748725891 0 0.4336181506514549 165.4333012923598 0 0 0 0 0.2282459735870361 0.2683199644088745 0 0 1.879801996052265 0 0 1.6976178586483 1.463015407323837 0.1353834867477417 0.5368285626173019 0 0 0 0 0 0 0 0 0 0 0 0 0.1059512123465538 0 0 0 0 0 0.1200256273150444 0 0 0 0 0 1.081776641309261 0.4422141462564468 0.7924715727567673 0.3845295831561089 0.1993791162967682 0 0 0 0 0 0 0 0 0 0 0 0 0.6407673060894012 0 0 0 0 0 0 0 0 0.3491761684417725 1.075797274708748 0 0 0 0 0 0 0 0 0 2.217481568455696 0.1133321821689606 0 0 0 0.2269661426544189 0 1.16529968380928 0 0 0 0.1501946151256561 0 0 0 0 0 0 0 0 0 0.6836090832948685 0.3587368875741959 0.1810957193374634 84.4870191514492 5.846318729221821 84.20659423619509 19.22690667957067 65.94746012985706 6.327965646982193 0.3582105487585068 5.742362633347511 0.5489661619067192 0 0.6284567639231682 0 1.861785769462585 0 0.229856476187706 0 7.871914148330688 0.1090027093887329 13.12803906947374 1.555092692375183
1382.8060323596 2255.248755887151 310.3363630846143 382.681982755661 319.8765262588859 271.3727240562439 736.637296423316 8.169461570680141 16.33555821329355 2311.15884500742 205.6617308184505 1830.141175076365 989.821097433567 14.13544719666243 2.475678645074368 0.1246519535779953 0.1107265055179596 0 0 0 0 0 0 0 0 0 0 0.630501925945282 0 0 53.05429888516665 0.5973511934280396 2.064341023564339 0 0 0 3.096571557223797 0.2812478542327881 0.11024010181427 0 0 0 0.1039480417966843 0 0 0.1821500211954117 4.954557307064533 0.6356443986296654 0.1020613983273506 0 0.4368791207671165 0 0 0 1.381142824888229 4.341432891786098 63.62293372303247 186.1173865795135 6.743473969399929 17.89946249872446 0.1140095442533493 0.2071228176355362 0 30.26485112309456 2.412979789078236 2.97619754076004 0.4326352477073669 1.883301056921482 0 0 6.816482432186604 0 0 104.9840772971511 37.96606669574976 21.73607901483774 0.9803230240941048 0.07858355343341827 0 0 0.3265556842088699 0.6195237040519714 1.245524473488331 0.1296160817146301 3.43297354131937 1.089998371899128 0.9046244025230408 0 0.9786503985524178 0.1480742990970612 0.4239110201597214 0 0 0.3436111137270927 0 20.49460490047932 2.657452076673508 0 0.5353678613901138 279.5908396542072 0 3.847469702363014 2.200956702232361 10.26965862512589 0.1280383914709091 7.995985880494118 3.265331625938416 1.843010053038597 40.80445151031017 3.596807062625885 0.4978449642658234 18.24445496499538 134.586854249239 49.14771999418736 0.9909666180610657 0 0 0 0 0 0 0 0 0 0 0 0 0 0 0 0 0 0 0 0 0 0 0 0 0.8851834684610367 0 0.1318949460983276 0 0 0 0 0 0 0 0 0 0 0 0 0 0 0 0 0 0 0 0.09791091829538345 0 0.3707503378391266 0 0 0 0 0 0 0 0 0 0 0 0 0.5754226446151733 0 0 0 0 0 0 0 0 0 0 0 0 0 0 0 0 0 0 0 0 0.142224982380867 0 0 131.1961705237627 2.637535206973553 59.95071586221457 7.153713889420033 667.3377167135477 3.270828761160374 0.1158929616212845 1.643753916025162 4.494391828775406 0 0.1338271200656891 0 10.15781551599503 0 0 0 1.040407761931419 0 204.4983917698264 3.790168687701225
273.9203831851482 2777.287932738662 1606.379790917039 319.8765262588859 2080.766825310886 5.78328263759613 1888.057574465871 1010.773285768926 6778.071469835937 857.828286960721 2014.703476272523 198.3833213672042 1348.209006145597 2638.94719350338 26.92965284734964 2.671700492501259 0.4932085275650024 0.09615056216716766 0 0 0.08634480834007263 0.08536612242460251 0.08312427252531052 0.2472945600748062 0.2062726318836212 0.1280777603387833 0 0.09021939337253571 0.08353444933891296 0 245.6555818989873 10.99016179144382 24.60619338601828 0.07904267311096191 0 0.3600650653243065 4.640202313661575 1.316500008106232 3.262947022914886 0.8176789581775665 0 0.162457287311554 0 0.4703139066696167 0.2069559991359711 0.6705482825636864 56.24337071925402 0.5607891380786896 0.2920314967632294 0.2313941046595573 1.072305604815483 0 0 0 1.996760331094265 5.774741053581238 28.66758631169796 140.8535755351186 5.634795889258385 39.60518984496593 0.5320647060871124 1.050960689783096 0 123.9936029314995 1.89472109079361 3.922881089150906 0.9261133745312691 0.8511601462960243 0.2669102028012276 0.1107783392071724 8.07360403239727 0.1314493715763092 0 107.5495825335383 90.72094226628542 108.3145149126649 22.79177367687225 0.5597860962152481 0 13.96279175579548 0.08585484325885773 1.416191034018993 2.154242381453514 0.6731827110052109 3.927107654511929 1.674484401941299 0.6705995202064514 0.08286669850349426 1.502253822982311 0 1.22925129532814 0.08825449645519257 0 0.0845046192407608 0.09187518805265427 23.29545429348946 0.7071581482887268 0.1458273977041245 2.276589915156364 24.17983803153038 0.0817866176366806 0 0 0 1.504687458276749 5.932139843702316 0 0.2972081899642944 5.439147487282753 2.780544921755791 0 5.269700661301613 3.379163295030594 3.41955691576004 0 0 0 0 0 0 0 0 0 0 0 0 0 0 0 0 0 0 0 0 0 0 0 0 0 0.376164048910141 0 0.8187874555587769 0.1319189220666885 0 0 0 0 0 0 0 0 0 0 0 0 0 0 0 0 0 0 0 0 0 0 0 1.417943835258484 0 0 0 0 0 0 0 0 0 1.811467580497265 0 0 0 0 0 0 0.46756511926651 0 0 0 0 0 0 0 0 0 0 0 0 0 2.611953124403954 0.2093103379011154 1.430187672376633 259.729173950851 6.405953451991081 181.1305005922914 34.33778337389231 64.9856795296073 16.59393085539341 0.443711020052433 19.63649996370077 5.327345862984657 0 1.086111016571522 0 4.496981650590897 0 0 0 17.95974567532539 0.1718910485506058 22.74196488410234 6.449580654501915
100.4149191975594 53.7941434904933 16.23237802088261 271.3727240562439 5.78328263759613 9.828712806105614 51.97776374965906 1.2752755433321 8.996192157268524 1621.47591881454 9.716876089572906 91.20743633061647 81.79280438274145 2.551573432981968 0.1498373001813889 0.1145759448409081 0 0.0949283242225647 0 0 0 0.1884750574827194 0 0 0 0 0 0.1707748174667358 0 0 34.95173109322786 0 0.9026128128170967 0 0 0 20.44406958669424 0.1828263252973557 4.386447452008724 0.08749854564666748 0.2122953534126282 0.2035674303770065 0 0 0 0.1259637176990509 0.1334016919136047 0 0 0 0 5.838662028312683 0.3701142221689224 0.4782924950122833 0 0.7556772083044052 192.4941583871841 215.9415671080351 3.787323497235775 0.2519370019435883 0 0.6052331626415253 0 0 0.08841431140899658 0 0 0 0 0.1312947273254395 55.42379166930914 20.25758531689644 3.745736114680767 8.998180761933327 0.2707008272409439 0.2336516752839088 0 0 0 0.3874143213033676 0 0 0 0.9255925565958023 0 0.09445654600858688 0 3.781878016889095 0.1064594089984894 6.233107559382915 0.1255983114242554 1.001603774726391 0 0 0.3785910233855247 151.172109991312 79.59227119386196 1.702941358089447 16.44773034751415 394.5384093001485 0 0 0 0 0 0 0 0 4.465912476181984 0 0 0.1386403292417526 3.057027146220207 0.4958008378744125 0 0 0 0 0 0 0 0 0 0 0 0 0 0 0 0 0 0 0 0 0 0 0 0 0 0.09734761714935303 0 0 0 0 0 0 0 0 0 0 0 0 0 0 0 0 0 0 0 0 0 0 0 0 0 0 0 0 0 0 0 0 0 0 0 0 0 0 0 0 0 0 0 0 0 0 0 0 0 0 0 0 0 0 0 0 0 0 0 0 36.03011366724968 0.1127614825963974 2.635390505194664 0.1665885895490646 431.1191910728812 4.82205393910408 0.325463280081749 0.1672760248184204 4.412186026573181 0 0 0 0.9949143528938293 0 0 0 0 0 181.3392764925957 0.7834515571594238
592.7584220468998 3328.719834595919 151.6875115931034 736.637296423316 1888.057574465871 51.97776374965906 1339.70699582994 68.30111341923475 1768.223624683917 2821.401057466865 189.9760057926178 904.2876456826925 3114.696945570409 2536.465420126915 33.99672109633684 3.288137316703796 0.9077166095376015 0.122298076748848 0 0.09184790402650833 0.07922957092523575 0 0 0 0.1080275699496269 0 0 0 0 0.08397253602743149 212.7834227383137 5.717171043157578 8.314906395971775 0.2871400192379951 0 0.5362915098667145 7.341031260788441 1.39487187564373 2.908814795315266 0.2482430338859558 0 0.2858069464564323 0.09938883781433105 0.255812905728817 0.09608227759599686 0.7211050093173981 73.27782686799765 1.403142422437668 0.7658959850668907 0.153161033987999 0.4972194880247116 0 0.1076227873563766 0.1182005107402802 3.171192191541195 8.811186321079731 55.18206258863211 233.0216026976705 10.1453055664897 54.70280589908361 0.7240050211548805 2.453335136175156 0 152.0345141515136 3.277851209044456 7.425924479961395 0.3344106674194336 1.881007596850395 0.2242066934704781 0 14.61417833715677 0.1424244940280914 0 186.1793953403831 124.4692270830274 129.6885597705841 31.28289271146059 0.5956424474716187 0 0.8596336767077446 0.4195261299610138 0.5561058074235916 3.76923555880785 0.1890125572681427 6.415081828832626 2.771784134209156 1.64771480858326 0.1565704494714737 1.307960852980614 0 1.438572943210602 0.3578977957367897 0.2687700986862183 0.4929858595132828 0.08193264901638031 88.16559716314077 4.992466308176517 0 4.265876315534115 86.2652403563261 0.1142561659216881 0.9496620297431946 13.70542384684086 8.825994551181793 5.080448359251022 57.88383163511753 3.022181779146194 62.17162550985813 34.64201079308987 14.65066060423851 0.5518254041671753 93.70419722050428 28.32427818328142 17.28512933850288 1.823893874883652 0.125249058008194 0 0 0 0 0 0 0 0 0 0 0 0.1096705794334412 0 0 0 0 0 0 1.028804510831833 1.190930843353271 0 0 0 0.8020657002925873 0.7207645177841187 0.1671567261219025 0.6379049494862556 1.09642867743969 0 0 0 0 0 0 0 0 0.2593268752098083 0 0 0 0 0 0 0 0.07705070078372955 1.13127289712429 0.4113842993974686 0.3129711151123047 0 0 2.411311730742455 0 0 0 0 0 0 0 0 0 8.402193814516068 0 0 0 0 1.893114626407623 0 0.4669625759124756 0.8277803659439087 0.1012748926877975 0.3747279793024063 0 0 0 0 0 0 0 0.118804857134819 0 0 7.197947576642036 1.044706016778946 3.945132240653038 489.3219745829701 11.84804909676313 256.8367695361376 50.43560751527548 317.0725196748972 14.72401836514473 0.9222784787416458 26.56030371785164 36.09376823157072 0 1.925344951450825 0 32.20893909037113 0 0 0.1634615361690521 13.59159488976002 0.5767220854759216 89.97742743045092 26.1991159170866
145.6490852609277 1002.012776061893 3298.036410912871 8.169461570680141 1010.773285768926 1.2752755433321 68.30111341923475 1487.308447927237 726.5250310525298 7.982445731759071 1982.925591118634 191.9271968081594 677.2017987146974 1213.743694700301 70.12191989272833 27.43535417318344 5.280438244342804 9.837546266615391 0.3742771819233894 10.50810807198286 37.92885608971119 0.3620745241641998 30.22952072322369 11.36518451571465 11.60580237209797 0.8837509155273438 11.27412393689156 0.2220282331109047 2.149483531713486 1.31007494777441 2235.090679496527 862.556795977056 733.7617902904749 8.346746623516083 10.47395098954439 10.12404828518629 193.2975442707539 50.20152167975903 8.53120644390583 3.096672527492046 3.609680682420731 2.127278752624989 13.24304609745741 30.25155142694712 4.183307252824306 14.78522106260061 96.10162641108036 1.428751274943352 2.53935019671917 12.1485910192132 1.228566855192184 1.324722073972225 1.194585628807545 2.396671339869499 1.027366496622562 4.550564363598824 27.52732992172241 218.9128508269787 4.795447587966919 31.57299198955297 46.29847425222397 239.9839874580503 4.339405477046967 431.3460994660854 2.369946092367172 4.349898256361485 0.8763790652155876 13.15643626451492 44.65992534160614 23.35093649476767 120.160590454936 0.7398795336484909 0 98.05233624577522 146.5277753025293 181.6582863479853 118.8041078746319 42.79630210995674 476.2400025576353 930.5047252252698 149.2254985123873 668.1963338926435 1.72276359796524 0 2.743772752583027 1.303373448550701 5.242275327444077 0 0.8118366748094559 0 1.681508056819439 0.9178048372268677 13.69712341576815 0.5716618001461029 2.972698614001274 1.839343585073948 2.705421626567841 0 2.911382220685482 45.95260211080313 0.5155314207077026 0.1811026334762573 0 0.4893083870410919 0 0.4110091477632523 0 0 0 0.1620959937572479 0 3.704547256231308 2.545502305030823 0.3456675410270691 1.098526120185852 0.314436137676239 0 0 0 0 0 0 0 0.1791319400072098 0 0.3337078839540482 0 0.2102743536233902 0 0.1008718833327293 0 0.4921291172504425 0.1087443679571152 0 0.2099199295043945 0.7023752927780151 0 0.2440557330846786 0 1.861691445112228 0.4556599408388138 3.022544197738171 2.053513407707214 0.5299495309591293 0 0 0 0 0 0 0 0 0 0 0 0 0.5237229019403458 0.1236732602119446 0 0 0 0 1.007504343986511 0 0 0.1732910126447678 2.350168623030186 0 0 0 0 0 0 0 0 0.1934334486722946 3.135392725467682 0.3549705743789673 0 0 0 0.7881617248058319 0 2.897584319114685 0 0 0.2289775162935257 0 0 0 0 0 0 0 0 0 0 0.7108533903956413 2.266967177391052 2.45569135248661 316.5124428346753 9.406756840646267 220.0803459435701 57.51865820586681 25.32110420614481 9.441356733441353 0.1442492306232452 23.35331224650145 8.329290688037872 0 0.6700988635420799 0 1.566377997398376 0 0.1090400144457817 0 15.26575136184692 0.18947534263134 5.992499679327011 1.274705603718758
20.44637393206358 1860.770680822432 1190.284196898341 16.33555821329355 6778.071469835937 8.996192157268524 1768.223624683917 726.5250310525298 948.1102765053511 394.4878050386906 1677.479277983308 139.1855391561985 1512.715822346509 1912.1042772457 41.67702741920948 5.548686228692532 1.131547100841999 0 0 0 0 0 0 0 0 0.1502212733030319 0 0 0.8349411487579346 0 76.41946163028479 9.94894190132618 72.44318903982639 0.1212482824921608 0 0.7485997751355171 13.05387725681067 3.284268848598003 0.9682271331548691 0.4762029051780701 0.319223627448082 0 0 0.5853059217333794 0.3430821448564529 0.6964620798826218 66.4863953217864 0.8198999688029289 0.7005531191825867 0 0.965546652674675 0 0 0 2.052510857582092 1.755152970552444 6.938754543662071 35.54451436549425 2.792536035180092 27.48487170785666 0.5095854476094246 2.163839243352413 0.2526799365878105 50.41310089826584 0.7923570200800896 1.57305184751749 0.2971164733171463 1.12296225130558 0 0 9.482940442860126 0 0 47.73950755596161 56.69989928603172 103.8173712268472 39.08379070460796 1.421460844576359 0.1022554337978363 19.23799100518227 0.2278448864817619 0.7163248285651207 1.822500623762608 0.5007258653640747 2.388468228280544 0.6760844364762306 0.5559995695948601 0.1602723002433777 0.2171851396560669 0 0.2907027676701546 0 0.1024190634489059 0.4662564024329185 0 22.70306561142206 3.898752741515636 0 1.002242185175419 7.040991127490997 0 0.319219172000885 0.5652236044406891 1.098330408334732 0.1920286118984222 14.48516836762428 1.375961691141129 2.757761761546135 9.000360980629921 8.607248976826668 1.420647293329239 17.88207814097404 18.54376950114965 11.28384884446859 1.562172919511795 0 0 0 0 0 0 0 0 0 0 0 0 0.1048487648367882 0 0 0 0 0 0 0.4413547217845917 0.5080077648162842 0 0 0 2.022243544459343 1.191445827484131 0.664193332195282 0 0.1253277659416199 0 0 0 0 0 0 0 0 0 0 0 0 0 0 0 0 0 1.078686475753784 0 0 0 0 0.5550395250320435 0.7206124067306519 0 0 0 0 0 0 0 0 4.051971085369587 0 0 0 0 0.7426793277263641 0 1.176702409982681 0.3379802703857422 0 0.7211816906929016 0 0 0 1.887333631515503 0 0 0 0 0 0 8.674126222729683 2.475621253252029 0.9545309990644455 352.0310106277466 6.787611462175846 160.5431815013289 35.05090393871069 84.70216292142868 12.43015414476395 0.6750897467136383 29.60615047812462 18.16982680559158 0 1.121999360620975 0.1951419115066528 22.26465454697609 0 0 0 47.82637573033571 0.2357698976993561 32.79552914202213 20.5306208729744
1623.343805722892 1176.350096225739 227.4354500174522 2311.15884500742 857.828286960721 1621.47591881454 2821.401057466865 7.982445731759071 394.4878050386906 2294.09385766834 38.69472382962704 2192.428174518049 7929.571078009903 136.4677501246333 25.06044654548168 2.915663696825504 0.9063477367162704 0 0 0 0.1512040644884109 0 0 0.07952741533517838 0.5844336748123169 0 0 0.1210530176758766 0.3108436763286591 0 149.7078449428082 2.813750505447388 10.67521733790636 0.3229670003056526 0 0.197411447763443 23.79089316725731 2.650488115847111 4.577381081879139 0.3704181089997292 0 0.8438685089349747 0 0.1140703111886978 0 0.432913139462471 60.5257520750165 2.006216496229172 0.1095386743545532 0 0.9642808958888054 0.3044766783714294 0 0 2.859077408909798 7.134055152535439 150.6865658611059 359.9646287634969 14.10421462357044 58.04778511077166 0.3393698409199715 1.768409073352814 0.8041785508394241 115.2816744074225 3.617036774754524 5.34928098320961 0.9523519948124886 2.416137784719467 0.09587980061769485 0 171.2012508735061 2.458439335227013 0.5807596892118454 198.5877051278949 110.3302889764309 113.7460139840841 18.00993310660124 0.3247863426804543 0 1.031181573867798 0.316583126783371 3.13271851837635 3.613766923546791 0.1920963451266289 5.066288731992245 2.546433046460152 1.714866049587727 0.21146409958601 0.9396395608782768 0.3586172312498093 1.770863875746727 0.6071068868041039 0.3411389887332916 0.3150535821914673 0.433167077600956 418.317040361464 91.53580582141876 0.1514686346054077 13.86455489695072 704.8774227499962 0.8523689955472946 4.61020565032959 8.455927230417728 11.23874358832836 1.718779131770134 46.83987509459257 6.852674201130867 9.459265828132629 69.66378742456436 54.75820467621088 2.910704702138901 93.06654030829668 93.28761261701584 45.19896688312292 7.60891105979681 0.1159043833613396 0 0 0 0 0 0 0 0 0 0.1478853672742844 0 0 0.1441836059093475 0 0 0 0 0.2440442740917206 2.748705089092255 2.137948393821716 0 0 0 5.834181092679501 0 4.859208695590496 1.224947988986969 0 0 0 0 0 0 0 0 0 0.2221994251012802 0 0 0 0 0 0.09276998788118362 0 0 0.09201080352067947 1.217796139419079 2.205361574888229 0 0 5.11313658952713 0 0 0 0 0.1118306517601013 0 0 0 0 24.81114046275616 0.1549217998981476 0 0 0 2.226839318871498 0 1.621908903121948 0.3307926058769226 0 0 0.1212031170725822 0 0 0 0 0 0 0 0 0 29.61369502544403 10.10634246468544 2.87555193156004 1028.492097526789 14.49759397655725 245.7511699125171 54.88114190846682 2214.768634743989 17.85026275366545 0.851573534309864 27.42165406048298 121.4099364876747 0.4722921848297119 3.050222367048264 0.1621630936861038 136.4238866567612 0 1.213858604431152 0 10.93618782609701 0.7658455967903137 657.6960839033127 121.0659029781818
111.6765147522092 1098.235510401428 1083.93765861541 205.6617308184505 2014.703476272523 9.716876089572906 189.9760057926178 1982.925591118634 1677.479277983308 38.69472382962704 1665.165545262396 245.0912755727768 1129.886117108166 3021.667378641665 74.65081212669611 49.57688251882792 15.00907900184393 9.660794414579868 0.6569525301456451 2.136703096330166 17.9591408893466 3.751237735152245 16.38924000412226 12.44276832044125 45.76435801386833 2.976435430347919 21.2342712059617 2.573421373963356 6.161561667919159 5.97858864814043 407.2055279612541 238.0552508980036 1830.187710896134 5.219298951327801 13.04780376702547 56.10989463329315 1048.873501129448 318.2978374287486 48.18343748152256 16.40221503376961 14.42236036807299 2.174909800291061 6.919140659272671 1.954789005219936 5.742415606975555 7.316031321883202 76.77295560389757 1.095307610929012 2.674565657973289 11.01904598623514 2.123218819499016 7.790493115782738 8.831986092031002 7.072134360671043 0.3955460637807846 1.85004960745573 13.36134357750416 70.12535335123539 3.203467182815075 21.33290605247021 5.803915277123451 647.352477543056 15.84118612855673 102.6864585876465 0.7373960092663765 3.058705046772957 2.285565666854382 10.45738169550896 19.84481690824032 25.38224366307259 533.3002565801144 5.354932308197021 0.1289813220500946 53.59596453607082 65.04045021533966 130.7984314858913 75.39441748708487 11.57506074011326 88.02105464041233 617.10253508389 0.9321002587676048 211.3377213403583 1.047772780060768 0.1070783212780952 1.319313161075115 2.286487117409706 2.063078790903091 0.1766684800386429 0.5502406880259514 0.194557711482048 1.379130810499191 1.439503259956837 22.03705497831106 0.9987308159470558 11.24124167859554 8.601351246237755 6.155844122171402 0.1313319057226181 3.978008382022381 17.70169883221388 0.4682348370552063 0.5853790193796158 2.35477089881897 1.00787341594696 0.09589537978172302 6.578202344477177 0 1.062667191028595 7.87133215367794 5.068837314844131 0.6963260769844055 12.68538218736649 14.30279619991779 9.459631510078907 5.967117920517921 0.2288053259253502 0.5213083028793335 0.4724971652030945 0.2340311110019684 0 0 0 0 0 0 0.9844256192445755 0.130311131477356 1.330820105969906 0 0.760012112557888 0.2066808491945267 2.156972467899323 1.268561467528343 1.034174695611 1.849554739892483 1.379714384675026 0.8464081287384033 1.604534044861794 0.4067656621336937 3.033125042915344 3.252136193215847 7.297223687171936 9.236698567867279 1.813613191246986 0.3313008844852448 0 0 0 0 0 0 0 0.836548238992691 0 0 0.2248976677656174 3.917346633970737 0.1417632102966309 0 0 0 0.1092610284686089 2.037494778633118 0.1576090157032013 0.1779126226902008 1.341916114091873 7.328379422426224 2.391435623168945 0 0.1395534723997116 0 0 0 0 0 0.2274071574211121 24.30824391543865 2.577517881989479 0.8192297369241714 0.4597792625427246 0.5876880288124084 7.761073090136051 0 12.86785772442818 0.81781867146492 1.055606871843338 0 0.4945153594017029 0.6871964186429977 0 0 0 0 0 0.4585933238267899 0 0 8.126003071665764 8.512670964002609 11.17680279910564 372.6932742372155 8.427186101675034 189.5016940385103 64.54874616861343 27.59579876065254 8.247443735599518 1.581975713372231 21.11348367482424 17.44479012489319 1.141559243202209 4.9123899564147 0.5740062221884727 6.260859966278076 0 0 0 22.8870779722929 0.5546466708183289 13.81211117655039 6.942887090146542
225.7379326745868 311.7205763682723 201.0912143588066 1830.141175076365 198.3833213672042 91.20743633061647 904.2876456826925 191.9271968081594 139.1855391561985 2192.428174518049 245.0912755727768 219.0194316655397 2283.649307139218 302.687684379518 63.49729737639427 26.11864380538464 6.090764835476875 0.5692053660750389 0.3207058161497116 0.2582198306918144 2.515269264578819 2.873684465885162 0.8273298069834709 0.7758189588785172 11.56245590001345 0.1427595019340515 1.874545991420746 0.469762772321701 6.067222014069557 0.6010793447494507 85.32427388429642 27.07028246670961 148.9715878218412 2.3541324660182 1.512753382325172 10.77798113226891 585.6855693906546 36.41056630015373 46.63291350752115 3.636236973106861 3.463245332241058 1.103673711419106 0.1070939302444458 1.639933250844479 2.49091337621212 2.772512190043926 80.47845795750618 1.195821769535542 2.864627197384834 2.497997209429741 0.3852191865444183 3.21324959397316 6.558123096823692 1.604151964187622 0.6405973508954048 2.920672833919525 15.5898190960288 59.55809096992016 3.178444020450115 28.10024862736464 1.915983766317368 18.09050191193819 2.47189673781395 69.16159109026194 0.912036120891571 1.576385304331779 0.1300714015960693 2.112265430390835 1.527913704514503 2.56956735253334 598.4826971590519 3.58694913983345 0 63.20333442091942 65.37086441367865 125.4374826103449 49.95191671699286 4.435512244701385 2.096738949418068 3.431510500609875 0.09033555537462234 1.157248951494694 0.9204800575971603 0 2.187700390815735 0.6597174182534218 0.9217387735843658 0 0.2264983355998993 0.1022651270031929 1.313865624368191 0.4479781985282898 1.796627730131149 1.040317833423615 3.210612095892429 631.1370534300804 37.15079106390476 0.3062898516654968 16.27856726199389 45.28093083947897 1.605630993843079 8.670750364661217 19.86580689251423 6.171958439052105 13.26982895284891 58.51499669253826 6.500429153442383 16.38681541383266 74.94768717885017 60.08229199051857 3.310114860534668 168.3677958846092 163.5049870684743 100.5719674825668 22.21007589995861 0.8810625225305557 0 0.2879666388034821 0.4858881533145905 0 0 0.1055689454078674 1.14281502366066 0 0 0.57349893450737 0 0.1071506515145302 0 1.07485331594944 0.4318441450595856 2.760810397565365 0.1740845888853073 0.8475413918495178 6.613172747194767 3.430096596479416 0 2.628143489360809 1.394053876399994 21.52282088249922 3.815173879265785 20.6509649977088 14.8222573697567 3.824892185628414 0 0.2283632308244705 0 0.4195103049278259 0 0 0 0.1457919478416443 1.143881484866142 0.1149876266717911 0 0.1622050106525421 2.343838661909103 0.8076059371232986 0.080814428627491 0.1051938757300377 0 2.228093281388283 3.016075186431408 0.2716043442487717 0.947378396987915 2.047742635011673 29.45981912314892 1.732228249311447 0.2468860000371933 0 0 0 0 0 0 0.2722797989845276 112.21282979846 1.887263432145119 0 0 0.1640332937240601 24.77659574151039 0 18.71282832324505 1.437302500009537 4.508575215935707 1.316142372786999 0.1167835518717766 0.5492863059043884 0.1291344463825226 0 0 0 0 0 0 0 71.15272590517998 16.06267651170492 18.78250521421432 702.0300177931786 13.53177490085363 230.1212444677949 71.12561237066984 358.7150292173028 9.610530652105808 3.682215414941311 30.36600361019373 128.4736657515168 0.5376549661159515 8.181583777070045 2.033162951469421 118.3731449842453 0.2282680124044418 0 0 15.70949094742537 0.3593719601631165 316.7642413079739 140.3597395569086
209.5404693558812 675.4061576575041 524.3226288706064 989.821097433567 1348.209006145597 81.79280438274145 3114.696945570409 677.2017987146974 1512.715822346509 7929.571078009903 1129.886117108166 2283.649307139218 3703.443348042667 5737.324415907264 120.6167282536626 41.43085675686598 5.805408783257008 0.9509136527776718 0.1171667724847794 0.2532539814710617 1.052903369069099 1.579230591654778 0.4756921753287315 0.7955443039536476 4.741885550320148 0.515095591545105 0.5426337942481041 0.08209145069122314 2.016291290521622 0.3203074410557747 179.9516108855605 50.62272749096155 503.5717349797487 1.599122874438763 0.7077521234750748 5.895024806261063 1412.900892607868 24.50622216612101 19.53219626098871 2.155123643577099 2.426329053938389 0.9236700013279915 1.007704265415668 1.603644341230392 1.02556012570858 1.850740425288677 179.0616365969181 0.769070528447628 3.200632117688656 0.3870007693767548 0.6026590541005135 0.6777548268437386 1.502884849905968 1.367707073688507 1.92823451012373 5.858523853123188 21.33578802645206 95.1217313632369 5.570986963808537 61.02886229008436 1.890801265835762 20.15687795728445 1.048078641295433 126.06831292063 2.653689086437225 4.178041093051434 0.6554030925035477 1.912367574870586 2.232175268232822 0.9830213487148285 585.4013795852661 0.5074139386415482 0 114.8304865434766 135.2459670081735 272.6006769165397 107.9485876262188 5.839014396071434 5.142432294785976 14.37442828714848 0.2313498333096504 5.884935095906258 2.323197200894356 0.2623114064335823 3.160497926175594 1.949709981679916 1.447560891509056 0.08933129906654358 1.278757363557816 0.3084209561347961 1.802755124866962 0.4034876450896263 0.8514396324753761 0.3517875000834465 1.052040062844753 700.1308702304959 28.73226366192102 0.1295210719108582 13.42624940723181 49.24541239440441 2.742545820772648 6.898666262626648 16.56458665430546 9.160964339971542 15.25224243104458 76.97305416315794 13.43520005047321 17.09921197593212 94.31141897290945 88.25659178197384 7.28314346075058 227.0202722176909 230.5547866001725 124.0088109001517 28.09262073785067 0.3220878764986992 0 1.303348198533058 0 0 0 0.2472299784421921 0 0 0 0.9268646240234375 0 0 0 0.2949161380529404 0 0.6866355836391449 0.1794440299272537 0.2332243695855141 7.27836637198925 6.752566799521446 0 0.4626767337322235 0.5150547027587891 22.41546193510294 1.36572228372097 16.39018905907869 10.51685329526663 1.664011791348457 0 0.2568018734455109 0 0 0.184852346777916 0.7913280129432678 0 0.249652586877346 1.524171635508537 0 0 0 3.449845291674137 0.1486412584781647 0 0.2246147692203522 0 0.6256768777966499 7.744976446032524 2.931605845689774 0 0.9853836596012115 25.00633856654167 3.804942294955254 0 0 0 0.130113884806633 1.12772873044014 0 0 0 99.48983816057444 0.1715893447399139 0 0 0 18.37732508033514 0.3056130111217499 23.44986397027969 1.719062820076942 3.975726470351219 1.683731980621815 0 0 0 0 0 0 0 0 0 0 88.35495567321777 39.57673908025026 20.09765501320362 1125.195508003235 19.98593787848949 383.4198570251465 123.5966461971402 472.6501055657864 24.27342322468758 8.912136517465115 62.05957381427288 174.9672714546323 0.6638296693563461 13.85919620841742 2.194159232079983 181.1168801039457 1.744699954986572 2.549915909767151 1.093802958726883 28.71912501007318 0.1495340466499329 324.6720677167177 176.1762284561992
95.87350076436996 771.5936245918274 719.8764367774129 14.13544719666243 2638.94719350338 2.551573432981968 2536.465420126915 1213.743694700301 1912.1042772457 136.4677501246333 3021.667378641665 302.687684379518 5737.324415907264 952.7677688077092 45.78006949275732 15.0926903411746 3.334956169128418 1.636498332023621 0.1166752427816391 0.2906967774033546 1.940105721354485 0.8368349075317383 0.6480564326047897 0.7673589438199997 14.83284860104322 1.085762940347195 3.014795124530792 1.600144021213055 3.356318891048431 0.5830824449658394 146.2905148267746 28.35341381281614 2631.199646301568 2.829547390341759 2.365639954805374 21.82571763545275 3026.431132845581 170.4875431656837 24.82206025719643 6.652027815580368 2.175930500030518 0.82192163169384 1.038403764367104 0.5309704393148422 1.985492125153542 3.587574824690819 63.27048379927874 0.8289472460746765 1.18662117421627 0.4490680024027824 0.9646267518401146 1.725977852940559 3.811440616846085 2.381903603672981 1.220439285039902 1.125271648168564 11.41264681518078 52.5678603425622 2.391636021435261 26.02354504168034 1.384869076311588 317.0369625017047 3.515840537846088 48.91074243932962 1.050068847835064 1.189370460808277 0.1012784242630005 1.857963696122169 0.6560958251357079 1.066203862428665 863.6581767499447 1.197450950741768 0.5557801276445389 51.84074742347002 55.39434821903706 107.1924540996552 50.63619872927666 3.097226515412331 2.732728779315948 121.8667368665338 0.7487477138638496 51.67467644065619 2.050760827958584 0.1432460099458694 1.595535382628441 1.039748542010784 0.8727239146828651 0.1028926149010658 0.2085244506597519 0.1133009418845177 1.446053668856621 0.308531366288662 1.982191018760204 0.769245907664299 2.630789935588837 25.82818607985973 5.964186057448387 0.1369921416044235 4.804138049483299 15.7608792707324 0.3796326667070389 0 2.034653231501579 2.134706601500511 2.197410881519318 14.47100368142128 1.017359286546707 1.885911047458649 5.314975067973137 9.97141295671463 0.6080804467201233 31.11869674175978 21.10821728408337 12.0121216326952 2.227909334003925 0.09934328496456146 0 0.1096954122185707 0 0 0 0 0 0 0 1.139883980154991 0 0.1146605014801025 0 0.2983552068471909 0.1068848818540573 0.2341732904314995 0.2543990015983582 0.2513104826211929 2.840240515768528 0.7628956437110901 0 0 0.6349829733371735 2.541864052414894 0.17020183801651 3.585169516503811 3.266569837927818 0.2192622050642967 0.1488439291715622 0.1265135109424591 0 0 0 0 0 0 0.1395252645015717 0 0 0.1201983690261841 1.914682008326054 0.4986559003591537 0 0 0 0.4154257476329803 1.067702785134315 0.1390344798564911 0 0.1492162495851517 3.367086999118328 0 0 0 0 0 0 0 0 0 15.37434209138155 0.4070685431361198 0 0 0 4.451552301645279 0 3.632549330592155 0.2064397633075714 1.011945843696594 0.4064468368887901 0.1789058297872543 0 0 0 0 0 0 0.2428947687149048 0.2344253957271576 0 8.346265077590942 3.285628706216812 4.90395275503397 274.8768122643232 8.920533731579781 154.1161103099585 40.99348362535238 41.93662151694298 6.122483417391777 2.41743341088295 16.5280240252614 23.38930254429579 0 1.184697702527046 0.8938882648944855 21.28104440867901 0 0.182368203997612 0.5108437538146973 12.15813837200403 0.1878723949193954 32.22969141602516 18.17055160552263
