483.3964016586542 2509.057159475982 116.411551065743 1798.335243314505 40.25013954937458 160.9364335164428 297.4079658687115 66.03413059562445 39.99819280207157 1319.075536131859 159.131803534925 14.76873718202114 50.0119785964489 199.5782310515642 8.265156418085098 1.303694218397141 1.831687420606613 1.02830333262682 0 0.2839286401867867 0.7683318331837654 0 0 0 0 0.4454567730426788 0.1060600057244301 0.4021072685718536 0 0 965.8998821601272 5.104522414505482 21.41906933486462 0.2218386605381966 0 0 3.345654152333736 1.275917753577232 2.177374735474586 0 0.5719392448663712 0.3490490615367889 2.019489660859108 0.1239579692482948 0 0.5363816171884537 101.0394289642572 18.81863629817963 5.193727269768715 0.9268245846033096 2.51369584351778 0.7772200554609299 0 0.1183171346783638 9.074332684278488 10.61580069363117 96.13901425898075 463.3852478340268 21.06428916752338 111.0103710517287 0.8933321163058281 26.58908993005753 0 10.3698448240757 12.27564845234156 11.72691707313061 5.264461189508438 3.86886341124773 1.502334140241146 0.5950154960155487 7.928716242313385 10.39841143786907 0 476.957439430058 65.58467322587967 108.3397398218513 0.9196364432573318 1.134899385273457 1.3304408416152 32.15904044359922 1.036462187767029 28.58216372877359 46.52743687480688 0.4766784384846687 20.37006752192974 9.49395065754652 5.594179727137089 0.2007004916667938 6.76741187274456 0.4475617408752441 2.164377890527248 0.6813751831650734 2.307486414909363 0.4199193194508553 0.4486028552055359 25.34019182622433 1.555397793650627 0.2001263201236725 4.22365503013134 1256.534924969077 2.777693539857864 5.349205732345581 16.8070435076952 34.57430252432823 2.206059738993645 34.01201711595058 46.24799826741219 14.163036480546 55.87940588593483 71.25613157451153 3.006064414978027 13.36416567862034 49.95004524290562 27.01132437586784 19.05797444283962 0.3776407539844513 0 0 0 0 0 0 0 0 0 0 0 0.6013713479042053 0.3458246290683746 0 0 0 0 0 0 0 0 0 0 11.03446654975414 0.5901363492012024 9.554013043642044 3.897984877228737 0 0 0 0 0 0 0.6791496872901917 0 0 0.1553920060396194 0 0 0 0 0 0.08231824636459351 0 0.1846966296434402 0 0 2.487049460411072 0 0.9658031463623047 7.050971731543541 0 0 0 0.1007486507296562 0 0 0.3007319495081902 0.239025890827179 0 3.895484425127506 1.923704653978348 0 0 0.1095291525125504 8.787030935287476 0.827172577381134 3.015617847442627 0 0 0 0 0 0 0.08338185399770737 0.08845590054988861 0 0.3696629628539085 0 0 0 38.14025151729584 1.764793321490288 8.459777869284153 198.6318265721202 14.53113620728254 290.2284916713834 25.9522839486599 1232.561428681016 26.005555331707 3.936253167688847 6.932868890464306 7.818275660276413 0 1.671163164079189 0 32.78874249756336 0 0 0 1.126737534999847 0.3541540205478668 558.3483837097883 79.37591935694218
2509.057159475982 1998.651587933302 1603.566969379783 1048.85600477457 2756.990631937981 141.3287158608437 3037.610561065376 342.8918221667409 1844.217679783702 2156.373392730951 2216.164511464536 219.0056944340467 2617.461998566985 3807.49356008321 54.98008736222982 12.42670430988073 5.146863386034966 1.43872956186533 0.1957377642393112 1.791584625840187 1.41269414126873 0 0.311037041246891 0.2381419017910957 0.895640954375267 1.625905051827431 0.1587415933609009 1.023853063583374 0.09768745303153992 0.4199585318565369 2407.277228586376 19.9937906563282 50.70576288551092 0.2810247614979744 0.4726292490959167 0.6386956125497818 15.4156509488821 5.018129155039787 2.177232645452023 0.5169401541352272 1.312751233577728 0.2809257954359055 3.034085728228092 0.6767038851976395 0.8338179513812065 0.5007883235812187 442.0749316588044 29.16460582613945 10.18458485603333 1.996026962995529 4.137112714350224 0.09195112437009811 0 0.4917331486940384 11.77996567636728 12.41709413379431 81.68871555477381 412.5932357013226 33.15799399465322 243.9628118947148 1.59387294203043 43.34903182089329 1.089338928461075 20.62975484132767 18.76603478938341 18.12679648399353 9.40384417027235 6.190320372581482 3.626470185816288 2.459706835448742 13.24728144705296 23.34689294546843 0 672.9276129230857 128.5678062215447 339.3259966298938 20.00033587962389 4.0383645221591 6.02971438318491 143.8372733592987 1.312971323728561 47.46368654817343 68.85069888085127 0.8711137920618057 38.29641945660114 13.24520057439804 7.480666488409042 0.1836983188986778 8.68808351457119 0.5583670660853386 3.792874924838543 0.9522338286042213 11.56915122270584 1.133353762328625 1.157060630619526 29.03936767578125 2.608421012759209 0 5.109780602157116 1297.386638499796 1.497292652726173 4.610241532325745 22.13792565464973 14.26444029808044 3.473230570554733 64.57391858100891 17.10455806553364 28.56719412654638 73.54918143153191 85.17727486789227 9.786674931645393 19.15777613222599 49.90441410243511 35.63856851309538 46.35122399777174 0.5005860775709152 0.1446836590766907 0 0 0 0 0 0 0 0 0 0 0.1886633187532425 0 0 0 0.1082932502031326 0 0 4.660985335707664 1.240414947271347 0 0.303045928478241 0 36.173329859972 4.409921169281006 29.78090557456017 10.56472257524729 2.370430320501328 0 0 0 0 0 0.2123320698738098 0 0 1.067445777356625 0 0.202745646238327 0.631267249584198 0.2604957967996597 0.4198946952819824 0 0 0 1.423529334366322 0.1958131566643715 1.845213703811169 0.3579483926296234 1.080797031521797 15.68086236715317 0.3604222536087036 0.1145405471324921 0 0.09505518525838852 0.2034642621874809 0 0.2807192876935005 0 0.2239698991179466 12.38376647979021 5.310939818620682 0.2280868887901306 0 0.116151474416256 13.39958544075489 0.4811158180236816 8.974869266152382 1.191637024283409 0 0 0 0.1199522539973259 0 0.1244982928037643 0 0 0.5832022801041603 0.2121753320097923 0 0 23.81972835958004 7.425049014389515 27.89544963091612 514.0833386331797 17.4316505715251 901.0010848045349 110.4328866675496 461.8981085941195 93.42719800025225 2.34867425262928 46.08727879822254 5.834949754178524 0.5121757388114929 6.249746546149254 0.6139753982424736 13.27098806202412 0.5624907612800598 0 0.2630100175738335 19.84929047524929 2.442090168595314 204.4984901845455 40.78366686403751
116.411551065743 1603.566969379783 1976.391843914986 28.68512555956841 1155.038063921034 5.013645768165588 175.2236851677299 4426.510587930679 1498.934315562248 26.7184110507369 4260.853328883648 0.973806232213974 25.57462412118912 1434.208002857864 31.49808744341135 19.37533831596375 2.537528999149799 2.46386494487524 0.2195237874984741 1.654230549931526 6.896366238594055 0 1.136910170316696 0.7507262378931046 0.8090138286352158 4.399103872478008 0 1.21992552280426 0 0.4791768789291382 3035.505376234651 450.9762255176902 40.5734343752265 0.8454125002026558 0.2984220087528229 1.718190155923367 7.809842005372047 5.213874772191048 2.506181880831718 0.5999879539012909 4.294337809085846 3.199863061308861 15.49804148823023 1.291474848985672 0.4138289839029312 1.431290403008461 156.5997083932161 9.142354644834995 3.415192544460297 2.786291770637035 1.835875481367111 0 0 0.3544518575072289 4.304180398583412 4.618619799613953 37.09893984347582 505.3314493820071 11.66840732097626 75.78657717257738 11.07074485719204 29.62656038254499 0.7236038148403168 37.24625618755817 4.196091443300247 6.210355833172798 4.526252895593643 4.246292568743229 8.90049484372139 18.42389926314354 6.537938803434372 4.408915027976036 0.3112390041351318 288.0467529147863 91.27482280880213 162.6424476355314 15.21495817601681 6.691600643098354 67.59075220674276 838.1250083371997 6.424947798252106 171.3558941334486 20.83888920396566 0 11.00476991385221 3.85682600736618 5.243253275752068 0 2.86109796911478 0.2102099359035492 1.493939757347107 0.1029000356793404 54.11210303753614 3.360891528427601 0.6278573125600815 5.880982249975204 0.5725149512290955 0 6.968255586922169 143.4750991910696 0 0 0.9023234844207764 2.263497963547707 0.3479443192481995 2.839712217450142 2.12996581196785 0.4982597380876541 2.112488463521004 6.282726489007473 0.537868931889534 0.8678524047136307 3.620256125926971 1.912617385387421 1.450675085186958 0 0 0 0 0 0 0 0 0 0 0 0 0 0 0 0 0 0 0 0 0 0 0 0 1.541044622659683 0.1640702486038208 0.8644234389066696 1.22813780605793 0 0 0.1709665358066559 0.1357914358377457 0 0 0 0 0 0 0 0 0 0 0.2208629474043846 0 0 0 0 0 0.157407134771347 0 2.81861674785614 1.403685361146927 0 0 0 0 0.11057398468256 0 0 0 0.3997284322977066 0.3770523518323898 0.3064283430576324 0 0 0.6302150934934616 0.2207830101251602 0 2.417197853326797 0 0 0.1116165816783905 0 0 0 0 0 0 0.1040648743510246 0 0 0 1.420400097966194 1.197803109884262 0.6683377772569656 104.8691702112556 8.497378177940845 228.3884178102016 36.87497422099113 75.75392904877663 20.49154187738895 1.689240798354149 9.679125152528286 0.8279930353164673 0 2.891513109207153 0 0.6755425333976746 0 0 0 9.757207453250885 0.2046668976545334 29.01146045327187 4.02398893237114
1798.335243314505 1048.85600477457 28.68512555956841 344.4610196650028 74.74688072502613 342.4562620818615 872.344371303916 7.173314340412617 54.01121148467064 3585.874086871743 45.86737167835236 170.4956588447094 616.661102950573 136.6306601017714 3.890493519604206 0.1330464035272598 0.6416494995355606 0.2828581184148788 0 0.2369919568300247 0 0 0 0 0 0 0 0.2354068458080292 0 0 130.837618470192 1.61773893237114 5.786181464791298 0 0 0 5.91657754778862 0 0 0 0.2459097802639008 0 0.640096053481102 0 0 0 54.37808484584093 4.435790278017521 1.429651021957397 0.7840005159378052 0.5019699186086655 0 0 0 1.549109250307083 2.079335659742355 16.09143481403589 38.30558210611343 6.202094584703445 38.7100995182991 0.3595009595155716 17.58060392737389 0 6.733471661806107 2.312351174652576 2.527589909732342 2.087930828332901 1.386024288833141 0.1565155535936356 0 6.078360751271248 10.4771241247654 0 105.594786092639 16.38282614946365 36.18928533047438 0.9406940340995789 0 0.1998199224472046 4.20884658396244 0 17.13897252827883 10.58845106512308 0 4.001370996236801 1.498370110988617 0.840260773897171 0 1.460779219865799 0 0.635133795440197 0 0.2148005366325378 0 0.1306479275226593 27.08558386564255 0 0 1.442171320319176 673.1947742700577 0 1.457294017076492 8.389988198876381 14.91782476007938 0 21.0678499341011 15.12876760959625 9.666638448834419 106.9528003334999 36.55216594040394 2.105751365423203 6.142456531524658 17.61160135269165 14.4745205566287 15.75915831327438 0 0 0 0 0 0 0 0 0 0 0 0 0 0 0 0 0 0 0 0.2814681828022003 1.908740341663361 0 0 0 9.580735042691231 0.5185189843177795 6.247068613767624 4.302648097276688 1.457619354128838 0 0 0 0 0 0 0 0 0.9860825538635254 0 0 0 0 0 0 0 0 0.9430397897958755 0.3188844174146652 0 0.4636179506778717 0 1.866575047373772 0 0 0.09160845726728439 0 0 0 0 0 0 2.705340042710304 0.7385513782501221 0 0 0 5.624018445611 0.3377515077590942 2.048586338758469 0.553568921983242 0 0 0 0 0 0 0 0 0 0 0 0 10.73757876455784 1.257815793156624 6.660103529691696 86.59940909594297 1.66881912946701 146.3092251494527 10.56470952928066 614.4836115911603 15.46169631183147 0.6458118781447411 9.183313101530075 2.057504877448082 0 0.8205182403326035 0.2887676656246185 9.954707935452461 0 0 0.2213410437107086 0.3545205593109131 0 606.9068104624748 27.8134680390358
40.25013954937458 2756.990631937981 1155.038063921034 74.74688072502613 3562.627895914018 7.422946184873581 1515.983710706234 61.42818047851324 3744.192003667355 323.9637909680605 1126.946446038783 60.00522758066654 382.9511972218752 1225.383951760828 41.21751753240824 9.765297055244446 1.838973581790924 0.2014645934104919 0.2111293897032738 0.6006339639425278 0.2065492272377014 0 0 0.1381813883781433 0 0.4844366163015366 0 0.2531831935048103 0 0.1060527563095093 125.0532886311412 6.840719759464264 14.4882725328207 0.2874830439686775 0 0 6.186024039983749 1.67804754525423 1.378081053495407 0.1861225813627243 0.1764522939920425 0.1679986864328384 0.3295243009924889 0.1441362947225571 0.2070271670818329 0.5848966464400291 182.9983458071947 6.354584597051144 2.24482624232769 0.09150403738021851 0.6997123658657074 0 0 0 1.697586759924889 2.173947557806969 8.378183446824551 47.10108065605164 4.321391135454178 52.038643412292 1.23593333363533 45.75581222772598 0.2268647700548172 20.2932648062706 2.6490408629179 1.776621893048286 1.728747010231018 1.317146018147469 0.6146262660622597 0 8.948621988296509 22.59314800798893 0.1286483108997345 96.33881298452616 29.63358968496323 104.8590381145477 15.52278631180525 1.686425231397152 0.4295735657215118 14.53614837676287 0.1582168787717819 39.17927774786949 10.02176312357187 0 6.642396338284016 1.756605140864849 1.591307803988457 0 1.819660939276218 0 1.251939699053764 0.3001180961728096 0.9576147794723511 0.2318820431828499 0.2901350632309914 15.11456742882729 1.301378175616264 0 4.288654968142509 4.77694147080183 0.116977147758007 3.965558782219887 27.153723731637 12.34206408262253 4.904947370290756 63.38271698355675 16.5514150634408 38.55019164085388 63.07654786854982 102.8159666955471 9.594527631998062 17.91055642068386 56.13912232965231 39.60103816539049 58.13642428070307 0.8412074148654938 0.1490984261035919 0 0 0 0 0 0.1343442648649216 0 0 0 0 0 0 0 0 0 0 0 1.707391351461411 1.649069741368294 0 0 0 40.88539427518845 4.164649203419685 34.95834090560675 14.55699850618839 1.539161682128906 0 0 0 0 0 0.1590079367160797 0 0.6523343920707703 0.6334256306290627 0 0 0 0.4985111355781555 0 0 0 0 0.6550886631011963 0.3888013660907745 0.4304470121860504 0.6820591241121292 0.9038613140583038 19.80081497132778 0 0.1481670588254929 0 0 0.1419105231761932 0 0.1069348007440567 0 0 11.57110525667667 8.764992699027061 0.1257514357566833 0 0 16.20635943114758 1.854965656995773 18.74106547236443 1.680560678243637 0 1.020812407135963 0 0.453296571969986 0.12746961414814 0 0 0.1937201470136642 0.4778715968132019 0 0 0 19.54787407815456 10.4190758317709 34.59355784952641 398.1496950462461 8.013008564710617 335.481932900846 85.30291309207678 69.16091994941235 41.82212733477354 0.8198084011673927 50.26419816911221 7.126445583999157 0.0973101481795311 3.504616402089596 2.098887592554092 7.210682451725006 1.232726812362671 0 0.780521959066391 16.10994742810726 2.453804194927216 25.89796781539917 33.2081540748477
160.9364335164428 141.3287158608437 5.013645768165588 342.4562620818615 7.422946184873581 7.220220282673836 48.5031914934516 4.171525932848454 7.793047487735748 982.7460672110319 11.88454266637564 56.47388918697834 48.37192304432392 14.11820045113564 0.6272212788462639 0.1236273124814034 0 0 0 0 0 2.333249516785145 0 0 0 0 0 0.3841327428817749 0.1420100480318069 0 32.676543161273 0 8.954136073589325 0.1649763733148575 0.1307488679885864 0 35.68428318202496 0.4390462934970856 4.076906517148018 0 0 1.044948518276215 0 0 0.2612829208374023 0 2.533279903233051 0.7759436964988708 0 0 0.8634018748998642 21.76583684980869 1.721907161176205 0.3962274640798569 0.2347971573472023 0.1963122561573982 24.99228382855654 6.614353880286217 1.070425435900688 2.144377000629902 0 15.40748099982738 0 0 0.1875092685222626 0.274772971868515 0.2427520826458931 0.1105490103363991 0.1424302756786346 0.1845713704824448 173.0359174385667 104.0067752450705 6.71460735052824 11.25595114380121 1.048760175704956 0.8851364776492119 0 0 0 1.346787005662918 0 0.1999083012342453 1.740260988473892 1.386395215988159 0.3674459680914879 0.5851088017225266 0.4225764647126198 4.880028806626797 5.153620399534702 15.62432136386633 1.432798512279987 3.10783963650465 3.377987533807755 1.934328243136406 2.255938053131104 358.431391954422 168.3063727468252 18.12077090144157 110.4055826738477 206.2212263047695 0 2.068959325551987 6.757847756147385 5.896941497921944 1.00286853313446 13.0663225799799 18.30411942303181 4.936719685792923 21.90792679786682 29.5606949031353 3.152893304824829 4.587739929556847 18.6052496060729 11.95406452566385 11.16963224112988 0.2193185389041901 0 0 0 0 0 0 0 0 0 0 0 0 0 0 0.1281032860279083 0 0 0 0.697761669754982 0 0 0.1376402080059052 0 7.409197524189949 0.3651688396930695 1.152404561638832 2.693196043372154 0.1246836483478546 0 0 0.1026784181594849 0 0 0.194324865937233 0 0 0 0 0 0 0.1175922080874443 0 0 0.2587753534317017 0 0 0.2150016576051712 0.6473990827798843 0.2102589160203934 0.3146879374980927 1.762764096260071 0 0 0 0 0 0 0.1028780937194824 0 0.1519976854324341 3.486735552549362 3.261535972356796 0 0 0 1.974359944462776 0.2528975307941437 2.223118230700493 0.1264007389545441 0.5636859536170959 0.1286459118127823 0 0 0.2650070339441299 0 0 0 0 0.1162116527557373 0 0 19.27848422527313 1.104522615671158 1.853838451206684 26.96737764775753 1.161149933934212 8.613568007946014 0.7905587255954742 189.2706586122513 1.081199996173382 0.1191432252526283 0.2688407599925995 0.2792081013321877 0 1.051487356424332 0.3190309703350067 3.470107913017273 0 0 0 0.1644215434789658 0 150.8064918220043 65.15673923492432
297.4079658687115 3037.610561065376 175.2236851677299 872.344371303916 1515.983710706234 48.5031914934516 1007.258736073971 25.64718850702047 1157.283264949918 3247.476191282272 286.9667605161667 456.1777409613132 6290.974492847919 3996.709560923278 43.86635702848434 14.82027626782656 1.858349904417992 0.449635311961174 0.1956301927566528 1.035536415874958 0.4788110107183456 0 0.296845018863678 0.105467177927494 0 0 0 0.5014837011694908 0.09742829203605652 0.2818280681967735 135.4286509826779 3.813758239150047 32.28606604039669 0.2141155824065208 0 0.8432859033346176 13.84524392336607 4.369441673159599 1.642085619270802 0.1005516648292542 0.610749676823616 0.7543023005127907 1.774563625454903 1.77898883074522 0.1251528412103653 0.4768853187561035 213.2143976688385 8.031290851533413 2.981749266386032 0 1.363743081688881 0 0 0.1628812253475189 3.258590586483479 2.835584722459316 13.58659804612398 53.69245343655348 8.00394382327795 73.11815525591373 0.3353007361292839 56.47687017917633 0.1448700278997421 14.32127176970243 4.309010781347752 4.921127669513226 2.501518271863461 1.915166057646275 0.8714394867420197 0.8099246248602867 20.34584433585405 48.32563312351704 0 156.5185834243894 37.97901616990566 131.3377950116992 10.08397465199232 3.085095092654228 2.464348934590816 14.34435402601957 0.1096396520733833 41.55161761492491 16.94570925086737 0 10.5050250440836 3.619904831051826 2.444590270519257 0 2.891661293804646 0.1335356831550598 1.221045777201653 0.9023300483822823 3.846003443002701 0.7376083955168724 0.2037114575505257 121.4414832293987 1.403125271201134 0 6.009446270763874 30.06474391371012 0.5603203624486923 7.596666865050793 73.75767333805561 43.35366693139076 9.482081785798073 135.3932702988386 41.12835389375687 67.45308089256287 184.6512745991349 186.1870760321617 19.23116262257099 71.14879973977804 139.1474137380719 102.7820926234126 148.8729233294725 1.857321530580521 0 0 0 0 0 0 0.1412886828184128 0 0 0.1039231568574905 0 1.430546388030052 0 0 0 0 0 0 6.260024785995483 3.641580432653427 0 0 0 89.00349899381399 8.595751270651817 56.52279338985682 22.90469445288181 1.884114995598793 0 0 0 0 0.2150278389453888 0.1381677240133286 0 0 0.9573588669300079 0 0 0 0.1224975287914276 0 0 0.2634628638625145 0.1065764129161835 0.223236545920372 2.030611291527748 0.6865077316761017 1.228353843092918 2.516634464263916 38.083694845438 0 0.5338764041662216 0.3878413736820221 0 0 0 0 0 0.1257103532552719 33.54018405079842 17.58637940883636 0.544266015291214 0.1434313952922821 0 32.2919390052557 1.588880509138107 22.83498656749725 3.587789297103882 2.608024373650551 1.012419544160366 0.113423228263855 0.2958512157201767 0 0 0 0 0.120281033217907 0 0 0 50.54911458492279 26.23544216156006 58.61451037228107 520.3563440293074 7.648340813815594 455.2857271656394 100.0024649202824 100.0286701396108 52.71237666159868 2.073000006377697 53.34989751875401 16.47698727250099 0 10.84631726890802 4.19877502322197 23.12680371105671 1.169281542301178 0 0.2831635624170303 25.30909730494022 2.492280125617981 104.0408323630691 101.0011273473501
66.03413059562445 342.8918221667409 4426.510587930679 7.173314340412617 61.42818047851324 4.171525932848454 25.64718850702047 1518.433874800801 82.18226942420006 7.254106737673283 2079.815168224275 0 18.80468802899122 1070.629879131913 85.19528844952583 64.05579413473606 5.421782068908215 21.14286825060844 1.445429734885693 18.7044030725956 63.06372545659542 0.1468064188957214 2.518890202045441 3.07967121899128 0.9629878401756287 11.30009193718433 0.2794833034276962 2.937363505363464 0 0.2787308245897293 2317.670147679746 1910.932557851076 34.48976064473391 4.541055500507355 1.615581721067429 1.614361800253391 9.570897817611694 13.62398201972246 3.087710663676262 1.824072524905205 13.88869635015726 6.020833410322666 157.9347543492913 30.10242708772421 11.33694898337126 53.55052329599857 239.138492166996 8.662281878292561 6.416045933961868 25.16397053748369 3.415938027203083 0.7842378243803978 0 0.7458600476384163 3.863267242908478 2.960046678781509 33.40202367305756 554.6485460922122 8.593250781297684 69.76673723757267 220.0810740590096 61.46750680357218 11.667116522789 846.0437704324722 4.799293532967567 10.05260773003101 2.920461684465408 11.32215882092714 77.00428546965122 83.6991743221879 3.773661561310291 2.792060300707817 0 258.5335635617375 219.1370400711894 209.8727735951543 164.8348216563463 488.5412334054708 1636.095389276743 1041.740313440561 296.7100070565939 677.2052060142159 19.12519768625498 0.08509011566638947 11.25687573105097 3.638738803565502 30.16249131411314 0 2.919588513672352 0.5860219523310661 1.54897952824831 0.6157536059617996 194.6832391396165 6.718892887234688 2.282969832420349 0.6430942565202713 0 0.1213096529245377 6.879256494343281 70.21275316923857 0 0 0.1370141506195068 0 0.1564810276031494 0.1445277184247971 0.8522369414567947 0.3156432211399078 2.168274760246277 3.272205635905266 0 0.1486318111419678 0.8817172050476074 0.1413255780935287 0.6223892271518707 0.1231049820780754 0 0.1815876364707947 0 0 0 0 0 0 0 0 0 0 0 0 0 0.1213712692260742 0 0 0.362050861120224 0 0 0 0 1.470352366566658 0.3130731955170631 1.179311044514179 0.5969803929328918 0 0 0.5288322940468788 0 0 0 0 0 0 0 0 0 0.7155148312449455 0 0.9240516796708107 0 0 0 0 0 0 0.1362344175577164 0.1464197933673859 0.318306565284729 0 0 0 0 0 0.3245143294334412 0.1286830306053162 0.1955440193414688 0.8837874531745911 0.1758214831352234 0 0.3510084003210068 0 0.4598934128880501 1.170847356319427 0.2119475603103638 0 0.3406740128993988 0 0.1466145217418671 0 0 0 0 0.1668836027383804 0.1155549734830856 0 0.388932004570961 0.3908692970871925 0.1185017004609108 0.4632067531347275 1.16034434735775 0.6733808368444443 179.8207785636187 22.16870203614235 286.0404011309147 60.90066531300545 63.63939293473959 20.81098988652229 0.1952228993177414 18.68825836479664 0.1592413187026978 0 0.7663363739848137 0 1.036019116640091 0 0 0.383659690618515 11.32969415187836 1.007256880402565 22.88016269356012 2.361262053251266
39.99819280207157 1844.217679783702 1498.934315562248 54.01121148467064 3744.192003667355 7.793047487735748 1157.283264949918 82.18226942420006 702.0905039459467 133.0561439916492 752.3137428611517 41.13025733828545 669.0258351415396 1759.638151437044 48.4890756085515 23.89009499549866 1.633846029639244 0.3455041348934174 0.237866185605526 0.4594720155000687 0.9757643043994904 0 0.418986052274704 0.109142541885376 0.1565170586109161 0.1631908267736435 0 0 0 0 68.78060758113861 6.582922428846359 25.26048204302788 0.122660294175148 0.1748407334089279 0 1.793825834989548 1.776299573481083 1.268851011991501 0 0.9280626028776169 0.4726513177156448 1.397880539298058 1.101814597845078 0 0 119.5655418932438 2.253092713654041 1.718947075307369 0.3015416711568832 0.413534089922905 0 0 0.138933390378952 1.095199227333069 0.773892842233181 4.122752815485001 24.65378980338573 3.00491801649332 27.42798890173435 0 32.6490636318922 0 13.63341149687767 0.7445173934102058 0.8527283146977425 0.4810901880264282 0.4552838280797005 1.691719569265842 0.3230418264865875 3.966442227363586 26.22799655795097 0 43.36431906372309 20.92264020442963 71.13762233406305 14.9428508207202 4.885283052921295 1.702248841524124 36.93393144011497 0 36.40047898888588 5.999627783894539 0 2.534656710922718 1.041244335472584 0.3905905112624168 0.1257111728191376 0.4700851887464523 0 0.3233686611056328 0.1289119571447372 3.978842072188854 0.1220109313726425 0.1619591116905212 30.67204307019711 1.865680687129498 0 2.01018400490284 8.747920259833336 0 2.230513080954552 23.69727596640587 15.74291601777077 5.464249014854431 58.87921762466431 15.44841875135899 28.89455810189247 63.18027852475643 103.2371861934662 11.65886530280113 23.98129649460316 68.20463164895773 39.09468849003315 67.90129652619362 0.3320864588022232 0.1426922529935837 0 0 0 0 0 0.1889483034610748 0.65946364402771 0 0 0 0 0 0 0.1690171509981155 0 0 0 2.967789143323898 1.113388121128082 0 0 0 50.41860395669937 2.508686721324921 28.42786264419556 7.387334272265434 1.554771184921265 0 0 0 0 0 0.1472819149494171 0 1.716067425906658 0.2978435158729553 0 0 0 0 0 0.2383978962898254 0 0 0.4238807260990143 1.146493256092072 0.113233283162117 0.1181931719183922 1.906269893050194 19.84488041698933 0 0.2101511806249619 0 0 0 0 0 0 0 13.56424947082996 9.866144761443138 0 0 0.4087729156017303 15.88484008610249 0.2861916422843933 15.73889344930649 1.234031677246094 0.3547438681125641 0.6159749031066895 0 0.9052365124225616 0 0 0 0 0 0.111842468380928 0 0 19.81240031123161 17.6246008425951 35.04460776597261 410.7155245393515 6.924726597964764 213.1323190853 73.58885815739632 52.80917440354824 25.61962312459946 0.307701975107193 49.38477998971939 12.16442559659481 0.4806072413921356 4.958915367722511 4.205556437373161 7.764077447354794 0 0 0.1466820240020752 21.18907611072063 2.323344975709915 33.24878526479006 42.32318620383739
1319.075536131859 2156.373392730951 26.7184110507369 3585.874086871743 323.9637909680605 982.7460672110319 3247.476191282272 7.254106737673283 133.0561439916492 2693.221347607672 23.31236077100039 2374.120616964996 7108.519165121019 273.3355754315853 13.74071087688208 5.072172872722149 1.068330064415932 0.5518023520708084 0 0.09628424048423767 0.1941137760877609 0.6873267590999603 0.39068204164505 0.3749676272273064 0 0.2163209319114685 0.1262384653091431 0 0.5550114512443542 0 163.318082600832 4.948907002806664 140.4674545228481 0 0 0 158.2861265093088 3.355280622839928 2.898263849318027 0.9391758963465691 0.1796963959932327 0.6624153405427933 1.313762180507183 0.1863774806261063 0.3722101002931595 0.250044047832489 106.5586370080709 5.064927153289318 1.460428312420845 0.2244277894496918 1.197361811995506 1.313802622258663 0.2196816727519035 0.2530966103076935 3.052620455622673 2.793757118284702 22.89904041588306 39.56592151522636 7.365429580211639 44.89254502207041 2.258733361959457 186.6783435642719 0.4457285404205322 13.48266481608152 3.682449646294117 3.613197952508926 1.893563359975815 2.24328875541687 0 1.182455658912659 151.585579097271 60.43839065730572 0.3945137113332748 104.4348170086741 16.53966967761517 52.75765604525805 4.252781011164188 0.5405630022287369 1.251413576304913 20.24948643147945 0.514942929148674 126.167621999979 12.27619045972824 0.2277742549777031 6.817739419639111 2.680696822702885 1.202707678079605 0.09834969043731689 1.792548432946205 1.062506191432476 0.3791656717658043 0.9525752067565918 3.416588380932808 0.564488984644413 0.7128546088933945 422.0765286907554 112.6296371892095 0.1857921928167343 44.56074167788029 427.1032287627459 1.830628588795662 21.7007702589035 80.66503567248583 106.7042331025004 6.311379581689835 207.2872523665428 123.7904777228832 97.1270083412528 287.7423056662083 312.9353323429823 19.49374812841415 108.2721707373857 340.1329863891006 302.1686796098948 160.0229007452726 1.11597765982151 0.2846852093935013 0 0 0 0 0 0 0 0 0 0 0 0 0 0 0 0.2103219330310822 0 9.047444276511669 5.290770918130875 0 0 0 89.89704992622137 8.444858282804489 58.50399397313595 21.2431972771883 1.569710105657578 0 0 0 0 0 0.3478151559829712 0 0.282971054315567 2.288719840347767 0 0 0.5241605192422867 0 0.3362174034118652 0 1.367793247103691 0.158696249127388 0.3272362649440765 1.845229916274548 8.542475759983063 0 11.36090581119061 38.95621429383755 0.16283318400383 0.3138627707958221 0.08915186673402786 0 0 0 0 0 0 47.21876142919064 23.70152731239796 1.210064575076103 0.4286083579063416 0 38.36281298100948 5.945731647312641 34.32448856532574 1.909072726964951 3.014362655580044 1.226500958204269 0 0.5997717007994652 0 0 0.2578340172767639 0 0 0.1054253727197647 0 0 147.4449292719364 22.97389058768749 53.20123742520809 634.8049946278334 6.38286180049181 363.775392100215 61.89045698940754 768.9111954569817 50.53807417303324 0.3848174065351486 47.89023571461439 15.04844695329666 0.6946282237768173 12.76377493143082 3.403333999216557 74.69465607404709 1.664605289697647 0 0.3663229048252106 13.90004098415375 2.044514983892441 683.8583154827356 298.3295357227325
159.131803534925 2216.164511464536 4260.853328883648 45.86737167835236 1126.946446038783 11.88454266637564 286.9667605161667 2079.815168224275 752.3137428611517 23.31236077100039 1242.479369826615 14.68556751310825 374.0907468944788 1482.05202318728 40.41695606708527 34.56811527907848 2.15764245390892 0.8207344561815262 0.2332267761230469 2.024510949850082 6.657797783613205 0 2.134632527828217 2.042583219707012 1.576413847506046 10.91483789682388 0.3522097170352936 4.593947187066078 0 0.3317355439066887 834.1726892143488 84.38198653608561 249.8214425370097 0.2515191808342934 1.595762521028519 1.214890345931053 46.13456972688437 27.46118669211864 6.71124254912138 0.7028917968273163 9.665876716375351 5.489267557859421 9.720211446285248 2.428923763334751 0.1046660169959068 0.2751812934875488 113.0909997597337 3.804975569248199 2.117242358624935 2.650740876793861 1.795476600527763 0 0 0.2481146529316902 1.732523515820503 0.8911731168627739 15.04819778352976 108.0856547057629 5.536434277892113 33.93575919419527 2.192606024444103 73.64790265262127 1.017347991466522 18.8050582036376 2.094021216034889 2.981052845716476 1.871502891182899 1.793368279933929 4.699468649923801 22.68271105736494 14.72011532634497 6.050254806876183 0.1341881453990936 116.0105434656143 36.55460435152054 87.32379636913538 17.2200973033905 8.725773826241493 22.75707901269197 1269.644478358328 1.782901257276535 509.7487458959222 8.379371643066406 0.3041575327515602 6.654469817876816 1.899402014911175 2.970619671046734 0 1.711585678160191 0.1108275875449181 0.2765699550509453 0.3761816322803497 80.36272471398115 3.467401944100857 0.5411526933312416 3.583576396107674 0.1525284498929977 0 11.50233246386051 74.90533628314734 0.2319250404834747 0.2743292152881622 3.183359161019325 0.8440494537353516 0.2612484693527222 2.966894969344139 1.911692380905151 2.138049095869064 3.55639810860157 7.131417214870453 0.5329082459211349 1.428797647356987 4.569711022078991 2.262178391218185 5.347286500036716 0 0 0 0 0 0 0 0 0 0 0 0 0 0 0.1465160250663757 0 0 0 0 0.3669559210538864 0.3454633951187134 0 0 0 4.544807314872742 0.5353339016437531 4.07865983992815 2.307476058602333 0.1526488363742828 0 0.1070800870656967 0 0 0 0 0 0.5780348181724548 0 0 0.1644572913646698 0.3345944285392761 0 0 0 0 0 0 0 0 0.1605945229530334 0.1198499798774719 2.320461019873619 0 0 0 0 0 0 0.1037594527006149 0 0.6193572282791138 1.103228762745857 1.548505127429962 0 0.292291134595871 0.4608889743685722 2.832774072885513 0.29899862408638 1.680654004216194 0.1033441200852394 0 0.1299135684967041 0 0 0 0 0.2158223241567612 0 0.1268979161977768 0.1230051219463348 0.1377191990613937 0 2.334808200597763 0.8238970339298248 4.062624603509903 157.5633727535605 6.534990794956684 164.8775963038206 46.6571167781949 55.85773900151253 11.14120316505432 0.512524701654911 20.44293478876352 1.104173541069031 0 1.322214707732201 0.2395321577787399 0.9873619973659515 0 0 0 5.401522815227509 0.7597862482070923 22.41987412422895 6.287685662508011
14.76873718202114 219.0056944340467 0.973806232213974 170.4956588447094 60.00522758066654 56.47388918697834 456.1777409613132 0 41.13025733828545 2374.120616964996 14.68556751310825 82.87736311554909 784.3175266087055 200.6843533217907 21.002053193748 24.33495313674212 0.5232014656066895 0 0.1471202671527863 0 1.646028965711594 0 0 0.202908530831337 0.4619559049606323 2.266268566250801 0 1.03137618303299 0.5278828144073486 0.2705516219139099 2.341419696807861 0 96.50435347855091 0 0 0.3967622071504593 220.4225628450513 9.010256208479404 4.61230493336916 0.3478181064128876 2.070470653474331 4.714356690645218 1.972341321408749 1.909291326999664 0.1143902987241745 0.3576454073190689 45.54868788272142 0.3573199808597565 0.1951615959405899 0.5672997459769249 0.3185108155012131 0 0 0.1327905058860779 0 0 1.45659888535738 2.186774514615536 0.1028230339288712 3.037155829370022 0.1252460032701492 19.07482093572617 0.2752345502376556 2.784415513277054 0.1096886321902275 0.331112377345562 0 0.152607262134552 1.356854870915413 2.39161641895771 297.8121077790856 19.07765147089958 0 4.767192147672176 1.637015163898468 16.86606464534998 6.388523019850254 4.359385564923286 0.1392349451780319 8.846170127391815 0 9.836918577551842 0 0 0.3002503588795662 0.1085320487618446 0.1529269367456436 0 0.1070026531815529 0 0 0 14.31334464251995 1.361882537603378 0 621.5407823547721 25.01929584145546 0 169.8297380656004 18.16773039102554 0.2968481406569481 4.254695013165474 35.67469387501478 24.02331121265888 5.779909819364548 105.3301915749907 34.2716066390276 41.32888590544462 127.2158298566937 111.104751303792 11.29913752526045 51.36167825013399 174.3695980682969 143.7125599384308 149.7020804286003 1.750844545662403 0.1226011216640472 0 0 0 0 0 0.1487520635128021 0 0 0 0 0 0 0 0.1445340812206268 0 0 0 1.430966340005398 1.705372497439384 0 0 0 82.03318142145872 1.725511506199837 23.4982947036624 5.741541534662247 0 0 0 0 0 0 0.1285011172294617 0 0 0.4578482359647751 0 0.17270527780056 1.019856452941895 0 0.1117562279105186 0 0.9800264239311218 0 0.4674322009086609 0.3557590693235397 0.2976849675178528 0.1688973307609558 2.42101563513279 9.527609378099442 0.115567110478878 0 0.2814791798591614 0 0 0 0 0.2420756816864014 0 41.6201269775629 13.8955305442214 0.8841658532619476 0.196247935295105 0.4655819982290268 18.63281911611557 0 6.589658878743649 0.6357214003801346 1.03843529522419 0.7882162928581238 0 0.4975892081856728 0 0.222705602645874 0 0 0 0 0 0 97.25389885157347 24.98282811045647 37.91730515658855 122.746072947979 2.79856389015913 58.70839855819941 35.20562373101711 40.32924984395504 5.575462594628334 0 12.67403666675091 7.371275268495083 0 3.690272204577923 0.5946003496646881 10.48751327395439 0.2237951904535294 0.2738525047898293 0.3159148246049881 9.622623011469841 2.539088055491447 322.8467936217785 139.7304818108678
50.0119785964489 2617.461998566985 25.57462412118912 616.661102950573 382.9511972218752 48.37192304432392 6290.974492847919 18.80468802899122 669.0258351415396 7108.519165121019 374.0907468944788 784.3175266087055 4389.794317990541 5132.534545652568 76.10436317324638 78.971720315516 2.372677028179169 1.092061176896095 0 0.5939860194921494 2.294084668159485 0 0.7127114832401276 0.418523371219635 1.073878943920135 3.86011478304863 0.5119826793670654 2.015091210603714 0 0 20.73943132162094 1.466289922595024 794.4771004468203 0 1.054224148392677 1.590044856071472 1080.281945854425 21.14840169250965 12.47239413112402 2.474978476762772 7.096270263195038 5.618235811591148 9.887462586164474 3.428983241319656 0.947771780192852 0.1207173466682434 159.5533655509353 0.9434607923030853 1.029304057359695 2.409543819725513 1.544893480837345 0 0 0 0.5246198326349258 0.7050244137644768 6.026453614234924 11.82061955332756 2.202093869447708 17.5739756077528 0.4255063608288765 29.36866718530655 0.8297511637210846 15.20212107896805 0.4994399398565292 1.14257226139307 0.4573108404874802 1.139489814639091 4.108466647565365 14.17638533562422 416.6323417946696 82.27625980973244 0 37.19352600723505 19.40746999531984 67.1158547475934 25.70397581905127 16.54817447066307 0.2480689063668251 85.65553184598684 0.3856925219297409 19.44654852896929 3.504577495157719 0 1.752376466989517 0.6253308281302452 1.280151419341564 0 0.2934268936514854 0 0.5629894509911537 0 54.4613888040185 3.88696176558733 0.3045485317707062 1081.188645012677 11.71271123737097 0 41.26077151298523 21.59605021774769 0.7455200105905533 13.12408423423767 80.05916956067085 64.21886616945267 12.35779754817486 229.9303092285991 51.8961708843708 100.1842391490936 265.4885868057609 260.7419377565384 28.91777677834034 102.1179414242506 265.0302439257503 204.337059058249 307.0867348909378 1.343950234353542 0.4969407916069031 0 0.1554442644119263 0 0 0 0 0 0 0.6358566284179688 0 0.1155470535159111 0.1812869161367416 0 0 0 0 0 7.652549125254154 1.984601870179176 0 0.1708592772483826 0 163.3726150766015 4.526350021362305 69.48040834069252 20.52723344415426 1.640527367591858 0 0 1.324347168207169 0 0 1.152991056442261 0 0.231301411986351 1.577423878014088 0 0 1.46845705807209 0.1359539031982422 0.2048401981592178 0.3541871607303619 0.6948566138744354 0.1034175232052803 2.13463868200779 0.3832464963197708 2.07239730656147 0.8622565418481827 2.074215799570084 36.66478512436152 0.1410030424594879 0 0 0 0 0 0 0 0.4665998667478561 71.75381146371365 25.98876727372408 0.6418273448944092 0.4048120677471161 0.1521323919296265 41.40039809793234 0.3508908748626709 19.39514495432377 0.7191732078790665 1.649801686406136 1.649788036942482 0 1.306023485958576 0 0.1454418003559113 0 0.430157333612442 0 0 0.155185878276825 0 139.7372554168105 53.1033336147666 89.8935928195715 461.6614672094584 10.9382439404726 251.1722913384438 113.425064496696 63.77405512332916 31.24525701999664 0 54.02437824010849 17.43086863309145 0.356384351849556 10.94481208920479 4.324763178825378 19.24835026264191 0.3185916244983673 0 0 25.75582174956799 4.579813748598099 332.4052203521132 239.7574635967612
