580.791947260499 4011.917173981667 382.4394960924983 2557.072598397732 284.46684794873 79.00705686211586 380.3975967168808 59.03507298976183 172.0111986175179 1207.046694032848 217.0204461440444 24.13620442152023 117.4987135976553 323.318207912147 1.77355895191431 2.162150219082832 0.1362556964159012 0.5829053223133087 0 0.372711718082428 0.8894782662391663 0.4804354459047318 1.729507267475128 0 3.683389037847519 0.2444191128015518 1.749992281198502 0 0.1632605195045471 0.3207224905490875 891.531739115715 0.6949175596237183 14.69778851419687 0 0.2933949530124664 0.1723352521657944 13.11127930879593 2.496763795614243 0.1231819912791252 1.666730403900146 1.250421702861786 0.2031375020742416 0.1546814888715744 0.1256446540355682 0 0 13.94893184304237 0.3433881029486656 0.8237395286560059 0.3119554072618484 2.537839412689209 1.427093401551247 0.3887164890766144 0.6404998600482941 9.692176401615143 13.75920120626688 323.3307342603803 719.6493736281991 50.48034123331308 42.00047190487385 0.08554078638553619 2.323301255702972 0 2.446644499897957 4.354231916368008 1.232407420873642 0.2381273880600929 0.6377776861190796 1.610666528344154 0.648761197924614 5.931079030036926 0 0.111480638384819 228.7120698466897 41.37768597900867 21.32042723894119 2.920801915228367 1.885140880942345 0.7146741151809692 33.74170302599669 0.1616939604282379 2.669588953256607 7.493240281939507 1.768531821668148 0.8250829875469208 3.813644632697105 0.5552287548780441 0.2732864320278168 0.5461099445819855 0.1674825102090836 0.4182676076889038 0 2.868917793035507 1.833294272422791 0.1838880032300949 39.27737212181091 1.179527327418327 0 0.129540741443634 1587.249730311334 0.6251706480979919 6.746124893426895 3.277554079890251 8.975036010146141 1.712290853261948 6.712700188159943 14.52143716812134 2.076190873980522 31.46029084920883 23.12830525636673 2.67511361092329 15.41883708536625 39.33170848339796 17.71581406891346 1.160009324550629 0 0.9064876437187195 1.432378053665161 0 0 0 0 0.1503750532865524 0 0 1.332860007882118 0 0.1483072340488434 0 0 0.4560879021883011 0 0 0 2.225683957338333 1.468996524810791 0.6703929305076599 2.432166993618011 2.064577341079712 4.708655148744583 1.338071972131729 11.48995476216078 3.41000784933567 1.031052142381668 0.1765685379505157 0 0 0 0 3.545546591281891 0 0 0 0 0 0.2711169421672821 1.890045315027237 0.2115926742553711 0 0 0 0.5495269820094109 0 1.911186993122101 1.402081161737442 1.212173581123352 1.568368703126907 0.1925045251846313 0 0 0 0 0 0 0 0 4.34496995806694 0.168474406003952 0.189426600933075 0 0 4.224759310483932 0 3.158258080482483 0 0 0.3760984539985657 0 0 0 0.1276470571756363 0 0 0 0 0 0 19.40640105307102 3.186011523008347 3.58002533018589 428.5016798079014 4.845799617469311 101.4406357705593 14.6575448140502 851.8984933570027 28.60446643829346 2.13108803331852 6.629760220646858 106.323593094945 0.5482463091611862 0.8776299953460693 0.1448009610176086 76.48093040287495 0 0 0 7.106539830565453 0 381.0093096122146 17.59787046909332
4011.917173981667 5154.678886070848 3479.083232246339 3792.681413322687 3251.041616626084 44.28254815936089 2867.528041422367 983.9209149032831 4687.523108996451 2620.269680060446 3390.330032743514 152.5432250350714 1360.43818642199 4263.360154360533 13.64216735213995 9.390027046203613 0.5849192589521408 2.330679535865784 0.4336266666650772 0.7029794156551361 1.868919707834721 3.157848179340363 3.966741546988487 6.220253139734268 17.30153977870941 2.723846308887005 6.711373999714851 2.70507487654686 2.252686336636543 1.929257810115814 2149.586655400693 10.89836005121469 64.99642810970545 0.2290858775377274 4.552950419485569 3.577489957213402 82.94250329583883 11.99106772989035 3.3686887845397 10.46916416287422 2.97877699136734 2.184830777347088 1.497415870428085 0.3242106586694717 0 0.09107372909784317 77.36313634365797 3.577978067100048 2.065413258969784 1.211632207036018 8.526656754314899 4.684359818696976 1.683818206191063 3.237397156655788 16.61040918529034 20.07952098548412 166.6508765891194 556.2804564014077 47.43364731222391 61.64662415534258 1.257795199751854 15.58688189089298 0 30.27595523744822 7.645319849252701 4.228270754218102 2.125938527286053 3.634284436702728 3.704661406576633 5.565086498856544 28.36361157894135 2.222149819135666 0.9087681919336319 276.0522700548172 141.3526388928294 80.93955662101507 24.31394351273775 11.78621087223291 6.278057314455509 223.2762053534389 0.7316280156373978 20.08172039687634 22.1853344142437 1.864903226494789 3.9114029109478 6.210669234395027 1.821851179003716 0.4617013111710548 2.442470908164978 0.2143641263246536 1.347883097827435 0.6000662595033646 14.2340439260006 10.62101761996746 3.296332359313965 33.36025559902191 1.24132639169693 0 0.8241083845496178 911.8175003454089 0.7390101402997971 4.601901262998581 3.981793910264969 44.52387778460979 3.207717835903168 18.52688631415367 10.20885708928108 0.5106149688363075 86.15802936255932 20.15413068979979 3.652040019631386 18.06676609814167 48.13559172302485 33.96174636483192 3.198138996958733 0 0 0 0.1389279067516327 0 0 0 1.112779468297958 0 0.1825000196695328 2.001421734690666 0 0.9600022435188293 0.3443539440631866 0 2.266848802566528 0.1337262243032455 0.5530645102262497 0.1282136291265488 1.184966832399368 0.1536188274621964 0 2.105095520615578 0.2010832577943802 13.04906260222197 1.198462575674057 4.784700088202953 1.382689446210861 1.254819005727768 0.553771585226059 0.3262474983930588 0 0 0 1.25629198551178 0.7830477356910706 0 0.6449044793844223 0 0 0.9348492473363876 0.9421767890453339 2.985040538012981 0 0 0 0 0.2712657898664474 0 0 0.1361683160066605 4.667123302817345 0 0 0 0 0 0 0 0 0.2504301071166992 14.70594577491283 0.1867134273052216 0.1414588093757629 0.1414638757705688 0.4506839588284492 4.817803412675858 0.8556494861841202 1.374949425458908 0 0 0 0 0 0 0 0 0 0 0.3293084502220154 0 0.2468072772026062 27.94478414207697 2.682706981897354 4.678198553621769 416.4332296922803 16.81014391034842 273.9255575463176 36.01793203502893 430.8427474051714 23.10566750913858 3.340529710054398 23.84087215363979 44.50799169391394 0.4568587392568588 2.248557113111019 0.9900157749652863 41.85758811235428 0 0 0 44.39191227406263 0 173.2529902234674 18.89871669560671
382.4394960924983 3479.083232246339 3404.890498787165 246.2798058837652 236.7811724692583 4.660857707262039 27.22838112711906 5216.184163883328 497.0492493137717 24.98249920457602 1977.031499840319 18.52470586448908 116.7706535458565 646.883145339787 8.19933208823204 7.038323380053043 1.577847816050053 6.532283209264278 1.188532181084156 28.77428176254034 64.54307489842176 1.27545827627182 70.99522262811661 43.89077789336443 23.06195700913668 3.263051882386208 40.11449621617794 1.680196821689606 2.586447857320309 8.357752576470375 3753.882220074534 710.3865204676986 43.67871660739183 4.496455937623978 39.45036925375462 9.128656789660454 25.2366398870945 19.19255530834198 3.248731225728989 12.65027571469545 12.61475820839405 5.951226614415646 13.52026350051165 4.826020330190659 2.65002928674221 3.323930531740189 51.62836924940348 3.445189043879509 4.710944339632988 9.733386285603046 104.096907235682 2.31121201813221 0.3630161955952644 2.602944366633892 5.53849284350872 8.345335811376572 62.10215721279383 498.4771717786789 16.9414768666029 33.79551887512207 55.10294847935438 90.49918179959059 0.9624691009521484 472.3467132002115 3.564546070992947 3.592129468917847 16.32178939878941 42.8021397292614 118.4943251386285 126.8335217759013 6.321173682808876 2.334252446889877 0.1642938256263733 150.3839703798294 186.6613358855247 46.13838888704777 79.93160724639893 9.837291978299618 190.1657110527158 730.8667713031173 101.449516184628 524.0688368752599 10.24786048382521 0.6122450605034828 1.886437192559242 5.829375199973583 12.28416515141726 0 7.05151691287756 0 7.810999602079391 2.312453851103783 269.3648284748197 51.15482603758574 7.129543676972389 12.40973475575447 1.312154874205589 0 0.1812692880630493 44.51670701056719 0.5004791766405106 0.6353504657745361 1.505698099732399 0 0 0 0.5802850723266602 1.122759819030762 0.9979790151119232 0.1438670009374619 2.433345854282379 3.348977908492088 6.036537915468216 5.698642805218697 0.8892618417739868 0.1137240082025528 0.296143651008606 0 0 0 0 0 0.8101195842027664 0 0 0.9909980893135071 0 0 0.618150532245636 0 1.02307316660881 0.2419874295592308 0.6037822514772415 0 0.5686173439025879 0.1798307150602341 0 0.3968202769756317 0 2.11991386115551 0.3852569311857224 3.704675316810608 1.482701927423477 0.4214357435703278 0.9426679909229279 0.2361821383237839 0.2616849318146706 0 0 0.5371441096067429 0.4858644604682922 0 0.1439464092254639 0 0 0.4977696537971497 1.280176386237144 6.456322498619556 0 0 0 0.1288500279188156 0 0 0.4403766989707947 0.2517556250095367 2.821051299571991 0 0.1425766050815582 0 0 0 0.374937430024147 0 0.1218354180455208 0.2997383773326874 3.744661837816238 0.5537870600819588 0.5651455521583557 0.1834642142057419 2.709616780281067 2.7905293405056 0 1.501412928104401 0 0 0 0 0 0 0 0 0 0 1.292600467801094 0.6790741980075836 0.7538410127162933 5.168462797999382 3.77318848669529 2.979031533002853 152.7081351354718 19.62022778391838 181.1280262693763 45.67722934484482 62.03807371854782 7.612433888018131 1.096346542239189 7.720736846327782 9.663196213543415 1.33491462469101 0.7462669163942337 0.5131344050168991 4.390001013875008 0 0 0 1.744889304041862 0.5349035114049911 38.96861892193556 2.598356530070305
2557.072598397732 3792.681413322687 246.2798058837652 1294.564975269139 179.1007609218359 208.9604454487562 429.0362860485911 1.460234463214874 58.2438029050827 3930.87818814069 46.73771487921476 194.3276366144419 463.7711196020246 212.9492798298597 1.715421177446842 0.362844854593277 0 0 0 0 0.1457579433917999 0 0 0 0 0 0 0 0 0 57.02928588539362 0.5863847583532333 1.770556405186653 0 0 0 3.161218509078026 0 0.409939631819725 0 0 0 0.1047995239496231 0 0 0 20.73079680651426 0.7831555902957916 0.2451633363962173 0 0.112472802400589 0 0 0.1002796366810799 4.132504798471928 7.961352631449699 75.96914168447256 174.0329864546657 21.21305580437183 24.50824788957834 0 0.4025343060493469 0 3.004521369934082 2.618260934948921 2.186663337051868 0.4100031852722168 0 0.3700754269957542 0.1086390987038612 5.912784695625305 1.574888542294502 0.2428185343742371 131.9531973525882 48.79258818179369 18.70436661690474 1.788890197873116 0.1085866838693619 0 1.483092330396175 0.09667310863733292 0.6589383333921432 7.56542582064867 0.654130756855011 0.9190713986754417 3.457854457199574 0.4628716856241226 0 0.5056031569838524 0.4027278125286102 0.1124611645936966 0.1118162572383881 0.1227082088589668 0 0 60.39932559430599 7.742908418178558 0 0.8469044268131256 337.727281473577 0.9731238335371017 5.154955372214317 18.67941588908434 30.99723097681999 0.5618019700050354 27.68805275112391 14.22411489486694 1.453826606273651 66.67672301083803 29.70719149708748 2.521082296967506 27.11489810794592 51.95456815510988 33.10059256106615 1.844323694705963 0 0 0 0 0 0 0 0 0 0 0.4224762618541718 0 0.3294599056243896 0 0 0 0 0 0 2.69177719950676 2.905455946922302 0 0 0 7.219593271613121 0 1.888368055224419 2.397828310728073 0.3702129423618317 0 0 0 0 0 0 0 0 0 0 0 0 0.1242836713790894 0 0 0 0 0.2593229413032532 0.1177983805537224 0.9457085579633713 0 0 3.437861680984497 0 0 0 0 0 0 0 0 0 8.253055088222027 0 0 0 0 2.210446953773499 0 1.924006551504135 0 0 0.777202382683754 0 0 0 0 0 0 0 0 0 0 31.6362282782793 1.133848413825035 2.784968808293343 196.6021017357707 2.597942858934402 84.0175578519702 6.848694048821926 590.5390798598528 11.59712769836187 0.4894418492913246 2.133726708590984 68.30528428405523 0.1091262176632881 0.6631374061107635 0.1172275468707085 61.02447105199099 0.2775026261806488 0 0 0 0 295.3536151573062 26.8609451726079
284.46684794873 3251.041616626084 236.7811724692583 179.1007609218359 2400.581717945635 5.13011197000742 1099.735264398158 250.6347999051213 5897.965810269117 494.6078137531877 995.5020653679967 76.80699556320906 744.6533708274364 1280.394593119621 9.274551808834076 5.370852388441563 0.3549797981977463 0 0 0.1594493091106415 0.2428998649120331 0 0 0.2954253554344177 0 0.09898587316274643 0 0 0 0 177.7493492513895 6.662982277572155 1.743938870728016 0 0 0 4.704964153468609 0.1740581840276718 0.2371728271245956 0.3174470067024231 0.1253450214862823 0 0.1175634637475014 0.832085557281971 0 0 73.74161790311337 3.839887581765652 0.806290976703167 0.7520826235413551 0.3456473797559738 0 0 0.1375249773263931 8.944772943854332 7.965162359178066 37.71888578683138 112.3210320621729 17.70737307518721 33.68707455694675 0 2.668265089392662 0.1732809096574783 26.39848718047142 3.873870462179184 2.708260908722878 0.9702116325497627 0.364092156291008 0.1997099369764328 0.2534471675753593 1.065449714660645 0.3954811692237854 0 111.0996002778411 77.08545169234276 61.56922407448292 28.65211072564125 5.327160075306892 0.6515915766358376 2.495293065905571 0.4090400487184525 3.189135760068893 12.24251091480255 1.107528455555439 2.456437639892101 5.198907189071178 0.4120002686977386 0 0.6938253119587898 0 0.2175619602203369 0.2821951135993004 0.4373759925365448 0.2693145349621773 0.2181416004896164 13.64238089323044 2.461985126137733 0 0 28.90334329754114 0.5224654227495193 1.819485977292061 2.455755785107613 1.803214758634567 2.198714569211006 4.021137923002243 1.648730039596558 0 13.79429665207863 14.81479109078646 1.630955591797829 9.931825183331966 28.69402734190226 22.46156668663025 2.528760612010956 0 0.3349186778068542 0 0 0 0 0.4746104776859283 0 0 0 0 0 0.2924278378486633 0 0 0 0 0 0 2.017114125192165 0.2720570266246796 0 0 0 3.415435627102852 0.7394222319126129 4.184825584292412 0.8065846264362335 0 0 0 0 0 0 0 0 0 0 0 0 0 0 0 0 0 0.1234880387783051 0 0 0 0 0 0.8691235929727554 0.2747303247451782 0 0 0 0 0 0 0 0 9.169378384947777 0 0 0 0 5.676676280796528 0 0 0 0 0 0 0 0 0 0 0 0 0 0 0 16.36516590416431 1.020626336336136 2.261661171913147 263.988366343081 8.876183278858662 228.3255441263318 20.49953586608171 70.35296756029129 11.70236933231354 1.277356050908566 22.12627439200878 15.25978600978851 0.1409434974193573 1.15626934170723 0.3765683025121689 14.49806683510542 0 0.1441445499658585 0 14.26933035254478 0.4421499967575073 74.34870710223913 11.84239719063044
79.00705686211586 44.28254815936089 4.660857707262039 208.9604454487562 5.13011197000742 0.3714174330234528 25.35643765330315 0.5680337697267532 6.00080880522728 319.0719320476055 2.472241044044495 44.65449517220259 52.50248521566391 13.05261841416359 0.8594761416316032 0.09941324591636658 0.1148439794778824 0 0 0 0 0.5000642240047455 0 0 0.1347308903932571 0 0 0 0.1322281658649445 0 25.82101802527905 0.152007594704628 12.90195319056511 0 0 0 29.36946909874678 1.787737593054771 8.687030583620071 0.1567728966474533 0 0 0 0 0 0 0.7212517857551575 0 0.1545621454715729 0 0.1787148863077164 6.578915543854237 0.1404386907815933 0.4629266858100891 0 0.5743949413299561 59.22667004913092 9.057914011180401 1.191235020756721 1.241594709455967 0 2.26204326748848 0 0 0.2901078760623932 0 0 0.090474933385849 0 0 90.63400964438915 84.49034410715103 4.841164954006672 5.159964501857758 1.065049439668655 1.496042594313622 0.1000998392701149 0.09181599318981171 0 1.642798259854317 0 0.7991707623004913 0.3974828720092773 0.2460134476423264 0 0 0 1.401770360767841 0.8496901467442513 7.630157008767128 0.5210990011692047 1.825888209044933 0 0 0.468949094414711 211.058818474412 27.97374508529902 2.498996198177338 17.34535329043865 249.2840946614742 0.2472933605313301 2.036970153450966 1.352871276438236 1.117380529642105 0.2051893025636673 1.709291204810143 5.791568949818611 1.613234370946884 8.374964199960232 10.89936749637127 0.6514388471841812 8.650262802839279 20.19370001554489 9.960868388414383 0.407532200217247 0 0 0 0 0 0 0 0 0 0 0 0 0.2657960653305054 0 0.1256416141986847 0 0.2429370656609535 0.1788005828857422 0.141751304268837 0.1776828020811081 0 0 0 0.4057394713163376 1.535319291055202 0 1.009827814996243 1.701120920479298 0.6054246723651886 0 0 0 0 0 0.7631760835647583 0 0 0 0 0 0 1.322470284998417 0 0 0 0 0.1055018752813339 0 0.2099733203649521 0 0.775501012802124 0.6095372587442398 0 0 0 0 0 0 0 0 0 1.533347956836224 1.913448646664619 0 0 0 0.7047208398580551 0.2612365782260895 0.4457100629806519 0 0 0.1469016820192337 0 0 0 0 0 0 0 0 0 0 9.305553644895554 2.624476417899132 2.401246659457684 13.19605045765638 0.1012872979044914 4.931727394461632 0.5781370401382446 92.51107266545296 1.676211565732956 0 0.9746674075722694 16.51243706792593 0 0.5268986895680428 0.522191047668457 33.9085648804903 0 0 0 2.614908665418625 0 91.25558330863714 13.8661924675107
380.3975967168808 2867.528041422367 27.22838112711906 429.0362860485911 1099.735264398158 25.35643765330315 1701.51586342603 6.869902670383453 2745.592722304165 2993.654998578131 28.92230027168989 481.4431903809309 6309.745373606682 2594.919233724475 11.94820065051317 4.67347614467144 0.7849112451076508 0.4490811824798584 0.1427994072437286 0 0.1029274240136147 0 0.2490405440330505 0.1046797037124634 0.4981188178062439 0 0.1071657314896584 0.1243413090705872 0 0 205.3222040608525 8.539144270122051 2.159000061452389 0 0 0 2.916780456900597 0.6446391195058823 0.3040800392627716 0 0.2986211627721786 0.3014586716890335 0.09898030757904053 0.3499654531478882 0.09536823630332947 0 100.7937898859382 4.988256938755512 1.680018290877342 0.463291272521019 0.606206864118576 0.4605857655405998 0.2556459307670593 0.4564352855086327 18.47485762089491 23.90720170736313 92.23804684728384 247.7033106163144 41.36982071399689 71.4010399132967 0.2515684217214584 1.147964425384998 0 33.68523748964071 10.35540266335011 4.930196791887283 1.628911830484867 0.1077568084001541 0.8006074875593185 0.6287728175520897 4.975023925304413 0.5708548873662949 0 271.2537966370583 168.7278695702553 97.7275562286377 27.55342242866755 5.296741843223572 1.494673818349838 2.354204550385475 0.2514560297131538 3.637351877987385 34.57792356610298 2.087659128010273 5.51042103767395 7.534609474241734 2.394744485616684 0 1.377072282135487 0.1250121742486954 0.5304862037301064 0.2191826701164246 0.6276879981160164 0.09538988023996353 0.5748830810189247 35.9604262560606 9.708324417471886 0 0.3665716648101807 100.7369395047426 5.161575078964233 13.50403115898371 249.0340977758169 88.18617589771748 2.535183541476727 152.7963824272156 31.48908738046885 34.39815589785576 146.5899917706847 53.69034045934677 3.933276668190956 103.8116316944361 122.0257838517427 59.84869129210711 6.913912311196327 0.3167657479643822 0.6373639702796936 0 0.5940225720405579 0 0 0 0 0 0 0 0 0 0 0 0 0 0 0 6.905840359628201 2.29813326895237 0 0.7682582587003708 0 13.92363560199738 0 7.585857875645161 2.417461603879929 1.198956221342087 0 0 0 0 0.7450013756752014 0 0 1.509026393294334 1.010373637080193 0 0 0 0.5073817372322083 0 0.392681360244751 0.349506713449955 0.2290432974696159 3.967093840241432 3.750293120741844 2.104683488607407 0 0.5278010368347168 1.541459873318672 1.364835850894451 0.1023611128330231 0.3347446769475937 0 0.09889750927686691 0 0 0 0 18.61152124404907 0 0.2956610023975372 0 0 8.283285245299339 0 1.847448378801346 2.181619733572006 6.814653262495995 1.477078147232533 1.35250948369503 0.4772713184356689 0.1011726260185242 0.1129896566271782 0 0 0.1410324722528458 0 0 0 40.29137673228979 0.6134307086467743 6.253528207540512 434.0835051909089 14.7277857363224 380.7643665373325 28.58532725274563 224.4327882602811 30.37914730608463 3.278034426271915 29.10859496146441 58.1852290853858 0.8805248141288757 14.36075542867184 1.100572593510151 59.75190461426973 1.621166482567787 0.1680375039577484 1.635382160544395 2.5213692933321 5.038213908672333 229.0039451494813 32.57206828892231
59.03507298976183 983.9209149032831 5216.184163883328 1.460234463214874 250.6347999051213 0.5680337697267532 6.869902670383453 3445.804012596607 1862.727150149643 18.18031109124422 4263.161376602948 8.204384788870811 61.1134575381875 982.7476351633668 36.23451910167933 33.71324135363102 4.427008561789989 10.65306012332439 2.381989061832428 20.84963526576757 31.61783512681723 7.512731969356537 41.40054249763489 26.56435634195805 43.66491968929768 9.767711572349072 30.70098941028118 4.368681229650974 1.654895588755608 6.904707476496696 1849.063752949238 4937.813694320619 121.2661407291889 3.563322000205517 45.69605396687984 9.255577638745308 37.18985680490732 35.10598390549421 6.379627875983715 20.54608921706676 9.704757124185562 5.295752055943012 16.88733865320683 26.57432159036398 2.243425875902176 5.636764094233513 151.1883422285318 3.123649023473263 7.98216438293457 11.79008413851261 45.77274711430073 4.070734843611717 2.234021544456482 5.236304938793182 6.988510087132454 8.213746480643749 45.77561832219362 318.2905822098255 21.25136885046959 45.46359356492758 75.40860592573881 139.6601629853249 2.184343814849854 560.2274520620704 4.394150987267494 4.038463845849037 8.765715070068836 22.37805449962616 71.66899900138378 76.09691097587347 7.191604539752007 0.3146165609359741 0.5592990070581436 155.7389163821936 304.0109487697482 154.4892017319798 528.6787189394236 281.4756251648068 1504.915325917304 1771.396439291537 235.3909946903586 1726.8279447034 17.85792881250381 0.5686199590563774 2.871877498924732 3.117611281573772 14.4324688911438 0.3363155797123909 5.412141568958759 0.1495998054742813 4.448248110711575 1.997962102293968 120.8852768838406 20.26523654907942 3.03226912766695 6.21386680752039 3.662264674901962 0 0.1470153331756592 30.25239960849285 0.2141150906682014 0 0.2828291654586792 0 0 0.1083703488111496 0.2479318380355835 0 0.5255887508392334 0 0.6734077781438828 0.8336600810289383 4.940523102879524 2.967215217649937 0.1543258130550385 0 0 0 0 0 0 0 0 0 0.4168275892734528 4.223021775484085 0 0.2948693633079529 0 0 0.7369271516799927 0.3980098366737366 0.7003006190061569 0 0.2301807850599289 0.2679523229598999 0 0.6467034071683884 0.1857826560735703 1.032347366213799 0.2802329957485199 2.034069947898388 1.298980444669724 0.3155478090047836 0.7235760688781738 0.3903593271970749 0 0 0 1.186161234974861 0.3866925835609436 0 0 0 0.2766300737857819 0.8564072251319885 1.638811722397804 7.412020578980446 0 0 0 0.2883773446083069 0 0 0.2187279909849167 0 0.4567718654870987 0 0 0.171871542930603 0.293809711933136 0 0 0 0.2359214425086975 0.1673524230718613 2.059744343161583 0 1.235958367586136 0.1431161165237427 0.7357108592987061 0.42902921885252 0 0.4806063175201416 0 0 0 0 0.1342203319072723 0 0.1999867111444473 0 0 0 0.4043368324637413 0.2240676432847977 0.5003737956285477 2.879004746675491 2.75943124294281 3.562269799411297 331.6035262495279 16.39444413036108 363.0641113743186 71.7334169447422 42.02616618573666 18.57935266196728 0.9360892847180367 33.74564862251282 9.365195147693157 0.3315206319093704 0.2919649630784988 1.011687681078911 0.8423614725470543 0.1105097606778145 0.6943432688713074 0 3.263621121644974 0.5184260010719299 24.7395246848464 2.870531678199768
172.0111986175179 4687.523108996451 497.0492493137717 58.2438029050827 5897.965810269117 6.00080880522728 2745.592722304165 1862.727150149643 1604.937472090125 283.5387541204691 1765.650016613305 65.12553323805332 1747.362941339612 2261.500511206686 17.39613080769777 10.73677187412977 0.1665136367082596 0.5610818192362785 0.08223962783813477 0 0 0.1916374117136002 0 0 0 0.1177185103297234 0 0 0 0 122.7313991189003 11.80759352445602 4.592860005795956 0 0 0.6989279985427856 11.89712013304234 0.7133735790848732 0.6536944583058357 0.1651977300643921 0.1106513515114784 0 0.1842130273580551 0.4742625057697296 0 0.2178840860724449 74.05229605734348 2.761537939310074 2.446820475161076 0.1180773079395294 0.4424548670649529 0 0 0.3658059388399124 6.816544987261295 6.944010674953461 21.07910883426666 66.86318442225456 14.74517251551151 31.35783316195011 0.1996732801198959 1.852141372859478 0 24.37127475440502 2.699026130139828 2.168055675923824 1.020777344703674 0.1837157756090164 0.2931583598256111 0.5757280290126801 3.978466510772705 0.5422923117876053 0 70.60290183871984 60.36348490417004 64.6223751604557 38.36490177363157 14.27736635506153 1.285048507153988 3.547180034220219 0.4370985478162766 2.675299771130085 14.5804617702961 0.7575118616223335 1.01323463767767 3.15329671651125 0.9489062950015068 0.2357720285654068 0.447316899895668 0 0.4646879285573959 0.1178438737988472 0.5260020345449448 1.219019986689091 0.4481874257326126 16.0035795122385 0.6638700366020203 0 0.747065857052803 27.76351429522038 1.174508169293404 1.975569382309914 3.62233180552721 1.672847464680672 1.181985333561897 3.309742085635662 4.982774883508682 0 19.3505957275629 12.52681169658899 2.114988029003143 14.14074232429266 49.98707898706198 32.12715808302164 5.251615062355995 0 0.257184237241745 0 0 0 0 0 0 0 0 0 0 0.5511817336082458 0 0 0 0.5897874236106873 0 0 3.843580096960068 0.9463163167238235 0 0 0 10.09462612867355 0.6625316739082336 9.245939649641514 1.576007008552551 0 0 0 0 0 0 0 0 0 0.1480444967746735 0 0 0 1.094506680965424 0 0 0 0 0.1387447267770767 0 0.7401030957698822 0 0 6.055201977491379 0 0 0.2114679366350174 0 0 0 0 0 0 16.2114113420248 0 0 0 0 4.185369253158569 0 3.04260990023613 0 0.1427303552627563 0 0 0.1281327903270721 0 0 0 0 0 0 0 0 34.30432084202766 3.208846166729927 3.300089508295059 317.3465399369597 16.03475730121136 195.6146104484797 30.96161296218634 73.29013946652412 11.44678545743227 0.9812216460704803 40.88013026118279 18.54923935979605 0.134849339723587 1.068297654390335 0.5452288538217545 15.2830760255456 0 0 1.009001210331917 4.593374252319336 0 77.38718648254871 18.95198953896761
1207.046694032848 2620.269680060446 24.98249920457602 3930.87818814069 494.6078137531877 319.0719320476055 2993.654998578131 18.18031109124422 283.5387541204691 3872.247763991356 32.05815869569778 2868.052279919386 10312.26484189928 597.0504923909903 23.61982557177544 8.272085152566433 0.4902450144290924 0 0 0.6865320801734924 0 1.67095910012722 0 0.2154071033000946 0.1349968165159225 0.1772596091032028 0 1.295405320823193 0 0.1266462802886963 102.1051676645875 5.639976024627686 32.21820526570082 0 0 0 57.09180073440075 2.04477047175169 4.294281914830208 0.4469893723726273 0.1894863098859787 0.134112223982811 0.364221565425396 0.3829371929168701 0.1142133250832558 0 139.1402468532324 6.256689265370369 4.085163712501526 0.3438093662261963 0.7817937135696411 4.567297637462616 0.4325720965862274 0 18.44563261419535 25.01503454148769 94.78917424380779 188.2413653805852 52.18495004624128 93.77719995379448 0.4171160981059074 2.522768162190914 0 24.21456464380026 9.620110049843788 5.901873402297497 0.8917781040072441 0.9395074918866158 0.6630548313260078 1.035416796803474 57.54846924543381 28.41258172690868 4.459272146224976 269.8457763418555 135.1150020435452 116.0333464965224 33.17802622169256 7.227862477302551 0.8037464916706085 5.646252796053886 0.9718356505036354 3.784106709063053 35.17412424087524 0.8583812937140465 4.80255851149559 9.004682302474976 0.9464072212576866 0.9343274757266045 1.470056921243668 6.138741917908192 0.9982707798480988 1.998205482959747 1.973912201821804 0.7488690763711929 0.8600544631481171 222.3428302481771 76.66490250825882 12.908307261765 8.017937004566193 753.5238418057561 2.790739268064499 49.73688596487045 137.2594844177365 75.6607590764761 10.85252091288567 229.8747135847807 59.40863233804703 12.1474847048521 443.2638609260321 161.239566296339 14.62520317733288 226.4560326933861 459.143539480865 207.5615526363254 20.2367220595479 0.7771056815981865 0 0 0 0 0 0 0.1567279547452927 0 0 0 0 0.1239150911569595 0 0 0.3024724721908569 0.7841980308294296 0.143971249461174 0.2777225971221924 12.45061012357473 3.178554981946945 0 0.1718807816505432 0 38.78074216842651 2.511478543281555 18.52593737840652 6.347095876932144 4.045001439750195 0.2141357809305191 0.1486754715442657 0 0 0 1.00601863861084 0 0.2555670365691185 0.6262413114309311 0 0 0 0.9114735126495361 0 0.1915040165185928 0 0 0.9049290493130684 0.9522377029061317 2.737324751913548 0 1.022967457771301 14.1926344782114 0.2643194496631622 0 0 0 0 0 0 0 0.2682665586471558 58.57422398775816 0.2417462468147278 0 0 0 26.15804770588875 0.5792845487594604 5.984755456447601 1.735367998480797 0.963353767991066 0.3533274903893471 0.1514744609594345 0 0.1046375185251236 0 0 0 0 0 0.4204039573669434 0 181.5232853218913 8.703933402895927 10.16805812716484 1000.234217956662 27.98409600555897 601.6833538040519 63.02218119055033 908.0659835785627 42.21019107848406 2.203360885381699 78.06438118964434 239.1055090650916 0.6001186966896057 4.068937487900257 1.413089625537395 241.8428708985448 0.4038653373718262 0.2556849718093872 0.8206893354654312 16.27975536882877 3.943668693304062 946.4740827009082 149.3406187742949
217.0204461440444 3390.330032743514 1977.031499840319 46.73771487921476 995.5020653679967 2.472241044044495 28.92230027168989 4263.161376602948 1765.650016613305 32.05815869569778 3162.18118519336 50.84676217287779 826.8586807474494 2493.051742456853 31.73274514079094 33.02229715883732 2.706148520112038 6.732651747763157 0.1778021156787872 1.621714025735855 1.772724241018295 9.531905338168144 13.07983426749706 7.577335551381111 51.54447907209396 6.555171608924866 22.53678354620934 6.437964260578156 5.347372889518738 5.791679069399834 558.7887969687581 166.1726245284081 737.6110618561506 0.5836540460586548 16.95478424429893 13.08122787624598 312.6521732956171 62.39839614182711 22.98553619533777 32.60468699038029 6.275728136301041 5.001113452017307 1.919288694858551 2.005767695605755 0.1154483184218407 0 106.3089883252978 2.275029242038727 4.436302855610847 2.564965687692165 16.26730086654425 17.46376180648804 4.289631366729736 9.620491907000542 3.903600923717022 6.518634751439095 31.09556552767754 119.2315983399749 14.34526196867228 25.3267208263278 1.681191101670265 141.2999252229929 0.1566676050424576 44.98043174296618 2.666858062148094 2.29708955436945 4.563289560377598 4.444812782108784 3.474369235336781 9.897610396146774 91.23799865692854 3.739375278353691 0.6818970441818237 78.25937916338444 75.19775401055813 82.4405505284667 95.2536533921957 39.39781568944454 65.96776570379734 1074.096438094974 2.249835290014744 225.2301016226411 10.84671208262444 0.4444970190525055 1.546745128929615 2.265377126634121 2.798160322010517 0 3.789767272770405 0.3686808496713638 5.895172365009785 5.737305298447609 35.17348597943783 19.2421790510416 12.27684795111418 51.32520438730717 4.821163788437843 0.2496002167463303 6.390044242143631 34.35947499424219 0.569980651140213 2.873015701770782 0.8116920292377472 1.543188780546188 1.223788902163506 0.1605581790208817 0.4745723903179169 0.4156708717346191 2.332855582237244 2.328480795025826 3.613178133964539 5.036854974925518 27.59547851234674 18.34650009125471 3.503047704696655 0 0.1201118901371956 0 0.3875469714403152 0 0 0.1910994350910187 3.220933258533478 0.9403393864631653 0 7.852335050702095 0 0.4285979121923447 0.2102577537298203 0.5163923054933548 3.199819341301918 0.167959600687027 1.121333926916122 0.7032459750771523 1.207406282424927 0.1597297489643097 0 0.4631629586219788 0.3474632203578949 11.59912476688623 0.8599222600460052 9.355427406728268 1.192877762019634 1.471667662262917 2.499402314424515 0.2170094698667526 0 0 0 0.2523940801620483 0.2625939548015594 0 0.2785226479172707 0 0 1.384826391935349 3.772963181138039 8.26685044169426 0 0 0 0.1458233743906021 0 0 0 0 3.52153691649437 0.9611685872077942 0 0 0 0.1077453568577766 0 0.1505139619112015 0.2704178690910339 0.1635167300701141 10.02250291407108 1.158620864152908 0.7920772433280945 0.3116718381643295 0.1878083348274231 3.616112008690834 0.9524428844451904 3.056992992758751 0 0.1763329058885574 0.363108903169632 1.011532187461853 0.1752699911594391 0 0 0 0 0 0.5440793633460999 0.4154613465070724 0.1339015066623688 14.86352717876434 6.685030415654182 9.552612416446209 513.56045281142 22.9668603092432 311.319112598896 69.41120538115501 88.86934816837311 17.6099089384079 0.2413606718182564 51.2543216869235 17.0408541187644 0.192590743303299 0.2774605453014374 0.5721779391169548 9.120576664805412 0 0 0.3623467236757278 4.157723650336266 0.5829270780086517 40.57293340563774 9.759799063205719
24.13620442152023 152.5432250350714 18.52470586448908 194.3276366144419 76.80699556320906 44.65449517220259 481.4431903809309 8.204384788870811 65.12553323805332 2868.052279919386 50.84676217287779 172.7610039785504 1531.692599728703 209.2013313919306 11.8635182082653 11.12274104356766 2.156568594276905 2.296368919312954 1.776912212371826 0 0.5453469157218933 33.77559743821621 1.213463351130486 0 6.851422190666199 2.188300907611847 2.716152802109718 3.57315231859684 2.163963153958321 0 19.69923100620508 3.685052372515202 188.4875934943557 0 1.308667331933975 1.337526351213455 700.1085855141282 32.24498236179352 37.35633605718613 10.35014585405588 4.079126939177513 4.138114631175995 1.323907628655434 1.059722080826759 0.4444392770528793 0.4682688117027283 29.0073918774724 0.5406347885727882 1.12043385207653 0.5157963037490845 8.190265268087387 36.03086549788713 37.11076328158379 21.5585201010108 3.212107688188553 1.046076394617558 8.689865499734879 11.26355209201574 4.877197854220867 7.792392082512379 0.1278432309627533 14.96904715150595 0 5.816576853394508 0.6882201433181763 0.99388787150383 0.9943973869085312 2.121919572353363 2.250216349959373 0.87769715487957 279.4909391999245 69.61407371610403 3.189048424363136 18.66946946829557 14.92293929308653 20.25283321738243 16.68382585793734 8.486128181219101 0.9619546160101891 6.907519638538361 0 3.178048513829708 2.873404309153557 0 0.1443008184432983 1.139875151216984 1.053852014243603 0.4552039504051208 3.427980773150921 1.804853476583958 5.065309815108776 7.298459410667419 8.199919164180756 12.55713696777821 6.155518397688866 1071.349365375936 240.2940596863627 12.71724022179842 235.1105868369341 107.0930402502418 4.778191328048706 9.782979041337967 14.94825192540884 7.526908546686172 11.08428138494492 13.67529141157866 15.26711754500866 4.69133748114109 64.59067899733782 51.36093779653311 31.29831735789776 95.28815690428019 293.3803111389279 244.2299750447273 41.53172886371613 2.901133351027966 1.881674386560917 0.1615336984395981 0.424342155456543 0 0 0.2992044240236282 1.851483330130577 0.3545145094394684 0.2026150226593018 4.763454407453537 0 4.942548491060734 0.1236939951777458 1.286503247916698 1.701827436685562 3.673804484307766 4.731636561453342 0.9725352078676224 21.18508244305849 4.596562534570694 0.4387005567550659 4.966536462306976 1.970304042100906 121.1727863624692 5.299679532647133 61.14911869168282 18.15762244910002 9.314581960439682 1.077316865324974 1.333086475729942 0 0.3143490999937057 0 5.25622621178627 0.2069509625434875 0.8911485821008682 3.046375282108784 0 0 0.7251391708850861 10.00224026292562 7.526057675480843 0 0.2142841368913651 0.2637763619422913 1.347286812961102 1.399266913533211 0.2216289043426514 2.003476284444332 1.937965899705887 31.87204714864492 3.042619854211807 0 0 0.3040587529540062 0.2552349790930748 0 0.3150365054607391 0.4587036967277527 1.093244008719921 153.2831609100103 16.27564915269613 2.484595090150833 0 0.6134625747799873 35.71966111660004 1.813150465488434 12.79917997121811 0.6796201840043068 1.435554817318916 1.302349030971527 0.7756723165512085 1.622391998767853 0.1214214265346527 0 0 0 0.1691832542419434 0 0.1120192632079124 0.5254854708909988 208.3175179883838 52.56730238348246 67.81479122489691 305.2935968488455 11.42359255254269 131.6818136423826 32.47438362985849 160.8740003108978 8.546116232872009 0.2064526379108429 21.44611237198114 92.40878248214722 0.4538009613752365 16.41112312674522 5.98718274384737 59.64389134943485 1.464880108833313 0.3821024596691132 1.62311964482069 1.066861867904663 0.2976331114768982 801.2361743748188 163.3766363337636
117.4987135976553 1360.43818642199 116.7706535458565 463.7711196020246 744.6533708274364 52.50248521566391 6309.745373606682 61.1134575381875 1747.362941339612 10312.26484189928 826.8586807474494 1531.692599728703 4562.095674954355 4781.740391537547 42.65780756622553 45.0594874098897 3.703209571540356 4.069315113127232 0.4355755820870399 1.703543096780777 0.9257577955722809 20.04217949509621 2.386363282799721 2.226469159126282 14.14066891372204 4.104089543223381 6.127154037356377 3.526560097932816 1.893173575401306 1.439356632530689 128.4105893522501 15.19690433144569 517.2861426696181 0.5588851124048233 4.236319407820702 3.717949584126472 1344.393740080297 49.2220269292593 76.76534596085548 12.97937794774771 1.926049783825874 5.038813441991806 1.775625199079514 2.010784566402435 0.3902360200881958 1.069818153977394 123.9621659293771 2.293967396020889 3.497509829699993 1.870770066976547 14.73017311096191 27.27187618613243 24.65420231223106 18.34175275266171 7.985693380236626 8.768275231122971 27.41029118746519 77.03690525889397 16.99502279609442 38.33774044364691 0.5162836760282516 25.9150335714221 0.1191792190074921 26.11365558952093 5.469532400369644 2.77289441972971 3.513283915817738 4.142953425645828 3.908172994852066 3.946551911532879 379.8375256881118 34.70768244564533 3.348794162273407 110.1850102320313 81.16535550355911 95.48918651044369 80.76039037853479 37.22075749188662 2.640680111944675 19.0051466152072 1.061356648802757 8.957607381045818 14.87500927597284 1.072158634662628 2.312446065247059 5.620578274130821 2.498228214681149 0.5176990032196045 7.564792536199093 1.492047563195229 7.099979281425476 5.636815637350082 19.56112275272608 16.7502336576581 10.2638247013092 1382.253108754754 84.78388194739819 2.329189717769623 212.5386113375425 140.45098657161 8.619105085730553 34.32072178274393 36.33889693766832 16.50089801847935 26.34776313602924 30.99837148934603 36.90934491157532 8.746013134717941 241.7293701693416 119.7761296331882 50.92042542994022 182.2264267131686 605.8125356882811 412.1616913080215 62.35443855822086 2.490903005003929 1.667404405772686 0 0.3128267526626587 0 0 0.530020609498024 2.048962116241455 1.005096331238747 0.7424802780151367 7.983428254723549 0 5.287307165563107 0.7587079852819443 1.094522207975388 2.490245491266251 4.804141111671925 3.721242308616638 0.7267803028225899 38.17795185744762 7.103760689496994 0.1547007709741592 7.166893757879734 1.594872489571571 170.0624704286456 7.547582104802132 88.67559093981981 19.91720936447382 10.48730186372995 2.446929812431335 0.4450598135590553 0 0.1293227821588516 0.2455040439963341 3.10997898876667 1.170274451375008 1.70613706111908 5.177976280450821 0 0 0.8839467018842697 8.431297212839127 12.51811890304089 0.1486927568912506 0.1146884337067604 0 2.635140597820282 3.367325782775879 1.788077056407928 5.333357617259026 4.981054000556469 42.05035207420588 3.375321492552757 0 0.2668712735176086 0 0.1907497420907021 0.4725634604692459 0 0.1162081956863403 1.799864917993546 241.8006429299712 10.38397359848022 3.136924214661121 0.8554365187883377 0.634272925555706 62.83660741150379 2.266967013478279 30.1469222381711 1.880637131631374 2.84853295981884 2.749539948999882 0.9895580559968948 1.131321877241135 0.1416270136833191 0 0.1427432000637054 0 0.1519522219896317 0.2386790737509727 0.8036747723817825 0.4429475665092468 367.7910927385092 60.98454789817333 79.91724227368832 864.2003542557359 31.69504933059216 442.5425518453121 93.8015645518899 275.2423264756799 32.03420431166887 0.5606239289045334 67.27015862613916 161.8738277703524 1.377062879502773 21.49777421355247 5.848580330610275 150.7325544059277 2.551808908581734 0.1545412838459015 2.96090666949749 9.079030454158783 0.4554342105984688 956.5370352268219 256.5018935874104
