507.630469456315 3285.688306443393 202.1020839437842 1373.652950696647 73.02107483148575 59.92541168630123 667.6671813875437 29.65961042791605 26.69821533560753 1332.214862026274 118.0946809574962 558.5613593310118 312.4496290832758 235.2100588157773 5.171332500874996 1.552944630384445 0.382274329662323 0.1428135931491852 0 0 0.3366665467619896 0 0 0.1221251487731934 0.1011743173003197 0 0 0 0.171899825334549 0 1564.995157390833 5.155728437006474 5.719775050878525 0.1678565815091133 0 0 5.114836014807224 0.08773542940616608 0.6631203889846802 0.07875004410743713 0.6680796891450882 0 0 0.8226369842886925 0.08779963105916977 0.2278852984309196 51.93681505322456 0.6645523905754089 0.3335703238844872 0.16110959649086 0.4475702494382858 0 0.3930376619100571 0.08677608519792557 19.63341399282217 18.79408721625805 484.4049455821514 789.1973117589951 125.8146487995982 48.46890937536955 0.109331876039505 0.3578072488307953 0 25.45047625154257 4.532918848097324 0.4903964474797249 0.09872488677501678 0.2132415995001793 0 0.2421347200870514 4.513923935592175 8.003987267613411 0.1919599324464798 439.1285155564547 26.09612680971622 23.39578467607498 2.800047919154167 1.317198216915131 0.3013559430837631 1.183317258954048 0 0.1171664968132973 23.22401227802038 0.8488114699721336 0 3.902416922152042 0.1884246692061424 0 0.1832232400774956 0.1343855559825897 0.1013827100396156 0 0.3659420311450958 0.2099161520600319 0.118887223303318 73.81056429445744 3.67275682836771 0 4.335060477256775 2083.333855442703 0 5.825789883732796 2.413201361894608 28.76244735717773 1.603995770215988 5.660189509391785 18.45680605620146 12.45194765925407 5.113375648856163 6.291200026869774 10.254518866539 34.47250290215015 5.548913903534412 16.80630542337894 18.51873701810837 0.214323878288269 0 0 0 0 0 0 0 0 0 0 0 0 0 0 0 0 0.1607863903045654 0 0.6134599298238754 0.5419952571392059 0 0.316303551197052 0 3.771482862532139 1.798431232571602 2.027471303939819 2.094050377607346 0 0 0 0 0 0.5983843207359314 0 0 0 0.2452618852257729 0 0.3986747860908508 0 0.3652432262897491 0 0 0.2021721005439758 0 0 0.1561542153358459 0.8307862728834152 0 0 4.59851536154747 0 0 0 0.1022242978215218 0 0 0 0 0 1.875415474176407 2.691500626504421 0 0 0 5.010581493377686 0 5.061206363141537 0.1594587564468384 0 0.104425922036171 0 0 0 0 0 0 0 0 0 0 10.92092606425285 1.835998326539993 0.8783291876316071 211.4434392303228 14.15536697208881 154.1412674859166 13.35610285401344 1251.627348490059 46.87585327029228 3.27063824981451 1.783670030534267 19.81439436972141 0 2.434221483767033 0.3091985881328583 29.16896276175976 0 0 0 1.694716274738312 0 254.2873054072261 17.83094720542431
3285.688306443393 3420.899868316948 1633.814336724579 711.4508378952742 2128.630505673587 55.73468419909477 3823.51803150028 343.6174383237958 3128.063305139542 2060.63051623106 1563.822334140539 957.9601779654622 1418.328868150711 1581.260230958462 63.39316947758198 18.42901333421469 1.730464540421963 0.4645392671227455 0.2903308346867561 0.07860402762889862 0.3650121167302132 0.43148273229599 0 0 0.2608505561947823 0.4387836009263992 0.3360767886042595 0.100158765912056 0.6838095635175705 0 1908.135173417628 76.1946110278368 34.38556901365519 0 0.1368174999952316 0.3033584579825401 29.21647207438946 0.9803833216428757 2.488325744867325 2.046269342303276 1.162563033401966 1.120596937835217 0.08769390732049942 1.216098174452782 0.4353858977556229 0.8483578041195869 258.0036867260933 1.885175086557865 0.7138887122273445 0.2947664856910706 0.6642733439803123 0.436365157365799 1.363794885575771 0.4742804169654846 27.55546822398901 30.3188883587718 232.9497346356511 720.1562771946192 140.5062770023942 122.3310262188315 0.6010411381721497 1.323240399360657 0.3487604632973671 129.0457958877087 8.431764207780361 0.2224937528371811 1.233249813318253 0.3186758905649185 0.7847519218921661 0.5486642122268677 19.17261299490929 31.33322963863611 0 692.9512965604663 79.96381744742393 143.4686779230833 26.12087853997946 4.592120312154293 1.471680201590061 20.71889109909534 0.7798873409628868 0.7232378497719765 38.01446151733398 0.7739377319812775 0.4192358106374741 6.496455237269402 0.1036541536450386 0 0.5445515289902687 0.1231706887483597 0.07979818433523178 0 1.407756231725216 0.4310390800237656 0.366660863161087 283.7701508626342 6.238549321889877 0.2996075302362442 2.567496247589588 869.0458224192262 3.076149813830853 8.798655636608601 12.10273841023445 26.83992636203766 14.58226127922535 27.55951377749443 20.58703289180994 45.4018881469965 9.784543931484222 16.36505790054798 48.81417841464281 120.7820082753897 16.27790810912848 62.59249935299158 112.121603704989 1.112886935472488 0.3416005596518517 0 0 0 0 0 0.8842679858207703 0 0 0.146741047501564 0 0.1281215399503708 0 0 0 0.3256291300058365 0 0 8.797108240425587 6.94482484459877 0 1.082074031233788 0 26.50326726585627 6.700298368930817 18.42099477350712 7.378869846463203 0.398302361369133 0 0 0 0.127180203795433 0.9655884504318237 0.1287601292133331 0 0.454142838716507 1.04916350543499 0 0 0.5899453610181808 2.829344399273396 0 0.1079585552215576 0.229813240468502 0.1198351606726646 2.20971454679966 0.8852281346917152 0.5369711071252823 0.5426392033696175 0.5436800569295883 27.9710902646184 2.827937707304955 0 0 0 0 0 0 0 0 10.1184246763587 10.60556561499834 1.600102767348289 0.7803629487752914 0.6258300542831421 25.25564036518335 0.1358808428049088 16.87503956258297 2.983219891786575 2.367609292268753 2.122957557439804 0 0.7681749388575554 0 0 0 0 0.1445637047290802 0 0 0 20.40806998312473 9.388865724205971 9.215729475021362 433.6513981372118 28.00971452891827 628.5389418005943 65.29881992191076 727.0244480893016 107.4064786210656 4.569001227617264 4.641686677932739 19.08295012265444 0.1158010885119438 5.977446466684341 1.26413656026125 42.39100967347622 0.5586740374565125 0.584982842206955 0 6.707919180393219 1.349756896495819 171.4757597744465 46.18795819580555
202.1020839437842 1633.814336724579 1350.173794314265 16.86027593910694 952.933309905231 13.29754236340523 214.9372351616621 2523.106046617031 1812.426973998547 132.9034359008074 2676.877619817853 52.90973240882158 312.183189496398 2182.546316348016 43.86257609724998 18.27009133249521 0.927486963570118 0.2643301486968994 0.2461546584963799 0.3494198173284531 15.08518721908331 0.8648680672049522 5.79496144503355 0.6890656352043152 5.644963026046753 3.111921258270741 2.59957081079483 0.1255048811435699 0.3179848939180374 0.131910428404808 4062.491204530001 268.9415093436837 81.9784354865551 0.5547537505626678 1.767758965492249 1.020274490118027 75.63375850021839 6.421722739934921 27.03571143001318 4.841906324028969 7.220443218946457 6.351981960237026 2.383910410106182 1.800542645156384 1.602362059056759 0.1906842291355133 130.7383760809898 3.009457722306252 1.693916290998459 3.386531800031662 2.193952180445194 0.4799750000238419 1.214873798191547 0.9715722873806953 9.541480392217636 10.33338642120361 104.1877119988203 906.6235002800822 52.89025345444679 42.7553077340126 4.386273793876171 18.12407839298248 0.9619816914200783 178.5141644999385 3.272310130298138 0.8123426958918571 0.2858667522668839 1.984317466616631 6.668189369142056 11.18722855299711 50.84018518030643 84.51996263116598 0 327.8623217940331 81.3295745626092 76.9531816765666 23.04995562136173 2.392256461083889 31.19113703817129 197.7898486405611 2.850499451160431 34.27660554647446 13.92782382667065 0 0.1942694336175919 2.291770845651627 1.438485145568848 0.09025377780199051 0.3824966624379158 0.2313938215374947 0.2083967626094818 0 22.28937286883593 3.480887085199356 1.850566856563091 122.6192409545183 46.8094284683466 0.2654432952404022 43.97125589847565 86.08320219814777 1.896314516663551 3.403036132454872 10.49013066291809 0.862750843167305 18.92995890974998 16.36515016853809 7.33705447614193 57.14908275008202 8.322824731469154 15.77028498053551 72.2965262234211 117.4284369647503 17.16948780417442 51.54872800409794 93.44483644515276 2.675392039120197 1.695210412144661 0 0 0 0 0.1637831479310989 0.1863947063684464 0 0.3708523213863373 1.287651062011719 0 0.4792760834097862 0 0.1115848198533058 0 0.1414168626070023 0.2551831603050232 0 20.00685277581215 12.74679380655289 0 0.5656441748142242 0 28.02324982732534 30.07629088312387 46.74583768099546 32.22534522414207 3.622634947299957 0 0.2823113203048706 0 0.3436320871114731 0.8890821933746338 0.4586607292294502 0 1.613590948283672 4.591206602752209 0 0 0.8130722567439079 6.109197750687599 0.8061677664518356 0.2851058840751648 0.1452633291482925 0 1.698504544794559 2.667187348008156 0 0.4601369053125381 1.387248337268829 60.52561255544424 5.070358753204346 0.1128068715333939 0 0 0 0 0 0 0 7.743413180112839 16.7839365452528 1.818750575184822 0.3334079533815384 0.9676962792873383 50.40865064412355 0.6526320576667786 31.56947334110737 2.358533531427383 3.513009905815125 2.916448198258877 0.09328372031450272 0.7460106313228607 0 0 0.1243123561143875 0.148426741361618 0.1449046581983566 0.4203013777732849 0 0.267755925655365 15.43378575146198 12.58376630395651 17.84966762363911 210.8462269753218 12.59332060068846 255.253364816308 40.50957479327917 94.33682468533516 53.84732832014561 1.098417587578297 6.19976319372654 22.83723813295364 0.4856016561388969 10.87298436462879 6.376158952713013 27.12843389809132 0.8807076811790466 0 0 3.808751493692398 1.06328484416008 71.18802879750729 61.46196851879358
1373.652950696647 711.4508378952742 16.86027593910694 580.5507144778967 21.9860807210207 228.0414166897535 1442.106982089579 3.695561066269875 9.117464065551758 3486.110353901982 7.410595037043095 1937.615172155201 428.6436199843884 79.64680741727352 1.688174240291119 0.7018527761101723 0 0 0 0 0 0 0 0 0 0 0 0 0 0 39.76527074724436 0.98064786195755 3.542319193482399 0 0 0 3.864530831575394 0.08430153876543045 0.5123478174209595 0.396127462387085 0 0 0 0 0 0 12.39193139225245 0.20390784740448 0.1991423070430756 0 0 0.5841808840632439 0.3452935218811035 0 1.804145462810993 2.390269607305527 51.24690428376198 52.29663360863924 16.41611660271883 8.138314627110958 0.2164927572011948 0.255576103925705 0 5.052006624639034 1.072208650410175 0 0 0.2028470188379288 0 0.2862508594989777 10.7477470189333 9.910991340875626 0.176142692565918 64.63326605409384 4.548432730138302 6.05581259727478 0.8846170008182526 0.1250569075345993 0 0.3473877161741257 0 0 4.166528567671776 0 0 0.4360321164131165 0 0 0.08699803054332733 0 0.1360601335763931 0.1253021955490112 0 0 0 195.6528019160032 0 0 1.19678957760334 787.9752713367343 0.3396283239126205 7.607237800955772 11.38308584690094 143.4626595154405 4.131176114082336 22.81643220037222 26.02919264137745 12.5494886636734 15.645348072052 14.3779177069664 13.41857854276896 45.5816878080368 12.67813904583454 23.51837919652462 23.12866546958685 0 0 0 0 0 0 0 0 0 0 0 0 0 0 0 0 0 0 0 3.725128687918186 0.4852766990661621 0 0 0 4.825341790914536 0.74176424741745 4.524758219718933 2.572587132453918 0 0 0 0 0 0 0 0 0 0.3364742249250412 0 0 0 0.3231340348720551 0 0 0 0 0 0.3921887055039406 1.35195255279541 0.4430987983942032 0 9.408157080411911 0.7165587097406387 0 0 0 0 0 0 0 0 1.964585095643997 2.180420577526093 0.1596424281597137 0 0 5.000864490866661 0 3.260314285755157 0.5504278838634491 0 0.3520189523696899 0 0.142331525683403 0 0 0 0 0 0 0 0 15.43175528943539 0.4812048971652985 2.22398117184639 162.0256495773792 3.035405732691288 39.27481283992529 5.326869711279869 993.6015015020967 12.1177431344986 0.2972397431731224 0 19.57640942186117 0 1.279176093637943 0.3160165250301361 38.42941968142986 0.1545889973640442 0 0 0 0 121.8109289109707 33.43367812037468
73.02107483148575 2128.630505673587 952.933309905231 21.9860807210207 2288.233811102808 7.034183129668236 1957.926257058978 165.0378545075655 5110.432023897767 355.9674706459045 1045.172596506774 84.23020134866238 663.7486740574241 905.1232261657715 30.42713046073914 8.656087249517441 0.1689370572566986 0.1223958060145378 0.145913302898407 0 0.1140439063310623 0 0.1434777677059174 0 0.1310907453298569 0 0 0 0.240937739610672 0.09784721583127975 85.56722791492939 48.16663796454668 9.355410128831863 0 0 0.1180145367980003 12.13974013179541 0 0.2510246112942696 0.4650790840387344 0.7371237277984619 0.2747476398944855 0.4208958670496941 0.8699148446321487 0 0.09710541367530823 90.07814824581146 0.2068777456879616 0.3512619659304619 0.09323261678218842 0 0 0.8651435747742653 0.1667113453149796 3.860787749290466 5.489044860005379 23.75732256472111 59.3912073969841 28.60475147515535 29.69725037366152 0.1061738729476929 0.8019498884677887 0 28.84834656119347 2.232320263981819 0.1097148954868317 0.2411177679896355 0 0 0.1987828835844994 9.409722834825516 23.79527615010738 0.1284078508615494 129.546689517796 18.61946355551481 49.25152193754911 8.99649403989315 1.960137091577053 0.2781213372945786 9.106233663856983 0.4714392423629761 0.7635801285505295 8.618961431086063 0 0.1875345036387444 1.009908676147461 0 0 0.1054171100258827 0 0 0 0.7320884019136429 0.3149909377098083 0.2362030744552612 128.1634546965361 1.55615708231926 0.2453074753284454 2.103528656065464 9.262141935527325 0.2384606450796127 2.36462165415287 7.650211945176125 0.8191647678613663 11.84303300082684 12.97075007855892 7.646785065531731 22.89821746945381 6.675844967365265 7.566573336720467 32.48820646107197 77.03549811244011 11.18230193853378 43.90860386937857 62.54032356292009 0.3492623940110207 0.2151615470647812 0 0 0 0 0 0 0 0 0 0 0 0 0 0.09794872999191284 0.2109079211950302 0 0 10.00873432308435 6.058141611516476 0 0.1473426967859268 0 12.83861351758242 2.373727649450302 12.90092956274748 4.489689454436302 0.1012702584266663 0 0 0 0 0 0.1014002338051796 0 0.2731569409370422 1.737862795591354 0 0 0 1.639752916991711 0 0 0 0 0 0.4316635131835938 0.2819339632987976 0.1254245042800903 0.3571202754974365 18.92326064407825 1.343276135623455 0 0 0 0 0 0 0 0 5.860136121511459 7.206293553113937 0.8988105654716492 0.5140916705131531 0 21.47333964705467 0.1736874878406525 14.17805341631174 1.598425082862377 1.301654145121574 1.258279882371426 0 0.3203883543610573 0 0 0 0 0.1422020643949509 0 0 0 12.03847907483578 8.950008347630501 4.543629787862301 160.3034790754318 6.680350214242935 213.8308632522821 32.8918609842658 38.08083289116621 38.56414011120796 1.120349191129208 4.403781428933144 7.455697499215603 0.120083712041378 4.167509168386459 1.080846078693867 18.93445946276188 0.2997344136238098 0 0 5.204178124666214 1.013476118445396 41.18765264004469 26.77362781763077
59.92541168630123 55.73468419909477 13.29754236340523 228.0414166897535 7.034183129668236 2.435553908348083 27.0474439561367 8.04048927128315 17.50280791521072 453.8683954700828 11.46250152587891 117.0812835395336 157.6414947509766 73.44602903723717 2.246830463409424 1.815504685044289 1.772202879190445 0 0 0 0 12.62533258646727 0 0 0.1134235486388206 0 0 0 0.6381928473711014 0 13.11964865773916 5.569177567958832 71.13901463150978 0 0 0 94.15249313414097 0.6880095154047012 4.320396661758423 0.6326619982719421 0.5507128089666367 0.6715691536664963 0 0 0 0 2.364875078201294 0.2095329016447067 0.1934851408004761 0 0.1285609751939774 30.64955432713032 8.350869432091713 1.772005066275597 0 0.2141523137688637 101.8039678558707 1.883556552231312 2.391292490065098 0.3914875313639641 0.5569576621055603 5.523499354720116 0 0.3932059034705162 0 0 0.5004544854164124 0 0 0.1410896629095078 250.7775512188673 160.8393526822329 13.26798602938652 2.149469122290611 0.5111953020095825 1.306213766336441 0 0 0 15.01155753433704 0 5.610457256436348 0 1.413679197430611 0.09857060760259628 0.4560865461826324 0.3227051794528961 3.26856779307127 3.36036704480648 11.52259481698275 2.919631473720074 2.99232055991888 0 1.129733085632324 1.090427793562412 281.2709840983152 168.7128864079714 55.54486930370331 32.99885985255241 311.267151966691 0 1.630265593528748 0.4450658410787582 1.699749305844307 2.197602897882462 0.8166522830724716 9.799564585089684 3.499698624014854 1.253408625721931 4.503391921520233 4.756313890218735 8.066739439964294 1.210383296012878 4.577225238084793 6.19237070530653 0.1273563206195831 0.1162695586681366 0.1413763761520386 0 0 0 0 0 0 0 0.2950576096773148 0 0.3366253152489662 0.2003216445446014 0.1221630126237869 0.1140035539865494 0.4968335777521133 0 0.2124736830592155 0.6042759567499161 0 0 0 0 0.8472321182489395 0 0.1132514849305153 0.6607196107506752 0.7021855190396309 0 0 0 0 0 0.2515980303287506 0 0 0 0 0 0 0.7182326689362526 0.117004007101059 0 0 0.2052720338106155 0 0 0 0.1699792742729187 0 2.393435716629028 0 0 0 0 0 0 0 0 0 0.1551136821508408 1.745533406734467 0.1306328177452087 0.4580141007900238 1.810889847576618 0.7255765646696091 0 0.2971662580966949 0.2505041807889938 0 0.2162664234638214 0 0 0 0 0 0 0 0.1873390227556229 0 0.1711164265871048 1.470120742917061 0.4913017451763153 0.2369502186775208 44.84210042655468 1.15959869325161 8.777768984436989 2.487348303198814 133.8891754299402 0.8392653167247772 0.2419946044683456 0.2974918186664581 4.885285899043083 0.2639160752296448 0.2796621471643448 0 12.31410866975784 0 0 0 0 0 96.87560062110424 11.93342642486095
667.6671813875437 3823.51803150028 214.9372351616621 1442.106982089579 1957.926257058978 27.0474439561367 407.6620527133346 39.7135568857193 2403.26944796741 1446.660949647427 417.7807663008571 557.1287462934852 5007.806497804821 2539.163932450116 30.67599805444479 7.72191608697176 1.758395008742809 0.2902342155575752 0.2080608606338501 0.1115619540214539 0 0 0 0 0.3990523517131805 0.6505621895194054 0 0 0 0.09641978144645691 113.0077248960733 20.13341404497623 11.60413839668036 0 0.1021407246589661 0 19.93584999442101 0.3598276972770691 0.4976249486207962 0 0.170938640832901 0.4320214465260506 0.2214662730693817 0.8105132803320885 0 0.2374794483184814 123.026629447937 0.9578560367226601 0.3004672452807426 0.348198875784874 0.1202941834926605 0.4811922609806061 0.09500091522932053 0 9.768412321805954 13.15067236870527 53.08800496906042 139.0213453918695 56.4353056922555 50.65729080885649 0.658157154917717 0.2833617031574249 0 47.46100118011236 3.675540082156658 0.09807590395212173 0.7403965294361115 0.1116838529706001 0 0.09990869462490082 21.15357495844364 26.80305898934603 0 264.8248301744461 29.14486115425825 58.92172111570835 9.535491704940796 1.34895420819521 0.1175569444894791 3.884304009377956 0.589370109140873 0.5426459386944771 15.24278546869755 0 0.2988691553473473 2.538698516786098 0.09404600411653519 0 0.3420745655894279 0.1214877218008041 0 0 0.4314697980880737 0.3273573070764542 0.4921606332063675 283.2466929107904 2.182178840041161 0 1.583501398563385 49.0082965567708 1.310371264815331 6.64553864300251 47.1083611920476 13.15171709656715 11.89676257967949 34.80626690387726 20.18328687548637 41.28303894400597 23.52301798760891 20.61452470719814 46.10442609339952 90.66551052033901 18.92009540647268 57.83927020430565 82.70755652338266 0.4758028611540794 0.1973044201731682 0 0 0 0 0 0.3405710756778717 0 0 0 0 0 0 0 0 0 0 0 12.83386901766062 4.626252681016922 0 1.289243698120117 0 23.0589555054903 7.679427333176136 15.75339464843273 7.85076230019331 0.8606961220502853 0 0 0 0 0 0.4036600589752197 0 0.4025737792253494 1.516007877886295 0 0 0.6596696823835373 0.7525829076766968 0 0.4419658854603767 0.156288743019104 0 0.2963222190737724 1.595884390175343 0.5712449178099632 0 0.2555965930223465 23.14045193791389 1.219712756574154 0 0 0 0 0 0 0 0 7.904280543327332 9.645468577742577 1.066988036036491 0.2921696156263351 0 24.57521639019251 0.9156191349029541 11.78653439134359 2.560198485851288 1.291245818138123 1.074364542961121 0 0.8412180244922638 0 0.2938644364476204 0 0.5259935334324837 0.2038633227348328 0.1717208176851273 0 0 22.93473872542381 5.190265513956547 6.463066533207893 208.5263791456819 10.39345887303352 302.1087228953838 30.95418907701969 197.1056345328689 52.19490739703178 1.325490854680538 6.239307150244713 16.12006103247404 0 5.063195057213306 1.325355090200901 30.40724372118711 1.347820036113262 0 0 6.499210476875305 2.239348292350769 81.38707156479359 39.54565045982599
29.65961042791605 343.6174383237958 2523.106046617031 3.695561066269875 165.0378545075655 8.04048927128315 39.7135568857193 1211.085896402597 861.6960520446301 11.32096701860428 3102.588385224342 9.824032783508301 161.0185914263129 3759.69551513344 110.6577375382185 62.14205544441938 8.562591172754765 9.188087657094002 1.772661373019218 22.9392411634326 186.1295949667692 1.3335165604949 101.2728228121996 23.68073913455009 57.81683249771595 16.64384231716394 23.84894851595163 5.255958288908005 1.982390649616718 2.776224717497826 980.7913316935301 3588.044249072671 218.6890178322792 13.17523942142725 79.4377473294735 11.99291240423918 73.17588261514902 24.62295686453581 20.3116934299469 20.27632027864456 97.11448027938604 63.00452077388763 30.39263018220663 72.99160552769899 4.385223738849163 39.79281635582447 232.5608168765903 6.59677904099226 11.59448393434286 33.26261112093925 12.5436837002635 6.28253898024559 4.714036680757999 5.58785755187273 8.013692066073418 9.917447783052921 66.46069326251745 372.832116805017 41.7005490064621 61.97704314440489 533.4769708290696 234.9525504335761 16.05321285873652 451.0438089892268 5.991870798170567 7.220096804201603 1.902342021465302 17.57998505234718 59.41889832168818 177.983776986599 15.82088775932789 33.30896028131247 0.6383319795131683 307.5561758577824 112.0192818418145 162.5273368880153 292.7937153279781 634.4074707403779 747.3646421656013 1852.514419920743 281.1123208776116 2302.06503996253 15.93504659831524 0.1047298237681389 2.010277949273586 4.424988694489002 7.162944748997688 0.2483113184571266 0.3531059771776199 0.2280158177018166 1.164571665227413 1.142263099551201 265.655300796032 35.2560493350029 11.06359829008579 54.89211589097977 13.77695977687836 0.643437847495079 13.19600212574005 18.97905765473843 0.5042128562927246 0.4647796601057053 1.754737757146358 0.1533766239881516 5.128891974687576 4.08385819196701 1.276358500123024 11.2653631567955 1.267987206578255 4.548885576426983 13.14128574728966 19.63886754959822 2.561816364526749 9.218653500080109 26.97011547535658 1.05199159681797 0.6731693521142006 0 0 0 0 0 0 0 0 0.5651613846421242 0 1.293123222887516 0.1939995288848877 0 0.1100154295563698 0.825867123901844 0.9651153013110161 0 7.836897000670433 3.911180660128593 0 1.739988707005978 0.2063129022717476 8.870239816606045 11.67345746606588 19.73822066932917 15.46397344768047 4.393105983734131 0.1226029321551323 0.127545639872551 0 0 1.993890799582005 1.964517220854759 0.2891069650650024 0.437541201710701 1.445053212344646 0 0 1.794434875249863 9.695956215262413 1.201830260455608 0 0.3347406685352325 0 0.383237287402153 1.386307254433632 0 1.034434780478477 0.7265229821205139 25.24231253564358 0.4198050945997238 0 0 0 0 0 0 0 0 2.273248612880707 6.163165621459484 0.5037868767976761 0.6401543840765953 1.25628674030304 14.58053425699472 0.6782900542020798 6.148288920521736 0.7824407517910004 0.8477829098701477 1.416375167667866 0 0.7690831571817398 0 0 0 0 0.3978298380970955 0.8764862567186356 0.1025770679116249 0.5003054216504097 3.798832193017006 5.441550247371197 6.698711931705475 281.6624132692814 31.67996657639742 432.5508778914809 75.07721128314734 53.35177525132895 54.59063346683979 1.97641859203577 9.661318652331829 9.827173918485641 0.2414810657501221 5.84874203056097 0.8480384200811386 10.20949391275644 0.1329045742750168 0 0 2.534732669591904 2.014510080218315 35.13394815474749 19.36288530379534
26.69821533560753 3128.063305139542 1812.426973998547 9.117464065551758 5110.432023897767 17.50280791521072 2403.26944796741 861.6960520446301 2023.573222711682 137.7030613869429 3053.966109029949 77.27414367347956 2024.599429503083 3345.855262160301 16.8267794251442 7.21130895614624 0.2830329090356827 0 0 0 0 0.5159130692481995 0 0 0.3315865695476532 0 0.1611537784337997 0 0.2068771868944168 0 45.78646500408649 22.81486314535141 26.23127937316895 0.08598566800355911 0 0.1727448552846909 31.58248374611139 0.8631523102521896 1.771684795618057 0.8853586986660957 0.6694854721426964 0.2465568110346794 0 0.5385564863681793 0.1040448844432831 0 35.38463164865971 0.0968998447060585 0 0 0.2643661648035049 0 0.157661035656929 0 0.9720176011323929 0.8797721862792969 3.897694140672684 13.83716575056314 8.507569968700409 8.437363050878048 0.1948792859911919 0.4722389429807663 0 7.741309948265553 0.5144626125693321 0 0 0.3213912695646286 0 0 5.430266618728638 3.001532837748528 0 31.15224573761225 5.222799889743328 16.36491168290377 5.595943383872509 1.192231595516205 0.1506077945232391 20.60189548134804 0 0.1275565028190613 3.142693176865578 0 0 0.21290672570467 0.3912350535392761 0 0.08998788893222809 0 0.2113049477338791 0 0.4482274502515793 0.2353162840008736 0.1185693293809891 103.531908378005 4.366667360067368 0 3.382855117321014 8.381316348910332 1.21852483600378 2.343579068779945 3.571916460990906 5.318344630300999 5.278268486261368 7.684405386447906 6.5358005464077 19.1724408864975 5.529056467115879 14.61930584907532 30.61969771236181 48.41711524873972 7.496112562716007 23.62485239654779 57.18188920617104 0.4924405962228775 0.2268441990017891 0 0 0 0 0 0.1197886988520622 0 0 0 0 0 0 0 0 0 0 0 5.48087102919817 3.432094104588032 0 0 0 14.38894026726484 1.569609120488167 6.687146313488483 1.531285308301449 0.2717956751585007 0 0 0 0 0.2588266655802727 0.4907476454973221 0 0.09884943068027496 0.8395102694630623 0 0 0.2439073547720909 0.4075135737657547 0 0 0.240433432161808 0 0.4816930145025253 0.5064251720905304 0.1669377088546753 0.1014520525932312 0.1361514031887054 15.04992352426052 3.005096212029457 0.09704402089118958 0 0 0 0 0 0 0 8.466211430728436 8.396841004490852 1.00803416967392 0.3636648505926132 0 19.50349648296833 0 5.910231344401836 0.08935002982616425 0.1723482608795166 0.1944741308689117 0 0.6059104278683662 0 0.09575998783111572 0 0.4851328432559967 0.3131569102406502 0 0 0 14.98976696282625 4.067243635654449 2.69643147289753 80.94659171253443 3.495993822813034 85.53536858409643 11.76768353581429 29.26913626492023 8.769852459430695 0.2328026592731476 1.298564955592155 4.926775224506855 0 1.877718895673752 1.100480519235134 16.01769231259823 0.1362145692110062 0 0.1499380171298981 0.3195126950740814 0 25.71721773594618 26.43038013577461
1332.214862026274 2060.63051623106 132.9034359008074 3486.110353901982 355.9674706459045 453.8683954700828 1446.660949647427 11.32096701860428 137.7030613869429 1871.70776502043 25.18050138652325 3517.661566145718 5264.785269126296 514.7873788848519 10.67174652218819 2.567826256155968 0.5234447866678238 0 0 0.1071278229355812 0.1560778766870499 1.826053008437157 0 0 1.441415578126907 0 0.08982978016138077 0 0.09385789930820465 0 96.5682176053524 13.53139999508858 50.16179163753986 0 0 0 97.82101753354073 0.8847513049840927 5.778412088751793 0.8090737164020538 0.2397528439760208 0.1898375302553177 0 0.1392727792263031 0 0 50.17350624501705 0.6459740027785301 0.1140402406454086 0 0 2.347099497914314 2.008215740323067 1.192165538668633 7.010267816483974 7.036491982638836 76.4319041967392 86.47257069498301 35.4387883991003 24.73824592679739 0.1192054077982903 1.9964784309268 0 19.77389393746853 1.618480928242207 0.18389842659235 0.3233401998877525 0 0 0.2395653203129768 246.9301113784313 85.64599666744471 1.082762211561203 158.8977905213833 13.10399059206247 20.32122922688723 3.087048247456551 0.7691695243120193 0 1.845331937074661 0 0.1839212030172348 7.824585519731045 0.3280422240495682 0 1.471109382808208 0.1350550204515457 0.1153946965932846 0.5072061866521835 0.4713630601763725 0.1022910550236702 0.4195285886526108 0.09273369610309601 0 0 753.0986372381449 107.1240603923798 7.232280060648918 23.58102751523256 677.368091404438 2.447053387761116 36.63704243302345 69.77014689147472 61.04336315393448 48.47603293508291 98.93811178207397 103.9287613332272 123.7178314402699 69.7596248537302 68.25698871165514 116.3470119312406 336.0573604926467 131.8367622569203 173.8182469159365 225.1526819244027 1.654012762010098 1.391943514347076 0.122553676366806 0.2567345649003983 0 0 0 1.04054568707943 0 0 0.3759458065032959 0 0.202252522110939 0 0 0 0.2519847750663757 0 0 27.67423623800278 20.94116878509521 0 2.312157392501831 0 56.3354676887393 19.43554470688105 40.50783161073923 15.65314988791943 1.961076840758324 0 0 0 0.5285916775465012 0.655730351805687 0.608072355389595 0 1.32789684087038 3.202860690653324 0 0 1.183336868882179 3.62081016600132 0.1780983060598373 0.8186441361904144 0 0 2.375386439263821 2.114378660917282 2.03708715736866 0.2820015028119087 0.1661274582147598 50.44719178974628 6.968391299247742 0.2491287514567375 0 0.106164388358593 0 0 0.1413477063179016 0 0 27.14381495863199 17.60559040307999 1.63788628578186 1.23017418384552 0.5608215481042862 78.48896720260382 0 35.42515081912279 3.810131795704365 2.146173477172852 3.491891853511333 0 0.9503247141838074 0 0 0.2499810457229614 0.5150238871574402 0.1907640397548676 0.3467410206794739 0 0 80.2248005643487 18.72441612184048 14.11846872419119 562.8094184398651 6.396025806665421 156.6709778308868 22.46530620008707 1282.039251342416 33.22057284414768 0.9200497791171074 4.057662814855576 87.7820193246007 0.09788166731595993 12.83306432515383 4.79359382390976 167.6711947023869 3.027668476104736 0 0.7510359734296799 5.985626190900803 0 332.8731669560075 173.4974931403995
118.0946809574962 1563.822334140539 2676.877619817853 7.410595037043095 1045.172596506774 11.46250152587891 417.7807663008571 3102.588385224342 3053.966109029949 25.18050138652325 1269.118095472455 19.30859367549419 975.7748871445656 3647.446515627205 52.1120158135891 26.9027701318264 2.397319473326206 1.189048945903778 0 0.3940898850560188 4.906674556434155 1.379118695855141 1.787948817014694 1.228725023567677 7.841100044548512 2.409405678510666 1.973570249974728 1.403504207730293 2.064649894833565 0.2515278235077858 617.5909354761243 135.7090108320117 504.5358646661043 0.1556172072887421 1.858473815023899 1.990586698055267 125.8059507533908 14.84177897125483 13.20239700376987 15.08049183338881 8.97896932810545 9.101810611784458 0.4076162129640579 1.119361519813538 0.1024726703763008 0.6095877885818481 83.03753252327442 0.464793972671032 1.338304333388805 0.9390616416931152 1.372663073241711 1.192679390311241 1.445536367595196 0.9561949521303177 4.564922623336315 3.814430549740791 23.96599990129471 92.45008397847414 16.19702145457268 19.49652850627899 0.3165601715445518 25.03197660297155 0.25057053565979 24.04704091697931 0.7507457062602043 0.4445038363337517 0.417894221842289 1.167826123535633 1.906858369708061 2.858466990292072 14.66962450742722 6.41304137557745 0.1853276044130325 78.50765834003687 17.05716393887997 52.14460323750973 14.19731394946575 5.500534996390343 44.20296674966812 790.23202136904 0 59.51643177866936 4.572100624442101 0 0.1710455045104027 0.3094675913453102 0.09495348483324051 0 0 0 0.1801202148199081 0.09671381115913391 6.42616318911314 3.268316388130188 1.892092615365982 82.42941159754992 13.98389774560928 1.681750386953354 6.002387173473835 35.27087543904781 0.8490324839949608 0.1206613481044769 2.325781591236591 0.3612187206745148 2.58073852211237 2.965731605887413 1.882899984717369 6.910263299942017 1.032505944371223 1.30344632267952 15.23031944036484 21.85371551662683 2.247911565005779 8.559092216193676 22.4741627573967 0.5841151401400566 0.1957464665174484 0 0 0 0 0 0 0 0 0.8564934059977531 0 0.1163267344236374 0 0 0 0.1096287667751312 0 0.1413519829511642 2.813709020614624 2.314787529408932 0 0 0 8.487480372190475 2.815169483423233 7.245615907013416 5.260152369737625 0.570359967648983 0 0.1278394758701324 0.1199088022112846 0 0.1151474192738533 0.4151802659034729 0 0 0.4345106855034828 0 0 0.2295974567532539 2.031622715294361 0.1446239650249481 0.1571660786867142 0 0 0.530896857380867 0.3557083755731583 0 0.2831452637910843 0.2655255049467087 6.763675943017006 0.3314255774021149 0.07883734256029129 0.1205645874142647 0 0 0 0 0 0.2221987843513489 2.594410210847855 6.294566139578819 0.5870635360479355 0.09211064130067825 0.3590706363320351 8.567701563239098 0.6977307945489883 4.977240331470966 1.047520399093628 0.214542992413044 0.1052080094814301 0.09869113564491272 0.3099916577339172 0 0 0.1277572214603424 0.2850040420889854 0.1096204593777657 0.3353505879640579 0 0.2047634571790695 4.970937885344028 5.781115114688873 3.613969646394253 161.4625865891576 9.101109035313129 174.5459103733301 30.52077478915453 42.29298708587885 22.36706857383251 0.8659424632787704 6.077904529869556 0.9739593043923378 0 1.914303347468376 0 4.7701126486063 0 0.2200572416186333 0 5.257184371352196 0.998879075050354 21.09846266359091 16.92386051267385
558.5613593310118 957.9601779654622 52.90973240882158 1937.615172155201 84.23020134866238 117.0812835395336 557.1287462934852 9.824032783508301 77.27414367347956 3517.661566145718 19.30859367549419 362.4055216163397 3870.912146992981 260.8918504044414 4.906784348189831 1.384276822209358 0.9199816733598709 0 0 0 0 0.235590860247612 0 0 0.2444380074739456 0 0 0 0.1021981164813042 0 33.56429640203714 2.699773915112019 29.5172391012311 0 0 0 87.34207805991173 0.1265877336263657 1.052287951111794 0.5067171603441238 0.1369316428899765 0.258026510477066 0 0.1285371631383896 0.2312429249286652 0 27.02271564304829 0 0.2156855165958405 0.1189421191811562 0.08735273033380508 0.209790050983429 0.1438015848398209 0.1321615427732468 2.626507341861725 2.868695683777332 22.70234213769436 41.58765916526318 17.10709377378225 10.37179729342461 0 0.4525287300348282 0 5.706405609846115 1.015155009925365 0 0.1090307533740997 0 0.2222435623407364 0 42.90683707594872 2.630095340311527 0 83.94857023656368 4.349810436367989 7.571517571806908 0.6460597068071365 0.3249469101428986 0 1.051313996315002 0.1174204275012016 0.1332429051399231 3.16170834004879 0 0 0.6120326593518257 0 0 0 0 0 0 0.0904722735285759 0 0 1869.164051748812 2.028614461421967 0 1.184783399105072 98.64162489026785 0.508113756775856 9.476479813456535 12.52155144512653 26.71204899251461 8.583533622324467 16.70956042408943 46.01435246318579 36.83495263755322 12.07105866074562 22.84983917325735 27.88637015223503 110.3206947892904 18.48262455314398 65.26884829252958 85.87759067118168 0.4970152601599693 0 0 0 0 0 0 0 0 0 0 0 0 0 0 0 0 0 0 4.361714266240597 2.037618800997734 0 0 0.1243883967399597 18.07548653334379 1.881551742553711 5.446335442364216 1.951463297009468 0.3235995471477509 0 0 0 0 0.1107008010149002 0 0 0.115623414516449 0.1624088734388351 0 0 0.2247019708156586 0.6632637977600098 0 0 0 0 0.5668007135391235 0.2547680363059044 1.409814357757568 0 0.1126829981803894 6.757011152803898 0.2934017777442932 0 0.09774375706911087 0 0 0 0 0 0 14.12846700847149 7.399277582764626 0.6020692437887192 0.4788710996508598 0 13.48760729283094 0 4.951561570167542 0.3607493117451668 0 0.2993614599108696 0 0.2028955444693565 0 0 0.161232054233551 0 0.5622505992650986 0 0 0 38.1293585523963 6.740163937211037 2.794789023697376 103.3754719346762 2.667911998927593 59.4023065045476 4.807629302144051 305.177035883069 9.397213719785213 0.26998320966959 0.9073057919740677 29.40236012637615 0.1024789959192276 1.646812960505486 0.64461999386549 50.5915055796504 0.1538142114877701 0 0 2.302779495716095 0 106.8049747422338 85.37765008956194
312.4496290832758 1418.328868150711 312.183189496398 428.6436199843884 663.7486740574241 157.6414947509766 5007.806497804821 161.0185914263129 2024.599429503083 5264.785269126296 975.7748871445656 3870.912146992981 6952.609587907791 5266.054219461977 53.70607683807611 26.78707771748304 3.247082158923149 0.9784627258777618 1.057938694953918 0.8045879304409027 0.542322114109993 0.585071325302124 0.9033473879098892 0.298130065202713 3.428977027535439 0.4485915750265121 1.609730072319508 1.064169049263 2.395983621478081 0 75.66124686598778 15.48190273344517 271.010435551405 0 0.6121508404612541 0.3696035295724869 387.2984849587083 9.337726853787899 12.97588068991899 8.181466355919838 5.028597041964531 4.708318881690502 0.213469460606575 1.126216650009155 0 0 96.17088324576616 0.2564552873373032 0.7981797456741333 1.00065866112709 0.2957150042057037 1.230735868215561 3.718695566058159 0.8422132730484009 4.193142458796501 3.38328529894352 26.36117718368769 53.20403626561165 22.2126073166728 20.23177090287209 0.09200700372457504 5.636938445270061 0.1584852784872055 14.02438154071569 0.9942545890808105 0.1141141951084137 0.3017542213201523 0.5770240873098373 0.4973033666610718 0.8193095773458481 483.2911999449134 27.76760465651751 0 99.02441290020943 10.80330926924944 38.33742278814316 11.09791718423367 4.11956100910902 1.194381654262543 6.026145942509174 0 2.651653863489628 5.146848097443581 0.2810038179159164 0.09657954424619675 0.9173071160912514 0.1186918839812279 0.12932088971138 0 0.1419960558414459 0.1510434299707413 0.5778496116399765 3.944779232144356 1.1663558781147 0.8183827847242355 3843.449517995119 25.76822172105312 0.2471032738685608 5.908196061849594 69.8115017414093 2.979699276387691 18.18342196196318 25.78082594275475 21.27559362351894 30.35253036767244 34.93706410378218 82.80643652379513 98.92412649095058 39.94449964165688 45.6825709566474 108.5169275030494 289.4835842177272 50.34967322647572 193.2540203779936 276.2188183069229 1.964453339576721 0.6782349869608879 0 0.2675026059150696 0 0 0 0.3128776997327805 0 0 0.9229087978601456 0 0.3517441153526306 0 0 0 0 0 0 15.34520994871855 10.91727126389742 0 0 0 73.39237421751022 6.373971492052078 25.75360192358494 8.754852451384068 0.7653979957103729 0 0 0 0.1100450605154037 0.7598363757133484 0.3808571025729179 0 1.307747088372707 1.975544944405556 0.1096253171563148 0 0.7243163958191872 2.523239940404892 0 0.08181563019752502 0.1078119426965714 0.2807025611400604 1.976067394018173 1.707263842225075 3.562738358974457 1.451170675456524 0 41.16335119307041 5.087781593203545 0 0 0 0 0 0 0 0 41.06913439929485 38.24735820293427 6.236303672194481 1.099499121308327 0.9324339404702187 49.60719853639603 0.2992857918143272 26.47278755158186 2.578396186232567 1.245434232056141 1.993680506944656 0.4535483792424202 1.030523024499416 0 0 0.1037093997001648 1.162688083946705 0.4822892993688583 0.1721727550029755 0 0 91.00300823897123 22.21891432255507 12.68015068024397 396.8362913429737 8.297854147851467 231.0255830436945 64.23387890309095 258.4949714615941 31.93962009251118 1.291664712131023 13.33468082547188 37.33366377651691 0.1214574873447418 9.514870427548885 2.370284207165241 83.848198980093 0.7477540075778961 1.293359160423279 0.2566373646259308 5.56173500418663 5.415963307023048 213.2708961889148 200.2416028007865
