161.1832906901836 1902.930844046175 337.3278022557497 1030.722441606224 110.0508207008243 46.56864413619041 305.8625513985753 85.62077802419662 7.427261531352997 620.9957542195916 136.6046109497547 33.33126644790173 34.24099247157574 126.5687438771129 0.3911030739545822 0 0 0 0 0 0 0 0 0 0.1258127093315125 0 0 0 0 0 524.9646307826042 10.85269773006439 0.7508546859025955 0 0.2512440085411072 0.231947734951973 0.789003387093544 0.1616376638412476 0 0.3163746893405914 0 0 0 0.224290519952774 0 0 4.000355318188667 0.3798026144504547 0 0 0 0 0 0 0.4428608566522598 1.007652752101421 41.38988050818443 354.5353301391006 19.95334749668837 7.945617623627186 0.2330510392785072 0 0 2.937404245138168 0.08508031815290451 0 0 0 0.1251839399337769 0.1111507266759872 3.937886700034142 0.3586898446083069 0 59.2330572232604 5.132503762841225 0.76303431391716 0.4755077064037323 1.239945963025093 4.448356568813324 14.17468502372503 0.3294243365526199 0.4797986596822739 4.412771098315716 0.4084019511938095 0.3259462267160416 0 0 0 0 0 0 0 0.1079119294881821 0 0 18.37797038257122 0.7762399315834045 0 0 657.4460509419441 0 2.937939643859863 5.675805687904358 7.137954086065292 0 4.932414770126343 5.515255831182003 9.951278030872345 8.707171380519867 7.331279307603836 5.230408445000648 6.06804084777832 2.409510165452957 1.062495276331902 0.9052433669567108 0 0 0 0 0 0 0 0 0 0 0 0 0.5631000399589539 0 0 0 0 0 0 1.888100862503052 0 0 0 0 0.1968484073877335 0 0.429401695728302 0.08060189336538315 0 0 0 0 0.418551117181778 0 0 0 0 0 0 0 0 0 0 0 0 0 0 0 0 0 0 3.011297583580017 0 0 0 0 0 0 0 0 0 0 0 0 0 0 1.462012052536011 0 0.4682772383093834 0 0 0 0 0 0 0 0 0 0 0 0 0 0.1716710180044174 0 0 48.67145314067602 0.9973963275551796 15.4607674703002 5.024296537041664 109.1223652511835 0.1123729720711708 1.171323120594025 1.630850240588188 4.495661847293377 0 0.1898919194936752 0 11.78065609931946 0 0 0 0 0.1415237039327621 52.27405354380608 8.774938225746155
1902.930844046175 2819.210014134645 3029.63734408468 172.6386280506849 3114.34705851227 325.8286193758249 3705.043787799776 269.489137634635 375.4221998080611 450.5058700740337 1022.247677616775 45.87761837244034 527.9492439553142 810.1017063036561 11.74324142187834 2.136574275791645 0.2419406995177269 0.09935940057039261 0.08752679824829102 0.3321578726172447 0.1204204708337784 0 0.09574193507432938 0 0.1254438906908035 0 0 0 0 0.09792721271514893 2740.659519918263 158.4598821252584 2.943178288638592 0.2096403241157532 0.3289746418595314 0.1240058615803719 0.09854041785001755 0 0.3861730694770813 0.1126214563846588 0.4476136714220047 0 0.4767757505178452 1.278875850141048 0 0.1071284115314484 158.2160056307912 7.814388245344162 0 0.4209388941526413 0.9562309309840202 0 0 0.3141446560621262 8.93135779350996 9.030825458467007 169.73019618541 878.645347006619 74.00957732647657 113.3295546472073 0.4252917617559433 1.195689976215363 0.1254288703203201 99.3395107910037 9.848689794540405 4.386444397270679 1.299983933568001 0.8994432613253593 0.3154849037528038 0.3983538150787354 0.1346463561058044 0.143556073307991 0 523.0818811655045 226.9079341515899 126.2052408829331 25.03014617413282 8.088544398546219 6.269671775400639 36.21283038705587 1.716775104403496 2.27724477648735 57.48194508254528 4.140919290482998 7.157972387969494 3.390136815607548 2.259034022688866 0 1.961996786296368 0 0.1854128390550613 0 1.158529691398144 0 0.1212650910019875 2.417881980538368 0.1136607304215431 0 0.662652350962162 1466.133408278227 0 10.47310829162598 20.07761288434267 34.65134559571743 3.8532634973526 30.69977781176567 17.83929951488972 58.40928508341312 62.98065492510796 35.31120187044144 24.40746603906155 33.39983879029751 24.96458128094673 11.34711512923241 6.848508670926094 0.1429478228092194 0 0 0.1465748697519302 0 0 0 0 0 0 0 0 0 0 0 0 0 0 0 2.953455463051796 0.7418606281280518 0 0 0 0.65847447514534 0 0.3797051608562469 0.2807540446519852 0 0 0 0 0 0 0 0 0 0 0 0 0 0 0 1.280461192131042 0.5050125792622566 0.09292331337928772 0 0.2322710752487183 0 0 0 4.939986526966095 0 0 0.1015500426292419 0 0 0 0 0 0 1.136594623327255 0 0 0 0 6.804717049002647 0 2.721711784601212 0.1206237748265266 0.448841005563736 0 0 0 0 0.2835392355918884 0 0 0 0 0 0 0.9462835788726807 0 0.4442113265395164 268.9177280366421 19.98200262337923 397.2309103831649 58.74190299212933 859.1890263184905 9.694527551531792 6.276654630899429 15.95991671085358 13.23370706290007 0.4651589617133141 1.221831679344177 1.183901965618134 63.91459538042545 0.5415908098220825 1.961401395499706 0 20.43568336218596 0.878621518611908 304.0820531398058 49.37678127735853
337.3278022557497 3029.63734408468 2299.20806619525 1.660297930240631 633.8051909059286 6.109597817063332 272.9561801105738 4163.356269426644 652.1980090588331 63.66353043168783 1609.609764911234 9.091188296675682 67.27113572508097 706.8087408170104 4.85130750387907 3.404894642531872 0 0.2245171368122101 0.2631928324699402 3.54578536003828 11.12596697360277 0 0.4390845596790314 1.125976890325546 2.94728721678257 0.9527517408132553 0.8514925539493561 1.176281042397022 0 0.1526386141777039 4428.33001627028 1342.471664920449 8.226162925362587 1.449121966958046 12.74532994627953 4.24929816275835 0.3464261591434479 0.7207733318209648 0.9509235247969627 0.9299410879611969 6.760659068822861 2.722076542675495 1.336885385215282 1.333305455744267 0.8779234066605568 2.868249729275703 49.93357376009226 1.93051053583622 0.2164027392864227 1.145872741937637 0.633091427385807 0 0.0704135000705719 0.3879029899835587 1.351982824504375 1.236609093844891 43.56144684553146 390.2026664838195 20.83146508783102 30.74957475066185 7.895216539502144 2.261979825794697 7.125531002879143 167.4187434837222 2.63559340685606 0.6623949706554413 0.08553152531385422 0.2468780279159546 3.822940468788147 18.04205951839685 0.1477149426937103 0.8433795273303986 0 140.8801076114178 76.37226632982492 38.4969128370285 38.68873210996389 38.92297406494617 138.4920950159431 146.4473403766751 24.50285568833351 60.346426256001 11.68858232349157 0.3427441194653511 1.146613225340843 0.9904177114367485 1.03748495131731 0 0.1019492521882057 0 0.2171326950192451 0 32.60936494916677 6.210158452391624 0.1331338733434677 2.211524024605751 1.327934093773365 0 0.5819731578230858 247.538786008954 0 0 0.6432017087936401 2.619343161582947 0 2.658046334981918 2.789043366909027 3.441301837563515 2.46603074669838 4.238062344491482 3.11542059481144 2.34967814385891 3.093661218881607 0 0.8660990372300148 0.2041165307164192 0.3234345242381096 0 0 0 0 0 0 0 0 0.242275558412075 0 0.1688457578420639 0.09729257225990295 0 0.4106809198856354 0 0.1118107363581657 0 0 0.546676978468895 0 0.1133654043078423 0 1.277709431946278 0.4248698428273201 3.790794186294079 1.667873792350292 1.039402790367603 0.2594524845480919 0.1202942132949829 0.1072029769420624 0.3192831873893738 0 0.5613868907094002 0 0 0 0 0 0.1156680807471275 0 0.1614206731319427 0.1197705045342445 0 0 0.1565977483987808 0 0 0.7600472122430801 0 2.295788392424583 0 0 0 0 0 0 0 0.09070301055908203 0 0.8012079820036888 0.3476453945040703 0 0 0.2307527884840965 3.479990236461163 1.78066024184227 4.351081736385822 0 0.2909260094165802 0.1005770564079285 0 0.6941395625472069 0 0 0 0 0 0 0 0 1.050400294363499 0.8601856157183647 1.77219807356596 40.23199440538883 4.493130274116993 94.03586777299643 17.43628665804863 44.35303559154272 1.651827566325665 1.32421001791954 5.773848541080952 1.697419039905071 0.9872667491436005 0.9509676545858383 0.2918485999107361 5.414490848779678 0.1141233071684837 0.3131159618496895 0 22.6309190094471 0.09366939216852188 32.11636753380299 3.480176754295826
1030.722441606224 172.6386280506849 1.660297930240631 228.9612747579813 4.95523901283741 731.2792979702353 386.4996185004711 1.704081192612648 14.64028327167034 2082.06643807888 7.024149492383003 192.0726143270731 91.30946230888367 20.05350493639708 1.090959906578064 0 0 0 0 0 0.1295344680547714 0 0 0 0 0 0 0 0 0 186.5846388041973 2.198850959539413 0 0 0 0 0 0 0.1407646536827087 0.104900524020195 0 0 0 0 0 0 18.26175953447819 0.6613179594278336 0 0 0 0 0 0 0.9198044240474701 1.811450242996216 43.85166299343109 176.6934119462967 21.96993225067854 19.50288751721382 0.1961789280176163 0.543926477432251 0 3.225634723901749 1.68517529964447 0.3458060994744301 0 0 0 0 0.3250354528427124 0 0 113.038455478847 22.03626333922148 9.43832103908062 1.476672194898129 0.6324395686388016 0 0.3448165059089661 0 0.08647958189249039 10.82033807784319 0.2359176725149155 1.075766071677208 0.2487289682030678 0.270121343433857 0 0 0 0 0 0 0 0 6.846484765410423 0 0 0.3031662479043007 907.7491661533713 1.060136809945107 3.888017058372498 11.34124456346035 43.43220770359039 1.238827265799046 15.00046420097351 21.62267431616783 30.95459482073784 43.16957402229309 37.64132268726826 23.80882912874222 21.74881495535374 11.2018296122551 4.47051876783371 2.978082299232483 0 0 0 0 0 0 0 0 0 0 0 0 0 0 0 0 0 0 0 0.4100027233362198 2.087066978216171 0 0 0 1.098206460475922 0.2973846048116684 2.006346344947815 0 0 0 0 0 0 0 0 0 0.1093053072690964 0 0.1133591458201408 0 0 0 0 0.1128383055329323 0 0 0.3266146183013916 0.5278275534510612 0 0 0 1.058294102549553 0 0.1111441403627396 0.09710137546062469 0 0 0 0 0 0 1.557947263121605 0 0 0 0 3.39960977435112 0 0.9135330617427826 0.4350182712078094 0.6294153407216072 0 0 0.103081114590168 0 0 0 0 0.07945747673511505 0 0 0 1.321910053491592 1.049606204032898 0 45.90743336826563 2.561016671359539 53.85416519641876 13.97023662179708 502.3697290122509 2.284457422792912 0.7310291603207588 1.809388436377048 7.989841714501381 0.3306078016757965 1.353613272309303 0.4030292928218842 32.9856369048357 0 0.1906116157770157 0 4.947758600115776 2.472784593701363 216.8686384111643 33.83525277674198
110.0508207008243 3114.34705851227 633.8051909059286 4.95523901283741 2857.703472003341 4.611801370978355 2979.592802152038 146.0961929559708 3441.314131304622 884.5626044720411 825.09632563591 102.9241746515036 963.5086125358939 1875.570058472455 21.77787892520428 9.005936034023762 0 0.07725667208433151 0 0.08551576733589172 0.088463194668293 0 0 0 0.1883391886949539 0 0 0 0 0 431.5737775713205 134.5315950363874 0.8327003121376038 0 0.4498448967933655 0 0.4760638177394867 0 0.2379240468144417 0 0 0 0 1.737133696675301 0 0 140.5977130830288 3.074058763682842 0 0 0.5116033107042313 0 0 0 1.188002243638039 2.106474675238132 12.00412960350513 73.22513074427843 5.598615311086178 40.57653636485338 0.4303326681256294 0.5318698361515999 0 65.27198199927807 2.720469363033772 1.345296956598759 0.2763366624712944 0.5982617139816284 0.1070996299386024 0.9656008929014206 1.532914146780968 0.5353263020515442 0 96.18485051393509 92.69036284834146 96.19251629710197 35.75187161564827 7.539297945797443 1.504633158445358 5.733286179602146 0.4279334172606468 0.2399742901325226 15.99530570209026 0.4586296081542969 2.028280198574066 0.7431498169898987 0.604610800743103 0 0.8157718032598495 0 0.1075660958886147 0 0 0 0 23.95735536515713 0 0 0 30.52272592484951 0 1.779717564582825 0.2426270842552185 4.311986178159714 0.315458744764328 12.43438164889812 5.932261198759079 38.66797930002213 27.74921315908432 12.41350707411766 28.69251090288162 23.83065684139729 15.92251659929752 8.331822827458382 16.60171516239643 0 0.2570343092083931 0 0 0 0 0 0 0 0 0 0 0 0 0 0 0 0 0 0 1.51166270673275 0 0 0 3.806125834584236 0 4.392718240618706 0.4427157342433929 0.0752376914024353 0.125657320022583 0 0 0 0.1337536424398422 0 0 0 0.8679876029491425 0 0 0 0 0 0.08015245944261551 0 0 0.3073230981826782 1.395793735980988 0 0 0 6.45501047372818 0 0 0.08450254052877426 0 0 0.5005269050598145 0 0 0 8.852353066205978 0 0.1364364773035049 0 0 15.13588701188564 1.649753957986832 0.9078863263130188 0 1.161770612001419 0.7719000428915024 0 0.5834642052650452 0 0 0 0 0.09149738401174545 0 0 0 6.481058418750763 1.166449308395386 0.7499462068080902 111.1248931735754 6.309648536145687 232.0343331545591 38.9040525406599 21.03947276622057 9.396926283836365 0.818775899708271 23.74658069014549 4.939905673265457 0.09263013303279877 2.25914953649044 0.6036176979541779 1.051755905151367 0 0.1858392134308815 0 4.691226586699486 0 40.80214986205101 22.8058048337698
46.56864413619041 325.8286193758249 6.109597817063332 731.2792979702353 4.611801370978355 8.332834839820862 237.3618048354983 37.52790142595768 4.038345888257027 1140.776729665697 7.695902526378632 123.2305987030268 59.29712824523449 16.801672488451 0.8062030375003815 0.4470200538635254 0 0 0 0 0 8.665460847318172 0 0 0.1101522520184517 0 0 0.2140498012304306 0.1635698676109314 0 35.89006450772285 0.5118459016084671 40.15194849669933 0 0 0 21.20696556568146 2.21083727478981 9.888478055596352 0.517453595995903 0.1267386227846146 0 0 0.3320450931787491 0 0 3.877547696232796 0.1436096131801605 0 0 0 22.40232653170824 9.92217181622982 0.1800534725189209 0.7487148642539978 0.1253869980573654 99.12291748821735 30.66950828582048 4.092296794056892 2.966060996055603 0 28.14434561133385 0 1.213130801916122 0.3436406999826431 0.1561844497919083 0 0.511391818523407 0 0 242.0481404662132 155.7683279812336 13.39188569039106 19.28852607309818 3.757725670933723 1.772105753421783 0.2172430157661438 0.7683292925357819 4.128392696380615 17.33742758631706 0 8.001329943537712 2.595946460962296 1.006919741630554 0 1.051637381315231 0 2.828915953636169 2.018209047615528 13.31242129206657 1.72547297924757 2.71020282804966 0.1411791443824768 0 0.7361026257276535 313.9432888329029 133.7811790406704 10.55557060241699 39.87211532890797 352.9179703146219 2.5626160800457 0 1.750593185424805 1.270423024892807 0 4.186931297183037 2.92681297659874 7.975041836500168 3.431696683168411 7.803515240550041 2.787787228822708 5.493568018078804 1.050739273428917 1.605585604906082 1.906806156039238 0 0 0 0 0 0 0 0 0 0 0 0 0 0 0.4351521134376526 0 0.2757504880428314 0.2672170475125313 0 0 0 0 0 0 0.9262350648641586 0 0.5284364521503448 0.3793533965945244 0.5527649521827698 0.1500153839588165 0 0 0 0 0 0 0 0 0 0 0 0.719484955072403 0 0 0 0.112801656126976 0 0 0 0.2442415803670883 0 0.5149709433317184 0 0 0 0 0 0 0 0 0 1.010489240288734 1.989660412073135 0 0.2656827792525291 0.1494836509227753 3.330751419067383 0 1.025443077087402 0 0.1909012198448181 0 0 0 0 0 0 0 0.3967719897627831 0.1290873736143112 0.2305890172719955 0 1.685504958033562 0.5886615216732025 1.531961232423782 27.79207202792168 0.5835146307945251 18.60937710851431 3.510473355650902 285.428794324398 1.183808386325836 0 3.741198301315308 0.2071520537137985 0 0 0 5.316623896360397 0 0 0 0.2795726358890533 0 54.6439662873745 10.6355298012495
305.8625513985753 3705.043787799776 272.9561801105738 386.4996185004711 2979.592802152038 237.3618048354983 590.2833584845066 21.92378951609135 1615.360737323761 1634.578633964062 581.9341394603252 365.0077643692493 5035.547808527946 2520.056424044073 54.19385227560997 28.6165102571249 0.2757908403873444 0.4137353748083115 0.114417590200901 0.6637111827731133 0.7612264230847359 0 0 0.3986362963914871 1.507427476346493 0 0.1252897530794144 1.035408429801464 0 0 676.5654200017452 139.1474651247263 29.53166281431913 0.2569102421402931 2.323493555188179 1.457412332296371 4.773168861865997 1.640842385590076 1.497934125363827 0.2910557836294174 1.010833628475666 0.4945246428251266 0.4118267744779587 2.201269119977951 0.4004951864480972 0.4303308799862862 321.7554570361972 10.03244040906429 0.235798753798008 0.5286986529827118 1.181701824069023 0.09467993676662445 0 0 9.799579150974751 9.615649349987507 70.51248194277287 361.5618292689323 34.86038960516453 128.2060927972198 1.1145134344697 1.624368362128735 0.9584770575165749 144.1117272302508 12.35580421984196 6.903245821595192 1.32934533059597 1.137333735823631 0.1191684305667877 1.780102156102657 3.285704672336578 0.5136597007513046 0 410.4242288395762 303.4508014023304 236.2904656305909 61.33765663206577 18.82870870828629 2.30022631585598 4.166732832789421 3.023510500788689 1.664168916642666 67.28067942708731 2.185484364628792 9.445306055247784 2.752195030450821 2.857025429606438 0 2.307482734322548 0 0.4303987771272659 0.1015402749180794 2.168860495090485 0.4393863305449486 0.9662001729011536 83.23646469414234 0.8490700721740723 0 0.5045221596956253 264.5155645757914 2.86728797107935 10.97075873613358 54.46896509826183 105.6816594302654 8.45548403263092 161.2038957029581 69.15191102027893 183.6011691838503 166.9034256190062 129.6158636435866 128.2742734998465 118.7424308732152 87.6124878898263 39.09577734023333 40.05970077216625 0.1241084560751915 0.594840481877327 0 0 0 0 0 0 0 0 0 0 0 0 0 0.1063276678323746 0 0.5433283373713493 0 3.479818902909756 8.533795520663261 0 0 0 13.6540888696909 0.4591090977191925 10.56821158528328 0.2298084273934364 0 0 0 0 0 0 0 0 0.9172141924500465 1.414438806474209 0 0 0 0.09511552006006241 0 0.6319624707102776 0.4059450328350067 0.09484890848398209 1.178587287664413 2.413367941975594 0 0 0 16.09518754482269 1.214763686060905 0.6327810809016228 0.7655731216073036 0 0.1907239183783531 0 0.09616348147392273 0 0 22.71810019761324 1.216911442577839 0 0 0 49.17610362172127 0.4358469545841217 7.744376935064793 4.947678945958614 5.512090027332306 3.744172945618629 0.4408529251813889 0.7078295201063156 0.1076656579971313 0.4167648255825043 0 0 0.1072032377123833 0 0 0 23.59884466230869 2.207554198801517 1.848299324512482 286.9111763760448 22.90725169330835 676.8955364525318 103.1151401549578 453.0712915062904 20.69020946323872 6.463381826877594 52.62190767377615 22.58724226802588 1.349852509796619 17.79413147270679 1.14076229929924 60.89795529842377 1.175683483481407 0.6988390162587166 0.4222928285598755 25.91399329900742 0 472.2989174872637 160.0374451354146
85.62077802419662 269.489137634635 4163.356269426644 1.704081192612648 146.0961929559708 37.52790142595768 21.92378951609135 1543.870102532208 106.6864405721426 12.43972080945969 3637.404906578362 33.1152818351984 77.47020657360554 1667.915603838861 47.2150906547904 83.50628901273012 1.4244764149189 4.242061093449593 0.2392521500587463 20.61709482222795 148.5578185319901 0 15.34049723297358 8.975773558020592 80.46141412109137 41.14832693338394 15.82831262797117 18.47088008373976 0.448378786444664 1.884775325655937 2038.710937105119 1072.518524043262 187.7732273638248 16.28316770493984 210.0586802065372 98.24927381426096 77.49806328862906 43.10552088916302 26.65519676357508 11.69867569208145 108.6167520731688 43.95998769253492 11.6075376495719 29.40975877642632 2.145723544061184 34.79162658005953 110.5299074724317 1.609551884233952 1.43025379627943 4.67203913629055 7.862913258373737 1.770057439804077 0.2798864096403122 4.006138294935226 0.895523339509964 1.552199706435204 23.22682123631239 157.9300042167306 9.952205248177052 34.25164601951838 158.4289277121425 73.51530642062426 129.9352276474237 313.7842490151525 2.561212226748466 1.018513545393944 1.594245307147503 3.39931857585907 14.46752016246319 198.1521630212665 116.0717773139477 23.73893841356039 0 111.3941870778799 89.33207501471043 98.28444565087557 160.5557628497481 327.8133126348257 1618.669543161988 1354.572650976479 445.8449454382062 1595.512241564691 11.48803440481424 0.1212644353508949 1.016413070261478 0.5540014952421188 2.217152312397957 0 0.4865888804197311 0.2707655727863312 1.534727655351162 0.6841860860586166 292.2578703686595 72.35358788818121 5.019047997891903 366.2161328867078 7.832538783550262 0 27.63350497186184 61.46744212508202 0.6872415095567703 0.5775086879730225 1.120091199874878 0.9021475613117218 3.226848505437374 22.62927077710629 2.105004526674747 42.22211086004972 21.48147368431091 15.7091314047575 93.72176247835159 55.13758146762848 50.48866106569767 25.79163587093353 66.60472720116377 4.073300018906593 5.142740197479725 0 0.3193502649664879 0 0 0 0.1078534573316574 0.09419483691453934 0.4949035793542862 2.366703487932682 0 0.9542239010334015 1.535485409200191 0.9593978896737099 1.62017135322094 1.036894120275974 2.264386683702469 0.1377508193254471 3.039843179285526 13.29184408485889 0 0 0.2535284236073494 43.17696515470743 4.535073406994343 57.40530841052532 7.473230272531509 3.516993083059788 0.8989242762327194 0 0 0.9942128211259842 1.026826404035091 0.8441441282629967 0.4272813051939011 2.156014315783978 3.002558298408985 0.3104515075683594 0 0.9507588148117065 1.536878161132336 2.85885102301836 0.1950393840670586 1.001728266477585 0.2273629307746887 1.652012273669243 3.235883615911007 0 1.271357968449593 0.5540790557861328 65.45491494238377 7.79785317927599 0.6068522185087204 0.8018179684877396 0.08547499775886536 0 0 0.1184112057089806 0.1547410935163498 0.6841882914304733 45.41207429766655 1.59671763330698 0.1081856787204742 0 1.144125893712044 83.59428995102644 4.916009031236172 38.78041652590036 4.574838072061539 8.565564997494221 4.825022250413895 2.406318053603172 7.375296212732792 0.1006897464394569 0.1804783493280411 0.3719722703099251 0.2827516049146652 0.3104733154177666 0.9194256216287613 0.5780460312962532 0.4575638175010681 31.23161787539721 20.47062744945288 17.41782210022211 162.3862348943949 11.41628661751747 137.2746785655618 39.19980227202177 29.77060933411121 6.185256831347942 1.330705799162388 30.70955545455217 27.8635880947113 0.4096092730760574 16.86707129329443 5.458837769925594 12.48951422423124 2.57006211578846 0 0.9262483492493629 5.149376377463341 0.4834882915019989 82.2233407497406 57.94137518107891
7.427261531352997 375.4221998080611 652.1980090588331 14.64028327167034 3441.314131304622 4.038345888257027 1615.360737323761 106.6864405721426 1465.178462713957 439.1027243882418 2291.635913789272 186.4667915999889 987.2216070964932 1371.995332449675 28.09094326943159 35.19197631627321 0.2351676225662231 0 0 0.1326776146888733 0.7479504942893982 0 0 0 1.148155011236668 0.144042044878006 0 0 0 0 51.97854398190975 25.73972158133984 5.941004887223244 0 1.321804724633694 0.7450091317296028 0.1262954324483871 0.5090493112802505 0.2200857102870941 0.279457688331604 0.8814957812428474 0.7291836217045784 0 2.217735677957535 0 0.1414225846529007 49.95222009718418 0.6725645735859871 0 0.1393306106328964 0.2808237373828888 0.1498843878507614 0 0 0 0.07747911661863327 2.379549980163574 10.21579980105162 0.4132511019706726 11.75104290246964 0.4750105291604996 0.1413173824548721 0.8252018913626671 22.18505525588989 0.3167579844594002 0.5394633412361145 0 0.09338828921318054 0 0.8399306163191795 0.8962875008583069 0.8799091726541519 0 22.25776894390583 29.17371147125959 56.14884230494499 36.12598670274019 20.63667098432779 11.60330481827259 46.14146871864796 3.728993326425552 0.5460371226072311 2.583852551877499 0.1377831697463989 0.3495054915547371 0 0.2478712573647499 0 0.4445468410849571 0 0.1170303076505661 0 0.6883688122034073 0.8211203217506409 0 80.20888015627861 5.981779977679253 0 0.2539059817790985 1.837309651076794 0.1727494597434998 2.008331537246704 6.031807869672775 7.617429479956627 3.181609690189362 32.86814497411251 10.78983272612095 69.7953265607357 56.03034538030624 22.79516868293285 62.49179109185934 46.14975687116385 41.83250711113214 24.25981532037258 25.7351890951395 0.1170006170868874 0.9361002445220947 0 0 0 0 0 0 0 0.3950396180152893 0 0 0 0 0.2464940845966339 0.2174713462591171 0 0 0 0.6751663088798523 5.488673165440559 0 0 0 6.273786775767803 0 8.624964401125908 0.2384207099676132 0 0 0 0 0 0 0 0 0.7872993052005768 0.1640649139881134 0 0 0 0 0 0 0.1832524538040161 0 0.8751632571220398 0 0 0 0 10.17175147682428 0.4572985470294952 0.2791219055652618 0 0 0 0 0 0 0 17.16774348914623 0.1102886572480202 0.1309233754873276 0.1463920772075653 0 28.38693206012249 0 2.12653586268425 0 0.4061067700386047 1.061921119689941 0.2343261688947678 0 0 0 0 0 0 0 0 0.1119890809059143 20.22844631224871 1.123460948467255 0.8699911162257195 106.0972111746669 2.684525974094868 72.24369016289711 17.95218855887651 7.930426567792892 2.608298927545547 0.3079336136579514 15.57454767823219 6.596259750425816 0 4.116415172815323 1.124537788331509 5.410376280546188 0 0 1.160817742347717 4.504446923732758 0.7738973498344421 112.6298933923244 66.89501310139894
620.9957542195916 450.5058700740337 63.66353043168783 2082.06643807888 884.5626044720411 1140.776729665697 1634.578633964062 12.43972080945969 439.1027243882418 2731.833779372275 140.962593100965 2320.795577831566 5508.551123768091 771.5912108197808 49.97201552987099 39.26879817247391 0 0.4057644233107567 0.1254089325666428 0 0.3598568961024284 0.1485478132963181 0.3349737972021103 0.8036608546972275 6.378224447369576 1.359842628240585 0.9578986912965775 1.866182759404182 0.4366576001048088 0.2244131416082382 190.1593321859837 51.83459758758545 351.6275983676314 0.147212877869606 3.861969366669655 4.375066854059696 108.9582180455327 16.7737835496664 24.25641074031591 2.835958994925022 4.263145856559277 3.162554524838924 0.1370426714420319 3.132155723869801 0 0.7890096083283424 204.201807141304 2.625533953309059 0.1632096618413925 0 1.042417652904987 1.890927702188492 0 0.8862663209438324 3.209556981921196 3.008622072637081 39.47801073640585 127.4079399779439 12.55589394271374 53.41650824248791 0.705795556306839 12.21777012199163 1.854907378554344 61.43087760359049 3.127930149435997 2.544627219438553 1.124699413776398 0.52338857203722 1.23555850237608 5.061566524207592 104.2842860147357 0.9706151187419891 0 152.3856825530529 103.2614625990391 128.8050590083003 51.46197651326656 15.89280244708061 2.966136448085308 26.21557125449181 1.373556345701218 3.111141890287399 26.06414008885622 1.615854039788246 2.491869181394577 1.121964037418365 1.151430912315845 0.102883979678154 0.9440687596797943 0 1.4462985470891 0 10.93719972670078 6.504277922213078 2.517679110169411 434.0659519731998 5.777302414178848 0 17.39617308974266 385.3121551051736 0.7746955752372742 21.30411810427904 76.83723366260529 136.8722420707345 11.98756212741137 308.7797615975142 118.4599603414536 569.3370959758759 529.1595691740513 264.108570381999 278.5734292417765 748.9000696092844 341.4562570899725 172.4965298399329 91.47866003960371 0 0.7588886767625809 0 0 0 0 0 0 0 0 0.14133121073246 0 0.5094386488199234 0 0 0 0 0 0 4.086086422204971 12.86703377962112 0 0 0 17.21842656284571 0 12.18288081884384 1.263180762529373 0.1131210252642632 0 0 0 0 0 0.3796228915452957 0 0 1.40187132358551 0 0 0 0.12296973913908 0.1381590515375137 0 0 0 0 2.168990239500999 0.2758848369121552 0 0 17.66428668051958 2.310802787542343 0 0.377743199467659 0 0 0 0 0 0 46.75275510549545 0.1362358182668686 0 0.299943745136261 0.1167063117027283 80.34761096537113 0.6870677322149277 4.321812480688095 1.87948177754879 1.483426921069622 2.611588910222054 0.5895470231771469 0.621575802564621 0 0 0 0 0.09556243568658829 0.3180357217788696 0 0 64.16790506988764 4.990724757313728 2.315941505134106 342.7932679727674 14.58344174921513 388.972458422184 83.70088470727205 677.1067741438746 16.96091061830521 2.370749168097973 61.83846029639244 27.16865701973438 1.34079722315073 14.37738107144833 4.732030779123306 95.81811940670013 0.5417748093605042 0.1289043426513672 0.1749864220619202 10.95633316040039 0.321236252784729 1750.637022279203 591.6600368693471
136.6046109497547 1022.247677616775 1609.609764911234 7.024149492383003 825.09632563591 7.695902526378632 581.9341394603252 3637.404906578362 2291.635913789272 140.962593100965 3030.727308474481 163.5872748792171 2652.498572386801 2605.698245882988 64.27976162731647 77.07121846079826 0 0.4810677692294121 0.1455747336149216 3.596030920743942 5.023973040282726 0 0.1636371165513992 0.235675685107708 6.009948566555977 1.342475101351738 0.1683102995157242 1.130313128232956 0 0.2131414860486984 671.8461432233453 274.9903487712145 89.93156363070011 2.403197430074215 11.21961805969477 6.854872852563858 12.42972470074892 5.891856238245964 4.767438277602196 1.392436034977436 4.335322320461273 1.571059942245483 2.537267208099365 14.19362356513739 0.9824834167957306 2.800175584852695 112.1583821251988 0.9187370240688324 0.1123948395252228 0.8085680603981018 0.649021327495575 0.3602374494075775 0 0.2795502692461014 1.054999627172947 1.256560005247593 13.15512493252754 69.33826748281717 5.196240074932575 31.39615585654974 7.420025125145912 64.19055920094252 5.508951261639595 98.32625488191843 1.842754013836384 1.095816940069199 0.0929524153470993 0.395163930952549 0.8902955129742622 8.34792273491621 6.362359434366226 0.883085310459137 0 80.3135247156024 94.05996941030025 142.743285343051 163.2668552398682 111.12179492414 680.5954317674041 1292.832555867732 41.99310395866632 226.1727786660194 8.180009052157402 0.1002208739519119 0.9897423684597015 0.657144583761692 0.4465466365218163 0 0.09013830870389938 0 0.3974182680249214 0.1200078427791595 9.957658797502518 2.524010062217712 0.6801062971353531 70.57215166836977 2.571564547717571 0 1.740465320646763 45.54696349799633 0.285516045987606 0.4592620804905891 3.918140858411789 3.636101648211479 1.942225590348244 13.84905874729156 5.105962783098221 25.22258549183607 22.22563923895359 11.18257213383913 36.4617368504405 23.90544308722019 19.44246559590101 10.23049321770668 23.25976220518351 0.2390787303447723 0.3230547085404396 0 0.2759965509176254 0 0 0 0 0 0 0 0 0 0 0 0 0 0.5123146697878838 0 1.289286524057388 4.747196286916733 0 0 0 9.721738196909428 0.4595700204372406 5.52665152400732 1.244310304522514 0 0.1057020798325539 0 0 0 0 0 0.1234935969114304 0 0 0 0 0 0.3961134403944016 0.2765762358903885 0.1175316423177719 0 0 0.78389573097229 1.126453965902328 0 0.1155418008565903 0 10.71881029009819 1.527812384068966 0 0.3404202908277512 0 0 0 0 0 0 15.8618043884635 0 0.2431745380163193 0 0 30.75314891338348 0.1519531160593033 3.653976798057556 0.8856016620993614 1.617453381419182 1.333056330680847 0.2045973837375641 0.6429237499833107 0.1152016893029213 0 0 0 0 0 0 0 17.22557855397463 1.756909340620041 1.067999541759491 184.7926589250565 7.58989592641592 157.4760616496205 35.9947954416275 23.34262092411518 8.019181564450264 1.52593806385994 25.4509397149086 8.589814327657223 0.2413905709981918 3.845111817121506 0.6759613156318665 7.567754790186882 1.20229160785675 0 0.9228041619062424 4.551781952381134 0.9140710681676865 42.65932163596153 23.55585277825594
33.33126644790173 45.87761837244034 9.091188296675682 192.0726143270731 102.9241746515036 123.2305987030268 365.0077643692493 33.1152818351984 186.4667915999889 2320.795577831566 163.5872748792171 109.2155286669731 1004.44592666626 510.9087453484535 129.3201868161559 166.8829529806972 1.75564669072628 2.312879763543606 0.2314009144902229 1.392838694155216 14.48949041962624 1.813503690063953 4.489582665264606 2.727013483643532 47.31539211422205 14.02961540967226 4.728958494961262 12.31612434238195 1.833762556314468 0.1589034050703049 28.87637442350388 7.429080531001091 553.2748793661594 1.827020682394505 51.52265577763319 36.022013053298 569.9309348389506 104.2959965839982 154.9471069574356 23.35108786821365 28.04387055337429 21.86890562623739 0.7098151370882988 10.71299383044243 0.5972194075584412 1.792061045765877 110.6555382236838 0.6564841791987419 0.7673418968915939 1.642423063516617 4.454046219587326 7.339696124196053 0.64026939868927 5.519292391836643 0.2497318983078003 0.4451266154646873 2.161679334938526 14.13399823755026 0.7204870358109474 15.39090924710035 2.473971098661423 70.6686254888773 15.24212047457695 50.00016631931067 0.0815228745341301 0.4394209384918213 1.728641912341118 1.692843526601791 4.645477935671806 32.54828704148531 915.7077862992883 7.185128323733807 0.3059843778610229 24.49668972939253 34.46424718946218 119.0201969817281 75.51612270623446 28.970912322402 12.92013873159885 178.44773671031 4.438589222729206 18.4103341922164 2.741865359246731 0.1366831362247467 0.348732702434063 0 1.030324772000313 0.167268231511116 0.4722508788108826 0.407906599342823 1.228970646858215 1.775150969624519 69.31555216759443 41.28579387813807 10.20482701808214 608.5721068233252 22.38902938365936 0 132.4158801063895 17.57983936369419 0 2.016911566257477 13.03246863186359 15.89900179952383 3.404539182782173 72.09468909353018 20.14153163135052 118.8542943671346 115.4916847571731 58.14734181016684 119.9335601255298 126.8571218848228 89.00619835406542 54.66955541819334 54.18656344711781 1.103111267089844 1.441916018724442 0.1011711210012436 0.4614435583353043 0 0 0 0.1262815147638321 0 0 1.506477802991867 0.102692998945713 0.5617296099662781 0.244744099676609 0.8472967594861984 2.004010424017906 0.6829129010438919 1.9931755438447 0 2.079137519001961 5.245756641030312 0 0.1173984855413437 0 12.8972132652998 0.6110996827483177 13.2528437897563 2.044120810925961 1.219945527613163 0.3684385865926743 0 0 0.1247857213020325 0.2010578289628029 0.5350682139396667 0.3916048631072044 0.7483154386281967 0.5219438970088959 0.1150907948613167 0 0.7587599977850914 0.7245544269680977 1.65970467031002 0.1923804879188538 0 0 0.5168416053056717 1.330486685037613 0 0.9880732595920563 1.208104193210602 12.03533951193094 1.501107022166252 0 0.2286185473203659 0.09861178696155548 0 0 0.1451904773712158 0 0.1550984978675842 28.52478309720755 0.7958810180425644 0.1220961138606071 0.4189855009317398 0.7155957967042923 46.62490979582071 0.3704973980784416 7.212271206080914 1.192076921463013 1.36247481405735 1.951785661280155 2.07483134418726 1.158641889691353 0.1198688969016075 0 0 0 0.3279687464237213 0.1063068807125092 0.3493700250983238 0 36.65991467982531 5.367145173251629 5.272825725376606 347.5785080492496 6.859832465648651 102.0747257843614 31.24356307089329 43.75042612105608 1.848866760730743 0.1282131224870682 43.95867751538754 16.20077196508646 0.3478209674358368 10.52389471232891 2.102636389434338 19.09032942354679 1.579738453030586 0.2615567594766617 0.1395765095949173 10.47979959100485 0.5780409425497055 985.066859446466 166.1965957432985
34.24099247157574 527.9492439553142 67.27113572508097 91.30946230888367 963.5086125358939 59.29712824523449 5035.547808527946 77.47020657360554 987.2216070964932 5508.551123768091 2652.498572386801 1004.44592666626 3882.593022979796 5662.527423612773 132.6218786239624 224.3567959442735 0.8686836212873459 2.801261715590954 0.09863697737455368 2.06830320507288 19.32014179974794 0.6733750551939011 4.613000079989433 3.82823871076107 63.95109213143587 18.47235195338726 7.017475351691246 10.67968092113733 0.7487627491354942 1.185031034052372 120.1043544337153 40.51615023612976 1339.554000101984 3.297430656850338 78.52971466630697 51.90034953504801 487.4343100935221 93.84933555871248 79.06077983230352 19.63303694874048 33.79488819092512 26.4033792540431 1.606044173240662 13.4052924439311 0.694197840988636 5.283543094992638 164.0780240744352 0.958700031042099 1.869913570582867 1.233346737921238 2.879394546151161 4.163721688091755 0.2934992536902428 3.600836455821991 1.674408875405788 0.6654638275504112 6.787409208714962 41.56387499719858 2.846336536109447 30.66406075656414 7.90431796759367 67.64345726370811 29.16108677536249 68.53418960422277 1.466980345547199 0.8995048105716705 1.34044424444437 1.737701028585434 3.36968220770359 37.92866384238005 473.6563169807196 2.700030297040939 0 71.42996672540903 87.4251557290554 181.2132728248835 139.0050440430641 66.76256151497364 52.07349512726068 515.1545080691576 28.17446840554476 48.85712403059006 9.944823212921619 0.2901554778218269 1.081545896828175 0.2879007905721664 1.262875773012638 0 0.5883849412202835 0.2346810325980186 1.723061107099056 1.485240295529366 74.74650114029646 31.61261582374573 9.707983307540417 549.3945253267884 7.198333203792572 0 46.17577227950096 22.70842932164669 0.4589913189411163 3.761551909148693 26.50004527717829 42.30436377227306 7.67908551543951 173.7631415426731 41.64303642511368 195.0230459943414 301.9512138590217 107.4762187600136 153.5526222735643 309.0916086286306 157.2719650864601 99.83590073883533 74.71341928094625 1.251875557005405 0.7878590971231461 0 0 0.1179753467440605 0 0 0 0 0.1220774129033089 1.664294868707657 0 0.3887843638658524 0.2857315838336945 0 1.777674101293087 0.1081040054559708 1.210170418024063 0 3.809431374073029 7.901285946369171 0 0 0.1160329580307007 14.15712037682533 0.1468874961137772 9.34270591288805 2.203294396400452 0.2798106968402863 1.269486002624035 0.1108504608273506 0 0.4489979147911072 0.2315144464373589 0.3986546695232391 0.4042536243796349 0.4975527226924896 0.5879835337400436 0 0 0.4974495023488998 0.31584782153368 1.239213399589062 0 0.5756497383117676 0.4382741749286652 0.158974289894104 0.7946531176567078 0 0.33602274954319 0 11.94419201463461 0.7743738889694214 0.5410071462392807 0.2638920918107033 0 0 0 0.1494135409593582 0 0.09456752240657806 38.09778679907322 1.445606961846352 0 0.414953887462616 0.7642686888575554 49.27653085440397 0 9.55065780133009 1.476990088820457 1.373013362288475 1.935022704303265 0.1567984372377396 1.473878957331181 0 0 0 0 0.1193542927503586 0.3424124494194984 0.1232466027140617 0 50.645786203444 4.964406840503216 3.878011889755726 434.649918332696 14.83753928542137 192.2675974965096 49.90586469322443 60.19674684107304 3.595097854733467 0.5822197869420052 64.59714636951685 19.7695941478014 0.4542419463396072 9.877387158572674 2.658076509833336 19.66355185210705 0.5977287739515305 0.4238867536187172 0.1403587758541107 12.995780184865 0.9008505344390869 918.0392042323947 236.3999656587839
