77.73627641797066 2239.369252406061 668.5024443268776 1282.392320863903 187.9647940397263 47.21885485947132 519.0976853966713 71.30670999735594 17.37141506373882 1618.422849938273 130.9841951280832 41.08267069607973 114.2542888149619 162.8021775260568 1.276256874203682 0 0.3050997108221054 0 0 0 0 0 0 0 0 0 0 0 0 0 641.4638726338744 0.2896996140480042 22.9624380543828 0 0 0 2.677715480327606 0.212773934006691 0.2565265223383904 0.1025007888674736 0 0 0 0.1171901300549507 0 0 4.429948076605797 0.8152203261852264 0.2083438783884048 0 0.6601037085056305 2.135940499603748 0 0 5.370077468454838 4.651593506336212 284.535240970552 184.5587983056903 41.69039813429117 8.913735672831535 0.1235477328300476 0 0 0.5155321285128593 2.908449254930019 2.440079919993877 0.2792739495635033 0.741710364818573 0.1069895774126053 0 4.871792525053024 18.81480527669191 0.9677713066339493 16.70146765559912 1.425313197076321 3.927968509495258 0.1026875600218773 0.0886303186416626 0 0.215220034122467 0 0 8.221157386898994 0.2480603456497192 3.097302071750164 2.198299460113049 0.3648192808032036 0.2866246104240417 1.199505209922791 1.838614113628864 0.4445120543241501 0.4076060578227043 0.1119942516088486 0.1175768673419952 0 86.1497216001153 12.97652677446604 0.4981790781021118 0.6804339215159416 701.6615563184023 0.1790053695440292 5.245564326643944 1.465534746646881 3.327370017766953 2.061084300279617 2.309235006570816 15.1069350540638 0.1325393170118332 7.397784754633904 17.33972346037626 0 9.901259563863277 21.83646862208843 7.559183895587921 3.279715269804001 0 0 0 0 0 0 0 0 0 0 0 0 0 0 0 0 0.1652854830026627 0 0 0.8435787558555603 0 0 0 0 1.194281101226807 0 0.2948918044567108 0 0 0 0 0 0 0 0 0 0 0 0 0 0 0 0 0 0 0.140192374587059 0 0.1237809285521507 0.8017070591449738 0.1690072417259216 0 0.6963733583688736 0 0 0 0 0 0 0 0 0 1.540053993463516 0.9262768030166626 0 0 0 1.092146262526512 0 1.038672544062138 0 0 0.1475884616374969 0 0 0 0 0 0 0.1152561455965042 0 0 0 0.9827176555991173 0.3869091719388962 0.8935538977384567 24.65366993099451 0.906942330300808 50.68821297585964 8.862029977142811 543.3260684534907 8.696398891508579 3.71450038254261 0.1204123497009277 1.792190104722977 0.1087038144469261 0 0 37.29763042926788 0 0 0 0.9055221825838089 0 374.6626483872533 10.24523313343525
2239.369252406061 1304.141755416989 982.3938798382878 158.265760242939 1596.600915834308 171.8832454904914 3782.676651850343 414.8849786445498 431.9404954761267 424.0443810150027 648.1158295497298 52.15607929974794 1824.828031085432 991.0735881403089 7.073374576866627 2.46639733761549 0.5395103022456169 0 0 0 0.2935737371444702 0 0.6811518669128418 0 0.380068376660347 0.126990333199501 0.403463639318943 0.08636818826198578 1.040331862866879 0 1192.842737004161 17.03072289377451 109.5173543617129 0.1514554619789124 0.1276569962501526 0 14.50857012718916 2.410280831158161 2.983416438102722 0.419921413064003 0 0.3542487844824791 0 0.1017958521842957 0.08203064650297165 0 51.94736638665199 6.443832822144032 0.3773252293467522 0.3180470019578934 0.594872385263443 0.1117925494909286 0.3338235169649124 0.2031400203704834 26.70973954349756 25.35919459909201 400.1814901232719 416.6409166008234 120.4475394189358 58.9653908982873 0.6551203280687332 1.732624880969524 0 6.250404708087444 18.79844352602959 15.73572002351284 3.879586279392242 4.576420314610004 0.4646358415484428 0.1264322400093079 17.0632659047842 4.61460667848587 0.09280692040920258 77.22461465746164 9.731542482972145 24.79713481664658 0.7075981721282005 0.2259873896837234 0.1310947090387344 10.49981424957514 0.171101026237011 1.516401410102844 48.88262610137463 0.2939381003379822 16.80558921396732 10.97944121807814 2.871942192316055 0.1239588409662247 2.125642642378807 0.4958285167813301 2.950557582080364 0.1745795235037804 0.3776991814374924 1.075062803924084 0.5379836559295654 24.97942534089088 10.71028437465429 0 6.610487401485443 792.3518232554197 1.688672266900539 2.383934855461121 2.50114232301712 1.37901496887207 2.890106000006199 7.039001882076263 2.125281348824501 1.330688253045082 7.536269851028919 21.65971645712852 1.470720857381821 12.41849660128355 16.34912306070328 12.81364787369967 6.180073991417885 1.151894629001617 0.5326335877180099 0 0.163280576467514 0.1165766268968582 0 0 0 0 0 0 0 1.153537899255753 0 0 0 0 0 0 0.2880695462226868 0.8665512502193451 0 0 0 1.741977542638779 5.125093393027782 4.699244692921638 3.917455494403839 2.039148665964603 0 0 0 0 1.791338667273521 0.972752645611763 0.1904369443655014 0 1.183751724660397 0 0 0.1117535829544067 0.4422475919127464 0 0 0 0.09563063830137253 0.08945225924253464 0.43128502368927 1.104464739561081 0.1089366897940636 1.101982206106186 10.72949388623238 0.4372750371694565 0.09126891195774078 0 0.09814354777336121 0.0901452973484993 0 0.07740812748670578 0 0.1201584562659264 4.68491642922163 0.2173406332731247 0 0 0.09482552856206894 9.05882103741169 6.194056130945683 12.57525561749935 0.4148710072040558 0.3351165354251862 0.6416915580630302 0.1435784548521042 0.6694753989577293 0 0 0 0 0.2264374345541 0.1178334802389145 0 0 3.548719689249992 4.241899736225605 7.034099742770195 123.045799843967 8.465118326246738 388.4567703679204 48.99253161251545 677.455959238112 27.91816557198763 8.270586647093296 3.794914044439793 7.617293208837509 1.01874828338623 3.699038743972778 0.6009573638439178 17.72234597802162 0.3589969277381897 0 0 3.682336367666721 1.233558416366577 445.8624183684587 11.23111278563738
668.5024443268776 982.3938798382878 790.232783138752 0.3742651045322418 257.444347217679 1.888846553862095 172.389938980341 2275.173728317022 221.1909524798393 74.90534529089928 1596.09268964082 19.59507511556149 269.2997916787863 1455.483371697366 8.976104959845543 5.159465081989765 2.635809026658535 0.6560475453734398 0.3243332207202911 1.073934927582741 10.55367647111416 0.4947724044322968 7.803692661225796 5.529746748507023 4.315145507454872 3.055346615612507 3.940206468105316 1.823974117636681 0.873618483543396 0.1354050785303116 2898.084326311946 246.9906063452363 244.7744997963309 0.8476273566484451 10.56900967657566 7.918002441525459 34.23562616854906 24.69826581329107 16.98620267212391 4.946444503962994 4.242365211248398 2.016551896929741 0.7534973248839378 1.11012290418148 0 2.266739971935749 59.93193539232016 5.094423308968544 0.6354080215096474 0.986662358045578 7.279715098440647 5.696222193539143 0.4234984591603279 2.681780353188515 11.78289633989334 13.4639792367816 165.460971429944 398.1469967737794 61.91147942095995 34.55893408507109 10.99378410726786 41.51692915707827 1.437777914106846 121.808157235384 11.35855035483837 10.99494653195143 5.271115466952324 13.61538584530354 8.238909356296062 9.180916965007782 56.58231451362371 18.26809024810791 0.3937674984335899 60.98732420057058 16.39177868515253 26.1710204705596 1.668046951293945 4.441706843674183 44.81964839249849 261.0942501425743 2.15130116045475 122.3970412313938 23.27694319933653 0.350993812084198 11.58456414937973 8.136755086481571 3.621912382543087 0.4627594798803329 3.555984541773796 2.357332102954388 5.15452279150486 6.17418310791254 10.45333643257618 8.38856728374958 3.587467335164547 17.38579810410738 54.26927887648344 0.6252430155873299 29.73252978175879 200.4855004176497 3.693498499691486 3.734821893274784 4.715229734778404 0.4384446889162064 2.755647167563438 10.62174058705568 0 1.287590906023979 6.14974208176136 27.53550063073635 3.357525356113911 21.15934440493584 15.3644260391593 19.66268187016249 14.51159988343716 2.730744987726212 1.28330735117197 0.2572637945413589 0.6991114616394043 0 0 0 0.1622202694416046 0.1368842720985413 0 0.3367207199335098 0 4.947260774672031 0 0.1611489951610565 0 1.270307384431362 0.6782648041844368 0.374756708741188 7.018223986029625 0.8512357696890831 0.1673796623945236 0.8163613677024841 1.45371712744236 9.678640715777874 8.308259680867195 8.949710682034492 13.05204526335001 6.53876019269228 0.1493760049343109 0 0 0 1.57891771197319 0.4908551424741745 0 0 1.369236014783382 0 0 0.1301558017730713 5.80690661072731 0.9859723076224327 0 0.08469274640083313 0 1.797387510538101 2.813348144292831 0.2364210933446884 1.735508479177952 5.252904571592808 27.32821830362082 0.2292077615857124 1.164330758154392 0 0.09141775965690613 0.1228135973215103 0.09233751893043518 0 0.1064822524785995 0.3649605214595795 14.33420961350203 2.743626557290554 0.1577882915735245 0.5236525535583496 0.3532965779304504 15.16533704102039 8.223141841590405 36.45372029393911 0.7103807628154755 3.796363890171051 1.026662096381187 0.3728687763214111 1.004969350993633 0.09937660396099091 0 0 0 0.2301629260182381 0 0 0 11.24631632864475 11.84001560509205 17.87578418105841 141.9112820625305 8.544647231698036 287.1401571705937 51.35907433927059 79.45569583028555 18.78472852706909 2.376009479165077 5.42028397321701 35.36467917263508 0.733249194920063 10.59465343505144 2.753248035907745 9.775405719876289 1.529479712247849 0 0.9144365936517715 7.327375002205372 2.235526993870735 87.9864337593317 6.543951161205769
1282.392320863903 158.265760242939 0.3742651045322418 195.8816907852888 29.40514436364174 535.6803713142872 542.7667208537459 1.891103222966194 3.430544137954712 745.915383964777 0 20.02700289338827 383.0928701683879 3.549363508820534 0.409752331674099 0 0 0 0 0 0 0 0 0 0 0.08262538909912109 0 0 0 0 21.30586583912373 0 0.295360267162323 0 0 0 0.3242487832903862 0 0 0 0 0 0 0 0 0 4.666541211307049 0.5502118468284607 0 0 0 0.1990998089313507 0 0 2.648865818977356 2.637950666248798 52.48916606605053 33.9431634247303 14.64261634647846 7.916020736098289 0 0 0 0.07400395721197128 1.787635937333107 2.143324084579945 0.5501995608210564 0.22194654494524 0 0 0.2941741645336151 4.522641010582447 0.3523086309432983 6.250677466392517 0.743194192647934 1.485271252691746 0 0 0.1348123699426651 0 0 0.07994730770587921 5.263848319649696 0 1.788698896765709 1.488786600530148 0.2124519050121307 0.1083931550383568 0.3789915814995766 0.3027533143758774 0.2606656551361084 0 0 0 0.08937488496303558 37.11686033755541 0.3484565764665604 0 0 229.3593387082219 0.5095894336700439 5.21774684637785 23.15683260560036 5.511195480823517 0 3.365165784955025 3.956799507141113 0 12.90197464823723 19.20629607141018 0 16.15604136884212 9.410346180200577 5.787720359861851 0.1121683567762375 0 0 0 0 0 0 0 0 0 0 0 0 0 0 0 0 0 0 0 0.1551331728696823 0.1449800282716751 0 0 0 0 0 0 0 0 0 0 0 0 0 0 0 0.1488191485404968 0 0 0.2242975980043411 0 0 0 0 0.1572404503822327 0 0.387162558734417 0.1128880530595779 1.205659352242947 0 0 1.972174406051636 0 0.1181076243519783 0.08763395994901657 0 0.08852853626012802 0 0 0 0 0 0 0 0 0 0 0 0 0.2916428744792938 0.2671073228120804 0 0 0 0.08421729505062103 0 0 0 0 0 0 0 0.9878672808408737 0 0 12.40931905061007 1.149230502545834 42.0398075953126 3.270303927361965 262.9601909145713 4.095746986567974 3.482618577778339 0.3234392702579498 1.686842203140259 0 1.018776215612888 0.2227264791727066 21.29149857163429 0 0 0 0 0 282.4870008528233 7.3806391954422
187.9647940397263 1596.600915834308 257.444347217679 29.40514436364174 291.4430456161499 1.223312184214592 1850.120427973568 539.9447874501348 1685.979716546834 1378.842060565948 1462.195478700101 33.26531275361776 3281.779932916164 1890.165580950677 5.86136631667614 0.9838212132453918 0.09481131285429001 0 0 0 0 0 0 0 0 0 0 0 0 0 142.9895074367523 1.737028189003468 1.958438135683537 0 0 0.2307215854525566 1.795076571404934 0 0.5418202951550484 0 0 0 0 0.07984871417284012 0 0 39.65177495777607 1.275148078799248 0 0 0 0 0 0 4.294549584388733 4.023357182741165 51.92473737150431 77.18351091444492 29.76582361757755 18.83853813260794 0 0.4160485491156578 0 5.414362482726574 3.882636748254299 5.116543874144554 1.511427946388721 1.245006613433361 0.0759563148021698 0 5.272809952497482 3.054493919014931 0 30.52772082388401 9.807078488171101 16.07930587977171 0.5065772011876106 0.2064293473958969 0.116299219429493 0.3086195439100266 0 0 14.35816788673401 0 4.033417329192162 1.878525346517563 0.6590996012091637 0 0.6040368005633354 0 0.5946755334734917 0.07624655961990356 0 0.2753651067614555 0.3634105026721954 4.861072383821011 4.839650601148605 0 2.398344025015831 19.198925383389 1.986455902457237 0.2028209865093231 0.5417952537536621 0 0.4686531722545624 0.687741607427597 0 1.081684485077858 3.434183046221733 7.620174258947372 0.7859209328889847 5.43912510573864 8.678871683776379 6.825145184993744 4.051801823079586 0 0 0 0 0 0 0 0 0 0 0 0 0.2215968519449234 0 0 0 0 0 0 0.4914635121822357 0 0 0 0 2.082906424999237 1.571462154388428 1.669356018304825 1.622933700680733 0.341775968670845 0 0 0 0 0.1319124400615692 0 0 0 0 0 0 0 0 0 0 0 0 0.1824267357587814 0 0 0.09984645992517471 0 3.922644957900047 0.4068993330001831 0 0 0 0 0 0.08708474785089493 0 0 2.812413223087788 0.2462822943925858 0 0 0 3.589798018336296 0.2226585447788239 2.857854500412941 0.3446505516767502 0 0.1042617186903954 0.16339510679245 0 0 0 0 0 0 0.1183037683367729 0 0 2.419551767408848 1.673469975590706 1.109144993126392 124.9694508314133 2.88655848056078 205.7125858590007 36.88955901563168 58.25902666896582 18.57062114030123 1.288638338446617 3.332215175032616 4.464052960276604 0 1.676144823431969 0 2.462899222970009 0.5817297697067261 0 0 6.834714032709599 1.830380499362946 49.87849178165197 7.306254737079144
47.21885485947132 171.8832454904914 1.888846553862095 535.6803713142872 1.223312184214592 0 43.33945295959711 0.6813535913825035 2.488141566514969 941.5861707702279 3.238949164748192 201.462271541357 118.5894995629787 9.510314643383026 0.3498379215598106 0 0 0 0 0 0 3.191645123064518 0 0 0 0 0 0 0 0 12.45827525109053 0 12.28665979206562 0 0 0.1363772451877594 7.421758458018303 0.1520327180624008 0.8701501041650772 0 0 0 0 0 0 0 0.1281977742910385 0.4021678864955902 0 0 0.4100238680839539 24.44416855275631 0.9061829298734665 0 0.1878440976142883 2.55225782096386 58.40645141899586 0.1963150724768639 1.437709957361221 0.08686406165361404 0.154539942741394 0.3102602660655975 0 0 0 0.14535753428936 2.024563573300838 2.67985500395298 0 0 12.31616267561913 240.9515429213643 16.86516050249338 0.2842285260558128 0 0 0 0 0 0.917757049202919 0 0 0.3439338505268097 3.503792427480221 0 5.950481779873371 0 8.080851286649704 9.270753838121891 21.07589936256409 2.890858203172684 7.708564221858978 0 0 1.425536036491394 121.0648997873068 218.3473714441061 17.8030753955245 1.475356787443161 329.5621515363455 0 7.9981689453125 0 7.390386134386063 0.5711154043674469 2.612593248486519 9.307899728417397 0 8.809522360563278 27.93070003390312 0.3382324278354645 8.991686880588531 21.92975649237633 8.21651866286993 0.8117649406194687 0 0 0 0 0 0 0 0 0 0 0 0 0 0 0.1327804327011108 0 0 0.2630193829536438 0 1.158690452575684 0 0 0 0 0.5690025240182877 0.286454439163208 0 0.2896131724119186 0 0 0 0 0 0 0.1210593059659004 0 0 0.1079290360212326 0 0 0 0.66695536673069 0 0.2932891398668289 0 0.2984018325805664 0 0 0 0 0 0.8645676821470261 0 0 0 0 0 0.231262132525444 0 0 0 1.635176107287407 0.7308348715305328 0 0 0 0 0 0.1484695822000504 0 0 0.142205148935318 0 0 0 0 0 0 0 0 0 0 2.783027112483978 0.235629141330719 0.5490754246711731 4.343467153608799 0.08798772841691971 1.007887288928032 0 130.8143143504858 2.316018998622894 0.2174068838357925 0 0.2354550212621689 0 1.27407044172287 0 38.04677897691727 0 0 0 0 0 90.84157934039831 17.02745450288057
519.0976853966713 3782.676651850343 172.389938980341 542.7667208537459 1850.120427973568 43.33945295959711 796.0000009462237 107.2626474797726 435.356867082417 2357.546609655023 297.9521180093288 216.8994244858623 4814.417206957936 888.3872455582023 6.063653782010078 1.857780292630196 0.4098425209522247 0 0 0 0 0 0 0 0 0 0 0 0.08043313026428223 0 163.2279739454389 1.389167919754982 3.532988756895065 0 0 0 5.361186899244785 0.09993541240692139 0.7605834230780602 0 0 0.1493372321128845 0 0 0.08194044977426529 0 43.94060286134481 2.955702871084213 0.1950304210186005 0 0.3833613842725754 0.09143372625112534 0 0 11.98268047720194 12.31930381059647 143.6707708761096 146.225254394114 62.07585549354553 31.85467640310526 0.2461494132876396 0.1712048947811127 0 3.036956548690796 10.84963838756084 10.12673151493073 1.87194686383009 2.647910587489605 0 0.08477147668600082 9.083302929997444 2.741824634373188 0.1113472282886505 44.60468053072691 8.296585060656071 18.39593952149153 0.3000989332795143 0.2940301671624184 0 0.365086168050766 0.07982717454433441 0.4357626065611839 25.5894391015172 0.07634377479553223 10.24231903254986 6.432615302503109 1.711614571511745 0.4196504428982735 1.404479645192623 0 1.251679427921772 0.628216341137886 0 0.2838653177022934 0.4489032924175262 25.38264332711697 5.598084054887295 0 2.736361026763916 131.3557359799743 1.148097731173038 4.376759953796864 4.548822566866875 1.041346654295921 0.83400559425354 4.590102061629295 5.653888791799545 3.180363558232784 7.991280637681484 19.32660891115665 1.158545166254044 11.34585732221603 17.85054474323988 11.94312505424023 5.580079302191734 0.3179644569754601 0 0 0 0 0 0 0 0 0 0 0 0 0 0 0 0.3366828858852386 0 0 0.9220027327537537 0 0 0 0 0.7080219760537148 0.3689132034778595 0.7411496564745903 0.7993695214390755 0 0 0 0 0 0 0.7573396563529968 0 0 0.4036675542593002 0 0 0 0.6435750648379326 0 0 0 0 0.4098105728626251 0.4659117013216019 0.3493519574403763 0 0.5945719480514526 2.126616217195988 0 0 0 0 0 0.1751316413283348 0 0 0 5.234186835587025 0 0 0 0 3.035948701202869 1.684304192662239 6.310124546289444 0.1442192196846008 0.1155774220824242 0.2878475040197372 0 0.2593751549720764 0 0 0.07551503926515579 0 0.1089007928967476 0 0 0 2.830494038760662 0.593285083770752 1.970226839184761 120.5191915258765 5.619319446384907 277.3444527462125 43.26620742678642 163.3395796790719 17.05311521142721 2.284868948161602 2.672908954322338 3.443621955811977 0 1.490367978811264 1.005847379565239 10.73268815875053 0 1.998391956090927 0.8162022978067398 7.159896396100521 0.1768572628498077 164.7372418344021 8.18762718886137
71.30670999735594 414.8849786445498 2275.173728317022 1.891103222966194 539.9447874501348 0.6813535913825035 107.2626474797726 762.5486755594611 866.5104147046804 33.24524328112602 582.2304633706808 25.71146112680435 160.144125148654 754.7237013876438 27.22012524306774 13.86162285506725 6.984008267521858 2.214670263230801 1.321341559290886 12.77213088423014 47.35602153092623 2.023834243416786 16.99599616229534 13.29387195408344 12.96499715000391 5.531300887465477 10.03391295671463 4.035045973956585 2.706319123506546 0.8378576785326004 1064.722374528646 1641.263786040246 138.9574802070856 2.620601423084736 33.14112863689661 15.77565836161375 61.78964441269636 74.21877428144217 41.02109194546938 9.398038104176521 19.79027394205332 4.365457005798817 4.767232924699783 20.23863606899977 0 2.554236531257629 112.672675088048 4.925237953662872 1.616078689694405 4.2232426404953 21.87603650987148 9.786634765565395 0.7619663178920746 11.27337934076786 8.506065875291824 8.49387376755476 81.97082218527794 228.1206452250481 60.04204514622688 44.25078721344471 137.997928828001 122.0788000151515 3.812234617769718 206.231648683548 7.675513170659542 12.21252452582121 15.28133232146502 37.88551016896963 37.48523120582104 82.03152275830507 43.20900923013687 14.36453797668219 0.2674425020813942 75.799929022789 45.79402890056372 54.57393134385347 78.2909726575017 185.4417511746287 784.1396922767162 517.3691128864884 146.4534126669168 1086.429732196033 24.02190490812063 0.1093897968530655 8.664067231118679 8.138026505708694 12.85800857841969 0.08896895498037338 10.02562187612057 3.099132850766182 11.25949590653181 4.911833003163338 47.41616290807724 24.26851428300142 5.486763708293438 10.93467419594526 28.95497367531061 0.1715740263462067 24.29552964866161 15.50691837072372 0.6826184764504433 0.4015595316886902 1.978043377399445 0 1.060540273785591 2.003952667117119 0 0.2900914251804352 2.881059348583221 2.668716385960579 0.7625885307788849 4.092749990522861 5.731604993343353 6.006083004176617 1.965481542050838 0.7816737592220306 0.8526220992207527 0.191682443022728 0.2228946685791016 0 0 0 0.2212532609701157 1.166870594024658 0 1.56559681147337 0 3.675722010433674 0 0 0.5693128108978271 0.7108086869120598 1.551871627569199 0 2.496101729571819 0.633159339427948 0.6925223544239998 1.353410974144936 0.3839395046234131 2.836400300264359 4.677257657051086 2.753645181655884 7.471967302262783 3.271460078656673 0.2246275097131729 0.1917086988687515 0 0 1.345897190272808 1.913696989417076 0 0 1.427623420953751 0.1550011485815048 0 0.6916894614696503 3.65307842195034 2.329821340739727 0 0 0.1478421688079834 0.4030946046113968 0.3758962750434875 0 1.044730976223946 1.292612850666046 10.69950053095818 0.4899472072720528 0.1423487961292267 0.221517913043499 0.1023436635732651 0 0.1227044835686684 0.08414039760828018 0 0.1206660643219948 3.124328002333641 3.572634428739548 0.2590214759111404 1.059232696890831 0.5678878054022789 3.519032530486584 2.168424777686596 9.848249927163124 0 0.7484025880694389 0.2157445773482323 0.2505971193313599 0.2572939842939377 0 0 0 0 0.1212974265217781 0.2706260532140732 0 0 1.764561116695404 5.140359558165073 12.28373645246029 284.0662935823202 27.42550670355558 434.4864619225264 102.3623025342822 58.66249293833971 36.1842795163393 2.806615680456161 8.208284966647625 15.25380329787731 0.1184244602918625 6.34248211979866 1.085869483649731 1.633317142724991 0.381258100271225 0.2435539215803146 0.1034557223320007 13.89715740829706 1.952318221330643 54.091319270432 3.347968526184559
17.37141506373882 431.9404954761267 221.1909524798393 3.430544137954712 1685.979716546834 2.488141566514969 435.356867082417 866.5104147046804 100.1390020772815 451.6958828046918 531.7803899422288 147.4493864998221 901.1019357293844 583.4935523197055 5.64802260696888 1.952652953565121 0.2163615524768829 0 0 0.1422994136810303 0 0 0 0 0 0 0 0 0.1330816447734833 0 13.89638059586287 0.7738686800003052 35.51580339670181 0 0 0.1538303047418594 16.96868770569563 0.7867539376020432 1.358036182820797 0.09900747984647751 0 0 0 0 0 0 10.09448733925819 0.2948271557688713 0.175442561507225 0.09425853937864304 0 0 0 0 0.9187690019607544 1.194822624325752 4.639898583292961 11.44571468234062 6.913140669465065 4.66692628711462 0 0.9198400601744652 0 2.2955262362957 0.6391577944159508 0.8824376314878464 0.0807771161198616 0 0 0 22.91350717097521 2.605765752494335 0 6.638407349586487 1.968399189412594 5.237588860094547 1.579824097454548 1.02904350310564 0 1.254234582185745 0 0 2.695609293878078 0 0.9103572219610214 0.5214299932122231 0.2129934281110764 0 0.08328615874052048 0 0 0 0 0 0 22.05309670418501 10.49352767318487 0 2.727545127272606 3.740614533424377 1.180721282958984 2.658827498555183 1.186651840806007 2.429830372333527 3.432377070188522 5.474287427961826 2.76146337389946 1.264999262988567 5.941841378808022 23.24952028691769 0.4476509243249893 11.58264961093664 20.26332720369101 16.77671909332275 4.199016012251377 0.2317191809415817 0.1396491676568985 0 0.2763860821723938 0 0 0 0.2176773846149445 0 0 0 0 0.1687668859958649 0 0 0 0 0 0 1.327258631587029 0.4030563235282898 0 0.6076270937919617 0 2.738540396094322 1.463025629520416 1.566557846963406 1.198509946465492 0.745515763759613 0 0 0 0 0.11073999106884 0.1216215565800667 0 0.1069274470210075 0.4480051100254059 0 0 0 0.1019951179623604 0.1448508948087692 0 0.1063721030950546 0 0.6720030531287193 0.7802354171872139 0.565158486366272 0.1301667392253876 0.7933242544531822 7.041947565972805 0 0 0.2030771821737289 0 0 0 0 0 0 4.132216840982437 0.4892420172691345 0 0 0 2.236402273178101 1.589865073561668 6.699035130441189 0 2.570460826158524 0.509751059114933 0 0.3547952994704247 0 0 0 0 0 0 0 0 4.482043668627739 1.74009632319212 2.822074644267559 70.03998015075922 1.41722621768713 48.85929820686579 14.24677585810423 11.62228816002607 4.607167162001133 0.2454066276550293 1.592920772731304 3.988486483693123 0 4.270088016986847 1.227843597531319 11.85169580578804 0.4086794853210449 0 0 3.496924698352814 0.3059499561786652 32.61461737006903 9.982001647353172
1618.422849938273 424.0443810150027 74.90534529089928 745.915383964777 1378.842060565948 941.5861707702279 2357.546609655023 33.24524328112602 451.6958828046918 1426.22907923162 126.2512376010418 1409.872470982373 6639.24899969995 567.58226647228 36.84868903830647 17.39439872652292 1.361318118870258 0.1259475946426392 0 0.2228926494717598 0 0.2508782520890236 0 0 0.1237852722406387 0 0 0.5921559482812881 0.5972897410392761 0 135.8762353435159 4.649164155125618 26.42744894325733 0.1582416445016861 0.1860795989632607 0 41.55719181895256 1.950274288654327 1.562308818101883 0 0.2454255372285843 0.5058539360761642 0 0.4005883932113647 0 0.1990993618965149 143.3493409901857 7.790487684309483 0.5107592269778252 0.2123517543077469 0.7540933415293694 2.997118286788464 0 0.0889412984251976 24.49196267873049 21.89824974536896 257.4713538885117 195.5087776333094 118.829551436007 83.68710471689701 0.3501907140016556 1.833809748291969 0 12.84927949309349 20.78343874961138 17.70284068584442 3.900306418538094 4.726606786251068 0.2449820041656494 0.2720346748828888 134.431613907218 55.14867822080851 1.536041252315044 103.1312378197908 22.5769095942378 78.10906456410885 6.346764244139194 4.560719080269337 0.5259632468223572 1.219973511993885 0 0.8306623548269272 55.82252825796604 0.4196802303195 18.86348597705364 14.62716329097748 2.929643958806992 0.649419941008091 3.361428298056126 2.433030366897583 3.70624228566885 1.397383198142052 0 1.089546963572502 0.2000305354595184 399.3486345261335 153.1427373513579 0.9643702134490013 23.20492523163557 676.1519386917353 33.25469981878996 64.73966715484858 34.22445084154606 39.09245731681585 45.40263210237026 111.8729724511504 89.44255249202251 42.95371715724468 189.7430240213871 539.7960207611322 24.09949763864279 317.1074780449271 439.3196885660291 329.1795766502619 114.6225886642933 5.876799866557121 4.702800907194614 0.2476833611726761 1.088702395558357 0 0 0 0 0 0 0 0 4.579642251133919 0 0.218842476606369 0 0.1854364573955536 0 0 44.08203398436308 6.339652761816978 0 0.7604445070028305 0 46.98806947469711 30.26415222883224 25.6480375379324 17.63940673321486 14.13555030524731 0 0 0 0.2581179738044739 4.553767696022987 0.8607707992196083 0 1.468512460589409 8.717603102326393 0.2177088856697083 0.1867239326238632 0 2.0795653834939 0 0 0.3410365730524063 0.08466797322034836 6.682888969779015 8.96183617413044 9.684140905737877 1.345467448234558 7.123166367411613 125.4185894280672 2.883958362042904 0.2805459499359131 1.033094450831413 0.164010152220726 0 0 0.0805898979306221 0 0.1518462747335434 111.8544835150242 4.265077546238899 0 0 0 67.5782436132431 31.37222996354103 132.5473293438554 5.66344228386879 2.209213957190514 3.220875173807144 0.108266107738018 3.422633640468121 0.1758107095956802 0.2172804325819016 0 0 0.3242887407541275 0.2487856298685074 0.4220815896987915 0 125.4262467846274 31.2203202098608 33.80148818343878 954.7878979817033 30.04271855950356 860.1187646687031 222.8231236636639 975.5047509893775 99.80360094457865 19.93960290402174 32.42952255904675 101.4859955012798 0.1161810383200645 44.58503021299839 21.20873458683491 369.8293568044901 10.78714157640934 2.496441841125488 6.484608724713326 47.82694344967604 7.573618605732918 1552.579725340009 214.1139966249466
130.9841951280832 648.1158295497298 1596.09268964082 0 1462.195478700101 3.238949164748192 297.9521180093288 582.2304633706808 531.7803899422288 126.2512376010418 391.3506851643324 181.7252350598574 958.8273060694337 2768.04275842756 50.99927306175232 20.68773457407951 2.341821014881134 0.6514575928449631 0 0.4990520551800728 2.870072573423386 0.8488772064447403 5.570523962378502 3.613294176757336 6.647357150912285 0.7367373332381248 3.120235063135624 1.68416665494442 1.124346524477005 0 691.2355597242713 142.3171792179346 799.2760571539402 0.36074398458004 5.009755119681358 9.588290318846703 305.4072865024209 85.96927059441805 92.45632322132587 10.20653292536736 3.013164289295673 0.7413846924901009 0.4172630980610847 1.718815043568611 0.3884947299957275 1.018454670906067 130.5996016785502 4.455857567489147 0.6000697761774063 0.4052409008145332 2.457843609154224 5.432216629385948 0.7014538198709488 2.16462167352438 7.881413817405701 7.935506515204906 85.61241291463375 180.9242077022791 70.79249556362629 44.88872895389795 5.819530807435513 70.38737778365612 0.8554998114705086 57.3681998103857 7.979053050279617 8.707180958241224 1.946558527648449 4.354471243917942 2.073745302855968 1.715129114687443 235.5611199438572 39.45679195970297 0.4619390666484833 89.95246843993664 42.02062595635653 75.19749954342842 11.93980873376131 9.166960701346397 14.48077887296677 50.78485357761383 0.6742059290409088 66.03180880844593 23.494843557477 0.09065417945384979 9.144275307655334 4.691613800823689 1.925232991576195 0.9822123423218727 2.972859233617783 1.145549610257149 4.876110397279263 3.522664479911327 2.703321613371372 3.247166812419891 3.859814889729023 71.85249952971935 77.26445635408163 0.2848480194807053 73.82839675247669 25.58570819348097 4.099190324544907 0.4174216166138649 1.218553692102432 0.5203543156385422 1.567141473293304 8.935158438980579 0 2.782166384160519 6.872893564403057 33.01403919607401 3.912632331252098 24.18378759175539 25.17630685120821 26.18056081235409 12.70346857607365 1.195375464856625 0.7958157956600189 0 0 0 0 0 0 0.6592070609331131 0.4053395390510559 0.2481592297554016 0 2.279400140047073 0.2974981218576431 0.5882471799850464 0.2328754290938377 0.7725149467587471 1.326426401734352 0 7.830996692180634 0.7509172707796097 0.3331747502088547 0.6477100700139999 0.5139545574784279 12.16005845367908 7.501404084265232 7.763571374118328 11.24385890364647 7.509205400943756 0.1323186606168747 0 0 0.6745954751968384 1.282833717763424 0.2265943586826324 0 0.3847123607993126 1.82357382029295 0.2213879972696304 0 0 3.498262032866478 0.1489609777927399 0 0.09619221836328506 0 1.119457200169563 1.767665207386017 0.3168146461248398 0.1332096010446548 3.707702718675137 23.46070298552513 1.164931833744049 0 0.1450089439749718 0 0.1763900071382523 0 0 0 0 21.27081799507141 4.753350526094437 0.2124336510896683 0 0.4571641311049461 11.83226512372494 7.96037058532238 29.13501112163067 0.7498752772808075 1.359399355947971 1.080243788659573 0.8473344594240189 1.212756283581257 0.1764106526970863 0 0 0 0 0.2014583796262741 0.2674844041466713 0 14.04509927332401 14.48722174018621 22.380704626441 454.5199039503932 9.317437253892422 518.0624054223299 151.6006879284978 84.84491946548223 43.32288563251495 2.818993613123894 11.02297578006983 34.70040313154459 0.2038514688611031 8.48413098603487 4.102345794439316 10.33779701590538 3.916442535817623 3.842380404472351 2.664741769433022 31.17200127243996 2.937481269240379 79.42438171058893 15.08937002718449
41.08267069607973 52.15607929974794 19.59507511556149 20.02700289338827 33.26531275361776 201.462271541357 216.8994244858623 25.71146112680435 147.4493864998221 1409.872470982373 181.7252350598574 17.85797180235386 521.8836194723845 553.2802681922913 35.36944097280502 31.19835292547941 2.35643408447504 0 0 0.1274894326925278 0 0.1441970020532608 0 0 0 0 0 0.1777206808328629 0 0 20.63891707360744 2.315762512385845 130.2462420687079 0 0 0.9877876937389374 58.22614384442568 16.67432516813278 8.832019098103046 0.4172184839844704 0 0.1374834775924683 0 1.078332662582397 0 0.1137560307979584 36.24879747629166 0.1681343168020248 0.1812747046351433 0.113964207470417 0.07663664966821671 0 0 0 1.485204868018627 1.700163640081882 25.20561911910772 18.35001343488693 15.56482248008251 11.87616451084614 0.1738524362444878 29.79281924664974 0 6.512123934924603 1.119757570326328 1.012687504291534 0.3858876675367355 0.5066967085003853 0 0.09469924122095108 62.02412520349026 27.37002704292536 0 25.91904733330011 11.0126291513443 36.52141332626343 10.38672245293856 12.01588182896376 0.1929554492235184 33.99457624554634 0.1782239302992821 8.020299091935158 4.542975477874279 0 1.450982719659805 0.5071211978793144 0.3011147007346153 0 0.07584723085165024 0 0.1648480892181396 0.1724192947149277 0 0 1.072246603667736 1233.649876333773 173.4143149927258 0 11.44820711761713 113.6233085989952 12.77442670613527 14.62668216228485 10.20382613688707 7.629447475075722 16.37133400887251 40.69318616390228 23.37327449023724 12.11023455858231 54.95646222680807 179.8306722417474 9.490976095199585 131.5348614826798 217.4436999857426 175.6160252168775 54.19271291047335 1.672267355024815 1.526693947613239 0 0 0 0 0 0 0 0 0.09852328896522522 0 0.947929747402668 0 0 0 0.3336413875222206 0 0 15.19318891316652 1.717773377895355 0 0.1054971665143967 0.1099597588181496 27.5420088917017 4.364954583346844 5.934979364275932 3.867272138595581 3.450410231947899 0 0.142508789896965 0 0.1428680568933487 1.289477840065956 0.2405799329280853 0 0.104775458574295 2.245251171290874 0.1067391857504845 0 0 0.3249676153063774 0 0 0.1206430196762085 0 3.005709029734135 3.918772019445896 4.005492173135281 0.9881608188152313 0.7177983522415161 26.72181634604931 1.552251808345318 0.2186888307332993 0.2288450598716736 0.1663236916065216 0 0.4012778252363205 0.115219920873642 0 0 60.07515081763268 0.9462290853261948 0 0 0 19.42356975376606 6.026443473994732 37.91232687234879 1.893832929432392 1.512887336313725 1.898588359355927 0.5975067019462585 1.085014246404171 0.07682564109563828 0 0 0 0 0 0 0 105.9785592630506 13.6238266825676 8.944288037717342 303.9627701714635 6.82402265816927 156.0052398666739 65.23254944384098 127.2253332361579 13.59127706289291 0.7373902574181557 6.326561406254768 26.57821030169725 0 15.98997192084789 3.814840495586395 70.79667697101831 3.932723492383957 5.492445945739746 1.06158272176981 15.54959503561258 2.917834088206291 622.1613262966275 157.967171818018
114.2542888149619 1824.828031085432 269.2997916787863 383.0928701683879 3281.779932916164 118.5894995629787 4814.417206957936 160.144125148654 901.1019357293844 6639.24899969995 958.8273060694337 521.8836194723845 2148.059983156621 3810.225826457143 53.19170890748501 35.84263306856155 2.634648896753788 0 0 0.2025288492441177 0 0 0 0 0.4476383030414581 0.09800848364830017 0 0.3754703402519226 0.711769200861454 0.08880658447742462 118.4896314665675 6.247408121824265 573.7278351411223 0 0.1341907978057861 2.987436786293983 286.4108561202884 33.07062993198633 21.89308918267488 1.165448613464832 0 0.2353478893637657 0 1.167400114238262 0.3932856768369675 0.29079220443964 97.64082177728415 2.439959019422531 0.08932426571846008 0 0.158997617661953 0.7147701382637024 0.3127479702234268 0.115475095808506 6.376310355961323 3.900819376111031 54.66685389727354 81.57648918777704 43.33645108342171 32.18234715610743 1.16526248306036 40.23615875095129 0 17.57524359226227 5.106195744127035 5.335037626326084 1.012830309569836 1.293015003204346 0.1002269089221954 0.5900226160883904 207.4917768985033 32.88057985901833 0.09288473427295685 58.37081798166037 23.56948278844357 67.36347287148237 14.65289929509163 13.33054661005735 0.1353128701448441 44.17050445079803 0.1472679674625397 13.59086906909943 12.55656780302525 0 5.636713095009327 2.883535176515579 0.5308572053909302 0.09819739311933517 0.5718940645456314 0.5313634797930717 0.9251563176512718 0.2514907419681549 0.1114578694105148 0.07983564585447311 0.09021402895450592 905.0433767363429 157.5914386585355 0 29.91182858496904 81.76506914943457 15.79826117306948 16.55823109298944 19.40397672355175 12.83845990151167 16.23680776357651 60.66831862926483 31.02919270098209 20.82021054625511 75.21388593316078 246.7852280437946 9.489258788526058 167.4604299888015 305.7925404757261 237.7392926365137 80.75158866494894 2.954103149473667 2.955892391502857 0.1449796706438065 0.3268709480762482 0 0.1044129356741905 0.1033540293574333 0 0 0 0 0 1.601348161697388 0.1054568216204643 0.07922743260860443 0 0.101173959672451 0.3449102640151978 0 21.36070551723242 2.583530075848103 0 0.09361075609922409 0 31.46559062600136 9.065928250551224 13.56051199138165 8.827764473855495 4.875519029796124 0 0.09334149956703186 0 0.8148821890354156 1.894504576921463 0.7262025475502014 0 0.7644762247800827 3.045762769877911 0 0 0 1.253715895116329 0 0 0 0 4.031905569136143 6.010742589831352 4.637459196150303 0.3587142303586006 4.408596150577068 42.81691738218069 2.316035367548466 0.1122952997684479 0 0.08069092035293579 0 0 0 0 0 70.76990816742182 1.505154952406883 0.2717101275920868 0 0 30.8257800117135 10.44952872395515 64.46226562559605 2.909889176487923 3.139512687921524 1.716810241341591 0.5219239369034767 2.423790760338306 0.1565036401152611 0 0 0 0 0.2306732758879662 0.1118118762969971 0 115.7610624060035 17.58376645296812 20.5354113355279 568.4482552111149 12.06806944310665 392.0150891542435 138.687625862658 142.268606312573 36.15583000332117 2.732883274555206 12.4825888723135 41.99063624441624 0.4464218318462372 24.60609203577042 5.236748166382313 98.67654590308666 1.792836032807827 1.778709292411804 2.719997771084309 23.12738087028265 3.796856440603733 486.6062423437834 141.1837528496981
