111.6485999822617 1212.927928477526 252.4202757105231 829.4141532555223 157.4202950596809 48.06952106207609 198.773862183094 26.08498411625624 13.90765982121229 553.5015392974019 72.5251582711935 259.7917372211814 262.7764862850308 64.01686757057905 3.073815062642097 0.9702643007040024 0.06957924365997314 0 0.08611869066953659 0.1934373080730438 0 0 0 0 0.4563108086585999 0.3917913511395454 0.1844503283500671 0.08329980075359344 0 0 595.1837155297399 2.241506956517696 3.679723635315895 0.0843522921204567 0 0.2318874001502991 0.1980029419064522 0.08749689906835556 0 0 0.1282804906368256 0.3884750232100487 0 0.1754179745912552 0.3950577080249786 0.2742549329996109 28.38291317969561 5.664551392197609 0.3790253177285194 0.1635284796357155 0.32906374335289 0 0.1797185242176056 0.08428499102592468 4.238535985350609 8.089676469564438 294.1859307587147 1012.355042904615 69.96539477258921 52.40717102587223 1.424566216766834 1.204281151294708 0 10.11545079946518 6.389589443802834 3.949990093708038 2.389520391821861 1.507357157766819 0.6706973016262054 0.5991316810250282 2.709808342158794 0.6299290060997009 0.1819285899400711 355.749974489212 62.16706048697233 60.43031777441502 4.728920862078667 0.7166431844234467 1.180202171206474 28.25277949869633 0.4249309226870537 2.700442641973495 29.68794478476048 0.1778357475996017 7.329958811402321 3.92207608371973 1.872718192636967 0.1010388284921646 1.231755778193474 0 0.419424906373024 0 0.3925530835986137 0.3602042198181152 0.08207092434167862 12.45152859389782 0.245336189866066 0 0 1238.401776492596 0.1247038319706917 1.005990266799927 1.997053727507591 0.6427353173494339 0 1.075881816446781 2.133593775331974 2.19842104613781 4.58451184630394 6.753189489245415 1.931450590491295 2.585821263492107 5.539388179779053 2.101392857730389 2.126493215560913 0 0 0 0 0 0 0 0 0 0 0 0 1.028918117284775 0 0 0 0 0 0 0.1133531779050827 0 0 0.1821562051773071 0 0.8228319510817528 1.163693785667419 2.624201789498329 0.408036045730114 0.1861171722412109 0 0 0 0 0 0 0 0 0 0 0 0 0.1053234562277794 0 0 0 0 0 0 0.7690198719501495 0 0 1.236188001930714 0 0 0 0 0 0 0 0 0 2.261017002165318 0 0 0 0 0.9899721890687943 0 0 0.07605814933776855 0 0 0 0 0 0.07403220981359482 0 0 0.09092263132333755 0.2012622430920601 0 0 8.449222058057785 1.015183091163635 0.439042329788208 242.5587599053979 5.750307098031044 144.616881236434 24.44153841584921 1101.813255243003 21.55657707154751 0.629817008972168 2.502393670380116 26.85031064599752 0.3422227874398232 0 0 19.1894174143672 0 0 0 0.7913854122161865 0.567298635840416 354.4153288528323 1.079161420464516
1212.927928477526 1249.321516837925 1120.618935495615 656.1479022800922 1335.515397153795 24.37692707031965 1079.896041095257 395.4807689860463 755.5788919702172 996.4469760581851 796.0554556101561 756.6466147378087 437.1560512706637 1090.521365001798 22.29529919475317 6.20837614685297 0.5112748518586159 0 0.1931900605559349 0 0 0 0 0.3871245831251144 0 0.850476898252964 0 0.3142813369631767 0 0.2218893468379974 1523.634559601545 12.80694776028395 10.12227067351341 0.09492187201976776 0 0.303054079413414 2.672483168542385 0.3409560695290565 0 0 0.4362797290086746 0.4640776515007019 0.2159610390663147 1.01110478490591 0.5518398657441139 0.862935870885849 160.5473811253905 12.05450295656919 1.750905022025108 1.075296677649021 1.407438516616821 0 0.09253709763288498 0 8.029118835926056 11.19427042454481 125.5446147099137 967.1082263737917 83.4345296099782 138.2298533543944 1.086621135473251 3.766689717769623 0.3762136846780777 101.8069599419832 11.49097003787756 8.143209211528301 3.820193707942963 2.899141401052475 2.008534893393517 0.2811686098575592 2.965789273381233 0 0.1143430918455124 596.6877723187208 193.9032006859779 302.7236034199595 37.91478496789932 3.137113332748413 1.425377830862999 86.66833081841469 1.629945427179337 6.668265223503113 48.98112777620554 0.6403438672423363 12.47834147140384 5.669880598783493 3.042340114712715 0.08977486938238144 1.8394495844841 0 1.1740413159132 0.08895404636859894 0.6467569768428802 1.004836663603783 0.6342491582036018 20.67361340671778 0.08485139906406403 0 0.2306672036647797 607.541755490005 0.443319596350193 0.9055077955126762 0.9401912540197372 0.4774840772151947 0 1.957784160971642 2.404484555125237 0.8846866711974144 3.045446589589119 4.485647857189178 1.523588955402374 4.261428080499172 4.948388241231441 1.405929669737816 0.9929292425513268 0 0 0 0 0 0 0 0 0 0 0 0 0 0 0 0 0.1869331151247025 0 0 0.2497057765722275 0 0 0.2350297123193741 0.6995659470558167 0.6353187635540962 0 3.147215902805328 0.3540698513388634 0.1294088959693909 0 0 0 0 0 0 0 0 0 0 0 0 0 0 0.1767501458525658 0 0 0.0857309028506279 0 0.2806408107280731 0.5676906704902649 0.8764768242835999 0.8317579030990601 0 0 0 0 0 0 0 0 0 1.860512986779213 0.1486939489841461 0 0.0908627063035965 0 0.9043536558747292 0.3506813198328018 0.7498622536659241 0 0 0 0 0 0 0.1728784814476967 0 0 0.1191306263208389 0 0 0 8.19933757185936 0.1040592268109322 0.5638132989406586 449.0811924859881 9.35765478760004 452.3488146215677 61.43956215679646 607.5067204162478 75.86986831575632 1.301406815648079 20.46836321800947 19.2289274930954 0.3036146387457848 0.3464996665716171 0 12.49109959602356 0.1490255743265152 0 0 7.299448661506176 3.092306688427925 134.9064752981067 1.344894073903561
252.4202757105231 1120.618935495615 427.9237668812275 12.59246283024549 931.7910719364882 4.157777763903141 95.97385885566473 694.7793559804559 411.5717412680387 11.65208327025175 2122.327383302152 10.00684783607721 134.4803888574243 1158.368382364511 9.75412043184042 4.13753717392683 2.440227344632149 1.897925578057766 0.2806970253586769 10.72055108100176 29.91819599270821 0 1.374268524348736 7.87373723834753 5.846477679908276 37.32459679245949 0.3705612868070602 7.140877671539783 0.1064620614051819 0.2786004543304443 2554.892244338989 704.173373632133 69.39830965548754 3.155788004398346 2.39660681784153 9.379743292927742 9.210957638919353 3.689834222197533 0.3083720430731773 0.4200570434331894 35.50102367252111 17.0517511293292 12.51063498854637 3.901499301195145 4.434253975749016 20.40942838042974 66.87202122062445 5.78383506834507 5.370554707944393 24.05113814771175 16.06071808189154 0 0 1.317057006061077 1.760879658162594 5.904144190251827 49.24889410287142 764.3847866430879 28.33530646562576 38.85341546684504 79.23501594364643 94.81070800125599 15.65017719566822 276.5793393179774 7.834639761596918 8.180650368332863 4.99951446801424 39.36921912431717 134.5368565768003 81.97662007063627 7.693301878869534 1.115094497799873 0 244.2094088084996 126.531433172524 135.0347425118089 54.18047565966845 10.16855538636446 64.62007405608892 1010.107359603047 35.72677942365408 263.8704538196325 13.01639626175165 0.2465054914355278 6.228965915739536 3.719963610172272 19.47644393891096 0 1.012766644358635 0 1.71070946007967 0.1000609993934631 97.45165242254734 42.19196508079767 2.464596889913082 1.230129383504391 0.3727084100246429 0 0.4655893296003342 93.99787995964289 0 0 0.1033262386918068 0 0 0 0.3012608736753464 0.1054753437638283 0.2995566055178642 0.1936414614319801 0.3191283196210861 0 0.6681921780109406 0.3596473038196564 0.2152043431997299 0 0.11692725867033 0 0 0 0 0 0 0 0 0.3831536918878555 0 0.1086216643452644 0 0.2110536247491837 0 0 0 0 0 0 0 0.3081997409462929 0.09053536504507065 0.8507560044527054 0.3516839072108269 2.298245616257191 0.4948394447565079 0.7992561981081963 0 0 0 0 0 0 0 0 0 0 0 0.7739334180951118 0 0 0 0 0 0 0.09193012863397598 0 0 0 1.50634029507637 0 0 0 0 0 0 0 0.13699109852314 0 1.403558410704136 0 0 0.3160783350467682 0.1159171909093857 0 0.2173188701272011 0 0 0 0 0 0 0 0 0 0 0.3418361991643906 0.09541741758584976 0.37802854180336 0.19134521484375 0.3851376622915268 0.6417409926652908 1.217844277620316 117.307953029871 15.1018145903945 170.0339050143957 49.30514539778233 87.25269987434149 17.07546862214804 0.5004241317510605 3.148819051682949 1.687688924372196 0.269017718732357 0 0 1.21088732779026 0 0 0 4.437491364777088 1.231858290731907 22.01526641100645 0.1593569368124008
829.4141532555223 656.1479022800922 12.59246283024549 481.9899238795042 116.4003069102764 285.636844098568 524.1351419985294 0.1684307605028152 19.54515070468187 1555.570819832385 4.401678740978241 1816.294126562774 1322.973169185221 197.1904311776161 1.724389754235744 0.08852660655975342 0.1631145626306534 0 0 0 0.07829545438289642 0 0 0 0.09782031178474426 0 0 0.09251226484775543 0 0 28.40108122676611 0.420286551117897 0.08437094837427139 0 0 0 0.09459809213876724 0 0 0 0.2010501623153687 0 0 0 0 0.06864004582166672 21.6580113619566 1.583743713796139 0.2616656646132469 0.2325534820556641 0 0 0 0 2.696119613945484 2.184978120028973 24.74542705714703 169.5178951695561 15.01478825509548 19.7272574454546 0.08176316320896149 0.1916051730513573 0 7.456173256039619 2.552213199436665 1.115641005337238 0.5056740492582321 0.5085990503430367 0.3193486556410789 0 5.041575878858566 0 0 98.87415891885757 20.61024551093578 28.97499905526638 1.603769063949585 0.2754744365811348 0.0931166335940361 0.5598702356219292 0.08866741508245468 0.5181156322360039 8.486111484467983 0 2.57756695151329 1.172739706933498 0.7396062389016151 0 0.4710974618792534 0 0.4262944087386131 0 0 0 0 28.62142746150494 0 0 0 291.3513616099954 1.181292518973351 6.885305032134056 5.68754805624485 43.17573196440935 0.345489501953125 20.74334928393364 18.06997463107109 4.474349856376648 20.68274742364883 21.74652855843306 2.07925046980381 13.79297307133675 42.19433648884296 4.234302178025246 1.606074072420597 0 0.08904698491096497 0 0 0 0 0 0 0 0.1588997691869736 0 0 0 0 0 0 0 0 0 0 0 0 0 0.08664321899414062 0.7163419127464294 0.2961649298667908 3.138437941670418 0.6943314373493195 0 0 0 0 0 0 0.6450382471084595 0 0.09459462761878967 0 0 0 0 0 0 0 0 0 0 0.3542953282594681 1.272109255194664 0 0 1.366319589316845 0 0 0.1129693537950516 0 0 0 0 0 0 2.812066040933132 0 0 0 0 1.165968626737595 0.567981481552124 0.6134257614612579 0 0.254228338599205 0.2531395852565765 0 0 0 0 0 0 0 0 0 0 6.777590483427048 0.3104218244552612 0.5495093762874603 121.2497560232878 2.015595279633999 81.3023559898138 9.492944397032261 645.0893257334828 10.8831230327487 0.8695864677429199 2.366284966468811 15.0537376254797 0 0.6526720151305199 0 17.99356306344271 0 0.09475104510784149 0 3.696011140942574 0.182446077466011 140.3233167305589 1.343932799994946
157.4202950596809 1335.515397153795 931.7910719364882 116.4003069102764 826.7125801295042 3.36628769338131 803.9360277056694 286.5955096557736 2619.782673723996 236.4822012633085 1356.941169559956 159.6781171560287 586.6258824393153 2520.657498560846 12.41934654116631 2.777529753744602 0.07965410500764847 0 0 0 0.1039118692278862 0 0 0 0.1441335827112198 0.08065389841794968 0 0.2156246155500412 0 0 85.40788172930479 4.830516614019871 3.018818378448486 0 0 0.1322461813688278 1.63883538544178 0.3535008952021599 0 0.09766434878110886 0.2656444013118744 0.5031045898795128 0 0.102205827832222 0.2776475921273232 0.07299648225307465 83.03021664917469 2.560177236795425 0.3748842179775238 0.282264418900013 0.7518033981323242 0 0 0 1.301380410790443 2.562291871756315 13.57298974692822 106.6533505916595 15.30973207205534 42.93685605376959 0.6221510842442513 1.862459011375904 0.1747121140360832 35.74131394922733 3.65755595266819 1.804933026432991 1.148846618831158 0.5898286402225494 0.37190842628479 0.2834106981754303 1.640873998403549 0 0 131.4165006764233 61.37883419543505 128.1003714948893 20.28563813865185 1.769931986927986 0.6087559908628464 29.67871887981892 0.3336380273103714 2.020970188081264 9.278957605361938 0 3.244124241173267 1.529052652418613 0.5295571014285088 0 0.5453555062413216 0 0.5446547046303749 0 0.4673284888267517 0.8950680047273636 0 11.48585192859173 0 0 0 15.20527844130993 0 0.1700261235237122 0.8177594542503357 0 0 0.5448087677359581 0 0.7583791092038155 1.882766708731651 1.422111973166466 0.5079397633671761 1.739309594035149 1.201616391539574 0.6144562959671021 1.726475909352303 0 0 0 0 0 0 0 0 0 0 0 0 0 0 0 0 0 0 0 0 0 0 0 0 0.9838610738515854 0 2.338908493518829 0.204369381070137 0.2985275685787201 0 0 0 0 0 0 0 0 0 0 0 0 0 0 0.07288885861635208 0 0 0 0 0 0 0 1.24054142832756 0 0 0 0 0 0 0 0 0 2.165962681174278 0 0 0 0 1.427233383059502 0 0.3979105353355408 0 0 0 0 0 0 0.08824671059846878 0 0.09144803136587143 0 0 0 0 3.901731841266155 0 0 197.2990957126021 3.663212776184082 159.1716001927853 26.98216434568167 86.13216995447874 34.47623621672392 0.1183958202600479 16.49141525477171 6.455273039638996 0 0.220908910036087 0.1576541066169739 2.888555757701397 0 0 0 5.254969596862793 0.7038964331150055 13.57553558796644 1.786478973925114
48.06952106207609 24.37692707031965 4.157777763903141 285.636844098568 3.36628769338131 1.594694808125496 23.16822965443134 0.1972488164901733 1.186072140932083 230.3713633641601 3.78487953543663 66.38023357838392 49.77446665614843 19.12224035710096 0.3836777210235596 0.1337453573942184 0 0 0 0 0 0.8179985582828522 0 0 0.3837255239486694 0.2307784706354141 0 0 0 0 22.91389909386635 0 18.63499781489372 0 0 1.248090833425522 51.34472413361073 8.409014314413071 5.633360624313354 0 0 0.2358484417200089 0 0 0 0 1.309691525995731 0 0 0 0.1881315410137177 5.472057342529297 1.12469470500946 0 0 1.884250067174435 11.21918885409832 5.176362924277782 1.357258915901184 0.2657071948051453 3.149988129734993 14.42490084469318 0.3589046001434326 0 0.07833366096019745 0 0.2087702453136444 0 0 0 187.9486756175756 112.8941419273615 26.6544473618269 0.7328520119190216 0.5291055291891098 0.1846805214881897 0.1100053563714027 0 0 9.395853981375694 0 3.204337164759636 0.09613613039255142 3.570660710334778 0 1.388503924012184 0 6.530281357467175 1.241073004901409 9.548342429101467 0.2057355344295502 0.4253360778093338 0.1627022475004196 0.1570402681827545 0 136.3593763560057 116.2142048031092 39.1652507930994 51.63048310577869 129.9498714953661 0 2.303411051630974 1.631941951811314 1.286446660757065 0 1.376163974404335 0.614333763718605 2.422031134366989 3.898142963647842 3.330065667629242 1.300360441207886 2.727718494832516 4.470673710107803 1.377695173025131 0.616448387503624 0 0 0 0 0 0 0 0 0 0 0 0 0 0 0 0 0 0 0 0 0 0 0 0.1293507963418961 0.1763831526041031 0 1.513148441910744 0.2882007211446762 0.4472484812140465 0 0 0 0 0 0 0 0.09374962002038956 0 0 0 0 0 0 0 0 0.108004666864872 0 0.1288502514362335 0.3104985803365707 0 0 0.1379690915346146 0 0 0 0.1338267922401428 0 0 0 0 0 0.4687515050172806 0 0 0 0.1673311144113541 0.8949484154582024 0.3009971082210541 0 0 0 0 0 0 0 0 0 0 0.2044719755649567 0 0 0 5.163340732455254 0.7122710049152374 0.1099349781870842 75.7081274241209 0.624455988407135 1.225088022649288 0.5046944245696068 113.1233473420143 0.7759101986885071 0.1203793436288834 0 11.58665522187948 0 0 0 15.09910129010677 0 0 0 0.8545844852924347 0 73.08612157404423 2.028548114001751
198.773862183094 1079.896041095257 95.97385885566473 524.1351419985294 803.9360277056694 23.16822965443134 327.0185242965817 120.1196941658854 1224.715750873089 1070.623085461557 962.0223649442196 828.3486405014992 2408.414073288441 2780.867531172931 25.77384673058987 9.924784615635872 0.2352341115474701 0 0.1864087209105492 0.08300938457250595 0.2695493847131729 0 0 0.6613224744796753 0 0.516156405210495 0 0.4067627489566803 0.1258054971694946 0 46.47288876771927 5.660800918936729 2.457755364477634 0 0.3275922313332558 0.3798707723617554 4.83245425671339 0.1181342601776123 0.4634590372443199 0.2151695340871811 0.7927169278264046 0.6705520451068878 0.110523484647274 0.8926301598548889 0.2657560259103775 0.4401241689920425 151.0287863239646 4.684192582964897 0.8343202695250511 0.5483848676085472 0.7176542580127716 0 0 0.1575806587934494 3.581160828471184 4.161723289638758 21.68891268223524 118.7768859863281 24.72393160313368 81.53712721914053 0.8926331102848053 11.32078487426043 0.3497207090258598 43.19714641571045 5.198429308831692 3.886516757309437 1.907175734639168 0.8041862770915031 1.213135994970798 0.5581195279955864 15.77347722649574 0.5555856823921204 0 196.1931117996573 79.30189224332571 205.0129586160183 35.13232021778822 2.992276594042778 1.136192940175533 18.42099823057652 0.8569302409887314 4.832562319934368 16.69055689871311 0.09841328859329224 6.147624887526035 1.229413837194443 2.002147853374481 0 0.8604830950498581 0 0.6062508672475815 0.09750407934188843 1.603207401931286 0.982785776257515 0.3635261878371239 116.518001049757 0.8408012837171555 0.2285773605108261 1.87287250161171 28.31497609615326 0.7991226091980934 9.097470842301846 7.624377228319645 6.287030339241028 0.7441655993461609 9.286375015974045 2.84171137958765 12.42261245846748 17.8341116681695 24.44848953932524 8.757738769054413 25.92501440644264 30.96118503063917 16.2325377613306 13.49601456522942 0.5524230524897575 0.09816738218069077 0 0 0 0 0 0 0 0 0.1731160581111908 0 0.162766695022583 0 0 0 0 0 0 0.2831313908100128 0 0 0.7268238961696625 0 6.998729109764099 2.675281181931496 19.76365847885609 3.719669878482819 1.817337110638618 0 0 0 0 0 0 0 0.08794093132019043 0 0 0 0 0 0.1431736052036285 0.07597590982913971 0 0 0.1052888482809067 0.3969552218914032 1.433994181454182 0 1.093688070774078 10.51367720961571 0.5884913355112076 0.09204592555761337 0 0 0 0 0.4378849565982819 0 0.08921542763710022 21.30078052729368 0 0 0 0 7.441798008978367 1.48275052011013 4.364320769906044 0.2854326665401459 0.216030940413475 0.08625704050064087 0 0 0 0.09492723643779755 0 0 0 0 0 0 42.13371523469687 4.746995344758034 5.243444539606571 555.0485133975744 8.795085661113262 314.1716072782874 74.21546006202698 293.0802825838327 63.27746797353029 0.7106456235051155 47.77741147577763 33.38401961326599 0.8309668898582458 0.7579934671521187 1.410217560827732 38.37933569401503 0 0 0.1770618110895157 20.03953401744366 2.013679534196854 78.79672286659479 12.7448610663414
26.08498411625624 395.4807689860463 694.7793559804559 0.1684307605028152 286.5955096557736 0.1972488164901733 120.1196941658854 980.0371776744723 262.8657739832997 2.474116593599319 2326.452932164073 4.655750676989555 208.6289260312915 2213.592759609222 3.495807565748692 3.323893174529076 2.58410606533289 1.361226506531239 0.4486081227660179 7.899619549512863 22.73865918815136 0 1.346084646880627 9.311539076268673 3.925021342933178 30.51110172271729 0 6.720346637070179 0 0 1127.273136377335 1396.430943354964 53.03650704026222 2.920282676815987 3.020055428147316 15.03297932446003 2.103010758757591 3.928657367825508 0.4257470071315765 0 26.21568536013365 8.460517786443233 7.648930951952934 10.26434978097677 4.516692340373993 22.00010040402412 21.99466651678085 1.952620074152946 2.227536223828793 11.04831067472696 9.60516894608736 0 0 0.217284619808197 0.8888377919793129 1.90874444693327 17.90696156769991 291.6935297399759 7.877102382481098 15.06754488497972 110.6567075774074 213.9639869108796 17.63310883194208 342.9613560885191 1.869800336658955 3.302674226462841 2.652586244046688 17.14802477508783 54.66823326051235 39.51569184660912 1.346536412835121 0 0 73.59525669366121 54.82900680601597 45.52248921245337 130.511752165854 686.286534704268 1158.905193075538 1866.458763867617 60.99944542348385 1030.634336978197 3.463775858283043 0.07486041635274887 2.736576862633228 1.576514221727848 10.21031856536865 0.07540213316679001 0.3133790343999863 0 0.3293723687529564 0 53.1804686486721 17.20356950908899 0.2984991520643234 0.8725466355681419 0 0 0.386982150375843 22.61062687635422 0 0 0 0 0 0 0 0.412880539894104 0 0.6194407045841217 0 0.1171956360340118 0.1162740662693977 0.3046498671174049 0.1121879890561104 0 0 0 0 0 0 0 0 0 0 0 0 0 0 0.1306322515010834 0 0 0 0 0 0 0 0 0 0.3634424731135368 0 0.5117514207959175 0.2460534498095512 0.3621418476104736 0 0 0 0 0 0 0 0 0 0 0 0.1097928509116173 0 0.1647997051477432 0 0 0.1014954224228859 0 0 0 0 0.09944563359022141 0 0 0 0 0 0 0 0 0 0 0.194680817425251 0 0 0 0.1104104146361351 0.1988548338413239 0 0.5078369230031967 0 0 0 0 0 0 0.09247461706399918 0 0 0 0 0.2134969085454941 0 0.2649734541773796 0 0.1916069537401199 41.63331428915262 8.877931706607342 51.51586702466011 22.77518412470818 15.99678720533848 6.159122921526432 0.1045535504817963 1.392243690788746 0.7574429735541344 0.2554485499858856 0 0 0 0 0 0 1.094210594892502 0 4.379306115210056 0.7328712642192841
13.90765982121229 755.5788919702172 411.5717412680387 19.54515070468187 2619.782673723996 1.186072140932083 1224.715750873089 262.8657739832997 698.4196962788701 50.58134332299232 1876.055326648057 30.48634552955627 592.8572670295835 1263.206695303321 8.619568265974522 3.333693891763687 0.08282291889190674 0 0 0 0.2990537732839584 0 0.08243776857852936 0.1244681552052498 0 0 0 0.1947423741221428 0 0 19.90490590035915 2.252446874976158 2.975257270038128 0 0 0.2105549275875092 1.008996993303299 0 0 0 0.4978710860013962 0.3377295210957527 0 0.3848062828183174 0 0.2543050274252892 46.14739223569632 1.634935759007931 0.07672794908285141 0.3558035492897034 0.6220034584403038 0 0 0 1.111742973327637 1.130981847643852 6.27214527130127 31.62881397455931 5.485674768686295 25.263074465096 0.1599465757608414 3.343229681253433 0.2218110039830208 16.3781879991293 0.9469338357448578 0.8720563799142838 0.4554755240678787 0.6120212376117706 0.4663307145237923 0.4272668361663818 4.340938590466976 0 0 57.39208376407623 28.29886829853058 79.14421153068542 14.53168820589781 1.535342939198017 0.3753499910235405 14.62486113607883 0.6360582709312439 1.848791427910328 4.522137656807899 0 1.882707864046097 0.6600060537457466 0.5641240105032921 0.093396857380867 0.2887077853083611 0 0.1314822137355804 0 0.5239857360720634 0.4133574292063713 0.553587481379509 12.88014631718397 0 0 0.4088840186595917 4.077287346124649 0 0.5630074515938759 0.3298749029636383 0.3329023867845535 0 0.1064982041716576 1.090720981359482 0.6892676651477814 2.637606509029865 3.691551923751831 0.8932612165808678 1.69130639731884 4.481336086988449 2.479727484285831 3.290104724466801 0 0.1155773922801018 0 0 0 0 0 0 0 0 0 0 0 0 0 0 0 0 0 0.359514981508255 0 0 0 0 1.514491364359856 0 3.349357694387436 0.09652652591466904 1.044890075922012 0 0 0 0 0 0 0 0 0 0 0 0 0 0 0 0 0 0 0 0.2500858530402184 0 1.06131112575531 0.9605285003781319 0 0 0 0 0 0 0 0 0 3.251850724220276 0 0 0 0 1.256734646856785 0.2907117307186127 1.226954445242882 0 0 0 0 0 0 0 0 0 0.0974145233631134 0 0 0 4.773264832794666 1.080411463975906 0.9395208656787872 146.8149323165417 2.574717491865158 87.80668158829212 21.81333945691586 50.19807510823011 18.52540118992329 0 14.96894933283329 5.876442767679691 0 0 0 4.154941625893116 0 0 0 3.860722027719021 0.8538728356361389 9.963679872453213 2.797551818192005
553.5015392974019 996.4469760581851 11.65208327025175 1555.570819832385 236.4822012633085 230.3713633641601 1070.623085461557 2.474116593599319 50.58134332299232 1101.733427323401 9.693798772990704 2644.032618373632 2734.223887145519 369.2141847386956 4.698029190301895 3.229582123458385 0.1666460931301117 0.106251984834671 0.1070521324872971 0 0 0.2757707536220551 0 0.1570843011140823 0.3838424384593964 0.1424619555473328 0 0 0 0.137905165553093 12.59332626312971 0.3667149171233177 12.65074805170298 0 0 0.4377444237470627 18.72000148892403 3.179584927856922 1.134552463889122 0 0.1290236860513687 0.211916521191597 0.1175685450434685 0.3415625542402267 0.1462936401367188 0.1074888631701469 29.56648107618093 1.474062517285347 0.2231366187334061 0.29584950953722 0.5026101991534233 0.4054965823888779 0 0 1.028628274798393 2.467993870377541 19.04684270918369 96.29147091507912 13.352359354496 18.3916422277689 1.417681068181992 6.844554141163826 0 6.534427829086781 1.385019980370998 0.993390791118145 0.411642923951149 0.5908848866820335 0.4096197709441185 0.2368609607219696 146.9630234986544 2.472311481833458 1.086170852184296 68.96892321109772 17.57261811941862 35.13009300082922 4.188545532524586 0.5975545272231102 0.1585345715284348 4.779651917517185 0 0.7939931377768517 7.291376419365406 0.1390957981348038 2.100629664957523 1.059863798320293 0.4022402837872505 0.3872723579406738 0.3535719439387321 0.4228371828794479 0.08725697547197342 0.1002743393182755 0.1338618844747543 0.3305666744709015 0.09171375632286072 519.5619841068983 17.61438824236393 1.265463948249817 11.32404042780399 296.7655156776309 2.365766681730747 27.89801707863808 19.83246614784002 27.40786346793175 0.181904062628746 19.76275085657835 25.092679515481 20.19160233438015 58.82352111488581 104.3571357354522 26.0227726995945 63.48877512663603 120.7726174890995 41.25630967319012 24.82676258683205 0.4367658272385597 0.2756621241569519 0 0.4489567279815674 0 0 0 0 0 0 0 0 0.4211266040802002 0 0 0 0 0 0 4.074376828968525 0.1524745970964432 0 0.255289614200592 0.1593659818172455 13.4625106304884 1.859436713159084 25.96641969680786 5.313284672796726 0.5976448655128479 0 0 0 0 0.4516021907329559 0 0 0 0.1284188628196716 0 0 0 0 0 0 0 0 0 1.019130788743496 7.887022316455841 0.7134758234024048 0.357457309961319 24.5872882977128 0 0 0 0 0 0 0 0 0 47.6995592713356 0.4637355506420135 0 0 0 20.10746091604233 1.299830332398415 6.139170758426189 0.227723591029644 0.4060093760490417 0.2702662348747253 0 0.08416225761175156 0 0 0 0.1696668863296509 0.07240743190050125 0 0 0 143.4115454554558 4.307993225753307 6.8672985881567 620.0495600998402 2.797823272645473 85.13167183846235 17.88915500789881 1112.064825601876 15.96479640901089 0.3057032823562622 14.08257309347391 155.414466843009 0.3634953051805496 1.141107954084873 0.6004060208797455 184.2865028828382 0.1958074793219566 0 0 1.827769413590431 0.7028129920363426 665.6084076836705 35.7306999117136
72.5251582711935 796.0554556101561 2122.327383302152 4.401678740978241 1356.941169559956 3.78487953543663 962.0223649442196 2326.452932164073 1876.055326648057 9.693798772990704 1253.951346792281 33.1435185521841 1528.511438503861 3796.492172136903 23.1877456381917 21.15751320123672 0.2165096327662468 1.70638681948185 0 2.726358249783516 3.657052546739578 0 0.1215798482298851 2.165143266320229 8.660938426852226 13.89863526821136 0.1267984360456467 4.675497084856033 0.1676308512687683 0 448.0386359170079 57.55932443588972 134.7792970985174 0.2129136994481087 0.973755732178688 10.34179823100567 72.24329204112291 10.67975912988186 1.493222139775753 1.163815595209599 14.29760803282261 10.71003526449203 1.523372374475002 1.569821439683437 0.3770032301545143 0.399979792535305 66.4382683262229 1.153913535177708 1.334168367087841 3.143861524760723 5.966823846101761 0.4183492064476013 0 0 1.028952077031136 1.537015154957771 13.04971919953823 128.7613574936986 7.830415599048138 24.94407939165831 2.527981631457806 18.10715409368277 1.737509936094284 43.05770543962717 2.147827178239822 0.765840906649828 1.706884987652302 4.450190976262093 15.87059657275677 7.982290737330914 42.65247543156147 0.3239710330963135 0 76.87602070719004 42.82626934349537 81.22556588798761 41.50617671012878 7.61328063160181 36.38309596478939 753.0722134038806 1.900888353586197 43.97575968503952 4.354940555989742 0.08945219218730927 2.102551758289337 0.9215011112391949 2.387088678777218 0 0.4381403252482414 0 0.099240742623806 0 19.86382306367159 15.99487421661615 5.419911041855812 13.93444771319628 1.165835425257683 0 1.254587084054947 25.28378168493509 0 0.124627023935318 0 0.1426910012960434 0 0.641509622335434 0.1856469511985779 0.4482202976942062 1.194568775594234 1.415143191814423 0.5593871474266052 2.376259200274944 3.851229466497898 1.873036436736584 2.117946162819862 0.07967441529035568 0.2479496821761131 0 0 0 0 0 0 0 0 0 0 0.1001046299934387 0 0 0 0 0 0 0 0 0 0.23389932513237 0 2.320165127515793 0.3041126430034637 4.682040393352509 1.037138536572456 0.173008143901825 0 0 0 0 0.1010723263025284 0 0 0 0 0 0.1080366745591164 0.1953764259815216 0 0 0 0 0.1035595014691353 0 0 0 0 0 2.875911183655262 0 0 0 0 0 0 0 0 0 6.914216384291649 0.11832195520401 0 0.5006407350301743 0 0.8893524780869484 0.2119686901569366 0.7815209329128265 0 0 0 0 0 0 0 0 0.1072623208165169 0 0 0 0 6.379241958260536 2.663415744900703 2.761547796428204 146.6311179772019 2.668114855885506 99.71157521754503 30.54087937623262 46.80063929408789 14.12027728557587 0.5343249142169952 11.36927508562803 4.201663002371788 0.5027787685394287 0.7138556763529778 0 1.413348034024239 0 0 0 7.53974961489439 1.821610391139984 10.93651512265205 5.264126777648926
259.7917372211814 756.6466147378087 10.00684783607721 1816.294126562774 159.6781171560287 66.38023357838392 828.3486405014992 4.655750676989555 30.48634552955627 2644.032618373632 33.1435185521841 392.9416845589876 1343.020101137459 233.913493514061 16.61586225032806 21.0304634347558 0.5805404856801033 0.4892046675086021 0 0.1705014109611511 1.116805195808411 0 0 0.1259277611970901 1.770462922751904 3.3020009547472 0.2995172441005707 2.620816469192505 0.3725498765707016 0 3.383384466171265 0.4637771546840668 18.9116270467639 0.07690555602312088 0.1202462762594223 2.411246731877327 53.10391636192799 4.193678066134453 0.5330669432878494 0.4306519329547882 4.311380662024021 3.957334652543068 0 2.563827887177467 0.1112724021077156 0.2022357136011124 67.15852124989033 0.4545126110315323 0.7180961444973946 1.715333260595798 2.642412319779396 0 0 0.3913493454456329 0.5631645619869232 0.4515154734253883 4.490123569965363 29.11148846149445 4.550177782773972 13.3524299710989 1.316927835345268 8.492336735129356 0.1573276370763779 7.794647797942162 0.5424206256866455 0.948049284517765 0.3695232197642326 1.179856576025486 2.961985602974892 2.020645827054977 140.8682202249765 6.850494109094143 0 22.36083065718412 9.016428261995316 37.88124675303698 12.7810327783227 2.450442008674145 0.6883091777563095 13.97047386318445 0.2613453716039658 1.792366735637188 3.417721472680569 0 0.3356801867485046 0.5029284954071045 0.08926326781511307 0 0 0.1254226714372635 0.1295542120933533 0 5.528814949095249 4.297074094414711 1.614434882998466 1187.403605364263 41.10991494357586 0 9.756696648895741 30.72612927109003 1.833624258637428 9.511816196143627 10.96594235301018 5.081010609865189 0.8720377385616302 12.40106140822172 11.77539277821779 16.08268974721432 54.13153821974993 58.21044435352087 34.52536372840405 52.72554762661457 113.160194709897 50.15232346206903 44.0374319255352 0.3535654246807098 0.6057290434837341 0.1225854232907295 0 0 0 0 0 0 0 0 0 0.8350259736180305 0 0 0 0 0 0 2.14286195486784 0 0 1.515129946172237 0 34.84888351708651 8.568430207669735 66.1543342769146 10.56921793520451 2.353164032101631 0.2164849042892456 0 0 0 0 0.08318269997835159 0 0.08712036162614822 0.7610799372196198 0 0 0 0.4366730451583862 0.133098840713501 0 0 0 0.4154664427042007 1.034518048167229 4.521929636597633 0.6183892488479614 4.640799686312675 41.49855853617191 0.280475951731205 0.1057807430624962 0 0 0 0 0 0 0 80.84149754792452 0.3206216990947723 0 0 0.1261747628450394 26.36011573672295 1.747468650341034 12.54286232590675 0.4305428490042686 0.2276789620518684 0.4514313787221909 0 0.08623948693275452 0 0 0 0 0 0 0 0.1339181810617447 145.6196079403162 12.27271416783333 19.01984248310328 393.6421495229006 3.528037399053574 86.76041058450937 39.31827706843615 294.9208447858691 12.8032097145915 2.373876094818115 22.0835749283433 109.099350631237 0.2102608233690262 3.677113071084023 0.6431021168828011 102.5811623707414 0.3916787803173065 0 0.09632810950279236 14.29370328038931 1.06521363556385 229.002659752965 53.93684331327677
262.7764862850308 437.1560512706637 134.4803888574243 1322.973169185221 586.6258824393153 49.77446665614843 2408.414073288441 208.6289260312915 592.8572670295835 2734.223887145519 1528.511438503861 1343.020101137459 2074.931333243847 5623.712477885187 75.49731503427029 72.08245616406202 0.5590234771370888 2.218782357871532 0.1072711423039436 1.02568643540144 2.69894652813673 0 0.133347824215889 1.533619567751884 14.47845584154129 18.96284230798483 1.479837656021118 10.48954976350069 0.1290327608585358 0 29.89341734349728 6.880348481237888 375.1121631041169 0.2448944672942162 0.5751072838902473 18.39634066075087 392.9595370516181 150.4370575770736 5.385447181761265 2.89736033976078 12.97727008908987 13.59031426161528 1.505327522754669 6.395862631499767 0.6654612198472023 0.7716917470097542 269.3591978922486 2.930557698011398 1.114261224865913 4.418855898082256 3.654736712574959 1.241857975721359 0 0.8606501370668411 1.457152217626572 3.675780855119228 11.17170505970716 73.43434968590736 13.35523664951324 70.35271473228931 9.233814671635628 71.33836886286736 1.977035477757454 53.71812069416046 2.410396255552769 1.632736295461655 1.652054443955421 6.085785612463951 12.13131990283728 5.308652281761169 484.5225040614605 8.561725176870823 0 113.2527427636087 64.2196936160326 205.1966304033995 76.55113781243563 13.76337888836861 7.536744333803654 257.7166507989168 1.042051494121552 16.96743457019329 8.705111101269722 0 3.299561031162739 1.194737836718559 3.172532178461552 0 0.4325368702411652 0.1467422097921371 0.499137170612812 0 15.84371451288462 16.21996946632862 6.665792845189571 984.5033940449357 21.81170412153006 0 12.33670553565025 35.36152526736259 1.776099473237991 19.32719577103853 11.57550466805696 3.601219363510609 1.088958740234375 13.08956684917212 16.20519818365574 18.95686750859022 59.81566819548607 62.368781670928 39.39080167561769 73.25445626676083 140.604737944901 67.34328916668892 48.76586248725653 0.7265550866723061 0.708367183804512 0 0.2333389073610306 0 0 0 0 0 0 0.1324516385793686 0 1.435247235000134 0 0 0.1730029582977295 0 0 0 5.876924470067024 0 0 6.245732732117176 0.1588921695947647 41.860307097435 6.261678457260132 99.82031741738319 19.77218149602413 10.61693803220987 0.4493583738803864 0.1712078750133514 0 0 0 0.8134442567825317 0 0 0.8490424305200577 0 0 1.106995567679405 0.1354660242795944 0.47127765417099 0.08370154350996017 0 0 0.08870537579059601 0.3389028310775757 4.519376903772354 0.8647592067718506 7.35863883048296 62.00124121457338 0.9448531866073608 0 0 0.1041663661599159 0 0 0 0 0.5237430036067963 116.6154718548059 1.370390243828297 0 0.1472275406122208 0 29.98545271903276 4.622945576906204 21.19980712980032 0.1605998873710632 0.3132096901535988 0.3239023089408875 0 1.098816588521004 0 0 0 0 0.1108499094843864 0 0.3326319456100464 0 177.9363000541925 22.5049237087369 32.71301031112671 948.190589979291 11.69441628456116 358.8472727835178 157.8821124434471 339.0532468631864 57.53588251769543 0.746440127491951 107.6474707201123 111.2137041166425 1.17348063737154 4.70930502563715 0.2871639132499695 115.0651551038027 1.416113160550594 0 0.4257731139659882 46.66386851668358 5.415848642587662 218.8478558212519 77.70654887706041
64.01686757057905 1090.521365001798 1158.368382364511 197.1904311776161 2520.657498560846 19.12224035710096 2780.867531172931 2213.592759609222 1263.206695303321 369.2141847386956 3796.492172136903 233.913493514061 5623.712477885187 1681.591091416776 79.08942425251007 62.84588641673326 0.6081796586513519 2.620551228523254 0.4217815548181534 2.928955048322678 6.175888955593109 0 0 2.854288667440414 14.24392396211624 24.33154457807541 1.489516660571098 8.869210600852966 0.8227783590555191 0.09685428440570831 114.4054424762726 19.23278285562992 547.6048084944487 0.2531347721815109 0.8644502088427544 22.10044609755278 527.4451408982277 211.6161534264684 7.277424022555351 4.634516544640064 21.0092932805419 19.39640779793262 2.181806519627571 4.4599629342556 0.409081906080246 0.9687220305204391 254.4691007509828 2.821151115000248 3.183464854955673 5.684854365885258 6.860556416213512 0.6113479286432266 0 1.021258816123009 2.231694348156452 4.5466563180089 17.34360203146935 95.0238698720932 13.8541462495923 91.4503161534667 4.016420684754848 109.0289309546351 1.940218418836594 78.27992463111877 3.118175245821476 2.511400409042835 1.864297077059746 9.084656126797199 17.78995335102081 5.966866135597229 278.0376831591129 2.728825449943542 0.0948576033115387 146.4190978556871 93.58707266300917 277.5240014269948 103.3606626242399 17.83994128555059 16.06330917775631 893.7987691387534 1.367427356541157 90.30623919516802 9.453684702515602 0 4.650372378528118 2.111935704946518 5.243655875325203 0.1617213785648346 0.193130262196064 0.3967693224549294 0.4477393925189972 0 26.75523946434259 23.88228468596935 7.879818454384804 248.3768715113401 10.19017235189676 0 3.853731378912926 19.61895994842052 2.017448216676712 7.569741077721119 3.912625312805176 2.3526426628232 0.7850228548049927 5.446858555078506 7.980068877339363 7.176839239895344 24.14698342978954 24.41506350785494 23.23024100810289 30.38476242870092 64.15270472317934 27.9778858050704 20.2004402205348 0.524802953004837 0.2811230197548866 0 0 0 0 0 0 0 0.3048588037490845 0 0 0.9170058220624924 0 0 0 0.1244488433003426 0 0.4851706326007843 1.411427445709705 0 0 1.576276369392872 0.1417545080184937 18.42289054393768 6.214074403047562 48.56503245234489 9.905841372907162 1.758542038500309 0.1581265926361084 0 0 0 0 0.7130156755447388 0 0 0.7383318692445755 0 0 0.2776252925395966 0 0.09769619256258011 0 0 0 0.09718088060617447 0.4249840676784515 2.585080377757549 0.2337729185819626 3.193365842103958 24.63871201127768 0 0 0 0 0 0 0 0 0.2419953793287277 53.65930762141943 0.1471392065286636 0 0.4123320877552032 0.2610117569565773 13.24178195744753 2.415165275335312 9.372415937483311 0 0.5179308354854584 0 0 0.7753777652978897 0 0 0 0 0.1598969995975494 0 0.6794540584087372 0 73.5287799462676 17.10747063905001 19.51269344240427 746.5145719051361 16.41938637942076 351.7607219740748 129.5123302489519 166.9324044063687 57.14704839140177 0.46367247402668 74.72499917447567 47.32795181125402 1.016841612756252 2.540807597339153 1.724058568477631 34.78804443776608 0.1866327002644539 0 0.6909236907958984 36.15376000851393 4.818531185388565 86.92907738685608 33.36836110055447
