134.0130594745278 1025.064156148583 269.2607698142529 878.4068558886647 85.98564925044775 90.80513236671686 317.0254595428705 16.29103323817253 0.4275140464305878 740.8943186849356 19.74639727175236 5.52476904541254 26.38289823383093 17.38362137973309 2.798984870314598 0.4022726714611053 0.09309661388397217 0 0 0 0.1259185820817947 0.2117659151554108 0 0 0 0 0 0 0 0 268.3806649670005 4.239133574068546 2.742117449641228 0.08745038509368896 0 0.5172619819641113 1.446777038276196 1.425557613372803 0.6764060854911804 0 0.08217373490333557 0 0.06774505972862244 0.08703406900167465 0.2297918349504471 0.2219530344009399 24.6436280310154 0.3320685923099518 0 0.06961551308631897 0.2170582041144371 0.8623686656355858 0 0.1428975164890289 1.483091697096825 0.7728313878178596 101.7190985232592 418.1748507618904 43.91717110574245 9.531212389469147 0 1.656599000096321 0.1110910028219223 57.37529584020376 0.2182529345154762 0.2064480409026146 0 0.3573762476444244 0.2641581147909164 0.1665199026465416 5.105175748467445 16.17664812505245 0.8654293119907379 111.2980407215655 31.2740665525198 25.3862736299634 4.43398529291153 0.2184597700834274 1.3437435105443 1.642544209957123 0.4861175641417503 2.506574310362339 3.659076198935509 0 0 0.1048813462257385 0.09319056570529938 0 0.09155979752540588 0.2073849439620972 0.1172527968883514 0.3345162719488144 0 0 0.4031865000724792 26.97930184751749 20.48467171192169 1.882531195878983 1.720980450510979 692.6377088353038 0.2988911271095276 4.749132037162781 9.069335147738457 3.044343024492264 2.935556292533875 14.24427257478237 6.242569670081139 7.929733343422413 22.19802276790142 43.87707892805338 2.839606672525406 11.73717837035656 15.21196581423283 3.605577446520329 6.618121072649956 0 0 0 0 0 0 0 0 0 0 0 0 0 0 0 0 0 0 0 3.355757959187031 2.653956785798073 0 0 0.1600813120603561 1.303263187408447 0.1039687097072601 1.434592537581921 0.7803534492850304 0 0 0 0 0 0 0 0 0 0 0 0.1122942715883255 0 0.2282341867685318 0 0 0 0 0 0 0 0.115697406232357 1.301130652427673 5.500873774290085 0 0 0 0 0 0 0 0 0 3.632375843822956 0 0 0 0 4.832060471177101 0 6.181373566389084 0 0 0 0 0 0 0.2315382659435272 0 0 0 0 0 0 2.174504041671753 0 1.133248597383499 253.0664508268237 1.639633469283581 60.92776723951101 10.12048419564962 760.8937308564782 8.390510477125645 0.7784911841154099 2.746363922953606 0.6587957367300987 0 0.2993271723389626 0 51.63050729036331 0 0 0 0.8020791858434677 0.1031367182731628 297.8921401575208 64.76194598525763
1025.064156148583 826.187015209347 527.4120247662067 169.9761561080813 860.6409112289548 31.99342844635248 489.037581730634 61.23005309328437 77.67924335598946 316.2310574948788 598.8237256258726 58.24340588599443 496.4577404037118 444.5213831663132 9.705496095120907 0.9179453179240227 0.285665474832058 0 0 0.2919354885816574 0.3652805015444756 0.5321405529975891 0 0 0 0.1775464117527008 0 0 0.08915717154741287 0 1668.833948180079 26.2434478327632 21.25393939763308 0 0.323648601770401 0.3114400655031204 7.501343071460724 0.6646833568811417 2.20745337754488 0.4992551654577255 0 0.4820260554552078 0.1957986354827881 0.3890824988484383 0.1580932065844536 0.8375318199396133 87.2121921852231 1.335149109363556 0.1623678505420685 0.5234855934977531 0.1750722751021385 0 0.1756585091352463 0.07587641477584839 2.470380514860153 3.599888026714325 159.9018622711301 1152.301371213049 121.5939357765019 25.434595733881 0.7311431020498276 3.262487694621086 0.869693286716938 181.0885466337204 0.22507094591856 0.3318953514099121 0.1662625148892403 0.9325517788529396 0.4889364317059517 0.633212648332119 4.927357651293278 1.418318532407284 0 325.6566792652011 103.7623965963721 94.84114487469196 31.22876058518887 1.115153826773167 3.366357803344727 25.95715593546629 0.5289522483944893 8.37206345051527 7.313823990523815 0.1201986521482468 0.3971022889018059 0.4876589998602867 0.9131985679268837 0 0.2952619045972824 0.09809557348489761 0 0 1.414486467838287 0.3618163764476776 0.5686645582318306 7.87573754042387 2.297248847782612 0 0.5994402468204498 616.0927092954516 0.2365271598100662 1.032192349433899 1.239850297570229 0.6489544212818146 2.155048012733459 6.319468483328819 2.741084963083267 2.937118284404278 5.923320539295673 9.231332518160343 0 4.517089575529099 5.152526892721653 1.552051514387131 2.717020012438297 0.1304947882890701 0 0 0 0 0 0 0 0 0 0 0 0.110776349902153 0 0 0 0.1234516948461533 0 0 2.391811311244965 1.494501911103725 0 0 0.2077030837535858 0.991710253059864 0 1.156565934419632 0.9269702285528183 1.111216127872467 0.2007772326469421 0 0 0 0 0 0 0 0 0 0 0 0 0 0 0 0.07711523026227951 0.07583308219909668 0 0 0 1.05110926926136 2.831022389233112 0.1020296216011047 0 0 0 0 0 0 0 0 1.987315341830254 0.3033653795719147 0 0 0 4.844343580305576 0 3.454447001218796 0 0 0 0 0 0 0 0 0 0 0 0 0 2.420936286449432 0.3614248409867287 1.743011645972729 187.8695259317756 5.081411674618721 169.2873099520802 30.26437684893608 443.223520308733 13.2887257784605 1.011492945253849 8.729050524532795 3.077596135437489 0.1129901111125946 0.2677200064063072 0.1705282032489777 9.458095103502274 0 0 0 2.358460493385792 0 95.91167271882296 12.83152087777853
269.2607698142529 527.4120247662067 1117.522102989256 5.226936914026737 992.6846649199724 2.919140234589577 229.6135364957154 970.3704087510705 297.0619015619159 16.15718977898359 1226.828020393848 13.86038412153721 323.8290763497353 1741.257792927325 15.30928114056587 8.610253661870956 0.5340556278824806 0.662183478474617 0.1194510385394096 1.458155266940594 24.40705347806215 2.60661257058382 10.24078865349293 7.272776871919632 1.301148034632206 2.911342211067677 0.1902426332235336 0.4301517158746719 0.827104240655899 0 2785.403826065361 185.2370452061296 445.0676468536258 4.755719155073166 19.04995553940535 9.008349686861038 67.08396738022566 14.84655186533928 9.7269172295928 0.7830452173948288 28.2451838850975 15.07218274474144 3.331273421645164 2.003100901842117 1.368138790130615 5.758723676204681 62.5341137573123 1.450392179191113 1.647216737270355 4.786586761474609 7.609766915440559 4.518980860710144 0.8686547875404358 11.34916759282351 2.750014580786228 2.172471299767494 106.6216988489032 1308.132340013981 74.23022352159023 14.11924416571856 10.52531888335943 124.4851995557547 14.71819762885571 337.222848251462 0.08889965713024139 0.1821544244885445 2.300088934600353 5.36822772026062 13.47658635675907 28.67355845868587 58.68172334879637 20.09320120513439 0 179.9005867317319 71.11987692117691 64.62357906997204 49.61520632728934 6.323636509478092 428.8358415812254 914.8572522550821 15.98330336809158 524.6855629682541 2.975217893719673 0 0.5732409432530403 0.3393588811159134 5.852542482316494 0 0.34308011084795 0 0.5078513324260712 1.392040029168129 95.66192304342985 14.52110946178436 11.45343186706305 65.05808182805777 24.94743891060352 0.2603114172816277 9.730004161596298 320.3547843843699 1.512563839554787 2.732773751020432 4.483532801270485 0.7601699233055115 7.553797490894794 11.92081297188997 1.049494102597237 9.105475477874279 18.93027252703905 11.79913095384836 2.558691456913948 21.02595219761133 10.57655523717403 5.464959874749184 12.89292961359024 0.19467693567276 0 0.2570691034197807 0 0 0 0 0 0 0 1.840956747531891 0 1.827988244593143 0.55073481798172 0.1279600262641907 1.741910077631474 0.5217613577842712 0.8910978585481644 0 16.28205814957619 13.81585757434368 0 2.311194248497486 1.942815862596035 16.13473578542471 10.51633949577808 22.88606368750334 12.57878461480141 3.699798472225666 1.21156769990921 0.2650250196456909 0 0.2252779752016068 0 0.4716717079281807 0 0.2110858410596848 1.622077628970146 0 0.1566195636987686 0.2756663858890533 2.235315896570683 2.510047227144241 0 0 0 1.308779910206795 1.507315829396248 0 2.100589290261269 8.137030780315399 42.41589660942554 1.225283317267895 0 0 0 0.07560195028781891 0 0 0.2401166334748268 0.6244388669729233 18.47845938801765 2.116212800145149 0.2848589718341827 0 0.1654494479298592 34.02866812050343 3.772485464811325 68.69313901662827 0.500580407679081 0.8092034310102463 0.8935683220624924 0 0.1124480664730072 0 0 0 0 0 0.1866330429911613 1.101461559534073 0.1020034849643707 12.10783375054598 9.977131612598896 22.65481292456388 216.4960745573044 9.701096810400486 154.8158339858055 38.71043316274881 131.9547807127237 14.55796561390162 1.117110580205917 20.1145434230566 5.851627990603447 0 4.839313499629498 1.086080841720104 16.12524066865444 0.781848318874836 0 0.1031472533941269 4.053014174103737 0.4282902181148529 29.76872015744448 16.5251784324646
878.4068558886647 169.9761561080813 5.226936914026737 436.2024477422237 72.70354798436165 449.5033108219504 193.3423212096095 0.226993128657341 0 1476.07047329098 0.5315201282501221 12.78728219866753 166.919573277235 17.76279600709677 0.504352867603302 0.2569693028926849 0 0 0 0 0.1002441495656967 0 0 0 0 0 0 0 0 0 18.21233659237623 0.7750836685299873 1.338731229305267 0 0.3240125775337219 0 0.9446175694465637 0 0 0 0 0 0 0 0 0 5.422032229602337 0 0 0 0.08680345118045807 0 0 0 0.2711207494139671 0 6.809167638421059 39.73225203156471 3.648584477603436 0.4807817414402962 0 0.4729365408420563 0 6.012953817844391 0 0 0 0.0725817084312439 0 0 0.1220088377594948 0 0 8.967121511697769 4.530863054096699 2.494819067418575 1.576728448271751 0.09234807640314102 0 0 0 0.1025401949882507 0.1826615184545517 0 0 0 0 0 0 0 0 0 0 0 0 6.943200752139091 0 0 0 282.7238179445267 0 1.521956324577332 1.726866632699966 0 0.8471194207668304 4.927287392318249 5.144974499940872 2.745185941457748 8.201392367482185 15.45029913634062 1.351849392056465 26.7427650988102 20.52535121887922 27.8288948237896 2.11226361989975 0 0 0 0 0 0 0 0 0 0 0 0 0 0 0 0 0 0 0 1.421733751893044 2.84550067782402 0 0 0 0.1822244077920914 0.122628852725029 0.09578375518321991 0 0 0 0 0 0 0 0 0 0 0 0 0 0 0 0 0 0 0 0 0 0 0 0 1.415068380534649 0.2217860817909241 0 0 0 0 0 0 0 0 2.365159638226032 0 0 0 0 0.6638062670826912 0.7588804364204407 2.260090053081512 0.0811847522854805 0 0 0 0 0 0 0 0 0 0 0 0 1.017952263355255 0.1586212664842606 0.09600812196731567 35.5199144333601 0 4.920626565814018 1.953519240021706 390.3308287113905 0.658229373395443 0 0.3371925577521324 0.218920961022377 0 0.2662332952022552 0 11.60906672477722 0.3905991315841675 0 0 0 0.3202212750911713 134.6938490942121 24.40050967037678
85.98564925044775 860.6409112289548 992.6846649199724 72.70354798436165 782.5521498098969 6.932482436299324 616.9539444707334 313.6985363513231 919.6092187315226 511.7374987006187 1174.773994758725 55.00462146103382 810.8148704022169 2430.45294264704 9.749421827495098 1.563721731305122 0.09659293293952942 0 0 0.07336746156215668 0.5984894633293152 0 0.148668184876442 0.2011758610606194 0 0.1015484184026718 0 0 0 0 165.1055327132344 34.76549685746431 27.78487212210894 0 0.28282330930233 0.1059465259313583 9.228129602968693 0.9215675592422485 0.2537435814738274 0.2210607901215553 0.9712644442915916 0.8245061933994293 0.1690452247858047 0.269219309091568 0.2107303291559219 0.3973282426595688 68.08900124579668 1.225922204554081 0 0.2317867130041122 0.3471753895282745 0.1251957714557648 0 0.1170813962817192 1.108416050672531 1.021011739969254 48.99018895253539 221.5962951257825 39.39444288611412 12.88528160005808 0.5138076618313789 5.041116066277027 0.4613704532384872 125.9871329553425 0.5212492644786835 0.2381646484136581 0.07847419381141663 0.7901992946863174 0.528936967253685 0.6338894963264465 8.91526036709547 1.263370789587498 0 140.6358878202736 74.27329336106777 72.97004716843367 33.49223458766937 0.7619244009256363 4.535295374691486 120.1144770756364 0.4438949674367905 15.64299343526363 4.857150427997112 0 0.09196347743272781 0.2464586347341537 0.152768213301897 0 0 0 0 0 2.752240173518658 0.2486447244882584 0.2650723159313202 21.84358958899975 3.725754715502262 0 1.303764954209328 38.37385850399733 0 0 4.146466687321663 0.5187240689992905 3.041966557502747 6.187432274222374 1.331033751368523 3.457780122756958 9.461794748902321 10.70375117659569 0.6936730295419693 9.252288602292538 9.857018291950226 2.891321063041687 6.6075459420681 0 0 0 0 0 0 0 0 0 0 0 0 0.1641072332859039 0 0.1005283296108246 0.2942947745323181 0 0 0 5.16468571126461 2.700441598892212 0 0.09957188367843628 0 4.072392642498016 0.8530602231621742 2.98766403645277 0.9201995655894279 0.3737421184778214 0 0 0 0 0 0 0 0.1246701627969742 0.3586378917098045 0 0 0 0 0 0 0 0 0.4137050658464432 0.3966426625847816 0 0 0 7.103679664433002 0.5957106947898865 0 0 0 0 0 0 0 0 4.089911207556725 0 0 0 0 9.748868361115456 1.269711792469025 9.384073130786419 0.3129418939352036 0 0 0 0 0 0 0 0 0 0 0 0.09450650960206985 5.952767014503479 2.022111378610134 2.47511950135231 146.157531529665 3.792900882661343 121.1452889889479 21.66283045709133 80.40313487499952 11.58969329297543 0.3989204242825508 9.170945942401886 2.430818952620029 0.09425754100084305 1.873056583106518 0 5.044637382030487 0 0.2072715610265732 0 0.6138083189725876 0.1855916082859039 35.9037733450532 8.138813100755215
90.80513236671686 31.99342844635248 2.919140234589577 449.5033108219504 6.932482436299324 3.97253429889679 26.63469485938549 0.5134851336479187 0 549.553196772933 0.6415133476257324 26.16711408644915 16.40759386122227 6.550935335457325 0 0 0 0 0 0 0 1.099596135318279 0 0 0 0 0 0 0 0 3.195562988519669 0 37.33010184764862 0 0 0.1713060289621353 29.95314407348633 0.4472669959068298 2.63481616973877 0 0 0 0 0 0 0 1.216178357601166 0 0 0 0.5161311104893684 9.049028925597668 1.8568035364151 0 0 0.1094820648431778 21.23822013288736 7.031244739890099 0.477363146841526 0 0.9896740913391113 1.686742573976517 0 0 0 0.08602587878704071 0 0.08300572633743286 0.3167940378189087 0 27.36520065367222 62.3882364705205 1.876910120248795 0.2395905256271362 0 0.1112520545721054 0.1608021110296249 0 0.9971320629119873 0.8982499241828918 0 1.047046422958374 0 0.08311934769153595 0 0 0 0.09879894554615021 0.08857697993516922 2.622026488184929 0.2242566123604774 2.603557169437408 0 0.1019100770354271 0.6450027227401733 64.93636706471443 105.6926939338446 6.429784893989563 12.59117007255554 122.9443307667971 0 3.486451148986816 1.314915202558041 0.1682941168546677 1.884716778993607 2.354433983564377 7.390756666660309 1.79798923432827 4.029393658041954 18.33924190700054 0 3.804659493267536 4.737716697156429 1.020352944731712 2.238979317247868 0.1756846606731415 0 0 0 0 0 0 0 0 0 0 0 0 0 0 0 0 0 0 0.5602502971887589 2.187604039907455 0 0.3777795135974884 0.2478581592440605 0 0 0.1795564591884613 0 0 0 0 0 0 0 0 0 0 0 0 0 0 0 0 0 0 0 0 0.115562416613102 0 0 0 0.7050318270921707 0.2506656050682068 0 0 0 0 0 0 0 0 1.055385775864124 0 0 0.09125541150569916 0 2.605142749845982 0 0.6140747964382172 0 0.1269244253635406 0 0.7273673415184021 0 0 0 0 0 0 0 0 0 1.150487199425697 0.7478125840425491 1.117376133799553 0.9454968869686127 0.703920304775238 0.7198921963572502 0.1065152212977409 56.3327180147171 4.287525057792664 0 0 0 0 0.8891959637403488 0 13.14598226547241 0 0 0 0 0 60.05875731259584 24.12170931696892
317.0254595428705 489.037581730634 229.6135364957154 193.3423212096095 616.9539444707334 26.63469485938549 284.6825490295887 64.03545811772346 1091.240174919367 1048.484857909381 467.7288521304727 329.3773114532232 2670.999697163701 2099.097319506109 11.96507680416107 2.097595810890198 0.1670393198728561 0 0 0.09867547452449799 1.082768313586712 0.3213651478290558 0.3231322020292282 0.4019409716129303 0 0 0 0 0.35733562707901 0 109.889317676425 30.346720084548 108.7942152842879 0 0.6397376656532288 0.1058792099356651 65.11401380598545 2.332802377641201 0.9961970970034599 0.6681459322571754 0.8659406006336212 1.498431995511055 0.182135708630085 0.874887727200985 0.06754127889871597 0.1573179066181183 69.17952357232571 0.5235164612531662 0.08979953825473785 0.2120409533381462 0.3618445917963982 0.1186115220189095 0.2620960026979446 0 1.260480478405952 1.869094714522362 50.26323850825429 210.434105489403 40.69891324266791 13.40791594237089 1.381335861980915 10.60485987365246 0.6223324313759804 112.8419656008482 0.1069314777851105 0.1597570776939392 0.0927368625998497 0.4649330079555511 0.4752783253788948 0.5800010785460472 37.40316301584244 0.7116522789001465 0 154.5504389293492 74.76269295066595 76.06202566623688 34.68228576332331 1.078874625265598 2.374322198331356 17.20023422688246 0.6318793743848801 17.02946311235428 3.055045656859875 0 0.4435568302869797 0.2104549184441566 0.4292406737804413 0 0 0 0 0.1014800369739532 3.39445698261261 1.21012931317091 0.8662266209721565 114.4564241096377 10.88790753483772 0 2.033190988004208 83.00227764993906 0.4639494121074677 1.820126056671143 11.5867460295558 0.8163133412599564 9.789745725691319 19.88065602630377 9.441800720989704 10.49488922953606 29.75159378349781 37.07636774331331 5.361988708376884 31.00721980631351 27.2340130135417 8.785135865211487 14.6467165350914 0.3641833066940308 0 0 0 0 0 0 0 0 0 0 0 0 0 0 0 0 0.09954285621643066 0 9.215428486466408 7.88930294662714 0 0.1509323865175247 0 7.37488154321909 1.303075186908245 7.316118791699409 1.924020953476429 0.3188411220908165 0.1972710341215134 0 0 0 0 0 0 0.137280136346817 0.6806477308273315 0 0 0 0.2060819938778877 0 0 0.1282907128334045 0 0.3764270097017288 0.4818060845136642 0 0 1.544538892805576 22.59097874909639 0.8421121537685394 0 0 0 0 0 0 0 0 16.94931224733591 0.4840909019112587 0 0 0.09417876601219177 21.07842982560396 1.063947848975658 24.56552805751562 0.2160139232873917 0.4463141709566116 0.9725657850503922 0 0 0 0 0 0 0 0 0.1231220588088036 0 21.28979280591011 5.375114612281322 4.110321722924709 168.6939361467957 4.608198709785938 132.5164420306683 26.26400110125542 186.3131206855178 10.41430047899485 0.9752090126276016 11.05345044285059 2.799846217036247 0.08268170058727264 2.802723914384842 0.1694875806570053 20.04657757282257 0 0 0.1084416881203651 1.928058944642544 0.4363821148872375 113.9965734928846 36.53117270767689
16.29103323817253 61.23005309328437 970.3704087510705 0.226993128657341 313.6985363513231 0.5134851336479187 64.03545811772346 505.0832567736506 146.6750534549356 1.633908748626709 951.6157853603363 12.90392090380192 131.7223367467523 1002.891626246274 17.24707346409559 7.132300972938538 1.668152943253517 0.8641425669193268 0.8283586278557777 3.471667058765888 52.28188167512417 2.609806470572948 20.86448474228382 13.38954785466194 0.5787189528346062 4.110750325024128 0.1602570563554764 1.607323035597801 0.6579662561416626 0 337.8780117705464 265.7907222807407 333.6055944785476 14.36887187510729 38.12368323653936 14.00567451119423 72.550915800035 16.35541073232889 10.62186829000711 0.2208759635686874 40.35421798378229 23.7317598760128 7.036239206790924 8.339383482933044 3.741113781929016 28.54956892877817 63.23348141461611 1.285217739641666 2.973189450800419 7.283903568983078 12.15250571072102 8.028043001890182 0 13.90520554035902 0.3466403186321259 0.6275702938437462 24.18984779715538 149.7947363853455 17.47504623234272 8.538895420730114 58.32335944473743 158.2547777220607 37.86452110111713 155.1497406363487 0.6234759315848351 0.2778484001755714 2.62635961920023 7.374655172228813 27.28602171689272 58.28424225747585 41.46476456522942 13.53116067498922 1.040100760757923 69.08634854108095 52.03728331625462 57.00809452682734 57.51206979900599 19.99625469744205 762.7166404724121 1249.307833746076 86.82447405159473 1382.981092978269 1.959204666316509 0 0.08086595684289932 0.5188389867544174 9.266490027308464 0.09957402944564819 1.454780802130699 0.3175681605935097 2.127133972942829 1.415250234305859 147.5333595424891 22.67426441609859 13.57014465332031 21.09071481972933 10.41614942997694 0.4214632511138916 4.777658566832542 11.39445677399635 0.6187624335289001 0 2.183569006621838 0 5.712750777602196 3.805358126759529 1.105725407600403 2.552771925926208 6.133098922669888 2.624136418104172 0.6065765097737312 8.826162539422512 5.201930023729801 2.438192173838615 4.10490508377552 0 0 0 0 0 0 0 0 0 0.3317907452583313 1.93364953994751 0 1.363852493464947 0.2958149611949921 0 1.660098157823086 0.6293082237243652 1.333331756293774 0 7.072351925075054 3.36647555232048 0 1.599771663546562 1.235151529312134 9.716775976121426 2.721527613699436 10.23189808428288 4.866010874509811 2.371900796890259 2.054371058940887 0.2524898424744606 0.09094236791133881 0 0 0 0 0.1355810016393661 0.7104665189981461 0 0 0.5182305723428726 1.188116289675236 2.296993158757687 0 0 0 0.2286374047398567 0.421784795820713 0.1882288604974747 0.7195426225662231 4.394043110311031 24.09365692734718 0.7070314660668373 0 0 0 0.08034311980009079 0.2093889489769936 0 0 1.663897670805454 8.889023624360561 1.764878064393997 0 0.08842555433511734 0.5217559039592743 10.53344042599201 3.012286283075809 21.05823750793934 0 0.2373986393213272 0.4927710965275764 0 0.2493186593055725 0.1160924509167671 0 0 0 0 0 0.5598980933427811 0.2761389762163162 4.076271705329418 5.815346658229828 10.3048737347126 183.3730143010616 10.04254107177258 126.6366803869605 36.2289802506566 31.92098042368889 15.53552211821079 0.7263720110058784 14.39227037131786 5.635442122817039 0 3.182916633784771 1.224265053868294 3.166723638772964 1.051990143954754 0 0 3.824038371443748 0 11.96815409511328 5.594337768852711
0.4275140464305878 77.67924335598946 297.0619015619159 0 919.6092187315226 0 1091.240174919367 146.6750534549356 621.394217133522 28.11161214858294 521.9559842273593 26.63283205032349 1364.095603168011 1713.281976208091 0.8511433452367783 0.2349322289228439 0 0 0 0 0.2253983840346336 0 0 0 0 0 0 0 0 0 3.234935827553272 1.205266356468201 61.4602257758379 0 0.2251880168914795 0 27.42397882789373 1.064827233552933 0 0.1334038525819778 0.1079197153449059 0.1771578639745712 0 0 0 0 3.323234669864178 0 0 0 0 0 0 0 0 0 0.7480177208781242 3.857070341706276 0.6215706318616867 0.3399058952927589 0 0.2207193374633789 0.09783970564603806 3.050208181142807 0 0 0.07868966460227966 0 0 0.07219519466161728 6.115691438317299 0 0 2.675030916929245 1.676632925868034 3.174973629415035 1.381669424474239 0.2031911462545395 0.1074720248579979 60.10436542332172 0 3.572893850505352 0.1263394802808762 0 0 0 0 0 0 0 0 0 0.09672068804502487 0 0 3.628721714019775 1.067953050136566 0 0.5044516772031784 0.9731820300221443 0 0.6969305276870728 0 0.1511810123920441 0.2096870243549347 1.015276409685612 0 0.3554995879530907 1.490039341151714 1.020861357450485 0 0.7143737077713013 0.7185285314917564 0.201085552573204 0.5324099287390709 0 0 0 0 0 0 0 0 0 0 0 0 0 0 0 0 0 0 0 0.3472987562417984 0.4454270303249359 0 0 0 0.110588937997818 0.3954072594642639 0.757465124130249 0 0 0 0 0 0 0 0 0 0 0 0 0 0 0 0 0 0 0 0 0 0 0 0 1.479677900671959 0.09374576061964035 0 0 0 0 0 0 0 0 0.436764694750309 0 0 0 0 0.9914653524756432 0 0.8456454277038574 0.1064660027623177 0 0 0 0 0 0 0 0 0 0 0 0 0.5185800641775131 0.9139695912599564 0.915400929749012 7.421548187732697 0.463222935795784 3.599584989249706 0.9743721187114716 3.065143100917339 0.8427763283252716 0 0 0 0 0.3625850230455399 0.120347335934639 1.021739959716797 0.1247335597872734 0 0 0 0 1.995671562850475 1.173426002264023
740.8943186849356 316.2310574948788 16.15718977898359 1476.07047329098 511.7374987006187 549.553196772933 1048.484857909381 1.633908748626709 28.11161214858294 1336.507146425545 14.48624467104673 728.3612293303013 3452.276029542089 623.6431199163198 0.9912169054150581 0.4569907411932945 0 0 0.09148474037647247 0 0 0.8144398480653763 0 0 0 0 0 0.2260177731513977 0 0 19.71628773957491 3.400509387254715 165.768069319427 0 0.1934643536806107 0.1039992719888687 307.4867736250162 1.451830625534058 1.600632645189762 0 0.322150856256485 0 0 0 0 0 12.1558403596282 0 0.1388355642557144 0.08372084051370621 0 0.5064800083637238 0 0.1512837409973145 0.2252210527658463 0 21.93024156242609 55.65523101389408 5.759012490510941 1.557543337345123 0.2401326596736908 6.117436282336712 0 16.75780327618122 0.07570512592792511 0 0 0 0 0.1685578972101212 147.9662219882011 9.226370006799698 0.2570904865860939 20.03563676774502 10.62517553567886 9.513598889112473 4.872304305434227 0.3973820134997368 0.2029823064804077 4.286211803555489 0 4.269094482064247 0.4173477962613106 0 0 0 0 0 0 0.184738352894783 0 0.5004250109195709 0.4679316282272339 0.3595956265926361 0.1338455528020859 340.5267782509327 23.47331699728966 2.500499039888382 4.617589503526688 401.260344684124 2.167384423315525 4.395941972732544 28.87021783739328 3.00021368265152 20.64748176187277 52.83085454255342 29.37159748375416 34.92238599807024 86.03949481248856 140.8633088544011 10.51111972332001 93.5331712141633 69.1652472615242 43.0028118044138 41.22417845577002 0 0 0 0 0 0 0 0 0 0 0 0 0 0 0 0 0 0 0 19.81467673182487 13.4798906520009 0 0 0 14.33878085017204 1.635261684656143 9.370093986392021 2.555410459637642 0.7134145051240921 0 0 0 0.1085540726780891 0 0.1071217060089111 0 0 0.3955423310399055 0 0 0 0 0 0 0 0 0.3347688689827919 0.5231563150882721 0 0.08647871017456055 0.2269563674926758 28.1521009132266 1.271733149886131 0 0 0 0 0 0 0 0.215854823589325 36.91050645709038 0 0 0 0 46.75792280584574 0.4238678514957428 24.48729112744331 0.5622673332691193 0.2564993500709534 0.600336104631424 0 0 0 0 0 0 0 0 0.1166998967528343 0 45.24553701281548 4.023680746555328 7.752588734030724 61.53094108402729 0.09665326029062271 17.27025130391121 6.016017749905586 489.5545435920358 3.110656507313251 0 1.743625827133656 3.661407604813576 0.1794422566890717 3.419638827443123 0.7664370387792587 89.25492753833532 0.8026107549667358 0 0 0.3869995623826981 0 631.9292827099562 180.1940706595778
19.74639727175236 598.8237256258726 1226.828020393848 0.5315201282501221 1174.773994758725 0.6415133476257324 467.7288521304727 951.6157853603363 521.9559842273593 14.48624467104673 364.2925960347056 51.86331716924906 602.1459580361843 2456.10973469913 5.415755778551102 3.148955248296261 0.2115736454725266 0.2374188899993896 0 0.2466214597225189 3.860205806791782 1.212913192808628 1.582107111811638 0.8007155060768127 0.1358321160078049 0.704912543296814 0 0.8622287511825562 0.7937732934951782 0 136.1116976812482 41.73266895860434 607.0217947661877 0.3042315766215324 3.933064021170139 2.699765034019947 162.7001724615693 29.01995372027159 10.76176618784666 0.2288486957550049 4.41316057741642 5.241693824529648 0.4732248485088348 0.5655086860060692 0.09347818046808243 0.3602362871170044 17.99144138395786 0 0 0.1489895507693291 0.7280591279268265 1.047915041446686 0.8808821588754654 2.353283137083054 0 0.2060047164559364 8.439504750072956 44.88878568261862 6.571511082351208 3.428230233490467 0.2633590921759605 62.04405680298805 2.458485059440136 38.91766136884689 0.1843465194106102 0.08009245246648788 0.1805870085954666 0 0.7418522834777832 3.201401598751545 92.62911617010832 1.73957010358572 0.1405816525220871 27.05642458796501 16.2885178476572 18.95896892994642 12.27080695331097 2.060297608375549 51.45714543014765 820.4326440393925 0.3103431165218353 171.1939191967249 1.148221775889397 0 0 0 0.5687964037060738 0 0 0 0.4838594049215317 0 11.01199266314507 3.685170829296112 3.547178983688354 21.78438866883516 2.071619525551796 0 5.762277320027351 6.805470988154411 0 0 1.767740093171597 0 1.437553599476814 3.483485408127308 0.7235872745513916 1.048242717981339 2.953582510352135 3.837198913097382 0.579414427280426 6.118672117590904 3.880673781037331 1.264734998345375 4.045596711337566 0 0 0 0 0 0 0 0 0 0 0.2871651649475098 0 0.1513795256614685 0 0 0 0.128744438290596 0.1206304132938385 0 3.988664902746677 0.9597723633050919 0 0 0.1457681804895401 1.97008166462183 0.7824210077524185 3.380264662206173 2.122228384017944 0.1775489151477814 0.3510633111000061 0.1302314549684525 0 0 0 0 0 0.1453705728054047 0.2289045825600624 0 0 0 0.4981050938367844 0.4284952729940414 0 0 0 0 0 0 0 0 5.955862388014793 0.7594269216060638 0 0 0 0 0 0 0 0 5.607827953994274 0.5021665692329407 0.1610774397850037 0 0 5.221745751798153 0.4145857691764832 5.997893363237381 0.4213436096906662 0.2782221734523773 0 0 0 0 0 0 0 0 0 0 0.1036929339170456 2.900953412055969 1.664508372545242 3.496265828609467 55.46236268430948 1.139630354940891 37.54433033615351 7.809737667441368 13.6510897949338 2.828874543309212 0.1252017319202423 4.32004801928997 1.324165418744087 0.1460182666778564 1.056939452886581 0.3272755742073059 2.111713699996471 0.3832042813301086 0 0 0.6186214834451675 0.2831558287143707 7.284079685807228 2.281470611691475
5.52476904541254 58.24340588599443 13.86038412153721 12.78728219866753 55.00462146103382 26.16711408644915 329.3773114532232 12.90392090380192 26.63283205032349 728.3612293303013 51.86331716924906 74.45037245750427 829.235335290432 244.409440509975 1.675072178244591 0.7715310081839561 0 0 0 0 0.4178064614534378 0 0 0 0 0 0 0 0.3020877540111542 0 6.138367116451263 3.04080855101347 149.863667473197 0 0.1279667019844055 0 308.7714818120003 10.99415482580662 12.69251753389835 0 0.8308935761451721 0 0 0 0 0.1007775291800499 3.158951692283154 0 0 0.1195524483919144 0 0.6084953546524048 0 0.3929040879011154 0 0.4383085370063782 2.335709750652313 3.977899976074696 0.918151929974556 0.2882962599396706 0 18.56768329441547 0.08967443555593491 7.60839056968689 0 0 0 0 0 0.6320107877254486 196.4749441221356 3.517956495285034 0 3.217732518911362 1.606069557368755 2.969019651412964 3.128211550414562 0.2098851799964905 0.5640924274921417 23.14269268512726 0 10.00824061781168 0.1096072494983673 0 0 0 0 0 0 0 0 0 1.621338732540607 0.4864623099565506 0 474.6094477921724 17.25013074278831 0 7.882330499589443 24.56114536523819 1.098692506551743 4.297402456402779 18.96570360660553 3.178106755018234 17.27462363243103 45.49590110033751 9.837428703904152 26.32310020178556 63.63058344274759 89.58847345411777 7.63439054787159 73.06437899917364 45.03182543069124 20.07098819315434 33.58500072360039 0.1226152703166008 0 0 0 0 0 0 0 0 0 0 0.1018064245581627 0 0 0 0 0 0 0 17.92468013614416 13.47688936442137 0 0 0 16.93827634304762 2.374098472297192 8.283795595169067 2.688361153006554 0.3081088289618492 0 0 0 0.1171201169490814 0 0 0 0.1122805401682854 1.391159079968929 0 0 0 0 0.190532311797142 0 0 0.07182952761650085 0.8082281574606895 0.6354289203882217 1.290985822677612 0 1.483377918601036 25.42185614258051 1.525403782725334 0 0 0 0 0 0 0 0 35.42068606615067 0.2275745570659637 0 0 0 48.67858621478081 0 29.4968091621995 0.3130087330937386 0.09686215221881866 0.2505880296230316 0 0.2063763812184334 0.9685585498809814 0 0 0 0 0 0 0 44.60834207385778 7.21554521471262 6.921028032898903 22.7662712931633 0 10.21989789605141 1.208959169685841 103.710779055953 0.2757190614938736 0 1.450645223259926 1.158684685826302 0 2.2152469009161 0.888506755232811 35.61955266445875 0.4013431668281555 0 0 0.2695447281002998 0.6125105023384094 274.668838083744 89.8104837462306
26.38289823383093 496.4577404037118 323.8290763497353 166.919573277235 810.8148704022169 16.40759386122227 2670.999697163701 131.7223367467523 1364.095603168011 3452.276029542089 602.1459580361843 829.235335290432 1617.298334620893 2401.34886623174 11.18891413509846 5.260276824235916 0.1417217254638672 0.1032482385635376 0 0 2.395661242306232 0.07585185766220093 0.09438596665859222 0.3149396926164627 0 0.1461616605520248 0 0.1564343571662903 0 0 48.07216530665755 23.65635860711336 872.8763478174806 0.1026731505990028 1.105461187660694 1.042295776307583 683.8346716314554 14.9491733238101 9.734890528023243 0.08474509418010712 3.018206045031548 2.150166042149067 0.6015430390834808 0.4657381772994995 0.2911963313817978 0.4012712463736534 45.2597623616457 0.1518742069602013 0 0.8910738080739975 0.543165035545826 1.40018504858017 0.09786764532327652 0.7609855160117149 0.5059212073683739 0.3272521272301674 21.68288804590702 65.14763825386763 16.27069225162268 6.823235027492046 1.38872691988945 36.57121329009533 1.385942906141281 70.64408821612597 0.1875239089131355 0.199095219373703 0.08505429327487946 0.3040205612778664 1.028488591313362 2.73559682071209 286.2526528835297 6.210591718554497 0 58.84532454237342 39.93550248816609 42.22425688803196 28.91259223222733 2.659895725548267 7.71164632588625 56.43511436879635 0.6563226506114006 48.23839303851128 1.377869330346584 0.1008470058441162 0.09581063687801361 0 0.2716838866472244 0.09289918094873428 0 0 0 0.369212880730629 9.293131478130817 3.019581381231546 2.449109278619289 640.8596490174532 27.40086631476879 0.1831115633249283 7.728866323828697 21.56254622340202 0.6372014582157135 2.979999892413616 27.51564307510853 1.088458448648453 20.80543518811464 53.08839285373688 12.15776933729649 32.14755789935589 74.62930198758841 66.72542737424374 11.13255100697279 84.83819814026356 57.39055493474007 25.18495600670576 47.19535383582115 0.1024629548192024 0 0.1018603220582008 0 0 0 0 0 0 0.3641043081879616 0.1764975041151047 0 0.2415440008044243 0 0.3509417027235031 0 0 0.1730180978775024 0 24.19357908517122 18.64295370131731 0 0.2555836364626884 0.1207234114408493 23.07121776044369 6.43969114869833 18.3657738789916 6.667948886752129 1.381519310176373 0.2330430001020432 0 0 0.7208531275391579 0 0.0996449813246727 0 0.1950926035642624 1.081589430570602 0 0 0 0.1267069876194 0.2597565650939941 0 0.1552877426147461 0.1505194306373596 0.4409706816077232 2.461109697818756 0.5082381814718246 0 1.438570126891136 49.68545754998922 4.450820200145245 0 0 0 0 0.1757809221744537 0 0 0 40.44346826523542 0.8931948691606522 0 0 0.08533789217472076 65.13831633329391 1.086677499115467 59.18682437390089 1.211553610861301 1.133983708918095 0.5706255212426186 0.257683277130127 0 0 0 0 0 0 0 0 0 50.45239754766226 9.273459769785404 15.59559938311577 134.439287096262 3.045171558856964 83.65550027042627 21.14441582560539 97.64879808574915 8.927333816885948 0.1740467697381973 11.87661284953356 4.840570688247681 0.08108904212713242 4.632965974509716 1.022124826908112 31.03491616249084 0.6913174986839294 0 0 1.087354876101017 0.1298846304416656 186.2837026119232 87.12300902605057
17.38362137973309 444.5213831663132 1741.257792927325 17.76279600709677 2430.45294264704 6.550935335457325 2099.097319506109 1002.891626246274 1713.281976208091 623.6431199163198 2456.10973469913 244.409440509975 2401.34886623174 959.8338443115354 16.19660422205925 7.664670221507549 0.4637991935014725 0.2037141099572182 0.09213657677173615 0.2333422526717186 4.778956152498722 0 1.35028225928545 1.091857135295868 0.372453510761261 0.7561099454760551 0 0 0.3337083831429482 0 131.6118938624859 50.32455446571112 1004.721764162183 0.8018142655491829 4.383102729916573 3.544433288276196 738.9602810144424 47.03423991054296 21.31643049418926 0.4688051342964172 5.198884218931198 4.344786711037159 0.09475518763065338 0.6005235910415649 0.2427208796143532 1.444739274680614 50.06078758090734 0.5135071352124214 0.4733524769544601 1.440676473081112 1.146554052829742 2.124888204038143 0.160433903336525 3.386077091097832 1.016582936048508 0.5263089761137962 25.91503188759089 95.37741841375828 17.35664657875896 9.911232508718967 1.476046167314053 97.1472926735878 3.038248121738434 86.90679997950792 0 0.2678054347634315 0.2590099200606346 0.3977578654885292 1.422049529850483 3.45026508718729 267.652641415596 6.62620434910059 0 76.06658037006855 47.48300977796316 51.33970506489277 34.34025040268898 3.470026105642319 27.10906057804823 391.4264222793281 1.41525961458683 121.0406339168549 1.85490395128727 0 0.08037207275629044 0 0.2572872415184975 0 0 0 0.1589537933468819 0.1059151589870453 15.3308676853776 2.872363708913326 2.534926220774651 215.7990352511406 21.68586111068726 0.4996222406625748 9.678382143378258 17.61764075607061 0.3313771933317184 3.251771464943886 9.560665912926197 6.74622531235218 9.854025922715664 26.86395394057035 2.439971767365932 12.38377258181572 29.23697099089622 25.49385120719671 4.803508333861828 36.61637161672115 28.08792292326689 11.28933607786894 23.08546049892902 0 0 0.1184443756937981 0 0 0 0 0 0 0 0 0 0 0 0 0.1209254711866379 0 0.5011918544769287 0 16.17380042374134 13.92723976075649 0 0.1196021661162376 0.2587132081389427 13.97048533707857 2.007364168763161 15.54613952338696 4.422355726361275 0.1901004612445831 0.339073434472084 0 0 0.209894061088562 0 0 0 0.2055783718824387 0.9508473724126816 0.2717317342758179 0.08702760934829712 0.1901701092720032 0.4110307991504669 0.6656089872121811 0 0.2277153432369232 0 0.3364016488194466 0.5469504967331886 0 0.1446889638900757 1.878236353397369 35.46679450571537 2.450451612472534 0 0 0 0 0 0 0 0 24.29148899018764 0.5705021917819977 0 0 0 37.61547666788101 1.196818344295025 41.89817200601101 0.713573157787323 0.3086956441402435 0.2519157379865646 0.2048170566558838 0.2475042194128036 0 0 0 0 0 0 0.08825910836458206 0 26.64771780371666 11.31440579146147 11.02237644791603 164.9453157782555 3.560561649501324 108.467171959579 28.74280597269535 48.75419157743454 11.81276195496321 0.9346815645694733 14.34237927943468 2.595364272594452 0.7925751060247421 3.173372469842434 1.064071923494339 14.18682774156332 0.1075128763914108 0.3129871785640717 0 3.557489067316055 0 66.32213571667671 30.27069952338934
2.798984870314598 9.705496095120907 15.30928114056587 0.504352867603302 9.749421827495098 0 11.96507680416107 17.24707346409559 0.8511433452367783 0.9912169054150581 5.415755778551102 1.675072178244591 11.18891413509846 16.19660422205925 702.8411118462682 1468.289830215275 347.3407305032015 4.728843599557877 71.94328030198812 3.816028945147991 2.814123511314392 1.076510310173035 1.394609563052654 2.658211790025234 22.0602215602994 1.337362498044968 5.662453308701515 0.8426099643111229 1.497980743646622 1.122625686228275 3.861437074840069 5.483074024319649 13.66281984746456 22.1414350271225 10.15510558336973 33.88661661744118 22.79223215579987 14.58426635712385 22.28592515736818 20.74820717424154 2.173126272857189 4.559436321258545 15.32841300219297 169.8122101947665 86.16486767679453 187.0958427786827 577.9408481791615 14.75716073811054 13.12953189015388 22.50281675904989 5.09145100414753 0.9607597216963768 3.92854543030262 0.9089480489492416 1.711641147732735 0.1013647392392159 0.5418231785297394 5.913335971534252 5.273080371320248 524.3379209414124 58.77458822727203 55.30989951640368 76.42318604141474 4.223880060017109 0.4932514429092407 0.4518999680876732 0.4170932620763779 8.93363656103611 25.74916146695614 9.716909989714622 20.28229071944952 8.057036690413952 0.08164200186729431 493.1392932385206 25.90387873351574 1289.745018951595 95.21357002109289 160.4438596740365 14.84730373322964 14.51415722072124 71.6744541451335 132.9085553437471 5.050810880959034 0 1.488198809325695 0.1888562813401222 16.27960233390331 0 0.2061274647712708 0 1.536446370184422 0.276956707239151 17.83759993314743 4.113989390432835 1.972249083220959 6.025494404137135 3.294721283018589 0.9183130860328674 8.149261727929115 1.474860817193985 0 0 0.1124453917145729 0 0 0.255668580532074 0 0 0 0 0 0 0.09740079194307327 0.09571907669305801 0.111026220023632 0.4593410789966583 0.09853751212358475 0 0 0 0 0.1817703992128372 0 0 0 0.3113659918308258 0 3.977237075567245 0 0.3859271109104156 0.2210902497172356 1.041113816201687 0.1157845929265022 0 0.2602193355560303 0.5196448862552643 0 2.282030202448368 2.073780991137028 0.8234923928976059 4.978897929191589 2.086153298616409 4.659261465072632 3.568143434822559 0.1518290340900421 0 0 0 0 0.7432268857955933 0 0 0.3260781168937683 0 0.2010807543992996 0 2.647962033748627 0.265202209353447 0 0 0.08113380521535873 0 0 0 1.357710495591164 1.021531447768211 1.382543355226517 0.4209346547722816 0 0 0 0 0 0 0 0.1023463755846024 0.6636984571814537 2.973943740129471 0 0 0 0.5481319427490234 0.1380691677331924 1.397771686315536 0 0.3186270296573639 0 0 0 0 0 0 0 0 0.1849539950489998 0 0 0.4249715283513069 0.6367009729146957 2.434505097568035 56.84514284133911 40.54461285471916 267.2378244847059 44.17328053712845 7.289724007248878 2.266453668475151 0.8992086350917816 3.600987270474434 2.14422582834959 0 0 0.3122541531920433 0 0 0 0 2.374635264277458 0 10.54619291424751 0.4017700478434563
