575.7218170762062 2962.497221969068 501.0040565803647 1374.937424257398 106.2365953996778 223.6075827032328 387.3687497228384 14.07223374396563 30.06787146627903 1043.279840894043 196.4034667536616 666.8645974397659 591.2334636971354 107.833561822772 1.399623729288578 0.5334170013666153 0.4415863752365112 0 0 0 0 0 0 0 0 0 0 0.08635818958282471 0 0 1147.852737285197 28.34664721041918 5.960201360285282 0.3532284572720528 0 0.5187676623463631 8.71428469568491 1.242985844612122 0.9946192130446434 0 0.1107118353247643 0 0 0.2499350681900978 0.1740679889917374 0.4460764229297638 32.07420565932989 0.3933306783437729 0.1790316849946976 0.1005387604236603 0.18355543166399 0.1250306367874146 0.1099954172968864 0 7.39845509827137 10.21740043908358 133.5999564751983 598.0990041010082 87.3551839068532 88.60476238280535 0.5760554894804955 2.253100864589214 0.07680276036262512 145.3978316038847 1.12758469581604 0.5181197449564934 0.337599128484726 0 0.07123652100563049 0.1705246716737747 11.1887491568923 10.31029213964939 0.24466273188591 279.1927895322442 97.63812824338675 45.80391706526279 9.198978275060654 0.5060698762536049 0.532979279756546 6.512186743319035 0.9322318136692047 3.076649330556393 9.539096005260944 0.3343765363097191 0.6498719900846481 0.6264466568827629 0 0 0.25599305331707 0.1052300408482552 0.082370825111866 0.1799842715263367 0.2491206675767899 0.400249071419239 0 32.1530610024929 22.09516104310751 1.808319553732872 1.453743413090706 1600.069179847836 0 1.322844043374062 1.574829906225204 1.682215213775635 0.1127578318119049 3.007614888250828 5.118296757340431 2.847700275480747 2.079747185111046 3.520577609539032 0.1136798039078712 1.104757145047188 3.675616264343262 1.429533280432224 3.813093796372414 0 0 0 0 0 0 0 0 0 0 0 0 0.5426944941282272 0 0 0 0 0 0 2.995834663510323 0.29433573782444 0 0 0 3.74635311961174 0.1310135424137115 0.9296875298023224 0.3564257770776749 0.3187591210007668 0 0 0 0 0 0 0 0 0 0 0 0 0 0.148745983839035 0 0 0 0 0 0 0 0 1.555711135268211 0.2852045893669128 0 0 0 0 0 0 0 0 5.771129123866558 0 0.3032938614487648 0 0 0.2213763147592545 0 0.2601416707038879 0 0.6757932901382446 0 0 0.1084530279040337 0 0 0 0 0 0 0 0 2.592926725745201 0.1802692413330078 0.6585292220115662 256.4690788090229 2.017674893140793 88.86388540267944 7.654303438961506 856.9925201609731 5.906494818627834 2.142514653503895 5.071598120033741 12.92579057812691 0.1152105703949928 0.1587666720151901 0 12.06583143770695 0 0.1039452105760574 0.1468795090913773 2.484095990657806 0 154.6456831619143 10.53862403333187
2962.497221969068 2699.02060507983 2560.996335394681 1025.463572055101 2659.794410631061 127.6618870049715 2315.365524254739 50.1285203397274 775.6328195184469 1236.749945029616 673.5289085879922 66.54294288903475 993.8854660615325 2191.379271298647 5.061245329678059 7.21129484474659 0.8308347761631012 0 0.1946329176425934 0.1252149492502213 0.07922694832086563 0 0.2313477471470833 0.09809580445289612 0.1019395440816879 0 0 0.1757197603583336 0.1473494917154312 0.3035561889410019 1953.200190141797 89.49140240252018 45.33423937112093 0.3688247948884964 0.1531271040439606 0.4039410576224327 32.36423952132463 1.393905073404312 2.467849791049957 0.4869250133633614 0 0.1210116446018219 0 0.6600910946726799 0.3562454730272293 1.75025948882103 112.5272376462817 1.354581512510777 0.5427562966942787 0.2788143306970596 0 0.1297561973333359 0.09145554900169373 0 9.932939991354942 15.13287872076035 82.98171446472406 464.8079918622971 65.18421587347984 117.0058656856418 0.8740784674882889 11.36349127441645 1.056091949343681 383.5549990907311 1.678911328315735 0.8242065533995628 0.3980382308363914 0 0.1027102023363113 0.3403785601258278 44.27519720047712 0.1235092505812645 0.2813775539398193 272.7549338825047 153.6027038693428 132.6460797190666 69.27568109333515 7.47617943584919 3.755859203636646 21.37333885580301 0.680258072912693 6.207220613956451 15.95205645263195 1.075386688113213 1.310238026082516 1.202476359903812 0.2170718833804131 0 0 0 0.186274491250515 0.425797164440155 0 0 0.09236647933721542 33.81563922762871 2.634624019265175 0 2.536977544426918 1106.14408762753 0.4722160249948502 3.637845918536186 2.723623782396317 4.585279755294323 1.484996370971203 10.5538268238306 11.7151240259409 10.28138732910156 6.829082548618317 13.15324907004833 2.641852930188179 23.10349007695913 17.35068409889936 22.65605437755585 25.90337304770947 1.154099375009537 0 0 0 0 0 0 0 0 0 0 0 0.2547534108161926 0 0 0.195037379860878 0 0.2716878056526184 0 18.01604890823364 7.20050323009491 0 0.4161267355084419 0 15.53820876777172 0.3186282217502594 5.720525562763214 1.111176013946533 2.470404125750065 0 0 0 0 0 0 0 0.3548905849456787 0.7171252220869064 0 0 0 0 0.5502502024173737 0 0 0 0.08527936786413193 1.26662590354681 0 0 0.1461385488510132 6.638559363782406 4.059983879327774 0 0 0 0 0.08060243725776672 0 0 0 32.92327969521284 0.2146128863096237 0 0 0 7.004574663937092 0.4329270720481873 1.512575060129166 0.6446211636066437 2.892993152141571 1.716272935271263 1.560631901025772 0.3070760369300842 0 0 0 0 0 0 0.2366511523723602 0 19.65942558646202 4.343935951590538 8.004993535578251 358.2473596706986 8.946381561458111 208.0748387277126 21.40066628903151 485.5826132297516 15.4314626455307 1.662432678043842 26.3166322261095 28.55206532776356 0 2.381447955965996 1.44973910599947 26.25925530493259 0 0 0.7821167707443237 0.8384671211242676 1.18858577311039 92.76255495101213 18.78788693994284
501.0040565803647 2560.996335394681 1681.19522203505 9.81688503921032 1784.683932937682 4.018178604543209 68.9923090711236 1470.848780035973 960.9159200638533 14.98803786933422 2053.279693447053 19.2900687083602 139.3683914616704 1752.160094603896 5.170614957809448 9.610172249376774 0.8074848353862762 0.100271463394165 0.1979622319340706 0.4432485848665237 1.956619776785374 0 0.4390946999192238 0.6530046164989471 0 0 0 0.1209836676716805 0.2542471811175346 0 5167.353956528008 565.2436864227057 217.0439781919122 3.621183596551418 0.8381969183683395 1.183079317212105 73.22055721282959 3.866573520004749 8.696341849863529 1.144268169999123 1.224955193698406 1.204058334231377 0.8171055912971497 0.8404913246631622 0.3385429084300995 3.557702794671059 61.32964264601469 1.324000850319862 0.311964213848114 1.407703496515751 0.9987297728657722 0.3371746316552162 0.1191572099924088 0.1104991659522057 5.772287778556347 6.135979648679495 67.09477066621184 461.8706038892269 42.09080170094967 62.11623393371701 3.687502764165401 59.93915825337172 0.8901132792234421 401.1076231971383 1.077971711754799 0.677401028573513 0.2719395905733109 0.464956596493721 0.5699553564190865 5.799802675843239 96.58608797937632 2.328005537390709 0.1149240434169769 170.1652512773871 90.62544691562653 79.66786456108093 49.68730033934116 7.932792343199253 30.74409257620573 523.0766565129161 3.457058556377888 141.5346819832921 7.851502396166325 0.4176422953605652 0.4726407453417778 0.6732783019542694 0.3482170328497887 0 0 0.07630445063114166 1.871579892933369 0.2887785956263542 2.863696150481701 1.891033723950386 1.506168320775032 41.06400007009506 6.472169458866119 0 7.000526703894138 572.8695994019508 2.373240828514099 1.56352549046278 1.939537838101387 2.067377865314484 4.077657602727413 3.298919856548309 3.465832829475403 8.76285133510828 3.962047651410103 10.30464193224907 2.241989307105541 18.21170926839113 16.70316714048386 17.73002688586712 26.10604892671108 0.4288656637072563 0.4750401675701141 0 0 0 0 0.1246644780039787 0 0 0 0 0 1.224280655384064 0 1.337969332933426 0 0 0 0.2465808987617493 21.09064784646034 7.108237005770206 0 1.146802581846714 0.7805309295654297 22.07412614673376 1.61976170539856 23.06023952364922 2.429216504096985 4.729697100818157 0 0 0 1.0800861120224 0.438709944486618 0.2789814174175262 0 0.2864182889461517 0.5057006925344467 0 0 0 0.1464542895555496 0.1470060646533966 0 0 0 0.7871768325567245 2.145284250378609 0 0.2147775888442993 1.768963187932968 15.82701186835766 5.328680746257305 0 0 0 0 0 0 0 0 49.80768350511789 0.197246715426445 0.1420122981071472 0 0 7.719975277781487 0 7.539075061678886 0.3410147875547409 5.495027899742126 3.321632884442806 2.317213453352451 1.571875691413879 0 0.7221486568450928 0 0 0 0.2355305925011635 0 0.1084320545196533 18.24437455832958 17.2638421729207 17.08171677589417 187.4010444581509 3.123577825725079 124.9522008225322 15.86035872995853 56.72667472064495 11.31279112398624 0.376186266541481 13.27413412928581 11.83242231607437 0.4719622954726219 2.827895134687424 0.192604087293148 14.1269434466958 0 0.2400848865509033 0 1.716405585408211 0 28.82334595918655 11.86299704760313
1374.937424257398 1025.463572055101 9.81688503921032 589.1128456890583 58.70952653884888 819.0554219037294 826.3468735516071 0.3510472849011421 12.60812431573868 2063.96720508486 3.044659495353699 1113.39171654731 1367.900782175362 27.20181921869516 0.1520029008388519 0 0 0 0 0 0 0 0 0 0 0 0 0 0 0 90.87788085639477 1.825762234628201 2.980339869856834 0.08287283778190613 0.09897094964981079 0 4.19368439912796 0 0.105964370071888 0 0 0 0 0 0 0 10.43311084806919 0.2017075046896935 0 0 0 0 0 0 0.551414430141449 1.764163635671139 17.63227047771215 85.49513077735901 12.31437645107508 15.44150941073895 0 0.1722388043999672 0 29.9185329452157 0.1189870461821556 0.07758436352014542 0 0 0.1025279462337494 0.08353979885578156 11.63719791173935 0 0 48.32209781557322 18.17508981376886 8.805530220270157 3.334236711263657 0.09729690849781036 0.3668062090873718 0.5131245851516724 0 0.1235919669270515 1.381352037191391 0.3996904566884041 0 0 0 0 0 0 0 0 0 0 0 5.597636878490448 2.808270692825317 0 0.3349210023880005 523.5123912841082 1.089057184755802 4.048715457320213 67.07791014015675 37.96657716482878 0.2854234278202057 65.93359480798244 7.271085888147354 4.919892400503159 34.48322235047817 17.93055322766304 0.218746230006218 28.27646726369858 13.30291970074177 2.785409539937973 2.283374816179276 0 0 0 0 0 0 0 0 0 0 0 0 0 0 0 0 0 0 0 3.084226496517658 0.6871075108647346 0 0 0 1.983230784535408 0 0 0 0.2891948223114014 0 0 0 0 0 0 0 0.1278953552246094 0.2819094136357307 0 0 0 0 0 0 0 0 0 0.3271852061152458 0 0 0 0 1.278088495135307 0 0 0 0 0 0 0 0 3.443130388855934 0 0 0 0 0.3425604999065399 0 0.1890005022287369 0.1182042732834816 1.771093219518661 0.5278772711753845 0.3061459809541702 0.8531604707241058 0 0 0 0 0 0 0 0 3.676069483160973 0 0.1572894752025604 82.98630709201097 0.2072690203785896 20.19885109364986 2.890074983239174 561.5433668717742 1.631014563143253 0 1.791003204882145 9.948891595005989 0 1.631706044077873 0.1686416417360306 10.87574379146099 0.1022358015179634 0 0 0 0 54.66973296552896 4.590645417571068
106.2365953996778 2659.794410631061 1784.683932937682 58.70952653884888 744.6682567894459 12.84103939682245 1151.548162601888 179.4441011324525 1171.737606137991 383.9833363071084 783.8545397222042 20.65854138880968 850.8788733407855 2823.676196470857 3.877591416239738 9.73327448964119 0.5840537175536156 0 0.3386568054556847 0 0.07712910324335098 0 0 0 0.2008151561021805 0 0 0.1352155804634094 0 0 108.4857169464231 32.93744058161974 41.88904148340225 0.8280584588646889 0 0 23.86127343028784 1.907840013504028 2.764282122254372 0.08714443445205688 0.2344021648168564 0 0.1142707765102386 0.1370255351066589 0.2748891338706017 0.5391367897391319 68.19381694495678 0.3768856525421143 0.3844388201832771 0 0.1361070275306702 0 0.4787916988134384 0.2155176550149918 2.554385706782341 3.896059021353722 10.6306869238615 58.08992401883006 11.3444348461926 41.63378465175629 0.872239887714386 12.03238871693611 1.760128766298294 154.6356169804931 0.6930467188358307 0.5906417965888977 0 0.1301408708095551 0 0.2425948604941368 67.8319973424077 0 0.1460521370172501 65.66947709769011 51.96603416651487 61.43096970766783 61.14472175389528 9.94024870544672 3.088586755096912 22.00251197069883 0.6243439540266991 6.930541180074215 3.493366397917271 0.1150302812457085 0.3708437457680702 0.3505601733922958 0.09508510679006577 0.1006208583712578 0.0901111513376236 1.419162511825562 0.08541331440210342 0 1.064542919397354 0 0.1146374419331551 50.30338563770056 2.465953886508942 0 4.849836431443691 34.19411603361368 1.129511833190918 4.170948684215546 5.230637654662132 5.250954180955887 4.599569857120514 13.85539979487658 9.726118430495262 16.84933080524206 9.351877108216286 23.46676963567734 5.157159574329853 40.98621974885464 27.67703673988581 37.49225908517838 44.17914361506701 0.4390653520822525 0 0 0 0 0 0 0 0 0 0.2744721099734306 0.1571276932954788 0.2173762023448944 0 0 0 0.2955292165279388 0.3423624187707901 0.1902154088020325 27.74149595946074 7.67370817065239 0 0.4658791720867157 0 25.79699060320854 3.925725013017654 21.93761647492647 2.475306943058968 4.065647952258587 0 0 0 0 0.2551620900630951 0 0 0.1762886792421341 0.6261128336191177 0 0.1088574156165123 0 0 0 0 0 0 0.245695173740387 1.910055235028267 0.9985470771789551 0 0.965281680226326 20.45351729542017 6.880649425089359 0.2558909952640533 0 0 0 0 0 0 0.07688342034816742 73.38591175526381 1.651325136423111 0 0 0 14.47279284149408 0.3352839946746826 7.754634626209736 0.3430898264050484 4.277323834598064 1.695616856217384 3.504869282245636 1.396557152271271 0 0 0 0 0 0 0.2863039374351501 0 40.66811913251877 15.85235916078091 11.09972377866507 278.8113240897655 4.231884613633156 121.4129431918263 17.60791726410389 159.1551391258836 15.77352805435658 0.7034334391355515 21.15061149001122 38.22646437585354 0 4.275700524449348 0.8060799986124039 41.90084327757359 0.389619380235672 0 0 0.4278829470276833 0 90.74434573948383 19.9830480068922
223.6075827032328 127.6618870049715 4.018178604543209 819.0554219037294 12.84103939682245 15.08514373749495 60.02784863859415 1.760338537395 4.325524605810642 844.9476682767272 4.201856195926666 166.8150645345449 79.1773140206933 14.61001417785883 0.3725887015461922 0.9041675925254822 0 0 0 0.1232869178056717 0.4274002611637115 0.1447838395833969 0 0.1713264733552933 0 0 0 0.1689334809780121 0 0 31.48199893534184 0.7028252184391022 9.099066182971001 0.4150950759649277 0 0 18.1422224342823 0.3116718530654907 5.843961328268051 0.1585009694099426 0.6530319452285767 0.07447876036167145 0 0 0 0 2.405317232012749 0 0 0 0.4169563502073288 2.401243679225445 2.995092391967773 0 0.7570380195975304 0.9674587994813919 49.88895829021931 41.81824018061161 4.658530101180077 6.626484051346779 1.862872287631035 1.579985342919827 1.963343009352684 7.113640241324902 0 0 0.08712790161371231 0 0 0.5192879289388657 77.07291822135448 89.61651934683323 9.9443434253335 17.93453151732683 4.13532005995512 4.249555945396423 0.6564748659729958 0 0 1.275782734155655 0.6929645538330078 0.9052859991788864 1.566837705671787 0 0.09701573103666306 0.2868709787726402 0 0.6242406368255615 1.197385258972645 4.09441651403904 0.5036719143390656 1.700157761573792 0 0.4821470454335213 0.4044488221406937 243.5123339891434 138.6563985347748 16.67370747029781 21.55470281839371 427.8145654797554 0 0 0 0 0.2518907785415649 0 0 0 0 0 0.2185912281274796 0 0.5363488644361496 0.1285887360572815 0.3202809393405914 0 0 0 0 0 0 0 0 0 0 0 0 0 0 0 0 0 0 0 0.2665415555238724 0.114140972495079 0 0 0 0.1076897233724594 0 0 0 0.1408853381872177 0 0.1750018447637558 0 0 0 0 0 0 0.3215591609477997 0 0 0 0 0 0 0 0 0 0 0 0 0 0 0 0 0 0 0 0 0 0 0 1.069032028317451 0 0 0.08024577796459198 0.1063469871878624 0 0 0 0 0 0 0 0 0 0 0 0 0 0 0.1383092850446701 0 0.1427927911281586 0.1166076734662056 0.2197241187095642 13.48768542706966 0.2844637706875801 8.381882674992085 1.359172955155373 197.0754094719887 1.097059369087219 0 0.7254989743232727 2.198446780443192 0 0 0 1.564035654067993 0 0 0 0 0 43.67657582461834 0.301020085811615
387.3687497228384 2315.365524254739 68.9923090711236 826.3468735516071 1151.548162601888 60.02784863859415 1208.92343930155 6.508979111909866 980.9505896121264 2433.485068440437 65.49475871771574 230.5415492281318 1961.588477186859 1325.595616742969 2.112325750291348 3.541093036532402 0.5865355879068375 0 0 0 0 0 0 0 0 0 0 0 0 0 80.05406479537487 10.2569656893611 27.2555748000741 0.2532186359167099 0 0.1294487714767456 29.03698372840881 0.33026984333992 0.8414117246866226 0.1362071335315704 0.1556340605020523 0.2935644313693047 0 0 0.08195871114730835 0.5097573325037956 29.05464477837086 0.3395346403121948 0.09480689465999603 0.09033914655447006 0 0 0.4406055212020874 0 1.755435608327389 3.094384387135506 10.74898783862591 51.13671816140413 6.899578534066677 23.0073801279068 0.2126605659723282 7.700372792780399 0.3129881769418716 78.36778826266527 0.1366035267710686 0.1654052808880806 0.1090177595615387 0 0 0.07451017946004868 61.46848011761904 1.483217149972916 0.1051172763109207 44.93103259056807 28.19930475205183 31.1251442283392 23.95737385004759 5.36543919891119 1.288645386695862 12.01460563391447 0.1117229983210564 4.103932626545429 3.7140838727355 0.3381818383932114 0 0.3776498883962631 0 0 0 0 0 0 0.1113399714231491 0.08711987733840942 0.2841196805238724 68.66514180600643 3.326242566108704 0 1.732970856130123 51.31076002120972 1.576452314853668 8.474001951515675 22.44514065235853 19.38162580132484 5.031515151262283 34.04344184696674 12.53630451112986 38.53461559861898 79.38859941065311 41.45270651578903 4.297013178467751 202.4940482527018 136.0104168280959 50.35541298985481 36.8697956725955 0.3955439031124115 0 0 0.2394792437553406 0 0 0 0 0 0 0 0.1313358545303345 0.3047009706497192 0 0 0 0 0 0 21.53963617235422 9.842003971338272 0 0.5669997930526733 0 19.47471115738153 4.064549341797829 14.28726986795664 1.389063239097595 2.642962709069252 0 0 0 0.2368693500757217 0 0 0 0.1073854267597198 1.072133406996727 0 0 0 0 0.1890584230422974 0 0.3518147468566895 0 0 2.953232705593109 0.9871296584606171 0 0 9.844248116016388 7.091940514743328 0 0 0 0 0 0 0 0 60.08961074799299 0.1128360405564308 0 0 0 14.02105410397053 0 4.55862382799387 0.5253248959779739 6.818113319575787 3.949965514242649 2.081061512231827 1.123004227876663 0 0 0 0 0 0 0 0.1480590552091599 36.74531669169664 5.490035556256771 9.361907742917538 229.6906249970198 1.788813576102257 65.61774578690529 11.30266413837671 298.9106443971395 4.253615871071815 4.016516149044037 10.71459767222404 47.97668667882681 0.08973993360996246 4.439577117562294 0.9050067290663719 55.92948339879513 0.6147598773241043 0 0.9273726940155029 1.029542550444603 1.001032948493958 132.4746037870646 22.71476120501757
14.07223374396563 50.1285203397274 1470.848780035973 0.3510472849011421 179.4441011324525 1.760338537395 6.508979111909866 1705.002110391855 327.3408670425415 1.494326792657375 4419.882789410651 21.66244696080685 79.01841498166323 1534.483069956303 17.06483933329582 78.76346104592085 7.193278506398201 9.822995543479919 2.535060539841652 15.12840066850185 35.7315573617816 0 15.48092104494572 15.6526176482439 3.954393498599529 2.996672958135605 1.575586661696434 1.594105318188667 1.117365032434464 0.190886415541172 924.4439729228616 984.9026063606143 422.7906104400754 55.49803990870714 14.72059464454651 10.75251549482346 95.34515556693077 42.27264337986708 18.83806590735912 4.70428654551506 17.34430503100157 9.085233852267265 12.417748875916 90.28194076567888 13.95973525196314 126.7862984165549 151.4761250391603 8.703984647989273 5.750098839402199 21.5612797960639 10.12199684977531 2.010384239256382 1.720172315835953 0.5694272518157959 4.259208537638187 5.837887316942215 21.34175960719585 140.4551673606038 18.44828195497394 63.77905487269163 132.881353892386 326.2695160210133 31.73365596681833 577.6245714947581 0.5931302681565285 0.9536438509821892 1.604549020528793 3.224167346954346 14.40228955447674 76.26254380494356 141.5678790435195 10.86336252093315 0.6914017349481583 114.5443460084498 115.3926044330001 174.6128756031394 243.0700767785311 364.0207803174853 1359.711603187025 3177.887021042407 120.1875490099192 1916.454533904791 6.824813418090343 0.2894787192344666 3.317223258316517 0.784214474260807 7.507150150835514 0 0.5276030674576759 0.4500432014465332 21.10085999965668 4.591797888278961 41.30223965644836 25.70419242978096 11.69911862164736 56.31207065284252 14.12134466320276 0.5862248539924622 15.24258065223694 43.9830080717802 2.556571684777737 1.529855363070965 1.642549961805344 1.949322491884232 4.663563080132008 3.706339031457901 2.526413656771183 9.652141213417053 3.772623583674431 6.400915987789631 4.855686791241169 19.04167542606592 16.56079491972923 21.39584472775459 27.46493868529797 0.6688480824232101 0.2724839374423027 0 0.429199606180191 0 0 0 0 0.09451146423816681 0 0.6634698882699013 0.2817463278770447 1.439021043479443 0.4406388401985168 0.6150291934609413 0.1710054129362106 0.3491086363792419 0.2725431174039841 0 19.63627999275923 13.01565887033939 0.3256112039089203 1.193338021636009 0 33.01855420321226 5.948004551231861 24.69564657658339 5.062881745398045 9.107685200870037 0 0.1274264752864838 0 0.37240269780159 0 0 0 1.85012286901474 1.898191809654236 0.259585827589035 0 0.5315594598650932 1.107293114066124 0.4086964502930641 0.1861468702554703 0 0 2.45266867429018 2.349483363330364 0 0 1.785340949892998 19.24324117600918 13.76189187169075 0 0 0 0 0 0 0 0.1393842697143555 66.04172747582197 0.9299323111772537 0.1018702164292336 0 1.165875419974327 9.897506393492222 0.1660420298576355 6.479246258735657 0.7034479975700378 4.434875078499317 2.077959932386875 2.996195830404758 2.243863984942436 0 0 0.2764220237731934 0 0.2262280583381653 0.3727495893836021 0.4006464183330536 0.712456077337265 26.91788176447153 19.59413097798824 23.25286116451025 630.9101765975356 16.43304121494293 288.3293051496148 82.90487522631884 49.19201405346394 28.97746449708939 1.047306559979916 62.60841067880392 15.90748410671949 0.09612822532653809 6.90627121925354 1.412069074809551 14.50914261490107 0.9456261247396469 0.12395990639925 1.136061072349548 10.54211191833019 1.591761708259583 30.56912291795015 9.300963066518307
30.06787146627903 775.6328195184469 960.9159200638533 12.60812431573868 1171.737606137991 4.325524605810642 980.9505896121264 327.3408670425415 860.612095490098 261.7102381587029 1287.65529216826 35.06406934559345 799.6025808155537 3021.723031170666 1.919304169714451 4.945493012666702 0.3637589141726494 0.3963154256343842 0.1058719232678413 0 0 0 0 0.1162180006504059 0 0 0 0 0 0 40.6685916185379 16.89017909020185 40.5122913569212 0.4917249754071236 0.1558491289615631 0.07967574149370193 22.99128948897123 0.4331588447093964 1.050357885658741 0 0 0.1238235384225845 0 0.3212744444608688 0.18476352840662 0.5605448856949806 22.05725745856762 0.4008727595210075 0.1109156608581543 0 0 0 0.4616768509149551 0 0.4811971709132195 1.10258050262928 2.458283137530088 16.06256716698408 3.007324304431677 10.96745692193508 0.7485292553901672 3.915959924459457 0.4333461076021194 46.7602905780077 0.3362384662032127 0 0.1013488546013832 0 0.3371760994195938 0.2046874985098839 36.72736625373363 0.3168111070990562 0 20.61382576078176 18.17479207366705 25.29196673631668 24.42316651344299 4.895356185734272 1.273190647363663 38.99718347936869 0.10225860029459 1.762853749096394 1.41509123146534 0 0.0783623531460762 0.08356387913227081 0 0 0 0 0.1607094779610634 0 0.280573695898056 0.4525852352380753 0 19.09515009820461 1.824492946267128 0 1.924085088074207 12.27626160532236 1.449468448758125 0.6092249900102615 2.509673461318016 4.219995968043804 4.35992269963026 6.798814341425896 3.914247743785381 5.142269432544708 3.620138265192509 8.514638669788837 1.351693831384182 17.90520806610584 15.31975630670786 16.03889654576778 12.49430485069752 0 0 0 0 0 0 0 0 0 0 0 0 1.018870800733566 0 0.2169210016727448 0 0 0 0.1295717358589172 10.18923912197351 5.641469605267048 0 0 0 8.573845401406288 1.711035370826721 4.35129801183939 0.5974064916372299 2.322892345488071 0 0 0 0 0 0 0 0.1063814833760262 0.4120601937174797 0 0 0 0.1321721971035004 0 0 0 0 0 0.6161436513066292 0 0 0.950701892375946 4.824155919253826 4.495635621249676 0 0 0 0 0 0 0 0 26.4889228567481 0.5411355495452881 0 0 0 5.501586437225342 0.2155369371175766 1.791228085756302 0.6299115866422653 1.09640346467495 0.8056765794754028 4.08876371383667 0.3395399898290634 0 0 0 0 0.1921555399894714 0 0 0 13.59617532044649 3.915732488036156 5.355213418602943 110.4214954972267 1.405822545289993 41.87366485595703 8.637215785682201 66.33978782594204 4.56579502671957 0.1069115027785301 5.535252287983894 14.6151981651783 0 2.336758300662041 0.5444341823458672 21.40361300855875 0 0 0.1303907483816147 1.418593525886536 0 33.18436495959759 7.634049437940121
1043.279840894043 1236.749945029616 14.98803786933422 2063.96720508486 383.9833363071084 844.9476682767272 2433.485068440437 1.494326792657375 261.7102381587029 1367.887334644794 16.90182785689831 2861.674852333963 2914.513097658753 382.6073675379157 0.3864398151636124 1.532223396003246 0 0 0 0 0 0.4323022961616516 0 0.4980129599571228 0 0 0 0 0 0 53.84423673897982 7.007888406515121 52.81940625607967 0.09191573411226273 0 0 311.5675303936005 0.6020175814628601 2.418884992599487 0.1760728061199188 0.2334139049053192 0.4495590999722481 0.0888146311044693 0 0 0 8.096902325749397 0 0 0 0.2364289239048958 0.9924298822879791 2.167249038815498 0 0.6894716173410416 1.252368547022343 24.9912893474102 51.81046888232231 9.238019574433565 9.835532233119011 0 2.938531205058098 1.485392898321152 24.05019327998161 0 0 0 0.1257642805576324 0 0.3503581136465073 549.9138308912516 13.65592755377293 3.309854619204998 34.61398713290691 13.13490479439497 10.08969566226006 5.928225308656693 0.8043105453252792 0.3578783273696899 5.298309117555618 0.2007124200463295 0.3075408339500427 1.480044133961201 0.2324389815330505 0.1676688194274902 0 0.2193902581930161 0.4440372064709663 0.5319176316261292 1.281589761376381 0 0.4804816693067551 0.1802171319723129 0.4554903954267502 0.5000769346952438 150.0548706203699 122.8213572725654 2.762516543269157 11.06474267691374 814.4219596609473 1.643344789743423 18.02375411987305 27.89434491097927 95.78740487992764 5.781868152320385 71.08365511149168 40.28039042651653 55.89890618622303 120.4038112610579 85.5764304548502 5.980087466537952 360.8105814009905 126.1055194735527 92.47932025790215 32.69833424687386 0.1139037311077118 0 0.1351970136165619 0.5609428286552429 0 0 0.2496722191572189 0 0 0 0 0.9155213534832001 0.1323476284742355 0 0.1733641028404236 0 0.1094257906079292 0 0 21.8140340000391 9.552262201905251 0 0.2306358516216278 0.4239849746227264 19.04174761474133 0.3227571621537209 4.452151566743851 1.980348765850067 2.060545071959496 0 0 0 0 0 0 0 0.2212566584348679 0.4771244898438454 0 0 0 0 0.1035585477948189 0.1729524284601212 0.4137364402413368 0 0.7538474723696709 2.083893589675426 4.154630348086357 0 0 7.640675283968449 4.839546896517277 0 0 0 0 0 0 0 0 72.02746815979481 1.738615304231644 0 0 0 7.892040200531483 0 2.019865311682224 0.9673786461353302 1.488386198878288 1.578225456178188 2.4891127794981 0.1738515198230743 0 0 0.2357945367693901 0 0 0 0 0 45.50265146791935 4.263159833848476 3.798881493508816 383.1373629420996 1.235598564147949 18.8219410777092 2.698651112616062 1033.406862862408 1.778579235076904 0.09553901106119156 1.669518031179905 102.074090488255 0.1831904053688049 2.401990510523319 0.1661967933177948 140.9178013503551 0.3659797534346581 0 0.2696786522865295 1.844640612602234 0 409.2588772475719 73.09495867043734
196.4034667536616 673.5289085879922 2053.279693447053 3.044659495353699 783.8545397222042 4.201856195926666 65.49475871771574 4419.882789410651 1287.65529216826 16.90182785689831 1923.050127565861 162.0073823109269 1188.397004745901 3926.68575605005 19.74691312760115 79.62639508396387 2.19439522176981 0.8973072022199631 0.5302094519138336 3.929270468652248 12.54644522070885 0 3.982434146106243 4.820711746811867 1.409109875559807 2.284385979175568 0.1885723173618317 0.1276758760213852 0.5236712992191315 0.5922951325774193 1081.761596903205 290.749237306416 1053.039514914155 7.143590286374092 4.586216010153294 2.71605321764946 231.46473813802 20.01162683963776 24.17232997715473 3.339798711240292 7.517711982131004 3.807617612183094 1.518151827156544 3.294488117098808 2.739135593175888 10.08140386641026 125.0905802622437 2.951610654592514 1.557946130633354 4.028053089976311 7.62908211350441 1.438846707344055 1.483780033886433 0.2510007098317146 4.712257169187069 6.874591171741486 25.48445979505777 154.0539880990982 19.35218048468232 57.69055764377117 6.710397526621819 164.0599045008421 3.753198243677616 297.4901198223233 0.9593067169189453 1.085525035858154 1.299324318766594 1.911629647016525 6.516605444252491 30.13707975298166 182.3915958404541 2.688811033964157 0.369035467505455 100.1132938228548 78.15522376447916 134.691919118166 146.8576861172915 45.86909695714712 15.605468519032 1622.864642977715 2.423882305622101 237.1489713490009 7.236969672143459 0.07428389042615891 1.262434497475624 0.298365592956543 1.979069769382477 0.124174565076828 0.5743304267525673 0 11.24307262152433 2.745884895324707 23.665477655828 14.36000221222639 6.223066113889217 80.12387162446976 10.35566353797913 0.306303396821022 15.56296560168266 171.5838954895735 0.1773649752140045 0.929581806063652 2.730438746511936 2.218181431293488 4.888086408376694 6.269547775387764 2.846390090882778 10.8586123585701 3.312246456742287 14.75161439180374 2.912826880812645 24.79296427965164 19.83912734687328 26.20798178017139 28.41849006712437 0 0.8047969341278076 0 0 0 0 0 0 0 0 0 0.1320662349462509 1.098600007593632 0 0.0908583402633667 0 0.1386902034282684 0.6961991935968399 0 17.69940287619829 10.41398069262505 0.09733337908983231 0.7358366400003433 0 23.4601601138711 4.128199502825737 16.06974779814482 2.989308997988701 6.049651682376862 0 0.09758974611759186 0.1377453655004501 0 0 0 0 0 1.723638869822025 0 0.1487407088279724 0.2785225808620453 0.8663769364356995 0.7519765198230743 0.2321017980575562 0.1657989770174026 0 0.1275505274534225 1.634135462343693 0.7225699946284294 0 0.6457828059792519 13.35480354726315 6.866138763725758 0 0 0 0 0 0.1539054960012436 0 0 54.64067699015141 0.8382057994604111 0.2052625417709351 0.1416862457990646 0.7752078250050545 9.492928467690945 0.1870867609977722 6.44438311457634 0.926974318921566 2.859797939658165 2.915118284523487 3.015800394117832 1.347842939198017 0 0 0.124541349709034 0 0.1398752778768539 0.1418781727552414 0.126387432217598 0.09321612864732742 31.61973553150892 12.83585456758738 12.91463396698236 444.0087707489729 12.17475160211325 226.7259600386024 54.30259307473898 51.64441747963428 21.97225464135408 1.575982220470905 40.59760364145041 11.67270884662867 0.6705164313316345 4.17736878246069 0.7211123257875443 9.726147010922432 1.347161091864109 0.1133424118161201 0.1379522085189819 3.84285543859005 1.798490524291992 50.44791973382235 14.41348218172789
666.8645974397659 66.54294288903475 19.2900687083602 1113.39171654731 20.65854138880968 166.8150645345449 230.5415492281318 21.66244696080685 35.06406934559345 2861.674852333963 162.0073823109269 60.74314458668232 903.7728989347816 305.8574984818697 2.563002847135067 9.015575304627419 0.09509886801242828 0.1445558071136475 0 0.2359068915247917 0.3436237052083015 0.1432213634252548 0 0 0 0.1962776109576225 0.1006781607866287 0 0.3090413361787796 0 25.25876179337502 11.84620555490255 78.14254484325647 0.6979126408696175 0.1109686866402626 0.7064463421702385 169.599628649652 1.094182878732681 14.53460043668747 0.3714745789766312 0.5157753676176071 0.2224899083375931 0.1024360582232475 0.4533428102731705 0.466522604227066 0.9509153589606285 13.59636976569891 0.1041961088776588 0.09574306756258011 0.3162546083331108 0.3155734539031982 0.2155939638614655 2.006984621286392 0.1588054746389389 0.4503770768642426 0.4614265337586403 3.646883718669415 17.29524574428797 2.674878768622875 5.654248967766762 0.2233672812581062 3.19699440151453 0.4330012202262878 18.73101552575827 0 0.1527358219027519 0.2702311277389526 0 0.2882843390107155 2.309777304530144 471.0261097252369 1.991741918027401 0.3342170938849449 16.73551159352064 8.493542782962322 13.40063055604696 15.51790813356638 4.268585175275803 1.628106623888016 13.02467174082994 0.1930808052420616 2.214085593819618 0.7836560234427452 0 0 0.07550791651010513 0.1850431188941002 0 0 0 0.310615748167038 0.4748886078596115 0.9539374932646751 0.7235547751188278 0.8309120982885361 438.755223043263 20.8528068959713 1.337817937135696 11.35340030491352 80.67888675630093 1.076751179993153 3.484105013310909 10.29699239134789 7.387025587260723 9.509871989488602 24.77554703503847 21.84064035862684 30.1571939215064 17.7929705530405 45.3857706785202 7.191696502268314 76.11114072799683 65.37354490160942 64.77394620329142 56.71332907676697 0.1133553013205528 0.1081225350499153 0 0 0 0 0.1907125487923622 0 0 0.2286311760544777 0.1093178540468216 0 0 0 0 0.1167801544070244 0 0 0 36.40413545817137 17.11562313139439 0 1.556446880102158 0.1159253790974617 41.06371313333511 2.616245590150356 20.0549069494009 3.24699928611517 4.022712640464306 0 0 0 0.1165168732404709 0 0.09571615606546402 0.2016043215990067 0 1.260063692927361 0 0 0 0.1172149032354355 0.1301451325416565 0 0 0 1.197837434709072 3.093327462673187 0.410617396235466 0 0.4830482825636864 18.56587489694357 8.649926237761974 0 0.1228647530078888 0 0 0 0 0 0.2035088390111923 110.4232126772404 0.4046962410211563 0 0 0 15.69046518206596 0 8.288923174142838 0.5113629177212715 2.167364411056042 3.039669901132584 1.998253062367439 1.386937454342842 0 0 0 0 0 0 0 0 61.91273760050535 14.26457297801971 15.73226815462112 161.1717587709427 1.318705044686794 29.77856393158436 9.582490980625153 380.4168421700597 3.215097494423389 0 8.8316520601511 46.80132652819157 0.08828150480985641 5.16106866300106 0 64.47527123987675 1.120562829077244 0 1.232739686965942 1.199937283992767 0 283.2013115435839 40.47218035161495
591.2334636971354 993.8854660615325 139.3683914616704 1367.900782175362 850.8788733407855 79.1773140206933 1961.588477186859 79.01841498166323 799.6025808155537 2914.513097658753 1188.397004745901 903.7728989347816 3030.394825652242 7034.892497599125 8.450102046132088 31.51280285418034 1.741546213626862 0.354637011885643 0.3445874899625778 0.4915749281644821 1.668844357132912 0 0.3921630680561066 0 0.1276342868804932 0 0.1215351223945618 0 0.5909198522567749 0.2844801843166351 64.58020777255297 35.72007396817207 450.8336841017008 1.915403589606285 0.2712764590978622 0.2646277695894241 606.562292970717 4.408887550234795 6.681862823665142 1.263263314962387 1.03726002573967 0.8046291247010231 0.1789202243089676 1.640384815633297 0.8545214235782623 2.076012551784515 61.67662692070007 0.2116229385137558 0.6684379652142525 0.8544599041342735 1.066850960254669 0 1.333745785057545 0 1.520813599228859 2.164836838841438 5.439203374087811 35.00292231142521 7.024915851652622 26.58575803786516 0.4073812738060951 18.69287504255772 0.846268430352211 82.7767778635025 0.2649098187685013 0.08293098956346512 0.1935570910573006 0.08369221538305283 1.792924001812935 4.572509706020355 488.0842263251543 2.970112428069115 0 41.21781685203314 32.86334575712681 58.89048170298338 73.28150908648968 19.25021155178547 5.192281149327755 59.73948609828949 1.579533666372299 10.71073023974895 4.978802308440208 0.09067407250404358 0.9718461483716965 0.234753355383873 0.7568197399377823 0.08461387455463409 0 0 1.950535625219345 0.3149560913443565 3.192899562418461 2.188573107123375 0.9361808523535728 626.442102432251 14.35037958621979 0 8.136523179709911 54.75790179520845 5.974718019366264 13.42587185651064 12.40273663401604 11.33207773417234 15.9058872461319 34.00364728271961 21.62824019044638 40.56625121831894 21.70718411356211 62.87404826283455 14.70424589514732 105.1104588806629 88.53883776068687 92.58334523439407 96.35781872272491 0.550825797021389 0.5996111258864403 0 0.1238938793540001 0 0 0 0.1409667581319809 0 0.09756841510534286 0.1732127815485001 0.2301582023501396 1.570287317037582 0.1048604920506477 0.1344952583312988 0.1065802574157715 0.2976326942443848 0.1137948483228683 0 61.44881021231413 31.07959821820259 0 0.7582266330718994 0 62.39638927578926 6.633727297186852 40.06282488256693 6.024927027523518 9.126613356173038 0 0 0 0.2095905989408493 0.4902194440364838 0.2363242954015732 0 0.9649832025170326 2.934781260788441 0.3526953756809235 0 0.3099219799041748 0.5324103608727455 0 0 1.07522614300251 0 0.3241854831576347 3.522906601428986 3.007886931300163 0 4.53154918551445 29.9879401922226 21.50458806008101 0.3432306945323944 0 0 0 0.08353208750486374 0 0 0.1231766492128372 180.2334970459342 1.405912324786186 0 0 0.2196074947714806 33.41526591032743 0 13.68246100097895 2.060715809464455 7.032317019999027 5.156207554042339 4.452843092381954 3.611441120505333 0 0 0 0 0 0.0867457240819931 0 0.4802003130316734 95.55914566665888 28.95649611204863 30.29824792593718 406.1041077151895 4.937582924962044 121.7926419377327 39.078742608428 360.3727112039924 14.91993023455143 0.2617848813533783 22.7593764141202 74.85227037966251 0.2253847792744637 7.529728002846241 1.718856014311314 96.10598313808441 0.3220973685383797 1.735414229333401 0.127821609377861 2.577159479260445 0.5880149006843567 308.7070599123836 54.60683178901672
