78.35859518498182 2061.869161434472 816.7113910987973 1788.353716522455 89.94354464113712 17.36460316926241 688.6459204629064 145.6452961042523 11.92049430310726 1360.151244215667 223.3887859433889 99.1329729706049 86.93330094963312 33.44754175841808 0.7356548756361008 0.1841471344232559 0.1006931215524673 0 0 0 0.1148156747221947 0 0 0 0.1156356483697891 0 0 0 0 0 791.2530196458101 3.45730597525835 6.341622985899448 0 0.4575444832444191 0.2579718828201294 1.49393805116415 0.5518599301576614 0 0 0.107618622481823 0.3541624248027802 0 0 0 0 31.695173420012 2.395575053989887 0.2510066330432892 0 0.4151362478733063 0 0 0 7.278531953692436 1.577106215059757 148.9311578571796 262.8727367408574 35.94380501285195 9.539009667932987 0.2223957553505898 0.4212129414081573 0.3022329062223434 53.55490356683731 4.002443935722113 3.568691216409206 1.42759881913662 0.8558636084198952 0.07771018892526627 0.1033691763877869 8.40632688999176 1.175938040018082 0.1340587586164474 84.76820540428162 94.86551450192928 7.951819971203804 4.970351576805115 0.265344575047493 1.242195129394531 39.58382949233055 0.3060659170150757 3.467032335698605 12.64085551723838 0 4.90873459354043 2.49241615831852 0.8609115481376648 0.2367596253752708 0.6720807924866676 0 0.3533714562654495 0 0 0 0 15.28823451697826 9.561550751328468 0 2.538045346736908 714.93113001436 0 0 0 0.4337686598300934 1.583176910877228 4.4126186221838 0.5341586470603943 4.159551620483398 6.049364253878593 2.887500464916229 0 8.792444005608559 5.107048228383064 4.297549039125443 0.8681138157844543 0 0 0 0 0 0 0 0 0 0 0 0 0 0 0 0 0 0 0 0 0 0 0 0 0.6773065328598022 0 0 0 0 0 0 0 0 0 0.1209315285086632 0 0 0 0 0 0 0 0 0 0 0 0 0 0 0 0 0 0 0 0.07280533015727997 0 0 0 0 0 0 1.085663415491581 0 0 0 0 0 0 0 0 0 0.2697685658931732 0 0 0 0 0.111623503267765 0 0.09114009141921997 0 0 0 3.352631866931915 0 0 159.1598171442747 2.125104174017906 74.87047835439444 3.276695363223553 402.1449721232057 6.797968588769436 0 0.9237681999802589 0.1216338872909546 0 0 0 8.892673850059509 0 0 0 0 0 172.7415808066726 17.08839145302773
2061.869161434472 642.2496490031481 1261.408738993108 682.9717880561948 1209.612212836742 37.58704263716936 1784.34913058579 366.7410195097327 303.8463377058506 563.4823371097445 442.69526258111 291.5665780752897 500.6113272756338 405.0561612695456 11.65790831297636 2.139340423047543 0.1311743259429932 0.197425052523613 0 0.09020484983921051 0.3121448457241058 0 0.2861089706420898 0 0.128472775220871 0 0 0.07443990558385849 0 0.1017948538064957 1596.73888091743 94.40313378721476 18.05112642794847 0.1219584196805954 0.1132854819297791 0.09513135999441147 8.049177087843418 0.8480973094701767 1.80805579572916 0.1744436025619507 0 0.07111462950706482 0 1.228410132229328 0 0.3220800384879112 174.4385798573494 6.274453416466713 0.2537160292267799 0.080770343542099 1.376262798905373 0 0.3758459985256195 0 12.85329852998257 5.006056137382984 114.3689190633595 339.7601818367839 62.62266818806529 57.3528633788228 1.579915091395378 1.658975385129452 0 316.7940940707922 7.007528424263 9.48954688757658 1.902827434241772 1.449723899364471 0.7296395897865295 0.07870031893253326 24.0943911075592 0.1115735173225403 0.07101220637559891 257.3009713515639 415.1845714002848 102.9664469361305 58.6044549793005 4.180800974369049 7.939252883195877 111.4701726809144 0.8575638011097908 8.21426946669817 41.93739813566208 0.1637910157442093 10.9130137860775 5.45615241676569 1.443642243742943 0.3193126320838928 1.660841062664986 0.0957251563668251 0.9980422779917717 0.2811320498585701 0.2653308212757111 0.4194732457399368 0.2789332866668701 42.92923076450825 16.61410817503929 0 8.079928122460842 866.726067468524 0.1978849917650223 0.4032313227653503 8.16971942782402 7.680374182760715 4.041794389486313 22.39655137062073 1.229173377156258 24.3013771623373 9.339850924909115 17.32779427617788 4.643526554107666 41.75369777530432 17.92492966353893 18.83764065057039 21.65883110463619 0 0 0 0 0 0 0 0 0 0 0 0 0.2868536412715912 0 0 0 0 0 0 3.511219754815102 4.543229535222054 0 1.353424310684204 0 6.080549381673336 2.778497889637947 7.696307338774204 0.4373171925544739 0 0 0 0 0 0 0 0 0 0.7350308895111084 0 0 0 0 0 0 0 0 2.095674574375153 0.4437967389822006 0.2192074805498123 0 0.8989430516958237 0.5528498068451881 0.9500973224639893 0 0.2674058079719543 0 0 0 0 0 0 19.85269169509411 0 0 0 0 6.089381821453571 5.546447739005089 7.479957908391953 0.6999251842498779 0.1413586288690567 0.6099823117256165 0.1391197741031647 0 0 0.07145178318023682 0.08361770957708359 0 0 0 0.1036328449845314 0 14.7885766774416 4.998061254620552 1.453446179628372 142.5206101760268 4.957523509860039 326.8026827573776 42.9294790700078 367.4930904209614 75.39152058213949 3.307586073875427 31.34676999598742 5.253193840384483 0 2.301582306623459 0.3159879148006439 7.952477395534515 3.094312340021133 0 0 2.510976351797581 0.9297107309103012 148.5957815796137 44.06889091432095
816.7113910987973 1261.408738993108 712.0064439326525 2.130486711859703 640.7035169377923 0.6477324664592743 277.0982474684715 1565.644953466952 1034.315840378404 1.185827627778053 2192.124384067953 6.711322583258152 62.2501079775393 406.5023954361677 10.03254781663418 3.875911198556423 0.3922936096787453 0.1189509555697441 0.09711001813411713 0.2915326207876205 0.6830964237451553 0 0.6240387633442879 0.2049116343259811 0.2340785562992096 0.09418652951717377 0.1036661863327026 0.07526832818984985 0 0 2362.899003408849 374.2206616029143 37.90102215856314 0.4418292120099068 0.8960249722003937 1.486079707741737 16.9900152310729 3.734900213778019 2.267640702426434 1.132512904703617 0 0.07695072144269943 0 1.340201452374458 0.131062850356102 0.2536952421069145 99.03522301465273 5.41451520845294 0.6498947888612747 0.3295917436480522 0.6426063030958176 0.1930107399821281 0.5660323202610016 0 7.199426494538784 2.729439780116081 77.16212184354663 297.9000039100647 33.23313677310944 31.10231479257345 5.859803892672062 6.41430226713419 0.6508705988526344 497.1773838028312 4.039182834327221 5.62992624565959 1.306893460452557 0.701309509575367 0.9973719567060471 0.4203380644321442 19.12987625598907 2.477317243814468 0 141.2043914310634 300.1239207834005 78.44338324666023 70.14500863105059 20.93663939833641 88.43574411422014 465.8116231709719 1.4627525806427 34.18952757120132 21.91931793838739 0 5.457537170499563 2.915009409189224 1.226181529462337 0.2400243580341339 0.654460147023201 0.1409068703651428 0.3280407786369324 0.1493118554353714 0.3324381113052368 0.5064663514494896 0 15.03968720138073 19.52919747680426 0.08980794250965118 7.774299457669258 520.1630866155028 0 0.5949937701225281 1.213179334998131 0.5594580173492432 0.7291938662528992 3.83051586151123 0.5525528788566589 7.274405717849731 0.9521129131317139 2.103046037256718 2.28607439249754 8.565716117620468 2.730822026729584 4.856051176786423 4.213510476052761 0.535646915435791 0 0 0 0 0 0 0 0 0 0 0 0 0 0 0 0 0 0 0 0 0 0.4845041334629059 0 4.103382617235184 0 1.653313100337982 0.1428291499614716 0 0 0 0 0 0 0 0 0.1140365451574326 0.2036529704928398 0 0 0 0.1583286970853806 0 0.07462269067764282 0 0.06837058067321777 0 0 0 0 0.3601601719856262 3.143726766109467 0 0 0 0 0 0 0 0 0 4.205189615488052 0 0 0 0 3.182590454816818 2.09172023832798 1.984939366579056 0 0 0.1293211430311203 0 0 0 0.08173997700214386 0 0 0.08294989168643951 0 0 0 3.818805627524853 2.222072519361973 1.117751136422157 87.51494588702917 3.517392873764038 195.2713441997766 27.21871838718653 105.8877821043134 37.9236761033535 2.741817131638527 19.88190944492817 1.636305749416351 0 1.506043255329132 0.9776826947927475 2.304424285888672 0.2486705854535103 0 0 1.289074741303921 0.7298405021429062 40.96681822836399 8.029361627995968
1788.353716522455 682.9717880561948 2.130486711859703 568.8553402200341 22.39573250710964 155.2414867728949 856.6228285059333 0.8956367373466492 0.3889544606208801 1023.12781111896 0.2876754030585289 561.7284001931548 724.3591584563255 3.045540645718575 0.3129144832491875 0 0 0 0 0 0 0 0 0 0 0 0 0.1512667536735535 0 0 53.84400083124638 0.6911423280835152 4.850866913795471 0 0 0 3.929638966917992 0 0 0 0 0 0 0.1145875304937363 0 0 5.392128802835941 0.5674568489193916 0 0 0.07988114655017853 0 0 0 0.4132189676165581 0.6166534125804901 13.21061937883496 27.10501798987389 5.231074154376984 1.755555294454098 0.07617880403995514 0.4900708794593811 0 12.39324655383825 0.2821506410837173 0.7699597664177418 0.1695365235209465 0.2544398009777069 0 0 6.648148030042648 0 0 17.53714853525162 29.37480364739895 2.923159562051296 2.199161931872368 0.09154960513114929 0.1647055670619011 0 0.08175540715456009 0.113068051636219 3.441342979669571 0 0.6053973101079464 0.3777284771203995 0 0 0 0 0.2779080122709274 0 0 0 0 9.934551537036896 3.370236739516258 0 0.1446538716554642 149.6651148572564 0 2.084573313593864 8.961260616779327 8.272511437535286 1.492434322834015 8.409037753939629 2.902803689241409 6.800866559147835 1.959966786205769 1.40770535171032 0.6673072203993797 6.922677934169769 1.703023031353951 3.073048308491707 2.427349969744682 0 0 0 0 0 0 0 0 0 0 0 0 0 0 0 0 0 0 0 0 0 0 0 0 0 0 0 0 0 0 0 0 0 0.9271697402000427 0 0 0 0 0 0 0 0 0 0 0 0 0 0 0 0.445705771446228 0 0 0 0 0 0 0 0 0 0 0 0.4309372901916504 0 0 0 0 0.5213507413864136 0 0 0.2737780511379242 0 0 0 0 0 0 0 0 0 0 0 0 0.8531892895698547 0.1688868254423141 0 79.03461507707834 0.3125740587711334 15.09529791027308 0.5856697782874107 340.5623536482453 1.78679358959198 0.1307088285684586 0.6150940656661987 0.3230040073394775 0 0.7702320218086243 0 12.55922265350819 0 0 0 0 0 112.5611174553633 9.566835552453995
89.94354464113712 1209.612212836742 640.7035169377923 22.39573250710964 609.9319185465574 17.92139941453934 713.7196610271931 284.4407800659537 1212.6419358477 214.164707235992 951.9724047854543 47.99265915155411 1246.905196137726 1290.923628687859 12.21387806534767 2.445784248411655 0.3991972431540489 0.09291543066501617 0 0.0861942246556282 0.29808159917593 0 0 0 0.4206398278474808 0 0 0 0 0.1038924902677536 68.10898342728615 12.05699220299721 13.47825422137976 0 0.4967617392539978 0.353380411863327 12.85645987093449 1.193772524595261 2.964421093463898 0.9562238827347755 0 0 0.2351404204964638 1.415795534849167 0 0.2367028221487999 74.35379041731358 2.664253458380699 0.09384685009717941 0.08163109421730042 0.400865264236927 0.1143104434013367 0.6115296930074692 0 3.792838625609875 1.286925494670868 14.46250019595027 39.15834311395884 17.81101907417178 24.00110542029142 3.288220681250095 3.559718891978264 0.1113523691892624 78.35391557216644 1.86654294654727 2.733056217432022 0.5195815712213516 0.2727752327919006 0.7262512221932411 0.2617022097110748 36.0869220867753 0.331875741481781 0 62.31203838810325 120.0319192558527 70.69571836292744 39.87800170481205 4.703537814319134 3.860652074217796 18.92491149157286 0.8024778440594673 9.620519198477268 9.948476690798998 0 2.304709892719984 0.748629979789257 0.2836678922176361 0.08738872408866882 0.1430188938975334 0 0.08959442377090454 0.08203743398189545 0.09521091729402542 0.1534247025847435 0 63.80448109656572 26.5517692565918 0 10.25206864625216 30.38428369164467 0.4119805842638016 2.351475238800049 5.864867120981216 1.132110059261322 12.61129143834114 22.34542186558247 1.112380146980286 41.33115126937628 12.7849286198616 24.49824879318476 18.37459506094456 65.07251270115376 41.46944979578257 26.38472564518452 33.08692138642073 0 0 0 0 0 0 0 0 0 0 0 0 0.2721548676490784 0.1651818454265594 0 0 0 0 0 3.911234423518181 1.615089222788811 0 0 0 9.997578710317612 0 7.725989781320095 0.1863332241773605 0.609586775302887 0 0 0 0 1.028517007827759 0 0 0.5522862672805786 0 0 0 0 0.08369288593530655 0 0 0 0 0.5784114599227905 0.3173109889030457 1.046629868447781 0 0.3887616097927094 2.923027858138084 0.4136148989200592 0 0 0 0 0 0 0 0 15.77645768970251 0.5589311122894287 0 0 0 8.083816364407539 6.453328475356102 9.852187775075436 0 0 0.106800377368927 0 0.09566756337881088 0 0.0692019909620285 0 0 0 0 0 0 21.10627862066031 5.266217432916164 2.884797856211662 149.0232462659478 2.195184484124184 133.5151560455561 26.41435437649488 117.9441737830639 35.16681859642267 0.4617349877953529 37.46939084678888 15.40321479737759 0.9133726060390472 3.744789734482765 0.7641021907329559 26.54075053334236 1.394068449735641 0.1052703410387039 0 2.216937690973282 0.5999419987201691 144.2476065084338 102.9005684107542
17.36460316926241 37.58704263716936 0.6477324664592743 155.2414867728949 17.92139941453934 0.4205096960067749 122.9734233468771 0.3682986199855804 3.207057237625122 302.1260113790631 0.1810936629772186 97.86166680604219 92.63121791183949 3.505197986960411 0.1203776597976685 0 0 0 0 0.3943296670913696 0 6.682289585471153 0 0 0.1447572410106659 0 0 0 0 0 7.143734566867352 0.1698395907878876 3.021938219666481 0 0 0 5.626057960093021 0.3264290541410446 2.323259428143501 0 0 0 0 0 0 0 0.1201219633221626 0 0 0 0 18.25088004022837 4.468577802181244 0.4167439788579941 0 2.181095317006111 58.2264775633812 7.045005977153778 1.604135014116764 0.2470835298299789 0 1.556269869208336 0 0.1186010017991066 0 0.1170449405908585 0 0.1902858763933182 0 0 71.04842427372932 119.1695255041122 10.43715942651033 0.3795364499092102 0.4648572206497192 0.0793597623705864 0 0 0 0.4335115551948547 0 0.09604860097169876 0.1823152601718903 3.116722516715527 0 1.187901020050049 0 3.31599597632885 1.684453167021275 8.158559069037437 0 0.7045159637928009 0 0.1225069239735603 2.145359613001347 97.01122507452965 309.0930329635739 29.84931254386902 25.04553181678057 247.0848295688629 0 0 2.573870956897736 0 1.10614287853241 3.084232926368713 0 2.832067653536797 0 0.4500135779380798 0 4.262559607625008 2.089753165841103 0.8239704668521881 1.48046612739563 0 0.2518826276063919 0 0 0 0 0 0 0 0 0 0 0 0 0.1235228329896927 0 0.1111610978841782 0 0 0 0 0 0 0 0 0 0 0.1011802181601524 0.507529690861702 0 0 0 0 0 0 0 0 0 0 0 0 0.2635801285505295 0 0.4828970283269882 0 0 0 0 0 0 0 0 0 0 0 0 0 0 0 0 0 0.9398013800382614 0.5939813256263733 0 0 0 0.5558851361274719 0 0 0 0 0.08515623956918716 0 0 0 0 0 0 0 0 0 0 0.1571267545223236 0.1429598033428192 0 6.583061590790749 0.2468301057815552 1.893709070980549 0 189.7257008105516 0.6358338445425034 0 0 2.454455897212029 0 0 0 2.819531440734863 0 0 0 0 0 87.32567985355854 13.46068459004164
688.6459204629064 1784.34913058579 277.0982474684715 856.6228285059333 713.7196610271931 122.9734233468771 129.5769635811448 139.0596200153232 320.9009768366814 1517.661726877093 376.3156203776598 435.4850423410535 2040.014631137252 422.5035652704537 8.711550362408161 3.370308838784695 0.08074627071619034 0 0 0.2654170319437981 0.3780405521392822 0 0.1871706172823906 0 0 0.06884225457906723 0 0.07518613338470459 0 0 99.12295729666948 7.794325985014439 11.2056802585721 0.2086691483855247 0.3359982594847679 0.2271517962217331 12.02250606566668 0.5348300263285637 2.466977216303349 0.2414545565843582 0.09602478891611099 0.08119386434555054 0 0.8421292155981064 0 0.1113398671150208 70.57232253998518 2.595656216144562 0 0.08926273137331009 0.6684520989656448 0.1100814864039421 0 0 3.101363003253937 1.515915233641863 28.70038090646267 66.64770757779479 16.4477174654603 20.84441534429789 1.016579121351242 2.745431080460548 0.209584005177021 84.81471148133278 1.464202959090471 4.147230356931686 0.685603953897953 0.2056121975183487 0.1242434158921242 0 43.49156380444765 1.232646271586418 0 82.37642369046807 134.8169279247522 56.26990722119808 33.11946216225624 5.395440146327019 1.341343075037003 7.22734310477972 0.640115812420845 6.61999624222517 11.19727370142937 0.07900067418813705 3.397574558854103 1.699072699993849 0.65755944699049 0.06715138256549835 0.265103917568922 0 0.4651701152324677 0.3220387771725655 0 0.1601661965250969 0 119.2537997066975 26.10253123939037 0 10.61656655371189 118.3812996521592 0.4406313598155975 1.262602396309376 15.51868913322687 3.886077508330345 16.55909918993711 48.18845276534557 4.266974903643131 90.1469888240099 42.40817216783762 49.37942937761545 21.54048398137093 139.9290203005075 81.50769348442554 55.85831609368324 53.00173790752888 0 0 0 0 0 0 0 0 0 0 0 0 0.7672208547592163 0 0 0 0 0 0 5.711627021431923 5.386737458407879 0 0.08174697309732437 0 17.08033494651318 1.531044721603394 13.32418073713779 0.1790721863508224 0.1065533012151718 0 0 0 0.3113710284233093 0 0 0 1.714257776737213 1.6440689265728 0 0 0 0 0 0.09951603412628174 0 0 0.4618116468191147 3.045618236064911 0.7899195328354836 0.3922967612743378 2.464976787567139 3.114462874829769 3.015150308609009 0 0 0 0 0 0 0 0 24.50410184264183 0.1812528669834137 0 0 0 17.14664567261934 9.450504399836063 8.640154980123043 0.4582114592194557 0.5353385284543037 0.2413060665130615 0 0.2470993250608444 0 0 0 0 0 0 0 0 44.57048993557692 11.20167372375727 5.817131005227566 166.9380255043507 2.642349094152451 142.5757690146565 19.73724741488695 304.4711875915527 37.13150514662266 2.155285105109215 29.42640626430511 14.30213453620672 0 4.924142524600029 0.1121081560850143 40.51887585222721 4.665633887052536 0 0.2468229979276657 1.903483882546425 0.425449937582016 449.1381747797132 196.83603451401
145.6452961042523 366.7410195097327 1565.644953466952 0.8956367373466492 284.4407800659537 0.3682986199855804 139.0596200153232 379.4979028999805 238.2086204662919 5.240617379546165 693.893744699657 51.76464049518108 686.6418491601944 1259.825746022165 18.22117532789707 14.3181830868125 5.257138095796108 1.800543420016766 0.9453783854842186 6.196520857512951 16.17523239552975 0.4642257839441299 5.533525712788105 1.030887305736542 9.254549697041512 0.9874449446797371 4.20810804516077 0.1997158527374268 0.9689792543649673 0.6356081441044807 814.5143088176847 1441.764898687601 150.5483157858253 9.734559588134289 24.73287431895733 14.00197458267212 69.04563718289137 21.65497849136591 26.84060019254684 9.234808534383774 0.7695015668869019 0.1976631432771683 1.930654898285866 15.39491652697325 0.6346512213349342 3.386569038033485 82.72508527338505 8.712721064686775 2.342654846608639 6.46117627620697 1.332869224250317 1.895546294748783 3.983946226537228 0.1241471394896507 2.800573833286762 1.336043000221252 19.50229626148939 87.51380188763142 12.26845546811819 25.05152013897896 131.9694211632013 102.2499268203974 15.52554029226303 464.4583945050836 1.559596564620733 5.343037366867065 1.871475771069527 9.534298114478588 24.14266389608383 9.339771628379822 59.14056118950248 8.42523842304945 0 70.00068878382444 200.0481056645513 90.77648012340069 192.5571403130889 293.6282102391124 533.9698151350021 572.6593668311834 52.06253995001316 885.9233966171741 7.787143610417843 0 3.083028845489025 1.826792731881142 9.502404175698757 0.07348848879337311 0.3397218063473701 0.1844770833849907 0.7586714178323746 1.220418624579906 7.52225274592638 2.232820123434067 1.061309091746807 31.02038361877203 53.02774637192488 0.1214093342423439 23.93003571778536 87.65867569297552 0.1106005609035492 1.308243751525879 0.5208776667714119 0 0.2764571011066437 0.8909911960363388 0 3.96976263821125 0.7210359871387482 3.589584141969681 3.897461712360382 8.74162807315588 11.14873146265745 5.711698316037655 6.847771838307381 0.2494779974222183 0.5905161052942276 0 0 0 0 0 0 0 0 0 0 0.0932992622256279 0 0 0 0 0.4748703241348267 0 0.4060853719711304 0.9698129519820213 0 1.461634494364262 0.5217943340539932 5.244723863899708 0.2460872828960419 1.156702518463135 0.1939603164792061 1.013084001839161 0 0 0 0 0.5999269336462021 0 0 0 0.3470832332968712 0 0 0 0.319914199411869 0 0 0 0 0 0.3165169060230255 0 0 1.104152999818325 0.6936982348561287 0.3030821084976196 0 0 0 0 0.2070137411355972 0 0 0 3.897516816854477 0 0 0 0.1122492998838425 4.281851708889008 5.247329972684383 2.660738237202168 1.347863078117371 0 0 0.1526997238397598 0 0 0 0 0 0 0.08795364201068878 0 0 5.165645323693752 7.006022982299328 6.064380958676338 110.8677673265338 5.720724835991859 140.6227129362524 32.06198895722628 42.94734590500593 29.86945985257626 1.058755613863468 21.7682234570384 13.86575070768595 0.09758252650499344 0.2497734725475311 0 2.877146869897842 1.153152912855148 0 0 4.820540770888329 1.233832567930222 20.22322913259268 5.848612777888775
11.92049430310726 303.8463377058506 1034.315840378404 0.3889544606208801 1212.6419358477 3.207057237625122 320.9009768366814 238.2086204662919 145.5976189225912 41.98280128091574 507.5418118834496 69.57823427766562 1086.772987544537 616.0697889104486 7.320864900946617 3.0040163397789 0 0 0 0.09807991236448288 0.09880968183279037 0 0.2341727614402771 0.1366333961486816 0.104109525680542 0 0.09034328907728195 0 0 0 20.30303049087524 7.809875033795834 17.45071777701378 0.2523448243737221 0.1998280212283134 0.1857607141137123 15.97371260821819 1.168715052306652 2.112437576055527 0.3213277608156204 0 0 0 0.740051306784153 0 0 28.59508884698153 0.3591212257742882 0 0 0 0 0.3304145932197571 0.1286580711603165 0.6562055125832558 0.1522834151983261 3.766487628221512 8.646459557116032 3.509254962205887 8.501494608819485 2.531428121030331 2.344368152320385 0.4634744673967361 33.48887114971876 0.4734104722738266 0.7433683201670647 0 0 0.307302713394165 0 20.49094621837139 0.682677686214447 0 19.58205804228783 36.80495860427618 30.4937848597765 21.37968172132969 5.355239816009998 4.12965451925993 18.78204045444727 0.3904495611786842 9.402036763727665 1.685634359717369 0 0.9240920543670654 0.3643259033560753 0.1838211193680763 0 0.1725605577230453 0 0.1554239839315414 0 0.102185495197773 0 0.07880664616823196 28.10636537522078 21.30076349526644 0 6.20565877109766 4.117977522313595 0.7650761604309082 0.9111675024032593 1.881984658539295 0.1511984020471573 3.235978811979294 19.35677322745323 1.118207603693008 21.17795453220606 8.470465071499348 9.593056112527847 9.051177732646465 39.5848486572504 20.26684804260731 15.36661391705275 14.25070701539516 0.5179403424263 0.3912095129489899 0 0 0 0 0 0 0 0 0 0 0 0 0 0 0 0 0 2.734512835741043 0.2312122136354446 0 0 0 5.827854573726654 0 4.39273227751255 0.6506234407424927 0 0 0 0 0 0 0 0 1.025524616241455 0.8412648886442184 0 0 0 0.09409190714359283 0 0 0 0 0.584796667098999 0.4665065407752991 0 0 0.5992189794778824 2.452194236218929 0.7222197204828262 0 0 0 0 0 0 0 0 12.19476819038391 0 0 0 0 3.701064772903919 3.243441626429558 1.926349349319935 0.1020606234669685 0.2647409066557884 0.583224356174469 0 0 0 0 0 0 0.1008371114730835 0 0 0 11.11429457366467 3.387686103582382 1.177596688270569 83.66354843229055 3.046250060200691 46.38915265351534 11.99789997190237 38.54109509289265 15.8012555539608 4.162023313343525 17.84735053032637 6.110066831111908 0 3.308954700827599 0 6.380194932222366 0.3415946066379547 0 0 2.461815036833286 0.1542245000600815 47.1437818929553 51.69722001999617
1360.151244215667 563.4823371097445 1.185827627778053 1023.12781111896 214.164707235992 302.1260113790631 1517.661726877093 5.240617379546165 41.98280128091574 665.6794223040342 19.10008088499308 758.0865462347865 3035.394133083522 83.75430092215538 1.823167599737644 0.7010949477553368 0 0 0 0.08518087118864059 0.1039166152477264 0 0 0 0 0 0 0.1155138984322548 0 0 36.32208354771137 0.9265316724777222 25.02173186838627 0 0 0.1944739520549774 40.19848004728556 0.1127762198448181 5.974023059010506 0.2618605345487595 0 0 0 0.2206084281206131 0 0 9.258103609085083 0.3179394826292992 0 0 0.06721973419189453 0 0.8842711448669434 0 0.4824598431587219 0.2352340146899223 27.61562400311232 23.84576844424009 4.264903217554092 2.587268903851509 0.2279568016529083 0.3227466568350792 0 15.13384306430817 0.4123917892575264 0.8493515849113464 0.1579325944185257 0 0.1807959526777267 0 120.6375655308366 0.1704242378473282 0 15.42389115691185 22.64607566595078 4.542513765394688 5.037573724985123 1.126925021409988 0.3381108418107033 1.406419038772583 0.07523029297590256 1.028764270246029 2.23359239846468 0 0.08428986370563507 0.1436262056231499 0.06353024393320084 0.07114414125680923 0.1577564403414726 0 0 0.07619556784629822 0 0 0 176.8897413983941 53.19385942071676 0 17.98659064620733 319.3478578329086 0 1.392987728118896 5.413783505558968 0.2517197281122208 9.391240298748016 33.95383164286613 2.619483649730682 56.35401900112629 21.44458936154842 27.34321874380112 12.50157602131367 83.77683026343584 41.32401274889708 26.47005596756935 20.24559900164604 0 0 0 0 0 0 0 0 0 0 0 0 0 0 0 0 0 0 0 3.376646772027016 5.183269463479519 0 0 0 4.775767780840397 0 2.174516774713993 0 0.2856940925121307 0 0 0 0 0.3448850810527802 0 0 0 0.5967199057340622 0 0 0 0 0.6123743057250977 0.5145353078842163 0.1864112168550491 0 0.3593465387821198 0.5269975513219833 0 0 0.5057734251022339 0 0.6238365322351456 0 0 0 0 0 0 0 0 9.91046953946352 0 0 0 0.206807553768158 5.958625659346581 0.2382125407457352 2.238078333437443 0.6326569467782974 0 0.1735964119434357 0.2784368097782135 0 0 0 0 0 0 0 0 0 20.13550456613302 2.20344515889883 1.256435684859753 169.3606847003102 0.8782005310058594 18.35919239372015 4.014869220554829 680.7092379257083 3.305435061454773 1.054133057594299 2.296428576111794 9.475774265825748 0 0.3326595798134804 0.2414991185069084 64.36715322732925 0.6968185901641846 0 0 0.3640424013137817 0 705.5284816622734 178.8796396926045
223.3887859433889 442.69526258111 2192.124384067953 0.2876754030585289 951.9724047854543 0.1810936629772186 376.3156203776598 693.893744699657 507.5418118834496 19.10008088499308 537.9835761040449 44.02006123960018 1147.985192015767 1804.782344214618 17.19414844363928 11.51402452588081 0.7199298292398453 0.08274891227483749 0 0.6359312608838081 2.130224525928497 0 0.9920269697904587 0.7773879840970039 4.118415527045727 0.1936082541942596 1.062485121190548 0.1465286314487457 0.2899852395057678 0.1986838206648827 387.2417649775743 312.1262754574418 173.3895184323192 1.404969327151775 5.029671691358089 5.01057668030262 69.62047727406025 17.58230193704367 15.2504880875349 4.6540407538414 0.3683655858039856 0.07673196494579315 0.2750606015324593 3.207622066140175 0.08415719121694565 0.1982443183660507 63.77129354327917 2.718210451304913 0.4541848450899124 0.347235880792141 0.5483565554022789 0.2021161913871765 3.458675153553486 0 1.930005416274071 0.7305385693907738 13.81669269502163 40.10884530842304 11.40866116434336 22.0979425534606 10.62677617371082 21.89816061407328 1.707447148859501 122.0377873256803 1.345682449638844 1.556329153478146 0.5608428716659546 1.722092501819134 2.938427858054638 1.14818499982357 50.90451388806105 0.7326302528381348 0 55.3331162109971 115.8875891789794 73.19859202951193 59.39565096795559 23.21281485259533 45.41794227063656 240.0723153278232 2.349790118634701 110.5015010535717 8.012747764587402 0 1.949593368917704 0.6717307418584824 0.8168004080653191 0.07102662324905396 0.3653048351407051 0 0.3083623126149178 0 1.702062055468559 0.6018067002296448 0.2689119726419449 18.50672870129347 10.42808397114277 0.08025965094566345 12.69140047580004 96.00036945939064 0 0 0.5488271489739418 0.1326588243246078 1.669330589473248 1.43693745881319 0 3.096349835395813 1.704371891915798 3.615067884325981 2.041339702904224 6.432508684694767 7.29732283949852 3.971951812505722 5.758008114993572 0 0 0 0 0 0 0 0 0 0 0 0 0 0 0 0 0 0 0 0.4295063614845276 1.107204720377922 0 0 0 1.892711937427521 0 1.186001569032669 0.1806221902370453 0.3724424839019775 0 0 0 0 0 0 0 0 0 0 0 0 0 0 0 0 0.06505399197340012 0 0 0 0.1361794471740723 2.173188149929047 0.1667195111513138 0.3133094012737274 0 0.1884184330701828 0 0 0 0 0 0 3.557104840874672 0.09572657197713852 0.1933600604534149 0 0 2.593103229999542 0.8327114433050156 2.137977048754692 0.8813069760799408 0.4625358283519745 0 0.5117034912109375 0 0 0 0 0 0.07188218086957932 0 0 0 2.595720998942852 0.7003946751356125 1.018955498933792 121.4197308644652 3.147198989987373 102.7217934131622 24.51491528749466 45.03310863673687 24.08321417123079 1.543922260403633 23.68803381919861 2.398050583899021 0 0.8832104653120041 0.1000701710581779 0.337356224656105 0 0 0 3.493135146796703 1.029207170009613 17.37634973227978 7.477339304983616
99.1329729706049 291.5665780752897 6.711322583258152 561.7284001931548 47.99265915155411 97.86166680604219 435.4850423410535 51.76464049518108 69.57823427766562 758.0865462347865 44.02006123960018 40.56117879599333 588.130936935544 69.69438083469868 8.785905301570892 9.62520208209753 0.1825586408376694 0 0 0 0.2043308392167091 0 0 0.109471008181572 0.7722672000527382 0 0.089937724173069 0 0 0 8.741163022816181 7.025402940809727 128.1015414074063 0.4280944988131523 0.4169598966836929 0.3050213381648064 192.6865789592266 8.606807768344879 29.46406498551369 1.734901025891304 0.6300551146268845 0 0.09171728044748306 2.287708848714828 0 0.09902088344097137 20.0783576220274 0.1804851293563843 0 0.1613512560725212 0 0.2893051132559776 6.155569292604923 0.1373468786478043 0.385768711566925 0 2.48036465793848 4.859749108552933 1.522663049399853 5.121476456522942 1.793515674769878 7.797894068062305 0.2349506765604019 20.67304752767086 0.2965229265391827 0.2339987680315971 0.08338765799999237 0.07604614645242691 0.7151871472597122 0.08769626915454865 183.4025458171964 1.399061866104603 0 11.60270161181688 23.95940525084734 24.6046592220664 24.46132788807154 8.374606169760227 2.422006420791149 46.86662302166224 1.095698498189449 14.44085652381182 1.154917486011982 0 0.6073839776217937 0.1664152145385742 0 0.07500003278255463 0.1618205234408379 0.08272292464971542 0 0.07670080661773682 0.195539727807045 0.07972127944231033 0.09518386423587799 291.5780385434628 23.33503118157387 0 41.280822083354 19.52705500274897 0.6559532880783081 1.681471318006516 5.831681363284588 1.552347101271152 12.35986745357513 21.67670733481646 1.7834163159132 33.46702015399933 11.73209876567125 18.0136981010437 9.732842177152634 58.81789167970419 29.0560295060277 31.38640210777521 29.17235103994608 0.1816452890634537 0.2690886557102203 0 0 0 0 0 0 0 0 0 0 0 0 0 0 0 0 0 1.72368922829628 3.99128070473671 0 0 0 7.300450645387173 0 3.816162027418613 0.8245768249034882 0.1450576037168503 0 0 0 0 0.7056942582130432 1.102925896644592 0 0.2123334407806396 0.3344163820147514 0 0 0 0 0 0 0 0 0.5692609697580338 0.1655837967991829 0.7620236128568649 0.1831012368202209 0.881656639277935 0.8994950950145721 0.0806107223033905 0 0 0 0 0 0 0 0 12.5147053822875 0 0 0 0 6.739263154566288 5.460488513112068 3.177717886865139 0.887525387108326 0.717734307050705 0 0 0 0 0 0 0 0 0 0 0 15.55241307616234 5.422264851629734 2.272435493767262 103.3541620522738 5.164343520998955 35.21569463610649 15.99037230014801 107.6000502407551 9.121597744524479 1.18899242579937 10.24188556522131 12.60078374296427 0 2.725260324776173 0.4724351018667221 22.01960834860802 0.8578421324491501 0 0.1501665860414505 2.05360285192728 0.1552530974149704 361.8892746567726 103.8414826095104
86.93330094963312 500.6113272756338 62.2501079775393 724.3591584563255 1246.905196137726 92.63121791183949 2040.014631137252 686.6418491601944 1086.772987544537 3035.394133083522 1147.985192015767 588.130936935544 1683.692001760006 1837.275954805315 34.21102344989777 31.30232096463442 1.796162057667971 0.1758212223649025 0 0.3602122813463211 2.266726762056351 0.684244304895401 0.4072756394743919 0.1888673529028893 2.649688199162483 0 0.297750398516655 1.55673586577177 0.2040491551160812 0.2034671008586884 34.44909451901913 28.53667035326362 621.5896948873997 0.652711920440197 2.312270052731037 2.40222342312336 461.2795891240239 23.3265026062727 89.62647418677807 6.178922034800053 1.562360115349293 0.6157961934804916 0.2821162417531013 8.852046184241772 0.07604774832725525 0.2093824297189713 97.22953901439905 1.502171866595745 0.263342022895813 1.184961847960949 0.2993672713637352 1.08770427852869 49.01084543764591 1.564587630331516 2.062569200992584 0.4768295437097549 8.713027365505695 16.39906869828701 9.599259085953236 26.00895422324538 11.85182496905327 28.23942139744759 1.437166847288609 115.226020373404 0.7737609297037125 1.243197113275528 0.07591847330331802 1.18132059276104 2.463227476924658 0.8713087886571884 372.8791230916977 2.824769400060177 0.135483518242836 57.7862322665751 108.8820434771478 118.8462779372931 104.3414955511689 33.72972548007965 16.95472323894501 254.0435836240649 5.836151689291 76.48701648414135 6.198956470936537 0.08185981214046478 1.747689515352249 0.7670688256621361 0.9136592522263527 0 0.4365330636501312 0.06689725071191788 0.242270216345787 0.2522929161787033 0.8778664842247963 0.2075192406773567 0.2171308770775795 761.1018626019359 81.7742758244276 0 67.59688690304756 35.07711108028889 1.634706787765026 3.328754149377346 14.95368779450655 3.208476833999157 16.89933533966541 63.95617792755365 4.907103560864925 113.114551268518 32.42186602950096 65.29572103917599 29.31047178804874 181.1146602854133 100.2407720983028 90.60467155277729 73.84391454607248 0.08681262284517288 0.8975898623466492 0 0 0 0 0 0 0 0 0 0 0 0 0.160238578915596 0 0 0 0.08769286423921585 15.27348507195711 10.22826412320137 0 0.08420673012733459 0 22.82052603363991 0.1210550144314766 12.38945405185223 0.7781786248087883 1.315353058278561 0 0 0 0 0.9373888000845909 0.7610027492046356 0 1.372479021549225 2.19073624163866 0 0 0 0.5406774505972862 0 0.1728843152523041 0.4644349813461304 0 1.76257435977459 5.511302143335342 0.6572544425725937 0.159772664308548 3.566780492663383 5.434368766844273 1.76727420091629 0.5701994597911835 0 0 0.09936948120594025 0 0 0 0 46.87796736508608 0.2306272685527802 0 0 0 23.47975202649832 12.30585543811321 22.79356594383717 1.822649016976357 3.40556313097477 0.6108586490154266 0.5795798748731613 0 0.07489517331123352 0 0 0 0 0 0 0 56.21760909259319 16.20052676647902 11.29024036228657 409.5278832092881 16.00707615166903 149.0251278504729 52.03295686841011 187.0733408778906 39.0335124284029 2.619120851159096 55.487803414464 27.09610068798065 0 10.78865724056959 0.9490535780787468 48.84314236789942 7.690388359129429 0 1.014188215136528 10.629564486444 3.398753568530083 570.8199613392353 278.7611960917711
33.44754175841808 405.0561612695456 406.5023954361677 3.045540645718575 1290.923628687859 3.505197986960411 422.5035652704537 1259.825746022165 616.0697889104486 83.75430092215538 1804.782344214618 69.69438083469868 1837.275954805315 600.7372313141823 20.70765230804682 24.04158227145672 1.85820011049509 0.8258772492408752 0.1979198008775711 1.374669454991817 4.08812303841114 0.2354312166571617 1.989495173096657 0.2373505160212517 4.420179575681686 0.08683870732784271 1.561256177723408 0.2881607115268707 0.7687463089823723 0.6275754272937775 127.2734925225377 165.6054756864905 574.2449729889631 1.232983306050301 7.882417872548103 8.336048386991024 976.4965532273054 53.88067566603422 86.04289947450161 11.25338934361935 0.895134337246418 0.1073878481984138 0.4670285955071449 6.524465389549732 0.09896042197942734 0.5096260756254196 57.88791117072105 0.9185895994305611 0.375243216753006 0.5421167388558388 0.1983778178691864 0 30.21644126623869 0.2192506492137909 0.9863765612244606 0.5679698511958122 8.128279760479927 22.07910520583391 7.130760237574577 16.77540808916092 13.05537658184767 42.46571607887745 2.061412267386913 106.1343317180872 0.8621125295758247 1.146986953914165 0.7082497999072075 1.181796573102474 3.492560848593712 2.042559675872326 451.4242385625839 0.921842023730278 0 40.09111390262842 81.03665442019701 69.01877103745937 77.53962990641594 38.28055719286203 48.30314238369465 611.3332169502974 6.356692120432854 133.3053709194064 3.588980711996555 0 0.903032161295414 0.2835476845502853 0.9299994558095932 0.07490688562393188 0.2267885804176331 0 0 0 1.342443279922009 1.045640528202057 0.5421941131353378 170.2618907392025 30.58618652820587 0 41.92785900086164 22.56575263291597 0.1524663865566254 2.638631463050842 1.637485712766647 0 4.046775802969933 7.850180022418499 0.4266153201460838 12.75158755481243 5.453163810074329 6.068876162171364 4.819153286516666 21.621488109231 11.07801665365696 9.947095654904842 12.12296578288078 0.1065295785665512 0.1853108555078506 0 0 0 0 0 0 0 0 0 0 0.1112569272518158 0 0 0 0 0 0 2.523704379796982 0.5518987104296684 0 0 0 3.610817573964596 0.1812861561775208 5.919123627245426 0.478417731821537 1.102213427424431 0 0 0 0.1374051123857498 0.9533451721072197 0.2901456356048584 0 1.288205087184906 0 0.2238137722015381 0 0 0.2237992361187935 0 0 0 0 1.691799029707909 1.747149646282196 0.1017183512449265 0 1.915581792593002 1.073998883366585 0.5585271418094635 0 0 0 0 0 0 0 0 10.31432062387466 0 0 0 0 6.553413219749928 2.767555348575115 4.40434393286705 0.0839109867811203 0 0 0 0.1133034154772758 0 0 0 0 0 0 0 0 13.09989162534475 2.921789087355137 1.573255129158497 172.8903919309378 8.169985443353653 96.64961314946413 29.91292995214462 49.17346023768187 21.75372020900249 1.523353442549706 30.8687711879611 4.153499566018581 0.1500239819288254 1.893586821854115 0.09931687265634537 5.759411320090294 1.844346106052399 0 0 5.109549298882484 0.4279879778623581 39.98840231448412 27.62204288691282
