329.3929370120168 1527.19770962745 807.5289725288749 897.6659389287233 7.458141423761845 154.5658729076385 55.86696351319551 129.8846420198679 2.950977802276611 1410.876126244664 40.51594422012568 7.93937136977911 25.05867698788643 40.71564552932978 0.6616315096616745 0.6586085930466652 0.5329369232058525 0.09477975964546204 0.1885996237397194 0.2043368369340897 1.088285051286221 0 0 0 1.383324168622494 0.1343228816986084 0.3374070301651955 0.27126544713974 0 0.09819334745407104 541.3200468271971 19.19102665781975 7.541055433452129 0.280587762594223 0.8783068656921387 1.364080347120762 5.149719171226025 0.9979818761348724 0.8502935916185379 0.4181106984615326 0.09283290058374405 0.3017795979976654 0 0.2925824895501137 0.5136638209223747 0.344692625105381 10.60651613771915 2.457094356417656 0.8531008139252663 0.3196531981229782 0.4675578847527504 0.3913225382566452 0 0.09319286048412323 3.176413349807262 8.709158018231392 197.7055434957147 658.1012759432197 14.58278841525316 7.970208339393139 1.666882738471031 4.476868599653244 0.4167351648211479 34.71562610566616 6.725688613951206 3.281939797103405 0.9221900179982185 0.4433341324329376 0.423053927719593 0.9385608956217766 9.437857657670975 0.6649165153503418 0 84.6621576026082 81.40313462913036 4.174157410860062 2.967862442135811 0.8600152879953384 2.621293790638447 10.27993384003639 0.479336328804493 8.481932885944843 18.22583217918873 0.8397788479924202 3.224491916596889 7.331046603620052 1.143760487437248 0.1741073429584503 0.8191636130213737 0.0849582850933075 0.2370926663279533 0.09064312279224396 0.09189289063215256 0.1149932369589806 0 16.05412897467613 1.673822909593582 0 1.312675103545189 1498.863566182554 0.3174547553062439 2.482572689652443 13.27107866108418 1.926101669669151 1.926013380289078 24.43985375016928 8.929823905229568 3.734524846076965 7.339082203805447 6.595362901687622 1.287899017333984 12.74668311327696 3.97096648812294 5.292854689061642 3.606465458869934 0 0 0 0 0 0 0 0 0 0 0 0 0.1081494763493538 0 0.5772901773452759 0 0 0 0 2.351759493350983 0.4828940033912659 0 0 0 3.298206955194473 3.141644224524498 2.122245848178864 1.06263367831707 0.9257366359233856 0 0 0 0 0 0 0 0 0.5937114208936691 0 0 0 0.1594013869762421 0 0.1084574460983276 0 0.1682021617889404 0.2469753623008728 1.004735350608826 0 0 1.641126871109009 8.050940155982971 0 0 0 0 0 0 0 0 0 1.897686541080475 0 0 0 0 3.065958604216576 0 2.93451976776123 0 0 0.4196801781654358 0 0 0 0.2995168045163155 0 0 0.100178100168705 0 0 0 4.060400329530239 0.7943522334098816 1.90296483784914 342.2933560311794 4.581911772489548 90.311956577003 12.98966360837221 814.6349507942796 8.27764406055212 2.791588261723518 0.4846926331520081 36.29263247549534 0.09083262085914612 0.6888590827584267 0.1210394874215126 35.83881956338882 0 0.1390397846698761 0 10.61624690890312 0 219.1095561906695 19.82915139198303
1527.19770962745 1884.230148784816 1266.540521375835 655.9447762742639 1031.875890418887 133.5206538140774 1562.282341092825 817.120242908597 1015.437422372401 1069.609745264053 1233.607954248786 155.1968893259764 1596.418293140829 3442.781052827835 28.33245560526848 15.69094127416611 3.568309314548969 2.979278475046158 1.99441035836935 1.021474339067936 4.160193391144276 0.4038045853376389 0.1387827843427658 0.09025739878416061 4.685732170939445 2.181637398898602 0.2703545168042183 0.7364200949668884 0.2288840487599373 0.1756381392478943 1351.319066233933 40.00375739485025 184.3200379163027 1.157166853547096 4.468357808887959 7.870485939085484 71.92509137094021 15.76038299500942 7.1937215924263 0.9622349292039871 1.34888955950737 1.781661838293076 0.9271455630660057 4.27005659788847 3.341947443783283 3.752317830920219 160.2528060525656 30.00503804534674 9.281947329640388 4.304193563759327 2.197616226971149 0.2029408812522888 0.1265674382448196 0.3890863731503487 18.68064375221729 43.12421077489853 175.0861878097057 712.1346667930484 56.60230758041143 136.0366317629814 9.116388663649559 36.22047100961208 2.487928874790668 180.0527345314622 44.1833343654871 25.94121637940407 6.398475930094719 4.383826553821564 3.362569965422153 1.122826412320137 44.72521672397852 0.166874885559082 0.08040271699428558 484.6292940862477 653.9831682816148 249.7063367664814 162.4955928623676 37.46321178227663 18.14355905354023 237.2157118543983 4.088153056800365 59.28729039430618 120.2650334909558 3.511687777936459 24.65895894169807 49.39559122920036 14.91493387520313 0.07689066231250763 4.254326522350311 0.07788161188364029 1.856877505779266 0.4197937324643135 1.827197209000587 1.032515659928322 1.066275358200073 34.37126199901104 2.780504927039146 0 6.749037742614746 732.9029640182853 4.00575864315033 3.981410443782806 19.84900391846895 3.177679657936096 3.460681654512882 54.99614021927118 14.31147848814726 13.03769107162952 7.51876275986433 17.37330257892609 2.3608503267169 36.64499454200268 12.3172105550766 13.0178320556879 16.27385682612658 0 0 0 0 0 0 0 0 0 0 0 0 0 0 0.4881070852279663 0.1149615868926048 0 0 0 7.036622159183025 1.238843768835068 0 0 0 19.44141668826342 1.688262581825256 9.29786629229784 0.6684480309486389 2.111036360263824 0 0 0 0 0 0 0 0 0.146781787276268 0 0 0 0.1251140087842941 0.09682794660329819 0.09432147443294525 0 0.4481700509786606 0.4662238955497742 0.1289318650960922 0 0.2576954066753387 0 13.98057486116886 1.237180203199387 0.2117869853973389 0 0.08775102347135544 0.1719845682382584 0.06914795935153961 0.1540867984294891 0 0 8.327826291322708 0 0 0.07943593710660934 0 11.847935795784 2.505729824304581 5.92292158305645 0.1085034012794495 0 0 1.285604000091553 0 0 0.4455386027693748 0.1037111058831215 0 1.175336398184299 0.2937320172786713 0 0 11.95952401310205 4.474827103316784 10.47157490998507 539.2398313805461 36.55671232938766 927.0095730349422 103.2638464644551 663.4467899426818 98.74428576231003 7.548459783196449 32.09266654402018 51.20441392064095 0.7416999712586403 0.7551981210708618 0.8156885877251625 55.06894667446613 0 0.8412264287471771 0.4549810290336609 31.85869400203228 0.5948299169540405 273.2563517019153 31.23020565509796
807.5289725288749 1266.540521375835 351.6328798681498 183.2570158913732 248.5708396136761 57.06210726499557 26.86895047128201 3800.319019973278 67.78052596002817 12.28250394761562 1482.829938732088 14.75505731999874 40.29079531878233 545.6887710317969 21.98141121119261 37.60200171917677 6.328110329806805 6.448230922222137 2.072317503392696 20.41811726242304 50.95549383759499 0.3806922510266304 2.508722767233849 4.386966966092587 67.89122094213963 21.58036047965288 6.102909982204437 4.926063574850559 0.6933637484908104 0.4181149378418922 3352.398852132261 338.4816104397178 139.878109164536 27.86437123268843 174.5088915601373 104.0397852286696 37.61291386932135 24.18255650252104 13.87450010329485 7.154013656079769 22.16095822304487 8.606824055314064 11.32941283285618 7.321816302835941 24.12367729097605 16.88406451046467 47.34097032248974 10.41661801934242 3.450915105640888 12.540661893785 1.717373989522457 0.3691294714808464 0.552487775683403 1.910878241062164 2.398862138390541 6.203795224428177 69.22827434539795 391.4929564148188 14.34526535868645 24.10654976218939 121.9193212911487 180.8392100930214 16.62835435569286 156.1329588964581 8.230765961110592 4.486679784953594 1.764249414205551 3.198277853429317 26.26631982624531 23.23321131616831 48.41972799599171 3.864978194236755 0.1069159507751465 120.3265432044864 247.9298095926642 60.37640156596899 66.00003718584776 103.5943589806557 635.6151354163885 795.3936979547143 32.2604733556509 677.7875757813454 22.840860016644 0.4737483784556389 5.784927926957607 8.19303597509861 15.72116730362177 0 0.8053176179528236 0.1065263003110886 1.712081462144852 0.261180467903614 16.9369156062603 2.986863404512405 3.661215260624886 30.44291044026613 2.19378374516964 0.1239064335823059 6.007171921432018 270.674821190536 0.243340864777565 0.3174807727336884 3.440985657274723 0.5047939270734787 1.328012466430664 15.83597782254219 1.186237908899784 3.454426229000092 3.338014021515846 3.14879048615694 1.529261775314808 15.87169136852026 4.502120271325111 4.977679163217545 9.371347099542618 0 0 0 0.4440558850765228 0 0 0.1330557316541672 0.1494241952896118 0 0 0.1969693377614021 0 0.5551523715257645 0 0.3865286111831665 0 0.07776769995689392 1.815382950007915 0.166281521320343 3.065239258110523 0.937070868909359 0 0 0.5592988133430481 11.71772438287735 1.54335080832243 11.7658938318491 3.18145526945591 1.122779838740826 0 0.2280787080526352 0 0 0.1186684817075729 0 0 0 0 0 0 0 0.7589753493666649 0.2034700214862823 0 0 0 0 0.122038371860981 0 1.205112487077713 0 11.17880581319332 0.104222372174263 0 0 0.07266488671302795 0.09084544330835342 0.103507973253727 0 0 0.2222254350781441 5.247901819646358 0.1375041753053665 0 0.09092568606138229 0.2251175045967102 5.703892968595028 0.9966977313160896 6.556514970958233 0 0.366319328546524 0 0 0 0 0 0 0.2049859911203384 0.6323064565658569 0.2184284552931786 0.3988463059067726 0.09189974516630173 10.17212374508381 4.86921489238739 11.62125807255507 161.0574982985854 12.13432026654482 215.9877828285098 55.55691853910685 223.9102362021804 14.46832252293825 1.077645733952522 9.806783817708492 20.55561352521181 0.3534234762191772 1.616646163165569 0.3275362402200699 11.36111679673195 0.1478195488452911 0.09477110952138901 0.4086640179157257 16.76417005807161 1.537685588002205 70.52241067588329 9.335466854274273
897.6659389287233 655.9447762742639 183.2570158913732 232.8138137757778 50.95668914169073 485.8667505308986 843.3903701901436 13.0943340882659 15.74395680427551 3184.801653847098 59.37420368939638 268.3313649743795 1003.589800678194 228.5360435768962 2.192234992980957 0.7379366233944893 0.2685302421450615 0.2921819388866425 0.3718611523509026 0.1900073662400246 0.1838831901550293 0 0 0 0.09589266777038574 0.3085779771208763 0.1032077074050903 0 0 0 274.1479564979672 1.14470598846674 17.24228803813457 0.2094817906618118 0.4369589015841484 0.2299492359161377 20.23372953385115 0.6667394712567329 0.237469270825386 0.7919236421585083 0 0 0.08555988967418671 0.3974311873316765 0.2187793329358101 0.3557706773281097 23.27658015489578 6.279352881014347 1.58928869664669 1.057270683348179 0.7258497476577759 0 0.140295222401619 0 3.869222648441792 11.75781404227018 69.34642413258553 223.8002643361688 13.83934121578932 19.83739792555571 1.53084110468626 0.9577931985259056 0 35.44777488708496 9.092698782682419 4.640817455947399 0.6945558562874794 0.8974882438778877 0.3725594356656075 0.1240795403718948 7.493386752903461 0 0 106.0523853972554 120.4023993462324 25.63199247419834 7.445128262042999 1.897963725030422 2.012514039874077 6.18209295719862 0.1866509988903999 2.063552014529705 28.4200606122613 1.044245511293411 6.294030845165253 13.0955717638135 2.495786473155022 0.1679881811141968 0.5150805711746216 0 0.3172160312533379 0.1120983734726906 0 0.1034285724163055 0.1750915199518204 8.987211436033249 0.185518741607666 0 0.4623350873589516 497.0887355431914 2.418592549860477 6.492918074131012 55.96929275989532 33.47786142677069 6.623721063137054 100.5476581528783 35.38895154744387 15.86118872463703 41.81420034170151 26.80234099179506 1.445174798369408 50.13607638329268 39.54000065475702 12.92339288443327 11.73494620621204 0 0 0 0 0 0 0 0 0 0 0 0 0 0 0 0 0 0 0 3.81921674311161 1.409424394369125 0 0 0 12.81101977080107 1.948992535471916 4.796567857265472 0.2473945766687393 0.9445784986019135 0 0 0 0 0 0.4046084880828857 0 0 0 0 0 0 0 0 0 0.08190928399562836 0.2059741318225861 0.3632275760173798 0.9701433852314949 1.1137465685606 0 0 13.2646541595459 0.1213645711541176 0 0.08075889945030212 0.07894478738307953 0 0 0 0 0 6.059084951877594 0 0 0 0 7.928118512034416 0.1670519560575485 2.874770328402519 0 0.3932111412286758 0 0 0.1325637996196747 0 0.1533723399043083 0.09432255476713181 0 0.3871608152985573 0 0 0 10.80990057438612 4.213783234357834 2.871679708361626 313.7857702374458 8.912206336855888 148.0635783225298 14.15499138832092 966.0472689718008 9.538878321647644 1.330849833786488 1.217684663832188 62.36924006044865 0.1091076508164406 1.275469124317169 0.2324502989649773 86.19680115580559 0 0.1618681401014328 0.3177151083946228 4.456772699952126 0 333.871277205646 54.30700179934502
7.458141423761845 1031.875890418887 248.5708396136761 50.95668914169073 864.8523281291127 4.542215958237648 714.9772875458002 199.2542716935277 2134.777377307415 551.3421683013439 479.7927763462067 31.66064310818911 447.6697187125683 1994.547954209149 10.41972741484642 5.988257236778736 0.504682831466198 0.4014974310994148 0.1012446582317352 0.2218921333551407 0.2749440371990204 0 0.1110048815608025 0 0.9172176271677017 0.232689343392849 0 0.3483835831284523 0 0 84.27609162032604 4.929643094539642 26.88225889950991 0.1013212949037552 0.1717047244310379 1.204845651984215 18.51604141294956 3.969707146286964 1.053379371762276 0.1686767190694809 0 0.08932742476463318 0.2331855744123459 1.500426717102528 0.5394421070814133 1.243276797235012 49.54975403100252 5.420278251171112 2.061165079474449 0.9405755400657654 0.3727843910455704 0 0 0 1.714270323514938 6.635754011571407 17.84459203481674 32.89143285155296 10.31778121739626 40.08283880352974 0.4860692620277405 11.13821169734001 0.5802344679832458 53.88984706252813 6.164350509643555 3.903044395148754 0.9681302011013031 1.217139072716236 0.3158852383494377 0 37.37968346476555 0.7130599021911621 0 86.29907408356667 128.9438227564096 89.56277392804623 71.50352799892426 11.63051123917103 1.620418041944504 23.53146648406982 0.815872810781002 7.491005845367908 20.51563154160976 0.89348154515028 4.106303155422211 8.788015238940716 2.139183297753334 0.1013208776712418 1.016906514763832 0 0.3845266178250313 0 0.275307759642601 0 0.3746916502714157 33.73638635873795 1.786711618304253 0 2.247139677405357 8.787630617618561 0.3718964084982872 3.855252906680107 11.5246057882905 2.305555656552315 5.821764603257179 60.42715471237898 10.21569919586182 10.76166776567698 7.576127268373966 12.23895131796598 3.207189954817295 56.94468226283789 13.13015216588974 19.75817747414112 17.7869339287281 0 0 0 0 0 0 0 0.4225242435932159 0 0 0 0 1.357809722423553 0 0.5211486220359802 0 0 0 0 7.75227340310812 1.441991880536079 0 0 0 25.69532340764999 5.089684173464775 18.21392809599638 2.50735704600811 1.530711382627487 0 0 0 0 0 0 0 0 0 0 0 0 0 0 0.09088507294654846 0 0.08587314188480377 0.1639015078544617 0 0 0 0 24.29615485668182 1.312276303768158 0 0 0.09897121787071228 0.1363671720027924 0 0 0 0 9.582412406802177 0 0 0 0.2062147259712219 10.99478767812252 2.537349194288254 15.12571576237679 0.2272175550460815 0.1519556194543839 0 0 0.1192755997180939 0 0.2017405927181244 0.07787352800369263 0 0.1690036505460739 0 0 0 14.72724284231663 9.921127289533615 8.344315186142921 170.9383945092559 6.073093861341476 268.792114444077 44.38223842531443 47.72289256006479 40.28382553905249 0.8351484835147858 17.48764577507973 38.06095378100872 0 3.024691581726074 1.536499798297882 40.34619112312794 0 0.233008049428463 0 5.39507681876421 0.4475911855697632 89.62887500226498 24.96246613562107
154.5658729076385 133.5206538140774 57.06210726499557 485.8667505308986 4.542215958237648 9.076115414500237 66.50554435700178 7.126454338431358 3.176310867071152 1068.677711382508 4.481662943959236 96.3609105348587 51.34626752883196 15.27768321335316 0.1392403095960617 0.2234887480735779 0 0 0 0 0 9.504622101783752 0 0 0.1939613074064255 0 0 0 0.1846356391906738 0 80.59394499659538 0 21.29898722469807 0.490809440612793 0.3555572926998138 1.208918049931526 65.31608434766531 12.83825838565826 23.18351943790913 0.456257700920105 0 0.1304942518472672 0.3675177842378616 0 0 0 0.9004464223980904 0.3384301140904427 0 0.1585140079259872 0.3342726603150368 13.06346797943115 6.100623369216919 0.2708683013916016 0 3.127415113151073 107.6752024069428 75.29839535057545 1.497063368558884 0.7313731908798218 0.1220798790454865 15.49452717602253 0 2.122006520628929 0.08773962408304214 0.1964693963527679 0.4532453268766403 0.08307313919067383 0 0.7155954241752625 249.0434899255633 194.0774908959866 59.80539180338383 3.102787584066391 3.788544230163097 0.1004043221473694 0.1980388164520264 0 0.1547059416770935 10.9846670255065 0 6.894416004419327 0.8275238275527954 7.080134384334087 0.3435100167989731 7.777465648949146 0.1827422603964806 8.845321319997311 10.57711292803288 21.09426841139793 3.123158186674118 4.964167013764381 0.4023979604244232 0 2.252212911844254 341.8482624590397 273.3190927654505 21.56500746309757 49.54843311756849 425.3643705993891 0 2.892278671264648 9.223118558526039 1.746617957949638 0.3236358612775803 19.13995564728975 11.00174979865551 6.420798942446709 3.90115013718605 10.15749014914036 0.1710740625858307 10.41108769178391 2.821156494319439 1.612189970910549 2.088080279529095 0 0 0 0 0 0 0 0 0 0 0 0 0.2449138164520264 0.147319421172142 0.2496582418680191 0.1821078360080719 1.14125133305788 0.4123726487159729 0 1.339428648352623 0 0 0.1401161402463913 0 1.526076011359692 0.1261856108903885 1.709610857069492 2.524923130869865 1.651615247130394 0 0.1498759686946869 0 0 0 0 0 0 0 0 0 0 2.863970197737217 0.5672689378261566 0.163766160607338 0 0 0 0 0.3776207268238068 0 0 0.4466014951467514 0.252684012055397 0 0 0.09806530177593231 0 0 0 0 0 1.403033062815666 2.301537051796913 0 0 0.2674417346715927 1.141423553228378 0 0.5142103433609009 0 0 0 0.1583123654127121 0 0 0.3553775548934937 0.2411379516124725 0 0.1080456525087357 0.116024449467659 0.1170824691653252 0.1010338664054871 1.846082113683224 2.892957173287868 1.486061871051788 30.9966474622488 1.004677712917328 5.231264278292656 0.7389066740870476 227.971670717001 2.779576696455479 0.7001491263508797 0 14.09106294810772 0.1715547889471054 0.2544530257582664 0 17.22708731144667 0 0 0 6.592289388179779 0 53.14294985681772 28.64351173490286
55.86696351319551 1562.282341092825 26.86895047128201 843.3903701901436 714.9772875458002 66.50554435700178 846.6109282970428 40.48724269866943 742.47536046803 2488.061700031161 149.2936925515532 268.657073110342 3793.779792845249 1310.618152871728 9.633098810911179 5.661895334720612 0.5017793327569962 0.3225755393505096 0.2589693441987038 0.3848138898611069 0.1029177308082581 0 0.09420790523290634 0 0.5692319422960281 0.5526681914925575 0.1436880528926849 0.2720094844698906 0 0 155.0708406493068 3.183855272829533 34.08733282983303 0.211696021258831 0.1326125264167786 1.381229311227798 40.46340921521187 2.639530546963215 1.718480736017227 0.1445211619138718 0.3361531496047974 0.2618269622325897 0 1.086936421692371 0.7116025313735008 0.7423901259899139 49.50032764673233 6.546330235898495 2.918088115751743 0.9901966825127602 0.3645465597510338 0 0 0 4.182473063468933 8.585971191525459 30.17725929617882 63.30409455299377 8.569225408136845 33.56149867922068 1.249396145343781 14.74696166813374 0.1015786305069923 43.43718685209751 8.671341672539711 6.585776075720787 1.080392830073833 1.429764449596405 0.2635335326194763 0.1768207252025604 45.48420122265816 0 0 105.7769217193127 112.5565340593457 79.4774334281683 45.62947225570679 11.0454149544239 0.7600561678409576 20.06108278781176 0.5424829944968224 7.928378097712994 27.88734976947308 1.426633164286613 5.118222177028656 10.76625887304544 2.041739046573639 0.09218744933605194 1.287132732570171 0 0.4052446261048317 0 0.1890997961163521 0.243768073618412 0.2932830825448036 98.81715202331543 1.512682437896729 0.1155932545661926 1.470009937882423 37.82897707819939 3.133800514042377 10.17298622429371 98.93435864895582 9.595864832401276 12.52455050498247 170.2016865685582 45.3238122984767 32.18655709922314 62.43832331895828 45.70429044961929 5.902621001005173 144.0235792398453 40.8405292108655 46.59736760705709 46.04590632766485 0 0 0 0.1489971280097961 0 0 0 0 1.127478122711182 0 0 0 0 0 0.6617356836795807 0 0 0 0 6.926996782422066 3.745192170143127 0 0 0.2529129385948181 41.81439175456762 1.688876837491989 14.62738243490458 3.902940556406975 3.947513192892075 0 0 0 0 0 0.3051637709140778 0 0.1852925717830658 0.7030596062541008 0 0 0 0 0 0.10017991065979 0 0.282710388302803 1.459650732576847 4.730386555194855 1.988929860293865 0 0.9074277132749557 49.96552503108978 2.711699306964874 0.1078786700963974 0.2505670040845871 0 0 0 0 0 0 29.25571368634701 0 0 0 0 26.36051654815674 2.299170829355717 20.84184274077415 0.4612982273101807 1.647324830293655 0.1129807233810425 0.4515153467655182 0.3131695091724396 0 0.2433666288852692 0.08214429765939713 0.08682715147733688 0.08542182296514511 0 0 0 45.9080537930131 17.94952604919672 12.03023851662874 299.3333411440253 9.092582359910011 296.0656541436911 43.94263306260109 236.9401351064444 49.20518243312836 0.9666047096252441 22.7638736218214 113.2913137674332 0.8333381563425064 8.305646307766438 1.362716600298882 129.5063697546721 1.051158562302589 0.1156456246972084 2.232962176203728 7.289672046899796 2.765149220824242 300.7131776884198 92.22221717238426
129.8846420198679 817.120242908597 3800.319019973278 13.0943340882659 199.2542716935277 7.126454338431358 40.48724269866943 1102.926693707705 133.0828863680363 12.22744479030371 974.1497332751751 42.42291332036257 303.4586138725281 833.9344430863857 30.79377973824739 48.46896513551474 2.956601284444332 1.761103719472885 0.854246474802494 7.913905993103981 36.29099462926388 0.2917074412107468 1.757575735449791 5.540682762861252 81.94420307129622 24.77775663882494 6.070645056664944 8.074825242161751 0.413386382162571 0 1053.134432502091 1219.331242419779 271.7120057567954 15.27285461872816 113.2759009897709 129.4050271809101 108.6578219458461 54.89060474187136 24.59089670330286 14.21209298819304 15.69919449836016 4.646445982158184 2.949995897710323 12.55132955312729 9.756806001067162 6.438532441854477 69.52118868380785 5.606073088943958 2.125955611467361 5.088209889829159 1.076429039239883 0 1.133976325392723 1.227760545909405 1.076115727424622 3.965038113296032 21.84729108959436 79.83999307453632 6.929793328046799 34.44933225214481 81.0419252961874 199.814058072865 22.31662545353174 195.8118173629045 4.731805950403214 4.150004059076309 1.27320072054863 1.332612462341785 8.759688407182693 11.28038028627634 51.72528707236052 4.285040989518166 0 82.342076189816 161.339251190424 121.3221789225936 153.9346957653761 412.6781350970268 278.1903971582651 1247.961458750069 20.05593100935221 874.3994552269578 14.42695608735085 0.3882237300276756 3.362532287836075 6.050860494375229 5.002806983888149 0 0.6623084768652916 0 1.62063405662775 0.2431842684745789 9.613702595233917 1.3788056448102 2.369278594851494 13.62663346529007 1.782410055398941 0 9.536045767366886 48.5361120402813 0 0 2.257322326302528 0 0.2950828373432159 8.113046325743198 0.5430369228124619 2.29781237244606 0.9531915038824081 1.21589469909668 0.5880785509943962 7.043271169066429 2.701018042862415 1.690141528844833 7.439921967685223 0 0.2225563824176788 0 0 0 0 0 0.1121634840965271 0 0 0.1087144613265991 0 0.2346633896231651 0.1565680652856827 0 0 0 0.4467704966664314 0.2369295060634613 1.677614256739616 0.1539717316627502 0 0.5370070934295654 0 7.717018373310566 2.731087848544121 7.173803813755512 1.534204915165901 1.486590184271336 0.1480267643928528 0.121370367705822 0 0 0 0.1993570029735565 0 0 0 0 0.2644013166427612 0.2539692372083664 0.9134800508618355 0.2823022976517677 0.1723082214593887 0 0 0 0 0 0.2046213001012802 1.017240613698959 8.549389705061913 0.215160995721817 0 0 0.2365403547883034 0 0 0.08476949483156204 0 0.1657038927078247 5.79154909402132 0.7079757750034332 0 0 0.1078319028019905 1.168180361390114 0 5.328711837530136 0.2090935483574867 0 0 0.1737263947725296 0 0 0 0.08364883065223694 0 0.2032129913568497 0.1271764785051346 0.09255986660718918 0 7.41545245051384 5.4445805773139 8.011114321649075 283.3310426175594 13.71500740200281 288.7276441678405 70.20450161397457 47.85037390142679 44.61511997878551 0.8623153567314148 25.94058725237846 19.51355427503586 0.5683146789669991 0.5469396114349365 0.6107798218727112 7.880716532468796 0 0 0.7497817277908325 10.65026118606329 0.9954281896352768 28.2277594730258 10.48191268742085
2.950977802276611 1015.437422372401 67.78052596002817 15.74395680427551 2134.777377307415 3.176310867071152 742.47536046803 133.0828863680363 89.1823842972517 54.46597217023373 346.1213728785515 10.4864609465003 500.643399015069 461.5675456821918 6.501457832753658 3.651173278689384 0.5502567663788795 0 0.1199267134070396 0.08853617310523987 0 0 0 0 0.8274634703993797 0 0.104982852935791 0 0 0.1198858022689819 15.75303050875664 1.329554185271263 14.0716887563467 0.1292689740657806 0.07511322200298309 0.7966436147689819 9.128549411892891 1.604178287088871 0.9404462426900864 0 0.1775603294372559 0.1161214783787727 0.1482720673084259 0.6054917350411415 0.1810091361403465 0.4234092608094215 14.73195831477642 2.218687355518341 0 0.1055958941578865 0.3628444746136665 0 0 0 0.9902811422944069 1.319260321557522 5.338746249675751 6.952377691864967 1.763905622065067 11.99204191565514 0 4.555513493716717 0 12.56503092497587 1.411009937524796 1.139442205429077 0.2130402773618698 0.1038174033164978 0.07508928328752518 0.08989948779344559 15.64811562746763 0 0 22.09122604131699 29.98000550270081 32.8881608992815 23.07102605700493 9.28988790512085 0.4045925587415695 18.66859809309244 0.0997198149561882 6.306802541017532 3.945291221141815 0.1808382868766785 1.459168620407581 2.289650075137615 0.6542270854115486 0 0.5541256815195084 0 0 0 0 0 0 23.3618203997612 0 0 1.007768020033836 0.6742146760225296 0.7228525131940842 1.443290203809738 8.894943900406361 0.4447451233863831 2.2821029946208 29.48980176448822 4.619333632290363 7.598516352474689 4.654754377901554 6.896387353539467 1.051574997603893 27.36939512938261 9.495334841310978 11.39377401024103 11.23296988755465 0.1320964992046356 0 0 0 0 0 0 0 0 0 0 0 0.3360892236232758 0 0.2490877658128738 0 0 0 0 3.197673767805099 1.052015289664268 0 0 0 8.546342082321644 1.710247159004211 7.056522965431213 0.4665240943431854 0.1622250229120255 0 0 0 0 0.6913127899169922 0 0 0 0 0 0 0 0 0 0 0 0 0.1587035208940506 0 0 0 0 15.5785473510623 0.116093248128891 0 0 0 0 0 0 0 0 7.649516724050045 0 0 0 0 4.197809755802155 1.727837145328522 7.348888143897057 0 0.3044337928295135 0 0 0 0 0 0 0 0.09124384820461273 0 0 0 9.280529297888279 5.864047229290009 4.184465184807777 83.90084236860275 2.988608323037624 85.8943558037281 21.11342944949865 12.16049166023731 13.95928742736578 0 8.403214409947395 15.40867687761784 0.3315041959285736 1.745945125818253 0 23.47778369486332 0 0 0 2.085594974458218 0.2058785259723663 26.03169649839401 12.65628841519356
1410.876126244664 1069.609745264053 12.28250394761562 3184.801653847098 551.3421683013439 1068.677711382508 2488.061700031161 12.22744479030371 54.46597217023373 1630.511247813702 21.49882883578539 1384.998435467482 3687.430395402014 406.1589071825147 4.885879181325436 2.779051072895527 0.3282090798020363 0.2032276019454002 0.1052885353565216 0 0.2758900821208954 0 0 0 0.4717253893613815 0 0.1002025827765465 0 0.1462064981460571 0 78.85699155926704 0.8586011305451393 101.925933368504 0 0.289736345410347 0.3042242825031281 218.0437931120396 3.794296316802502 6.080694779753685 0 0.2481225579977036 0.09165133535861969 0 0.3300146460533142 0.2114098146557808 0.3552181050181389 16.56189899146557 1.661888264119625 0 0.3256741911172867 0.2024535164237022 0.3381067514419556 0.3257254064083099 0.1350977718830109 0.7409665957093239 2.771782666444778 33.06136596947908 42.46503546088934 3.414811871945858 10.26971853524446 0.2068718895316124 9.553593248128891 0 13.81023833155632 2.517227657139301 1.329510651528835 0.36109509319067 0.3702340349555016 0.2852091938257217 0 222.6014924198389 4.045473024249077 0.5098138898611069 34.43693469464779 31.9960604980588 18.5678478255868 7.334596186876297 1.984778210520744 0.3546075373888016 7.982186421751976 0.1197539493441582 2.518092125654221 6.932655319571495 0.573253370821476 1.939712814986706 2.793428756296635 0.5629368051886559 0 0.2546879798173904 0.1834456622600555 0.3064676001667976 0.1850047260522842 0 0.1270054429769516 0.1227494478225708 400.8819258585572 47.25652423501015 2.13898266851902 35.50887673348188 437.6910948976874 2.45076385140419 25.06022700667381 128.6428027972579 31.59582895040512 23.75235265493393 349.1942693069577 120.4367826059461 72.78692097216845 103.1515230312943 140.6859641894698 13.44398508965969 261.7562452703714 84.32152013480663 74.05671384185553 57.20248816162348 0.1405338495969772 0 0 0 0 0 0.1011495888233185 0 0 0 0 0 1.875824347138405 0.1976165771484375 0 0 0 0 0 18.34744376689196 3.169765144586563 0 0.9004460573196411 1.437069565057755 54.76151596009731 4.128993108868599 21.92388769239187 3.419152498245239 3.481101252138615 0.2605175971984863 0 0 0 0.1280446201562881 0 0.1079787760972977 0 0 0 0.3955294787883759 0 0 0 0 0.09753686189651489 0.09409108757972717 1.514345236122608 1.141213141381741 3.177058629691601 0 0.2428561300039291 43.88679049909115 1.93105224519968 0 0 0 0 0 0 0 0 41.02252250164747 0.1766688525676727 0 0 0 26.69307290762663 0.3973684459924698 19.73241128772497 0.1941062957048416 1.72705465555191 0.2355909422039986 0.100946843624115 0.1276649236679077 0 0 0.2040581107139587 0 0 0 0 0 73.88732896745205 18.91436249762774 14.34798967093229 616.302456997335 1.850619435310364 92.74323695152998 15.12728194147348 1137.823129139841 16.79831152409315 0.3019342571496964 8.849253281950951 207.879123494029 0 4.013899073004723 0.5919311195611954 300.2181825712323 0.2487669661641121 1.865806400775909 0.1894572228193283 1.366829961538315 0.3386408686637878 1362.86520729214 366.1278377398849
40.51594422012568 1233.607954248786 1482.829938732088 59.37420368939638 479.7927763462067 4.481662943959236 149.2936925515532 974.1497332751751 346.1213728785515 21.49882883578539 583.6929342076182 92.97447694838047 1985.051886186004 1981.778901018202 18.40068285912275 27.5313980653882 1.660000376403332 0.4332375302910805 0.3329157084226608 0.7032085284590721 4.03822360932827 0.1723490506410599 0 0.4030339866876602 14.11103516072035 4.205442078411579 1.293977752327919 1.898653700947762 0 0 206.0499173775315 44.77807974815369 389.2959443181753 0.8579136654734612 9.484061360359192 19.5913899615407 302.814142614603 53.60687189549208 21.10472800582647 5.508110128343105 2.327111721038818 0.8321635127067566 0.1941807866096497 4.839478820562363 1.898222006857395 2.568601757287979 41.3067512512207 3.489512875676155 1.761676922440529 0.6118904277682304 0.09234053641557693 0.09223677963018417 0 0.208075575530529 1.372238904237747 4.108149014413357 10.220688842237 32.81533281505108 5.807645052671432 23.91688778996468 3.786285422742367 180.6009201481938 2.990558467805386 44.20659566670656 3.605195306241512 2.733283959329128 0.8323822543025017 1.173096418380737 1.10219618678093 0.6086244359612465 82.98281039297581 0.8958683013916016 0 48.42625706642866 87.40772712230682 82.66828029602766 74.51427414268255 37.37103556096554 16.84799253940582 501.319662861526 1.597204282879829 187.6913753673434 12.94268845766783 0.1768598854541779 2.209749132394791 4.036467850208282 1.451070122420788 0.1742383614182472 0.52460927516222 0 0.2066009789705276 0 0.7504728138446808 0.130522757768631 0.3543137982487679 12.49050049483776 0 0 10.68791221827269 8.391102850437164 0.1785026341676712 0.1396870911121368 1.803861632943153 0 2.728906951844692 9.272907741367817 0.8755580484867096 1.847993098199368 1.955798409879208 2.333719365298748 1.074868500232697 7.755719646811485 2.994744293391705 1.997138164937496 5.106403015553951 0 0.2094042301177979 0 0 0 0 0 0 0 0 0 0 0.1597927957773209 0 0 0 0 0 0 1.210336357355118 0 0 0 0.1832726746797562 7.695980094373226 0 3.641193673014641 1.903588443994522 1.476508058607578 0 0 0 0 0 0 0 0 0 0 0 0 0 0.1127907633781433 0 0 0 0.110061801970005 0 0.1246159896254539 0.1913381069898605 0 4.425148971378803 0.1048679351806641 0 0.08160395175218582 0 0 0 0 0 0 4.113977611064911 0.3596087545156479 0 0 0.1126498878002167 3.507625870406628 0.488513708114624 3.945690989494324 0.1650527268648148 0 0 0 0 0 0 0 0 0.09541051089763641 0 0 0 6.362590447068214 4.670708544552326 4.581395789980888 154.0817446112633 6.231136426329613 176.3225438222289 35.12976208329201 21.99473116546869 26.95220114290714 0.09605807065963745 14.39932627975941 6.977882228791714 0.1890692263841629 0.09508426487445831 0 5.369074270129204 0.5742861032485962 0 0 9.029755383729935 0.3599924147129059 17.06666360795498 4.56537489593029
7.93937136977911 155.1968893259764 14.75505731999874 268.3313649743795 31.66064310818911 96.3609105348587 268.657073110342 42.42291332036257 10.4864609465003 1384.998435467482 92.97447694838047 109.4699061065912 784.3547478765249 120.1938428208232 23.86961827427149 37.36982354521751 0.9140041097998619 0.1639974862337112 0.1215841844677925 0.4900415241718292 1.59705439209938 0.621775284409523 0 0.1272311955690384 3.54254973679781 0 0.1134234145283699 1.177198089659214 0.2480539083480835 0.1287375241518021 10.83077073842287 1.468638636171818 131.834905192256 0.1392365247011185 1.859936475753784 7.260231882333755 469.504219725728 52.4278317913413 25.68050947785378 3.342752546072006 0.5475864708423615 0.3608693405985832 0 3.611866809427738 0.4909696280956268 1.506006106734276 37.63320668041706 1.122549250721931 0.5745630785822868 0.277318075299263 0.09700581431388855 0 1.777431130409241 0.09990434348583221 0.339748241007328 1.048203729093075 3.532462053000927 4.086384907364845 1.927721872925758 10.51941509544849 0.3043453991413116 37.64214599132538 0.1087954863905907 12.81134531646967 1.740047641098499 1.093729861080647 0.3122194483876228 0.1970376446843147 0.4780248180031776 0.1463568508625031 223.0281241610646 3.506125256419182 0.2528241276741028 18.08194775879383 18.21123733371496 51.32240255922079 30.68584058433771 18.08472598344088 0.4270093590021133 10.68127480149269 0.6685503423213959 2.404799655079842 4.992515563964844 0 1.533063046634197 2.368920981884003 0.7418765127658844 0 0.1184894889593124 0 0.1017166450619698 0 0.2243268489837646 0.2538158893585205 0.1600067764520645 464.2453576102853 27.99490451812744 0 14.19001121073961 10.27749612927437 1.444182984530926 6.24195621907711 43.30036736279726 7.141846276819706 7.998594857752323 172.5164682641625 37.32761611789465 33.43178319185972 30.00117637217045 49.9151793718338 3.689709186553955 140.1432325616479 43.83111957460642 41.85923982411623 44.39595040678978 0.2953721135854721 0.2563081979751587 0 0 0 0 0 0 0 0.1541559249162674 0 0 0.2968457192182541 0 0.5536817610263824 0 0 0 0 9.466942362487316 0.651119127869606 0 0 0 43.40948565304279 2.203782051801682 13.7962404191494 2.570824399590492 1.990229047834873 0.2793300449848175 0 0 0 0.1161694303154945 0 0 0.495280385017395 0.1027979925274849 0 0 0 0.1235321313142776 0 0 0 0 0.5758385807275772 1.576100893318653 0.9523938968777657 0.822700671851635 1.92067939043045 28.53909226506948 0.363252304494381 0.09786607325077057 0 0 0 0 0 0 0 29.42477022856474 0 0.2017183303833008 0 0 21.36800656467676 2.376612402498722 15.82479199022055 0.2210633680224419 0.3693887591362 0.7847380861639977 0.3640579879283905 0.2974675819277763 0 0 0 0 0.1046851873397827 0 0 0 57.73748354613781 13.8644736930728 7.429438069462776 280.1099300682545 3.116338260471821 137.2251124829054 42.49707961082458 50.60025006532669 14.54823510348797 0.08708201348781586 13.05309172719717 59.4805243909359 0 1.358670756220818 0.761041522026062 96.84566294401884 0.2736698687076569 0 0 19.86546318233013 2.101165503263474 549.9348149523139 110.2568511366844
25.05867698788643 1596.418293140829 40.29079531878233 1003.589800678194 447.6697187125683 51.34626752883196 3793.779792845249 303.4586138725281 500.643399015069 3687.430395402014 1985.051886186004 784.3547478765249 993.1540069282055 3302.993273735046 30.39070625603199 40.16595081239939 1.708535917103291 0.3107895180583 0.2632404267787933 0.09599748998880386 1.490244880318642 0 0 0.1272889226675034 5.608653694391251 2.328373596072197 0 0.4799531102180481 0.2566456571221352 0 40.55670792609453 3.882876545190811 346.3049783706665 0.4462751522660255 3.549370266497135 4.661839194595814 212.8110064119101 34.80057241767645 18.85176631063223 1.719700448215008 2.338868968188763 0.6961853727698326 0.1393741220235825 5.58518673479557 0.370204009115696 1.961939036846161 59.22697829455137 3.931266233325005 1.761136531829834 0.6782119870185852 0.3006525561213493 0 0 0.4049358144402504 1.43435837328434 3.080634765326977 10.51238520443439 15.76038606464863 3.742228254675865 22.82460611313581 1.158352181315422 31.86032155901194 1.109956085681915 31.10281447321177 2.806400917470455 3.026000902056694 0.5096481218934059 0.7738621234893799 0.3538620546460152 0.7912685722112656 137.137177400291 1.377833813428879 0 46.99255338311195 52.93759023398161 94.30741108953953 57.06789585202932 29.29227901250124 0.700536735355854 79.44014876335859 1.201690293848515 11.6439840644598 12.02814383804798 0.3486455157399178 2.03052756935358 4.425371758639812 1.223210051655769 0.1812370494008064 0.6907679513096809 0 0.3636148422956467 0 1.286961890757084 0.2226308733224869 0.4018262475728989 354.3793093115091 0.3680340945720673 0 11.53657463937998 9.809727251529694 0.6262879371643066 8.830363497138023 44.20826029777527 9.713833123445511 12.19585450738668 172.8436519801617 38.56721065193415 36.45794455707073 40.30498012900352 52.75050172954798 3.71832050383091 153.2430274784565 50.87667599320412 53.03089216351509 47.42491771280766 0 0 0 0 0 0 0 0 0 0 0.1187654733657837 0 0.4056838303804398 0 0.1172217503190041 0 0 0 0 6.769101187586784 2.620029300451279 0 0.2798700481653214 0 53.51527833193541 3.89782689511776 15.69353267550468 5.161230012774467 1.934997923672199 0.1682771593332291 0 0.1532092094421387 0 0.635847695171833 0.1225630044937134 0 0 0.4178448915481567 0 0 0 0.4800919890403748 0 0 0 0.1073053404688835 2.006617002189159 2.514604039490223 1.082922741770744 0 1.441556289792061 42.02040405571461 2.01495486497879 0 0 0 0 0 0 0 0.2204722762107849 35.19305873662233 0.3676257431507111 0 0 0 24.50985841453075 4.19224451482296 17.76298336684704 0.09387549012899399 0.2002198994159698 0.1195122450590134 0 0.2310670241713524 0 0.1000223681330681 0 0 0 0 0 0 55.99564512819052 16.43228334933519 17.1083702147007 415.6452236175537 5.406261257827282 265.1838138476014 70.23263172060251 76.63873990625143 35.5692685842514 0.4792041778564453 29.74114391207695 61.88339961320162 0.09453698247671127 3.411507569253445 0.1417839676141739 97.43676445633173 0.1346590965986252 0 0 14.65746162086725 1.005552247166634 325.6710430011153 106.7624054774642
