201.8614574372768 3526.373223081231 729.5298237353563 781.9571325406432 89.59931579977274 190.4856867343187 153.2088220193982 66.49297780543566 3.133662134408951 501.9274042397738 59.08540617674589 132.6058139055967 107.9194256663322 11.59778275340796 2.807661287486553 2.619967341423035 0 0.1962385103106499 0 0 0 0 0.4167605936527252 0 0 0 0 0 0 0 537.827535353601 0.3872789517045021 2.544820040464401 0.1285236030817032 0 0 1.960819691419601 0.2119701653718948 0.1108482703566551 0 0.5063844919204712 0.405738890171051 0.8378028497099876 0.6405327767133713 0 0 7.525710567831993 3.016173727810383 0.2131623104214668 2.971230462193489 0.1107058674097061 0 0 0.2402199506759644 1.089949414134026 1.933798484504223 72.37384004145861 192.9067767560482 35.09964051097631 5.880537368357182 1.570772916078568 0.512339785695076 0 2.221306331455708 0.5579662024974823 1.135011330246925 0.09366631507873535 0.6358785852789879 2.981748975813389 1.243608340620995 1.512400321662426 0 0 60.65837645530701 4.621632918715477 3.508360102772713 0.8026484027504921 0.8210844248533249 1.625612199306488 6.300229616463184 2.853815771639347 3.453886412084103 3.024948626756668 0 1.168643444776535 0 0.8481765761971474 0 0 0.4178947806358337 0.4238617345690727 0.4355689287185669 0.1964119076728821 0.1233070120215416 0 15.71033608913422 0 0 0.2994527369737625 654.1561092585325 0 2.039276629686356 0.6334377527236938 0 0.1252370327711105 2.44873970746994 0.9593068361282349 0.1075713932514191 0.5919860601425171 3.195182859897614 0 2.42733158916235 3.053329065442085 0.346876360476017 0.3917255997657776 0 0 0 0 0 0 0 0 0 0 0 0 0.2023258954286575 0 0 0.1225044131278992 0 0 0 0 0 0 0 0 0.2629968151450157 0.2484727501869202 0.6662381663918495 0.2236514762043953 0 0 0 0 0 0 0 0 0 0 0 0 0 0 0 0 0 0 0 0 0.3814753890037537 0 0.1871777474880219 0.1350549310445786 0 0 0 0 0 0 0 0 0 0.6303549781441689 0 0 0 0.1135763227939606 0.3709415718913078 0 0 0.7398848533630371 0 0 0 0 0 0 0 0 0 0 0 0 0.4748350381851196 0.1042787730693817 0 122.1630016863346 1.450584307312965 18.09635417163372 2.372239992022514 711.4513385593891 0.6775403991341591 0.5559538528323174 0.1745535582304001 8.085736833512783 2.727802276611328 0 0 9.402109354734421 0 0 0 0 0 148.0492254793644 1.480443835258484
3526.373223081231 4054.02045802027 1556.304927878082 749.2403686493635 2550.669170737267 217.3565804585814 1757.687284685671 376.1089698374271 2548.449433371425 1459.135256141424 1021.734852820635 285.5014650896192 918.4063973873854 2373.891641497612 73.98407616466284 19.82526208460331 3.010378122329712 0.5194129794836044 0 0.9445122629404068 0.2028078734874725 0.2330861538648605 0.9416905790567398 0.7235366180539131 0.2578827440738678 0.1765674203634262 0.1953521966934204 0.3499449193477631 0.1198141872882843 0 1502.233842633665 30.58501233160496 32.25649154931307 0.844544418156147 0.9688420444726944 0.3567147776484489 17.02060861885548 1.575289569795132 3.121644735336304 1.236360721290112 1.934118703007698 0.962461844086647 1.025096409022808 2.373151265084743 0.5370626673102379 0.9770112559199333 324.6396606862545 18.23824837803841 3.217474892735481 4.89700223505497 0.5246047601103783 0.5009775608778 0.1262552291154861 0.195967897772789 24.63859856873751 40.38616647571325 192.5608627647161 523.6816808730364 119.9132627025247 120.4443163275719 2.217638127505779 3.711579136550426 0 98.47232542186975 11.67790987342596 9.785475488752127 0.8027982860803604 2.77704381942749 3.989364996552467 1.85957545042038 16.23076865822077 1.468679346144199 0 643.4994462803006 199.7117731794715 190.5197422280908 107.3861610069871 16.0994113907218 4.96833360940218 32.03847059607506 5.907935984432697 15.19042725116014 42.66357556730509 0.9298471957445145 13.59800023958087 6.757979772984982 5.348275817930698 0.4220374077558517 2.139666654169559 0.6040764674544334 0.7873034328222275 0.3271172344684601 1.494112603366375 0.4078991338610649 0.6809590831398964 46.51685816049576 4.711794771254063 0 2.768544711172581 1479.831212729216 0.8806699216365814 7.242232970893383 6.037681892514229 0.2581870555877686 2.229978397488594 13.43332629650831 5.06538450717926 9.043252259492874 8.215015292167664 16.30385037511587 2.706757158041 27.78999011963606 27.8930002078414 6.980935841798782 12.34746261686087 0.6894151940941811 0 0 0.2704335451126099 0 0 0 0 0.8495956063270569 0 0 0 0.703175961971283 0 0 0 0.1211133599281311 0.3899532184004784 0 0.2299143224954605 0.6775840371847153 0 0.9118034243583679 0 3.461972512304783 1.975595131516457 3.397995837032795 4.412176869809628 3.412208095192909 0 0 0 0 0 0.09155155718326569 0 0.515072375535965 0.1375615298748016 0 0 0 0.5540014505386353 0 0 0 0 0 0 1.022199027240276 0.1335049718618393 1.307901740074158 18.66260466724634 0.4180622100830078 0 0.1588543802499771 0 0.1039222776889801 0 0 0 0 9.40849656611681 0.4239287227392197 0 0 0.1341635882854462 7.971141867339611 0.607418954372406 1.752715170383453 0.4982676357030869 0 1.014046773314476 0 0.4614617228507996 0 0 0 0 0.1103493645787239 0.0977359265089035 0.09813761711120605 0 3.230773642659187 2.593833297491074 7.453919529914856 557.1245858520269 23.63522571325302 580.4839419126511 63.55324267596006 874.8947572037578 24.78056674450636 6.303817503154278 5.953300528228283 24.37462691217661 0.1372574865818024 5.756012603640556 0.4953324273228645 43.04786343127489 0.8150870054960251 0 0.8136572763323784 1.522022798657417 0 188.2258782982826 10.23870468884706
729.5298237353563 1556.304927878082 2332.889453195035 3.661610350012779 452.7660903260112 2.95433085411787 48.92034546285868 2769.781743951142 577.2524670362473 29.59688963741064 1097.397079989314 93.24869230389595 288.7206971645355 734.2462826818228 37.92144034802914 36.54819083213806 5.279996149241924 2.394973643124104 0.3078713119029999 4.028924070298672 0.7651261538267136 0.4210033789277077 2.282438308000565 1.629771716892719 0.2302714139223099 0.2373592108488083 0.2706365510821342 0 0.3516749292612076 0 2585.254101499915 281.6816294714808 44.24190687388182 1.612643174827099 2.837814249098301 2.004619561135769 16.43149048089981 1.716346718370914 1.286560110747814 1.634299509227276 4.404015220701694 2.316554509103298 5.188735492527485 6.491110645234585 0.5092437416315079 0.8008892759680748 113.0609106272459 23.70645451545715 4.616420410573483 20.2467967197299 2.076279252767563 1.433341942727566 0.8159879073500633 0.9129657670855522 7.265802718698978 14.70456749945879 93.59575421363115 418.2275571674109 52.75636009126902 39.61004473268986 18.33016663789749 12.00413794070482 0.5337296277284622 120.0347687453032 6.541622556746006 8.564893055707216 1.218035385012627 8.917501538991928 23.69616389274597 7.574496030807495 8.776477918028831 2.609735161066055 0.3563194125890732 293.7920552939177 128.5910393819213 72.34327376633883 75.16346865147352 20.19538873434067 92.37550634145737 140.2622556462884 33.87551549077034 103.5557292252779 19.88208200782537 0.4933051541447639 11.29889884218574 1.980257287621498 7.680035844445229 0.2735510617494583 0.8604730069637299 0.1452510356903076 2.930876985192299 0.4336781054735184 2.264410354197025 2.506529271602631 1.255362637341022 18.91089533269405 1.200041711330414 0 1.823639050126076 240.7028581947088 0 1.62360805273056 0.3893550485372543 0 0.2422928959131241 3.964969709515572 0 0.2703335583209991 0.4306219816207886 2.475288324058056 0.4003419131040573 5.534210257232189 6.251464433968067 1.313853390514851 4.216557875275612 0.09503461420536041 1.130151152610779 0.123682901263237 0 0 0 0 0 0 0 0.3155581131577492 0.1349105536937714 0.5722929015755653 0 0 0 0.4526036754250526 0 0.223449632525444 0.4279728978872299 0.3209464550018311 0 0.6759721338748932 0.4542425870895386 1.092083238065243 1.32138653844595 2.622475728392601 3.255906634032726 1.682223945856094 0 0 0 0.1033913716673851 0 0.4722295328974724 0 0.7510896325111389 0.6752157807350159 0 0 0.180846244096756 0.3537376821041107 0 0 0 0 0.1724047064781189 0 0 0.1099573150277138 0.2664147019386292 6.985361970961094 0.4607909172773361 0 0.1123039126396179 0.1113914027810097 0.2018295973539352 0 0 0 0.2994017899036407 3.52276411652565 0.4687202125787735 0 0.1936446502804756 0.2068276926875114 2.437567219138145 0 1.067408636212349 0.6592214927077293 0 0.5918986052274704 0 0.3550914824008942 0.3494916185736656 0.1727363765239716 0 0 0.08972419053316116 0.440962053835392 0.09768972545862198 0 1.31236058473587 1.482497967779636 3.20929316431284 156.7004198729992 10.60745139420033 184.5839606374502 37.34394267946482 56.89590551704168 8.104113303124905 2.037538610398769 2.174086824059486 5.401303820312023 0 1.804797455668449 0.8062898516654968 4.587959840893745 0.2718205451965332 0.3032253980636597 0.1150261983275414 1.044087924063206 0 38.44991613924503 2.59712278842926
781.9571325406432 749.2403686493635 3.661610350012779 367.5445824638009 74.99600078165531 378.5944138094783 632.9788940250874 1.046183824539185 6.764059878885746 1328.160820305347 2.135481245815754 917.7948608770967 838.6888240799308 10.31428001821041 0.7854065746068954 0.1064459234476089 0.1038525179028511 0 0 0 0 0 0 0 0 0.2455412298440933 0 0 0 0 49.20836571604013 0.4584062919020653 0.2326652929186821 0 0 0 0.2389545664191246 0 0.2318404838442802 0.2715387046337128 0.1202802211046219 0.1508261263370514 0.1086165755987167 0.1891458556056023 0 0 16.73635675758123 1.121511407196522 0.4572315067052841 0.1908679828047752 0.08306831121444702 0 0 0 1.713507123291492 3.979593895375729 29.35642910003662 61.93336279690266 19.66435763239861 10.21626615524292 0.4442089945077896 0.1006482541561127 0 4.23465882986784 0.6722231358289719 0.5708789899945259 0 0.2316604852676392 0 0 3.090691484510899 0 0 68.17869037389755 9.886556886136532 8.309303127229214 3.339448511600494 0.1841800808906555 0.3715684786438942 0.1715871021151543 0.2660506442189217 0.322761096060276 4.36527119576931 0.0874878391623497 1.047079831361771 0.2696949392557144 0.433651328086853 0 0.106784500181675 0.08785132318735123 0 0 0 0 0.1122648641467094 25.07987520098686 0.9320222735404968 0 0.09975667297840118 420.7291360497475 0 2.057168006896973 0.9183505922555923 0.4459232240915298 0 2.528354749083519 0.5715375244617462 1.15748718380928 1.175247766077518 3.963200233876705 0 5.4563869535923 3.595027133822441 0.7518773153424263 0.1359552145004272 0 0 0 0 0 0 0 0 0 0 0 0 0 0 0 0 0 0 0 0 0 0 0 0 0 0.2915970087051392 0.6426360011100769 0.1671013385057449 0 0 0 0 0 0 0 0 0 0 0 0 0 0 0 0 0 0 0 0 0.4279728829860687 0 0 0.3516102135181427 0 0.3975043892860413 0 0 0 0 0 0 0 0.4055921882390976 0 0 0 0 0.1934943944215775 0 0.3156295120716095 0 0 0 0 0 0 0 0 0 0 0 0 0 0.6691402792930603 0.1817606240510941 0 106.2993018403649 1.360100530087948 37.46613219380379 2.004921242594719 568.0540134608746 0.7502791658043861 0.1176787614822388 0 4.972216062247753 0 0.447846494615078 0 10.65464396774769 0 0 0 0 0 87.94989762455225 0.7291375249624252
89.59931579977274 2550.669170737267 452.7660903260112 74.99600078165531 7468.667665034533 43.98328684270382 2929.689268283546 73.20351038128138 9206.370254583657 1059.425610110164 702.2212742641568 189.1539747938514 1538.472529605031 4070.25173009932 39.36496963351965 9.461947113275528 1.807255066931248 0.4184200614690781 0 0.4087057039141655 0 0.5314151048660278 0.3484085500240326 0.1361171454191208 0 0.2301357239484787 0.1917410641908646 0.5543937236070633 0.5284609198570251 0.3019349277019501 49.485536493361 13.14576354622841 24.74384251236916 0 0.2616191878914833 0.1667537242174149 14.42164678126574 0.4929528012871742 2.672497764229774 0.4516955018043518 0.4779713526368141 0.6182729080319405 0.09514158219099045 1.069932289421558 0.09768703579902649 0.09030957520008087 133.0688998252153 2.846256703138351 0.3771804124116898 0.6319421455264091 0.2765480205416679 0 0.1012901589274406 0.6311760395765305 2.702626459300518 7.103759624063969 5.881744958460331 31.33412244915962 6.20236924290657 29.94409611821175 0.7236821055412292 2.121036916971207 0 30.88369577378035 2.333473175764084 1.9976651892066 0 0.4908071234822273 0.5172530189156532 0.3605733141303062 19.22648322582245 3.573902606964111 0 84.46484964340925 50.81021431088448 74.38061650842428 40.44814313948154 9.85023033618927 0.5507461801171303 41.99330236762762 1.29238123446703 3.994506478309631 5.381399549543858 0.1918430477380753 1.479686416685581 0.610021211206913 1.101209796965122 0 0.2904878705739975 0 0.2029993683099747 0 0 0.4234089553356171 0.2598845511674881 57.72288077324629 6.951183058321476 0 2.222097471356392 21.85916946828365 0.7480562776327133 9.301204994320869 10.6370248273015 0.6793461740016937 3.790883347392082 25.53370676189661 7.637556567788124 9.315100207924843 18.20668612420559 36.64904039353132 2.01598609238863 49.21241523325443 49.57461457699537 12.21933509409428 22.44073491543531 1.226129338145256 0.09418168663978577 0 0 0 0 0 0 0 0 0 0 0.9740011990070343 0.8265296816825867 0 0 0.6252723932266235 0.1018110811710358 0 0.4346470311284065 1.239907115697861 0 3.63817423582077 0.3681960701942444 7.442729234695435 8.852570585906506 6.484219580888748 4.958021894097328 4.878418937325478 0 0 0 0 0 0.6313273012638092 0 1.102807879447937 1.905694186687469 0 0.1442969739437103 0 1.072182834148407 0.1488465517759323 0 0 0 0.9440637975931168 0 4.556486561894417 1.279964655637741 0.6848337650299072 30.61406720429659 0.5373842865228653 0 0.330683171749115 0.3365195393562317 0 0 0 0 0.3169796764850616 13.1432027593255 0 0 0 0.7082160115242004 14.38273514062166 0.3257417380809784 5.898741967976093 1.096693322062492 0.8232660815119743 0.8991221562027931 0.4736143872141838 0.6106255948543549 0.2232478559017181 0 0 0 0 0 0 0 5.628851324319839 3.241527937352657 9.82310876250267 402.8318461328745 13.92648759484291 211.6069334372878 51.45143841207027 131.2516133636236 17.72306044399738 4.586710274219513 4.539388179779053 35.99793829023838 0.1248646005988121 8.358435571193695 0 58.34620173275471 1.295312315225601 0 0 0.6892867386341095 0.7813508957624435 142.8443433120847 16.01614966988564
190.4856867343187 217.3565804585814 2.95433085411787 378.5944138094783 43.98328684270382 60.06308664381504 145.0506056249142 0.549762025475502 13.90463720262051 864.53131082654 4.664819404482841 182.6555339843035 216.07415509969 38.66742318123579 1.826081939041615 3.539271533489227 0 0 0 0 0 4.941103741526604 0 0 0.2201876044273376 0 0 0 0.9291918277740479 0 7.098291978240013 0 17.31545081734657 0 0 0.1750653386116028 27.29006910324097 9.253656595945358 7.86150873452425 1.07993222028017 0.1367106139659882 0.4099402874708176 0 0 0 0.2964677363634109 1.477110952138901 0.09550733119249344 0 0 0 26.52662827074528 0.6145213544368744 3.440766379237175 0 0.2048448920249939 25.24478779733181 4.547814257442951 2.422046825289726 0.1969122961163521 1.419562973082066 16.61772841215134 0 0.1717056781053543 0 0 0 0 0 0 87.79686564207077 340.8100751936436 1.925323680043221 0.615115687251091 0.256172351539135 1.494536496698856 0.6437865644693375 0.6197513937950134 0.5125608295202255 2.022517397999763 1.150737941265106 5.266252279281616 0 0 0 0.4810934960842133 0.1630053371191025 0.6477277427911758 0.6560200899839401 4.064513295888901 0.7457532435655594 5.850838825106621 0 0 2.305232532322407 644.7430740147829 246.241571828723 4.718404784798622 44.71701064705849 216.5667469799519 0 1.649372041225433 1.051957070827484 0 0.2880850061774254 2.104464367032051 2.443254381418228 0.9585881978273392 2.378915309906006 3.256728902459145 0.5522670149803162 2.134352833032608 4.799037098884583 0.5750382393598557 1.67395943403244 0 0 0 0 0 0 0 0 0.3405266106128693 0 0 0 0 0 0.1281993985176086 0 0.1481898576021194 0 0.1307327747344971 0 0 0 0 0 0.3034075573086739 0 0.1602480262517929 0.5648992285132408 0.4421986490488052 0 0 0 0 0 0 0 0 0 0 0 0.3831422626972198 0.4321940466761589 0 0 0 0 0.2037410289049149 0 0 0 0 1.707285732030869 0.5676621198654175 0 0 0 0 0 0 0 0 0.5413427278399467 0.7730466574430466 0 0 0 0.1240713968873024 0 0.56082484126091 0 0 0 0 0 0 0 0 0 0 0.122962050139904 0 0 0.3404171913862228 0.2622726038098335 0.2626652121543884 116.4376302957535 0.4653693437576294 3.554586857557297 1.420347400009632 250.1381138563156 0 0 0 8.413599610328674 0 0.147825688123703 0 7.441156148910522 0 0 0 0 0 52.37184609472752 1.028745800256729
153.2088220193982 1757.687284685671 48.92034546285868 632.9788940250874 2929.689268283546 145.0506056249142 662.6605194583535 7.364257879555225 2291.387562669814 2632.635955944657 52.0207882001996 518.505942620337 3980.751845993102 2400.928819768131 41.12566533684731 7.553684487938881 0.632925845682621 0.0975663959980011 0 0.1024899333715439 0 0 0.0934835821390152 0 0 0.1110211983323097 0 0.1395067721605301 0.1119126304984093 0.09685791283845901 81.8345940336585 9.512785032391548 4.851875804364681 0 0.1949660331010818 0.1020985096693039 6.885823287069798 0.320790633559227 1.885226882994175 0.9069376289844513 0 0 0.07921801507472992 0.8710731863975525 0.6334419101476669 0.2310321480035782 154.7525221556425 5.98945976048708 1.099200427532196 0.4921750947833061 0.2333059459924698 0 0.0866682231426239 0.2816169932484627 8.329763203859329 14.92645332217216 31.0032995864749 108.5144637003541 22.61724658310413 53.35583438724279 1.435463562607765 0.984657309949398 0.115161344408989 35.01480570435524 3.53428015857935 3.156532257795334 0.1836969405412674 1.15239891409874 0.2976630106568336 0.08693721145391464 17.93029097467661 0.2121320515871048 0 203.7750827744603 73.82432412356138 94.21031753718853 40.99393758177757 5.068307101726532 1.085694544017315 2.915749117732048 1.753409862518311 2.399469129741192 16.52686071395874 0.2758491411805153 2.481854379177094 1.87198094278574 1.883410073816776 0.3043246865272522 0.5161390230059624 0.3348145857453346 0.1541052013635635 0.3782512173056602 0 0 0.1868799105286598 86.85760266333818 5.812987372279167 0 3.912037417292595 128.3743415027857 0.2753413021564484 10.79666700959206 14.17352631688118 0.8160499781370163 3.421547949314117 40.75959552824497 9.14394973218441 8.104945987462997 27.89887973666191 46.91515547037125 2.23901741206646 49.84525033831596 68.54917677491903 13.0252633690834 19.01318933814764 0.2172204256057739 0 0 0 0 0 0 0 0 0 0 0 0.9250339865684509 0 0.6966232657432556 0.1490711122751236 0.4921159744262695 0 0.2901943922042847 1.33734692633152 0.4688165187835693 0 0.8530856370925903 0 5.53677237033844 5.44271881878376 5.607398480176926 3.574952811002731 2.880527511239052 0 0 0 0 0 0.9273826479911804 0 0.2388206571340561 1.425595141947269 0 0 0 0.7298704385757446 0 0 0.2429578602313995 0 1.441079519689083 0.8202589005231857 6.93653828650713 0.5688081383705139 1.163945257663727 30.73190826922655 0.7422712445259094 0 0.2523256987333298 0 0 0 0 0 0 14.63913655281067 0.6864964365959167 0 1.366881608963013 0 12.64111222326756 1.817000031471252 5.305068969726562 2.538787752389908 0.7812414914369583 1.573180310428143 0.5181893929839134 0.9590637236833572 0 0 0 0 0 0 0 0 11.19859406352043 3.706886783242226 6.843076758086681 375.4559435620904 12.7616783156991 287.536274753511 43.89484696835279 339.221698269248 18.39578754454851 4.593022368848324 7.604574367403984 33.01611038297415 0.1711738556623459 3.605772033333778 0.3758758753538132 66.87657202780247 0 0 0.1020784452557564 0.649487778544426 0 221.2722142934799 23.75712671130896
66.49297780543566 376.1089698374271 2769.781743951142 1.046183824539185 73.20351038128138 0.549762025475502 7.364257879555225 1371.605110563338 69.91672649234533 8.114418305456638 1298.469224326313 64.91668700426817 208.1731417253613 729.6719701811671 236.764310605824 182.3242397978902 11.14215736836195 9.500696949660778 0.7737696468830109 13.72590163350105 8.424243874847889 5.580825239419937 30.5816473737359 9.683668494224548 3.673497088253498 0.6723349988460541 3.632217831909657 0.5530015975236893 0.2018977552652359 1.502701662480831 1670.919449813664 3972.092148967087 193.8936085551977 9.012587189674377 35.53091929107904 9.045953243970871 32.20988926291466 17.20675300806761 6.289415538311005 5.871480517089367 29.46812944114208 13.97143703699112 31.24741461127996 23.58958406746387 5.677829317748547 5.099208973348141 426.9080811366439 41.5543523542583 9.57843866199255 50.44421945512295 7.841266326606274 2.609921157360077 0.6854318678379059 2.936522677540779 7.006811194121838 15.27068478614092 32.1903772354126 222.6352952420712 20.32722879946232 79.92671520262957 141.8029142394662 135.8944200798869 3.492819018661976 356.2616231814027 6.757207296788692 16.22731068357825 2.854545958340168 31.54655175283551 74.06106450408697 43.84535177797079 16.36004730314016 3.678533755242825 0 275.4688065648079 259.5752943307161 297.8253825902939 321.7235121279955 223.0325688272715 1433.061469897628 1203.942570261657 416.8209403455257 2328.132705688477 21.80983380228281 0.6315504461526871 22.24341528490186 4.816341921687126 19.58946752548218 0.2049116268754005 2.888892345130444 0.5531346127390862 10.34658318012953 2.992514327168465 15.79158130288124 10.25855818763375 5.681313306093216 19.25663506984711 4.586489856243134 0 4.126226924359798 82.41288771480322 0.6304245889186859 0.7403876632452011 0.953196607530117 0.1731476485729218 0.950684443116188 2.933263808488846 0.2231436222791672 0.8343401253223419 2.166166201233864 1.867239989340305 1.085787855088711 9.166701517999172 8.029927223920822 3.705331511795521 8.279913127422333 1.915740177035332 0.8812597766518593 0 0.1238688975572586 0 0 0.2135977894067764 0 0 0 0.5010887235403061 0 1.048492908477783 0 0.7316937819123268 0.3548401966691017 0.9927861094474792 0.433745875954628 0.4539293274283409 0.1464304178953171 0.860904149711132 0 1.607270956039429 1.763456664979458 4.729509904980659 3.954935029149055 7.417997442185879 6.29993712157011 6.582478038966656 0.2812671065330505 0.1597925871610641 0.2195257991552353 0.298708438873291 0.1003717556595802 0.2500278502702713 0 0.5516061633825302 2.204411715269089 0 0 0.2957589030265808 3.901377506554127 0.4362594038248062 0.5446693077683449 0 0.09927597641944885 0.7380849942564964 0 0 0.2399127185344696 0.3886836767196655 24.99385266005993 0.2664754763245583 0.1971210166811943 0.3432202339172363 0 1.429394118487835 0.7587048336863518 0.2083405181765556 0.104098454117775 0 6.338135115802288 0.7534582689404488 0.2344858422875404 1.489664971828461 2.197333082556725 4.909330889582634 0.4018586277961731 4.526705332100391 0.8638012558221817 0.4378109276294708 0.6188244894146919 0.3211571574211121 0.7734563499689102 0.1714042201638222 0 0 0 0.7965271174907684 1.755503237247467 0.6685108318924904 0 2.43849915266037 2.44405473023653 10.86684735119343 674.6772720590234 41.23114653676748 524.5542383417487 179.0382744297385 37.39444419741631 37.48101139813662 4.925036266446114 14.53187385201454 17.43662019073963 0.2494833320379257 2.937826558947563 0.5865943133831024 7.397262141108513 1.187678970396519 0.4443070292472839 0.3168161809444427 5.861457541584969 0.2121021896600723 36.00343444943428 3.280426181852818
3.133662134408951 2548.449433371425 577.2524670362473 6.764059878885746 9206.370254583657 13.90463720262051 2291.387562669814 69.91672649234533 1883.587578564882 216.199137583375 1359.157772526145 56.20639722049236 1880.689660787582 3011.42632932961 17.87446480989456 7.511205337941647 0.3307515606284142 0 0 0 0 0 0 0 0 0 0 0 0 0 12.2677976116538 4.419007919728756 15.91528694331646 0 0 0 11.96174649894238 0.3738715946674347 0.5403021574020386 0 0 0 0 0.4054413288831711 0 0.1074133664369583 46.78941119462252 0.5103228464722633 0.303046353161335 0.08517642319202423 0.1312041133642197 0 0 0.1038059815764427 0.6977468132972717 1.322743721306324 1.92070609331131 5.90905949473381 0.5882513672113419 10.9449267834425 0.1370777040719986 1.33501411229372 0 11.31135058403015 0.4465331584215164 0.4084940478205681 0 0 0.1538904905319214 0.2394277825951576 12.57421582937241 0.9521779716014862 0 17.30297104269266 13.93536497652531 24.02445846050978 14.41835724562407 4.910931520164013 0.5674132704734802 23.4684401601553 0.09562782943248749 0.2282449975609779 0.5693624541163445 0 0.4507794007658958 0.1066358909010887 0.209584042429924 0 0 0 0.126348465681076 0 0 0.2831092774868011 0.4949852973222733 52.91237013041973 2.650843873620033 0 2.435405105352402 4.741283714771271 0 8.567873552441597 4.722255617380142 0.263867050409317 3.65806070715189 17.14284445345402 4.637556359171867 4.584414720535278 8.656375624239445 16.72363512217999 0.831718236207962 23.12810731679201 31.81801404803991 6.901747792959213 13.62954917550087 0 0 0 0 0 0 0 0 0 0 0 0 0.1322834193706512 0 0 0 0.5045827627182007 0 0 0.2953636944293976 0 0 0 0 3.201701439917088 0.8116474002599716 2.96235391497612 3.005621761083603 3.338555350899696 0 0 0 0 0 0 0 0 2.182882830500603 0 0 0 2.578536212444305 0 0 0 0 1.078709483146667 0 4.826772779226303 0.7426141500473022 0.1796519905328751 19.50735984742641 0 0 0 0 0 0.1624171882867813 0 0 0 7.452529050409794 0.7109982967376709 0 0 0 7.251891061663628 0 3.185151785612106 0.1094562485814095 0.4664480537176132 0.5377216935157776 0.112526573240757 0.1140365749597549 0 0 0 0 0 0 0 0 3.942285962402821 0.7827900946140289 5.100656270980835 224.7912211641669 3.434356972575188 69.31744582951069 27.3423760831356 53.33734715729952 8.936380013823509 1.802313730120659 3.330265700817108 21.7082574442029 0.5929511189460754 4.663457229733467 0.7044362425804138 24.04839962720871 0 0 0.5272464156150818 0.5174939334392548 0 61.88888371735811 4.812126561999321
501.9274042397738 1459.135256141424 29.59688963741064 1328.160820305347 1059.425610110164 864.53131082654 2632.635955944657 8.114418305456638 216.199137583375 2161.130214832723 30.9384058713913 2841.0831245929 5260.662824325264 237.6211495026946 5.902980409562588 2.875309832394123 0.1138071417808533 0 0 0 0 0.1833293884992599 0 0 0 0 0.6447284817695618 0 0 0 25.84009876847267 0.3815970569849014 15.35253582894802 0.4038763046264648 0.09643441438674927 0 22.46337446570396 0.6865723803639412 0.9455276429653168 1.2791738063097 0.7560679912567139 0 0 0.2472948431968689 0 0.0909549742937088 28.74553017318249 1.185708820819855 0 0 0 0.5227877050638199 0 0 1.700351603329182 3.835526779294014 19.5851809233427 42.49795661866665 13.02503369003534 8.50965704023838 0.1370779871940613 0.7567301988601685 0 5.455279730260372 1.043736949563026 0.385130263864994 0.097089484333992 0.4392846152186394 0.07827282696962357 0 46.75650574266911 3.103637740015984 0.3385443091392517 56.54000402987003 13.04033774137497 15.60206777602434 5.414628110826015 1.812911845743656 0.1179227530956268 3.487071886658669 0.2828013226389885 0.4040683954954147 3.69831919670105 0.07239951938390732 0.6500108391046524 0.08945143967866898 0.4495687335729599 0.4124481976032257 0.08330462127923965 0.5225356668233871 0.1564279198646545 0.2798079699277878 0 0.1441524773836136 0.3280119225382805 388.8140389621258 18.92373178899288 0 4.300129845738411 624.3778940811753 4.101327985525131 43.16022101044655 230.0064238905907 27.42557302117348 8.159405633807182 350.4277886226773 51.12886276841164 30.90117693692446 207.5758000910282 121.3632539734244 3.317347347736359 122.2034998461604 232.1784570515156 28.08454126119614 32.55626733601093 2.167172491550446 1.555451460182667 0 0 0 0 0 0 0 0 0 0 0 0 0 0 0 0 0.5526747703552246 2.167443849146366 3.160703577101231 0 1.983026757836342 0 9.24490375071764 4.811352998018265 4.260669335722923 2.605341039597988 3.34728017449379 0 0 0 0.4288104176521301 0.1077452152967453 0.2415488660335541 0 1.182374075055122 2.41282120347023 0 0 0 1.343875378370285 0 0.1840518414974213 1.032952502369881 0.07806695252656937 2.484550416469574 1.796619981527328 11.91122221946716 1.02738094329834 0.8611639142036438 28.56598573923111 1.432131059467793 0 0.07703349739313126 0 0.1098600625991821 0 0 0 0 24.71010375767946 0 0 0.1468766182661057 0 17.43174923956394 1.037491641938686 4.570388197898865 5.993916846811771 2.855526320636272 2.559808328747749 0.6093815788626671 0.3704449087381363 0.5166953951120377 0 0.1523420065641403 0 0 0 0 0 24.18507430702448 3.243951991200447 6.743192315101624 428.088658683002 2.010429129004478 60.33348544687033 9.870785661041737 1254.148990958929 3.555887155234814 2.234988041222095 1.512090496718884 74.59576354920864 1.44853138178587 11.74397191405296 0.1142417639493942 167.7935616523027 0.733347661793232 0.0996430441737175 0.119843415915966 0.2901577055454254 0 767.1460737660527 54.62691031396389
59.08540617674589 1021.734852820635 1097.397079989314 2.135481245815754 702.2212742641568 4.664819404482841 52.0207882001996 1298.469224326313 1359.157772526145 30.9384058713913 1773.158965006471 286.5970374271274 1047.002818033099 4653.760423906147 156.0030829906464 121.5328195169568 5.179482311010361 0.9097718596458435 0.1075690984725952 1.74770399928093 3.43338805437088 11.21078513562679 9.320885710418224 3.819784738123417 4.277246430516243 0.1578825414180756 2.403074443340302 1.376380167901516 1.099117085337639 2.24247957020998 419.6968588680029 211.6381591036916 425.3471803888679 1.332533694803715 11.3901142179966 4.296394258737564 105.5938160270452 18.90642204880714 5.570233546197414 6.584920391440392 17.85516577214003 13.84752609580755 2.447483345866203 11.71935588121414 1.927229359745979 0.8435788005590439 246.7130890637636 9.836035095155239 2.295771330595016 12.25946664065123 3.176864586770535 2.7784488722682 3.574836120009422 2.228765979409218 3.406593643128872 6.530639782547951 10.64167965203524 81.02555502951145 9.451549969613552 44.94583081454039 5.181102186441422 52.35669046640396 1.142209216952324 91.71414493024349 1.850873716175556 4.500956553965807 0.4774738699197769 4.424774836748838 15.73283638060093 9.178525991737843 52.97581587731838 11.16413301974535 0 127.6814661622047 97.91238355636597 154.4765142127872 113.0841078683734 72.87819057703018 19.54237800091505 1089.629028275609 7.079604625701904 246.948218382895 8.072859492152929 0 5.463795147836208 1.391900658607483 4.703765168786049 0.1520104110240936 2.623784676194191 0.3949145749211311 3.200155906379223 5.007752940058708 8.204637713730335 4.890143558382988 8.810505516827106 56.60054770112038 10.13484563678503 0.1679067611694336 6.687077753245831 32.73683178424835 0.9501361772418022 1.958200141787529 2.52139450609684 0 2.994152724742889 8.812667906284332 1.498294219374657 4.461690917611122 3.392534337937832 10.49457760900259 2.48415357619524 21.93941552937031 24.14896862953901 5.265525549650192 24.00909953564405 1.552614375948906 0.4439178630709648 0 0 0 0 0.1379523873329163 0.1398482024669647 0 0 0.799521192908287 0.7257923483848572 2.616512633860111 0 0.9345167428255081 0.2893658876419067 0.9204946458339691 1.072325222194195 0.2484749555587769 0.6921973824501038 1.289797753095627 0 2.328265771269798 0.2802627384662628 7.473027862608433 9.947432830929756 12.1769221201539 9.35637204349041 8.628095544874668 0.825684055685997 0.2930464968085289 0 0.2201685756444931 0.532143697142601 0.7940465584397316 0 0.8677687495946884 3.179318629205227 0 0 0.1144992634654045 6.321410767734051 1.565519019961357 0.378758043050766 0.2986235618591309 0 0.2607581987977028 0.1044071242213249 0.908220499753952 0.1331980228424072 0.5142145752906799 41.45598749816418 1.298607476055622 0 0.2937498018145561 0 0.1711670309305191 1.02441219240427 0.1268585920333862 0.1179480105638504 0.4769624471664429 15.48581640422344 2.454746410250664 1.070404082536697 0.793049231171608 0.7767363935709 16.68828331679106 0 8.907784663140774 1.444258347153664 2.636463023722172 1.998210825026035 1.067935697734356 0.9058381095528603 0.08931710571050644 0 0 0 0.3243734836578369 0.6600749641656876 0.5556810274720192 0 4.669278644025326 5.561704695224762 14.68379205465317 705.1301495879889 26.37643870711327 368.5864509865642 151.3146657422185 34.17815537005663 37.68585498631001 2.354310303926468 13.87826684117317 26.03704512864351 0.5039473474025726 15.46501986682415 1.655934520065784 15.83284759521484 2.309292085468769 0 0.5478234067559242 6.90816193819046 1.847906097769737 36.00801528990269 9.127143502235413
132.6058139055967 285.5014650896192 93.24869230389595 917.7948608770967 189.1539747938514 182.6555339843035 518.505942620337 64.91668700426817 56.20639722049236 2841.0831245929 286.5970374271274 233.0501291230321 2063.003712683916 424.9706446006894 32.31431487202644 29.89840637147427 0.7380689680576324 0.1098162084817886 0 0 0 3.139739066362381 0.2023191154003143 1.856540679931641 0.4905928373336792 0 0 0.274336151778698 2.443586483597755 0.4474818706512451 17.80189353972673 1.527238741517067 79.79501315951347 0.385198138654232 0 1.385868139564991 438.2889093011618 12.05351231247187 2.10469538718462 2.201916173100471 0.7096322029829025 1.00510597974062 0 2.720307432115078 0.1051874458789825 0.1963131055235863 39.611626714468 0.9930659607052803 0.2884536013007164 0.5432587936520576 0.1090343743562698 3.452807627618313 4.084699481725693 0.5326688438653946 0.4683287292718887 1.133859753608704 4.52927304059267 8.912954576313496 2.276030898094177 4.474753580987453 1.073128513991833 24.20632521808147 0.4634915590286255 4.764511115849018 0.156330332159996 0.3646236807107925 0.08726229518651962 0.2463900223374367 0.4864736348390579 0 112.0495410263538 7.283439114689827 0 18.91459204256535 7.823929443955421 21.73077451437712 10.40419293940067 12.55863363295794 0.6323255524039268 75.25957241654396 0.08959277719259262 11.20730505883694 1.20381522923708 0 0.2319906279444695 0.4898959770798683 0.5109512209892273 0 0.5165971592068672 0.5288643538951874 0.194138377904892 0.9469887316226959 0.4101434722542763 0.4357359409332275 1.722574725747108 784.1239929273725 67.44178266823292 0.6075367033481598 10.33183200657368 63.42017967998981 3.438309907913208 19.68780848383904 28.41055896878242 0.9871471673250198 13.59233100712299 94.72595765441656 10.38318726420403 29.78956895321608 50.36810477823019 94.54420682787895 6.730817221105099 160.3795144408941 166.3800615519285 36.29626502096653 70.00472795218229 2.629827901721001 0.1923883631825447 0 0 0 0.1369242519140244 0.1148586273193359 0 0.1170940920710564 0 0 0 2.726634658873081 0.1395977586507797 1.050423800945282 0 2.561843939125538 0.7879533022642136 1.520772598683834 2.712157472968102 2.331184394657612 0.1039670929312706 3.792717069387436 0.222155436873436 18.34300822764635 5.994459167122841 16.46610064804554 12.71765146404505 6.698502220213413 0 0.2130814641714096 0 0.6537772193551064 0.4560544788837433 0 0.155503049492836 2.491302996873856 5.748938016593456 0.1407956480979919 0 0 4.513733603060246 0 0.3796905875205994 0.8849724382162094 0 3.55644291639328 0.7692737504839897 4.064192652702332 1.290097393095493 2.625459440052509 78.63657385110855 1.270103625953197 0.2828287780284882 0.09892262518405914 0 0.1129407361149788 0 0 0 0.2592708468437195 48.69487409293652 1.2418482452631 0.2610298991203308 0 1.289897561073303 43.76317766308784 0.7389032691717148 14.48768535256386 3.995265439152718 0.8451959788799286 2.969574950635433 1.531577378511429 0.9612041115760803 0 0.128875657916069 0 0 1.886765480041504 1.257931977510452 0 0.1688870787620544 30.39940220862627 7.920512020587921 15.78378137201071 260.3808306604624 8.739394389092922 66.23223806917667 24.20969569683075 240.1368773728609 6.901068851351738 2.27835913002491 1.786878436803818 65.00979060679674 0.4288952052593231 19.50618612766266 2.51643642783165 102.6439958065748 3.585904821753502 2.250303745269775 0.782002255320549 2.472290173172951 1.315398901700974 395.1316766291857 52.42378335446119
107.9194256663322 918.4063973873854 288.7206971645355 838.6888240799308 1538.472529605031 216.07415509969 3980.751845993102 208.1731417253613 1880.689660787582 5260.662824325264 1047.002818033099 2063.003712683916 5606.138162501156 5328.05807583034 102.1421351954341 89.09531144797802 3.092128247022629 0.8695163428783417 0.08712836354970932 0.7402168288826942 0.6256572753190994 12.16818214952946 0.5217683613300323 1.705636441707611 0.9428797662258148 0.3310840949416161 0.6097585931420326 1.014426752924919 2.316317573189735 2.220194913446903 38.0293829664588 8.373866811394691 324.2038657218218 0.4519429802894592 0.6961375176906586 1.237245686352253 644.3690789192915 32.76744071394205 11.04288820177317 8.506986834108829 2.063910812139511 2.975326843559742 0.5446283668279648 7.170011229813099 0.3603355586528778 1.481629148125648 116.8748096376657 2.111642245203257 0.7623009905219078 2.219409339129925 0.4884132966399193 9.380965620279312 7.388331308960915 4.889050990343094 1.949427366256714 2.846923008561134 4.75589632242918 20.27460394054651 4.995750054717064 16.89779749512672 1.341403059661388 100.9080026298761 0.9347532838582993 19.6803812906146 0.7676792368292809 0.8269804008305073 0.2388280034065247 0.7883589938282967 2.395249672234058 1.009640924632549 324.4795516431332 16.4362817555666 0.5709097757935524 46.48930604755878 29.41200938820839 66.47078277170658 36.18888980895281 39.8835823237896 2.143847048282623 315.2717177867889 3.422293595969677 35.01966609060764 2.236204460263252 0 1.486552402377129 0.4100340157747269 0.5009866058826447 0.2352275848388672 0.1643055826425552 1.429328538477421 1.025881446897984 2.280303582549095 0.967746414244175 0.223325788974762 4.120887234807014 1518.129617966712 110.1692577823997 2.596977710723877 18.39670863002539 94.19686175137758 6.48028688877821 34.74386737495661 35.6209494844079 2.880360454320908 20.7671303153038 133.4859016612172 18.7200241535902 57.73719774931669 86.25733508169651 161.9514946192503 13.34588772058487 276.4523426890373 345.5989885926247 70.32920775562525 151.6260389834642 6.120980210602283 1.373028822243214 0 1.266198746860027 0 0.2141531854867935 0.226434126496315 0.3380761593580246 0.6553776264190674 0 0.5933981537818909 0.4774738103151321 5.60340654104948 0.1303915828466415 1.035562090575695 0.8823458030819893 6.1578478962183 2.628376021981239 1.426397711038589 6.150995641946793 7.281335055828094 0.1763201355934143 3.77086602896452 2.826036632061005 34.6806596070528 29.62381045520306 33.72841366380453 27.8373314216733 18.28641000390053 0.1364252269268036 0.4353026673197746 0 1.012266710400581 0.4690728038549423 1.139225594699383 0 1.814324781298637 9.098529294133186 0.2404485568404198 0.2883178293704987 0 8.918692089617252 0.1174659729003906 0.6734736785292625 1.654639318585396 0 4.317873641848564 1.012234412133694 14.38680575042963 1.564042791724205 5.430979922413826 193.0686858668923 5.226166568696499 0.808482363820076 0.8926819488406181 0.1317394524812698 1.430299431085587 0.3452215045690536 0.1514828950166702 0.8178214579820633 0.275214783847332 94.22659341990948 1.452604629099369 0.2393399327993393 0.4129956662654877 0.3205866441130638 78.2928154990077 0.8526385128498077 31.11895920336246 6.211571104824543 6.73847995698452 5.50063318759203 2.91452818363905 2.998937390744686 0.2995248064398766 0.5252337455749512 0 0 0 0.5964303910732269 0 0 55.1089028865099 24.51403601467609 41.62353014200926 624.8541850596666 20.97622131556273 190.3979925885797 84.28279640525579 345.321476213634 20.78210560977459 9.603743746876717 8.33127573132515 111.6803382635117 0.7602393329143524 31.81707501411438 3.245543159544468 174.19497910887 6.03759727627039 0 0.6542702093720436 2.579806104302406 1.883793264627457 601.3417810574174 89.30935414880514
