622.8281940221786 3246.174488462508 1283.87319984287 1574.952021233737 827.2700144648552 383.036906093359 1413.600539721549 233.1352848559618 113.2957395538688 2297.430975973606 234.9759334549308 522.140495672822 905.4887102991343 535.94336566329 3.740767277777195 2.691504336893559 0 0 0.1048673912882805 1.022541180253029 0.6534836739301682 0 0.550808310508728 0.9454151839017868 0.2030303627252579 0.6618283092975616 0 0 0.2894294708967209 0.2758582830429077 337.7249897420406 9.01798889040947 58.2340636998415 1.244291990995407 0.4959688633680344 0.3426989763975143 2.80735182762146 0.3482527434825897 0.1277538985013962 0.2851541936397552 0.1196890845894814 0.2794806808233261 0.6829581707715988 0.3974693939089775 0.1156117394566536 0.3226658403873444 11.52690377831459 0.8088083639740944 0.1209040954709053 0.7378133833408356 0 0.09275124222040176 0.3702715486288071 0.2943652421236038 9.483453921973705 15.839385420084 63.34729152917862 578.0467095673084 13.84467494487762 24.10546985268593 1.740751206874847 0.7727474570274353 0.4715536683797836 76.17166162282228 3.450128152966499 1.887537896633148 1.306290216743946 0.6932028755545616 1.508455492556095 1.145451903343201 24.51752404123545 1.201574772596359 0 168.9855048581958 89.78509319573641 43.75507003068924 6.506467178463936 4.911801181733608 7.665873855352402 62.33990731835365 0.7854820936918259 7.400875873863697 11.28090875595808 0.8077147230505943 2.039827205240726 6.007972672581673 0.5820499807596207 0 0.4643987789750099 0.2223009914159775 0 0 4.447120375931263 0.1091217175126076 0.4134981483221054 127.3567761555314 12.86872845888138 0.1333851218223572 0.8383171111345291 1459.275697119534 0.1711173355579376 2.179963819682598 2.623366817831993 45.23348128795624 0 15.11199796944857 10.84433645755053 2.198887050151825 15.34265606850386 4.268441967666149 0.4281899780035019 14.94139843434095 10.15643581002951 14.29704099148512 2.485145971179008 0 0 0 0 0 0 0 0 0 0 0 0 0.1270295083522797 0 0 0 0 0 0 0.08590038120746613 0.4762305915355682 0 0.4899168908596039 0 1.65049883723259 0 1.001679070293903 0.469494417309761 0.1270289570093155 0 0 0 0 0 0 0 0 0.1919016912579536 0 0 0.2033993601799011 0.1080197170376778 0 0.1152540966868401 0 0.14891517162323 0 0 0.2348234504461288 0 0.1044226884841919 4.062619097530842 0 0.170509472489357 0 0 0 0 0 0 0 6.600983254611492 0 0 0 0 3.40043993294239 0.8898762464523315 1.250616028904915 0.168221116065979 0 0 0 0 0 0.1125497743487358 0 0 0 0 0 0 12.23848670721054 1.469908811151981 1.20226913690567 641.2711124196649 2.87655284255743 74.48258505016565 11.5787550136447 1348.857339777052 13.50929613411427 1.300893537700176 4.887640461325645 51.27854185551405 0.0745832696557045 0.3392054587602615 0.2166822850704193 16.44009877741337 0.1519696116447449 0 1.820365764200687 0.1526471376419067 0 383.534427434206 15.67075026035309
3246.174488462508 921.1724666506052 2985.886760614812 1359.087724454701 5011.398135632277 204.309607885778 3320.342669777572 223.1498908251524 922.8332330659032 822.0483221709728 786.5090011209249 222.760502666235 1795.558441154659 976.0731536149979 4.008299477398396 3.0071692019701 0.2201869860291481 0.4708417877554893 0.3496746420860291 0.5992719233036041 0.4696924537420273 0 0.5456477999687195 0.08919844031333923 0.08558604121208191 0 0.1565568298101425 0 0 0 587.03196092695 10.84114227443933 62.41774810105562 1.673578880727291 0 0.782004177570343 4.845945999026299 0.1564928293228149 0.2508666515350342 0.1296317130327225 0.4708450362086296 0.3009865880012512 0.6567313894629478 1.183472886681557 0.4853838458657265 0.1017652526497841 23.09785448759794 2.37434970587492 1.487909987568855 1.559350773692131 0.1081392168998718 0.1223491281270981 0 0.334024965763092 24.31231325119734 25.72456058114767 59.71592379361391 557.6466176733375 31.97110903263092 61.49726240336895 1.173184953629971 1.269499085843563 0.5930013060569763 217.8891918957233 12.03695329278708 3.220653638243675 3.434954054653645 0.4763084724545479 2.245530411601067 1.673975594341755 19.42337314039469 1.216278597712517 0 329.4333312213421 228.8999975249171 120.6195125728846 17.2306610122323 11.74353668093681 7.507320947945118 45.73852065950632 2.364479213953018 4.379447996616364 23.86060243844986 0.5373080670833588 2.935388348996639 12.58800105005503 0.7254680544137955 0.1808518171310425 1.366984330117702 0 0.3419812098145485 0 2.3653394728899 0.348462849855423 0.1251806169748306 51.86621613800526 0.3712076246738434 0.4319522380828857 0.1346730291843414 871.8898552134633 2.679490432143211 6.00924414396286 134.7432435899973 55.71432369947433 2.852238185703754 69.16747938841581 8.659057028591633 567.4859017580748 32.00293854624033 14.73027595132589 0.5997882187366486 7.585629716515541 3.903778538107872 10.31823741644621 2.499994926154613 0 0 0 0 0 0 0 0 0 0 0 0 0 0 0 0.2712090313434601 0 0.4088166356086731 0 2.504934310913086 0.2210636734962463 0 0.6232537627220154 0 1.347018130123615 0 0.872075155377388 0.1298646330833435 0 0 0 0 0.3425018191337585 0.2864772081375122 0 0 1.599143333733082 0 0 0 0 0.8337080478668213 0 0.4780648574233055 0.6350736618041992 0.659430593252182 4.101431399583817 5.6045246347785 0.7853148803114891 0 0 2.116615034639835 4.024847432971001 0.4958626553416252 0.5164235159754753 0.2228560969233513 0 0 0.2420515716075897 0 0.1187081784009933 3.018271967768669 0.1775090545415878 0 0 0 1.171177051961422 0 0.6015449911355972 5.1096011698246 9.394462056457996 2.709229931235313 1.233564756810665 0 0 0.7905997261404991 0 0.09628741443157196 0.2384246662259102 0.110143169760704 0 0 3.962585523724556 0.5129828453063965 0.5498304516077042 250.7910672575235 3.512224249541759 170.5175758674741 14.19022250920534 663.740755982697 25.62735868245363 2.265375636518002 8.302758604288101 22.08345950394869 0.3025418519973755 3.43423343449831 0.4757950380444527 12.21196434646845 3.26681312173605 0 0 11.37181773781776 0 96.30274870246649 8.003657229244709
1283.87319984287 2985.886760614812 674.1200474724174 13.46708373725414 1500.88211350143 15.77149912714958 623.455845862627 3230.085033364594 3356.807314425707 46.94521155953407 2772.120814330876 87.89933354407549 1335.290922999382 2412.479338645935 4.184730768203735 2.931088007986546 0.4066703617572784 0.2778306603431702 0.7176663726568222 2.418838106095791 1.610955394804478 0 2.087997779250145 1.107894763350487 0.7501598969101906 0.6867437660694122 0.1508734226226807 0.1386673450469971 0.1305216103792191 0 3914.682996504009 735.1910601481795 93.7871053814888 3.865137852728367 0.6059281677007675 0.4998955130577087 4.690555669367313 0.3539189696311951 0 0.1351125985383987 1.235793322324753 0.1518308967351913 0.8346613273024559 1.561457112431526 1.105322003364563 0.3734826743602753 21.65440789610147 2.427982792258263 2.205507323145866 3.218454241752625 0.7000366374850273 0.3331597596406937 0 0.4084909409284592 19.24765669554472 27.30826142430305 91.10293979197741 856.519432105124 32.74643459171057 58.30917740613222 3.118605971336365 1.247177474200726 0.1507962197065353 483.2099288552999 8.874751962721348 5.132167637348175 2.4588922560215 0.8543858006596565 2.695543333888054 4.93643643707037 13.89461967349052 0.5856435298919678 0 388.2279710769653 339.0158038809896 114.9264054894447 20.99048583954573 10.05911983549595 135.7171718105674 313.9297990649939 5.505717746913433 21.50788705796003 27.9992548301816 1.789182029664516 4.576596304774284 13.85889875143766 1.392600484192371 0.1974887698888779 1.055046439170837 0.1234564110636711 0.4971516504883766 0.1066351234912872 6.502009734511375 0.6226747930049896 0.7874127253890038 4.518358841538429 0.2716463059186935 0 0.3254953995347023 462.2193735167384 0 0.5074264109134674 0 0.1690235584974289 0 0.9509822130203247 0.1319580078125 0.1926471889019012 0.5162153914570808 0.1233424991369247 0.1244606152176857 0.7661262825131416 1.288077965378761 1.223658390343189 1.664817340672016 0 0.09064161777496338 0 0 0 0 0 0 0 0 0 0 0 0 0 0 0.1124932691454887 0.5397687554359436 0 0 0 0 0 0 0.5504932850599289 0 0.6552168130874634 0.4200215861201286 0.1025855168700218 0 0 0 0 0 0 0 0.1146867945790291 0 0 0 0 0.1098471060395241 0.3633750826120377 0.2082759439945221 0.1162309199571609 0.1078886315226555 0 0 0 0.2980381548404694 0 1.197541065514088 0 0 0.1014655083417892 0 0.1151623874902725 0 0 0 0 2.138203911483288 0 0.2156568616628647 0 0 0.4922888278961182 0 0.4241681173443794 0 0 0.1135824099183083 0 0 0 0.325924888253212 0.3532488867640495 0 0.3003741055727005 0 0 0 0.8352325707674026 0.6338732838630676 0.5747096389532089 78.07477067410946 3.0962800309062 155.7043793797493 14.7513340935111 230.2027622684836 18.16968954354525 2.164300456643105 4.454192735254765 5.269562654197216 0.2544273361563683 0.2661546841263771 0 0.50391885638237 0 0 0.1258681863546371 3.795918703079224 0 52.95595657080412 0.7948673963546753
1574.952021233737 1359.087724454701 13.46708373725414 414.0376321524382 393.7973588332534 375.7713747322559 1855.36560369283 6.555948242545128 21.9127843901515 4730.378476008773 5.500556647777557 1875.175863139331 1669.933926478028 52.56596674770117 3.389524675905704 0.90248903632164 0 0 0.3042601644992828 0.3193708956241608 0 0 0.3654722571372986 0.2677191495895386 0.1811010837554932 0.1540902256965637 0 0 0.2713175415992737 0 14.78963358700275 1.290725208818913 16.3179082274437 0 0 0.3921489268541336 1.066975697875023 0.1830985695123672 0 0 0.4638509750366211 0.2999672591686249 0 0.3718597590923309 0 0.1342280954122543 6.501570291817188 0 0.1223082840442657 0.3475768640637398 0.1916840821504593 0.2933976501226425 0.3749797642230988 0.7439791560173035 3.633523225784302 4.852812260389328 7.377332143485546 127.8217065185308 6.706109307706356 10.61448158323765 0.2727295234799385 0.814760610461235 0.3915512263774872 29.66848162561655 1.131347566843033 0.3860168606042862 0.6246664747595787 0.488862156867981 0 0.3043294996023178 29.92260703444481 2.265098124742508 0 56.58736391365528 36.61103671789169 19.87362968176603 3.393450796604156 1.565642289817333 0.7521132528781891 4.511117152869701 0.1085033565759659 0.8872147798538208 4.178366281092167 0.2225747779011726 0.5369216799736023 2.187674008309841 0.103640615940094 0 0.1000797301530838 0.116746298968792 0 0 0.3148660957813263 0 0.4328411221504211 90.09472452104092 6.722327999770641 0 0 326.9602347612381 2.909837618470192 6.042530477046967 51.22555620223284 61.99882441014051 0.1299372464418411 40.9663398489356 28.92083261907101 4.338790565729141 75.70873702317476 25.07055845111609 0.7392707467079163 24.98638767004013 71.74693868309259 16.61339958757162 2.489061564207077 0.1959876120090485 0.1403302848339081 0 0.8490475416183472 0 0 0 0 0 0 0 0 0 0 0 0 0.1408999264240265 0.1646309047937393 0 0.9025337100028992 0.3896491378545761 0 0 0 1.0954934284091 0 0.711285188794136 0.2861049920320511 0.3930118530988693 0 0 0 0 0.2204323410987854 0.1402294635772705 0 0.4409074857831001 0.1598405092954636 0 0 0 0.2699680998921394 0 0 0.1042245402932167 0.2399093061685562 0.961866706609726 1.8542455509305 0.6191499680280685 0 0 1.424129784107208 1.870583936572075 0.1123616397380829 0 0 0 0 0 0 0 5.292926460504532 0.1416140347719193 0 0 0 1.12109749019146 0 0.4403327628970146 2.211394511163235 1.875605292618275 0.3150841146707535 0.2316471785306931 0 0.1652208566665649 0.2336162626743317 0 0 0 0 0 0 12.63430575281382 0.8264297321438789 0.7558770552277565 115.0942297875881 0.4902221411466599 40.55673364549875 4.441949218511581 345.7423667386174 7.509783811867237 0.6030061691999435 1.9576106518507 11.96163542568684 0.1611557751893997 2.11016258597374 0 8.070413589477539 0.5284044444561005 0 0.1362899988889694 0.3268346190452576 0 87.17964328080416 5.950244322419167
827.2700144648552 5011.398135632277 1500.88211350143 393.7973588332534 2037.659915916622 90.27950315177441 3978.093786925077 92.08243834227324 2223.587531656027 1281.925314970315 982.8473356291652 45.76572854816914 1272.074801273644 1222.430437646806 5.401448436081409 1.893892429769039 0.5524983331561089 0.7530234754085541 0 0.8742278516292572 0.5590003877878189 0 0.3180035352706909 0.2817883938550949 0 0 0.120672345161438 0.3460463285446167 0.2609515115618706 0 362.1979036703706 26.91810348629951 18.88680861890316 0.3120440542697906 0 0.1576770097017288 3.025271102786064 0.3231005817651749 0.1387789100408554 0 0.2879244685173035 0.1188905090093613 0 1.890011981129646 1.064839735627174 0.3131999224424362 68.39852623641491 2.493930943310261 0.8972340896725655 1.030182279646397 0.4039745703339577 0.1210854426026344 0.1008028611540794 0.1201818361878395 28.42496612668037 30.19301572442055 52.72837197035551 350.8648637160659 54.75446816533804 105.8673740550876 0.7044022455811501 1.59752944111824 0.2673015296459198 363.1373136341572 15.38948453217745 5.406135089695454 4.246141202747822 0.6807785034179688 0.8254505023360252 0.1405973434448242 23.94411919265985 0.8739624321460724 0.1158040463924408 405.7731332555413 316.3830377981067 201.9237900525331 39.62462253123522 14.1619959846139 10.15578733384609 36.56839483976364 3.698809757828712 8.240072757005692 36.23439840227365 1.142577044665813 5.727106347680092 15.34370539337397 0.391752615571022 0.3146341592073441 1.453251905739307 0.3554321676492691 0 0.1623161882162094 1.381134875118732 0.1468088030815125 0 76.00910941511393 0.4295621886849403 0 0.625327467918396 106.3796493262053 0 0.5835766047239304 3.036587491631508 11.28202118724585 0.4915319085121155 4.829273417592049 9.237003371119499 1.03752489387989 9.725797563791275 4.772691428661346 2.27057883143425 9.883514799177647 8.507440149784088 15.68282949924469 3.189837671816349 0 0 0 0 0 0.2584565579891205 0 0 0 0 0 0 0 0 0 0 0 0.3915062248706818 0 0.1430828869342804 0 0 0 0 2.002174340188503 0 0.7121091187000275 0 0 0 0 0 0 0 0 0 0 0 0 0 0 0 0 0.1201024726033211 0 0.5364603623747826 0 0.1148100644350052 0 0 0 2.159352548420429 0 0 0 0 0.1548778563737869 0 0 0 0 6.337287038564682 0 0 0 0 1.502051629126072 0 0.8934251070022583 0.137360617518425 0.1072371900081635 0 0 0 0 0.4758826941251755 0.207726776599884 0 0.3869095221161842 0 0 0 10.63166566193104 0.5989793241024017 0.4914423301815987 298.0625195577741 7.130374029278755 347.3269495740533 34.28320821374655 507.1689022853971 53.48172358423471 1.227056138217449 17.53239516168833 33.30474756658077 0.1279521882534027 0.3545699268579483 0 12.05923246592283 0 0 0.4262679815292358 18.20637038350105 0 118.8746953308582 11.5926821231842
383.036906093359 204.309607885778 15.77149912714958 375.7713747322559 90.27950315177441 16.77481342852116 205.7762475162745 6.42478184401989 16.69282664358616 1370.497673198581 4.121233925223351 234.979260802269 190.3889093250036 20.84491048008204 1.473004758358002 1.186118572950363 0 0 0 0.5861039608716965 0.5073686242103577 1.137170672416687 0.603355661034584 0.1941970735788345 0 0 0 0 0 0 11.42912803590298 1.321647986769676 21.30809307098389 0.2667500674724579 0 0 9.960730373859406 1.169996052980423 2.083301484584808 0 0 0.1269171833992004 0.2901055216789246 0.1322938352823257 0 0.3387745022773743 0.8498424291610718 0.1950485706329346 0 1.006274059414864 0.3752333372831345 9.451542697846889 1.009836450219154 0.9882365763187408 0.4143442362546921 0.6827799752354622 76.40758001804352 213.0374176427722 0.8462830036878586 1.206942565739155 4.014262616634369 4.361373886466026 1.120099380612373 3.706576198339462 0 0 0 0.6707652881741524 1.030091479420662 0.1406184285879135 197.029957935214 54.78436507284641 6.013049125671387 6.003135398030281 3.219566032290459 3.169778600335121 0.4159723371267319 0.4999270290136337 0 14.53523553907871 0 3.883945927023888 0.6778809428215027 0.2111020535230637 0.09500958025455475 0.3826483190059662 0.2827887535095215 0.8809307366609573 0.99585872143507 4.721996799111366 0.2167963236570358 2.428525000810623 0.4185773879289627 0.6606571525335312 1.77699513733387 563.3262637555599 150.8432251811028 1.874173223972321 19.69098030030727 752.9157589524984 0 1.621131747961044 0.6050047278404236 7.236296467483044 0 1.218588925898075 3.803492210805416 0.9035534858703613 7.353530175983906 0.7861663922667503 0.1637363582849503 4.657393924891949 2.828192315995693 5.965351440012455 0.6668219715356827 0 0.1674796640872955 0 0 0 0 0 0 0 0 0.5915338844060898 0 0 0 0 0 1.304785221815109 2.593909099698067 0.3863524943590164 0 0 0 0 0 1.213233925402164 0 0.3932891711592674 0.2269037812948227 0 0 0 0 0 0 0.1329956203699112 0 0 0 0 0 0 2.706196509301662 0.1902480274438858 0 0 0 0 0 0.1755414456129074 0 0 0.9827496409416199 0 0 0 0 0 0 0 0 0 2.039643004536629 3.012461513280869 0 0 0 0.2364133894443512 0 0.3426121473312378 0 0 0 0 0.1406501829624176 0 0 0 0 0 0 0 0.14366215467453 2.854598268866539 0.2938524782657623 0.5118497833609581 43.91621133685112 0.4108321815729141 8.53772509843111 1.294148370623589 503.4802256450057 1.252249486744404 0 0.3478128015995026 22.34136508405209 0 0 0 8.092177376151085 0 5.161136150360107 0 0.1439265757799149 0 98.78930163383484 4.463956639170647
1413.600539721549 3320.342669777572 623.455845862627 1855.36560369283 3978.093786925077 205.7762475162745 954.4877509623766 53.37866681814194 1250.934814460576 2736.249998092651 242.183556638658 604.0034757182002 3237.246212489903 1687.247747696936 22.57365407049656 8.798146925866604 1.021237023174763 0.5045474395155907 0.1388100236654282 0.8259214013814926 0.4812917113304138 0 1.67463943362236 0.3398494124412537 0.4869607836008072 0.5540637969970703 0 0.3764739036560059 0.5221082270145416 0.1497693210840225 211.5147576034069 23.18363270908594 70.4355880394578 0.9980919361114502 0.1413112729787827 0.2218089997768402 13.36909034103155 0.5210251361131668 0.4493431076407433 0.1373325139284134 0.5414669215679169 0 0.2871765643358231 1.93919812887907 0.5843304917216301 0.5253736227750778 78.59397599101067 2.370089896023273 0.6141974255442619 1.622568733990192 0.5806609317660332 0.6980899274349213 0.4867613613605499 1.043633282184601 16.94848250597715 23.66114338487387 36.41112407296896 252.3879197388887 40.23243923485279 88.22664557397366 1.744986273348331 2.105777785181999 0 220.3320200294256 11.051239348948 4.054073661565781 5.09631309658289 0.4180396348237991 2.970786236226559 1.365112088620663 72.12851157039404 1.211185574531555 0.5458285212516785 292.4713602662086 210.8071606010199 176.9961352571845 48.41038642823696 23.87921781092882 9.04566764831543 35.57405437529087 3.087626628577709 15.63923752307892 32.09057376533747 1.050356104969978 5.082466959953308 10.49685123562813 1.357129372656345 0 1.25368320941925 0.3710261359810829 0.4040098860859871 0.1631774008274078 3.500016674399376 0.403352290391922 0.7767232656478882 209.843942925334 7.71152912825346 0.3449053764343262 2.374854803085327 140.071442976594 1.767922937870026 5.263718999922276 44.45296017825603 45.41548281162977 1.05698149651289 41.24803061783314 42.85229869931936 5.610925540328026 58.30445966124535 22.03192711621523 0.6005971506237984 47.5047914236784 44.72340635955334 61.38726963102818 15.83256044238806 0.09177911281585693 0 0 0 0 0 0 0 0.2350809425115585 0 0 0 0 0 0.500886008143425 0 0 0.3016015887260437 0.2097019702196121 0.7892141118645668 1.128792934119701 0 0 0.1327940076589584 5.301649115979671 0.408552810549736 2.912416867911816 0.6262155771255493 0 0 0 0 0 0.5327566862106323 0 0 0.1782720535993576 0.3051233142614365 0 0 0 0.6747264415025711 0 0.1100427210330963 0 0.2402072101831436 1.023074448108673 1.109841383993626 0.6553102135658264 0.9505712240934372 0 13.33544278144836 0.6979202628135681 0 0.1458640247583389 0 0 0 0 0 0 25.25158297270536 0.1979774981737137 0 0 0 8.471641890704632 0.3221611678600311 7.079306095838547 1.729260258376598 1.345680624246597 1.245869591832161 0 0.3860384374856949 0 0.4303242266178131 0 0 0.3549130707979202 0 0 0 41.24117611348629 3.260237164795399 1.686444513499737 694.963025175035 7.210577830672264 426.1767464056611 72.16825642436743 745.7672106921673 68.19197837263346 2.334600359201431 47.64319997280836 124.5227849185467 0.1443965584039688 1.677097253501415 0.2467701956629753 40.15802958607674 0.4019380435347557 0.07095512002706528 0 84.53897227346897 0 271.190497174859 32.97615948319435
233.1352848559618 223.1498908251524 3230.085033364594 6.555948242545128 92.08243834227324 6.42478184401989 53.37866681814194 1352.155371248722 918.3535453528166 91.55467884242535 2324.634853333235 42.17056145519018 1046.136034153402 5287.285619571805 23.50352793186903 9.704987615346909 1.254822462797165 3.154941871762276 1.187492564320564 15.06756477802992 11.57047882676125 0.9499048590660095 12.0270756483078 5.100813373923302 1.759379297494888 2.787733897566795 1.249326318502426 0.4160512834787369 2.154953852295876 0.2888565361499786 2684.806818671525 4011.993088103831 305.729709431529 18.67191312462091 3.462336301803589 2.12501822412014 9.366461023688316 3.103534549474716 0.8805808424949646 0.4073894321918488 3.14574272185564 1.211020454764366 12.54794719070196 9.231330998241901 4.406788483262062 7.092597156763077 62.34489177167416 6.447960823774338 5.210907101631165 22.43844884634018 4.805657766759396 0.6319233104586601 1.13698373734951 1.78949885815382 13.46287786960602 12.3139379248023 33.29321721941233 293.3737212345004 21.63802129030228 51.70409778505564 41.39386252313852 10.29802076518536 3.504414156079292 1427.05001462996 6.477419517934322 6.4182248711586 8.40616898983717 5.626469992101192 32.78555556386709 31.77300237119198 18.25946705788374 1.375894978642464 0 188.3646566867828 294.0371624231339 134.2954393550754 68.15774522721767 93.21762139350176 1494.283743664622 1823.742514394224 99.65529404580593 373.0952982455492 18.54093392193317 0.6677843779325485 7.096715018153191 6.285552233457565 13.12232218682766 0.126391738653183 0.4984273910522461 0 0.8983312249183655 0.1440324187278748 45.84917459636927 1.4454695135355 1.435639224946499 2.872947201132774 2.159491300582886 0.1635113805532455 0.7710866183042526 93.06073227524757 0 0 0 0.6243291348218918 0 0.2686598375439644 1.498909667134285 0 1.742938876152039 0.3001956045627594 0.2269291430711746 3.830169953405857 2.467135041952133 5.236110031604767 1.1132692694664 0 0 0 0 0 0 0 0.1363272666931152 0 0 0.2017476707696915 0 0.1244133189320564 0 0.1297705471515656 0 0.1195584237575531 1.221907585859299 0 0 0 0 0.746877908706665 0.1226756796240807 1.840830765664577 0.1280058771371841 1.493646875023842 0.5287304520606995 0.2358402237296104 0 0 0 0 0 0 0 0 0.112021267414093 0 0 0 1.348106741905212 0.1211735233664513 0 0 0.3741745352745056 0.2012942880392075 0.0897132009267807 0 0.2053983435034752 0 2.537622347474098 0 0 0 0 0 0 0 0 0.1431971341371536 5.457709543406963 0.2214527726173401 0.6264074444770813 0 0.5211814045906067 1.014143593609333 0 0.5291764438152313 0.3122478425502777 0.2045634537935257 0.09748010337352753 0.1232914552092552 0 0 0.233954906463623 0 0 0.1951754242181778 0.09719362854957581 0 0 2.630632191896439 0.6693581789731979 1.986491203308105 167.4426970258355 5.840465776622295 250.1168993711472 41.68635012209415 131.2024349197745 34.7499053478241 1.339205354452133 22.80709236115217 4.92742795497179 0.6811266615986824 0.4522045254707336 0.1177937984466553 1.841210424900055 0 0 0 1.511012680828571 0 28.02324005961418 0.8078311160206795
113.2957395538688 922.8332330659032 3356.807314425707 21.9127843901515 2223.587531656027 16.69282664358616 1250.934814460576 918.3535453528166 1002.898998312652 385.5404610037804 1855.118059530854 41.15385354310274 2387.90129236877 1081.493580639362 12.28978521376848 3.038995750248432 0.2310089692473412 0 0.1143421828746796 0 0.5561555176973343 0 0.2829450219869614 0.2217775881290436 0.2406753599643707 0.3955884203314781 0.1279874444007874 0 0.3053464144468307 0.1493974626064301 450.5902376249433 31.6631606221199 37.13542296737432 0.3927561044692993 0 0.7121473550796509 4.458379805088043 0 0.4096922501921654 0 0.6337263882160187 0.09766553342342377 0.2234363034367561 0.895411379635334 0.3630682677030563 0.1647456735372543 47.23210193961859 1.632288366556168 1.029058441519737 0.1045927703380585 0 0 0 0.5247697234153748 9.607508435845375 9.980184137821198 14.82089632749557 84.35097087174654 19.55037405341864 45.41288471966982 1.380716510117054 0.5800096616148949 0 122.855652064085 5.771641224622726 2.55581621080637 1.558806620538235 0.132544532418251 0.888946145772934 0.09845627844333649 36.56058835238218 0.4922330975532532 0.2648989856243134 125.8757936283946 102.7161045372486 105.7262462973595 29.8663762062788 13.27241100370884 6.810634583234787 28.66042904555798 0.7652653455734253 4.578824609518051 15.33617061376572 0.07999496161937714 2.660877250134945 5.980212643742561 0.3335734829306602 0.1973109990358353 0.1072982028126717 0.1066910028457642 0.09620549529790878 0 1.619846791028976 0.1696783751249313 0.3032681792974472 28.8309081196785 0.2285178378224373 0 0.08774789422750473 26.82027616351843 0 1.248853206634521 2.22862496972084 1.083169229328632 0.7233776897192001 1.467272147536278 4.876581490039825 0.1561414897441864 8.060378760099411 3.802155092358589 0.7843656092882156 7.50698371976614 8.325764007866383 12.50515668094158 2.012393191456795 0 0 0 0 0 0 0 0 0 0 0 0 0 0 0 0 0 0 0 0 0.1703685522079468 0 0 0 1.448871940374374 0 1.047072514891624 0.1294192522764206 0 0 0 0 0 0 0 0 0 0 0 0 0 0 0 0 0 0 0.09083989262580872 0 0 0 0 4.204427868127823 0 0.1136773973703384 0 0 0 0 0 0 0 4.118866764008999 0 0 0 0 2.040924899280071 0 0.641423225402832 0 0 0 0 0 0 0.1063895598053932 0.1166226714849472 0 0.119011677801609 0 0 0 7.709596022963524 1.460611648857594 0.9565491229295731 231.72322601825 4.900369562208652 248.6523751094937 37.06635280698538 215.6088304445148 32.99841669946909 1.175743095576763 29.18873673677444 24.12636440992355 0.1223979890346527 0.4792401343584061 0 10.78299069404602 0 0 0 2.784983858466148 0 59.85991948097944 8.305083721876144
2297.430975973606 822.0483221709728 46.94521155953407 4730.378476008773 1281.925314970315 1370.497673198581 2736.249998092651 91.55467884242535 385.5404610037804 3372.901096716523 159.8602272421122 3965.545703008771 10179.17850829661 513.2924144268036 16.58063673228025 7.084932953119278 0.264056995511055 0.1559737771749496 0 0.3129017502069473 2.041041478514671 0.3945773094892502 1.599170550704002 1.370109178125858 1.153576105833054 0.2924396693706512 0 0.1549057960510254 0.4752234816551208 0 49.98087715357542 4.748353235423565 182.2290956750512 1.606794983148575 0.6051926612854004 1.042431145906448 42.22532458603382 1.063545987010002 0.6878979951143265 0.4937676191329956 0.3856607526540756 0.3034867495298386 2.003667876124382 0.8957856446504593 0.984223760664463 0 23.22306995838881 0.8478574827313423 0.6496462002396584 0.5254104882478714 0.4853185191750526 2.376362338662148 0.3704672604799271 1.06514185667038 6.517522916197777 7.026970975100994 24.13288745284081 222.8391230776906 11.16215124726295 22.20542927831411 3.92177127301693 4.281862892210484 0.9247172474861145 61.56594207882881 4.278961949050426 0.866764634847641 1.940766900777817 0.4343756139278412 2.35261508077383 3.358109042048454 289.4540788158774 17.12757664173841 1.383213125169277 101.8408074378967 65.03177470713854 46.62240964174271 21.99075958132744 9.946028970181942 5.1669070571661 17.10803010314703 0.4306718111038208 8.362145021557808 7.49284515529871 0.352536253631115 1.556783743202686 2.975141003727913 1.197059214115143 0 0.2001603022217751 1.326017916202545 0 0.3782220333814621 5.919134236872196 0.4907309859991074 0 499.3562038093805 36.1056092530489 1.345975175499916 5.765216648578644 583.469980224967 1.652150876820087 13.11539966613054 61.42350462079048 83.504239320755 2.077541962265968 75.06962711364031 78.3292179480195 5.84652104973793 121.2991651967168 43.73382040113211 4.576915971934795 97.00524337589741 99.25687545537949 118.7470339909196 24.98841559886932 0.3970438838005066 0.4485332742333412 0 0 0 0 0 0.2266794145107269 0 0 0.1748622804880142 0 0.2909867614507675 0 0.171801745891571 0 0.2350978851318359 1.840486511588097 0 1.929933041334152 0.3793868646025658 0 0 0 8.986179612576962 0.2910402715206146 7.210556223988533 1.470427684485912 0.5153223872184753 0.1632225066423416 0.1165364906191826 0.2110858112573624 0 0.1329095661640167 0 0 0.151738703250885 0.5346716344356537 0 0 0 1.452119179069996 0 0.1209772750735283 0.1998010352253914 0.2443824931979179 1.770121805369854 2.229545004665852 0.8648376166820526 0.263752393424511 0.3627007603645325 13.24333157390356 1.597518801689148 0.1073096916079521 0.09254831075668335 0 0 0.09894385933876038 0.1089805588126183 0 0.1458924263715744 43.31687172502279 0.8359061628580093 0 0 0 12.77230361104012 1.458275705575943 8.89528101682663 2.135490596294403 2.183953851461411 1.570666387677193 0.1942395716905594 0.3275342881679535 0 0 0.1225796863436699 0 0 0.1959770321846008 0 0.270679384469986 80.5013393163681 4.597495555877686 3.866681054234505 960.5888812914491 6.70849547535181 130.8705995604396 27.40704417973757 1637.368842288852 23.09352287650108 0.5082634314894676 16.06699511408806 213.7200376242399 0 2.199433788657188 0.5112917423248291 103.6549017205834 1.05471059679985 0 0 1.268610671162605 0 699.3056056648493 96.68613103032112
234.9759334549308 786.5090011209249 2772.120814330876 5.500556647777557 982.8473356291652 4.121233925223351 242.183556638658 2324.634853333235 1855.118059530854 159.8602272421122 923.4992941766977 52.77348193526268 1324.493359960616 4351.781582735479 31.91177951544523 26.91088171303272 2.609440363943577 1.999244667589664 1.23946712911129 12.22541019320488 14.64416049420834 4.276511713862419 21.36420569568872 14.17830154299736 14.31121154129505 14.30106970667839 2.532745487987995 3.729119099676609 3.628320209681988 0.4125409871339798 1002.838200107217 723.1668203994632 450.7783048972487 24.03705967217684 14.46652387827635 22.58247034996748 75.31403851509094 17.95639969408512 2.380852676928043 2.657398879528046 11.84790106117725 7.133590050041676 5.864787891507149 4.612769663333893 2.838313214480877 6.294607251882553 49.27668801695108 2.831083476543427 1.627100296318531 9.42138784378767 11.61162918061018 2.687530130147934 2.271484598517418 4.24870029091835 8.633068487048149 10.06298562139273 22.57639739662409 159.0134994238615 14.87348454445601 31.99901101738214 35.66335719078779 18.01813586056232 5.139706343412399 196.409180752933 7.215789452195168 3.383207753300667 9.85674786567688 8.560602717101574 29.86887025088072 58.58669020235538 79.96963743120432 6.270560786128044 0.9289475828409195 129.9584008976817 134.5835797265172 109.7563221156597 48.26777401566505 32.3356584534049 279.4109275341034 797.5122320428491 17.82822659611702 77.54477677494287 13.24058667570353 0.5426074638962746 4.013603545725346 5.711120598018169 6.594439499080181 0.09734741598367691 1.095761217176914 0.7887052297592163 0.4871474876999855 0.7581218555569649 90.43599656969309 5.372161120176315 4.031644716858864 14.39245239645243 2.67955806106329 3.020534954965115 2.953102365136147 58.23113392293453 0 1.050553664565086 0.8037595078349113 0.3637962192296982 0.6059852465987206 1.863340839743614 4.618914254009724 0.853931650519371 8.653664119541645 2.91850258409977 1.217750504612923 6.935790218412876 6.493877030909061 14.18435156345367 4.943324267864227 0.39286969602108 0.09635192155838013 0 0.2722731232643127 0 0 0 0.4246259033679962 0.7368279695510864 0 0.8872685879468918 0 0.3507874086499214 0 0 0 1.264727242290974 3.163861706852913 0.2105782181024551 0 0.1544667482376099 0 0.8007550537586212 0.8311239182949066 4.451978296041489 0.2289695590734482 5.494184471666813 1.733181647956371 0.8728566318750381 0.4095372408628464 0 0 0 0.7665490210056305 0.3309381753206253 0 0 0.448776938021183 0.0946398600935936 0 0.3636568784713745 1.87555031478405 1.057704985141754 0.176444984972477 0.3142204359173775 0.2138082459568977 0.1890024617314339 0.1827195286750793 0 0.3398433327674866 0 9.80519537627697 0 0 0 0 0 0 0 0 0 11.80133076757193 2.038257390260696 0 0 0 3.034866467118263 0 4.196870766580105 0.406109906733036 0.1077643781900406 0.206544354557991 0.2489805370569229 0.3219970241189003 0 0.3509227782487869 0 0 0.09596029669046402 0 0.1522751897573471 0 8.836675830185413 7.017406471073627 4.3692641928792 251.6019294932485 11.42209702730179 253.1206612214446 57.85825426131487 128.9397121965885 35.06435735523701 1.386388584971428 24.34927393496037 19.68829291313887 0 0.6154776439070702 0.1233522817492485 5.680153846740723 0 0 0.2110925167798996 4.006376713514328 0.1182394102215767 27.29142589122057 3.61232366412878
522.140495672822 222.760502666235 87.89933354407549 1875.175863139331 45.76572854816914 234.979260802269 604.0034757182002 42.17056145519018 41.15385354310274 3965.545703008771 52.77348193526268 215.9036751613021 2148.047018572688 325.1930479183793 20.82777900993824 14.10854109376669 0.8373355269432068 0.742302380502224 0.9087227135896683 3.962168633937836 1.495173007249832 2.639041036367416 5.565492480993271 2.872169226408005 2.543560415506363 1.383239760994911 0.2330757528543472 1.71479144692421 3.501572787761688 0 91.06079734861851 14.74813256412745 145.8796857073903 4.116216018795967 1.940942540764809 2.81259985268116 93.64360775053501 2.360343053936958 1.510246425867081 0 0.9520936459302902 0.73150335252285 0.144429549574852 1.933512941002846 0.5588886737823486 1.69653694331646 30.37580266594887 0.9001460894942284 1.24043682962656 1.596024043858051 2.011439979076385 3.918732434511185 1.417840659618378 0.1187055259943008 1.77767887711525 2.469612926244736 6.751972615718842 34.42463275045156 5.387544877827168 11.98474500328302 5.082263231277466 9.132450558245182 2.98993793129921 36.99574068933725 1.53374295681715 0.8992912545800209 1.718771331012249 0.7956169247627258 3.804302930831909 6.75488206744194 150.9464274272323 29.1059397906065 2.660977423191071 32.9551200568676 36.58024648576975 49.10824817419052 26.9346441924572 16.10817714780569 7.919218815863132 36.53549405932426 1.758095391094685 13.78348862379789 4.330827444791794 0.1973327174782753 0.6028693243861198 1.130553901195526 1.981544703245163 0.3625717163085938 0.4322182461619377 1.006735175848007 0.1995478644967079 0.6707222759723663 12.79447305202484 4.115357145667076 0.7051407396793365 395.3341547995806 23.08270064741373 3.544641703367233 3.213935926556587 57.66158838570118 0.3933495506644249 6.28024722635746 6.365394666790962 13.0484676361084 2.841846726834774 20.00128923356533 41.70760332792997 4.812529563903809 57.42517194151878 20.60537329316139 4.090830028057098 70.14063447713852 58.35374886542559 100.1996267735958 24.8828507065773 0.7234688401222229 0.2608380541205406 0 0.1986047625541687 0.1093934178352356 0.1312143504619598 0.1266827583312988 0.7908246666193008 0 0 1.265291035175323 0 0.7589124217629433 0 0 0.7227266132831573 1.577898755669594 1.364301443099976 0.535444438457489 1.344042077660561 1.266552828252316 0 0.1208327189087868 0.3349021673202515 14.65096686035395 0.4458206743001938 10.25705720484257 3.156101584434509 1.925236597657204 0 0 0 0.2718019038438797 0.5227705463767052 0.1105619072914124 0 0.2171460092067719 0.5926829501986504 0 0 0 2.886700972914696 0.397357165813446 0.09686084091663361 0 0.1230082288384438 1.014172829687595 1.175675295293331 0.9452882707118988 1.687725424766541 0.3603081554174423 27.30916967242956 0.4200037717819214 0 0 0 0 0 0 0 0.3937800154089928 58.07117837667465 1.380343586206436 0.1306436061859131 0 0 14.78720336407423 0.6008281111717224 11.64730727672577 3.138543494045734 0.7756480798125267 0.6120461001992226 0.3445327579975128 0.4004821851849556 0 0 0 0 0.127299576997757 0 0 0 72.10968190431595 11.35482257604599 10.12453210353851 496.0366709753871 3.683941930532455 148.9492164850235 41.58459226042032 281.4082451239228 22.72898315638304 0.8082699924707413 21.34239656478167 139.7440723031759 0 3.852592423558235 0.7045888975262642 46.32256457954645 1.119883939623833 0 0.1202745586633682 2.250809758901596 0 238.4889299422503 43.66618022322655
905.4887102991343 1795.558441154659 1335.290922999382 1669.933926478028 1272.074801273644 190.3889093250036 3237.246212489903 1046.136034153402 2387.90129236877 10179.17850829661 1324.493359960616 2148.047018572688 5173.912795327604 5470.500352680683 82.92589090764523 48.84355726093054 2.947056852281094 1.985249795019627 0.1343467682600021 5.474527761340141 10.1187551766634 8.887921527028084 10.58716827630997 6.857433542609215 7.765183642506599 5.35294209420681 0.1817426830530167 3.036034621298313 6.318106845021248 0.6008588224649429 895.019159168005 112.673860616982 1876.297987662256 8.525885716080666 3.727260887622833 17.99290819466114 265.3568041473627 45.89434494078159 4.683162853121758 3.597578965127468 4.793056696653366 2.711241155862808 3.637913316488266 6.353355571627617 2.625595204532146 4.848078340291977 143.2973221465945 2.476506732404232 4.023973137140274 6.582580730319023 6.968367874622345 6.737777881324291 15.22951357811689 5.458319045603275 14.82427758723497 16.79332829266787 34.02704782783985 194.125093087554 33.11171395331621 76.66505917161703 12.74142363667488 71.36755634099245 4.618390649557114 233.2552440166473 11.17402463406324 5.849522314965725 7.228541351854801 3.66836816072464 14.41719859838486 20.34750015288591 1063.176426298916 39.8255463540554 2.448475681245327 212.2819279059768 190.2024422958493 248.994266577065 113.3415995314717 64.47635052353144 33.95827074348927 248.5680006220937 4.210369020700455 63.85271430760622 23.22877198457718 0.9777654260396957 4.358043931424618 9.079167492687702 4.11905462294817 0.3411334678530693 1.541082270443439 2.323394522070885 1.00680984556675 0.6016111969947815 38.50135682523251 3.309576094150543 2.424777828156948 1544.614339180291 22.30743096023798 8.315217852592468 8.23860327154398 108.3690749928355 1.076039262115955 10.27243863046169 9.118706420063972 22.88433073461056 4.896521247923374 38.58907267451286 81.51896791160107 7.506467014551163 155.2586107701063 38.2082089856267 9.453000620007515 114.8327719643712 101.4297811985016 187.6758274063468 61.58556112647057 1.616455055773258 1.604426361620426 0.1179330050945282 0.3489394560456276 0 0 0 0.732795424759388 0 0 0.7958815693855286 0 1.352426670491695 0.3280366063117981 0.8850153386592865 1.380207419395447 4.268535971641541 7.344927921891212 1.574993871152401 3.077990584075451 3.570971369743347 0 1.277600780129433 0.1951584070920944 33.42977383732796 1.369526445865631 23.69559130817652 6.896905466914177 3.281510822474957 0 0 0 0 0.9931232631206512 2.207789160311222 0 0 1.282091088593006 0 0.6327722072601318 0.6555060744285583 6.628616139292717 0.5647099614143372 0.5246251598000526 0 0.6305836662650108 0.2960937842726707 1.271247483789921 0.2967206463217735 1.407718129456043 0.5610153824090958 61.40595339983702 1.337481640279293 0.1000592634081841 0.227722704410553 0 0 0 0 0 0.6938895136117935 114.0578475371003 3.683073878288269 0 0 0 35.06091443449259 1.29172594845295 23.24291844666004 0.8920103907585144 1.269283607602119 1.828638762235641 0.7882089018821716 0.7892314940690994 0 0.5706091299653053 0 0 0.204233705997467 0.22642682492733 0.1325535774230957 0 126.5990825071931 25.03168236464262 19.08606605231762 1291.372024729848 16.21373246610165 688.5785279944539 146.2016414701939 654.3246198222041 107.4563289955258 1.466985762119293 104.9759163931012 276.8297527804971 0.1011225134134293 8.161265261471272 1.237103909254074 72.24000582844019 2.239958561956882 3.994552373886108 0.5063591599464417 6.878217801451683 0 460.9364501386881 78.85670014470816
