172.3840798400342 1147.348989479244 131.0038073547184 2001.687539413571 119.4487327039242 112.866986759007 544.8992218598723 1.599992506206036 139.6118524372578 2767.851984508336 82.91775932908058 124.857213281095 593.6402008160949 24.34324696660042 2.988101832568645 0.1820509508252144 0.07946612685918808 0.08429239690303802 0 0 0.092421755194664 0 0 0 0.1164175793528557 0.08551155030727386 0.08718389272689819 0 0 0 770.8794958218932 4.88045009970665 0.3253106474876404 0.1472193524241447 0 0 1.068968087434769 0 0.1089133992791176 0 0 0 0.09818851202726364 0.08704255521297455 0.08205197751522064 0 76.38679661601782 5.568175666034222 0.6175307631492615 0.1873997077345848 0.07633738964796066 0 0 0 2.097502060234547 1.653780065476894 159.6377640403807 1075.858594734222 12.85225499421358 34.42663981020451 0 0.09042879939079285 0 28.50084692984819 5.231265895068645 2.445658400654793 0.6879095435142517 1.083167105913162 0 0 2.010086357593536 0 0 273.6558363363147 53.83713334798813 58.23642636090517 2.413664326071739 0.7116261944174767 0.2613849565386772 0 0.4758996367454529 0.4005382508039474 22.04510696232319 0 3.76827859133482 0.7215477973222733 0.2693768292665482 0 0.3706649169325829 0 0.1951489970088005 0.1067000404000282 0.1468833908438683 0.08149173855781555 0.1540116220712662 14.34692321717739 2.166593737900257 0 0 378.0407830178738 0.5716643407940865 19.1939914226532 21.64388102293015 5.469431519508362 0.8124307692050934 35.86486921459436 34.08883473277092 24.59304277598858 14.40387971699238 36.06236283481121 8.142885215580463 39.9432649537921 23.89472719281912 22.89643310010433 10.80263581871986 0 0.6209608316421509 0 0 0 0 0 0 0 0 0 0 0 0.1803040057420731 0 0 0 0 0 2.377213224768639 0 0 0 0 3.514584235846996 0.3343075811862946 4.159394800662994 1.095636293292046 0 0 0 0 0 0 0 0 0 0.3974853157997131 0 0 0 0.6917022094130516 0.07567254453897476 0 0 0 0 0 5.344290837645531 0 0 4.048772186040878 0.2567552626132965 0 0 0 0 0 0 0 0 1.836481839418411 0 0 0 0 9.158557951450348 2.527081787586212 5.382226623594761 0.8431367576122284 0.2013155817985535 0.2787768095731735 0 0 0 0 0 0 0.1442961841821671 0 0 0 4.573520831763744 0 1.849376551806927 75.17363011091948 4.220303513109684 86.65255973488092 5.707362242043018 514.1099718734622 4.74979205429554 0.1403124332427979 2.623625613749027 5.283103309571743 0.3536871671676636 0.9632832854986191 0.2750619500875473 112.2677693217993 0 0.1125848740339279 1.440274953842163 5.604309387505054 0 291.5414899364114 20.65603034198284
1147.348989479244 3019.879925873131 740.9342765063047 501.197304841131 1857.784483738244 156.3428664430976 1632.165616892278 49.73925441503525 1556.880471676588 1094.930011745542 515.6003487184644 75.8116994574666 808.7586584836245 208.9277383610606 31.34953510761261 3.293480008840561 0.5812644064426422 0.2893331572413445 0.4558255448937416 0.5944555029273033 0.60653056204319 0.1748568713665009 0 0.06289786845445633 0.08239948749542236 0.1602479815483093 0 0.3467201218008995 0 0 2238.657944738865 93.70480801165104 2.279169656336308 0 0 0.2374375760555267 0.9753848314285278 0.2237470522522926 0.3687551841139793 0.2028791457414627 0.7470637708902359 0 0.5825388580560684 0.1343158185482025 0.5623154155910015 0.4671372920274734 334.2132602855563 6.56439645588398 0.8238807171583176 0.583035983145237 0.3378246501088142 0.1676873713731766 0.3094519674777985 0.2466210350394249 2.268939696252346 1.939484640955925 139.2247045896947 964.1855124644935 16.48575886338949 91.36041177809238 0.3629025220870972 0.09365792572498322 0.1765958145260811 254.6000077426434 6.751541718840599 3.87390024960041 1.162090010941029 1.411832712590694 0.8940244987607002 0.1655304282903671 1.846577823162079 0.3932341486215591 0 561.9492406733334 283.7942000404 387.9719911888242 92.02792419493198 12.68335960805416 1.231361173093319 1.563091389834881 0.6492262035608292 0.6747045889496803 35.06441464275122 0.1098436489701271 2.533881075680256 0.9191531911492348 1.110609650611877 0 0.6681134179234505 0 0.3701527118682861 0 1.114511825144291 0.1789973378181458 0 25.13155302405357 0.6453175693750381 0.3737492859363556 0.1729730665683746 333.4132815003395 1.566466227173805 12.87604539841413 6.293258368968964 5.449136771261692 2.808470152318478 17.30489856749773 15.40910650789738 25.61183056980371 18.23263742774725 34.93498362600803 10.42164613306522 30.64282726496458 24.1082598939538 24.20451540499926 14.06364139169455 0.06332923471927643 0 0 0 0 0 0 0 0 0 0 0 0 0.1761268824338913 0 0 0.09813322126865387 0 0 0.9955226629972458 0.6467593163251877 0 1.947464764118195 0 6.763100422918797 0.4760327935218811 10.43617665022612 1.870544239878654 0 0 0 0 0 0.2860437631607056 0.07333987206220627 0 0 0.1893460750579834 0 0 0 0 0.1638726145029068 0 0 0 0.2558953687548637 0.1231731250882149 2.488122545182705 0.4242011904716492 0 5.10189002007246 0 0 0 0 0 0 0 0 0 2.786475896835327 0.2453506886959076 0 0 0 5.756558530032635 0.4582667946815491 4.28994108736515 1.060400433838367 0 0.175571009516716 0 0.3186247870326042 0 0 0.09912409633398056 0 0 0 0 0 7.644143618643284 0.2671471834182739 2.048806637525558 146.4277414530516 4.721084780991077 236.2203167378902 23.19594080001116 302.3760906904936 9.755476929247379 0.08434175699949265 22.61583472043276 5.861285910010338 0 0.5521675795316696 1.202160120010376 35.34354942291975 0 0 0.5377842783927917 12.34084185212851 0.5142393708229065 195.4199816286564 11.16855520009995
131.0038073547184 740.9342765063047 1402.506375104189 15.97467657923698 1857.552954144776 11.42000105232 197.8813073188066 1589.752775631845 1236.184512391686 108.4714533537626 1869.37645817548 35.70257603377104 615.4622446373105 1128.823929786682 28.84694050252438 7.170748293399811 0.4995052218437195 0.4462798088788986 0.4692272320389748 7.038939915597439 43.17341379076242 2.940453328192234 7.90893679857254 6.266377650201321 0.5818424969911575 10.08941882103682 1.883427493274212 4.485349930822849 1.542354486882687 0.7959150150418282 4273.231174357235 720.2510586678982 74.78292077034712 1.601863987743855 2.386768229305744 1.921655252575874 11.60953918099403 9.367379389703274 2.461586907505989 1.035077109932899 32.21892518550158 0.7042951881885529 2.409451492130756 2.343214374035597 1.261616870760918 0.8708270490169525 114.8264649957418 1.920173101127148 1.02720495313406 0.5524705648422241 5.995781652629375 0.1651879400014877 0.511948935687542 1.915073074400425 0.7180803120136261 0.6694188192486763 48.64699837937951 622.4148852154613 7.168853335082531 22.14046887308359 4.218248538672924 2.383135974407196 2.461030170321465 224.9201179072261 2.712562866508961 1.305042557418346 0.4728915244340897 5.357478022575378 5.963941626250744 14.97821553051472 5.673337481915951 0 0 160.3250588513911 80.2002671957016 114.9384569600224 46.83120384812355 19.09018959105015 12.82429154962301 202.9417265504599 5.429047770798206 16.54891574382782 9.848782554268837 0 1.400728367269039 0.3305608332157135 0.8375134021043777 0 0.2350981310009956 0 0 0.2916308045387268 29.80898337066174 9.701910369098186 0.4597128555178642 31.05185110121965 3.415916062891483 0 1.146345317363739 77.35985016077757 1.523214228451252 3.216470539569855 4.416779831051826 1.157722979784012 3.623094618320465 11.26698821783066 8.159238442778587 14.37389729171991 7.420174553990364 7.740963235497475 15.75236198306084 27.31175047904253 24.33745218813419 29.24711833894253 20.53481880575418 0.8914843872189522 0.2706803232431412 0 0 0 0 0 0 0 0.3337320983409882 0.4550848975777626 0 0 0 0 0.1465995013713837 0 0.1707951575517654 0 0.3975125998258591 0.806279681622982 0 0.08422628045082092 0 12.96730420738459 1.915813937783241 20.02108782529831 3.429794572293758 0.6728671789169312 0.211580291390419 0 0 0 0 0.6677905321121216 0 0.1328584402799606 0.7233241051435471 0 0 0 2.252854540944099 0 0 0.08519452065229416 0 0.4322164207696915 0.1761128082871437 0.9001891762018204 0 0.2406451106071472 13.51289276778698 0.3553658798336983 0.09600538015365601 0.1723131388425827 0 0 0.10345109552145 0 0 0 8.757640987634659 0.3041359633207321 0 0 0 16.35111965984106 0.9849950671195984 10.51681073755026 1.025477521121502 2.021694920957088 0.8720706328749657 0.1254171580076218 1.972541533410549 0 0 0 0 0 0.123556561768055 0 0 11.91428615152836 0.7104839831590652 6.910493634641171 90.54920751601458 3.440874963998795 93.28502029925585 20.63389942795038 49.09226392954588 10.71453794836998 0 17.27357313781977 7.234797954559326 0 2.458997242152691 1.537455923855305 14.62205864489079 0.5831450670957565 0 2.320356220006943 5.920940786600113 0.8350314795970917 35.63591075688601 8.102839723229408
2001.687539413571 501.197304841131 15.97467657923698 554.5004606246948 61.24751245230436 421.6392075419426 553.9730927124619 0 36.90443205088377 2433.768290497363 5.054019600152969 224.5586039572954 1006.04425676167 26.25697083026171 3.022176668047905 0.1423207074403763 0 0 0 0 0 0 0 0.1570251882076263 0 0 0 0 0 0 59.98890613764524 1.38040030002594 0.2192051932215691 0.08528218418359756 0 0 0.1484983414411545 0 0 0 0 0 0 0.07103031873703003 0 0 45.09312909841537 1.208335511386395 0.06648484617471695 0 0 0 0 0 0.2860669195652008 0.2018550261855125 32.32182987779379 190.3670607991517 3.262582682073116 16.224255412817 0 0 0 22.26906868070364 1.208333529531956 0.09013286978006363 0.1983006298542023 0.1051437556743622 0.0677047073841095 0 0.2968140095472336 0 0 107.9087828174233 31.03650365024805 38.43930198252201 4.360510475933552 0.6305287331342697 0 0 0 0 6.52122950553894 0 0.2747698649764061 0.2786082029342651 0.1511625945568085 0 0.1647380217909813 0 0 0.1170453950762749 0.2212095111608505 0 0 15.27249231934547 0.550650455057621 0 0.3244319558143616 29.87287363409996 0.150920644402504 10.63395901024342 17.37011800706387 4.843435809016228 4.668579652905464 42.79678110778332 8.545260518789291 35.96164289116859 15.89617519080639 25.08890019357204 7.650428995490074 22.79400555044413 15.0400525778532 20.25120959430933 6.603002920746803 0.1039132997393608 0 0 0 0 0 0 0 0 0 0 0.117456927895546 0.3558885604143143 0 0 0 0.3058337569236755 0 0 0 0.7605742365121841 0 0 0 2.042605839669704 0 2.596960887312889 1.19404087215662 0 0 0 0 0 0 0 0 0.374312549829483 0.3813295066356659 0 0 0 0 0 0 0 0 0.3281622231006622 0.1880063265562057 1.682358264923096 0 0 4.91247832775116 0 0 0 0 0 0 0 0 0 1.171875610947609 0.3940886259078979 0 0 0 2.268124982714653 0 1.980604186654091 0 0 0 0 0 0 0 0 0 0 0 0 0 4.897056102752686 0 0.8889704495668411 27.30124728381634 0.4013802632689476 43.71168912947178 5.930826596915722 230.3184532523155 1.137310720980167 0 4.830739192664623 3.217298626899719 0 0.7798256874084473 0 38.50051467120647 0 0 0.6632952690124512 0.8141019940376282 0.2330045998096466 162.5659063905478 6.103699326515198
119.4487327039242 1857.784483738244 1857.552954144776 61.24751245230436 662.1088606789708 13.36260052770376 1859.190197408199 164.0969097092748 2309.458776764572 396.5532016158104 620.0109733939171 22.91421132534742 757.4052073210478 282.0714378729463 22.61554428189993 3.04426109790802 0.1257988065481186 0 0.4081161245703697 0.4401173070073128 0.119065910577774 0 0.1196887642145157 0 0 0 0.09623441845178604 0.211823433637619 0 0.1223005354404449 373.9799864068627 65.63409389555454 0.4897748753428459 0.201033279299736 0.07547181099653244 0 0.1485293507575989 0.09667863696813583 0.2163932397961617 0 0.5633538737893105 0.1343013197183609 0.3802763670682907 0.1121943444013596 0.3152270168066025 0 123.1614255309105 1.119709998369217 0.1505509167909622 0.4654663056135178 0.3776456788182259 0 0.1140432804822922 0 0.4203910753130913 0.9981324225664139 24.25637195259333 160.9041712284088 5.582299299538136 22.8240742534399 0.688997358083725 0 0 75.21428545564413 1.316449824720621 0.7555414810776711 0.299295037984848 0.3271080926060677 0.8231833800673485 0.3357012793421745 0.110019825398922 0.1961833983659744 0 131.729411188513 84.07677882909775 139.8554537296295 42.63379302620888 6.489026837050915 1.460030689835548 0.9239944517612457 0.3197111710906029 0.6512951701879501 7.740020155906677 0 1.242243014276028 0 0.1084130853414536 0 0 0 0 0 0.4202987179160118 0.1973339393734932 0 7.911282606422901 0.4533080756664276 0.3532126247882843 0.3571267426013947 18.99786870926619 0.4843551367521286 3.081231005489826 0.9521319717168808 0.8638812527060509 1.323357656598091 6.171945050358772 2.655025713145733 8.315719105303288 10.48032108694315 6.430568411946297 5.733808092772961 13.58495983481407 16.64279380440712 12.74066521972418 7.674018517136574 0.4381406381726265 0 0 0 0 0 0 0 0 0 0 0 0 0.1733720153570175 0 0 0 0 0 0.4594291225075722 0.3800193518400192 0 0 0 6.833735354244709 0.30879245698452 8.710913993418217 1.198758438229561 0 0 0 0 0 0 0 0 0 0.1097693964838982 0 0 0 0.06709738820791245 0 0 0 0.1576196402311325 0.4921919479966164 0.4087124764919281 0.2547382488846779 0 0.7616903185844421 5.801183626055717 0.1309925019741058 0 0 0 0 0 0 0 0 1.959572017192841 0.2160411328077316 0 0 0 4.771771997213364 0 3.638941064476967 0.8871760964393616 0.08583367615938187 0 0 0.2857569456100464 0 0 0 0 0 0 0 0 3.272187486290932 0 2.46449289470911 64.40840373188257 3.069947332143784 81.02508332580328 7.116866759955883 40.97482401132584 4.595519341528416 0.09850175678730011 14.08770105987787 1.166036665439606 0.1063141822814941 1.029745534062386 0.2573956623673439 5.793209373950958 0.5499584078788757 0 0.545076847076416 5.426381051540375 0.7721445560455322 20.37122463434935 3.47153627872467
112.866986759007 156.3428664430976 11.42000105232 421.6392075419426 13.36260052770376 8.112359777092934 82.63125900924206 3.407140530645847 10.51781122386456 916.3751542270184 11.74486543238163 356.1704291403294 269.9957892820239 43.31587766110897 5.272561132907867 5.701632112264633 0.248044528067112 0 0 0 0 1.411861076951027 0 0 0 0.1214296668767929 0 0.09306111931800842 0 0 40.06969989836216 2.004454232752323 30.91236404329538 0 0 0.2535730004310608 27.45013514906168 0.1993728429079056 0.923174649477005 0 0.1959449648857117 0 0 0.4838250204920769 0 0 11.22901353240013 0 0.473359152674675 0 0 4.632666245102882 0.971740186214447 0.2923596203327179 0 0.3425537645816803 101.1541075855494 35.28455694019794 2.340803235769272 0.512377105653286 0 0.6866124123334885 0 2.379678547382355 0.1359677612781525 0 0 0 0 0 88.29001478850842 82.00597360730171 1.419793471693993 6.284644454717636 2.03166077286005 4.077068641781807 2.1413484364748 2.072988674044609 0.1177000775933266 2.566551893949509 0.1407334059476852 0.409004420042038 0.6298768073320389 0.5462498962879181 0 0.5483768284320831 0 0.7763020023703575 3.869200900197029 6.106626786291599 2.71987672150135 7.641592785716057 0.1215670481324196 0.8479894697666168 1.762301832437515 243.9827079474926 48.9161249101162 7.170801877975464 18.04488256573677 274.1645612120628 0.1255170851945877 4.275437280535698 3.646278962492943 2.766287550330162 0.6450978219509125 3.992140904068947 5.442592322826385 5.926853582262993 3.126059286296368 6.168234631419182 3.130157291889191 4.775609955191612 4.328665748238564 9.762357659637928 1.161819651722908 1.447342574596405 0 0 0 0 0 0 0 0 0 0 0 0.09584391862154007 0 0 0 0 0 0 0 0 0 0 0.6698319092392921 0.5629893243312836 2.097734846174717 1.558270134031773 1.350923523306847 0.1022923812270164 0 0 0 0 0 0 0 0 0.6773489415645599 0 0 0 1.748985059559345 0 0 0 0 0 0.5361116528511047 0.7425665855407715 0.1566224694252014 0 0.141623318195343 0 0 0.07623500376939774 0 0 0 0 0 0 0.5860115438699722 2.086230397224426 0 0 0 1.922863990068436 1.647246211767197 1.845754683017731 0.1041748970746994 0 0 0 0.2878226339817047 0.3051198422908783 0 0 0 0.3414108753204346 0 0.1415791511535645 0 0.7720425724983215 0.6095845550298691 2.878220602869987 18.92894066870213 0 7.188825272023678 4.319942697882652 156.1896663308144 4.38371667265892 0 2.664638951420784 3.718699149787426 0 0.1377395838499069 0.346727043390274 23.66149133443832 0.4767528474330902 0 0.1962904781103134 1.187796279788017 0 267.696237206459 2.604018233716488
544.8992218598723 1632.165616892278 197.8813073188066 553.9730927124619 1859.190197408199 82.63125900924206 590.7084872052073 133.108339779079 1857.991155162454 1750.81220446527 882.5697570666671 117.0498773828149 2483.527395866811 969.9438114091754 30.80885636806488 4.394707128405571 0.2066778019070625 0 0.08671440929174423 0.7614746019244194 1.544280886650085 0.1482288390398026 0.09254071116447449 0 0.5573651790618896 0 0 0 0.1164548769593239 0 62.45955669134855 23.29892111569643 0.5771436169743538 0.1003629341721535 0.2178454473614693 0.149570643901825 1.301841713488102 0.1156586036086082 0.1575193256139755 0 0.8224423304200172 0 0.2667889818549156 0.334621362388134 0.2997681349515915 0.1005634516477585 153.6729319617152 0.6905890703201294 0 0.2714605405926704 0.2897223234176636 0 0.2700804173946381 0.304010272026062 0.5316535383462906 0.2413800731301308 23.67800652235746 120.783597573638 4.66901008784771 28.77764221280813 0.5939257442951202 0.1173332184553146 0 67.0895788371563 0.993978276848793 1.123787954449654 0.2876661345362663 0.6377209573984146 0.7853501439094543 0.7714664861559868 2.283885665237904 0.1224138140678406 0 146.0183556452394 75.96176512539387 159.6825349703431 45.30451889336109 9.782763846218586 0.9340526983141899 0.1719961315393448 0.4627056196331978 0.5246655195951462 6.178643882274628 0 0.9177684411406517 0.1554932296276093 0.4086253941059113 0 0 0 0 0 1.733240649104118 0.2573562934994698 0 68.94985684752464 1.506865493953228 0 0.3734458386898041 23.1394274532795 3.884330220520496 20.35379777848721 32.63776929676533 78.15744732320309 8.271458812057972 51.97651486843824 30.09101475030184 77.40264131873846 92.18832349032164 64.4338920712471 17.53078192472458 117.4169369265437 128.6188065707684 76.87029514461756 25.41095128655434 1.172977119684219 0.4287618547677994 0 0 0 0 0 0 0 0 0 0 0.8804189562797546 0 0 0 0 0 0 3.431398376822472 1.902684286236763 0 0.3238885700702667 0.8515462800860405 18.5053386464715 2.7249656021595 21.54284363985062 2.660292714834213 0.4848472476005554 0.1533569097518921 0 0 0.1210812330245972 0.1692109107971191 0 0 1.69367203861475 2.528031341731548 0 0.127541795372963 0.1173548400402069 1.782634608447552 0.2045538946986198 0 0.3209465518593788 0 2.220164589583874 1.993276581168175 1.099453255534172 2.722721695899963 0.409584641456604 21.54334736615419 1.096773818135262 0 0.1042847409844398 0 0 0 0 0 0 9.320252008736134 0.135369747877121 0 0 0 16.26662970334291 0.959379568696022 14.89478626847267 2.323748737573624 2.638058088719845 2.201281115412712 0 0.4183481186628342 0 0 0 0 0.1647472456097603 0 0 0 15.79401279240847 0.1427212059497833 4.64297216385603 101.5116618201137 3.850730389356613 106.497837908566 15.91325373202562 111.3530317470431 6.619287550449371 1.274672150611877 16.10489396005869 10.55339190363884 0 5.56495788693428 0.8487515598535538 53.33923403173685 0.8145660758018494 0 1.068809866905212 8.819464057683945 2.44093269109726 150.7048694342375 16.51614793390036
1.599992506206036 49.73925441503525 1589.752775631845 0 164.0969097092748 3.407140530645847 133.108339779079 863.4128306508064 296.9980298057199 9.517097100615501 2996.727428652346 24.47793722897768 681.705505669117 2254.050684019923 28.95118193328381 9.964462623000145 1.739591851830482 5.826598204672337 4.453197360038757 49.67220258712769 190.1184770092368 3.077509567141533 44.85620754212141 33.78021106868982 1.70978219807148 31.11002870649099 8.326262839138508 12.09694685786963 2.489626571536064 3.177454993128777 648.43698477 1324.923098959029 229.9721773713827 25.02268322557211 21.29617876559496 8.54834058880806 21.34440829604864 29.40473853796721 5.609518550336361 2.258751533925533 95.2824519649148 1.423997886478901 20.09912966936827 29.96224541962147 26.80928068608046 15.44281768798828 59.32865370064974 0.2353062629699707 1.516889363527298 9.500782735645771 17.30603291094303 0.8021770045161247 2.138778753578663 3.923051111400127 0.08839180320501328 0.1100568845868111 7.642809048295021 103.9018257036805 1.572849377989769 5.985096573829651 87.96479218453169 30.22145371884108 37.83450638502836 253.7066118046641 0.4352966994047165 1.76459252089262 1.464510813355446 22.63795234262943 40.36614613980055 67.02980172634125 10.29989139735699 0.7617781162261963 0 39.80597098916769 43.31269337236881 78.55027381330729 59.94799723476171 374.1576687991619 1472.393254809082 1890.929423443973 114.7550361305475 500.7267447561026 1.695158958435059 0 0.6316670179367065 0.1638506948947906 3.149443484842777 0 0.1163053065538406 0.3766434490680695 0.5888227596879005 0.2553428411483765 108.9217312112451 20.17498595267534 0.9452745094895363 19.19951319694519 4.015678659081459 0.1273049563169479 2.572070226073265 2.899115890264511 0.1163740679621696 0.6332912221550941 1.138241231441498 0.9008233994245529 1.293354786932468 2.5388577952981 4.346577785909176 4.638798035681248 1.58498626947403 3.390236407518387 5.179426059126854 8.270184390246868 9.335254803299904 7.806001432240009 6.539436690509319 0.5288847759366035 0 0 0 0 0 0 0 0 0 0.1543905138969421 0.1067866683006287 0 0.2426037043333054 0.09917301684617996 0 0 0.1413158029317856 0 0.1344060152769089 0.5745192244648933 0 0 0 7.396850854158401 0.4593900740146637 7.835412912070751 0.4346206113696098 0.1082862615585327 0 0.1299861520528793 0.1242256164550781 0.1075488179922104 0 0 0 0 0.09652469307184219 0 0 0.1694934815168381 0 0.6122257634997368 0 0 0 0.3657598942518234 0 0 0 0.0788683295249939 4.729731515049934 0.7333209961652756 0 0 0 0 0 0 0.2457339018583298 0.10966956615448 3.196798793971539 0.2816720753908157 0 0 0.2397032156586647 6.729285351932049 0.1188234016299248 1.259924933314323 0 0.1331834048032761 0.4915131479501724 0.08726572245359421 0 0 0 0 0 0 0 0.3250944018363953 0.2680456340312958 2.700094677507877 0 3.80842499434948 58.51885148882866 7.18739078938961 39.36916879564524 16.80266713351011 12.36517848074436 5.362395949661732 0.4128155410289764 8.560980506241322 1.232417233288288 0.140512689948082 2.296865463256836 0.9149923920631409 8.914802618324757 0 0 0 2.005098849534988 0.5517682880163193 8.250088013708591 3.559551931917667
139.6118524372578 1556.880471676588 1236.184512391686 36.90443205088377 2309.458776764572 10.51781122386456 1857.991155162454 296.9980298057199 1336.582880727947 324.6780700683594 2367.955711625516 56.95073956996202 2878.942008510232 943.2984804883599 15.34754280745983 1.615758836269379 0.2610946446657181 0.08107709139585495 0.6302253976464272 0.2959695756435394 1.182254739105701 0.1406799852848053 0.1153056100010872 0 0 0.5130184441804886 0.7335665002465248 0 0 0 442.5034920349717 60.44935141503811 1.813653230667114 0.07655639946460724 0 0.08489330857992172 0.4183770567178726 0.09220732003450394 0 0 0.3401193544268608 0 0 0.9074348956346512 0.4881337434053421 0 78.43841987103224 1.45307582616806 0.5616437792778015 0.279159389436245 0.5562423020601273 0 0 0.08142682909965515 0.6995237618684769 0.215064063668251 21.58116529881954 155.6820542402565 2.953543141484261 16.43564909696579 0.5267001017928123 0.214787483215332 0.0813988670706749 58.79791477322578 1.398999653756618 0.4650651142001152 0.08209686726331711 0.2858052775263786 0.4468245282769203 0.346451923251152 0.6919410675764084 0.08971716463565826 0 93.59828079119325 59.62862931191921 91.24016646295786 37.65327450633049 5.507950186729431 1.737257890403271 0.978910394012928 0.5962943136692047 0.1716650277376175 5.779154807329178 0 1.22362020611763 0.08507094532251358 0.2958374619483948 0 0.1628707945346832 0 0 0 1.237572759389877 0 0 8.1285035982728 0 0 0 24.51586377620697 0 2.654380910098553 2.011261776089668 2.287544757127762 2.955287650227547 7.131900973618031 4.737129181623459 7.140634603798389 9.756124593317509 10.02098175883293 5.091631390154362 18.72548624873161 15.84686347842216 15.75566127151251 9.644529342651367 0.248492494225502 0.1312025189399719 0 0 0 0 0 0 0 0 0.1798566579818726 0 0 0 0 0 0 0 0 0.6214446574449539 0.4595975577831268 0 0 0 4.397155478596687 1.833900943398476 6.878993131220341 1.397264793515205 1.154462888836861 0 0 0 0 0 0 0 0.6436317563056946 0.5994650050997734 0 0 0 0 0 0.1116682663559914 0 0 0.4625521078705788 0.5092212855815887 1.057053223252296 0 0 6.297842547297478 0 0 0 0 0 0 0 0 0 2.555210635066032 0 0 0 0 4.719103284180164 0.9585129469633102 3.464733093976974 0.3023461773991585 0.2075309529900551 0.1916392743587494 0 0.8332552090287209 0 0 0 0 0 0 0 0 6.699528373777866 0.1199563071131706 1.889447472989559 44.55200225114822 3.148079797625542 58.15007241070271 5.566568687558174 33.4495907202363 2.89881357550621 0 6.862287312746048 2.314325660467148 0.2676415890455246 0.9100548923015594 0.1829748004674911 7.881796397268772 0 0 0 4.370350435376167 0.7551989555358887 27.57530098408461 2.655611447989941
2767.851984508336 1094.930011745542 108.4714533537626 2433.768290497363 396.5532016158104 916.3751542270184 1750.81220446527 9.517097100615501 324.6780700683594 2119.991771750152 89.07934648543596 1988.273907274008 5782.776121556759 287.9749467670918 22.43503974378109 3.488960899412632 0.5335500240325928 0 0 0.4503175318241119 0.7983751371502876 0.6102064549922943 0 0.2683094069361687 0 0.587288573384285 0.3431346118450165 0.2527993023395538 0.3621796816587448 0 37.15580590814352 5.886269859969616 11.3886456489563 0 0 0 8.673851110041142 0.5830328091979027 0.9944571629166603 0 0.5583414286375046 0 0.1018702536821365 1.250286318361759 0.2292479649186134 0 150.413392059505 1.123508550226688 0.1914665848016739 0.09655493497848511 0.1893095374107361 0 0 0.1256754249334335 0.8326578661799431 4.447845295071602 33.36751215159893 152.2340458109975 4.801719486713409 22.79486657679081 0.31298828125 0 0 39.77898333966732 0.7773278653621674 0.2758465707302094 0.08553820103406906 0.2302038371562958 0.4152810350060463 0.2166818305850029 17.41508812457323 2.890422068536282 0.1270080059766769 130.0844619274139 52.34278601408005 96.05921000242233 26.65444624423981 4.546925894916058 0.5437318682670593 0.3895813524723053 0.4068963453173637 0.2122722044587135 6.486253254115582 0.2626795172691345 0.6780587658286095 0.1803071573376656 0.4878195226192474 0 0.1123942360281944 0 0 0.7638726085424423 0.9533458575606346 0.2757613360881805 0.155005469918251 223.5145309865475 149.3923406153917 1.481428891420364 0.9857936352491379 275.1971994638443 3.594594225287437 44.7818555906415 37.99985051900148 22.05991820245981 20.79244642704725 85.89003446698189 62.90075907856226 118.4383273944259 96.25805039703846 120.9032153040171 39.37897872179747 209.210627168417 167.4856906682253 130.9751402959228 45.24200624972582 0.2444145679473877 0.1119046807289124 0 0 0 0 0 0 0 0 0 0 0.8588347584009171 0 0 0 0 0.2295508235692978 0 4.116683773696423 6.915710538625717 0 0.2233953177928925 0.1115986332297325 19.31299809366465 2.305922836065292 35.29287368059158 4.015343189239502 0.5448740646243095 0 0 0 0 0.9327312111854553 0.2716797590255737 0 0.3879934847354889 3.772824622690678 0 0 0 3.279357306659222 0.2726557850837708 0 0.3529851138591766 0 0.8720850721001625 1.319841168820858 8.604467824101448 2.286793857812881 0.8326153755187988 28.434560328722 0.7940453588962555 0 0 0 0 0 0 0 0 13.61950976401567 0 0 0 0 41.5199266821146 0 21.06380380690098 4.103211581707001 0 1.80777483433485 0 1.143996044993401 0 0 0 0 0 0 0 0 24.80828054994345 0.870337188243866 9.257515713572502 175.8395773842931 4.247709028422832 136.9534300491214 29.39528322964907 518.4614693522453 23.56125628948212 0 42.87002716213465 12.81786654889584 0.1019612401723862 5.347680404782295 0.7831489741802216 148.4028599485755 1.181062787771225 0 3.23470675945282 20.63150741159916 2.855283454060555 643.7206564471126 39.18355713039637
82.91775932908058 515.6003487184644 1869.37645817548 5.054019600152969 620.0109733939171 11.74486543238163 882.5697570666671 2996.727428652346 2367.955711625516 89.07934648543596 898.2683279067278 314.1522711589932 3013.900341704488 3968.517476506531 41.48685196787119 17.652567692101 0.9631116166710854 1.256298363208771 1.0617291405797 9.243762336671352 88.02270121872425 7.874500304460526 11.83712004125118 13.52476790547371 0.9802587777376175 32.4363856241107 11.98746141791344 7.470183230936527 8.089305967092514 3.284831516444683 727.3221648260951 374.001950763166 237.366426281631 2.164926566183567 2.705136865377426 2.976375952363014 71.79870892316103 31.90217757970095 10.5747460052371 5.136124528944492 60.28033921122551 0.7057934403419495 2.894526369869709 8.206744432449341 2.512223154306412 0.1113341003656387 94.19987235963345 0.9024370759725571 1.57278073579073 1.870509289205074 9.989103779196739 0.4429429918527603 1.176708355545998 6.290636613965034 0.2128770351409912 0.1572305038571358 14.27893190830946 107.2003999426961 1.948861293494701 12.26717834174633 4.452451340854168 11.65764892101288 1.514513269066811 65.7778779566288 0.6086918115615845 0.3616944849491119 1.421268373727798 9.263993546366692 9.219369791448116 17.93673584610224 34.17701371759176 1.523519098758698 0 66.82193918526173 46.52039436250925 103.1585920974612 54.14417069405317 38.27614635229111 333.5166914463043 267.0482507422566 9.266344137489796 92.14790461212397 3.509967006742954 0 0.5816332325339317 0.06908755004405975 1.56146752089262 0 0.07849408686161041 0.62657530605793 0.08123451471328735 0.5504500493407249 52.39639130234718 16.39378662407398 0.0885574147105217 56.72496280819178 8.786924675107002 0 3.395877696573734 25.56129571795464 0.4832871407270432 3.884691968560219 2.326135709881783 0.7093153670430183 2.161089241504669 5.954110808670521 4.394943669438362 6.940883249044418 4.163824073970318 9.861685790121555 8.73097337782383 19.2496107891202 20.73658373951912 20.46684572845697 21.09363540261984 2.023312993347645 0.3148547857999802 0 0.1443796455860138 0 0 0 0.1031880155205727 0 0.4130357801914215 0 0 0 0.1072208732366562 0 0.6453978419303894 0.1482932716608047 0.5926172584295273 0 0.6341969072818756 0.8812454640865326 0 0 0 17.51333386451006 0.5191533640027046 13.48839969933033 2.163588300347328 0 0.6863380372524261 0 0 0.09431816637516022 0.4211280196905136 0.3336845636367798 0 0.28681830316782 1.358821325004101 0 0 0 0.6360698491334915 0.2804684937000275 0 0.1494174897670746 0 0.688716933131218 0.5850552916526794 0.1016968861222267 0.2494735345244408 0 12.12891944497824 0.8563225269317627 0.09814327210187912 0 0 0 0.2476185783743858 0 0.4875764548778534 0 9.964912414550781 0.4517317116260529 0 0.2095371633768082 0.1404693573713303 12.45933353900909 2.331905037164688 7.107139691710472 0.3525141254067421 0.8545115813612938 1.457180932164192 0.2062116786837578 1.186879642307758 0 0 0 0 0.06962203234434128 0 0.1293937116861343 0 9.6552699431777 0.3429914191365242 6.50837530195713 103.7302832379937 6.450342006981373 69.20703499764204 20.59073035418987 32.15223317593336 8.206384234130383 0 19.95159216970205 3.372710607945919 0 1.123626686632633 0.8972750604152679 9.206913091242313 0 0 0.9827531054615974 10.18320305645466 1.183038741350174 22.89453472942114 7.403411522507668
124.857213281095 75.8116994574666 35.70257603377104 224.5586039572954 22.91421132534742 356.1704291403294 117.0498773828149 24.47793722897768 56.95073956996202 1988.273907274008 314.1522711589932 29.77996629476547 987.655100479722 393.7281565517187 82.54822797328234 43.58240824192762 2.982494510710239 1.247023217380047 0.1019221469759941 2.681911163032055 27.7373845949769 8.140528626739979 0.9031104221940041 4.603183902800083 0.7931331470608711 17.97557999193668 7.219056777656078 6.891210794448853 9.106844432651997 2.83384708315134 10.05466461181641 6.113570436835289 72.91713713854551 0.3338265642523766 0.5549402013421059 1.341584585607052 69.80321932584047 16.34924028068781 13.60171923786402 2.01531557738781 25.64611189812422 1.380102306604385 1.403966687619686 14.3584418669343 0.8642924427986145 1.115963697433472 106.5304083824158 0.8018195480108261 2.143459752202034 0.2865538597106934 3.450973130762577 0.2935532405972481 2.045061469078064 7.451058469712734 0.3389771580696106 0.1079889684915543 7.689306639134884 20.32421526312828 1.362149886786938 6.734762504696846 1.113799713551998 15.55618811398745 0.232210785150528 25.37465969473124 0.1651126891374588 0.2824562340974808 0.3897824957966805 1.948971711099148 2.606619328260422 4.820575557649136 68.97091648727655 1.718185812234879 0 32.95405994355679 23.4761489033699 87.93985449522734 60.03718994557858 39.73005432635546 0.6948223635554314 19.42847909033298 3.375160224735737 12.79655402898788 2.46434323489666 0 0.08632136881351471 0.09021876752376556 0.398632749915123 0 0.2650021761655807 0 0.4453074038028717 0.4586189463734627 15.21778133511543 7.704033739864826 1.419744104146957 1804.064285807312 99.40676609426737 0.1072018519043922 21.53941898792982 122.2798931747675 4.091253027319908 23.36912021785975 17.25763214379549 8.738192319869995 17.52364461123943 70.62220399081707 61.20838210731745 104.4792958498001 59.43073633313179 96.45278008282185 54.88082667440176 182.6029061824083 178.6662073731422 188.32099352777 87.61480245739222 4.768507786095142 0.7469445317983627 0 0.09685295075178146 0 0 0.2259595394134521 0 0 0 0 0 0.3405266180634499 0.3025718182325363 1.270633906126022 0.2213425934314728 0.2145256623625755 0.1345007866621017 0.09321796894073486 5.090286888182163 3.951112501323223 0 0 0 58.03629250079393 1.810359545052052 55.05759214609861 8.116217575967312 0.3738368451595306 0.3099512606859207 0.3994529843330383 0 0 0.7939150780439377 0.9029795303940773 0 1.079990647733212 4.631993755698204 0 0 0.2422626838088036 3.110298484563828 0.2027293741703033 0.22457654774189 0.5713723599910736 0.1906422525644302 3.317965470254421 3.823169648647308 6.213824398815632 0.9010413289070129 1.980153858661652 44.15627865493298 0.8888362944126129 0.1209391057491302 0.2023444026708603 0 0 0 0 0 0 40.03033196926117 1.95114491134882 0 0.2178585082292557 0.5026146098971367 52.58022756874561 2.621557086706161 27.40710493177176 3.081265076994896 2.776593424379826 5.7901611328125 0.4333890900015831 2.725926399230957 0 0 0.1210140958428383 0.2772201597690582 0 0 0.1038836091756821 0.3502576649188995 67.88756489753723 3.069892004132271 22.25467482209206 235.9644384905696 4.89906470477581 75.44434145838022 42.58665791153908 278.0868074893951 7.730022385716438 3.258243918418884 52.92682173103094 17.58102779835463 1.012222982943058 15.47990839183331 2.657724738121033 82.06003034859896 1.466526716947556 0 3.875586248934269 18.47475379705429 2.698215156793594 547.6150491386652 67.71853898465633
593.6402008160949 808.7586584836245 615.4622446373105 1006.04425676167 757.4052073210478 269.9957892820239 2483.527395866811 681.705505669117 2878.942008510232 5782.776121556759 3013.900341704488 987.655100479722 2993.949238330126 6151.153546266258 179.3839973807335 65.55400095880032 3.99243700504303 4.107757076621056 1.949160695075989 9.078935503959656 71.69754471629858 16.84337405860424 4.622526116669178 10.55828700959682 0.5746509730815887 36.08666347712278 13.18123453855515 11.98540456593037 14.32191459089518 4.098597876727581 57.64661909639835 43.20879721641541 828.6192682236433 2.192461915314198 2.549807921051979 2.680401965975761 497.319757848978 55.30517684668303 27.25800462067127 6.720238208770752 66.42676223069429 4.151869975030422 4.032556004822254 22.31433149427176 3.041665643453598 2.455269031226635 323.3523028045893 2.71782923489809 2.390734970569611 2.374004647135735 11.01277551800013 0.5705468356609344 2.627153359353542 14.35881402343512 0.2842521518468857 1.285371318459511 23.78044355660677 103.0834439098835 4.322402767837048 31.43125039339066 5.841727674007416 38.64547688513994 1.06307428330183 104.8978596255183 2.024334825575352 1.166450850665569 1.229387879371643 8.104406110942364 10.38093968480825 21.90484526008368 165.5209660604596 1.008915841579437 0.1160275712609291 142.6999039128423 99.13148555904627 320.5636867284775 168.4534299597144 86.40801247209311 11.83544579893351 150.033142067492 12.88001309335232 32.10190274566412 5.53508622199297 0 1.678234212100506 0.1824503615498543 1.673829294741154 0 0.1020854115486145 0.1218689754605293 0.6464481204748154 0.4436780214309692 51.54612410068512 25.75145640969276 3.677436009049416 1128.097434051335 47.50666546821594 0.3250638991594315 13.8456412255764 87.30908374488354 8.79882076382637 39.63341170549393 36.91279952228069 17.16930469870567 31.52061928063631 138.0616827458143 81.52707073092461 162.6974815130234 113.9586346149445 161.5482386872172 94.21941266208887 298.4265586212277 282.6113507822156 309.7418986409903 156.138988122344 6.448527127504349 1.545878455042839 0 0.2455343976616859 0 0 0 0.1316774040460587 0 0.1047237366437912 0.345255970954895 0 2.174755863845348 0.1109758168458939 0.6123892292380333 0.2503989040851593 0.9596601128578186 0.2099224925041199 0 12.70139084011316 10.71503034979105 0 0.2173554003238678 0 108.3384895995259 6.362428955733776 105.9006022140384 13.03772359341383 0.3964599743485451 0.3371699154376984 0 0 0.3113160356879234 2.232961155474186 2.775404311716557 0 5.238494999706745 11.87469992041588 0.2254625931382179 0 0.1402533054351807 4.113052114844322 1.071793794631958 0.2527570873498917 1.14300599694252 0.1188477650284767 3.676386788487434 4.588442839682102 8.814634442329407 2.341207787394524 2.519030183553696 86.36023258417845 2.518090106546879 0.2792449295520782 0.2042606249451637 0 0 0 0 0.2665267959237099 0 76.96508049964905 3.534345299005508 0 0.1027278378605843 0.4351688548922539 82.62715689092875 7.290121369063854 61.01386138796806 5.889069475233555 5.837207891047001 9.694184795022011 0.705070823431015 3.916391000151634 0.1834102272987366 0 0.08803322166204453 0.3580023795366287 0 0 0.3889577090740204 0 101.5103698298335 4.801757924258709 46.56571750342846 423.9140256419778 17.38286262750626 236.0157614648342 92.63558752834797 279.2163793444633 20.88961990922689 1.65036977827549 88.35379853099585 25.86442982405424 1.015577889978886 16.75343886017799 6.080068700015545 136.0315752029419 3.025769703090191 0 7.333205446600914 45.34703675657511 5.909542515873909 585.5071131885052 93.10621730238199
