223.1130753457546 1359.175107881427 274.304263740778 1599.902487307787 17.25329254567623 19.12889164686203 233.1444575414062 68.76135515421629 7.706315912306309 1374.008022554219 209.6348279193044 18.42029020190239 24.84517895430326 75.88649674504995 0.3629348501563072 0 0.1693894043564796 0 0 0.07644972950220108 0.06840971112251282 0.1410406082868576 0.07429524511098862 0 0 0 0 0.1965131238102913 0 0 236.8788635060191 2.237662933766842 33.51432447135448 0 0 0 0.3457357585430145 0 0.1635843068361282 0 0.2715862393379211 0.2027061730623245 0 0.08826210349798203 0 0 10.67246121168137 4.38745478540659 0.6290047988295555 0.07594963163137436 0.6284761056303978 0 0 0 5.644666314125061 5.929917179048061 223.4062848985195 504.7209814786911 97.741400398314 14.23327080160379 0.07968685775995255 0 0 1.001962929964066 4.834707476198673 2.250522524118423 1.053240180015564 1.23727036267519 0.8272829875349998 0.1655517593026161 3.756733372807503 2.614590033888817 0 194.2803582400084 5.790307737886906 4.632603317499161 0.8796954751014709 0.2644091323018074 0.07205308973789215 26.08696409314871 0.2409526407718658 0.2044631168246269 11.86754028499126 0.1877619400620461 2.08334781229496 2.851378068327904 0.5206123813986778 0.08672256022691727 1.186010278761387 0 1.060942091047764 0 0.07779130339622498 0.7090014964342117 0.1760918274521828 198.6738537549973 12.10120542347431 0 0 901.9437723234296 0 0.7870846390724182 0.233940526843071 0.296190619468689 0 0.4905749261379242 0 0.1492888927459717 0.8583276867866516 0.4073930978775024 0 0 2.829995736479759 0.4699939489364624 0.8889262676239014 0 0 0 0 0 0 0 0 0 0 0 0 0 0 0 0 0 0 0 0 0 0 0 0 0 0.08346162736415863 0.8199193477630615 1.379247903823853 0 0 0 0 0 0 0 0 0 0 0 0 0 0 0 0 0 0 0 0 0 0 0 0.2153899669647217 0 0 0 0 0 0 0 0 0 0 0 0 0 0 0 0 0 0 0 0 0 0 0.08029258251190186 0 0 0 0.1719274893403053 0 0.08945444971323013 0 0 0 0.6043338179588318 145.0581585541368 3.448981262743473 63.80298274755478 4.757626660168171 1324.169592879713 18.29173773527145 0.6420136541128159 0.1004426553845406 5.933484099805355 0.08169520646333694 0 0 20.6280819773674 0 0 0 0 0.4486201703548431 221.8988509476185 0.4071801006793976
1359.175107881427 3854.755712896585 2494.868504539132 1517.738236688077 1134.369096323848 9.155227556824684 2183.911230228841 381.5320546776056 1121.983912318945 2216.735790453851 1328.214699357748 205.5531677156687 1041.593601636589 1834.20686698705 10.76118191331625 0.3175536468625069 0.9656133502721786 0.5171370357275009 0 0.4900008216500282 0 0 0.2653497979044914 0.0983235239982605 0.7664821520447731 0.08800335973501205 0.4268522560596466 0.2143453657627106 0.4146087616682053 0 1071.154746130109 29.84705850481987 42.12475477159023 0.1330616921186447 0.1815780773758888 0.1441852822899818 5.492684282362461 0.1070197224617004 0 0 0.2090234458446503 1.316243454813957 0.2712656706571579 0.2851696684956551 0 0 194.3662085235119 25.08990685641766 4.335725285112858 0.1544833779335022 7.828634455800056 0 0.09210018068552017 0.1754501834511757 28.71579387784004 29.02891950309277 154.4028478562832 498.3699727654457 209.6329508796334 66.49561240524054 0.1184071823954582 0.2350565120577812 0 9.785675831139088 25.07639212161303 13.31395249813795 5.309641450643539 7.971188999712467 1.937997497618198 0.3497087806463242 3.055092066526413 0 0 482.0376107469201 83.09728615731001 56.42703051865101 17.12582071870565 0.4328517690300941 0.4156371653079987 35.64741235226393 0.2835021838545799 0.6001678556203842 74.54647845029831 0.8514774367213249 9.901873029768467 14.2569960244 2.818379811942577 0.610010102391243 4.120182804763317 0.5735945105552673 5.047943435609341 2.096464842557907 1.472362644970417 4.859478436410427 0.7731301262974739 8.43765515089035 0.5168189853429794 0 0.2141552641987801 884.0632981136441 0 0 0 0.8132739365100861 0 0.712895393371582 0 0 16.44331559538841 1.155687808990479 0 0.3298268392682076 3.176435001194477 0.3328348621726036 0.2086736783385277 0.09743089228868484 0 0 0.1501436084508896 0 0 0 0 0 0 0 0 0 0 0 0 0.3713510632514954 0 0 0.09109073132276535 0.5966907888650894 0.650984525680542 0 0 0.390370674431324 0 0.9450142383575439 0 0 0 0 0 0 0 0 0 0 0 0 0 0 0 0 0 0 0 0.1041974723339081 0.09545373916625977 0 0 0 1.542188137769699 0 0 0 0.08132732659578323 0 0.09838415682315826 0.179044745862484 0 0 0.5222225934267044 0 0 0.1825679838657379 0.1240958645939827 0.1082201153039932 0 0.3959791958332062 0 0 0 0 0.4894780516624451 0 0.2741876468062401 0.09596379101276398 0.09726419299840927 0.4405079036951065 0.2694081887602806 0 0 0.9985879510641098 0.1578932553529739 0.3326046168804169 107.2957423366606 23.88077828288078 807.9078456237912 67.3665539175272 615.1808409616351 127.3882365077734 5.12422513961792 23.1629510819912 1.357227519154549 0.6548527926206589 0.194814532995224 0.09376257658004761 2.423128515481949 0 0.6165281236171722 0 6.316939450800419 0.2872695624828339 222.3557016476989 0.9690811708569527
274.304263740778 2494.868504539132 857.4166393876076 31.29560160636902 474.9031792879105 0.5115827172994614 304.1965814903378 918.2912133783102 1120.692012198269 370.7637760266662 2779.22226639837 267.9281382113695 918.3711831048131 2110.269201152027 13.82797957211733 1.091467976570129 1.316955298185349 1.064065452665091 0.4256685674190521 2.654640667140484 7.0592185780406 0.08005385845899582 4.458191432058811 1.154388107359409 10.17713855952024 1.619891948997974 6.533355988562107 0.8610904067754745 0.2395721822977066 0 4489.071573488414 366.0263943001628 59.97300285100937 0.5780683681368828 11.5381231084466 12.11177213490009 11.61696489155293 3.80766499042511 1.193409308791161 1.907890617847443 3.044289849698544 3.293626226484776 2.749031506478786 1.322995461523533 0.4215180575847626 1.180446684360504 103.1604006066918 9.404546722769737 2.045767113566399 0.5032030642032623 3.68518091738224 0 0 0.3749994114041328 11.52290750294924 11.88449480384588 96.90259247273207 568.325206913054 105.7887268066406 39.33127557486296 6.662743881344795 7.78537192940712 0.9106883779168129 58.17201812565327 10.05870186910033 5.519280821084976 1.746065109968185 3.935421727597713 4.768448323011398 13.53056165575981 7.14435712993145 0 0 322.3623186796904 93.41065242141485 50.00632102042437 21.00818253308535 1.888883240520954 38.03870189934969 206.6166022494435 14.40851189941168 75.5268343091011 30.92076866328716 0.4331854954361916 3.701917439699173 6.609166637063026 2.174073651432991 0.334867537021637 1.749404586851597 0 2.476372301578522 1.460304781794548 8.651675909757614 2.133205056190491 1.02851177752018 2.374370843172073 0.1077323853969574 0 0 660.3960831016302 0 0 0 0 0 0 0 0 0.2763275876641273 0.2633567452430725 0 0 1.102529145777225 0.1418664753437042 0.880280926823616 0 0 0 0 0 0 0 0 0 0 0.2454002872109413 0 0 0 0 0 0 0 0 0 0 0 0 0 0.1483356058597565 0 0.3098934888839722 0 0 0.1705548912286758 0.6324988380074501 0 0 0 0 0 0 0.1837969869375229 0 0.09604723751544952 0.1055773720145226 0 0 0 0 0 0 0.08424267917871475 0 0 0 0.7776939123868942 0 0 0 0 0 0 0.09243559092283249 0 0 0.5215647369623184 0.1200492084026337 0 0.09858358651399612 0.2082682326436043 0.2402326762676239 0 0 0 0 0 0 0 0.1400042921304703 0 0 0 0.06738757342100143 0.1744069904088974 0 0 0.4069002568721771 0 0.1093103066086769 38.38905439525843 12.912223957479 260.6787157282233 25.87886574864388 180.3784331083298 29.99347101897001 2.096821054816246 8.678912051022053 0.2371675074100494 0.3810006976127625 0.1026513874530792 0 0 0 0 0 2.543682500720024 0.2218926548957825 80.81549050658941 0.1715162992477417
1599.902487307787 1517.738236688077 31.29560160636902 556.3968226909637 12.56384208798409 83.49626959860325 941.5542791858315 1.044822789728642 16.33348228037357 1564.495737083256 1.665097244083881 26.27182982861996 167.3930591791868 75.07258313149214 0.8118124306201935 0 0 0.0723855122923851 0 0 0.08736729621887207 0 0.0752391517162323 0 0 0 0 0 0 0 36.78280661255121 0.7201400622725487 0.1780357956886292 0 0 0 0.5184395462274551 0 0 0 0 0.08454280346632004 0.118119478225708 0.154138371348381 0 0 36.64436598867178 4.60412285476923 0.7259928807616234 0.06592994183301926 1.68489171564579 0 0 0.1920057311654091 6.978327676653862 7.017653092741966 57.00510659068823 185.1213699281216 70.07693480700254 17.7623135894537 0 0 0 1.428135693073273 7.718034207820892 3.118844784796238 1.814753443002701 1.572425529360771 0.1946586668491364 0 2.419247195124626 0.9329836964607239 0 145.896009594202 9.869985461235046 5.984693773090839 1.191491164267063 0 0.08871476352214813 0 0 0.1539441272616386 20.8608715981245 0.0946560800075531 2.598888382315636 3.009873628616333 0.5740306228399277 0.1907304972410202 0.398521900177002 0.231366403400898 1.524887509644032 0.2987872809171677 0.09713556617498398 1.065367102622986 0.2257072106003761 52.46741569042206 1.096815511584282 0 0 512.0094629749656 0.6249889880418777 5.718733720481396 26.4542428702116 59.42095045745373 0.4628205597400665 14.84295597672462 1.576397523283958 1.997966185212135 55.942989975214 15.57924581319094 0 6.854086071252823 6.467632859945297 0.3277160078287125 1.511300541460514 0 0 0 0 0 0 0 0 0 0 0 0 0 0 0 0 0 0 0 0.5074448138475418 1.614090085029602 0 0 0 1.237568616867065 0 0.2830283939838409 0 0 0 0 0 0 0 0 0 0.3130998387932777 0.2139484435319901 0 0 0 0.46433025598526 0 0 0.09934157878160477 0 1.061038218438625 0.5008448138833046 0.2217858135700226 0 0 0.7370381951332092 0.08478830754756927 0 0 0.2015071734786034 0 0 0 0 0 0.4934145212173462 0.4118539690971375 0 0.0885656476020813 0 0 0 0 1.130020290613174 0.2123769149184227 0.5001663416624069 0 0 0 0 0 0 0 0.0881856232881546 0 0 0.2456635981798172 1.151153028011322 0.1113863065838814 152.985810674727 4.470026127994061 159.1736705228686 9.704972989857197 867.8806058242917 29.42964269965887 0.7116637006402016 5.573206923902035 4.698188617825508 0 2.181061811745167 0.1882956326007843 26.75905201584101 0.2439416795969009 0.1622782498598099 0 0.8942363858222961 0 113.1817483231425 1.321733213961124
17.25329254567623 1134.369096323848 474.9031792879105 12.56384208798409 1938.530993625522 0 1789.892828986049 17.52753740549088 4045.83300717175 749.2373740747571 601.6065303236246 43.69574382901192 333.7613061144948 1104.632204905152 1.821920327842236 0.1248503401875496 0 0 0 0 0 0 0 0 0 0 0.1423566043376923 0 0 0 71.81384215503931 0.1221362054347992 1.040570646524429 0 0.1289860606193542 0.09355340898036957 0 0 0.1028196513652802 0 0.1294759213924408 0 0 0 0 0 15.95770058035851 0.7699682712554932 0.2856408059597015 0 0.3681028932332993 0 0 0 0.651797778904438 1.085833840072155 5.052999034523964 10.60034491121769 6.962069816887379 4.714312337338924 0 0 0 0.5671928003430367 1.209050163626671 0.2508939132094383 0 0.09273835271596909 0 0.486115388572216 0.7169834822416306 0 0 17.97227896004915 6.868994563817978 4.749210521578789 1.756559863686562 0 0 0.6602931469678879 0 0 2.317955337464809 0 0.2064256891608238 0.4183344170451164 0 0 0.09190081059932709 0 0 0.2077011168003082 0 0.2562764957547188 0 0.5853513777256012 0.1159018501639366 0 0.1034705862402916 13.4971584007144 0 0 0 0 0 0 0 0 0.545907661318779 0 0 0 0.3504225164651871 0.2021087855100632 0 0 0 0 0 0 0 0 0 0 0 0.1111918389797211 0 0 0 0 0 0 0 0 0 0 0 0 0 0 0 0.2249228954315186 0 0 0 0 0 0 0 0 0 0 0 0 0 0 0 0 0 0 0 0 0 0 0 0 0 0 0 0 0 0 0 0 0 0 0 0 0 0 0.0892753079533577 0.3960373103618622 0 0 0 0 0 0 0 0 0 0 0 0 0 0 0 0.1902875006198883 0 0 13.17560838162899 1.50593501329422 60.53172354400158 5.561078011989594 20.23362221568823 6.783859133720398 0.1242118403315544 3.035997614264488 0.11552644520998 0 0 0 0 0 0 0 0.7850015312433243 0 9.939747996628284 0
19.12889164686203 9.155227556824684 0.5115827172994614 83.49626959860325 0 1.185849785804749 3.498840227723122 0.2931324541568756 0.2805960476398468 299.8668875172734 2.03695160895586 88.32520095258951 31.32024012506008 6.447079807519913 0.9066806361079216 0.2586064785718918 0.2152236625552177 0 0 0 0 0 0 0 0 0 0 0 0 0 0.5306084007024765 0.1198315769433975 12.82213625311852 0 0 0 5.84523569047451 0 0.9241793900728226 0.1490751355886459 0 0 0 0 0 0.4025374352931976 0.4613656923174858 0.09445211291313171 0.1890300363302231 0 0 0 0 0 0.08427119255065918 0 132.8727488517761 24.66207561641932 4.341167137026787 0.4290987104177475 0 0.1822944730520248 0 0 0 0 0 0 0 0 21.94185078889132 10.01061916351318 0.8624334633350372 3.413125954568386 0.1767864003777504 0.4528257474303246 0.7715934738516808 0 0 2.251935981214046 0.3611689805984497 0 0 0 0 0 0 0.1474673300981522 0 0.2103680372238159 0 0 0 0 0 114.0272517353296 91.68927916884422 6.150148510932922 2.920247077941895 419.3252873122692 0 0.6191000938415527 0 0.7547393441200256 0 0 4.731419861316681 0 3.695643484592438 2.93232150375843 0.6164342761039734 0.290459156036377 7.663379594683647 0.7880699634552002 1.159067153930664 0.1226486638188362 0 0 0 0 0 0 0 0 0 0 0 0 0.2488810867071152 0 0 1.260246843099594 0.4516560137271881 0 0.7856995463371277 0 0.3127992451190948 0 0 0 0 1.4307461977005 0 0 0 0 0 0 0 2.431550770998001 0 0.1247271299362183 0 0 0 0 0.1294231563806534 0 0 0 0 0 0 0 0 1.828448057174683 2.551704823970795 0 0 0 0 0 0 0 0 0 1.500319838523865 0.5106021761894226 0.580888569355011 0 0 3.066920578479767 0 0 0 0 0 0 0 0 0 0 0 0 0 0 0 2.311873435974121 0.4608000814914703 0.1319559663534164 52.99825812876225 0.3827411979436874 4.575753144919872 1.879575960338116 405.8161855489016 7.289190664887428 0.1030440926551819 1.846232905983925 21.91058376431465 0 0 0.1610723584890366 50.91529363393784 0 0 0 0.177607461810112 0 290.4182234182954 2.604124799370766
233.1444575414062 2183.911230228841 304.1965814903378 941.5542791858315 1789.892828986049 3.498840227723122 802.8357626870275 13.36527701467276 1941.057331591845 2328.023685760796 183.0154243484139 172.5744733512402 1871.009180694818 1218.697252899408 10.07231498509645 0.7895358949899673 0.7209785506129265 0.1770673170685768 0 0.09568768739700317 0.1048085913062096 0 0.2009509056806564 0.1167962178587914 0.331145778298378 0.257426030933857 0.3711003959178925 0.222395047545433 0 0 57.51985131949186 1.199719212949276 0.4405891075730324 0 0.738648883998394 0 1.297536507248878 0.08865765482187271 0.1968399360775948 0.2069712281227112 0.3317437246441841 0.4568091630935669 0 0 0 0 95.39945024251938 6.87747298181057 1.211848378181458 0.4671289399266243 2.832758508622646 0 0 0.0897212028503418 7.068512663245201 10.08861300349236 33.33961383998394 81.43150313943624 50.93788743019104 26.67784435302019 0.233662985265255 0.08882703632116318 0 2.748975023627281 7.422763518989086 2.474241577088833 1.365387611091137 2.613051161170006 0.5393479093909264 0.4879569783806801 0.9083461835980415 0 0 116.7937762141228 35.17900464683771 30.75609351694584 11.61365579813719 0.156117171049118 0.2548383697867393 0.9774212688207626 0.09581726789474487 0.07679843902587891 22.39951822161674 0.0749436691403389 2.253328591585159 3.430982381105423 0.5521828010678291 0.1252235025167465 1.116811342537403 0.3051340878009796 1.989448077976704 0.3172147199511528 0.6304137632250786 1.889083087444305 0.287693202495575 5.431818433105946 0.4618103206157684 0 0 58.75395365804434 0.225547268986702 2.604329191148281 9.970596812665462 18.22052937746048 0 7.684401825070381 1.236637473106384 0.9369842261075974 30.88455186784267 3.209603168070316 0 46.0899436250329 74.10808522254229 24.43629620224237 1.788112297654152 0.1248375922441483 0 0 0 0 0 0 0 0 0 0 0 0 0 0 0 0 0 0 0.256929524242878 0 0 0.4573420286178589 0 0.2179146930575371 0 1.512542344629765 0.4328990131616592 0 0 0.114536464214325 0 0 0 0 0 0.5145910680294037 0 0 0 0 0 0 0.07909482717514038 0.09033827483654022 0 0.241198718547821 0.5973377823829651 0.1254008710384369 0 0 2.650618255138397 0 0.1617097482085228 0.09013403207063675 0 0 0 0.07840222865343094 0 0 0.2692031860351562 0 0 0.1003857403993607 0.1105312034487724 0.2268046289682388 0 0.2755459547042847 0 0.1918487474322319 0.6603198871016502 0 0 0 0 0.1711553484201431 0 0.2700838074088097 0.09744487702846527 0 0 1.747251220047474 0.1063169538974762 0.712265245616436 112.5115971565247 9.957811929285526 422.6797124147415 48.87058091908693 182.6682001575828 71.14448016136885 0.5435056164860725 24.63525358587503 1.811309814453125 0 0.3858827352523804 0.3985719084739685 2.862497583031654 0.2737371250987053 0 0 4.676606506109238 0.3089248239994049 66.19294089078903 2.262474365532398
68.76135515421629 381.5320546776056 918.2912133783102 1.044822789728642 17.52753740549088 0.2931324541568756 13.36527701467276 930.8786492347717 87.79491672664881 35.03831243515015 1539.762700840831 40.40306182950735 275.3731276765466 945.6305998414755 47.65431046485901 8.64476715028286 14.36813674122095 29.14000768959522 8.018187753856182 33.55334413051605 42.28087127953768 0.501828245818615 28.50417403876781 8.441147997975349 56.75312306731939 7.228964015841484 38.53812693059444 3.132079280912876 1.043973356485367 0.8717285916209221 1554.63943464309 1891.491280093789 57.78590942174196 7.124297067523003 64.6286444067955 75.756182923913 12.52537023276091 26.54485315829515 7.294610030949116 10.15214565396309 22.39562518894672 12.57119749486446 37.29034315794706 112.1946377307177 14.21698847413063 32.31119196116924 192.5398615822196 13.89817717671394 8.556779474020004 16.35333373397589 4.90297719836235 0.8652727678418159 0 1.58494570851326 12.63327729701996 10.87570915743709 48.9297624155879 417.4302453324199 81.44530656561255 55.57341364771128 73.3214532583952 48.4580972418189 17.00842320173979 315.974921412766 10.48140592128038 5.288541257381439 1.649139024317265 8.23450019210577 29.20867835730314 80.13653662800789 8.429753012955189 0.2468902915716171 0.1172345280647278 326.970124155283 392.6344936043024 141.5591339617968 149.0515824481845 122.2067861557007 731.6226949766278 1061.370254889131 282.2981933429837 698.8529850244522 32.60548411309719 0.1584702506661415 5.303934149444103 5.550057929009199 7.738432519137859 0.4873953834176064 1.778719991445541 0.5535476878285408 2.747846320271492 1.4144366979599 36.65882902592421 8.083271391689777 4.598235972225666 2.330266326665878 0.9960228502750397 0 0.2200732752680779 175.2336418256164 0.1368849128484726 0 0 0 0 0 0 0 0 0 0 0 0.1582268327474594 0 0 0 0 0 0 0 0 0 0.1083239838480949 0 0 0.5032092854380608 0 0 0 0 0.2331903800368309 0.3814512491226196 0.2278139442205429 0 0 0.1149404719471931 0 0.3361554145812988 0 0 0 0.2572974264621735 0.1715607941150665 0.6099933534860611 0 0.3911805674433708 0.09906674176454544 0 0 0.1197102144360542 0 0 0 0 0.3679513335227966 0.5307955518364906 0.9833437353372574 1.489234030246735 0 0 0 0.1008199453353882 0 0 0 0 0.474366769194603 0 0 0 0.1545818969607353 0 0.2126292288303375 0 0.2161199524998665 0.117972157895565 0 0.2756606936454773 0.2180760279297829 0.621208980679512 0.5397953912615776 0 0 0 0 0.1339716613292694 0.1419597268104553 0 0 0 0 0 0 0.2472030520439148 0.2346750646829605 0 0.2994916141033173 0 0 0.8633520603179932 56.71246787905693 22.19458100199699 384.8983203619719 42.68701966106892 59.36295069009066 31.46222773939371 2.284738875925541 10.60982016474009 1.769565410912037 0 0.4084478169679642 0 0 0 0.137505829334259 0 4.913269840180874 0.4918489754199982 64.16164144873619 0.235321007668972
7.706315912306309 1121.983912318945 1120.692012198269 16.33348228037357 4045.83300717175 0.2805960476398468 1941.057331591845 87.79491672664881 729.5391505509615 381.7982980012894 858.8576676473022 305.772215038538 3044.391389377415 2628.970116093755 5.554826021194458 0.6904332488775253 0.5198482424020767 0 0 0 0.2539476156234741 0.10575021058321 0.2648748159408569 0.4645819738507271 0.3926298469305038 0.09274499118328094 0.430852472782135 0.2912724912166595 0 0 19.0796654894948 1.037988498806953 10.48391641676426 0 0.4194413125514984 0.09413635730743408 7.36334964632988 0 0.4818525165319443 0.1129570826888084 0.1054231971502304 0.567950077354908 0 0.08100470900535583 0 0 23.71636157482862 1.721833072602749 0.6040300354361534 0.07835561782121658 0.5029907524585724 0.1176997274160385 0 0 1.017887942492962 1.228050328791142 3.997618094086647 8.926568351686001 6.865915358066559 4.106083117425442 0 0 0 1.945494808256626 0.9891731441020966 0.4373548403382301 0 0.3410093486309052 0.1064679101109505 1.488801069557667 3.974795065820217 0 0 19.3516366481781 9.348736718297005 9.98174960911274 4.129775613546371 0.1238844618201256 0.08440224826335907 1.789839744567871 0 0 3.682084791362286 0 0.8927490785717964 0.2410929724574089 0.1673565953969955 0.1171601638197899 0.09394825994968414 0 0.08788219839334488 0.2260552048683167 0.8781146556138992 0.3009705320000648 0.2211718633770943 3.701164297759533 0.2347453832626343 0 0 6.378154970705509 0 0 0 0.1364358812570572 0 0.1020611822605133 0.8501990437507629 0 1.265137180685997 1.107925496995449 0 0 2.436788447201252 0.5767773166298866 1.210371606051922 0 0.203506164252758 0 0 0 0 0 0 0 0 0 0 0 0 0 0 0 0 0 0 0.1226154789328575 0 0 0 0.3602127805352211 0 1.528761312365532 0.2178071439266205 0 0 0 0 0 0 0 0 0 0 0 0 0.1097405329346657 0 0.1287908405065536 0 0 0 0.07988294214010239 0 0 0 0 1.090132422745228 0.3326594531536102 0 0 0 0 0 0 0 0 0.3724982291460037 0.1221406832337379 0 0.08012387901544571 0.1369647085666656 0.8482572957873344 0 0 0 0.08909892290830612 0 0 0 0 0 0 0 0.08564403653144836 0 0 0 0.4682698473334312 0.1394773870706558 1.039009548723698 51.90359591692686 2.924779571592808 92.67241025716066 18.51476683467627 24.14941614866257 12.18490128964186 0.1040762513875961 11.989288456738 1.326686002314091 0 0.09645052999258041 0 3.203400552272797 0 0 0 1.534290418028831 0 10.32871751487255 1.406784571707249
1374.008022554219 2216.735790453851 370.7637760266662 1564.495737083256 749.2373740747571 299.8668875172734 2328.023685760796 35.03831243515015 381.7982980012894 2149.387524262071 184.9393157064915 1920.303553305566 5054.05584731698 821.2276477813721 34.55740197002888 1.590105131268501 2.87127561122179 0.09724128991365433 0.1944840550422668 0.5477275475859642 2.071448281407356 0.3198814690113068 2.078607760369778 0.899190790951252 3.981802150607109 0.6196797788143158 2.795295186340809 1.316336132586002 0.3446057736873627 0.2490905076265335 36.07880351692438 3.109071888029575 28.15131936222315 0 1.469944328069687 1.090995021164417 36.21234922111034 2.343063071370125 1.884515270590782 0.8214878737926483 2.839034542441368 2.666134387254715 0.2659175768494606 0.08659772574901581 0.1842106357216835 0.2362524420022964 179.6375308930874 13.20789115875959 2.346228212118149 0.3170232102274895 3.873034857213497 0.4920357093214989 0.1280959099531174 0.3800846710801125 11.13733083754778 14.79228302836418 157.6075126826763 187.6992262229323 111.5712303817272 36.30286078900099 0.07925179600715637 0.07336784899234772 0 10.1829177364707 13.35268795490265 6.809104852378368 1.414121426641941 5.658231772482395 2.383734188973904 6.182819694280624 83.21921074390411 3.133724942803383 0.2314862310886383 203.2948496118188 39.34834402799606 52.88028547912836 23.69907849282026 0.6444260478019714 0.3684303686022758 3.984890893101692 0.3269151523709297 0.8108556643128395 36.87472064048052 0.4516679272055626 3.860495768487453 6.095604635775089 1.413263007998466 0.1017765998840332 1.629689104855061 0.2841110825538635 1.774488061666489 0.7107215374708176 5.209474921226501 3.505252406001091 1.627322547137737 453.1252023056149 71.28631682693958 0 5.448745258152485 910.5257238671184 1.295181520283222 10.13540925085545 9.125966526567936 16.64433386921883 2.683652363717556 9.869590409100056 27.48227106034756 0.8257918506860733 94.31267470121384 123.3284173309803 3.350368559360504 31.77287458628416 252.9221510663629 35.32415763288736 41.0722296461463 1.018306188285351 0.5171408504247665 0.4196111857891083 0.1124598532915115 0.1582363545894623 0 0 0.1504767686128616 0 0 2.425553254783154 0 0.4512707889080048 0 0 0.2425404936075211 1.373899035155773 0.291639044880867 1.323894381523132 3.684748001396656 11.08120793104172 0 9.016035199165344 0 21.61876672506332 4.179975211620331 43.21638463437557 15.12045639008284 4.120907105505466 0.5291006937623024 0.2401309087872505 0.1078540086746216 0 0.2196995764970779 0.3885094001889229 0.1386032849550247 0.1147297471761703 0.6262269914150238 0.09009581059217453 0.09838663786649704 0.2370445653796196 5.868520013988018 0.9322179108858109 0 0.2855983823537827 0.09480144083499908 1.570164658129215 1.541191890835762 1.996798932552338 0 2.533938527107239 86.47649352997541 0.5192355513572693 0.3996209129691124 0.2151469141244888 0 0 0.120773009955883 0.4131035432219505 0.1183482110500336 0 51.79328513145447 2.675815232098103 0.1820523738861084 0.323297418653965 0.1198024675250053 20.64843591302633 3.815189123153687 16.06146219372749 1.674999266862869 1.416823886334896 2.599911347031593 0 0.7605912014842033 0 0.3364114239811897 0.3253212422132492 0 0.3870184645056725 0 0.1603955775499344 0 49.29558099806309 19.01090152561665 21.93319450318813 1379.78996463865 28.81237095594406 942.9130815640092 201.1747121587396 2587.728745102882 185.4478564858437 5.749566353857517 150.6648714542389 105.4759061113 1.222077690064907 16.68595191836357 1.584368534386158 290.5849422961473 1.11109846830368 0.331378698348999 0 29.76007623225451 1.900881320238113 628.7838356420398 87.01636493206024
209.6348279193044 1328.214699357748 2779.22226639837 1.665097244083881 601.6065303236246 2.03695160895586 183.0154243484139 1539.762700840831 858.8576676473022 184.9393157064915 1729.074825711548 295.234396353364 2285.577617809176 2702.609319292009 56.21698500961065 7.123488992452621 8.096569158136845 0.8625486791133881 0.102235272526741 2.590056858956814 10.86114728450775 2.699203856289387 20.45344199240208 9.422830052673817 67.29275806993246 13.36727045476437 44.68978635966778 15.31509304791689 5.999356932938099 0.6445592790842056 1562.453415207565 317.7023685798049 731.6138204708695 0.833436094224453 25.45387903600931 37.63270703703165 123.7961023747921 48.75786624848843 26.57392898201942 25.34776744246483 36.08958237618208 23.49983742088079 1.703977912664413 0.7003038302063942 0.1067484095692635 0.3810551315546036 195.3018938153982 11.03277910500765 4.03094495087862 1.82845725864172 7.10281153768301 5.393206335604191 0.2970846742391586 8.866666279733181 11.2974429577589 10.72354483604431 53.76911479234695 221.8756144493818 70.07010281085968 50.91967183351517 1.555912844836712 82.12897754460573 1.615577578544617 43.3809389770031 11.42920533567667 6.608855858445168 2.258475780487061 6.153193719685078 10.86322697252035 49.15074969828129 72.71798648685217 0.9284428879618645 0 243.743310302496 105.5551794022322 103.0926558226347 55.01075913012028 4.680827341973782 10.42520485445857 594.2970656454563 8.222672499716282 125.0424935743213 32.75156389921904 0.4194540083408356 4.148377798497677 6.17402521520853 2.080267079174519 0.3027001023292542 1.976414013653994 2.532718680799007 2.653329759836197 2.71809134632349 42.53091987967491 9.75215020775795 8.308561481535435 39.02796388417482 9.025750935077667 0.4057239592075348 7.290260158479214 229.7244038432837 0.09172075986862183 0 0.1826346069574356 0.08814877271652222 0.2214745730161667 0.4130216538906097 0.1841493397951126 0 1.649227969348431 3.000839591026306 0 0.5255870521068573 4.945332273840904 1.657485544681549 2.719207599759102 0 0.1895860582590103 0 0 0 0 0.1006739810109138 0.4328802302479744 0 0 2.897062435746193 0.136958584189415 0.09624204039573669 0.1319940239191055 0 0.7467615380883217 0.1077766790986061 1.729579754173756 0.2217961177229881 0.2033159881830215 0.3143915385007858 0 0.09566403180360794 0 3.289196699857712 1.016617424786091 2.900167129933834 0.8092564716935158 0.479052722454071 0.4193891286849976 1.137045808136463 0.6871790736913681 0.09369193017482758 0.2593793794512749 0 0.8150326386094093 0.17599256336689 0.1830433756113052 0 0.4271622896194458 1.043890222907066 2.033208295702934 3.682055249810219 0 0 0 0.1669853031635284 0.0798812061548233 0.6244817823171616 0 0.6208950579166412 6.916976489126682 0.1179090887308121 0 0 0 0.08340528607368469 0 0.2169352248311043 0 0.1570920199155807 3.913441963493824 1.152995958924294 0.1463379859924316 0.3024356439709663 0.956133745610714 2.613761514425278 0.324470154941082 2.475696988403797 0.2031555622816086 0.1766945719718933 0.5668267384171486 0.0848502442240715 0 0.2307788878679276 0.2208803072571754 0.1511083990335464 0 0.2271079793572426 0.2687714844942093 0.4060682281851768 0.3026737421751022 1.891258671879768 2.421832993626595 2.999698646366596 204.0176669359207 35.38564109802246 546.8584552779794 98.19862216711044 103.9410361647606 50.05396754294634 1.64509829133749 38.54622314125299 3.282493226230145 0.4248802810907364 1.393754981458187 0.4977220967411995 3.365843757987022 0.2098184376955032 0 0.08785666525363922 13.15109296888113 0.3515648543834686 70.02615024894476 8.695611171424389
18.42029020190239 205.5531677156687 267.9281382113695 26.27182982861996 43.69574382901192 88.32520095258951 172.5744733512402 40.40306182950735 305.772215038538 1920.303553305566 295.234396353364 241.8783484101295 1274.548852361739 385.6931780576706 14.01308267563581 2.351114854216576 3.949383161962032 0.1029228195548058 0 0.1763830110430717 1.438531868159771 2.015374258160591 1.489077314734459 0.6878583207726479 8.923382334411144 1.950521901249886 6.514847457408905 3.732837997376919 3.203342974185944 0.3166753873229027 5.405862182378769 0.5009467378258705 96.85120771825314 0 1.222005322575569 1.765739023685455 114.3490399643779 11.33157510310411 18.40218034386635 6.896988727152348 6.322185777127743 6.365734189748764 0.2868512123823166 0.176829993724823 0.2706712484359741 0 28.78018849343061 0.7437944188714027 0.813776433467865 0.8425849750638008 0.1672742143273354 3.294379733502865 0.6493012830615044 5.21249970048666 0.6426221281290054 0.6765667945146561 9.142447702586651 3.533170573413372 4.042420491576195 2.527753107249737 0 4.645050182938576 0.2577058374881744 2.764900274574757 0.423841655254364 0.07946543395519257 0.2329284027218819 0.7223878726363182 1.843424171209335 8.479970693588257 50.53807036578655 1.177655972540379 0.1186361387372017 8.92731885612011 5.497191965579987 11.34743782877922 6.336292169988155 0.4742630571126938 0.1158575341105461 21.5873930901289 0.1450038403272629 2.443837009370327 1.891712293028831 0 0.2666206806898117 0.3589156717061996 0.4670645669102669 0.2709805518388748 0.138518437743187 1.099531769752502 0.2308289781212807 0.9547519013285637 10.53232228755951 1.920028544962406 2.745192341506481 445.6093856021762 23.86020025610924 0 9.606991641223431 101.8504860401154 0 10.01312360167503 2.65231279283762 4.562720447778702 1.529830701649189 4.928851947188377 18.3788720369339 1.952718362212181 57.49702309817076 117.8635967224836 3.379572257399559 11.68585889041424 192.566197514534 33.21864143013954 46.91701929271221 0.4280283227562904 0.2062291875481606 0 0 0 0 0 0.2275227680802345 0 0 0.6774075627326965 0.1035722270607948 0.1482364535331726 1.177428558468819 0 1.198616363108158 0.396510437130928 1.764084123075008 0 4.205660156905651 5.144846104085445 0 0.6016726642847061 0.2506961226463318 20.97293704748154 7.028420105576515 34.19123483449221 12.41990289092064 3.346291318535805 1.11713021248579 0.1954506486654282 0.2214739173650742 0 0.441740907728672 0.4971615374088287 0 0.3198313564062119 1.776871211826801 0 0.1155840158462524 0.2218732759356499 2.659037433564663 1.267634525895119 0 0 0 1.611931271851063 0.5457127392292023 1.517657026648521 0 3.623123720288277 62.954480715096 0.5388304516673088 0.2072745561599731 0 0 0 0 0.1748510301113129 0.09960009902715683 0.1198954656720161 45.24319561570883 2.49979991465807 0.4466414451599121 0 0.3226284608244896 15.41016440093517 5.789442643523216 16.73929449915886 1.249539501965046 0.7357187271118164 1.436212733387947 0 0.5379560366272926 0.2805492654442787 0.2223280817270279 0 0 0 0 0.2162473723292351 0.2994637861847878 55.96917758136988 23.60987206548452 17.75874796509743 244.6037198677659 9.417688369750977 115.8158678784966 48.63341088593006 465.4924536123872 12.34483914077282 0.5599161982536316 19.55533330142498 82.60220389068127 0.1096727624535561 13.19121110439301 4.779869295656681 182.2201111316681 3.201648622751236 0.1269717067480087 0.1712507754564285 11.59973452240229 0.7802505791187286 326.1313899829984 64.91133400052786
24.84517895430326 1041.593601636589 918.3711831048131 167.3930591791868 333.7613061144948 31.32024012506008 1871.009180694818 275.3731276765466 3044.391389377415 5054.05584731698 2285.577617809176 1274.548852361739 3221.519099332392 4229.065911799669 46.27765848487616 6.090197525918484 6.907872058451176 0.6456147208809853 0.2050937563180923 1.293953754007816 4.784038804471493 4.553322061896324 7.694118544459343 3.420931756496429 24.48253376036882 6.03631155192852 16.57192222028971 9.066056899726391 4.292007066309452 1.026975952088833 14.72343756258488 2.170921951532364 641.553228251636 0.2713624313473701 6.777003973722458 7.894866086542606 296.7938917502761 31.75681671500206 50.09647192806005 17.97607873380184 17.36145769059658 14.39161150157452 0.3171373084187508 0.1514434963464737 0.0953790545463562 0.7157711088657379 112.5953251421452 3.312364757061005 2.860218949615955 0.6070167720317841 0.9526618495583534 8.678341321647167 0.1191581785678864 11.37230556458235 1.173201069235802 3.375138320028782 15.02236093580723 14.38038628548384 14.40556927025318 12.4516848102212 0.6403993964195251 20.15316834300756 0.2639917060732841 13.51824286580086 1.999762669205666 1.409834489226341 0.6206701397895813 2.439653277397156 4.432202965021133 19.26368740200996 173.5484934747219 3.620889708399773 0 47.24331369996071 25.74066533148289 44.41074655950069 26.35649614781141 1.926813706755638 0.09179366379976273 70.21129661053419 0.6905340850353241 8.67341461032629 8.534747883677483 0.2289000377058983 0.6629510223865509 1.350710835307837 0.9734178557991982 1.109744474291801 0.6190967485308647 2.877869561314583 1.276491276919842 2.528002060949802 25.76084318011999 4.985211819410324 6.910960048437119 547.8269583806396 33.89729101955891 0 17.205471329391 41.45917101949453 0.9037234708666801 2.51317971944809 3.716330908238888 1.323393665254116 2.191513702273369 5.982778199017048 11.71982470154762 1.262464098632336 51.61593477427959 89.86152336746454 2.013299584388733 9.82973800599575 123.2100803628564 27.91441954672337 40.10432943701744 1.197722166776657 1.058140575885773 0 0.1231209933757782 0 0 0 0.128011628985405 0 0 1.720145016908646 0.1161906272172928 0.2418988347053528 0.9721323102712631 0 0.6957102790474892 0.893714003264904 1.33557415753603 0 3.6234260648489 8.610862910747528 0 3.599674791097641 0 19.88129696249962 2.067441754043102 38.0961642190814 10.41340727359056 1.963870041072369 1.343515604734421 0.6901654228568077 0.4667545109987259 0 0.5514427796006203 0.928863026201725 0.09003466367721558 1.219249755144119 1.804315850138664 0 0.1219914704561234 1.170550592243671 2.534492440521717 2.419876649975777 0.1045829430222511 0 0 2.690725833177567 0.9667346924543381 1.439034923911095 0.2188532948493958 4.135459654033184 72.06851697713137 0.4815480634570122 0.1618119031190872 0 0.140665590763092 0.1052342653274536 0.09548535197973251 0.0966530367732048 0 0.537381112575531 50.54031558334827 4.442573182284832 0.3535850420594215 0.3014478981494904 0.8669053390622139 16.11308254301548 3.722638800740242 15.49356675893068 1.428263120353222 0.7853598147630692 2.340622134506702 0.3427781164646149 2.129102438688278 0.09771395474672318 0 0.1151360347867012 0.2430034652352333 0 0.1233358308672905 0.4554746896028519 0 34.2115833312273 24.35875579714775 24.5004475414753 512.4781806319952 27.06488946080208 423.6012269258499 134.7585245594382 300.1282581463456 48.95592426508665 1.084656201303005 64.36493607610464 56.99097593128681 0.4899655804038048 16.78091049939394 6.105499863624573 104.6672879457474 0.9873345717787743 0.3257233798503876 1.469909362494946 24.36788690835238 4.802698522806168 254.1563248857856 76.99995087832212
75.88649674504995 1834.20686698705 2110.269201152027 75.07258313149214 1104.632204905152 6.447079807519913 1218.697252899408 945.6305998414755 2628.970116093755 821.2276477813721 2702.609319292009 385.6931780576706 4229.065911799669 1281.732070364058 41.49873002618551 4.506160274147987 7.285798572003841 0.422904796898365 0.09300124645233154 1.084046073257923 4.877556189894676 5.266405805945396 8.928300589323044 4.34412407875061 45.93938699364662 9.599235162138939 27.89161652326584 11.3340281099081 5.724891491234303 0.6418734192848206 92.79020804166794 14.63200432062149 931.9306186586618 0.1497848927974701 11.49395869672298 15.49580110609531 455.266981728375 50.38055691868067 50.61411249637604 21.53689243644476 21.94853796064854 15.81818068772554 0.9733195230364799 0.439068466424942 0.1113093644380569 0.5179781913757324 105.8755736872554 3.72673125565052 2.172555722296238 1.744276821613312 3.496634878218174 11.95936562865973 0.9970966950058937 11.34463950246572 2.683432422578335 2.80391651391983 11.47753471136093 24.91208749264479 14.58953977376223 14.77163667976856 1.8699666634202 172.5057490691543 0 13.25110924243927 2.352244980633259 1.898378845304251 1.158469706773758 1.577289886772633 5.650521069765091 26.01911064237356 164.4051586911082 1.774122819304466 0.09157732874155045 53.2406825274229 32.90402822196484 43.5387932062149 28.68341162055731 1.08755149692297 1.839005909860134 221.5086069479585 1.474660113453865 111.8965480178595 9.941888652741909 0.2066062241792679 2.068710744380951 1.542549483478069 1.489086367189884 0.7481490597128868 0.462278924882412 2.638761192560196 1.897653967142105 2.393634729087353 30.6017784550786 7.158818371593952 7.697231896221638 228.9190663322806 22.1586486697197 0 18.03567880392075 31.88108760863543 0.1106550395488739 1.066158890724182 0.3959036841988564 0.4866132140159607 1.142594262957573 0.9959069415926933 2.480522468686104 0 20.89132203161716 16.91557954996824 1.407688714563847 2.416355863213539 32.87095374614 6.37963055819273 10.76995075494051 0.692071907222271 0.1138901636004448 0.0903923362493515 0 0 0 0 0.1266387701034546 0 0.1496098637580872 1.582657985389233 0.146231472492218 0 0.1755513995885849 0 1.136724747717381 0 1.168775498867035 0.1059040799736977 0.7430145144462585 2.711814306676388 0 1.041156157851219 0 7.375693820416927 1.872156374156475 14.92443098127842 5.371482029557228 0.5462658107280731 1.456128641963005 0.3984248787164688 0.7508198544383049 0 0.1977237835526466 0.4670642465353012 0.5238585397601128 0.155983954668045 0.592165470123291 0 0.2141877338290215 0.9369818344712257 2.34806802123785 3.994734086096287 0 0 0.09679802507162094 0.202888622879982 1.078511111438274 0.492038831114769 0 1.47557957470417 27.70936748385429 0.1138072088360786 0.0774194523692131 0 0 0.2182504534721375 0.1009416207671165 0.1068128794431686 0.3121548593044281 0.378311775624752 18.40148662030697 1.504480890929699 0.3758455738425255 0.1929173171520233 0.8336669132113457 5.815886281430721 2.229665644466877 3.500595286488533 0.8830994442105293 0.4979263693094254 0.5363810509443283 0 0.6168521270155907 0.143282875418663 0 0 0.1875917166471481 0 0.1054875105619431 0.3583424687385559 0.2254692912101746 12.2225840985775 7.614754535257816 9.393648155033588 321.6124613210559 28.00277595221996 390.9500258788466 106.7243356704712 113.9715114012361 40.84806340187788 1.082454420626163 46.13253565877676 9.187479168176651 0.5094873756170273 4.91553420573473 2.786155350506306 26.01265774667263 0.3261429965496063 0 0 14.12049665302038 1.243120908737183 78.02816297113895 25.54470516741276
