396.3075024709105 2415.191433943808 53.08040304481983 2116.175636470318 11.96971744298935 317.9739205241203 485.6506804972887 41.50270836055279 9.325084835290909 1434.163743555546 157.0020743981004 86.24350525438786 340.0104554891586 234.4208549112082 1.140024043619633 0.2719571068882942 0.3624323755502701 0.2236426621675491 0 0 0 0 0 0 0 0 0 0.1116582378745079 0 0 694.2148295938969 1.245419666171074 50.4581995010376 0.2045098692178726 0 1.56376239657402 7.424757413566113 0.9520307928323746 2.133678860962391 0.6784093677997589 0 0.190500408411026 0 0.740623340010643 0 0.4264324679970741 12.7900357991457 8.502148486673832 0.330757237970829 0.4943718761205673 0.1271790117025375 0 0.270241767168045 0.09278068691492081 1.498797319829464 5.879446551203728 306.5571098476648 1001.926045954227 61.59466838091612 20.84906316548586 1.124748058617115 2.639133110642433 0 17.67211356014013 6.191484063863754 5.101079240441322 0.6974402666091919 0.7791469171643257 0.7441474571824074 0 10.23538856953382 33.57173196971416 0 321.8427588492632 89.85522448271513 48.93964506685734 3.654858380556107 0.8076249063014984 0.3034745007753372 43.39507380872965 1.330915227532387 8.017620712518692 14.47895015776157 0 8.014353446662426 5.571409218013287 6.444665037095547 0.6842724233865738 1.588673889636993 0.1880976259708405 0 0 0.3632092848420143 0 0.3220046907663345 173.6226414516568 14.54732708632946 0.415171205997467 3.560903906822205 732.2136551067233 0 9.942057132720947 16.5747044980526 13.03417956829071 1.495953902602196 9.520900100469589 64.71745119988918 17.94958685338497 20.54159504175186 45.38744822144508 0.2688460648059845 9.228862285614014 31.58887287974358 22.82085661590099 2.217388480901718 0 0 0 0 0 0 0 0 0 0 0 0 0 0 0 0 0 0 0.3122628331184387 0 0 0 0 0 2.983098715543747 0 0.3721573054790497 0 0.2192781269550323 0 0 0 0 0 0 0 0 0 0 0 0 0 0 0 0 0 0 0 0.5577965974807739 0 0 0.3030878901481628 0 0 0 0 0 0 0 0 0 5.299375340342522 0 0 0 0 0.1680441349744797 0 1.209230661392212 0 0 0 0 0 0 0 0.1657938957214355 0 0 0 0 0 9.085777133703232 1.521390736103058 1.731937408447266 59.37146329134703 1.952790275216103 148.5266139879823 14.05572719871998 526.2469793632627 11.00410960614681 2.641861952841282 3.181995414197445 17.86678063869476 0.2846398800611496 0.2828512787818909 0.2684637531638145 42.8258131146431 0 0.3734374195337296 0 4.198456846177578 0 297.3811217918992 103.0210792869329
2415.191433943808 3029.64428434521 647.2641119286418 2111.967829912901 1977.598622329533 694.804858289659 5542.899268485606 657.9862768650055 4061.986124902964 2182.214608691633 2935.940844155848 400.0727148726583 2504.971921913326 7811.178710930049 23.91246595233679 7.595458291471004 1.315088488161564 0.3546659275889397 0 0.3588356226682663 6.355282045900822 0.3331915587186813 0.6192425191402435 0.3638893067836761 0 0.08808562904596329 0.2287723571062088 0.6227205768227577 0 0 2051.335669629276 42.23208697140217 370.6603444069624 1.324318923056126 0.775104708969593 10.9671977609396 33.47638332098722 12.69658564031124 5.818270340561867 2.115903615951538 0.8403221517801285 0.4466394931077957 0.2344811484217644 2.5525012165308 0.1838239729404449 1.155329562723637 212.2064313739538 21.18101946264505 1.571474067866802 1.267537988722324 0.7207240611314774 0.4134952202439308 1.423862226307392 0.1809887588024139 2.931696526706219 11.12058865278959 216.0418644100428 932.0124464780092 70.93595927208662 183.9644260033965 8.448016874492168 43.81582359224558 3.42425512522459 170.864111572504 12.41599740833044 10.0528397411108 2.770319245755672 1.55039206892252 5.9130924269557 1.560961671173573 38.42188313603401 8.351349920034409 0.5157445967197418 647.7388091683388 361.7680880352855 397.3462031632662 97.71503234654665 10.04075803607702 1.011802524328232 404.4891329333186 2.954645894467831 67.29682570695877 21.3755509853363 0.2187723144888878 21.41823211312294 12.17594031244516 9.939021535217762 0.8869284614920616 2.817992091178894 0.3534986302256584 0.658926822245121 0 3.214474976062775 0.7615432441234589 0.1826244369149208 40.26066843420267 9.077249325811863 1.658637881278992 5.090114444494247 670.4243634492159 1.102224469184875 5.036907076835632 19.88955646753311 15.97135245800018 4.407194048166275 19.83848240971565 36.7508714646101 21.86874675750732 35.22283819317818 46.34977914392948 7.617713913321495 28.95716658234596 71.21910206973553 66.73203812539577 23.95198859274387 0.7164323180913925 0 0 0 0 0 0 0.5135377049446106 0 0 0.2396189868450165 0 0.2228961437940598 0 0.774347722530365 0.6228491067886353 0 0 0 4.361054971814156 0 0 0 0 22.20367654412985 0 5.161111012101173 2.726301826536655 0.3542165160179138 0 0 0 0 0 0 0 0 1.340101212263107 0 0 0 0 0 0 0 0.1311602890491486 0.2203969359397888 0 0 0 0 16.17690044641495 0 0.2567668557167053 0 0 0 0 0 0 0 36.73744352161884 1.217545807361603 0 0 0 4.537637203931808 0 3.090083718299866 0.1461254805326462 0.1901325434446335 0.5262468010187149 0 0 0 0 0 0 0.2783890515565872 0 0 0 35.95123416185379 10.42077550292015 18.22810319066048 159.1910277456045 12.92563726007938 618.8847231790423 77.24918868392706 385.3952914327383 49.70229868590832 3.200299344956875 32.98986431211233 9.51999631524086 0.09547325968742371 7.528548739850521 1.516987346112728 13.6728153526783 3.609339654445648 0.2077564671635628 0.7811700701713562 3.413949981331825 0.3184112012386322 273.232085712254 59.7159499078989
53.08040304481983 647.2641119286418 1207.665694870055 56.44639820605516 355.767012283206 22.83716653287411 20.89686392992735 3360.705030560493 1522.537882059813 20.11579837650061 2730.233520060778 98.53566989302635 84.80999900400639 1549.068704284728 10.42327097803354 4.978813126683235 3.224492222070694 0.6888964101672173 1.129126787185669 1.404607601463795 32.60809484869242 0.1585501581430435 4.117047391831875 4.276813931763172 0 2.553205221891403 0.4839091300964355 0 0.1203165650367737 0 2663.376551121473 512.5523101091385 459.1836439818144 18.91300158202648 2.743042655289173 85.58404909819365 43.78474036604166 53.31032762676477 13.57502790540457 11.89386966824532 6.033502034842968 0.6637611463665962 3.106957860291004 3.5766666457057 0.5478464365005493 7.037877067923546 53.20600157976151 2.129340998828411 0.4415616318583488 1.983284249901772 5.345862448215485 0.8129604086279869 2.3389742821455 0.6193392649292946 0.129849448800087 0.5804036408662796 33.83997914940119 201.8764715269208 11.18956772983074 22.36612383276224 98.77019792795181 203.6489399820566 15.71069422364235 110.9137715175748 1.376747518777847 2.485447809100151 1.115835219621658 2.456794761121273 38.40133532881737 8.160277508199215 26.95195128768682 0 0 90.41919258981943 84.21366857737303 65.58549883961678 35.76469569653273 11.38997905701399 41.89171481132507 1574.196453280747 12.70163887739182 518.658905684948 2.537938192486763 0 2.657281987369061 1.51382976770401 6.681189633905888 0.1519211977720261 1.0147864818573 0 2.036165863275528 0.6501302570104599 19.75318099558353 7.035702273249626 0.6775232180953026 7.93711806833744 8.188732489943504 0.7658046334981918 7.060702659189701 29.02541024982929 0.4326809942722321 1.639745116233826 1.026721864938736 1.460600793361664 0 3.095343053340912 2.14450865983963 3.038481622934341 4.661452278494835 4.474096179008484 1.27050593495369 5.156817525625229 10.26757407188416 12.2907422631979 10.94480150938034 0.2940256893634796 0 0 0 0 0 0 0 0 0.8833369016647339 0 0 0.6368410587310791 0 1.011130303144455 0 0 0 0 0.6452144980430603 0.2130342423915863 0 0 0 19.44471820443869 1.908281564712524 5.337902456521988 3.339941620826721 2.020304828882217 0 0.1148900091648102 0 0 0 0 0 0 0.7520352005958557 0 0 0 0.1891983896493912 0 0 0 0.3756237477064133 0 0 0 0 0 17.69018362462521 0 0 0 0 0 0 0 0 0 10.64159227907658 0 0.09637875109910965 0 0 5.877955615520477 0 0 0 0 0 0 0 0 0 0 0 0 0.1104385778307915 0 0 4.480357594788074 1.536140218377113 8.227748453617096 79.55139883607626 2.386101886630058 130.6428185775876 33.96521461009979 29.31657230108976 8.492319263517857 0.1027708053588867 10.93346782028675 4.29940664768219 0 3.164140284061432 0.7599325180053711 0.2274258583784103 1.318753957748413 0 1.007086753845215 3.112105935811996 0.32806795835495 21.85503351688385 2.35895624756813
2116.175636470318 2111.967829912901 56.44639820605516 902.5726111903787 26.59681555628777 1060.892148427665 816.1388215124607 2.030387029051781 4.083353742957115 3186.681279607117 14.50193648040295 348.2027781829238 1390.200358562171 267.1764074862003 0.8355092033743858 0.1132741048932076 0 0.09341231733560562 0 0 0 0 0 0 0 0 0 0.1091553047299385 0 0 130.3528201282024 0.2972161993384361 5.491912230849266 0 0 0 1.347167618572712 0.4465676620602608 0.2297637090086937 0.2628706097602844 0.09836328774690628 0 0 0.2823795527219772 0 0.08827976137399673 13.43343225866556 3.089003130793571 0.1093120649456978 0.2221003547310829 0.1336613297462463 0 0 0 0.6827280446887016 1.738228678703308 54.54338601231575 133.7900300547481 12.75779279321432 12.69029989093542 0 2.192902356386185 0.09677045047283173 10.39228171855211 1.186278901994228 1.362874060869217 0.3158358037471771 0.2665462791919708 0.5176522582769394 0 3.866703979671001 9.33176751434803 0 103.6795826926827 33.68130219727755 19.42454893887043 2.06365092843771 0.6501580104231834 0.1315577477216721 3.066037006676197 0.3517786338925362 1.482743993401527 3.405533172190189 0.131515771150589 3.324282810091972 2.34908401966095 2.114589683711529 0 0.2905627340078354 0.3804174214601517 0.1604230850934982 0 0 0.179544061422348 0 205.1636437922716 2.751357704401016 0.158318817615509 3.062917873263359 89.60012755542994 0.4717672765254974 7.558351129293442 15.37621290236712 6.909973412752151 0.3662353456020355 9.040644705295563 19.56868836283684 7.73798194527626 17.16306558251381 12.69871613383293 1.069911122322083 5.447380945086479 21.05030155181885 17.70307794213295 3.295705571770668 0 0 0 0 0 0 0 0 0 0 0 0 0 0 0 0 0 0 0 0 0 0 0 0 6.746979281306267 0 0 0.4338492751121521 0 0 0 0 0 0 0 0 0 0.7249159812927246 0 0 0 0 0 0 0 0 0 0 0 0 0 1.235089898109436 0 0 0 0 0 0 0 0 0 4.667323246598244 0 0 0 0 0 0 0 0 0 0 0 0 0 0 0 0 0 0 0 0 4.702400803565979 0.1665901988744736 0.6210230737924576 10.94600874185562 0.3070128113031387 58.80251529067755 5.156087078154087 244.7438783049583 5.892275586724281 0.8354275971651077 0.5238748118281364 7.794347867369652 1.605238676071167 1.263686984777451 0 13.06708544492722 0.7277814149856567 0 0 4.004426300525665 0 269.1794863566756 46.50282794237137
11.96971744298935 1977.598622329533 355.767012283206 26.59681555628777 4687.299284130335 19.337352193892 1831.067195497453 25.89867457002401 6265.258970543742 240.1694050207734 859.1671201065183 166.4371327608824 1172.345432318747 3465.725624538958 9.429991193115711 4.502503246068954 1.005317464470863 0.1478887051343918 0 0 0 0 0.3268892765045166 0 0 0 0 0.102880172431469 0 0 41.99676024913788 7.604061283171177 20.65330144017935 0.8528044372797012 0 1.009268492460251 4.429432287812233 0.8379853069782257 0.362526997923851 0.8174481242895126 0 0 0 0.5398962646722794 0 0.202317476272583 104.4971717000008 2.113922618329525 0.1005149483680725 0.1031051278114319 0 0.4347261190414429 0 0.125195175409317 0.5183194428682327 1.143509492278099 9.133006431162357 37.04202082753181 9.299127712845802 51.28495844453573 0.3686903417110443 3.878983855247498 0.1380911320447922 39.26292899250984 1.702919885516167 1.120222836732864 0.09671922028064728 0.4930762052536011 0.1024510413408279 0 10.02954790741205 0.1301883161067963 0 78.74442703276873 59.30175978690386 113.7228660210967 32.38805305212736 3.747834548354149 0.420140765607357 42.60536026954651 0.2619982659816742 10.01525893062353 2.699436232447624 0 2.031854644417763 1.532381422817707 1.752436563372612 0.1037763655185699 0.1957021355628967 0 0.2382149919867516 0 0.0897180438041687 0.6810999661684036 0 17.00258657336235 0 1.090907514095306 0.3393032997846603 2.393746472895145 1.418062537908554 0.996638610959053 10.19406928122044 8.141325309872627 7.246189206838608 18.84181040525436 9.289064340293407 33.2341078966856 22.87027552723885 31.04755684733391 3.827720358967781 17.92535604536533 67.05423524975777 61.6373210772872 18.50968287885189 0 0 0 0 0 0 0 0 0 0 0.1823530197143555 0 0 0 0 0 0 0 0 3.879400819540024 0 0 0 0 22.39701840281487 0 0.3712349534034729 2.522898197174072 0.7522802948951721 0 0 0 0 0 0 0 0 0.6928240358829498 0 0 0 1.109764695167542 0 0 0 0 0.1647992581129074 0 0 0 0 6.197323381900787 0 0 0 0 0 0 0 0 0 24.80682821571827 0.5741021633148193 0 0 0 5.892828315496445 0 0.5132753849029541 0 0 1.34526689350605 0 0 0 0 0 0 0 0 0 0 36.13674236834049 2.639837875962257 9.369378536939621 121.6732755377889 5.900068260729313 221.9783889949322 41.07550314813852 22.15152913331985 21.76658444851637 0.670137956738472 21.65192730724812 3.109310656785965 0.1277028024196625 4.037070125341415 0.4662603437900543 2.484503746032715 0.99787537753582 0 0 1.558486193418503 0 46.51738215982914 22.56131249666214
317.9739205241203 694.804858289659 22.83716653287411 1060.892148427665 19.337352193892 9.46470507979393 190.632043518126 11.30881458520889 1.72477775812149 1117.061373993754 23.93485617637634 313.4283298626542 284.2444317564368 84.10225637257099 0.1087491288781166 0.6255907118320465 0.1160019338130951 0 0 0 0 1.149063512682915 0 0 0 0 0 0 0 0 145.9380715787411 0.2419603392481804 26.23312358558178 0 0 0.957122877240181 61.77802638709545 0.2225819528102875 6.885606504976749 0.4894779548048973 0 0 0 0 0 0 3.272877350449562 0.5422858968377113 0 0 0 4.706161186099052 4.930962651968002 0 0.170532613992691 0.4491305500268936 255.8756030276418 53.75390211492777 7.032203525304794 2.085425682365894 0.1165826022624969 7.768804356455803 0 1.896882817149162 0.2039093896746635 0.724120207130909 0 0.1224846094846725 0.2356589511036873 0 226.9404952824116 447.4120558202267 6.15082822740078 21.13079053163528 4.307871468365192 3.623399071395397 1.398519605398178 0.17035211622715 0 13.53436047583818 0 1.346734121441841 1.02895500510931 0.147911474108696 1.002953976392746 1.172809399664402 0.1251492649316788 3.13143227994442 5.32500035315752 16.64047212153673 0.5917481184005737 4.733870640397072 0.1280422061681747 0 0.5041738152503967 730.1017204970121 913.6233014911413 22.78766350448132 105.7213067635894 299.432123079896 0 3.744683444499969 11.17803871631622 10.3133540302515 1.361851692199707 6.321854218840599 36.50341749191284 17.78147834539413 17.95412421226501 43.28929495811462 0.1779479682445526 8.276164591312408 24.81343156844378 22.56767044961452 2.381512999534607 0 0 0 0 0 0 0 0 0 0 0 0 0 0 1.400708600878716 0 1.49767854064703 0.8941064924001694 1.310121618211269 2.387959241867065 0 0 0 0 0.6154437363147736 0 0.6878773868083954 0.3137782365083694 0.2946656197309494 0 0.1755746752023697 0 0 0 0 0 0 0 0 0 0 4.116263136267662 0.1577054113149643 0 0 0 0 0 0.3980253040790558 0 0 1.084851175546646 0 0 0 0.1668487191200256 0 0 0.1490622758865356 0 0 2.306437835097313 3.246196240186691 0 0 0 0.7311258316040039 0 0 0 0 0 0 0 0 0.1286287158727646 0 0 0.1920688152313232 0 0.3108526468276978 0.2424092143774033 10.79013101756573 0.1970992982387543 1.464560218155384 11.98445551842451 0.0990881621837616 14.30825448781252 3.562384769320488 93.64539662003517 1.171674162149429 0 0.7538092434406281 10.44426111876965 0 0.3779879882931709 0.1374087631702423 18.02424742281437 0 0 0 1.028318643569946 0 104.5064784958959 75.3661148250103
485.6506804972887 5542.899268485606 20.89686392992735 816.1388215124607 1831.067195497453 190.632043518126 515.1740230843425 3.974661692976952 1040.3220744133 1901.368579506874 81.03008268773556 505.7711554169655 7414.729565486312 2903.237991020083 9.156753309071064 2.622288271784782 0.3824455738067627 0.1151397898793221 0 0 0.1088268011808395 0 0 0 0.1453324407339096 0 0 0.7079018354415894 0 0 129.3998528793454 8.138875633478165 9.880687765777111 0.4604305848479271 0 0.2154624313116074 3.940816432237625 0.1207735687494278 0.8889848440885544 0 0 0 0 0.7589153572916985 0.155029371380806 0.1387737691402435 91.2978525981307 4.331308826804161 1.31245643645525 0.1954582557082176 0.1426121592521667 0 0 0 1.224018439650536 2.412205569446087 36.81546433269978 126.2145728841424 14.68288403004408 65.48085135221481 1.848880134522915 8.652327097952366 0.1284993141889572 48.91902073472738 1.655699491500854 3.434146203100681 0.7063344940543175 0.3226861581206322 0.8179228603839874 0.09642500430345535 10.69128438085318 2.949312597513199 0.1397501975297928 162.2245143130422 90.7225401699543 115.0338033363223 27.86250208318233 3.141142547130585 0.211187519133091 7.314663127064705 0.7476887330412865 2.125689640641212 7.09169740229845 0 4.890238434076309 3.722818784415722 3.150913089513779 0.3598156422376633 0.4395455196499825 0 0.1983197033405304 0 0.1080399081110954 0.1212061569094658 0 52.31254921853542 2.460326954722404 1.023851364850998 1.053700938820839 19.15453364700079 4.117174983024597 6.110745936632156 162.2395743951201 33.74008022248745 4.551341414451599 59.12616758793592 48.80898500978947 67.54946786165237 107.0916924923658 94.61646047234535 4.512929990887642 244.1365163177252 230.3016821965575 134.8126034960151 18.33439814299345 0 0 0 0 0 0 0 0.371338278055191 0 0 0 0 0.7046359181404114 0 0 0 0.2753306031227112 0 0 9.093464970588684 0.349872350692749 0 0 0 21.67597407102585 0 2.731126502156258 2.401532202959061 1.246106505393982 0 0 0 0 0 0 0 0.1359845846891403 0.5530166476964951 0 0 0 0.703930139541626 0 0.1047004088759422 0 0.1152315214276314 0.4061489105224609 0.4941097348928452 0.9489340484142303 0 0 12.70528471469879 0.9497480392456055 0.1433234512805939 0.1569367647171021 0 0 0 0 0 0 37.471490457654 1.036783128976822 0 0 0 3.164843320846558 0 0 1.45979605615139 0.9839342385530472 0.6841040253639221 0.2744330763816833 0 0 0 0.2499584555625916 0 0 0 0 0 51.80634832382202 3.416995793581009 12.38697814941406 93.56841916590929 6.839645132422447 244.7171576842666 31.86441001296043 95.87790215760469 22.99978992342949 1.059506125748158 21.70656737685204 7.0398780554533 0 11.91178846359253 0.8872227072715759 3.801844216883183 2.316529721021652 0 0 3.932973742485046 0.7407774925231934 169.2182271257043 52.1148317605257
41.50270836055279 657.9862768650055 3360.705030560493 2.030387029051781 25.89867457002401 11.30881458520889 3.974661692976952 1963.43569226563 116.2531038820744 1.19844564050436 1656.808162622154 5.597916968166828 12.293910138309 374.6142968460917 10.17278303205967 4.415407568216324 3.912555880844593 0.4499398469924927 0 2.793830379843712 37.24139650166035 0.783562034368515 7.032472975552082 9.21356862783432 2.109312534332275 2.206028319895267 2.255576804280281 0.172598123550415 0.5037094950675964 0 1513.314223639667 2372.353876121342 147.6431287229061 16.6855683028698 3.13667631149292 178.6185021623969 54.59166728705168 102.0618046224117 22.78432466089725 18.74716873466969 10.73534634709358 2.39262805134058 6.79133179038763 8.097333550453186 0.4622028470039368 24.1846236884594 56.51025664061308 1.246099360287189 1.212581291794777 9.495911493897438 7.321102671325207 1.117458909749985 1.477306254208088 0.8359508663415909 0 0.5070858597755432 15.84981545805931 108.941888935864 3.786513492465019 22.09318218380213 519.7711269408464 677.3463397398591 45.29197453707457 507.9385988414288 1.022367969155312 4.2159423828125 1.596189923584461 3.090106457471848 55.62615028768778 8.456607967615128 8.619902864098549 1.329342216253281 0 53.47307339310646 102.4065193831921 61.27194385230541 606.5050867423415 722.9644041806459 993.0022360607982 2038.112495355308 332.2332958132029 2263.201172068715 1.23375841230154 0.1356458961963654 1.4610755443573 2.021893709897995 16.0485976561904 0 2.208733350038528 0 1.625872097909451 0.9089849293231964 25.78766898065805 8.479240916669369 1.54036283493042 0.4931230545043945 0.2175529003143311 0.3255264461040497 3.244092456996441 15.64400938153267 0 0 0 0 0 0 0.2769949734210968 1.111939787864685 0 0 0 0 0.1489438861608505 0 0 0.2477903664112091 0 0 0 0 0 0 0 0 0 0.2255106717348099 0 0.3606930375099182 0 0 0 0 0 0.5205112099647522 0 0 0 0 0 1.319612368941307 0.8393398821353912 0.1358478665351868 0 0.1234004199504852 0 0 0 0 0 0 0 0 0 0 0 0 0.3609296381473541 0 0 0 0 0 0 0 0 0 2.301825135946274 0 0 0 0 0 0 0 0 0 1.227223515510559 0 0 0.2630683183670044 0 0.3042302131652832 0 0 0 0 0 0 0 0 0 0 0 0 0 0 0 0 1.228170976042747 3.039271309971809 54.91188729554415 7.132804796099663 95.05431747436523 29.507188975811 10.12119305878878 7.836162209510803 0.1791743040084839 7.811951711773872 4.444089710712433 0.1811191290616989 0.1351724416017532 0.4210762679576874 0 0 0 0 3.274328090250492 0 5.409994848072529 0.7120092809200287
9.325084835290909 4061.986124902964 1522.537882059813 4.083353742957115 6265.258970543742 1.72477775812149 1040.3220744133 116.2531038820744 660.8698839694262 32.18583539128304 1264.325779922307 26.01514405012131 1345.187750443816 3096.307162962854 5.985811233520508 0.764887660741806 0 0 0 0 0.1405780464410782 0 0 0 0 0 0 0 0 0 12.07880628854036 1.586585804820061 14.07820583879948 0 0 0.7698069214820862 4.532210282981396 1.237895265221596 0.5053514763712883 0 0 0 0 0.2381305992603302 0 0 24.74663372337818 0.5270840525627136 0.2211800217628479 0 0.5180254578590393 0 0.7304403483867645 0 0 0 2.47529598325491 10.96196655184031 0.8078456521034241 11.30837392807007 0.2896514236927032 2.552128493785858 0 6.433047473430634 0.1155148148536682 0.3575580790638924 0 0 0 0 1.784748129546642 0 0 16.15047182887793 12.99137588590384 23.8471083343029 11.45847271382809 1.335082158446312 0 26.60143338888884 0 1.8293282315135 0.462246485054493 0 0.9402287900447845 0.5730598121881485 0.524988628923893 0 0 0 0 0 0.7593085765838623 0 0.6403811573982239 5.323257356882095 0 0 0.5402821451425552 1.482546664774418 0.2630182802677155 0 1.657474637031555 2.228255897760391 0 3.600347757339478 3.661891967058182 15.77128598093987 9.140234589576721 2.975176870822906 0.7562777698040009 7.213698148727417 19.23687832057476 16.93174904584885 3.062087818980217 0 0 0 0 0 0 0 0 0 0 0 0 0 0 0 0 0 0 0 0.9815340638160706 0 0 0 0 2.004655629396439 0 0.8991715908050537 0 0 0 0 0 0 0 0 0 0 0 0 0 0 0.5086930394172668 0 0 0 0 0 0 0 0 0 1.674392580986023 0 0 0 0 0 0 0 0 0 7.356269642710686 0 0 0 0 3.006770014762878 0 0 0 0 0 0 0 0 0 0 0 0 0 0 0 5.732302486896515 1.771571844816208 1.452597200870514 40.71608298271894 0.9107179492712021 51.45253744721413 13.25578129291534 12.84430935233831 3.21905492246151 0.4813438355922699 4.224890366196632 0 0 0 0 3.135853826999664 0 0 0 0.7269638925790787 0 18.2409845367074 4.555492252111435
1434.163743555546 2182.214608691633 20.11579837650061 3186.681279607117 240.1694050207734 1117.061373993754 1901.368579506874 1.19844564050436 32.18583539128304 1690.201018944383 10.19525535404682 4600.793232113123 8684.629183463752 593.0366453379393 3.668417155742645 0.9228674024343491 0 0 0 0 0 0 0 0 0 0 0 0 0 0 80.51269192248583 1.934429451823235 20.71276246011257 0 0 0.2134407609701157 17.7363690584898 0 1.825941756367683 0.381100058555603 0 0 0 0.4451907128095627 0 0.1983534097671509 88.04210343211889 3.288038678467274 0.4708357602357864 0.232861116528511 0.263335220515728 0.144839271903038 1.272257000207901 0.1047253608703613 0.1851022839546204 2.433291293680668 44.09110030531883 83.42663767933846 12.21309778094292 40.90974465757608 0.09287199378013611 6.610471583902836 0.2662484720349312 30.71977553516626 1.355310715734959 0.5322239845991135 0.3358385264873505 0.2524659335613251 0 0 73.93197660148144 18.07196375727654 0.1730544716119766 106.2933093979955 63.05902950465679 75.6517322063446 28.89217718690634 2.981008753180504 0.5221736878156662 5.160761669278145 0.3714845255017281 7.09676767885685 2.868112303316593 0.1119033023715019 2.904787786304951 2.206844620406628 1.675614185631275 0 0.617597721517086 0.495776355266571 0.7423704862594604 0 0 0 0 205.0973132550716 57.02070395648479 0.9867462515830994 9.210852667689323 129.34209240973 0.1982347518205643 5.179792463779449 52.18205086886883 44.52391777932644 6.354324847459793 36.52480055391788 56.36843030154705 36.80776359140873 68.69740290939808 138.6869110763073 8.333334103226662 37.0677105486393 467.380942389369 208.1488510817289 26.68273724615574 0 0 0 0 0 0 0 0 0 0 0 0 0 0 0.2115785032510757 0 0 0 0 3.3570796251297 1.565671324729919 0 0 0 24.62431435286999 0 3.977444052696228 2.580313414335251 0 0 0 0 0 0 0 0 0 2.074464857578278 0 0 0 1.740869149565697 0 0 0 0 0.1185834780335426 0 0.2008069753646851 0 0 9.170393705368042 0 0 0 0 0 0 0 0 0 37.72009266912937 2.744060590863228 0 0 0 4.429274141788483 0 0 0.8024070858955383 0.9173212647438049 1.464643135666847 0 0 0 0 0 0 0 0 0 0 65.49110755324364 3.026718154549599 8.392449721693993 58.56638089567423 1.829400233924389 201.0359695628285 32.33407074213028 251.1002678573132 24.07994431257248 0.6484142392873764 15.9625883474946 9.874377638101578 0 12.67420805990696 0.4373728334903717 11.99807938933372 0.4000093638896942 0 0 15.90002608299255 0 508.4523485675454 85.1856053173542
157.0020743981004 2935.940844155848 2730.233520060778 14.50193648040295 859.1671201065183 23.93485617637634 81.03008268773556 1656.808162622154 1264.325779922307 10.19525535404682 2752.908594280481 115.8500203490257 357.962150618434 2964.205047465861 34.25994163751602 21.55566350370646 2.10849691927433 0 0 0 3.276374392211437 3.275696232914925 1.53766068816185 3.411440625786781 3.30920621752739 0.7399280443787575 2.367874905467033 0.7392137795686722 1.600496619939804 0 464.0347051247954 33.82117982953787 1057.009773597121 1.8386235460639 0.859297052025795 121.0529753938317 501.7387611418962 173.1229968294501 134.4765792563558 38.10841109603643 4.112931191921234 0.1351613849401474 0.1289230734109879 6.529631659388542 0 0.4315553680062294 78.436433583498 1.024229869246483 0 0.3623407036066055 1.183905780315399 4.167075291275978 5.133347637951374 5.077613085508347 0.5125444382429123 1.193268731236458 21.87293545901775 74.4519906193018 6.374263130128384 32.3940142840147 5.991401448845863 249.0420132279396 0.7772207483649254 66.24680545181036 1.615385323762894 0.972508005797863 0.1909722909331322 1.364708706736565 5.88078872859478 0.7451751381158829 174.8292720243335 0.2040994465351105 0 67.27659089118242 88.41139858216047 107.5857396945357 77.54808358848095 29.12879513204098 3.619966104626656 1345.355906940997 1.513145640492439 150.3305380195379 2.317893363535404 0.09521422535181046 1.677589274942875 1.861007638275623 1.497367262840271 0 0.2551349624991417 0 0.8398334085941315 2.473729804158211 9.581614635884762 5.939492009580135 5.599872589111328 8.375576391816139 5.475273624062538 0 34.27648247033358 29.0859649926424 0 0 0.8354878574609756 0.7522728964686394 0 0.1884707510471344 0.2547421753406525 1.894773304462433 5.07063427567482 2.143063485622406 0.8166389763355255 3.853687301278114 10.21074608713388 7.401463605463505 6.927069216966629 0 0 0.1343438923358917 0 0 0 0 0 0.1408100724220276 0 0.3107005804777145 0 0.2278216928243637 0 1.012489095330238 0 0 0 0 1.639660805463791 0 0.4538146257400513 0 0 7.111248716711998 1.219302132725716 0.142878532409668 0.9769621044397354 0.1442644894123077 0.808072030544281 0 0 0 0 0 0 0 0.1833082884550095 0 0.3124035894870758 0 0.5101171284914017 0 0 0 0 0 0 0 0 0 2.677679449319839 0 0 0 0 0 0 0 0 0 6.590490072965622 0 0.403393417596817 0 0 0.9163593053817749 0 0 0 0 0 0.1036991477012634 0.2641917765140533 0 0 0 0 0 0.208913117647171 0 0 2.617484956979752 2.301103785634041 4.827105052769184 196.1463020816445 7.870228618383408 165.0395651683211 59.33943565934896 28.05592006444931 19.62577691674232 0.3131244480609894 30.69676843285561 3.922104761004448 0.1263286918401718 1.280580431222916 0.2776298522949219 0.3789673894643784 0.9606745839118958 0 0 10.47322139889002 0 14.99235901981592 3.752926170825958
86.24350525438786 400.0727148726583 98.53566989302635 348.2027781829238 166.4371327608824 313.4283298626542 505.7711554169655 5.597916968166828 26.01514405012131 4600.793232113123 115.8500203490257 102.3880683630705 939.769256144762 549.0956584811211 20.54494857788086 17.04693484306335 0.4592627957463264 0.3399970531463623 0 0.09728021919727325 0.167705237865448 18.27396984398365 0 0.8393468260765076 2.429318726062775 0.8442839384078979 1.718674749135971 0 0.1746325194835663 0.7046360671520233 39.08015558123589 2.421149305999279 123.3091375976801 0 0 10.09891565144062 416.2126750648022 18.51539026945829 39.62145888060331 5.405107207596302 0.1077771186828613 1.836263492703438 0 4.52508632093668 0 0.09251454472541809 34.76295371353626 1.309755302965641 0.2658685743808746 0.3450803384184837 0 15.77143056690693 8.876614280045033 10.51449427008629 0 0.3877829611301422 13.52035760879517 22.70624333620071 3.121496856212616 14.12014757841825 0.3297955542802811 10.38018161803484 0.534282460808754 23.42357987165451 0.3928092271089554 0.6209376230835915 0.1403692364692688 0.1034169271588326 0.2939959168434143 0 610.604249894619 8.968989297747612 0 40.05996734648943 36.41343411058187 48.55927249789238 35.49301128089428 22.50990328192711 0.4801238626241684 33.92071482539177 0.4875131398439407 5.317798264324665 1.860405832529068 0 0.6143626645207405 0.6726205721497536 0.6566662713885307 0.1073669493198395 0.2324382960796356 0 2.132420897483826 1.096640378236771 1.341801807284355 2.181712701916695 10.121717274189 859.5491278991103 162.6872473582625 0.6776105463504791 90.43811789900064 36.49105458706617 4.971522107720375 8.172219641506672 48.88084978610277 46.61178524047136 19.29834574460983 83.8551182076335 61.08460354059935 118.3561518937349 95.10811778903008 105.5014470368624 16.98756973445415 71.71963652968407 279.7729314342141 241.4950378760695 73.59517944604158 1.418322548270226 0.7035659998655319 0 0.2348556667566299 0 0 0 0.2848893851041794 0 0 0.6452991217374802 0.1592301279306412 1.163185179233551 0.2891401946544647 0.6086704432964325 0.6161689162254333 0 0 0 15.63438752293587 1.542041808366776 0 0 0 62.47463675588369 1.877149596810341 8.169809967279434 8.742560058832169 0.2559500634670258 0 0 0 0 0 0 0 0.3382041156291962 1.898747161030769 0 0 0.1577791124582291 1.32744949311018 0.6519899666309357 0 0 0 0.1212579160928726 0.9583007097244263 0.1527393758296967 0 0 12.79100152850151 0 0 0.1101215854287148 0.1619438678026199 0 0 0 0 0 105.0331921428442 3.279405429959297 0 0 0.5535486340522766 13.43161424994469 0 0.7104717791080475 2.758562915027142 1.285658158361912 2.021501570940018 0.7835484594106674 0.2875552475452423 0 0 0 0 0 0.1672629415988922 0 0 153.3385126292706 19.58336640894413 31.55643051862717 148.7473363205791 5.830849409103394 93.66929721832275 44.48600492626429 46.20121645182371 17.36668729782104 0.3909675776958466 18.49543941766024 17.18564248085022 0.5556609481573105 17.35308427363634 7.932255141437054 17.1050384119153 7.049491420388222 0 0 7.918730452656746 1.019519925117493 525.9908011555672 160.1392886713147
340.0104554891586 2504.971921913326 84.80999900400639 1390.200358562171 1172.345432318747 284.2444317564368 7414.729565486312 12.293910138309 1345.187750443816 8684.629183463752 357.962150618434 939.769256144762 2964.539424531162 4620.760949574411 37.15490081161261 22.24142193049192 1.121538445353508 0.3915567472577095 0 0 1.006169125437737 7.321645691990852 0 0.1374084651470184 1.289999961853027 0.4479762613773346 0.1032299250364304 0 0.4488324373960495 0 55.03146845847368 6.602006383240223 551.1646959558129 0 0 17.1638740375638 451.5514115616679 28.70650810003281 56.01710318773985 8.991870440542698 0.1530563682317734 0.1595259308815002 0.2695256248116493 4.033038020133972 0 0.8707741275429726 124.3141975849867 3.092682033777237 0 0.6210800185799599 0.5448747798800468 3.157484769821167 4.164755217730999 1.195918090641499 0.1164266467094421 1.800412312150002 26.03128501027822 57.90723943710327 9.229334443807602 41.58398320525885 0.6881564185023308 32.7023411989212 0.437053769826889 49.61160691082478 1.78260862082243 1.193718627095222 0.322053536772728 0.3500344604253769 0.9126135259866714 0 442.5604161992669 4.706953912973404 0 87.18778097629547 84.91945496201515 119.396724537015 70.6414542272687 23.38156786561012 0.5089441314339638 62.72785805910826 1.322889104485512 6.068835966289043 2.951793283224106 0 2.955934070050716 1.792298011481762 1.415658690035343 0 0.9553799703717232 0.4567272514104843 0.2421478033065796 1.544479697942734 0.4033600687980652 1.019410952925682 3.684306010603905 750.0876280590892 66.23813690245152 1.270520895719528 36.10547618567944 42.4918265491724 4.325737297534943 8.810353308916092 58.88048403710127 68.52090001106262 21.86913524568081 166.1893572509289 84.29262784868479 122.7008163183928 252.6925615519285 123.3589975237846 18.02103458344936 143.8842001855373 391.2489864602685 285.5263201072812 77.20494421571493 1.644447192549706 0.568027451634407 0 0.1583920270204544 0 0 0.1148271188139915 0.29812291264534 0 0 0.3682323396205902 0 1.076879590749741 0 0.1545900255441666 0 0.6080021038651466 0 0.136823982000351 14.6220804899931 1.088134706020355 0 0 0 91.18484822660685 0.4944335520267487 6.425830662250519 9.550232164561749 2.980964630842209 0 0 0 0 0.3737657964229584 0 0 0.7654431462287903 5.96487932652235 0 0 0 2.579418510198593 0.2932689785957336 0 0 0 0.6636151671409607 1.498271375894547 0.8463153690099716 0 0 33.22842542827129 0.2410997599363327 0.2107841074466705 0 0 0 0 0 0 0 120.7324768006802 8.61165963113308 0 0 0 15.5922385007143 0 5.068007618188858 1.255867175757885 0.65281842648983 2.127056926488876 0.7262514680624008 1.022073015570641 0 0 0 0 0 0.66468745470047 0 0 194.4884329065681 20.3150999173522 35.55914594233036 379.2254595607519 14.09372676163912 301.6833275780082 108.9612486064434 101.0259388536215 39.10993417352438 0.6869717240333557 57.45040266960859 14.15788001567125 0 24.00956073403358 5.286556221544743 7.82688008248806 6.392316117882729 0 0 11.46356721222401 3.142736196517944 496.4338874295354 180.5939455926418
234.4208549112082 7811.178710930049 1549.068704284728 267.1764074862003 3465.725624538958 84.10225637257099 2903.237991020083 374.6142968460917 3096.307162962854 593.0366453379393 2964.205047465861 549.0956584811211 4620.760949574411 1429.324108034372 48.74809643626213 28.3919855505228 1.569069840013981 0.2654309570789337 0 0.110230378806591 1.187632821500301 2.260603800415993 0 0.8125496506690979 0.1218978986144066 1.405685424804688 1.55655749887228 0.1433131843805313 1.219682335853577 0 233.1545499712229 15.52298081666231 1096.820668786764 0.3249766752123833 0 29.86766280978918 912.4764029458165 54.46868858486414 74.88458620011806 12.10869128257036 0.6420260667800903 1.264769047498703 0.2650758922100067 6.639176413416862 0 1.072857677936554 181.6153342872858 5.423962585628033 0.3051933422684669 0.2378471195697784 0.2350133582949638 1.90969879925251 3.736743539571762 2.723238244652748 0.5209115520119667 3.616497002542019 39.85504379123449 120.1171289533377 16.88715106248856 82.47962495684624 1.104758016765118 208.9493990540504 1.175648123025894 103.1528812497854 3.426857680082321 3.302087664604187 0.8594470620155334 0.5793147906661034 1.595551460981369 0.8127391189336777 445.081706866622 2.670912377536297 0.1700501292943954 169.3176813200116 144.5458659827709 214.5944772139192 98.4383102953434 31.28074020147324 0.9144739061594009 431.5423355102539 1.631188042461872 64.41248565912247 6.342018835246563 0.1117787137627602 5.739856511354446 3.738779827952385 3.305960305035114 0.5482520535588264 0.5490214675664902 0 0.5919220298528671 0.1450875848531723 3.132181704044342 2.161461040377617 1.365733586251736 154.1791244521737 24.29884101450443 0.6842140480875969 27.58988139778376 37.87007386982441 2.734819829463959 1.619709894061089 30.25986989587545 44.99258622527122 12.48880176246166 43.24955901503563 44.218455478549 84.73934110999107 68.73233769834042 57.08284337818623 8.504064336419106 36.17090152949095 187.2512729465961 135.8149563670158 48.71395804733038 0.4526969790458679 0.4224004074931145 0 0 0 0 0 0 0.1397352963685989 0 0.184785321354866 0 0 0.7617299556732178 0 0.2089643925428391 0.1624996066093445 0 0 8.178364142775536 1.186786219477654 0 0 0 41.49655433744192 1.015668839216232 6.350259020924568 6.335915446281433 0.6885999888181686 0 0 0 0 0 0 0 0.9535910189151764 0.5816454738378525 0 0 0 1.768072701990604 0 0 0 0 1.115205310285091 1.298784330487251 0.4257712364196777 0 0 21.85579559206963 0.9276606440544128 0 0.4029422700405121 0 0 0 0 0 0 61.12499605864286 2.719151169061661 0 0 0.4651286751031876 9.595577508211136 0 3.684516191482544 0.8540059328079224 0.3722855597734451 0.9305307045578957 1.400780260562897 0.2015948295593262 0.2310255318880081 0 0 0 0 0 0 0 90.98409126698971 10.56113968789577 30.43990124762058 495.6975066736341 20.34962866455317 450.3536610975862 147.5553402155638 86.64944671094418 52.15166977792978 0.1471694558858871 85.40830161422491 14.88149788975716 0 7.962929598987103 2.842373415827751 4.291457667946815 0.6039567738771439 0.6106919646263123 0.4633271098136902 21.59052295982838 0.6760008409619331 183.6016274467111 73.2514114305377
1.140024043619633 23.91246595233679 10.42327097803354 0.8355092033743858 9.429991193115711 0.1087491288781166 9.156753309071064 10.17278303205967 5.985811233520508 3.668417155742645 34.25994163751602 20.54494857788086 37.15490081161261 48.74809643626213 732.0611545741558 2923.213333524764 315.9700055420399 34.47927671670914 103.7943948060274 27.48779280483723 4.180291585624218 1.868832610547543 3.307136185467243 11.54614818096161 6.784556716680527 3.117209136486053 7.280167244374752 3.261682376265526 5.758788779377937 2.309898912906647 6.537942886352539 1.341692559421062 32.99771838635206 21.01454944163561 3.970980390906334 41.05351433902979 75.6133721396327 63.00519366562366 91.95672994852066 65.44851630181074 4.131846740841866 1.418350890278816 2.73403937369585 319.2312082499266 26.20896852016449 143.1702895462513 194.9035266265273 8.901173524558544 26.4568775370717 47.34033907204866 0.9208215326070786 1.01091206818819 41.33761627972126 4.079506017267704 0 0 2.197737492620945 1.49606154859066 2.318400241434574 310.0977086722851 82.81697772443295 90.05943840742111 27.40057754516602 3.582072474062443 1.590533077716827 3.705663911998272 2.729917354881763 2.388174705207348 25.55878621339798 1.41882860660553 39.15424797683954 1.693609267473221 0 312.02474514395 6.44856471568346 1274.828896217048 244.093660056591 498.9458373636007 1.557130441069603 21.06941685080528 60.14249324053526 52.0352733284235 6.660998359322548 0 2.596310153603554 1.235369823873043 41.33043316751719 0 3.817104928195477 0 1.061464682221413 0.705230712890625 1.070372402667999 0.9629373922944069 1.7326645180583 2.596823759377003 2.487951651215553 7.778254598379135 53.07824358344078 0.1126047298312187 0 0 0 0 0.5046891123056412 0 0 0 0 0 0.252315491437912 0.1780045479536057 0.2986514270305634 0.4080829918384552 0.9357682466506958 0 0 0 0 0 0 0 0 0 0 0 1.735134065151215 0.6347553431987762 0.3574403524398804 2.2186314240098 0 1.225741475820541 0.5051981061697006 3.466537997126579 0 0 0 0 0 2.26921334862709 0.8428152725100517 1.220896482467651 3.557305417954922 1.925014302134514 0.458506852388382 0 0 0 0 0.7766218185424805 0 0 0.5531962662935257 0 0 0.1183013916015625 3.91670086979866 0.5973498970270157 0 0 0 0 0 0 0.105943538248539 0 4.321234077215195 0 0 0 0 0 0 0 0 0.5969045758247375 2.225593194365501 2.03040237724781 0 0.1186951324343681 0 0.58561110496521 0 0 0 0 0 0 0 0.1081378534436226 0 0.163267195224762 0 0.1555186063051224 0.1272219717502594 0 0 1.162568330764771 2.263728737831116 6.507232449948788 5.476204201579094 2.236915051937103 197.0446081310511 21.88530173897743 1.339545398950577 0.626361757516861 0.4617749154567719 1.115606561303139 7.343849927186966 0.9594829678535461 0.7486729323863983 0.9781924933195114 0 0.4753451645374298 0 0 3.125170230865479 0.2589135468006134 2.804840065538883 0
