175.9517970755696 1630.208184830844 1166.586407639086 945.3548097833991 893.5781585425138 58.53748363256454 1014.93365149945 56.15348809957504 86.52127716690302 1322.54161619395 207.792138569057 188.356254696846 156.4579715058208 99.0733171030879 4.56746318936348 1.226399056613445 0.2930406332015991 0.4410653114318848 0 0 0 0 0.2644093036651611 0 0 0 0.1364413797855377 0.1581962555646896 0.2679562345147133 0 389.1376062333584 16.71906973421574 2.027317635715008 0 0.1792839542031288 0.321290098130703 1.461585767567158 0.2188647463917732 0.6152841150760651 0.08598476648330688 0 0.2970902845263481 0.2062676772475243 0.2962221130728722 0 0.7462451457977295 56.07842743396759 0.7124711722135544 0.09595789760351181 0 0 0 0 0 3.443853937089443 11.18545450270176 149.4699236378074 543.5380324348807 37.49649768322706 33.17656538635492 0.405837282538414 0.09325237572193146 0 52.92738118767738 3.38099417090416 2.418846249580383 1.687546797096729 0.2988370358943939 0.271557405591011 0.1321375668048859 3.057470872998238 0.6965717077255249 0 73.42828252911568 20.28043748438358 26.90552876144648 1.678376592695713 0.7106988057494164 0.09158574044704437 18.83039723336697 1.282031938433647 1.787113904953003 25.97496216744184 0 3.174614876508713 4.222563087940216 0.5334089323878288 0.21160489320755 0.6369429528713226 0 0 0 0.07006237655878067 0.1971705481410027 0.375302791595459 21.82154700905085 0.3533239662647247 0 1.239391908049583 704.3421385213733 0 0 1.518549613654613 0 0.2470478713512421 3.297313377261162 0.7370295822620392 1.504356279969215 3.414882637560368 2.520828023552895 0.1252084970474243 5.626120984554291 2.561679266393185 1.716276228427887 1.058618567883968 0.07645393908023834 0 0 0 0 0 0 0 0 0 0.1176494732499123 0 0 0 0.4682306945323944 0 0.3756229281425476 0.3201408833265305 1.322627007961273 0.1145394295454025 0 0 0 0.3846157491207123 3.945586249232292 0.8033245578408241 1.001605719327927 2.986583180725574 1.076554715633392 0 0 0 0 0 0 0 0 0.3308796286582947 0 0 0 0.3388250842690468 0 0.1146830022335052 0 0.588577076792717 0 0 0 0 0 0.1084281578660011 0.4319813102483749 0 0.4388146474957466 0 0 0.3104891180992126 0 0 0 2.107636854052544 0.08633238077163696 0 0 0 0.3754384145140648 0 0 0 0 0 0 0.08231076598167419 0 0.1048296168446541 0.2030951976776123 0 0.09282232820987701 0 0 0 9.027925714850426 5.523375928401947 3.298915661871433 154.7236917465925 9.335071690380573 185.8710868135095 16.62606643885374 779.0727687627077 8.539885021746159 0.114585854113102 9.738035678863525 5.690646424889565 0.186951532959938 0.3919261768460274 0.1341241896152496 5.955911718308926 0 0 0.2126552313566208 2.909109592437744 0 298.2013652324677 5.401371635496616
1630.208184830844 609.9727494046092 279.8486908525229 500.4134464040399 1260.933118879795 64.73720493912697 1759.569884888828 10.9897535815835 326.2127856314182 543.2837589532137 189.5388446599245 34.73610709607601 165.8720008805394 188.9608779773116 4.961860284209251 0.307310976088047 0.3781038746237755 0 0 0 0 0 0 0 0.09759356826543808 0.1612919270992279 0 0.242514356970787 0 0 351.2050355672836 7.423707596957684 2.023109391331673 0 0 0.09321663528680801 0.9980607330799103 0.4635235369205475 0.6277323216199875 0.2407511919736862 0.06759728491306305 0.250354953110218 0.09588917344808578 0.2121286541223526 0 0 51.52915306389332 0.4722390696406364 0.09004030376672745 0.2329957634210587 0.5347559452056885 0 0 0 3.101319424808025 6.056331098079681 48.82715739309788 205.1830544769764 25.70175866782665 28.23567856103182 0.1208685487508774 0.978177510201931 0 31.50122717767954 2.715803921222687 2.029884062707424 0.9867593944072723 0.4426219761371613 0.6033668294548988 0 2.668694108724594 0.262829877436161 0 51.59209781885147 17.42383559793234 23.38004000484943 3.700212724506855 0.9633447229862213 0.8023857772350311 10.57583380490541 0.8259880170226097 1.327600590884686 18.01966735720634 0 1.571264483034611 2.271644458174706 0.2062904536724091 0 0.4956025704741478 0 0.07933145016431808 0.1773937046527863 0.234792061150074 0 0.09613627195358276 19.82725778967142 1.388232760131359 0 0.5703782141208649 410.3666808828712 0 0 1.996241271495819 0 1.834569320082664 5.710516721010208 2.778958439826965 8.384339779615402 9.387391000986099 8.213678672909737 2.11430536210537 12.63698972016573 7.460432760417461 9.012270003557205 7.270351015031338 0 0 0 0 0 0 0 0 0 0 0 0 0.2214347273111343 0 0.4762892574071884 0 2.174568012356758 0.1621823161840439 0 0.8610586449503899 2.140121027827263 0 0.4570473730564117 4.496990442276001 17.65433567762375 2.614350855350494 3.445062533020973 13.57829190045595 2.898370154201984 0 0 0 0 0 0 0 0.4547376707196236 0.3936788812279701 0 0 0 1.669773027300835 0.3205163404345512 0.1611485928297043 0 0.4147770553827286 0.07728530466556549 0.1150277629494667 0 0 0.2058171480894089 3.600218743085861 1.003542378544807 0 0.2710899040102959 0.1623817384243011 0.4371044039726257 0 0 0 0 3.702741853892803 0 0.3123679757118225 0 0 2.560959376394749 0 1.23516758531332 0 0.2862250506877899 0 0 0.2600769698619843 0 0.07438398897647858 0 0 0.1905857026576996 0 0.0986146479845047 0 12.73777564615011 30.34314972907305 15.944371573627 95.23669787496328 6.83530905097723 165.5539860911667 17.00252205133438 433.3178336173296 14.31658283621073 1.754291296005249 12.44147751480341 9.346704788506031 0.09246941655874252 3.737606182694435 0.1818728446960449 15.16594171524048 0.3705628216266632 0 1.370943278074265 5.666276186704636 1.243854284286499 124.5549225881696 25.04820922762156
1166.586407639086 279.8486908525229 128.8096345737576 43.19095318764448 613.3995191156864 16.88362739980221 304.4945079684258 943.9400753006339 459.175854369998 43.58376763761044 1121.798420585692 15.01008003950119 312.7470920979977 750.6445311456919 7.496685437858105 6.096030429005623 0.7823716178536415 2.359141707420349 0.3124147430062294 0.8206619620323181 0.8948201015591621 0.5132380723953247 1.594283498823643 2.054763115942478 3.173788592219353 11.45369517058134 2.046019047498703 3.033853180706501 5.100439362227917 1.853381365537643 3300.351986482739 218.3486431576312 48.81044737994671 0.107403039932251 3.325101710855961 7.026857554912567 19.39166816323996 4.53839648514986 3.885508254170418 2.499703228473663 5.57552856951952 4.525032073259354 0.4425046965479851 1.672088891267776 0 0.1689591109752655 59.45490117371082 0.267580933868885 0.8201213330030441 3.43342661857605 5.744384910911322 1.780538626015186 1.150471590459347 0.6972917169332504 4.207455590367317 9.626620195806026 101.3503596559167 644.1738793700933 36.4335894882679 35.24058886617422 2.196884125471115 8.255698397755623 0.5570055916905403 157.3629329428077 2.830845728516579 5.973323412239552 5.396034494042397 2.910882607102394 5.917750213295221 2.277426049113274 39.63660872727633 0.6898777186870575 1.013113267719746 79.57267171889544 36.90749532729387 37.06540762633085 11.33606597781181 14.13656765967607 26.02671683579683 558.3754223063588 8.339856371283531 93.67917743325233 20.97447205334902 0 2.869855776429176 3.911392189562321 3.737420290708542 0.1604912281036377 0.6201693192124367 0.5393016114830971 0.1992236971855164 0.16617401689291 5.30855742841959 1.768341146409512 3.734286069869995 118.9836858063936 5.195967994630337 0 5.693240597844124 1116.666301384568 0.3163415938615799 0 2.380633518099785 0 2.851732492446899 10.33730232715607 0.7837214916944504 12.34548696130514 5.560944676399231 5.170499563217163 1.685542747378349 18.06581950187683 8.044975750148296 10.77474719285965 5.081347867846489 0.8942753747105598 0.3971888422966003 0 0 0 0 0 0 0 0 0.2436496764421463 0 1.837248682975769 0.1653147041797638 2.079375900328159 0.4655432179570198 4.342912934720516 1.749624311923981 0.4340708777308464 1.628950446844101 1.872944034636021 0.6021173000335693 3.41618251055479 1.333271846175194 25.93874272704124 6.789249636232853 9.403624027967453 37.59808124601841 12.35638985037804 0 0 0 0 1.059451632201672 0.08619814366102219 0 0.1713021695613861 0.6837570145726204 0 0 0.1447491198778152 5.813544310629368 0.1775795519351959 0.3851674273610115 0 0 1.16994497179985 1.552857622504234 0 0.07840682566165924 0.7756548970937729 11.00329992175102 1.673178195953369 0 0.08593975007534027 0 0.1135558634996414 0 0.101405180990696 0.1343520283699036 0.1469491571187973 3.90015771239996 0.306880347430706 0.7946652844548225 0.2039709389209747 0.6090656667947769 1.76643505692482 0.7359500080347061 3.177128702402115 0.5939133241772652 0.5010122805833817 0.5654789358377457 1.487629480659962 0.2716634124517441 0 0.246622808277607 0 0 0.1662477850914001 1.173393830657005 0.3601892963051796 0 10.9918290451169 39.71667598187923 28.94713609665632 131.8749457895756 12.38472963869572 199.875811226666 33.70845181494951 219.2113798782229 14.01948492974043 0.7472771778702736 24.43734742701054 17.91628267616034 0 3.169848844408989 1.103761993348598 13.07446937263012 0.4849331974983215 0 0.775884822010994 9.952917382121086 1.732183001935482 103.2908938974142 27.35566759109497
945.3548097833991 500.4134464040399 43.19095318764448 163.205551981926 494.3752971068025 110.3431375771761 395.6528112441301 2.759872056543827 42.60726274549961 431.8969973325729 29.8901429399848 19.4468456953764 36.07075966894627 9.186742775142193 0.1019678860902786 0.1101255491375923 0 0 0.08654872328042984 0 0 0 0 0 0.08943618834018707 0 0 0 0 0 27.23806416243315 3.898090608417988 0.09337001293897629 0 0 0 0 0 0.09349574893712997 0 0 0 0 0.2123499810695648 0 0 9.190773747861385 0 0 0 0 0 0 0 0.2200297489762306 0.9895380958914757 11.39253824204206 33.09094289690256 5.431443110108376 3.697083093225956 0 0 0 11.18227834999561 0.2755482047796249 0.322902999818325 0.09149572253227234 0.07703564316034317 0 0 1.018681615591049 0 0 6.863515175879002 3.481228299438953 3.477807089686394 0.2440739721059799 0 0.1894027888774872 0 0 0.2757734730839729 3.828853860497475 0 0 0 0 0 0 0 0 0.128795325756073 0.07456991076469421 0 0 15.09928328543901 0.1598077565431595 0 0 134.5646220594645 0 0 0.105775497853756 0 0 1.403966054320335 0.9654194712638855 0.6887560486793518 0.2730403244495392 2.798957265913486 0 3.220773376524448 2.093246288597584 2.780933052301407 0.2522586509585381 0 0 0 0 0 0 0 0 0 0 0 0 0 0 0 0 0 0 0 0 0.1279143989086151 0 0 0 3.28553181886673 0.1100586280226707 1.383484214544296 0.7629290670156479 0.7614828944206238 0 0 0 0 0 0 0 0 0.3529860973358154 0 0 0 0 0 0 0 0 0 0 0 0 0 0.4362269043922424 0 0 0.151187464594841 0 0 0 0 0 0 0.5909925624728203 0 0 0 0 0 0 0 0 0 0.3769672214984894 0 0 0 0 0.1060871630907059 0 0.1048800125718117 0 0 0 3.414785459637642 4.394736111164093 5.366729162633419 44.24403797090054 0.5499481186270714 28.19915816932917 4.471659615635872 508.8590840324759 1.860785111784935 0 1.914264738559723 1.876358211040497 0 0.1103640049695969 0 5.919616460800171 0 0 0.6474298238754272 0 0 80.11736953258514 2.807253003120422
893.5781585425138 1260.933118879795 613.3995191156864 494.3752971068025 805.3339382335544 31.2900301143527 1527.555166497827 10.92953134328127 1902.085857100785 1371.229864612222 920.1209951937199 136.8676997572184 388.4899024441838 529.6746441870928 10.9146071895957 0.7188396155834198 0.6085161492228508 0.7484443932771683 0.2529081180691719 0 0.8818097114562988 0.1773430779576302 0 0.3597010299563408 0.08863399922847748 0.4800795987248421 0 0 0.5561088249087334 0 140.4510770067573 24.57783596217632 3.207246661186218 0 0 0.2308325842022896 4.307850763201714 0.5030526220798492 2.277920313179493 0.823312796652317 0.3821466267108917 0.1985523253679276 0 0.5156233236193657 0 0 104.6882434934378 1.425255782902241 0.1171895563602448 0.43778096139431 0.6292059496045113 0.08391513675451279 0.3303576707839966 0.2945922315120697 3.451650440692902 7.837724879384041 62.64630652964115 152.3906783387065 36.3319273814559 38.6069053709507 0.8378999680280685 1.167988017201424 0 59.72094322741032 2.947336509823799 3.160924635827541 1.300544440746307 1.399946555495262 0.8418417647480965 0.4139536917209625 7.417802974581718 0 0 73.39592600613832 32.16300500929356 48.10737818479538 7.673310942947865 2.945486277341843 0.8083544299006462 4.081650242209435 0.8983192592859268 3.3365278840065 26.26561617106199 0 4.128524519503117 4.487686395645142 0.7936235815286636 0.2209032103419304 0.5638414919376373 0 0 0.2804853245615959 1.26702418923378 0.2284072265028954 0.556462287902832 56.56400576978922 0.5268741920590401 0 1.918951913714409 129.07447694242 1.08756810426712 0 9.444231376051903 0.2028691619634628 3.627135813236237 17.76033038645983 13.08730173110962 17.57581850141287 19.44175674766302 16.95814910531044 5.111248582601547 36.83020581305027 16.25237297266722 21.1672545671463 15.3318755030632 0 0.1030211746692657 0 0 0 0 0 0 0 0 0.4762026071548462 0 1.933507174253464 0 2.697212100028992 0 6.248785622417927 0.3526807278394699 0.9417119026184082 4.319748789072037 3.268760718405247 0.1050065457820892 0.6477423310279846 1.155018046498299 47.57904360443354 3.28705458343029 15.47762083262205 24.2210148870945 8.735388234257698 0 0 0 0.2673844397068024 0 0.2380442544817924 0 0 0.2664744481444359 0 0 0 1.676985777914524 0 0.6352814882993698 0.1039805039763451 0.6380879282951355 0 0.1256779432296753 0 0 0.3592533767223358 11.71091490238905 0.449680358171463 0 0.4887194931507111 0.1048305258154869 0.2517159283161163 0 0.361748144030571 0 0 10.76400958746672 0.6153199896216393 0.4411689043045044 0 0 3.632611617445946 0 4.165786020457745 0.1789053156971931 0.1646478176116943 1.220178537070751 0 0.3123416304588318 0 0.4445164948701859 0 0 0.0816165879368782 0.09224025160074234 0.1851908713579178 0 47.60562673211098 80.49029967188835 45.66947310417891 225.9296300262213 10.22728703171015 337.0420192405581 50.45907817780972 342.086667470634 28.31886121630669 3.080679975450039 42.51429225504398 26.75030463933945 0.4210941642522812 4.940351560711861 2.21844282746315 35.95540910214186 0.5488499104976654 0 0.601063460111618 14.75715379416943 0.6639523506164551 215.9967291280627 68.46688248962164
58.53748363256454 64.73720493912697 16.88362739980221 110.3431375771761 31.2900301143527 0 49.71613502502441 0.3706699311733246 7.571893498301506 307.7379964962602 4.312827378511429 123.8757542520761 80.61542274802923 9.855278164148331 0 0 0 0 0 0 0 0.25853630900383 0 0 0 0 0 0 0 0 1.415589809417725 0 1.156147629022598 0 0 0 3.658753842115402 0 0 0 0 0 0 0 0 0 0.4601284116506577 0.1447313129901886 0 0 0.1500858515501022 1.994529977440834 3.088848054409027 0 0 0.1087909340858459 28.40116637945175 1.845027796924114 0 0.2197315543889999 0 0 0 0 0.117910735309124 0.4719730615615845 1.755483269691467 0 0 0 20.88778632879257 200.8929748535156 18.01239709556103 0.4147304520010948 0 0.46083764731884 0 0 0 0 0 1.201539397239685 0.330305777490139 1.534909397363663 0 4.995225466787815 0 5.000495590269566 4.58682245016098 8.154021687805653 0.7910407483577728 0.5245520547032356 0 0 0.1060759723186493 135.226360142231 141.5766178816557 17.2262482047081 4.477226704359055 156.0734859108925 0 0 0.7484364360570908 0 0.4514817148447037 2.239081345498562 4.366693526506424 1.459596037864685 1.734940215945244 3.234603688120842 0.3831291049718857 2.379390344023705 2.031116709113121 1.808960877358913 0.5453976765275002 0.2535525560379028 0 0 0 0 0.3330107629299164 0 0 0 0 0.4594061821699142 0 0 0.183562383055687 0.106765940785408 0 1.392245508730412 0.9911587238311768 0.2066313996911049 0 0.3232408165931702 0 0 0 4.184331446886063 0 0.1105956509709358 0.2185313627123833 0 0 0 0 0 0 0 0 0 0 0 0 0 0.2162956148386002 0 0.08370386809110641 0 0 0 0 0 0 0 0.2543523907661438 0 0 0 0 0.1235873699188232 0 0 0 0 0.9372233524918556 1.083077669143677 0.9911094903945923 0 0 0.7051751613616943 0 0 0 0 0 0 0.09864816069602966 0 0 0 0 0 0 0 0 8.479980304837227 6.3547118678689 2.57304310053587 0.5044605135917664 0.4155516922473907 1.320746436715126 0 56.22470108419657 0 0 0 7.998897850513458 0 0.4006154239177704 0.270263209939003 4.789900943636894 0 0 0 0 0 26.96437703073025 7.967392310500145
1014.93365149945 1759.569884888828 304.4945079684258 395.6528112441301 1527.555166497827 49.71613502502441 197.5257696509361 2.216375730931759 1205.374176338315 1463.029181525111 267.8051859363914 564.7175411731005 1597.205752238631 3432.298278987408 3.019683793187141 0.3446364551782608 0 0.1734727770090103 0 0 0 0 0 0 0.08762740343809128 0 0 0 0.1091327965259552 0 50.10729829221964 6.038693107664585 6.639737688004971 0 0 0 7.267012633383274 0 0.2676542997360229 0.2301116660237312 0.1690443158149719 0.1952909082174301 0 0 0.0864691287279129 0 31.69055186212063 0 0.2569964677095413 0.08005204796791077 0.1605647876858711 0.1891709566116333 0.09207452833652496 0.1531403660774231 1.427187494933605 2.92010023444891 23.31432548910379 65.47907201945782 12.67878976464272 15.64321567118168 0 0.3905754685401917 0 19.81802929192781 1.241109989583492 1.383398897945881 0.6617362350225449 0.5775976702570915 0.2162099257111549 0.09701216965913773 1.884104616940022 0 0 25.69248002022505 10.14050986617804 13.82501231133938 1.710591845214367 0.3860565349459648 0.5226551368832588 1.774099409580231 0.1288953274488449 1.810815520584583 9.337327599525452 0 0.856629878282547 2.216565005481243 0.1561230421066284 0.16570695489645 0.1504741162061691 0 0.07940608263015747 0.09916925430297852 0.07140254229307175 0.1680364087224007 0 18.32187665998936 0.5337466150522232 0 0.5892760828137398 81.06656610220671 0.1606316715478897 1.504571437835693 4.840810343623161 1.527478963136673 2.586437165737152 12.65218781679869 2.489208444952965 7.977430425584316 5.972643539309502 7.336663849651814 2.104799523949623 12.10601864755154 8.480533048510551 10.36947076767683 2.506280086934566 0 0.1512063816189766 0 0 0 0.09545248746871948 0 0 0 0 0 0 0.8612624183297157 0 0 0 1.305180430412292 0.8013314232230186 0 0.91132652759552 2.327776752412319 0.2493861168622971 0.7283053323626518 0.09090974926948547 19.71128687262535 2.35645566880703 5.507787726819515 9.855675242841244 2.512580327689648 0 1.083166241645813 0 0 0.1312245428562164 0 0 0 0.1040805950760841 0 0 0 2.411471612751484 0 0.1643747612833977 0 0.4273281618952751 0.3661117404699326 0.1060883328318596 0 0 0.1318103671073914 3.718021810054779 1.259658336639404 0 0 0 0 0 0 0.1012655943632126 0.3318226337432861 4.861770570278168 0.1328950822353363 0 0 0 1.255298890173435 0.080353744328022 1.981729067862034 0.4259646907448769 0 0.08083116263151169 0 0 0 0 0.08434935659170151 0 0.09787908941507339 0.1816866993904114 0 0 14.06817580014467 25.19788039475679 17.89776705950499 59.955451361835 6.065264441072941 95.98502390086651 13.18455261737108 233.6051321327686 8.531921193003654 0.3809361010789871 7.246985733509064 9.910323046147823 0.7604182958602905 0.7627896592020988 0.8238876461982727 9.173786640167236 0 0 0 5.173911541700363 0.1839073151350021 94.48957624286413 20.81202829629183
56.15348809957504 10.9897535815835 943.9400753006339 2.759872056543827 10.92953134328127 0.3706699311733246 2.216375730931759 330.3002865985036 375.8525143265724 5.421276591718197 786.0257432386279 17.19863724708557 289.3900761455297 1284.564875304699 19.45261792838573 18.40913556516171 6.047642804682255 8.086900152266026 0.8190312758088112 5.463572531938553 3.332606315612793 0.9666009098291397 4.798653818666935 11.18655277043581 24.25814712047577 48.82845517992973 11.77985568344593 15.79022700339556 22.92058672010899 8.569896459579468 421.5730673149228 1229.505580246449 182.9316074252129 0.1350886672735214 22.65036776661873 39.67019936442375 48.32922299951315 18.39835754036903 24.43031879514456 10.70726773887873 32.16675829142332 23.56939226388931 3.576784506440163 3.849975377321243 0.697322852909565 0.8115075752139091 119.9813037216663 2.603810407221317 4.127451591193676 12.19869386404753 20.07507844269276 8.264381811022758 2.360874846577644 4.571000255644321 2.458436332643032 6.01197425276041 52.43365520238876 213.2360388413072 21.97649627178907 32.56737421452999 24.84940709173679 49.32375553995371 3.519274652004242 162.3088731095195 2.507167659699917 11.06555211171508 18.13531482964754 13.43291741609573 22.66689240187407 8.004899948835373 54.05803970992565 2.583127178251743 1.022193938493729 66.2997173294425 55.33724353462458 74.88720738142729 41.55847457051277 35.8851822167635 897.3209577053785 2093.873886570334 63.1389712318778 994.0371565893292 16.82761630415916 0.1591101437807083 6.413924843072891 3.293267719447613 14.45610288530588 0.08056542277336121 1.414345055818558 0.5490444451570511 2.0180389508605 4.581267952919006 33.94011449813843 8.830320216715336 20.96107406914234 181.2485703006387 2.50311578810215 0 9.840080291032791 101.5662465691566 1.582288205623627 0 2.032067611813545 0 1.058946296572685 6.366072863340378 3.245029762387276 6.085892736911774 4.027137473225594 3.36099673807621 3.225355677306652 11.84550267457962 9.184935815632343 5.857075549662113 5.000074125826359 0.08904370665550232 1.418937012553215 0 0.2442286983132362 0 0.3646826446056366 0.3747864291071892 0.4709245786070824 0.6776597499847412 0 2.01779942214489 0.1748193204402924 2.156712718307972 0.9807373806834221 1.31612640619278 0.5415054559707642 10.39845103025436 3.166177570819855 1.049464166164398 2.610856533050537 1.658019237220287 0 1.383789978921413 0.6019673421978951 19.53406915813684 3.075210437178612 9.763829872012138 20.33327049016953 7.985661275684834 0 0 1.037874847650528 0.1933524906635284 0.2522624954581261 0.5719603896141052 0.4938443303108215 0.09289321303367615 1.396116197109222 0.09435196220874786 0 0.8905556201934814 4.823748961091042 1.107826352119446 0.3783164769411087 0 0.08235064148902893 0 0.1438835263252258 0 0.7356719076633453 2.826914601027966 9.817454122006893 0.7821067124605179 0 0.3242658898234367 0.3866089731454849 0.2283166795969009 0.5887098163366318 0.3728780150413513 1.615714333951473 0.6020920053124428 3.913349471986294 2.078764751553535 1.011688224971294 0 3.634560577571392 1.838568016886711 0.1040449067950249 4.963328838348389 0.3422398418188095 0.4817067235708237 0.3353990837931633 0 0.8230094090104103 0.3021796345710754 0.259118489921093 0 0 0.8651283159852028 0.7213199213147163 1.17946258187294 1.50981842726469 8.188804388046265 24.59308118373156 21.67119401693344 255.1290545612574 14.66218420118093 361.3801891133189 78.25225260853767 54.77564406394958 24.37631566077471 2.609457202255726 42.63789790868759 17.15300925076008 0 3.72750149667263 1.580818422138691 6.742058359086514 0.7400074303150177 0 2.643924489617348 18.28417475521564 1.535821981728077 76.94134444743395 24.80400413274765
86.52127716690302 326.2127856314182 459.175854369998 42.60726274549961 1902.085857100785 7.571893498301506 1205.374176338315 375.8525143265724 888.274025477469 525.4979553371668 1392.220999784768 113.1329851150513 264.2698510661721 403.6476214006543 6.134402640163898 1.155114442110062 0.7178381383419037 0.3706201463937759 0.0801067128777504 0 0 0.3222429752349854 0 0.09821769595146179 0.2464621663093567 1.197872810065746 0.1716747730970383 0.2000971660017967 0.2537707388401031 0 65.38009943068027 13.65285474061966 17.80350802093744 0 0.2427819967269897 0.08330710232257843 5.907043464481831 0 0.5446385517716408 0.2480498179793358 0.4619271233677864 0.4301285371184349 0.2010974586009979 0.3521561548113823 0 0 38.54724033176899 0.1936959326267242 0.07660722732543945 0.6032613590359688 0.5663274601101875 0.14996138215065 0.08520873636007309 0.1124122440814972 0.7402872964739799 2.250399060547352 19.85612536221743 38.79153990745544 8.85386473685503 14.67772906273603 0.1011236533522606 0.4922832474112511 0 26.25400606542826 0.7717912271618843 1.547540433704853 0.705059289932251 0.7415499538183212 0.8689750880002975 0.2136810049414635 21.71152406930923 0.2065263241529465 0 23.10655602067709 17.57049765437841 20.75103184580803 3.789253905415535 1.563901908695698 0.8049753084778786 7.399548731744289 0.478933721780777 2.694619551301003 6.177796639502048 0.1091711297631264 1.373053498566151 1.225213684141636 0.4772960841655731 0 0.4469481781125069 0.1636321097612381 0 0.2706629633903503 0.5301688387989998 0.1391065567731857 0.7595279291272163 84.43584094941616 1.142962828278542 0 1.126895248889923 41.59202729910612 1.912124402821064 0 4.009423151612282 0.5592441558837891 6.377559073269367 14.42034859955311 5.133250027894974 20.67488437891006 7.863829702138901 15.6265965923667 4.820225581526756 26.05348666757345 10.99514701962471 16.48713896423578 11.40288069099188 0.859819695353508 0.2341479063034058 0 0 0 0 0 0.6870806217193604 0 0 0.3628338873386383 0 0.2528804242610931 0.1064769923686981 0.935389518737793 0.1296610236167908 3.47656287997961 0.4336969032883644 1.601186588406563 4.234041981399059 1.68871284276247 0.09171071648597717 0.281165637075901 2.023072361946106 34.84808006137609 3.523853622376919 10.78871628642082 27.8586759865284 10.24745934456587 0.2227637097239494 0 0.1129582449793816 0 0.2853026539087296 0.104771189391613 0 0.09242452681064606 0.7826392650604248 0 0 0.1300668567419052 1.315486907958984 0 0.0906398594379425 0 0 0.3017478510737419 0.6525220423936844 0 0.06965857744216919 1.189653262495995 6.304906584322453 0.8653085976839066 0 0 0.1410539746284485 0.08448854088783264 0 0 0.4059492349624634 0.3950940892100334 9.658931091427803 0.8739250898361206 0.1057020723819733 0.09728555381298065 0 2.516513101756573 0.6438047140836716 4.453144825994968 0.2025820314884186 0.1235925629734993 0.1014465838670731 0 0.5938778892159462 0 0.1784749925136566 0 0 0.1065402403473854 0.1080812513828278 0.2641572058200836 0 28.83984664827585 53.16370651125908 29.17884482443333 138.2923013418913 7.258819319307804 152.734856069088 29.3418371155858 94.78830302506685 18.20229353755713 0.529000960290432 24.3071441501379 17.40335248410702 0.1056554168462753 4.301508009433746 0.940731517970562 19.40771099925041 0.2256230562925339 0 1.813147261738777 7.911894589662552 0.1219959110021591 141.2134042456746 44.07708384841681
1322.54161619395 543.2837589532137 43.58376763761044 431.8969973325729 1371.229864612222 307.7379964962602 1463.029181525111 5.421276591718197 525.4979553371668 434.9948889389634 103.3361255079508 491.1998494118452 5182.227768175304 384.5649333894253 0.518076092004776 0.09191739559173584 0.09623352438211441 0 0 0 0 0 0.124533474445343 0 0 0 0 0 0.1093032583594322 0 19.30765278637409 3.23136580735445 32.13898689299822 0 0.07950133085250854 0 5.348904721438885 0.08845820277929306 0.2522883266210556 0 0.09554105252027512 0 0 0 0.1607994139194489 0 10.71457141637802 0.2043225914239883 0 0 0.1790493726730347 0 0 0 0 0.7732045948505402 21.4504819214344 27.4647131934762 4.697242215275764 2.727721802890301 0 0 0 7.174981534481049 0.6612588316202164 0.3594263941049576 0.2741884887218475 0 0.08552218973636627 0 3.966835767030716 0.6775111481547356 0.2441565692424774 8.250235624611378 4.31268598139286 4.703920505940914 0.7182175517082214 0 0.09136761724948883 1.338026203215122 0.09429650008678436 0.1920624822378159 5.026696860790253 0 0.2610308974981308 0.400661826133728 0 0 0 0.310933917760849 0 0 0 0 0.1170155853033066 70.53463454544544 0.9030932784080505 0 0.5332031100988388 264.8177092894912 2.323142163455486 2.075960427522659 18.06605604290962 7.901916950941086 16.27919416129589 46.38272476941347 36.7054790854454 44.59403329342604 49.55973301827908 51.76920660585165 16.03265178203583 85.00239099562168 41.43953795731068 57.55391120165586 26.92951317131519 0 0.09739641845226288 0 0 0 0 0 0 1.12566089630127 0 2.135095238685608 0 0.2981792166829109 0 3.965021908283234 0.2829479053616524 3.30234108120203 0 1.221789360046387 4.533265553414822 5.212950617074966 0 0.4247425422072411 0.3758316114544868 124.2964122444391 4.385325334966183 34.19158018380404 24.53294818103313 7.189614020287991 0.4185406267642975 0 0.2071958780288696 0 0.1048139557242393 0 0 0.399119645357132 1.302199147641659 0 0 0.4254467561841011 0.2803113907575607 0 0 0.2140577435493469 0.08505833894014359 0.2510734498500824 0.7653305977582932 0 0.8913827538490295 0 11.43386220932007 1.958787880837917 0.1875036954879761 0 0 0.1021269038319588 0.1415809690952301 0.7839688360691071 0.445307269692421 0 44.56004840135574 0.3656381890177727 0 0.3789209574460983 0.09434687346220016 5.745413422584534 0.1061676442623138 3.000033713877201 0.9010419026017189 1.562107041478157 0 0.09216102212667465 0.5607796758413315 0.1045960634946823 0 0 0 0 0 1.42156757414341 0 126.2691404744983 135.9934127181768 88.88692787289619 282.5754169747233 2.632431216537952 41.71999949961901 4.930358797311783 1127.261920519173 4.288037315011024 6.50192254781723 5.136713869869709 91.32747875154018 0 3.601378485560417 0.5553121045231819 116.3261889070272 0.8964442014694214 0 0.5797206163406372 6.166096314787865 0.1766347587108612 702.1555954441428 148.3370880931616
207.792138569057 189.5388446599245 1121.798420585692 29.8901429399848 920.1209951937199 4.312827378511429 267.8051859363914 786.0257432386279 1392.220999784768 103.3361255079508 863.7448295205832 30.84908364713192 769.4056024178863 1558.837793730199 14.74804072827101 8.690416283905506 2.289592042565346 2.08937618881464 0 1.169853374361992 0.4476222395896912 3.318528115749359 0.481939285993576 1.668495781719685 4.020297862589359 6.48372583091259 2.11827751994133 3.557827316224575 15.59446536749601 0.9398091956973076 391.4848375841975 153.9375662878156 209.2640365213156 0.1211597323417664 1.619861297309399 5.121330216526985 46.20328465849161 5.154512271285057 12.18986868113279 3.662018924951553 4.874591000378132 3.91223269701004 1.293817274272442 2.664331637322903 0.5188119634985924 1.532107874751091 95.27783207595348 0.6274108216166496 1.997839398682117 2.343742705881596 3.215747348964214 5.940904632210732 3.519480809569359 1.951619222760201 2.206279553472996 3.845562309026718 44.40250718593597 127.8704690188169 20.26592056453228 29.30891815572977 3.297775663435459 16.4576410651207 0.412835955619812 66.99683383107185 2.775541439652443 2.793236695230007 2.591707713901997 2.171466961503029 2.583750076591969 0.5393791496753693 45.28669755160809 1.978099711239338 0.8026991933584213 55.04681823402643 34.70010842382908 55.84711199253798 20.70745930820704 17.28103372454643 96.18617589771748 422.2801100090146 7.436406120657921 100.938046656549 15.4553512185812 0 2.422984026372433 2.661613523960114 1.575292080640793 0.3014042004942894 1.495983108878136 0 0.4098776802420616 2.977282173931599 2.663909263908863 2.206009536981583 10.08949872851372 493.1162831783295 2.627666406333447 0 6.240894168615341 117.0959292799234 1.512127235531807 0.2015860229730606 8.578800588846207 0.2900983095169067 6.413820177316666 20.51598522812128 11.21664156764746 26.8538535758853 22.56217411160469 21.04009784013033 6.458669096231461 45.17236864566803 21.45415309816599 27.38457337766886 13.87427494674921 0.08851079642772675 0.4928504675626755 0 0.2626301124691963 0.2969661951065063 0.1011236608028412 0 1.037938714027405 1.083968542516232 0 0.8802715763449669 0 1.615853875875473 1.289997823536396 1.671684555709362 0.4897487685084343 10.95750851929188 4.208543434739113 0.7799504771828651 7.110438071191311 5.568757422268391 0 1.544107280671597 3.219656996428967 57.28239163756371 9.50946994125843 22.01766910403967 54.75320716202259 16.68343261629343 0 0 0 0 0.9208646267652512 0.5417026579380035 0.09227000921964645 0 1.239720597863197 0 0.913798451423645 0.4426205158233643 7.149070389568806 0.4031470492482185 0.3270657584071159 0.3189360052347183 0.5265534520149231 0.7159768342971802 1.469116605818272 0 1.794234789907932 1.269042685627937 15.61132425814867 3.064898379147053 0.08461570739746094 0.4830487444996834 0.1446465998888016 0 0.4020108878612518 2.156535133719444 1.525040857493877 0.5185564309358597 16.42192515730858 2.365945771336555 0.6315771266818047 0.1211737021803856 1.171241745352745 3.467214874923229 1.162404373288155 7.496249668300152 0.4160261452198029 0.6394085064530373 1.005433894693851 0.4753210544586182 0.742156133055687 0.2824514806270599 0 0 0 0.1652076542377472 1.755143351852894 0.5883229002356529 0.4519499093294144 44.88253103196621 84.95227587223053 63.24572368711233 352.5007455050945 13.16300001740456 328.8856820687652 69.12468953430653 115.3401822149754 34.17301799356937 1.591096445918083 50.55799470841885 26.48435162007809 1.374648258090019 7.095024228096008 2.750464469194412 34.17400319874287 1.494223803281784 0 1.900025881826878 22.9401867762208 3.195283196866512 220.2881539240479 78.29933853447437
188.356254696846 34.73610709607601 15.01008003950119 19.4468456953764 136.8676997572184 123.8757542520761 564.7175411731005 17.19863724708557 113.1329851150513 491.1998494118452 30.84908364713192 7.519159197807312 1197.362282156944 143.9035563617945 1.719870708882809 2.352748967707157 1.273062005639076 0.3194188922643661 0.09772548079490662 0.1489513665437698 0.2648307085037231 0.303910568356514 0 0.8323811888694763 0.2784750610589981 1.589514568448067 0.1292598843574524 0.9083871394395828 3.237618759274483 0.6968859881162643 17.19076073914766 16.87796295434237 20.65384340286255 0 0 0.1530913114547729 15.7559148222208 0.2953900098800659 0.6522483974695206 0.2351397946476936 1.240230441093445 0.07455657422542572 0 0.8899137750267982 0 0.4904314875602722 8.179388359189034 0 0.2725320160388947 0.3705012798309326 0.8176253363490105 2.381205663084984 4.125884294509888 1.66633503139019 0 0.2039632499217987 2.107446849346161 11.91271420568228 0.6892478540539742 1.192764922976494 0 0.7125696539878845 0 13.84870276600122 0.1165406405925751 0.2688540667295456 0.7052799612283707 0.09146496653556824 0.3917820453643799 0.1429692655801773 17.17249737679958 1.05741910636425 0.4567184299230576 2.802054211497307 2.976660810410976 3.781810030341148 3.216727301478386 5.727076463401318 1.219772063195705 9.984823875129223 0.5723959505558014 7.194261826574802 0.9144600629806519 0 0.2543933466076851 0.287030965089798 0.2193194255232811 0 0.2005626112222672 0 0 1.157046690583229 0 0.6708230972290039 3.527507282793522 180.2862005159259 1.126429557800293 0 0.4794231206178665 47.61235496401787 0.9598960876464844 0.4930531978607178 12.30685416609049 0 6.981042914092541 20.34408224374056 5.05173446983099 18.89068660140038 14.11726224422455 20.64338985085487 4.217092290520668 31.74811236560345 18.15264010429382 21.04144819825888 11.87602800875902 1.112956143915653 1.036429531872272 0 0 0.1082974821329117 0.1059376895427704 0 0.09689503163099289 0 0 0.771906390786171 0 1.67353892326355 0.8097097873687744 1.342826977372169 0 3.890300951898098 0.194829173386097 0.8602061495184898 2.414974361658096 3.514232754707336 0 1.166003599762917 1.878772832453251 54.68627887964249 7.678128160536289 28.03011400252581 35.59537430107594 10.42246937006712 0.2224182337522507 0 0 0.1603622883558273 0.5150152593851089 0.2640953809022903 0 0.09367287158966064 1.260120250284672 0 0 0.30998894572258 4.0670205950737 0.2306266725063324 0.1317815035581589 0 0 0.219777338206768 1.298227161169052 0 0.6899423971772194 1.389264218509197 12.10647657513618 2.912691660225391 0 0.07230276614427567 0 0.1055449694395065 0 1.017337068915367 0.1348333805799484 0.1878838837146759 17.61247035115957 1.024055942893028 1.246384233236313 0 0.8622662797570229 2.813911847770214 1.157638520002365 3.686129972338676 0.266946941614151 1.802814111113548 1.635277569293976 0.4294766187667847 1.442169792950153 0.1775964424014091 0 0 0 0.09447523951530457 0.8478437513113022 0.7957636192440987 0 38.40281848609447 78.48671501129866 44.89906168729067 63.89048284292221 2.943644315004349 25.37444549798965 6.722471430897713 183.4409676641226 3.350542224943638 0 4.613580822944641 21.35466078668833 0.1023748219013214 4.611511014401913 2.552251823246479 26.04436434060335 0.4122037962079048 0 3.162583440542221 4.152813911437988 1.08924788236618 510.0485360920429 95.19770194590092
156.4579715058208 165.8720008805394 312.7470920979977 36.07075966894627 388.4899024441838 80.61542274802923 1597.205752238631 289.3900761455297 264.2698510661721 5182.227768175304 769.4056024178863 1197.362282156944 786.5664801821113 1354.276807583869 12.9012396261096 21.7790669426322 5.493168868124485 2.420946642756462 0.1265644431114197 0.7348553389310837 0.5869096666574478 5.264453284442425 0.7877777889370918 2.082696095108986 2.71622658520937 11.98903058469296 1.832985863089561 7.672655247151852 32.84948506206274 3.464689873158932 138.8793543130159 105.5315214246511 479.5977033376694 0 2.014610029757023 2.435180880129337 555.7707335501909 19.52369821071625 26.25882782042027 6.140600323677063 7.026439607143402 10.97575759142637 1.181604035198689 7.950591012835503 0.8171327412128448 1.894002974033356 67.70528381317854 1.433927871286869 1.427899248898029 4.640868872404099 4.571137234568596 15.88734892010689 16.21178745478392 4.445755749940872 0.4149860516190529 1.684046052396297 20.2286105081439 74.15465974062681 8.120067708194256 14.68600582331419 4.436089403927326 13.35621558874846 1.07799319922924 97.43019342422485 0.4562315195798874 0.9943616986274719 3.747110955417156 0.8868819028139114 1.897292584180832 0.7407439723610878 288.6705788746476 11.88302252441645 3.502432823181152 24.07440048456192 23.52908267825842 41.93890479952097 25.73093562573195 53.71386729180813 5.21558640897274 121.0718831196427 7.744060315191746 36.43261182308197 6.26390366256237 0 1.210211515426636 1.010778933763504 2.652227565646172 0.6982076242566109 1.705947011709213 1.566142484545708 1.998309828341007 3.326184712350368 1.977603435516357 3.497553274035454 18.07113552838564 2069.917598851025 7.995594687759876 0.4441398084163666 6.949099563062191 53.75223644822836 4.790440544486046 1.672635577619076 28.13118639588356 2.46777218580246 21.3462730422616 59.41459982842207 21.4009158462286 62.58777132630348 71.88378684967756 80.99991971254349 17.23687443882227 121.1841193661094 52.38141065835953 64.19205665588379 42.6523794233799 3.062752582132816 2.564719997346401 0.2247851118445396 0.6264286786317825 0.1230243220925331 0 0.8494062721729279 0.8181611746549606 1.821242541074753 1.092217266559601 5.064495265483856 2.438612386584282 5.78031749278307 0.6962565034627914 7.289000138640404 1.296563297510147 28.64711777865887 11.49702753126621 5.151716023683548 12.3230756521225 13.068463973701 0.4895917996764183 6.025169745087624 8.737683020532131 148.5983942598104 27.59703376144171 56.06907403469086 136.3094827160239 49.86428862810135 0.9873166456818581 0.4512418136000633 0.1033506318926811 0.229678176343441 2.41869530826807 2.021480455994606 0.1658833920955658 4.050162397325039 3.173937074840069 0 0.1010306477546692 0.6192367896437645 19.72280570864677 2.212853260338306 0.6564672514796257 0.6249571517109871 0.1618568003177643 2.021018899977207 1.865705043077469 0 2.240631423890591 3.506798967719078 46.30889426916838 10.0670478194952 0.08701367676258087 0.07386867702007294 0 0.6992946267127991 0 1.803423896431923 2.543713346123695 0.5936385989189148 36.5044444873929 7.370734930038452 2.677051432430744 0.2371598929166794 2.143352277576923 11.585469648242 2.547212034463882 16.05967642366886 2.758849069476128 4.721931450068951 3.765857338905334 0.08540991693735123 3.993175603449345 0.7047900930047035 0.08574195206165314 0 0 0.4197997078299522 1.139980837702751 1.645517967641354 0.2321623638272285 130.2380135506392 276.3558724224567 157.107585221529 389.4079031348228 12.23727966099977 266.1152638792992 72.55808934569359 292.1709634438157 21.30620445311069 5.203218996524811 43.21798481047153 87.71242172271013 0.2152535915374756 26.02109913527966 13.22757432609797 83.89544465392828 2.596893340349197 0 5.409530788660049 15.226393468678 2.455656230449677 970.3387474268675 265.866025917232
