144.2037092745304 3074.83937099576 430.1188946217299 1456.524154640734 217.836425088346 41.36060041189194 1150.982084572315 55.46669822186232 24.5443457737565 625.1890067830682 169.5694962739944 23.32621209323406 94.4718769416213 91.7297440841794 2.129833281040192 0.2975218594074249 0.1028798744082451 0 0 0.4085829257965088 0 0 0.2792962491512299 0 0.3958647474646568 0.3185777366161346 0 0 0 0 201.3415485993028 2.011282309889793 9.146979577839375 0 0.1401175856590271 0.24130729585886 3.900005869567394 0.6985045671463013 0.08120296895503998 0.2154813855886459 0.539784774184227 0.3229161649942398 0 0.1899086236953735 0 0.1119802892208099 6.346406549215317 0.1416189968585968 0.08467096090316772 0.4063753262162209 0.5082910805940628 0 0 0.3865518942475319 2.097670391201973 3.634356960654259 242.1401852145791 149.660390779376 15.61982306092978 15.92839929461479 0 0.1523277908563614 0 7.194591365754604 0.1037354916334152 0.6525848731398582 0.3131392225623131 0 0.1198047995567322 0.743988111615181 17.34174121171236 2.954269513487816 0.3964829444885254 44.50963414460421 6.135994471609592 7.05153102427721 1.088379353284836 1.502813316881657 0 17.57479307800531 0.4403513297438622 2.158300325274467 2.352776810526848 0 0.1230148747563362 0.9371722564101219 0 0.1251949220895767 0.3960610628128052 0.2593135088682175 0.2781104296445847 0 0.477024182677269 0 0.4488565921783447 100.4584063440561 20.701775431633 0.9245575666427612 0.36867955327034 699.1440966799855 0.2916134297847748 7.636317506432533 6.928831800818443 5.481872782111168 4.30954897403717 39.10718622803688 14.58526204526424 6.903379008173943 24.96463139355183 18.12021769583225 1.913340650498867 18.78815579414368 13.41146671026945 11.77683421224356 0.5116159170866013 0 0 0 0 0 0 0 0 0 0 0.143135204911232 0 0 0 0 0 0 0 0 1.392139732837677 0 0 0 0 0.3433357775211334 0 0.8343076109886169 0.8089900612831116 0.1671627461910248 0 0 0 0 0 0 0 0 0.2264806628227234 0 0 0 0.2648195028305054 0 0 0 0 0 0 1.407205373048782 0 1.472036361694336 2.290997058153152 0 0 0 0 0 0 0 0 0.1612251102924347 3.576462343335152 0 0 0 0 0 0 2.237782567739487 0 0 0 0 0.3297282755374908 0 0 0 0 0 0 0 0 2.238931819796562 4.138763874769211 1.554162688553333 75.12422408163548 1.597142115235329 65.58850465714931 22.66800191998482 529.5037932768464 10.88928205519915 0.284822016954422 0.1693479716777802 0.5641849637031555 0 0.8215063363313675 0 115.4886241555214 0 0 0 0 0 409.9677789360285 1.486568957567215
3074.83937099576 1812.258057840168 628.8361190631986 3900.628999821842 1057.781216725707 169.2948797643185 1801.409819513559 508.932435952127 1271.302290864289 2954.14099830389 1586.833228096366 235.2814041823149 954.1994596421719 1160.914765290916 20.85213401168585 3.667277365922928 0.884868361055851 0.09924405813217163 0 0.3014984205365181 1.287219136953354 0 2.682427510619164 0.2623977065086365 2.198963314294815 0.2829302474856377 0.1234846860170364 0.2087173163890839 0 0.1407476365566254 2409.506773404777 37.08710602670908 67.81366424262524 0.3218785971403122 0.3981222659349442 0.7790432125329971 45.53838729858398 4.270598240196705 3.586320988833904 0.7804770246148109 1.442056201398373 2.370477356016636 1.642958700656891 1.756068825721741 0 0.3247956037521362 96.21415857970715 1.8693637996912 0.8749638646841049 1.180046215653419 0.8817000389099121 0.4739051014184952 0 1.534361504018307 12.20074701309204 18.12094635516405 112.4608734101057 568.2719811275601 49.33329976350069 126.6274595931172 1.182902328670025 13.12511380016804 0 111.8282187506557 3.787573918700218 2.35041007399559 2.05571673810482 0.2772839665412903 1.000308498740196 3.947484709322453 112.9419527724385 13.20332754403353 0.2322047352790833 266.0379910618067 75.36833045631647 83.4739898443222 23.61155919730663 9.608969330787659 6.962368696928024 88.66481250524521 2.924343302845955 17.10589376837015 12.66686085611582 0.362365834414959 1.391471855342388 6.911564394831657 0.8905722498893738 0.3204067051410675 1.269368670880795 0 0.3102858737111092 0.2078241258859634 1.807447731494904 0.6096943467855453 1.365096613764763 72.00210998207331 30.19563055038452 0 4.002399638295174 1642.977773472667 1.512155942618847 5.195168823003769 14.50060169398785 6.626068197190762 9.225140102207661 186.2078108415008 16.65880614519119 26.19785282760859 181.075826600194 26.89409148693085 9.3494893014431 67.24516347050667 54.30709905177355 64.24928701668978 23.23209020495415 1.701418444514275 4.319131135940552 0 0.1177230924367905 0 0 0 0.2052584737539291 0 0 0.1087460443377495 0 0 0 0 0.1578306704759598 0 0 0 1.590579107403755 1.431364849209785 0 0.1205338388681412 0 20.80664128065109 1.055336602032185 15.31317128241062 3.444132126867771 0 0 0 0 0 2.120167888700962 0 0.1446903645992279 1.343794837594032 1.842646010220051 0 0 0 0.1038075014948845 0.1185702532529831 0.7025591135025024 0.3229605853557587 0 1.595333054661751 0 0.4527849107980728 0 1.19542920589447 19.11427971720695 0.5403067320585251 0.9299734830856323 0.416514664888382 0 0 0.1104542389512062 0 0.1872846931219101 0 80.85449083894491 0.7298515737056732 0 0 0 9.45854726433754 2.110975407063961 9.995177745819092 5.101856887340546 0.791727751493454 1.261093765497208 0.4260478019714355 1.047559723258018 0 0 0 0.1406267136335373 0 0.2209929376840591 0.3390939235687256 0 24.8000378087163 18.70320825278759 31.1194926276803 336.0235308036208 8.075883194804192 611.9290196746588 138.0344064980745 815.0797653645277 120.9942919164896 2.476695314049721 7.990804404020309 11.67529045045376 0.3934253454208374 16.27392014861107 1.450257204473019 68.6055710464716 0.5871230959892273 0 0.3807514756917953 0.8404542654752731 0 366.9565263167024 31.5613564774394
430.1188946217299 628.8361190631986 741.8986520916224 35.42743919789791 258.259194329381 17.55619904398918 78.45766844600439 1990.326220884919 486.200047545135 235.9307276681066 2416.364553265274 9.537860438227654 192.9590433314443 729.6425265818834 31.12868800014257 15.62717108428478 2.315009564161301 1.062543392181396 0 2.081435315310955 8.499456703662872 1.726861827075481 16.01906729489565 6.314360238611698 11.35128997266293 2.818842947483063 4.555195443332195 1.239847235381603 0.4878537058830261 0.1460121870040894 3514.974263064563 245.3194497078657 117.1339415982366 2.173803903162479 6.292475499212742 8.462909549474716 52.82924361526966 19.29095223546028 5.970560811460018 7.185274079442024 17.12403209507465 18.076186850667 6.064121127128601 5.88950452208519 0.2419081479310989 0.2208573371171951 48.97013241052628 2.309392467141151 1.822844713926315 9.03335876762867 1.923481233417988 2.181971669197083 0.3259308040142059 6.110130898654461 3.729418829083443 4.675931714475155 55.17519982904196 480.982173807919 19.41923815011978 40.39717439562082 4.230446174740791 26.0725718960166 0.537104532122612 378.8457056730986 1.846532002091408 4.78523401170969 5.763778924942017 2.33952809125185 9.203065656125546 41.56875785440207 77.46875364333391 24.96880170702934 0.1781382709741592 82.57721765339375 33.38159126788378 46.41794273257256 25.01175432652235 30.5262486487627 52.3409590497613 562.3521307632327 13.61841548979282 90.80498413741589 3.873196512460709 0.1180097684264183 2.121348187327385 3.685864016413689 4.052501678466797 0.09544519335031509 1.066161163151264 0 1.026736997067928 0.1048014760017395 23.32938730716705 3.389996595680714 7.426326498389244 26.93948501348495 23.27575592696667 0 5.679661311209202 551.0226375237107 0.9923550710082054 2.572254925966263 5.767782509326935 2.53598427772522 6.498016700148582 36.68723740428686 4.106720119714737 10.10293009877205 6.495931133627892 10.26065601408482 3.033033981919289 15.86572556197643 15.234031945467 31.02652144432068 13.46483206748962 0 1.194186516106129 0 0.1507035195827484 0 0 0 0.2744738906621933 0 0 0.4058547392487526 0 0 0.3892679065465927 0 0.3191183507442474 0.391906626522541 0.238784171640873 0 1.366464346647263 0.1456414312124252 0.1337506920099258 0.1065112873911858 0 11.09402383118868 0.7235121130943298 6.034911833703518 3.350534655153751 0.6099144294857979 0.1264044344425201 0.385159470140934 0 0.13148333132267 1.348186366260052 0.265874557197094 0.1075171902775764 0.1034896597266197 1.345099583268166 0 0 0.4541091993451118 0.6417598724365234 1.031584016978741 0 0 0 0.09898456186056137 1.329571679234505 0.5975934267044067 0.843456044793129 0 10.23861238360405 0.1247100532054901 0.8814446926116943 0 0 0 0 0 0 0 32.33403604477644 0.5271693915128708 0.1152949333190918 0 0.2727994620800018 3.345031633973122 1.699649333953857 4.891169026494026 0.9739633649587631 0.3448246419429779 2.487645916640759 0.1332919001579285 0.280450776219368 0 0 0.1943084448575974 0 0 0.1935883611440659 0.123562216758728 0 7.970876641571522 12.6020073518157 16.61294271051884 205.5658531412482 5.583132609724998 237.4579609557986 67.88220949470997 246.1864853426814 48.79472151398659 0.2201697826385498 3.010273188352585 5.863020837306976 0 9.582080453634262 1.482698857784271 19.1885381937027 1.687518417835236 0.1152067482471466 0 0.4820051491260529 0 98.04683465510607 12.61169926822186
1456.524154640734 3900.628999821842 35.42743919789791 547.4329509660602 380.5263627097011 427.1039890870452 2805.139295913279 4.843087531626225 84.69116295874119 1267.411091327667 5.715509109199047 35.10990595072508 224.1155783385038 91.01457490026951 1.219346702098846 0 0 0.2623788192868233 0 0.1791356205940247 0.2637301534414291 0 0 0 0 0 0 0 0 0 128.4820664897561 0.656048096716404 1.490433312952518 0 0 0.08390583097934723 0.3131056129932404 0.09126295149326324 0.08790313452482224 0.1409647613763809 0 0 0.5482497736811638 0.08824119716882706 0 0 14.08509854227304 0.348897397518158 0.2355891019105911 0.1027791202068329 0 0 0 0 1.91918507963419 8.350434236228466 23.1895993500948 78.86575148254633 7.492619656026363 23.51571147888899 0 0.1675008088350296 0 15.04775220900774 0.9101414829492569 0.2936370149254799 0.5324695706367493 0.1849692538380623 0.2291127145290375 0.6736703515052795 1.33168637752533 0.9752385020256042 0 49.59755123406649 10.70972489565611 11.29176560044289 1.701724626123905 0.6353678032755852 0.1092549338936806 2.142807878553867 0.8712756410241127 0.1048943623900414 2.406280569732189 0.1401069611310959 0.2217041850090027 1.537750236690044 0 0 0.4059022068977356 0 0.1027898490428925 0 0.2939808368682861 0.1113513633608818 0.0925527960062027 11.16091358661652 2.212665885686874 0 0.2897660732269287 325.9249103218317 0.4903244376182556 6.829379543662071 3.445141762495041 5.44345685839653 0.3172931969165802 30.60073374211788 10.55410441756248 2.862527593970299 41.12890791893005 14.50971322506666 0.8682664036750793 11.44899468123913 15.98069510608912 11.55691131204367 1.021451413631439 0 0 0 0.1804764270782471 0 0 0 0 0 0 0 0 0 0 0 0 0 0 0 0.1815719306468964 0 0 0 0 0.5561792999505997 0 0.5304223597049713 0.182422012090683 0 0 0 0 0 0 0 0 0.2567623257637024 0.1635506749153137 0 0 0 0 0 0 0 0 0.2896502315998077 0 1.269586592912674 0 0 0.5198612213134766 0 0 0 0 0 0 0 0 0 0.9191151112318039 0.169895276427269 0 0 0 0.3758409917354584 0 1.523655831813812 0.1867854595184326 0 0.1287337392568588 0 0 0 0 0 0 0 0 0 0 7.347614355385303 0.1693087518215179 0.9024314135313034 28.65066780149937 1.915782727301121 100.4164358079433 19.04881706833839 292.7370065897703 16.72326184809208 0 0.2148781642317772 0.4732295423746109 0 1.736483246088028 0.4616682827472687 22.43324287235737 0 0 0 0 0 184.0757165774703 7.992796629667282
217.836425088346 1057.781216725707 258.259194329381 380.5263627097011 47.98405150324106 24.84909962117672 2050.013814345002 72.07024272531271 989.6405195072293 1932.479048974812 306.0481260716915 247.8777358829975 1480.268117472529 605.1673261672258 14.50889554619789 2.228357098996639 0.7133696600794792 0 0 0.3155129551887512 0 0 0.2131264507770538 0 0.1117171049118042 0 0 0 0.110044077038765 0 375.6091215983033 43.51622857898474 26.96437867730856 0 0 0 28.21412527561188 0.8937434926629066 2.889433801174164 0.4340070635080338 0.1718887835741043 0.1130861788988113 0.3337337747216225 0.4426360800862312 0 0 63.62005220353603 0.3753643929958344 0.1217957064509392 0.5942348763346672 0.1346089541912079 0.09041063487529755 0.1376332491636276 0 4.554346770048141 5.158085629343987 31.1260781288147 106.9419948980212 17.08086329698563 56.11295281350613 0.8628439009189606 2.737710662186146 0 63.27939999848604 2.178427994251251 0.879240095615387 0.4184296578168869 0.4189623594284058 0.4953986778855324 0.4849159419536591 69.82649846374989 11.2153293043375 0 102.9376268982887 38.57486119866371 54.34017364680767 23.14987250417471 2.833278097212315 0.9153468683362007 10.13719042390585 0.9238731265068054 7.512639291584492 1.981719449162483 0.09667455404996872 1.158339843153954 2.060206554830074 0.1110890209674835 0 0.6215685904026031 0 0.3192512094974518 0 0.4427411481738091 0.2335328608751297 0.2252894043922424 66.88805864751339 27.58031734824181 0 1.874469093978405 87.8442657366395 1.7115283831954 4.466968655586243 12.0649091526866 1.323745667934418 10.24201330542564 90.50545070320368 6.701598227024078 20.28366521000862 39.22448045760393 16.65080741792917 7.891931720077991 59.73962263762951 49.07952821999788 72.03146533668041 30.53060179948807 1.771852344274521 1.892714262008667 0 0 0 0 0 0.1551589369773865 0 0 0 0 0 0 0 0 0 0 0 3.044269889593124 0.7466460689902306 0 0 0 22.44951694458723 0.9031094312667847 20.99322197586298 3.408710137009621 0 0.1388071179389954 0 0 0.5054461359977722 0.389492355287075 0.536199152469635 0 1.261926375329494 2.026254750788212 0 0.1355872452259064 0 0.1655193269252777 0 0 0 0 1.192047774791718 0.6561184376478195 0 0.2584821134805679 0.1068383082747459 12.85119680315256 0.8333435505628586 0.6236850991845131 0 0 0.1395799517631531 0 0 0 0 64.06084185093641 1.560841724276543 0 0 0 4.651083379983902 1.03481137752533 3.798058554530144 2.079861849546432 0.4667147099971771 2.370375007390976 1.02037313580513 0.395672969520092 0 0 0 0 0 0 0 0 23.26474942266941 25.50205078721046 19.82488606125116 322.1203033849597 6.430008724331856 322.4713703989983 88.19335510581732 173.3197064250708 87.93875800073147 1.419271983206272 4.62360741943121 8.240793108940125 0 12.29887019842863 3.245859421789646 9.359561830759048 0.3485517501831055 0 0.5374830365180969 1.101065218448639 0.342719703912735 94.6117983981967 21.0004695430398
41.36060041189194 169.2948797643185 17.55619904398918 427.1039890870452 24.84909962117672 0.7917658537626266 408.3530828654766 0.1786186844110489 30.39206030964851 1356.192650705576 6.935462951660156 153.9681948125362 325.7233154475689 42.37115223705769 0 0 0 0 0 0 0 0 0 0 0 0 0 0.1785019189119339 0 0 2.126116245985031 0 5.585836306214333 0 0 0 4.404759407043457 0 0 0 0 0 0 0 0 0 0 0 0.1247730925679207 0 0.1677228063344955 4.788276173174381 0.1776953041553497 0.194670706987381 0 0.1371122449636459 91.72950895130634 1.286606386303902 1.411145567893982 0 0 0 0 0.1223508045077324 0 0 0 0 0 0.1082699075341225 38.51870903372765 89.61443454027176 6.075988754630089 0.1344721913337708 0 0.1021964251995087 0 0 0 1.113270178437233 0 0 0 0.3117353841662407 0 0.2266836613416672 0 9.109912306070328 2.453074276447296 6.01458003371954 0.5733476802706718 2.045494243502617 0 0.6162446588277817 1.897535309195518 300.0438561141491 210.721210539341 11.83432231843472 3.053559705615044 156.0104939341545 0 7.523500397801399 4.115008376538754 1.047041490674019 1.839188665151596 27.61826846003532 6.21906703710556 4.433658763766289 27.81668418645859 23.34652112424374 0.8855639025568962 18.27182760089636 20.78284280002117 13.70760701596737 0.3104740977287292 0 0 0 0 0 0 0 0 0 0 0 0 0 0 0 0 0 0 0 0.1361763030290604 0 0 0 0 0.2433343827724457 0 0.2015300393104553 0.1141228675842285 0 0 0 0 0 0 0 0 0 0 0 0.1565808206796646 0 0.4030823856592178 0 0 0 0 0 0 0 0 0 0 0 0 0 0 0 0 0 0 0 1.09038257598877 0.1975865364074707 0 0 0 0 0 0 0 0 0 0 0 0 0 0 0 0 0 0 0 7.946593023836613 0 0 1.758565627038479 0 0.3614479675889015 0.6168935969471931 54.81341464817524 0.5040802210569382 0.2859695106744766 0 0.253132551908493 0 0 0 33.52047334611416 0 0 0 0 0 88.43814730644226 13.3397329300642
1150.982084572315 1801.409819513559 78.45766844600439 2805.139295913279 2050.013814345002 408.3530828654766 129.2699910998344 15.40913707762957 1094.846823774278 2752.764071002603 53.34316881000996 816.6268057227135 2615.252125047147 1041.672794722021 18.81594510376453 3.435288056731224 0.6396970823407173 0.1328504681587219 0 0.2514275014400482 0.3261053562164307 0 0.152266800403595 0.4195131659507751 0.2975625097751617 0 0 0 0 0 252.2586400136352 18.29893194139004 42.06651649624109 0 0.3180539011955261 0.09698691219091415 37.37768372148275 1.653323322534561 0.4748896285891533 0 0.3515230119228363 0.6668636724352837 1.180092014372349 0.4467703327536583 0.1171471700072289 0.1598798036575317 69.46430640667677 1.029145903885365 0.5324110090732574 0.4159784764051437 0.4761017262935638 0 0 0.3604014441370964 5.291856594383717 7.609564810991287 41.88300584256649 141.4203759878874 22.62336705625057 64.6546331346035 1.101357065141201 2.694051779806614 0.1336817741394043 55.42855330556631 1.489724762737751 0.9267307743430138 0.6390153765678406 0 0.352278470993042 2.151315085589886 93.18601355701685 24.13408680260181 0 122.6960766389966 39.61140727996826 53.85665275156498 24.03778642416 2.945977121591568 2.01138673722744 9.821128688752651 1.078462950885296 6.584871418774128 4.377860270440578 0.7366659641265869 1.307726569473743 3.917904511094093 0.1206589043140411 0.09636472910642624 0.7230287194252014 0.2380475848913193 0.2051236107945442 0.1558160483837128 0.9655268862843513 0.2196671962738037 0.3369430154561996 123.9440739899874 30.6285180747509 0 1.598488137125969 292.3318286165595 4.368320047855377 10.71959837526083 46.06120748072863 17.41019010543823 16.70131869614124 216.8301014751196 26.71272085607052 49.55906026810408 85.4830724671483 75.29339019954205 19.00778561830521 133.738243162632 128.2816834226251 161.2781425192952 53.28354901075363 2.989329092204571 3.413348712027073 0 0.2213421165943146 0 0 0 0.2323271334171295 0 0 0.4823959022760391 0 0 0.1403150707483292 0.2397858798503876 0 0 0 0 3.266358025372028 0.9767474681138992 0 0.2038422375917435 0 35.48678574711084 0.9371140003204346 17.75446424633265 6.830111183226109 0.1059986129403114 0 0 0 0 2.477921843528748 0.4037327691912651 0 4.216312073171139 4.729212649166584 0 0 0 0 0 0.1840678602457047 0.3535677492618561 0.2787252366542816 0.9314120709896088 2.097610674798489 2.137326911091805 0.1742282062768936 0.1272008419036865 21.02557690441608 0 1.044741064310074 0.1193154454231262 0 0 0.3128828108310699 0.6352486610412598 0 0.2663722336292267 112.6547504737973 2.949113249778748 0.1399346441030502 0 0 7.399690486490726 0 5.992579594254494 4.002627238631248 1.812952771782875 4.353530250489712 0.1208959147334099 1.569936744868755 0 0 0.1997830867767334 0 0 0 0.1362233906984329 0 62.40974508970976 42.61914303153753 32.82816449552774 433.472884118557 8.019964314997196 381.5246416032314 98.36672484874725 467.7978819832206 94.80936219543219 3.490179918706417 10.22270559519529 14.36272685229778 0.1161024048924446 20.14657404273748 4.594985015690327 69.17076405882835 1.733162596821785 2.627336144447327 1.681115001440048 0.5130032300949097 0 420.1556255966425 57.61662615090609
55.46669822186232 508.932435952127 1990.326220884919 4.843087531626225 72.07024272531271 0.1786186844110489 15.40913707762957 1108.572212792933 113.1272373795509 41.08971322327852 2556.065576978028 10.42413606494665 173.8330550864339 745.3551070392132 66.19553739577532 26.49939179420471 2.214125283062458 2.074487060308456 0 4.108819365501404 18.75770873576403 0.5789366215467453 19.70418654382229 6.77918591350317 14.31994745880365 2.37733282148838 5.215093418955803 1.396343760192394 0.4300467520952225 0.9958794116973877 1211.972860001028 1575.843796335161 153.8029637560248 3.197555869817734 8.155562326312065 10.53611391037703 58.40063297748566 22.9128300100565 10.48421420156956 6.097914479672909 25.00892125070095 18.51597514748573 18.14091391861439 5.060678735375404 0.5495928376913071 2.023574143648148 112.9388908967376 3.586817555129528 4.044202141463757 9.994744226336479 3.631191208958626 2.184918984770775 0.1645991653203964 7.236653447151184 5.110869698226452 5.942852631211281 27.49082795530558 184.9501710906625 17.76539435982704 59.45710780471563 51.76240576803684 29.83618158102036 2.588639229536057 522.8614642322063 1.146165028214455 9.583713293075562 10.93891754001379 5.116890549659729 18.56048525869846 80.13091742992401 42.14014423638582 8.128659516572952 0 94.01042180508375 78.03656929731369 115.2500892356038 156.3451497927308 210.3672410771251 968.2067587822676 984.8415208533406 43.03344447910786 391.0664960071445 4.697363466024399 0 3.261887826025486 5.107949167490005 5.607222400605679 0.1044416427612305 1.127536721527576 0.1009645015001297 2.533364973962307 0.4380878135561943 35.13033095747232 4.721792668104172 11.2729801312089 21.46441635489464 9.696787230670452 0.1624522507190704 2.907500386238098 127.5885214656591 0 0 1.06540735065937 0 0.9538432061672211 24.24059795588255 0 6.800145268440247 1.483309544622898 7.920108065009117 1.438968330621719 8.18183396011591 11.69483676552773 18.33204116672277 7.564082138240337 0.4200675562024117 0.953788585960865 0 0 0 0 0 0.3073018789291382 0 0 0.7949001789093018 0 0.1415420323610306 0 0.2374777793884277 0.1316277235746384 0.0866130143404007 0.6209167465567589 0.1125816851854324 0.8073631301522255 0.8293582201004028 0.1277526915073395 0 0 6.919433854520321 0 4.191656403243542 1.993768751621246 0.09454736113548279 0.1359860002994537 0.1998137831687927 0.1083812788128853 0 0 0 0 0.3671033978462219 0.5435314252972603 0 0 0 0.6323933228850365 1.416956700384617 0.08089542388916016 0 0 0 0.7970792651176453 0 0 0.1172964200377464 5.256312280893326 0.4432613849639893 0 0 0 0 0 0 0.4189004153013229 0.3596468567848206 20.23312189429998 1.957251086831093 0.3383258730173111 0 0.5111016556620598 0.1473426669836044 0.585112601518631 2.61611396074295 0 0.2143680304288864 0.9131276160478592 0 0.2205958217382431 0 0 0 0 0 0 0.1049381494522095 0.1788680702447891 6.844149932265282 10.01019625365734 9.313788682222366 344.6403457522392 9.554695531725883 380.2296512722969 116.7688915133476 95.76884494721889 80.45624303072691 1.856719970703125 11.70173543691635 7.166714780032635 0.1165110990405083 6.489521950483322 2.800922110676765 5.951682597398758 0.6067627668380737 0 0.532060444355011 0.1751587837934494 0 44.24488908052444 6.579242840409279
24.5443457737565 1271.302290864289 486.200047545135 84.69116295874119 989.6405195072293 30.39206030964851 1094.846823774278 113.1272373795509 325.0230308994651 322.6119758710265 929.3067671656609 140.1783110201359 1616.904083915055 526.3380976095796 22.29728077352047 4.708708375692368 0.7575494647026062 0 0 0.09967102110385895 0 0 1.046522408723831 0.2856908738613129 0.5128535032272339 0 0.08333215117454529 0 0 0 125.9583939164877 50.86864127963781 14.6864095851779 0 0.2690121382474899 0.1415006816387177 28.14712581038475 0.1208043098449707 0 0 0.9159379228949547 0.5424631908535957 0.4913348704576492 0.4527022764086723 0 0.1184546276926994 40.63786647468805 0.2231142148375511 0.1051963716745377 0.7586323171854019 0.6610070392489433 0.4198275804519653 0 0.1138108447194099 2.170318476855755 3.439390629529953 10.59976690262556 36.52166151255369 7.849931687116623 21.17778962105513 0.7175888419151306 0.8245860040187836 0 39.09541694074869 0.3169434741139412 0.5756250321865082 0.7299308553338051 0.2046380862593651 0.7264862209558487 1.997647419571877 45.59992232918739 6.240134537220001 0 36.02125195413828 25.87914483249187 40.31173320859671 22.82336763292551 6.03008946031332 4.78114852309227 6.286472052335739 0.3373057842254639 3.665440164506435 1.465950459241867 0.1263697445392609 0.5168009400367737 1.077742949128151 0.3542492091655731 0 0.2930387109518051 0 0.3293292000889778 0 0.8816472440958023 0.4557793363928795 0.7277485504746437 72.55534192919731 19.43067356944084 0 1.407573401927948 27.52738466113806 1.411561243236065 1.958341032266617 6.839590631425381 0.4717599898576736 11.56419075280428 96.65833098441362 8.356812551617622 26.10829873383045 28.85586289316416 30.01947557926178 14.08052673190832 70.99468802660704 57.05574598908424 82.79496188461781 31.10228528827429 1.53828963637352 1.960563406348228 0 0 0 0 0 0 0 0 0.1140220463275909 0 0 0.2791866958141327 0 0 0 0 0 2.074690490961075 1.485429041087627 0 0 0 20.97786729037762 0.3519911170005798 6.807186245918274 4.502181373536587 0 0 0 0.1230570375919342 0 0.8599367737770081 0 0 0.7867011353373528 2.026406809687614 0 0.1517470628023148 0.1472243368625641 0 0.1237879619002342 0.4648421704769135 1.019702404737473 0.48384790122509 0.5526007562875748 1.165018990635872 0.10735834389925 0.1566969901323318 0.3070513382554054 14.48292948305607 0 0.2797092199325562 0 0 0 0 0 0 0.1459007859230042 59.57691925019026 1.613327130675316 0.2140654623508453 0 0.1377583295106888 3.591829180717468 0.1719683110713959 3.719546839594841 1.964650198817253 0.2493726685643196 1.686306312680244 0.4155741259455681 0.9014663025736809 0 0 0.3413306772708893 0 0 0 0 0 36.87060257047415 20.23499745130539 15.58569126576185 396.3624096140265 4.250708490610123 182.6628791242838 69.2779972627759 60.88819283246994 52.96186701953411 3.823501706123352 7.346635028719902 6.845667466521263 0 9.745147004723549 4.305959239602089 19.4838138371706 0 0 0.1807149797677994 0.2102375328540802 0.1416957378387451 99.11111728101969 31.73135821521282
625.1890067830682 2954.14099830389 235.9307276681066 1267.411091327667 1932.479048974812 1356.192650705576 2752.764071002603 41.08971322327852 322.6119758710265 1523.948027782142 150.0631237253547 820.4830550551414 9105.339935176075 491.5621999800205 5.199077077209949 1.032453410327435 0 0 0 0 0 0 0 0 0 0.2491671741008759 0 0 0 0 39.84254929423332 1.750076062977314 75.66521482169628 0 0.1171912103891373 0.1531767547130585 68.9098527431488 0 3.434346452355385 0 0.2511707171797752 0.9679580703377724 0.1162262931466103 0 0 0 11.01698131859303 0 0.1706001162528992 0 0.1186968386173248 0.2401415854692459 0 0 0.8364306017756462 2.77166786044836 23.06108341366053 26.00680367648602 5.662466213107109 10.95174115896225 0.2175313234329224 5.147200211882591 0.245506763458252 8.354639902710915 0 0.212945245206356 0.1283260732889175 0.2819571197032928 0.4943828135728836 0.5320455431938171 244.3654613122344 23.59505188465118 0 19.8053979948163 6.560533657670021 6.41018982976675 3.914735406637192 1.034997060894966 0.2338751256465912 11.04371187090874 0.9929633438587189 5.171606957912445 1.02180165797472 0 0 0.4262233898043633 0.4960342198610306 0 0.3065649121999741 0 0 0 0.3972017243504524 0 0.7353374883532524 408.6930393278599 68.09868130087852 0 10.21453092992306 280.2978405430913 6.048810690641403 19.02342503517866 45.27328123152256 5.362730666995049 35.28627581894398 443.639300018549 52.41629286855459 98.96045883744955 212.6615630909801 135.84137686342 31.93182511627674 262.0852360501885 263.8386391699314 310.6587093174458 75.4073034003377 1.920511655509472 5.22055422514677 0 0.6498424112796783 0 0 0 0 0 0 0 0 0 0 0 0 0 0 0 5.776975713670254 5.586101926863194 0 2.007008567452431 0 44.19993531703949 0.4538141787052155 36.82612872123718 8.903789877891541 0.5069308951497078 0 0.168688029050827 0 0 3.900010846555233 0.2282161712646484 0 2.705437526106834 4.357867740094662 0 0.1125541105866432 0.6251281499862671 2.134844720363617 0 0.3107991889119148 0.9934622421860695 0 1.797938756644726 0.6098347678780556 1.824285134673119 0 0 51.00758710503578 0.7197233587503433 0 0.7717259898781776 0 0 0.3396233171224594 0 0 0.5076102316379547 182.216216377914 5.427891492843628 0.6658748686313629 0.1206902787089348 0 12.49199297279119 2.856892302632332 12.00830146670341 6.177497506141663 3.186186783015728 5.17827657610178 0.3884525746107101 1.008017420768738 0.1458994597196579 0 0 0.11422960460186 0.09943626075983047 0 0 0 132.6611155420542 68.38894972205162 67.74099534749985 210.3693423420191 2.269694447517395 89.89235081523657 29.68117026984692 398.9278101548553 27.67577373236418 6.889021933078766 5.402590245008469 30.63186050951481 0.1280263960361481 27.38069302588701 6.298486821353436 124.8247004076838 3.214150503277779 0 0 0.5706799030303955 0 897.8260806202888 134.8075757026672
169.5694962739944 1586.833228096366 2416.364553265274 5.715509109199047 306.0481260716915 6.935462951660156 53.34316881000996 2556.065576978028 929.3067671656609 150.0631237253547 2044.809065885842 36.15037781000137 1384.660040684044 2177.05084118247 57.06039047986269 25.66398307681084 3.36455299705267 1.09706674516201 0 2.3044723123312 5.803126208484173 2.019302085042 9.270904660224915 5.016561642289162 13.93452434241772 1.768906876444817 4.251067221164703 1.064005747437477 0.5022827088832855 0.7303214073181152 543.8325911834836 126.2919257506728 453.5253522917628 0.8388770669698715 5.033895820379257 8.777630537748337 209.0143092870712 34.42034011334181 27.98874452710152 11.16448123008013 19.00870001316071 17.3677804172039 3.468672528862953 6.211045533418655 0.2203166931867599 0.6272051632404327 67.76438043639064 0.5406210422515869 1.830898113548756 4.195330753922462 2.331531271338463 9.310371607542038 0.1488144844770432 12.84160433709621 2.665069460868835 3.11372048407793 16.34543128311634 80.13048969954252 10.70049989968538 32.49839635938406 1.880391217768192 102.3985249251127 0.1336611658334732 60.97349168360233 0.8769368529319763 1.336160190403461 5.234587334096432 1.474598042666912 5.84215947240591 25.87614735215902 171.529421761632 15.21509761363268 0.1321764141321182 56.90826863795519 34.52203604578972 69.2457110658288 46.02017644792795 43.43383973836899 266.9149721041322 80.37095139175653 9.582372918725014 41.82957557588816 2.892624206840992 0.09260371327400208 1.126945316791534 3.829353414475918 1.561060905456543 0.2170680612325668 0.6031222268939018 0 0.4989550113677979 0.224068395793438 18.84476111084223 3.830171212553978 9.442878678441048 43.56290068477392 21.65092065930367 0.9371467530727386 12.59526848047972 98.23736333101988 0.6695426553487778 0.2200077325105667 5.898032054305077 0.3991303443908691 6.202127724885941 52.49623142182827 3.242561310529709 11.10271695256233 11.01628702133894 3.429839491844177 3.555501751601696 24.2694963440299 23.50800820440054 45.88782546669245 18.0978906005621 0.8717082217335701 3.039182588458061 0 0.1084696054458618 0 0 0 0 0 0.172993391752243 1.725843295454979 0 0.1179957836866379 0.3671673238277435 0 1.146812126040459 0.4253746569156647 0.7753182947635651 0.1138235479593277 1.909607335925102 1.378260046243668 0 0.417843371629715 0.1249975636601448 16.48845758289099 0.1087440028786659 12.91172823309898 5.225666463375092 1.759586878120899 0.6100728064775467 0 0.11099623888731 0 1.134083688259125 0.4655543118715286 0.3848251104354858 0.4334281384944916 2.146567359566689 0 0 0.2768789827823639 3.937955968081951 1.208041056990623 0 0 0.1674544736742973 0.08082074671983719 0.3207736611366272 0.104246698319912 0.1446217149496078 0 9.519234634935856 0 0.09487467259168625 0 0 0 0.2821099758148193 0 0 0 44.29648280143738 2.607862263917923 0.6224905699491501 0 0.3356813192367554 2.00239722430706 0.3801310211420059 7.786923319101334 0.6316658481955528 0.1772718578577042 0.8326901346445084 0.5675370767712593 1.350150682032108 0 0 0.1616774350404739 0 0.09216400235891342 0.3663989007472992 0.5359278321266174 0 18.85745077580214 20.81246431171894 16.42551190406084 514.1181301921606 10.24490991979837 256.6461847051978 112.1194776296616 83.4606536179781 56.95683836936951 0.9590207189321518 9.339994236826897 5.960013382136822 0 12.23133889585733 2.751400895416737 17.38863970339298 1.195573031902313 0 0 1.230776861310005 0 49.15372378379107 25.50941440463066
23.32621209323406 235.2814041823149 9.537860438227654 35.10990595072508 247.8777358829975 153.9681948125362 816.6268057227135 10.42413606494665 140.1783110201359 820.4830550551414 36.15037781000137 17.18793097138405 1170.305806040764 81.44995202124119 6.974823236465454 4.1920026242733 0.5712760612368584 0 0 0 0.1925483494997025 0.4517228007316589 0 0 0.5594547390937805 0 0.3589492738246918 0 0 0 11.24012976884842 0.4991865456104279 18.94383832812309 0 0.2632510364055634 0.3998105973005295 73.43619797378778 7.659993574023247 9.33869594335556 0.9478839039802551 1.101551845669746 1.666047431528568 0 1.213951826095581 0 0 5.795102417469025 0 0.3713684380054474 0 0.6215019822120667 2.146430268883705 0 1.047788217663765 0 0.5276152715086937 4.577976442873478 3.902730882167816 0.9440732151269913 0.8294420838356018 0.6177810281515121 7.753862619400024 0.2069363594055176 0.2539294213056564 0.20643200725317 0.1839621067047119 0.7662800252437592 0.2330925390124321 0.9456457570195198 1.087796375155449 50.03405985236168 18.42355409264565 0.1839837729930878 5.456753864884377 2.821377329528332 5.178919866681099 2.447145625948906 9.215322077274323 0.1175195351243019 5.586668133735657 0.6600130274891853 0.1070368736982346 0 0 0 0.2938971742987633 0 0 0 0 0 0 1.956601783633232 0 1.616716653108597 306.473944529891 5.620516926050186 0.7307843565940857 2.339166432619095 34.28984418511391 0.9631722420454025 0.5136889517307281 6.865144856274128 0.322916567325592 5.498562857508659 70.59271036088467 4.04742656648159 23.03589092940092 32.07764661312103 32.32043012231588 9.229352295398712 55.54755502194166 73.77156313508749 80.81754460185766 16.41342159360647 0.9171062186360359 1.650430381298065 0 0 0 0 0 0.2828579246997833 0 0 0 0.1198124438524246 0.1320914030075073 0.4023327827453613 0 0 0.2688222602009773 0.1670705229043961 0 0.8301643654704094 1.671551689505577 0 0 0 8.603002570569515 0 4.362916588783264 1.09900526702404 0.216154932975769 0 0.2233995273709297 0.1686269640922546 0 0.3915571719408035 0.1092043146491051 0 0.8705876693129539 2.660773023962975 0 0 0 0.341261625289917 0 0.1569121181964874 0 0 0 0.1099281460046768 0.2155018150806427 0.3096772432327271 0 11.38265723735094 0 0 0.3822271972894669 0 0 0 0 0 0 52.45182766020298 2.604748636484146 0 0 0 3.951778694987297 0 2.252412050962448 0.3384604528546333 0.3413062021136284 0.9677429348230362 0.3804779797792435 0.7252950146794319 0 0 0.3279350697994232 0 0 0.1430953294038773 0 0 44.33750618994236 18.52441408485174 12.25637801736593 83.96765681356192 1.073402367532253 25.65587470680475 15.53542466461658 47.88754661381245 5.369253352284431 0.1575604528188705 1.018371321260929 4.856883585453033 0 5.195489898324013 0.7699552401900291 6.532377064228058 1.482448309659958 0 0 0 0 289.650534786284 57.17532187700272
94.4718769416213 954.1994596421719 192.9590433314443 224.1155783385038 1480.268117472529 325.7233154475689 2615.252125047147 173.8330550864339 1616.904083915055 9105.339935176075 1384.660040684044 1170.305806040764 1342.055179663002 2386.047549068928 60.11667121946812 31.75269415974617 3.83467311412096 0.3793789744377136 0 0.9618867039680481 2.949678748846054 1.146994411945343 4.80260942876339 3.240331664681435 9.551327526569366 1.367392614483833 1.310831040143967 0.3550803661346436 1.209274560213089 0.1223047897219658 65.34428092837334 4.56330768764019 454.9039082527161 0.9971032738685608 4.055530875921249 4.954649679362774 425.2914287298918 47.82037815451622 94.70449185371399 16.54755701869726 12.71072533726692 17.06583607196808 1.980827867984772 9.44801376760006 0.4935819208621979 1.539047673344612 54.88613750040531 0.2567199096083641 0.8399127647280693 3.938163913786411 0.4885844811797142 12.20856228470802 2.484750330448151 12.89704345166683 1.094934158027172 1.661873534321785 20.39195150882006 31.60103879868984 5.531316883862019 20.97638525813818 2.584156453609467 30.36196637153625 1.251890771090984 26.7164718657732 0.2766357660293579 0.9774679765105247 2.759966552257538 1.035789586603642 3.388707347214222 15.02504728734493 295.4715428650379 66.95801421999931 1.886968582868576 32.3433508053422 19.56134589761496 52.50413350760937 30.43345651775599 59.47796846181154 2.110689088702202 91.902507558465 12.39948786795139 17.5042789876461 1.314771585166454 0.1490990966558456 0.2453506290912628 1.795440517365932 0.955053798854351 0 0.6767103224992752 0.4613639339804649 0.3239122033119202 0.1112564131617546 12.17572231590748 1.863915301859379 9.023200012743473 2572.241202905774 76.29064450412989 1.884468480944633 10.00135228037834 83.40546932071447 5.645655579864979 7.320355467498302 30.94444195181131 3.411581680178642 32.65057981014252 358.0938637554646 21.56905768066645 89.42864711582661 219.0501663535833 76.82976310700178 36.73052624613047 254.6585594341159 263.6392069086432 368.3455266952515 94.52191399782896 3.276794999837875 10.12311723083258 0 0.392908439040184 0 0 0.1590787023305893 0 0 0.1423108726739883 1.452040381729603 0 0 0.266991525888443 0 1.682963833212852 0.8334984332323074 0.2369118928909302 0 6.964397706091404 6.464786157011986 0 0.1405423581600189 1.303326308727264 66.09353033453226 2.260219506919384 26.25325360149145 7.92580684274435 0.2138877436518669 0.4088207632303238 0.6565113216638565 0.1265901476144791 0.149922639131546 2.609511964023113 0.8916688561439514 0.3771034181118011 3.066581308841705 10.17726542800665 0 0 0.1253809779882431 3.690495163202286 1.379405945539474 0.2406229898333549 1.508865185081959 0 2.427722550928593 1.883697852492332 0.5419886112213135 0.3894045948982239 3.2367282807827 31.85295814275742 1.559897810220718 1.168400980532169 1.04344542324543 0 0 0.1373714655637741 0.117266058921814 0.2302104085683823 0.7942929342389107 264.0562982857227 13.29299327731133 0.8761753141880035 0.1411602795124054 0.3137972801923752 14.01452960819006 0.1060158610343933 10.89982137829065 3.766120582818985 2.783033981919289 7.313286170363426 1.102100245654583 4.129238300025463 0.2748636901378632 0 1.024471089243889 0.1665454059839249 0.1999258249998093 0.188282385468483 0.5753859281539917 0 179.7307402789593 86.25138249993324 58.07516855746508 741.6383109018207 11.63447073847055 220.7797723561525 119.6195835098624 173.2916492894292 47.11632064729929 0.8068424612283707 9.15328136831522 25.334307692945 0.875359982252121 24.09836694598198 5.414256490767002 42.55372643470764 2.98014148324728 0 1.412877589464188 1.196086257696152 0 780.7450906559825 202.0588703155518
