619.2211567461491 1977.192268759012 464.351295042783 499.5245989710093 631.6058891043067 315.8179533034563 704.0785492733121 24.29636184126139 283.4716498032212 756.0440164878964 181.5276689380407 32.18511186540127 143.364655315876 60.79768493771553 1.267218016088009 0.07781815528869629 0.3018987029790878 0 0 0.07003659009933472 0 0 0 0 0 0 0 0 0 0 746.9220561459661 0.8236446380615234 3.01238027215004 0 0 0 3.468559458851814 0.262750618159771 0.2779313623905182 0.1339235454797745 0 0.1028028354048729 0 0 0 0 60.1904116794467 1.048482991755009 0.2601702436804771 0.1352645456790924 0.1702631860971451 0 0 0 13.81092274188995 10.56529733911157 178.7615042179823 338.6217663511634 60.75111965835094 17.41568382829428 0.3834141194820404 0.1328509896993637 0 8.402022309601307 4.029477588832378 1.953477308154106 0.7544956207275391 0.2568845525383949 0 0 0.904978483915329 2.782506361603737 0.1485495716333389 153.940715353936 5.94990836083889 11.42585857212543 1.807178817689419 0.2621024027466774 0 3.403354324400425 0 0.2007052674889565 34.35983688384295 0.9072079584002495 1.791017353534698 4.653291366994381 0.2017242535948753 0.1520954743027687 0.6227208375930786 0 0 0.08987577259540558 0 0 0 9.900989353656769 0.2164928764104843 0 0 1255.012485712767 0.5347248017787933 0 0.7828774452209473 0 0 1.403785198926926 1.652256555855274 0 1.07702112197876 3.065091893076897 0.1825934275984764 4.954313822090626 1.045900017023087 3.087662018835545 1.76628178358078 0 0 0 0 0 0 0 0 0 0 0 0 0 0 0 0.4156244695186615 0.08213524520397186 0 0 0.3505058959126472 0 0 0 0 3.789230048656464 0.8853269815444946 0.4574605375528336 2.261433809995651 0 0 0 0 0 0 0 0 0.166141152381897 0 0 0 0 0 0 0 0 0 0 0 0 0 0 0.2416677996516228 0 0 0 0 0 0 0 0 0 9.207192301750183 0 0 0 0 0.404975414276123 0 0 0 0 0 0 0 0 0 0 0 0.08884384483098984 0 0 0 5.179279275238514 0.6592148318886757 1.059943154454231 292.2962148115039 6.785844020545483 84.98926690220833 6.711645275354385 960.2123554870486 20.75650628656149 1.970071785151958 4.955381192266941 0.1310378462076187 0 0.2992458641529083 0 0 0 0 0 2.844908520579338 0 570.0348947793245 9.656015180051327
1977.192268759012 1615.215725891292 844.3449194356799 220.9741029664874 2877.468420702964 51.90681293606758 1359.49156370014 39.11518786847591 1005.409127116203 635.2537661343813 616.3171992450953 75.17529463768005 250.4536025598645 161.3975359797478 3.328683421015739 0.4568080604076385 0.2868393585085869 0 0.0807793140411377 0.1831944286823273 0.1029898375272751 0.3085820972919464 0 0 0.07904276996850967 0.1751077324151993 0.1679952368140221 0.299875870347023 0 0.08574669808149338 758.5174220725894 2.339122883975506 5.848639205098152 0 0 0.09045478701591492 13.27921728789806 2.758739821612835 0.9579601287841797 0.1539852395653725 0 0.2636986970901489 0 0.2784092649817467 0.0746714249253273 0.1412588730454445 115.5893997997046 1.174462705850601 0.5752897560596466 0.3681598454713821 0.1812579557299614 0.1260390430688858 0 0.428931251168251 18.19525888189673 15.49554414302111 108.3247227743268 240.4732740968466 64.45895908027887 25.70658301562071 0.3977396190166473 1.567338220775127 0.07434156537055969 19.48494416475296 5.680924087762833 2.411830946803093 1.118259090930223 0.2588569819927216 0 0.1478578746318817 3.433865085244179 1.673074692487717 0 176.2240735255182 21.15159713476896 26.90352467447519 4.131410337984562 0.3578105941414833 0 5.611320950090885 0.0728435292840004 0.3805463537573814 41.6035485714674 0.7298560738563538 2.412981040775776 6.770263265818357 0.3398481532931328 0.1524908021092415 0.7532961331307888 0.3011211529374123 0.1420717835426331 0.07907790690660477 0 0 0.08891622722148895 5.622147791087627 0 0.08766010403633118 0.5653136521577835 636.0247186794877 0.4795305654406548 0 0.1542648673057556 0 3.031376712024212 1.986257806420326 0.7585065364837646 0.7323101013898849 2.007755219936371 1.770594909787178 2.13844396173954 5.018332101404667 2.39507470279932 3.139665849506855 1.286303959786892 0.8200288265943527 0.1147698387503624 0 0 0 0 0 0 0 0 0 0 0 0 0 0 0 0 0 4.991403043270111 1.107647210359573 0.1064081192016602 0 0 8.416302517056465 1.797649025917053 4.942603543400764 1.596849896013737 0.4003097042441368 0 0 0 0 0 0.3174387365579605 0 0 0.6098119243979454 0 0 0 0.6176516711711884 0 0 0 0 0.07779621332883835 0.2014510780572891 0 0 0 3.118837937712669 0.2767844796180725 0 0 0 0 0 0 0 0 17.37985671311617 0.385962501168251 0 0 0 1.043625175952911 0 1.106726102530956 0.1193770691752434 0.2368416823446751 0.2517785429954529 0 0 0 0 0 0 0 0 0 0 7.821711391210556 2.185809150338173 6.936224311590195 243.4547556340694 11.825853317976 144.4240398667753 19.82393656671047 297.2065921425819 30.43080908805132 2.274061761796474 13.82226397842169 2.314986020326614 0 1.62406051158905 0 0 0 0 0 3.686617583036423 0 108.9011878147721 5.165411129593849
464.351295042783 844.3449194356799 607.6237044222653 4.444198802113533 1280.309689253569 1.442549861967564 77.68851701170206 1907.960249088705 358.7484201565385 141.1428429037333 2260.018349118531 31.47319751232862 246.004850693047 528.9781136587262 22.847272798419 15.88315852731466 3.673379652202129 2.664029769599438 0.5317621007561684 5.511315993964672 41.00507498532534 0.2466410920023918 17.44810321182013 10.0586669370532 25.51769385486841 6.973278798162937 12.05743999779224 1.760497570037842 0.1020167022943497 1.081707306206226 3300.222225494683 50.61061099171638 69.08392803370953 3.490442432463169 32.90430111438036 26.19009390473366 118.0133466720581 48.85266641899943 39.00156515091658 9.734350696206093 30.64275792613626 29.18439868092537 4.098135329782963 2.840074241161346 1.948805972933769 4.530334904789925 162.1644532084465 5.050053957849741 1.937557518482208 7.889590963721275 2.211138486862183 0.6293831691145897 0.2906701937317848 0.8107563033699989 29.10370942950249 22.61897895112634 207.8723152242601 971.4369504600763 95.16703267395496 42.87988843768835 35.40687797963619 43.02639393508434 8.607445687055588 154.4151557311416 8.641379788517952 4.795761924237013 1.907653480768204 2.231323808431625 4.917473442852497 24.06731732189655 44.19763776659966 61.81655393540859 0.07365230470895767 352.0679598115385 74.55371871590614 60.06187955290079 15.81883328408003 5.457825131714344 48.6216921582818 375.1014384925365 14.42233236134052 179.4939594343305 63.56976151093841 2.008465196937323 3.982161115854979 8.835998691618443 6.755743853747845 0.7601104751229286 1.854537028819323 0.1708502247929573 0.943651620298624 0.4241872727870941 22.71099217236042 16.70966616272926 2.499616704881191 11.87601655721664 72.22335612028837 0 64.43638543784618 380.0316793695092 5.069222405552864 0.1524032056331635 0 0 12.79157795011997 2.528807014226913 1.035417258739471 9.477708362042904 2.381639368832111 11.03958638757467 1.422479696571827 26.19461473077536 5.759850539267063 21.96655974537134 6.18199784308672 2.350606046617031 0.9633240886032581 0 0 0 0 0 0 0 0 0.4776709079742432 0 1.43521212041378 0.9549648761749268 0 0.4076631516218185 0.4832879453897476 0 0 11.22166659682989 7.634266093373299 0 2.014302641153336 1.268466651439667 40.34227787703276 17.85139791667461 68.18411200493574 28.92153644561768 9.823843024671078 0 0 0.2404820472002029 0 0 1.561838448047638 0 1.112276449799538 1.522188976407051 0 0.1089597642421722 0.1759837120771408 4.603470891714096 1.466740757226944 0 0.3118324279785156 0 0.3175076842308044 1.034036360681057 0 0 0.5571020096540451 17.09972872585058 0.1815493851900101 0 0.06920284777879715 0 0 0 0 0 0 53.4243930131197 7.572431869804859 0 0.0925615206360817 0.165978342294693 4.018459796905518 0 2.708887256681919 0.1775807067751884 3.067325070500374 1.942891210317612 0 0.3982288092374802 0 0.06995506584644318 0 0.06231306493282318 0.1464822515845299 0 0 0 12.38036695867777 26.2060781493783 67.40779180452228 296.2167705930769 22.88864596933126 206.6358929760754 58.83466472476721 101.3221812620759 37.02419633418322 1.967617996037006 15.07596977055073 27.52524242550135 0 11.33195298910141 4.629670821130276 0.3188058733940125 0.2887166738510132 0 0.8140975162386894 7.132724702358246 0.3285721242427826 91.56954009830952 29.28731070458889
499.5245989710093 220.9741029664874 4.444198802113533 144.5223094522953 98.89529296755791 292.8580954372883 968.3750821202993 0.1201935261487961 473.0099714994431 1592.668425038457 3.104417964816093 254.4711850732565 891.3049791306257 23.76251015067101 0 0 0 0 0 0 0 0 0 0 0 0 0 0 0 0 11.36264608055353 0 0.7081364393234253 0 0 0 1.127586230635643 0 0 0 0 0 0 0.07566400617361069 0 0 4.833480954170227 0 0 0 0.09757401794195175 0 0 0 1.709627985954285 1.197663657367229 19.20148902386427 42.94528173655272 5.885324843227863 1.721556447446346 0 0 0 0.121365562081337 0.2593150734901428 0 0 0 0 0 0.1449306011199951 0 0 13.16482362151146 0.2381763756275177 0.3239709809422493 0 0 0 0 0 0 1.059060417115688 0.08074749261140823 0.1053047925233841 0.6683054938912392 0 0 0 0 0 0 0 0 0 0.1502861082553864 0 0 0 796.5259108543396 0 0 0 0 0 4.229227229952812 0 0 4.876201018691063 1.372480154037476 0 0 0.1573854088783264 0.1955012530088425 0.6579217910766602 0 0 0 0 0 0 0 0 0 0 0 0 0 0 0 0 0 0 0 0 0 0 0 0 1.091705486178398 0 0.8764524012804031 0 0 0 0 0 0 0 0 0 0 0 0 0 0 0 0 0 0 0 0 0 0 0 0 0.3746844232082367 0 0 0 0 0 0 0 0 0 0 0 0 0 0 0 0 0 0 0 0 0 0 0 0 0 0 0 0 0 0 2.820982575416565 0 0.7513453438878059 20.83129398524761 0.1575343757867813 7.653220348060131 0.6602911874651909 204.1196760833263 2.175539001822472 0.1783788800239563 1.395006418228149 0 0 0 0 0 0 0 0 0 0 117.248468324542 1.495764017105103
631.6058891043067 2877.468420702964 1280.309689253569 98.89529296755791 500.8304059803486 43.20073549449444 1882.407352395356 133.0937967300415 1692.285519819707 1685.362600371242 535.3290431275964 462.3457829579711 918.4606073871255 360.560208901763 6.470428079366684 1.503704883158207 0.4050119295716286 0 0 0.07878655940294266 0.1583524718880653 0 0.4124633893370628 0.176428459584713 0.3457600548863411 0.5420394912362099 0.07157985121011734 0.1533877849578857 0.1402481943368912 0 273.2676451727748 14.99228618294001 7.052999839186668 0.09685990214347839 0.3376371115446091 0.2933917567133904 17.92971879988909 2.602787278592587 1.689685352146626 0.1158429309725761 0.0748196616768837 0.08967051655054092 0 0.1580202281475067 0.2430909425020218 0.2447307631373405 136.0577766597271 0.9647231474518776 0.1880707666277885 0.1570343822240829 0.1669592708349228 0 0.5916527509689331 0.1187070161104202 15.75746972113848 9.712096221745014 66.03938646614552 101.065557487309 40.63826631009579 27.08656596392393 0.09158309549093246 0.4532266184687614 0.1759504601359367 28.94409666210413 4.058909270912409 1.889773823320866 0.8565795868635178 0.1546119302511215 0 0.322148784995079 4.641842782497406 21.46712230145931 0.07542343437671661 113.907162617892 22.4756899997592 42.35156822949648 8.173937350511551 1.096839107573032 0.352280281484127 2.155056171119213 0 1.685785599052906 33.535430803895 0.9748316034674644 2.232089508324862 4.964467920362949 0.328034583479166 0.07845669239759445 0.747081995010376 0 0 0.2365834265947342 0 0.4093790054321289 0.4621592536568642 10.04760358482599 2.43686056137085 0 1.360198631882668 121.1469879746437 0.9345383197069168 1.289036117494106 0.4924911558628082 0.5410697013139725 11.0576606169343 14.06030432879925 0.7279331088066101 4.005946539342403 6.886050686240196 11.76757269352674 2.693597219884396 19.33793572336435 4.373096995055676 9.083175048232079 6.020115286111832 0.5516431033611298 1.036913551390171 0 0 0 0 0 0 0.1913471817970276 0 0 0 1.436151102185249 0 0 0 0 0 0.4291360974311829 13.44123059511185 3.110909529030323 0 0.5842955112457275 0 38.08093911409378 5.830066353082657 24.44977140426636 7.664680555462837 2.86700301617384 0.102050818502903 0 0 0 0.111803762614727 0 0 0 1.46355763822794 0 0 0.2307477593421936 1.304054453969002 0.1264860332012177 0 0 0 0 0.08312279731035233 0 0.1587252244353294 0.3461840450763702 10.1289703771472 0.6739103198051453 0.0774419829249382 0 0 0 0 0 0 0.3399357497692108 52.75414887815714 4.338953323662281 0.173237219452858 0 0 1.602244459092617 0.2433760017156601 4.504598259925842 0.2086381763219833 0.094509556889534 0.3432469740509987 0 0 0 0 0 0 0 0.09057517349720001 0 0 15.34405129402876 13.81939623504877 28.12035147845745 474.1823151409626 22.70186947286129 209.7281665727496 35.15396269410849 122.6626103818417 48.88760045915842 0.9759839475154877 29.18576973676682 9.626013495028019 0 4.47136527299881 1.722948357462883 0.2095042169094086 0 0 0.4813316911458969 3.458900853991508 0 115.5393018200994 27.90080722421408
315.8179533034563 51.90681293606758 1.442549861967564 292.8580954372883 43.20073549449444 11.47763223946095 124.4380216374993 0.522250235080719 58.98406818509102 1076.765163786709 1.741375833749771 46.82759323716164 96.7115605995059 17.91953119635582 0.1700488179922104 0 0 0 0 0 0 0 0 0 0 0 0 0 0 0 9.603810518980026 0.09759095311164856 6.427697405219078 0 0 0 20.62386851012707 0 0.208211824297905 0 0 0 0 0 0 0 0.8877507597208023 0 0 0 0.1817168742418289 0.7292212396860123 0 0 0.2501897811889648 0.1781369224190712 75.8305432498455 8.799813464283943 2.765387989580631 0.1289723664522171 0 0.3017081618309021 0 0.1602284908294678 0 0 0.09852974116802216 0 0 0 60.57699148356915 15.25119489431381 4.879625357687473 2.014044873416424 0.1889026015996933 0 0 0 0 1.128626547753811 0 0 0.5031022354960442 0.09552828222513199 0 0.1059678494930267 0 0.6101358756422997 0.8436716943979263 1.042088843882084 0.3556513786315918 0.3450532481074333 0 0 0 76.18307295441628 37.47132951021194 3.249718002974987 5.671858593821526 220.594986230135 0 0.1330480724573135 0.1114385947585106 0 3.215588785707951 2.644157662987709 0.349336713552475 0.2286863625049591 2.717798173427582 27.49029029905796 3.393363438546658 5.388236910104752 1.476551175117493 3.774944752454758 0.8896182700991631 0 0 0 0 0 0 0 0 0 0 0 0 0 0 0 0 0 0 0 0 1.109146952629089 0 0 0 2.664450377225876 0 0.2486824989318848 0 0 0 0.2114588171243668 0 0 0 0 0 0.4463686570525169 0 0 0 0 0 0 0 0 0 0 0 0 0 0 1.544186055660248 0 0 0 0 0 0 0 0 0 8.202342197299004 0 0 0 0 0.09135713428258896 0 0.6128571107983589 0 0 0 0 0 0 0 0 0 0 0 0 0 12.1628267839551 0.2836457788944244 0 7.329137966036797 0.3150419592857361 1.543839357793331 0.4910723567008972 61.9412655159831 1.257106058299541 0 0 0 0 0 0 0 0 0 0 0 0 110.8303219377995 15.51702855527401
704.0785492733121 1359.49156370014 77.68851701170206 968.3750821202993 1882.407352395356 124.4380216374993 334.5422332584858 14.68596752732992 349.2278821617365 1813.88767329976 138.6829306185246 464.8704338371754 1688.860263317823 107.0514144003391 4.776844136416912 0.8767894878983498 0.2139228954911232 0.1190419048070908 0 0.1803587824106216 0.09176692366600037 0 0 0 0.08171651512384415 0 0 0.3029029443860054 0.1438204199075699 0 65.43034677952528 3.687118224799633 4.767073079943657 0.09466376155614853 0.2040189951658249 0 14.41390559822321 0.7067573070526123 0.4751362502574921 0 0.1191053837537766 0.2293376475572586 0 0.07687824219465256 0 0.1369588822126389 82.01930010318756 0.8838057667016983 0.2423698902130127 0 0.4723152741789818 0.09415321797132492 0 0 10.34349486604333 7.932730127125978 48.25226841121912 65.96383954584599 30.22937001287937 20.47195322066545 0.07913912087678909 0.9565069973468781 0 17.90900359302759 3.203880906105042 1.603896386921406 0.347331814467907 0.2265110835433006 0 0 3.001188740134239 10.75197729468346 0 87.66010200604796 15.14491979032755 27.83198693394661 3.930024713277817 0.3130439817905426 0.08523157984018326 1.052561946213245 0.1496769189834595 0.7924564927816391 22.43931310623884 0.9921780824661255 1.143949434161186 3.679077178239822 0 0 0.5099371410906315 0.1374594271183014 0.07691838592290878 0 0 0.1795877814292908 0.3158211410045624 5.730174705386162 2.287245631217957 0.3784459829330444 0.9454623386263847 110.6681966111064 0.6289916709065437 0.1397181898355484 1.838982082903385 0.1448336839675903 3.107931353151798 27.87528131902218 0 14.99812506139278 32.42526312917471 5.017151810228825 0.5000695660710335 19.868628077209 2.422399550676346 5.826888136565685 3.532502599060535 0.1886415183544159 0.3722948133945465 0 0 0 0 0 0 0 0 0 0 0 0.6910476088523865 0 0 0.32108074426651 0 0 4.250656701624393 0.4249042123556137 0 0 0 15.77044723182917 2.407261811196804 10.69981007277966 1.826153218746185 0.3014962896704674 0 0.1175629496574402 0 0.2522421777248383 0 0 0 0.1944127082824707 0 0 0.1024377420544624 0 0.1772117167711258 0.1042074784636497 0 0 0 0.4462890326976776 0.1846369951963425 0 0.08878052979707718 0 5.693620257079601 0.4811088591814041 0 0 0 0 0 0 0 0 22.26951702684164 0.692695677280426 0 0 0 1.155023284256458 0 1.770971551537514 0.09388414770364761 1.160128824412823 0.4234478399157524 0.1494991928339005 0 0 0 0 0 0 0 0 0 5.758192449808121 3.497460223734379 15.27477642148733 264.688512340188 13.75930339843035 123.0272673144937 17.107910618186 143.0611922070384 27.08833662420511 1.229018561542034 14.83140225708485 3.153771921992302 0 1.377454556524754 0.4145175069570541 0.6171669960021973 0 0 0.343209832906723 0.6829394549131393 0 113.642971791327 11.24008949846029
24.29636184126139 39.11518786847591 1907.960249088705 0.1201935261487961 133.0937967300415 0.522250235080719 14.68596752732992 746.6188951805234 78.10699401050806 7.402699947357178 1221.403211958706 21.83930165320635 195.5173660591245 462.1044610291719 78.62027031928301 44.37465164810419 5.659176424145699 1.78519780933857 0.293763093650341 4.107134319841862 31.86235009133816 0.2250019833445549 22.30796489864588 14.07376802712679 41.39080494642258 8.744700394570827 25.72853124141693 3.536822341382504 0.9747287705540657 1.496785521507263 555.8022542744875 1818.509686850011 138.4547995105386 3.397155083715916 42.51971242576838 59.23851028829813 147.1619473993778 55.19769567251205 16.29081680625677 17.53233859688044 29.89845248311758 27.35256293416023 1.248486153781414 21.39317023009062 3.339579492807388 27.89936636388302 390.1097632423043 3.678345814347267 1.661223664879799 4.005623303353786 1.634858250617981 0.9800069108605385 0.9502519145607948 2.29203337430954 16.67936645448208 12.57320261374116 65.09268145635724 161.9928632304072 52.29757039994001 61.74006943404675 265.016072422266 186.8326931223273 41.71218440681696 281.6743275523186 6.933118414133787 3.906627267599106 1.383398450911045 1.985846452414989 3.243559561669827 17.08188415318727 37.26897364109755 16.44710632413626 0.6746902093291283 172.9155967012048 115.246233060956 176.7729077264667 183.2020818963647 451.642339296639 848.3592448234558 1253.4936715886 213.4134398922324 1324.954129740596 41.68871342018247 1.673044748604298 3.317182816565037 7.010014317929745 1.804829977452755 1.123377718031406 1.399416111409664 0.6430483981966972 0.5261294767260551 0.5679575726389885 14.47116187959909 16.58084011822939 3.65008483082056 4.064159244298935 1.004811219871044 0.9340647161006927 9.785845063626766 26.66447494924068 2.175738044083118 0.2193774431943893 0 0 4.96077012270689 2.184731215238571 0.143610492348671 5.078334718942642 1.188185997307301 2.616206221282482 0.9639777019619942 20.31011763215065 3.209357433021069 12.44106864929199 3.25360219180584 0.5394453406333923 0.1300133876502514 0 0.08789031207561493 0 0 0 0.2188408672809601 0.09964731335639954 0 0.225741058588028 0 0.4440707191824913 0.1350079327821732 0.1959135085344315 0.2190090268850327 0.5157084465026855 0.09439917653799057 0.2870380282402039 5.403584465384483 1.138652503490448 0 0.3060959428548813 0 27.72567165270448 4.412304781377316 12.94483710080385 6.111939880996943 4.43655950576067 0.0926012247800827 0.4618319422006607 0 0 0.6863560006022453 0.1267404854297638 0 0 0.9232285469770432 0 0.2052424550056458 0.6545212268829346 1.400696314871311 0.5726341754198074 0 0.06232075393199921 0.0597798079252243 0.1160739958286285 0.7308629676699638 1.718635320663452 0 0.221586674451828 8.3516690954566 0.3564189895987511 0 0 0 0 0 0.07143532484769821 0 0 36.7352932356298 2.378874376416206 0.1408616900444031 0.09739469736814499 0.09384636580944061 0.7702220678329468 0 2.423921033740044 0.0652739405632019 0.1405686065554619 0.5363824293017387 0.2596748024225235 0.2209897413849831 0 0 0 0 0.1368284523487091 0 0 0 10.87886720895767 11.75554321706295 18.81282612681389 787.4148747250438 50.66164468973875 489.9284217059612 160.6850254908204 57.26860675215721 75.09590834379196 2.541311234235764 50.74767068773508 5.090788029134274 0 3.76109217852354 2.400077413767576 0.223036915063858 0.8123644590377808 0 0 18.02612725645304 1.397209525108337 60.93122836202383 22.81449873000383
283.4716498032212 1005.409127116203 358.7484201565385 473.0099714994431 1692.285519819707 58.98406818509102 349.2278821617365 78.10699401050806 445.5803284868598 1474.372870959342 555.4649503976107 721.3938902691007 2956.47316134721 1627.318186104298 10.63799247890711 3.467641249299049 0.4754456132650375 0.2730487883090973 0 0 0.1129628047347069 0 0.5002271011471748 0.08304544538259506 0.7243609726428986 0 0.2980727031826973 0.1282966881990433 0.2790509164333344 0 87.6644706055522 21.61510390043259 123.2857534810901 0.2377982586622238 0.1707318648695946 1.224422290921211 146.239298760891 1.48520352691412 5.518297709524632 0.3461604937911034 0.1719939112663269 0.1256542354822159 0 0.7622823566198349 0.2132270038127899 0.52798892557621 131.4949891418219 1.633943997323513 0.7732551768422127 0.1362573653459549 0.1482325196266174 0.2726487219333649 0 0.09648288041353226 10.99341006577015 8.796990413218737 40.139838129282 49.83373641967773 30.76847518235445 25.83368390053511 0.3197662308812141 5.030653238296509 0.07528106123209 32.20439329743385 3.162708289921284 1.051862701773643 0.5225055366754532 0.1941554918885231 0.0848158597946167 0.2750786542892456 24.02899462729692 24.65865299105644 0.1613092571496964 77.51362426578999 19.51017661392689 44.24985822290182 10.38825710117817 1.496797986328602 0.1540927886962891 16.40820080786943 0.2267637327313423 3.151050835847855 21.71525317057967 0.5525559484958649 1.216789700090885 4.511499982327223 0.3387508988380432 0 0.8380554988980293 0.241082638502121 0.114771656692028 0 0.1938965320587158 0.282563179731369 0.2589144185185432 22.83345510065556 1.683826446533203 0.2544102668762207 2.81750451028347 52.02074940502644 1.65414097905159 0.5348382070660591 0 0.09269620478153229 12.25858578085899 11.66021835803986 0.9220841825008392 10.86234652996063 18.09346087276936 22.46090828627348 3.419170863926411 44.89226093143225 8.124557167291641 19.86711701750755 9.832197643816471 1.063819848001003 0.7070658877491951 0 0.0907219871878624 0 0 0 0 0 0 0 0 0.3286576271057129 0.1499125510454178 0 0.1905040517449379 0.2019125819206238 0.08882975578308105 0.1233097240328789 15.83420762419701 3.137504607439041 0 1.085913792252541 0 57.38041455298662 11.14584814757109 33.48553785681725 8.939374499022961 2.617981962859631 0 0 0 0 0.1852871477603912 0.4634012877941132 0 0.444589376449585 0.5130984336137772 0 0 0.3731820210814476 0.7567969262599945 0.1710731834173203 0 0 0 0.7518351599574089 0.1722581684589386 0 0 0.08492357283830643 16.95776310563087 1.183884307742119 0.1085880845785141 0 0 0 0 0 0 0 87.88244754821062 1.739097520709038 0.1718872785568237 0 0 2.71902970969677 0 4.856830902397633 1.060393631458282 1.527108684182167 0.9713452756404877 0 0.6293497085571289 0 0 0 0 0.07001074403524399 0 0 0 34.83308967202902 20.74617330729961 38.9941827505827 519.9194956719875 30.60721531510353 208.8986167535186 42.86206955462694 81.02958702296019 46.51864892244339 1.719437353312969 29.55944777280092 8.564929284155369 0.8205505013465881 6.099100291728973 3.117231234908104 2.063888922333717 0.6162334084510803 0 1.2056565284729 3.789189592003822 0.4193005114793777 146.4682191312313 37.82523671537638
756.0440164878964 635.2537661343813 141.1428429037333 1592.668425038457 1685.362600371242 1076.765163786709 1813.88767329976 7.402699947357178 1474.372870959342 1541.100191392004 227.1044105142355 768.1854713335633 6400.670253008604 474.8053492605686 2.431612633168697 1.013063997030258 0.5946508646011353 0 0 0 0 0 0.1023369431495667 0 0 0.5222375988960266 0 0 0 0 45.65527354180813 1.446743607521057 31.23320190608501 0 0 0 87.86048706620932 1.393056869506836 0.3389201164245605 0.3739665225148201 0 0.1156111806631088 0.137506291270256 0.06737334281206131 0 0.07588449865579605 54.82467629015446 0.676838755607605 0 0 0.08786637336015701 0 0 0 7.076361048966646 5.464605823159218 46.70524669438601 52.50145311653614 25.68358208239079 11.3906284943223 0.7463526502251625 1.346337080001831 0.2814837992191315 7.486501321196556 1.972409345209599 0.8183038383722305 0.3304263949394226 0.2667659893631935 0 0 78.64536017179489 58.23710960894823 0 52.47770581394434 8.120599761605263 14.47341719269753 2.34457340836525 0.0840018168091774 0.1185319423675537 0.8299960270524025 0 0.3481078892946243 14.97341745346785 0.4223272055387497 0.62788937240839 2.691813707351685 0 0.1603450551629066 0.2655537128448486 0.1526987180113792 0.07144004106521606 0 0 0 0 48.82847551256418 12.00864857435226 0 1.946695283055305 460.8476089015603 4.748777557164431 9.68200408667326 1.751160144805908 4.442444115877151 33.53691324591637 36.49056476354599 8.47807265073061 21.89920719712973 23.42902145534754 215.0468386039138 12.11255649477243 102.94374088943 51.36629776656628 87.53486663103104 23.57555398344994 0.4638954773545265 0.8137507364153862 0 0 0 0 0 0 0 0 0 0 0.4376895129680634 0 0 1.057446762919426 0.08577604591846466 0.3724747002124786 0.2073601186275482 17.26814546436071 8.876794241368771 0.1496740132570267 0 0 97.31813496351242 14.05698070675135 39.9888057783246 10.85092022269964 3.990753434598446 0 0 0 0 0 0 0 1.300757631659508 3.561614885926247 0 0 0.1480599343776703 5.259377494454384 0.5413910150527954 0.280621774494648 0.6088593006134033 0.1817689538002014 0.5317670926451683 1.531937889754772 0 0 0 19.37957862764597 1.300647586584091 0.2850497700273991 0 0 0 0 0 0 0.2359189391136169 203.8734117746353 1.409669257700443 0.1682396829128265 0 0.3796257376670837 4.641902901232243 0 8.130113586783409 1.593992445617914 0.8246306777000427 1.935122027993202 0.7554749250411987 0.4807838499546051 0 0 0.09491323679685593 0 0.1014089584350586 0 0 0 153.542247608304 25.37006910890341 45.59478006511927 403.3052492663264 13.1302949115634 85.63346286863089 16.6339808255434 375.55582472682 18.86509807407856 1.044226072728634 13.62176267802715 13.78106723725796 0 8.404853858053684 4.826021745800972 27.35092857480049 0.1884700804948807 0 0 0.320079118013382 0.9502644836902618 960.1202564015985 183.6672930419445
181.5276689380407 616.3171992450953 2260.018349118531 3.104417964816093 535.3290431275964 1.741375833749771 138.6829306185246 1221.403211958706 555.4649503976107 227.1044105142355 1177.307306557894 135.8563683405519 1165.476466469467 1889.996612332761 28.15881055593491 12.806063182652 1.334845289587975 0 0 0.2968050241470337 0.3260926529765129 0.2924621850252151 1.481266692280769 1.629601173102856 5.190694481134415 0.5806491374969482 2.903400156646967 0.4624812677502632 0.323863223195076 0.7131851986050606 368.0801198258996 89.60879102349281 508.4554546028376 0.113837942481041 1.777352601289749 8.074084542691708 544.8325726389885 42.00751572847366 28.70625936985016 6.368553392589092 1.541886724531651 1.499354146420956 0 1.102009780704975 0.5533524006605148 0.8602290078997612 147.1738008782268 0.8137446045875549 0.3727920949459076 0.1967780366539955 0.07540325075387955 1.399187460541725 0.4478036910295486 0.7040754854679108 9.161510661244392 6.434975165873766 37.63150550425053 100.4911705181003 27.50711009651423 18.83168828487396 3.969121232628822 57.82269021868706 1.19088964164257 40.4472973421216 2.806288544088602 0.9532125629484653 0.7169555872678757 0.1659123227000237 0.2260528281331062 0.4597548469901085 192.9656442031264 24.56081974506378 0.4234921708703041 81.30923537164927 25.00607258081436 55.43883543461561 14.01835433393717 5.982191026210785 0.5502170547842979 655.9264119043946 2.104638651013374 58.13233853131533 17.22943104803562 0.08732136338949203 0.7349479235708714 2.575828734785318 0.1559534147381783 0.4380632340908051 0.9456052891910076 0.5222666040062904 0.5474483370780945 0.5961084589362144 0.9856969639658928 1.659277357161045 0.7319516539573669 22.03408630937338 8.656861655414104 0.832200326025486 45.0787017121911 86.23688232898712 3.648042634129524 0.2396445870399475 0.5907169356942177 0 10.00704044103622 6.337054386734962 0.3218643516302109 6.08551249653101 0.8160842880606651 16.36948042362928 4.056681014597416 24.85014412552118 7.673983693122864 20.78109319508076 7.947597570717335 0.8437983691692352 1.090085819363594 0 0 0 0 0 0 0 0.8509989976882935 0 0.1564634144306183 0.6291931644082069 0.1261922717094421 0.1507355570793152 0 0.456989049911499 0 0.2481443509459496 12.43545120209455 2.718396790325642 0 0.2871942669153214 0.1274707168340683 47.39585702121258 5.538650423288345 26.04812024533749 9.840786345303059 3.411138445138931 0 0.06686067581176758 0 0 0.9274550527334213 0.6674823462963104 0 0.293451339006424 1.877713918685913 0 0 0 1.85204416513443 0.7493647038936615 0 0 0 0.8860162161290646 1.564359396696091 0 0.5337798967957497 0.1808592230081558 14.67070989310741 0.2158237993717194 0 0 0 0 0 0 0 0.0760948434472084 88.0729917511344 1.416517116129398 0.07340241223573685 0 0 2.438023239374161 0 4.677541203796864 0.5469122901558876 0.1096276193857193 0.5822329521179199 0.1111981049180031 0.1148152351379395 0 0 0 0 0 0.09389213472604752 0 0 29.85162494331598 20.64718314260244 38.22203548997641 496.9866370931268 30.89999974519014 216.2116499617696 87.49136188626289 52.49413346499205 40.06783801317215 0.9276190474629402 30.56732042133808 12.02681412547827 0 3.433873578906059 2.321835078299046 1.67905966937542 0.3024190664291382 0 0 9.169096410274506 0.3935801535844803 79.38777466863394 37.2910072170198
32.18511186540127 75.17529463768005 31.47319751232862 254.4711850732565 462.3457829579711 46.82759323716164 464.8704338371754 21.83930165320635 721.3938902691007 768.1854713335633 135.8563683405519 10.84660369157791 838.8356117010117 80.24022698402405 2.652115844190121 0.9067296013236046 0.4906659200787544 0 0 0 0.1350744813680649 0.1618638187646866 0.09303996711969376 0.1725853532552719 0.2888239026069641 0 0.08287781476974487 0 0 0 7.095792196691036 1.369281195104122 31.59172669053078 0 0 0.2834323868155479 628.3651702031493 6.283035516738892 56.92019924521446 0.8286803588271141 0 0 0 0.269997350871563 0 0.1218138784170151 10.67870128154755 0 0 0 0 0.2384031191468239 0 0.1241345480084419 0.5286314636468887 0.6250802241265774 6.45420315861702 4.229703538119793 2.150092542171478 1.048064537346363 0.5693916976451874 3.089812412858009 0 1.537506222724915 0.1391225978732109 0.07710912823677063 0.1133859232068062 0 0 0 69.67550658434629 8.277385242283344 0 3.698634035885334 1.345118582248688 3.171122930943966 0.7856302931904793 0.3856248706579208 0 2.723572067916393 0.1676221191883087 0.4267651364207268 1.282710768282413 0.0696704089641571 0.1115575283765793 0.2261912152171135 0 0.1838952377438545 0.09700506180524826 0.08284971863031387 0 0 0 0 0.2721250355243683 210.4408867880702 4.347972080111504 0.1486316472291946 58.27717214822769 44.16409941017628 2.981590900570154 1.174642264842987 0.9061412066221237 5.882034502923489 17.72855681180954 9.031597793102264 4.82592187076807 8.943022534251213 11.30944203585386 68.99812896549702 9.208192847669125 68.14312802255154 20.97519484162331 48.71533617377281 12.16153963655233 0.1599495708942413 0.2918573394417763 0 0 0 0 0 0.08518026024103165 0 0 0 0 0.5029362142086029 0.1155007630586624 0.1799808293581009 0.4895397797226906 0 0.1754583418369293 0 12.04837621748447 6.613902941346169 0 0 0 60.48327432572842 4.584347285330296 18.32900215685368 3.719592526555061 1.255911149084568 0 0 0 0 0.1518383324146271 0.1269304528832436 0 0.7382864654064178 0.8396665304899216 0.07625290751457214 0 0 0.4607398360967636 0.2316428422927856 0 0.09041228145360947 0 0.9350685253739357 0.3616111986339092 0 0.09624253213405609 0.6711260676383972 13.74666195362806 0.8438793867826462 0 0.1602811515331268 0 0 0 0 0 0 151.3718694075942 0.6133427396416664 0.07570712268352509 0 0 4.804957866668701 0 4.060416325926781 0.7191532477736473 0.7128733918070793 0.2505948171019554 0 0 0 0 0 0 0 0 0 0 90.46927808970213 15.10987785458565 28.16345375031233 54.42419419437647 2.41110323369503 17.2573594674468 10.73537860810757 68.0497614517808 4.635729424655437 0.1805537939071655 2.390595838427544 6.957597330212593 0.3435933664441109 3.238708101212978 0.5873286798596382 4.417387165129185 0 0 0.1507536247372627 1.326810136437416 0 328.6862210407853 94.4897725507617
143.364655315876 250.4536025598645 246.004850693047 891.3049791306257 918.4606073871255 96.7115605995059 1688.860263317823 195.5173660591245 2956.47316134721 6400.670253008604 1165.476466469467 838.8356117010117 1948.399915382266 975.2226101383567 12.96946854144335 8.413405045866966 0.5804237499833107 0 0 0 0.2005939036607742 0.1266009509563446 0.09879773855209351 0.09131214767694473 0.7381840571761131 0 0.2064605355262756 0.1838702484965324 0.5405057966709137 0 58.84274499863386 9.664853267371655 109.616733238101 0 0.1951649561524391 1.308745555579662 634.6565060690045 7.779165372252464 38.38480839133263 2.503278516232967 0.2187610566616058 0.2175138592720032 0 0.4245057180523872 0.2492659017443657 0.1581986546516418 62.85846725106239 0.3407076969742775 0.09970854967832565 0 0 0.3425122797489166 1.468032263219357 0.4005280733108521 3.524575725197792 2.271837078034878 20.30105026811361 27.78172623366117 12.72925213724375 8.756812945008278 1.205245539546013 12.46392154693604 0.3500117659568787 12.24712938815355 1.278693698346615 0.7470347620546818 0.30373764783144 0.08769939839839935 0 0.2162157967686653 101.8981410562992 27.51405271887779 0.2118279412388802 29.58284838870168 7.831023491919041 21.34209980070591 5.922254778444767 1.444575369358063 0.2896378114819527 48.05624311417341 0.5099340081214905 3.929955407977104 6.631386447697878 0.3909973576664925 0.06947571039199829 1.049958731979132 0.08046424388885498 0.2882072329521179 0.1524654179811478 0.1619015783071518 0.09316806495189667 0.3092677891254425 0.1797296181321144 0.3086483925580978 0.5616766139864922 792.1271450594068 6.825415223836899 0.4396299719810486 33.46961238235235 94.17667117714882 6.846043489873409 1.998296335339546 5.386270828545094 5.340512536466122 45.49841215461493 74.91380268335342 10.78023952245712 21.08138962090015 99.51090236008167 126.2666833549738 17.01889983564615 152.737413905561 44.23380024731159 120.9047615453601 28.88458827137947 1.197409458458424 0.6595514044165611 0.5351771637797356 0 0 0 0 0.1136421412229538 0 0 0 0.3100319430232048 0.2801356837153435 0 0.2219981402158737 0.6437971144914627 0.3775284737348557 0.7505868077278137 0.1022492647171021 36.59859889000654 15.32630763202906 0 0.3565696477890015 0 155.4581450894475 14.17256766557693 59.51536037027836 14.26386918872595 6.770015388727188 0 0 0 0.07901954650878906 0 0.06869745254516602 0 0.6881353408098221 2.784494645893574 0 0 0.0829978883266449 0.8316958993673325 0.9247490838170052 0.05517581850290298 0 0 1.402354430407286 1.305943585932255 0.7792844176292419 0.1607077568769455 0.5421325191855431 38.80342473834753 2.17020295932889 0.3183641247451305 0.07111157476902008 0 0 0 0 0 0 331.0479751974344 2.55382976680994 0.3015240505337715 0 0.08115540444850922 10.92125327140093 0.2609089836478233 10.19980651140213 1.577631618827581 1.160810098052025 1.034688368439674 0.3929198533296585 1.404240734875202 0 0 0.09692086279392242 0 0 0 0 0 175.7762703374028 43.86995270848274 86.16860191524029 329.236203558743 23.07056240737438 106.7851622998714 43.36248775571585 121.1474549621344 21.09117795526981 0.3416392132639885 15.96116473525763 12.92419726029038 0 12.5221878066659 5.3994205519557 10.65916014462709 0.4736995249986649 0 0.997043214738369 6.813709527254105 0.3764498978853226 570.8266752362251 196.0744157060981
60.79768493771553 161.3975359797478 528.9781136587262 23.76251015067101 360.560208901763 17.91953119635582 107.0514144003391 462.1044610291719 1627.318186104298 474.8053492605686 1889.996612332761 80.24022698402405 975.2226101383567 381.4698104858398 20.24642372131348 11.32581681758165 0.5230420380830765 0.1313294768333435 0.0741925984621048 0.1542416960000992 1.045432813465595 0.1509811729192734 1.063332118093967 0.4119126126170158 2.986418716609478 0.5520329475402832 1.371956385672092 0.5469630509614944 0.2935305684804916 0.3278467804193497 103.6149554774165 21.45734831690788 413.4966463819146 0.1387436836957932 1.505680240690708 16.7246025800705 1058.793779052794 39.52796292304993 54.81801897287369 5.176434494554996 1.858776062726974 1.408773869276047 0.09018580615520477 1.152847670018673 0.1889957934617996 0.7139434292912483 76.37675483524799 0.1941153332591057 0.08174265176057816 0.06998556107282639 0 0.1974976658821106 0.548436738550663 0.3842947632074356 4.357470132410526 2.750925540924072 21.98160871490836 36.58720563352108 14.07675790786743 10.22413930296898 1.884245865046978 40.38952892273664 0.3428868725895882 21.38374220579863 1.51695329323411 0.5397246517241001 0.141728475689888 0.1247053183615208 0 0.6611031517386436 169.9610855206847 23.20364788919687 0.09448549151420593 35.54945280775428 11.1679619923234 32.98465983569622 7.873352751135826 3.852185420691967 0.1489361599087715 149.0983889773488 0.6200184002518654 29.94284088909626 8.000225674360991 0.1599830687046051 0.5274170152842999 1.509794872254133 0.07549773901700974 0.0699876993894577 0.5251158997416496 0.1318242698907852 0 0.2272193357348442 0.7432962507009506 0.348816953599453 0.5788689032196999 151.9984622001648 8.542966678738594 1.011315688490868 70.97581472247839 40.39446394145489 2.906966511160135 1.362886473536491 0.6033621951937675 0.1991411969065666 25.74107388406992 4.962129168212414 2.008948728442192 9.019737899303436 6.779365539550781 42.89010129123926 10.4379983022809 62.31133050471544 19.0166831985116 54.78557762503624 16.19878555834293 1.707521669566631 0.9808845221996307 0 0 0 0 0 0 0 0 0 0 0.9429986402392387 0.1159892678260803 0.6693356409668922 0.1053939685225487 0.30821393430233 0.5348787978291512 0.1701890677213669 26.47845327109098 12.02872823178768 0 0.5168281644582748 0 96.60481326282024 12.59327658265829 35.07409123331308 13.69748438894749 6.263500526547432 0.2356386855244637 0 0 0 0.1798723638057709 0.5501319691538811 0 0.7980281971395016 1.36245272308588 0 0 0 2.658245451748371 0.4931168109178543 0.08442093431949615 0 0.05868324264883995 0.5160658061504364 1.386824004352093 0.2702818810939789 0 0.09450291097164154 26.25590189546347 1.876027353107929 0.05725514516234398 0.119658961892128 0 0 0.07477449625730515 0 0 0 157.4667813926935 3.323153674602509 0.07798757404088974 0 0 3.238290369510651 0.6303209215402603 6.812137521803379 1.306556761264801 1.085127703845501 0.4754712991416454 0.6314601898193359 0.4232531264424324 0 0 0 0 0 0 0 0 70.64159113168716 30.06700944155455 51.86050668358803 420.3604995831847 26.55764447897673 147.5334185063839 61.45832384377718 45.36391270905733 29.12779752165079 1.237399846315384 28.2549077346921 17.01774578541517 0.09186772257089615 10.45490183308721 3.6757822483778 2.447378516197205 1.571158587932587 0 0 11.75278156995773 0.2088684290647507 194.3676074817777 84.74085824936628
