181.3299459218979 2592.010797306895 1656.878484606743 544.1031056270003 148.0786933973432 39.70632199943066 301.9659242480993 306.4621969610453 28.0707687959075 791.2431429475546 327.4811392202973 185.2152852118015 192.0452608466148 103.0907661169767 2.202891521155834 0.6551889777183533 0.1305815577507019 0 0.07531464099884033 0 0.2285019382834435 0.1459979712963104 0 0 0.3862760365009308 0 0 0 0.2789190411567688 0 598.6577145457268 22.05716633051634 17.61200611293316 0 0.1821389049291611 0.4368511438369751 14.13228538632393 0.4597970172762871 0.582444429397583 0.3477145731449127 0 0.0968693271279335 0.08342588692903519 0.3704850301146507 0 0.1963053345680237 34.45833949744701 4.531631976366043 0 0.2724898084998131 0.1056618019938469 0 0.1361977159976959 0 9.551962539553642 6.435859806835651 214.1396799311042 449.8819512650371 27.90681029111147 11.8390211686492 0 0 0 4.404036931693554 2.919181041419506 1.288245007395744 0.6503404155373573 0.6469959244132042 0.2819199189543724 0.1587068513035774 17.08293523639441 0.6073674261569977 0 106.3610313385725 11.2227364256978 8.25306785851717 0.3278587237000465 0.6602760180830956 0.6289627701044083 73.17002227157354 0.09797557443380356 1.703443124890327 37.85228361934423 0 2.176228977739811 3.108185529708862 0.1064493358135223 0 0.7075751423835754 0.3924758657813072 1.006460174918175 0.7000760138034821 1.262846119701862 0 0 10.49612087011337 0.1437046825885773 0.4371667504310608 0.1769123673439026 1213.446954295039 0 0 0 0 0 0 0 0.4557420313358307 0 4.028354361653328 0 1.017759442329407 2.207912735641003 6.710235267877579 2.193785287439823 0 0 0 0 0 0 0 0 0 0 0 0 0 0 0 0 0 0 0 1.0734041929245 0 0 0 0 0.5593576207756996 0 0.1127818301320076 0.1876568049192429 0 0 0 0 0 1.102079957723618 0 0 0 0 0 0 0 0.7138398289680481 0.1224871277809143 0 0 0 0 0 0 0 0 0.5785616412758827 0 0 0.08980969339609146 0 0 0 0.09687504172325134 0 0 3.680092372000217 0 0 0 0 1.222095832228661 1.622636556625366 0.09736887365579605 0 0 0 0 0.3423412442207336 0 0 0 0 0 0 0 0 1.915254041552544 0.6147434413433075 0.6349851489067078 241.0955024212599 5.616219259798527 73.50204966962337 22.37807352095842 522.5087887197733 19.77716476470232 2.53591500222683 3.322358831763268 7.258970230817795 0 1.284600734710693 0 10.71444454789162 0 0 0 0 0.2535510063171387 162.0788029059768 3.728556171059608
2592.010797306895 1645.532544523478 2053.985354863107 706.2421847507358 1076.140151314437 311.6623420864344 488.2251383513212 382.2430998086929 360.2517685517669 532.0595407560468 588.7618198916316 128.5058498680592 295.3865277469158 268.0348947942257 12.55178458243608 1.996396079659462 0.6279270276427269 0.1538169533014297 0.2643726319074631 0.2167811766266823 0.5094649419188499 0 0 0 0 0 0 0 0 0 740.8670312985778 16.37665928527713 26.04489652812481 0 0 0.3829875588417053 21.35797841846943 0.422606036067009 1.028258487582207 0 0.1159948706626892 0 0.6288573145866394 0.6734874546527863 0.1250876486301422 0.4404067397117615 141.1022199094296 13.01843210309744 0.9402280449867249 0.1954571977257729 0.695099264383316 0.4800746664404869 0.2653880715370178 0.1967158913612366 18.34728948026896 11.95946104824543 209.8029203787446 344.3767574392259 44.16734910383821 36.76464470475912 0.4814412295818329 0.1746746897697449 0 29.40106492489576 7.014415048062801 4.715774074196815 1.733985967934132 0.9467272236943245 0.5315926969051361 0.9281675145030022 36.52200504392385 0.1018012091517448 0 249.5409145280719 78.50001124292612 45.43427848815918 3.76770681142807 1.527617499232292 1.269153833389282 49.49343921989202 0.5584014430642128 3.021864704787731 93.4742586389184 0.2063755244016647 6.067454770207405 10.49870580434799 0.7246768325567245 0 0.7555767521262169 0 2.068293541669846 0 1.142078638076782 1.074175149202347 0.2529750093817711 9.184613943099976 1.195269346237183 0 0 762.4321342781186 0.1592980772256851 0.7449732422828674 0 0.217867523431778 0.378352552652359 4.568431958556175 0.1348535567522049 1.079274326562881 0.5008829236030579 4.019243478775024 0 6.838810712099075 3.443800896406174 8.6968599781394 2.73658848553896 0 1.381824731826782 0 0 0 0 0 0 0 0 0 0 0.7124679088592529 0 0 0 0 0 0 0.9827767834067345 0.226102814078331 0 0 0 3.464601099491119 0 1.089863367378712 0 0 0.1439572125673294 0 0 0 0.4735214710235596 0 0 0 0 0.115998238325119 0 0 0.3204396069049835 0 0.1055849567055702 0 0.3985487520694733 0 0 0.4749851822853088 0.5691820234060287 0 3.3297228962183 0.1209012418985367 0 0 0 0 0 0.2053601145744324 0 0 8.042725965380669 0 0 0 0 1.266036696732044 0 1.661795131862164 0 0 0 0 0 0 0 0 0 0 0 0 0 4.71375647932291 1.6655662804842 3.067822232842445 470.8902855813503 11.04942137748003 325.4104268327355 45.05379878729582 444.0810507014394 108.9045031443238 2.149091422557831 38.8733236566186 10.36328859627247 0 1.436300612986088 0 5.163365885615349 0 0 0 6.492918342351913 0 159.1672579571605 4.759569063782692
1656.878484606743 2053.985354863107 712.6622204110026 30.55203252285719 930.0934825800359 8.857124179601669 184.0165475457907 560.1379876732826 717.2557433843613 13.23229470849037 2043.263728648424 117.1131118088961 497.037819892168 797.1745910197496 8.846991829574108 5.370881922543049 0.5783819854259491 0.09430838376283646 0.08677297085523605 0.7101379856467247 2.22697314620018 0.1233642399311066 0 0.1096408516168594 1.528888761997223 0.8576075956225395 0 0.6401892453432083 0.1536491215229034 0 4467.710799254477 317.8809937983751 91.63696155697107 0 0.8102953657507896 4.082411549985409 57.6860833093524 2.785085991024971 2.99268464744091 0.8445132970809937 0.9397355318069458 1.207798719406128 0.7177811786532402 1.697943441569805 0.08131437748670578 0.3467160686850548 84.95697108656168 5.837843418121338 0.2464489564299583 0.6453649401664734 0.8079662993550301 0.4154812842607498 0.186233788728714 0.7343192473053932 11.22784201055765 8.701362602412701 124.0415401123464 274.7932647243142 23.68646737933159 22.07190518826246 1.56626682728529 0.6565751135349274 0.5767913460731506 76.18781685829163 4.710925959050655 3.266774572432041 2.152483142912388 1.711700133979321 2.370455868542194 3.248502261936665 72.55971939116716 1.159368723630905 0.1667329967021942 150.2547115087509 69.01698356866837 35.99613118171692 5.205512307584286 3.84417636692524 14.74540747702122 481.6104056462646 1.843170493841171 53.54653552174568 55.11337286233902 0.2085081487894058 2.548135839402676 5.957941889762878 0.9605317264795303 0 0.6848378553986549 0.2653553038835526 0.6477999314665794 0.348770759999752 8.411476284265518 1.914343304932117 0.3426356688141823 12.00198632478714 2.15659673511982 0 1.349638402462006 1052.252665229142 0.1031599342823029 0 0 0 0.8287464529275894 0.4402352869510651 1.080529272556305 0.7770786881446838 0.9465948194265366 1.302727818489075 0.1468906104564667 1.722251303493977 1.253974311053753 11.12637054920197 1.642367526888847 0 0.3876591771841049 0 0 0 0 0 0 0 0 0 0 0 0 0 0 0 0 0 0.860686182975769 0.1709702461957932 0 0 0 3.272200837731361 0.1381693482398987 1.384404994547367 0.3444537445902824 0.1093980371952057 0.2453908324241638 0 0 0 0.137231782078743 0.5117132663726807 0 0.2856655120849609 0 0 0 0 0.1112461984157562 0.2601720616221428 0 0 0 0 0 0 0 0 3.331077106297016 0 0 0 0 0.1162271872162819 0 0 0 0 6.28636858612299 0 0 0 0 1.336259335279465 0 0.5853535383939743 0 0 0.2214143723249435 0 0 0 0 0 0 0 0 0 0 4.69281955063343 2.434215925633907 1.958045482635498 229.3119645416737 6.65425768494606 189.9683874845505 28.2513719946146 92.48826029151678 57.9351404607296 1.646671883761883 25.79962372779846 6.69471950083971 0 1.197384767234325 0 0.5866980254650116 0.484849214553833 0 0 2.798492036759853 0 70.00486665964127 1.5732042491436
544.1031056270003 706.2421847507358 30.55203252285719 166.3573754131794 57.04540213942528 255.0343534648418 829.9503377452493 3.865116730332375 19.6454296708107 592.4434024840593 4.498447135090828 772.7832578271627 795.1743115782738 35.23487684130669 1.982917875051498 0.2901308834552765 0 0 0 0 0 0 0 0 0 0 0 0 0 0 28.69444828480482 0.7422601133584976 0.1131337061524391 0.1529726833105087 0 0 2.386411219835281 0 0.5067840814590454 0 0 0 0.07558616250753403 0 0 0 18.39529970288277 2.005596980452538 0.08275852352380753 0.1471674591302872 0 0 0 0 3.225256100296974 2.020517885684967 56.92269465327263 88.81392361968756 7.635988146066666 5.160031124949455 0.4525283649563789 0 0 1.601740896701813 1.459761194884777 0.5815397128462791 0.5439341068267822 0.1118689700961113 0 0 3.205479636788368 0 0 43.5180996581912 7.515362694859505 5.067634448409081 0.0958065465092659 0 0.3484543710947037 0.6899484321475029 0 0.2015136256814003 11.46364318579435 0 0.7659930139780045 1.81034454703331 0.1961734890937805 0 0 0 0.4335901215672493 0.2054157480597496 0.08325711637735367 0.1894236728549004 0 0.5469494462013245 0 0 0 504.8272928595543 0 0.2226509302854538 1.360679686069489 1.561513066291809 0 3.230599582195282 5.860143408179283 0.5268786549568176 3.150299713015556 4.832242295145988 0 3.498975232243538 5.837317511439323 3.269726492464542 0 0 0 0 0 0 0 0 0 0 0 0 0 0 0 0 0 0 0 0 0.1211625188589096 0 0 0 0 0 0 0 0 0 0 0 0 0 0 0 0 0 0 0 0 0 0.1584077775478363 0 0 0 0 0.1408580243587494 0 0.1424446254968643 0 0 0.7040232419967651 0 0 0 0 0 0 0 0 0 0.426722839474678 0 0 0 0 0 0 0.2486646771430969 0 0 0 0 0 0 0 0 0 0 0 0.3068294823169708 0 0.668241985142231 1.01838681101799 2.281301379203796 111.578456170857 1.786869011819363 37.94753605872393 6.603928223252296 301.3219405114651 10.41524355858564 0.7231572270393372 2.356092363595963 3.480987742543221 0 0 0.2936489284038544 3.961051553487778 0 0 0 0.2516499608755112 0 87.00263053178787 1.535184606909752
148.0786933973432 1076.140151314437 930.0934825800359 57.04540213942528 2112.706580519676 14.71036000549793 1319.071478672326 21.19773679971695 3286.391056358814 322.9823443815112 1056.296963199973 33.74998246133327 105.6985339522362 276.0095272064209 10.74022582918406 3.062562324106693 0 0.1839982941746712 0 0.5440213978290558 0.4939372763037682 0 0.1169875040650368 0 0 0.09895108640193939 0 0.1096614599227905 0.1318756341934204 0 74.48805693536997 8.661741390824318 3.62810243666172 0 0 0 5.81639800965786 0.2388690859079361 0 0 0.1255002021789551 0.09478722512722015 0.07687678188085556 0.4836284518241882 0.1165055483579636 0.2722052186727524 85.79899146407843 6.179662950336933 0.62289909273386 0.3091609850525856 0.6272366940975189 0.08930528908967972 0 0.09566387534141541 5.936034373939037 5.270855076611042 51.37884645164013 65.38374889642 14.97542771697044 19.36851887404919 0.6845558658242226 0 0.1263666450977325 22.08372794091702 3.1912712007761 2.257538765668869 0.3867875784635544 0.7540369853377342 0.4512242749333382 0.8339644894003868 33.52312689274549 0.7364709377288818 0 89.04318869113922 42.49626423418522 36.68240343779325 2.869589038193226 0.6550779938697815 0.9516657143831253 4.195894837379456 1.602852217853069 2.007779441773891 39.67105138301849 0 2.191391378641129 4.547874294221401 0.2491874918341637 0 0.5153611451387405 0.08579818159341812 0.502751462161541 0.1087221652269363 0.9373459592461586 0.3478670194745064 0.1727138757705688 26.4661181718111 4.269681841135025 0 1.000699996948242 48.85544845461845 0 0.6499169319868088 0.583909809589386 0.7207016944885254 1.58249232172966 6.454057827591896 4.165082678198814 2.61922512948513 2.383778542280197 8.380731679499149 0.356266975402832 18.15983272343874 12.24704051017761 40.90258681029081 12.12276162952185 0 0 0.22635817527771 0 0 0 0 0 0 0 0 0 0 0 0 0.09070073813199997 0 0.3454216122627258 0 3.527232378721237 0 0 0.3770312368869781 0 10.97922741621733 0 5.843235455453396 0.4751280695199966 0.7290308624505997 0 0 0 0 0.5194727778434753 0 0 0 0 0 0 0 0 0 0 0 0 0 0 0.3862361311912537 0 0 8.703342951834202 0 0 0 0 0 0 0 0 0 26.98417288810015 0.3761830031871796 0 0.1235045939683914 0 4.611546061933041 0.32668337225914 3.039126962423325 0.1025097742676735 0 0 0 0 0 0.1647415161132812 0 0 0 0 0 0 20.02055098116398 6.9935632199049 5.913483567535877 445.9993261173368 3.050793930888176 229.8340846970677 26.30795930325985 81.66236181557178 80.81553500890732 1.448054596781731 51.33853484690189 23.73615910112858 0 0.1781230866909027 0.312549889087677 13.65990155935287 0.3135207295417786 0.08921864628791809 0.3709386885166168 10.92618396878242 0 78.16954392194748 11.91291581094265
39.70632199943066 311.6623420864344 8.857124179601669 255.0343534648418 14.71036000549793 2.289632171392441 205.1450946778059 1.168531388044357 11.12935593724251 758.2281507253647 4.353907451033592 229.2024912387133 113.3252531737089 31.35903650522232 0 0 0 0 0 0 0 0.4539591372013092 0 0 0.2008495181798935 0 0 0 0 0 11.73195572197437 0 8.986644849181175 0 0 0 10.51771992444992 0.1591352969408035 2.100680276751518 0 0 0.2599946260452271 0 0 0 0.2516559660434723 0.1339410096406937 0.1976993381977081 0 0 0 12.31719207763672 0.6383850574493408 0.2265353202819824 0 0.3202500939369202 36.33009588718414 9.537130922079086 1.267599903047085 0 0.394548624753952 0.5908221453428268 0 0 0.2166754528880119 0 0.6302592232823372 0.1198506429791451 0.2302046418190002 0 74.02091567218304 210.7910344153643 29.77272866666317 1.216379106044769 0.1061602011322975 0.1184782832860947 0 0.1774738729000092 0 2.90954227745533 0 3.870099052786827 0.2571052312850952 6.320058353245258 0 16.905189499259 0 8.437360540032387 16.94128789007664 18.26698648929596 3.720356442034245 10.17258601635695 0.2067988812923431 0.7120858877897263 1.197583310306072 157.6820138543844 107.2190780639648 31.76419588923454 5.918186545372009 151.4407428205013 0 0 0 0.1771658807992935 0 0.99653559923172 0 0 0.8768491744995117 1.73647328466177 0 1.829331174492836 1.804795607924461 3.798789262771606 0 0 0.1685342639684677 0 0 0 0 0 0 0 0 0 0 0 0 0.274917870759964 0 0 0.4235405623912811 0.2453302145004272 0 0 0 0 0 0.3610545843839645 0 0.2806046903133392 0.3178215399384499 0 0 0 0 0 0.4694498181343079 0 0 0 0 0 0 0 0.4263627305626869 0 0 0 0.4236734658479691 0 0 0 0 0 0 0 0 0 0 0 0 0.5382217839360237 0 0 1.188964106142521 0.5138089656829834 0 0 0 0 0 0 0 0 0 0 0 0 0 0 0.1509162038564682 0.396795354783535 0 0 0 1.886315248906612 0.4961476624011993 0.5333167463541031 26.97043253481388 0.2280942499637604 1.209887087345123 0.1625125855207443 18.29152123630047 1.586309030652046 0 0 0.3483334481716156 0 0 0 2.559479475021362 0 0 0 0.1666631698608398 0 10.65002287179232 3.762614712119102
301.9659242480993 488.2251383513212 184.0165475457907 829.9503377452493 1319.071478672326 205.1450946778059 31.56181384623051 2.965845510363579 1199.478933468461 3080.155354917049 58.46260026097298 549.1943635046482 1127.735748544335 728.4201032444835 10.41775681823492 4.282746583223343 0.09631671011447906 0.0846305713057518 0 0.1781981065869331 0.2062347307801247 0 0 0 0 0 0 0.3141433596611023 0 0 74.33623964339495 5.864283539354801 4.17376121878624 0 0 0 9.680620267987251 0.4541233777999878 0.6478344202041626 0.1333270221948624 0 0.2061159461736679 0.7446051090955734 0.8131678700447083 0.08264344930648804 0 85.465531475842 7.719257920980453 0.08337656408548355 0.5881970673799515 0.1871117502450943 0 0 0 11.67719289660454 7.330674462020397 90.34387659654021 118.5395672544837 22.12603803724051 23.63558120280504 0.829156681895256 0 0 20.01405323296785 4.530721306800842 2.655193030834198 0.6261263191699982 0.9216398745775223 0.5289361849427223 0.8400156497955322 47.3714252859354 0.7937112152576447 0 124.9889471307397 43.52220364660025 36.13973502069712 1.948286637663841 0.6186545342206955 0.8403947204351425 3.049498975276947 0.7821558937430382 3.319441176950932 44.39349932223558 0 2.500679194927216 4.899784982204437 0.2939683124423027 0 0.5104666277766228 0 0.2825009226799011 0.3976380601525307 1.309691995382309 0.6204782649874687 0.5757030546665192 42.85824111104012 4.884594947099686 0 1.326476663351059 142.9219885319471 0.9715559333562851 2.3989347666502 2.408026680350304 1.143248796463013 0.5120236724615097 17.63554973900318 5.184709213674068 3.38264861702919 8.676086977124214 15.39537301659584 0.8904379457235336 32.5730929300189 29.3776740282774 82.72603970766068 7.98932171612978 0 0 0 0 0 0 0 0 0 0 0 0 0 0 0 0 0 0 0 6.464729368686676 0.1306978166103363 0 0 0 18.26486344635487 0.3468925356864929 4.934476763010025 0.8708905428647995 1.589632481336594 0 0 0 0 0.7851315885782242 0.330912172794342 0 0.559358537197113 1.116945885121822 0 0 0 0 0 0.2880184054374695 0 0 0 0.4995090365409851 0.9227031022310257 0 0 18.22264275699854 0.9484862312674522 0 0 0 0 0 0 0 0 47.97370704263449 0 0 0 0 10.90825004130602 0.8231997489929199 7.737686656415462 0.3493453562259674 1.386120200157166 1.278165236115456 0 0 0 0 0.09752144664525986 0 0 0 0.202920988202095 0 31.32324114441872 10.16289602220058 10.99958161264658 470.3608099073172 7.112854048609734 211.2148104682565 28.3582284450531 225.2679733261466 77.22064409404993 1.443511888384819 53.42431651055813 41.56021800637245 0 4.283749841153622 1.225707821547985 29.77647280693054 0 0 0.5139301121234894 9.978595227003098 0 168.7963993251324 25.07568185031414
306.4621969610453 382.2430998086929 560.1379876732826 3.865116730332375 21.19773679971695 1.168531388044357 2.965845510363579 937.8167687505484 84.65478197857738 0.9899952933192253 4370.772365324199 30.16211546957493 133.7033084928989 540.004970356822 20.18807143718004 14.74601529538631 0.7705625891685486 0.7051466703414917 0.08661255985498428 10.88208639621735 42.34775621443987 0.9325447157025337 1.701137661933899 1.72698762267828 6.487736083567142 6.436023101210594 1.162724450230598 2.540555872023106 0.3895491734147072 0 953.9075636863708 1254.596047274768 161.4324246942997 1.521074213087559 3.184615716338158 15.25165873020887 45.47959909588099 6.697470009326935 2.552631333470345 1.19023722410202 12.88155830651522 4.492159523069859 5.35881032794714 3.984786286950111 0.9987748190760612 4.526283614337444 102.7290708497167 8.559243619441986 0.8770154565572739 2.81750849634409 3.090301968157291 1.676665738224983 0.178734302520752 2.6684680134058 9.471673101186752 6.545647382736206 103.4365442767739 195.8682500161231 24.01053591072559 23.99868883192539 52.25861403346062 1.693931140005589 9.764461494982243 188.2041957080364 4.041007354855537 8.467386588454247 7.488535739481449 9.03470966219902 15.91064300388098 49.97150292247534 42.90665797144175 6.620356768369675 0 140.2037640437484 101.8685685619712 69.6256500184536 12.77385668456554 25.6450492143631 632.6059055700898 2122.930935531855 31.55128810554743 781.6348562836647 44.24808218330145 0 3.596522085368633 5.824827834963799 1.700126141309738 0 0.8626300245523453 0 1.082828387618065 0.2827247604727745 60.12566641718149 5.283248089253902 0.7317339554429054 7.940611243247986 2.636032968759537 0 0.3807579129934311 208.0252801626921 0 0 0.1119644492864609 0.26383987814188 0.1081028878688812 0.5869956836104393 0 0 1.17539319396019 0.4732399433851242 0 2.10391291230917 0.3816797062754631 7.694056674838066 2.610658131539822 0.3865986466407776 0.2216835096478462 0 0 0 0 0 0 0 0 0.1115380153059959 0 0.2651523277163506 0 0 0 0.1510008424520493 0.1053897142410278 0 1.12553559243679 0.1275540441274643 0 0.3123018369078636 0 3.113139897584915 0.6794703081250191 2.534278683364391 0.9350820556282997 0.424792468547821 0 0.2445071488618851 0.2011349201202393 0 2.067181751132011 0.3100640773773193 0 0 0.1025579795241356 0 0.2805981934070587 0.1556663811206818 0.5807659924030304 0.3610068261623383 0 0 0.0985155925154686 0 0 0 0.1564559936523438 0.1094774231314659 2.948256731033325 0.3028956949710846 0.1453000605106354 0 0 0 0.1180840209126472 0.09388266503810883 0.4649598523974419 0.3925825357437134 5.598752170801163 0.2446848899126053 0 0 0 1.307390332221985 0 0.4654150083661079 0 0 0 0.3333633542060852 0 0 0 0 0 0 0.09216219186782837 0 0 3.318020209670067 3.17695240676403 4.274644374847412 325.800467826426 7.131068766117096 232.3924535438418 41.91766933351755 56.04684104025364 58.20606016367674 1.800384648144245 58.28889096528292 8.393643625080585 0 0.9455478116869926 0.1672225296497345 0 0.1576511561870575 0 0 9.207890652120113 0.1394672244787216 47.84291846305132 0.6981671079993248
28.0707687959075 360.2517685517669 717.2557433843613 19.6454296708107 3286.391056358814 11.12935593724251 1199.478933468461 84.65478197857738 363.2334778308868 328.4728924557567 1114.273882620037 68.54202345013618 275.0565958619118 133.3808299452066 16.87710703164339 6.756573162972927 0.2104251235723495 0.1679370775818825 0 0.3777796104550362 1.451119929552078 0 0 0 0.2564364224672318 0.09610229730606079 0 0.4000460132956505 0.1545748114585876 0 36.34659330546856 15.65909258276224 9.925266087055206 0.2410421371459961 0 0.1263020485639572 12.25942454487085 0.2086344808340073 0.6981069445610046 0 1.045024625957012 0.669557623565197 0.840820699930191 0.4200919345021248 0.2126178368926048 0.3731226995587349 71.25855236500502 3.541157908737659 0.1633506715297699 0.6257974952459335 0.7148642316460609 0.3262852355837822 0 0 6.891729272902012 3.467748090624809 34.17673562839627 40.54364909604192 13.66725536435843 17.84739051014185 0.6673428416252136 0 0 31.33913255482912 2.777353249490261 1.772662065923214 0.9695725739002228 1.145201206207275 1.77267924696207 3.84839353710413 84.52331955730915 0 0 68.65561295300722 43.72575787454844 50.92452055960894 6.641838476061821 2.763439364731312 3.007974207401276 5.195333212614059 2.053617484867573 12.55607952177525 28.39201036095619 0 2.808858804404736 3.261478245258331 0.1903265491127968 0 0.44123674929142 0 0.2437329292297363 0.3033463209867477 3.598951041698456 0.5189387649297714 0.3568971529603004 76.61858569085598 6.319448962807655 0 0.0942390039563179 29.14508445560932 0.8326225504279137 1.936593689024448 4.797721475362778 6.428006887435913 2.475662223994732 31.2797042131424 10.52376997470856 9.108508467674255 7.848150409758091 23.65926445275545 1.16058138012886 73.50910946726799 44.03485843539238 133.139940187335 20.83579681068659 0.1049960255622864 0.1079993024468422 0 0 0 0 0 0 0 0 0 0 0.1301561743021011 0 0 0 0 0 0 10.11516430228949 2.056636534631252 0 0 0 31.65465343743563 0.9300450384616852 13.30838141590357 6.015267834067345 1.886850342154503 0 0 0 0 0.6209523677825928 0.1323634386062622 0 0.5027332901954651 1.455588772892952 0 0 0 0.4243579134345055 0.1021634340286255 0.2587536573410034 0 0 0 0.1029823794960976 0.3910735100507736 0.402778685092926 0 28.55122236907482 1.110109031200409 0.5665281265974045 0 0 0 0 0 0 0 88.29651356488466 0 0 0 0.081020288169384 12.25526278465986 0 16.56929001957178 0.1085775271058083 0.1228886619210243 1.737045384943485 0.8588410019874573 0 0 0 0 0.166933611035347 0 0 0 0 66.46631482988596 33.20379053801298 31.84689226001501 542.5585451200604 5.625128112733364 221.427027516067 30.34457615017891 82.40049781650305 70.92843034863472 2.099141605198383 80.53258406370878 60.53366251289845 0.1181562468409538 10.03791934996843 1.536829888820648 31.71886882185936 0.2926410436630249 0 0.8751563727855682 10.66525940597057 0 162.3762072697282 35.7236016690731
791.2431429475546 532.0595407560468 13.23229470849037 592.4434024840593 322.9823443815112 758.2281507253647 3080.155354917049 0.9899952933192253 328.4728924557567 624.5819888710976 12.92080096155405 935.2347578108311 3531.142316892743 426.0491466149688 0.4688675180077553 0.08537877351045609 0 0.08746489137411118 0 0 0 0 0 0 0 0 0 0.1554559916257858 0 0 16.36008001118898 1.066433921456337 7.092011302709579 0 0 0 20.72383368015289 0 0.2964381575584412 0 0 0 0 0.5287774279713631 0 0 13.11093918979168 1.277196981012821 0 0 0 0.2130553424358368 0 0 2.153630569577217 2.14977540075779 95.8564146310091 54.33488526195288 8.445391476154327 4.809311389923096 0 0.2489192187786102 0 1.831999391317368 0.7443090155720711 0.08413133025169373 0.2572346031665802 0 0.1195031926035881 0.1323708593845367 91.06404811143875 0 0 30.68102230876684 6.460274435579777 5.513434171676636 0.1088112145662308 0.1342882066965103 0.2123653739690781 0.9050740599632263 0.242721825838089 0.2067302092909813 9.777806170284748 0 0.5837603732943535 0.3816651999950409 0.1284995079040527 0 0 0.937689408659935 0.2006816640496254 0.1925057470798492 0.06928528845310211 0 0 29.70015220344067 6.877392739057541 0.1696456372737885 0 1304.865350089967 0.3202753737568855 2.707329444587231 5.27698977291584 6.357545159757137 1.961514852941036 40.38644548505545 25.61248059570789 6.394175045192242 16.49196404218674 86.51775119453669 1.429885782301426 86.88142090290785 115.3552075624466 175.0982832536101 13.84813367575407 0 0 0 0.08802759647369385 0 0 0 0 0 0 0 0 0 0 0 0 0 0 0 7.466899670660496 0.5275121405720711 0 0 0 12.59555157274008 0 2.55540556460619 0.8288315534591675 1.063103370368481 0 0 0 1.279808044433594 0 0 0 0.09993810951709747 0.1144360825419426 0.1683586090803146 0 0 0 0 0 0 0 0 0 0.3187034726142883 1.47138500213623 0 9.206144541501999 0 0.4572194218635559 0 0 0 0 0 0 0 68.89857462793589 0.488884836435318 0 0 0 8.040906928479671 0 3.76449978351593 0.2548843026161194 0.3961693793535233 0.2160317823290825 0.2982352375984192 0 0 0 0 0 0 0 0 0 95.18778491765261 10.74434804171324 7.726623877882957 394.419038914144 1.353927724063396 37.44517977535725 5.468854747712612 880.1966698467731 16.75806312263012 0.2618327736854553 7.804097443819046 61.72435639053583 0 0.6414797008037567 0.188849925994873 113.4080322906375 0.467139407992363 0 0 0.5761091113090515 0 653.0593557804823 102.179279409349
327.4811392202973 588.7618198916316 2043.263728648424 4.498447135090828 1056.296963199973 4.353907451033592 58.46260026097298 4370.772365324199 1114.273882620037 12.92080096155405 1427.165369868279 177.9407048821449 765.7884090095758 1029.377237342298 47.30879839509726 43.40899732708931 0.8022675439715385 0.4231618270277977 0.2982123643159866 1.327637299895287 6.698388241231441 3.938763119280338 0.2540947645902634 0.7318142130970955 8.539382539689541 2.845324322581291 0.8566053807735443 3.699458435177803 1.381288096308708 0 169.3720911294222 217.2406280860305 419.7471932470798 0.2129177749156952 4.736243069171906 26.44665672630072 283.5684015378356 28.97013028711081 22.77109906822443 3.794217213988304 4.866026997566223 3.853251658380032 2.599884055554867 8.637198746204376 0.4003395587205887 1.603601776063442 124.1835572719574 6.818444937467575 0.7064611092209816 1.050719663500786 2.500084087252617 6.379648722708225 1.952755302190781 4.106257818639278 7.876126021146774 5.334307216107845 44.61015962809324 66.15875417739153 12.84243662655354 24.71259491890669 7.590832352638245 29.04591519385576 5.069495402276516 74.97749180346727 3.00498304516077 4.375486597418785 5.985115684568882 4.690898075699806 10.29620426148176 12.17386837303638 240.8897376656532 6.917961731553078 0.4545417204499245 98.78016246110201 68.14471817016602 113.8303622454405 17.91531525552273 25.43918520212173 23.09710071235895 228.589875780046 3.301280818879604 77.64914232492447 31.03017584979534 0 3.19045028835535 4.331160135567188 2.248349517583847 0.3321167305111885 1.486965127289295 0.7803282961249352 0.7852934002876282 0.5457902625203133 25.70981897413731 3.866713479161263 0.8683192282915115 83.89123348891735 5.690802171826363 0.8027452230453491 5.256404466927052 48.84535688906908 0.3936440125107765 0.1859308034181595 2.087071232497692 1.663203671574593 3.431717716157436 18.9313105493784 4.035480014979839 4.944820702075958 5.646583199501038 11.49525015801191 0.8549424633383751 39.81754030287266 21.45696938037872 87.05582885444164 17.92424458265305 0.7600869312882423 0.6543480008840561 0 0.1612487733364105 0 0 0 0.1829132288694382 0 0 0.1844857633113861 0.1579121202230453 0.3412217199802399 0 0 0.114404022693634 0.3022933900356293 0.7413477376103401 0.4345514923334122 11.52001701295376 2.399083837866783 0 0 0.2420520856976509 34.10591606795788 0.254242941737175 13.22460616379976 6.097894541919231 3.207997590303421 0 0.1477496176958084 0 0 0.7119571268558502 1.269245013594627 0 0.3405667841434479 1.946275882422924 0 0 0 0.2329572439193726 0.4347453862428665 0.09128484129905701 0 0 0.1075592637062073 0 0.4622230157256126 1.536147683858871 0.2193179279565811 30.10602702200413 3.069964811205864 0.2781718671321869 0.4444730281829834 0 0 0 0.1400129050016403 0.3612406030297279 0 73.57443632185459 0.5878864526748657 0.2221005856990814 0 0.1167776957154274 15.4022218734026 0.4159710332751274 10.32157377898693 0.1042356714606285 1.446550793945789 0.6273011267185211 0.8193151354789734 0.946754202246666 0.1988569647073746 0 0 0 0.1090790927410126 0.4191298112273216 0.1993947401642799 0 39.83227736502886 33.77859432250261 27.42759996652603 790.0184899792075 6.833593413233757 326.8066613525152 65.6609395518899 69.38758653402328 96.65268024802208 0.5641663447022438 139.0974903255701 36.74834602326155 0.2160012274980545 4.316411778330803 0.8761492669582367 10.14855072647333 0.8100213259458542 0 0 20.06426358222961 0.7968334853649139 87.78516171127558 15.018599152565
185.2152852118015 128.5058498680592 117.1131118088961 772.7832578271627 33.74998246133327 229.2024912387133 549.1943635046482 30.16211546957493 68.54202345013618 935.2347578108311 177.9407048821449 29.21652300655842 1101.331766217947 197.1006462424994 3.943847171962261 3.961583912372589 0 0 0 0 0 1.188579738140106 0 0 0.4945556372404099 0 0 0.1798924207687378 0.1846015751361847 0.4119098484516144 7.226733416318893 1.844335816800594 22.38257582485676 0 0 1.340309485793114 82.8354843556881 3.685456000268459 6.928591459989548 0 0.1638675630092621 0.2030746042728424 0.0988965779542923 0.3961027935147285 0 0 7.40213505923748 0.6009115129709244 0 0.2284313291311264 0.1556980609893799 0.9037369787693024 1.125655397772789 1.358082517981529 0.7594105750322342 0 9.942910484969616 8.744585260748863 2.052509494125843 1.510216400027275 1.351486280560493 0.6282183229923248 0 3.986422337591648 0 0.4325998649001122 0 0.1262501925230026 0.1042729839682579 0.1096903011202812 179.8627860248089 3.399380192160606 0 6.448884651064873 3.322540864348412 7.630998320877552 1.071609124541283 1.370137728750706 0 1.955312550067902 0.0957975834608078 4.147189095616341 2.676737926900387 0.1116504222154617 0 0.3806350976228714 0 0.1277665942907333 0.5557535439729691 0 0 0 1.259818308055401 0.1274437457323074 0 242.5810756236315 6.489557534456253 0.6034897267818451 2.35270868241787 114.7093575745821 0.5155830532312393 1.234780050814152 2.708575673401356 3.039473012089729 1.764646910130978 31.63231608271599 12.64591610431671 8.99992049485445 13.6561968177557 64.63197782635689 0.6877957582473755 72.77568240463734 43.52851543575525 137.1058662384748 19.94361949712038 0 0.2262866273522377 0 0 0 0 0 0 0 0 0 0 0.1695597618818283 0 0.2605331987142563 0 0.09750470519065857 0.2176862806081772 0 11.23340701311827 1.788107492029667 0 0 0 31.99720493704081 1.062004253268242 7.211042053997517 2.713776513934135 1.035492807626724 0 0 0 0 0.4722107350826263 0 0 0 0.3885179758071899 0 0 0 0.918228805065155 0 0 0 0 0.09613542258739471 0.1947374641895294 1.778910711407661 0.306714653968811 0 20.14561247825623 1.954938426613808 0 0.1636499017477036 0 0 0.1342737674713135 0 0 0 94.91188827902079 0.429416798055172 0.2336399704217911 0 0 14.63416738808155 1.274838805198669 13.93263237923384 0.4944789111614227 0.452041432261467 0.2960200309753418 0.1056321859359741 0 0 0 0 0 0 0.4810462892055511 0 0.1002869457006454 72.15379451215267 25.96765552461147 17.4926507845521 126.7657392024994 0.7172341793775558 25.3331024646759 3.394424274563789 170.671268902719 7.528981395065784 0 10.60437306761742 57.9070832207799 0 5.093147397041321 0.4682409316301346 51.88576861470938 0.2695223540067673 0 0.240416556596756 3.281868427991867 0 328.7001715600491 69.68789072334766
192.0452608466148 295.3865277469158 497.037819892168 795.1743115782738 105.6985339522362 113.3252531737089 1127.735748544335 133.7033084928989 275.0565958619118 3531.142316892743 765.7884090095758 1101.331766217947 1351.740900307894 1577.399872474372 13.40011446177959 14.8665524572134 0.9758634492754936 0.09708232432603836 0 0.4130670726299286 1.465847373008728 1.653701141476631 0 0 1.581465609371662 0.2696501314640045 0 0.7540187984704971 0.5714179277420044 0 25.54709966480732 14.15115205198526 122.4280333071947 0 0.5246811211109161 6.745512694120407 147.7223453223705 28.68454450368881 30.03544938564301 2.257348999381065 1.340572327375412 1.356688350439072 0.3372068256139755 2.137143351137638 0.2010564208030701 0.5386220887303352 40.87066552788019 1.251010917127132 0.2403144761919975 0.3051214143633842 0.840839296579361 3.271820776164532 2.820773661136627 3.296812042593956 1.016256101429462 1.052725076675415 23.52973153442144 17.70166726410389 5.087941780686378 6.434668824076653 2.263167671859264 8.162712529301643 1.114328935742378 21.32927664369345 0.9068633913993835 1.420320555567741 1.843522116541862 0.6806091293692589 2.102372668683529 3.116628602147102 350.8000450283289 15.62000871449709 0.529498428106308 26.21091897040606 19.76093184947968 41.62639606744051 7.766094379127026 5.381266467273235 2.602715589106083 40.03574538975954 0.3980079516768456 22.24847522377968 13.92160905897617 0.1071524694561958 0.6753784194588661 1.439978808164597 0.4081148654222488 0.3611986562609673 1.161301739513874 0.5686829015612602 0.6825683489441872 0.8409665673971176 5.507313922047615 0.9784996286034584 0 1033.944580316544 19.13802047073841 2.880944341421127 12.28726908564568 143.4339088350534 2.120473720133305 5.205619931221008 9.40273742377758 9.446976721286774 4.577126726508141 84.8975685685873 29.79963550716639 21.19229700416327 49.70156896859407 87.41457825899124 4.388366915285587 232.3763112276793 122.5024234429002 369.9774203523993 54.15363425016403 1.099980071187019 2.105795726180077 0.1125982627272606 0.2621221765875816 0 0 0 0 0 0 0.4991896897554398 0.1780984997749329 1.741446360945702 0.1851218491792679 0.4946453496813774 0.1159160956740379 0.6146096140146255 0.761982649564743 0.2055843770503998 41.08145297318697 6.739398986101151 0.1703503578901291 1.302085548639297 0.5787088721990585 78.72077210247517 1.219272039830685 19.99276246875525 9.891078904271126 4.936302490532398 0.1036679893732071 0 0 0 1.214945152401924 0.1928705275058746 0 0.4651089608669281 1.322561122477055 0 0 0.2419387847185135 2.992064625024796 0 0 0.1124785244464874 0.1178388223052025 0.5843038186430931 0.4969098195433617 4.132934100925922 0.269908219575882 0.9393269866704941 69.57890302687883 3.862403593957424 0.4405978918075562 0.1763541400432587 0 0 0 0 0 0.1777574867010117 233.1577003747225 0.9535055309534073 0.2569617033004761 0 0.2524333968758583 31.54180125147104 0.9510874077677727 34.4947659522295 1.846218936145306 5.403566144406796 1.979153148829937 0.1164436265826225 0.5739998519420624 0 0 0 0 0.1513508856296539 0 0 0 197.7410159483552 64.03697457909584 51.15147121995687 465.9102293923497 1.888137720525265 130.1644304767251 28.66737975180149 259.5514551848173 32.46276401728392 1.092000618577003 58.94137343019247 146.8462309613824 0 8.081089414656162 3.563453793525696 122.9180176705122 1.121447578072548 0.5582970976829529 0.5709424614906311 11.56821057200432 0 661.651245854795 159.1732215732336
103.0907661169767 268.0348947942257 797.1745910197496 35.23487684130669 276.0095272064209 31.35903650522232 728.4201032444835 540.004970356822 133.3808299452066 426.0491466149688 1029.377237342298 197.1006462424994 1577.399872474372 476.8584623560309 38.99258482456207 36.87102627754211 1.141593419015408 0.2188475802540779 0.2098842561244965 1.556213639676571 4.829296849668026 8.535491362214088 0.3152818530797958 0.1819978356361389 15.90761571377516 1.609489381313324 0.3141501098871231 2.92643790692091 1.966453038156033 0.3222600370645523 65.85364148020744 60.44723639637232 671.0415712818503 0.1805876344442368 1.103033557534218 25.92326315492392 736.6097296848893 133.8379040658474 107.0184987336397 6.856069840490818 4.337516807019711 2.057556070387363 1.579602755606174 4.834911160171032 0.6023766696453094 0.897472009062767 85.69188046455383 4.149589769542217 0.5764814242720604 1.105941824615002 1.603283226490021 13.90794015675783 10.75133027136326 10.97734220325947 4.930426090955734 2.367789715528488 29.0368939563632 27.61182530224323 8.755558453500271 17.02967128902674 11.05570384860039 56.2065584436059 2.575981467962265 54.47285597026348 2.101989343762398 2.471213728189468 2.733760371804237 4.108055256307125 6.550917387008667 8.596420720219612 870.9935836568475 26.75965203344822 1.449981555342674 52.87455569952726 43.11362832039595 92.57341899722815 12.65358978509903 19.01942203938961 12.30457524210215 117.6351129189134 3.759670481085777 69.40860166400671 23.63809663057327 0 1.473763674497604 3.067611321806908 0.7851155251264572 0.367222748696804 1.522424653172493 1.875248044729233 1.07787162065506 0.7004155814647675 18.16778667271137 3.275541394948959 2.86826528608799 442.295475423336 22.52444486320019 3.970381453633308 27.99431644380093 69.89013144373894 1.650550037622452 1.756415195763111 6.928462855517864 8.934524968266487 4.873084016144276 53.56352021545172 19.68340287357569 11.35935735702515 20.90509241074324 46.97780638933182 3.328279554843903 131.4147172495723 85.09500472992659 279.9668157920241 46.78166575729847 1.451973102986813 1.975002728402615 0.1671214252710342 1.429728627204895 0.1483543366193771 0 0.1215072721242905 0 0 0 0.1364509612321854 0 0.795032761991024 0 0.8389255702495575 0.4507704377174377 1.520112901926041 1.232531189918518 0.4272163957357407 25.51101387292147 2.886279158294201 0 0.5076761841773987 0.3097269386053085 74.98801834881306 1.600992552936077 28.87597175687551 12.01895688474178 3.013797171413898 0 0.3500824272632599 0 0 3.016773045063019 1.378458380699158 0 0 0.7830486595630646 0 0 0.2403985410928726 3.56028874963522 0.5284434407949448 0 0 0.2269733250141144 0.292913518846035 0.4659521877765656 2.144982695579529 2.033615812659264 0.3205631375312805 68.28932607918978 3.285680808126926 0.750989094376564 0 0 0.1055647283792496 0 0.2708006948232651 0.3024643808603287 0.25894445925951 193.9080563560128 2.278218984603882 0 0 0 33.8888185992837 1.224324874579906 33.01371917128563 0.7297728061676025 3.494961984455585 1.106032311916351 0 1.887489467859268 0 0 0 0 0 0.1068354547023773 0.08689422905445099 0 143.5514601096511 73.49130345135927 58.69421154260635 825.0301775932312 5.488074012100697 262.0978152528405 53.17762036621571 131.1870030537248 68.20311031490564 0.7651351168751717 142.1724917218089 117.5238829851151 1.232867524027824 12.0616197809577 2.25847315788269 74.5319712087512 0.9952778518199921 0.1446227729320526 0.8175813406705856 19.1782014966011 0 348.3659733459353 85.07295030355453
