173.2275688573718 2218.791697800159 125.0616538152099 1299.522652037442 50.61011935770512 212.3982112705708 561.7988254800439 8.95704124122858 10.8232379630208 637.7821350395679 124.9576758742332 0.8553146794438362 34.01801045238972 19.57594813406467 0.114231675863266 0 0 0 0 0 0 0 0 0 0.1247273832559586 0 0 0 0 0 737.9895023703575 1.16112793982029 0.1715328991413116 0 0 0 0 0.1197132617235184 0 0 0 0 0 0.08248718827962875 0 0.07800617814064026 16.70487669110298 0.5236169248819351 0.1074904054403305 0.125975713133812 0.6257814317941666 0 0 0.0618068240582943 3.61213194578886 4.965592764317989 170.1792948544025 588.0726912394166 32.15782023221254 2.976450838148594 0.09034388512372971 0.1048531755805016 0 3.629417635500431 4.800151269882917 1.383123442530632 0.5185293629765511 0.3810222744941711 0 0 1.056910052895546 0.2026278078556061 0 129.0535751804709 26.58057429641485 2.87578309327364 0.3749165758490562 0.1578012928366661 0.6164242476224899 0.4857398420572281 0.1187431737780571 0.1695608794689178 8.800375580787659 0.1984328031539917 0.7910280004143715 2.376795008778572 0 0 0.3245313614606857 0.0947553813457489 0.09588827937841415 0 0.09624092280864716 0 0 41.44401669502258 1.374917775392532 0.1263416707515717 0 963.8558330908418 0.1043126583099365 6.993146568536758 0.5873515903949738 3.843453221023083 0.1301907449960709 0.8811232447624207 9.863840468227863 0.1446147114038467 5.600356414914131 26.94272670149803 0.2914641797542572 5.35703732073307 7.736977741122246 8.872513063251972 3.149959020316601 0 0 0 0 0 0 0 0 0 0 0 0 0 0 0 0 0 0 0 0.3824665322899818 0 0 0 0 2.114143431186676 0 2.165094397962093 0.7378568649291992 0 0 0 0 0 0 0 0 0 0 0 0 0 0.1092716157436371 0 0 0 0 0 0.08363526314496994 1.90957710146904 0 0 1.581079199910164 0.2688710689544678 0 0 0 0 0 0 0 0 3.086346626281738 0 0 0 0 0.4702650681138039 0 0 0 0.09789013117551804 0 0 0 0 0 0 0 0 0 0 0 6.60215900093317 0.2355496734380722 0.6421326547861099 52.55157175660133 4.403340011835098 42.34845212101936 3.340309277176857 426.2686726301908 3.973003774881363 0.1042353212833405 0.6961099654436111 17.45434655994177 0 0 0 30.54562889784575 0 0 0 0 0 163.7703078463674 11.56098162382841
2218.791697800159 2484.74330444634 1411.730125166476 1008.194846719503 2716.715833876282 95.61965836584568 3508.07264585793 92.96065942943096 1122.083870701492 1300.994035135955 794.0107173845172 26.11969046294689 563.3906072750688 693.3589070029557 10.58103211969137 1.205732114613056 1.105935726314783 0.375051312148571 0 0 0 0 0 0 0.1837536543607712 0.08586298674345016 0.1515509039163589 0.1683814823627472 0.09111588448286057 0 1920.862532511353 43.1801024004817 5.911905623972416 0 0.1305534392595291 0.3843297511339188 5.595842324197292 0.6678451597690582 0.1098182126879692 0.2300454005599022 0.06200478225946426 0.1601196527481079 0.2445509806275368 0.6701030060648918 0 0.9147074148058891 226.1815523281693 5.519888266921043 1.547795921564102 0.5769107900559902 2.272221252322197 0.2602953612804413 0.09053853154182434 0.3477540910243988 20.52644512057304 28.34943944215775 180.0890791639686 1018.805133324116 60.12344421446323 26.91872622072697 1.567069947719574 0.6770011559128761 0.2721137255430222 178.2914044857025 22.76291033625603 10.9409013018012 3.120108596980572 2.349417515099049 0.1392922699451447 0.06859928369522095 3.421583153307438 0 0 459.8512902148068 315.2737034857273 54.90914572402835 24.64324412122369 5.340785250067711 4.092623338103294 10.11258458718657 2.296876840293407 5.152189880609512 51.85968211293221 0.5165652632713318 3.42305251210928 15.52540423721075 0.3277505934238434 0.1620657593011856 3.247621528804302 0.5129542425274849 1.12119273096323 0.3971021994948387 0.4695046842098236 0.5386930406093597 0.2806673720479012 7.157143756747246 0.5633406564593315 0 0.3045335188508034 514.8684750273824 0.1053888350725174 1.330750793218613 0.4047318622469902 0.3999938517808914 0.7164479121565819 0.681404247879982 4.963508829474449 0.3916262164711952 3.121527403593063 10.07398034632206 0.3238997086882591 4.758298315107822 3.849620707333088 7.095356538891792 3.307196483016014 0 0 0 0 0 0 0 0 0 0 0 0 0.1834869533777237 0 0 0 0 0 0 1.765272848308086 0 0 0 0.3257412612438202 3.434718638658524 0.9947556257247925 1.959542095661163 0.9674115553498268 0 0 0 0 0 0 0.3543660044670105 0 0 0.1715197861194611 0 0 0 0 0 0 0 0.4746631681919098 0 0.06727238744497299 0.1444547176361084 0.151835098862648 0.3816676437854767 2.36682915687561 0.5445829778909683 0 0 0 0.2774842903017998 0 0 0 0 4.134598638862371 0 0 0.1641112118959427 0 0.1161494329571724 0 0.2912085056304932 0 0 0 0 0 0 0 0.08730093389749527 0 0.1658519804477692 0 0 0.1015813201665878 4.937633410096169 1.023719102144241 1.217042692005634 152.9381616748869 19.10222011059523 356.9199373610318 21.42963133007288 296.9231400825083 31.57858403772116 2.209706678986549 14.33439637720585 5.123636849224567 0.08326352387666702 0.5703947767615318 0 5.558927193284035 0 0 0 5.299052231013775 0.4908693134784698 106.5435565263033 5.532414235174656
125.0616538152099 1411.730125166476 511.4721153005958 6.194344580173492 547.4101184010506 1.114971943199635 157.7658222094178 3082.695493161678 639.5856825560331 527.5851954519749 1803.219930797815 36.56353687494993 414.8604930788279 1407.909019954503 10.07422954589128 6.177990607917309 2.444990813732147 0.2609778791666031 0.2032045274972916 0 0.6493086665868759 0.1187924593687057 0.2318970859050751 0 2.390466295182705 0.9724171757698059 0.6279516890645027 0.1831199377775192 0.1295859664678574 0.1737538129091263 3819.393321476877 190.9791043102741 57.86725584790111 1.22945149242878 3.839225888252258 4.666192278265953 17.6810474768281 3.513221316039562 0.216801255941391 0.0718960165977478 0.6684165894985199 0.8858133628964424 0 2.391650632023811 0 0.8393109887838364 59.60049989446998 0.825713686645031 0.4327785521745682 0.9680909290909767 0.5827128514647484 0.09998426586389542 0.1262761950492859 0.2019170150160789 3.664645612239838 4.607597500085831 48.70927284657955 966.0276567824185 11.7238292247057 5.593803957104683 2.145699292421341 5.97485513240099 1.920203931629658 158.3048643544316 4.614181607961655 2.644923396408558 1.446876786649227 0.5956316217780113 0.9166139587759972 0.7098556682467461 16.43825428187847 0.1131876185536385 0 132.7843043655157 95.72317032143474 17.94359233602881 12.80263540893793 6.218954458832741 38.38394063711166 576.0502692684531 1.755811437964439 117.9359908699989 10.59099542349577 0 1.336622077971697 3.024787254631519 0.3331558182835579 0.07740747928619385 0.841514877974987 0.07960642129182816 0.1624917536973953 0.165939599275589 2.441074438393116 0.5300435721874237 0.6942854672670364 3.977996028959751 0.1867799907922745 0 1.039087355136871 58.26728164404631 0 0.4625042378902435 0.4197105169296265 0 0.4812427684664726 0 2.267983414232731 0.2293757125735283 1.62915712594986 8.951363168656826 0.5374939069151878 4.619509980082512 5.296264968812466 5.599353522062302 5.629661343991756 0 0.1584362089633942 0 0 0 0 0 0 0 0 0 0 0.2786734104156494 0 0.1114705130457878 0 0.09997186809778214 0.09802431613206863 0 0.4445118606090546 0 0 1.182233914732933 0 9.224128946661949 0.8641114458441734 3.67077512294054 1.335141606628895 0.08707080781459808 0.1091292053461075 0.09764418751001358 0 0 0 0 0 0 0.2438441440463066 0 0 0.1311874240636826 0.2578378319740295 0.3902848213911057 0 0 0.0859220027923584 0 0.08276678621768951 0.1503137052059174 0 0.6632721424102783 3.634792298078537 0.384881354868412 0 0 0 0 0 0 0 0 8.308565936982632 0 0 0 0 1.582036629319191 0 0.250045470893383 0 0 0.08770228922367096 0 0 0 0 0.1849038004875183 0 0 0 0 0.08265934139490128 8.513626523315907 1.787891335785389 2.831865958869457 65.05010730773211 3.189986042678356 85.8325027115643 9.42134690284729 41.57923385500908 7.932959407567978 0.1612671166658401 9.520814158022404 11.20633418112993 0 1.040987871587276 0.6380597352981567 10.10891360789537 0.1095143482089043 0.1525562107563019 0 1.820021390914917 0 25.19839763641357 3.710671313107014
1299.522652037442 1008.194846719503 6.194344580173492 577.0504047572613 196.707687035203 998.9889672994614 2394.497404292226 10.60649788379669 45.23866937309504 2119.578373476863 15.31141959130764 5.093210943043232 240.8452873826027 86.77155537158251 1.289492823183537 0.1684317365288734 0 0.08670669049024582 0 0 0.075893834233284 0 0 0 0 0 0 0 0 0 138.0032700076699 2.423726350069046 0.6438820958137512 0 0 0 0 0.2488153725862503 0 0.09777308255434036 0 0 0 0.1122704371809959 0 0 29.61091591417789 1.023151718080044 0.3464703038334846 0.1657202988862991 0.5190004110336304 0 0.1227031275629997 0 3.168933466076851 3.242261081933975 56.31999845802784 179.8112081959844 11.10547754913568 3.824610069394112 0 0.08360113203525543 0.1222351714968681 11.61191018670797 2.991786979138851 1.298767641186714 0.3245839104056358 0 0 0 0.8836900368332863 0.1828310638666153 0 78.44529215246439 40.54692665487528 5.972197733819485 1.092584908008575 0.2365925461053848 0.1788669601082802 1.311535492539406 0.1900608763098717 0.4974324218928814 9.233676321804523 0 0.5648536533117294 1.936699613928795 0 0.08007724583148956 0.5078421384096146 0.09880691766738892 0.2483838126063347 0 0 0 0.1298986673355103 31.71684651076794 0.4033678472042084 0 0.1142827421426773 712.1247374713421 0.6825568303465843 6.299701407551765 3.538493141531944 9.522069349884987 0.1200081706047058 0.7548943758010864 15.03798794746399 0.3339585214853287 8.706442981958389 23.93572080135345 0.2995651140809059 5.224210821092129 6.980614937841892 8.942865185439587 5.429123647511005 0 0 0 0 0 0 0 0 0 0 0 0 0 0 0 0 0 0 0 0.2477649748325348 0 0 0 0 2.88006380200386 0.3526744693517685 1.983747072517872 0.0925370529294014 0 0 0 0 0 0 0 0 0.07576020061969757 0.1103785932064056 0 0 0 0.1135695949196815 0 0 0 0 0.2230672836303711 0 1.910041727125645 0 0 1.028138861060143 0.1053879037499428 0 0 0.0741870254278183 0 0 0 0 0 2.445196747779846 0 0 0 0 0.6284689903259277 0 0.09953700751066208 0.420772522687912 0.07572784274816513 0.112027034163475 0 0 0 0 0 0 0 0 0 0 6.995648317039013 0 0.4013296961784363 54.4630548581481 1.766726545989513 49.46535543352365 4.451371766626835 355.0927339345217 6.58275106549263 0.2455861419439316 1.904129393398762 24.28431017696857 0 0.7363832220435143 0 35.7526058703661 0.1903345957398415 0 0 0.4071409702301025 0 214.4319922849536 14.96523036062717
50.61011935770512 2716.715833876282 547.4101184010506 196.707687035203 2626.523959867656 3.888981848955154 1663.411890655756 73.61462393403053 3039.536937393248 2543.78866899386 1257.298725470901 28.67828721553087 593.9332926496863 1064.925095167011 9.099095989018679 1.043469980359077 1.017926216125488 0.3130991719663143 0.09076889604330063 0 0 0 0.276337131857872 0 0.2850361987948418 0.1205087006092072 0.1089776307344437 0.09003046154975891 0.3643733710050583 0.07803916931152344 310.6013828963041 44.95195554196835 1.748060688376427 0 0 0.1017210111021996 0.534032791852951 0.155672661960125 0.1981135755777359 0.08053267747163773 0.2758577913045883 0.2109550833702087 0 0.3472355976700783 0 0.2251869291067123 152.0937458798289 1.498492009937763 0.4176499769091606 0.6514713279902935 0.8086723610758781 0 0.09907713532447815 0.06621255725622177 6.109421201050282 7.133090976625681 22.59590025991201 186.2088344395161 12.73004695773125 10.85911182686687 1.597478412091732 0.735527116805315 0.6001715660095215 131.2663074582815 8.17312553152442 3.641971483826637 1.199950225651264 0.5867468267679214 0.5506577417254448 0 3.022695578634739 0 0 120.1182936914265 126.2719296440482 32.04000160470605 27.00161423534155 5.114169634878635 1.998313695192337 16.73791973665357 1.928151294589043 3.540675215423107 18.28336580842733 0.2588159516453743 1.663931794464588 4.445237502455711 0.1872139796614647 0.08773394674062729 0.8236155062913895 0.08697812259197235 0.1665491908788681 0.06912523508071899 0.4910641685128212 0.4197533428668976 0.3622093722224236 2.190245538949966 0 0 0 17.06712825596333 0 0 0 0.4690912216901779 0.1148712262511253 0.3698686063289642 1.414734058082104 0.1270343214273453 1.175664134323597 6.316786170005798 0.2517451420426369 2.885579533874989 2.100406490266323 2.548275992274284 3.601588748395443 0 0 0 0 0 0 0 0 0 0 0 0 0 0.2216156125068665 0 0 0 0 0 0.4937461093068123 0 0 0 0.1244865357875824 1.755501925945282 0.1088248714804649 1.367861472070217 0.1029381528496742 0 0 0.09793213754892349 0 0 0 0 0 0.2035343050956726 0 0 0 0 0 0 0.07844173163175583 0 0 0 0.08264005929231644 0 0.2063638716936111 0 0.7153079658746719 0.6451084911823273 0 0 0 0 0 0 0 0 1.071210138499737 0 0 0 0 0.5003056228160858 0 0.2530066072940826 0.1855219155550003 0.1167927831411362 0 0 0 0 0 0.1486455351114273 0 0.2641489952802658 0 0 0.1055319160223007 2.248958185315132 0.6537290066480637 0.989452913403511 143.5096437931061 4.568157181143761 218.367415536195 14.11140086501837 93.77368135005236 17.42793229222298 0.3982029110193253 21.04422950744629 3.936838626861572 0 0.3536956906318665 0 2.617706924676895 0 0.1144325733184814 0 7.593766748905182 0.9585492312908173 31.87967716157436 3.930938564240932
212.3982112705708 95.61965836584568 1.114971943199635 998.9889672994614 3.888981848955154 37.02585761249065 152.4045636504889 0.7844587787985802 3.351764649152756 969.4407994002104 2.222811579704285 36.78530861437321 36.80028132349253 15.90591121464968 0.1346098333597183 0 0 0.1014847159385681 0 0 0.1015638411045074 8.85054299980402 0 0 0 0 0 0 0 0 51.72896547615528 0.1308155506849289 2.970613926649094 0 0.1158011704683304 0 6.361078754067421 0.251461535692215 2.178362682461739 0.1322467774152756 0 0 0 0 0 0 1.753800936043262 0 0.1341115683317184 0 0 18.56902767717838 6.801234200596809 1.441632859408855 0.6101470664143562 0.4078806713223457 53.30184850841761 54.40248998999596 2.518181890249252 0.1011731177568436 0 0 0 0.2814758121967316 0.1938322708010674 0.2323722243309021 0.2179237976670265 0 0 0 65.05357038229704 121.5511413514614 17.077811203897 10.99755161255598 1.007407411932945 0.1629570052027702 0.1076045781373978 0 0 0.4217439144849777 0 0 0.9722439721226692 2.602983698248863 0 0.7695612385869026 0.1113725751638412 7.859072990715504 2.249986626207829 7.573165193200111 0.8769798129796982 2.005779936909676 0 0 3.06035091727972 190.4403688535094 116.3258265703917 35.61041227728128 18.43796880543232 343.7562187239528 0 4.682680413126945 1.141577258706093 1.283475488424301 0 0.9011217951774597 19.74348995089531 0.1112021133303642 7.058708153665066 32.22537440061569 0 6.270154647529125 11.98500856012106 8.376316033303738 3.082617893815041 0 0 0 0 0 0 0 0 0 0 0 0 0.2145834043622017 0 0 0 0.1050154194235802 0 0 0.2470851689577103 0 0 0 0.248613066971302 1.971613332629204 0.1989988833665848 0.8704151213169098 0.4555330574512482 0 0 0 0 0 0 0 0 0 0 0 0 0.7027834057807922 0.3231586813926697 0 0 0 0.09487541019916534 0 0 0.7570896148681641 0 0.1047206521034241 0.7794789671897888 0.2960501611232758 0 0 0 0 0 0 0.1100494042038918 0 1.982196554541588 0 0.1470153033733368 0 0.7329607531428337 0.6109444126486778 0 0.4347645416855812 0.06194736436009407 0 0 0 0 0 0 0 0 0 0.1077509596943855 0 0.353026382625103 5.723313868045807 1.256155036389828 1.360016204416752 13.57047877460718 0.9517795965075493 4.910950757563114 0.3877742514014244 120.4814692512155 0.8999398648738861 0 0 6.20046865940094 0 0 0.1431337296962738 18.24071405827999 0 0 0 0 0 55.3725142031908 14.31924884021282
561.7988254800439 3508.07264585793 157.7658222094178 2394.497404292226 1663.411890655756 152.4045636504889 853.735842205584 15.0661553144455 1280.302348397672 4518.867905166 194.517548032105 32.18191097676754 2663.415136411786 3229.12619304657 13.33939926326275 1.627344153821468 1.363826833665371 0.4679717049002647 0 0.23365468531847 0 0 0 0 0.3714160919189453 0.504908986389637 0.1011242270469666 0.1413722187280655 0.1135733723640442 0 169.2457862272859 35.32369075715542 2.768832862377167 0 0.3092411905527115 0.1590709537267685 2.845605507493019 0.7145409435033798 0.3659662902355194 0 0.2773794159293175 0.2435535788536072 0.1914649233222008 0.9120908975601196 0 0.489935927093029 182.7086883857846 4.297257080674171 0.4764509499073029 0.954828754067421 0.8273382559418678 0.06611762940883636 0 0.173130489885807 8.815993055701256 13.06432688608766 44.80832888185978 252.3390186876059 25.63358223438263 16.98613311722875 1.470084488391876 1.424698919057846 0.4041093289852142 123.7379979044199 11.25980467349291 5.974560298025608 2.323102742433548 0.9881636574864388 0.383416973054409 0.2444097027182579 6.255951933562756 0.136294811964035 0 184.3445135653019 172.0943971611559 41.85732425004244 26.20830871164799 6.489541292190552 3.143775597214699 5.555752165615559 1.303583398461342 5.418252963572741 27.84720298647881 0.3307776004076004 2.423155464231968 6.707670759409666 0.1446139141917229 0.279806412756443 1.482592009007931 0.3172922730445862 0.576006144285202 0.077284075319767 0.3218644708395004 0.3214156031608582 0.3551725447177887 29.74657317250967 1.775623798370361 0 0 88.63682156056166 0.9789135158061981 3.732812717556953 8.665730752050877 3.127994403243065 1.12523028254509 8.709515325725079 9.591026902198792 3.095485344529152 20.29207294434309 31.9915357157588 1.799590714275837 21.86798655241728 18.29100354015827 18.64301173388958 13.15227530151606 0 0 0 0 0 0 0 0 0 0 0 0 0 0 0.1142807975411415 0 0 0 0 1.238947227597237 0.3113884553313255 0 0 0 11.00327349454165 0.730964757502079 5.169442936778069 0.6601583510637283 0.4911534115672112 0 0 0 0 0 0 0 0.2425524070858955 0 0 0 0 0.1019242480397224 0.1027447730302811 0.2111795693635941 0.097430020570755 0.1506972014904022 0.159075453877449 0.6445462107658386 0.7392217442393303 0 0.08125218003988266 4.261731199920177 0.7364406362175941 0 0 0 0 0 0.255543053150177 0 0 12.93359418958426 0 0.1961195692420006 0.177333764731884 0 3.909009091556072 0.1001135632395744 0.820868194103241 0.2033895552158356 1.17847204208374 0.232202410697937 0 0 0 0 0.175927959382534 0 0.1585805341601372 0 0 0.09066005051136017 19.78455910086632 3.232635773718357 3.695360250771046 173.7260231375694 10.95647494494915 281.4251826740801 19.00221160054207 209.0647443011403 19.59679805487394 1.676184847950935 21.0021463856101 17.0917407348752 0.07848776876926422 1.115214660763741 0.5782949477434158 22.99858651310205 0.2880203127861023 1.244771361351013 0.1518680304288864 6.539736308157444 0.1716733425855637 91.96793082356453 19.73545213788748
8.95704124122858 92.96065942943096 3082.695493161678 10.60649788379669 73.61462393403053 0.7844587787985802 15.0661553144455 1063.276173193008 94.76118888705969 57.58430100232363 1806.980731800199 16.49828100949526 110.202751211822 813.2829125039279 64.01786348968744 37.24435334652662 23.46759825199842 10.40349070727825 0.3201626464724541 1.794437266886234 10.24989730864763 0.1250025928020477 1.620290122926235 0.7237341478466988 20.78656202554703 3.217264957726002 3.759366683661938 1.119244404137135 0.63397216796875 0.6883832216262817 1740.899959988892 1224.674110230058 68.83971125632524 17.93653182685375 49.36448598653078 33.43297600001097 21.07060768455267 4.574442908167839 0.7888913750648499 1.088623434305191 12.10433384776115 10.71714255213737 9.157446652650833 10.04513011872768 0.3674004226922989 9.061635762453079 228.917405962944 13.1300578340888 11.85284389555454 31.58880606293678 4.938917092978954 4.290268093347549 0.2761468067765236 6.190574876964092 5.400040462613106 7.639335419982672 40.86361742764711 600.4756834842265 15.56588232517242 11.80239563435316 110.3592572584748 110.5183385871351 52.69204417616129 766.8051383271813 7.662569232285023 13.00536496937275 4.769103717058897 16.07661678642035 24.5784809589386 37.13207591325045 21.03190520405769 0.3405133038759232 0.3478385731577873 174.9822786711156 215.6105090118945 84.65204492211342 232.6649762652814 247.5233647823334 1051.504055395722 1281.418485123664 96.03796426951885 1824.568186312914 16.28927786648273 0.07307931780815125 7.645222090184689 4.659981418401003 7.965844072401524 0.06789150834083557 1.543526172637939 0.5703562647104263 1.805997416377068 0.7315015122294426 48.83683758229017 7.511360019445419 4.431832775473595 1.511266119778156 0.1676393449306488 0 0.1538813561201096 15.86616183817387 0.06261468678712845 0 0 0 0 0.6013456583023071 0 0.5330660790205002 0.4585669040679932 0.582441084086895 0.3208145350217819 0.72303556650877 1.488350808620453 2.173085920512676 3.617688968777657 0.09304700046777725 0 0.09871292114257812 0 0 0 0.09224239736795425 0.5137855112552643 0 0 0.08695612847805023 0 0.09654838591814041 0 0.1143862158060074 0.08274056762456894 0 0.1565000712871552 0 0.1135309711098671 0.4423178881406784 0 0.4505775719881058 0 6.037806399166584 1.345686577260494 4.720934137701988 1.410508491098881 0.6147802099585533 0.1323941797018051 0.6647959500551224 0 0 0 1.01428210735321 0 0 0.1685265898704529 0 0.2544189915060997 2.447530925273895 0.3916636481881142 3.186665296554565 0 0 0.1934873536229134 0 0.08900172263383865 0 0.1578299775719643 0.9017776101827621 1.330730237066746 0.1053154096007347 0 0 0 0.07199046015739441 0 0.5827773213386536 0.09886685013771057 0.09839104861021042 4.258811101317406 0 0.5098827183246613 0.7760768756270409 2.984809093177319 0.2382984682917595 0 0.2127126529812813 0 0.07979527115821838 0 0 0 0.1244557052850723 0.08319775760173798 0.1053128764033318 0 0.462291918694973 1.201235070824623 0.299342542886734 0.3827386870980263 2.407274186611176 1.829301081597805 5.654710248112679 320.271074667573 25.91838768869638 344.6613966748118 65.06263133883476 65.54574586451054 22.73996336013079 3.328524261713028 48.95725981891155 5.555341847240925 0.0916789174079895 1.048032894730568 0 5.532335706055164 0 0 0.1202371791005135 27.04015756398439 1.305844992399216 28.6189353838563 0.9551796466112137
10.8232379630208 1122.083870701492 639.5856825560331 45.23866937309504 3039.536937393248 3.351764649152756 1280.302348397672 94.76118888705969 668.2891685143113 1828.069536164403 897.9085519909859 31.79686675220728 672.0211252048612 711.7505560666323 10.8259513899684 1.938178941607475 1.101846449077129 0.5260586217045784 0.08847901970148087 0.1928398162126541 0.1030860394239426 0 0 0 0.2731179967522621 0 0 0 0 0 85.07571668177843 24.19881850481033 6.787435866892338 0.2640282809734344 0.3879685774445534 0.5801626518368721 5.924457408487797 0 0 0 0 0 0.2943287193775177 0.6446295902132988 0 0.5845460742712021 106.6953024864197 0.8769472241401672 0.771106980741024 0.8045530319213867 0.499896340072155 0 0 0.1647716835141182 3.262213118374348 3.050235159695148 10.85582421720028 62.19336009025574 8.891525827348232 5.170129150152206 3.009961567819118 1.684002708643675 0.6259637475013733 56.20330508798361 3.039399668574333 2.206669643521309 0.5967747792601585 0.5737555474042892 0.2368991672992706 0.3733639568090439 19.98179632425308 0.2295320779085159 0 56.08178244158626 50.15466929972172 21.8916352763772 18.55038901418447 4.977597273886204 3.453067809343338 10.33235908299685 1.43030609190464 7.058872506022453 8.243013955652714 0 1.324837699532509 2.084438223391771 0.2415309697389603 0 0.5389567613601685 0 0.4142962768673897 0 0.422110490500927 0.1834233626723289 0.2553445175290108 10.28017239272594 1.389956653118134 0 0.8822054862976074 5.602178893983364 0.5041179656982422 1.726235322654247 0.5401525422930717 0.7687152773141861 1.897809863090515 1.216106116771698 5.529825910925865 0.6201229393482208 4.847579397261143 31.59984926134348 1.024977564811707 9.198754593729973 16.65177228301764 24.41764191538095 17.51659405231476 0 0 0 0 0 0 0 0.2179275006055832 0 0 0 0 0 0 0 0 0.08071544021368027 0 0 0.8786789104342461 0.282941997051239 0 0.6324988827109337 0 13.07568704336882 1.412052914500237 10.49463975429535 1.913820438086987 0.4516182541847229 0 0 0 0 0 0.1585243791341782 0 0.08537095785140991 0.217867523431778 0 0 0 0.1314326077699661 0 0 0 0.1274168789386749 0.1069656610488892 0.08852344006299973 1.294214144349098 0 0.1554072946310043 6.706218585371971 1.4670534953475 0 0 0 0 0 0 0 0 15.99009438604116 0 0 0.06606050580739975 0.07640085369348526 2.048898249864578 0 1.087938025593758 0.07687384635210037 1.293422274291515 0.09061725437641144 0 0 0 0 0 0 0 0 0 0.1176505535840988 20.91424313187599 4.185791164636612 3.970905125141144 193.5726437792182 2.78881411254406 172.2485305033624 17.48273157328367 72.76072601228952 15.60724665224552 1.208495661616325 30.59400444477797 12.70646111667156 0.4485782980918884 1.62914776802063 0 21.19432695955038 0 0 0.08497043699026108 10.90357670933008 0 41.31006155908108 14.24264217913151
637.7821350395679 1300.994035135955 527.5851954519749 2119.578373476863 2543.78866899386 969.4407994002104 4518.867905166 57.58430100232363 1828.069536164403 3127.266815558076 275.9508021138608 843.995626732707 9934.556901529431 1538.185822211206 18.78283467888832 3.161892578005791 1.38597958534956 0.6436980962753296 0.1208175644278526 0 0.1953981667757034 0.2487478479743004 0.1138839796185493 0 0.6360100582242012 0.2516351640224457 0.08299679309129715 0.2251265943050385 0.3193254992365837 0.10951828956604 124.9671764448285 20.28506059199572 104.2645145580173 0 0.3805518746376038 0.7689562439918518 68.26585414260626 0.8187118917703629 5.86469130218029 0.2224866598844528 0.1104324832558632 0.3358654156327248 0.1676586642861366 1.61271645873785 0 0.9054853543639183 223.8661140576005 3.813267052173615 0.6456084847450256 0.4689807668328285 1.358460552990437 0.3530208840966225 0.3499383330345154 0 11.32631731778383 12.12207268178463 76.17162129282951 194.1841317787766 29.78153158724308 16.9232731461525 1.232527986168861 3.076275892555714 0.3007048070430756 79.91903991252184 10.70181723684072 7.528893865644932 2.063938595354557 0.7984712794423103 0.08193077892065048 0.1619090363383293 284.3095996156335 3.301174953579903 0.1648553162813187 172.6729565821588 140.1840328574181 46.78906972706318 23.56364311277866 5.365404576063156 3.00282958894968 48.32081662118435 1.06234036386013 11.28710118681192 31.20654175430536 0.1429020687937737 3.03542098402977 8.237470597028732 0.7235231325030327 0.09415863454341888 1.632095694541931 0.3270137310028076 0.4839366599917412 0 0.7440020218491554 0.7475714311003685 0.3725231513381004 537.4159689471126 47.58494883775711 0.381408229470253 6.498750895261765 527.5589374899864 3.314794041216373 55.01603546738625 7.831626400351524 15.41637732833624 13.01583202183247 16.58841595798731 157.9441363736987 8.153017193078995 119.8803653120995 432.5116699114442 11.85976146161556 201.6253295615315 191.6360042393208 221.9085141941905 133.1265660524368 0.4914706274867058 0.1380408257246017 0 0 0 0 0 0 0 0 0 0 0.3799412325024605 0 0 0 0 0 0 10.59624961018562 7.889623366296291 0 0.2291397005319595 1.565296411514282 111.3753445670009 8.975021407008171 63.92664489895105 9.311804860830307 0.5280628576874733 0 0.09832517802715302 0 0 0 0.09323835372924805 0 0.9438130408525467 1.792873777449131 0 0 0 0.5211985930800438 0 0.2705446109175682 0 0.1574174910783768 0.4753062576055527 2.806488826870918 16.2184125483036 0.7635756134986877 1.15284651517868 43.37731078267097 12.7874958589673 0.3110512718558311 0.1328198462724686 0.08462316542863846 0 0 0.1226740479469299 0 0 112.5616061016917 0.1803100109100342 0.2006953656673431 0 0.08880069851875305 17.73633281886578 0.1253126859664917 8.293605916202068 1.14555099606514 3.00975838303566 0.9958179220557213 0.5428457334637642 0.223053552210331 0.07255974411964417 0.09862116724252701 0.09318605810403824 0 0.6065268218517303 0 0.2061993479728699 0 197.6359233781695 21.4103194847703 33.67878198623657 602.0930615365505 16.88578435778618 402.6717675514519 40.38066562265158 729.7805918380618 45.57346547394991 4.140022814273834 62.30174355208874 197.1069173812866 0.1020221039652824 8.130172088742256 3.196208462119102 309.7882958203554 1.469260163605213 0.2439206540584564 0.4471894502639771 17.36986814439297 3.3182562738657 929.7412876412272 241.4038331732154
124.9576758742332 794.0107173845172 1803.219930797815 15.31141959130764 1257.298725470901 2.222811579704285 194.517548032105 1806.980731800199 897.9085519909859 275.9508021138608 1166.754484977573 40.47443669289351 598.7426970303059 1999.951928414404 34.75758459046483 13.9725548774004 5.468879364430904 1.079872578382492 0.06047042459249496 0.1048796251416206 0.8233622759580612 0 0.104033574461937 0 7.564472191035748 1.143405444920063 1.744470417499542 0.1944844722747803 0 0.2784599885344505 942.3624688237906 135.7379233911633 160.7329077795148 1.369306147098541 6.578243687748909 12.62464421987534 68.52390705794096 10.24442269653082 2.738588660955429 0.4354176223278046 1.39376837015152 0.8967060819268227 0.9650678634643555 4.068843878805637 0 1.196562223136425 160.0758356265724 3.228089094161987 2.026510361582041 2.631305489689112 2.094665914773941 0.3375651612877846 0.4923920631408691 0.5015567392110825 4.742769315838814 7.05436660349369 29.94417934119701 299.1296343021095 15.84660121053457 12.07967156171799 8.838000625371933 16.74659582227468 4.772339820861816 137.6212565079331 5.268646907061338 4.389369707554579 1.318198557943106 2.744359336793423 1.674718037247658 2.409993357956409 28.09325221925974 1.569480545818806 0 125.6790091283619 119.8158983290195 54.29758613556623 39.57181166857481 20.35205145925283 70.90608102083206 404.8257560431957 6.585947968065739 185.5326821543276 18.83787538856268 0.06837107241153717 2.66260027885437 5.752267085015774 0.7370304353535175 0 0.9819012470543385 0 0.520783819258213 0.06983323395252228 6.479835174977779 1.227794714272022 0.7422884702682495 5.093521468341351 0.3626347631216049 0.1185850873589516 1.21940765529871 31.48316545784473 0.6577431112527847 1.11795848608017 0.5937932506203651 0.281693309545517 1.224124893546104 0.1062960252165794 2.151562586426735 0.1513878554105759 1.826912261545658 12.39840198308229 0.8914714828133583 2.526774890720844 6.630975522100925 11.68021783232689 9.21420393884182 0.08945377916097641 0.4112816378474236 0.1126628890633583 0 0 0 0 0.1069183647632599 0 0 0.402469776570797 0 0.5329603850841522 0 0.4444661140441895 0 0 0.183517649769783 0 1.007151871919632 0.2070439755916595 0 0.3344884589314461 0 11.96471048146486 1.410553731024265 8.133859470486641 1.892025418579578 0.8734840378165245 0.09325753152370453 0 0 0 0 0 0 0.1623141020536423 0 0 0 0.2026813477277756 0.7889228537678719 0.209297776222229 0 0 0.107401005923748 0 0.1081508621573448 0 0.2463575303554535 1.393966399133205 4.418691851198673 0.5332831144332886 0 0.07331018894910812 0 0 0 0.07381386309862137 0 0 11.67070213705301 0.09860614687204361 0.1948399096727371 0 0 1.345362991094589 0 0.3003783971071243 0.0708157867193222 0.2171290591359138 0.08922120928764343 0 0.09624730795621872 0 0 0 0 0.2760970219969749 0 0 0.08946197479963303 9.282285757362843 4.415638856589794 4.780891224741936 322.0900576934218 8.951343208551407 252.2876301333308 37.85638587921858 93.60764856636524 20.72036049515009 0.6295207217335701 46.99521106481552 10.89481090009212 0.08292295038700104 1.853170223534107 0.3697554469108582 10.60404584556818 0 0 0.522080272436142 15.1672368273139 1.473174050450325 34.47729859501123 4.963344253599644
0.8553146794438362 26.11969046294689 36.56353687494993 5.093210943043232 28.67828721553087 36.78530861437321 32.18191097676754 16.49828100949526 31.79686675220728 843.995626732707 40.47443669289351 107.3024979308248 3717.829883389175 295.039528504014 9.592888951301575 4.651428654789925 0.5297442898154259 0 0 0 0 0.5576806664466858 0.1697248965501785 0 0.3134397193789482 0.3366284146904945 0.1817868649959564 0 0 0 11.33813716471195 12.76618609577417 71.78190485388041 0.1373970359563828 0.2846143245697021 1.306440554559231 102.1624871492386 2.705027028918266 10.31887867301702 0.2743189930915833 0 0.0605459026992321 0 0.6165007501840591 0 0.278380922973156 22.31722129881382 0 0.1053918451070786 0.098652683198452 0.09320108592510223 0.1234990730881691 3.125628516077995 0 0.3472920879721642 0.2919742539525032 7.00148668140173 7.734117530286312 1.343438498675823 1.160778187215328 0.1541799455881119 1.987831816077232 0.3538558557629585 8.251302391290665 0.8792508020997047 0.1814942508935928 0.0918930321931839 0 0 0.0889929011464119 266.1241639107466 22.30505498498678 0.4108124226331711 6.759348727762699 7.651862792670727 9.373187318444252 4.043330229818821 2.035636253654957 2.323363699018955 38.97660046815872 0.7500459998846054 4.961709640920162 0.5467328578233719 0.1332684457302094 0.1770176216959953 0.5724194496870041 0 0 0.1945783644914627 0 0 0 0.1625495925545692 0 0 493.5237297862768 103.6805779337883 2.226230144500732 39.4501831382513 58.71485256403685 0.6604091301560402 12.74535634368658 1.762759633362293 1.716464504599571 4.590619802474976 3.943921029567719 25.11880473047495 2.524778783321381 28.37531567364931 156.6937010064721 7.41188108175993 52.04246538877487 70.00996126979589 94.81276395916939 74.83411012589931 0.3471891582012177 0.2627849578857422 0 0.09017889201641083 0 0 0 0 0 0 0 0 0.8110706433653831 0 0 0 0 0.1246609687805176 0 6.741806350648403 2.061577148735523 0 2.067832380533218 0 100.61257956177 10.08990280330181 56.50993881374598 14.87749835848808 1.130988776683807 0 0.1075015962123871 0 0.1277730464935303 0.09613898396492004 0 0 0.5445330664515495 0.3831875622272491 0 0 0.1978560015559196 0.1931723952293396 0 0 0.2492346614599228 0 1.031174622476101 1.602378115057945 1.657638572156429 0.6920817717909813 1.446255743503571 32.75243166089058 5.564225286245346 0.1830289959907532 0 0 0 0 0.09474081546068192 0 0 91.61179935187101 0.8719546049833298 0.1971356570720673 0 0.08844901621341705 12.45561414957047 0.2366656139492989 4.399489045143127 1.034292988479137 2.184100136160851 0.9636577367782593 0.4267570823431015 0.3333983942866325 0 0 0 0 0 0 0 0 125.4193057566881 34.60155038535595 45.09373591095209 89.63986473530531 1.301913484930992 37.52973506599665 11.00274772197008 85.93032073229551 4.622390486299992 1.021225810050964 7.322985455393791 47.57535084336996 0.1914275735616684 6.088885419070721 1.576417475938797 65.55546130239964 0.7469129413366318 0 0.98622827231884 3.126690879464149 0.4874633252620697 410.2852796390653 117.9839827865362
34.01801045238972 563.3906072750688 414.8604930788279 240.8452873826027 593.9332926496863 36.80028132349253 2663.415136411786 110.202751211822 672.0211252048612 9934.556901529431 598.7426970303059 3717.829883389175 996.3974451050162 1712.661945559084 35.69151838868856 16.43244556337595 4.230032078921795 0.4907485097646713 0 0 0.2221428528428078 0.1093163192272186 0 0.1468632072210312 2.974142506718636 0.7732449993491173 1.011679150164127 0 0 0 113.3661221638322 42.10000882297754 447.1887513995171 0.9930070862174034 1.722162470221519 3.719679847359657 392.6258387044072 15.99877448007464 14.08302521705627 0.7004799246788025 0.5445805266499519 0.1747289374470711 0.2625617608428001 4.12428306043148 0.2276066094636917 0.870658203959465 110.4465167820454 0.6824348866939545 0.2857923656702042 1.120254583656788 0.4846636280417442 0.2261960804462433 2.600471332669258 0 2.881773598492146 2.127005942165852 14.87842055410147 49.29130608588457 7.350173555314541 4.811270974576473 2.295799091458321 11.22782102227211 0.2893799915909767 44.3901654034853 1.826705869287252 1.059437856078148 0.6723497807979584 0.4126996323466301 0.4449384957551956 0.3635404780507088 736.6215116158128 34.32850669324398 0.2586018070578575 46.47784290462732 39.05337309837341 33.26903283596039 24.77234356105328 10.7155317813158 8.054272137582302 231.2571385875344 1.377310812473297 40.55338236689568 5.039122812449932 0 1.073611736297607 1.624282013624907 0 0 0.5032306164503098 0.1728673428297043 0.1814677268266678 0 2.415491916239262 0.5052779540419579 0.09088561683893204 1014.841628529131 69.68218467384577 0 69.05710932612419 60.40254388004541 2.010946027934551 14.3199085816741 2.844372592866421 4.670703060925007 13.84101090580225 8.390921905636787 42.92558343708515 5.073479175567627 51.17242009937763 250.6892029717565 15.97169998288155 108.6157436519861 138.853418007493 202.4633786901832 145.3714665547013 1.02881982922554 0.4550039246678352 0.07934827357530594 0.1031730175018311 0 0 0 0 0 0 0 0 2.597966834902763 0 0.359032079577446 0 0.09186162054538727 0.1189795285463333 0 12.00754743814468 4.925018809735775 0 2.157438844442368 0.2206365242600441 199.0940353497863 27.40052106976509 122.8036431148648 25.504169665277 1.902490071952343 0.1109471321105957 0.1107373014092445 0 0.4438977912068367 0.09919557720422745 1.113184437155724 0 0.6158846020698547 1.931872434914112 0 0 0.2729940190911293 1.171613529324532 0.5440324321389198 0 0.2944455742835999 0.09013339132070541 2.518000744283199 4.333783879876137 7.059711799025536 0.7752246037125587 4.377977810800076 61.34087713807821 12.36195959895849 0 0.2549264505505562 0 0 0 0 0 0 189.049945935607 0.2053739875555038 0.1002071127295494 0 0.4761176630854607 24.6269463673234 1.984127640724182 11.25696910917759 1.677078261971474 3.15221843123436 2.142309077084064 0.306933805346489 1.004373505711555 0.2528626322746277 0 0 0 0 0.07778839766979218 0.1877275630831718 0.09771809726953506 249.0418374910951 56.39293812960386 89.4986923635006 352.8409037813544 2.929962567985058 164.2889581695199 34.35345936566591 138.9143280684948 18.01407754421234 1.227920606732368 37.3006225079298 111.560018338263 0 13.15504036098719 2.836005300283432 149.5845444425941 1.814055860042572 1.762124359607697 0.3250154629349709 14.10046173632145 0.7782467901706696 426.7548251003027 192.359420388937
