66.03653959929943 1009.233891889453 207.5763162299991 961.433836966753 31.01932110637426 112.3654123991728 1363.285688757896 17.84969009459019 48.05054527521133 3411.418527700007 104.2360682338476 6.986132308840752 46.32630897313356 73.8841025903821 0 0 0 0 0 0 0 0 0 0 0 0 0 0 0 0 261.3860354050994 0.1687826812267303 0 0 0 0 0.2534588575363159 0 0 0 0 0 0 0 0 0 1.566798195242882 0.07171548157930374 0 0 0 0.1456367522478104 0 0 0.7766701951622963 1.798896752297878 110.8806250467896 519.3266120776534 24.52595292031765 1.880855873227119 0 0 0 0.7712483704090118 0.6677492186427116 0.3913307934999466 0.4402568265795708 0 0 0 4.102519392967224 1.933496177196503 0 10.64663932472467 3.180419772863388 0.1833428218960762 0.2892376258969307 0.07018911838531494 0 0.1880291476845741 0 0 2.50254175812006 0.07338489592075348 0.07440385222434998 0.8829384446144104 0 0 0.07080163061618805 0 0 0 0 0 0 49.43956179171801 2.432266101241112 0 0.5458474606275558 541.9113009646535 0 10.76497137546539 0 0 0.7202528417110443 3.313309282064438 8.878531023859978 0 61.15041950345039 30.0081038698554 0.1473606377840042 6.381819888949394 15.37971258163452 12.19703886657953 18.13975682109594 0 0 0 0 0 0 0 0 0 0 0 0 0 0 0 0 0 0 0 2.391598969697952 0 0 0 0 1.994829088449478 0 1.169673919677734 0 0 0 0 0 0 0 0 0 0.5603628754615784 0 0 0 0 0 0 0.116067536175251 0 0 0 0 0.2681104242801666 0 0 2.983904615044594 0.0838579535484314 0 0 0 0 0 0 0 0 9.759374409914017 0 0 0 0 3.838637635111809 0 0 0 0 0 0 0 0 0 0 0 0 0 0 0 20.49804347753525 0.3428274393081665 1.73574823141098 132.5570323839784 0.3709336370229721 6.650715552270412 1.152371175587177 330.2267946824431 0.4573500826954842 0 0 22.26147101819515 0 0.7152385711669922 0 68.35867813229561 0 0 0 0 0 270.1506376639009 10.41512879729271
1009.233891889453 2404.877163641155 1052.432162672281 486.3059187456965 3438.665718659759 5.435462892055511 6963.579716462642 179.6041293777525 2887.907391473651 1430.935263983905 1148.457004699856 8.338807590305805 785.764272108674 1069.853720646352 1.741804264485836 0.9041154906153679 1.207891918718815 0.07022775709629059 0 0.2173948809504509 0.1827004253864288 0 0 0.1270467191934586 0.4016318917274475 0 0.118971198797226 0.3470174819231033 0 0 903.2007629275322 21.1946577578783 3.773859031498432 0.3000643402338028 0.07032852619886398 0.09006591886281967 4.67772238701582 0.3304173648357391 0.08940606564283371 0.2730160653591156 0.08322999626398087 0.07909905165433884 0 0.593187004327774 0 0.4647632092237473 38.73122758418322 4.566806077957153 0.3826593682169914 0 0.9123101681470871 0 0 0.1865857988595963 13.7824457809329 23.13708836957812 131.2820625156164 1076.980694256723 71.23848478496075 29.87556614726782 0.6775039583444595 1.558378100395203 0.0847242996096611 105.6947789043188 13.14036003872752 6.966869805008173 6.964901141822338 1.985760994255543 0.08562473952770233 0 0.662208117544651 0 0 107.6010501682758 146.2126408815384 14.27575895935297 16.06730058789253 2.670469775795937 2.264906011521816 18.82235622406006 0.1596554964780807 4.589032612740993 37.3510814756155 2.371837198734283 2.768560275435448 17.82704023271799 0.7788179963827133 0.102962926030159 1.635658971965313 0 0.320484846830368 0 0.2171764597296715 0.2897015139460564 0.08333965390920639 2.8001973554492 0.4295676797628403 0 0.1231363788247108 151.6370860636234 0.1782075166702271 0 0 0 0.1593532264232635 7.420572780072689 0 0 15.89953784644604 4.943222902715206 0.2375470995903015 1.065073907375336 3.486179925501347 3.801421001553535 7.061668962240219 0 0 0 0 0 0 0 0 0 0 0 0 0 0 0 0 0 0 0 0.1411877274513245 0.9788874536752701 0 0 0.4329230338335037 2.488257564604282 0.1546773761510849 2.576890930533409 0 0.2096587046980858 0 0.08229564875364304 0 0 0 0 0 0 0.1063229143619537 0 0 0 0 0 0 0 0 0.0874297171831131 0.1068936735391617 0 0 0 1.812199480831623 0.1410813927650452 0 0.06077262759208679 0 0 0 0 0.1005006954073906 0.09133802354335785 3.997236043214798 0 0 0 0.09692065417766571 0.6581999212503433 0 0.1138984709978104 0.1131132170557976 0 0 0 0 0 0.07077151536941528 0 0 0.2197252064943314 0 0 0 10.14459940046072 0.4459757804870605 1.101951867341995 68.20362167060375 7.194321624934673 226.4470556750894 40.19820647314191 68.21195657551289 11.91566134244204 1.44492444396019 3.457412488758564 1.68202193826437 0 0.5215130299329758 0 6.257958397269249 0 0 0 0.920722633600235 0 103.4808251783252 1.831054762005806
207.5763162299991 1052.432162672281 360.0290030986071 0.8710143715143204 1557.249483294785 0 181.2518828436732 3001.943101592362 814.8033230006695 154.9537434726954 3164.572473317385 7.665676303207874 156.5303318053484 1575.019039668143 3.213862575590611 5.625355616211891 3.053381934762001 0.2020925879478455 0.0919988676905632 0.1879189908504486 1.096955269575119 0 0.6739362999796867 0 3.13807038962841 0.3744175136089325 0.2526142150163651 0.2724996507167816 0 0.4807974845170975 2556.789068285376 156.1585608199239 47.26438339054585 7.30257722735405 8.748231157660484 4.340787872672081 23.29516793787479 4.727446772158146 0.3631476908922195 1.0046656280756 0.2790617942810059 0.4566875025629997 0.7197772860527039 2.175692871212959 0.2093413099646568 2.313313342630863 11.79093556106091 0.9121860414743423 0.1852623298764229 0.465382307767868 0.8784607499837875 0 0 0 1.581166625022888 1.366098884493113 19.13666293770075 944.5322368815541 12.16253258660436 3.872259736061096 6.500556610524654 47.42272824794054 5.593910120427608 144.7072216048837 0.675236202776432 0.6278396099805832 1.085954271256924 0.7427211329340935 1.348906338214874 1.442060224711895 4.270632565021515 0.1174073293805122 0 11.99135401844978 17.70788227394223 7.782653726637363 11.82463409006596 8.461153380572796 201.8408505991101 579.1576600894332 5.49316431581974 171.2754738926888 3.495898447930813 0.1977119073271751 0.4121313318610191 1.451294060796499 0 0 0.2258521541953087 0 0.09908457100391388 0.06936553865671158 3.397036157548428 0.3352524936199188 0.1100839599967003 1.291036456823349 0 0 0 86.94587245583534 0 1.104756057262421 0.2889852225780487 0.3214428424835205 0.6670300737023354 0 0.3284818828105927 0 1.489255785942078 5.216056548058987 0.120974138379097 1.386816211044788 2.972011350095272 2.999103896319866 6.042380847036839 0 0 0 0 0 0 0 0 0 0 0 0 0.1175368949770927 0 0 0 0.09637407213449478 0 0 1.147495590150356 0 0 0 0.1049724742770195 3.022193543612957 0.5117785558104515 1.391727805137634 0.7723408713936806 0 0 0 0 0 0 0.09271044284105301 0 0 0.09941511601209641 0 0 0 0.346965566277504 0.09353972971439362 0 0 0 0 0.3132242113351822 0 0 0.1292046159505844 1.469436690211296 0.1990809440612793 0 0 0 0 0 0 0 0.1072833463549614 3.776947543025017 0.3187553584575653 0 0 0.09379928559064865 0.7415372505784035 0 0.6384306028485298 0 0.5332787856459618 0 0 0 0 0 0 0 0 0 0 0 8.050682008266449 0.4978085234761238 2.6471928358078 41.05659335106611 1.985533706843853 49.47915557771921 14.63262096047401 11.11812940239906 1.405796751379967 0.2327401265501976 2.383599907159805 0.5696810781955719 0 0.2521433457732201 0.1105609834194183 5.698610797524452 0 0 0 1.201377473771572 0.1184324696660042 19.09269569069147 2.422892637550831
961.433836966753 486.3059187456965 0.8710143715143204 135.6629204750061 1.034964203834534 128.6736609190702 1354.648699894547 0.2639753296971321 34.943573795259 975.4193624705076 2.801388867199421 0.4570125341415405 57.94025832414627 38.72196970134974 0 0 0 0 0 0 0 0 0 0 0 0 0 0 0 0 101.5668551251292 0.335968904197216 0.1535129100084305 0 0 0 0.1448782533407211 0 0 0 0 0 0 0 0 0.06596394628286362 2.549475587904453 0.3110686466097832 0 0 0 0 0 0 1.365576684474945 1.005960762500763 23.56993647664785 190.8989677727222 11.4522914737463 2.640573441982269 0.1765267923474312 0 0 3.097603388130665 0.6094979792833328 0 0.3338240087032318 0 0 0 0.1612852513790131 0 0 8.269496709108353 7.396429859101772 0.8702710270881653 0.3091010674834251 0.06645409017801285 0 0 0 0 3.461994953453541 0.08115889132022858 0.06692370027303696 1.005508869886398 0.1001970246434212 0 0.08178047090768814 0 0 0 0 0 0 4.817967668175697 0 0 0 241.2376825362444 7.007811844348907 7.879291616380215 17.93181619793177 13.65464416146278 0.1966650187969208 7.228565216064453 2.665167719125748 3.411296978592873 18.72376195341349 31.39732403308153 0 0.796271413564682 1.678474947810173 0.1599543541669846 0.5697209239006042 0 0 0 0 0 0 0 0 0 0 0 0 0 0 0 0 0 0 0 1.241003811359406 0.1601786687970161 0 0.08409262448549271 0 0 0 0.08676338940858841 0 0 0 0 0 0 0 0 0 0.2293715924024582 0.1750348880887032 0 0 0 0 0 0.08926274627447128 0.2351798638701439 0.07391297072172165 0.4029134660959244 1.132516592741013 0 0 0 0.5468748807907104 0.8404842615127563 0.07542433589696884 0.2082834616303444 0 0 0 0 0 0 0 0 0 0 0 0.07792968302965164 0 0 0.625681646168232 1.106197915971279 0 0 0 0.07182467728853226 0 0 0 0.1091682836413383 0 0 0 1.604382649064064 0 0 4.914394848048687 0.3286071047186852 9.379454538226128 1.168186694383621 63.10417520999908 0.3789644837379456 0.3842281699180603 0.3791485726833344 2.022795230150223 0 0.7281336337327957 0 4.890679627656937 0 0 0 0 0 42.76316978037357 0.2404410168528557
31.01932110637426 3438.665718659759 1557.249483294785 1.034964203834534 2305.8500803262 0 1436.586257211864 67.17389770597219 2566.0079318434 220.8505151942372 2185.128353670239 1.350030846893787 301.6009654030204 331.4291832409799 0.6256429180502892 0.3786909058690071 0.5056267231702805 0 0 0 0.1600887626409531 0 0 0 0 0 0 0 0 0 115.8185374364257 5.966448672115803 1.386890582740307 0.1687926203012466 0 0.11468455940485 0.5771434977650642 0.1880324333906174 0 0.08368716388940811 0 0 0 0 0 0.1701110601425171 6.514019586145878 0.9960190504789352 0.1166360974311829 0.08892963826656342 0 0 0 0 0.7832421585917473 2.700562112033367 9.32691340893507 59.9464945718646 4.665921919047832 3.075162410736084 0.08499737083911896 0.2414998784661293 0.07688718289136887 15.66669501364231 0.7145810015499592 0.2892554625868797 0.9760527834296227 0.1515468284487724 0 0 0.767473578453064 0 0 7.851661428809166 17.78641094267368 2.332883559167385 3.7829504981637 0.1752207055687904 0.2483315840363503 5.988620489835739 0.1464660987257957 0.9237895756959915 3.649980433285236 0.2558539286255836 0.2325001806020737 2.189221333712339 0.06950180977582932 0.08962615579366684 0.06184136494994164 0 0.0698016956448555 0 0 0 0.09395252168178558 0.1235291883349419 0.1059036254882812 0 0 3.345663547515869 0 0.08860862255096436 0 0 0 0.2947096228599548 0 0 0.150932714343071 0.1038130968809128 0 0.2275368571281433 0.6583971679210663 0.4427319020032883 0.3869847282767296 0 0 0 0 0 0 0 0 0 0 0 0 0 0 0 0 0 0 0 0 0 0 0 0 0 0 0.2540160641074181 0 0 0 0 0 0 0 0 0 0 0 0 0 0 0 0 0 0 0 0 0 0 0 0 0 0 0 0 0 0 0 0 0 0 1.700755193829536 0.09471818059682846 0 0 0 0 0 0 0 0 0 0 0 0 0 0 0 0 0 0 0 0.8264444917440414 0 0.1971310526132584 17.13824267685413 1.412994794547558 39.0575408488512 9.897993341088295 6.141663745045662 3.456542976200581 0.1092372760176659 0.8743000030517578 0 0 0 0 0 0 0 0 0.2637075930833817 0 9.833834066987038 0.1262986063957214
112.3654123991728 5.435462892055511 0 128.6736609190702 0 3.390505075454712 1.290641412138939 0 0.8897136449813843 492.6305389478803 0.09994000196456909 45.89687649905682 23.10091768205166 7.415749810636044 0 0 0 0 0 0 0 4.911598891019821 0 0 0 0 0 0 0.7596991658210754 0 18.35072054713964 0 5.360124528408051 0 0 0 8.500563681125641 0.4901576638221741 4.282292127609253 0.3016822040081024 0 0 0 0 0 0 0.2068947479128838 0 0.157136082649231 0 0 7.538782820105553 16.36801931262016 0.2027871757745743 0 0.2241511419415474 103.1162845641375 34.69806461036205 5.531049236655235 0.1116840466856956 0 0.1917668879032135 0 0 0.07191503793001175 0 0 0 0 0.1661590337753296 79.0437780842185 57.60640372335911 8.014839753508568 0.3992369920015335 0 0 0.0932687446475029 0 0 0.4428171813488007 0 0 0.2558641135692596 1.169566333293915 0.1020349636673927 0.5181438028812408 0 2.652592673897743 0 6.632096625864506 0.1417596638202667 0.2610095217823982 0 0 0.2634122371673584 147.2856012880802 66.25624422729015 10.19341087341309 11.41828235238791 186.8443426266313 0 3.831221163272858 0 0 0.1544547826051712 0 7.220567643642426 0 3.726584911346436 11.50846081972122 0.1479278951883316 1.743392556905746 6.61988753080368 6.428580977022648 5.78566412627697 0 0 0 0 0 0 0 0 0 0 0.4384306967258453 0 0 0 0 0.1844263970851898 0 0.2451488375663757 0 0.3953738212585449 0.2101947367191315 0 0 0 0.5491291284561157 0 0.8755333572626114 0 0 0 0 0 0 0 0 0 0 0.3795487880706787 0 0 0 0.1300327926874161 0 0 0 0 0 0 1.174818426370621 0 0 0.5839228332042694 0 0 0 0 0 0 0 0 0 3.162091545760632 0.4811908155679703 0 0 0 0.6041847169399261 0 0.8087309598922729 0 0 0 0 0 0 0 0 0 0 0 0 0 11.17388612031937 0.4395309463143349 0.2473926320672035 6.284760385751724 0.2660052478313446 0.3871335908770561 0.1145629659295082 78.71141473948956 0.74462029337883 0.2726043164730072 0 1.859476029872894 0 0 0 12.62423506379128 0 0 0 0 0 143.4478456154466 2.953559458255768
1363.285688757896 6963.579716462642 181.2518828436732 1354.648699894547 1436.586257211864 1.290641412138939 732.6523563079536 62.09169261902571 2041.859067153186 1594.622155856341 645.7204278483987 4.988427594304085 1612.071780078113 2421.236241266131 2.999015882611275 0.8690443634986877 1.693069837987423 0.0658796951174736 0 0 0 0 0.07201861590147018 0 0.2373505979776382 0.09383673220872879 0 0.2268894091248512 0.09820523858070374 0 232.5702409222722 11.3567650616169 1.045808251947165 0.1766252070665359 0.08846837282180786 0.08786167949438095 0.2165843471884727 0.6429858207702637 0 0.07975050061941147 0 0 0 0 0.2988320589065552 0.2387851923704147 38.05541292577982 4.502843335270882 0.6000741980969906 0.3786182552576065 0.3845561966300011 0.1140163689851761 0.1210957616567612 0.08322730660438538 10.2287680581212 15.610878970474 60.72604560852051 445.0780232101679 42.54888466745615 21.6607468649745 0.9324654042720795 0.6416293308138847 0.09541559219360352 80.2751227170229 10.41340920329094 4.63985576108098 6.673525709658861 1.487007033079863 0.3189920037984848 0.0973755270242691 1.888860911130905 0 0.08845102787017822 68.35850767046213 113.3009013682604 14.53390315920115 14.95295365154743 2.439105361700058 1.435019314289093 2.184693239629269 0.4126833453774452 1.320962242782116 30.39902443811297 1.152312904596329 3.024285174906254 14.58324801176786 0.544732853770256 0.1609533280134201 1.122964315116405 0.07333134114742279 0.3474217653274536 0.09416308254003525 0.237542487680912 0.2746368646621704 0 1.458810724318027 0 0 0.1834926456212997 40.33463498204947 2.391754992306232 0.356104351580143 5.163033477962017 7.138951897621155 0.4028046354651451 3.231506310403347 0.2471581324934959 0.3818245232105255 39.9469460695982 7.366857588291168 0.2591883838176727 5.319845087826252 2.325723208487034 1.623529896140099 3.571175970137119 0.1174168884754181 0 0 0 0 0 0 0 0 0 0 0 0 0 0 0 0 0 0 1.031229808926582 0 0 0 0 1.412439629435539 0 2.601939924061298 0.4725084155797958 0 0 0 0 0 0 0 0 0.1702582910656929 0.2117828279733658 0 0 0 0 0 0 0.07895918935537338 0 0.481747180223465 0.6385722160339355 0.07689261436462402 0 0 1.312026716768742 0.2778214663267136 0.1140933930873871 0.08455430716276169 0 0 0 0.0840490385890007 0 0 2.472120225429535 0 0 0.1048376709222794 0.07620520144701004 0.9189784973859787 0 0.2795535698533058 0.3050503879785538 0.2815668284893036 0 0.1364550739526749 0 0.1578464657068253 0.06593753397464752 0.07305912673473358 0 0 0 0.1024897694587708 0 3.32971878349781 0.4259463623166084 0.7609745934605598 64.77155665308237 7.502299427986145 212.4516865685582 44.9032756946981 58.95323979854584 11.49655182659626 0.8987397253513336 4.582733944058418 2.116674318909645 0.09018574655056 0.1731734424829483 0 1.699809372425079 0 0 0 1.210894055664539 0 64.58745937049389 1.603282816708088
17.84969009459019 179.6041293777525 3001.943101592362 0.2639753296971321 67.17389770597219 0 62.09169261902571 401.9806046150625 500.4633685871959 78.51053496450186 2459.157320775092 7.626194640994072 76.46151480078697 900.644910171628 12.62148756533861 13.50481197983027 9.256714101880789 2.594151958823204 0.08411097526550293 0.8478012233972549 6.210775353014469 0.1305149644613266 2.673118427395821 1.485455401241779 16.79010458290577 1.924297794699669 1.582051172852516 1.650939501821995 0.3662515580654144 0.2904493361711502 1778.021456710994 1087.535250850022 141.4409787915647 37.17639948427677 44.73367895931005 23.63147220760584 34.18800849467516 15.64327652752399 0.5956012755632401 1.418305225670338 2.532673627138138 1.564199723303318 2.936732701957226 5.673499837517738 2.277878858149052 17.75545474886894 55.56589092314243 2.590258322656155 2.937867693603039 6.807163320481777 3.268784388899803 0.1145518869161606 0.1040228232741356 0.5466180592775345 3.80346904695034 5.188974123448133 23.2208783775568 478.9990490563214 20.68286506459117 16.32986800372601 66.94553411006927 294.0486033111811 24.18958227336407 351.3013308495283 3.207012735307217 3.263187229633331 3.197591930627823 4.769119251519442 4.534088250249624 8.245908044278622 10.42225061357021 0 0.1217434331774712 34.43074458837509 98.73191885277629 28.96164008229971 69.84578666836023 123.4042385220528 1270.170965082943 1560.489240542054 42.8492813333869 1271.437323927879 12.16994446516037 0.9253732413053513 1.947527274489403 5.019092105329037 1.425334386527538 0 0.7809131592512131 0.1287592202425003 0.07507621496915817 0 20.96882861852646 7.49417781829834 1.14883828163147 0.3034649342298508 0 0 0.1235200688242912 20.5500383451581 0 0 0 0 0 0.3060586452484131 0 0.3326298296451569 1.098154693841934 0.3397156596183777 0.75621397793293 0 0.6771094501018524 0.7186672762036324 1.210356116294861 0.1017145067453384 0 0 0.4611576944589615 0 0 0 0 0 0 0 0 0.5178624019026756 0 0 0.1297121345996857 0 0.09722241759300232 0.1275641024112701 0 0.4899750649929047 0 0.2694612294435501 0 0.9847512766718864 0.6088877469301224 1.534013189375401 1.153699032962322 0.1182194277644157 0.1015864536166191 0 0 0 0 0 0 0 0 0 0 0.1733989268541336 0.2029869332909584 0.3235941976308823 0 0 0 0 0.08648344874382019 0 0 0 0.4936503916978836 0 0 0 0 0 0 0 0.1715692132711411 0.2242898717522621 1.692166887223721 0.1013965755701065 0.3987391889095306 0 0.1577083170413971 0.5634414926171303 0 0.5871686115860939 0 0.257204033434391 0 0 0 0.1163322627544403 0.06094998493790627 0 0 0 0.2834804728627205 0 0.1075194925069809 2.553083300590515 0.3889325261116028 2.665764003992081 123.3225440233946 6.112488105893135 198.1456219106913 65.36720435321331 21.95917145907879 15.93632481992245 0.4856158718466759 9.670603878796101 1.952153600752354 0 0.4681817218661308 0 3.090981721878052 0 0.1362284123897552 0.1575654000043869 7.952344186604023 0.1160291135311127 22.66183007508516 0.951252855360508
48.05054527521133 2887.907391473651 814.8033230006695 34.943573795259 2566.0079318434 0.8897136449813843 2041.859067153186 500.4633685871959 1078.322813846171 1450.761755801737 1784.583113603294 8.524737805128098 1272.389898300171 924.2661589384079 3.76723176240921 1.523345522582531 1.819935038685799 0.1709910184144974 0.1167934536933899 0 0 0 0 0 0.06632743775844574 0.1119433268904686 0.1772946864366531 0.2688663303852081 0.1206911355257034 0.09476571530103683 317.2332271188498 19.01785735785961 2.173262886703014 0.1726868003606796 0 0.1866605505347252 1.281534016132355 0.2113982364535332 0.2737407237291336 0.09530662000179291 0 0.08896241337060928 0 0.6307457089424133 0 0.428022988140583 43.55752382427454 2.116836041212082 0.2467520795762539 0.1647598743438721 0.5174902155995369 0.100182369351387 0.1493459045886993 0.1169211864471436 7.18075630068779 12.48778517171741 34.55897255986929 216.6423731669784 27.5452421233058 15.35886731743813 0.7068915665149689 0.6817941665649414 0.1383188664913177 60.03850258141756 5.716923944652081 3.262318193912506 2.905473701655865 1.132561601698399 0 0 0.3517931029200554 0.09248723089694977 0 39.31388104707003 76.28075515478849 13.61871959269047 15.35462134331465 2.834275409579277 1.670736860483885 4.774002656340599 0.6246902905404568 2.224849201738834 18.47618156671524 0.8391227200627327 1.017991840839386 9.39246866106987 0.3182900920510292 0 0.8971143811941147 0 0.2710695639252663 0 0.2150271385908127 0.4621458947658539 0.1249600201845169 2.675441339612007 0 0 0 19.69290871173143 0 0.1026644930243492 0 0 0.109751895070076 0 0 0 0.8853767663240433 5.535096421837807 0.1934438347816467 0.7639075145125389 1.536835998296738 2.620469890534878 2.75899513810873 0.08026871830224991 0 0 0 0 0 0 0 0 0.1414058804512024 0 0 0 0 0 0 0.1084063574671745 0 0 0.2747872546315193 0 0 0 0 2.142259106040001 0 0.5070861577987671 0.1291734874248505 0.3188625574111938 0 0 0 0 0 0 0 0 0.2913948148488998 0 0 0 0 0 0 0 0 0 0 0.5898680686950684 0 0 2.326829381287098 0.37238410115242 0 0 0 0 0 0 0 0 2.181406505405903 0 0.1206210255622864 0 0 1.105927169322968 0 0.2300649434328079 0 0 0 0 0 0 0 0 0 0 0 0 0 5.347504436969757 0.4422773420810699 0.7728654518723488 79.0133780092001 5.413313060998917 209.3748126812279 49.88308623433113 57.81231901794672 17.71989798545837 0.8110918775200844 8.867934450507164 1.501578196883202 0 0 0 4.774134337902069 0 0 0 2.170550875365734 0 50.77387277781963 1.604107029736042
3411.418527700007 1430.935263983905 154.9537434726954 975.4193624705076 220.8505151942372 492.6305389478803 1594.622155856341 78.51053496450186 1450.761755801737 2979.87450722605 341.9187481552362 1144.167555958033 13033.50161666051 2521.303691580892 6.456984296441078 2.511540777981281 2.260565228760242 0.3020839542150497 0 0 0.0941188633441925 0.08368535339832306 0.2017365917563438 0.08765235543251038 1.386037290096283 0 0.5373582243919373 0.2270952686667442 0.1218587160110474 0 440.1776922419667 6.123495079576969 92.70347926020622 0.3305962234735489 0.1089992448687553 3.350783064961433 168.7006567120552 5.010030098259449 16.63090921193361 0.3927911445498466 0.2974821403622627 0.1008554622530937 0 1.092970564961433 0.08352797478437424 0.4227922633290291 67.79885737970471 6.834682330489159 1.080141767859459 0.2224090993404388 1.206193581223488 0 0 0 20.56824202090502 33.56226437538862 423.3051554858685 1433.40194568038 149.0731951110065 44.71857083588839 0.622558519244194 4.951843455433846 0.3612548857927322 64.51965056359768 18.18083475157619 7.658501397818327 12.11477143317461 2.738107673823833 0.09676665812730789 0.1182527840137482 438.7134917005897 0.872814729809761 0.1081312000751495 139.0851777046919 139.8857274726033 18.16050866991282 18.59059944748878 2.235847376286983 2.417942322790623 16.45309783890843 1.045889399945736 6.963142275810242 56.49087595939636 4.306447401642799 4.291710868477821 24.325234554708 0.8791600242257118 0.08168045431375504 2.090232394635677 0 0.3302190378308296 0 0.1082123667001724 0.3107058629393578 0.09952463954687119 324.773090749979 36.59114289283752 0 17.65801094472408 1537.632581733167 1.257311061024666 14.3800555318594 4.392691284418106 2.429384782910347 7.668954096734524 6.633805677294731 21.54494678974152 6.099530592560768 86.62690304964781 147.2686819061637 14.22193957865238 59.24988604336977 83.46686401218176 82.79885144531727 104.6798607707024 0.49026770144701 0 0 0 0 0 0 0.1250050365924835 0 0 0 0 0.1808527261018753 0 0 0 0.100074015557766 0.2742618918418884 0 3.181861579418182 4.972538039088249 0 0 0.5348161458969116 36.8780617415905 3.896250799298286 33.20708760619164 7.458553597331047 0.3084802329540253 0 0 0 0 0 0 0 0.2705601155757904 0.127680316567421 0.08433795720338821 0 0 0 0 0.1492912098765373 0 0.06522210687398911 0.08796195685863495 1.060777708888054 3.090641230344772 0.5194404199719429 0.07824321836233139 25.83283155411482 6.838314488530159 0.1603448763489723 0.2458490319550037 0 0 0 0.08624377101659775 0 0 73.39017980545759 1.433261655271053 0 0 0 26.29473386704922 0 9.227400690317154 0.7884672358632088 2.06842540204525 0.5462979525327682 0.2683254405856133 0.09618697315454483 0 0 0 0 0.1063078567385674 0 0.1082118004560471 0 168.2460878267884 7.417882479727268 27.71844051033258 301.5961432233453 13.53956374153495 358.1540061682463 98.50241293758154 880.947797358036 34.70944997668266 5.831995248794556 15.14715611934662 60.17856849730015 0.5709134340286255 3.141621813178062 0.4859484359622002 118.8880110383034 0.2671022415161133 0.6619581878185272 1.367653928697109 2.973870642483234 0 943.8849192112684 61.0376284122467
104.2360682338476 1148.457004699856 3164.572473317385 2.801388867199421 2185.128353670239 0.09994000196456909 645.7204278483987 2459.157320775092 1784.583113603294 341.9187481552362 978.2536155283451 17.42768266052008 1077.905202046037 1704.917375251651 10.69381589442492 7.881470866501331 6.314254410564899 0.5803281366825104 0.5757863074541092 0.08501981943845749 0.5005553066730499 0 0.56761834025383 0.1369347274303436 3.10785186290741 0.9320304691791534 0.420969732105732 0.540061354637146 0.2875987440347672 0.1000138893723488 1247.819351006299 310.3534786701202 182.5507991909981 3.403420455753803 6.042004182934761 5.796808905899525 68.4025412350893 27.51904638111591 1.462634280323982 1.177667275071144 0.5897854864597321 0.30182845890522 0.1530331075191498 2.858098171651363 0.7120621800422668 1.563944987952709 62.31624042987823 2.732948496937752 0.5593942180275917 1.23129541426897 1.022815853357315 0 0.3597480952739716 0.3346155658364296 4.770930901169777 9.767095990478992 32.92388831451535 328.0194222405553 27.20465166121721 19.28903484717011 2.99010306596756 158.4428283721209 3.147402793169022 116.6498372554779 5.112467434257269 2.32367330044508 3.997934099286795 1.85442603379488 0.9349164739251137 0.20888751745224 20.10599971562624 0 0.1166621148586273 39.02293020114303 90.0592563226819 27.1654554978013 37.22098693996668 13.99737546592951 182.6752890273929 1962.28595392406 5.193089962005615 374.9525115825236 17.82746183127165 0.5709240660071373 1.983081616461277 7.625611666589975 0.6246214881539345 0.07160207629203796 0.9714135900139809 0.08806821703910828 0.4990750029683113 0.06260408461093903 1.871056638658047 0.806569330394268 0.0807236060500145 2.143630266189575 0.3854598551988602 0 0.1719381660223007 23.55799204856157 0.3934447541832924 0.6692610383033752 0.486035019159317 0 0.6988986134529114 0 0 0 0.5913858413696289 3.353276446461678 0.5644939243793488 1.019824057817459 2.4663440361619 2.196265608072281 3.827792122960091 0 0 0.1198078542947769 0 0 0 0 0 0 0 0 0 0 0 0 0 0 0 0 0.2036558762192726 0.1079025566577911 0 0.1678290218114853 0 2.143266879022121 0 0.8235130533576012 0.6043963059782982 0.1196083724498749 0 0 0 0 0 0 0 0 0 0 0.1974605321884155 0.1821798011660576 0.1133847907185555 0 0 0 0 0 0 0 0 0 2.47469699382782 0.1073600798845291 0 0 0 0 0 0.1120998337864876 0 0 2.830128125846386 0.2201070114970207 0 0 0 1.041476920247078 0 0.3655636310577393 0 0.09798135608434677 0 0 0 0 0 0.1215233728289604 0 0 0 0 0 3.138989485800266 0.5060837268829346 0.897464781999588 172.8326498270035 7.79130832105875 263.9655327610672 84.92027141153812 75.16023752838373 25.16569047421217 1.333322502672672 19.23985429853201 1.745258286595345 0 0.1524422466754913 0.1297763735055923 3.972435623407364 0 0.150525227189064 0.08150742948055267 5.366384841501713 0.9651500135660172 41.55115152150393 1.989672787487507
6.986132308840752 8.338807590305805 7.665676303207874 0.4570125341415405 1.350030846893787 45.89687649905682 4.988427594304085 7.626194640994072 8.524737805128098 1144.167555958033 17.42768266052008 203.7301781624556 2257.915128014982 277.3262629657984 8.631077311933041 9.097339011728764 2.640254251658916 0 0.2131196781992912 0 0 0 0.1140743345022202 0.197517529129982 10.17547041922808 0.6817892417311668 0.5892519950866699 0.1586377173662186 0 0 11.12766739726067 9.976360656321049 118.0432644113898 1.887007497251034 2.726290374994278 10.16967588663101 594.6577448248863 28.42210123687983 53.40539539605379 5.019373387098312 0.09444330632686615 0.7186641693115234 0 2.286217331886292 0.1013843044638634 0.4878842383623123 20.35268367081881 0.4580665677785873 0.1944889351725578 0 0 0.3322756886482239 0.1980276703834534 0.1390571296215057 1.809604689478874 0.4112857356667519 12.56129805743694 8.46863217651844 4.137359142303467 5.013259433209896 1.298449747264385 8.052229389548302 1.868377678096294 9.268828965723515 0.3515095263719559 0.273694671690464 0.3238243721425533 0 0.252015084028244 0.2777965888381004 308.7707781717181 5.879779368638992 0.1614353060722351 5.89817388355732 13.80016233026981 10.04853842407465 13.40949323773384 7.784630127251148 5.254352834075689 29.44499197602272 1.355224527418613 8.167951345443726 2.906924396753311 0.07426175475120544 0.2296905815601349 0.6088216789066792 0.2463760003447533 0 0.07752880454063416 0 0 0 0.6895468011498451 0.8618493005633354 0 489.1411084830761 15.2170100286603 0 19.53937114030123 65.41184294968843 1.806866116821766 7.817905783653259 0.9229523614048958 0.9813663363456726 7.047535009682178 0 7.627724997699261 0.1537415236234665 40.84266056865454 117.4033946990967 7.518449179828167 36.85716336220503 70.56323111057281 72.48560296744108 144.5665985196829 1.271002165973186 0.3150800094008446 0.2673337161540985 0.1982174143195152 0 0 0 0.171838790178299 0 0 0 0 1.780251055955887 0.150495857000351 0.2125473022460938 0 0 0.1738672405481339 0.1124955043196678 5.733267113566399 5.695006623864174 0 0.5458970367908478 0 70.05788706243038 7.345270730555058 52.30205105990171 11.04534129053354 0.7184457927942276 0 0 0 0.2466881945729256 0 0 0 1.838077619671822 1.958868652582169 0 0 0.09954787045717239 0.4981155917048454 0.1279013156890869 0.1278111785650253 0.1855945661664009 0.1172592490911484 0.5232280045747757 2.324968032538891 2.172475911676884 0.3841975927352905 0.4719805493950844 40.98847894370556 6.761411488056183 0.3314399272203445 0.07877978682518005 0.07870693504810333 0 0.09479557722806931 0.09449460357427597 0 0 107.8777339980006 5.426224865019321 0.3062696307897568 0 0 24.6955856308341 0.08063493669033051 12.69483570754528 1.975991234183311 0.9929656982421875 0.7060757279396057 0.4000622034072876 1.326283611357212 0.07401858270168304 0 0 0.1209157481789589 0 0 0.1141710132360458 0 200.094666980207 19.62254069745541 56.14326666295528 192.0940221473575 3.592285946011543 74.9808858782053 33.36762233823538 143.9818923175335 5.464082419872284 1.437080025672913 4.468557447195053 46.14633084833622 0 6.330870553851128 1.243395335972309 71.27670480310917 0.3227638974785805 0 0.6850372925400734 7.259115725755692 0.2370679974555969 693.0407084003091 72.50008745491505
46.32630897313356 785.764272108674 156.5303318053484 57.94025832414627 301.6009654030204 23.10091768205166 1612.071780078113 76.46151480078697 1272.389898300171 13033.50161666051 1077.905202046037 2257.915128014982 1692.048824883997 1820.830199345946 14.04845408350229 17.25589807331562 7.747216396033764 0.5902269408106804 0.2630619779229164 0.1159916296601295 0.590351939201355 0.2447871565818787 0.2794095203280449 0.4248066693544388 17.07860293239355 0.485226072371006 0.7377022951841354 0.7500325068831444 1.191445745527744 0.1999459639191628 129.4392449781299 27.54081459715962 355.6715469732881 3.284149453043938 9.17237514257431 21.80900897830725 639.635500125587 40.67119181901217 65.31193438917398 10.24472554773092 0.7277023494243622 0.7200892418622971 0 4.252202339470387 0.1948188245296478 1.142037637531757 68.18327417224646 1.401703536510468 0.1038379967212677 0.3508358895778656 0.1814925819635391 0.7876174747943878 2.751620970666409 0 3.297713734209538 5.486033327877522 26.42798990011215 95.90862096101046 21.48715413361788 18.00325565412641 5.300689190626144 55.18126451969147 3.366575375199318 39.99370227754116 3.612673256546259 1.958256274461746 3.419786188751459 1.406410954892635 0.3853349313139915 0.6204759925603867 557.5495311841369 10.13025592267513 0 29.41383159160614 54.93036368489265 27.03509060293436 30.46819557994604 14.29011831432581 27.43415352702141 173.5448215827346 3.699228912591934 61.96105513721704 11.36349177360535 0.5329916179180145 1.233089298009872 3.445001021027565 0.1587310582399368 0 0.2780955359339714 0 0.1663979217410088 0 1.649698033928871 1.153143838047981 0.1345790475606918 638.5209803804755 20.7214240282774 0.6432627439498901 31.39133808016777 52.90533576160669 2.079327903687954 6.4361836835742 1.030688874423504 1.090019233524799 11.66172552853823 6.282368682324886 8.580465577542782 5.79389788210392 171.8468199074268 120.2432146593928 11.74765991419554 66.90589541941881 86.93953134864569 149.9920996874571 146.3184446692467 1.048783399164677 0 0 0.2258719503879547 0 0 0 0.1226865947246552 0 0 0 0.1757663786411285 1.118357002735138 0 0 0.1777111440896988 0.0945819616317749 0.265116810798645 0.6709669828414917 9.605359889566898 4.578379236161709 0 1.195636466145515 0.1097698211669922 69.29344016313553 7.724437296390533 57.76466669887304 12.24157757312059 2.588781543076038 0 0.1572234183549881 0 0.3483514115214348 0.1026494950056076 0.2218253314495087 0 1.342863515019417 2.812694780528545 0 0 0.2311884164810181 1.004298850893974 0 0.1458860039710999 0 0.08626054227352142 0.63182432949543 3.055539041757584 0.995399184525013 1.824723243713379 0.3417146652936935 37.5595563724637 9.237306319177151 0.3351627439260483 0.2294420525431633 0 0 0 0.2033444195985794 0 0.180014044046402 102.7922016680241 5.325195237994194 0.2670676782727242 0 0 32.53002119809389 1.532307639718056 16.05346662551165 1.93670941144228 2.122515454888344 1.01145351678133 0.4032691419124603 0.1744136735796928 0 0 0.2718605995178223 0 0 0 0 0 198.2813832908869 20.25684782862663 66.63333769887686 393.1712549328804 6.777872070670128 253.3855222761631 95.17176543176174 181.3175375312567 21.97467489540577 0.5574757158756256 19.74387539178133 42.64453576505184 0 8.756174050271511 1.46161213517189 84.02728133648634 0.9996944442391396 0.3388987332582474 0.3532075807452202 11.33381110429764 0.1542591601610184 494.0307879820466 66.71438783407211
73.8841025903821 1069.853720646352 1575.019039668143 38.72196970134974 331.4291832409799 7.415749810636044 2421.236241266131 900.644910171628 924.2661589384079 2521.303691580892 1704.917375251651 277.3262629657984 1820.830199345946 640.9313867613673 32.45277559757233 32.65195808559656 22.95654977858067 1.426121085882187 1.521344862878323 0.7508073821663857 1.075899727642536 0.2006187736988068 1.636759169399738 0.6308975145220757 18.63517030328512 2.219749167561531 2.225483268499374 1.230517111718655 0.2977440506219864 0.6716480404138565 954.6450508609414 153.1024525910616 869.4146135672927 7.617543809115887 15.05813597142696 39.31284997612238 887.0661045461893 131.83190677315 35.48111911863089 23.61454705893993 0.3735596090555191 0.9850027859210968 0.4279250428080559 10.03744020313025 1.500490088015795 4.075116604566574 147.5497925952077 3.433057889342308 0.8051062524318695 1.199652627110481 0.8159909173846245 0.4789893701672554 1.603476792573929 0.9101066067814827 8.525605913251638 14.24777844920754 52.59268509224057 398.0382725968957 53.20636840909719 46.23212543129921 9.337093129754066 132.828813791275 9.232854031026363 138.5021920017898 6.801475062966347 5.771963559091091 5.417718447744846 1.950654111802578 1.488580815494061 1.386131808161736 334.4441135898232 3.832027539610863 0 70.31903259828687 155.4511205665767 69.94630498439074 81.58924282342196 31.50415100902319 108.0580415278673 515.8571863174438 10.14888832718134 181.3661610260606 27.44516305997968 0.9391917809844017 3.192599833011627 9.891717296093702 0.8989626839756966 0 1.138211235404015 0 0.5737234354019165 0 4.739615000784397 2.332148589193821 0.3239017128944397 135.6746874153614 6.144961997866631 0.4596575498580933 6.688084810972214 40.14106627553701 0.9916627332568169 2.282459288835526 0.1057025939226151 0.3968487977981567 4.165586061775684 0 3.62352579832077 0.292121134698391 21.16443737596273 66.50711721926928 4.537267543375492 22.04501004517078 38.4491638764739 48.17368932068348 99.89985702186823 1.08604608476162 0.2983716502785683 0 0.3013757765293121 0 0 0 0.3767845332622528 0.2954967394471169 0 0.102668859064579 0 1.393490336835384 0.110778383910656 0.141046866774559 0.1103860586881638 0.1233544945716858 0.1372697949409485 0 3.936509124934673 6.434496060013771 0 0.4283400326967239 0.4798432514071465 50.53631856292486 4.535830765962601 36.21154303103685 6.69295534491539 0.7253397703170776 0 0 0 0 0.121427096426487 0 0 0.6360647231340408 1.679868772625923 0 0 0.2453506216406822 0.8003590255975723 0.1697704195976257 0.1891695559024811 0 0 0.3379878625273705 2.066888704895973 0.9871058166027069 1.687442198395729 0.3000472486019135 28.75597354769707 5.553668618202209 0.2037307769060135 0.1503608822822571 0 0 0 0 0 0.1474993079900742 69.48785272240639 3.072504200041294 0.255266934633255 0 0 17.83926460891962 0.4189108610153198 10.84591177105904 0.854279488325119 2.000549457967281 0.8130088523030281 0.1697135344147682 0.293660469353199 0.1070437356829643 0 0.05885303020477295 0 0.1291945576667786 0.1073890551924706 0 0 118.2878401502967 16.70075257122517 35.95438193529844 792.026935942471 19.57404295355082 617.3902329951525 208.0972106233239 221.1642815433443 56.57424216717482 1.985519304871559 49.66380701214075 40.15138527005911 0.2568238228559494 6.883843496441841 1.048496678471565 57.04934237152338 0.6082988232374191 0.3938858062028885 0.5206378325819969 28.05964504927397 1.120977275073528 253.9950171336532 41.59901344031096
0 1.741804264485836 3.213862575590611 0 0.6256429180502892 0 2.999015882611275 12.62148756533861 3.76723176240921 6.456984296441078 10.69381589442492 8.631077311933041 14.04845408350229 32.45277559757233 759.2751989141107 2020.686627142131 286.3694211393595 4.5267324000597 3.834616094827652 1.062273889780045 0 0 0.3666111305356026 0.5710733830928802 8.656718887388706 0.5298512205481529 1.560582622885704 0.6017226800322533 0.451828196644783 1.321074478328228 6.763219408690929 9.547081865370274 37.70839009433985 2.640099473297596 1.04030479490757 10.89011479914188 21.00702228397131 22.76133618503809 5.19078590720892 7.785100504755974 0.4635890945792198 0.25959362834692 0.8839476928114891 146.4810814037919 4.318728439509869 41.03878201544285 199.4054275676608 3.11670707911253 8.021041385829449 3.403153955936432 0.5945237949490547 0 2.068398624658585 0.2144314274191856 0.4274668172001839 1.903300270438194 0.5933484360575676 2.91210650280118 128.3395074047148 179.2103201001883 13.35039566829801 63.18924395740032 8.614460289478302 10.32996480539441 2.475262507796288 1.518911819905043 1.714513629674911 2.389325171709061 1.025578998029232 0.1118928194046021 5.640568614006042 0.1248930767178535 0 381.1742040589452 19.70651502534747 859.5388219803572 390.6480747535825 296.7930986434221 18.58063157647848 33.32746793329716 44.64708682149649 28.89033573865891 7.767373792827129 0.07398727536201477 0.8580627590417862 1.504354644566774 0.2859685197472572 0 0.269788071513176 0 0 0 0.08699595183134079 0.439061626791954 0.2203862890601158 0.1918183490633965 1.159366384148598 0 2.448524191975594 0 0 0 0 0 0 0 0 0 0 0 0 0 0 0.101124495267868 0 0 0 0.2282012552022934 0 0 0 0 0 0 0 0 0 0 0.1217299327254295 0.1454901546239853 0 0.111450582742691 0.1005768403410912 0.8466978967189789 0 0 0 0 0 0.3458447158336639 0.198384702205658 1.677867576479912 1.034740827977657 0.8066386580467224 0 0 0.1100272163748741 0 0 0 0 0.0815865620970726 0 0 0 0.115468718111515 0.6079548448324203 0.08129548281431198 0 0 0 0 0 0 0.1061156317591667 0 0 0 0 0 0 0 0 0 0 0 0.1045909374952316 0.2171412482857704 0.08368955552577972 0 0 0 0 0 0 0.1039333045482635 0 0 0 0 0 0 0 0 0 0 0 0.2072830349206924 0.8090786039829254 0.7637666314840317 22.24311547726393 5.026901140809059 336.1722562797368 58.95171170681715 0 3.544841237366199 1.325765013694763 0.1799961179494858 0.2742355093359947 0 0.228747233748436 0.1111192628741264 0 0 0 0.4937372803688049 3.383971005678177 0 16.14369787275791 0.07992514222860336
