209.4125795215368 2548.988688439131 554.2400607317686 1187.155951268971 792.0862049087882 95.69721549004316 1610.312978133559 6.815851107239723 133.4584505483508 1597.269195273519 487.1258471235633 176.4303745403886 238.9094729870558 484.0216333046556 0.5642555803060532 0.4762539565563202 0.131556898355484 0 0 0 0 0 0.3714894503355026 0.154345691204071 0.5729162245988846 0 0 0.2549441158771515 0 0.1088936701416969 158.3963520675898 1.400472685694695 22.0237937271595 0 0.1267743557691574 0.3852659314870834 18.4780435487628 0.7407114952802658 0.08005670458078384 0.2833210825920105 0 0.1080641150474548 0 0.1233256757259369 0 0.3304485529661179 32.29131926596165 1.439660437405109 0.2967221587896347 0 0.09780805557966232 0 0.3846867308020592 0.6383754312992096 15.90750998258591 11.00918502360582 156.2799410521984 367.5239419341087 115.8804199695587 26.28597713261843 0.7172212526202202 2.997481100261211 0 2.685298293828964 7.440063387155533 3.088830955326557 1.270338878035545 0.2586628794670105 0.6060876846313477 0.2713583558797836 11.57331269234419 0.2273171246051788 0 214.3179456070065 70.27769882231951 16.25989317893982 0.2251019030809402 0.5744875594973564 0.5492417216300964 15.95858716219664 0.3439671248197556 2.20103295892477 7.413858756422997 2.399378150701523 0.7496853396296501 7.207896575331688 0.6878824084997177 0.5149096101522446 0.9911498129367828 0.1189864724874496 0.1072974428534508 0 0.3876511380076408 1.093641705811024 0.2861625701189041 8.32427966594696 0.104485921561718 0 0.335400402545929 882.6431805640459 0.09720190614461899 0.1400394886732101 0 1.892612040042877 0.2060595601797104 0.895215630531311 1.283888220787048 0.3832062482833862 2.22287717461586 1.583045929670334 0 2.052193731069565 2.39639400690794 8.961956083774567 3.404875233769417 0 0.438665397465229 0 0 0 0 0 0 0 0 0 0 0 0 0 0 0 0 0.1033519357442856 0.1159313097596169 0 0 0 0 3.96386045217514 0 1.303872786462307 0.5582736730575562 0 0 0 0 0 0 1.133821249008179 0 0 0 0 0 0.1995450705289841 0.1224956288933754 0 0 0 0.3111803606152534 0 0.3210388123989105 0 0.364201545715332 0 1.182550393044949 0 0 0 0.1255288273096085 0 0 0.1128047406673431 0 0 2.877737052738667 0.1605751663446426 0 0 0.1131160408258438 0.8878046125173569 0 0.1274091601371765 0.1924291476607323 0 0.4955016225576401 0 0.1935589984059334 0 0.09833695739507675 0 0 0.1005700901150703 0 0 0 1.693529941141605 0.793377511203289 0.6275589615106583 304.8407751843333 16.27785073965788 253.5201771631837 78.05034447461367 517.8389151841402 16.04964958131313 3.062225632369518 20.41747163981199 7.225635893642902 0.1194925308227539 0.8695889934897423 0.264295905828476 1.503770500421524 0 0.5957280024886131 0 3.198020353913307 0 244.0824861973524 2.823277100920677
2548.988688439131 1446.795673713088 763.0846985206008 834.4002563804388 2931.540525615215 58.51799059659243 4457.132130779326 4.599292196333408 1407.049350492656 1082.769083917141 378.0270523652434 632.3108765035868 378.2706068307161 1020.699625909328 1.846054941415787 0.1030345857143402 0 0.119640626013279 0 0 0 0.8609799295663834 0 0.2342994958162308 0 0.1424826979637146 0 0.5893452167510986 0 0 1726.283873528242 2.044861637055874 36.17402087152004 0 0 0 17.45153990387917 2.996401824057102 0 0.1044180169701576 0 0.1139417737722397 0.1133472621440887 0.2162416353821754 0.5353141278028488 0.674908459186554 80.57764583081007 1.373596668243408 0.5852094516158104 0 0.2175329029560089 0.2023644149303436 0 0.3112286329269409 16.27511845529079 9.298053450882435 64.39246375113726 302.0662366300821 78.30549499392509 31.94301816821098 0.3400701954960823 10.84211069345474 0.1290280669927597 8.851515345275402 6.168172992765903 3.130624838173389 0.9731937944889069 0.3427475392818451 0.1359618753194809 0 20.6011836156249 0.5574088245630264 0 200.980151437223 89.29741457849741 29.16519267857075 0.4903127253055573 0.2989160642027855 0.7253203317523003 7.177928753197193 0.984886109828949 6.890514604747295 9.40440795570612 1.68501628190279 1.359572365880013 5.84011922031641 0.7760594338178635 0.5395873859524727 1.327077932655811 0.08581877499818802 0.2774362564086914 0 0.6304398626089096 0.2574216723442078 0.4444426447153091 11.06039696931839 4.672449000179768 0 1.358690708875656 1190.410528376698 0.2616755664348602 0.1567418724298477 0.9967663288116455 3.743093967437744 0 6.998796433210373 0.328377828001976 1.751470789313316 3.369881525635719 11.71684344112873 0.7157027721405029 9.479281798005104 7.256650492548943 22.21853578835726 10.55404365062714 2.239593774080276 0.720892995595932 0 0.6858735978603363 0 0 0 0 0 0 0 0 0.7240965962409973 0.1510921865701675 0 0 0 0 0 0 0 0 0 0 8.512747883796692 0 5.801273316144943 3.393123462796211 0 0 0 0 0 0.3139293491840363 1.443460017442703 0 0.4169679880142212 1.217410832643509 0 0 0 0 0 0.1362437754869461 0 0.438606008887291 0 0.7885380834341049 0 1.515720188617706 0.5195576548576355 8.260993219912052 0.7129659801721573 0 0.08343693614006042 0 0 0 0 0 0 11.61765538156033 0.6680843234062195 0 0 0 6.067681163549423 0 1.308847524225712 1.126609459519386 0.3464258760213852 0.3757141381502151 0.4189657866954803 0 0 0 0 0 0 0 0 0 8.168666578829288 3.24407172948122 3.927323147654533 500.8724328577518 18.05446779727936 383.2746122702956 141.467346072197 309.0202181786299 19.9214908182621 1.941859759390354 47.34921393543482 22.6729169934988 0.6944992318749428 4.533770576119423 2.993713185191154 3.111219167709351 0 0.2525694817304611 0.4770957231521606 2.909328147768974 0 127.8405926972628 7.362241819500923
554.2400607317686 763.0846985206008 305.3435067459941 17.49725427478552 275.2452100142837 4.310282707214355 32.45295468717813 714.8017039597034 431.3408077582717 13.02527393400669 3911.37484177202 10.66872511804104 168.3070371374488 1141.842615537345 8.638749063014984 8.706233218312263 0.3028470128774643 2.981982126832008 0.1253667026758194 0.1983462870121002 1.191644608974457 7.143768593668938 10.04413376748562 2.22016067802906 17.15795832872391 0.3001362681388855 7.227993220090866 1.41579182446003 1.350170612335205 0 3261.033280417323 259.3094164654613 241.6566856503487 0.1841516345739365 7.424306370317936 11.10385825484991 91.40134698152542 25.93902450799942 9.377187587320805 9.865242041647434 3.227208115160465 3.305242732167244 0 1.908690363168716 0.2864655256271362 1.113640837371349 38.54098275303841 1.188499554991722 1.131939142942429 1.536960810422897 8.007251001894474 5.150804527103901 11.11864907294512 5.297393545508385 5.398294486105442 3.774135738611221 36.95496765524149 409.2155057117343 41.14126887172461 13.12135189026594 2.320962138473988 14.07898614555597 0 105.756009452045 1.890938676893711 2.382094889879227 1.488118678331375 0.6693958044052124 3.243892885744572 0.1457750797271729 80.08454538136721 6.409591734409332 0.2551429271697998 110.6166193708777 71.535929299891 32.15165945142508 2.704745218157768 4.032148718833923 4.632361188530922 1591.24511615932 2.341718599200249 130.190896064043 2.236867345869541 0.5145835056900978 1.005069240927696 2.001669324934483 0.1158546507358551 0.5622726231813431 0.4697833582758904 0.3155565932393074 2.010252110660076 3.233787834644318 16.24396534264088 3.76555297523737 6.891407556831837 11.67611396312714 3.967805236577988 0 2.693122386932373 369.0149617418647 0.7203287780284882 0 0.1776061058044434 0.3735106289386749 0 2.68403235077858 0 2.288246586918831 2.07664866745472 2.813066825270653 0.5743501782417297 3.235284492373466 4.161803156137466 12.18594761192799 6.683577388525009 2.647844426333904 1.936821796000004 0.2240053564310074 0.4246690645813942 0 0 0 0.4437994658946991 0 0 0.7018358111381531 0 0.2334813103079796 0 0 2.490551665425301 0.7375515177845955 0.6479872018098831 0.846042089164257 0 0.2560353577136993 0 0 0 15.33082686364651 0.5322580933570862 6.485353887081146 7.40011689811945 1.937067538499832 0 0.1766306459903717 0 0 0.5028433501720428 0.5487319678068161 0 0.2094545736908913 0.9263472557067871 0 0 0.2816028892993927 1.527442187070847 1.862854912877083 0 0 0.1101739406585693 0.2285345941781998 0.6354528516530991 0 1.498927041888237 1.348899327218533 6.549215763807297 0.1102076172828674 0 0 0.1162314414978027 0 0 0 0.2833285629749298 0.146036833524704 13.5342960730195 0.6382708102464676 0 0 0.8017916604876518 3.992122955620289 0 0.6994743645191193 0.1122369095683098 0.7939267307519913 0.3959619104862213 0.3692232966423035 0.8073823601007462 0 0 0 0 0.2487727254629135 0.1317413598299026 0.4019203782081604 0 2.424860715866089 7.914775125682354 8.11001905053854 140.0793543830514 8.95501958578825 144.6010562926531 45.56495712697506 67.52972381561995 6.318050868809223 0.8703474327921867 20.14454074949026 7.500900126993656 0 3.652610965073109 0.9860255047678947 1.726612605154514 0 0.2699599266052246 0.391644299030304 1.119711130857468 0.1940059661865234 46.54409631341696 5.97121374309063
1187.155951268971 834.4002563804388 17.49725427478552 398.116748817265 94.48919375985861 216.343756608665 1314.811383023858 1.682419687509537 41.49588630348444 3065.180387198925 32.35355544090271 330.4507269114256 282.9708639085293 39.11484088003635 0 0.1129528656601906 0.115038275718689 0 0 0 0 0 0.2705542147159576 0 0.1102726235985756 0 0 0 0 0 14.7104779034853 0.5405987054109573 6.336967803537846 0 0 0 3.332424476742744 1.224752053618431 0.1380259841680527 0.2927474826574326 0 0.1397075653076172 0 0 0.2585259974002838 0.09687520563602448 25.15653944760561 0.1241434216499329 0 0.2804832756519318 0.1061835885047913 0.09133567661046982 0.1296436488628387 0 9.018781580030918 3.669609367847443 70.07860739529133 148.2996789515018 47.27856412529945 15.86935613304377 0.4169936925172806 2.242680460214615 0 1.331959821283817 2.337467797100544 1.075355648994446 1.178447037935257 0.1276415139436722 0.1225966736674309 0.1083739697933197 6.530408799648285 0 0.1302821338176727 94.14046298712492 28.91459459066391 7.405034437775612 0 0.1454207003116608 0.8741297200322151 6.2996541634202 0.5264993607997894 2.892823942005634 3.188978083431721 0.2321273386478424 0.2556834071874619 2.962852515280247 0.9932942241430283 0.2737653255462646 0.2831223756074905 0 0.2885498479008675 0 0.2713117897510529 0 0.1474301815032959 15.88630059361458 0.9428763687610626 0 0.1121586486697197 900.165794223547 0 0.4296097159385681 0 0 0 4.551804751157761 1.297581747174263 0.9248992800712585 6.892716065049171 4.544924736022949 0 6.970433294773102 5.234646946191788 10.39296860992908 2.923085488379002 0.126473143696785 0.4277926534414291 0 0 0 0 0 0 0 0 0 0 0 0 0 0 0 0 0 0 0 0 0 0 3.295980460941792 0 1.927397899329662 0.8285341411828995 0.1910117715597153 0 0 0 0 0 0 0 0 0.8133311122655869 0 0 0 0 0 0 0 0.6827078983187675 0 0 0.3597643375396729 0.5744888186454773 0 0.9838429614901543 0.3992763459682465 0 0 0 0 0 0 0 0 7.143318213522434 0.2057438492774963 0 0 0 0.4785697460174561 0 0.8656715750694275 0.1289949715137482 0.8260200023651123 0.3682990223169327 0.108171746134758 0 0 0.1048631519079208 0.1446506083011627 0 0 0 0 0 6.173434838652611 1.574108123779297 1.568981319665909 298.9791883081198 7.984716735780239 163.0405284538865 54.96582907438278 699.9094779342413 11.41810594499111 1.044999182224274 20.23021148890257 18.97843497991562 0 0.6013672649860382 0.21268630027771 6.883267626166344 0 0.1199203655123711 0 0.1885536909103394 0 495.3137165307999 5.285229459404945
792.0862049087882 2931.540525615215 275.2452100142837 94.48919375985861 1639.40544296056 13.42729651927948 1782.470311634243 3.536355495452881 5687.521602369845 149.5667627230287 1147.918577797711 16.69588425755501 327.3925974592566 2045.010392002761 2.259979620575905 0.4368491321802139 0 0.1156731322407722 0 0.1293302625417709 0 0.1206332296133041 0.2089448571205139 0 0 0.8948333486914635 0.08464773744344711 0.2997964844107628 0.8631281852722168 0.1205647513270378 510.3229915946722 3.217086404561996 57.75291161984205 0 0.1278406530618668 0 40.24388909339905 6.251154318451881 0.9188373982906342 0.1695622056722641 0 0.7628365308046341 0 0 0.3294519111514091 0.86782206594944 88.82457710057497 1.076055973768234 0.1454547494649887 0.1921979039907455 1.036579959094524 0.1528869718313217 0 0 13.51431395858526 7.993297681212425 32.03034847229719 194.1494165956974 59.18465120345354 30.48623217642307 3.701886184513569 9.832366362214088 0 15.73031763732433 5.532835975289345 2.927480302751064 1.327624872326851 0.3377717584371567 0.2987438887357712 0 40.83026193082333 0.6308416426181793 0 179.2640444040298 102.5998918488622 45.24288088828325 1.886531688272953 1.079113557934761 0.8651443719863892 15.15786823630333 1.365612231194973 9.423161953687668 8.481384836137295 1.710097052156925 1.404593616724014 5.270091563463211 0.5022573620080948 0.3697514608502388 0.6128818690776825 0.09267337620258331 0.5260968133807182 0.3839056789875031 0.9178827777504921 0.2147621959447861 0 9.758186809718609 2.752545021474361 0 1.663912810385227 250.0918213203549 0.1332712471485138 0 0 0 0 16.31323553621769 1.30055171251297 5.415628299117088 6.315318286418915 11.87816618382931 0.1336916387081146 21.8467201590538 8.704988822340965 27.59205714613199 15.7547345533967 1.390106484293938 1.670529589056969 0 0.2564316987991333 0 0 0 0 0 0 0.1404861509799957 0 0.4591908901929855 0 0 0 0.6440963745117188 0 0.4028119966387749 0 0 0 0 0 20.92670705169439 0 7.392141170799732 4.661439150571823 1.403108298778534 0 0 0 0 0.4431902170181274 2.328531198203564 0 0.1454532593488693 3.006602272391319 0 0 0 0.2527509108185768 0 0.1282127201557159 0 0.986935093998909 0 0.6687400192022324 0.1761345863342285 0.4553875923156738 0 11.89018525928259 0 0 0 0 0 0 0 0 0 20.65933617949486 0.8537290096282959 0 0 0 5.767035730183125 0 2.925153270363808 0.1424426138401031 0.8140518963336945 0.5965923815965652 0.2252296805381775 0.2182908952236176 0 0 0 0 0.1193738356232643 0 0 0 10.04371346533298 6.61961330473423 3.950909480452538 559.400233566761 14.73576929420233 408.1215826645494 179.9191567599773 162.6914525702596 26.92503875494003 2.086166560649872 64.26443268358707 23.64268016070127 0.1993593797087669 7.182290799915791 2.441196046769619 5.588019281625748 0 0 1.103917717933655 6.678481951355934 0.552479550242424 96.91462103277445 5.350596308708191
95.69721549004316 58.51799059659243 4.310282707214355 216.343756608665 13.42729651927948 9.456719920039177 198.5899281278253 1.661443620920181 12.09113050997257 684.7954792231321 10.8954940289259 97.14376902580261 88.45825386047363 22.61521912366152 2.992656551301479 6.511160410940647 0.3392093628644943 0 0 0 0 0.8161396980285645 0.1845273673534393 0 0.1294893175363541 0 0 0 0 0 4.754757776856422 0.3227175921201706 17.59863482415676 0 0 0 15.41792765259743 2.165572792291641 0.8685797229409218 0 0 0.1824260801076889 0 3.052251413464546 0.2365231141448021 0.5536700040102005 3.346774637699127 0 0.1350490152835846 0 1.187010183930397 10.57060134410858 0.227233812212944 0 0.3525284603238106 2.394986972212791 137.0461514294147 23.90342078357935 2.57444117218256 0.9970842748880386 0.8702132254838943 11.35445633530617 0.1552277058362961 0.3436421602964401 0 0.1915952414274216 0 1.320104397833347 0.2903499752283096 0 121.9345550611615 246.539315469563 22.39026694744825 7.995607532560825 2.555434256792068 4.854450583457947 0.7432140111923218 2.596147879958153 0.1600995361804962 9.538405284285545 0.4876299351453781 13.23488326370716 1.110506802797318 3.51246003806591 0.1389441639184952 0.9280337914824486 0.7061818242073059 9.175681322813034 7.788198322057724 20.20377537608147 14.48991768807173 21.16306494176388 0.1036573275923729 2.292113967239857 4.214801080524921 385.2473152950406 271.2904211059213 14.9243389070034 16.09095880389214 294.5718414708972 0 0 0 0 0.2939898371696472 2.625570937991142 0 0.1474640071392059 1.150849997997284 0.9584461748600006 0.1579414159059525 1.974185258150101 2.503114327788353 2.43448469042778 1.35608471930027 0.4496286436915398 0 0 0.2568530440330505 0 0 0 0 0 0 0 0 0.2719969153404236 0 0 0 0 0.4571367800235748 0.4429876804351807 0 0 0 0 0 1.31237168610096 0 1.532860450446606 2.356389969587326 0.6183113902807236 0 0.2048014104366302 0 0 0 0.1061669737100601 0 0 0 0 0 0.1349122524261475 0.1140244826674461 0 0.2596721351146698 0 0.09581507742404938 0 0 0 0.132418692111969 0.1793942898511887 1.105013310909271 0 0 0 0.2951201498508453 0 0 0.09697901457548141 0 0 2.118040822446346 2.084344685077667 0 0 0.6317254528403282 0.1237340420484543 0 0.1214306280016899 0.114807553589344 0.1243906617164612 0.1687907427549362 0 0 0 0 0.2230128645896912 0 0.6034029573202133 0.2244384214282036 0 0 2.502461954951286 2.263098239898682 1.877206481993198 46.14817155152559 0.6003820970654488 11.47250032424927 7.372732415795326 96.59884805232286 1.533991806209087 0.1132958754897118 1.036486506462097 5.109462685883045 0.7312367111444473 0.2477471381425858 0.4726245701313019 3.301596194505692 0 0 0 0.1937496811151505 0 81.90508645772934 4.544697225093842
1610.312978133559 4457.132130779326 32.45295468717813 1314.811383023858 1782.470311634243 198.5899281278253 828.4253109171987 3.076171062886715 778.0509094521403 2017.049179702997 138.4978710636497 491.4644623547792 4771.678142853081 2793.967816315591 5.426929317414761 2.546826861798763 1.037663385272026 0.1136969327926636 0.2629774808883667 0.2285182029008865 0.3814666569232941 0 0.7927942872047424 0.5176145508885384 0.1529256999492645 0.1248077377676964 0.4522103443741798 0.3549083918333054 0.1356143951416016 0 121.687761336565 3.914644733071327 164.8792412877083 0.1671352088451385 0.2929956912994385 0.2692222818732262 79.80601937323809 31.97518493235111 1.320530861616135 0.108978845179081 0.1845999956130981 0.1078973710536957 0.1418977379798889 0.4540357440710068 0.2214498743414879 1.927786245942116 139.0617258325219 1.232971906661987 0.2349532321095467 0 1.094291597604752 0.1324559152126312 0.9282470941543579 0 18.05621062964201 12.39130207896233 68.48240396380424 201.2578649744391 90.98060762137175 49.54450865834951 6.456521391868591 35.67332514375448 0.3210896626114845 18.97186421602964 8.792449660599232 3.250504925847054 2.688521653413773 0.3290979713201523 0.5692069232463837 0.1795107275247574 101.5508116856217 1.083917617797852 0.1168207824230194 271.5507110878825 126.0452186241746 61.41895823180676 1.460795938968658 1.129195176064968 0.9968545958399773 22.39837031811476 0.999117486178875 31.91415467858315 11.12813806533813 2.068839624524117 1.893324635922909 9.526868127286434 1.049853600561619 0.7791057452559471 1.441131465137005 0.1064243912696838 0.8657243698835373 0 2.507887214422226 0.712547093629837 0.8358199000358582 50.44218589365482 21.92678797990084 0 1.822092540562153 360.1519218757749 6.285813488066196 10.56818933039904 23.79070752859116 37.06882460415363 2.392899915575981 103.4430033043027 13.0565295368433 38.27663026750088 41.99472185969353 95.01045940816402 5.092559978365898 106.7561298161745 106.1509176567197 214.0518448650837 93.554429076612 13.32614867389202 13.14951828122139 0.2528940737247467 2.146333962678909 0 0 0 0 0 0 0 0 0 0 0 0.5660538226366043 0.552351713180542 0.3314418792724609 0.2336226850748062 1.620771333575249 1.001780614256859 0.2572325468063354 2.169258683919907 0 106.9467079639435 0.7834729850292206 43.3200398683548 16.08712140470743 0.479761928319931 0 0 0 0 1.180945172905922 5.523546047508717 0 2.13399475812912 11.03932849317789 0.4394499063491821 0 0.1408724337816238 0.8351327925920486 1.658151850104332 0.3421600088477135 0.1048610508441925 1.179450489580631 3.276597268879414 3.667178146541119 1.414476074278355 4.970396012067795 1.749215736985207 53.94610603153706 1.295794472098351 0 0.4132609292864799 0.6721097230911255 0.3511936664581299 0 0 0 0 132.0303608998656 6.374542281031609 0 0 0 34.70879521965981 0.9434897899627686 11.17367242276669 3.59538447111845 6.638557702302933 6.553828105330467 1.9734772965312 2.640775263309479 0.09424318373203278 0.2050296664237976 0 0 0.09648210555315018 0 1.316373914480209 0 66.51195414364338 22.00066260993481 25.1170541420579 1263.660783387721 30.04666841775179 718.8838620707393 303.7810177206993 651.8979337215424 49.27614909410477 3.302217811346054 118.1548899263144 154.6830635741353 0.1336360573768616 24.50360082089901 10.61339232325554 47.72239051759243 1.145612746477127 0 5.998836830258369 4.306242421269417 3.573770105838776 292.8908521085978 50.02443939447403
6.815851107239723 4.599292196333408 714.8017039597034 1.682419687509537 3.536355495452881 1.661443620920181 3.076171062886715 225.5060344561934 6.805826216936111 1.148883014917374 3184.968156114221 0.9347455203533173 12.2538243085146 215.4971376657486 11.68795640021563 9.991184830665588 0.9941873699426651 0.8645080626010895 0.3191787004470825 0 0.8483128845691681 1.568765759468079 14.50252538174391 2.272273048758507 10.77516689896584 0.8375928848981857 4.003657460212708 2.778729915618896 0.1837769150733948 0 930.0309869423509 654.3281856104732 49.98029231280088 0.5206543803215027 8.299962021410465 4.411913439631462 20.97586090117693 6.972503744065762 1.123830504715443 1.746382184326649 0.7781964093446732 0.995825469493866 0 3.538535036146641 1.100275434553623 0.3614058494567871 113.9272192493081 0.157733142375946 0.5114324763417244 0.266110435128212 7.424908347427845 0.8032684922218323 0.400989443063736 0.7894123792648315 4.525126285851002 2.190158389508724 16.1473712772131 255.3740586712956 27.02012730389833 24.62803813815117 29.54333383589983 16.45277924090624 0 245.1904920786619 2.97707125544548 4.131130583584309 1.402191959321499 1.703342854976654 7.917055539786816 1.426236867904663 10.88704266399145 2.864786207675934 0 162.4362740889192 234.302215822041 110.2119729444385 30.35949347913265 315.0062810853124 740.6368158981204 2388.524849936366 103.1611898839474 862.7935577407479 2.629906095564365 0.2385935634374619 1.176319129765034 2.338598042726517 0.928651437163353 0.4401795491576195 0.2317735850811005 0.2956704646348953 2.274880662560463 2.678732767701149 15.76624086499214 3.39781728386879 3.073204413056374 1.221986576914787 0.4586438834667206 0 1.278680086135864 45.19405449926853 0 0 0 0 0 0.7463976144790649 0 0 0.1967737823724747 0 0 0.8645026087760925 0.5261926054954529 0.7703204974532127 1.036765657365322 0 0.2801149785518646 0 0 0 0 0 0 0 0 0 0 0 0 0.1430959403514862 0 0 0 0 0 0 0 0 0 3.139649987220764 0.234887108206749 1.902831129729748 0.6856518089771271 0 0 0.1456711888313293 0 0 0 0 0 0 0.179795041680336 0 0 0 0.1170924678444862 1.788471534848213 0 0 0.2288835197687149 0 0 0 0 0 0.4469417929649353 0 0 0 0 0 0 0 0 0 1.749140910804272 0.5551106333732605 0 0 0.2378939539194107 0.4691266492009163 0.1417887508869171 0.3419075757265091 0 0.09728386253118515 0 0 0.1018050983548164 0 0 0 0 0 0.1236892566084862 0 0 0 1.214646115899086 0.8040974885225296 117.8614994958043 7.851677194237709 245.3015922307968 105.500198982656 17.5216342061758 11.8317876458168 0 27.07714892178774 0.9363434910774231 0 0.4553251713514328 0.1397676467895508 0 0 0 0.1758378446102142 5.471125259995461 0.3147327303886414 25.66008307784796 0.3817610517144203
133.4584505483508 1407.049350492656 431.3408077582717 41.49588630348444 5687.521602369845 12.09113050997257 778.0509094521403 6.805826216936111 1036.329665698111 155.5632198229432 681.8375758454204 34.59380030632019 431.4569879695773 967.6569584682584 6.354192599654198 2.764774441719055 0.6450512781739235 0 0 0.1676941961050034 0.1797240823507309 0 0.9200139492750168 0 0.3051967322826385 0.2559294328093529 0.4441245272755623 0 0 0 110.582278072834 3.700645364820957 90.18993164598942 0 0.3040997684001923 0 53.34603460133076 11.37046231329441 0.6450318321585655 0.2570348009467125 0 0 0 0 0.4022533148527145 0.6640766561031342 54.43115146458149 0.6643545627593994 0.3582978844642639 0 1.010635860264301 0 0.213312640786171 0 6.466802194714546 3.5213478282094 9.871623106300831 57.77968906611204 25.5777398571372 20.17821116745472 5.57389572262764 17.49379785358906 0.2889673709869385 8.437619537115097 2.050980798900127 2.075992278754711 0.5417499095201492 0.2554375976324081 0.8767234683036804 0.5201922059059143 55.90320088714361 0.9784515202045441 0 89.25287368893623 46.15863448381424 39.41949386149645 1.888978064060211 1.144416779279709 0.503966823220253 10.66285642981529 1.148168668150902 18.43678000569344 2.577525086700916 0.4133031517267227 0.5717514082789421 2.435310259461403 0 0.2934565991163254 1.019900463521481 0.4008728116750717 0 0.1027693524956703 2.406112864613533 0 0 16.38099788874388 8.672961667180061 0 1.183618195354939 41.57457703351974 2.330128081142902 2.722381606698036 1.119444832205772 1.161750182509422 1.64862522482872 54.17991383373737 3.263404175639153 21.34416258335114 35.35918232798576 42.62179626524448 3.021277144551277 74.68728510290384 57.38801798224449 126.6756269261241 64.10964717715979 6.098479419946671 5.803236111998558 0 1.728852279484272 0 0 0 0 0 0 0 0 0.6018074154853821 0 0 0 0.4114152789115906 0 0 1.201866328716278 0 1.036290049552917 1.579966515302658 0 63.38588926941156 0.1315875351428986 21.8151370882988 7.649943932890892 2.060524135828018 0 0 0 0 1.255827613174915 3.981433033943176 0 0.6286036968231201 5.810189850628376 0 0 0 0 0.2824444174766541 0 0 0.1327752321958542 0.869704470038414 3.377388834953308 0.273868203163147 3.118489295244217 3.475207045674324 36.09157570451498 0.5369691848754883 0 0 0 0 0.2097310572862625 0.1370428800582886 0 0 96.44448779523373 1.225312650203705 0 0 0 19.56535796076059 0.833920955657959 5.34082069247961 2.584422871470451 4.007628478109837 4.920419804751873 1.550423428416252 2.515043675899506 0.1650109887123108 0 0 0 0 0.1392855644226074 0 0 39.40743117779493 18.13470325618982 14.30346047878265 508.5399261638522 8.728346578776836 241.8342352211475 124.6521176844835 88.37186504155397 16.97515167295933 0.2818036377429962 61.29547324031591 60.62197049707174 0 13.73346178978682 5.878983251750469 20.82366038858891 0.9506357908248901 0 1.984829112887383 3.092017933726311 1.249843001365662 80.21424780786037 30.19788207858801
1597.269195273519 1082.769083917141 13.02527393400669 3065.180387198925 149.5667627230287 684.7954792231321 2017.049179702997 1.148883014917374 155.5632198229432 1694.905306249857 33.86820220947266 4888.850030526519 6614.612534463406 170.8723119571805 0.678071066737175 0.9005769193172455 0 0.1624507755041122 0 0 0 0.4361445754766464 0.2117303162813187 0 0 0 0.1158240959048271 0 0 0 21.10506179183722 0.2927726060152054 46.99859584867954 0 0 0 41.02644693851471 4.529794186353683 0.2103685066103935 0.1540125608444214 0 0.1233711838722229 0.100617490708828 0.3865133970975876 0.1151111200451851 0 14.30159147828817 0.414104588329792 0 0 0.4245351850986481 0.3859326764941216 0.2397709786891937 0.1751227080821991 4.353362783789635 2.122025169432163 203.8457006663084 146.1744416803122 32.27495983988047 5.300796031951904 2.28421526402235 10.04323703050613 0.2800577282905579 1.36784790456295 1.622254900634289 0.7901609092950821 1.008342266082764 0 0.2427532896399498 0.1134619116783142 217.5036837011576 1.756875433027744 0 54.38535127788782 18.45132394134998 4.535800747573376 0 0.1043925210833549 0.6210989952087402 7.373091176152229 0.2871012538671494 6.16390997171402 0.8410891145467758 0.3054738417267799 0.1963308453559875 1.718288585543633 0.2925763949751854 0 0.5108552873134613 0.1399656683206558 0.1215685829520226 0.1449207812547684 0.1517656892538071 0.1675052642822266 0.3191472440958023 445.2766202092171 47.51648338139057 0 1.213142774999142 1100.550015121698 2.899320274591446 5.193534873425961 5.776233904063702 6.698942825198174 0.8706509470939636 46.17685126513243 20.2994938492775 25.1549341455102 39.32394612580538 84.29203774034977 2.171901151537895 80.78053755313158 88.07093171030283 159.3138919174671 39.92281971871853 1.619549885392189 2.137513272464275 0 0.7193597853183746 0 0 0 0 0 0 0 0 0 0 0 0 0 0 0.1375189274549484 0.5817660838365555 0 0 0 0 30.27746362239122 0 6.864962346851826 3.455196976661682 0.2541035339236259 0.3340264558792114 0 0 0 0.5751616209745407 0.7991108372807503 0 0.4870563149452209 3.42261864989996 0 0 0 0.8640652224421501 0 0.3438505083322525 0.3430043756961823 0.1260881721973419 0.6036218255758286 1.861259773373604 2.055131547152996 0.7920747250318527 1.528338596224785 12.04391272366047 0.2337865456938744 0 0.2240974381566048 0 0 0.1236660405993462 0 0 0 104.1137832924724 0.5906929671764374 0 0 0 8.879806615412235 0.8247538506984711 2.493122786283493 1.106206834316254 1.454781517386436 2.128289967775345 0.9377555847167969 0.5243206396698952 0 0 0 0 0.127273216843605 0 0.2489512786269188 0.5625977516174316 84.90605358034372 8.851735986769199 3.613016664981842 575.3432487547398 3.259422153234482 100.1857350841165 34.95356511324644 1084.231507577002 7.64056608080864 0.5388781055808067 12.44104285538197 118.8691970556974 0 5.710442140698433 2.094229623675346 71.18781273812056 0 0 1.247473701834679 0.9758873283863068 0.4387972503900528 780.2223263606429 67.49531701207161
487.1258471235633 378.0270523652434 3911.37484177202 32.35355544090271 1147.918577797711 10.8954940289259 138.4978710636497 3184.968156114221 681.8375758454204 33.86820220947266 2260.415915645659 44.98745049536228 668.8456649109721 1412.474978111684 23.08787754178047 16.86218760162592 0.9231014251708984 1.536043532192707 0.2547625005245209 0.1173631995916367 0.2896314263343811 7.712449863553047 8.168410576879978 2.717619404196739 11.6645847633481 0.4335255324840546 5.608347050845623 2.43092580139637 1.320965737104416 0.1605839729309082 1549.888335466385 30.6670378446579 998.71113204211 0 5.306267954409122 8.105798117816448 337.1007752642035 44.41606993973255 16.97322326898575 9.336369074881077 1.585638344287872 5.90573662519455 0.5492736250162125 3.236805856227875 0.5311639979481697 1.068796902894974 110.8433512300253 0.6930025443434715 0.7589951753616333 0.3041568696498871 12.27467749267817 6.277745872735977 12.29957912862301 8.869616195559502 9.822746276855469 5.599354296922684 66.93166001141071 421.484035871923 79.02515447884798 34.91404720395803 6.666976422071457 49.59667465090752 0.2307249903678894 29.02985644340515 4.076349429786205 3.623423278331757 1.974924363195896 0.9038179442286491 3.637992784380913 0.09685668349266052 241.0026387870312 15.9577434360981 1.080340556800365 233.2617950290442 124.3525033295155 100.6678731292486 7.313734225928783 4.30357027053833 26.6524028852582 305.1048734262586 2.032394334673882 108.0499437078834 5.147707037627697 1.359461277723312 1.198531754314899 3.563416354358196 0.8773684054613113 0.4487276971340179 0.3994088023900986 0.7546648234128952 5.992827266454697 7.823724888265133 10.60189095884562 7.740815110504627 11.95066447556019 31.43470654636621 8.914727933704853 0.2308650314807892 4.396956011652946 447.6490657627583 1.604974545538425 1.844854339957237 1.01577253639698 0.1580422818660736 0.6283313035964966 22.79503756761551 0.9224420785903931 8.620257675647736 15.80209133028984 18.54492266476154 0.2152367532253265 30.01381432265043 21.95022761076689 52.17347918450832 36.11598172038794 6.398322246968746 5.344108030200005 0.2992066219449043 1.592259541153908 0 0 0 0 0 0 0 0 2.02323354780674 0.4018153995275497 0.5237248614430428 0 0.9445110782980919 2.283918246626854 0.2780822962522507 0.3140520304441452 0.3062042891979218 0.1452249139547348 0.4674068093299866 0.1867986023426056 44.97929068654776 1.3614272326231 22.00377006828785 14.68206987529993 4.655672892928123 0 0 0.1071734055876732 0 1.006790488958359 1.783441223204136 0 1.218128599226475 4.639400199055672 0 0 0 2.931384786963463 3.47182908654213 0.2820190638303757 0 0.6563389599323273 0.3330248817801476 1.963182367384434 0.496809110045433 3.593407578766346 0 25.20518288761377 0.3550397828221321 0 0.1079967617988586 0 0.1009284034371376 0 0 0 0 51.71076425909996 4.126081258058548 0 0 0.8565024882555008 13.86746394634247 0 4.314428888261318 0.9714259505271912 3.611121594905853 1.562217071652412 0.269312784075737 2.407196722924709 0 0.09216854721307755 0 0.3539597988128662 0 0 0.5103911757469177 0 13.81916607171297 22.80029260367155 16.69994076341391 572.2238674908876 16.61320209503174 381.3575746640563 191.9306049272418 166.1076058223844 34.72606021910906 1.955201976001263 86.1345277428627 31.64455085247755 0.4131364300847054 10.47115269303322 4.385581612586975 9.138707660138607 0 0.2341785803437233 1.202377706766129 9.360667914152145 0.7393029034137726 100.2573290839791 20.7651678994298
176.4303745403886 632.3108765035868 10.66872511804104 330.4507269114256 16.69588425755501 97.14376902580261 491.4644623547792 0.9347455203533173 34.59380030632019 4888.850030526519 44.98745049536228 132.8168926984072 1702.665327444673 142.6878207027912 0.7981959655880928 1.771224230527878 0 0.2197892367839813 0 0 0 0 0.140994131565094 0 0.1567119508981705 0 0 0 0 0 6.824278213083744 0.1627066284418106 23.46626843512058 0 0 0 56.39752186834812 3.755424842238426 0 0.6939087212085724 0 0 0 0 0 0 7.178840354084969 0 0 0 0.6597690880298615 0.1961074024438858 0.7411836832761765 0 0.8866665661334991 0.5166905075311661 10.09648913145065 12.17726719379425 3.995786935091019 3.266166888177395 0 3.667468547821045 0 1.00053596496582 0.6468755900859833 0.1448566019535065 0.3111889660358429 0 0.3253415077924728 0 79.97561367601156 3.115389451384544 0.2898675799369812 10.35265075415373 5.707635536789894 3.030522458255291 0.1461507529020309 0 0 3.146433800458908 0.171659454703331 10.3894087895751 0.2496778219938278 0.1720131784677505 0.3228937536478043 0.2231954261660576 0.4732043147087097 0.5310416668653488 0.1087186634540558 0.2463379502296448 0 0 1.478797592222691 0 0.1433401256799698 255.7730747535825 4.750250197947025 0 0.5745763778686523 85.17726730555296 3.249139524996281 2.668113365769386 1.261008352041245 0.7480984926223755 1.171548143029213 56.71401323378086 5.083013460040092 23.81982605159283 40.71876218914986 69.98114661872387 3.301650255918503 105.0827894508839 80.67007103562355 175.5708951130509 67.74136856943369 4.639009602367878 3.268503695726395 0 1.055173449218273 0 0 0 0 0 0 0.1491590738296509 0 1.119542732834816 0 0 0 0 1.179002404212952 0.3303150534629822 1.073276869952679 0 0 0 0 47.42283670604229 0.3508595824241638 16.69004023820162 4.169187545776367 0.3462418913841248 0 0.1816406548023224 0 0 0.77406857162714 2.434290513396263 0 0.3196108788251877 5.869184039533138 0 0 0 0.8647833541035652 0 0 0 0 0.7040936127305031 2.621308088302612 0.6517512574791908 0.435731902718544 0 19.97126376628876 0.634069100022316 0 0 0 0 0 0 0 0 114.3417594209313 1.740278676152229 0 0 0 18.74153462797403 0 3.406535968184471 2.233594998717308 2.401868090033531 3.170257903635502 0.3393017575144768 0.7744285464286804 0 0 0 0 0.2586768269538879 0.1381830871105194 0 0 74.43062650412321 13.2867788374424 8.59905431419611 207.5415742099285 1.054615691304207 34.03679160773754 15.69454783201218 241.1478553339839 2.476689919829369 0 6.45215280354023 129.053013317287 0 7.763895727694035 3.674714140594006 53.7978602424264 1.417725011706352 0 0.3818539977073669 0.9388692080974579 1.554701864719391 350.1058397740126 76.27159361541271
238.9094729870558 378.2706068307161 168.3070371374488 282.9708639085293 327.3925974592566 88.45825386047363 4771.678142853081 12.2538243085146 431.4569879695773 6614.612534463406 668.8456649109721 1702.665327444673 5503.953756198287 4535.878842964768 29.06632898002863 23.02117350697517 2.764942415058613 0 0.5921512246131897 0.1853995695710182 0 8.07490062713623 3.474971361458302 0.7621820569038391 3.917366489768028 0.3276084885001183 1.343777425587177 0.1373728513717651 0.6849870681762695 0.1423075199127197 118.6726174503565 5.212440930306911 448.4306182563305 0.1405337899923325 1.835750341415405 1.24105978012085 632.8208206519485 24.28323043137789 18.78199108690023 2.322818994522095 0.4670572876930237 1.301054522395134 0 2.996901169419289 0.6019211187958717 1.084109477698803 84.13436082750559 0.593874029815197 0.4274885654449463 1.257789447903633 7.649847239255905 3.151482827961445 14.01481148600578 3.047305315732956 5.47248599678278 2.785697646439075 36.36506348103285 82.21089588105679 30.57530048489571 24.53060674667358 10.97634206712246 48.22104372084141 0.4182742163538933 13.61874300986528 1.192929148674011 2.794886216521263 1.696603126823902 0.3836064487695694 3.064852900803089 0 516.9804558083415 22.78488441556692 1.047950565814972 121.4558347910643 64.64874351769686 84.32975178211927 6.761603519320488 9.118404358625412 0.7318430691957474 93.75678160786629 3.290626421570778 58.97751402109861 1.463014237582684 0.4274906665086746 0.1139221265912056 1.766652226448059 0.5710247680544853 0.5459604561328888 0.4609537124633789 1.845396541059017 1.767232820391655 2.06400740146637 10.32992419600487 1.141735792160034 5.576444953680038 1338.250242650509 37.59259438514709 0.6016882359981537 8.612500742077827 169.8068323284388 14.51169700920582 17.98841547220945 15.35839174687862 6.051968231797218 7.999772161245346 312.3429373949766 25.27380156517029 127.4694493710995 181.5743911787868 271.6544001027942 11.8907694965601 425.425892457366 352.2019956558943 836.9842427968979 371.3700622245669 30.44800700247288 32.73312374949455 1.858797989785671 6.995163425803185 0 0 0 0 0 0 0.7516048848628998 0 2.051886096596718 0 0.1249385178089142 0.5963718593120575 2.97105884552002 1.048504024744034 1.771937936544418 4.992282591760159 0.5135141909122467 0.8469435125589371 3.512252502143383 0 327.5691911131144 3.767160587012768 94.64647005498409 40.16169945150614 8.206855356693268 0 0.1438789963722229 0 0.6650713086128235 3.882321000099182 20.06378250569105 0 2.400966875255108 31.13475453108549 0 0.9045753180980682 0 2.63441126793623 1.77951617538929 0.08611797541379929 0.8267628848552704 0.4805894047021866 6.124989815056324 10.88624883443117 3.019842498004436 14.19314994663 5.434952408075333 165.131303653121 4.017506524920464 0.369392991065979 0.4584221839904785 0 0.1326103657484055 0.2867806553840637 1.047004245221615 0 0.1958491802215576 589.4354282394052 11.45496310293674 0 0 0.605092316865921 99.66966146975756 1.412881687283516 27.46651364862919 7.746254436671734 16.02386078983545 19.86456400156021 4.609045058488846 10.06402189284563 0 0.1534264534711838 0 0 0.3772381469607353 0.21849025785923 0.5370952486991882 0 323.4494097083807 86.3484962284565 60.9290360212326 980.0513085201383 10.91631659865379 277.2131783291698 157.9634259566665 363.922791428864 23.89717514812946 0.9418217465281487 96.74813573807478 455.7227882966399 0.6619348376989365 62.17956734448671 26.37592842429876 165.110693924129 2.293047420680523 0.09486258029937744 15.42065142840147 9.130676954984665 5.676177933812141 879.5336458981037 299.6298393905163
