669.2754236832261 1970.696611836553 195.3685826286674 1106.392602041364 129.39927123487 496.822637103498 393.2555292025208 8.195363596081734 73.3141862526536 367.0827128440142 39.85585419088602 27.55799742043018 96.28334698081017 105.3444768339396 0.7287292256951332 0.255304291844368 0.1085827723145485 0 0 0 0.5489676222205162 0.1204050704836845 0 0.1147574633359909 0.4160884320735931 0.2536689639091492 0.2181699723005295 0 0 0.1016191616654396 1646.773265101016 2.468474321067333 20.43392817676067 0 0.5402754172682762 0.2219826057553291 26.03119829297066 1.235079400241375 4.301564693450928 0.1940204501152039 0.1230856329202652 0.2099575102329254 0 0 0 0 7.513702727854252 0.5100453272461891 0.5664249360561371 0 0.4791768416762352 0.2936066687107086 0.3405758887529373 0 11.8658384308219 7.155162379145622 351.4223237782717 818.2524255588651 85.57198818773031 7.552831336855888 0 1.456398785114288 0 2.062646180391312 1.702220641076565 1.506221495568752 0.1059075593948364 0.3419501706957817 0.1161723807454109 0 16.25681177526712 0.2737263366580009 0.2175772935152054 97.75774432718754 7.076743043959141 22.3108326420188 1.518929019570351 0.1151176318526268 1.328954249620438 3.635203272104263 0 0.2241326421499252 5.646859385073185 0.4024647772312164 1.062066853046417 1.092494569718838 0 0.1971139013767242 1.127485752105713 0 0.3163003027439117 0.2379285097122192 0.6088549271225929 0.3478365391492844 0 52.01406295597553 0.8758850246667862 0.7029910534620285 0.7643016949295998 615.1481111049652 0 1.216087326407433 0.4074454754590988 0.1798025071620941 0 0 1.800463631749153 0.5893697142601013 11.04072440415621 0.1355140954256058 0 1.139236554503441 3.216918751597404 2.152443759143353 2.314731381833553 0 0.09727007150650024 0 0 0 0 0 0 0 0 0 0 0 0 0 0 0 0 0 0 0.102949470281601 0 0 0 1.220611840486526 0.09073846042156219 0 0 0.6831110119819641 0 0 0 0 0 0 0 0 0 0 0 0 0 0 0 0 0 0.1792083382606506 0 0 0 0 0 0 0 0 0 0 0 0 0 0 1.154329098761082 0 0 0 0 0.1193913072347641 0 0 0 0 0.1521358639001846 0.1446468979120255 0.1633078008890152 0 0 0 0 0 0 0 0 0.1420243978500366 0.6018435657024384 1.168653324246407 32.05822112411261 1.703277461230755 74.39021310210228 18.43831620365381 656.4969967603683 7.43582458794117 1.157251745462418 1.263986743986607 2.384394198656082 0 1.006058365106583 0 0.3556561470031738 0.1370368152856827 0 0 3.054694533348083 0 247.1770876199007 0.7948876917362213
1970.696611836553 2213.981582164764 893.9898772388697 1872.221864670515 4103.015685245395 984.0826349779963 3110.860633134842 104.8631156757474 2015.647470094264 942.0342531278729 440.3709166869521 53.57519529759884 1695.453631445765 1847.876332722604 4.344651982188225 3.759535253047943 0.1744608283042908 0 0 0 0.8267204537987709 0.268091082572937 1.47731176763773 0.5161456167697906 5.548046141862869 0 1.5560058131814 0 0.1099054366350174 0.418219119310379 2718.277031876147 27.33206471055746 421.4856603890657 0 1.194870956242085 2.37375732511282 279.8989858925343 18.41008262336254 19.00893788039684 3.126305595040321 0.4875722825527191 0.3711676597595215 0.4830242916941643 0.5944721177220345 0.1298466324806213 0.244451105594635 49.6716333180666 4.854634135961533 1.041467487812042 0.557532787322998 2.637394063174725 0 0.3396397978067398 0 44.5130088403821 35.33258699625731 196.3794658556581 425.5817008391023 109.4916342198849 30.37521781772375 0.3083537295460701 9.776399791240692 0 83.5632179826498 12.34024360775948 9.183082461357117 1.127331644296646 1.50479057431221 1.14757663756609 0.9219821393489838 72.66803486645222 0.9863346219062805 1.120068572461605 370.7186006903648 116.4245852231979 163.2844849303365 21.99875818938017 5.676604852080345 8.072767473757267 49.98700261861086 0.2554707527160645 2.542670167982578 37.89077986031771 1.471776597201824 4.931371100246906 7.122632518410683 0.6637130975723267 0.7755229920148849 4.188476398587227 0.1947438567876816 1.981229826807976 0.08653008192777634 3.417180746793747 5.29336005449295 1.454405836760998 54.06835663318634 4.187757819890976 0.6170793622732162 3.417692556977272 275.5444941073656 0.4327850863337517 0.8433443307876587 1.737302795052528 0.6807936877012253 1.921780675649643 0.8479895442724228 3.683404520153999 0 18.6216097176075 2.04355488717556 3.982010990381241 9.913134060800076 19.96854027360678 22.70943378657103 10.49501537531614 0.09422300755977631 0.1371887475252151 0 0 0 0 0 0 0 0 0 0 0 0 0 0 0 0 0 0.4796101152896881 1.587080664932728 0 0 0 10.06184535473585 0 3.649749301373959 0.6843269169330597 0.6015119552612305 0 0 0 0 0 0 0 0 0.4172003567218781 0 0 0 0.1050438210368156 0 0 0 0 0 0.2407295778393745 0.2720265984535217 0 0 0.1155888065695763 0.2669904679059982 0 0.07940724492073059 0.2348144501447678 0 0 0.1017275899648666 0 0 19.40525470674038 0.123029924929142 0 0 0 1.309869393706322 0 0 0.3236667066812515 0.4331326857209206 0.167998805642128 0.1068779900670052 0.1871048137545586 0 0 0.09564817696809769 0 0.09676709771156311 0 0 0 8.76663014292717 4.07871875166893 4.004201486706734 127.3158336430788 8.939688667654991 475.4942619204521 111.0579585880041 826.46062079072 59.72810948640108 1.062459267675877 6.125249780714512 4.679138541221619 0 0.9122206494212151 1.3625767827034 1.221550092101097 0 0 0.08958093822002411 8.547719806432724 0 276.7425882592797 6.447781942784786
195.3685826286674 893.9898772388697 850.462567396462 110.1464914679527 568.4371843710542 67.9056029766798 37.50693025439978 363.9499248340726 509.497147552669 20.09549771249294 2453.946285106242 22.50747889280319 289.8107417821884 1277.845740899444 3.809450097382069 4.290137566626072 0.5995829477906227 0.4779712334275246 0.248154878616333 2.926194258034229 23.42094299942255 0 54.19850305467844 14.93128111958504 39.17184753715992 2.91016773879528 28.31858269125223 0.2863785848021507 0.5110410079360008 0.1209153383970261 5806.019336380064 236.0382751449943 614.9765081852674 1.374215967953205 38.38086073100567 16.1569119989872 538.4835363477468 59.88201273977757 47.75410263240337 6.280575975775719 9.056470222771168 3.703743010759354 5.585510529577732 0.5415528118610382 0.2327200099825859 0.486543171107769 21.18744786828756 3.607503339648247 1.289661839604378 10.77797242999077 49.56234106421471 0.2959370762109756 0.1259394288063049 0.1370921432971954 12.03902162611485 8.098884627223015 119.7950501590967 456.0615716278553 35.6072351038456 11.06052798777819 8.72365940362215 58.1040320545435 1.743795432150364 424.2896249070764 3.721408508718014 11.99262216687202 5.782546892762184 69.54061058908701 73.13912601023912 22.18263561278582 122.6570464521646 1.685431115329266 0.1618879437446594 123.8290635049343 42.56569792330265 49.37563350051641 31.41528080403805 9.908829770982265 54.5213525146246 615.3746631368995 1.644771948456764 47.13132705539465 9.525254100561142 0.4795358255505562 6.576780997216702 2.235674075782299 11.87958886474371 0 2.25556904822588 0 2.495392471551895 0 77.83894403278828 26.70365441590548 2.454119078814983 17.18522386997938 2.314343623816967 0 7.176719076931477 56.8177223727107 0.6523934975266457 1.378560274839401 1.008236072957516 0 0.3175311833620071 1.054584711790085 6.820168018341064 0.1509932428598404 3.405426673591137 3.543933108448982 1.164611496031284 7.4338099360466 22.99125228822231 33.72964809089899 12.37556170672178 0.1996329128742218 0.671130508184433 0 0 0 0 0 1.071106821298599 0 0 0.4423674568533897 0 0 0.4194026440382004 0 0.1139053180813789 0 1.759361334145069 0.1246775984764099 3.069866545498371 3.00115878880024 0 0.09808864444494247 0 8.175326056778431 0 2.676349900662899 0.45598404109478 0.1556748896837234 0 0.5190207213163376 0 0 0.3072510361671448 0 0.3235604912042618 0.07714489847421646 0.2560038268566132 0 0 0.4200488328933716 0 1.366327896714211 0 0 0 0.7557979896664619 0.4046843498945236 0.3975983560085297 0 0.1094442158937454 0 0.1674489080905914 0 0.1750148460268974 0 0 0 0.2120816558599472 0.1198386400938034 0 25.80405520647764 0.7276684939861298 0.2069880813360214 0 0.1050324663519859 0.2464911639690399 0 0 0.1461344882845879 0.9128064662218094 0.7895065248012543 0.6909929215908051 0.7522269785404205 0.1517193019390106 0.1147715151309967 0 0 0.4425735399127007 0 0.4762426912784576 0 11.5307088419795 7.244211569428444 11.81660027801991 44.77580039203167 6.922681771218777 101.0145883485675 30.32926701754332 53.92186694592237 8.366261303424835 0 4.043349400162697 4.016317576169968 0 2.481844060122967 0.4894160702824593 0.7814132422208786 0.2171384692192078 0 0 0.2055474817752838 0 49.32516264170408 5.685553222894669
1106.392602041364 1872.221864670515 110.1464914679527 2235.379462793469 249.0308065786958 1027.283207304776 1820.133292987943 32.67882190644741 39.93013332039118 4058.695241965353 38.68492133915424 532.0121166557074 561.220125310123 31.54918848723173 0.1209491118788719 0.1020059436559677 0.1214266493916512 0 0.158493310213089 0 0 0.3665422350168228 0 0 0 0 0 0 0 0 226.6897590756416 0.4821613058447838 3.050994768738747 0 0 0 4.289425238966942 0 1.305632874369621 0 0.1688550412654877 0 0 0 0 0 7.567603603005409 0.894966721534729 0 0 0 0.7555747851729393 0.5514164492487907 0 8.411887541413307 6.317031301558018 81.2069566398859 120.0463003367186 29.48344212025404 4.893044471740723 0.1043443083763123 0 0 7.0198033452034 2.176813520491123 1.690970480442047 0.333673357963562 0 0 0 28.07740949094296 2.709044694900513 1.382697880268097 73.71169690787792 16.13039607554674 26.27442751824856 0.8834512084722519 0.115335687994957 0.2803804576396942 0.2697058692574501 0 0.1438478082418442 5.804237805306911 0.7426934465765953 0.4676833897829056 1.501773871481419 0.1081183031201363 0.2887786254286766 0.9381718412041664 0.5455270111560822 0.3130985200405121 0.8004737794399261 0.1491473913192749 0 0 333.7541724592447 9.377803362905979 1.170410633087158 4.727136269211769 181.9109789058566 0.9148111715912819 1.154556512832642 14.49605867266655 11.59135754406452 0 2.661282926797867 16.35258904099464 2.838196337223053 153.6623115986586 40.68837541341782 0.4054616540670395 7.22475366294384 73.7518669962883 32.8471734970808 0.7924091815948486 0 0 0 0 0 0 0 0 0 0 0 0 0 0 0 0 0 0 0 0 0.4804207980632782 0 0 0 1.441398873925209 0 0 0 0 0 0 0 0 0 0 0 0 0 0 0 0 0 0 0 0 0.09565600007772446 0.1293085664510727 0.7586866393685341 0.0925988182425499 0 0 0 0 0 0.1190561428666115 0 0 0 0 0 0 0.2481085509061813 0 0 0 0 0 0 0 0.3581051304936409 0.2133832350373268 0 0 0 0 0 0 0 0 0 0 0 5.786008164286613 0 0 28.25219169259071 1.437349535524845 81.82179175317287 21.69973214715719 582.3344816714525 10.39804230630398 0 0 0.8425908088684082 0 0.8324079364538193 0 8.228292554616928 0 0 0 4.527887165546417 0 279.4075702726841 3.058934271335602
129.39927123487 4103.015685245395 568.4371843710542 249.0308065786958 2840.150754585862 37.38791365176439 2295.766954995692 17.0389052927494 3710.985705383122 190.2675486579537 426.5305979326367 11.65954701602459 1348.527035839856 1688.014651894569 3.284833684563637 1.120775066316128 0.09737525880336761 0 0 0 0 0 0 0.1146432980895042 0.13105209171772 0 0.1033286601305008 0 0.1069414839148521 0.09394556283950806 226.9624595120549 14.70382384210825 101.7330038696527 0 0 0 37.67536758631468 0.611715167760849 1.04601476341486 0 0.1376053243875504 0 0 0 0 0.09436022490262985 32.36271666735411 1.294621765613556 0.1014982908964157 0 0.4434364065527916 0 0 0 14.60592869669199 11.30691635608673 31.44898122549057 92.34519508481026 35.54102842509747 13.74181010574102 0 0 0.1209838017821312 58.43632232397795 4.863871410489082 3.126933723688126 0.6631160154938698 0.2658198401331902 0.2578407898545265 0 6.343322955071926 0.1759761869907379 0.1046543270349503 130.1140103414655 66.75536226481199 78.80739492177963 24.86761967092752 0.1581642180681229 0.5892299860715866 2.476868018507957 0 0.4160036742687225 16.16275407373905 0.6200648099184036 2.184621155261993 1.870969831943512 0.2391359806060791 0.4987357631325722 1.044451080262661 0.2403869032859802 0.5893499329686165 0 0 0.183847650885582 0 1.683989249169827 0.203634612262249 0.137164294719696 0 73.5298577696085 0 0 0 0 0.1297109574079514 0 0.3121031671762466 0 0 1.871677458286285 0.1262718141078949 1.701584190130234 0.5255675986409187 2.277204245328903 0.1831512153148651 0 0 0 0 0 0 0 0 0 0 0 0 0 0 0 0 0 0 0 0 0 0 0 0 0.1369714885950089 0 0 0.6735332533717155 0 0 0 0 0 0 0 0 0 0.07875516265630722 0 0 0 0 0 0 0 0 0 0 0 0 0 0 0 0 0 0 0 0 0 0 0 0.9046269729733467 0 0 0 0 0 0 0 0 0 0.07795917242765427 0 0 0 0 0 0 0 0 0 0 1.237452819943428 0.4618881270289421 0.471233457326889 90.8495742380619 4.79181057959795 287.8247491791844 85.66839215904474 107.5332187637687 48.40964941680431 1.446886219084263 19.45020118355751 0.5329062044620514 0 0 0 0 0 0 0 4.233211770653725 0 48.51338537037373 0.4393243789672852
496.822637103498 984.0826349779963 67.9056029766798 1027.283207304776 37.38791365176439 17.07923723757267 140.0119047611952 14.82138202339411 14.52217730134726 961.4284733682871 23.80860938876867 189.9797274917364 149.8032619953156 49.42998782545328 1.375761166214943 0.9744899347424507 0.1363842040300369 0 0 0 0 2.994135633111 0 0 0 0 0 0 0.2224059402942657 0 243.0560767948627 0.454183503985405 5.202140189707279 0 0 0 12.85527717322111 0.3055538535118103 11.74564572423697 0 0 0 0 0.6300811171531677 0 0 2.865673698484898 0.2647893279790878 0 0 0 7.342086263000965 4.681977361440659 0 2.639646723866463 2.296608351171017 133.1964783892035 102.5730990543962 13.79008774459362 2.648358896374702 0 0 0 1.350281774997711 1.10610880702734 0.7478427886962891 0.317308247089386 0 0 0 153.2860704213381 57.01287434995174 17.13152929395437 32.40785708278418 2.932868406176567 8.039277501404285 0.7264573350548744 1.383581832051277 0.2485269531607628 1.885416239500046 0.2140656560659409 0.9631629586219788 2.405763074755669 2.860108658671379 0.1028653383255005 3.147655040025711 0 12.04514718055725 13.57274235785007 9.197725921869278 7.97042503207922 13.39009074866772 0.1292269974946976 0.0920947790145874 0.7792029157280922 250.4803525805473 199.3130328580737 30.23866205662489 45.63100495189428 367.1943402066827 0 2.026991948485374 5.444679111242294 1.338364720344543 0 1.338176727294922 21.84866084158421 0 15.02287763357162 4.162941858172417 0.3367399573326111 1.986947894096375 7.245200961828232 1.112202376127243 0.4233703315258026 0 0 0 0 0 0 0 0 0 0 0 0 0 0 0 0 0 0 0 0.2416405379772186 0 0 0 0 0.1894472688436508 0 0 0 0 0 0 0 0 0 0 0 0 0.121738962829113 0 0 0 0 0 0 0 0 0.4808371812105179 0 0.4110375344753265 0 0 0 0 0 0.08955317735671997 0 0 0 0 0 0 0.2171945571899414 0.1908974945545197 0 0 0 0 0 0 0 0 0 0 0 0 0 0 0 0.08951061218976974 0 0 0 4.137254573404789 0.1215445399284363 0 13.18643724918365 0.6364707201719284 25.11089514940977 6.866196863353252 71.77621878683567 3.028976917266846 0.1059379577636719 0.3893488198518753 0.1416335701942444 0 0.1264306306838989 0 21.90413495898247 0 0 0 0 0 91.23472750931978 4.449338898062706
393.2555292025208 3110.860633134842 37.50693025439978 1820.133292987943 2295.766954995692 140.0119047611952 2272.968130379915 4.45079243183136 1335.765486769378 2842.831290319562 43.85768167674541 61.73362338542938 3844.730499684811 896.6799683198333 4.255382649600506 2.47208821028471 0.1317508220672607 0 0 0 0.137798473238945 0.1770211905241013 0 0 0 0 0.4545594453811646 0 0 0 247.7569048404694 22.34683836251497 12.1858321800828 0 0 0.1259451508522034 14.82319709658623 1.794549874961376 0.5084759369492531 0 0 0.2529561519622803 0 0 0 0.3228405117988586 72.20218039304018 5.560820437967777 0.4698899462819099 0 0.4894047453999519 0 0 0 38.9225315451622 27.69851289689541 81.06569601595402 190.9101241976023 74.60886810719967 28.4091410562396 0 0.6062376350164413 0 87.13707690685987 9.185780838131905 6.721753567457199 1.375942096114159 0.4624694734811783 0.17099479585886 0 12.81006810814142 0 0.2810514122247696 313.2972634136677 128.30194542557 172.5539511069655 33.89677152037621 0.4777910336852074 0.7880619764328003 0.6340072974562645 0 0.2171588987112045 34.30670158565044 0.7130724713206291 4.890016950666904 6.288520105183125 0.3353435099124908 0.1615679934620857 2.391841314733028 0.09875466674566269 0.8996305465698242 0.2648984044790268 0 0.5224742591381073 0.2058102041482925 115.3600943982601 0.7357099428772926 0 1.360167846083641 197.3054962307215 6.690044797956944 13.43299673497677 32.07318231463432 100.0438498109579 3.223902225494385 2.63711442053318 26.71143914759159 26.87562993168831 41.30381290614605 18.43792214244604 2.87273733317852 27.86857593804598 18.23350554704666 26.00176630914211 5.449912384152412 0 0.4213414192199707 0 0 0 0 0 0 0 0 0 0 0 0 0 0 0 0 0 2.185030020773411 1.478904783725739 0 0 0 1.164323717355728 0 0 0.5872334688901901 0 0 0 0 0.152740865945816 0 0 0 1.760325685143471 0.9049136862158775 0 0.217087134718895 0 0 0 0.392651304602623 0.7245603576302528 0.08431816846132278 7.093873463571072 6.288742817938328 0.6537554189562798 0 0 0 0.9238789975643158 0.5257692188024521 1.044508308172226 0 0.1290296018123627 0 0 0 0 5.2314228489995 0 0 0 0.09915952384471893 0 0 0 7.071770519018173 5.23891980946064 1.545469835400581 1.210403710603714 0 0.2082027345895767 0.4049274399876595 0 0 0.1473582983016968 0.09201079607009888 0 0 5.361743725836277 0.4499422162771225 2.893552400171757 225.5510065853596 11.46380686759949 615.3876487761736 168.3819511085749 267.1479584723711 109.1273778453469 3.174756459891796 26.33953184634447 6.279515333473682 0.2710908651351929 16.75259598344564 1.692578718066216 20.69221702218056 2.525729104876518 0 0.545172393321991 3.300982318818569 0 167.7688646987081 10.38343180716038
8.195363596081734 104.8631156757474 363.9499248340726 32.67882190644741 17.0389052927494 14.82138202339411 4.45079243183136 175.3754096925259 115.2080978751183 5.166860848665237 1169.192634917796 13.8618158698082 151.0794956386089 496.0288400352001 5.041338093578815 4.357323415577412 1.068981118500233 0.7304149866104126 0.5754197984933853 7.329598218202591 40.97851169109344 0.2844580113887787 81.68128188699484 24.75449678301811 60.92391478270292 5.564623437821865 47.2411040365696 1.84108766913414 0.1211524829268456 0.7294457703828812 393.9282042384148 551.1741157248616 316.2638432905078 3.959960676729679 60.79008568078279 29.09390823543072 520.9413330182433 145.3190683051944 114.1591249406338 16.60790655761957 22.30802730470896 4.203692309558392 14.84792008250952 0.6338211894035339 0.859914630651474 6.469466537237167 25.57294734567404 5.692172646522522 3.496368907392025 17.3935467004776 88.24303911626339 0.3176465928554535 0.1433079391717911 1.750378824770451 3.336861357092857 2.921669915318489 11.45011599361897 123.3238782659173 10.82403822988272 4.942629285156727 30.38176760077477 296.0940176695585 6.354890733957291 509.3946661055088 1.413534179329872 15.47785437107086 7.608325026929379 107.2376275211573 137.0334233120084 50.00584647059441 237.2057047411799 4.33866260945797 0 47.72214801609516 55.38937524706125 45.5675722360611 99.3003880828619 30.10393065214157 957.9695801734924 1720.712368942797 9.604223966598511 517.791917309165 5.086212359368801 0.1205527931451797 5.144579790532589 3.370447769761086 15.82195681333542 0.2389989867806435 2.315231837332249 0 5.504070706665516 0.8822664171457291 132.7200846076012 52.46103859692812 3.643799975514412 28.30460334569216 2.301180079579353 0 15.42908173799515 18.90191491693258 3.906868830323219 2.503881290555 7.921536207199097 0 3.35983057320118 1.079408705234528 6.719709619879723 1.53915798664093 4.813204623758793 9.61552357673645 5.348624557256699 6.830084204673767 41.99048256129026 39.05167755484581 24.91717672348022 0.2007443755865097 0.3213346228003502 0 0 0 0 0 1.21781749278307 0 0 0.8168820068240166 0 0 0 0 0.5727081224322319 0 2.13865289837122 0.1440480202436447 6.754123315215111 1.809305623173714 0 0 0 16.48498826473951 0 1.065060764551163 1.16915537416935 0.5588245987892151 0.2413496971130371 0.6691882759332657 0 0 0 0.3450621664524078 0 0 1.327410355210304 0 0.7094893306493759 1.419593542814255 1.492428980767727 2.127569660544395 0 0 0.1121396645903587 0.2548552304506302 0.6168868541717529 0 0 0 0.6138030886650085 1.228630587458611 0.1606255918741226 0.08752225339412689 0.09100534021854401 0.08996464312076569 0 0.08754449337720871 0 1.006249204277992 29.57747817784548 0.4594794362783432 0.1246582642197609 0.1040066108107567 0.9712251797318459 0.3804068863391876 0 0 1.556776449084282 0.7943437844514847 2.272776633501053 0.2809390127658844 0.3967589139938354 0.08146040886640549 0 0 0 0.5144974142313004 0.3806848526000977 0.1098450645804405 0 15.02818033844233 6.91628310084343 8.860125795006752 58.64143145829439 10.56038118898869 96.57443787902594 34.81045767664909 24.36147079616785 13.59531193226576 0.5664224624633789 5.405533567070961 10.63686104863882 0 5.53351067006588 1.637731157243252 5.776452019810677 1.88539046049118 0 0 0 0 56.51694805920124 12.16966839134693
73.3141862526536 2015.647470094264 509.497147552669 39.93013332039118 3710.985705383122 14.52217730134726 1335.765486769378 115.2080978751183 1713.963339678943 39.15913440287113 1113.099230587482 7.128613293170929 867.6266016215086 1839.737544514239 3.511770889163017 1.350045599043369 0 0 0 0 0.6046565771102905 0 0 0 0.1904592961072922 0 0.3697077929973602 0 0 0 157.0137151628733 18.58593751490116 35.02443826943636 0 0 0 17.71899347752333 0.2316112145781517 1.762896150350571 0.1152694746851921 0 0 0 0 0 0 26.91400312632322 1.482800967991352 0.1669753789901733 0 0.09515290707349777 0 0 0 8.320004336535931 6.983381725847721 21.94196853786707 63.59931294620037 24.72124870121479 6.988493971526623 0.4381866306066513 0.5087333917617798 0 51.62807212024927 2.775968089699745 1.227432362735271 0.5011392459273338 0 0.2679682895541191 0 4.399118304252625 0 0 84.10540214180946 51.12641217559576 70.65441928058863 21.06085058301687 0.6652949824929237 0.9513560384511948 0.7928280532360077 0 0.1897841319441795 9.129521310329437 0 1.58734005689621 1.568823792040348 0.2685660421848297 0 0.3324178159236908 0 0.09392309933900833 0 0.3763455599546432 0.1228379756212234 0.2292263954877853 6.807931281626225 0 0 0 57.31535585969687 0.3335979282855988 0 0 0 0 0.6914684176445007 1.645168542861938 0 0.3541529476642609 1.464712537825108 0.1327340602874756 1.543169677257538 1.250883370637894 0.6745067834854126 0 0.09535454958677292 0 0 0 0 0 0 0 0 0 0 0 0 0 0 0 0 0 0 1.996654033660889 0 0 0 0 0.9324364364147186 0 0 0.265279084444046 0 0 0 0 0 0 0 0 0 0 0 0 0 0 0 0 0 0 0 0 0 0 0 0 0 0 0 0.08650703728199005 0 0 0 0 0 0.8542566895484924 0 0 0 0 0 0 0.1589456647634506 0 0 0 0 0 0 0 0.0740484744310379 0 0 0 0 0 0.6296185255050659 0 0.5205420777201653 130.0983060374856 5.566199213266373 231.695746243 64.83098901063204 70.11808074265718 49.96510554850101 0.9103945046663284 11.54094468057156 0 0 0 0 0.244728222489357 0 0 0 2.713009342551231 0 32.69014471769333 0.9932244271039963
367.0827128440142 942.0342531278729 20.09549771249294 4058.695241965353 190.2675486579537 961.4284733682871 2842.831290319562 5.166860848665237 39.15913440287113 4950.393593356013 11.34350034594536 5492.820567727089 5685.747232854366 328.860474050045 2.36178357899189 2.665693297982216 0.1274229288101196 0 0 0 0.132229670882225 0.8662858903408051 0 0 0.1923142075538635 0.257645845413208 0 0 0 0 76.83862583339214 4.161192074418068 30.0679088383913 0 0.126215010881424 0 97.65199818462133 0.594739705324173 11.15271264314651 0.1257138103246689 0 0 0 0.263747550547123 0 0 13.39211259782314 0.8159429952502251 0.2458750754594803 0.1140480190515518 0.1131801381707191 3.527702644467354 2.941341146826744 0 8.810778923332691 6.467029422521591 34.37847406417131 56.21150023490191 19.3609983548522 6.087040714919567 0 0.2939358055591583 0 18.11741009354591 3.632083714008331 1.03162420541048 1.020434305071831 0 0 0 786.824766933918 27.24517634510994 5.740165062248707 65.64632030576468 30.33528848737478 35.80052972584963 9.910533882677555 0.4166710674762726 0.3467801511287689 1.67418560385704 0 2.409218207001686 8.527804426848888 1.094481512904167 0.3189668357372284 1.521919094026089 0.5117958188056946 2.933683291077614 3.686750859022141 4.277651928365231 3.660042531788349 4.810795359313488 0 0.1459912210702896 0 1465.713969185948 111.2858758866787 7.628650821745396 33.74326149374247 99.18159773945808 1.719783902168274 35.91696520149708 31.35899299383163 31.24570072442293 5.041633084416389 14.04379458725452 112.5196446180344 1.60747292637825 133.8897914364934 84.0148673132062 14.37974930554628 72.18287336826324 139.7656373232603 99.28196387737989 29.65797126293182 0.1662842929363251 0.3277305737137794 0 0 0 0 0 0 0 0 0 0 0 0 0 0 0 0 0 5.287465617060661 9.198215775191784 0 0 0 11.44196818768978 0 2.226592525839806 0.1236721649765968 0 0 0 0 0.1308686435222626 0.6026346683502197 0 0 0.3734326064586639 0.7679153308272362 0 0 0 0 0.1421857178211212 0 0 0 3.636156350374222 0.6781765446066856 3.706746503710747 0 0 0.3839677572250366 1.089769646525383 0 0.08172313123941422 0 0 0 0.159898966550827 0 0 18.54065760970116 0.1602074503898621 0 0.1602092534303665 0.1343818306922913 0.9791110754013062 0 0 1.473509415984154 0.3600134253501892 1.238420940935612 0.5679881945252419 0.8808887898921967 0 0 0 0 0 0.1517002433538437 0 0.2834722995758057 48.0134796127677 4.489914894104004 6.152667298913002 57.397864587605 1.229620531201363 122.935067564249 26.05292738974094 570.64398560673 17.75333910435438 0.451477512717247 6.504989489912987 14.64998061209917 0.1322651654481888 5.831040695309639 0.2507341355085373 92.65198285877705 0.3954764604568481 0 0 0.9645775407552719 0.5081275701522827 649.3332369849086 64.97560715675354
39.85585419088602 440.3709166869521 2453.946285106242 38.68492133915424 426.5305979326367 23.80860938876867 43.85768167674541 1169.192634917796 1113.099230587482 11.34350034594536 1466.653031997383 7.084764733910561 301.7708482220769 1794.99594950676 2.346926763653755 2.271119177341461 0 0 0 0.1080658212304115 1.307606488466263 0 1.194499522447586 0.3896442949771881 3.026198968291283 0.4006946384906769 1.005569189786911 0 0 0 494.5622276067734 200.7780556902289 713.5753059238195 0 0.8075218424201012 0.2578413933515549 314.1320232674479 21.237041272223 20.6683589220047 2.493709705770016 0.4238274395465851 0.548675425350666 0.1013322696089745 0 0.08891916275024414 0 17.10395953059196 1.039010852575302 0.365979790687561 0.705644965171814 1.82469791918993 0 0 0 6.061905086040497 4.532512463629246 24.81163650006056 95.75376402586699 18.19148225337267 6.934270776808262 0.2801161855459213 12.90361367166042 0.1215625032782555 111.2040813937783 2.620570421218872 1.172211781144142 0.3770186975598335 3.193868167698383 3.184681661427021 1.268459692597389 104.7676674351096 0.5353508442640305 0 72.1206299290061 41.73452024906874 45.20270098000765 20.17353834211826 1.444333933293819 17.12490086257458 139.8497321382165 0.187306210398674 4.696409940719604 6.893560938537121 0 1.215342678129673 0.6289655268192291 0.5541749969124794 0 0.8302650302648544 0 0.8585072681307793 0.3087727129459381 2.452779293060303 4.821173772215843 0.1228973865509033 10.11599911749363 0.5374944359064102 0 2.429602786898613 14.07193078845739 1.720819264650345 0.1640144288539886 5.84711255133152 0.4746657013893127 0.8600116968154907 2.618024900555611 1.669031545519829 0 5.20268277823925 4.872666776180267 2.444320015609264 8.495819687843323 12.070696413517 13.88421995937824 4.745120674371719 0.1767361760139465 0 0 0 0 0 0 0 0 0 0 0 0 0 0 0 0 0 0 2.353405565023422 0.1043809950351715 0 0 0 5.810542657971382 0 1.810875341296196 0 0 0 0 0 0 0 0 0 0.1880770027637482 0.539019338786602 0 0 0 0 0 0.09926850348711014 0 0 0.0928642675280571 0.8133212327957153 0 0 0 0 1.436121881008148 0 0.07354733347892761 0 0 0 0 0 0 9.041339494287968 0 0.1575047075748444 0 0 0 0 0.1127871721982956 0.6294626668095589 0.08257432281970978 0.4186364933848381 0 0.1169663816690445 0 0 0 0 0 0 0.1521454453468323 0 10.5393296033144 1.867067962884903 4.969073995947838 47.11952051520348 2.618021413683891 126.7173619046807 30.0946136713028 24.58781310170889 16.2268913090229 0.3952770382165909 6.42547670006752 3.956585861742496 0 0.7367094531655312 0.099773108959198 0.2330431342124939 0 0 0 2.102828502655029 0 39.56474813073874 8.989041656255722
27.55799742043018 53.57519529759884 22.50747889280319 532.0121166557074 11.65954701602459 189.9797274917364 61.73362338542938 13.8618158698082 7.128613293170929 5492.820567727089 7.084764733910561 781.1631109565496 1547.00377612561 76.16312730312347 2.641027092933655 1.637878350913525 0.2164973616600037 0 0 0 0 0.1747120916843414 0.9575910717248917 0 0.4740165024995804 0 0 0 0 0 11.73910692334175 10.85486087203026 17.80257568508387 0 0 0 96.56546770781279 0.9733680039644241 6.433024674654007 0 0 0 0 0.3215039968490601 0 0.1390179842710495 6.351419813930988 0.1659853160381317 0 0 0 0.09508509188890457 0 0 0.8064780980348587 0.7324426919221878 7.320176675915718 8.660891734063625 2.450128331780434 0.9760264009237289 0 0.2436540722846985 0.1025028377771378 7.06609869748354 0.4279297143220901 0.2694565281271935 0.2199725657701492 0 0.1302653253078461 0 134.1160129979253 1.350665360689163 0.240914098918438 12.70381841808558 5.056889541447163 14.08499723672867 3.187762767076492 0.7548821270465851 0.651276707649231 0.5025429725646973 0 0.5744656324386597 1.28656704723835 0 0.400474451482296 0.09338777512311935 0.209876760840416 0.2301753908395767 0.8263755664229393 0 0.6347390413284302 0 0.2742669284343719 0.1399333626031876 0.9893306642770767 881.7582942247391 6.023859933018684 0.6412239968776703 2.771708786487579 28.20282842963934 3.899427071213722 18.59491091221571 19.47715636342764 8.135172046720982 4.823231905698776 9.952029265463352 63.42650093138218 3.555583357810974 48.06917228549719 51.12778367847204 9.531623497605324 43.80543530732393 121.0137237012386 117.9466902837157 41.61086443811655 0 0.6950954794883728 0 0 0 0 0 0 0 0 0 0 0 0 0 0 0 0 0 8.138431213796139 13.21748777478933 0 0 0 14.86201214045286 0 0.6815968453884125 0 0.1538195163011551 0 0 0 0 0.1230184361338615 0 0 0.7207146286964417 1.451364740729332 0 0 0 0 0 0 0 0 0.6669624522328377 3.858337633311749 1.099633380770683 0 0 0 0.2496290653944016 0 0 0 0 0 0 0 0 33.99303289502859 0 0 0 0 0.9684438556432724 0 0.2879184782505035 1.380553692579269 0.6419325917959213 3.06882943212986 0.862649068236351 0 0 0 0 0 0 0 0 0 62.13546723872423 4.426266133785248 8.703522115945816 39.53832327574492 0.7068605422973633 42.60997381806374 15.24594280123711 102.1216069161892 7.426992796361446 0.1195352002978325 7.102509953081608 10.96083947271109 0 6.140441946685314 0.530476450920105 30.53400189429522 0.1172424703836441 0 1.401727676391602 0.7608990371227264 0 253.4438037797809 47.39045931398869
96.28334698081017 1695.453631445765 289.8107417821884 561.220125310123 1348.527035839856 149.8032619953156 3844.730499684811 151.0794956386089 867.6266016215086 5685.747232854366 301.7708482220769 1547.00377612561 5590.502912603319 2987.875096671283 25.36901199817657 25.37858505547047 1.041443109512329 0.2311139851808548 0.3473135530948639 0.1164118871092796 0.6935239881277084 1.935682505369186 2.070183902978897 0.4864825457334518 3.535907104611397 0.2003360092639923 1.011482119560242 0.7324318513274193 0.09360136091709137 0 174.2456727549434 89.24678444862366 418.7580558732152 0.5126069784164429 0.851490706205368 1.389780461788177 1191.649463929236 10.74135462939739 38.42439611256123 4.892478473484516 1.722216531634331 2.757629960775375 0 2.067733265459538 1.267867416143417 1.068368509411812 97.99272509664297 2.523883104324341 0.1240792647004128 0 2.563327804207802 0.08801119774580002 8.821748718619347 0 16.78229331970215 9.319607488811016 45.53275539726019 107.5209598690271 40.80547807365656 19.10447721928358 0.3733867928385735 4.892840273678303 0 119.1558944359422 4.886842489242554 2.605570562183857 1.092420250177383 2.702333308756351 1.457869805395603 0.3550597131252289 798.3737288564444 21.37423682957888 0.5842273980379105 170.478332452476 102.4403325840831 214.0384320542216 70.56675069779158 22.84015992283821 10.81475717574358 16.27772737294436 2.198416955769062 22.98790537565947 14.51273840665817 0.3003007024526596 1.480348832905293 3.073421634733677 0.3560440465807915 0.2020140513777733 3.45986645668745 0.133604496717453 5.085549235343933 3.857965894043446 2.228869274258614 6.705117434263229 6.177447780966759 1518.044465355575 8.111247561872005 0.4414474219083786 14.8506738319993 170.4794223606586 9.198584638535976 28.99250867962837 53.97356995940208 14.46864381432533 12.69473960995674 19.41706301271915 141.0322837978601 5.298442579805851 121.2818968445063 111.5195740461349 46.37104340642691 134.1888052597642 307.4325313270092 301.2564693465829 128.8278807103634 1.191058307886124 0.3536889180541039 0 0 0 0 0 0 0 0 0.304859071969986 0 0.9617095589637756 0 0.2132557332515717 0 0.9078034907579422 0.1486044675111771 0 13.99551872164011 25.01708019524813 0 0 0 72.05245850980282 0 7.252346411347389 5.963772028684616 2.674802146852016 0 0.1683963388204575 0 0 0.1021975427865982 0.1898245215415955 0 0.8212468475103378 2.381123438477516 0 0 0.205944687128067 1.125019900500774 0 0.5269433259963989 1.222007900476456 0 2.969830542802811 4.170098721981049 2.154778406023979 0 0.8791497945785522 1.791452199220657 5.754264123737812 0 0.1224887669086456 0 0 0 0 0 0.121971383690834 125.0954408049583 1.79017548263073 0 0 0.1035301834344864 3.13778568059206 0.1123111695051193 0.3241070061922073 4.422058470547199 2.96075914055109 5.519086301326752 2.655277356505394 0.4079699739813805 0 0 0 0 0.3363625183701515 0 0 0 164.0007895827293 20.50262685865164 37.0334457680583 445.8148242682219 7.897262573242188 584.3986336290836 207.8739027902484 239.0361243262887 120.8284263536334 0.8013632595539093 60.91523734480143 41.82019350677729 0.1299343258142471 20.70585955679417 2.101615644991398 49.81776628643274 3.135868154466152 0 0.6262468099594116 7.405605047941208 1.313276410102844 480.3586984425783 102.5884821563959
105.3444768339396 1847.876332722604 1277.845740899444 31.54918848723173 1688.014651894569 49.42998782545328 896.6799683198333 496.0288400352001 1839.737544514239 328.860474050045 1794.99594950676 76.16312730312347 2987.875096671283 1330.15337908268 21.49740481376648 24.32528066635132 0.8547704666852951 0 0.3700383231043816 0.2567467391490936 1.202639922499657 0.7875982522964478 2.42278278619051 1.470210492610931 6.307707510888577 0.1165337786078453 4.638870865106583 0.1988761723041534 0 0 400.3217080533504 163.7363260686398 2116.744128808379 0 1.62808021903038 1.564015969634056 1659.387290231884 45.67920465022326 43.9528744071722 4.312561884522438 0.8945779204368591 1.350888796150684 0.1825901716947556 1.549027062952518 0.5392627492547035 0.2638909891247749 100.7427394539118 4.101333744823933 0.5320699587464333 0.7005300670862198 7.430049158632755 0 0.5538867264986038 0 15.99872376024723 14.37794613838196 44.10532237589359 162.5530252233148 54.48236288875341 23.3692806661129 0.4768709391355515 32.16890650242567 0 174.5018744841218 5.625962242484093 3.760466285049915 1.453904815018177 2.406061053276062 2.62641316652298 1.882833227515221 284.547837048769 4.20956838876009 0.580102302134037 189.1813077926636 131.3794795572758 217.5107946246862 87.16143791377544 15.18032629787922 37.34248022735119 183.9227538779378 1.032348468899727 42.33242429047823 24.16549502313137 0.2594576254487038 1.911218151450157 3.14047971367836 0.9721888527274132 0.4002789407968521 1.767035871744156 0.09835346043109894 4.20862141251564 0.8682912439107895 7.432134926319122 10.32402680814266 1.250025570392609 120.367766700685 2.775977715849876 0 5.22150531411171 118.4168325513601 2.112737730145454 2.685322888195515 6.144402198493481 0.27122812718153 4.089629143476486 6.352023161947727 25.7236498221755 1.317427709698677 18.78101385384798 21.95064857602119 7.769838511943817 20.13819558918476 56.72461643815041 70.02289206534624 34.23429097980261 0.9683219417929649 0.1057703495025635 0 0 0 0 0 0 0 0 0 0 0 0 0 0 0 0 0 2.684997797012329 6.18817426264286 0 0 0 19.60204114764929 0 3.956495806574821 2.39005908370018 0.1303718537092209 0 0 0 0.257205419242382 0.4008665680885315 0.1219598203897476 0 0.09136918187141418 1.852670960128307 0 0 0 0.1540628671646118 0 0 0 0 0.07881719619035721 0.3960431143641472 0.8001279085874557 0.1223861053586006 0.794338583946228 0.2749268710613251 0.7580909579992294 0 0 0.08556982129812241 0 0 0 0 0 40.15691278874874 0.7866825759410858 0.4335455298423767 0.2022234499454498 0 1.165368214249611 0.1365157514810562 0.1784698367118835 0.3860812559723854 0.8368259370326996 0.7142723798751831 0.3671781197190285 1.253217503428459 0 0 0 0 0 0.1366945207118988 0 0 39.42560596764088 11.81035988777876 12.38901963084936 401.95007879287 9.230518959462643 606.2396560907364 197.2896530628204 151.3514812290668 110.7458566129208 5.784130461513996 42.55955629050732 14.75760475546122 0.2345500290393829 7.070577509701252 0.6291248798370361 8.75823687016964 0.4894436523318291 0 0.4532238841056824 4.75214621424675 0 137.0463203042746 20.38004701584578
