394.3136639744043 2742.314536102116 376.4135177284479 1827.045090481639 185.2386768907309 182.1648491844535 729.7767825871706 62.76592719554901 53.18532858788967 755.4029176607728 372.6282792314887 13.70856794714928 87.09294393658638 110.9797661453485 1.698533050715923 0.4867113009095192 0 0 0 0 0 0 0.3365122079849243 0 0 0 0 0 0.1299750506877899 0 421.4481952413917 1.799357920885086 17.21094846725464 0 0 0 7.810520142316818 0 0 0 0.5811079293489456 0 0 0.3992224335670471 0 0 8.965438231825829 2.30784722417593 0.2709091380238533 0.7369178608059883 0.7566173076629639 0.9514788687229156 0 0 5.797455579042435 8.280818738043308 208.3293649479747 399.8710691332817 22.55031802505255 18.81984597444534 0.2963822409510612 3.896896436810493 0 10.11199317872524 2.140644542872906 3.556087382137775 1.145519316196442 0.4284148961305618 0 0.9707488566637039 9.862964421510696 0.4842965602874756 0 139.5834089964628 28.05973674356937 12.71072134375572 0.2682845294475555 0.1868083477020264 2.168179512023926 39.2034300044179 0.1365630030632019 9.720575824379921 13.173021286726 1.112109676003456 4.059321373701096 5.096983447670937 0.5272584930062294 1.559500001370907 0.6834160014986992 0 0 0.1115370988845825 0.8518870174884796 0 0.3149270117282867 36.71944189071655 0.5729585140943527 0 0 602.3639582842588 0.5035970211029053 0 1.198735773563385 0.2241072058677673 0.2333641648292542 6.583798229694366 1.657357215881348 0.579491138458252 11.1190200895071 19.60738020390272 0.9666765183210373 9.984100088477135 8.064121730625629 17.5859482139349 5.593869358301163 0 0.1343962252140045 0.1261281371116638 0 0 0 0 0 0 0 0 0 0 0 0 0 0 0 0 0.9993008822202682 0 0 0 0 1.651541322469711 0 1.161114051938057 0.9843499362468719 0 0 0 0 0 0 0 0 0 0.2297642230987549 0 0 0 0 0 0 0 0 0.1367272287607193 0.2524381577968597 0 0 0.6123625636100769 0.1016897782683372 0 0 0 0 0 0 0 0 0 7.865147948265076 0 0 0 0 0.1679066270589828 0 0.299714058637619 0.5989902019500732 0 0.3404144868254662 0.1556508243083954 0 0 0 0.1346699148416519 0 0 0 0 0 3.744906857609749 2.481023252010345 1.760499283671379 251.6813845559955 4.232441566884518 104.6528873220086 2.459193602204323 597.4794559404254 6.345214650034904 2.565333098173141 0.2280576974153519 16.19549436122179 0 0.680739052593708 0.3326729461550713 33.44328248500824 0 0 0 0 0 125.4047037512064 3.822911396622658
2742.314536102116 2589.959937758744 531.9308378174901 2458.550751805305 1837.775677107275 116.5693829357624 2743.978301428258 145.7618189230561 1905.115875825286 2040.560362078249 2210.153107538819 18.58298313617706 1031.245862498879 1166.923139624298 11.34132218360901 0.2423866018652916 0.2954063788056374 0 0 0.2174522206187248 0 0 0 0 0 0 0 0 0.1099516674876213 0.1004564985632896 741.4580842852592 2.536778144538403 26.17307416349649 0 0 0 6.202420189976692 0 0.7910287976264954 0 0.1025231927633286 0.125397190451622 0 0.1059762388467789 0 0 66.71860461682081 3.56014359742403 0.1067387536168098 0.3269557356834412 0.1361450105905533 0 0.2135798633098602 0.46371029317379 11.65977814048529 14.20918021351099 175.5910572707653 500.707137785852 25.98293323069811 71.50161579251289 0.9725625813007355 1.579447656869888 0 65.53767112642527 6.709151186048985 10.41831497848034 3.511008866131306 1.492922507226467 0.1487220525741577 1.398583002388477 9.211848273873329 0.3606956750154495 0 320.8034840449691 99.17119489610195 96.31773602217436 3.837957739830017 0.6577309668064117 0.7850794419646263 30.82739894837141 0.7439703270792961 2.962874069809914 27.69480903446674 1.624235846102238 10.96374148130417 13.27759554982185 2.488792300224304 2.483211144804955 2.542545929551125 0 0.5965342745184898 0 0.3845818638801575 0.1241863816976547 0.09813910722732544 13.6349393799901 1.282018899917603 0 0 614.6347231566906 1.049018368124962 1.107656821608543 1.392154917120934 0.5066612362861633 0.1287219077348709 9.293054074048996 0.1864887028932571 0.3014722466468811 45.93108057975769 19.58440274745226 1.149690374732018 20.10553251951933 18.34442042559385 33.80181052535772 14.69779925048351 0.1599615216255188 1.063832595944405 0.1126879081130028 0 0 0 0 0 0 0 0 0 0 0 0 0 0 0 0 1.765791662037373 0 0 0 0 5.867650337517262 0 2.577212974429131 0.5809219479560852 0.5562798976898193 0 0 0 0 0.1987776458263397 0 0 0 0 0 0 0 0 0 0.1065921410918236 0 0 0.4194325283169746 0.7809741497039795 0 0.217779815196991 0 4.852986827492714 1.90063165128231 0 0 0 0 0 0 0 0.09920263290405273 23.34202960878611 0.8206937909126282 0 0 0 2.15650536864996 0 0.7445797026157379 0.5480334758758545 0.09906112402677536 0.4444245994091034 0 0.112114742398262 0 0 0 0 0 0 0 0 10.12816419452429 8.667412579059601 4.688854388892651 242.153347350657 9.465657450258732 398.0719828009605 8.27720744907856 386.6714055463672 22.18279028683901 0.7855072766542435 6.02400479465723 9.838390253484249 0.107194684445858 3.611055292189121 0.5772154033184052 19.88973121345043 0 0 0 2.98658399283886 0 129.2474650666118 21.78252716362476
376.4135177284479 531.9308378174901 310.3388186395168 214.5260429084301 61.53430210053921 4.142363265156746 57.49946320056915 3122.829740732908 815.3677765130997 30.5565215498209 3655.915469482541 0 57.48114398121834 632.6709296479821 9.676745228469372 2.99350319057703 0 0 0 0.2413342073559761 0.3260779678821564 0.2556270360946655 0.1724828779697418 0 0.6762137562036514 0 0.2434879243373871 0 0 0 2501.276314713061 24.83920472860336 62.18277356773615 0 0 0.4777663126587868 19.05949344485998 1.33699893951416 0.4704186916351318 0.170810878276825 2.102053605020046 0.1838446855545044 0 0.659165047109127 0 0.2329808920621872 19.31018736958504 0.6435536295175552 0.1435673236846924 0.4821444898843765 0 0.2860736697912216 0 1.210746899247169 3.243376977741718 1.638390719890594 53.60007992386818 467.2835262864828 4.859148003160954 13.76362267881632 0.7211039140820503 8.132299676537514 0 129.4599710330367 1.352892436087132 1.933904349803925 0.5106109902262688 0.6351945027709007 0.1531680673360825 0.8314570412039757 23.27251593768597 0.7220755070447922 0 66.78923119604588 32.37158235162497 22.8230934664607 2.749111883342266 2.41869805008173 13.2457097992301 539.8279830217361 1.260278344154358 28.99858015030622 4.747421480715275 0.2215684875845909 2.002336718142033 2.324476137757301 0.2451438009738922 0.4681698977947235 0.6024012640118599 0 0 0.1412870287895203 1.722990922629833 1.572494387626648 0.5132679343223572 7.62050399184227 0.6619532406330109 0 0.6173881962895393 199.0265716612339 0.09666026383638382 0.09625019133090973 0.4223350510001183 0 0 2.053617581725121 0 0.3583822324872017 5.160144954919815 8.285040885210037 0 9.278311438858509 7.106855221092701 16.54969195276499 7.4381033629179 0.1257528513669968 0.5253356322646141 0 0 0 0 0 0 0 0 0 0 0.1204147785902023 0 0 0 0 0 0 2.31563126295805 0.3214099109172821 0 0.1939446926116943 0 2.425438418984413 0.122939832508564 2.271356634795666 0.2846324220299721 0.5798549950122833 0 0 0 0 0 0.1204647421836853 0 0.5683033913373947 0 0 0 0 0.2416911944746971 0.1220141649246216 0 0.1746654361486435 0 0 0.7271413803100586 0 0.2449431419372559 0.3527606651186943 4.243776574730873 0 0 0.1504472643136978 0 0 0 0 0 0 9.908411033451557 0 0 0 0 0.5245934426784515 0.2009887993335724 0.1898779422044754 0.4069021195173264 0 0.4783009961247444 0 0.1628646552562714 0 0 0 0 0 0 0 0 4.925544291734695 3.34920497238636 4.024116478860378 112.1540062129498 5.816943615674973 88.74720955640078 9.849520415067673 39.64334903657436 4.534987322986126 0.6493798792362213 2.500009834766388 3.858578220009804 0 2.393392093479633 0.1975979506969452 4.048720374703407 0.7847738265991211 0 0 0.6971420794725418 0 23.71852997690439 6.778495021164417
1827.045090481639 2458.550751805305 214.5260429084301 738.4683517739177 255.2316532805562 1084.671260237694 1333.680230371654 0.6247082352638245 158.3977871835232 2874.975998744369 54.10938514769077 118.4783282727003 629.9225541353226 140.7370917499065 1.711188822984695 0 0.1180414110422134 0 0 0 0 0 0 0 0 0 0 0 0 0 81.80253607779741 1.725484356284142 1.839162945747375 0 0 0 2.046137720346451 0 0 0 0 0 0 0.0983366072177887 0 0 10.38097022473812 0.7565834149718285 0.1108777076005936 0.1285482347011566 0 0 0 0 2.251064725220203 2.979208305478096 66.71312725543976 116.642382979393 8.893101677298546 14.04247082769871 0.1252861469984055 0.2839207351207733 0 10.86076198518276 2.847366914153099 2.580874919891357 1.535288117825985 0.5509308874607086 0 0.6729480922222137 2.428709849715233 0 0 79.47334083169699 16.52323168516159 20.41028588265181 0 0 0.3874531686306 0.1296633183956146 0.253885492682457 0 6.574393346905708 0.3405237793922424 2.157392092049122 5.035116590559483 0.1513129025697708 0.5052968710660934 0.6601110473275185 0 0 0 0 0 0 32.8063290938735 0 0 0 386.9009108692408 0.6249524056911469 4.967829197645187 1.997832998633385 2.888327166438103 0 13.62805226445198 10.60355091094971 0.7049262523651123 132.0650991797447 15.33060659468174 0.6829271614551544 37.75112698972225 31.59576413035393 24.95297206193209 2.928178407251835 0.420452892780304 0 0 0 0 0 0 0 0 0 0 0 0 0 0 0 0 0 0 0.1761873811483383 0.5600770711898804 0 0 0 1.503104373812675 0 0.8643592000007629 0 0 0 0 0 0 0 0 0 0 0 0 0 0 0 0 0 0.1549086421728134 0 0 0 0 0 0 0.5086010098457336 0.1992207616567612 0 0.1172946095466614 0 0 0 0 0 0 5.329703316092491 0 0 0 0 0.505336582660675 0 2.056627959012985 0.3390626907348633 0 0.1204573065042496 0 0 0 0 0 0 0 0 0 0 3.25036846101284 0.3510418608784676 1.670007824897766 164.4860126525164 3.444869749248028 98.54608353227377 2.286842316389084 744.5377776622772 5.270621187984943 0.6845457553863525 1.879046469926834 6.988463461399078 0 0.7359685301780701 0.3520666658878326 17.50149656832218 0 0 0 0 0 113.8594964668155 4.231474578380585
185.2386768907309 1837.775677107275 61.53430210053921 255.2316532805562 988.6518701687455 15.70745731145144 338.2092199847102 5.798000752925873 1462.677455946803 597.8123692125082 411.6514483764768 18.46839880943298 348.5394466668367 557.4771449118853 15.99880025535822 0.2562512755393982 0.2571483477950096 0 0 0.1254120171070099 0.2756766378879547 0 0 0 0.29066202044487 0.1327691525220871 0 0.1470853686332703 0 0 259.4863200485706 2.573188930749893 34.93165047466755 0 0 0 18.38632040470839 0 0 0 0 0 0 0.08979568630456924 0 0.08374977111816406 78.08567220717669 2.673715807497501 0.3237789124250412 0.7454038113355637 0 0 0 0 6.673168003559113 6.345072828233242 52.06531039625406 190.0535836070776 8.213170930743217 43.3486088141799 0 4.320525273680687 0 71.5367526113987 1.50890726596117 5.237968787550926 2.416047170758247 0.6283778175711632 0 0.1138842925429344 16.60629986226559 0.6457958668470383 0 155.4583896845579 79.37540867179632 86.94467525184155 6.428049050271511 0.5139419436454773 0.4004308879375458 11.57881263643503 0.6051631048321724 3.019231542944908 13.88702817261219 0.6566488593816757 7.794617764651775 7.777755931019783 1.301031395792961 0.8377938568592072 0.9463084042072296 0 0.2128379344940186 0 0 0 0.1040510833263397 9.222196988761425 0 0 0.8348440527915955 48.58245474100113 1.227024026215076 1.010199785232544 6.090416483581066 0.1887418478727341 0 17.40299860388041 0.6745759695768356 1.798676162958145 31.07667075097561 51.26621253788471 0.5368238016963005 58.47947311401367 38.92848732322454 82.25942585617304 33.99131017178297 0.3967014402151108 1.362809173762798 0 0 0 0 0 0 0 0 0 0 0.2341775745153427 0 0 0 0 0 0 6.123961038887501 1.327345609664917 0 0 0.320221334695816 18.70866353064775 2.030773892998695 3.511951573193073 1.410889744758606 1.818086862564087 0 0 0 0 0.2883241176605225 0 0 0.2389283776283264 0.970886804163456 0 0 0 0.1288570761680603 0.2945523858070374 0.6772515475749969 0 0 1.084070987999439 1.188238769769669 0 0.4704000353813171 0 13.27943874150515 4.448328092694283 0.4965367913246155 0.2461597472429276 0 0 0 0 0 0 53.75558114796877 0.4079165160655975 0 0 0 6.424471579492092 0.3188797235488892 2.730253353714943 1.265247046947479 1.546143636107445 0.9257850646972656 0.1200256049633026 1.478439882397652 0 0 0 0 0 0 0 0 22.53815073519945 16.59202224761248 14.78737314045429 491.0830466002226 15.24908965080976 402.676013879478 21.21984329074621 119.7019543200731 32.46502362936735 0.1628949046134949 15.34990534931421 15.89115127921104 0 3.634934678673744 1.714247770607471 21.44730719923973 0.5440325140953064 0 0 3.486518077552319 0.7025988548994064 77.34192292392254 41.42804352194071
182.1648491844535 116.5693829357624 4.142363265156746 1084.671260237694 15.70745731145144 66.29134351015091 154.1255096867681 0.3441895544528961 10.73955011367798 1034.659935690463 2.566071525216103 30.14676946401596 56.96221908181906 16.12372761964798 0.1051411852240562 0.2304500564932823 0 0 0 0 0 0 0 0 0 0 0 0 0 0 18.02423651516438 1.573625087738037 5.492340698838234 0 0 0 13.78089755773544 0 0.9667315781116486 0 0 0 0 0 0 0 0.5591786578297615 0.1849333494901657 0 0 0 1.665843740105629 0 0 0 0.3947313278913498 181.9141222834587 20.01366706192493 18.13767160475254 0.6789714321494102 0 0.1255617141723633 0 1.861510559916496 0 0 0.5037474855780602 0.2063348293304443 0 0 63.66965820640326 26.98672388494015 6.48220282793045 4.849073469638824 0.5063774734735489 1.195666916668415 0 0.5545484870672226 0 0.814106360077858 0 0 0.1654846668243408 0.2541607543826103 0.1357751488685608 2.265583209693432 0 4.375728391110897 1.553487740457058 7.172859258949757 1.684550642967224 5.117828167974949 0 0 2.695762276649475 88.93114598095417 63.56021551787853 0.3896196782588959 3.716321170330048 279.5189968198538 0 0 0.6620739698410034 1.004317879676819 0 1.342143476009369 1.020582437515259 0.7359593510627747 5.226932302117348 6.819481611251831 0 4.536659210920334 6.404948435723782 4.322602264583111 1.302378535270691 0 0.6828290224075317 0 0 0 0 0 0 0 0 0 0 0 0 0 0 0 0 0 0 0 0 0 0 0.5961976423859596 0.1015160903334618 0.1746769845485687 0 0 0 0 0 0 0 0 0 0 0 0 0 0 0 0 0 0 0 0 0 0 1.132883317768574 0 0.3556943088769913 0 0 0 0 0 0 0 0 0 1.576561748981476 0 0 0 0 2.041835695505142 0 0 0 0 0 0 0 0 0 0 0.1300887912511826 0 0 0 0 1.676475316286087 0.3966298922896385 0.2562424167990685 63.89392447471619 0.5124216079711914 8.330586656928062 0.08827681094408035 440.843270920217 4.674047075212002 3.700299978256226 0.1400101333856583 5.620154723525047 0 0.1243606060743332 0 24.47363644838333 0 0 0 0 0 37.39977663755417 2.434073194861412
729.7767825871706 2743.978301428258 57.49946320056915 1333.680230371654 338.2092199847102 154.1255096867681 595.5623442679644 5.181243412196636 568.7946720272303 2341.630265533924 25.82548686116934 110.2320928201079 3504.796667203307 745.0218225643039 17.19690758734941 1.095925487577915 0.08769127726554871 0 0 0 0 0 0 0 0 0 0.09776182472705841 0 0 0 158.7173710390925 3.888427726924419 47.76771544665098 0 0 0 15.92662967741489 0.2313693538308144 0.6515006273984909 0 0.1222178116440773 0 0.3160322681069374 0.1815779954195023 0 0.1843589618802071 92.61173242330551 4.933512851595879 0.4300664737820625 0.4330584183335304 0 0 0 0.1213502883911133 12.14026468992233 14.57015360891819 127.3312398940325 309.1433141455054 22.09394413232803 68.39658115804195 0.4121083691716194 1.444008693099022 0.1126009002327919 61.56343434751034 5.607969000935555 10.37372894585133 3.25271587818861 1.784355871379375 0.1177578046917915 0.7404941692948341 18.98567087203264 0.776736781001091 0 302.0765116289258 98.47047810256481 115.3930158317089 5.482497021555901 1.16518323123455 0.9434514045715332 17.0699810385704 0.08122554421424866 4.500267922878265 32.4305382296443 1.128286130726337 13.53978479653597 13.66834469884634 2.518477044999599 1.55136339366436 2.421397589147091 0 0.6688478961586952 0 0.1196535304188728 0.2228041589260101 0.1150324568152428 13.93961469084024 0.3067691326141357 0 0.599079966545105 177.8889355361462 11.68124249577522 10.9814200848341 53.70285895466805 28.70976074039936 1.666333615779877 117.9877709746361 9.06526643037796 15.66584460437298 113.6376539245248 95.34375128895044 2.589105814695358 120.4003829360008 81.64797253906727 134.3273990079761 58.31790070235729 1.261867463588715 2.410939797759056 0 0 0 0 0 0 0 0 0 0 0 0.6060726046562195 1.064956545829773 0 0 0 0 9.636013962328434 2.438116505742073 0 0 0 22.32758393138647 0.7815218567848206 10.93695641309023 0.9046221151947975 1.799647033214569 0 0 0 0 2.09445758908987 0.1535022258758545 0 4.176417045295238 4.219673536717892 0.1697860360145569 0.1027021110057831 0.1687253713607788 0 0 1.175710454583168 2.461798176169395 0.5059505850076675 4.181379161775112 3.758960634469986 0 0.3413521945476532 0.5975131243467331 12.03564224392176 6.505218714475632 0.6243874728679657 1.305114306509495 0.1107308864593506 0 0 0.2368049472570419 0 0.1225975006818771 67.14748189598322 0.3393873572349548 0 0 0.2046250253915787 10.95536419004202 0 2.468279257416725 9.188688971102238 10.14703256636858 3.681096434593201 1.717464134097099 0.6444539204239845 0.396234005689621 0.1225496158003807 0 0 0.2155148014426231 0.09272923320531845 0 0.1983784884214401 32.05163051187992 20.24181713163853 17.089909106493 506.0809097215533 16.31376002728939 514.5799445956945 18.39336777478456 380.8484364375472 41.54783060401678 1.109644047915936 14.49668376892805 42.14962990581989 0.1625851094722748 18.16187594085932 1.929596297442913 55.94027138501406 0.1987929195165634 0 0.9786886870861053 4.987315207719803 0 151.055008046329 52.98596195876598
62.76592719554901 145.7618189230561 3122.829740732908 0.6247082352638245 5.798000752925873 0.3441895544528961 5.181243412196636 1490.901266314089 102.4534491673112 2.816525764763355 2427.707953460515 0 7.450522266328335 200.9590427577496 53.59512131661177 7.710198752582073 0.2702546566724777 0.2500708401203156 0 3.033463530242443 4.365620419383049 0.2876909375190735 0.5965757742524147 0.4010695964097977 3.247359700500965 0.5979356020689011 0.4994141831994057 0.1233121901750565 0 0.1379740685224533 3102.52337513119 481.3342435583472 90.45828192681074 0.3317501544952393 0.6109220460057259 1.159878298640251 18.03991742432117 7.233592391014099 0.8369595855474472 1.16935920715332 12.10590306669474 0.9184654951095581 3.46979758888483 6.697140961885452 0.2945173904299736 1.46476798504591 151.0213009566069 3.073986276984215 0.5783020034432411 1.037544414401054 0 0.4615950733423233 0.1573292911052704 1.126313790678978 4.298260726034641 5.090689606964588 64.93908245116472 408.0333745107055 8.939118824899197 50.54710771143436 62.12471023201942 36.44380859285593 1.419425919651985 672.4170095026493 3.288471326231956 6.31426315009594 1.260267361998558 2.550754860043526 3.573040582239628 21.24392770975828 20.64741031825542 0.7993555143475533 0.1242450624704361 165.2454694956541 178.0314617604017 154.1171404495835 81.46553886681795 24.99192731082439 649.9177452623844 1582.336714118719 148.8460852503777 653.459179982543 12.6952847391367 0.1340295374393463 7.068357683718204 3.333165548741817 2.640432089567184 1.158120721578598 0.7636288031935692 0 0.7460667937994003 0.4847734346985817 9.131703659892082 2.101534724235535 2.067177303135395 0.8457742631435394 0 0 1.045258738100529 73.93354847282171 0 0 0 0 0 0.2699616253376007 0 0 0.56015844643116 1.171436190605164 0.1260170936584473 2.820948958396912 0.9131738543510437 2.191521801054478 2.3074841350317 0.1063811108469963 0.5852907449007034 0.2804224416613579 0 0 0 0 0 0 0 0 0 0.4867467060685158 0.3535407781600952 0 0 0 0 0 0.6431641280651093 0 0 0 0 1.250684447586536 0.1288575977087021 2.627199813723564 2.058096438646317 1.112345427274704 0 0 0 0 0 0 0 0 0 0 0 0 0.2196051403880119 0.4604164659976959 0.1085954755544662 0 0 0 0 0 0.563725933432579 0.9838746786117554 1.99645908176899 0.2156414091587067 0 0 0 0 0 0 0 0 2.449358187615871 0 0.2194961756467819 0 0.2975462675094604 0.5834477692842484 0.1242933794856071 1.301954075694084 0.08852137625217438 0.2202041298151016 0.3339887484908104 0 0.2090433388948441 0 0 0 0 0 0 0 0 1.233741417527199 1.470269158482552 3.074072048068047 439.4064760878682 13.36445101350546 483.0958874747157 25.71838518977165 50.78120141476393 35.59734413027763 0.1398269385099411 12.85355731844902 2.116946138441563 0 0.7814110293984413 0.2167927846312523 3.136280685663223 0 0.3208551704883575 0.7136268615722656 7.377854540944099 0.166103333234787 30.55670560896397 1.729084320366383
53.18532858788967 1905.115875825286 815.3677765130997 158.3977871835232 1462.677455946803 10.73955011367798 568.7946720272303 102.4534491673112 533.4212683439255 320.2296233475208 680.1077453196049 3.141703963279724 372.4390512630343 498.4568158611655 11.22012356668711 0.9463589787483215 0 0 0 0 0 0 0 0 0.1095402240753174 0 0.1983197778463364 0 0.5880279541015625 0 140.6598637402058 0.9895791262388229 34.73700136691332 0 0 0 11.88217394053936 1.214467607438564 0 0 0 0 0 0 0 0 55.57490877062082 1.005294226109982 0 0 0 0 0 0 1.989521846175194 2.084639608860016 16.19036918878555 64.08891131728888 4.262510888278484 25.79708394408226 0.4873116090893745 5.431921012699604 0 30.00872232764959 0.7307289764285088 1.975126095116138 0.8614920303225517 0.2721595168113708 0.1417471021413803 0.3407883569598198 12.71512459218502 0 0 55.17967935651541 37.49702823907137 47.17227562516928 6.716557756066322 0.1219309419393539 0.1133519858121872 9.283415280282497 0.1267150789499283 0.9184766039252281 5.155093409121037 0.4169709980487823 5.039420992136002 3.701015882194042 0.9230302795767784 0.9284623190760612 0.3669759780168533 0 0 0 0.1249306797981262 0 0.118476115167141 4.662210956215858 1.831901416182518 0 1.327910020947456 13.96161469072104 1.78132801502943 0.3528623208403587 5.540369257330894 0 0.8438935577869415 12.94267770648003 3.039028912782669 1.725958287715912 26.14795364439487 41.24978486448526 2.401061967015266 45.43664899468422 30.1821526363492 74.86407371610403 22.82532752305269 0.9435029327869415 2.220604427158833 0 0 0 0 0 0 0 0 0 0 0 0 0 0 0 0 0 6.28828564286232 1.339064553380013 0 0 0 13.72546388208866 2.288285493850708 6.648813903331757 2.213250741362572 0 0 0 0 0 0.648867167532444 0.4179241061210632 0 0.212390199303627 1.481481686234474 0 0 0 0 0 0 0.4915635585784912 0 0.09610782563686371 0.2017977982759476 0 0 0.3659043908119202 9.990271881222725 0.5237091034650803 0 0 0 0.1067176908254623 0 0 0 0 41.90027838200331 0 0 0 0 3.349636778235435 0.8383209854364395 1.120065823197365 0.8008900657296181 0.729025200009346 0.402167983353138 0.3559513986110687 0.5566281229257584 0.2436603158712387 0 0 0 0 0 0 0 15.71183748543262 12.8587933704257 13.90698149055243 416.8517772331834 13.17885005474091 243.7364640682936 13.41547928750515 62.99137794971466 21.83143167197704 0 9.643556728959084 14.66366232931614 0.0908513143658638 4.593203410506248 0.9580320715904236 29.96175929903984 0 0 0.25914366543293 5.901007100939751 0 49.58560305088758 35.2166136354208
755.4029176607728 2040.560362078249 30.5565215498209 2874.975998744369 597.8123692125082 1034.659935690463 2341.630265533924 2.816525764763355 320.2296233475208 1662.398630715907 32.60864707827568 1027.553500793874 11306.8138679117 753.7083811461926 2.895978525280952 0 0 0 0 0 0 0 0 0 0 0 0 0 0.248781681060791 0 32.34221268445253 0.968440055847168 100.1235679686069 0 0 0 81.13954336196184 0 0.1642112135887146 0 0 0 0 0 0 0 24.66049841046333 0.6138294860720634 0 0 0 0.1766021251678467 0 0 2.620795845985413 2.923428684473038 49.19873344898224 59.36447934806347 5.920307382941246 15.57662314921618 0 4.421360313892365 0 5.30876162648201 1.476086676120758 2.510389946401119 0.9403936341404915 0.1265383362770081 0 0 71.97449630498886 1.229289293289185 0 60.07471629232168 18.67172135412693 19.19608701020479 0.262195959687233 0 0.3403741121292114 11.72333792597055 0.1143124476075172 2.461928755044937 4.683993548154831 0.2540563642978668 2.126387521624565 2.49040125310421 0.4497484117746353 0.9762808084487915 0.2506293207406998 0.2793640494346619 0.3027455136179924 0 0 0 0 128.9830652624369 4.985958099365234 0 6.133102476596832 352.3288888037205 10.29128191620111 5.574592672288418 32.49391822516918 17.75817987322807 1.222307838499546 79.1305153593421 34.32029420137405 10.66331835836172 174.193366728723 269.3604881390929 6.670158639550209 238.3832291662693 237.7836777120829 363.5508916079998 122.8827374204993 2.543975070118904 2.638637840747833 0.2374490350484848 0 0 0 0 0 0 0 0.4585413336753845 0 0 0 0 0 0 0 0 19.31267445534468 3.089356742799282 0 0 0 45.67347914725542 1.982017546892166 13.03271766006947 4.995721727609634 0.145189493894577 0.1275024116039276 0 0.4475952088832855 0 0.6099546179175377 0.1636596322059631 0 2.507945403456688 3.42886034399271 0 0 0 0 0 0.3779863119125366 1.061336785554886 0 1.426117405295372 4.216068021953106 0 0.1964088678359985 1.349369406700134 27.17344241589308 8.094729237258434 0.771852970123291 0.3934820294380188 0 0 0.1278866976499557 0 0 0 188.1548512354493 0 0 0 0 22.14130795001984 0 7.000699855387211 3.755464367568493 10.11050296574831 3.455421283841133 0.6611399874091148 2.674727812409401 0.40993332862854 0 0 0 0 0 0 0 125.6206058487296 39.68159332126379 28.19895614683628 640.9182997643948 6.519435420632362 178.8384331092238 10.01653110980988 1464.027512915432 15.60079186409712 1.222329884767532 6.859283678233624 67.82527228444815 0.7289541959762573 11.96255423873663 1.994793869554996 182.8038282096386 0.767172634601593 0 0.3365070223808289 1.472796738147736 0 546.8357663378119 280.3377651944757
372.6282792314887 2210.153107538819 3655.915469482541 54.10938514769077 411.6514483764768 2.566071525216103 25.82548686116934 2427.707953460515 680.1077453196049 32.60864707827568 1344.556348562241 0.1863875091075897 627.1366868391633 1765.934410005808 12.15571098029613 1.848578289151192 0 0 0 0.1023854315280914 0 0.4973518401384354 0 0 0.4873306527733803 0 0.10651695728302 0 0 0 1846.747858405113 33.09081988781691 184.3645842000842 0 0.6762731745839119 0.3188789039850235 72.01132119446993 3.111297085881233 0.9757979512214661 0.1502435803413391 0.7981280535459518 0 0.1092140600085258 1.278803363442421 0.6114903092384338 0.2704771161079407 31.88886465877295 0.9075530767440796 0 0.08776979148387909 0 0.180767834186554 0 0.5249451994895935 1.875242576003075 1.983021877706051 44.31971634179354 155.3629909232259 5.45859706401825 13.22250380367041 1.324429035186768 16.04745826125145 0 42.62646650522947 0.308675229549408 1.293054275214672 0.4894982427358627 0.5104783773422241 0.6203853636980057 0.3715111911296844 35.40040352940559 1.276257485151291 0 58.63276690244675 24.46341457217932 32.08798309415579 6.40392155200243 2.987627819180489 3.435419753193855 71.71709004044533 0.5099826008081436 17.10684604942799 4.446793049573898 0.3083245456218719 2.257795251905918 2.017673246562481 0.5721644535660744 0.3144018650054932 0.3441071584820747 0.1402216255664825 0 0 1.621683284640312 0 0.2934520095586777 8.166473641991615 1.498196601867676 0 1.136228904128075 173.5822262316942 0.7688578143715858 1.576905250549316 0.7197488844394684 0 0 2.313871830701828 0 0 9.157843083143234 8.364077627658844 0 14.50704147666693 9.779922790825367 22.01386107504368 11.25003223121166 0.1128890365362167 0.8687483295798302 0 0.1084302663803101 0 0 0 0.1178596168756485 0 0 0 0 1.498066380620003 0 0 0 0.366510733962059 0 0 1.602074980735779 0.5781533718109131 0 0 0 5.797207497060299 0.7996228188276291 3.734547905623913 1.22472158819437 0.689057357609272 0 0 0 0 0 0.2427891790866852 0 0.9733880162239075 0.2743469178676605 0 0 0.1183756962418556 0.2138840481638908 0 0.141931876540184 0.3433669209480286 0 0 0.5920242369174957 0 0.2520752549171448 0.1288816332817078 5.349927417933941 1.115859031677246 0 0 0 0 0 0 0 0 16.04720941931009 0.3994411677122116 0 0 0 1.359131813049316 0.1664042323827744 1.240682207047939 0.08006042987108231 0.2550996318459511 0.2096201479434967 0 0 0.2121693789958954 0 0 0 0 0 0 0 7.952553980052471 7.426899060606956 6.086258627474308 175.5765412002802 7.349937736988068 135.6410946398973 13.41326148808002 45.68508373945951 8.437444344162941 0.490457609295845 8.634219877421856 5.432220414280891 0 1.207532972097397 0.3977296650409698 5.356484651565552 0 0 0.668792724609375 0.8400115221738815 0 34.62316641956568 15.09384521842003
13.70856794714928 18.58298313617706 0 118.4783282727003 18.46839880943298 30.14676946401596 110.2320928201079 0 3.141703963279724 1027.553500793874 0.1863875091075897 38.17881871759892 1496.335388019681 196.3055427521467 0 0 0 0 0 0 0 0 0 0 0 0 0 0 0 0 0.6631848514080048 0 9.095913931727409 0 0 0 78.07490694522858 0.25420281291008 0 0 0 0 0 0 0 0 0.4228461980819702 0 0 0 0 0.2836754769086838 0 0 0 0 2.164808511734009 0.8717796131968498 0.3994286581873894 0.2907463610172272 0 0.1437491029500961 0 0 0 0 0.1020264029502869 0 0 0 109.5838649049401 9.245713785290718 1.157146781682968 1.936539605259895 0.3608480095863342 0 0 0 0 0.6475044116377831 0 0 0 0 0 0 0 0 0.1615169942378998 0.6745270565152168 0 1.595896169543266 0 0 0.1843414902687073 174.0356487110257 12.94204097986221 1.274139627814293 2.726062394678593 14.29336299747229 0.7884285524487495 0.4752869009971619 9.829962648451328 13.18994621932507 0.1230622455477715 27.38128001242876 11.35712762176991 3.238860845565796 243.6496725827456 205.6081968173385 1.121711909770966 70.75066915899515 146.0259972438216 169.5363869741559 19.2357979118824 0.6381482928991318 1.013755910098553 0.102513425052166 0 0 0 0 0 0 0 0 0 0.1388415843248367 0 0 0 0 0 0 1.203763410449028 0.9092919752001762 0 0 0 7.123347029089928 0 2.296792753040791 0.348841167986393 0 0 0 0 0 0.2610924914479256 0.1062375009059906 0 0.2571840658783913 0.7426376342773438 0 0 0 0 0.13526850938797 0.08659978955984116 0 0 0.2297572270035744 0.08784874528646469 0 0 0 4.116396829485893 0.5492990911006927 0 0.1306938230991364 0 0 0 0 0 0 33.2690963819623 0.1786329597234726 0 0 0 3.256815537810326 0 0.5019327253103256 0.5646130442619324 1.059071645140648 0.7001075074076653 0 0.2821043208241463 0 0 0 0 0.1522026807069778 0 0 0 22.6264828518033 6.077249735593796 5.15841069072485 16.61423286050558 0 5.302211053669453 0.449280321598053 156.3513815626502 0 0 0 8.150990732014179 0 2.679130963981152 1.227761179208755 17.24306534230709 0 0 0 0 0 138.4911144301295 67.24472563713789
87.09294393658638 1031.245862498879 57.48114398121834 629.9225541353226 348.5394466668367 56.96221908181906 3504.796667203307 7.450522266328335 372.4390512630343 11306.8138679117 627.1366868391633 1496.335388019681 1358.547205761075 2908.163481213152 25.11559398472309 3.46394919604063 0 0 0 0.1896552443504333 0.4696226269006729 0.5824300944805145 0 0 0.1139287427067757 0 0 0 0.2078186124563217 0 66.71516764909029 0.8344156593084335 200.794246353209 0 0.1461221426725388 0 157.0235664620996 4.078213609755039 3.503963999450207 0.10958331823349 2.282286152243614 1.022676527500153 0 0.9232112914323807 0.1335455775260925 0.6896078512072563 45.50552492588758 0.2004761397838593 0.2325033918023109 0 0 1.542233765125275 0.1194387525320053 1.29545272141695 1.471084482967854 1.845970012247562 15.49908700585365 29.17287877947092 2.241088449954987 14.54630778729916 0.1171634346246719 10.16499830782413 0.4634920954704285 11.35864978283644 0.3835431933403015 1.570747673511505 0.2571065649390221 0.377380944788456 0.1450709700584412 0.24958835542202 301.8827467635274 18.93326514959335 0.1143886968493462 31.59627547115088 14.91550539433956 32.31348498165607 8.124496452510357 4.895674332976341 0.7801192626357079 120.7567595243454 0.9430649057030678 14.16626746952534 3.788203127682209 0 1.332639954984188 1.379871279001236 1.423022732138634 0.5643993467092514 0.4376382231712341 0.3980485573410988 0.4243215173482895 0.1260270625352859 0.7286666184663773 0.1601567417383194 0.4987507835030556 1402.440767258406 9.011506453156471 0.2419669926166534 9.437826424837112 54.91079917550087 13.10244438797235 3.59353294968605 30.57293584942818 132.7269321978092 2.550401754677296 79.80849299579859 13.0494013428688 11.17983441799879 201.0378390699625 245.1862805485725 5.645606219768524 243.135246142745 235.7884238734841 435.9076153635979 172.7944061532617 5.916590444743633 9.461451977491379 0.6255381256341934 0.2753223031759262 0 0 0 0.1210080683231354 0 0 0.1257827430963516 0 0.1678603142499924 0 0.1233274415135384 1.357082575559616 0 0 0.6208254545927048 22.64080622047186 7.731799490749836 0 0.4878963679075241 0 83.06735334545374 7.97094090282917 29.00752098858356 6.28160060942173 3.928439281880856 0 0.1763281375169754 0 0 1.987287111580372 0.7667766213417053 0 3.820854894816875 4.767569340765476 0 0 0.1317042261362076 0.6783791035413742 0.2755522131919861 1.026767954230309 1.319899059832096 0 3.345618508756161 4.560028642416 0.1011949330568314 0.8888657167553902 3.619981698691845 54.77618625760078 14.32982632517815 0.3744318038225174 0.1763436496257782 0 0.1114428266882896 0 0 0 0.1618355065584183 298.8633959069848 1.208916753530502 0 0 0.2394399344921112 30.4384213462472 0.5986307859420776 11.3406417965889 4.843728601932526 6.793612852692604 5.647586852312088 0.4538279175758362 2.282458417117596 0 0 0.1158120036125183 0 0 0 0.5783454030752182 0 161.3521645665169 90.85563898831606 64.90825590491295 488.9605604708195 9.493681073188782 190.8800703138113 30.00051034241915 544.7607753127813 12.95103437453508 0.2102402001619339 12.55464046448469 83.65957315266132 0.7166823148727417 28.99616627395153 5.635232403874397 120.5716808214784 0.6371454447507858 0 0.5672151073813438 3.435859680175781 0.3128097951412201 681.2294490784407 385.7685626223683
110.9797661453485 1166.923139624298 632.6709296479821 140.7370917499065 557.4771449118853 16.12372761964798 745.0218225643039 200.9590427577496 498.4568158611655 753.7083811461926 1765.934410005808 196.3055427521467 2908.163481213152 2821.244030855596 46.26119738072157 7.059160873293877 0 0.124086044728756 0 0.5755368322134018 0 1.434608832001686 0 0 1.233242593705654 0 0 0.1832918226718903 0 0 388.3425828367472 8.100299619138241 818.4342765882611 0.1788047254085541 0.2285080403089523 0.5345908552408218 416.4275610595942 5.698852583765984 4.870737984776497 0 3.258840776979923 0.3609228879213333 0 3.904814250767231 0.3003084510564804 1.228977464139462 96.87753695249557 1.954355284571648 0.2525245770812035 0.3333230391144753 0.1707979738712311 2.290440306067467 0 2.081956416368484 2.695697493851185 2.405512437224388 17.74478030204773 52.20251630991697 3.91240157186985 20.9457970187068 2.339390195906162 36.07745365053415 0.300776407122612 30.23582202196121 1.294906735420227 2.85895311832428 0.9622504562139511 0.9993991777300835 0.2429142594337463 1.872936107218266 288.7569334059954 8.019772082567215 0.2776788175106049 54.01765797287226 34.88708879798651 66.25004480034113 13.24649051576853 6.801748603582382 1.830176487565041 330.7087120488286 0.8424349203705788 26.94618906825781 5.721815183758736 0.4375576600432396 2.827077582478523 1.882271535694599 0.6146989688277245 0.742930993437767 0.69212456792593 0.3620419204235077 0.6091828569769859 0.607003390789032 4.567258946597576 0.3097792565822601 1.043469488620758 144.7871741428971 7.078111961483955 0 8.781194075942039 47.52858037501574 4.662949778139591 1.345788188278675 14.65270442515612 6.955517068505287 2.008446648716927 34.92623148113489 8.701452434062958 9.480978384613991 58.26829012483358 94.27617681026459 6.839999064803123 115.7186258658767 78.34735690802336 188.6379651352763 91.1031332463026 4.907932326197624 6.118083506822586 0.3053225725889206 0.7027277648448944 0.1548354178667068 0 0 0 0 0 0 0 1.674125656485558 0 0 0.2041714191436768 0.718378022313118 0.3163825869560242 0.7331436574459076 13.89689729362726 3.561328150331974 0 0.1049059852957726 0.2312616556882858 44.88698200881481 1.384607002139091 20.82387468963861 7.889080859720707 4.356910176575184 0.2290522456169128 0.14393050968647 0 0.1327215135097504 1.582375101745129 0.7314081490039825 0 1.62383721768856 3.916270323097706 0 0 0 0.7298327535390854 0 0.63950015604496 1.939608722925186 0 2.651477985084057 2.191003501415253 0 0.6678067818284035 1.904479384422302 32.22178085893393 5.388050995767117 0.1705359220504761 1.231895685195923 0 0 0 0 0 0 124.6414271369576 0.4410602599382401 0 0 0 17.0433659479022 1.12432137131691 8.31771045178175 2.637335099279881 4.544975943863392 3.934091977775097 0.6609645485877991 1.197495333850384 0 0 0 0 0 0 0.14438097178936 0 59.09914545714855 46.25972081720829 48.56794953346252 832.7819160297513 18.68919267505407 406.1986728087068 56.85479010641575 150.7083527892828 29.92571575194597 1.698090061545372 21.35169577598572 47.02521894127131 0 17.88024700433016 3.49360515922308 73.14240077137947 0.6207126080989838 0 0.3553793281316757 14.40569147467613 0 200.6982792168856 124.6352082714438
1.698533050715923 11.34132218360901 9.676745228469372 1.711188822984695 15.99880025535822 0.1051411852240562 17.19690758734941 53.59512131661177 11.22012356668711 2.895978525280952 12.15571098029613 0 25.11559398472309 46.26119738072157 690.2069632485509 2735.528550814837 469.2170562371612 12.4036128744483 65.36327162384987 7.249592289328575 0.4458698108792305 0.4520560279488564 2.43682474642992 3.448159627616405 20.73078878223896 0.2614540606737137 3.693181380629539 0.2032102644443512 0.4724376648664474 1.012013822793961 28.34945631027222 28.70713096112013 88.01514995843172 6.976839736104012 2.04729986935854 12.90897757560015 36.83903269469738 99.87207916378975 17.84061440825462 10.52026686817408 3.453260064125061 4.509361259639263 7.203249387443066 675.2421595901251 76.82779732346535 99.32697968930006 250.6747704558074 14.85899265110493 21.96238130331039 44.85858982801437 0 0.456187441945076 1.551691725850105 2.447147153317928 0.6090283617377281 1.191898196935654 2.60700535774231 5.247478969395161 13.43226532638073 120.4210512116551 50.99450826644897 242.0617789700627 7.129545003175735 22.78750462830067 1.081338785588741 17.70251704752445 0.2943198755383492 6.814407214522362 9.090701244771481 13.80610939115286 13.44719833880663 1.523324728012085 0 380.0936968773603 15.33319671452045 1453.634949613363 505.9631269574165 851.8498987704515 102.004003457725 195.9218119010329 86.49709581583738 410.6464938558638 12.5250731036067 0 17.54006500542164 0.7568986788392067 40.36282414197922 0.1591754555702209 0.0864013284444809 0 0.2399766892194748 0.08977863192558289 4.891215644776821 0.5393622666597366 4.585925333201885 8.289638452231884 2.272675611078739 0 5.057774692773819 2.534072227776051 0.1743964776396751 0 0 0 0 0.2349300161004066 0 0 0 0.8834596872329712 0 0.08084910362958908 0.5536911189556122 0.08519348502159119 0.4699873998761177 0.115176148712635 0 0 0 0 0 0 0 0 0 0.1779845058917999 0 1.119435049593449 0 0 0.1449438184499741 0.09453099966049194 0.1236230432987213 0.2886551395058632 0 0 0 0.1931520849466324 0 1.475652024149895 1.554826498031616 1.830376878380775 2.291456177830696 1.880617894232273 0.3193858563899994 0 0 0 0.3074869215488434 0.2009265497326851 0 0 0 0 0 0 0.2312308326363564 0.8330489993095398 0 0 0 0.5604007840156555 0 0 0 0.6176295951008797 0.1945295035839081 0.2848125547170639 0 0 0 0 0 0 0 0.3805961757898331 1.88449789583683 0.4119340181350708 0 0 0 0 0.6056355983018875 0.5362115874886513 0 0 0.1251670122146606 0 0.09350904822349548 0 0 0 0 0 0 0 0 0.4244816526770592 2.90677772462368 2.883193291723728 65.56769546866417 4.295487985014915 263.2647464983165 10.30691812187433 3.949144944548607 0.540755994617939 0 0.3709492385387421 3.381667889654636 0 0.9717594087123871 0.2760257199406624 0 0 0 0.1037448868155479 0.08884021639823914 0 6.973822601139545 1.218454129993916
