221.115770816803 1272.970703139901 923.3499242514372 1485.724004879594 48.7147393450141 192.8158662542701 36.97355055063963 34.07771715521812 32.89618413150311 1006.359817758203 95.57838695496321 13.75364173203707 33.73695952445269 55.8482386097312 6.11831483989954 3.677954062819481 3.757969461381435 0.7045553475618362 0.2600610256195068 1.232533499598503 6.215246811509132 0 0.4052572548389435 0.3175237700343132 2.959177993237972 0.2415665611624718 0.3692581728100777 0.1025555804371834 0.195893406867981 0 1344.683521777391 17.05621258169413 43.75810208171606 0 0.7569289430975914 4.713403642177582 22.24138890951872 11.27976287156343 7.067269958555698 1.61800429970026 0.9025517702102661 0.3495175093412399 0.3308530375361443 4.271711066365242 0.4207850322127342 6.850054837763309 28.2278043627739 0.8313824608922005 0.1967492401599884 0.1156170293688774 0.3831701949238777 0.1092882677912712 1.597726553678513 0.2214307337999344 2.180801190435886 2.580357268452644 148.47951913625 1236.458632081747 23.0800464823842 5.800793863832951 18.64885617792606 13.37174751609564 8.628605283796787 176.0889953747392 0.1114392429590225 0.2950430288910866 1.357976414263248 0 0.8968068137764931 4.064405612647533 13.59498054534197 17.20256035029888 0 165.8285951539874 78.63873278349638 15.26396325230598 5.653837807476521 5.353707678616047 49.73610507696867 73.50847748667002 5.268575273454189 33.15954468399286 2.717387311160564 0 0 0.9708512648940086 0.2499242722988129 0 0.1665358245372772 0.2942346855998039 0.4632993638515472 0.2724235057830811 0.6986895427107811 0.8494679778814316 0.09637772291898727 357.8905345872045 69.25296450406313 0.9022466689348221 5.7740468531847 586.5250038579106 0.2251198589801788 14.01029363274574 3.143079057335854 0.2631560564041138 0 4.58300992846489 41.80143338441849 2.082992628216743 32.47930211573839 91.57020816206932 0 9.535609394311905 27.46486619114876 11.49372358620167 5.764009155333042 0 2.071087256073952 0 0.1585017442703247 0 0 0 0 0 0.1284830421209335 0 0 0 0.6194253787398338 0.7093474268913269 0.3045240044593811 1.562660872936249 0.9795460104942322 0.4870741963386536 1.749244332313538 0 0 0 0 1.473579786717892 2.282898299396038 7.558983951807022 4.153358794748783 1.016768768429756 0 0 0 0 0 0.1619553416967392 0 0 2.775958254933357 0 0.2308751046657562 0 6.097801230847836 0 0 0 0 0.8347954154014587 1.073113113641739 0 0.1458034962415695 0.1482023894786835 8.911127910017967 0 1.290619969367981 0 0.1032443419098854 0 0 0 0 0 0.2872143387794495 0.2959317862987518 0 0.08729478716850281 0 1.729114398360252 1.622157573699951 3.447936274111271 0 1.395869098603725 1.141328908503056 0.7395848408341408 2.369486674666405 0 0 0 0 0 0 0 0 67.3711474314332 1.654475547373295 2.682490237057209 721.3506987690926 1.708160735666752 168.3826671391726 35.406075976789 617.318432174623 28.59576830267906 2.277112700045109 2.990556575357914 9.367824912071228 0 3.531149283051491 0.1371183097362518 43.87054223567247 0 0 0 3.501370392739773 0.5339873433113098 516.6520416066051 52.54545389860868
1272.970703139901 1464.074124112725 718.9139790460467 2014.870196759701 720.9692317694426 246.8421450704336 3009.165008120239 393.7054855749011 1281.417004562914 7137.475906275213 853.8533545807004 173.1334003210068 3071.870052389801 1128.697755753994 159.5675265341997 33.47136419266462 12.01926128566265 0.9996951296925545 0.5143018141388893 1.540486693382263 4.737210348248482 0 0.5510796010494232 1.428088471293449 3.511300146579742 0.6557553336024284 0.6010520160198212 0.6610008254647255 0.4640589356422424 0.1055399626493454 1694.329876892269 71.24437845498323 226.2197504416108 0.2350050956010818 1.634267099201679 3.959367349743843 26.55126136541367 14.23207199573517 4.719684764742851 1.778949245810509 0.6358276456594467 0.8743878901004791 0.7808356136083603 4.271187603473663 1.091412901878357 4.029744751751423 313.5956975519657 3.942232616245747 0.4392706006765366 0.5930117070674896 0.4394958540797234 0.202067643404007 0.8375815600156784 0.09152056276798248 8.004734016954899 6.572362534701824 63.75576241314411 840.8681656345725 21.49853244423866 17.00696510076523 9.477012597024441 17.28205472975969 5.652864143252373 137.8701513707638 0.4228641018271446 0.5139385759830475 5.678657665848732 0.6790523454546928 0.3538302034139633 3.0871562063694 14.97616888582706 2.985194638371468 0.2113058418035507 181.4565932229161 219.8540722802281 113.5467165112495 50.13823568075895 12.67182034999132 101.8503452092409 264.3677394613624 1.979597061872482 36.10711485147476 13.49756968766451 0.1892510503530502 0.8958040252327919 3.279963210225105 0.4060572236776352 0.09848667681217194 0.4412643015384674 0.06185981631278992 0.7331915274262428 0.2484845519065857 0.9095978587865829 1.293642669916153 0.3061066865921021 26.59361926466227 3.091188170015812 0.09814030677080154 2.546305254101753 236.1917394921184 0 3.796675138175488 0.5758422911167145 11.03827324509621 0 5.218166053295135 7.293176412582397 1.636493712663651 37.77506962418556 26.45279620587826 0.3514680713415146 5.096045382320881 15.21874794363976 6.775089859962463 8.817068837583065 0.3182599991559982 0.2008254751563072 0.6942895650863647 0.5824293047189713 0 0 0 0 0 0 0 0 0 0 0 0 1.064230687916279 0.6900120973587036 0.253258228302002 3.018468588590622 0.1104324162006378 0 0 0 3.205638952553272 3.498623892664909 17.03525192290545 7.974539399147034 3.783757105469704 0 0 0 1.140712976455688 0.1472723782062531 0.5739673525094986 0 1.364484131336212 0.7177970111370087 0 0 0 2.934394031763077 0 0 0 0 0.6621285080909729 2.757500372827053 0 0.5354729741811752 0 6.952245064079762 2.851447448134422 0.3859727382659912 0.0908409059047699 0 0 0.1933906376361847 0 0 0 1.492541380226612 0.6105346381664276 0 0 0.09379974007606506 0.5944874137639999 2.917394585907459 5.482176959514618 0 7.340411797165871 4.596275106072426 3.048387169837952 0.9363565817475319 0.6714250445365906 0 0 0 0.4319778010249138 0 0 0 71.6967399418354 1.636629581451416 3.056175366044044 520.4547700732946 14.35265056043863 881.7923144549131 170.8864751756191 759.1774738878012 54.41570125520229 2.348889648914337 31.01971696317196 9.289110422134399 1.384396657347679 6.98687195032835 1.796823441982269 8.989159122109413 0 0 1.674529194831848 19.45414035022259 1.198621839284897 93.11783495545387 45.53213429450989
923.3499242514372 718.9139790460467 299.0173486098647 62.33774025738239 180.5932563319802 9.374325081706047 76.77746229618788 844.6517610773444 246.7627075612545 557.5469730868936 1131.512079082429 35.78964156657457 283.3477951362729 935.2601293921471 136.4857613667846 53.4599719569087 8.287963517010212 1.633835054934025 0.2275693491101265 12.02040618658066 59.80990818142891 0.07275982946157455 3.116822205483913 4.697958208620548 13.20358328521252 1.767067842185497 2.076371766626835 0.941498264670372 0.659316785633564 0.3907935470342636 2575.967288471758 571.581779293716 587.6566960439086 1.922368131577969 4.598391763865948 13.67315835505724 125.4583242610097 67.55532586574554 25.31740536540747 6.015540756285191 8.443352684378624 4.17876648157835 4.963488958775997 41.35865940898657 2.508909396827221 76.28685273230076 128.0218527317047 2.59126365929842 2.148384168744087 2.396286383271217 0.6484455019235611 0.5708123221993446 0.1152383685112 0.7085041105747223 2.626370914280415 3.213803336024284 39.67600677162409 882.88050018996 13.31350933760405 9.830887533724308 441.3883330747485 124.6134155020118 95.753213994205 335.0829807966948 0.6838502511382103 0.5563571378588676 1.923284605145454 2.435899950563908 7.534341037273407 28.46359297633171 40.01254081726074 7.148165240883827 0.3113681897521019 78.4447473809123 214.914461709559 102.9143403172493 163.394853271544 186.5380340889096 1459.567735135555 1036.905346639454 161.2457058429718 489.4546415284276 5.915552832186222 0 0.7613194137811661 0.7120138555765152 1.633365288376808 0.1785353347659111 0.3067686334252357 0.4314670190215111 0.2569825053215027 0.6992435678839684 6.659207105636597 2.064907144755125 1.034153237938881 34.04028560966253 9.455484360456467 0.9780044034123421 7.373861938714981 153.1625708192587 0.7560064643621445 0.8314116150140762 1.591047666966915 0 0.09678053855895996 2.830742932856083 2.199526518583298 1.856862381100655 14.48131932318211 21.86943023651838 0.1545229852199554 5.227796778082848 9.943670831620693 6.86120842397213 9.479101099073887 0.1008876040577888 1.085273958742619 0.2133997827768326 0.729035459458828 0 0 0.09074179828166962 0 0 0.1195497810840607 0 0 0.4348257184028625 0.1114066764712334 0 0 0.2276751548051834 0.3270495235919952 0.09333925694227219 3.702051639556885 0.5325447767972946 0 0.8579422980546951 0 3.852945923805237 4.284372106194496 13.29287645220757 12.7884330637753 1.270076297223568 0 0.1114635244011879 0 1.261252269148827 0.1678653210401535 2.646477408707142 0 1.209690868854523 2.754022061824799 0 0 0 7.139097958803177 0.1119966804981232 0 0 0 0.7538770437240601 2.98849018663168 0 1.014090374112129 0.4780054166913033 6.549573376774788 2.618414327502251 0.6335290670394897 0.129573792219162 0 0 0.08672073483467102 0 0 0 1.883194908499718 1.753347530961037 0 0 0.08835425227880478 0.8189213499426842 2.337314508855343 2.799578338861465 0 1.871380984783173 4.543458729982376 1.39611092954874 3.298293940722942 0 0 0 0 0.09737280011177063 0.1043167412281036 0 0 67.63005211949348 4.598683305084705 9.636744722723961 139.0670382156968 7.194655880331993 214.4851818159223 45.39729037135839 135.9718237891793 14.6824437007308 1.643899694085121 7.608467020094395 6.15249665081501 1.492111906409264 10.22586566209793 0.786927156150341 3.635118365287781 0.5119566321372986 0 1.257387518882751 10.40539121627808 2.22953549772501 50.63473320752382 38.87273889034986
1485.724004879594 2014.870196759701 62.33774025738239 1240.24771887064 53.21555741876364 229.6905413120985 732.4105738028884 2.372328892350197 5.569769516587257 3170.620656698942 10.32824305444956 2.444633260369301 83.44167253375053 2.787958472967148 4.639755509793758 0.1785184964537621 0.4701666384935379 0 0.09900166839361191 0 0.2114304006099701 0 0 0 0.1914579719305038 0 0 0.2124027758836746 0 0 221.9384212270379 1.012616619467735 1.662006668746471 0 0 0.09517040103673935 1.170707277953625 0.3449472486972809 0 0.2448840737342834 0 0 0 0.1868015229701996 0.1991967111825943 0.1010190472006798 24.68793255090714 0.7860686406493187 0.5320157036185265 0 0.1049390137195587 0 0.1755820959806442 0 2.03698443621397 1.155806869268417 14.75724890828133 240.5351604670286 3.627521306276321 2.098998591303825 0.3868931382894516 0 0.2383905649185181 37.07636690139771 0 0 0.8524127304553986 0 0 0 0.1124332845211029 0.2783319056034088 0 38.77703021466732 25.41187658160925 6.509016335010529 1.275112964212894 0.1014276593923569 0.379038117825985 0.6960791200399399 0.2855644673109055 0.2186297550797462 1.87590929120779 0 0 0.6477465853095055 0.06677257269620895 0 0 0 0.1072995439171791 0.1084728166460991 0 0.08853679150342941 0 31.09743210673332 3.371758878231049 0 0.2770638391375542 132.7614410817623 0 0.7535595446825027 0.1434898376464844 10.73393040895462 0 1.990096092224121 3.821306899189949 0 8.075457967817783 8.092313878238201 0 0.7770083993673325 2.198065623641014 0.6237262487411499 0.7659715414047241 0 0 0 0 0 0 0 0 0 0 0 0 0 0 1.480697751045227 0 0.09513366967439651 0.1360702216625214 0 0.2033119350671768 0 0 0 0 0 0 0.2972758188843727 0.3686873614788055 0.5012397617101669 0 0 0 0 0 0 0 0 0 0 0 0 0.431610606610775 0 0 0 0 0.2648277878761292 0 0 0 0.6941717267036438 1.056951254606247 0 0 0 0 0 0 0 0 0 0.1416615098714828 0.1012869700789452 0 0 0 0 0.6287451237440109 0.4058670103549957 0 0 0 0.1363701075315475 0.6907051205635071 0 0 0 0 0.1841212213039398 0 0 0 6.025701597332954 0.7324445843696594 0.6079123392701149 75.22305016219616 2.513950847089291 119.8848686739802 21.07403749227524 515.9925227984786 12.15694117546082 0 1.868409410119057 1.334529116749763 0 0 0 1.804724961519241 0 0 0 1.636449664831161 0 61.07988405972719 6.978616923093796
48.7147393450141 720.9692317694426 180.5932563319802 53.21555741876364 229.8122049570084 7.9611876308918 2042.225471273065 161.0672870352864 2393.848832160234 1276.399515405297 328.3413703739643 22.63735355436802 996.0994748175144 1973.42072045058 48.47974821180105 11.21454864740372 3.46566079556942 0.08730543404817581 0 0 0.1399325579404831 0.1301230788230896 0.2162459418177605 0 0.7055594772100449 0 0 0 0.1115920096635818 0.1072084456682205 90.79598163068295 29.85911290347576 20.24019289761782 0 0.0901709571480751 0.545871764421463 4.388380080461502 1.168899036943913 0.22274549305439 0.3664112612605095 0 0 0 0.9372216761112213 0.4811046943068504 0 51.79203691333532 0.4279406145215034 0.3430607914924622 0 0.2869784608483315 0 0.1872502863407135 0 0.8727939277887344 0.9168994501233101 3.752112679183483 48.58161060512066 1.947173774242401 1.765514321625233 1.2216906696558 1.46182245016098 0.3869357109069824 17.4412160217762 0 0.2084648013114929 0.4002233371138573 0 0 0 3.74261973798275 0.07452564686536789 0 19.12833443284035 40.45391900837421 30.43136972934008 14.69144171476364 2.784489631652832 4.544110849499702 11.95268826931715 0 0.2691225782036781 1.362746797502041 0 0.09653760492801666 0.380418099462986 0.09173302352428436 0 0 0 0.08604855835437775 0 0.1041691452264786 0 0.08576571196317673 5.254818476736546 1.095396779477596 0.1474501639604568 0.5284470468759537 5.89019351452589 0 0.7656578868627548 1.799208998680115 0 0 1.467825651168823 2.416079625487328 0.2879781872034073 7.335323661565781 18.81331057846546 0.3662468194961548 3.836139902472496 7.475129529833794 2.290232434868813 4.408538088202477 0.1170877516269684 0.9991378784179688 0.704642117023468 0.5139954686164856 0 0 0 0 0 0 0 0 0.322093278169632 0 0.3510153591632843 0 0 0.1125459969043732 0 0.8476293832063675 0 0 0 0 0.2217387482523918 1.016024127602577 5.954322777688503 4.200542785227299 0.1352732181549072 0.130155622959137 0 0 0 0 0 0 0 2.813167899847031 0 0 0 2.748112231492996 0 0 0 0 0 0.3192210495471954 0 0 0.1961082965135574 5.286176778376102 0.3475360870361328 0.7020471692085266 0 0 0 0 0 0 0 1.999825924634933 0 0 0 0 0.1340748220682144 1.785367533564568 1.877919040620327 0 1.117527857422829 0.9988836199045181 1.561997622251511 1.403804138302803 0 0.7305102944374084 0 0 0 0 0 0 33.90057405084372 0.8973604291677475 1.374828271567822 170.4604035392404 3.5708067715168 137.7543321549892 32.91038665920496 131.5700422301888 3.193448416888714 0.2261300161480904 9.669977582991123 3.229276843369007 0 1.95976185798645 0.82759690284729 0.4521313905715942 0 0 0.5886126160621643 6.981256209313869 0.3084193766117096 18.61883869022131 16.25625071674585
192.8158662542701 246.8421450704336 9.374325081706047 229.6905413120985 7.9611876308918 15.76343441009521 20.41151887178421 4.69159359484911 10.86253578960896 232.3212792128325 8.347836464643478 36.24587231129408 38.77254395931959 31.28330821543932 0.7462160214781761 1.160524718463421 0.7265819609165192 0 0 0 0 0 0 0 7.164207451045513 0 0 0 0 0 29.27192817628384 0.5874971002340317 35.72687961161137 0 0.5168982297182083 5.578394398093224 25.24090552330017 14.08891999721527 13.88061018288136 1.507786005735397 0 0 0 0 0 0.2955852299928665 2.537104688584805 0 0 0 0 0.6136804968118668 0.6387111842632294 0 0 0 63.23507279157639 24.40064031630754 0.2097805589437485 0 2.310498990118504 4.837877854704857 1.392552524805069 2.336212933063507 0 0 0 0 0 0 15.49114529788494 36.59235817939043 0.5451499223709106 3.175468936562538 2.999423734843731 0.6187581643462181 0.7406858876347542 0.3648571521043777 15.79935930669308 13.25057881325483 0.114577941596508 6.509052097797394 0 0.1404508352279663 0 0.3475698083639145 0 0.1756070703268051 0 1.235314026474953 0 0.4536069631576538 0 0 0 256.6556234359741 124.7262200415134 2.429935067892075 8.526405654847622 113.7206574827433 0 11.7542037665844 1.493368253111839 1.673701465129852 0 4.306143030524254 32.9743529856205 0.4816624820232391 15.77336598187685 52.59583359956741 0 4.43661718070507 15.44907465577126 5.049733906984329 3.449778467416763 0 0 0 0 0 0 0 0 0 0.1218788847327232 0 0 0 0.1191954761743546 0 0 0 0 0 0.1444539874792099 0 0 0.2112056165933609 0 0.3468115329742432 0 2.584289759397507 1.324600905179977 0.368725061416626 0 0 0 0.9500601887702942 0 1.090595126152039 0 0 1.102769374847412 0 0 0 0.08896718919277191 0 0 0 0 0 1.013918370008469 0 0 0 3.362377285957336 0 0 0 0 0 0 0 0 0 0.609169214963913 0.2561284229159355 0 0 0 0.6281502768397331 0.5891384333372116 1.112445205450058 0.4240738451480865 0.8866230845451355 0.1333995312452316 0.2436463162302971 0.4075781106948853 0 0 0 0 0 0 0 0 35.28770221024752 0.0848170667886734 0.2223290950059891 160.9081940725446 0 5.538802221417427 0.4318748712539673 155.1150237172842 3.690587520599365 0 0 2.714874714612961 0 1.692933678627014 0 19.26807489991188 0 0 0 0.8965122699737549 0 95.70540738105774 29.5202212408185
36.97355055063963 3009.165008120239 76.77746229618788 732.4105738028884 2042.225471273065 20.41151887178421 1332.852857381105 28.99216278642416 1426.489444456995 3889.994172826409 341.3194669783115 818.6036607921124 6917.575928248465 2517.768502786756 37.45996341854334 11.22710221260786 1.636710748076439 0.3547273427248001 0 0.4922209531068802 0.7432612031698227 0 0.1632832586765289 0.2236610427498817 0.9045153111219406 0 0 0 0.1343633830547333 0 33.28338082134724 3.66765583306551 7.015823774039745 0.1024917736649513 0.2469368129968643 0.9327192306518555 15.84528112411499 2.138003550469875 0.8985985741019249 0.1883329451084137 0.1195007935166359 0 0 1.099825009703636 0.3068252205848694 0.4654846340417862 53.94968217611313 0.3302688673138618 0.1041622310876846 0 0 0.1198929473757744 0.2449965626001358 0 0.6469996944069862 0.4049606621265411 3.856960937380791 38.32488422095776 2.001063495874405 2.25871666520834 0.9626230746507645 0.5247702449560165 1.018570505082607 16.64264404028654 0.1008872166275978 0 0.1835306212306023 0.2065189182758331 0 0.3594042360782623 17.01415169239044 0.5217498913407326 0 13.63198772072792 32.03818446397781 24.29449540376663 15.04340630024672 2.282870672643185 0.5776014849543571 2.449007444083691 0.2409307137131691 1.684891179203987 1.137881055474281 0.108132615685463 0 0.08093149960041046 0 0 0 0 0 0.0988997295498848 0 0.1840989738702774 0.1036082580685616 51.71285017579794 2.259474262595177 0 1.417784929275513 12.41542746126652 0 2.977628216147423 0.7323959395289421 13.23813283443451 0 6.009295202791691 8.179703250527382 2.026932492852211 81.38306529819965 40.49490029364824 0.280253566801548 9.455794766545296 14.64726561307907 5.007513999938965 9.330369718372822 0 0.8102769553661346 0.2963584065437317 3.425140798091888 0 0 0 0 0 0 0 0 0 0 0.666866660118103 0 0 0.2965986132621765 0 3.071628518402576 0.6934459209442139 0 1.326142311096191 0 2.972469724714756 1.605413384735584 12.14961200207472 7.114280939102173 2.550024069845676 0.1168308854103088 0 0 0.1661218702793121 0.1456026583909988 1.416739225387573 0 0.61647929251194 1.949535489082336 0 0 0 5.597537986934185 0 0 0 0 0.3910286426544189 2.614075809717178 0 0.09656049311161041 0.09835010021924973 7.568942755460739 0.9233805239200592 0 0 0 0 0.122082807123661 0 0 0 0.4030243754386902 0.168503001332283 0 0 0 0.9090151563286781 1.62116377055645 3.347917258739471 0 3.079842656850815 2.946059696376324 2.459403797984123 1.577564023435116 0 0 0 0 0 0 0 0 65.18921569734812 4.591923780739307 5.744109742343426 214.215040333569 2.60117381811142 129.9478260874748 32.6732234582305 134.5779555663466 4.56892865896225 0.5413357317447662 10.28061844408512 4.73270208388567 0.1210841983556747 8.248340211808681 0.5961946249008179 7.691555090248585 0 0 0.8555008172988892 10.10792331397533 1.636311009526253 59.57021982967854 34.22351384907961
34.07771715521812 393.7054855749011 844.6517610773444 2.372328892350197 161.0672870352864 4.69159359484911 28.99216278642416 397.3235548436642 156.8885808438063 195.8167483955622 1200.759635820985 30.45329017937183 175.8390387296677 781.1747416183352 70.39637731015682 51.78525701165199 2.52433118969202 0.4268474355340004 0.1509568244218826 2.552699871361256 25.92470949888229 0.1309828758239746 2.5248703956604 2.112384952604771 9.44376964122057 0.3123479336500168 1.234484620392323 0.5463010147213936 0.5228072479367256 0.3089977279305458 497.7584721073508 596.1134122312069 509.1178611889482 0.2429680526256561 0.6613454967737198 7.4773825481534 110.3048794344068 52.76526785641909 15.16663262248039 2.639822714030743 4.034135296940804 2.786314107477665 1.188269451260567 19.75362887978554 0.5508360415697098 30.62218584865332 46.80015057325363 0.4745978638529778 0 0.4004465341567993 0.09536147117614746 0.08849147707223892 0.9153928905725479 0 0.6100389808416367 0.8531676903367043 6.536926589906216 90.08739763498306 2.608291253447533 2.793561801314354 185.787919588387 111.6464392021298 32.43404142558575 357.4686294794083 0.08142007142305374 0.09584459662437439 0.7257575467228889 0.3284250050783157 1.75958426296711 15.08222614973783 35.48326397687197 5.927730016410351 0 19.6939494535327 68.65947762131691 44.77616540342569 117.8170674368739 335.5097430497408 748.1320070326328 867.1764042302966 66.22633688896894 398.2179399654269 1.184458218514919 0 0 0.305157259106636 0.5676378607749939 0 0 0.08736152201890945 0.1049408838152885 0 2.990148037672043 1.72606635093689 0.23007982224226 37.19107306748629 7.675437495112419 0.6110319718718529 4.103286996483803 7.86800367385149 0.1417292952537537 2.075880467891693 2.071585088968277 0 0 4.594896286725998 3.323166087269783 0.9568902850151062 11.21292693912983 19.77185546606779 0.2018309831619263 5.159316226840019 12.46686930209398 4.819298915565014 6.413659259676933 0 1.276270762085915 0.1292143911123276 1.147524520754814 0 0 0 0.09228937327861786 0 0 0 0 0 0.1531606167554855 0 0 0 0 0 4.349076606333256 0.5187578424811363 0 0.8885585591197014 0 4.471143588423729 1.807587787508965 16.69992408901453 10.96892197430134 1.095988109707832 0 0 0 1.144535437226295 0.2851050868630409 0 0 2.305477738380432 3.618328168988228 0 0 0 2.686377815902233 0 0 0 0 0.1972479969263077 0.8023973032832146 0 1.032903760671616 1.405692465603352 11.71810314804316 0.8007595017552376 0 0 0 0.1840264797210693 0 0 0 0.2556670010089874 0.9646011590957642 1.015760190784931 0 0 0.4860078394412994 0.8529264479875565 4.982940718531609 3.127995237708092 0.8835101127624512 4.438182197511196 2.290765717625618 4.39955049008131 2.667058981955051 0 0 0 0 0 0 0 0 83.79596825689077 3.634450696408749 7.593868531286716 112.4430396184325 1.989822372794151 94.74357383698225 23.73715219646692 59.52757977694273 2.66020330041647 0 6.895776823163033 4.555456563830376 0.1637882143259048 3.152479261159897 4.352732837200165 8.956641644239426 0 0 0 6.18898269534111 0 47.24141076952219 46.1023616194725
32.89618413150311 1281.417004562914 246.7627075612545 5.569769516587257 2393.848832160234 10.86253578960896 1426.489444456995 156.8885808438063 501.3641204163432 531.7944201827049 827.9043250381947 111.8130811676383 2075.711106911302 1898.018313705921 108.2360762953758 34.13727167248726 6.370837561786175 0.2218663096427917 0.09207486361265182 1.050558343529701 1.697098143398762 0 0.1982749328017235 0.5896233022212982 1.400661863386631 0.0930214449763298 0.4079035520553589 0.2695706859230995 0.1761211007833481 0.4065013453364372 72.36825459450483 14.5028672516346 51.72829866409302 0.08146588504314423 0.5062173455953598 1.174950629472733 28.90811935067177 3.940124601125717 1.813669644296169 0.2830547839403152 0 0.4545404464006424 0 3.983276054263115 0.2071723267436028 1.538334205746651 110.8443054109812 0.5758809372782707 0 0 0.08934234827756882 0.07290627062320709 0 0 0.4298968017101288 0.8642586693167686 7.31926640868187 69.74440879374743 4.196214526891708 3.468063689768314 4.301910720765591 16.89901155233383 1.687107235193253 39.25443720072508 0.08997725695371628 0 1.713304594159126 0.1964899897575378 0.3948527425527573 1.646293677389622 20.12700727581978 1.178229078650475 0 35.03122366964817 91.30607564747334 64.64124343544245 46.0745492875576 10.00490714609623 1.4476228505373 26.70859202742577 0.7634289413690567 50.03608730435371 1.85507807135582 0.1173232644796371 0.3709612712264061 0.2686640247702599 0.4389294311404228 0.1076782867312431 0 0 0.07937902212142944 0 0.3130502924323082 0.9789567589759827 0.2087869197130203 44.75361771136522 4.792339414358139 0.2234955579042435 1.972624942660332 7.69833267480135 0.9218460768461227 6.143335923552513 3.642677515745163 0 0.1206889078021049 5.888632543385029 10.97363570332527 1.899854868650436 21.58695446699858 33.80221485346556 0.3909253552556038 6.524834424257278 21.67183966189623 9.38148295134306 8.37519646435976 0 1.390790320932865 0.560040220618248 1.449913129210472 0 0 0.1305340230464935 0 0 0 0 0 0.2359838634729385 0.7471653521060944 0 0 0.5244814157485962 0 0 3.378571167588234 0.3664444163441658 0 0.3893845975399017 0 4.281839311122894 2.599312573671341 20.32082609832287 13.85711221024394 2.076731398701668 0.3652255833148956 0 0 0 0.2127058207988739 1.501752682030201 0 1.007137566804886 2.84183332324028 0 0 0 6.339423932135105 0 0 0 0 0.09997174143791199 0.9096192196011543 0 0.7488994747400284 1.095831528306007 12.36440112441778 1.286844715476036 0 0 0 0 0 0 0 0 2.295691199600697 1.176715843379498 0 0 0 1.692009106278419 1.742323383688927 4.72749712318182 0.6467022597789764 4.931339338421822 3.467478610575199 0.9247567281126976 3.042156025767326 0 0 0 0 0 0 0 0 79.06347299367189 4.483916267752647 8.730490393936634 392.3855581656098 4.042587332427502 256.407423838973 68.84089433401823 252.358179114759 6.686336643993855 0.2455825805664062 20.37542264908552 7.052431382238865 0.3190128654241562 10.17690218985081 3.72522383928299 9.822532422840595 0 0 0.390637218952179 17.63490930199623 2.442877717316151 55.72546271234751 38.95688726007938
1006.359817758203 7137.475906275213 557.5469730868936 3170.620656698942 1276.399515405297 232.3212792128325 3889.994172826409 195.8167483955622 531.7944201827049 3381.819771327078 328.232331879437 2402.302594348788 5428.825900048018 142.8983393758535 17.50372441112995 4.587176986038685 2.66318491101265 0.3227697685360909 0 0.09873507916927338 0.6585312783718109 0.2118336409330368 0.1169576644897461 0.08770783245563507 0.6453766077756882 0.2026118040084839 0.09862244129180908 0 0 0.09389401972293854 458.181162700057 14.2716633528471 19.99370439350605 0.2553293704986572 0.09948655962944031 1.216984502971172 39.60401329398155 13.82618197053671 5.978643760085106 0.4571707770228386 0.1063332036137581 0 0 0.6082684323191643 0.1146674752235413 0.09741517156362534 28.9563302397728 0.3239937275648117 0.4038415029644966 0.1541112512350082 0.1075991839170456 0 0.1723533421754837 0 1.034139826893806 0.3907679691910744 14.07390504330397 142.6212266758084 3.030297927558422 1.334728047251701 1.231719665229321 3.124973997473717 1.080926686525345 20.57000540941954 0.09838372468948364 0 0.5736233219504356 0.2369769364595413 0 1.10782565176487 128.0729231461883 4.693250983953476 0 25.17504140734673 28.088229380548 13.29215288162231 4.553394578397274 0.6913747116923332 3.202514730393887 6.025243483483791 0.3156387507915497 2.772375091910362 1.492866083979607 0 0.08441132307052612 0.4726852774620056 0 0 0 0.3950264453887939 0.09920482337474823 0 0.1165056377649307 0 0 358.0547886714339 220.542253471911 0.8103262186050415 34.5368449985981 323.8897351324558 1.988226607441902 40.93334378302097 7.721894726157188 6.127619490027428 0.1442322432994843 18.14754754304886 85.59430971741676 2.087431594729424 129.1631912365556 254.0849360004067 0.4928418546915054 124.4370980113745 121.9963340759277 44.79329607635736 23.21618607640266 0.4537350833415985 2.429843008518219 0.1465514898300171 3.602777227759361 0 0 0.09926279634237289 0 0.1943796426057816 0.1358456313610077 0 0 1.119423687458038 0.4453243315219879 0 0.4317269027233124 0 0 0 6.738754563033581 0.1383520215749741 0 0.7633975446224213 0.1215763911604881 9.262715220451355 3.156969450414181 33.26834327727556 15.99884001910686 6.075051121413708 0 0 0 0 0.268852025270462 2.473357260227203 0.1118432506918907 4.85728794336319 3.61742027848959 0 0 0 6.094109408557415 0 0 0 0 1.184720158576965 5.854552865028381 0 0.5339984893798828 1.046970590949059 20.96589946746826 0.5407441407442093 0 0 0 0 0.326906755566597 0 0 0 2.742078825831413 0.9843999221920967 0 0 0 3.4784801825881 8.327098824083805 9.741357490420341 0.6655430197715759 6.833648554980755 4.632098235189915 5.284677311778069 1.879091903567314 0.08396737277507782 0 0 0 0 0 0 0 236.7565298452973 3.331068992614746 14.36251639574766 350.5102308914065 2.48566160351038 94.31928007304668 25.24062715470791 476.4672719016671 6.779277011752129 0.3643937706947327 5.261592797935009 18.80303437262774 0.9114851951599121 23.03013427555561 1.416051939129829 62.60534716397524 0.7275797128677368 0 1.742350310087204 8.301325894892216 0 428.3844760879874 130.6776867210865
95.57838695496321 853.8533545807004 1131.512079082429 10.32824305444956 328.3413703739643 8.347836464643478 341.3194669783115 1200.759635820985 827.9043250381947 328.232331879437 603.8160680606961 115.4112026542425 1568.476529181004 2715.711912021041 225.6891229897738 92.93622183054686 11.01769315451384 0.6551076024770737 0.2819400131702423 3.847560487687588 17.9985067024827 0 1.611112400889397 1.852266505360603 10.69234644621611 0.9306675791740417 1.724657475948334 0.622081071138382 0.2327273972332478 0.2595830634236336 464.7831495478749 353.7506725415587 1038.022133842111 1.208220727741718 2.562221936881542 6.798730313777924 209.252361856401 40.45869603008032 15.6332718655467 3.730206958949566 3.927867159247398 2.315097913146019 0.5430605784058571 11.91250989586115 0.8201355263590813 10.37135043740273 205.0545459464192 1.06335973739624 0.5046596080064774 0.2933518067002296 0.09452137351036072 0.2234710827469826 1.007980711758137 0.3391484692692757 2.026493594050407 1.52287071198225 20.48596104234457 152.8824574947357 8.7174356803298 8.337432235479355 37.08361435681581 128.4478139206767 15.94388476759195 141.8398168757558 0.4787907600402832 0.2956456989049911 1.10150732845068 0.4632744342088699 0.9337888956069946 12.96211040765047 79.54230672121048 3.878293342888355 0.1096880584955215 67.6305348649621 198.7245054468513 125.5358315333724 131.7314726486802 159.0479787364602 169.8842552229762 271.9082764014602 11.03347782045603 329.8324784263968 4.616270042955875 0 0.4047751426696777 0.6507949680089951 0.6513103544712067 0.09491428732872009 0.1821434795856476 0.1826793402433395 0.1866385787725449 0.5422857329249382 2.347097493708134 0.7932449355721474 0.5927992835640907 59.72150091081858 8.180456422269344 0.9708072692155838 5.974496364593506 10.98503690958023 0.5844130665063858 0.1190842390060425 0 0 0 1.574452854692936 2.105424173176289 0.4854334443807602 8.225450895726681 9.254565246403217 0.3052354604005814 1.356944009661674 7.835263162851334 3.308947682380676 4.551731824874878 0.1752859801054001 1.895603343844414 0.1100162044167519 0.4391296654939651 0 0 0 0 0 0 0 0 0 0.08937935531139374 0 0.1185975074768066 0 0 0 1.348679266870022 0 0 0.2298912927508354 0 3.141517102718353 1.460665605962276 10.45905085653067 5.768248707056046 0.7277914360165596 0 0 0.1104560568928719 0.1158136129379272 0.2165350466966629 0.2948896363377571 0 0.7012066021561623 1.900485947728157 0 0 0 2.671998418867588 0 0 0 0.08440496772527695 0.09702733159065247 1.475107580423355 0 0.1496812254190445 0.2169761881232262 4.994953215122223 0.1284064650535583 0 0.2437781989574432 0.0856669694185257 0 0 0 0 0 0.8703395798802376 1.319907188415527 0 0 0 0.9067031815648079 1.217418529093266 1.933561839163303 0 0.6704491004347801 1.329131036996841 1.51078487187624 1.005735829472542 0 0 0 0 0 0 0 0 40.4501938149333 3.152129650115967 6.13055757433176 406.0507694706321 6.23004986345768 387.3776381835341 92.43091988563538 300.3300110772252 12.97516379505396 0.5161404982209206 27.78471146523952 5.208487063646317 0.4939522445201874 4.927092328667641 0.9032657444477081 2.719757743179798 0 0 1.398123562335968 24.52058538794518 1.276158586144447 43.80755966901779 19.19693195819855
13.75364173203707 173.1334003210068 35.78964156657457 2.444633260369301 22.63735355436802 36.24587231129408 818.6036607921124 30.45329017937183 111.8130811676383 2402.302594348788 115.4112026542425 162.744521908462 1063.126775711775 324.4324857220054 21.89663112163544 23.39323233813047 3.679580867290497 0.9455680549144745 0 1.538532957434654 9.186268277466297 0.4361219853162766 1.430314406752586 0.8394262045621872 39.80090715736151 1.552946761250496 1.010650262236595 0.288087323307991 0.1088886335492134 0.1518385410308838 9.483554728329182 1.042267389595509 255.500456392765 0.7265069484710693 6.188807681202888 89.77937826514244 259.8845020905137 347.4237670972943 46.96537860482931 10.44890727847815 4.244790308177471 2.084635749459267 0.1452267467975616 2.211708195507526 0.8830910995602608 5.321107290685177 12.92326702177525 0.2274731248617172 0.80316561460495 0.1140736415982246 1.114625163376331 0.2994685620069504 0.6900770366191864 0 0.1963874101638794 0.1521740779280663 1.289656348526478 8.63736067712307 0.7582319304347038 0.5400052964687347 16.69794691354036 211.6298718750477 22.01931769400835 8.440290361642838 0 0 0.06590114533901215 0.1106022372841835 2.204309977591038 9.738667279481888 113.0608707666397 3.598522245883942 0.3702991902828217 5.273339465260506 14.64430822432041 13.84930311143398 13.18203409016132 5.242999739944935 11.60274158418179 52.52521365880966 2.426818147301674 17.79844552278519 0.1103773415088654 0 0.2041542306542397 0.09251285344362259 0.5956018939614296 0 0 0.1082873791456223 0 0.1066286340355873 3.67151191085577 1.92722861468792 0.7724515274167061 540.5681596696377 14.91487807035446 1.176449865102768 18.07029711455107 21.07268120348454 1.38134141266346 7.009938880801201 1.700063765048981 0 0.1130469590425491 6.544132143259048 31.00566826760769 1.543833680450916 40.8625513613224 74.34088525176048 0.6634464636445045 11.52328101545572 32.63012690842152 11.67356009036303 6.978779137134552 0.2831297293305397 0.5564558506011963 0 1.231708168983459 0 0 0 0 0 0.1012619659304619 0 0 0.1182875484228134 0 0 0 0 0 0 2.695456303656101 0 0 0.2531947791576385 0 2.261505678296089 1.401908680796623 10.4034461081028 5.36131264269352 0.8689732402563095 0.5967317223548889 0.07387764751911163 0 0.3686097040772438 0.2360605672001839 0.5391225963830948 0.09194640815258026 1.074999243021011 6.017480790615082 0 0.1379893869161606 0 1.583019748330116 0 0 0 0 0.4128573834896088 1.734488748013973 0 0.6048548072576523 0 10.95048375427723 0.6182484552264214 0.3516917526721954 0 0 0 0 0 0 0 2.115353837609291 0.6185930818319321 0 0.107976108789444 0 0.9208764657378197 1.582666970789433 3.455000825226307 0.1384803503751755 4.721046611666679 2.508856043219566 2.190334551036358 0.990511029958725 0 0 0 0 0 0 0 0 98.52484665066004 1.424162857234478 7.270497672259808 117.0918470397592 1.035733416676521 36.86694572120905 14.84868805855513 74.59829943627119 0.6851020604372025 0 3.871707372367382 6.953320205211639 0.2586348950862885 4.935990087687969 0.9939731135964394 15.56936735659838 0.536585807800293 0 0.8390514850616455 4.11036291718483 0.3814600110054016 258.5886608809233 54.16961799561977
33.73695952445269 3071.870052389801 283.3477951362729 83.44167253375053 996.0994748175144 38.77254395931959 6917.575928248465 175.8390387296677 2075.711106911302 5428.825900048018 1568.476529181004 1063.126775711775 1250.676784612238 3328.517724357545 74.62133502960205 39.22860639542341 7.549782156944275 0.5045250654220581 0.1727087125182152 1.673043370246887 9.54413653165102 0.7057678177952766 1.380196563899517 0.7561645209789276 10.76237158477306 0.08403836190700531 0.7363851293921471 0.1301369965076447 0 0.2586069479584694 54.03850071877241 9.020799018442631 411.134995251894 0.1139896959066391 0.9873423725366592 9.618838310241699 231.8240849301219 91.07118861377239 13.57230785489082 2.284478522837162 2.589481942355633 3.261104382574558 0.940081350505352 5.601255193352699 0.5219250693917274 3.964579373598099 66.08768059313297 0.9659241214394569 0.1087149679660797 0.09576283395290375 0.0868828222155571 0.1068919971585274 1.273168630897999 0.1333944499492645 0.8613528460264206 0.6032170206308365 6.946893520653248 57.42101968824863 2.822020344436169 3.288713999092579 15.33849113434553 94.74293529987335 12.533870652318 32.42955395579338 0 0 0.4131366759538651 0.3048432841897011 0.9057573825120926 6.409418612718582 142.0194253623486 6.346673347055912 0.1981443092226982 26.32790011167526 65.91922174394131 42.2400786280632 40.8355512842536 8.788307636976242 9.223869226872921 46.72155373543501 0.6841423809528351 16.04865532368422 1.127568997442722 0 0.1896638497710228 0.4390233270823956 0.1590535119175911 0 0.2281682416796684 0.2302224040031433 0 0.2245077192783356 0.9426287710666656 1.027172885835171 0.2246474996209145 700.11045832932 10.7276177406311 0.5875112563371658 15.67409395426512 21.11552281677723 1.435892723500729 17.10289193689823 5.621720239520073 0.4563935101032257 0 17.3088763654232 43.38362804055214 2.730900295078754 93.71631982177496 138.3725199103355 1.834139920771122 22.94266960024834 70.64491560310125 20.84682415425777 34.79800064861774 1.146075837314129 0.8930274993181229 0.5163315534591675 2.328845031559467 0 0 0.2365788519382477 0 0 0.1194120943546295 0 0 0.350269079208374 0.4190064966678619 0 0 0.2197030782699585 1.408240914344788 0 7.930183187127113 0.6209279075264931 0 1.139761164784431 0.120032049715519 10.45188466459513 7.150906607508659 44.50974729657173 22.43573259562254 7.630621269345284 0.460154227912426 0.09250084310770035 0 1.868264444172382 0.8198437690734863 0.8543179333209991 0 1.673301070928574 8.678946763277054 0.1108987182378769 0.1601080745458603 0.21682258695364 7.739230588078499 0 0 0.7004933953285217 0.1958950161933899 0.08559851348400116 3.270230263471603 0 2.089033506810665 0.5558232814073563 22.4166394174099 3.356595531105995 0.9363108575344086 0 0 0 0 0 0 0.08607367426156998 11.81310050934553 1.721075832843781 0 0 0 3.586198948323727 7.684240058064461 10.6368482708931 1.698717206716537 12.49832533299923 7.099384039640427 4.923075772821903 6.681494615972042 0 0 0 0 0 0 0.1122397407889366 0 217.5102530270815 19.29313866049051 12.66602847725153 400.2345368787646 2.880077682435513 165.6963367909193 52.33677761256695 155.0687303766608 5.667337879538536 0.2653902396559715 16.50791737437248 14.1244036257267 0.6521034464240074 22.69963245838881 0.921087309718132 33.40669127553701 0 0.7398704290390015 4.399265587329865 24.71477690339088 2.625100657343864 352.0864508897066 127.508794888854
