310.7232855558395 2342.258643098176 236.0384334474802 2134.470718361437 693.8821296542883 111.4989143311977 1562.115735970438 44.03053364157677 53.89877025783062 1420.918375357985 355.3005760684609 169.8808707147837 288.4329015985131 225.2425215318799 2.436806179583073 1.436560243368149 0.2546477913856506 0.1608224958181381 0 0.1244084313511848 0.1619808822870255 0 0 0 0.287155494093895 0 0 0 0.3066700473427773 0 710.1028055399656 0.3296505510807037 9.989903397858143 0 0 0.1777463108301163 14.70610386133194 0.748542457818985 1.27883405983448 0 0 0 0 0.5823970586061478 0 0.2605124786496162 17.63129887729883 2.063252277672291 0.3400455340743065 0.3985129073262215 0.2275843992829323 3.411515429615974 0.3878495544195175 0.1044688373804092 7.461297303438187 6.930181868374348 65.70820474624634 377.2281888574362 40.43391791731119 37.22284312546253 0.7665108814835548 1.46893934905529 0 19.52049094438553 6.19261172413826 5.304943673312664 1.712637007236481 1.269565120339394 0.4346379041671753 0.5009506419301033 35.4225041270256 24.68103624880314 2.893083140254021 139.6932263895869 44.8316069021821 51.62116077542305 1.835880599915981 2.791369639337063 0.5562853813171387 64.07929418981075 1.57937777787447 6.498439811170101 5.093377165496349 0.7544556558132172 2.197301752865314 6.052389718592167 1.522398747503757 2.377872310578823 3.185735441744328 3.11664604395628 0.2624383419752121 1.595126658678055 0.2386150062084198 0 0 205.634421274066 10.29444254934788 4.459162846207619 0.4241009205579758 621.2671596035361 0 0 0 7.88069212436676 0 1.291110694408417 0 0 6.767846971750259 1.590657234191895 0 5.096043989062309 4.484906695783138 2.124918609857559 1.039945840835571 0 0 0 0 0 0 0 0 0 0 0 0 0 0 0 0 0.2854060009121895 0.136867418885231 0 0.351879209280014 0 0 0 0 0 0 0.4532544687390327 0.3302834331989288 0.1078695207834244 0 0 0 0 0 0 0 0 0 0 0 0 1.022034466266632 0 0.106458991765976 0 0 0 0 0 0 0 0.2578091621398926 0 0 0 0.0874348059296608 0 0 0.1720916926860809 0 0 0.5405105352401733 0.7480101883411407 0 0 0 0.1641245186328888 0 0 0 0 0 0 0 0 0 0 0 0 0 0 0 1.058848991990089 1.563949406147003 0.3260007947683334 310.7836148738861 2.981440901756287 77.40241797268391 3.791316084563732 399.3067605420947 5.64804171025753 3.355039238929749 2.022239558398724 1.052328526973724 0 0.1883444339036942 0.216609999537468 1.839008718729019 0.1648518145084381 0 0 0.8448816537857056 0 183.3051776960492 1.065860196948051
2342.258643098176 2446.662448480725 1458.640869528055 1059.356176882982 1670.621963910758 146.9767906814814 2795.655268676579 195.1258580312133 366.134927071631 523.0356185361743 2436.245720677078 147.573160007596 1872.434931971133 1616.432364493608 31.42801550030708 7.066937111318111 1.36633824557066 0.378641702234745 0 0.4430233016610146 0.55165845900774 0 0 0 0.2645622864365578 0 0 0.3406842350959778 0.1295839697122574 0.3291816040873528 1927.14441332221 3.108563885092735 43.07800281047821 0 0.3626116514205933 0.4328977316617966 32.21215565502644 0.3465537652373314 1.486376106739044 0.2226483970880508 0.1328565180301666 0.6108382120728493 0.3139140978455544 1.812828786671162 0.1436127424240112 1.336164720356464 146.7968721613288 9.426403656601906 0.6279202625155449 1.916852571070194 1.539410844445229 1.641165368258953 0 0.5555402040481567 32.14873011410236 18.83265252411366 70.51508798450232 467.3302273079753 98.89433643966913 191.5470030531287 1.42085786908865 2.012947902083397 0.2925079986453056 100.3227398991585 17.12890283763409 15.88867024332285 6.677188947796822 2.707557395100594 2.720143176615238 1.291761681437492 28.34996523708105 11.5053820759058 0.8824855983257294 384.3467475250363 203.8413566201925 340.1291286796331 31.84657575190067 10.10173962265253 1.233454518020153 242.0784363597631 5.462187469005585 19.78140780329704 23.73651377111673 1.139747738838196 8.221946910023689 12.62179610133171 7.275750242173672 0.371440201997757 3.46849550306797 0.8673936054110527 2.468170411884785 0.4088554233312607 2.036453038454056 0.7987783327698708 2.148474112153053 64.89084826409817 4.541866421699524 0.8608683794736862 1.282309412956238 757.0476174727082 0 0 1.59873640537262 0.7632614374160767 0 10.37751945853233 0.3899136781692505 3.154769763350487 2.911823928356171 3.411216542124748 0.5518464148044586 20.96216775476933 14.29002436250448 17.62583484500647 1.462688446044922 0.2543310523033142 0.498108983039856 0 0 0 0 0 0 0 0 0 0 0.1397875398397446 0 0 0 0 0 0 0 0 0 0 0 10.79898346215487 0 4.575855240225792 4.481552623212337 1.051234997808933 0 0 0 0 0 0 0 0 1.723853126168251 0 0 0 0 0 0.306328147649765 0.3326922059059143 0 0 0 0 0 0 1.170710623264313 0 0 0 0 0.09755412489175797 0 0 0.1311654299497604 0 10.03820040822029 0 0 0 0 1.241987079381943 0 1.248080193996429 0.5295315533876419 0 0 0 0 0 0.107927493751049 0 0 0 0 0 0 9.905932068824768 10.54870913922787 9.078330144286156 689.4583840072155 10.36006919294596 559.8690856769681 19.0986982434988 387.3633445352316 23.83201229572296 5.61441857367754 36.8270835801959 17.47802209854126 0.7183411717414856 4.000041991472244 2.405962243676186 8.714921370148659 0.4300776720046997 0.1260341107845306 0.9677226543426514 5.936690494418144 0 184.818752206862 8.899541616439819
236.0384334474802 1458.640869528055 841.1484200358391 20.72788448631763 148.5300136953592 7.068165957927704 37.76129984855652 1754.966733805835 118.70922768116 5.767249807715416 924.454157024622 19.53828772157431 226.6046056449413 339.0642260834575 16.67672357708216 5.672437399625778 0 0.5866890177130699 0 0.807029515504837 2.614352978765965 0.394581139087677 3.031093508005142 7.606619656085968 7.953101888298988 0.1216855347156525 3.406885579228401 1.683985441923141 3.588048413395882 5.329167895019054 3958.698753528297 99.1215775385499 28.27774241566658 0 2.937360242009163 9.914832204580307 19.08935334533453 4.776737421751022 1.774814315140247 3.144958578050137 8.562845408916473 4.840061575174332 1.126974537968636 1.816313795745373 0 1.04881290346384 48.14068327099085 3.091857433319092 0.08169540762901306 1.082866206765175 1.44026804715395 2.534092955291271 0.6075887158513069 3.890264421701431 3.18424042314291 3.76608369499445 27.41252689808607 218.2534849122167 20.60403329133987 37.84952703863382 4.245846010744572 8.063897140324116 1.36708165705204 89.47431560605764 3.914105303585529 3.178192295134068 1.508127003908157 2.376567132771015 4.099551007151604 9.759404294192791 12.62157164514065 3.106983244419098 0.2962404191493988 85.52543055266142 80.76724276691675 107.7485712990165 21.61481746286154 4.748246721923351 132.3199082762003 646.3490954712033 9.821886725723743 492.151893235743 4.319869585335255 0.1052231043577194 1.784608751535416 2.545979976654053 2.462868541479111 0.5944424718618393 0.8572685346007347 0.548838809132576 1.739960484206676 1.641949236392975 25.30825986713171 5.1673798635602 5.87735653668642 5.679628416895866 2.386174209415913 0 2.124233700335026 223.4346681311727 0 0 0 0 0 0 0 0 1.254298940300941 0 0.1967684626579285 1.757925271987915 0.898279145359993 0.6838379055261612 0.3144184648990631 0 0 0 0 0 0 0 0 0 0 0.5305252373218536 0 0 0 0 0 0.1900618299841881 0.315395176410675 0 0 0 0 0 0 0.9357424229383469 0 0.3715086355805397 1.014109760522842 0.2021936476230621 0.1712078899145126 0.1421305686235428 0.4545612037181854 0 0.1583798378705978 0.0919710248708725 0 0 0 0 0 0.1743847876787186 1.614981614053249 1.789903089404106 0 0 0 0 0 0 0 0 0 0 0 0 0.1244023144245148 0 0 0.1243932619690895 0.2716277837753296 0 1.634355954825878 0.2890590280294418 0 0.412137359380722 0.2729132547974586 0 0 0.1623334437608719 0 0 0.2943610101938248 0 0 0 0 0 0 0.1105049625039101 0.1230006963014603 0.1654636561870575 0 0.7447504550218582 3.633613705635071 2.14819847792387 90.55701861530542 2.464596644043922 128.7159164845943 5.725726872682571 39.3286848962307 6.839337818324566 0.402668409049511 7.04676278680563 0.467263326048851 0 0.7499275803565979 0.1505133062601089 0 0 0 0 1.821338355541229 0 17.73262020945549 0.8482467234134674
2134.470718361437 1059.356176882982 20.72788448631763 336.0717670544982 247.0544010773301 364.5440244451165 650.1711800470948 1.745335556566715 13.08077815175056 2218.348206721246 3.161193661391735 985.6260139495134 573.8859451338649 25.93703656643629 3.927491076290607 0.3303562179207802 0.407030425965786 0.3349919393658638 0 0.1835901886224747 0.3068808019161224 0 0 0 0 0 0 0 0 0 165.8311113864183 1.606165587902069 0.9095223769545555 0 0 0 0.1345065236091614 0 0.1737581044435501 0 0 0.0934164896607399 0.1000913828611374 0.306700773537159 0 0 33.7702551484108 3.386645749211311 0.4436154812574387 0.457070916891098 0.6324556395411491 0.3526141047477722 0 0 10.22739138454199 4.819060988724232 19.85617746412754 101.6749347001314 30.89530918747187 51.44815600663424 0.4841031804680824 0 0 22.3736973553896 5.85083619505167 5.050980485975742 1.522155553102493 0.6261849254369736 0.6469954326748848 0.2086279690265656 4.550969302654266 2.399177834391594 0.5507986694574356 122.8397186994553 42.28268442302942 73.20276968926191 4.10408066958189 2.063233427703381 0.09111721813678741 1.592561163008213 1.754926525056362 1.550502806901932 7.301326639950275 1.165889948606491 2.075839497148991 3.750751420855522 2.828730165958405 1.142586454749107 1.141769468784332 1.142720520496368 0.5137393400073051 0.4901686385273933 0.2158541083335876 0.4692270383238792 0.6741955876350403 57.42230854928493 1.019100368022919 0 0.1827437430620193 248.4104749560356 0 0 0.7396518290042877 10.05055749416351 0 5.220400094985962 3.951441913843155 0.5321439951658249 6.693162485957146 1.241871520876884 0 6.456163793802261 13.29585343599319 4.18805904686451 0 0 0 0 0 0 0 0 0 0 0 0 0.1906516700983047 0 0 0 0 0 0 0.09831208735704422 0 0 0 0 0 0.8428633213043213 0 0 0 0 0 0 0 0 0 0 0 0 0 0 0 0 0.09594730287790298 0 0 0 0.0846264585852623 0 0 0 0 0 0 0 0 0 0 0 0 0 0 0 0.9137953221797943 0 0 0 0 0 0 0 0 0 1.37901759147644 0 0 0 0.1425610482692719 0.09828822314739227 0 0 0.1046648994088173 0 0 0.7721388190984726 0.9830241203308105 0 250.8441342040896 2.543598487973213 120.7336521670222 1.632478564977646 181.5666521042585 5.219498164951801 1.967190317809582 2.195010855793953 8.700707152485847 0 0.1194802969694138 0.1152190715074539 3.699463680386543 0 0.2239436358213425 0 0.99826480448246 0 125.4562525972724 0.9559215605258942
693.8821296542883 1670.621963910758 148.5300136953592 247.0544010773301 569.2661953270435 4.529392525553703 1574.707809314132 6.623347789049149 2549.728981934488 92.49088741838932 1321.960038512945 65.43466608226299 1123.425968773663 2332.946653865278 39.23832537233829 5.44660360366106 1.255427166819572 0.3850310295820236 0 0 0.6235878318548203 0 0 0 0.4323747158050537 0.2722462192177773 0.09463483840227127 0 0 0 429.403388492763 2.377286404371262 13.52211440354586 0 0 0 15.6913696154952 0.2862923592329025 0 0.3292796462774277 0.4617016911506653 0 0 0.5753335803747177 0.1063465252518654 0.3310283944010735 124.404080979526 3.74855962395668 0.8585618808865547 0.5161770731210709 0.7016550973057747 0 0.1219056397676468 0.1608353108167648 10.27408012002707 4.99313335865736 12.52885776758194 35.95541913062334 25.31685793399811 85.50852254033089 0.6819395422935486 1.949075192213058 0 29.65951542556286 5.423280276358128 6.130504325032234 1.600382022559643 1.464739970862865 1.005278177559376 0.435335785150528 45.49716250598431 6.918186843395233 0 96.97860939055681 74.02623130381107 222.7379737794399 27.88515027612448 5.453000329434872 0.6342161446809769 13.26957665383816 2.737807184457779 4.913891293108463 11.47754415869713 0.413227379322052 3.450031921267509 4.903621904551983 3.206213548779488 0.2103119641542435 0.6906748414039612 0.1182236969470978 1.581099420785904 0.1256071776151657 0.1938991919159889 0.5938657969236374 0.6319262236356735 24.75886796414852 8.242530584335327 0 2.553536683320999 41.84441219270229 0.2201610058546066 2.218047261238098 0.1446093767881393 0.6705211997032166 0 47.32832772284746 0.2587718069553375 6.227932423353195 21.23746149241924 8.455984309315681 0.7833648324012756 54.381372615695 55.26087624579668 52.62588387727737 5.961714878678322 0.8434097766876221 0 0 0.1926127821207047 0 0 0 0 0 0 0 0 0.6613718271255493 0 0 0 0 0 0 0.7273935675621033 0.3203770518302917 0 0 0 35.27050720155239 1.486186042428017 15.27196794748306 7.274542927742004 2.420609354972839 0 0 0 0 0 0 0 1.427575469017029 1.977616757154465 0 0 0.194977730512619 0.4883986413478851 0 0.09977831691503525 0.691111221909523 0 3.150840163230896 0.7525039911270142 0 0 0 14.44616216421127 0 1.10518305003643 0.2104038447141647 0.2799541503190994 0 0 0 0 0 89.77682289481163 0 0 0 0 7.225175887346268 0 1.521021813154221 1.592910677194595 0.77084881067276 1.952101647853851 0 0.6094266772270203 0 0.1855835616588593 0 0 0 0 0 0 33.92776220291853 48.32039766013622 23.01058876514435 678.3871734589338 6.643551759421825 570.8845280110836 31.59229315072298 53.68492008000612 45.1479457616806 1.304457113146782 65.93511132150888 9.468011260032654 0 19.80981202423573 6.36032110452652 18.46842294931412 0 0 0 11.63714998960495 0 66.3665475025773 27.50148996710777
111.4989143311977 146.9767906814814 7.068165957927704 364.5440244451165 4.529392525553703 4.558831393718719 112.4052095189691 1.174340069293976 3.622845083475113 1153.472601383924 3.697023913264275 295.417685136199 138.1898999214172 9.048898860812187 1.158435694873333 0.2936981022357941 0.6541736125946045 0 0 0 0 0 0 0 0 0 0 0 0 0 134.309841811657 0.4023535847663879 5.827177971601486 0 0 0 9.586638912558556 0 0.3201054036617279 0 0 0 0.1156565472483635 0 0 0 1.39005583524704 0.1518432199954987 0 0 0.1574098616838455 14.12760661542416 0 0 0.4108444079756737 2.182147100567818 29.85982151329517 38.80205288529396 2.413257949054241 2.794524468481541 0 2.495725736021996 0 0.9210856556892395 0.0965561717748642 0.9613885432481766 1.060945376753807 0 0 0 91.4165096282959 165.8649744540453 21.26944759488106 6.484642907977104 1.311900220811367 2.195619121193886 0 0 0 11.49516722559929 0 4.333838418126106 0.3790417313575745 10.66227466613054 0 14.35783603042364 0.1398965120315552 21.30908313393593 17.88077353686094 21.70734492689371 1.750185996294022 11.41957995295525 0 0.8638179451227188 0.9325959980487823 170.9449754357338 65.65403136610985 23.28882823884487 1.536458849906921 103.1424151211977 0 0 0 11.06586140394211 0 0.1198311001062393 0 0 1.001667693257332 0.4206053614616394 0 0.3797579407691956 0.1925507038831711 1.271415874361992 0 0.5817128270864487 0 0 0 0 0 0.4223286211490631 0 0 0 0 0 0.1423612087965012 0 0 0 0.2593230232596397 0.1517847925424576 0.5902607142925262 0 0 0 0 0 0.1420804411172867 0 0.1891022175550461 1.210101827979088 0.8377299159765244 0 0 0 0 0 0.1665760427713394 0.2297859191894531 0 0 0 0.1565506160259247 0 4.449097208678722 0 0.1095596477389336 0 0 0 0 0 0.161441370844841 0 0 0.1097568348050117 0 0 0 0 0 0 0 0 1.038858115673065 3.343135505914688 0 0.175990417599678 0 0 0 0 0 0 0.1025815829634666 0 0.2034866511821747 0 0 0 0.1939692944288254 0 0.227523073554039 0.1628137528896332 0 0.3756496459245682 1.009248778223991 1.936590321362019 19.95965358614922 1.093093037605286 7.246513999998569 0.573729932308197 31.84501338750124 0 0.120899997651577 0.6321786046028137 1.536092787981033 0 0.1773607730865479 0 0.5584591627120972 0 0 0 0 0 27.65871670842171 1.243865758180618
1562.115735970438 2795.655268676579 37.76129984855652 650.1711800470948 1574.707809314132 112.4052095189691 804.6549391373992 4.894972033798695 806.01722124964 1374.300817064941 85.73095516860485 280.6716202348471 6505.255361698568 2655.322314463556 44.31868803501129 7.819138765335083 0.9231010898947716 0.3120603486895561 0.2552659884095192 0.1408862620592117 0.2290520220994949 0 0 0.2079628854990005 0.09893285483121872 0 0 0.1219731494784355 0 0.282322533428669 393.5290566980839 4.711308978497982 11.58135152608156 0 0 0.1268844306468964 12.79071957617998 0.9843658357858658 0.6957537084817886 0.9436482191085815 0.3200745582580566 0 0.2202285975217819 0.6129921525716782 0 0.5855542495846748 202.8674004375935 10.84026172012091 1.640764772891998 1.491953611373901 1.768801301717758 0.5098388344049454 0.1135285124182701 1.082014091312885 29.6673027202487 16.76843091845512 49.68641949445009 140.4645209908485 93.90612683445215 218.7536444962025 0.99481201171875 5.66100712120533 0 66.37113442271948 21.19741355627775 17.84472469985485 5.463634744286537 4.453343994915485 2.689896032214165 1.087006226181984 41.83558864146471 4.717368602752686 1.006247065961361 348.3098877817392 154.088354177773 390.5928088650107 36.00621194392443 10.54833854734898 1.792336076498032 11.64723783731461 3.642853610217571 5.703569531440735 28.08831509202719 0.8520084768533707 6.869585141539574 12.93775051087141 8.282703123986721 1.45324744284153 4.608275666832924 0.8213391676545143 3.323176115751266 1.993426769971848 1.93573085963726 0.5981742590665817 1.476363986730576 60.48580919206142 4.927678406238556 0.5557148009538651 0.1293872892856598 121.8960092738271 0.916642390191555 1.790088817477226 18.75577880442142 6.67355814576149 0.5541199743747711 99.94333453476429 3.408693939447403 20.39929687976837 49.94618868082762 16.88864919543266 0.9022503197193146 143.1724158003926 109.4566832631826 111.3160665556788 16.29604768007994 0.1073654219508171 0.3228776454925537 0 0 0 0 0 0 0 0 0 0 0 0 0 0 0 0.314067155122757 0 0 0.146253690123558 0 0 0 40.95229484885931 0.9013512134552002 12.05054427683353 10.90089653432369 4.68526554107666 0 0 0 0 0 0 0 4.462963424623013 2.35819124430418 0 0 0 3.073294639587402 0 0.1981973648071289 0.5392521694302559 0.1078953742980957 0.7162697315216064 0.3514043092727661 0.2104432433843613 0 0 13.50938744843006 0.4843777567148209 0 0.09994629770517349 0 0 0 0 0 0 112.0991516113281 0.2016930133104324 0 0 0 4.502504661679268 0 2.461091324687004 4.594405390322208 1.412789285182953 4.01075579226017 0.1060307025909424 0.1305107772350311 0 0.1051104441285133 0 0 0.4542689844965935 0.1339670270681381 0.1689590513706207 0 43.00880623608828 65.17006257176399 23.46747536957264 1232.308262348175 16.30928618460894 865.9894633218646 35.82653398066759 350.6034381389618 46.77659444510937 5.702000267803669 69.6272057145834 41.91172678768635 0.864780567586422 11.47477181255817 0.1519480496644974 53.19472196698189 3.758962988853455 0.2731569483876228 0.4953935742378235 8.667652025818825 0.8610171675682068 336.6839102432132 35.47379832714796
44.03053364157677 195.1258580312133 1754.966733805835 1.745335556566715 6.623347789049149 1.174340069293976 4.894972033798695 149.5709100738168 1.288868054747581 2.063091203570366 1631.197240315378 15.57378534972668 125.2442237585783 234.0645609423518 68.02247298508883 20.32763240486383 0.445019319653511 0.335260882973671 0.3526387065649033 0.479889377951622 0.9076464921236038 0 0.849584735929966 1.822082698345184 7.97180200368166 0.2544711008667946 1.238757647573948 0 3.760091617703438 3.225731335580349 3040.34167291224 2004.545802757144 53.91539642214775 0 0.6063085123896599 4.620578438043594 32.80528185516596 5.403979144990444 1.679491750895977 2.979654438793659 3.726408563554287 2.758378341794014 0.2044712379574776 1.127216927707195 0 0.5530356988310814 154.9369809925556 3.555517129600048 0.8570392057299614 1.067057810723782 0.973557747900486 1.765231549739838 0.746790423989296 1.8677022382617 9.657119423151016 4.739977858960629 25.39250630885363 102.0574995651841 26.72738662362099 71.53086081147194 5.147827751934528 6.800221048295498 0.7541819661855698 148.3384893983603 4.640430495142937 5.720405422151089 2.294028423726559 1.590285874903202 2.376995921134949 3.122858062386513 13.55395041406155 3.423071652650833 0.1251255869865417 112.8056397512555 127.7240251526237 299.7723455429077 72.16749413311481 21.02573332935572 450.6664070039988 1540.927116297185 16.05874256044626 1263.644197888672 8.851922996342182 0.339571513235569 2.155881993472576 3.712453722953796 3.279891952872276 0.5654941648244858 0.5137835741043091 0 1.264976315200329 0.7525115385651588 11.14541483670473 1.280748300254345 3.50815287977457 4.800309613347054 4.762812346220016 0.2498493194580078 1.487145230174065 66.08424490690231 0 0 0 0 0 0 0 0 0 0 0.1817185431718826 1.351232945919037 1.466416835784912 0.4200409650802612 0 0 0 0 0.108480416238308 0 0 0 0.2528871595859528 0 0 0.613121971487999 0 0 0 0.297942690551281 0 0.3152051195502281 0 0.08548854291439056 0.2530495524406433 0 0 0 0 1.082687579095364 0 0.3925157934427261 0.2337796837091446 0.3780416399240494 0 0 0 0 0 0 0 0 0 0 0 0.3380880504846573 0.7961495593190193 0.6972526162862778 0 0 0 0 0 0 0 0 0 0 0 0.09169735014438629 0 0 0.3663943409919739 0 0.2275657653808594 0 3.609693109989166 0.8086565285921097 0 0 0.1624364852905273 0 0 0 0 0 0.1114520058035851 0 0.167519137263298 0 0 0 0 0.1042396202683449 0 0 0 0.81082384288311 3.856119751930237 1.859268933534622 241.4685154482722 2.933432601392269 453.9394250437617 18.55266107618809 18.55459314584732 21.88257721066475 0.8839111030101776 28.6193226352334 0.1323859691619873 0.1926645487546921 0.4134284555912018 0.7139657288789749 0 0 0 0 6.552111208438873 0 15.58626424521208 1.714415311813354
53.89877025783062 366.134927071631 118.70922768116 13.08077815175056 2549.728981934488 3.622845083475113 806.01722124964 1.288868054747581 528.5442155450583 84.7227141559124 327.9297718778253 63.54119899868965 900.8854612335563 1482.380207292736 28.90254520624876 7.054387979209423 0.230786994099617 0 0.08363861590623856 0 0.1256574988365173 0.3011988699436188 0 0 0.1215139329433441 0 0 0 0 0 27.23011736571789 0.3603900969028473 4.216546609997749 0 0 0 14.70333640277386 0 0.6341422349214554 0.175258994102478 0.1570386737585068 0.4129473268985748 0.1103843748569489 0.4121992886066437 0.09828611463308334 0.2037299871444702 66.54056903719902 1.415199540555477 0.4134103283286095 0.2746273875236511 0.3111057728528976 0 0.1803513318300247 0.3904291763901711 3.509400427341461 1.617622077465057 4.587809547781944 5.658208668231964 8.050728686153889 25.05694682151079 0 1.932462528347969 0.2941175103187561 9.077913843095303 1.438469387590885 1.843456126749516 0.471251018345356 0.5289723053574562 0.5749649181962013 0.1096337214112282 40.41434913873672 2.804758653044701 0 21.92427272349596 23.26829490065575 86.32406665384769 13.65753497183323 3.672644816339016 0.2170205041766167 8.329589784145355 0.3241700977087021 3.107166618108749 3.059581533074379 0.09007975459098816 1.232862152159214 0.7036043629050255 1.019397288560867 0.2695441246032715 0.3436110317707062 0.4112923145294189 0.1069269776344299 0.2578429654240608 0.2492576241493225 0.4120250344276428 0.21332648396492 14.46845439076424 6.013697266578674 0 2.09349362552166 4.800833679735661 1.344678550958633 0.2378979027271271 2.455569118261337 3.507493615150452 1.314053684473038 70.06865186244249 0.4007897824048996 14.46651196479797 24.3937925696373 17.4947365373373 0.9775520488619804 92.89878772199154 76.54427169263363 82.10116821527481 11.36263829469681 1.469631791114807 0.1548000574111938 0 0 0 0 0 0 0 0 0 0 0 0 0 0 1.421694785356522 0 1.014979839324951 0.8961124420166016 0 0 0 0 34.64103065431118 0 8.383265346288681 10.26200419664383 2.186651080846786 0 0 0 0 0 0 0 5.335636109113693 3.101784974336624 0 0 0 0 0 0 0.3675879240036011 0.3639547526836395 1.485332846641541 1.636037468910217 0 0 0 12.46575953066349 0 0 0.6665824055671692 0 0 0 0 0 0 100.9400584325194 0.5301664620637894 0 0 0 6.037304937839508 0 2.930532306432724 4.885839611291885 2.875582993030548 3.519828975200653 0 0 0 0 0 0 0 0 0 0 47.50724541395903 53.46338430047035 23.08800727128983 415.2367649972439 1.620304696261883 286.5411781743169 16.16287526488304 18.45847684890032 27.10143536329269 0.9839503690600395 48.88590762764215 20.53005948662758 0 13.85385645925999 1.940592020750046 24.59427990019321 0.4727337062358856 0 0 7.718777686357498 0 52.21250278502703 32.60626001656055
1420.918375357985 523.0356185361743 5.767249807715416 2218.348206721246 92.49088741838932 1153.472601383924 1374.300817064941 2.063091203570366 84.7227141559124 2381.091549433768 7.757539354264736 2708.420117929578 5869.155433259904 78.11406049877405 4.760560087859631 0.953239306807518 0 0 0.1232227832078934 0.2207213714718819 0.1339797377586365 0 0 0 0.1043183878064156 0.07985000312328339 0 0.1152183264493942 0 0 150.2713084071875 0.3778138607740402 3.026468575000763 0 0 0 10.51059687882662 0 0.5906018987298012 0 0 0 0.3589849919080734 0.2787098288536072 0.1398477852344513 0.1844831630587578 29.94085837900639 3.736301653087139 0.3134071603417397 0.3891805112361908 0.5514296665787697 3.084423124790192 0.4936292767524719 0 7.661693558096886 5.882740013301373 25.16130138933659 53.36895251274109 26.79229931533337 50.00653316825628 0.3842540606856346 0.5125268995761871 0 14.11853928118944 4.957232743501663 4.981329165399075 1.863881312310696 1.507348574697971 0.5069780424237251 0 57.96879320591688 32.44728411734104 5.635250672698021 93.71361419558525 29.17539010941982 63.6176355779171 3.238576486706734 0.9568652212619781 0 4.661064840853214 0.6885745599865913 1.86553105711937 7.335690774023533 2.603881865739822 1.764610201120377 7.335919454693794 2.288900412619114 4.266956597566605 4.764707267284393 6.23785974830389 1.587447784841061 3.092770166695118 0.4247128218412399 0.3792181760072708 0.2467915639281273 221.5583377629519 11.47385109961033 4.529939860105515 0.1317102015018463 384.021333374083 0.9532135352492332 4.855057492852211 3.744810000061989 116.0241607427597 0.357397735118866 86.44674833118916 28.43302673101425 13.23473558574915 72.51764684170485 107.3861331641674 0.7417953014373779 102.026726692915 129.0740208849311 100.4488063678145 3.397008389234543 0.2585234418511391 0 0 0 0 0 0 0 0 0 0 0 0 0 0 0 0 0.1452602446079254 0 0 0 0 0 0 9.622725836932659 0 2.640648201107979 2.52200523018837 0.2507758960127831 0 0 0.1176961958408356 0 0 0 0 1.207398980855942 0.6765908598899841 0 0 0 1.129424750804901 0 0 0.4523198306560516 0.3169178292155266 0.367273211479187 0.8808844089508057 0.181943491101265 0 0 7.224608138203621 0.1929223835468292 0.7763022780418396 0 0 0 0.1039901599287987 0 0 0 40.99715158343315 0.6093657910823822 0 0 0 1.445558026432991 0 0.317223072052002 1.999311238527298 0 1.270991608500481 0 0 0 0 0 0 0 0 0 0 22.51746627688408 6.286414250731468 3.806600779294968 894.2474323064089 3.534622773528099 128.1130716949701 4.220820777118206 439.8975770249963 7.896893970668316 1.727861404418945 3.772653214633465 60.18435401469469 0.3540910258889198 7.223677344620228 2.052465081214905 106.4829437881708 1.319631218910217 0.09221693128347397 0 1.773740410804749 0 766.3969142362475 38.77785746753216
355.3005760684609 2436.245720677078 924.454157024622 3.161193661391735 1321.960038512945 3.697023913264275 85.73095516860485 1631.197240315378 327.9297718778253 7.757539354264736 2834.233627431095 57.0741758570075 1540.295869670808 2033.90064112097 62.28898107260466 26.42459581792355 0.6663431525230408 0 0.5955673009157181 0.3116691708564758 0.2189866006374359 0.3789185285568237 0 0.1463191360235214 0.582253023982048 0.1312293410301208 0.1505115479230881 0 1.152450077235699 0.2241587042808533 1070.304339073598 13.39574910700321 113.6002330929041 0 0 0.9053301587700844 60.35013487935066 2.1248634532094 1.384137399494648 0.8905760571360588 0.4796555414795876 0.5730501115322113 0.177651435136795 2.185289576649666 0 0.1873843818902969 123.1758947744966 2.145602986216545 0.8267567232251167 0.7300590872764587 0.8475071936845779 0.8550949245691299 0.1244396716356277 1.033669397234917 6.853509485721588 1.965820290148258 20.26816415786743 80.65920162945986 18.44895878434181 42.92137409001589 0.3254780322313309 3.353087238967419 0.1998538821935654 57.79129046946764 2.341779105365276 3.800084598362446 0.7954451069235802 1.442701399326324 0.5905641913414001 0.3202302381396294 26.72822061181068 4.609276615083218 0.2534560784697533 74.0717985779047 57.8562668710947 185.6451539322734 38.82483380287886 13.9560906663537 8.065523020923138 264.184958986938 1.572349369525909 70.14576997607946 6.65547701716423 0 1.574469275772572 2.897518150508404 1.469995029270649 0.5598167181015015 0.7326663210988045 1.47817038744688 0.4529954493045807 1.523966990411282 0.9235802963376045 0 0.2617306262254715 17.14360685646534 3.521564960479736 0 3.581282064318657 111.8367446139455 0 0.5744303464889526 0.3722711205482483 0 0.1430578082799911 25.10381143540144 0 7.951720699667931 11.7100370824337 4.696487545967102 0.916434183716774 36.42850437760353 27.76827362924814 37.08808070421219 6.642916724085808 0.3817212134599686 0 0 0.1282615214586258 0 0 0 0.3995764255523682 0 0 0.1763103455305099 0 0 0.503703236579895 0.3732490614056587 0 0 0.1317730396986008 0 0 0 0 0 0 22.92781926691532 0 11.40984117239714 6.775149323046207 0.1600280702114105 0 0 0 0 0 0 0 1.96302355825901 0.7228153496980667 0 0 0 0.9163507670164108 0.3238574862480164 0 0 0 0.3817954510450363 1.379334151744843 0.6391348242759705 0.1371702551841736 0 5.72433577477932 0 0 0.3617117702960968 0 0 0 0 0 0 45.86025440692902 1.753173291683197 0 0 0.3639693856239319 0.9639404118061066 0 1.179065197706223 2.376650527119637 0.9529544115066528 3.433202676475048 0 0.6103864908218384 0 0 0 0 0 0 0 0 22.3946687579155 25.38316828757524 12.42859701067209 545.8280431479216 4.005657583475113 464.4368692860007 32.17234535515308 21.86477204412222 40.89286459982395 0.6767104938626289 53.94168246537447 9.398329526185989 0 8.427222318947315 0.2605606317520142 12.64802129566669 0.3328942060470581 0 0 11.20278036594391 1.051404595375061 31.06001733243465 16.47987121343613
169.8808707147837 147.573160007596 19.53828772157431 985.6260139495134 65.43466608226299 295.417685136199 280.6716202348471 15.57378534972668 63.54119899868965 2708.420117929578 57.0741758570075 154.9117084145546 2667.456694342196 135.5997772812843 23.35089734941721 17.04126165807247 0.3585129603743553 0.1021595448255539 0.1279789656400681 0 0 0.3547379821538925 0 0 0 0.1599137485027313 0 0 0.6781197637319565 0 60.94479584693909 3.844087243080139 35.48155172169209 0 0 0 124.9254503622651 0.5784639418125153 2.891426026821136 0.2032769620418549 0.2041612267494202 0.4326723739504814 0 3.014997832477093 0 0 21.81302624195814 0.3730523735284805 0 0 0 10.17656722664833 3.971337720751762 0.5825953334569931 1.061282463371754 0 7.044913113117218 8.771318361163139 2.868795923888683 4.207428298890591 0.09625949710607529 6.420088984072208 0 20.37122988700867 0.483869343996048 0.3447693809866905 0.5422914251685143 0.2320361286401749 0 0.1254835575819016 149.041834846139 35.15885628759861 2.895051449537277 6.725438222289085 4.946678072214127 26.12083768844604 9.404631368815899 7.421451911330223 0.1041694283485413 34.99397937208414 0 2.139020338654518 0.08469563722610474 1.776376321911812 0.2091434821486473 3.936874680221081 0 5.365043312311172 5.952077679336071 8.305486358702183 2.073715478181839 5.200188644230366 0.1025830879807472 0.1064115986227989 0.5377767384052277 1040.987651899457 72.68309177458286 13.72832046449184 10.24794010818005 180.4960812926292 0.6678777784109116 2.456986337900162 5.399955302476883 16.69643072783947 2.133632108569145 205.005903288722 4.030368611216545 38.362050332129 162.9030406400561 54.80792853236198 1.986347004771233 280.7397614121437 316.4378137812018 288.8153191581368 24.18783261626959 0.9864248186349869 0.4063529670238495 0 0 0 0 0 0 0 0 0.3781797289848328 0 0.2111763060092926 0 0.1253427118062973 0.3449129015207291 0.6373152881860733 0.8723401054739952 1.520057052373886 1.197623759508133 0 0 0.1372444927692413 0 44.5021933093667 0.3536011874675751 15.88997424393892 8.627998314797878 2.608744397759438 0 0 0 0 0 0.2910240292549133 0 3.069063186645508 2.509292900562286 0 0 0.3561740964651108 3.310190461575985 0 0.1352330893278122 1.458167687058449 0 2.458791889250278 1.697411507368088 0.1170094683766365 0.1543359756469727 0 9.526907593011856 0.6759643331170082 0.5709836781024933 0.4682732447981834 0 0 0 0.554409459233284 0 0 130.066046282649 4.45168112963438 0 0.1545557379722595 0 2.299711927771568 0 2.233657076954842 5.096836507320404 2.031607791781425 2.914951160550117 0 0.1181083917617798 0 0 0 0 0.6226217746734619 0 0 0 91.99981789290905 49.46123028546572 19.48699362576008 558.7035634145141 3.882843188941479 93.52939915657043 16.88313482701778 139.8580248355865 9.251042142510414 0.1413375437259674 10.35174434632063 47.606899343431 0.4340019375085831 19.17589425295591 2.984597221016884 134.6946068555117 4.432585954666138 0 0.7772217392921448 4.404396757483482 0.4839007258415222 1203.327292628586 173.2002105712891
288.4329015985131 1872.434931971133 226.6046056449413 573.8859451338649 1123.425968773663 138.1898999214172 6505.255361698568 125.2442237585783 900.8854612335563 5869.155433259904 1540.295869670808 2667.456694342196 1340.887262061238 2271.972873583436 158.9089323505759 105.1314312815666 1.659257523715496 0.1126512140035629 0.2332843914628029 0.1194580867886543 0 5.11826679110527 0 0 0.6325403228402138 0 0.4563343226909637 0.4527894109487534 2.074197232723236 0.2552113905549049 310.6939772218466 4.466760866343975 543.6079158633947 0 0 0.2823010683059692 450.0651805922389 3.571578837931156 25.22446326166391 2.294336818158627 0.1911901459097862 0.4244784116744995 0.1182442456483841 9.495466835796833 0.1135158613324165 0.7056764960289001 179.1077283546329 1.89879484474659 1.042185261845589 1.280568860471249 0.6573746725916862 35.46905851364136 25.49576020985842 3.512666776776314 3.392337575554848 3.787503510713577 21.80391280353069 52.29570169746876 23.12960221618414 41.51854576915503 0.1219502538442612 149.7258233055472 0.9996377825737 112.2994947209954 2.456554241478443 2.793879367411137 1.321991436183453 0.6864266470074654 0.4282220378518105 0.5687040537595749 545.3190617933869 125.99129986763 8.373699247837067 48.9666598662734 48.87625915557146 215.8999716117978 60.76719516515732 41.56190443783998 0.5827314183115959 721.0143856406212 0.7884925305843353 94.30641961097717 5.769985273480415 7.353301405906677 1.762692309916019 8.307098560035229 1.305732704699039 12.94603331387043 11.24109875410795 18.16245090961456 3.478491686284542 10.20563992112875 0.8634043410420418 1.09866301715374 3.156248554587364 1699.90483866632 148.334325954318 33.47924099862576 40.16951180994511 138.3499513044953 2.724870584905148 3.523443050682545 10.70171946287155 30.00460258126259 2.807123996317387 571.7944638580084 4.488500833511353 120.3951976895332 323.4236216023564 111.6625299975276 6.34488408267498 735.9086184427142 859.4714619144797 759.0529524087906 80.30702271312475 3.088541820645332 1.170197285711765 1.140008151531219 0.7696558833122253 0.1715191453695297 0.1254808306694031 0.4678483903408051 0.8281617909669876 0.4421743452548981 0.1841955780982971 1.058088481426239 0.3624368086457253 2.312862157821655 0.111782394349575 0.5285356938838959 0.1210514307022095 3.399773687124252 3.253974363207817 1.350719355046749 1.958774551749229 0.9205704182386398 0 0.7760608345270157 0 205.7025868818164 5.801457338035107 68.17564441263676 50.48664950579405 14.89743988960981 0 0 0 0 0.411948636174202 1.771906182169914 0.1791019588708878 10.61353995651007 13.65329640358686 0 0 0 19.72734223306179 0.9115235209465027 0.1045341566205025 2.341252282261848 0.1061001345515251 12.42507782578468 14.25483821332455 0.5026254206895828 0.3677107989788055 0.4330061376094818 51.19831100106239 0.7671094983816147 1.020628109574318 0.8634109199047089 0 0.1334544718265533 0 0 0 0 505.9394174814224 12.9266230687499 0.2022674977779388 0.2307199984788895 0 19.17865221202374 0 10.30374622344971 19.61920611560345 11.09014421701431 17.3374160155654 1.379646673798561 0.7520820200443268 0.1609572321176529 0.09111184626817703 0 0.1162759512662888 0.1284509748220444 0 0 0.2408695816993713 300.2814899161458 234.9498950466514 110.8307282924652 2345.488577291369 12.70846983790398 756.7823445424438 100.8246184363961 158.1166809052229 86.8637278303504 2.309537693858147 110.1472700685263 146.1310019046068 0.6274184733629227 87.55863219499588 16.31092450767756 252.4544363543391 8.109780870378017 1.354018568992615 1.34840153157711 20.36090049147606 1.539477527141571 1241.835090577602 372.4406788945198
225.2425215318799 1616.432364493608 339.0642260834575 25.93703656643629 2332.946653865278 9.048898860812187 2655.322314463556 234.0645609423518 1482.380207292736 78.11406049877405 2033.90064112097 135.5997772812843 2271.972873583436 1549.668613016605 109.163153834641 56.22245239466429 1.80305577814579 0.1021698489785194 0 0.09346817433834076 0.1198183968663216 0.2324942648410797 0 0 0.5586437284946442 0 0.3287317603826523 0.1932823807001114 1.963114902377129 0.3121943026781082 261.2957664877176 3.230180121958256 424.35479798913 0 0 0 248.246210500598 2.842209614813328 4.13899152725935 1.79157093167305 0.4319672212004662 0.5144155323505402 0.0977945402264595 4.435250140726566 0.1369261145591736 0.7075134888291359 149.4097207933664 2.608951166272163 0.3201427757740021 0.1060732081532478 0.1695994362235069 4.934310287237167 3.177536733448505 1.724356599152088 3.51274473965168 2.780606426298618 15.31556960195303 46.09814442694187 20.47444023936987 38.87871739268303 0.2650438249111176 8.28094843775034 0.3038656711578369 55.36271651834249 3.360729850828648 2.672797478735447 0.9415450021624565 1.093980245292187 0.7266490831971169 0.7350839599967003 123.8054129630327 19.32318314909935 0.2771621122956276 45.79154703021049 51.54648377746344 196.2507211863995 48.55871123820543 23.89302173256874 0.1053700745105743 568.0562665760517 1.142554737627506 9.559241257607937 5.052858345210552 0.2186105698347092 1.308574490249157 4.83029455691576 1.758604131639004 1.386520303785801 2.496502742171288 2.666959673166275 1.345176890492439 2.194594711065292 0.4466998353600502 0.4772706180810928 1.363589905202389 208.6290834248066 22.62431792914867 2.758286565542221 9.877603478729725 55.89280536025763 1.447285234928131 0 2.930273205041885 3.364381730556488 1.725437119603157 121.86746352911 0 24.82785547524691 57.53010604530573 22.90493786334991 2.627173572778702 175.0232881680131 161.432878062129 191.9651251286268 19.48069634288549 0.3813451826572418 0.3986102119088173 0 0 0 0 0 0.3380304574966431 0 0 0 0 0.5539691299200058 0 0.1088736653327942 0 0.9862743839621544 0.6911141350865364 1.15198141336441 1.74551910161972 0 0 0 0 70.58943950384855 0.1237602233886719 24.78454472869635 22.84391658008099 3.672089748084545 0.2485018074512482 0 0 0 0.1105776429176331 0 0 2.416738756000996 5.057136669754982 0 0 0.2349547892808914 4.963144868612289 0.3012942522764206 0.3729360401630402 1.200544953346252 0.136256605386734 3.060148552060127 3.055815309286118 0 0 0 20.94309754669666 0.1200067177414894 0.8582691252231598 0.7374842613935471 0 0 0 0.1360195130109787 0 0 165.9967067167163 2.44337922334671 0.1265453994274139 0 0 6.287952184677124 0 4.28620383143425 4.70759093016386 3.417979754507542 4.181539282202721 0.1660269796848297 0.3018113970756531 0 0.1223201751708984 0 0 0.1068834662437439 0 0 0.3892161846160889 80.53883484005928 78.7656512632966 52.20649494230747 1195.552497856319 8.990760952234268 640.6577965766191 65.8567184060812 31.10688449442387 60.60964531451464 0.8876316174864769 87.64131892472506 40.88596457988024 0.09869547188282013 25.60550838708878 3.840980768203735 57.75869780033827 2.747997879981995 0 0 12.27503342926502 0 141.3554290905595 83.46603275090456
