27.11148702353239 2033.949967674911 116.2238130569458 587.5804690942168 24.44385356456041 3.267871916294098 464.2402087002993 20.28130028396845 23.27507600188255 957.5918442159891 46.71612237393856 129.8631679564714 264.4060640335083 81.16373409330845 0 0.37155731767416 0 0 0 0 0 0.4806711971759796 0 0.1146300286054611 0 0 0 0 0.1327231079339981 0.08827563375234604 320.3224804699421 0.1925258412957191 2.523820109665394 0 0 0.4482323080301285 2.273607678711414 0 0.4631273448467255 0 0.08875715732574463 0.08813492208719254 0.1128506883978844 0 0 0 4.983602598309517 1.300064757466316 0 0 0.2068609744310379 2.133486732840538 0 0.1874251216650009 2.507422409951687 2.217635460197926 330.233096331358 1692.508100472391 17.60846315324306 1.434129498898983 0 0.2207618281245232 0 26.25968249887228 2.596640229225159 1.023101858794689 0.8214650824666023 0 0.3305300623178482 0.7788659483194351 6.488098807632923 42.85604543983936 0.751248836517334 161.703086655587 8.67608742415905 3.578907407820225 0.8571049496531487 0.1004086062312126 0.343981146812439 5.789107911288738 0 1.034445129334927 4.261489726603031 0.2682506442070007 1.709145694971085 0.9806051403284073 0.2027106955647469 0.348064661026001 0.2885723039507866 0.6477250307798386 0.2051464915275574 0.4024067372083664 0.2095893025398254 0.2776901200413704 0.09197359532117844 75.51530000567436 31.70184656977654 3.508001714944839 2.116402417421341 446.0991918966174 0 9.618293762207031 0 0 0 3.056885920464993 2.193047761917114 0 0 3.200131624937057 1.051900625228882 2.43331977725029 2.412847280502319 0.1812691688537598 1.031692415475845 0 0 0 0 0 0 0 0 0 0 0 0 0 0 0 0 0 0 0 0 0 0 0 0 0 0 0 0 0 0 0 0 0 0 0 0 0 0 0 0 0 0 0 0 0 0 0 0 0 0 0 0 0 0 0 0 0 0 0 0 0 3.160309240221977 0 0 0 0 0 0 0 0 0 0 0 0 0 0 0 0 0.1730110943317413 0 0 0 4.724441841244698 0 0.1976285576820374 7.008710265159607 0.9212490767240524 23.19772816449404 5.942706786096096 128.197673715651 2.683234050869942 1.011128567159176 0.2334781736135483 0 0 0 0 25.8316952586174 0 0 0 1.784413933753967 0 58.89426802098751 8.747356861829758
2033.949967674911 1230.412122294307 941.3647669777274 221.86653226614 923.4541038274765 36.11227256059647 1074.905586883426 620.2671160921454 1108.744133755565 146.1582026183605 1311.83054433018 35.41780564934015 1275.007555782795 1698.629274211824 2.342445008456707 4.685424029827118 0.7570961937308311 0 0.08503471314907074 0 0.2586770057678223 0.779809907078743 0.992437981069088 0.7507759109139442 0.4816051498055458 0.5851442217826843 0.8723551109433174 0.2887380868196487 0.08926879614591599 0.5468854308128357 1583.809891268611 20.33387327194214 147.1522078365088 0 1.311050675809383 5.443023532629013 40.31583681702614 2.09353306889534 1.394174069166183 0.4966133311390877 4.886823013424873 2.796419203281403 1.011975586414337 1.112963534891605 0.1156220734119415 0.6718908473849297 74.52652782201767 10.23800725489855 1.05319806933403 1.164186172187328 2.033115103840828 0.7604728788137436 0 1.240769781172276 13.55789613723755 13.04916943982244 166.8118484094739 1186.713194921613 24.88130554184318 27.36073239892721 2.660697482526302 11.37273965775967 0.5552104860544205 191.8983078449965 16.55815784260631 11.9219212718308 3.552007619291544 1.437367305159569 2.833484068512917 10.74203031510115 6.307380996644497 0.8638660609722137 0 495.7683046646416 115.3287106975913 88.99306346476078 24.75333612412214 6.859332971274853 2.944797694683075 134.4606328159571 1.069476775825024 10.54070658236742 38.43929451704025 0.07325366884469986 16.53014034405351 7.034374464303255 1.964586794376373 0.4073681980371475 1.767657823860645 0.6534210294485092 0.764239639043808 0.5848182886838913 4.399668239057064 1.169421799480915 1.262988664209843 9.635937795042992 0 0.0805673822760582 0.06969365477561951 580.7156124487519 0 0 0 0 0 6.062004566192627 0 0 0 1.705939531326294 0.2992605268955231 0 0 0.1487793177366257 0.2295974940061569 0.08396546542644501 0 0 0 0 0 0 0 0 0 0 0 0 0 0 0 0 0 0 0 0 0 0 0 0.2870756909251213 0 0 0.1780426874756813 0 0 0.1074073016643524 0.120225302875042 0 0 0 0 0 0 0 0 0.1880704760551453 0 0 0 0 0.07608308643102646 0 0 0 0.1356841921806335 0.1206045597791672 0 0.7486223056912422 0 0 0 0 0.1259178966283798 0.08284188061952591 0 0.5112503170967102 0.2733515873551369 0 0 0 0 0.5538442432880402 0 0 0 0 0 0 0 0 0.2261357232928276 0 0.07273650914430618 0.3978839516639709 0 0 0 0.3877065926790237 0 0.3459659218788147 45.41935813426971 6.995050266385078 195.3644534498453 28.75417631864548 26.83221755176783 17.11284278333187 4.425802983343601 15.41834928840399 0 0 0.203116811811924 0 0.2791860699653625 0.09591849893331528 0 0 5.976854309439659 0 77.94331159442663 0.2992546930909157
116.2238130569458 941.3647669777274 357.9998740255833 0.3804883435368538 107.0034962892532 0.0902625098824501 93.29220759868622 2026.883818358183 213.6256851926446 1.569429993629456 2342.557959407568 4.081442460417747 55.87964226305485 702.2325268536806 6.721349738538265 21.5466260612011 4.320166632533073 3.078151069581509 0.7956986501812935 2.120513170957565 3.531685821712017 0.5782276540994644 3.097810260951519 3.234697423875332 5.559136360883713 3.941624216735363 0.7422695308923721 0.7071760669350624 0.3454877510666847 2.051781706511974 2688.977381162345 351.7021863386035 314.7552292570472 0.2075238525867462 6.577538207173347 17.76121227443218 67.58387602865696 6.009476788341999 1.441889896988869 0.6214887946844101 23.74556645005941 10.95655303448439 16.4008881598711 8.969332009553909 0.2945133596658707 20.44979768246412 62.32961424440145 4.616929657757282 2.067939221858978 16.38823112845421 14.55543603003025 1.067172631621361 0 4.879119277000427 5.046286314725876 4.151193354278803 23.36645594984293 409.4413638412952 5.013366147875786 14.86244464665651 69.91607105731964 45.76022360473871 5.535895586013794 209.7291243374348 5.375589724630117 6.770694401115179 1.023367844521999 16.31810458749533 42.64560881257057 83.33170937746763 14.84653683006763 0.6197436153888702 0.2081340178847313 138.2100973464549 57.97019194066525 61.52017621695995 37.46943380683661 25.33626395463943 46.86373676359653 1186.447335720062 42.45909287035465 208.89380710572 13.08362180739641 0 7.110022816807032 2.005027882754803 9.921872965991497 0.0736573189496994 1.249660797417164 0.925661101937294 1.383793711662292 1.300720639526844 33.20733477175236 5.499178245663643 3.367360681295395 1.777651868760586 0.1360936909914017 0 0 76.77240108698606 0 0 0 0 0 0 0 0 0 0.2890531867742538 0 0 0.1609330624341965 0.5885514616966248 0.1262668818235397 0 0 0.101045273244381 0 0 0 0 0 0 0 0.5548165887594223 0 0 0 0 0 0 0 0 0.7450819611549377 0 0 0 0 0.8760151714086533 0 0.4308348670601845 0.5291701406240463 0.1216553077101707 0.3952733427286148 0 0 0 0 0.1285198032855988 0.2695833146572113 0 0.2290033996105194 0 0.3488136455416679 0.5131543874740601 0.346688374876976 0.3045995235443115 0 0 0 0 0 0 0.2423143684864044 0.1657273173332214 0 0.1196154654026031 0 0 0 0 0 0.09504026919603348 0.2039526104927063 0.3157058209180832 1.362188525497913 0.09730737656354904 0.7763202413916588 0.1288445889949799 0.5934882909059525 0 0.2383690178394318 0.3593675494194031 0 0.1561389118432999 0 0 0.1764371395111084 0.4018582254648209 0 0 0.1117727905511856 0 0.1421418935060501 0.1913397312164307 0 0.3847921043634415 0.336247481405735 0.930292010307312 48.4620381295681 5.299169629812241 121.8011028021574 15.29269145429134 9.412004508078098 10.92735902220011 1.457654617726803 10.82724087685347 0.3065292686223984 0.292410746216774 0 0.2075141966342926 0 0 0 0 3.685689203441143 0 19.23728307336569 0.7177051231265068
587.5804690942168 221.86653226614 0.3804883435368538 52.8136940151453 50.36247584223747 130.2176063582301 625.8081370219588 0.1473725661635399 111.4097269326448 230.0708677768707 1.462119936943054 188.1288615316153 947.2901982590556 271.3034483864903 0.2480698078870773 0 0 0 0 0 0 0 0 0 0 0 0 0 0 0 36.87697803974152 0.08948520570993423 2.232397615909576 0 0 0 2.176663726568222 1.072201013565063 0 0 0 0 0 0 0 0 3.277248732745647 0.5832702070474625 0.08201233297586441 0 0 0 0 0 1.643170677125454 1.074817702174187 24.5861574113369 113.9546256288886 2.730636410415173 1.214670807123184 0 0.08997923880815506 0 10.32423535734415 1.243111453950405 0.8670360259711742 0.225228875875473 0 0 0 2.162622615695 2.431533634662628 0 44.69306534528732 5.687240108847618 3.167520254850388 0 0 0 0 0 0 2.04290683567524 0 0.9751830659806728 0.4907172098755836 0.159230649471283 0 0.1468627452850342 0 0 0 0 0 0 28.68918600678444 0.6469237208366394 0 0 131.5513591393828 0 0 0 0 0 4.095279559493065 0 0 0.3419400155544281 0 0 0.9981159567832947 0 0 0 0 0 0 0 0 0 0 0 0 0 0 0 0 0 0 0 0 0 0 0 0 0 0 0 0 0 0 0 0 0 0 0 0 0 0 0 0 0 0 0 0 0 0 0 0 0 0 0 0 0 0 0 0 0 0.0718071386218071 0 0 0 0 0 0 1.723699510097504 0 0 0 0 0 0 0 0 0 0 0 0 0 0 0 0 0 0 0 0 0.1189418733119965 0 0 1.536559201776981 0.2976239323616028 12.54539629817009 2.942435517907143 141.7845903337002 0.9233548790216446 0 0.2636056840419769 0 0 0.1273486018180847 0.1228242963552475 0 0 0 0 0 0 77.97040726989508 0
24.44385356456041 923.4541038274765 107.0034962892532 50.36247584223747 1791.716701515019 1.605343326926231 720.0482670813799 316.856010094285 1919.629936188459 56.32995890080929 1032.251289695501 1.100724622607231 304.340689688921 2023.847112469375 1.062312752008438 0.3154032677412033 0.2056217789649963 0 0.08396320044994354 0 0 0 0 0 0 0 0 0 0 0 178.6641720309854 12.99171778559685 2.14401587843895 0 0 0.4952592849731445 2.352620206773281 0 0.08586785942316055 0.3238896727561951 0.1663232445716858 0.3356680199503899 0.09839651733636856 0.5793183147907257 0 0.3024883568286896 80.44475082308054 5.6696472838521 0.8839982002973557 0.2920476496219635 0.4551578909158707 0 0 0 7.209146916866302 5.109227415174246 9.739155240356922 90.17039690166712 8.384124003350735 19.32113716006279 0.1158118471503258 0.262505903840065 0 119.0958924666047 6.414228372275829 5.467511229217052 1.018981225788593 0.2999459058046341 0.3183619454503059 0 0.5670968443155289 0.609695628285408 0 134.5815454423428 76.15845058858395 88.71783640980721 37.51613418012857 1.467494815587997 0.8402011170983315 3.993676729500294 0.5648771077394485 0.6198985278606415 17.33243273943663 0.07170435786247253 6.568445526063442 2.327273271977901 1.724538736045361 0.08213524520397186 1.479966498911381 0 0.3907237946987152 0.09455092996358871 0 0.2304759472608566 0 1.801161900162697 0 0 0.1708782762289047 241.8092892616987 0 0 0 0 0 0 0 0 0 1.8143330514431 0 0.1596992611885071 0 0.3775628209114075 0.4387136995792389 0 0 0 0 0 0 0 0 0 0 0 0 0 0 0 0 0.1413286477327347 0 0 0 0 0 0 0 0.6953145265579224 0 0 0 0 0 0 0 0 0 0 0 0 0 0 0 0 0 0 0 0 0 0 0 0 0 0 0 0 0 0 0 0 0 0 0 0 0.3552813678979874 0 0 0 0 0 0 0 0 0 0 0 0 0 0 0 0.1032058969140053 0 0 0 0 0.7532994151115417 0 0.07305710762739182 75.49916937202215 3.313475511968136 194.9172168448567 12.30048786848783 29.13406924903393 13.25223857164383 1.8391173183918 20.4006160646677 1.269671559333801 0 0 0 0 0 0 0 2.709581568837166 0.0920388326048851 38.44066446274519 0.4740950465202332
3.267871916294098 36.11227256059647 0.0902625098824501 130.2176063582301 1.605343326926231 0.4933198690414429 97.3472188860178 0 8.808549404144287 747.5567112267017 2.46567864716053 227.7293838262558 271.7825724184513 85.84645327925682 0 0.1810195595026016 0 0 0 0 0 4.482808798551559 0 0 0 0 0 0 0 0 5.927392423152924 0 16.06531782448292 0 0 0 13.77403271198273 0.4053749293088913 3.427143901586533 0 0 0 0 0 0 0 0.8690514788031578 0 0 0 0.123267374932766 24.33367920666933 1.128251314163208 0 0 2.727313734591007 91.44841620326042 52.31528023630381 1.216244138777256 0.5534665882587433 0 0.356937050819397 0 2.754652291536331 0.08472469449043274 0.08967447280883789 0 0.1967185437679291 0.1377875655889511 0 49.26059053838253 335.2196456342936 11.37950816005468 15.76639293879271 1.909125372767448 2.29863053560257 0.2183914259076118 0.1202370822429657 0 0.9210452139377594 0 0.3223401084542274 0.4923159629106522 6.97049668431282 0.4677243530750275 1.240240536630154 0.1806171014904976 3.972390547394753 3.20866584777832 10.73240276426077 2.968409731984138 7.807669930160046 0.1335395574569702 0 0.775301530957222 186.4130647629499 480.8568270206451 31.53457950055599 29.86378546059132 365.4786560684443 0 4.536396384239197 0 0 0 1.485190749168396 0.2750731110572815 0 3.594130277633667 7.864498421549797 0 3.090946167707443 5.273676484823227 0.6260377466678619 1.673715323209763 0 0 0 0 0 0 0 0 0 0 0 0 0 0 0 0 0 0 0 0 0 0 0 0 1.068608716130257 0 1.078891843557358 0.2722165137529373 0 0 0 0 0 0 0 0 0 0 0 0 0 0 0 0 0 0.1175270304083824 0 0 0 0 0.2019827663898468 1.044926524162292 0 0 0 0 0 0 0.1585932374000549 0 0 2.163503989577293 1.256660461425781 0 0 0 0.5940177440643311 0 0.1432315856218338 0 0 0 0 0.1400033980607986 0 0.1290604025125504 0 0 0 0 0.1377480775117874 0 6.035779193043709 0.1762479096651077 0.4802492558956146 4.91890824586153 0 4.034968666732311 0.9097563102841377 113.5064857751131 3.771184295415878 0.3448112010955811 0 0.4127412885427475 0 0.1022434756159782 0 4.859709292650223 0 0 0 0 0 29.25460540503263 8.149870574474335
464.2402087002993 1074.905586883426 93.29220759868622 625.8081370219588 720.0482670813799 97.3472188860178 122.8529853075743 36.61279940605164 373.7159490734339 380.3323859572411 584.9392762705684 70.44731216132641 856.456009157002 1123.121429145336 0.5094749853014946 1.335885867476463 0.3992109224200249 0 0 0 0.1052660867571831 0 0 0.1565946787595749 0 0 0.105240061879158 0 0.08502510190010071 0.2211081832647324 259.8646866828203 12.53949523717165 9.587757401168346 0 0 0 6.26533305644989 0.497941717505455 0.2312727570533752 0.09165998548269272 0.6870613545179367 0.8873847648501396 0.07035380601882935 0.6791119128465652 0 0.2143383622169495 76.71912112832069 6.018927492201328 0.96255262196064 0.7079644873738289 0.3983089253306389 0 0 0 11.0722092539072 5.537049062550068 36.64782561734319 216.4248512759805 14.20802503824234 23.47378347069025 0.5179517716169357 0.8836750015616417 0.1907065212726593 128.4965564385056 9.394330430775881 6.820805191993713 1.822103343904018 0.4589438363909721 1.148970186710358 1.146525368094444 1.202603682875633 0.6396755874156952 0 206.1617221646011 96.37159741669893 81.03353103995323 28.28378796577454 2.218750260770321 2.384533829987049 3.661411643028259 0.551095575094223 1.249285228550434 22.45213333517313 0.3630599901080132 9.296708349138498 4.289032094180584 1.512135282158852 0.2678462341427803 1.189194776117802 0.1646306216716766 0.3760150596499443 0 0.5489639639854431 0.5703729465603828 0.608253039419651 23.9721288383007 0 0 0.09473967552185059 359.6944332569838 0 0 0 0 0 2.133640229701996 0.9931826591491699 0 0.121103897690773 7.094136491417885 0.3975306749343872 2.229902476072311 0.55311319231987 1.461187660694122 1.089682385325432 0 0.4825295805931091 0 0 0 0 0 0 0 0 0 0 0 0 0 0 0 0 0 0.08992499858140945 0 0 0 0 0 0 0 0 0 0 0 0 0 0 0 0 0 0 0 0 0 0.0872846394777298 0 0.1183704733848572 0 0 0 0 0 0.4756855070590973 0 0.3146389424800873 0 0 0 0 0 0 0 0 0 1.605703040957451 0 0 0 0 0 0 0 0 0 0 0 0 0 0 0.1339956521987915 0 0.08897003531455994 0 0 0 6.985809192061424 0.3241574168205261 0 62.20356149971485 5.692786782979965 177.8042161166668 18.72540460526943 69.51775828748941 15.89838383346796 0.7301525697112083 18.46411882340908 0.1839716881513596 0.3294367790222168 0 0.09628671407699585 1.467381611466408 0 0.09371524304151535 0 3.900806978344917 0.243632897734642 72.21966534852982 4.634680300951004
20.28130028396845 620.2671160921454 2026.883818358183 0.1473725661635399 316.856010094285 0 36.61279940605164 235.444549754262 142.674010194838 4.636144563555717 630.2556549608707 6.787635549902916 98.89715930074453 454.5363113135099 23.52866220474243 27.01058103889227 21.02071885764599 4.603325858712196 2.113938927650452 4.962474174797535 2.687156498432159 0.827162116765976 1.599896848201752 3.558813169598579 0.9347198903560638 0.9493536055088043 0.8580546230077744 1.05426175147295 0.3585609570145607 1.419928275048733 1380.368171088398 1700.715354040265 165.7710044905543 0.1577512621879578 3.755414426326752 6.713876642286777 21.61637701839209 1.996652685105801 1.204074360430241 0.4020701721310616 14.25792372971773 11.53216338157654 41.41690439730883 58.01514256745577 1.296715848147869 52.27258513122797 191.4356167092919 13.08827038854361 7.221431560814381 38.50627900660038 18.91208615899086 1.731375515460968 0.3536836057901382 4.779890052974224 8.084795445203781 7.312800049781799 13.22171571478248 184.6383523195982 9.638565551489592 44.19457384198904 177.3358332887292 73.78928545862436 10.47522966563702 847.8216056674719 10.00266473740339 14.13499647378922 2.454823415726423 27.38610682636499 50.40337833762169 71.9405202716589 8.35874605178833 0 0.4254034459590912 185.1677238531411 167.4213787987828 225.9329542443156 250.9502013251185 120.0075579211116 375.4015911146998 1037.794901408255 258.8853133916855 749.6150114163756 22.94452503696084 0 12.07578126713634 4.257621143013239 18.61503764986992 0.5187642648816109 2.43651557713747 0.9113411158323288 3.165476374328136 2.84149756282568 25.74432595074177 4.118051335215569 5.813503131270409 5.885342441499233 0.8870649859309196 0 0.5618534907698631 122.9185075610876 0 0 0 0 0 0 0.1547440588474274 0 0 0.841140478849411 0 0.4295371174812317 0.456514872610569 0 0.4004884958267212 0 0 0 0 0 0 0 0 0 0 0.3067970424890518 0 0 0 0 0 0 0.09503677487373352 0 0.3150282204151154 0 0 0 0 0.7326339408755302 0 0.5210005566477776 0 0 0.2829764783382416 0.1417194753885269 0 0 0 0 0 0 0.119148850440979 0 0 0.5244344025850296 0.2207067459821701 0.6738453730940819 0.09128335863351822 0 0.1036270558834076 0 0 0 0.5254669114947319 0.1521445214748383 0.2213868424296379 0 0 0.08541877567768097 0 0.4392687678337097 0 0.2178534492850304 0.5443117022514343 0.1094559282064438 2.266681604087353 0 0.2524955272674561 0.5150089636445045 0 0 0 0.2413991689682007 0 0 0.1059562638401985 0 0 0 0.08804173767566681 0.2000094130635262 0 0.4934988096356392 0.6838401481509209 0.1369997709989548 0 1.485212758183479 0 0.166259765625 101.7699423283339 3.82275266200304 299.0434256866574 22.41521886736155 21.81970302015543 31.44912700355053 0.8004929572343826 29.60996390134096 2.879972815513611 0 0.4825004935264587 2.233816415071487 0 0 0 0 8.175956644117832 0.4294375032186508 34.09237848222256 2.327672384679317
23.27507600188255 1108.744133755565 213.6256851926446 111.4097269326448 1919.629936188459 8.808549404144287 373.7159490734339 142.674010194838 168.8181539177895 204.2583089917898 995.7767897471786 8.374237850308418 507.0739907473326 653.738453373313 1.613336615264416 1.17760244011879 0.08963429182767868 0 0 0.1194392368197441 0 0 0.343909740447998 0.1076586619019508 0.4933634102344513 0.3809422552585602 0.3321418762207031 0.1349228769540787 0 0.2505089342594147 66.67587600648403 6.67214560508728 7.471411272883415 0 0.4025517553091049 1.087159886956215 10.45973864942789 0.7304818630218506 0.1165666207671165 0.1555768698453903 0.3711962997913361 0.8831428065896034 0.3913890495896339 0.4175189957022667 0 0.1373841464519501 56.5926219522953 2.493967264890671 0.5704852119088173 0 0.2494598776102066 0 0 0.1221757307648659 3.146645963191986 3.117664061486721 4.700068846344948 33.91453589498997 4.954112529754639 12.93009321391582 0.2501958459615707 1.366037584841251 0 51.13423263281584 2.179129481315613 3.502688072621822 0.6261245384812355 0.2128477543592453 0 1.975387707352638 4.694219991564751 0 0 57.5981535166502 30.43877501040697 52.95111258327961 22.95148918032646 2.137228406965733 0.4480561390519142 3.950885489583015 0.432334341108799 0.5515054613351822 7.309027634561062 0 4.3252964168787 0.8750469163060188 0.7052819281816483 0 0.586972676217556 0.1359006613492966 0.2831933572888374 0 0.1095138564705849 0.4516379982233047 0 27.39498074352741 0 0 0 114.178322032094 0 0.2482694536447525 1.024915233254433 0.4155782908201218 0.1743490397930145 1.82620096206665 0.6309686154127121 0 1.4896629601717 5.054887562990189 0 3.053045652806759 2.638520658016205 1.730208843946457 3.875371783971786 0 0 0 0 0 0 0 0 0 0 0 0 0 0 0 0 0 0 0 0 0 0 0 0 1.356986075639725 0 0.7060911655426025 0 0 0 0 0 0 0 0 0 0 0 0 0 0 0 0 0 0 0 0 0 0 0 0 0 0 0 0 0 0 0 0 0 0 3.22962524741888 0.2641889750957489 0 0 0 0 0 0 0 0 0 0 0 0 0 0 0 0 0 0 0 5.000223785638809 0 0 57.4491266682744 2.425053976476192 134.228343680501 6.964851014316082 22.88080158829689 16.97440043836832 0.634174071252346 22.87966374307871 0 0 0 0 6.318417444825172 0 0 0 6.790318682789803 0 29.15817602723837 6.282442137598991
957.5918442159891 146.1582026183605 1.569429993629456 230.0708677768707 56.32995890080929 747.5567112267017 380.3323859572411 4.636144563555717 204.2583089917898 317.5494458675385 150.7349075824022 823.6910148262978 5305.935599841177 1246.072323635221 0 0.3042206764221191 0 0 0 0 0 0.188098356127739 0 0 1.658442318439484 0 0.1953034102916718 0 0 0.2768899947404861 23.24576934427023 0.4801229387521744 52.95302140712738 0 0 2.499223172664642 77.82523160427809 0.9503241330385208 2.346231162548065 0 0.1549971103668213 0.1757298707962036 0 0 0.2817283570766449 0 3.619303539395332 0.3682093694806099 0 0 0.7279367446899414 1.278716191649437 0.2681921422481537 0.7449848800897598 0.6562257707118988 0.8225819543004036 17.67457736283541 66.11386924237013 2.614900410175323 1.0606684461236 0.5221883654594421 2.138086646795273 0.2450676709413528 9.571567453444004 0.9425501525402069 0.3586082607507706 0.1664019003510475 0.06882265210151672 0 0 128.9643221646547 31.97088678181171 0.9120516180992126 36.43153591826558 3.756917521357536 3.038370296359062 0.6943977549672127 0.3366513848304749 0.1819343417882919 1.727625340223312 0 0 2.125604242086411 0.3529555052518845 1.167412154376507 0.1439679339528084 0 0.2133829146623611 0.3029577285051346 0.9592767357826233 0.472258985042572 0.187639057636261 0.1481588631868362 0.6556212902069092 0 272.543829575181 44.06198117136955 2.107618749141693 7.164509207010269 176.5943081825972 0.2790455669164658 53.81081468611956 16.40481830388308 2.258165076375008 4.434376582503319 14.26515179127455 29.72489279508591 16.93835978209972 18.18704564869404 143.7231733500957 11.56876723468304 86.85900403559208 79.30314036458731 67.96212142705917 23.11954136192799 0.1090275198221207 0 0 0 0 0 0 0 0 0 0 0 0 0 0 0 0 0 0 1.301856771111488 1.491236507892609 0 0.1138670146465302 0 13.12523332238197 0 1.668766736984253 0.4005522057414055 0 0 0 0 0 0 0 0 0.1637536734342575 0.4668788313865662 0 0 0 0 0 0 0 0 0 0.3065196871757507 9.334767669439316 0 0 0.3804887309670448 0.3763765916228294 0 0 0 0 0 0 0 0 43.86196201294661 0 0 0 0 2.110457763075829 0 0.3040434941649437 0.07455169409513474 0.2879257798194885 0.7390478402376175 0 0 0 0 0 0 0 0 0 0 140.2611892744899 1.934790775179863 0.2114383950829506 6.251019969582558 0.3246875330805779 14.15911852568388 1.576752886176109 341.9860124289989 1.529737561941147 0.3422418087720871 0.3725014477968216 0.165044903755188 0 0.5260499343276024 0.1372798532247543 101.3003994226456 0 0 1.071160316467285 0.3446740806102753 0 359.1574636101723 178.334879681468
46.71612237393856 1311.83054433018 2342.557959407568 1.462119936943054 1032.251289695501 2.46567864716053 584.9392762705684 630.2556549608707 995.7767897471786 150.7349075824022 595.5761414244771 68.75905083119869 1274.353286348283 3529.16246099025 6.501757681369781 7.938803754746914 0.7377648279070854 0.3226435780525208 0 0.3940486907958984 0.7249656990170479 0.6801145970821381 1.458802744746208 2.849136002361774 2.756586402654648 1.074333623051643 1.169408284127712 0.1111688911914825 0.4383138418197632 2.606166042387486 556.5194000154734 50.68717923015356 555.8938419297338 0 1.988041080534458 8.529526457190514 156.9656411334872 5.142408140003681 2.685251139104366 0.5172518193721771 6.201508641242981 5.081673122942448 1.152588114142418 1.707789987325668 0.2564590349793434 0.7424321621656418 131.4164508953691 4.977790996432304 0.2982394322752953 1.028872169554234 5.009375512599945 0.1210973560810089 0 2.514343291521072 6.819917634129524 4.11049060896039 11.40631868690252 107.7250258550048 7.069796673953533 30.21913788467646 2.621850870549679 20.98765797913074 1.469683036208153 99.27473191171885 6.815667226910591 6.020520187914371 1.388995759189129 1.400958091020584 3.706497564911842 10.49862222373486 39.38316286355257 0 0.1445447951555252 123.9828522950411 75.41294807195663 119.8842156082392 65.85703256726265 7.894542925059795 4.639151744544506 211.7486446350813 1.18939645588398 9.63087086379528 17.44627634435892 0 8.701328687369823 2.536276996135712 1.169370211660862 0.0851011648774147 1.221453092992306 0.1292412281036377 1.460888713598251 0 9.104067251086235 2.978743061423302 1.0090317055583 87.90800234675407 0.0865304172039032 0 0.2175582125782967 145.5846809074283 0 2.845881104469299 0.5059477835893631 0.3699750006198883 0 0.468761533498764 1.358953237533569 0 1.777062177658081 16.57369184494019 0.3315680027008057 11.32209528982639 11.50240866839886 6.836242131888866 3.189080908894539 0.105866976082325 0.1231953576207161 0 0 0 0 0 0.1299836337566376 0 0 0 0 0 0 0 0 0.2166842520236969 0 0 0.348246768116951 0 0 0 0 2.761443816125393 0 0.3585123121738434 0.7727685570716858 0 0 0.0865790992975235 0 0 0 0 0 0 0 0 0 0 0 0 0 0 0 0 0 1.552487254142761 0.1518724411725998 0.2616605162620544 0.462979294359684 0 0 0 0 0 0 0.1840542629361153 0.1006727069616318 0 10.62925378978252 0.246033251285553 0 0 0.2368120551109314 2.21927735209465 0 0.822176069021225 0 0.4620454907417297 0 0.3932684659957886 0 0 0 0 0 0.09163673222064972 0 0 0 15.39617186039686 0.6628634557127953 1.059766784310341 159.9937370046973 5.164456821978092 259.431718967855 22.94558786600828 30.62364234775305 40.35203042626381 1.823237299919128 56.82992187142372 0.4563387781381607 0 0.1431201845407486 0.9790684282779694 7.539576590061188 0 0.5558285713195801 0 13.91118022799492 0 51.28794482350349 17.54344969987869
129.8631679564714 35.41780564934015 4.081442460417747 188.1288615316153 1.100724622607231 227.7293838262558 70.44731216132641 6.787635549902916 8.374237850308418 823.6910148262978 68.75905083119869 1.66955554485321 462.6527982354164 87.6302568167448 0.9376576915383339 1.004764281213284 0.137393906712532 0.1468085199594498 0 0 0 0 0 0.4158976823091507 0.8280138522386551 0.7088352739810944 0.2867813259363174 1.239089012145996 0.1499763876199722 0.4561969637870789 4.865397363901138 0.9930223673582077 45.82862156629562 0 0.2800810039043427 1.809449166059494 266.5154165923595 7.57610097527504 2.006704092025757 0.3912610560655594 1.11966585367918 0.6972991824150085 0 0 0 0.4062689244747162 5.403070658445358 0.115060955286026 0 0 0.1523066610097885 0 0 0.650175541639328 0 0.112627774477005 1.189364053308964 5.581873573362827 0 0.8034882247447968 0.7133446931838989 6.405806705355644 0 3.830094248056412 0.07560936361551285 0 0 0.5334145426750183 0.3242176473140717 0.5313056260347366 69.06470197439194 2.709636971354485 0.2022136896848679 4.564864560961723 0.9604366943240166 2.674953430891037 3.319532699882984 1.367079436779022 0.144740492105484 8.69443666934967 0 0 0.3821126744151115 0 0.1608140468597412 0.1597370654344559 0 0 0.1794155091047287 0 0 0.170424297451973 0.6571629419922829 0.5087592005729675 0 294.5822941958904 2.000988021492958 0 0 23.62500873953104 0.3983384966850281 11.6872274428606 1.342659041285515 1.435293167829514 2.405320644378662 5.957608371973038 5.967271454632282 2.605365127325058 8.315709888935089 51.39621378481388 3.278768047690392 37.22211967408657 28.02414152771235 35.64231944829226 35.70814087986946 0 0.1810090765357018 0 0 0 0 0 0 0 0 0.1469259411096573 0 0 0 0 0 0 0 0 1.634375214576721 1.706636369228363 0 0 0 12.17296920716763 0.6388449668884277 4.440295785665512 0.422121062874794 0 0 0 0 0 0 0 0 0.1011153385043144 0.3571640402078629 0 0 0 0 0 0 0 0 0.2678785026073456 0.09030858427286148 0.4121933728456497 0 0.1539805084466934 4.571146793663502 0.4902454167604446 0 0 0 0 0 0 0 0 50.47689539194107 0.8801483809947968 0 0 0 5.644133381545544 0.5570505410432816 0.3362782001495361 0.4195831492543221 0.2316894084215164 0.3729783147573471 0 0.1795173436403275 0 0 0 0 0 0 0 0 87.47022189944983 2.760651886463165 2.161098390817642 18.13712538778782 0.9484958052635193 14.58332526683807 2.255545616149902 121.6707925498486 4.731435492634773 0.1059209480881691 3.782621838152409 0.1502555757761002 0 0.3075962215662003 0.7890690714120865 24.88735990226269 0 0 0.8189463317394257 0 0 145.301580093801 47.77031928300858
264.4060640335083 1275.007555782795 55.87964226305485 947.2901982590556 304.340689688921 271.7825724184513 856.456009157002 98.89715930074453 507.0739907473326 5305.935599841177 1274.353286348283 462.6527982354164 1423.003918334842 2938.777544215322 5.930861353874207 7.62636324763298 0.7532423809170723 0.250825010240078 0 0 0.2685023993253708 0.5680364072322845 1.187503263354301 1.387866042554379 3.623609259724617 0.8740415722131729 0.9623031169176102 0.2835299223661423 0.08175106346607208 1.823566101491451 46.17649652063847 16.54120829701424 169.70539432019 0 0.5150678008794785 11.22182713449001 445.7854970544577 32.89233160018921 15.03979297727346 3.945700936019421 4.18768784403801 1.922995463013649 0.1846396028995514 1.933633595705032 0 0.5516568422317505 48.67635867744684 1.475761860609055 0.1065593808889389 0 0.9610490947961807 0.2666764035820961 0.1181124597787857 2.521081909537315 1.837008990347385 1.003945901989937 5.284491010010242 36.70358870178461 1.202232502400875 9.102081410586834 0.4740010350942612 21.49183084815741 0.5162006989121437 29.19445260614157 1.266493767499924 2.078692510724068 0.1618005335330963 0.297767847776413 1.676656454801559 4.775419004261494 123.1386817991734 2.666067212820053 0 35.67770329862833 19.51498864591122 37.75716942548752 20.41655130684376 5.365649841725826 0.4190108105540276 44.94784701615572 0 3.340350702404976 5.634920910000801 0 2.581275902688503 0.8948043286800385 0.7171189561486244 0.08385811001062393 0.3580728471279144 0.162874773144722 0.3790550604462624 0 3.766118273139 2.544231832027435 0.6871875524520874 934.3462275266647 4.437135398387909 2.540873870253563 1.314980626106262 99.74241214990616 0.1335366815328598 37.82144892215729 7.150821261107922 2.709089279174805 2.85644643753767 20.11649106442928 13.98450963199139 5.780933387577534 164.6327500492334 112.2514586597681 7.722838193178177 79.03505704551935 56.16200594604015 79.18260338902473 66.16760378330946 0.8333957195281982 1.046890109777451 0.1010808497667313 0 0 0 0 0 0 0 0 0 0 0 0 0 0 0.260227806866169 0 2.000532142817974 2.187332034111023 0 0 0 26.75380677729845 0 6.47308161854744 3.039084300398827 1.587868370115757 0 0.2423808872699738 0 0 0 0 0 0.08701001107692719 1.502307943999767 0 0 0.09409569203853607 0.1133610233664513 0.1215821877121925 0 0 0 0.1816610246896744 0.2419887185096741 2.608411774039268 0 0.756030485033989 7.861270435154438 2.429339312016964 0 0 0 0 0 0 0 0 109.4932278469205 2.060269594192505 0.1676238477230072 0 0 7.001683562994003 0.1183706074953079 3.748826533555984 0 2.420036263763905 1.141311213374138 0 0.4024866819381714 0 0 0 0 0 0 0 0 183.8090228885412 6.559567756950855 2.270613618195057 109.7002833932638 3.077537268400192 118.9653551578522 16.43189602345228 106.8550327569246 19.96345047652721 0.1214504241943359 28.33421246707439 1.793296203017235 0.7375659346580505 2.375283680856228 1.981890775263309 60.02292383462191 0 0 0.6511340141296387 10.31318189203739 0 233.0442504659295 96.05020689219236
81.16373409330845 1698.629274211824 702.2325268536806 271.3034483864903 2023.847112469375 85.84645327925682 1123.121429145336 454.5363113135099 653.738453373313 1246.072323635221 3529.16246099025 87.6302568167448 2938.777544215322 1691.44865822047 10.54297061264515 19.63218270987272 2.165687844157219 0.09554591029882431 0 0.2021576762199402 0.8423826694488525 1.548516318202019 2.496939919888973 3.392885640263557 9.217700071632862 2.248186089098454 4.262581080198288 1.343104593455791 0.4453422054648399 3.930726736783981 217.729545392096 50.33032612502575 866.5610800161958 0.141578271985054 3.477583289146423 24.24134847521782 681.0008880123496 26.79408530890942 14.09320163726807 6.091194741427898 16.52319458127022 8.43528013676405 0.8088531419634819 4.143507927656174 0.1144406124949455 2.947234123945236 138.0576986372471 4.440171517431736 0.3031327277421951 0.4766621813178062 5.782680675387383 1.315682336688042 0.3532986417412758 4.826739571988583 4.586216785013676 4.951453853398561 6.875824309885502 73.69223692268133 7.512122787535191 26.04857667535543 1.7205630838871 47.90980712324381 3.619364589452744 87.45524825900793 4.369071885943413 4.124965734779835 0.7243431136012077 2.573048457503319 5.891069300472736 18.23137388378382 147.4718397036195 0.7378489896655083 0.2044825404882431 100.9442856311798 51.23421331495047 110.1801954656839 56.37890921533108 19.51538450270891 11.27905257791281 167.1596562191844 0.2824945673346519 11.67259768396616 12.85571944713593 0 5.619606010615826 1.570264033973217 1.776870138943195 0.2772813886404037 1.944204784929752 0.09072551876306534 0.6679133325815201 0.6546463221311569 13.34228214621544 4.72413794696331 2.092898860573769 480.323682487011 3.821470215916634 0 0.9945762306451797 208.479337118566 0.1296317577362061 21.82059589028358 7.219251722097397 0.893273264169693 3.124365076422691 13.36504770815372 9.111228168010712 6.877636581659317 11.61620454490185 119.5594787746668 12.21491411328316 76.22020630538464 71.69751437753439 75.55096907913685 69.09129468351603 0.09790262579917908 0 0 0 0 0 0.168368861079216 0 0 0 0 0 0 0 0 0 0.2567660212516785 0 0 1.137927204370499 2.99963204562664 0 0 0 27.76016912609339 0 15.89988939464092 2.774338155984879 0.4132690727710724 0 0 0 0.5599945783615112 0 0 0 0.2849501371383667 0.7080511078238487 0 0 0 0.2561971247196198 0 0 0 0 0 0.5175684615969658 3.725466221570969 0 0 5.997067682445049 1.90940748155117 0 0 0 0 0 0 0 0.170587420463562 95.62857069075108 1.375716328620911 0 0.1770730912685394 0 7.691975548863411 2.18820745497942 3.131325587630272 0.6431952640414238 2.069984398782253 0.484600268304348 0.2894814610481262 0.2864279672503471 0.1871965602040291 0 0.1048121675848961 0 0 0.1211987882852554 0 0 166.8569280207157 6.418789401650429 4.05122934281826 251.6140062883496 11.03317507356405 321.218868330121 39.07966098934412 80.77856130897999 54.70704387873411 0.8715764582157135 71.68157600611448 1.192385010421276 0 1.718030415475368 0.5509382784366608 44.1012184470892 0 0 1.003302454948425 22.59462039917707 0.8630290031433105 170.6716663017869 93.69225765764713
0 2.342445008456707 6.721349738538265 0.2480698078870773 1.062312752008438 0 0.5094749853014946 23.52866220474243 1.613336615264416 0 6.501757681369781 0.9376576915383339 5.930861353874207 10.54297061264515 719.9780594184995 1342.843897372484 84.08496632426977 0.1134588569402695 13.93629090487957 0 0 0.4075492396950722 0.1144678667187691 0.2931176424026489 16.46579791605473 0.3037990033626556 0.4127130061388016 0.4969365522265434 1.630073681473732 0.6273593083024025 5.430273562669754 15.81678289175034 38.94934365153313 0 1.656929992139339 10.75906671583652 46.63588332384825 40.49568071961403 34.0008245781064 17.25357221066952 0.3443156778812408 1.041486635804176 0.4705183655023575 270.9841285794973 34.48169419914484 10.22320226579905 302.0357147008181 5.147975005209446 7.0936114564538 3.574964240193367 1.41087356954813 0 5.189359374344349 0.3675723224878311 0.2890641838312149 0.6227225959300995 0 0.7089300900697708 3.073281832039356 221.3319161236286 1.38400986045599 32.08598206937313 0.3209374397993088 12.77636276185513 0.3245309591293335 1.881454713642597 0.09459933638572693 0.823019340634346 1.270910978317261 1.560828968882561 20.51601700484753 5.141288712620735 0 307.1721603535116 152.3152027577162 1267.256344422698 177.9516826421022 923.1006285175681 211.8385845497251 45.24636468291283 7.414783164858818 50.82508906722069 5.025477342307568 0 1.571755088865757 0.3272917196154594 2.592120766639709 0.09354022890329361 0.1194215714931488 0.1145583540201187 0.6819312795996666 0.4616761654615402 1.666745573282242 1.090322330594063 0.9619487375020981 5.190534889698029 6.403177373111248 1.318105116486549 10.92279641330242 0.664875328540802 0 0 0 0 0.2324725538492203 0 0 0 0 0 0 0.2044015154242516 0.113822378218174 0.5324729382991791 0.4507358819246292 1.637900710105896 0.7301662862300873 0.1852120831608772 1.081420376896858 0 0 0 0 0 0 0 0 0.9086205810308456 0 0 0 1.169540978968143 0 0.07589434832334518 0 0 0.202976867556572 0.3893737867474556 0.4604752361774445 2.988920919597149 0.5075546056032181 6.002962745726109 6.053213305771351 3.568161450326443 0 0 0 0 1.656721830368042 1.531042508780956 0 1.204255238175392 0.2767327353358269 0 0.253025233745575 0 3.144652456045151 0.2309841960668564 0 0 0 0 0 0 2.243280231952667 1.180280610918999 0.443014532327652 0.5134372189640999 0 0 0 0 0.2895008325576782 0 0 0 3.990000873804092 0.6747683808207512 0 0.1114615425467491 0 0 1.814989522099495 0.1025675684213638 0 0 0.6623035296797752 0 0.3249684199690819 0 0 0 0 0.09182028472423553 0 0 0 0.6660018190741539 0.2768636345863342 3.459562689065933 34.86903677880764 0.3277924358844757 130.9320416748524 4.738518960773945 0.5761632919311523 0.1018505915999413 0 0 7.322114184498787 0 1.683915451169014 0.5453742817044258 0 0 0 1.054511815309525 2.025608867406845 0.3066223859786987 2.519150003790855 2.649489939212799
