340.2192426323891 3649.256251737475 346.6324422881007 1225.463636800647 203.9463210850954 258.2128472328186 628.773339740932 96.62582479417324 234.1105261594057 696.6459915190935 301.8696415424347 49.06821181625128 423.8756255805492 330.7180775627494 3.340312011539936 3.607994675636292 0.06837257742881775 0.1794724836945534 0.05903063341975212 0.07330413907766342 0.164777010679245 0 0 0.2756916582584381 0.8291581869125366 0.912259578704834 0 0 0 0 567.4556508883834 3.991760082542896 62.52075132355094 0 0 0.1841938197612762 23.49411895871162 0.5986560210585594 0.4450924098491669 0.1586684510111809 0.5337754711508751 0 0.311956062912941 0.4496975168585777 0.06872088462114334 0.2273940369486809 24.6063140258193 0.7918555736541748 0.4399597272276878 0.318721204996109 0 0 0.08659102767705917 0.0855986624956131 2.903594948351383 2.37850870937109 163.4486785307527 649.2599117681384 69.85462933033705 7.564751677215099 0.3965919241309166 0.8696616590023041 0 14.82872159779072 0.8732395619153976 1.29220262914896 0.08624854683876038 0.4502495303750038 0.2492848858237267 0.7164692133665085 13.45696661248803 0 0 131.6111963130534 61.65557601302862 22.38413378968835 3.70523389056325 2.128947846591473 0.8401750773191452 36.99035887420177 0.1837926730513573 1.955357618629932 2.13091854006052 0.2904279753565788 0.7174303531646729 0.4742048382759094 0.3236196935176849 0.1358635425567627 0.1473706513643265 0 0.1135487332940102 0 0 0.09891190379858017 0 14.61056982725859 0.8148911222815514 0.0929596796631813 0.6767722144722939 1067.605524979532 4.630689695477486 9.615722417831421 4.901352755725384 0.9538339972496033 1.679071426391602 1.362100407481194 13.61901021748781 0.4037593230605125 4.604467011988163 21.84702028334141 0.08369872719049454 21.04382371157408 15.96426744759083 17.47237119823694 3.732698522508144 0.1602420657873154 0.2091073542833328 0 0 0 0 0 0 0 0 0.127288743853569 0 0.2275472730398178 0 0 0 0 0 0 8.830011554062366 0.6118173003196716 0 0.3286309838294983 0 3.962255656719208 0.07685611397027969 3.20601150393486 0.5327256843447685 0 0 0 0 0 0.1513763964176178 0 0 0.1570499017834663 0.4949066117405891 0 0 0 0 0 0 0 0 1.344140201807022 0.3457612618803978 0 0.2357066422700882 1.148713618516922 2.268867045640945 0.727707251906395 0 0 0 0 0 0 0 0 10.15367710590363 0 0 0 0 1.293345049023628 1.76910525560379 1.777393482625484 0.5685507729649544 2.022019676864147 0.2926808372139931 0.07379546016454697 0.1611902490258217 0 0 0 0 0 0 0 0 13.11122696846724 0.7330195680260658 2.074081584811211 269.3254031613469 4.729245066642761 59.7222586683929 18.84079392254353 839.1133843958378 4.107155159115791 0.3272818028926849 3.322379678487778 21.50272899866104 0.1051821261644363 2.853569380939007 0.1239845454692841 42.97495579719543 0.3560146391391754 0 0 1.784093052148819 0 396.738774895668 8.739829272031784
3649.256251737475 2898.122996404767 1671.235491711646 1348.558152340353 1802.917448833585 316.193867251277 1843.354701042175 1464.345722094178 3575.88215469569 1146.257266961038 3016.201147608459 96.93224558234215 2368.470754772425 3395.837489366531 16.0725220516324 13.71285776793957 0.3149190470576286 0.8207651861011982 0.2196766212582588 1.130164705216885 3.728570125997066 0 0.4218024164438248 0.4089398682117462 4.208593152463436 1.364765927195549 0.4702769443392754 0.7501923814415932 0.09583812206983566 0 1317.386809755117 39.97836261615157 288.3123264014721 0.2942893095314503 0.8851379156112671 2.540534317493439 100.3617727123201 3.921322859823704 0.4583655744791031 0.7063595801591873 3.691232450306416 0.740512304008007 0.4233036823570728 1.739722020924091 0.3751328028738499 1.245475262403488 120.7880225926638 3.686271473765373 1.026680737733841 0.4896651208400726 0.08583571016788483 0.1707837730646133 0 0.2921198904514313 10.40171783417463 8.089345775544643 156.1127907373011 483.3765464164317 84.74668667837977 31.94709847867489 1.09338191896677 3.774135537445545 0 85.07335352152586 2.951431065797806 4.413582414388657 0.9564075469970703 2.130798112601042 1.064086087048054 4.01816038787365 33.07180593535304 0.8736482858657837 0 319.5367707870901 183.743194501847 148.5472848750651 39.13161020725965 11.58102271705866 8.681489255279303 267.5277469195426 1.102201819419861 11.86592568829656 8.10111953318119 0.6955371052026749 4.070900894701481 1.266096085309982 1.645240031182766 0.09294427931308746 0.4295496083796024 0 0.7849331125617027 0.7428501397371292 1.25758820027113 0.07500467449426651 0.3442123457789421 54.47252308577299 6.994379453361034 0.08494209498167038 3.749606162309647 529.5778906643391 10.30546727776527 14.43580439686775 12.13923093676567 4.067501425743103 5.280094243586063 6.600236192345619 27.72453835606575 3.555505283176899 28.91751620918512 48.77489380165935 2.387767650187016 82.95949456095695 44.07567484676838 58.7420747205615 16.47382234781981 0.4034200012683868 0.3542804941534996 0 0.6879809647798538 0 0 0 0 0 0 0.1030862852931023 0 0 0 0.084407739341259 0 0.07110138982534409 0 0 34.45571799203753 3.467574529349804 0 0 0 17.66723302006721 1.697810210287571 14.77959674596786 2.236826211214066 0.3240598142147064 0 0.2054774612188339 0.07851133495569229 0.1634336411952972 1.283019982278347 0.4402424097061157 0 0.7958104908466339 2.919964112341404 0 0.1958403214812279 0 0.1834498047828674 0.1099172458052635 0.08479862660169601 0 0 2.246537193655968 3.317197129130363 0.5394265204668045 0.7046574130654335 2.23974896222353 12.10042851790786 1.638772070407867 0 0.2857396379113197 0.08054012060165405 0 0 0 0 0 38.2460628002882 0 0 0 0.4861065819859505 7.170268774032593 1.596217468380928 7.59957167506218 1.419003989547491 5.963494203984737 2.205657295882702 0.6489042565226555 1.93666809797287 0 0 0 0 0 0.09039857983589172 0.4934066906571388 0 43.27143113315105 2.923762954771519 5.654950261116028 291.6926046535373 11.40940333902836 200.0225266553462 66.70397647470236 542.911266297102 18.06643025577068 1.591729022562504 9.440899297595024 30.11810054630041 0 6.280969753861427 1.549465619027615 67.5188350006938 0.1739139705896378 0 0.1807961240410805 1.4721440076828 1.905348733067513 277.4091928005219 33.05208467692137
346.6324422881007 1671.235491711646 1416.200173720717 18.95824970304966 178.4731234237552 7.18014257401228 33.55008036643267 2978.207666233182 533.3968682438135 10.82815104722977 2199.476005487144 7.817536517977715 122.0201881676912 1000.55715714395 7.201277129352093 10.4537742510438 0.8406059704720974 2.998121678829193 0.4551906138658524 4.03253049403429 18.77758713066578 0 6.307556439191103 2.624118488281965 14.98317575454712 7.307457983493805 2.210041902959347 1.980909086763859 0.3813739791512489 0 4326.367423683405 375.7287850826979 186.5835507921875 1.655172422528267 3.219153538346291 7.546373263001442 47.33669815212488 5.919166147708893 0.3122842833399773 2.190759867429733 11.13141345232725 1.96746739000082 3.560461483895779 1.1650828756392 1.196548670530319 0.1794480830430984 24.5375896692276 1.157274775207043 0.7549208253622055 3.87135361880064 0.2701882794499397 0 0.2009236291050911 0.1800234690308571 0.8246256336569786 1.077010199427605 62.10114463046193 505.7630059793591 33.13428915292025 5.294875502586365 1.955481912940741 9.475521698594093 0 104.3247605673969 0.3112255483865738 0.5274000316858292 0.3214814215898514 1.056143067777157 4.208635695278645 21.39991436898708 17.65043074637651 0.2779565379023552 0 67.4164009951055 52.08607628196478 23.16415698081255 10.81102662533522 6.236132528632879 46.90615524351597 655.2133097499609 1.576010901480913 51.09338404238224 1.335212618112564 0.3320508971810341 0.7913635969161987 0.1691824942827225 0.8117113932967186 0.1070605665445328 0.07890240848064423 0.2240114808082581 0 0.1692105978727341 4.181766286492348 0.2854034304618835 0.80751833319664 15.27414532750845 1.775786526501179 0 2.044310383498669 90.20823307335377 2.991396978497505 1.454620115458965 1.753724791109562 0.4724154621362686 0.7352414354681969 0.5676601380109787 3.167786993086338 0 1.9023477435112 6.866020955145359 0.3318746015429497 10.8600660264492 7.950717829167843 10.31095019727945 3.067126870155334 0.1591239348053932 0 0 0 0 0 0 0 0 0 0 0 0.0952424556016922 0 0.07317221164703369 0 0 0 0 5.492737084627151 1.763790141791105 0 0.2807951420545578 0 3.893502183258533 0 3.18461537361145 1.013873942196369 0.3836681321263313 0 0 0.1899007931351662 0 0.325187660753727 0 0 0.09715494513511658 0.2221578061580658 0 0 0 0 0.2598295584321022 0 0 0 0.06236943230032921 0.8263782560825348 0 0.1777977421879768 0.2762689702212811 3.545574657618999 0.1400393024086952 0 0 0 0 0 0.0789681002497673 0 0.08476533740758896 8.486534133553505 0 0 0 0.6312528252601624 2.832734189927578 1.754972957074642 2.377463042736053 0.3426617681980133 1.217325061559677 1.147170923650265 0.08497153222560883 0.2410178557038307 0 0 0 0 0 0 0.1015454679727554 0.1750092431902885 5.035111166536808 1.003769502043724 2.363900609314442 43.23440211266279 3.177220299839973 33.93726353347301 11.46902323514223 28.52560342103243 3.876279965043068 0.07929766923189163 2.181997261941433 4.360445491969585 0 1.00809533894062 0.7544949874281883 3.51474379748106 0 0 0 0.385781966149807 0.432534396648407 16.36246813461185 5.771935559809208
1225.463636800647 1348.558152340353 18.95824970304966 774.5797360986471 62.15408818423748 131.6991140320897 2298.94785515964 1.358598403632641 205.9774313867092 2176.629853740335 13.24294988811016 105.2417699173093 1895.644239880145 181.019072830677 0.5139443576335907 0.3162490949034691 0.06600376218557358 0 0 0.07824899256229401 0 0 0 0 0 0 0 0 0 0 37.09057231992483 0.7747240662574768 7.016751237213612 0 0 0 5.281358435750008 0 0 0 0 0 0 0 0 0.1732361763715744 10.20636669546366 0.1352573037147522 0.09574921429157257 0.1203817799687386 0 0 0 0 1.419576928019524 0.9359119012951851 18.20458606630564 55.15350070595741 11.85413221269846 1.757887095212936 0.2149176448583603 0 0 5.714603170752525 0.4259037971496582 0.4299933984875679 0 0 0.1626290678977966 0 2.707590281963348 0.1278816014528275 0 34.96835424005985 19.4120320007205 10.28193105012178 1.439595900475979 0.349024124443531 0.08372658491134644 0.8992669358849525 0 0.09573763608932495 1.460355788469315 0 0.1765590831637383 0 0.07489143311977386 0.1035217717289925 0.1007341220974922 0 0.08534069359302521 0 0 0 0 6.416290909051895 0.1188209801912308 0 0 150.17289686203 1.344495467841625 1.366816081106663 0.9674655646085739 0.4653883725404739 0.3997441008687019 0.5427170544862747 5.519335813820362 0 19.01476884633303 6.482110440731049 0 8.245330080389977 4.827043570578098 5.734653249382973 0.9510044082999229 0 0 0 0 0 0 0 0 0 0 0 0 0 0 0 0 0 0 0 2.622926570475101 0 0 0 0 0.941681757569313 0 0.7837451472878456 0.2514491304755211 0 0 0 0 0 0 0 0 0 0.08438868075609207 0 0 0 0 0 0 0 0 0.1833787113428116 0.1162825897336006 0.1367568522691727 0 0.09443842619657516 0.3834455758333206 0 0 0 0 0 0 0 0 0 2.902102053165436 0 0 0 0 0.5462891831994057 0.2214063331484795 0.5954681411385536 0.07126863300800323 0.1321968585252762 0 0 0 0 0 0 0 0 0 0 0 4.974290393292904 0 0.2484281361103058 31.79394932836294 1.068255543708801 15.52966099977493 3.809036128222942 187.8715968355536 1.224542029201984 0 0.6487262919545174 5.485731884837151 0 0.3025342524051666 0 6.867504768073559 0 1.373859643936157 0 0.4270785748958588 0 80.40722595155239 3.765950292348862
203.9463210850954 1802.917448833585 178.4731234237552 62.15408818423748 2347.180140480399 8.576621271669865 932.3506196141243 51.57936168462038 3454.108704343438 348.5746697857976 594.7228324189782 4.029206469655037 433.0966049954295 1003.328195430338 3.678167402744293 1.069666966795921 0.1147916838526726 0.1913040578365326 0.09762090444564819 0.5438055656850338 0.1400421559810638 0 0 0 0 0 0 0.1755616217851639 0.1015685051679611 0 85.28458715975285 3.117938704788685 5.386208862066269 0.1588772684335709 0 0 1.082631103694439 0 0 0 0 0.08356154710054398 0 0.1595332026481628 0.07255694270133972 0 51.53295437991619 1.215580500662327 0.3776342421770096 0.08951333910226822 0.1491591408848763 0 0 0.0952165499329567 2.299072980880737 2.267819963395596 20.19386780261993 64.91584267094731 13.51407808810472 8.351002961397171 0.3174330592155457 0.1225164160132408 0 32.4885506182909 1.06896161288023 1.63324848562479 0.2966634333133698 0.9275282174348831 0.1128534227609634 0.1273756995797157 0.1504408866167068 0 0 81.75900291651487 55.5231361836195 55.7922910451889 15.14037320017815 1.806808903813362 0.4521559700369835 5.256755270063877 0.1650325432419777 0.984246164560318 3.015188217163086 0.1668822169303894 1.237360119819641 0.7184691354632378 0.6326255425810814 0.1075901165604591 0.3408637568354607 0.2013042792677879 0.1722789332270622 0.1574348956346512 0 0 0 1.594033420085907 0 0 0.4824919030070305 31.81814412772655 0.1674354821443558 0.5816163793206215 0.5871301218867302 0 0.1082353219389915 0 1.270390771329403 0.4229993671178818 0.6784133389592171 2.024906925857067 0.08757423609495163 5.300746262073517 2.148180343210697 2.592443875968456 1.236985817551613 0 0 0 0 0 0 0 0 0 0 0 0 0 0 0 0 0 0 0 1.020635515451431 0.09154017269611359 0 0 0 0.264635294675827 0 0.2883220613002777 0 0 0 0 0 0 0 0 0 0 0.1044967919588089 0 0 0 0 0 0 0 0 0.375069260597229 0 0 0 0.1892008781433105 0.5913708060979843 0 0 0 0 0 0 0 0 0 1.206663988530636 0 0 0 0 0.6860714107751846 0 0.4236725941300392 0.09569192677736282 0.5833949595689774 0.1203213408589363 0 0.2851411104202271 0 0 0 0 0 0 0 0 1.876373142004013 0.09311976283788681 0.5223725065588951 85.48273960500956 3.278135187923908 85.42081689834595 25.2378635853529 39.17173198610544 7.895647898316383 0.299527496099472 3.457500748336315 3.402469448745251 0 0.2327054142951965 0 5.66252613067627 0 0 0 1.738928928971291 0.3846150189638138 24.72463242709637 1.308351881802082
258.2128472328186 316.193867251277 7.18014257401228 131.6991140320897 8.576621271669865 5.815802991390228 146.3775397092104 1.427808523178101 27.61124233156443 502.0752868950367 4.676673017442226 49.62527067214251 144.1130345538259 58.61139603704214 0.2159464508295059 0.1417032480239868 0 0 0.1152855530381203 0 0 1.294683292508125 0 0 0.172654777765274 0 0 0 0 0 32.44272754341364 0 26.24007027596235 0 0 0 11.0861109867692 1.169014312326908 1.09349150955677 0.1549358516931534 0 0 0.1385628283023834 0 0 0 3.693578012287617 0 0 0 0.4671303033828735 30.62231446802616 0.5331661999225616 0 0 0.399904191493988 54.71718286722898 25.71087085455656 5.169099271297455 1.499067150056362 0 4.382406391203403 0 0.6525930017232895 1.027439787983894 1.785561814904213 3.422829866409302 0.6572984904050827 0.1134612187743187 0 47.25573620200157 294.0974557995796 11.5025700032711 16.25389263778925 8.309577636420727 2.834225334227085 0.3416198417544365 0.3417302891612053 0.2640513777732849 14.96721005439758 0 11.72278928756714 0.225898340344429 4.048440098762512 0.09386138617992401 2.067927151918411 0.4601287916302681 7.209361203014851 5.052993677556515 12.30948194116354 1.233109660446644 3.012267164885998 0.3993331789970398 0.3169740438461304 1.880444094538689 364.4085370600224 251.588989585638 60.2386349439621 10.53670130670071 369.3780147582293 1.469749540090561 17.36173263937235 7.329190090298653 3.22537449747324 1.349243186414242 1.699642077088356 27.80570085346699 2.227153941988945 6.893241114914417 42.5251776278019 0.1129008680582047 18.57668797671795 12.18027399480343 16.58248621970415 2.351345807313919 0 0.1576573997735977 0 0 0 0 0 0 0 0 0 0 0 0 0 0 0 0 0 3.465621314942837 0.7502895891666412 0 0 0 0.2039478495717049 0 3.353481970727444 0.07949931919574738 0 0 0 0 0 0 0 0 0 0.07945733517408371 0 0 0.2032095640897751 0 0 0 0 0 0.1288058161735535 0.3467773422598839 0.2827664986252785 0.1607003211975098 0.08244361728429794 1.38869409263134 0 0.1025637239217758 0 0 0.1122383698821068 0 0 0 0 2.872885055840015 0 0 0 0 0.190099336206913 0.7388449311256409 0.4430326074361801 0.2330561876296997 0.4563880488276482 0.09008131176233292 0.08305703103542328 0.2716734111309052 0.119549386203289 0 0 0 0 0 0.140086442232132 0 17.49640270322561 0.563412606716156 0.5194253847002983 201.1064232215285 0 5.194725334644318 2.018816918134689 159.8549340963364 0.5986102223396301 0 0 27.20403072983027 0 1.36258091032505 0 65.84378015249968 0 0 0 0 0 151.1327104046941 22.81632396578789
628.773339740932 1843.354701042175 33.55008036643267 2298.94785515964 932.3506196141243 146.3775397092104 831.8826000392437 11.34998270124197 1152.852900519967 3010.598152004182 99.2369617074728 55.89657289534807 2807.37097132951 1669.635040715337 8.52233798801899 3.100113838911057 0.1749578192830086 0.5620046332478523 0 0.3015670403838158 0.124115277081728 0 0.3147666305303574 0.1211710795760155 0.1335433907806873 0 0 0 0 0 135.0284675657749 5.298508390784264 6.152305249124765 0.07118985056877136 0.1578946486115456 0.06798839569091797 4.938899628818035 0.4499238282442093 0 0 0.1520249024033546 0 0.5058706253767014 0.8718234747648239 0.2090709395706654 0.1453854516148567 106.9901527389884 2.036151841282845 0.3193596377968788 0.2126942351460457 0.3366957157850266 0.08488062024116516 0 0 5.062266655266285 5.802134104073048 58.42691162228584 157.5290165841579 35.23615117371082 23.70451316982508 0.3216708973050117 0.322971235960722 0 59.52168826758862 1.807933159172535 3.135071985423565 0.4104890450835228 1.312454253435135 0.3429755493998528 0.06869905441999435 1.619735341519117 0.9383741468191147 0 189.1150744594634 112.8941424787045 125.6347144953907 32.68743450194597 3.084361143410206 0.8401342928409576 3.524797443300486 0.5688354000449181 1.705536834895611 5.943734362721443 0.980450876057148 1.445890054106712 1.140633583068848 0.7569989264011383 0.1002278998494148 0.7537677586078644 0.275420293211937 0.3619701266288757 0.5374613180756569 0.3624453693628311 0.1443983465433121 0.17326620221138 10.44103909283876 1.568408690392971 0 0.5206207036972046 88.9321618899703 4.803622052073479 10.14424655586481 4.388527974486351 2.216811820864677 2.884482577443123 1.947216898202896 13.93667501956224 2.40935755521059 22.70814878493547 20.0406956076622 0.872055821120739 28.00987304002047 10.91072579473257 23.21252457052469 5.154981926083565 0.2213905900716782 0 0 0.09709485620260239 0 0 0 0 0 0 0 0 0 0 0.07540172338485718 0 0.1929441839456558 0 0 12.30536964535713 1.082456469535828 0 0.1084832698106766 0 5.556590214371681 0.8521400392055511 4.905064813792706 0.2925298735499382 0.08173737674951553 0 0 0 0 0.5558540523052216 0.09094618260860443 0 0.2104914039373398 0.8020199462771416 0 0 0 0 0 0.08386810123920441 0 0 0.5813717022538185 1.041931115090847 0 0.3388853669166565 0.6031079888343811 3.743734076619148 0.8153764382004738 0 0.07704403251409531 0 0.08748836070299149 0 0 0 0 11.33942620456219 0 0 0 0.1188212633132935 3.60956259816885 0.7507752850651741 3.259654864668846 0.1808241009712219 0.8180008009076118 0.5970671623945236 0.4772036373615265 0.4658742100000381 0 0 0 0 0 0 0 0 16.72991819679737 0.5969574600458145 2.766246251761913 228.2133518829942 9.473669350147247 160.234462916851 54.27758816629648 187.2569825872779 15.49992831796408 0.5844720080494881 8.219287283718586 13.0174837782979 0 3.010382793843746 0.319484144449234 35.90092919766903 0 0 0 2.540589012205601 1.412174418568611 135.3656643331051 11.58292473107576
96.62582479417324 1464.345722094178 2978.207666233182 1.358598403632641 51.57936168462038 1.427808523178101 11.34998270124197 3249.375564038754 298.9479351490736 3.398551747202873 1972.985587053001 4.463199354708195 81.80375250428915 892.7541010864079 15.03668300807476 14.67324230074883 1.257395267486572 19.08164193481207 2.032522417604923 21.95204236358404 62.41454941034317 0 30.37571838498116 13.30157776176929 45.94001853466034 22.18219447880983 8.441808238625526 5.860680855810642 0.8911488205194473 0.1167101711034775 1558.905941873789 2835.044654577971 109.4754737913609 11.58798449486494 22.16663869470358 24.50041266530752 23.62947423011065 13.23069815337658 0.3478858470916748 3.392955772578716 41.37807988375425 6.003636509180069 20.90493734925985 3.218353621661663 6.106733329594135 1.659476414322853 65.8315801769495 1.489144086837769 1.617266952991486 15.82993310317397 0.8305501937866211 0.9947621673345566 0.1101541668176651 3.033426240086555 2.253444388508797 2.356505855917931 39.06754513457417 231.7745233178139 22.72198777273297 10.67215060442686 32.84892667457461 48.92839390784502 1.068233601748943 439.1008815057576 0.736779972910881 1.508819945156574 0.07275059074163437 3.131671629846096 14.6622411981225 84.2146330922842 6.717645533382893 0.7033773437142372 0 93.29634404182434 98.06854158267379 69.32334435358644 111.071540877223 796.9202965274453 1369.511787790805 1771.757156826556 19.45278634876013 821.8448608182371 3.103468462824821 0.08402613550424576 0.8487491682171822 0.3016821518540382 3.219204485416412 0.07671605050563812 0.0761905163526535 0.08498121798038483 0.2406514883041382 0.4304082840681076 14.59526751190424 0.7802308648824692 2.6273188367486 6.711130909621716 3.94013811647892 0 1.056246563792229 34.38815321028233 0.3022378236055374 0.5810567885637283 0.6277260109782219 0.3605841845273972 0.257913276553154 0.2851303219795227 1.04398687928915 0 1.312878042459488 1.828271090984344 0.2066596001386642 6.305598773062229 2.092451758682728 2.278067998588085 2.028745464980602 0 0 0 0 0 0 0 0 0 0 0.2159214094281197 0 0.06936240196228027 0 0 0.3888063803315163 0 0.09685193002223969 0.09813174605369568 2.066241271793842 0.1505305841565132 0 0 0 1.593812972307205 0.388223372399807 1.087953172624111 0.2449089884757996 0.1535445749759674 0.1539433747529984 0.2035260945558548 0.5484000891447067 0 0 0 0 0.1855445802211761 0.3728088960051537 0 0.1024224460124969 0.2084465771913528 0.2985194474458694 0.5133516117930412 0.1622567400336266 0 0 0 0.09134861081838608 0 0 0.3644682988524437 2.139092102646828 0.1749186292290688 0 0 0 0 0 0 0.2935103625059128 0.8376155495643616 2.111169517040253 0 0.1266438364982605 0.1032574698328972 1.139214143157005 0.8407688364386559 0.1667653471231461 0.3059583306312561 0 0.6414429023861885 0.2251920327544212 0 0.4178991168737411 0 0 0 0 0 0.6855387389659882 0.4360140785574913 0.3147094622254372 1.284088671207428 0.1854968667030334 1.117847286164761 111.9753759354353 7.370205834507942 91.98905599117279 35.5991818010807 18.91559278219938 6.344012923538685 0 3.576111622154713 2.796288967132568 0.1917998790740967 0.7716858461499214 0.1749234199523926 3.356353051960468 0 0 0 1.869915805757046 1.240116730332375 13.81389398872852 2.135915637016296
234.1105261594057 3575.88215469569 533.3968682438135 205.9774313867092 3454.108704343438 27.61124233156443 1152.852900519967 298.9479351490736 752.9326281622052 707.1477238833904 1345.326504968107 4.777130164206028 347.2459052801132 764.1771324500442 12.94886303693056 5.148482210934162 0.1774967089295387 0.7200011536478996 0.1480012759566307 0.281761147081852 0.611485056579113 0 0.1476756557822227 0 0.3024695813655853 0.163664735853672 0.07746987789869308 0 0.1154766157269478 0 153.8426290377975 7.901641651988029 10.15059044212103 0.2225746586918831 0.07619378715753555 0.06142814457416534 2.417931504547596 0.1833603382110596 0 0.05739583820104599 0.2684599310159683 0.2510164231061935 0.3066666722297668 1.33012019097805 0.07974763959646225 0 105.4141445532441 2.414738088846207 0.5634008944034576 0.09200331568717957 0.101833201944828 0.2227720692753792 0 0.1016864255070686 5.571874879300594 3.425786793231964 30.59315632656217 105.9496860057116 17.52009212970734 18.98993084579706 0.3535715527832508 0.06738346070051193 0.08050538599491119 62.184395249933 2.379472225904465 2.63909438252449 0.5641371235251427 1.062818616628647 0.4790855869650841 0.3020811602473259 2.226140417158604 0 0 132.8222208097577 88.68802864104509 128.5781923532486 36.16033978760242 4.847166277468204 0.9708380401134491 7.145613882690668 0.290901742875576 1.677925284951925 6.989915311336517 0.6161030456423759 1.430068597197533 0.3260573670268059 1.283189855515957 0.3517631217837334 0.09124420583248138 0.1660711169242859 0.6656756773591042 0.5933729484677315 0 0.07927235960960388 0.3071003705263138 6.865469336509705 0.8384753465652466 0 0 41.12167858332396 2.450360961258411 7.410338595509529 4.493526123464108 0.3008974120020866 3.605478793382645 1.359546519815922 9.216975502669811 2.313552193343639 3.198947556316853 15.77712929993868 0.6499047726392746 26.87098452448845 11.73246389627457 15.32379499077797 6.433664336800575 0.1689709424972534 0.4153847023844719 0 0 0 0 0 0 0 0 0 0 0.2785694450139999 0 0 0 0 0 0 8.923576444387436 1.514571659266949 0 0 0 3.999057397246361 0.5933661237359047 5.517606325447559 0.5566606968641281 0.9431712329387665 0 0 0 0 0.1986271291971207 0 0.1017846018075943 0.6154647767543793 1.532530397176743 0 0.3995969295501709 0 0 0 0 0 0 0.2335318252444267 1.090713601559401 0.2358030825853348 0 0.09923204034566879 4.398275963962078 0.2465119287371635 0 0 0 0 0.2665862441062927 0 0 0 9.004886895418167 0 0 0 0.1224215254187584 2.45209164172411 1.266009412705898 3.125911936163902 0.09343994408845901 1.548103846609592 1.072775363922119 0.4429471492767334 0.6481195837259293 0 0 0 0 0 0 0 0 14.14818628877401 1.172013767063618 2.329531528055668 220.0073238238692 8.630065098404884 148.3897294066846 60.86050958186388 69.10669959336519 18.92746257036924 0.2164952382445335 8.878794945776463 8.515230119228363 0 3.025444634258747 1.134269386529922 18.30912030488253 0.129848837852478 0.08379775285720825 0.0907614603638649 2.570915177464485 0.7649375945329666 74.72888119518757 7.509681440889835
696.6459915190935 1146.257266961038 10.82815104722977 2176.629853740335 348.5746697857976 502.0752868950367 3010.598152004182 3.398551747202873 707.1477238833904 2604.054442070425 36.59894889593124 1187.602013960481 7691.750646919012 825.0235102623701 3.778579704463482 1.784843690693378 0 0 0.06338317692279816 0.0673285573720932 0 0 0.1364262253046036 0 0.1419686749577522 0 0 0 0 0 47.24392953142524 1.348966773599386 60.50299487262964 0 0 0.07423315942287445 74.16958254575729 0.6518545299768448 1.16304387152195 0.572877898812294 0 0 0.06421072036027908 0.2395767718553543 0.1357550024986267 0 33.2714215144515 0.5380807667970657 0.1977922469377518 0 0 0.8259693831205368 0 0 2.713419161736965 2.794636987149715 22.94531032443047 56.83346603065729 11.29760167747736 6.682709313929081 0 0.1177880316972733 0 14.59845303744078 0.6985858231782913 0.5127086043357849 0.09342735260725021 0.3376710042357445 0.1641259044408798 0.1544146090745926 90.95075139403343 5.687827631831169 0 54.36651011928916 32.08679551631212 32.75434403866529 6.310462564229965 1.805907808244228 0.792135201394558 4.057804197072983 0 0.6775247231125832 2.24114353209734 0.1961589902639389 0.545124851167202 0.1949113309383392 0.4783444032073021 0 0.2476871535181999 0.1299697756767273 0.1714413240551949 0.09998638182878494 0.1924480944871902 0 0.1943595409393311 180.7971440479159 59.4096801429987 0 2.451175682246685 369.7078178524971 11.67456624656916 41.56452173739672 27.7186490893364 13.41695787012577 7.998945467174053 13.42673064023256 70.90733994543552 5.01786483079195 42.17401561141014 105.1613389179111 1.922548316419125 87.69112639129162 40.67262814939022 61.20836460590363 10.98329401016235 0.1173470839858055 0.08317163586616516 0 0.1354459822177887 0 0 0 0 0 0 0.2718762457370758 0 0.08532487601041794 0 0 0 0 0 0 25.42645529657602 1.302414879202843 0 0.1133959293365479 0 8.671489857137203 0.1070194989442825 6.325611121952534 0.4249352440237999 0 0 0 0.2417824566364288 0 0 0 0 0.4033797308802605 1.498163595795631 0 0.08814689517021179 0 0 0 0 0.09490790218114853 0 1.348739385604858 1.895914599299431 0.1668401807546616 0 0 6.404649175703526 0.9525326788425446 0 0.09169042855501175 0 0 0 0 0 0 24.8550476655364 0 0 0 0 6.204450458288193 0.1833680868148804 3.593714527785778 1.510380133986473 3.415557019412518 0.6745490208268166 0 0.699144683778286 0 0 0 0 0 0 0 0 58.77970307320356 2.081651709973812 3.592912681400776 181.8886827751994 3.551497779786587 50.2414622977376 17.82154747098684 538.7702295929193 4.884842611849308 0.1375517398118973 2.148339942097664 60.8183174431324 0 3.824881255626678 0.3375628590583801 115.1190795749426 0.08104319870471954 0 0.2222155332565308 0.7178532183170319 0.1984342783689499 721.7626318261027 60.41517629474401
301.8696415424347 3016.201147608459 2199.476005487144 13.24294988811016 594.7228324189782 4.676673017442226 99.2369617074728 1972.985587053001 1345.326504968107 36.59894889593124 1479.728241827339 20.09767373651266 664.147436581552 3344.053621023893 28.36367012932897 24.43467801436782 0.6958469152450562 0.8809078149497509 0.06293178349733353 1.87459172680974 4.363796480000019 0 0.711058683693409 0.3366395831108093 9.779631674289703 2.635854296386242 0.3894010558724403 1.402614511549473 0.4265941828489304 0.1984698325395584 809.9985150620341 436.8966222777963 402.495015848428 0.4594709426164627 0.902199774980545 4.159976623952389 95.59380567073822 7.256601616740227 0.754101537168026 2.46137722581625 8.184581853449345 1.498011559247971 1.609025552868843 3.538256127387285 0.3913007453083992 1.029407113790512 91.95021411031485 2.327776573598385 0.458654098212719 0.2937102355062962 0.1716273874044418 0.1517851054668427 0 0.4432088285684586 3.358638100326061 3.297432042658329 41.44815251603723 188.8615205287933 19.8895474113524 18.16787049174309 1.479178264737129 11.94325720518827 0 102.5607409663498 2.15670382976532 1.978963006287813 0.2555032819509506 0.8536693155765533 1.1449920758605 6.697798527777195 30.50217012315989 0.6874105110764503 0 115.9630332067609 101.7456679493189 115.4830942936242 47.82741947099566 20.18005955219269 137.8484452106059 656.4849369637668 0.8484826758503914 68.80726604536176 3.95070143789053 0.07453940063714981 1.100994922220707 0.517887219786644 0.7136840894818306 0.2077856585383415 0.3249357268214226 0.207641564309597 0.2176990583539009 0.158200204372406 2.758995346724987 0.2045964449644089 0.3944629579782486 23.11912201344967 3.733629882335663 0 2.969323486089706 48.46007683128119 2.252857215702534 1.306524232029915 0.8328028470277786 0.3419013172388077 1.478123523294926 0.7823140323162079 4.39002264291048 0.5992718264460564 3.46180572360754 6.309410311281681 0.493840754032135 13.21810802817345 7.101015664637089 11.32904551923275 4.621382400393486 0.2498222962021828 0.07684774696826935 0 0.09290862828493118 0 0 0 0.1825385540723801 0 0 0.1486616283655167 0 0.6649247854948044 0 0 0 0 0 0 5.774655520915985 0.7137216106057167 0 0 0 3.547206975519657 0.2592320442199707 2.861738443374634 0.4404275342822075 0.09769704937934875 0 0 0.09491498023271561 0.4043444767594337 0.4376158267259598 0 0 0.252545639872551 0.9635619074106216 0 0.07738535106182098 0.2111639976501465 0.07826771587133408 0.8513223975896835 0.3063739016652107 0 0 0.5392960086464882 0.9382126405835152 0.06960703432559967 0.0864020511507988 0.1080931052565575 5.1112180352211 0.8134761154651642 0 0 0 0.08500414341688156 0 0 0 0 12.01251984387636 0 0 0 0.1535998731851578 1.411229744553566 0.5459599941968918 2.472033776342869 0.7126005217432976 1.605652064085007 0.4254198893904686 0 0.3378148302435875 0.1104035452008247 0 0 0 0 0 0.2301350608468056 0 7.68593979626894 1.412419885396957 2.330414157360792 175.6538090109825 8.106487073004246 127.4351027011871 51.36767140030861 31.24292752891779 15.9336996152997 0.4184912517666817 7.75483737885952 4.880847238004208 0 1.692437320947647 0 7.945932127535343 0 0 0.33317930996418 3.583292186260223 1.551728650927544 30.95080859959126 6.052938058972359
49.06821181625128 96.93224558234215 7.817536517977715 105.2417699173093 4.029206469655037 49.62527067214251 55.89657289534807 4.463199354708195 4.777130164206028 1187.602013960481 20.09767373651266 26.16556951403618 1514.981342814863 216.5289660543203 8.041950717568398 10.95049617439508 0.3731682524085045 0.0947173610329628 0 0 0.06265625357627869 0 0 0 0.5134875103831291 0 0 0 0.1458549648523331 0 9.040177077054977 2.219980038702488 85.9166699424386 0 0 0.2445415109395981 335.8909971266985 14.4352217912674 3.313849061727524 0 0.2484559863805771 0 0 1.139630742371082 0 0 15.39173537492752 0.2537503838539124 0.07881195843219757 0 0 0 0.1441237777471542 0 0.1755428910255432 0.4525503367185593 1.837134994566441 5.936258360743523 1.714444015175104 1.00101925432682 0.2312396168708801 0.8084248453378677 0.07103554159402847 2.589874088764191 0 0.2519413530826569 0 0.1446887999773026 0.119701087474823 0.1860120818018913 174.2620738223195 3.904256917536259 0 8.752136744558811 5.168519362807274 10.04862376302481 5.323195703327656 2.996029578149319 0.8518660441040993 16.35642668604851 0.08609551936388016 0.1805601865053177 0.08782206475734711 0 0 0.1951144486665726 0 0 0.1031643450260162 0 0 0 0 0 0 337.0804690569639 38.33509288728237 0.3507649004459381 29.51412569731474 7.22454547137022 6.727344207465649 7.83473102748394 13.90288623422384 1.796501331031322 4.575188755989075 4.285918310284615 39.31870571523905 3.339060813188553 13.14937148243189 47.42626236379147 2.135611228644848 60.97844657301903 31.84114868193865 57.56818410009146 16.7334950491786 0 0.2448872551321983 0.07709857076406479 0 0 0 0 0 0 0 0 0 0.08277689665555954 0 0 0 0.1605332344770432 0 0 20.08718740940094 2.060615941882133 0 0 0 10.2226484939456 0.3480561897158623 7.456390298902988 0.6987037733197212 0.4090921208262444 0.09792176634073257 0 0 0.1736380308866501 0.1197388023138046 0.09899815171957016 0 0.257734403014183 2.586540333926678 0 0 0 0 0 0.0700366273522377 0 0 0.873478926718235 1.691561326384544 0.1007744148373604 0.1860567480325699 0.4407309666275978 8.518867127597332 1.339688964188099 0 0 0 0 0 0 0 0.1871400997042656 34.69683530181646 0 0 0 0 3.816712245345116 1.0217499807477 3.242064841091633 0.9285063594579697 2.294672407209873 1.459794193506241 0.3484850227832794 0.935162715613842 0.08144846558570862 0 0 0 0 0 0 0 52.02394856512547 1.89907393604517 3.303123787045479 45.71521750092506 0.3370482549071312 20.52154666930437 8.502313874661922 26.97676774859428 1.618035465478897 0 1.545010164380074 15.2975096181035 0.2033136710524559 3.638345584273338 0.6153301224112511 28.89673750847578 0.07236437499523163 0 0.3616040870547295 0.6067391037940979 0.4502516835927963 281.9559622183442 51.81623985618353
423.8756255805492 2368.470754772425 122.0201881676912 1895.644239880145 433.0966049954295 144.1130345538259 2807.37097132951 81.80375250428915 347.2459052801132 7691.750646919012 664.147436581552 1514.981342814863 2466.392287347466 2907.148536808789 48.02763607352972 50.76345111429691 1.482804372906685 0.6087003238499165 0.1767232641577721 0.3743450343608856 0.5807448402047157 0.1371985077857971 0.2061406672000885 0 3.165033303201199 0.5551793798804283 0.8673662394285202 0.2584166824817657 0.2792453765869141 0 135.0350019186735 38.81456210464239 503.8920082338154 0.7064693868160248 0 0.7752749547362328 808.2595882192254 27.89339317381382 12.78598114103079 2.077406272292137 2.888469584286213 0.1626927554607391 0.2038024663925171 4.750917948782444 0.1353616714477539 0.2880776822566986 142.2924821600318 1.496318124234676 0.2717822641134262 0.4067667275667191 0.3388705179095268 0.2622962892055511 0.9139394015073776 0.2519923001527786 2.116044066846371 1.975248835980892 20.28742395341396 65.8909705542028 13.82573450356722 17.37472515553236 1.547550469636917 5.199059180915356 0.1082594320178032 51.64532893896103 1.305353071540594 1.271351031959057 0.3045611158013344 0.4294846206903458 0.7545372471213341 2.507526449859142 357.1081788614392 10.81664045900106 0 88.11977845430374 60.37281208485365 113.3024780228734 47.53210546076298 24.34451206028461 2.838912546634674 117.5901132598519 2.806934334337711 6.939880732446909 2.871325016021729 0.2532017752528191 0.8321900516748428 0.3321837857365608 0.8292426839470863 0 0.2721264660358429 0.1005989611148834 0.3038196489214897 0.08931142091751099 0.3256655931472778 0.3837942853569984 0 1481.854135848582 49.95938576757908 1.301715992391109 30.04255481809378 60.55957741290331 40.91900243610144 72.85591868683696 58.74900318682194 16.26592256873846 32.55865431576967 24.38925576210022 180.340722091496 20.19590330868959 81.11060762405396 242.8329215720296 11.99147683382034 368.7350397482514 196.0586240664124 295.2125205472112 78.85514103621244 2.68191085010767 0.752715528011322 0.08227349817752838 1.132556021213531 0 0 0.1063917726278305 0 0 0.2259107381105423 0 0 0.9707203060388565 0 0.4822496250271797 0.3168553188443184 0 0.1698737889528275 0 125.9703079685569 14.32261329144239 0.08274725079536438 0 0.2674260810017586 62.48525381088257 3.006758220493793 50.49285113066435 4.48389820754528 1.31623338162899 0 0 0 0.3625019267201424 3.126672737300396 0.9881089180707932 0 2.246997594833374 11.84455179423094 0.08202452957630157 0.207391656935215 0.06307943910360336 0.3534801602363586 0.4445818513631821 0.6352532580494881 0.2274356745183468 0 5.298209872096777 12.98187922313809 0.2723277807235718 1.497458726167679 2.829407192766666 44.1080949306488 7.81467193365097 0.06888335943222046 0.07264166325330734 0 0.1026497930288315 0.1021470129489899 0 0 0.8060524612665176 155.3999966531992 0.2726574614644051 0 0.245294064283371 0.1791569963097572 27.14420899003744 8.860672265291214 20.68955734372139 5.410377997905016 17.89816149696708 10.82052301242948 1.386139053851366 4.381446652114391 0.06036385521292686 0.3034275993704796 0 0 0.2195199728012085 0 0.1050769090652466 0 231.3329462185502 12.76600857824087 22.37055252492428 376.3372200876474 9.032534241676331 165.9383624568582 75.53221099078655 144.507797755301 23.56374733150005 0.1949950903654099 14.23427532613277 96.34832191467285 1.191241525113583 21.15882766246796 4.552918255329132 221.8247165456414 0.3617117330431938 0.1344246417284012 1.042535059154034 6.707090757787228 0.5531538426876068 941.9894323050976 202.4926802068949
