530.3585019782186 2670.842654779553 445.1912273392081 1192.066201411188 7.764194913208485 99.10436277091503 314.9521610885859 185.42851934582 1.596834383904934 1260.779033362865 101.5833635181189 60.55899116396904 156.2990693449974 76.82706684619188 0.9868824258446693 3.2807612195611 0.5765995234251022 0 0.08542761206626892 0.2293648794293404 0.8609648570418358 0 3.3005440980196 0.5848189070820808 1.065432861447334 0.1155102252960205 0.4625484123826027 0 0.1266122907400131 0 650.8067603036761 4.475461214780807 15.01554425060749 0.08701727539300919 1.226602092385292 0.8287277147173882 1.929474003612995 1.672079220414162 0.3340814560651779 0.1305832713842392 0 0.08606304973363876 0.4210714474320412 0.7769862785935402 0 0.2232980281114578 13.31943475455046 1.53629495203495 0 0.7306408658623695 0.5950119271874428 0 0 0 4.474842049181461 4.996089339256287 140.5992507264018 827.2503131330013 15.13547769933939 7.140750408172607 0 1.800854489207268 0 6.173365086317062 5.82069306075573 3.133130200207233 2.014217607676983 1.22651618719101 0.9166763201355934 1.615141034126282 8.513296492397785 0.469315342605114 0 73.72695392370224 67.90973959118128 38.12448190897703 10.45438142120838 1.752885803580284 1.078503653407097 51.99802284687757 0.5101368129253387 6.606031641364098 3.996195167303085 0.226513646543026 1.375171273946762 4.753329716622829 1.048326171934605 0 1.207377471029758 0 0.08701930940151215 0 0 0.4869637936353683 0.2170711532235146 26.61092345416546 10.15839533507824 1.015939950942993 0.1479701101779938 1600.927048638463 0.2165629863739014 7.575103521347046 16.1123468875885 4.503027103841305 2.166084706783295 2.180813446640968 15.29732082784176 1.554343119263649 2.600891187787056 23.786511272192 7.013246417045593 9.806907668709755 7.42041003704071 6.655436009168625 9.987706691026688 0 0 0 0 0 0 0 0 0 0 0 0 0 0 0 0 0 0 0 0.7300169169902802 1.166462205350399 0 0 0 1.105937823653221 1.387601017951965 1.510812595486641 0.3568546175956726 0 0 0 0 0 0 0 0 0 0 0 0 0 0 0 0.07918056845664978 0 0 0 0 0.504049226641655 0 0.8191180229187012 1.210241720080376 1.716867208480835 0 0 0 0 0 0 0 0 1.834241174161434 0 0 0 0.2105732262134552 11.99374064058065 0 0.8528647124767303 0 0 0 0 0 0 0.112674854695797 0.1138391941785812 0 0 0 0 0 0.4013821929693222 0 0.8468515276908875 95.11594051122665 3.393892966210842 77.80668199062347 14.15696653723717 1408.142399989069 13.70508389174938 11.53178169578314 1.215919852256775 1.576629862189293 0 0.8257290124893188 0.4514312297105789 30.10780771076679 0 0.1845928281545639 0 0.4081135168671608 0 170.5396497100592 13.48905187100172
2670.842654779553 3323.417664512992 3026.141331739724 737.1806289404631 1384.218167357147 111.0407956913114 3461.96100448817 858.5053766071796 2066.905490778387 1692.486871376634 1743.237601183355 132.2198315933347 1563.842946991324 2244.992717921734 23.74298995733261 19.97683952003717 2.535816222429276 0.6914485171437263 0.09819619357585907 1.357613354921341 2.284098498523235 0.1084716096520424 7.29654710739851 2.07316779345274 4.418947339057922 0.8756482154130936 3.172887459397316 0.7183694094419479 0.5142361745238304 0.4711241126060486 2411.30756624788 23.00081840902567 118.9230765923858 1.102907672524452 5.448444694280624 2.965958043932915 28.17474167048931 8.344810828566551 2.920065201818943 0.6118774190545082 0.6484742686152458 0.2251669615507126 0.7085754051804543 4.148020341992378 0.5246543437242508 1.136493973433971 217.517900981009 13.00138006359339 3.448261708021164 1.119605541229248 5.79301343858242 0.2890954613685608 0.2082409113645554 0.2179694771766663 33.54546392709017 30.88434868305922 146.8545634672046 836.8266257718205 81.84082496166229 72.30010540038347 1.326227977871895 15.80688429623842 0.301799476146698 59.49366315454245 32.00281704962254 19.97869478911161 17.30592712014914 8.570949964225292 6.168615631759167 8.278632439672947 111.2809190824628 1.76969788223505 0 437.6651744842529 379.397959806025 420.7060747370124 231.3881574198604 13.22388698160648 6.588988073170185 224.1591164693236 1.742831103503704 27.51911497116089 37.53972819447517 1.819749161601067 13.79860624670982 25.36070322990417 4.762804426252842 0.3012770861387253 7.468631774187088 0.2853071317076683 1.81822257488966 0.2556374967098236 1.383857175707817 1.685125961899757 0.7385066077113152 62.81099564582109 10.07499389350414 0 4.367962248623371 694.95981515944 1.526801742613316 7.780644245445728 25.48864094913006 3.475897669792175 11.36448312550783 4.805155679583549 26.53271073848009 6.648052267730236 10.10391733050346 28.10136765986681 22.0632282346487 26.04998379200697 62.15550580620766 31.96531346440315 36.13550988584757 0.4352655485272408 0.1339256763458252 0 0 0 0 0 0 0 0 0 0 0 0 0 0 0 0.1556103229522705 0 9.924395143985748 13.56232894957066 0 0 0 14.51544962078333 1.773591600358486 19.29570061713457 1.437461659312248 0.1255158483982086 0 0 0 0.1029574200510979 0 0.5644198060035706 0 0 0.251287430524826 0 0 0.4456839263439178 0.4966402500867844 0 0.3231288194656372 0 0 0.1109921783208847 0.7157344818115234 1.138549938797951 0 0 37.08734528720379 1.425960406661034 0.08267794549465179 0.2255947291851044 0.1138408854603767 0.09906783699989319 0.2696235775947571 0.1064523681998253 0 0 21.27560518682003 2.106407813727856 0.3334751427173615 0 0.1171359270811081 45.50619571655989 0 5.102848395705223 0.3584137484431267 0.1202857047319412 0.4482376426458359 0 0.1633319407701492 0 0.6514771655201912 0.2533906698226929 0 0.3554199412465096 0 0 0 13.7484013363719 3.162641867995262 8.582712583243847 277.4089108407497 22.98348798602819 913.0275405049324 131.0166626572609 999.2743834629655 121.6284051761031 26.89873500168324 24.23484791815281 7.022651433944702 0.8366228118538857 2.471693977713585 0.8790714219212532 17.53880582749844 0 1.369089886546135 0 3.952094629406929 0.5535604953765869 174.2068838700652 23.26552534848452
445.1912273392081 3026.141331739724 2205.28922509402 50.30560153722763 482.2091476768255 4.004048943519592 329.1223950237036 3064.435645982623 707.2578146308661 25.34099356085062 3169.720837362111 58.95318891108036 294.4572642892599 1660.109872378409 15.28659544885159 17.96235105395317 1.259506784379482 0.5044860988855362 0 3.701555028557777 4.434454523026943 0 20.98310688138008 5.778574898838997 16.46649767458439 1.580191433429718 7.624458961188793 1.437453150749207 0.3334585800766945 1.078228123486042 3215.757183879614 361.9782944843173 202.2000539451838 2.405297435820103 15.02929443866014 9.110161371529102 35.44349719583988 12.39623612165451 2.295934252440929 3.310019984841347 0.2770299315452576 0.435045138001442 1.878005743026733 2.801834210753441 0.6512709259986877 2.133364640176296 77.81831971555948 4.015297159552574 1.270260982215405 1.742781393229961 3.985573872923851 0 0.2257992699742317 0.2318721264600754 7.008510537445545 8.322060689330101 48.74582834541798 576.2626511305571 24.47564940899611 19.39957089722157 9.306893594563007 31.66991354525089 1.48435702174902 289.9378342032433 6.54498652368784 6.240003943443298 4.605728849768639 6.255115710198879 9.600587397813797 14.48708900809288 58.6601495295763 0.1426809579133987 0 141.7198277935386 211.500893086195 134.6527323797345 106.9017555490136 10.39196506887674 166.6132068708539 746.8525711894035 2.336248338222504 281.1355964019895 11.1953072398901 0.1799520030617714 2.388546518981457 7.115182429552078 2.762490175664425 0 2.694470688700676 0 0.9501575604081154 0.2044670209288597 1.995744064450264 0.3870614692568779 0.3958305716514587 25.42301910370588 0.1567701548337936 0 1.106855183839798 150.9511620253325 0.6562045216560364 0.7022100165486336 1.670922718942165 0.3242921680212021 1.372795574367046 0.5033146440982819 2.723579049110413 0.8101435303688049 0.5515815690159798 1.345974817872047 4.31120453029871 3.252807110548019 9.518016554415226 5.622522749006748 6.70998353511095 0 0 0 0 0 0 0 0 0 0 0 0 0 0 0 0 0.1093222349882126 0 0 0.6609591618180275 1.641752623021603 0 0 0 3.377116657793522 0.4810398668050766 5.63884362578392 0.1267745494842529 0 0 0 0 0 0 0 0 0 0.0778440535068512 0 0 0 0 0 0 0 0 0 0 0 0 0 4.116247408092022 0.1172718852758408 0 0 0 0 0 0 0 0 3.936539724469185 0.6942384764552116 0 0 0 10.06536675989628 0 1.538625076413155 0 0 0 0 0 0 0.09348533302545547 0.09108248353004456 0 0.1009406223893166 0 0 0 4.020309343934059 0.7037772461771965 1.241263218224049 111.3735984787345 8.270551629364491 282.5469441339374 49.34814647585154 127.2069897353649 35.11083421856165 3.195913925766945 8.746211737394333 0.6193810254335403 0.3636367321014404 0.3846302852034569 0.1032422780990601 1.379887923598289 0.3299233615398407 1.534243419766426 0 1.258100390434265 0.2483615875244141 25.25423416495323 5.721676848828793
1192.066201411188 737.1806289404631 50.30560153722763 325.0697890967131 9.28269150853157 329.6087471246719 438.1119871884584 6.816432751715183 25.52743202447891 2056.656251043081 8.45684577524662 247.6370639652014 594.9322915673256 116.3099863752723 0.5863561928272247 0.623339906334877 0.1008367910981178 0 0 0.09836790710687637 0.1593009531497955 0 0.3112908527255058 0 0 0 0 0.1125525087118149 0 0 77.54553590714931 0.3184828087687492 1.764731049537659 0 0.1203405261039734 0 1.801156640052795 0 0.117819644510746 0 0 0 0.119259774684906 0 0 0 11.83580888807774 0.1017410010099411 0.1528408974409103 0 0.9172228202223778 0 0 0 2.834488347172737 2.253830768167973 21.82882830500603 80.45036645233631 4.355382569134235 4.135684616863728 0 0.2743302434682846 0 1.22900166362524 1.72820807993412 1.137890055775642 0.7383463084697723 0.5979486480355263 0 0.2385847866535187 11.53393013775349 0 0 23.90388168394566 25.33730468899012 18.83039820939302 5.749896742403507 0.335921086370945 0 2.76070562005043 0.09347116947174072 0.5988190397620201 2.626464873552322 0.1399475038051605 0.4801255911588669 1.774131678044796 0.3043464422225952 0 0.125043123960495 0 0.09941139817237854 0 0 0 0 15.87865906953812 1.730704635381699 0 0.2485919371247292 517.2771361470222 0.817158617079258 4.597419425845146 34.72697714716196 7.46233407407999 2.930339731276035 1.824519708752632 21.48575045913458 4.759575501084328 4.315672382712364 18.05419664829969 7.175876602530479 11.94774422049522 16.11859586834908 9.460983023047447 12.20148245990276 0 0 0 0 0 0 0 0 0 0 0 0 0 0 0 0 0 0 0 4.372170649468899 6.35246753692627 0 0 0 3.557517781853676 1.67368771135807 5.209564909338951 0.2420285493135452 0 0 0 0 0 0 0 0 0 0 0 0 0 0 0 0 0 0.7832639217376709 0 0 0 0 0 5.560104832053185 0.2644553482532501 0 0 0 0 0 0 0 0 2.497362866997719 0.2788331508636475 0 0.2944161593914032 0 18.66589975357056 0 0.1430794894695282 0 0 0.1328385919332504 0 0 0 0 0 0 0 0 0 0 3.285832569003105 0 1.646578058600426 40.79734392464161 1.136719204485416 55.30586794763803 7.890190124511719 642.4964816346765 7.550922051072121 5.388203397393227 1.028272747993469 1.805985257029533 0 0.09955500811338425 1.765142478048801 21.38343670964241 0 0 0 0 0 114.7602113708854 17.33654991537333
7.764194913208485 1384.218167357147 482.2091476768255 9.28269150853157 1240.692670717835 3.457187861204147 1760.966773353517 318.8250346705317 1402.878380797803 157.9969421699643 1620.726708598435 38.96186494082212 588.9356200844049 2400.208910956979 2.736937895417213 2.125365287065506 0.2411634474992752 0 0 0 0 0 0.9093428775668144 0.5397884771227837 0.7615742906928062 0 0 0 0 0 17.88156624883413 1.22746803611517 10.19825223088264 0 0.2060298174619675 0.131243571639061 3.278862312436104 0.4515336230397224 0.4621558263897896 0.1031199544668198 0 0.08362415432929993 0 0.7172797992825508 0 0.3378948345780373 21.59528263658285 0.9116498380899429 0.401029959321022 0 0.3493095636367798 0 0 0 1.070863232016563 1.238957814872265 7.72111414372921 14.16365527361631 5.513471625745296 5.091348819434643 0 1.598857045173645 0 6.143933303654194 1.541823998093605 1.610472403466702 1.023633264005184 1.246626280248165 0.7000411823391914 1.059962905943394 19.83002701401711 0 0 23.50722606480122 16.03754567354918 24.1745088621974 21.50994558632374 2.258415415883064 0 9.675372458994389 0.1911431401968002 2.316190086305141 1.675694197416306 0.159298449754715 0.4281223490834236 1.319367129355669 0.1993764713406563 0 0.4956895187497139 0 0.406007781624794 0 0 0 0.2583558782935143 16.23053522408009 0.6517768800258636 0 0.4348961859941483 1.582321234047413 0.3956771194934845 1.203290730714798 5.034083008766174 0.3319539949297905 2.231936775147915 0.6095716953277588 2.188851542770863 2.817139118909836 1.89474368840456 4.721814185380936 4.689033314585686 6.534599870443344 16.94908025115728 8.811351075768471 13.1557400599122 0 0 0 0 0 0 0 0 0 0 0 0 0 0 0 0 0 0 0 1.170928001403809 4.969246797263622 0 0 0 4.410519503057003 0.3599229604005814 5.361107863485813 0.862483836710453 0 0 0 0 0 0 0 0 0 0 0 0 0 0 0 0 0 0 0 0.7991123050451279 0 0 0.1623939871788025 5.976435653865337 0.4427638053894043 0 0 0 0 0 0 0 0 6.257438540458679 0 0 0 0 13.17374965548515 0 0.098115473985672 0 0 0 0 0 0 0 0 0 0.08370932936668396 0 0 0 4.693340472877026 1.136179305613041 0.9324980825185776 45.35910742729902 1.56350801885128 83.66641875356436 14.43027470260859 33.51079439371824 15.23744063824415 1.233099207282066 2.50666619092226 1.340437963604927 0.1145449802279472 0.6451441422104836 0 1.444949552416801 0 0 0.3186710476875305 0.6452133655548096 0 13.87613366544247 3.95563055574894
99.10436277091503 111.0407956913114 4.004048943519592 329.6087471246719 3.457187861204147 15.7034854888916 63.78414445370436 2.78298170119524 2.090080752968788 1282.705207198858 0.732484832406044 193.5935891643167 118.9003856554627 18.92447720468044 0.1616952121257782 0 0.07857491075992584 0 0 0.1318727731704712 0 6.351594403386116 0 0 0 0 0 0 0 0 21.95398791134357 0.4160347133874893 18.15190322697163 0 0 0 19.13298889994621 3.775776043534279 8.569579124450684 0.4784569442272186 0 0 0 0 0 0 0 0.1984951049089432 0 0 4.542269892990589 17.69497340172529 0.2854016646742821 0.1586482673883438 0 0.8734471276402473 140.4240829050541 30.33601032197475 0.5955896079540253 0 0 1.239440113306046 0 0.2857140004634857 0 0 0.5738155916333199 1.159899935126305 0.2442673072218895 0.1526624858379364 241.5590829476714 149.8696901276708 8.784980416297913 0.6879706084728241 0.1322596371173859 0.2282647266983986 0.2213518172502518 0 0 2.017251148819923 0 0.2629807367920876 0 2.485697157680988 0.2245151847600937 2.256681360304356 0.7686738520860672 5.220313474535942 15.04798935353756 6.516464062035084 9.834365174174309 2.849905580282211 0 0.1478715389966965 2.838265798985958 201.3458640128374 414.9475184977055 18.3052631020546 39.45705719292164 337.9362840652466 0.2481530755758286 6.560400485992432 23.44076458364725 7.28366170078516 8.38599469512701 3.770938239991665 30.27973440289497 7.348919041454792 4.0234345048666 31.56266757845879 9.207748144865036 14.74478444457054 16.76112088561058 11.47307003289461 8.221663430333138 0.1208190619945526 0 0 0 0 0.1574400663375854 0 0 0 0 0 0 0.1425515860319138 0 0 0 0 0 0 2.235906139016151 5.64870297908783 0 0 0 1.917928703129292 0.1302331238985062 4.67447966337204 0.4461476281285286 0.3794851526618004 0 0 0 0 0 0 0 0 0 0 0 0 0.3252389952540398 0 0 0 0.1352660655975342 0 0 0.4417903274297714 0.2319933772087097 0 2.33611573278904 0.6150168180465698 0 0 0 0.2736677080392838 0.1020888537168503 0.1354390531778336 0.1737519949674606 0.6324145197868347 1.908510141074657 1.337695240974426 0 0.27340929210186 0.1069831773638725 8.247953146696091 0.4002657830715179 2.424568504095078 0 0 0 0 0 0 0.1064178496599197 0 0 0.1837768480181694 0.2475226745009422 0 0 0.7902459353208542 0.6858882755041122 1.594365850090981 16.74666988104582 0.4410005956888199 1.667153671383858 0.5481229647994041 380.3599195033312 0 11.25884363800287 0.1324180662631989 0 0 1.296542666852474 0 42.54691381752491 0 0 0 0 0 126.5843758657575 19.09790462255478
314.9521610885859 3461.96100448817 329.1223950237036 438.1119871884584 1760.966773353517 63.78414445370436 1311.966273531318 83.43542682379484 1878.390927232802 2064.713191524148 494.9447475075722 231.3596414104104 4985.673125162721 5091.763743981719 14.27610598504543 12.97160965204239 0.8429180756211281 0 0.1013643369078636 0.5195573717355728 0.7780702635645866 0 3.641353078186512 0.8360961005091667 1.688224367797375 0.2533522993326187 0.5722818598151207 0 0.08013449609279633 0.1312429159879684 76.86670953780413 4.337938413023949 28.1871038004756 0.3705653697252274 2.887953966856003 0.7692856788635254 18.00071346014738 2.416072376072407 1.909740999341011 0.6813736706972122 0.1692551076412201 0.2712017521262169 0.2167103439569473 1.236393500119448 0 0.9341085776686668 92.22162453085184 5.2015595510602 0.9585503712296486 0.3323394283652306 2.062716618180275 0.1677857488393784 0.341994971036911 0.1709301546216011 8.354453176259995 8.983396388590336 34.55732773244381 128.1790730953217 23.76927176117897 25.61473186314106 0.6813737154006958 10.98110105842352 0 20.57784387469292 8.617307968437672 6.714975520968437 6.168609730899334 2.912647552788258 3.211310803890228 2.515467055141926 96.58439112454653 1.314500816166401 0.1608748361468315 131.7044703736901 94.49620573222637 141.7819024994969 88.09806534647942 5.645088039338589 1.722928553819656 11.16010207682848 0.3657476380467415 8.807455249130726 10.4028457030654 0.6835135146975517 5.276448287069798 7.108730800449848 2.015122190117836 0.1831552982330322 2.284314997494221 0 0.5776859968900681 0.3123280331492424 0.3248484134674072 0.8580919802188873 0.08691078424453735 60.68901425600052 10.69495325535536 0 4.236180387437344 59.91921329498291 2.421868622303009 6.180387012660503 21.65626172721386 1.819401681423187 15.7148646786809 3.89758812636137 21.64848949015141 11.09707979857922 7.68471734970808 24.55642651021481 33.07885919511318 35.2564998716116 76.38106837123632 45.48059657216072 59.282948769629 0 0 0 0 0 0 0 0 0 0 0 0 0 0 0 0.1743973791599274 0 0 0 8.504976399242878 20.87015302479267 0 0 0 17.19110517948866 4.922149933874607 22.33817648142576 4.059250831604004 1.189263164997101 0.3798166513442993 0 0 0 0 0.3330018222332001 0 0.07984623312950134 0.2752285301685333 0 0 0.2579809203743935 0.1105392649769783 0.1996318995952606 0 0 0 0.3092640340328217 0.9487513452768326 0.332377165555954 0.2809594571590424 0.4134582877159119 28.20325594395399 2.934137776494026 0.1138654351234436 0.1667873412370682 0 0 0 0 0 0 27.12890671938658 2.407610647380352 0 0.1019356250762939 0.1367894411087036 53.4384576305747 0.4064427316188812 5.837066933512688 0.09390381723642349 0.4958014562726021 0.5249910056591034 0 0 0 0 0.08467263728380203 0.1461185067892075 0 0 0 0 27.05436491966248 3.910128638148308 6.551754236221313 189.1197336912155 5.533788301050663 366.3575256466866 56.28637068718672 309.7554995194077 48.63148190826178 7.868584312498569 16.87045367062092 7.110843949019909 0 1.99975860863924 3.115876093506813 11.2154248431325 0.116598479449749 0.3906736075878143 1.408214092254639 0.7744001299142838 0.3901674300432205 110.5916954576969 34.71533477306366
185.42851934582 858.5053766071796 3064.435645982623 6.816432751715183 318.8250346705317 2.78298170119524 83.43542682379484 1358.523058108985 453.4029576480389 18.36746987700462 2279.925497308373 78.4509252384305 404.4560587778687 2411.168457880616 30.80959589034319 34.16658349335194 4.508742041885853 3.453810781240463 0.4600838199257851 21.14301273971796 19.3339486643672 0 79.2033221796155 17.98205858469009 50.85199400782585 4.628958910703659 23.06601862609386 4.587706819176674 1.169984981417656 3.164092034101486 2535.461416020989 1771.004799686372 466.8802020102739 8.868952743709087 51.5164535343647 27.88463091850281 97.48353259265423 43.76629983633757 4.389295235276222 14.03630635887384 3.219949156045914 2.154446817934513 8.473447851836681 12.89450169354677 2.594898551702499 11.8566305115819 120.807601287961 5.566236734390259 1.821427017450333 9.042262218892574 5.835210114717484 0 0.6624288484454155 1.852362468838692 8.151366077363491 9.584367491304874 48.71548250317574 362.065084695816 23.3738010302186 26.96191760152578 72.78739771991968 101.9567318186164 7.782941482961178 546.550716035068 9.179436102509499 7.099496953189373 7.303645543754101 17.7969606667757 29.3546058088541 63.34877038747072 108.0403181910515 0.2639295160770416 0 153.6293195411563 221.5941408500075 166.2093431279063 231.5244004130363 93.49660465866327 888.6182841956615 2435.314402617514 41.39460037648678 1741.744752682745 12.41135869920254 0.6373006254434586 4.226873360574245 7.983160197734833 8.427191540598869 0.1035951748490334 2.700043939054012 0.2098928019404411 1.071803696453571 0.09283404052257538 4.916669979691505 1.48127206414938 1.096104994416237 35.3011768758297 1.984718568623066 0 2.089574381709099 91.79356741160154 0.09227651357650757 0.3127895444631577 2.028710298240185 0.1673380583524704 1.084627836942673 0.6339174136519432 1.211585156619549 0.631793700158596 0.8334232121706009 1.972181342542171 1.609211482107639 2.824935436248779 8.847140289843082 5.609002351760864 7.3574073985219 0 0 0 0 0 0 0 0 0 0 0 0 0 0 0 0.4131339490413666 0.310532420873642 0 0 1.323192343115807 3.339968390762806 0 0 0 2.714525237679482 2.083413176238537 5.716624729335308 1.224022708833218 0.1222719252109528 0 0 0 0 0 0 0 0 0 0 0 0.1049299389123917 0.1305765956640244 0.3062545359134674 0.2021045982837677 0 0 0 0.1772935837507248 0 0 0 4.030076362192631 0.8153404146432877 0 0 0 0 0.3355324268341064 0 0 0 5.142588689923286 1.378101862967014 0.3955412432551384 0.0951252281665802 0.3590023815631866 7.759301371872425 0 0.2767883986234665 0 0.09172018617391586 0 0 0 0 0.1916008517146111 0 0 0 0 0 0 4.883355900645256 1.330295778810978 2.356894336640835 154.0587553828955 10.76452222466469 322.7498453333974 67.09296039491892 101.4379497095942 38.02263776957989 3.050672590732574 7.963064201176167 2.600358232855797 0 0.306325763463974 0.0895456001162529 1.126856535673141 0 0.3923684656620026 0 5.12918758392334 1.465231165289879 24.9790583178401 6.382486708462238
1.596834383904934 2066.905490778387 707.2578146308661 25.52743202447891 1402.878380797803 2.090080752968788 1878.390927232802 453.4029576480389 574.0796668380499 78.99342339485884 1312.958343908191 25.75677229464054 443.89743283391 1477.719482630491 0.8600116297602654 0.9101891294121742 0 0 0 0.09330618381500244 0.1347360759973526 0 0.3987491950392723 0 0 0 0.2269253879785538 0 0 0.1086513549089432 4.576223619282246 0.5223413109779358 3.638427957892418 0 0 0 2.405073218047619 0.451004832983017 0.313936322927475 0 0 0 0.0793304517865181 0 0 0 5.251138582825661 0.1028173863887787 0.08268865942955017 0 0 0 0 0 0.4241981357336044 0.3736935518682003 1.600676119327545 3.553936637938023 1.516581922769547 0.7645144909620285 0 0.9659018367528915 0 1.818928249180317 0.420561783015728 0.1948679536581039 0.2732174471020699 0.3068920448422432 0.221523143351078 1.016493983566761 6.349216863512993 0 0 7.088343158364296 4.61073137819767 5.272301539778709 7.575683988630772 0.3361400589346886 0.420422300696373 2.071595080196857 0.09580778330564499 0.9521899074316025 0.4327819496393204 0 0.16659065335989 0.08575734496116638 0.08621390163898468 0 0.0721077024936676 0 0 0 0.1527497172355652 0 0.08854669332504272 3.78260226547718 0.7224277555942535 0 0.2402420043945312 0.4402346163988113 0 0.1209401935338974 1.311819866299629 0 0.9227562472224236 0 2.068445570766926 2.075266115367413 0.8079449161887169 1.063194669783115 1.586643792688847 2.871216930449009 7.949316151440144 4.069298148155212 5.012544892728329 0 0 0 0 0 0 0 0 0 0 0 0 0 0 0 0 0 0 0 1.286362528800964 2.350136652588844 0 0 0 2.021499946713448 0.2334405034780502 1.668899662792683 0.3930363357067108 0 0 0 0 0 0 0 0 0 0 0 0 0 0 0 0 0 0 0 0 0 0 0 3.54628424346447 0.130755141377449 0 0 0 0 0 0 0 0 3.370120316743851 0 0 0 0 3.1838314011693 0 0.5283821225166321 0 0.2249514609575272 0 0 0 0 0 0 0 0 0 0 0 1.986729890108109 0.2577295377850533 1.762663923203945 15.13535463064909 0.3110430538654327 19.39056930691004 3.22388132661581 11.87507501989603 5.818868570029736 0 0.4295559078454971 0.3944838047027588 0 0.2681490704417229 0 1.076280415058136 0 0 0 0.6055805534124374 0 7.847879000008106 2.298652164638042
1260.779033362865 1692.486871376634 25.34099356085062 2056.656251043081 157.9969421699643 1282.705207198858 2064.713191524148 18.36746987700462 78.99342339485884 2553.665565773845 21.76306256651878 2350.023609191179 8665.941560894251 656.3279487937689 3.446148082613945 3.351427786052227 0 0 0 0.4982978254556656 0.1308277249336243 0 2.386401303112507 1.216031782329082 1.215862154960632 0.6521890759468079 0.285131961107254 0 0 0 25.19328431040049 0.6199786737561226 113.5963801890612 0 1.303263314068317 2.522380098700523 57.44011916220188 4.468866713345051 1.043554276227951 0.5830081254243851 0.1302822530269623 0 0.2462844178080559 0.8214803785085678 0.2978094220161438 0 32.90997503697872 1.627752505242825 0.6072826087474823 0 0.9437899515032768 0 0.9810752719640732 0 2.880661331117153 3.491515755653381 34.83143208920956 80.37519419193268 13.28630468249321 7.010427489876747 0.185633659362793 14.6077421605587 0 6.800879798829556 2.948668085038662 1.48637256026268 1.926570400595665 0.9919547364115715 0.4264917224645615 0.7762183472514153 276.6257431209087 2.555240422487259 0 52.23687501996756 40.56356468051672 46.83483224362135 27.79250843822956 1.145523354411125 0.3214851245284081 8.535132333636284 0.2751768454909325 5.56065084785223 4.120221003890038 0.4540160596370697 0.5871867462992668 2.542221002280712 0.2335728704929352 0 0.6188323572278023 0 0.1886036321520805 0.2082913145422935 0.2209718897938728 0.1043161526322365 0 355.1191359311342 50.5987591445446 0 4.143402956426144 613.2971983402967 4.621315121650696 38.09804676473141 131.7211375236511 23.19189640879631 47.21835793554783 18.88428717851639 180.2643558830023 43.92875058948994 65.0837297141552 164.1582636460662 98.50798738747835 169.3473447039723 287.2749284058809 156.4683183580637 144.019570812583 0.1861275434494019 0.3210207521915436 0 0 0 0 0 0 0 0 0 0 0 0 0 0 0 0 0 20.13031346350908 59.97683657705784 0 0 0 46.86323788762093 5.162205532193184 56.69276103377342 6.841561198234558 2.282035678625107 0 0.2716300785541534 0 0 0 0.120263896882534 0 0 0.5255295485258102 0 0 0.2495773658156395 2.212901659309864 0.123653344810009 1.239648848772049 0.2756941914558411 0.07633759826421738 0.4538448452949524 1.556412026286125 3.564143851399422 0 0 63.80198807269335 2.750699490308762 0 0.08379280567169189 0.2251329272985458 0 0 0 0 0 52.4043897241354 2.215106949210167 0 0 0 139.730578660965 0.1928923428058624 14.21021280437708 0.704716295003891 1.200396597385406 0.2359138578176498 0 0.07473583519458771 0 0 0 0.3050344735383987 0.4069378077983856 0 0 0 37.69197508692741 5.391339309513569 17.02131635695696 181.2136896327138 4.772936664521694 185.600365832448 28.52332139015198 1337.9953526631 33.36169216036797 26.52242427319288 10.60757807642221 12.2491564899683 0 7.779258005321026 7.01852073520422 123.8626271933317 1.143246985971928 8.886974841356277 5.000774256885052 1.47333812713623 2.056742072105408 1083.615393102169 99.19776923209429
101.5833635181189 1743.237601183355 3169.720837362111 8.45684577524662 1620.726708598435 0.732484832406044 494.9447475075722 2279.925497308373 1312.958343908191 21.76306256651878 1921.781956762075 88.92952015250921 818.1436962783337 4108.164734348655 11.84858743846416 14.33056053519249 0.8807990625500679 0.197962574660778 0 0.312894731760025 1.718423068523407 0 7.030163303017616 2.007003605365753 9.387325435876846 2.194765627384186 2.880816787481308 0.7162334471940994 0.7733213305473328 0.6023284196853638 268.0005939081311 30.13718580454588 544.3796600922942 0.289740115404129 4.337330654263496 6.410186819732189 102.1000414639711 12.89681725949049 2.585829474031925 3.908016018569469 0.1299507617950439 0.4178532958030701 0.8423508852720261 1.136351592838764 0.2133015245199203 0.5308954864740372 33.12186622619629 0.7326330542564392 0.1029894128441811 0.3372201919555664 1.352515637874603 0 0.1383290886878967 0.3169232606887817 1.863459698855877 1.96559165418148 5.939355425536633 45.6604121774435 4.827819466590881 6.187983401119709 0.6044447720050812 39.11486048996449 0.4881347343325615 19.31719789654016 2.009323567152023 1.599302180111408 1.032860018312931 4.308609701693058 6.022677458822727 6.180114388465881 100.1134514957666 1.068802274763584 0 29.6385258063674 30.58452286571264 35.47949420660734 35.94331587105989 5.363116465508938 46.53241989016533 767.8720595836639 0.456707552075386 60.87795340269804 1.903833381831646 0.1054917797446251 1.56878300011158 1.453579850494862 0.5657637640833855 0.08138629049062729 0.4044397547841072 0 0.1939317360520363 0 1.450110964477062 0.2423209249973297 0.288888692855835 30.78978473693132 1.184311367571354 0 1.017667509615421 26.33983094990253 0.08810725063085556 0.09106624871492386 0.7372883781790733 0 1.873589761555195 0.1052286028862 0.5362227186560631 1.031029246747494 0.4779480919241905 0.707380548119545 2.174253344535828 2.232997708022594 5.17245702445507 4.573528572916985 6.206940859556198 0 0 0 0 0 0 0 0 0 0 0 0 0 0 0 0 0 0.1826512068510056 0 1.526849709451199 1.600957535207272 0 0 0 2.03275652974844 0.3297653645277023 4.119633302092552 1.124847277998924 0.09657766669988632 0 0 0 0 0 0 0 0 0 0 0 0 0 0 0 0 0 0 0.1940693184733391 0 0 0 3.345393925905228 0 0 0 0.09580282866954803 0.1703824698925018 0 0 0 0 3.665871664881706 0.09876891225576401 0.103973925113678 0 0.4009577631950378 3.981632649898529 0 0.3318700790405273 0 0 0 0 0 0 0 0 0 0 0 0 0 3.40014473348856 0.689596563577652 0.56728196144104 63.37589779496193 2.112999685108662 91.09095922112465 17.96195793151855 35.67107498645782 15.52133814245462 1.768043719232082 3.202905528247356 0.6743241921067238 0 0.7111730575561523 0.1247623339295387 0.4517281353473663 0 0.1041084676980972 0 1.890349507331848 0.5674058198928833 10.94807425141335 2.177940152585506
60.55899116396904 132.2198315933347 58.95318891108036 247.6370639652014 38.96186494082212 193.5935891643167 231.3596414104104 78.4509252384305 25.75677229464054 2350.023609191179 88.92952015250921 313.11962197721 1566.387381017208 349.0147984772921 23.08695508539677 32.38400907069445 2.397076420485973 0.2457322925329208 0 0.6275620833039284 2.918678939342499 0 11.6978402286768 4.275791056454182 21.90192560106516 3.87156854569912 7.997358120977879 5.0943918004632 0.5479927062988281 1.238538935780525 16.49185271561146 3.820970758795738 403.7501119598746 0.4536869153380394 7.309623017907143 10.77776637673378 998.2884879857302 87.8787045404315 12.82595821470022 15.02290970087051 1.814389608800411 1.216109313070774 1.492476433515549 2.209431916475296 0.2903754934668541 1.137572005391121 60.81516525894403 0.9772325977683067 1.135069027543068 1.695546343922615 2.697361245751381 0 0.5499564856290817 0.4391527324914932 1.084009036421776 1.08480191975832 7.282097727060318 14.16893424838781 3.388768896460533 6.902204886078835 1.741174638271332 78.92791462689638 1.295569181442261 8.958009585738182 1.138644002377987 1.841477639973164 2.580696582794189 12.0898547321558 13.14025484770536 14.51450583338737 578.703486867249 4.023899525403976 0.1058015897870064 26.3361719250679 16.19413793832064 38.93140562623739 49.9655184596777 10.43303606659174 0.9048027023673058 107.0001328960061 0.2671979665756226 19.81792125105858 1.530191205441952 0 0.4444800317287445 0.7357426807284355 0.7116138786077499 0 0.2922934368252754 0 0.182196706533432 0.1685532778501511 3.259227052330971 0.4492339491844177 0.7404261231422424 1061.988882809877 42.20946142077446 0 13.27552800625563 20.35146000236273 6.971128277480602 17.2579761967063 100.2156890928745 12.78150354325771 43.28658480197191 15.97500925511122 111.6851702481508 42.19294521212578 47.09838843345642 107.7743771374226 102.8827165216208 136.7898106724024 300.4386126548052 175.8447700068355 178.8922928348184 0.3402730375528336 0.1116594448685646 0 0 0 0 0 0 0 0 0.10969627648592 0 0.7214957624673843 0 0 0 0 0 0 25.13427482545376 56.52583196759224 0 0 0 50.2822233363986 5.44538576155901 50.00695576518774 5.944397263228893 1.037044011056423 0.244507223367691 0 0 0 0.1268989145755768 0.1089024171233177 0 0.2780198156833649 0.1714930459856987 0 0 0.8066617920994759 0.6510786861181259 0.1258613616228104 0.0994364321231842 0 0.7790369167923927 0.1845812574028969 2.222336262464523 2.992631949484348 0 0.3481929376721382 61.47707383334637 4.3206382766366 0.1363328844308853 0.2280578166246414 0 0 0.1037711054086685 0 0.1194656416773796 0 69.07804597914219 7.35073909163475 1.113726310431957 0.6438040360808372 0.5855284631252289 140.961384229362 1.021132230758667 7.153808854520321 0.3627161979675293 0.4608638733625412 0.63622135668993 0 0.2083061262965202 0.08899179100990295 1.157332301139832 0 0.2342803403735161 2.11276101320982 0 0 0 94.09177745878696 10.8118531703949 14.51275529712439 261.5585481375456 5.105183832347393 178.8779878169298 61.21548487246037 222.9750666618347 28.99604665488005 20.03745400905609 8.148483827710152 7.787369512021542 0.4282618165016174 5.679920233786106 1.173497527837753 41.54106909036636 0.132214367389679 0.4826197922229767 0.9770092517137527 4.592978715896606 1.383239805698395 1031.044279932976 132.4528643116355
156.2990693449974 1563.842946991324 294.4572642892599 594.9322915673256 588.9356200844049 118.9003856554627 4985.673125162721 404.4560587778687 443.89743283391 8665.941560894251 818.1436962783337 1566.387381017208 2904.735259719193 4609.283456854522 50.67840214818716 54.67281704396009 2.091977708041668 0.2418530508875847 0.1486181765794754 3.235295593738556 7.816999144852161 0 25.29888056218624 6.566762164235115 35.23938937485218 4.153571866452694 11.80397493392229 1.845553562045097 1.998853884637356 1.620431184768677 47.54046504944563 6.476307615637779 816.0281627178192 2.804964408278465 16.01017915457487 12.55849037319422 482.3358030542731 104.9953716918826 15.0683069229126 29.49303028732538 2.207270212471485 2.238042220473289 1.880049705505371 3.231844089925289 1.082806251943111 1.915598377585411 140.4064039289951 2.17583341896534 1.828397743403912 1.805240646004677 6.412344194948673 0 0.743106484413147 0.1794393956661224 4.001538135111332 4.071171596646309 19.35660097002983 42.95314328372478 14.3888221308589 19.63907097280025 3.371887065470219 177.0565534085035 0.7380517870187759 32.20346706360579 3.752780899405479 2.976520694792271 4.245011784136295 14.65841729938984 20.23838196694851 27.36050515621901 379.771592117846 4.479696914553642 0.1419601440429688 78.02304200083017 58.07802846282721 108.9114463478327 139.5790724530816 19.69665969908237 3.273341581225395 277.5826972126961 1.71666531264782 56.67457191646099 6.183324687182903 0.1800573468208313 2.248292692005634 3.101606801152229 1.339873246848583 0.1095340475440025 1.0643400400877 0.09558732807636261 0.3196685761213303 0 3.544541150331497 1.92366474121809 0.8752035647630692 918.6166035234928 25.80553699284792 0 9.04183466732502 30.25003553926945 6.496928744018078 20.20469979196787 94.91627974063158 7.568736843764782 47.42685940861702 15.94148512929678 111.493003025651 44.46454446017742 37.06060961633921 94.77464698255062 120.1508758887649 141.6615999042988 312.6986606791615 177.2046800404787 196.8737075030804 0.2117604613304138 0 0 0 0 0 0 0 0 0 0.2788642048835754 0 0.1544341593980789 0.1171782687306404 0 0.5034434944391251 0 0 0 31.79920955747366 66.69897107034922 0 0 0 61.27943340688944 8.589018248021603 70.93887406587601 9.353358238935471 1.593438923358917 0.1836365312337875 0 0 0 0 0.2012117430567741 0 0.07387208193540573 0.7708169594407082 0 0 0.6750189438462257 1.207834281027317 0 0 0.09671921283006668 0.1166388988494873 0.9231836423277855 2.753710746765137 3.468197993934155 0 0 92.49687667191029 5.975141987204552 0.07447558641433716 0.1025884076952934 0 0 0 0.643837034702301 0 0 82.86386991292238 6.605109989643097 0.908073253929615 0.3406794667243958 0.1051746681332588 172.2510101497173 0 13.47435819357634 0.5837431997060776 0.8693233504891396 1.153382487595081 0 0.2226658314466476 0.2145275771617889 0.9449606537818909 0.09015302360057831 0.3244389370083809 0 0.1362878680229187 0 0.09854725748300552 96.35256326943636 10.84742173552513 18.42701481282711 467.4535098001361 8.200776420533657 394.2531260251999 115.4280163347721 235.3737197816372 56.70431555062532 17.01089033484459 23.69383774697781 11.54174486547709 0.3286540955305099 7.038760766386986 4.708492659032345 43.16948242485523 0.3077028021216393 6.189800381660461 2.93325574696064 7.485703304409981 1.982099056243896 679.2672438323498 151.0671327710152
76.82706684619188 2244.992717921734 1660.109872378409 116.3099863752723 2400.208910956979 18.92447720468044 5091.763743981719 2411.168457880616 1477.719482630491 656.3279487937689 4108.164734348655 349.0147984772921 4609.283456854522 1521.601662106812 29.98070783168077 29.37396857887506 1.670756191015244 0.1830960735678673 0.1265969276428223 1.830910988152027 4.160456232726574 0 17.51261506229639 5.432134136557579 13.27380825579166 0.7306225299835205 8.683122336864471 2.391880214214325 0.1851917952299118 1.943422667682171 114.3157040774822 8.483984507620335 901.6806231513619 0.8775869384407997 10.87592227011919 6.371844954788685 764.9072691053152 22.85147111862898 3.036272026598454 5.935564495623112 0.9812423139810562 0.5875660181045532 1.1157386302948 3.667753577232361 0.8231887146830559 1.0463942065835 80.15452697128057 1.378492087125778 0.6672826483845711 0.5266994386911392 2.263987682759762 0.6104831695556641 0.656315378844738 0 2.227341823279858 3.129846833646297 14.55446197092533 34.07989697903395 10.42043595761061 16.19717492908239 2.692015714943409 83.98575326800346 0.829617016017437 26.78728609532118 3.841610491275787 1.942278109490871 2.698620118200779 6.102213345468044 10.50038599967957 12.89580524712801 240.6220638900995 0.3185423314571381 0 59.98006226867437 43.55300087481737 71.87513516098261 91.21941808611155 11.12901867181063 10.74785979837179 692.3523896634579 0.5735680907964706 133.4877691790462 3.867662638425827 0.1919351890683174 1.943830162286758 2.755570456385612 1.603176154196262 0 0.5211477503180504 0 0.1935965418815613 0 1.339770346879959 0.5942698642611504 0.1222344413399696 119.0189512595534 6.947942197322845 0 2.564136289060116 11.59333645552397 1.930464379489422 5.534129925072193 21.31790997833014 0.4312340244650841 12.35001219809055 2.567333556711674 22.01318511366844 8.416894912719727 11.43244244158268 19.61734942346811 26.16819929331541 33.57470984756947 77.66380590945482 50.96050755679607 53.65880247205496 0.09254906326532364 0.08543584495782852 0 0 0 0 0 0 0 0 0 0 0 0.5281007662415504 0 0 0 0.6439760774374008 0 8.936647288501263 18.18688941001892 0 0 0 18.58662670850754 2.877320937812328 20.96213845163584 2.678446888923645 0.6216500699520111 0 0.2520690560340881 0 0 0 0 0 0 1.191332034766674 0 0 0 0.2604399546980858 0.2117481678724289 0 0 0 0.5937884375452995 1.776076905429363 0.6562816500663757 0.4308219254016876 0 27.84167107194662 0.472924493253231 0 0 0.8895735740661621 0 0 0 0 0 24.4959392696619 1.207029469311237 0.9092257767915726 0.1128101348876953 0.4730339050292969 47.97772071510553 0.2227994054555893 6.998570010066032 0.774969145655632 0 0 0 0 0 0 0.09973812103271484 0.1588977575302124 0 0 0 0.1969274431467056 26.52957195788622 3.788254395127296 6.863718941807747 232.8618997633457 3.399326547980309 227.2107139527798 57.85921057313681 86.59089890867472 33.33567341417074 5.914809361100197 12.77750530093908 5.044442862272263 0.4685117453336716 3.089687094092369 2.012452095746994 5.609456017613411 1.158401727676392 1.236543893814087 0.2866135388612747 4.017059162259102 0.4757340848445892 99.75254765897989 29.00412859767675
