452.1343734040856 3738.152523584664 100.6722962632775 2976.077576063573 36.61078949272633 153.6095372736454 758.4789738506079 38.09635147452354 8.600630976259708 1252.319688640535 180.9441022276878 117.4819010272622 69.78692106157541 58.74683570116758 17.27980442345142 5.068745993077755 0.09943714737892151 0.2099131569266319 0.08928695321083069 0.2294446378946304 0.9988362938165665 0.3345436751842499 1.426670715212822 0 0 0 0 0 0 0 557.2819033041596 1.390163980424404 24.73878942430019 0.2297812849283218 0.2859500050544739 0.09494388103485107 2.262033745646477 0.5581077709794044 0.1516793966293335 0.5675575435161591 0.1418374180793762 0 1.346271954476833 1.085407249629498 0 1.00915738940239 75.25401534885168 2.049491733312607 0.1910678222775459 1.852476805448532 0.129051074385643 0 0.220357708632946 0 41.02173792570829 9.50950725376606 302.447381682694 931.5821936130524 63.79974558949471 94.48681136965752 1.622133210301399 3.370391570031643 2.073973156511784 4.641796983778477 17.32869419455528 5.55316549539566 0.1937278509140015 0.3819723054766655 1.210254795849323 1.653636083006859 2.333703346550465 4.350144952535629 0.2271638885140419 682.0764758884907 99.21137449890375 156.2058030515909 11.98264993727207 5.898577511310577 0.953743502497673 76.27718076854944 0.8591566160321236 8.551725015044212 54.83352226763964 4.276794388890266 5.214470490813255 1.170421190559864 0.8079988285899162 0.5288301855325699 0.3444457724690437 0.1590817868709564 0 0 1.206521153450012 0.364625059068203 0 52.70377050340176 4.694138370454311 0 0.2153970152139664 1351.918123409152 0.2051311582326889 0.6094215661287308 1.232658177614212 2.342617332935333 3.078034311532974 4.622473001480103 13.91044306755066 6.349635630846024 14.24289610981941 12.21383301913738 1.735500931739807 6.535045310854912 28.90705165266991 10.89127845317125 2.484913885593414 0.1728353053331375 0 0 0 0 0 0 0 1.261621236801147 0 0 0 0.7068092226982117 0 0 0 0.09490019083023071 0 0 1.063020646572113 0.5070961713790894 0 0 0 3.033639557659626 0.8087646961212158 1.379305444657803 1.81181126832962 0 0 0 0 0 0 1.684214293956757 0 0 0 0 0 0 0 0 0.531751811504364 0 0 0 0 0 0 0 2.644904464483261 0 0 0 0 0 0 0 0 0 6.793155372142792 0 0 0 0 0.6946957558393478 0 0.9930571168661118 0 0.487531453371048 0 0 0 0 0 0 0 0 0 0 0 28.76817727088928 1.268443956971169 1.57916559278965 544.3902110978961 14.79390721023083 351.61552067101 44.19655408710241 1717.520682990551 47.13168590515852 7.534058675169945 7.523338951170444 171.5186899602413 6.446982383728027 0 0 69.17833657562733 0 3.297922968864441 0 0 0.5741742253303528 228.7263044714928 17.27660585939884
3738.152523584664 6258.241297505796 1818.726161949337 3052.226894319057 2948.247818343341 122.8605959936976 3500.773160085082 716.1487573981285 862.7968435883522 3766.088013596833 2477.502551369369 142.8718427866697 1993.518686152995 2954.356141060591 131.6641097962856 48.87641010433435 0.5106955096125603 1.606032609939575 0.2655756324529648 5.021146915853024 5.665063492953777 0.1531084924936295 2.673020422458649 1.436833225190639 1.576489806175232 0.981381967663765 0.4026476889848709 0.3091753348708153 0.3520272523164749 0 2588.309118911624 76.92692934721708 347.829221457243 1.322959527373314 0.7361901625990868 0.6969856172800064 73.94926880300045 2.737971141934395 1.095921687781811 1.039611779153347 4.314282275736332 0.5217314660549164 19.39876056462526 3.833798140287399 0.3726355656981468 4.337899677455425 459.7594200372696 2.284504607319832 0.5888425707817078 6.331271626055241 0.4232426732778549 0 0 0.1400900930166245 46.62507639825344 12.09707535803318 211.3310676291585 1218.698712706566 79.83212534338236 236.5860673189163 26.712138928473 24.30964987725019 17.75433995574713 60.22607384622097 20.28061516582966 6.447318561375141 0.3310459107160568 1.71690659224987 11.31998135149479 18.61574590206146 15.06504515558481 1.802060775458813 0.216363787651062 958.328532718122 293.7657870873809 567.1399813443422 77.06831620633602 23.76762431114912 9.229296341538429 595.8737889006734 5.082897782325745 52.57416761666536 69.37363590300083 3.240497805178165 7.6571871265769 2.184829473495483 3.14325125515461 0.2137589454650879 0.2014288827776909 0.3810453116893768 0 0.2276236340403557 21.6692299246788 3.062673881649971 0.8249180167913437 14.66726590692997 7.372085839509964 0 1.977461822330952 858.4090394973755 0.9997907131910324 1.017510712146759 1.819306001067162 15.24883435666561 7.511083729565144 8.996678218245506 7.519637241959572 7.403511941432953 15.07159905135632 17.74848050624132 6.522562004625797 6.250250488519669 43.24292955547571 28.35499095916748 11.70328843593597 1.163658499717712 0 0 0 0 0 0 0.2076314240694046 0 0 0 0 0.3009624779224396 0.854673445224762 0.1489464342594147 0 1.110691130161285 0 0 2.051507912576199 1.478067696094513 0 0 0 19.6735428199172 3.384954482316971 12.64654525369406 3.24467209726572 2.456969380378723 0 0 0 0.5303870141506195 0 0.7480356693267822 0.1359076946973801 0 0.4344671964645386 0 0 0.1150073930621147 0.3579199016094208 0 0 0 0 0 0 0 1.067785248160362 0 11.29440554976463 1.056831791996956 0 0 0 0 0 0.1202602684497833 0 0.4092055410146713 17.00669266283512 0 0.165276825428009 0.1257834434509277 0.1556026786565781 9.089037038385868 0.6387140303850174 5.876003116369247 0.1169891953468323 0.431120365858078 0.1304515451192856 0 0.7242221832275391 0 0 0.1375932991504669 0 0 0 0.1564204841852188 0.2636240422725677 49.04754373431206 13.97005377709866 15.47463655471802 920.7111052721739 27.86648899316788 907.1672544330359 166.9469567909837 794.548146083951 94.52600419521332 6.981827065348625 48.39579643309116 115.7895124182105 1.533933758735657 1.861027345061302 0.6371991485357285 54.45969079434872 0 0 0 1.762184798717499 0.8415551111102104 148.1129959449172 23.85558357834816
100.6722962632775 1818.726161949337 2108.915970943868 12.09172985702753 1055.692279435694 2.336095862090588 114.4546136707067 6953.53249783814 470.1188164949417 157.8837343230844 4581.601511582732 51.28144619613886 648.5466711893678 1521.38002717495 36.49301263689995 21.93433875590563 0 1.822895877063274 0.527051106095314 20.42902803421021 34.8288182541728 0.1793997287750244 13.88364681601524 7.893459834158421 8.612782023847103 2.90108048915863 2.020983144640923 1.317142568528652 1.139076098799706 1.171136118471622 5240.74025246501 778.773515895009 917.4467456787825 5.758541852235794 2.414965189993382 8.650097966194153 80.7388674467802 12.69580022990704 0.7732911109924316 2.297817729413509 17.67492891848087 6.498146414756775 66.78601605445147 3.484850913286209 1.46551264077425 3.4782904535532 98.35554448515177 1.408730641007423 0.2391895353794098 13.29560296237469 1.159786984324455 0 0.1920299604535103 1.922619983553886 5.730859786272049 1.344085924327374 59.65554345399141 765.9940532743931 20.36581572890282 19.48815833032131 119.7408417314291 172.0027304366231 43.05564730614424 206.8888970315456 3.519998498260975 0.4042660221457481 0.4998796731233597 6.357860751450062 46.24061610549688 115.3769108951092 14.76473568379879 0 0.1029632017016411 183.2690298184752 70.80895671993494 74.60046952962875 24.80506762862206 34.81757120788097 187.4096459448338 4124.522881567478 17.29877093434334 828.1505730673671 11.92788557708263 0.4138667359948158 1.012244537472725 0 7.258046671748161 0 0 0.1898663491010666 0.5091845765709877 0 130.2938558906317 12.03443245589733 3.291616685688496 5.92858524620533 3.498655088245869 0.09776146709918976 2.229560941457748 49.03150936216116 0.1556174457073212 0 0.4589736461639404 0.2680491507053375 3.10218657553196 2.586221061646938 1.969055861234665 1.125699639320374 4.128703236579895 2.611921593546867 3.040821895003319 2.410781569778919 14.35509666055441 7.158466391265392 2.527042582631111 0 0 0 0.3885116949677467 0 0 0 0 0 0 0.2425481304526329 0 0 0 0 0.1388727575540543 0 0 0 0.650297150015831 1.424684524536133 0 0 1.019170045852661 10.83820250630379 0.8006642162799835 9.212505847215652 1.047166578471661 0.1628587245941162 0.7334454655647278 0 0 0 0.1315390169620514 0 0 0 0 0 0 0.2441646903753281 0.1336091309785843 0.1852209568023682 0 0 0 0 0 0 0.9096972048282623 0 6.50373001396656 0 0 0 0.1931792050600052 0 0 0.2669787779450417 0.2273530066013336 0.3875423818826675 7.518159702420235 0 0 0 0.5037668645381927 2.64860512316227 0.6481350064277649 2.726615086197853 0 0.2482059150934219 1.669113874435425 0 0 0.1594040840864182 0 0 0 0 0 0.1253873556852341 0 14.26034314185381 5.884424701333046 11.20041596144438 300.7569638863206 5.02438873052597 145.2552856206894 34.83915590494871 45.20586177706718 7.143533259630203 0.2025933787226677 7.573045767843723 12.36211805045605 0 0.241980291903019 0.2355887889862061 8.338855341076851 0 0 1.314903378486633 0 0 35.32663277536631 10.74114902317524
2976.077576063573 3052.226894319057 12.09172985702753 813.4233720824122 28.50207921117544 1060.801914528012 1521.767359018326 0.427968442440033 10.07110062986612 3336.755192816257 1.746304750442505 228.7656178921461 612.5463408455253 18.18808753043413 10.84308993071318 2.586690433323383 0 0.1958375498652458 0 0 0 0 0 0 0 0 0 0 0 0 14.35072814673185 0.5379387736320496 3.014852367341518 0 0.1203262731432915 0 0.6291980892419815 0 0 0.275358647108078 0 0 0.4847365170717239 0.8421460092067719 0.09061865508556366 0.1721733585000038 47.96805603802204 0.9789052978157997 0 0.4029245153069496 0 0.1390086710453033 0 0 10.63382178544998 3.643351547420025 31.65918374061584 100.0984575077891 12.5998070538044 41.78758429735899 0.2081800997257233 0.5349681228399277 0.09465713798999786 4.877078384160995 5.140635311603546 1.905143961310387 0 0 0.4187591746449471 0 0.4679431468248367 0 0 203.4508190974593 35.3235911950469 72.03995789587498 4.974370904266834 1.865944944322109 0.07423380017280579 1.710540793836117 0 0.7941010817885399 18.77438459545374 1.071073539555073 0.8745234534144402 0.4581803381443024 0.6191090792417526 0 0 0.1178078874945641 0 0 0 0 0 15.81807577610016 3.804224610328674 0.1175663024187088 0 246.7312999218702 0 5.440857917070389 200.7343752831221 152.3020848333836 3.150369063019753 30.92172356694937 57.19292676448822 5.913593396544456 79.32570527493954 40.07508201152086 3.075059585273266 13.53676795959473 60.79720331728458 16.48080772906542 3.126601412892342 0 0 0 0.386610746383667 0 0 0 0 0 0 0 0.9857209324836731 0 0 0 0 0 0 0 0.5271351486444473 0.3201999962329865 0 0 0 3.022461853921413 0.6577462553977966 4.515136197209358 0.6855845600366592 0.5856062769889832 0 0 0 0 0 0 0 0 0 0 0 0.2619817554950714 0.3454616963863373 0 0.4899374544620514 0 0 0.278548538684845 0.251720979809761 0 0 0 2.253143280744553 0.5184452682733536 0 0.1096726357936859 0 0 0 0 0 0 6.737339191138744 0 0 0.1171795576810837 0 0.8969892859458923 0 1.373708605766296 0.2246596738696098 0.2342061847448349 0 1.346103191375732 0.1338643580675125 0 1.035458445549011 0 0 0 0 0 0 36.38421002030373 2.511186674237251 1.686590909957886 254.2432793006301 4.943759389221668 178.5663744360209 22.62612048536539 636.1449437215924 22.20602203905582 3.518099322915077 7.488631211221218 135.2060695141554 0 1.307327948510647 0 83.17570614814758 0.405460387468338 0 0 0.2609298825263977 0 95.95384060591459 15.72589179873466
36.61078949272633 2948.247818343341 1055.692279435694 28.50207921117544 2796.888953149319 1.593370154500008 2142.511795423925 1922.635821513832 4643.315903477371 576.5112408474088 4401.490391783416 43.33108581602573 1107.808345817029 4119.195217870176 37.12263134121895 16.30309005826712 0.1497779786586761 0 0 1.023351192474365 1.90200699865818 0 1.1466905772686 0.4081860110163689 0.3397918790578842 0.2993320375680923 0.1351467221975327 0 0.4387774169445038 0.4352822601795197 136.1874082684517 35.43231903761625 53.21819694340229 0.1219976246356964 0.1372581273317337 0.7641281187534332 17.13532304763794 1.655172660946846 0.08984361588954926 0.2175479009747505 0.7563343197107315 0.7252033352851868 3.120477065443993 1.030791059136391 0.1372673511505127 0.384187750518322 120.9153885170817 0.2939860746264458 0 1.0407310500741 0.139726385474205 0 0 0 2.671961255371571 0.349831722676754 14.56994482129812 80.65985049307346 6.601044267416 32.02474172413349 7.489930629730225 9.579668708145618 0.7871528565883636 17.53971326351166 1.350590504705906 0.4765868633985519 0.2284548878669739 0.4162922278046608 4.003320880234241 8.220625288784504 5.689112938940525 0.07836104929447174 0 72.92755254358053 47.17504126578569 113.8904506787658 21.71385541558266 6.728726342320442 2.841581471264362 90.72542079538107 1.610069610178471 24.46382769197226 4.773504607379436 0 0.9641487672924995 0.09984803944826126 0.1156469210982323 0 0 0 0.1297061741352081 0 8.665120303630829 0.6534668803215027 0.3621204420924187 4.726352885365486 1.14800637960434 0 0.3550862371921539 4.541030317544937 0 0 0.7296655029058456 0 1.775073021650314 4.15013661980629 1.379898995161057 1.775217592716217 5.7785624563694 2.974941834807396 1.009151220321655 2.240665271878242 12.0211184322834 10.58317351341248 2.266846016049385 0.1182298511266708 0.1389977782964706 0 0 0 0 0 0 0 0 0 0 0 0 0.325169175863266 0 0 0 0 1.630537182092667 0.622409887611866 0 0 0 8.715300694108009 1.62628710269928 5.963844299316406 2.173893317580223 0.9774511829018593 0 0 0 0 0.232773020863533 0 0 0 0 0 0 0 0 0 0 0 0 0 0 0 0.2979717254638672 0 3.444475397467613 0 0 0 0 0 0 0 0 0 7.099977605044842 0 0 0 0.1475192904472351 3.562079727649689 0 3.652533456683159 0.3056205213069916 0.1090600565075874 0 0.4011846780776978 0 0 0 0 0 0 0 0 0 14.83299402147532 5.834823593497276 7.307054623961449 239.9113060832024 2.906076014041901 172.4997239261866 36.87780876457691 32.09869145601988 8.33955679833889 0.2807079255580902 11.7848913744092 13.1009824052453 0 0.1117550656199455 0 4.649935662746429 0.1868086904287338 0 0.3465359210968018 0.1367347240447998 0 16.48495107889175 10.73425779491663
153.6095372736454 122.8605959936976 2.336095862090588 1060.801914528012 1.593370154500008 8.298788189888 39.86583262681961 0 4.110004857182503 1227.004999905825 4.982318311929703 315.150894343853 121.7354809194803 6.887812450528145 4.611858315765858 5.136329755187035 0.2234755605459213 0 0.1697354763746262 0 0 3.81925493478775 0 0 0.2286862730979919 0 0.131401002407074 0 0.4300128221511841 0 1.725630275905132 0.1290039271116257 43.90916374325752 0.1228652745485306 0 0.9673750549554825 34.62437406927347 5.227136299014091 2.167851619422436 1.496298491954803 0.1297945231199265 0.2865159511566162 0.4158589392900467 3.321134388446808 0.1926722675561905 3.02151894569397 8.964700557291508 0 0.1239217519760132 0 0 8.827613167464733 0.5798419415950775 3.789123803377151 0.9281143248081207 0.5819008350372314 174.93348698318 24.85494140535593 8.724817156791687 2.351249247789383 3.83476797491312 40.25723941624165 1.183213718235493 0.6995064616203308 0.2872357740998268 0.1198990866541862 0.5890879929065704 0.4730872213840485 0.2192780002951622 0.1680032163858414 182.3150753155351 48.70913431048393 6.894229680299759 15.22623310983181 2.772772423923016 2.488371931016445 1.057415574789047 1.018346570432186 0.131439670920372 8.7596595287323 2.744777947664261 5.433114364743233 0.9108306244015694 0.8833485320210457 0.1183536574244499 1.697223827242851 0 4.445412337779999 1.383208610117435 4.58301454782486 0 1.032164111733437 0.1185774654150009 0.3422556817531586 2.045237027108669 201.5647511035204 82.69060234725475 5.085494667291641 10.54337836056948 503.4081878140569 0 1.312373653054237 0.6910097151994705 1.754218339920044 1.736488983035088 2.959757745265961 3.546143844723701 1.722437828779221 6.741236463189125 5.234795972704887 0.1563340276479721 2.680629968643188 9.331876575946808 4.799583718180656 1.444062799215317 0.4237107038497925 0.1396802812814713 0 0.1518975496292114 0 0 0 0 0 0 0 0.2849696576595306 0.3695460483431816 0 0.7665440291166306 0 0.7103211134672165 0 0.7311812788248062 0.2571693658828735 0 0 0 0 0.8189272060990334 0 0.9346914663910866 0.8530201688408852 1.099877312779427 0 0.1675189882516861 0.2066547721624374 0 0 0 0 0 0 0 0 0.1070566400885582 1.429515846073627 0 0 0 0.2042746543884277 0 0.1374498903751373 0 0 0 1.66926796734333 0 0 0 0 0 0.1676454693078995 0 0 0 3.53943207859993 3.201523661613464 0 0 0 0.3403905034065247 0 0.4921409785747528 0 0 0 0 0 0 0 0 0 0 0 0 0 12.20498582720757 0.1257572770118713 1.725126482546329 60.50229689478874 1.105995938181877 15.14425565302372 6.132928684353828 280.9709919542074 1.519374251365662 0 0 38.08669912815094 0 1.200100421905518 0 22.38268569111824 0 0 0 0 0 81.66957953572273 9.251499697566032
758.4789738506079 3500.773160085082 114.4546136707067 1521.767359018326 2142.511795423925 39.86583262681961 1541.684170521796 113.8730963766575 2555.400197707117 5044.288428805768 876.7698561549187 214.6138180568814 8541.703110121191 3359.235606983304 118.2277810722589 48.01498018950224 0.4116087704896927 0.3529819846153259 0.258174754679203 2.114637777209282 4.277793250977993 0 1.00057190656662 0.7866041883826256 1.006601817905903 0.1235048472881317 0.3721380531787872 0 0 0.1052921116352081 234.5956276655197 57.14912175387144 69.48773669451475 0.3995134979486465 0.4899781867861748 1.091601766645908 37.55172584950924 2.478963941335678 0.4553945809602737 0.5502785891294479 2.21753940731287 0.4952659457921982 6.403927780687809 2.331261865794659 0.3246856853365898 1.225416980683804 355.3182429298759 0.5629734396934509 0.2056377232074738 2.377139508724213 0.3136461079120636 0 0.5466814041137695 0 14.69820592552423 3.785619229078293 56.56675204634666 241.6202984005213 23.04836043715477 115.2363798990846 13.81136080622673 15.04288969933987 4.266014881432056 45.90755873173475 7.074958749115467 1.189805075526237 0.129881352186203 0.795074038207531 6.890101499855518 12.95810618251562 16.02237658947706 0.3404238224029541 0 310.2833195030689 153.9313600286841 367.7872413694859 63.1413242816925 16.06191930174828 3.163795933127403 71.12999572604895 2.712113991379738 37.06002064794302 28.43491622060537 0.9968902394175529 2.78277051448822 0.4840979874134064 1.776098623871803 0.1365644633769989 0 0.1180704981088638 0.1036484837532043 0 12.39830783754587 1.703287579119205 0.5895584225654602 16.78218034654856 4.187844000756741 0.5807930007576942 0.6964848637580872 34.78829088062048 0.9871586188673973 3.387260004878044 49.50840297341347 33.51838399469852 11.4176080673933 50.04761308431625 11.46550539135933 11.64670462906361 41.26945915818214 12.93037188053131 8.378021895885468 12.87102152407169 53.30555786937475 37.02011219412088 11.02847074717283 0.2269377112388611 0.2564766183495522 0 0 0 0 0 0.1789560765028 0 0 0.2065225094556808 0 0.7382475137710571 0 0.5395972728729248 0 0 0 0 5.167336344718933 1.275026932358742 0 0.1727345287799835 0 29.37329855561256 1.943251550197601 20.86709397286177 3.698616154491901 2.442050032317638 0 0.8209041953086853 0 0.3669706881046295 0.605238288640976 0.4530633985996246 0 0 0.3124753385782242 0 0 0.3391447961330414 0.5878816843032837 0 0 0.1152073889970779 0 0 0.8614415973424911 0 1.064331948757172 0.7426906228065491 14.79768921434879 0.9885569959878922 0.4898799955844879 0.1344794183969498 0 0 0 0 0 0 25.19335480034351 0.7481682598590851 0 0 0.2797390893101692 7.83826170861721 1.309801697731018 8.870348885655403 0.615820050239563 0.888975627720356 1.140276238322258 0.2688175141811371 1.274406298995018 0 0 0 0 0 0.1303642690181732 0 0 50.53979399055243 17.05245650559664 24.45385610312223 708.1553289145231 8.991130247712135 528.6749540269375 124.5312758460641 196.7744011059403 34.36729758232832 0.7094071954488754 34.30384428054094 78.14071255922318 1.073474511504173 6.291406333446503 0 47.90783457458019 0.6869620978832245 0 2.081849738955498 2.024199426174164 1.790776625275612 95.5610334649682 40.61041087657213
38.09635147452354 716.1487573981285 6953.53249783814 0.427968442440033 1922.635821513832 0 113.8730963766575 1686.818034254014 1042.910394057631 15.45634082704782 3655.361503072083 12.60987705737352 204.5522947534919 1223.715946152806 44.08885605633259 20.80908858031034 1.623070761561394 5.555472761392593 0.1970077753067017 35.48078620433807 39.05201250314713 0 16.55721368640661 8.469948910176754 10.01360909640789 3.33296300470829 1.980913117527962 0.5002692341804504 0.400511160492897 1.34647973626852 1955.729705877602 2854.822554469109 173.1229310408235 7.26206286251545 3.114946529269218 9.936010405421257 20.77892155945301 10.61723398417234 1.156778685748577 2.164138220250607 17.25049272179604 2.526305712759495 67.13728301227093 2.634261094033718 2.133204035460949 12.71513822674751 167.4027410745621 0.3569565564393997 0.7602926567196846 19.92848487943411 1.744143947958946 0 0.1625357866287231 0.1193739250302315 3.482100605964661 0.5356936678290367 30.29150047898293 413.2320242747664 12.16367796063423 22.45220083743334 169.2269281372428 192.4770838022232 53.6772054284811 521.4063065126538 1.584507882595062 0.7981479987502098 0 3.711553357541561 36.20857730507851 94.72452298551798 3.50245788693428 0 0 104.189808242023 93.67167481780052 118.922720529139 67.86333827674389 372.5746420398355 2185.876475900412 3231.007689990103 80.94937688857317 2080.012022919953 4.288037523627281 0.1059181541204453 1.034765996038914 0.09870269894599915 6.837679423391819 0 0.1296088099479675 0.09356703609228134 0.4866339713335037 0.253780871629715 90.09998440742493 8.715138345956802 2.127453334629536 0.8116112798452377 0.1578788608312607 0 1.756181284785271 7.083122164011002 0 0 0 0 0.6083786487579346 0 0 0 0 0 0.1639477163553238 0.579762876033783 0.4388726055622101 0.1527557522058487 0 0 0.2381407916545868 0 0 0 0 0 0 0 0 0 0 0 0 0 0 0 0 0 0 0 0 0 0 1.077668890357018 0 1.119257107377052 0.1069800108671188 0.164396733045578 0 0 0.1188398450613022 0 0.7547554969787598 0 0.1920450925827026 0 0 0 0 0 0 0.1238817647099495 0 0 0 0 0 0 0 0 0.7597744762897491 0 0 0 0 0 0.1578708291053772 0 0.2181661948561668 0.4058514833450317 0.150517150759697 0.4587901532649994 0 0 0 0 0 0.4706280827522278 0 0 0 0 0 0 0 0 0 0 0 0 0 0.2460204809904099 0.7531357333064079 0.8022168576717377 173.7722240313888 2.656705558300018 160.8595162779093 35.5299815684557 18.9507367759943 6.46093775331974 0.1090224906802177 8.867084383964539 3.755075365304947 0 0.3410142362117767 0 0 0 0 0 0 0 5.495553769171238 0.8282022327184677
8.600630976259708 862.7968435883522 470.1188164949417 10.07110062986612 4643.315903477371 4.110004857182503 2555.400197707117 1042.910394057631 1008.949739910662 336.0703310966492 2027.267568342388 76.65312672406435 2861.116401456296 2993.129065386951 48.6752160564065 20.10347014665604 0 0.121327742934227 0 1.8151990249753 4.106811799108982 0 1.447966672480106 1.222223781049252 0.3996284008026123 0.9621892869472504 0.3581419587135315 0 0 0.7979535982012749 59.4575566649437 14.27731157839298 94.66911067068577 0.6606053113937378 0.6572007238864899 1.295729883015156 36.94535771012306 3.470490455627441 0.121341235935688 0.4688678830862045 3.179295852780342 2.107271954417229 3.142729081213474 2.851537503302097 0 0.3169044032692909 96.23885627090931 0 0.1931905522942543 1.351938359439373 0.1551039665937424 0 0 0.2911724299192429 1.224112175405025 0.1971961408853531 6.186695918440819 39.19296961277723 2.581874459981918 15.27563538402319 8.781606800854206 19.5430108755827 2.136165708303452 12.69727250188589 0.8631524965167046 0 0 0.7082179039716721 4.328469432890415 10.93684985488653 8.001995839178562 0.1319367587566376 0 32.60321706533432 39.45388358831406 86.54683465510607 24.17830234020948 7.981741532683372 2.116571463644505 170.28431391716 2.148934721946716 33.47993303090334 2.015767551958561 0 0.1046024337410927 0 0.7074893489480019 0.1105609387159348 0 0 0 0 14.63373292982578 1.238604463636875 0.2447961643338203 6.484727956354618 1.434288293123245 0 0.4193674698472023 2.190714552998543 1.13882577419281 0.1107255890965462 0.3637480437755585 0 4.966324679553509 2.403123334050179 2.858766496181488 3.010982431471348 7.104767814278603 2.69766091555357 4.574154689908028 4.229975745081902 19.83258253335953 14.01360923051834 3.843463718891144 0.3658925741910934 0 0 0.1191802769899368 0 0 0 0 0 0.1222986578941345 0 0 0 0 0 0 0 0 0 1.953566610813141 1.631954565644264 0 0.5536311268806458 1.154140621423721 12.54311574995518 1.590182781219482 6.729912333190441 1.509843610227108 0.7569856718182564 0 0 0 0 0.5732503086328506 0 0 0 0 0 0 0.1302511692047119 0 0.1525265872478485 0 0 0 0 0 0 0.1816467046737671 0.232705146074295 6.370562247931957 0.2112754881381989 0.3024448156356812 0 0 0 0 0 0.09519344568252563 0.1222824305295944 12.03124655038118 0.2868640720844269 0 0 0.1087116375565529 4.510117031633854 1.763855576515198 5.987334057688713 0 0.2168375849723816 0 0.1200598180294037 0 0 0 0 0.1214394271373749 0 0 0 0 13.22443848103285 7.635098859667778 7.7138851583004 306.5231740996242 3.50487507134676 124.6222668141127 41.36757922172546 19.70851827412844 3.481428027153015 0 12.84828162193298 12.48883451521397 0 1.780410036444664 0 9.028924323618412 0 0 1.029469400644302 0.1558012962341309 0 27.46353728324175 16.51418274641037
1252.319688640535 3766.088013596833 157.8837343230844 3336.755192816257 576.5112408474088 1227.004999905825 5044.288428805768 15.45634082704782 336.0703310966492 4880.375662185252 69.75174170732498 5592.917786389589 10582.52975039929 481.1044005528092 67.36161641776562 26.52191566675901 0.7553437873721123 0.1540779769420624 0 0.3656726777553558 2.457504160702229 0.7262681871652603 0.5749716758728027 0.4021594077348709 1.34979784488678 0.6074911877512932 0 0.4412448406219482 0 0 75.97919139266014 15.19245681166649 55.22611956298351 0.258535124361515 0.3029464781284332 0.6199407875537872 77.97154180705547 2.029395967721939 2.010534852743149 0.105019211769104 1.03414262086153 1.56280879676342 3.955825828015804 2.660319969058037 0.3280224204063416 0.6526128873229027 259.3241847082973 0 0.09082608669996262 0.8944293111562729 0 0.1936763077974319 0.1085682138800621 0.4147122651338577 7.385182954370975 2.095935098826885 58.08218574523926 76.77249506115913 11.17440258711576 58.35230029374361 4.23510716855526 17.96534806489944 2.041608259081841 16.39648851007223 3.894221492111683 0.9944798797369003 0.1674071550369263 0.1971347481012344 2.336260661482811 6.034626290202141 107.9885755255818 2.556678265333176 0.09813573956489563 123.3407474905252 72.98133977502584 169.3708283603191 36.31958346813917 6.970499262213707 0.3657630607485771 12.20093485713005 1.578606903553009 19.66362243890762 12.66193814575672 0.1637232750654221 1.28932861238718 0.1229463070631027 0.4400385394692421 0.2457815259695053 0.08932723850011826 0 0 0 8.489436164498329 1.252364747226238 0.3603065311908722 186.2068749368191 65.07912600040436 0 2.021594911813736 394.9644203931093 1.933150857686996 4.531119860708714 61.65173342823982 56.0831796079874 43.66325794160366 133.7650278061628 66.31177997589111 38.477210521698 223.9470766782761 218.9276188388467 32.39636813104153 66.49454672634602 355.0049279108644 179.2983118444681 46.13844362646341 0.6149783879518509 0.1705847382545471 0 0 0 0 0 0 1.948101818561554 0.6516945958137512 0.5447838604450226 0 3.327611982822418 0 3.883573561906815 0 0.6661005616188049 0.3138622641563416 2.082988023757935 13.80295188724995 8.809922769665718 0 0.6766627430915833 0.883298933506012 94.9794462621212 6.868526294827461 78.38355744630098 14.46797265857458 9.014272376894951 0 0.7084769010543823 0 0 2.00900411605835 0.9718883037567139 0 0 0.5816561579704285 0 0.1275819838047028 0.1795220077037811 2.070937477052212 0.5221444815397263 0 0 0.3068056702613831 0.5927831083536148 0.6921448409557343 0.7354362159967422 2.411625608801842 1.698350846767426 56.60182224214077 4.237565979361534 0 0 0 0 0 0 0.2416989207267761 1.046905755996704 104.1575974673033 0.2872228622436523 0 0.116075873374939 0.2350715100765228 41.9985057413578 7.03702849149704 36.34334047138691 0.3781525492668152 1.394011855125427 0.2593821138143539 1.33128947019577 2.271745875477791 0.3243692517280579 0 0 0 0.1118884161114693 0 0.8487831354141235 0 248.623578608036 55.54372204840183 76.39207229763269 1260.822064079344 24.43405939638615 471.2276531234384 129.6799688339233 812.5040144398808 26.54216759651899 4.758754953742027 47.17234624922276 395.3530204892159 1.593444108963013 13.14631743729115 0.8427328914403915 302.8981551826 0 0 0.7324211299419403 2.791657447814941 4.328770697116852 577.1397487223148 194.207262583077
180.9441022276878 2477.502551369369 4581.601511582732 1.746304750442505 4401.490391783416 4.982318311929703 876.7698561549187 3655.361503072083 2027.267568342388 69.75174170732498 3707.862325832248 46.60163196921349 2584.297659426928 4307.975001044571 44.51096238940954 21.93676580488682 0.459918275475502 2.552171252667904 0.2164430171251297 4.986738204956055 35.87799871712923 0.598587766289711 16.5583345964551 11.97089334577322 22.28511745482683 12.05502285063267 5.836679503321648 2.346195064485073 1.080705091357231 2.552706778049469 412.3791972920299 31.47282787412405 918.6323705166578 1.586777076125145 5.72995475679636 23.40458013862371 147.2938209325075 46.30661299079657 4.077035807073116 4.712516844272614 39.18959731608629 19.14205412566662 14.73901572078466 3.41524488478899 1.705281108617783 1.846967928111553 65.48847204446793 0.6562046185135841 1.328585252165794 2.904397919774055 1.63585402816534 0 0 2.462286986410618 1.809076122939587 0.6383968368172646 12.18858958035707 99.3938662186265 4.636586159467697 10.18516407907009 31.68040058761835 292.9126452580094 8.152778372168541 15.52693960815668 1.183677300810814 0.5296660512685776 0.09850718826055527 1.71490266174078 34.94465333223343 126.8376074060798 32.65485583990812 0.1392094939947128 0 45.73488853126764 28.010477617383 49.37888331711292 17.00124770402908 13.31136294454336 29.24610693752766 2554.831792458892 7.518574267625809 761.8659073486924 3.029997617006302 0.1115414947271347 0.2978954240679741 0 2.470943033695221 0 0.2315568923950195 0 0.7715074196457863 0.1503015160560608 180.5704419240355 28.26384231448174 3.960146233439445 19.12844154238701 5.07242176681757 0 3.667022004723549 17.02393664419651 0.8030082583427429 0.143476814031601 1.550102397799492 0.1622959226369858 0.3356806337833405 2.172742173075676 1.130301013588905 1.744975626468658 2.522454939782619 2.086440742015839 1.101311050355434 1.306274250149727 6.854950428009033 5.715566985309124 1.113213166594505 0 0 0 0 0 0 1.120965570211411 0 0 0 0.1576361805200577 0 0 0 0 0 0 1.10747879743576 0 1.434782132506371 0.1256461143493652 0 0.6858126521110535 0 5.635255225002766 0.9129711240530014 4.696925446391106 0.4383581727743149 0.8535508960485458 0 0.5508093684911728 0 0 0 0 0.4713016003370285 0 0 0 0 0.09498218446969986 0.2366990894079208 1.063523069024086 0 0 0 0 0.1997128129005432 0 0 0 4.254820622503757 0 0 0 0 0 0.7148423567414284 0 0.1476207375526428 1.127301231026649 6.568835601210594 0.1536259204149246 0 0 0.7347051426768303 2.747637286782265 0.2566595673561096 3.788823053240776 0 0 0 0 0.7149207592010498 0.3011565208435059 0 0 0.1268709450960159 0.121962733566761 0.4178113043308258 1.040199019014835 0 7.88585988432169 6.206675440073013 5.686101004481316 219.8518586531281 5.189810782670975 96.74206164479256 40.46996673196554 31.37781768292189 3.50640743970871 0.1484231948852539 4.318682722747326 9.861866250634193 0 0.1747428327798843 0 3.830434560775757 0 0 0.490626186132431 1.102015912532806 0 21.20047525316477 8.031194150447845
117.4819010272622 142.8718427866697 51.28144619613886 228.7656178921461 43.33108581602573 315.150894343853 214.6138180568814 12.60987705737352 76.65312672406435 5592.917786389589 46.60163196921349 355.8461045026779 1787.376097746193 132.4378033950925 55.57222689688206 38.13974432647228 2.172238484025002 4.164781130850315 2.041444182395935 3.693558692932129 10.90443355590105 1.717432156205177 1.49839424341917 1.787707783281803 6.952025324106216 10.31924822926521 2.155474983155727 3.303764022886753 7.689955800771713 0.9065182507038116 21.05898022651672 1.003141410648823 214.7677009478211 1.45847561955452 0.4657229781150818 5.162595495581627 499.995019339025 41.92552143335342 16.03300675004721 10.47607872635126 32.95123445242643 37.74893846362829 5.139241732656956 13.04747305065393 5.571906417608261 6.243303962051868 84.72758814692497 1.304616145789623 2.151958227157593 5.060168065130711 2.293454468250275 2.696972578763962 1.24463763833046 1.818714007735252 0.3238849490880966 0.2691323086619377 20.41853477805853 30.6982331648469 2.022872172296047 4.103146120905876 23.8213959261775 35.90472938865423 7.521284304559231 14.79435922205448 0.09018188714981079 0.3368677273392677 0 2.542395316064358 22.20504278689623 55.66009034216404 330.1671395152807 7.210661217570305 0.5284795314073563 14.53947373479605 24.10105378180742 32.72252702713013 14.74336045235395 16.54096626490355 0.8127090781927109 13.2600916698575 17.08176939189434 24.85627818107605 0.875291496515274 0 0.4780727550387383 0.2675621658563614 3.933974802494049 0 0.2667542397975922 0.6137782037258148 0.9975666478276253 0.2944998815655708 118.6326353922486 31.55849202722311 3.656872473657131 1442.910104736686 22.6639858558774 0.2201540023088455 9.087868452072144 204.85465169698 2.907149724662304 2.943541720509529 15.89483097195625 4.139994129538536 38.52774800360203 47.98179247975349 41.21712109446526 30.40192022919655 67.74724861234426 53.82370562106371 38.46978593617678 50.05952961742878 202.583070859313 160.3553156107664 45.83285527676344 1.862898744642735 1.808535896241665 0 0.6532536745071411 0 0 0 0.2355776727199554 0.1052726581692696 1.165190815925598 0.9732903391122818 0.8193966299295425 1.761420294642448 0.5250601768493652 2.081011399626732 0.1500227600336075 3.886379465460777 1.512603536248207 1.668927147984505 15.32013306766748 5.038285300135612 0.4713099896907806 1.344984114170074 0.1414303332567215 131.5889227315784 8.339976124465466 88.26974651962519 12.55236525833607 6.111727990210056 0.918577179312706 0.2869735509157181 0.5835048854351044 0 5.130445159971714 1.151214301586151 0.50996333360672 0 0.8142287582159042 0 0.5059024095535278 0.2574580237269402 2.414121858775616 1.207167215645313 0.09514825046062469 0.44461789727211 0 0.1816629022359848 0.2197975739836693 0.8592246770858765 3.534464403986931 2.92266657948494 49.0391341149807 2.616851188242435 0.1057361364364624 0.1504969298839569 0 0 1.283346265554428 0 0.1278404742479324 1.308886379003525 119.5301828533411 2.617234081029892 0.4141136407852173 0.4893057644367218 0.6046805828809738 45.50696907192469 4.627187669277191 25.34517632424831 0.4820383340120316 2.38384386152029 1.869563139975071 0.3416283875703812 1.277803592383862 0.2706982046365738 0 0 0.1448898166418076 0 0.2654542177915573 0.3306527137756348 0 212.6969611495733 66.39125736802816 96.63432034105062 507.649213694036 9.558988392353058 153.1051623746753 77.60555443167686 378.0507838577032 3.56607723236084 1.535812020301819 8.366483941674232 158.7899721190333 0.1740364730358124 10.33418456465006 2.132072679698467 144.9269551932812 0.2445908188819885 0 1.399509012699127 0.9734671860933304 0 1053.36196745187 244.484752215445
69.78692106157541 1993.518686152995 648.5466711893678 612.5463408455253 1107.808345817029 121.7354809194803 8541.703110121191 204.5522947534919 2861.116401456296 10582.52975039929 2584.297659426928 1787.376097746193 6604.115946918726 7987.80505194515 144.6582785770297 98.00079943239689 3.301507048308849 8.41058374196291 1.851195096969604 12.20075468719006 32.51240361481905 0.9672234058380127 9.99988454580307 6.982927903532982 19.53121636807919 18.77172167599201 4.833761774003506 5.127533763647079 6.965028032660484 2.911379367113113 137.4969899356365 17.11566788703203 1031.525418840349 2.453064188361168 3.720385767519474 17.11505035310984 813.5982256084681 161.2830063402653 22.61483052372932 21.65370186418295 66.71681699156761 51.6697064936161 24.07588742673397 18.56245417892933 7.856605045497417 7.500418677926064 264.0109566152096 1.701982006430626 5.021796382963657 11.25504748523235 5.069673262536526 1.744169190526009 1.872334353625774 4.98175060749054 2.030463628470898 0.7890881076455116 28.98271372169256 130.8007313758135 7.415571376681328 29.96651008725166 72.74303295463324 172.056856110692 19.14346235245466 40.43666559457779 0.7437358051538467 0.6750253811478615 0.1660326719284058 3.194092810153961 57.71985220164061 165.0060846284032 480.6953764334321 4.643011495471001 0.2336408346891403 76.81028405576944 84.57268580794334 156.5231272056699 50.74976314604282 38.03008775413036 5.116429008543491 210.2233242318034 31.46120843291283 135.3182890936732 6.210106424987316 1.088244035840034 0.524443194270134 0 7.042283721268177 0.2081504166126251 0.4275457561016083 0 1.98114712536335 0.2506597861647606 316.2129412591457 65.97408650815487 8.865655340254307 1194.618738591671 38.33162498474121 0.275612972676754 17.1921991109848 89.70920281112194 2.007900483906269 3.611147373914719 17.9071953073144 4.157035127282143 38.21792953461409 35.16094716638327 28.83076070994139 33.17335838824511 75.42365687340498 51.70322208106518 44.2474353313446 48.127425968647 194.0372859537601 155.3311940059066 47.56104683876038 0.8446973785758018 1.837360121309757 0.1196761205792427 0 0.09292273968458176 0 0 0.2353626191616058 0 0.2411726415157318 0.252520889043808 0.3609955757856369 2.856662295758724 0.6476755440235138 1.424021288752556 0.363253578543663 3.299554005265236 1.800886109471321 1.215385094285011 15.6113451346755 7.432699605822563 0.743435263633728 1.856171190738678 1.459210470318794 151.0878543108702 7.295796915888786 92.27275981009007 17.10380668193102 7.185986988246441 1.562777891755104 1.045363932847977 0.171231210231781 0 2.778724521398544 1.736265391111374 0.9848089814186096 0.5033481419086456 0.882614865899086 0 0.605954185128212 0.2223430052399635 3.495911136269569 2.43148722499609 0.6334129273891449 0 0 0.6227176636457443 0.9348683878779411 0.1011276394128799 5.08194001019001 2.533552005887032 62.13018859177828 2.735282607376575 0.339353159070015 0.09397172182798386 0 0 2.082070343196392 0.1107678785920143 1.273543730378151 2.486078046262264 115.9686084166169 1.648695394396782 0.2677867263555527 0.9259943813085556 1.610494591295719 52.98215185105801 5.486285015940666 33.87108851224184 0.7565234377980232 2.183050617575645 1.517594158649445 0.2496918886899948 2.205064825713634 0.3164109438657761 0 0 0 0.4917339980602264 0.2317647933959961 1.228677205741405 0 204.3029869422317 88.54670584201813 111.2364163026214 1152.330688409507 16.4946072101593 396.7806735038757 176.2239019945264 251.9731099903584 11.51831639558077 3.800388306379318 24.49505791813135 147.0930298343301 0.4615729749202728 13.73084532469511 1.076595716178417 107.8236684575677 1.163965836167336 2.038035869598389 2.985201597213745 4.12374447286129 0.3271589577198029 695.7487533912063 222.3502038642764
