56.31354700773954 404.4955987557769 63.61455260962248 556.1880781427026 0.5847828537225723 5.968275487422943 56.21625438332558 2.314109265804291 0 225.0448819473386 11.24320410192013 42.49610987305641 34.54261875152588 1.495987832546234 1.421542912721634 0.2179837748408318 0.2854752615094185 0 0 0.1991433054208755 0 0 0 0.07413545250892639 0 0 0.06977467983961105 0.1005866527557373 0 0 102.7883262187243 0.8818313106894493 0.9775103479623795 0 0 0 0.299795925617218 0 0 0 0 0.09777680039405823 0 0.07106974720954895 0 0 68.85117666423321 3.083569221198559 0.2500016167759895 0 0.3621479496359825 0.08063976466655731 0 0 2.325295522809029 2.557539492845535 99.75024955719709 289.2878892123699 13.83235181868076 38.7206801250577 0.1132051050662994 0 0 49.09116370230913 4.30150094255805 6.272403445094824 2.538279689848423 0.3462991341948509 0.0798502191901207 0 1.762465953826904 2.5939100086689 0.1922322511672974 130.3119094520807 28.07166152447462 20.70840760320425 3.445840038359165 0.2178839221596718 0.1581474244594574 1.022719115018845 0 0 17.56134160608053 0.1601972505450249 2.375497534871101 10.10246441885829 0.3660532608628273 0 2.344983525574207 0.1937679424881935 0.7447052970528603 0.1741509288549423 0.09273657202720642 0 0 10.46780355274677 5.375123500823975 3.516314148902893 0.1511392593383789 428.1748923286796 0 18.01617965102196 9.151981398463249 1.190716356039047 4.28378464281559 4.117004334926605 16.1804346293211 5.149093821644783 2.415659561753273 25.81538812816143 3.608251079916954 9.444305270910263 8.214279517531395 9.846684031188488 7.527769207954407 0 0 0 0 0 0 0 0 0 0 0 0 0 0 0 0 0 0 0 1.067121237516403 0 0 0 0 0.6749281883239746 0 4.162068516016006 0.6074129641056061 0.7403568625450134 0 0 0 0 0 0 0 0 0 0 0 0 0 0 0 0 0 0.1177976951003075 0.1714919954538345 0.6825883090496063 0 0 0 0 0 0.2804882451891899 0 0 0 0 0 0 2.56446348130703 0.7976351380348206 0 0 0.08931455016136169 1.019842505455017 0 0 0 0 0 0 0 0 0 0 0 0 0 0 0 3.892006009817123 0 0.6366207003593445 178.1145114004612 6.731864959001541 162.0216503739357 4.578753784298897 526.0825621858239 35.38556023687124 3.856023766100407 0.6939970254898071 62.75579439103603 0 0.2428193241357803 0 55.47483088076115 0 0 0 0 0 162.9655534103513 2.36326190829277
404.4955987557769 250.6076787933707 880.3470269925892 175.201127409935 317.6590027362108 64.63163675367832 383.9061120152473 310.9732647426426 53.98382978141308 972.8240262642503 933.7256734445691 263.798063069582 1777.042150996625 383.3849519789219 34.86551001667976 9.89443001896143 2.912091910839081 0.4380685538053513 0.3010670021176338 1.577424295246601 0.8907705172896385 0.2757934033870697 0.3282514438033104 0.1888776272535324 0.3306638821959496 0.07055017352104187 0.08951208740472794 0.9096874445676804 0.1076419577002525 0.1556853726506233 1439.030583098531 48.79056783020496 22.82193410396576 0.5028671696782112 0.2478945329785347 0.2437629327178001 11.20520613342524 0.3042418360710144 1.304509364068508 0.1045392453670502 0.2799049690365791 0.08322019129991531 1.511097818613052 0.888468936085701 0.8829303830862045 1.288617514073849 532.7521997988224 12.62902915477753 1.776793912053108 0.727501817047596 2.589133508503437 1.411350034177303 1.246920563280582 0.2895859628915787 5.161040730774403 7.493156455457211 80.20580721646547 531.2402380630374 39.82269089668989 168.9984061159194 1.215522550046444 3.634876444935799 0.7584634199738503 279.5940775796771 14.85271565243602 28.53313521668315 13.10778855159879 7.302782006561756 8.104033626616001 2.521236181259155 4.238107427954674 4.775352537631989 0.06992460787296295 420.1043081581593 160.3246623799205 227.4434742704034 118.4639426767826 11.14569784700871 3.866413049399853 59.13378161936998 0.1114674806594849 3.727665334939957 61.93265000730753 0.5172873698174953 11.07699443027377 29.86550096422434 7.023132018744946 0.2940999418497086 7.834509290754795 0.6420591622591019 2.901062093675137 0.9267669469118118 3.336407877504826 1.098715156316757 1.062994413077831 37.25582356750965 1.959152191877365 0 0 951.8904109075665 1.241419248282909 6.598805978894234 8.331675164401531 0.4061387181282043 4.923423990607262 5.046215772628784 4.794664219021797 6.850764289498329 2.106149092316628 16.97736140340567 9.135630711913109 19.87039216607809 9.252971097826958 15.28996864706278 17.85708394646645 0.4833922609686852 0 0 0 0 0 0 0 0 0 0 0 0.8562237992882729 0 0.2793018817901611 0 0.1940643712878227 0 0 5.256010070443153 2.410967782139778 0 0 0 15.88465790450573 1.82006897777319 15.13598119467497 4.361464574933052 0.3774713128805161 0 0 0 0 0 0 0 0.09527108073234558 0.1412193030118942 0 0 0 0.8632577434182167 0 0.07904928177595139 0.1453236937522888 0.2252346351742744 0.08748642355203629 1.134992472827435 1.247796639800072 0 0 6.13777156919241 1.234272047877312 0.1536915302276611 0 0 0 0 0.09124533832073212 0.1155837625265121 0 12.35311694443226 1.250781252980232 0 0.3167291283607483 0.10590710490942 4.611693739891052 0 0.4999590516090393 0.5367692410945892 0.2672163024544716 0.4713462740182877 0 0 0 0.07536496967077255 0.07124464213848114 0 0.07786121219396591 0.1306560337543488 0 0 12.6375485509634 12.05088729411364 15.28468959033489 139.4879578948021 25.15190859884024 980.1575990356505 167.1177082583308 373.6163515672088 186.8372617214918 6.293610230088234 62.60272431373596 14.7693364918232 0.1963561922311783 0.7796177268028259 0.7660295516252518 12.53210744261742 0 0 0 19.58959931135178 0 147.3065146356821 10.74843894690275
63.61455260962248 880.3470269925892 503.431218393147 44.19057139009237 983.9564398005605 0.3977384567260742 340.5116673484445 528.4453077167273 358.9272858649492 49.31973134726286 1070.898195169866 4.375427447259426 246.7349388226867 701.1646541953087 39.94958520680666 27.97752837836742 4.997364901006222 2.57705944776535 0.08419636636972427 10.00194593518972 8.188356801867485 0.6186037361621857 0.4883336126804352 0.542045995593071 0.7518670707941055 0.758382759988308 0.1455588936805725 0.1510597988963127 0.2345564961433411 0 1944.68447137624 409.5809776000679 63.52978890389204 2.195221863687038 0.4123853668570518 1.086072094738483 9.000117421150208 2.430759839713573 3.473251722753048 0.9104158580303192 2.295420952141285 1.024319186806679 7.12271935492754 2.430836781859398 2.251613266766071 1.911282122135162 267.2276926264167 8.449608020484447 2.78648978471756 2.342056125402451 5.567620739340782 3.248278953135014 2.50739860534668 0.9409933015704155 2.843711651861668 3.113914400339127 45.44819914549589 392.1239476948977 16.5992389395833 82.01334893703461 2.260413691401482 9.92200330644846 2.540169142186642 223.535407088697 6.682005848735571 31.49643491208553 13.41958682239056 27.41189999878407 30.82050665467978 13.84416171163321 7.008016318082809 9.000191137194633 0 243.1963852569461 123.4024996608496 145.0270304270089 84.24503762274981 24.94457300752401 27.27597010880709 333.5920555964112 3.687823198735714 79.03098795562983 31.75443571805954 0.2241599336266518 11.48496773838997 15.08918940275908 17.65709313750267 0.1986152529716492 5.194934464991093 1.395442172884941 2.957998782396317 1.12665431946516 21.80045869201422 2.355875045061111 1.239371195435524 17.31249761581421 13.22182471305132 0.4003672376275063 1.063863195478916 149.9173451140523 0.9289486855268478 0.1612580418586731 1.181773141026497 0 3.790730021893978 1.76765988022089 1.17829342186451 3.291829638183117 0.8861965537071228 6.674991175532341 8.276715435087681 9.096213020384312 1.844322174787521 5.318687297403812 9.093398056924343 0 0.2330899685621262 0 0 0.1101518869400024 0 0 0 0 0 0.226859524846077 0 1.052702985703945 0 0.4001080393791199 0 0.998362198472023 0.2656652554869652 0 5.913245819509029 2.645193532109261 0 0 0.1484433859586716 10.25777233392 3.399812094867229 16.92398969829082 8.767896696925163 1.774533651769161 0 0.1090229526162148 0.6937496662139893 0 0 0 0 0 0 0 0 0 3.65948873013258 1.148432433605194 0 0 0.08183474838733673 0 1.73501455783844 0 0 0 5.375115871429443 3.097515426576138 0 0 0 0 0 0.1760487258434296 0 0 4.386848047375679 3.774645522236824 0 0 0.1764633432030678 2.558446869254112 0 0.6837053224444389 0.1584842652082443 0 0.4304267317056656 0.1420292854309082 0.2394894510507584 0 0 0 0 0.07695961743593216 0.08064239472150803 0.2691571414470673 0 3.479561150074005 12.29102323949337 13.58172331750393 108.6610242947936 15.09639020264149 383.8600888587534 86.08767074346542 78.37704253941774 70.68355314433575 1.751922652125359 38.21174196153879 4.705851159989834 0 1.215467505156994 1.128309786319733 3.462774306535721 0 0 0.1773037314414978 15.99725553393364 1.055720947682858 40.29116368293762 6.824262760579586
556.1880781427026 175.201127409935 44.19057139009237 101.1899305209517 2.146482855081558 153.4279876053333 194.5126049369574 0.9110547304153442 0 532.4861889481544 14.16197706758976 963.4467997550964 891.8211920261383 34.25950159132481 2.663075186312199 0 0.4805038049817085 0 0 0 0 0 0 0 0 0 0 0 0 0 47.80479876697063 1.071068435907364 15.56875051558018 0 0 0 28.86851692199707 0 0 0 0 0 0 0 0 0 60.69620586931705 0.8340217247605324 0.08248510211706161 0 0.1550422608852386 0.1974561959505081 0.2142495363950729 0 0.7228293493390083 1.575475558638573 6.974522903561592 66.59439495205879 5.196528472006321 24.12651202082634 0 0.371080070734024 0 34.93944250047207 2.071784093976021 3.860072925686836 1.137100979685783 0.3866033628582954 0 0 11.17119011282921 0.2622930705547333 0 48.84441002458334 16.85671154409647 18.55267988890409 9.778044693171978 0.6859896704554558 0.122470997273922 0 0 0.08831021934747696 9.50503796339035 0 0.8387879654765129 4.459406621754169 0.1780691668391228 0 0.9484407976269722 0 0.2642989605665207 0.1202578693628311 0 0.1552488654851913 0.2070847973227501 24.4386473596096 0.1354113817214966 0 0 263.3231692686677 0.1391248553991318 6.900067538022995 21.01033046841621 22.46592019498348 0.7092957496643066 6.289908915758133 19.63564985990524 12.07398922741413 5.33458811044693 22.12859973311424 1.334520533680916 48.43636976182461 68.73754815012217 151.5643918961287 4.536477357149124 0 0 0 0 0 0 0 0 0 0 0 0 0 0 0 0 0 0 0 0.2818215191364288 0 0 0 0 1.321200601756573 0 1.29725369066 0 0 0 0 0 0 0 0 0 0 0 0 0 0 0 0 0 0 0.0783432349562645 0 0 0.8549356311559677 0 0 0.2936533689498901 0.3571804761886597 0 0 0 0 0 0 0 0 1.301085472106934 0 0 0 0 1.192327097058296 0 0 0.1466903388500214 0 0 0 0 0 0 0 0 0 0 0 0 3.021969631314278 1.012566313147545 0.5495796501636505 42.69998539984226 3.20542923361063 130.9795831665397 12.75334071367979 362.8366595357656 17.5274336785078 0.9384682700037956 1.909757226705551 24.94616632163525 0.07929421961307526 0.5455561876296997 0 27.21138721704483 0 0 0 0.3403185307979584 0 136.2200565710664 2.867725819349289
0.5847828537225723 317.6590027362108 983.9564398005605 2.146482855081558 607.2614141404629 0.9635191857814789 743.4861136302352 1087.301283836365 1664.69929086417 761.9883943945169 2244.639608457685 16.2811681330204 598.9947944581509 1393.642487719655 6.711335830390453 6.347185492515564 0.949560210108757 0.1623611450195312 0 0.968886986374855 0.8217924684286118 0.4359574913978577 0 0 0.1258144825696945 0.1089430674910545 0 0.1101782321929932 0 0.1097753122448921 15.34827115386724 6.947353288531303 5.139111697673798 0.2116148993372917 0 0.109073132276535 2.81784276664257 0.4702929183840752 0.7256134450435638 0.1010817885398865 0.2129218876361847 0 0.6754521876573563 0.2629156857728958 0.2581700086593628 0.6220961511135101 78.37924396246672 0.4274197667837143 0.08434873819351196 0.6314254179596901 0.3701852262020111 0.589079275727272 1.215782053768635 0.3745302259922028 0.1224123165011406 0.1917514428496361 0.481379508972168 9.087175063788891 0.3310217410326004 4.914485290646553 0.2510059773921967 0.80027174949646 0.287512943148613 17.7188137024641 0.07094636559486389 4.425978742539883 0.9084498435258865 3.754865661263466 4.196884743869305 0.902631051838398 1.297974459826946 6.537884429097176 0 7.006580740213394 10.30746250599623 19.71181917190552 12.26004333794117 2.34320405125618 1.019588589668274 11.43860909342766 0.16934734582901 2.330824121832848 1.093464180827141 0 2.187870100140572 0.1880781874060631 3.117109961807728 0 0.2100466191768646 0.5027782693505287 0.3422604128718376 0.5503613203763962 2.444570749998093 0.4106721952557564 0.2113390043377876 17.19584176689386 1.673896320164204 0.2599440813064575 0.09088990837335587 0.2003419697284698 2.066395565867424 2.171814367175102 3.310553967952728 0 2.212566249072552 2.017820090055466 1.273987539112568 8.30889406055212 1.011589638888836 6.57451368868351 7.109169654548168 9.586004845798016 3.081011064350605 10.86399438232183 8.399212650954723 0 0 0 0 0 0 0 0 0 0 0 0 0 0 0 0 0.3230992779135704 0 0 4.426039785146713 0.6793521195650101 0 0 0 11.50750127434731 2.039177365601063 12.81375816464424 3.699611574411392 0 0 0 0 0 0 0.126209944486618 0 0 0 0 0 0 1.489177167415619 0.1400562673807144 0 0 0 0 0.3016143068671227 0.1203973144292831 0 0 5.788743026554585 1.260806053876877 0 0 0 0 0 0 0 0 7.157929629087448 0.5835847482085228 0 0 0 3.49490487575531 0 0 0 0.6130015105009079 0.2334151789546013 0 0 0 0 0 0 0 0 0 0 6.618805296719074 9.364576615393162 11.00701562315226 66.38930711150169 2.095377117395401 95.57457932829857 44.73586055636406 22.27686328440905 26.22671297937632 0.3347049355506897 19.84347099065781 6.568220891058445 0 0.2034421339631081 0 7.01055209338665 0.2191521152853966 0 0.4794018417596817 7.002668589353561 0.2673293948173523 9.593498826026917 5.128562487661839
5.968275487422943 64.63163675367832 0.3977384567260742 153.4279876053333 0.9635191857814789 0 22.25048619508743 0.4059581756591797 0.1432445794343948 148.5630583912134 0 18.52981598675251 14.35715897381306 3.840739622712135 0 0 0.2696296572685242 0 0 0 0 1.415909186005592 0 0 0 0 0 0 0 0 0 1.198069036006927 4.828433878719807 0 0 0 11.61913640797138 0 3.51389716565609 0 0 0 0 0 0 0 0 0 0 0 0 2.27219033241272 5.414795830845833 0 0 0 143.7913134396076 4.328707620501518 4.538107424974442 0.1912702172994614 0 0.5065048933029175 0 0 0 0 0 0 0 0 28.61093792319298 221.7916341573 7.089683264493942 0.4940658509731293 0 0 0 0 0 0 0 0 0 0 0 0 0 0.2966498509049416 0.5784346237778664 0.4898842126131058 0.1270860731601715 0.3074784576892853 0 0 0.2387569099664688 235.2192336022854 101.858672529459 116.7553601711988 14.09352093935013 138.0630671828985 0 16.58302196860313 12.2809647321701 3.537648424506187 2.725814536213875 4.163472101092339 20.98915854096413 8.986318990588188 4.027368739247322 37.16291832923889 3.700176998972893 14.35768146812916 12.6557834148407 13.74246922135353 5.742629989981651 0 0 0 0 0.4730690121650696 0 0 0 0 0 0 0 0.1546926349401474 0 0.1346170753240585 0 0 0 0 1.035759210586548 0 0 0 0 1.331042572855949 0 1.398188605904579 0.5930711999535561 0 0 0 0 0 0 0 0 0 0 0 0 0 0.3873418718576431 0.1785090565681458 0 0 0 0 0 5.332332149147987 0 0 0.9082856476306915 0.7636983394622803 0 0 0 0 0 0 0 0 5.308591902256012 2.282560423016548 0 0 0 0.7648673057556152 0 0 0 0 0 0 0 0 0 0 0 0 0 0 0 9.958359025418758 1.69295135140419 1.243472740054131 3.447010099887848 3.884853363037109 0.3834529966115952 0.2170465439558029 129.9469756782055 0.3448355197906494 0 0.6989728808403015 38.17160739004612 0 0.093048095703125 0 44.74967257678509 0 0 0 0 0 39.24131385982037 6.085795536637306
56.21625438332558 383.9061120152473 340.5116673484445 194.5126049369574 743.4861136302352 22.25048619508743 98.82113216817379 117.6110040396452 448.0457965880632 3012.749516963959 486.4648621603847 142.2075312808156 811.1641347184777 601.045813806355 12.71464601904154 5.022284209728241 1.06466606259346 0.1158043071627617 0.1171935126185417 1.001527950167656 0.450425460934639 0.2624062821269035 0 0.1038931012153625 0.1000363603234291 0 0 0.1969191804528236 0 0 38.97996924072504 4.875612050294876 4.324518218636513 0.4224547296762466 0 0 5.030469976365566 0.5259994119405746 0.7365467920899391 0.1061230525374413 0.1737115681171417 0.18977952003479 0.441295750439167 0.9438217729330063 0.1187945082783699 0.4715584591031075 99.37594552338123 1.446958065032959 0.5403020232915878 0.4980435520410538 0.5522110387682915 0.6689977869391441 0.6902706250548363 0.09993185102939606 0.5364327505230904 0.1527696028351784 3.500913515686989 30.73877438157797 1.794709473848343 16.35301835089922 0.1108656004071236 0.6612580791115761 0 37.87580169737339 1.268646165728569 5.321343600749969 2.557167738676071 3.736069545149803 4.597217902541161 1.243946045637131 2.770236827433109 4.84162499755621 0 26.01337181031704 21.95889838039875 35.59579086303711 22.37867626547813 2.794743381440639 1.375149600207806 4.723893687129021 0 2.186332799494267 4.122798345983028 0 2.196776308119297 2.17614921182394 3.219638340175152 0 0.741225965321064 0.1370523720979691 0.5190224647521973 0.2854265943169594 1.859070390462875 0.4864131957292557 0.213100478053093 111.5169044584036 2.435351520776749 0.5703737512230873 0.3365819454193115 17.08107679337263 1.773773737251759 8.978438019752502 18.23987948149443 1.590549007058144 10.32750447839499 12.22028232365847 16.96600728482008 27.04683743417263 5.286451071500778 36.44181087613106 23.36465748399496 43.56729546189308 17.94722934812307 36.33890520036221 27.27214764803648 0 0.1447611153125763 0 0 0 0 0.1134921088814735 0 0 0 0.3296956717967987 0 0.09217151254415512 0 0 0 0 0 0 12.36974788457155 3.535886995494366 0 0 0 24.52819863706827 3.330907568335533 26.90213549882174 8.358485132455826 0.7678580731153488 0 0 0 0 0 0 0 0 0.08272327482700348 0 0 0.1040198281407356 1.570516809821129 0 0 0 0 0.08513060957193375 1.840331763029099 0.9149903357028961 1.210965156555176 0 12.27697320282459 1.607814751565456 0.07469046860933304 0 0 0 0 0 0 0 19.63825145363808 0.9145931676030159 0 0 0 9.202483899891376 0 3.769662819802761 0.902885764837265 0.7926476001739502 0.8961970582604408 0 0.1208813413977623 0 0 0 0 0 0 0 0 32.33854130655527 27.4148778244853 27.21726939082146 79.05653027445078 3.530222035944462 165.0645388811827 47.03479032963514 54.05459631979465 37.56765792518854 0.2254046052694321 14.82603225857019 17.59570787101984 0 1.745289295911789 0.7791989892721176 21.36053123325109 0.39350426197052 0 0.5876453518867493 9.14076891541481 0.1528777778148651 59.13647016137838 15.3807000592351
2.314109265804291 310.9732647426426 528.4453077167273 0.9110547304153442 1087.301283836365 0.4059581756591797 117.6110040396452 315.9417340010405 241.9768372401595 4.775854751467705 790.7396924719214 20.25132508575916 245.1310474649072 962.2901288419962 78.434859380126 56.07577340304852 11.16134504973888 5.713093087077141 1.18515495210886 34.2892117202282 31.94840414077044 1.775865152478218 2.236836969852448 1.864107482135296 2.40173501521349 2.209406919777393 0.08390404284000397 1.067283995449543 0.4072944074869156 0.2579493671655655 572.9818334281445 1260.235772050917 210.5065497308969 10.64101205021143 1.097749784588814 3.045334629714489 26.97946461290121 6.662144705653191 9.370141252875328 2.646704733371735 8.734618164598942 5.256961487233639 18.43664177507162 5.863605506718159 5.095171198248863 7.173193983733654 358.4981586039066 12.36789575964212 6.812703460454941 8.635481759905815 18.62825161218643 7.967460408806801 6.901481471955776 2.672416627407074 1.543656922876835 0.579179972410202 9.162082716822624 100.9379971250892 4.688837438821793 38.0598397180438 8.971409618854523 40.61029196530581 11.57493837922812 188.3019588291645 1.846505299210548 69.54833186790347 31.19101016968489 85.21451764553785 94.32230489701033 60.85226447880268 7.778154000639915 8.605554930865765 0 66.5378599986434 72.081443592906 149.4306977242231 152.675167568028 93.98976647853851 179.4306351542473 1123.980219207704 11.72290112823248 709.1826401203871 10.73927209898829 0 24.06416993588209 6.295941147953272 50.25971372425556 0.248439684510231 2.633271269500256 2.455296024680138 4.076011970639229 3.807468608021736 78.24033906310797 5.687028639018536 3.914227023720741 14.94824633747339 10.79692561179399 0.2600572034716606 2.525830648839474 8.930182911455631 1.243626736104488 0.2265912592411041 1.911513917148113 1.766848683357239 2.735003717243671 0.6312069371342659 0.2440641820430756 2.534422069787979 0.2597181797027588 2.161022491753101 2.625283844769001 4.381860762834549 1.253198325634003 5.696830786764622 5.808199271559715 1.499172255396843 0.5098559632897377 0.3022156655788422 0 0 0 0 0 0 0 0.3837878257036209 0 1.167820535600185 0 0.1699950844049454 0 0.9014849364757538 1.637127958238125 0.09849143773317337 5.695469841361046 1.544411011040211 0 0 0.1193260550498962 8.087647914886475 1.9922796189785 12.00919450074434 3.916450925171375 1.965010590851307 0 0.4014293253421783 0 0 0 0 0 0.1192414909601212 0 0 0 0 3.044033586978912 0.258548840880394 0 0 0.06974264234304428 0.1734426319599152 1.310500182211399 0 0.1270586997270584 0 4.704769402742386 1.728230759501457 0 0 0 0 0 0 0 0 5.380401432514191 1.413178570568562 0.3955785632133484 0.4769289791584015 0.4221102967858315 2.362995356321335 0 1.695007398724556 0.4115797132253647 0.6409301161766052 0.1002756878733635 0.09875571727752686 0.1066384017467499 0.4585044234991074 0 0.1134120970964432 0.1096718609333038 0.4601170569658279 0.3161749467253685 0.495215430855751 0 3.195087239146233 12.20848789066076 11.22407255321741 267.6818866580725 19.18898959457874 443.6414870731533 184.728052854538 130.9188224375248 95.16925380378962 1.065821960568428 87.67104322463274 4.263244450092316 0.08358161151409149 0.8602388799190521 0.1734770387411118 1.695183485746384 0 0 0.1095843836665154 37.53121660649776 0.2287149280309677 13.63400081545115 6.982630357146263
0 53.98382978141308 358.9272858649492 0 1664.69929086417 0.1432445794343948 448.0457965880632 241.9768372401595 194.3087117522955 56.21515729278326 357.2163853570819 12.80492366850376 377.1221642568707 801.5985185652971 2.727876678109169 1.486790493130684 0.2357171699404716 0 0 0.1979856565594673 0.1817959472537041 0 0 0 0 0 0 0 0.1722960472106934 0 1.768294997513294 5.594607628881931 4.178136959671974 0 0 0 0.7677336484193802 0.09157968312501907 0.1030093654990196 0.09209998697042465 0 0 0 0 0 0.1940493509173393 10.78326985985041 0.6216510534286499 0.220658540725708 0 0.07219880819320679 0.3436461836099625 0.100245475769043 0.06909315288066864 0 0 0.1315413117408752 2.860878229141235 0 0.9078506082296371 0 0.9501177072525024 0.1048174649477005 5.258911453187466 0.08135946094989777 1.165548376739025 0.5881491750478745 1.120024994015694 1.517693102359772 0.483053132891655 0.662995271384716 0.6503067091107368 0 1.375038363039494 0.9489875286817551 2.611479692161083 2.480946183204651 1.095893263816833 0.1511516273021698 30.54131250828505 0 0.5408471077680588 0.1240474209189415 0 0.6318119987845421 0 0.6370585113763809 0 0.07064767181873322 0 0.1415999457240105 0.123385913670063 1.035742372274399 0.07922068238258362 0.20992661267519 2.986207902431488 0.3719959259033203 0 0.09955299645662308 0 0.4574545994400978 0.8913691639900208 1.759434849023819 0 1.65657164901495 1.804806917905807 0.7364702150225639 2.232964016497135 0 1.161756671965122 2.260722957551479 2.78708803653717 2.92877172678709 3.490236930549145 5.02975894510746 0.1503099352121353 0 0 0 0 0 0 0 0 0 0 0 0.09824607521295547 0 0 0 0.2785826921463013 0 0 0.9241923987865448 0.3785170316696167 0 0.4804230928421021 0 2.820815756917 0.4758918210864067 4.533212043344975 1.320189356803894 0 0 0 0 0 0 0 0 0.1010011360049248 0 0 0 0 0.292369470000267 0.08474079519510269 0 0 0 0 0.1023913696408272 0 0 0 2.114871725440025 0 0 0 0 0 0 0 0 0 1.605794444680214 0.2826597094535828 0 0 0 1.523737952113152 0 0.5406349897384644 0 0 0 0 0 0 0 0.1236178055405617 0 0 0 0 0 2.697418332099915 3.105554409325123 4.173935808241367 13.32528181374073 0.3282910957932472 12.82219474762678 6.337776355445385 2.196898885071278 2.296893328428268 0.251647412776947 3.92151465266943 0.2119748145341873 0.09611295908689499 0.1854130029678345 0 2.723053403198719 0 0 0.123058907687664 3.666841894388199 0 1.760959081351757 2.120179139077663
225.0448819473386 972.8240262642503 49.31973134726286 532.4861889481544 761.9883943945169 148.5630583912134 3012.749516963959 4.775854751467705 56.21515729278326 740.0463761985302 30.3922281563282 654.1794967651367 2430.917283020914 194.2081533223391 4.230795495212078 2.035280823707581 0.7257733792066574 0.1073278486728668 0 0.1161185875535011 0 0.1838370710611343 0 0 0 0.1730483025312424 0 0 0 0 32.52992832660675 1.139911949634552 77.40923024713993 0.573757030069828 0 0.4039194285869598 172.3760659396648 0.5759021937847137 2.359152108430862 0.4402421116828918 0.1668493002653122 0 0 0 0 0 72.58760691434145 0.7860714867711067 0.5006215199828148 0 0.2695559337735176 0.6829950213432312 0.8439321368932724 0.1220925524830818 0.5633166655898094 0.09786941111087799 5.178792543709278 37.7741175442934 3.945120893418789 14.58122379332781 0.2839847207069397 1.894430041313171 0.1960948556661606 24.05683269351721 1.377053052186966 2.754810005426407 1.080330990254879 1.26447082310915 0.9523544460535049 0.4353809803724289 88.01067681610584 7.377628803253174 0 30.4091844856739 20.86344493925571 25.84586989879608 21.07933793962002 2.600083455443382 1.35318298637867 1.886257529258728 0 1.823751628398895 4.905196242034435 0.1131662502884865 0.9127388298511505 2.120402723550797 1.291365720331669 0.1074463278055191 0.5525798127055168 0.320210188627243 0.6501253247261047 0 0.9313424006104469 0.2555396184325218 0.359328918159008 310.2545461058617 70.49844112992287 1.369878247380257 4.696001246571541 99.18528287112713 2.539857663214207 59.02094507217407 66.04917630553246 11.45721108466387 36.07840994000435 35.39983446151018 96.1108246743679 72.17280051112175 21.87064632773399 162.9421911537647 57.28708492219448 124.5597250685096 81.72088812291622 135.6793528497219 81.33705987036228 0 0 0 0 0 0 0 0 0 0 0.3009330034255981 0 1.731788329780102 0 0 0 0 0 0 19.48557706922293 9.277098156511784 0 0 1.794959008693695 53.20558409392834 4.657551363110542 49.16384570300579 7.186184249818325 1.109130166471004 0 0 0.1505608111619949 0 0 0 0 0 0.2090327367186546 0 0 0.719391718506813 0.9778536632657051 0 0 0.09164334088563919 0 0.8200591132044792 2.586048476397991 6.209311187267303 0 0 30.34285100549459 1.892416879534721 0 0 0 0 0 0 0 0 44.85451175272465 2.855268478393555 0.6141651272773743 0.4150828719139099 0.1531295627355576 24.54318562150002 0 3.753611408174038 0.1045569777488708 1.508358642458916 0.4999641999602318 0.4451894760131836 0.2404729574918747 0 0 0.1208867654204369 0 0 0 0 0 90.0855980142951 40.65205547958612 39.46865537017584 108.6601812392473 5.035556681454182 141.395374186337 40.28370472788811 185.6085937693715 31.04587326943874 1.101608514785767 30.52831134200096 91.3937985599041 0.08856707811355591 3.893960863351822 1.181199103593826 141.4605660811067 0 0 1.403522089123726 4.888121068477631 0 441.1489626988769 41.53250838071108
11.24320410192013 933.7256734445691 1070.898195169866 14.16197706758976 2244.639608457685 0 486.4648621603847 790.7396924719214 357.2163853570819 30.3922281563282 590.9789147898555 50.7874139547348 797.9986299946904 2898.64139123261 36.19088473916054 30.69934276491404 8.876716591417789 2.11802913248539 0.2136559337377548 6.673011660575867 14.01723388582468 2.516324065625668 0.1990287750959396 0.9794524908065796 3.325205758213997 2.472710385918617 0 2.082345031201839 1.081711955368519 0.2955489754676819 351.7479142844677 408.1164301112294 505.8765850439668 2.060677736997604 0.9078246578574181 3.843383222818375 121.5499212667346 18.84305754303932 36.01409698277712 6.647087544202805 10.87214882671833 3.671578615903854 8.561768986284733 3.299400798976421 0.7726154252886772 0.64437335729599 182.2138870060444 3.689484432339668 1.780985869467258 3.292153604328632 12.56207909435034 10.38547705113888 12.75154557824135 5.957447752356529 0.1518708765506744 0.4406495913863182 3.304521828889847 37.08526410162449 2.512290336191654 19.20782870799303 0.4959795847535133 80.19658937305212 1.217194601893425 44.50109258294106 0.9038191437721252 33.44509820267558 17.93765326589346 41.74056940898299 34.23127454519272 29.32206583023071 30.3392992541194 8.688202477991581 0.2090268656611443 30.93461463600397 28.82137328386307 65.0500790476799 46.41519498825073 28.49166293442249 41.89816283434629 955.9445355534554 0.3280069977045059 121.2124072536826 6.722474068403244 0.2929128110408783 10.92570839077234 5.302179496735334 14.00017547607422 1.216670505702496 1.984492905437946 2.718419454991817 4.272972542792559 5.792840875685215 44.20250710844994 4.509129524230957 5.146267585456371 36.00318194180727 11.18454249203205 0.6244214922189713 5.679507322609425 7.105379581451416 1.745481982827187 1.886387161910534 3.769049242138863 0 3.874683782458305 3.88668405264616 4.310879148542881 9.477160409092903 1.175588190555573 4.956745937466621 7.481353901326656 11.87093010544777 6.556821346282959 9.755734793841839 12.22010900080204 0 0 0 0 0 0 0 0.1691636890172958 0 0 1.011094965040684 0 0.6089963167905807 0 0.2803145945072174 0.353538453578949 0.9150599986314774 0.4735876470804214 0.4766576290130615 5.073730804026127 4.194321148097515 0 0.5874160975217819 0 13.46414649486542 4.517159722745419 16.92338777333498 6.879982635378838 1.28115101903677 0.5593232959508896 0 0 0 0 0 0 0.1964275315403938 0 0 0.1127111986279488 0.508262574672699 4.843934938311577 1.707258395850658 0 0 0 0 1.300012797117233 0.1403189599514008 0 0 5.658094383776188 0.8610925525426865 0 0 0.1021210327744484 0 0 0.1894002109766006 0.4421801865100861 0 11.10763009637594 3.985212549567223 0 0.3572748452425003 0.8244491592049599 4.786737337708473 1.018400907516479 1.253652796149254 0.08021239936351776 0.3237148076295853 0.5455856621265411 0.4707130491733551 0.2007347941398621 0 0.1421089917421341 0.1167380809783936 0.1023352071642876 0.188105896115303 0.4991458132863045 0.4758245646953583 0 8.388686306774616 19.11791803687811 21.42316991090775 163.5435900241137 12.53157226741314 225.6356046497822 90.61337021738291 56.36191041022539 52.77450180053711 1.131303019821644 52.18241984397173 4.463384792208672 0 1.278058126568794 0.9122061207890511 4.375809408724308 0.2256434261798859 0 0.1157278418540955 19.95859199762344 0 11.97168195992708 7.732144877314568
42.49610987305641 263.798063069582 4.375427447259426 963.4467997550964 16.2811681330204 18.52981598675251 142.2075312808156 20.25132508575916 12.80492366850376 654.1794967651367 50.7874139547348 15.08588862419128 396.825574696064 138.3135212808847 7.509729146957397 5.235891744494438 2.421046212315559 0 0 0.5121897086501122 0.5975669026374817 0.2095392495393753 0 0 0.2552844360470772 0.1150134578347206 0 0 0.4526787847280502 0 5.552970848977566 0.5633387416601181 107.1729055941105 0.09590117633342743 0 0 96.33914430439472 1.541712768375874 7.707466058433056 0.7255130708217621 0.8965377733111382 0.2345686629414558 0.6555344834923744 0.3997073099017143 0.07728143781423569 0 25.01697997003794 0.08834549784660339 0.104914627969265 0 1.201100744307041 4.13879182189703 4.525463081896305 0.8711553514003754 0 0 1.068879194557667 3.363360896706581 0.2384253740310669 2.450730957090855 0 6.539813153445721 0 4.502303659915924 0.2221434265375137 3.266639232635498 1.521803222596645 4.140210412442684 2.672551803290844 1.527494885027409 30.77451302111149 8.764998160302639 0.1313362419605255 2.388605006039143 2.590173281729221 5.909194312989712 5.274800777435303 3.052410662174225 0.5446263253688812 11.52552346885204 0 0.340832531452179 0.504789374768734 0 0.7465355545282364 0.4261695444583893 0.9652586057782173 0.08305848389863968 0.4020286798477173 1.053357891738415 1.709369793534279 0.9120228514075279 5.41252775490284 0.4096709415316582 1.853757806122303 394.8920924067497 9.642085857689381 0.5717078521847725 3.530182264745235 5.700429365038872 3.496400497853756 11.91569742560387 17.5575387775898 0.862573966383934 10.92827229946852 13.22760601341724 21.31799460947514 23.70946388691664 4.413395553827286 37.83852035552263 20.41006396710873 50.68366929143667 25.52854799479246 40.38036055862904 35.69863222539425 0.1067917421460152 0.1314668953418732 0.07290821522474289 0 0.2200225293636322 0 0 0.1346902102231979 0 0 0.3859665170311928 0 0.4288773536682129 0 0.7854449599981308 0 0.704497791826725 0 0.1452983915805817 9.271765723824501 2.818145044147968 0 0 0 26.12856148928404 3.941630199551582 25.77280666679144 7.767717830836773 0.9484017714858055 0.297018438577652 0 0 0 0 0 0 0.09461219608783722 0.2898229509592056 0 0 0 1.781089633703232 0.2482834383845329 0 0 0 0.6214124113321304 1.52685809135437 1.264887191355228 0 0 10.12462314963341 1.528898887336254 0 0.07340306788682938 0 0 0 0.09773345291614532 0.09343945980072021 0 23.5105159804225 0.6954156011343002 0.3191332221031189 0.1214368641376495 0 5.241499729454517 0 1.425825543701649 0.3135587573051453 0.22738978266716 0.2975729554891586 0 0.1012205332517624 0 0 0.2134117633104324 0 0 0 0 0 35.89345593750477 27.72775901854038 24.8518338650465 49.49147994816303 2.4705690741539 28.81516218930483 18.11130591481924 10.44803246855736 4.732446677982807 0 11.17401207983494 15.16051310300827 0.3962232992053032 1.349419340491295 0 30.46307191252708 0.1246010065078735 0 0.1274154037237167 3.869792766869068 0 88.88082241266966 18.38582953810692
34.54261875152588 1777.042150996625 246.7349388226867 891.8211920261383 598.9947944581509 14.35715897381306 811.1641347184777 245.1310474649072 377.1221642568707 2430.917283020914 797.9986299946904 396.825574696064 857.4393488541245 1699.034302696586 24.95624112337828 19.74138067662716 7.539080243557692 0.6677937209606171 0.1056649833917618 2.057102225720882 2.010740779340267 1.977252796292305 0.0830250009894371 0.09478375315666199 2.671929098665714 0.9975651353597641 0.2929560020565987 0.660255640745163 0.6718497574329376 0.08412085473537445 22.77498796582222 8.061675474047661 1120.734903968871 0.1108502820134163 0.1624219566583633 2.527388729155064 324.7288790792227 10.13204006850719 41.19517220556736 3.814996883273125 2.293617337942123 1.04893808811903 3.144402511417866 1.406665243208408 0 0.08105301111936569 104.903658054769 0.8416019901633263 0.4056865125894547 1.465280450880527 4.693985044956207 9.820281848311424 15.93413808941841 3.24733991920948 0.09030841290950775 0.1710807234048843 0.7849022969603539 17.24178095906973 0.5994213968515396 5.941609837114811 0.3834604322910309 36.44171339273453 0.5432541891932487 26.54844689369202 1.021787278354168 13.71603970602155 7.110697403550148 15.32070324569941 8.709170922636986 5.987486660480499 105.0970431640744 24.87841698527336 1.222109772264957 11.67984863370657 13.50544006377459 25.89346918463707 22.61850222945213 14.88018039613962 1.490459077060223 48.08067241311073 0.1664780080318451 2.738484241068363 1.27255854010582 0.5773294121026993 3.471228882670403 1.653031058609486 5.354680076241493 0.7909352332353592 2.106551706790924 2.586141750216484 1.880139514803886 2.880543030798435 12.87427257746458 2.623314723372459 2.922874592244625 931.6923896670341 23.48734755814075 1.292264968156815 19.88781090825796 6.542902760207653 8.986791647970676 18.0229734480381 40.65912287682295 3.663931474089622 34.92575097829103 23.61501399427652 37.48591283708811 53.46539188176394 10.66549686342478 75.03473210334778 44.63654432445765 98.18890801072121 52.79718359559774 91.74413705617189 78.19875698536634 0.108802817761898 0.4599500447511673 0.20762849599123 0 0 0 0 0.1651159375905991 0.1061258316040039 0 0.1082235425710678 0 0.9538359716534615 0 0.1266064345836639 0.4651036262512207 2.487144879996777 0.9418154656887054 0.102465033531189 23.23121905326843 8.655736185610294 0 0 0.3836399912834167 66.8632066398859 7.001621194183826 67.47358170151711 15.52125500887632 1.547948464751244 0 0.2903103455901146 0 0 0 0 0 0.1272621154785156 0.0991760641336441 0 0.2935893833637238 0.4468586444854736 5.244234122335911 1.259250193834305 0 0.3757116720080376 0.1365987658500671 0.5250700861215591 4.993837133049965 3.244013167917728 0 0.461622565984726 32.4493375569582 5.274417974054813 0 0 0 0 0 0 0 0.1610931009054184 61.17684245109558 3.243528388440609 0.135514110326767 0.5886209756135941 0.6215973272919655 19.12355359643698 0 2.640445172786713 0.9368439987301826 1.992794215679169 0.2736033946275711 0.4610178768634796 0.8062597885727882 0 0 0 0 0 0.1927114129066467 0.43044763058424 0 67.24007937312126 73.56165493279696 58.84150198101997 153.0011551901698 7.812537387013435 115.1058446466923 64.65775235742331 28.16299875080585 24.69416999816895 0.4416718110442162 36.39822397381067 31.43507264554501 0.5734534934163094 3.67973692715168 1.3338742852211 40.5564811527729 0.2759362086653709 0 0.5744941383600235 14.27909184247255 0 108.0260393992066 44.10095216333866
1.495987832546234 383.3849519789219 701.1646541953087 34.25950159132481 1393.642487719655 3.840739622712135 601.045813806355 962.2901288419962 801.5985185652971 194.2081533223391 2898.64139123261 138.3135212808847 1699.034302696586 671.5249220877886 23.52083714306355 20.50081283599138 6.572339363396168 1.221477881073952 0 3.313529185950756 4.60298015922308 2.672115243971348 0 0.3671114817261696 6.552251800894737 2.339727409183979 0.4365997761487961 1.83658766746521 2.121742323040962 0.1691548675298691 139.9315489605069 51.50012643635273 1120.203078076243 0.554867185652256 1.059022575616837 5.221261061728001 507.1661328673363 32.66315464675426 85.07090364396572 11.69700095802546 9.365433387458324 2.156906753778458 4.847842268645763 1.865038625895977 0 0.3343632817268372 87.28241834789515 1.334969475865364 1.38029146194458 1.855241410434246 7.300551667809486 9.780400186777115 22.55244351178408 6.207818314433098 0.2785292640328407 0.1884417310357094 1.780903890728951 14.48851719498634 0.1852443292737007 5.732609264552593 0.2506682723760605 106.6519157066941 0.2269214242696762 19.12345816940069 0.1678942739963531 16.41968475654721 11.71168073266745 22.03610180318356 14.65782502293587 12.64331422001123 86.48052342236042 18.04190967231989 1.006126545369625 9.018928527832031 9.619162619113922 27.149574033916 20.9094110429287 14.44635489583015 3.160394959151745 225.0083168670535 0.1490905433893204 27.3186504766345 1.790853254497051 0.3437714278697968 3.910278454422951 1.183394990861416 7.549985848367214 0.7151968479156494 1.102687947452068 3.658504784107208 4.111623294651508 3.730899818241596 23.51421613991261 4.384392566978931 4.358366712927818 150.2310003116727 22.24098541587591 2.680033214390278 22.49946022033691 3.099859729409218 4.357309095561504 7.263136334717274 9.959264166653156 0.4876983910799026 12.74439552426338 9.075235016644001 8.902823977172375 16.46724706888199 3.224565133452415 20.9806041046977 16.03509958088398 28.6505391523242 16.12976960092783 32.48251459747553 26.63180013000965 0.0997401550412178 0 0 0 0 0 0 0 0 0 0.3425689190626144 0 1.360490635037422 0.1108531802892685 0.2082530856132507 0.2740105092525482 1.721540436148643 1.695671670138836 0 11.02463786303997 3.154656641185284 0 0 0.2650098577141762 31.75549484044313 4.345892779529095 35.05217083543539 11.90748217701912 1.706683024764061 0.1942517906427383 0.1049047186970711 0.182017594575882 0 0 0 0 0 0.2998794987797737 0 0.297070600092411 0.4193035587668419 4.90239217877388 0.4329075440764427 0.3081096410751343 0 0 0.1837194561958313 2.198898039758205 1.541009411215782 0 0 12.01537594199181 3.733976326882839 0 0.2750747427344322 0.06947652250528336 0 0 0 0 0 25.64269880950451 3.961857803165913 0.156794860959053 0.122231237590313 0.5980267375707626 8.868426367640495 0 1.660132765769958 0.9150217324495316 1.563774488866329 0.3724003285169601 0.3313572108745575 0.1340967416763306 0.1401633024215698 0 0 0.3553198873996735 0 0.3049675971269608 0.537954568862915 0 29.65006428956985 36.40253655612469 31.54426044970751 137.1409206166863 10.20432567596436 102.0613526254892 57.25193930417299 23.59676851332188 11.92718537151814 0 30.12327931076288 4.489015907049179 0.1130209714174271 1.457908764481544 0.5457245111465454 16.86075316369534 1.647296600043774 0.09031355381011963 0.5928617715835571 12.01635046303272 0 31.53391806036234 22.13451029360294
