31.79763597249985 1080.595742285252 295.2328710779548 688.1475899666548 3.600848153233528 30.52248048782349 164.6061020344496 41.74805025011301 0.7108995914459229 511.5429485067725 11.41875065118074 48.73030818998814 52.44847404956818 22.33305071294308 0.2314736098051071 0.4523280039429665 0.5756380707025528 0.08605772256851196 0 0.08108509331941605 0 0 0 0 0 0.1150487288832664 0.09577282518148422 0 0 0 313.4256253093481 4.543614208698273 3.93477238714695 0 0 0 6.901154831051826 0 0.4380582869052887 0.1217316165566444 0 0 0.1696578860282898 0.09254422783851624 0 0 50.79271645098925 2.250620909035206 0.1969549208879471 0 0.5694607719779015 1.468396991491318 0.2922222316265106 0 5.231643676757812 6.267922528088093 62.5823290720582 205.7949720993638 24.98083963245153 43.88660512119532 0 0.9022940397262573 0 3.684228740632534 5.137934848666191 3.211854994297028 3.153997972607613 1.001860186457634 0.1971782818436623 0.5291577726602554 6.082376465201378 17.89489834010601 1.331421442329884 98.63040986657143 4.704183511435986 19.99441066384315 1.220111839473248 0.09804162383079529 0.6757164895534515 1.047181487083435 0 0.6135138869285583 30.48906674981117 0.2114095166325569 0.903387539088726 6.152257725596428 0.7327865436673164 0.08416037261486053 2.435887180268764 0.7157018929719925 1.258002430200577 0.5287009850144386 0.133533239364624 0.7855167835950851 0.4036310091614723 61.03487139940262 60.8584581464529 3.585847347974777 3.309813424944878 430.6988990008831 0 7.280997157096863 3.770341873168945 0.7593454122543335 3.147838115692139 10.50358361005783 24.76023717224598 6.483669310808182 19.52289739251137 26.65429431200027 0.2924514412879944 6.789637885987759 5.435343146324158 6.548166692256927 2.33275930583477 0 0 0 0 0 0 0 0 0 0 0 0 0 0 0 0 0 0 0 0.6711515188217163 0.2636318206787109 0 0 0 0.987246960401535 0 0 0 0 0 0 0 0 0 0 0 0 0 0 0 0 0 0 0.09359309822320938 0 0 0 0.1438505053520203 0.4004186987876892 0 0 0 0 0 0 0 0 0 0 0 0 4.035170957446098 0 0 0 0 0 0 3.835164621472359 0 0 0 0 0 0 0 0 0 0.0854119136929512 0 0 0 8.254923298954964 0.2011679261922836 0.1390638500452042 167.3582973331213 2.292751826345921 134.9966517090797 4.544478602707386 345.9376790001988 12.68053968250751 4.758234143257141 1.606086850166321 9.239329099655151 0 0.8467550277709961 0.3076026737689972 27.96093729138374 0 0 0 0 0 186.1129016205668 3.284704610705376
1080.595742285252 178.9931559488177 637.2724325582385 109.2439362481236 434.9891328811646 217.4462135136127 631.5015458986163 268.3312383592129 77.14734248816967 1454.077837154269 487.1401000618935 390.0115909874439 2811.69121105969 406.6425804719329 23.95278298854828 3.494887910783291 3.103768035769463 0.3124062493443489 0.09419786185026169 0.7891718298196793 0 0.199680283665657 0.2447207197546959 0.08731325715780258 0.4994358718395233 0.5315837264060974 0.295917421579361 0 0.1088452339172363 0 1234.68889863044 41.33673514425755 14.42319493740797 1.355631247162819 0 0.2694337964057922 40.38634007424116 0.4757014364004135 0.9022854715585709 0.5891408771276474 0.8972172513604164 0.5177014321088791 0.5019921958446503 1.429931506514549 0.1852940246462822 0.6043354719877243 405.8808892443776 18.4020059928298 2.735071122646332 1.051818653941154 3.819662101566792 0.7631314098834991 0.383732870221138 0.3046584352850914 18.86510551720858 25.07025834918022 73.88074650615454 593.5284296050668 83.51294798403978 159.9838856384158 0.2287978008389473 3.388769894838333 0.8152240812778473 90.70073430985212 27.183748960495 22.69403796643019 13.88879109919071 6.780703388154507 2.792884491384029 2.873196601867676 24.23239523172379 6.14343386888504 0.2403678968548775 384.4217663407326 95.66649208217859 175.3364205509424 35.13763954490423 3.809671968221664 4.072709769010544 21.20321998000145 1.508791863918304 7.261808969080448 110.7955476790667 0.1880249157547951 9.76300922036171 33.62187774479389 5.498421609401703 0.2952026948332787 11.37212417274714 0.5835763961076736 6.115675739943981 1.042020805180073 4.152001723647118 3.621445633471012 1.66815522313118 101.5119525566697 6.274430297315121 0.2761750370264053 1.695612706243992 897.3797784075141 1.470041424036026 15.02087444067001 18.0524804443121 0.9401393234729767 10.55804777890444 50.50916305929422 44.02741268277168 45.69751355797052 37.80079935491085 63.66454346477985 20.70363717526197 61.37290421873331 30.52233345061541 40.57551223784685 27.70704089850187 0 0 0 0 0 0 0 0 0 0.51078762114048 0.1253308653831482 0 0 0 0 0.1658444255590439 0 0 0 15.87273700535297 3.574701942503452 0 0 0 19.87742438167334 1.271223336458206 13.04236633330584 3.906301036477089 0.3296100124716759 0 0 0.09030544012784958 0 0.2737706303596497 0 0 0 0 0 0.1034795492887497 0 2.621777594089508 0.1811353266239166 0 0.160410612821579 0 0.4367028772830963 1.84994088113308 0.9159323573112488 0 0 33.71779103577137 0 0 0 0 0 0 0.09692356735467911 0 0 46.57790746539831 2.981181979179382 0 0.09584944695234299 0.1987639144062996 19.44359502196312 0 10.7705692499876 0.2489336580038071 0 0.1160713136196136 0 0 0 0.1012794226408005 0 0.0756211131811142 0.2930756583809853 0.08491350710391998 0.09673939645290375 0.0930870845913887 48.43427012115717 21.06685155630112 14.73026236146688 717.3005266860127 34.16709227859974 1163.002020865679 113.2107364907861 669.8775603696704 118.313262976706 8.736086681485176 58.86592847108841 24.360122397542 0.4059126451611519 4.800011768937111 0.5881863683462143 36.67165985703468 0 0.1158743351697922 0.425879642367363 22.49472688138485 0.7028077840805054 366.5345014482737 25.94443511217833
295.2328710779548 637.2724325582385 306.7857426032424 107.1095284968615 542.4013527855277 11.30995985865593 152.8781575039029 439.3964362069964 523.6464336365461 26.83534664660692 397.7261998131871 1.222777992486954 80.21758565306664 1170.624121688306 20.37455449998379 11.19654521346092 1.988961942493916 1.087189093232155 0 1.364964820444584 4.127492360770702 0.3109003007411957 0.09120585769414902 0 3.459491565823555 2.183790259063244 1.154484331607819 0.286324605345726 0.307664729654789 0 1860.863077424467 200.8409200161695 13.74160192906857 0.3455689027905464 0.4089615792036057 1.832035310566425 5.715472668409348 4.738022781908512 1.983125604689121 1.751016065478325 2.652903266251087 1.653114192187786 2.028505906462669 3.078158408403397 0.154118999838829 0.3148415014147758 133.3973449394107 7.881284713745117 1.373986430466175 1.696545146405697 4.094550020992756 2.074336759746075 0.2027138024568558 0.2322864532470703 4.984055355191231 6.889914147555828 21.65726671367884 320.5701603591442 22.00341185182333 41.21014615893364 2.221504360437393 8.969317197799683 0.5762122273445129 45.68442168831825 9.403628312051296 20.90419477969408 6.198043316602707 7.040518514811993 6.00790049135685 9.52729032933712 0.6848602294921875 6.596146248281002 0 120.5661822557449 32.89750149846077 59.92101754248142 18.19455511868 10.0537094771862 21.09381601214409 172.0924844667315 1.418535269796848 46.1191470772028 28.7925248965621 0.1069302037358284 5.380759328603745 9.805228568613529 12.9852000400424 0.08748617023229599 2.446746811270714 0.255813866853714 3.536033757030964 0.6086727604269981 21.74810857325792 6.982780575752258 1.301263563334942 3.651093527674675 1.712724007666111 0 0.6791210621595383 124.43477396667 1.018373116850853 1.38504034280777 4.324574872851372 0 4.346981026232243 5.451261445879936 0.8962337970733643 4.812514752149582 1.413380891084671 5.958079397678375 3.787439770996571 10.90919768810272 2.804812021553516 6.20418693870306 4.79288175702095 0.3833187073469162 0 0 0.1277025789022446 0 0 0 0 0 1.281062066555023 0.7009459435939789 0 0 0 0.1128906533122063 1.775391638278961 0.1944861114025116 0.621790274977684 0 7.39358376711607 2.393048048019409 0 0 0.139155238866806 7.971377782523632 1.752113610506058 10.16892272979021 6.782467789947987 0.9218869060277939 0 0.1261519342660904 0 0 0 0 0 0.4513625130057335 0.2514393031597137 0 0 0.1607903689146042 1.290868207812309 0.7043941468000412 0 0 0.1936704963445663 0.1417927294969559 1.303675405681133 0 0 0 12.14774634689093 0.6351319253444672 0 0 0 0 0 0 0.1066739335656166 0 6.441228978335857 4.992700204253197 0 0.0818542093038559 0 14.27856469899416 0.754406750202179 12.06575414538383 0.2988468557596207 0.9278788715600967 0.7081468403339386 0.2267261445522308 0 0 0 0 0 0.0674583688378334 0.15067358314991 0 0 4.616618894040585 8.789459809660912 11.95936288684607 191.8617900684476 9.331949681043625 290.4156114310026 51.91442144662142 83.08025169372559 28.35551265627146 2.869785897433758 17.91364592313766 13.18528680503368 0 2.746440373361111 0.4844933748245239 2.238454677164555 0 0 0 16.90131163597107 0 49.3454974219203 3.301382347941399
688.1475899666548 109.2439362481236 107.1095284968615 234.9439532905817 106.0194815844297 351.6195909753442 138.0216348916292 1.472925543785095 3.051645398139954 787.6535490900278 19.79825185239315 690.6932601481676 787.3135246038437 21.45196375250816 0.7487101480364799 0.156734824180603 0.5327045544981956 0 0 0 0 0.1279621720314026 0 0 0 0 0 0 0 0 57.56057606637478 0.567549966275692 15.18418182432652 0 0 0.1014670133590698 35.79185684025288 0 0.8616670742630959 0 0 0 0 0 0 0.07263436913490295 38.16104392707348 2.438804477453232 0.1019461899995804 0.2262729033827782 0.3521842285990715 0.4934408813714981 0.4485917761921883 0.09398634731769562 2.604498617351055 3.532115899026394 9.558843173086643 65.47571375221014 11.17819587886333 25.23756411671638 0 0.5638603568077087 0 6.114887438714504 2.605859749019146 2.646615162491798 2.225668348371983 0.6647286713123322 0.09703888744115829 0 24.79249036312103 3.379838347434998 0.8655172064900398 43.92017666250467 4.96519298106432 14.24636368453503 0.8526136875152588 0.1968826055526733 0.1014629602432251 0.4449523761868477 0.2025991380214691 0.4162126407027245 16.89359181374311 0.09609177708625793 0.9132164791226387 2.816811881959438 0.1153712198138237 0 1.730884395539761 0.275945283472538 0.4830269291996956 0.3456346169114113 0 0.1119031682610512 0.2552720755338669 65.54759582877159 6.402298808097839 0.6090786308050156 1.89794448018074 377.4751785621047 0.1295935064554214 3.354342639446259 23.73023365437984 18.38335438072681 1.254582211375237 21.8246955871582 16.67383448779583 8.094705700874329 42.44081425666809 27.01133941113949 1.761061400175095 36.51411771774292 25.9127918407321 76.30964866280556 1.436406187713146 0 0 0 0 0 0 0 0 0 0 0 0 0 0 0 0 0 0 0 1.466068625450134 0 0 0 0 0.7948241382837296 0 0.274506539106369 0.110298179090023 0.1390952467918396 0 0 0 0 0 0 0 0 0.1095687374472618 0 0 0 0.1232146546244621 0 0 0 0 0.2037835270166397 1.007690079510212 0 0 0 0.2792402803897858 0.1335188150405884 0 0 0 0 0 0 0 0 2.317047193646431 0 0 0 0 0.8464897871017456 0 0.232964038848877 0.1815188527107239 0.317107304930687 0 0 0.1078202277421951 0 0 0 0 0 0 0 0 6.124929845333099 0.7682925462722778 0.2118856906890869 50.61659707129002 1.434768788516521 99.83813056349754 3.956722140312195 190.09439548105 9.59479171782732 0.8615527078509331 0.8936561346054077 6.761388927698135 0 0.8261376768350601 0 11.48303776234388 0.2688997089862823 0 0 0 0 125.1128569617867 4.174488216638565
3.600848153233528 434.9891328811646 542.4013527855277 106.0194815844297 337.184175491333 4.211388424038887 1043.009467974305 679.2368706166744 920.6441502124071 292.205446228385 2257.779187038541 22.16390705108643 684.261909276247 1415.293980151415 13.88759287446737 3.442231349647045 0.7264925241470337 0.2638306841254234 0 0.1215196251869202 0.9313996583223343 0 0 0 0.7005165740847588 0.1157008558511734 0.1840158551931381 0.2498353347182274 0.2748255580663681 0 44.81448169797659 16.56563150137663 6.670392982661724 0 0 0.4925356954336166 13.30771924555302 0.5214020162820816 1.259229585528374 0.09871421754360199 0.5243641883134842 0.4236609935760498 0.2307910248637199 0.6370186433196068 0.1882594972848892 0.184675544500351 77.90013642609119 3.347909659147263 0.2099208310246468 0.4474661499261856 0.7215091213583946 0.5927366688847542 0.3961030766367912 0.2002800703048706 1.292952105402946 0.7621833607554436 2.46094723790884 21.42336861789227 5.186379671096802 13.20065599679947 0 1.61097190529108 0 9.226450227200985 2.181894585490227 4.216646537184715 1.524793677031994 1.305495992302895 1.831714019179344 2.47334897518158 1.86949909478426 2.814200595021248 0.1213058158755302 22.96253734827042 11.53389014303684 25.01718982309103 7.576113291084766 3.397504933178425 2.973107844591141 24.46070209145546 0.1175916194915771 5.906360425055027 6.029228672385216 0 2.906117498874664 1.907246612012386 3.038084402680397 0 0.6219094842672348 0.1713890880346298 1.094951398670673 0.3529776334762573 3.873507596552372 0.8686505854129791 0 26.72662399709225 1.391392976045609 0 0.2128884643316269 3.569309018552303 0.4183990359306335 0.3633459806442261 6.325641065835953 0.5106890797615051 8.189996860921383 32.89897894114256 11.82840819656849 22.67191953212023 14.0823633223772 23.47320057451725 17.2254391387105 35.97683767229319 17.80872540920973 27.28282003849745 25.50896845757961 0.2099444270133972 0 0.13800148665905 0 0 0 0.1309893429279327 0 0 0 0 0 0.8913089632987976 0 0 0 0 0 0 7.729967072606087 6.358440674841404 0 0 0 16.77024319022894 1.013131909072399 9.968827433884144 4.407719783484936 0.1808876246213913 0.1038656085729599 0.4594745337963104 0 0 0 0 0 0 0.1644946485757828 0 0 0 2.144799619913101 0.5776418596506119 0 0 0 0.09817498177289963 1.133887603878975 0.412655383348465 0 0 22.21684149652719 0.241428554058075 0.3710430264472961 0.09021597355604172 0 0 0 0 0 0 24.11816249787807 1.965217173099518 0 0 0 13.83316005021334 1.24307756125927 10.09774599969387 0.4512982070446014 0.3780669569969177 0.1606202572584152 0 0 0.1165427267551422 0 0 0 0 0.115723118185997 0 0 25.81327176839113 14.24823242425919 14.17528017610312 241.4548951387405 10.47328487038612 208.6217504516244 45.44948060065508 60.29604759812355 26.8293427452445 0.7013850510120392 33.04910098016262 10.20424085855484 0 2.722736544907093 0.5438859835267067 11.18501918017864 0.2105549871921539 0 0.2111218124628067 16.35526264458895 1.022847309708595 34.27893077582121 5.720477603375912
30.52248048782349 217.4462135136127 11.30995985865593 351.6195909753442 4.211388424038887 1.488523960113525 77.10294166207314 1.267576038837433 1.544329524040222 501.6380273103714 1.195921748876572 59.10542262345552 49.62947876751423 12.96828193962574 0.4141335338354111 0.1260348856449127 0 0.09077783674001694 0 0 0 1.731935739517212 0 0 0.3885358721017838 0 0 0 0.1722469627857208 0 15.00339199602604 0 4.426956161856651 0 0 0 25.50549137592316 0.4511625170707703 4.71611313521862 0 0 0 0 0 0 0 1.015902236104012 0 0 0 0.1080157607793808 12.8275640308857 4.76426537334919 0 0 0 45.34854920208454 0 3.448467746376991 0 0 0.858965128660202 0 0 0 0 0 0 0 0 39.5429140329361 137.5191885530949 16.39217339456081 0 0 0 0 0.1265182495117188 0 0.1384775340557098 0 0.6904793530702591 0 1.27157237380743 0 0.2046909406781197 0 1.007535524666309 0.9526171535253525 8.637125946581364 1.181132555007935 2.466704815626144 0.1395667344331741 0.2604044079780579 1.711579099297523 214.2233765274286 248.2874645292759 52.07778986543417 15.61773256212473 76.56606277823448 0 5.053401380777359 4.709277108311653 1.197845637798309 1.60695680975914 9.135153152048588 19.13356760144234 4.97643917798996 13.89721047878265 34.11461651325226 0.7580783814191818 7.96955519169569 10.82814355194569 8.732980169355869 2.400359079241753 0 0 0 0 0 0 0 0 0 0 0 0 0 0 0 0 0 0.1328990906476974 0 0.1233660206198692 0.1074509173631668 0 0 0 1.167470648884773 0 0.6610227301716805 0.1288855671882629 0 0 0 0 0 0 0 0 0 0 0 0 0 0 0 0 0 0 0 0 0 0 0 0.270618662238121 0 0 0 0 0 0 0 0 0 3.899804383516312 2.608767494559288 0 0 0 0 0 0 0 0 0 0 0.1260695159435272 0 0 0 0.1123416870832443 0 0 0 0.09089162200689316 13.01463692635298 0.1734420359134674 0.2778324484825134 39.08433224260807 1.069155216217041 0.5217588171362877 0.517813578248024 51.3299121260643 0 0.418308287858963 0.3117001950740814 3.678953915834427 0 0 0 12.69893598556519 0 0 0 0 0 35.98188111931086 5.570378556847572
164.6061020344496 631.5015458986163 152.8781575039029 138.0216348916292 1043.009467974305 77.10294166207314 364.8694165050983 117.1312114298344 327.9496330544353 1205.498645290732 490.1724753305316 223.7565019354224 1927.441947840154 1564.400012061 11.21679453551769 1.776496730744839 1.298321254551411 0.2014122903347015 0 0 0.1285678148269653 0.745277501642704 0 0.1175398752093315 0.2647696435451508 0 0.2370699569582939 0.1528673022985458 0 0.08770295232534409 54.06738563627005 7.550572723150253 36.58491669595242 0 0.1417822539806366 0.1838322430849075 43.75272303819656 1.59862045198679 0.9197841361165047 0.7076275050640106 0.2998864352703094 0.5135366022586823 0 1.194462828338146 0 0.1074273362755775 82.49843331426382 3.488064840435982 1.002493903040886 0.7868386283516884 1.450275845825672 0.672687828540802 0 0 1.630383402109146 3.276992917060852 7.627978727221489 49.81911326944828 9.258913055062294 21.07245238870382 0.3826095908880234 2.403692699968815 0.1723596155643463 12.42051886022091 2.807421669363976 4.025432735681534 2.780245304107666 0.9746178388595581 0.5784271433949471 0.5958676338195801 16.15262849628925 3.571806155145168 0 41.51752695441246 15.23348135501146 22.59910168498755 8.134265631437302 2.373542360961437 1.583941429853439 6.690453954041004 0.4127929955720901 1.827749401330948 17.21269299089909 0 1.095186002552509 4.253578990697861 2.580390587449074 0 1.751841157674789 0 0.9697894677519798 0.1382704079151154 4.230690009891987 1.996138758957386 0.3150178343057632 119.4472788274288 2.139333784580231 0 0.3386742174625397 98.98721796274185 3.336082279682159 4.079882234334946 31.34474375098944 6.019267395138741 16.56397178769112 67.7889621630311 35.23914161324501 56.21361912041903 18.09333864599466 85.92442832142115 21.64625988900661 90.58523933589458 33.80484717339277 70.94759996980429 50.10661970824003 0.09464292973279953 0 0 0 0 0 0 0.2944356501102448 0 0 0.2294526696205139 0 1.320246756076813 0 0 0.5350971221923828 0 0 0 19.11367733776569 6.005340971052647 0 0 1.017276406288147 38.45588807761669 2.477383330464363 19.83796846866608 6.751294448971748 1.390755668282509 0 0 0 0 0 0 0 0 0.5563766956329346 0 0 0 0.5670340955257416 0.1472588926553726 0 0 0.09644255042076111 0.6844903081655502 3.006014928221703 2.598204135894775 0 0 41.78392991423607 0.1262907981872559 0 0.2597148567438126 0 0 0 0.09990327060222626 0 0 58.70606405287981 3.115053698420525 0 0 0.09413593262434006 29.3050387725234 1.808267116546631 23.23441890627146 1.036055527627468 0.161813959479332 0.133365198969841 0.2904806435108185 0.1156801283359528 0 0 0 0 0 0.1122907996177673 0 0 76.88668383657932 22.82000854611397 21.38496731221676 214.9354369491339 10.45728958398104 224.4166130200028 41.83300622552633 147.8558113053441 24.40363977104425 0.9968849122524261 12.32924661785364 24.65030901134014 0.6438855528831482 4.685713648796082 2.20927982032299 24.56354187428951 0.2546787559986115 0 0 9.136768162250519 0 131.0862631872296 32.93251403421164
41.74805025011301 268.3312383592129 439.3964362069964 1.472925543785095 679.2368706166744 1.267576038837433 117.1312114298344 710.8543998226523 80.44672401994467 2.564997166395187 1374.945408210158 16.37748223543167 217.9487617015839 888.8408092483878 71.61102426052094 40.33830646425486 6.982550323009491 9.534330032765865 0.2292351648211479 14.10307359695435 26.1725759357214 4.308312498033047 3.428952798247337 1.954352214932442 18.12267699837685 14.84965896606445 3.049991592764854 3.228442721068859 3.076051965355873 0.3779379948973656 754.5048868581653 2171.277800180018 103.3072959780693 3.692909762263298 3.94761398434639 17.79710415005684 48.5050018504262 27.36708889901638 10.05879861116409 11.03761056065559 16.29953821003437 8.068401731550694 16.8105840831995 10.25003833323717 2.348344974219799 2.229793414473534 330.65813087672 26.48784751445055 6.935986824333668 11.89608356356621 23.68027928471565 6.119220547378063 2.423671022057533 4.719894871115685 3.872834898531437 3.00131556391716 8.957945607602596 126.1531116366386 14.05638367682695 43.20487283170223 18.16932864487171 69.92224568128586 14.39409803599119 111.9716903418303 17.09046380221844 118.9944570325315 35.24895842373371 37.15952230244875 55.65053985267878 107.7507414072752 8.648335233330727 14.32833646982908 1.422102048993111 81.82912715524435 70.58581107854843 96.82997039705515 67.17839191108942 56.23381842672825 182.5549406930804 1225.301538661122 12.42697989940643 623.6721209213138 30.6003095433116 0 33.68784637004137 11.51587307453156 75.64388057589531 0.1206895038485527 2.769538685679436 1.637118339538574 7.586919113993645 5.376781329512596 164.7417415231466 28.32373680174351 5.206794545054436 8.987564444541931 5.252929002046585 0.2064553499221802 1.598781690001488 12.65787594020367 0.1071164235472679 1.026575267314911 2.021209925413132 0 2.429672561585903 6.582982309162617 0.2610989511013031 5.795882157981396 0.20809006690979 1.781451433897018 8.654827110469341 7.744725741446018 1.854828253388405 7.386361122131348 6.950002707540989 0.532113179564476 0 0 0 0 0 0 0.1375377029180527 0 0.4401907324790955 2.00858336687088 0 0.1057209223508835 0 0.10101318359375 2.155793972313404 0.358164057135582 3.196139097213745 0 5.277227528393269 0.8549666553735733 0 0 0 9.414968378841877 1.146532133221626 9.86651910841465 8.656732223927975 2.227894850075245 3.186847038567066 0.1329997926950455 0 0 0 0.1986642777919769 0.1392396837472916 0 0.9754840433597565 0 0.0897529125213623 0.301707848906517 1.711364462971687 4.685658678412437 0 0.1788550615310669 0 0.07971354573965073 0.1506063640117645 0 0 0 13.5162345468998 1.114608317613602 0.08486819267272949 0 0 0 0.08942195773124695 0.1097806915640831 0.08800124377012253 0.5065805464982986 8.195564970374107 5.164391957223415 0 0.2107946202158928 1.54085835814476 9.026640743017197 0.3590778112411499 7.158185943961143 0.09411360323429108 0.1083621680736542 0.1047264263033867 0 0.199830561876297 0.09815584123134613 0 0 0.1117145121097565 0 0.08551482111215591 0.4827613532543182 0.2380301207304001 7.956957876682281 11.0357012450695 20.06985865533352 534.1438839137554 28.58579201251268 634.9761879369617 152.2225297912955 119.818501509726 63.41543398797512 4.065346464514732 63.83564698696136 8.392092294991016 0.09639777988195419 2.393672779202461 1.280861787497997 2.568077936768532 0.3562508746981621 0 0.794461265206337 48.60163014382124 1.769433408975601 38.92337228357792 5.778181657195091
0.7108995914459229 77.14734248816967 523.6464336365461 3.051645398139954 920.6441502124071 1.544329524040222 327.9496330544353 80.44672401994467 146.0085547417402 72.601288869977 308.5095575451851 8.61210586130619 552.2653628438711 794.9461907967925 7.178158074617386 2.006353549659252 0.4454596787691116 0.4303252324461937 0 0.09869850426912308 0.24319688975811 0.1212840005755424 0.1079502105712891 0 0.23866206407547 0 0 0.09267234802246094 0 0 5.240873828530312 4.534160912036896 8.393369853496552 0 0 0.1111526861786842 11.61110670864582 1.298552952706814 0.3325477540493011 0 0.2295258641242981 0.2497579306364059 0.3381276726722717 0.7117237970232964 0.1494565606117249 0 23.44210005551577 0.8036409169435501 0.2415513768792152 0.3556648641824722 0.3071460127830505 0 0.13527812063694 0.2175421267747879 0 0.1061131209135056 0.5233774855732918 4.054563701152802 0.7759214416146278 1.994243562221527 0 0.8840214163064957 0 1.815720945596695 0.3982542604207993 2.471128314733505 0.2850992605090141 0.9429243952035904 1.407795950770378 0.9125916808843613 0.7723915725946426 1.417670160531998 0.1416943967342377 2.437214784324169 3.05486773699522 6.080879054963589 2.011488184332848 3.012706607580185 0.5780224651098251 11.85963393747807 0.4682099223136902 2.752475298941135 1.56673676520586 0 1.196473583579063 0.3326986357569695 2.415551401674747 0.08140841871500015 0.09378756582736969 0 0.1222311183810234 0 3.631451055407524 0.9084578976035118 0.1121950298547745 9.796575106680393 1.607570633292198 0 0.2032658457756042 2.067570090293884 1.0725958943367 1.706098675727844 3.569241747260094 0 6.095322616398335 21.69163880497217 6.665192022919655 13.52413812279701 4.808794409036636 10.67507552355528 8.87545283138752 24.50496570765972 6.02450880408287 16.59661367535591 13.69339494407177 0 0 0 0 0 0 0 0.1076884642243385 0 0 0 0 0 0 0 0.6158858090639114 0 0 0 7.74956589192152 1.174308799207211 0 0 0 7.915040731430054 0.2573433667421341 9.681267894804478 2.056507766246796 0 0.1862447261810303 0 0 0 0 0 0 0.1217427402734756 0.1176545917987823 0 0 0 0 0 0 0.2991710230708122 0 0.3826932311058044 0.5311483219265938 2.092672452330589 0.5964013934135437 0 13.82882793992758 0.5791214108467102 0.2226783484220505 0 0 0 0 0 0 0 18.3260065689683 0.4352253675460815 0 0 0.171681135892868 8.594774276018143 1.048760421574116 6.526707269251347 0.08813189715147018 0.2618430852890015 0 0 0 0 0.07678474485874176 0 0 0 0 0 0 11.86646214127541 10.73220487684011 8.502499975264072 85.26716350018978 3.822651103138924 54.95820943266153 19.93851535767317 22.28869074583054 5.759629629552364 0.1287713795900345 12.12014484405518 7.373387262225151 0 1.533743157982826 0.5825510174036026 3.797465227544308 1.225202769041061 0 1.838608473539352 6.562251403927803 0 12.28081311285496 6.943512767553329
511.5429485067725 1454.077837154269 26.83534664660692 787.6535490900278 292.205446228385 501.6380273103714 1205.498645290732 2.564997166395187 72.601288869977 720.0311792194843 23.38349784910679 705.5974381119013 3494.596190184355 365.1410565525293 2.262069277465343 0.2148895412683487 0 0.1230401173233986 0 0.252798780798912 0 0.5106918960809708 0 0 0.2980246841907501 0 0.1269896924495697 0.1242103353142738 0.2886960729956627 0 30.94787395745516 2.056856878101826 175.3107270002365 0 0 0.6517714336514473 516.1003406643867 1.656260043382645 6.776086412370205 0.1237165853381157 0.3369631320238113 0 0.225679375231266 0.2699512988328934 0 0 42.00626217573881 3.740411400794983 0.5190734937787056 0.1954384669661522 0.2148839980363846 1.018328294157982 1.07716378569603 0.3286972790956497 2.281340301036835 3.174364931881428 11.23037335276604 42.88413174450397 8.504176735877991 16.31064009666443 0.1101853623986244 6.708643451333046 0 7.290165774524212 2.618661820888519 3.008538872003555 1.568913869559765 1.112284056842327 0.3363471925258636 0.3950489014387131 189.0118805766106 4.938000246882439 0.8327972590923309 34.43371116369963 6.312254443764687 14.51765111088753 2.21337902545929 0.9950480386614799 0.1394252330064774 5.15459118783474 0.06264718621969223 2.65692426264286 13.15800374746323 0 0.5955313369631767 3.069125920534134 0.3057343736290932 0 1.273472592234612 0.6266462281346321 0.7037006914615631 0.5152274519205093 0.5970849320292473 0.7145567536354065 0.2399270310997963 181.7526782751083 13.69652193784714 1.06433217227459 16.94443860650063 270.1156851947308 2.089651763439178 14.40046067535877 24.12628021091223 7.758686497807503 17.34396959096193 64.80797386169434 89.01138120889664 53.03513652831316 37.31879537552595 141.5994198992848 15.250557936728 97.59641449153423 44.23092940449715 66.69550746679306 34.65903153270483 0 0 0 0 0 0 0 0 0 0 0.141760528087616 0 0.3722593784332275 0 0 0 0 0 0 8.09587287157774 1.949038401246071 0 0 0 18.10681015253067 0.1184337064623833 5.970336250960827 0.8201098069548607 0.4697845131158829 0.1430570632219315 0 0 0 0 0 0 0 0 0 0 0 0.2667029947042465 0.1012648195028305 0 0 0.08345642685890198 0.09862059354782104 0.70566675812006 2.444559618830681 0 0 13.9493085667491 0.5151727199554443 0 0 0 0 0 0 0 0 46.74079583585262 1.242947638034821 0 0 0 10.63922744989395 0.1576478630304337 4.501340083777905 0.1049289703369141 0.5854696035385132 0.1410736441612244 0 0.2425307407975197 0 0 0 0 0.09120893478393555 0 0 0 77.10504446923733 10.45538133382797 5.152948915958405 161.2876338586211 4.095097228884697 131.8614546507597 8.725079104304314 378.5125553235412 11.39284315705299 1.716459944844246 2.496915832161903 44.04693247377872 0 0.6104085966944695 0.2484180107712746 55.58807087689638 0 0 0 2.560993373394012 0 294.2648288309574 36.20360399782658
11.41875065118074 487.1401000618935 397.7261998131871 19.79825185239315 2257.779187038541 1.195921748876572 490.1724753305316 1374.945408210158 308.5095575451851 23.38349784910679 1195.814525797963 37.94950817525387 672.225110784173 3570.449135065079 30.26210805028677 18.05140124261379 2.09323525428772 5.88688387721777 0.08338070660829544 2.170222774147987 8.079808101058006 4.301683969795704 0 1.010667942464352 15.62244269251823 8.735754787921906 3.747718974947929 3.138508439064026 2.499007396399975 0.2718615978956223 161.399699755013 315.4957526251674 300.5833857953548 0.6040271744132042 1.771904908120632 14.91197241097689 167.6652854159474 41.01286523044109 25.11257192492485 15.59769326448441 10.71015276014805 8.038163080811501 7.277298919856548 4.204022563993931 0 0.6695473864674568 115.96342882514 7.403221361339092 3.688292764127254 8.257522873580456 8.759642213582993 8.001994729042053 5.245823800563812 5.233403265476227 1.391497574746609 2.37696722894907 2.967286586761475 41.89063735306263 5.049405746161938 15.15991883724928 1.295369692146778 103.620139144361 1.183674231171608 17.4690363407135 3.92680536955595 24.15764341503382 9.082240089774132 8.372480854392052 10.26544932276011 26.36695911735296 18.4926323145628 13.57209588587284 1.045290194451809 29.07311505079269 21.17874185740948 34.46207931637764 18.65699566155672 18.21585237979889 60.8244845494628 871.2378355264664 2.276100642979145 211.2781984508038 8.536919392645359 0 6.630541853606701 4.503260143101215 14.66078090667725 0.2684058547019958 1.866869740188122 2.339931845664978 8.50794143974781 3.236477509140968 63.1838555932045 16.55559352040291 5.190434694290161 19.49840120226145 5.0239147990942 0.1066628769040108 3.427388094365597 4.135722652077675 0.9197981804609299 0 5.915889032185078 0.6389643549919128 4.048343598842621 13.91138716042042 3.01118566095829 11.97382471710443 3.16177923977375 6.265098184347153 8.200753524899483 14.35195135325193 6.862097717821598 10.84929839521646 13.38155534118414 0.2201002314686775 0 0 0 0 0 0.1591305732727051 0.3259428292512894 0 1.764562658965588 2.488221988081932 0.1128369867801666 0.5572029128670692 0.1434574127197266 0.3749565929174423 2.642104215919971 0.7330844774842262 3.35078514367342 0 8.281651720404625 3.253255099058151 0 0 0.1702198833227158 15.47580917924643 1.216560691595078 10.86519856005907 8.613472998142242 1.359067097306252 3.020483426749706 0.2321056723594666 0.1201752722263336 0 0 0 0.1865550428628922 0.3871433436870575 0.3552212119102478 0 0 0.2450858280062675 1.885531567037106 6.126283675432205 0 0.4343668445944786 0 0.3159648180007935 0.681490495800972 0.4467586576938629 0.177072212100029 0 21.3583604618907 0.3507325351238251 0 0.1752418428659439 0 0 0.06833800673484802 0 0.08432022482156754 0.4764085188508034 17.30460269749165 4.070166371762753 0.7344579845666885 0.1051949113607407 1.111937575042248 13.69655212759972 0.9361572265625 12.42115074396133 0.2722887918353081 0.4106018170714378 0.2086157575249672 0 0.2311747968196869 0.09963835030794144 0 0 0 0 0.2594758346676826 0.592716708779335 0.1483632326126099 11.84752698242664 17.71045055985451 22.51160461455584 251.8192736804485 14.63957647234201 263.4297923445702 81.04394932836294 59.59463231265545 23.18291938304901 1.905143156647682 25.57267792522907 7.389323726296425 0.5804251283407211 3.426788456737995 1.677999705076218 6.705299578607082 0.4973308593034744 0 0.4943723678588867 23.30158743262291 0.5343908071517944 27.54243620485067 10.45917619764805
48.73030818998814 390.0115909874439 1.222777992486954 690.6932601481676 22.16390705108643 59.10542262345552 223.7565019354224 16.37748223543167 8.61210586130619 705.5974381119013 37.94950817525387 18.61727200448513 461.4357826113701 78.80680187791586 1.795502409338951 1.341265797615051 0.3223190903663635 0.2073763757944107 0 0.3943587690591812 0.5460377335548401 2.011111728847027 0 0 0.637662261724472 0 0 0.2696394473314285 0.2079699337482452 0 5.088811963796616 0.1283406466245651 54.03695203363895 0 0 0.2621565312147141 149.5968422219157 1.626429304480553 6.554855026304722 1.6371740847826 0.6596711128950119 0 0.3305004462599754 0.6375933513045311 0 0.1341598331928253 6.989338591694832 0.357001043856144 0 0.2993060201406479 0.2275345176458359 1.163913682103157 2.137747459113598 0.115591011941433 0 0.1409732401371002 2.105316624045372 3.98000031709671 1.012821465730667 0.6457751020789146 0 9.310652419924736 0 0.9304846152663231 0.3282520323991776 1.286883257329464 0.3199165537953377 0 0.2596131861209869 0.128917470574379 53.42679706215858 4.134661100804806 0 1.835591718554497 0.6268798336386681 1.072870284318924 1.397718831896782 2.004372671246529 0.1061683222651482 7.750213131308556 0.5271965563297272 2.65857108682394 0.5525862202048302 0.1099814772605896 0.09120772033929825 0.2608610019087791 0.3204480558633804 0 0.1825748831033707 0.1294384747743607 0.902804896235466 0.2013855651021004 1.441887877881527 1.329752624034882 0.1302884519100189 194.6086904481053 6.102510794997215 0.1451563984155655 9.271526336669922 32.11050415784121 1.065072253346443 5.901250943541527 19.47886078059673 1.55244904756546 13.05653858929873 46.36361176520586 26.33394999057055 38.2716673463583 24.88652362674475 58.35847215354443 24.02182933688164 73.53818818181753 25.4158253595233 39.49986074119806 36.04238310456276 0.1700127720832825 0 0.1209384873509407 0 0 0 0.100452296435833 0.4546431601047516 0 0 0.1231511756777763 0 0 0 0 0 0.1223158463835716 0.1925045698881149 0 13.17433485388756 2.108080141246319 0 0 0 21.070820517838 0.4213326051831245 9.818484157323837 2.982199981808662 0.1076008751988411 0.2252265810966492 0.1022110432386398 0 0 0 0 0 0 0 0 0 0.1350540369749069 0.1918185651302338 0.3522934541106224 0 0 0 0.0846482440829277 0.8867925927042961 0.1807688474655151 0 0 25.41766040027142 0.2124716341495514 0.1795687228441238 0 0 0 0 0 0 0 42.03111129999161 0.607864111661911 0 0 0.08872641623020172 12.32627499103546 0.5127252638339996 8.357465662062168 0.07747293263673782 0.6073058843612671 0 0 0 0 0 0 0 0 0 0 0 59.9763590618968 15.85518810153008 11.69760548323393 26.43172147125006 0.6205970495939255 15.35605485737324 6.739648945629597 68.08231770992279 1.901568435132504 0.1143946275115013 1.691184654831886 16.23556875437498 0 0.8117098286747932 0.9329551309347153 16.59958679229021 0 0 0 3.66034160554409 0.2106371521949768 115.3145517706871 26.17900042235851
52.44847404956818 2811.69121105969 80.21758565306664 787.3135246038437 684.261909276247 49.62947876751423 1927.441947840154 217.9487617015839 552.2653628438711 3494.596190184355 672.225110784173 461.4357826113701 1369.370107978582 2453.637158028781 17.71754758805037 16.48529087007046 2.81482619792223 2.278262615203857 0 1.252287931740284 1.306752778589725 3.88775160908699 0 0 5.01618155092001 1.390455424785614 0.7290613874793053 1.574649274349213 1.431602381169796 0.1288749128580093 28.18022535741329 5.959941044449806 821.2690514996648 0 0 2.63331151008606 1098.75271191448 17.76438100636005 31.43520727008581 6.522134259343147 3.396562233567238 1.418236389756203 2.100219689309597 4.475113682448864 0.2871037051081657 0.8846737146377563 47.01996326446533 1.472449488937855 0.4532995298504829 2.140793040394783 2.048381201922894 3.916374169290066 5.861102469265461 1.893601961433887 0.3879247903823853 0.5121799111366272 2.427808977663517 17.03875911235809 1.186738312244415 4.036574989557266 0 69.94613046944141 0.6432630866765976 10.74814043194056 1.269253104925156 5.781490616500378 2.768805027008057 1.821188189089298 3.242601327598095 4.486369989812374 157.3491574674845 8.933599539101124 0.8417481631040573 7.616566762328148 6.936876371502876 7.949110113084316 8.991010770201683 13.40296201407909 1.888824813067913 96.16040220111609 1.001172624528408 15.97306482493877 3.580257907509804 0 1.278423503041267 1.200037389993668 3.987283498048782 0.1494999676942825 0.914467565715313 2.268936030566692 3.832449719309807 3.158996857702732 14.68442413955927 4.632143817842007 2.471047475934029 613.2881058752537 15.46776365488768 0.4321190342307091 16.59956757724285 41.28764302283525 4.259333841502666 10.6257840692997 34.48068630695343 1.120132058858871 34.94456481188536 94.50610928237438 38.66988272219896 85.88190490007401 52.24704753607512 88.39273350685835 42.37401565164328 139.9341150447726 58.26560700684786 103.0637700408697 73.67512410134077 0.1045131012797356 0.2348816692829132 0 0 0 0 0 0 0 0.1679325699806213 0.6660238951444626 0 0.1902471333742142 0.1477331519126892 0.1132440492510796 0.7961509227752686 0.6968521624803543 1.398904830217361 0 29.89768200367689 10.92333095520735 0 0 1.373030662536621 60.29272629320621 2.513180807232857 35.18639895319939 10.11051312088966 1.632131613790989 0.4757428839802742 0.2139617130160332 0 0 0.1285387724637985 0.1091434806585312 0 0.6994461938738823 0.7142533138394356 0 0 0 0.555151529610157 1.978772304952145 0 0.4894255697727203 0 0.4822226092219353 2.322291314601898 1.898973137140274 0 0 76.9475811496377 1.958004161715508 0 0.704155832529068 0 0 0 0 0 0 100.8983580097556 5.64011599868536 0.2647842019796371 0 0.6410343423485756 43.92708883434534 1.493356570601463 28.58233437687159 0.8492083474993706 1.049814432859421 0.3461280167102814 0 0.4046350121498108 0 0 0.1638356298208237 0 0 0 0.2386155277490616 0 118.4646047875285 59.91581547260284 39.7329118847847 165.1037223637104 7.277440600097179 107.0356266051531 44.50180375576019 89.15141505748034 8.196701072156429 0.6502969786524773 17.90521047264338 38.69227612018585 0.3353660330176353 4.95151973515749 4.18804819136858 28.40073584765196 0.1046378239989281 0 0.3201140761375427 9.279480785131454 0.5583283305168152 155.0787237137556 58.24022677540779
