581.3820879608393 2356.827696867287 305.0502791106701 1986.210789345205 6.920209966599941 358.6647213548422 198.7325897589326 5.926635153591633 0.5429681017994881 412.5755833163857 18.41606141626835 6.371159747242928 4.430227175354958 20.91286217421293 3.991680435836315 0.8127205818891525 0.9607383608818054 0 0.1033327654004097 0.08306431025266647 0.07595370709896088 0.08383514732122421 0.2264770790934563 0.1120503544807434 0.8768964260816574 0 0.2589102908968925 0.08319994062185287 0 0.2938458845019341 298.5026690661907 8.549595460295677 5.072196930646896 0.1045046299695969 0.1299556493759155 0 1.511644013226032 0.2894401028752327 0.7944659069180489 0.5524463355541229 0.1145439296960831 0.1007464602589607 0 0.6293777748942375 0 0.08939796686172485 33.21315965801477 0.6945184022188187 1.38343808054924 0.1245555505156517 1.464317306876183 0 0.1460928320884705 0 10.25123357772827 13.39060800522566 117.0069187730551 504.8281124904752 42.89274646341801 35.03156650066376 0.2459590584039688 0.5189863815903664 0.1371926814317703 14.74843923002481 11.76022521406412 8.109368488192558 2.466370023787022 0.07531765848398209 0 0.8032592758536339 4.029235728085041 2.314081609249115 0 100.6156865954399 46.52161816507578 30.05805554240942 4.01279067248106 2.244739048182964 0.3958939611911774 5.869517281651497 0.7594222575426102 1.229437500238419 15.74421744048595 0.6071283891797066 1.67161625623703 22.96060930192471 0.6452452465891838 0.8298472240567207 5.294751189649105 0.08396938443183899 1.134607806801796 0.09072594344615936 0.5182427167892456 0.4385239630937576 0.183976911008358 34.98054155707359 0.8952576369047165 0 0.2917779237031937 1391.468865983188 0.1172360628843307 0.6201586127281189 1.986747398972511 2.69121128320694 3.150352910161018 0.4219554960727692 8.349955603480339 3.974521398544312 10.6383184492588 6.024093449115753 1.406310260295868 4.230626285076141 5.928080543875694 0.8441650718450546 0.5089558959007263 0 0.09726881235837936 0 0 0 0 0 0 0 0 0 0 0.09531464427709579 0.116747111082077 0 0 0.5235500931739807 0 0 1.772261217236519 0.9925183951854706 0 0 0 0.8933380544185638 0 1.887555673718452 2.730581790208817 1.505196698009968 0 0 0 0 0 0 0 0 0 0 0 0 0.2236803472042084 0 0.1043606922030449 0 0.09626477956771851 0 0 0.6922418475151062 0 0 0 0 0 0 0.1095075532793999 0.110970176756382 0 0 0.1045710816979408 0 3.469260431826115 0 0 0 0 1.835665911436081 0 0 0 0 0 0 0 0 0.3612711504101753 0 0 0.8694581612944603 0 0 0 4.807315036654472 0 1.664614886045456 101.9505793973804 7.627179212868214 122.9002230167389 3.889026686549187 1590.788443043828 22.05560869723558 5.715902559459209 1.004058882594109 15.42846668511629 0.6449762135744095 0.1324373483657837 0 4.758033365011215 0 0.463175468146801 0 0.2220069915056229 0 501.7512795254588 8.979056969285011
2356.827696867287 2339.513400353491 1357.18464897573 2753.903362087905 2740.100650288165 248.0024725273252 3060.322831504047 615.4312693923712 1692.615950845182 2835.03726220876 2085.036583475769 149.5131294429302 612.4719519689679 1822.703109323978 157.7144785001874 33.00077921152115 18.65819710493088 2.960099816322327 1.693497598171234 2.159279771149158 4.857042692601681 1.881178505718708 15.80708346515894 7.410172276198864 12.99816906452179 2.171879418194294 10.40142797678709 2.978654772043228 7.214879602193832 2.589888945221901 1731.238954737782 154.7835441157222 174.8786629587412 4.595103830099106 4.511720910668373 3.295364134013653 20.70733261108398 9.044889442622662 20.3321655318141 16.10127613693476 5.361549369990826 2.846784286201 3.322914451360703 8.504414342343807 0.9990728721022606 3.880071334540844 447.5505901277065 7.809017971158028 9.346996515989304 5.777637824416161 8.314370505511761 2.321077346801758 7.141698621213436 1.085797168314457 48.70709647983313 44.47300522774458 278.472920447588 744.2437647283077 245.4605919495225 268.3884107843041 10.24137567728758 22.84791846573353 2.763291016221046 103.4732468426228 67.77524891495705 40.70068425685167 16.54234028607607 6.400802437216043 10.59309776127338 20.92120979726315 54.09459114819765 8.178237095475197 0 596.9523353278637 248.522436119616 371.1054567545652 69.23005710542202 25.89548492431641 25.18577031046152 274.9154338091612 9.216397844254971 43.50740874558687 96.11132058501244 2.20953655987978 12.27147306501865 127.5290350317955 4.764954753220081 7.293226525187492 30.09829454869032 0.6754146814346313 12.2106185182929 1.725675530731678 27.05753142386675 5.026541918516159 2.903651207685471 100.5092920809984 9.688316211104393 1.106026254594326 7.278654016554356 1109.326436877251 0 0.1155225560069084 7.427514903247356 13.09451754391193 15.11425675451756 7.212711609899998 4.842822730541229 5.28501008450985 19.83799093961716 2.451605945825577 2.897242337465286 10.5774160400033 19.88796044141054 8.225956059992313 3.643573068082333 0 0 0 0 0 0 0 0.9909884631633759 0 0 0.4419744908809662 0 0.7551034688949585 0.2563645541667938 0 0.2549468725919724 0.2532122135162354 0 0.103605255484581 4.359651125967503 2.055544532835484 0 0 0.3737444281578064 6.23625809699297 0 10.51167905330658 11.59279002994299 0.7167476266622543 0 0.2577577233314514 0 0 0 0 0.40959432721138 0.1093882769346237 0 0.1071013286709785 0 0.1693599373102188 0.2536398768424988 1.33870754390955 0.1262193769216537 0 0.9948370978236198 0.5387472957372665 1.076220735907555 0 0 0 2.064734101295471 0.8985727280378342 0 0.3083520159125328 0.2399814575910568 0.4603625535964966 0 0.3510194942355156 0.3802768141031265 0 24.29393693804741 1.502932228147984 0 0.1234270036220551 0.4368555992841721 9.447569213807583 0.229134701192379 0 0 0 0.1825700551271439 0 0 0.4417744874954224 1.497552879154682 0.4600882902741432 0 2.710297584533691 0.6724172532558441 0.07852333039045334 0 13.94881389290094 19.76658227294683 22.45619064569473 985.2371383830905 61.12801959365606 1303.627106592059 133.0206697434187 1004.476131632924 270.5687302276492 16.66632688045502 87.92209456115961 5.983927875757217 1.780994921922684 1.649864725768566 0.8209385424852371 5.669689267873764 0 1.75478832423687 1.474555015563965 4.897536993026733 3.608800143003464 365.1124690845609 32.80962684750557
305.0502791106701 1357.18464897573 1273.600940145552 12.7875951975584 589.8196028992534 6.870271995663643 82.08491491526365 3611.810765720904 565.6867987290025 148.628491781652 1554.258417867124 32.4565125182271 96.66359782963991 832.3091653957963 47.44935561716557 31.02572079747915 20.97526623308659 1.68156524002552 0.5694645941257477 2.273097030818462 18.87193833291531 3.151458203792572 47.89483141899109 30.47858705371618 55.28080063313246 8.211890764534473 41.35300534963608 3.945773266255856 10.5040419921279 6.34051176905632 3123.392089001834 926.3734577670693 313.7666066810489 12.68185520917177 26.74675624072552 13.7234740331769 32.93155585974455 36.14373853057623 34.49821493029594 35.60478456318378 12.36405907571316 5.124851144850254 6.839310362935066 4.947677582502365 1.180972993373871 3.573445945978165 85.81170850992203 1.968102671205997 4.339555308222771 8.846896581351757 7.510613553225994 6.118111282587051 10.85262081772089 1.021096706390381 10.14921257644892 12.95835645496845 127.0723958611488 753.7170074284077 46.19133737683296 44.0209307000041 54.17889268696308 100.3342820331454 13.87720460444689 53.19932492822409 14.8195751234889 8.051075279712677 4.096756771206856 4.687223352491856 12.80717328935862 43.71790388971567 24.47179835289717 12.3300077021122 0 150.6786116659641 90.24262028932571 62.67950323969126 19.5259886905551 14.88716292753816 204.8806175887585 674.5893420130014 21.8830129802227 320.5801471620798 19.05022399872541 0.5971493199467659 2.24309565871954 25.60186406597495 7.045468345284462 2.105514883995056 6.24016098678112 0.5248006358742714 6.665902078151703 2.63014604896307 58.11950476467609 10.90858871489763 6.475288555026054 39.82520118355751 8.181627258658409 4.561102710664272 7.353175349533558 741.6148225069046 0.5965208783745766 0.1352724730968475 1.331734508275986 0 2.618545815348625 0 0.6667329221963882 3.869943723082542 3.571673274040222 1.469223126769066 3.175593957304955 3.8564138635993 4.014058977365494 2.001627087593079 2.411677338182926 0.4200497567653656 0 0 0.1349666714668274 0 0 0 0.7673950791358948 0 0 0.222751259803772 0 1.138125956058502 0 0 0.2657601162791252 0.1222520023584366 0.5999937653541565 0.1312310397624969 0.4075486361980438 1.317519754171371 0 0 0 2.208620838820934 0 8.384604752063751 8.310486286878586 1.989458478987217 0.8938292786478996 0.3809876441955566 0 0 1.585953593254089 0 0 0 0 0 0.3010148406028748 0.2673028707504272 2.270670548081398 1.51518065482378 0.1963133960962296 0 0 0.167257696390152 0.1145590469241142 0 0 0 2.624642372131348 0 0 0 0 0.2227389737963676 0.336540013551712 0.3457188755273819 0.115263819694519 1.725579805672169 9.504334099590778 1.253122486174107 0.5209688022732735 0.2293269783258438 1.065995663404465 3.865283586084843 0 0 0.4066485166549683 0 0.1554887741804123 0 0 0 0.230569064617157 0 0 0.1069588512182236 0.2659242153167725 0.1756781786680222 0.2019966840744019 6.081453658640385 8.871492922306061 13.51471452414989 227.1027851775289 21.30195641517639 249.7976401597261 57.97582648694515 325.9813571423292 40.21793984621763 3.943743638694286 17.65051333606243 1.164171501994133 0.5429936051368713 0.4004413858056068 0.1245836168527603 2.144793376326561 0 0 0 3.021537356078625 0 88.28702758252621 12.50486800074577
1986.210789345205 2753.903362087905 12.7875951975584 863.1693729460239 8.358114749193192 545.9671981185675 660.1672706604004 0.2654365748167038 5.099819779396057 2249.932180739939 11.75999867916107 10.85536004602909 24.55370625853539 47.4345518797636 4.271300248801708 0.4804820716381073 0.12396290153265 0 0 0 0 0 0 0 0.1815256178379059 0 0 0.1030895486474037 0 0 36.75188313424587 1.57492333650589 0.07821150869131088 0 0 0 0.1511697471141815 0 0 0 0 0 0 0.1964877918362617 0 0 24.05921541154385 0 0.5221940651535988 0 0.2355554103851318 0 0.306883692741394 0 2.056741528213024 3.249916024506092 24.31307089328766 110.5860080569983 15.40680702030659 18.55295790731907 0.1733277589082718 0 0 3.973888345062733 3.806072741746902 4.276407487690449 0.6583613455295563 0.2458188831806183 0 0 0.8105426430702209 0 0 37.0229107439518 11.03611641377211 13.77320532500744 2.077818535268307 0.9320468902587891 0.1088177710771561 0.142041340470314 0 0.1093069836497307 6.04010596126318 0.1076548993587494 0.8077070862054825 9.881404474377632 0.1188654378056526 0.5485268831253052 1.655117824673653 0 0.7219426780939102 0.1229672804474831 0 0 0.2405524998903275 23.84326022863388 0 0 0.1795444339513779 758.3866837471724 0.575795590877533 0.9339895397424698 24.70087864995003 27.18781039118767 1.737795695662498 18.41439266502857 16.4978983104229 2.55211141705513 29.67416693270206 20.33507172763348 0.7556427717208862 3.340264774858952 13.98436166346073 1.818711534142494 2.615665763616562 0 0 0 0 0 0 0 0 0 0 0 0 0 0 0 0 0 0 0 2.121740207076073 1.209391862154007 0 0 0 0.2074919492006302 0 0.3862587809562683 3.280831575393677 0.9300917983055115 0 0 0 0 0 0 0 0.09665002673864365 0.1339407712221146 0 0 0 1.282213926315308 0 0.105757363140583 0 0 0.2933167964220047 0.7795935049653053 0 0 0 2.210957869887352 0 0.08470535278320312 0 0 0 0 0 0 0 2.856480970978737 0 0 0 0 1.083151578903198 0 0 0 0.1858200579881668 0 0 0 0.2828258275985718 0 0 0 0.2132823467254639 0 0 0 5.118354588747025 1.292182713747025 0.8812931776046753 65.4262403473258 2.931456871330738 90.0933596342802 3.183251537382603 744.2659598439932 18.485088147223 2.543156854808331 3.363875433802605 16.36397618055344 0.09799207001924515 1.676201708614826 0.121432825922966 7.294273398816586 0.1026070863008499 0.1067461296916008 0.1375525891780853 0.8157406449317932 0 173.5151663199067 3.146520122885704
6.920209966599941 2740.100650288165 589.8196028992534 8.358114749193192 1662.854524709284 1.154694572091103 3567.71102385968 499.1829918771982 3736.176781244576 809.6404154673219 3016.975417785347 35.65068985521793 1223.770102970302 1525.556124515831 44.71134331077337 6.40542921423912 4.740452811121941 0.8769786134362221 0.3690305426716805 0.4209775701165199 0.6399572640657425 0.124387688934803 3.659120619297028 2.500681549310684 0.9650968089699745 0.1796880215406418 1.600024178624153 0.5579014495015144 0.2989489585161209 0.7902682796120644 67.28592132031918 28.73386866599321 9.968016512691975 1.216406218707561 0.7904868051409721 0.1549263894557953 3.197076961398125 0.1353962421417236 1.470032081007957 0.9749162048101425 0.4063343778252602 1.303607977926731 1.634880773723125 1.341923266649246 0.5044801756739616 1.33490177243948 83.25244298577309 0.5689116567373276 0.6111803278326988 2.124425522983074 1.639220103621483 0.2718628346920013 0.6295991986989975 0.09611456096172333 2.103814989328384 2.624000497162342 9.514546744525433 10.44014079868793 17.32688116282225 28.42274706065655 2.561538815498352 1.67870094627142 0.5253797918558121 10.33736079931259 3.646454028785229 3.994343958795071 0.8387052640318871 1.414339572191238 3.019901648163795 5.637914583086967 11.65778762102127 2.093284144997597 0 34.83177110552788 16.37680836766958 62.45973642915487 14.98919771611691 5.846102833747864 11.8265138939023 13.02836655080318 4.521252848207951 4.283399380743504 5.71617092192173 0.3210781142115593 1.633133292198181 6.643034771084785 1.735946640372276 0.5127433761954308 1.883494727313519 0 1.897079512476921 0.2565696239471436 6.566231243312359 1.353701926767826 0.7372572720050812 30.07825618982315 3.409678399562836 0 1.294464059174061 2.181278362870216 0.1757826954126358 0 3.408448606729507 0 5.36347559094429 10.29570856690407 0.3628118187189102 1.048717722296715 6.623383015394211 1.550452455878258 2.354696124792099 4.904362015426159 8.276355877518654 2.194337166845798 1.37710078060627 0 0 0 0 0 0 0 0 0 0 0 0 0 0.1973071396350861 0 0 0 0 0.1318366825580597 1.809779718518257 0.7280962467193604 0 0 0 1.38006292283535 0.6190745234489441 2.742502197623253 2.226792231202126 2.945788323879242 0 0.1745153814554214 0 0 0 0 0 0 0 0 0 0 0.3545038104057312 0.3982887268066406 0.1298959404230118 0 0.1484184712171555 0 0.3916614055633545 0.1707085072994232 0 0 2.583510458469391 0 0 0 0.1109026595950127 0.1053463965654373 0 0 0 0 4.424721471965313 0.1393848210573196 0 0.1229878887534142 0 1.157334476709366 0 0.8183814883232117 0 0 0 0 0 0 0.1112245172262192 0.1797940880060196 0 0 0 0 0 3.169061027467251 4.26451662927866 5.741873249411583 331.1923082321882 13.6340648829937 228.443002641201 43.83489865809679 42.02658541500568 61.51867932826281 0.8171453028917313 30.82985157519579 1.316646367311478 0.1010517850518227 0 0.3617505133152008 0.1132909879088402 0 0 0 2.073676362633705 0.327728807926178 37.21122486144304 15.8485554009676
358.6647213548422 248.0024725273252 6.870271995663643 545.9671981185675 1.154694572091103 7.502598270773888 28.93590912222862 1.287976682186127 3.917738571763039 385.6954432874918 5.351714834570885 156.8445392102003 78.10587772727013 29.13091560453176 0.3373068869113922 0 0 0 0 0 0 2.729126930236816 0 0 0.1311855316162109 0 0 0 0.1304397732019424 0 5.555483490228653 0.9596879482269287 14.27848823368549 0 0 0.1731712818145752 8.45011068880558 0.2672115117311478 4.999673202633858 0.6456388831138611 0 0 0 0 0 0 1.371204055845737 0 0 0 0 10.69638042151928 7.768844246864319 0 0 0.3091351836919785 56.40021132677794 7.103704333305359 1.26399802416563 0.2854769974946976 0 2.330123618245125 0 0.1527600139379501 0 0.2293155416846275 0.1513350009918213 0.1344432085752487 0 0 135.3931168019772 240.1806667596102 9.307960584759712 0.2592664808034897 0.1849606931209564 0.3717396333813667 0 0 0 1.949353128671646 0 2.592881307005882 0 4.970656797289848 0 3.503633640706539 0 6.166476763784885 5.981995806097984 11.13959497958422 0.6015380620956421 3.07072339206934 0.09300397336483002 0 0.3745743408799171 415.5380726754665 136.3804525732994 60.10219252109528 21.85290469229221 342.279779702425 0.1868760585784912 5.84510163962841 4.983783960342407 6.289499700069427 10.15927892923355 0.9830032140016556 27.32354943454266 9.772236749529839 23.13602897524834 15.71680670976639 1.31409752368927 18.76527117192745 31.54130329191685 6.326164282858372 2.488170236349106 0 0.1669311076402664 0 0 0 0 0 0 0 0 0 0 0.4136829674243927 0 0.1342697441577911 0 0.1546467989683151 0 0 1.125059276819229 3.501443654298782 0 0 0 5.315047442913055 2.213500708341599 5.145202100276947 10.88896805793047 2.442813403904438 0 0 0 0 0 0 0 0 0 0 0 0 0.5297720730304718 0.1326936036348343 0.1395628303289413 0 0 0.4977565035223961 0.14625084400177 0.3404611051082611 0 0 0 0 0 0.0908581018447876 0.1476818025112152 0.127630203962326 0 0 0 0 9.597574815154076 0.7021661400794983 0 0 0 2.858576700091362 0 0.1775924563407898 0 0 0 0 0 0.1409505605697632 0 0 0 0 0.1061031445860863 0 0 15.10583393275738 3.942884311079979 7.880477137863636 60.97638821601868 0.3916296511888504 1.986512377858162 0.4065139144659042 215.6869857311249 2.998851388692856 0.5628378540277481 0 64.48297066986561 0 0.4808900654315948 0 53.88867712020874 0.1969216763973236 0 0 0 0 176.5279857069254 44.86482013016939
198.7325897589326 3060.322831504047 82.08491491526365 660.1672706604004 3567.71102385968 28.93590912222862 1342.239339284599 15.94531144946814 4297.147136837244 2962.582928285003 848.5049405246973 139.9026963561773 4011.160855643451 5780.083606868982 46.54196710139513 9.296777166426182 8.637234017252922 1.678618103265762 0.3875118792057037 0.4331857934594154 1.555205158889294 0.2867026701569557 3.607480950653553 3.187039420008659 1.89450166374445 0.1010267734527588 2.828622996807098 0.278722733259201 0.9530966728925705 0.780216820538044 67.68762664496899 23.40824265033007 20.93837301433086 0.9837820753455162 1.025384150445461 0 4.871441498398781 0.5332875028252602 3.628845579922199 1.210083305835724 1.79050325602293 0.6468406692147255 1.231190584599972 2.390949174761772 0.3007462024688721 0.7240277975797653 131.8022638335824 2.249042317271233 2.223977286368608 1.84048942476511 1.490989707410336 0.5991843342781067 1.743758827447891 0.3254407271742821 7.684623800218105 6.996084630489349 32.42864044755697 39.92197832465172 38.26564643532038 52.96948525309563 2.696472145617008 3.577704884111881 0.2650472596287727 13.57765673100948 11.49141981452703 8.230786107480526 2.316473543643951 1.38722051680088 2.563322752714157 5.15276362746954 26.59206195175648 7.222700133919716 0 84.54252590239048 29.89402165263891 83.27826863527298 18.67259818315506 6.807663142681122 7.487745463848114 1.928150914609432 2.489342592656612 2.250038608908653 16.51768504828215 0.1360673904418945 2.009442888200283 20.60986497998238 1.872586742043495 1.056285448372364 6.719886869192123 0 1.747214011847973 0 6.920435890555382 1.483990184962749 0.8753537535667419 69.03475801646709 4.758764758706093 0.1352261304855347 3.081550806760788 22.0744888484478 0.2666963338851929 0.4559880346059799 11.16715981066227 5.271476551890373 6.918800182640553 9.100970476865768 3.741432636976242 4.295369617640972 21.25829378515482 8.14397244900465 1.54168514162302 10.0338944196701 17.19723851978779 7.329496487975121 2.065042234957218 0 0 0 0 0 0 0 0 0 0 0 0 0 0 0 0 0 0 0.3191505372524261 4.786644816398621 0.8795212656259537 0 0 0 3.188997782766819 0 9.40779297798872 7.856920659542084 0.09852060675621033 0 0.1437977850437164 0 0 0 0 0 0 0 0 0 0 0.6804699525237083 0.1345658302307129 0 0.1353988647460938 0.1250543296337128 0.498384565114975 0.2736826688051224 0.2338996827602386 0 0 2.729123547673225 0.1123693957924843 0 0 0 0 0 0 0 0.2356156632304192 12.93608059734106 0.1257512867450714 0 0 0 5.192732028663158 0 0.5052213817834854 0 0 0.7615138292312622 0 0 0 0 0.4018235504627228 0 0.2156485989689827 0 0 0.1719163805246353 8.785697408020496 10.89501698315144 11.99109876900911 402.3575558289886 18.10982728749514 354.4495354443789 48.28824969381094 116.025124438107 92.70925644040108 5.057325758039951 35.48191676288843 6.067555397748947 0.2101180255413055 0.7773922458291054 0.2339679002761841 3.273780778050423 0 0 0 3.31745220720768 0.2788555026054382 103.0376320034266 33.86938103288412
5.926635153591633 615.4312693923712 3611.810765720904 0.2654365748167038 499.1829918771982 1.287976682186127 15.94531144946814 2884.181715629995 186.6924520209432 10.10682733356953 3951.187156409025 36.72193521261215 67.64467612653971 1072.801612891257 102.7262823656201 44.88676952570677 20.49848878383636 4.882595971226692 1.30332974344492 6.87520994246006 43.27809789031744 4.363405771553516 105.0183311253786 74.09600210189819 67.02325432002544 9.482035763561726 52.18357197195292 5.457218252122402 11.6138059347868 7.317139819264412 648.3125324621797 1145.935489974916 736.5070798173547 50.15230482816696 46.10111064463854 11.05040784180164 42.1077544093132 32.3557133898139 43.96943543106318 43.79450498521328 22.42953678965569 17.25894403457642 38.25809651613235 11.62864107638597 2.850132808089256 29.21784892678261 139.8797897771001 3.541190452873707 11.31438340246677 25.92381579428911 13.18293932080269 6.566883742809296 10.96454803645611 1.573896355926991 1.828183457255363 3.589715547859669 19.75156915932894 61.12840015441179 16.01440496742725 25.63894359767437 215.8114536479115 167.7554271295667 23.76233071088791 52.17539390176535 4.735101699829102 9.399294488132 5.520224772393703 19.23221471905708 51.85350322723389 151.2475550025702 33.20796740055084 12.50333687663078 0.8147094398736954 54.89849849045277 43.66909799724817 100.0011049881577 38.50817154347897 177.7607100456953 1924.152626596391 2688.578546017408 296.7752026170492 986.1666283681989 6.497531183063984 0.3789485469460487 3.109337538480759 10.24645452946424 23.32811415195465 0.9329982623457909 5.032323718070984 1.020685844123363 13.93409401923418 3.232830122113228 130.7909484803677 21.9963006824255 9.741695448756218 18.3357612490654 3.757189899682999 1.57994232326746 10.39750725030899 12.0087438300252 0.3727413192391396 0 1.795436434447765 0.2307131290435791 0.6707252860069275 0.1341009885072708 0.2199529409408569 0.1372790187597275 3.181809321045876 0.4140788912773132 0.5096699744462967 1.008356682956219 2.271817870438099 0.3095430433750153 2.522912129759789 0.1615981161594391 0 0 0 0 0 0 0.1658125072717667 0 0 0.4447762966156006 0 0.3818820267915726 0.4136206209659576 0 0.7610089778900146 0.3710735589265823 0.3566880226135254 0 0 0.5308583080768585 0 0 0 2.794820174574852 0.1224749982357025 6.347833767533302 8.724883623421192 1.428911685943604 1.280213221907616 0.9531703293323517 0.342602014541626 0 0 0.6083775758743286 0 0 0 0.2860753238201141 0 0.4670881628990173 3.594879932701588 4.265523746609688 0 0 0.125028520822525 0 0.1109309121966362 0.09322986006736755 0 0 0.725373774766922 0 0 0 0 0 0.4301797151565552 0.6696434617042542 1.384219512343407 0.6421266570687294 4.407986596226692 2.620774701237679 0.3509916961193085 0.1341826766729355 2.51092541962862 1.772791787981987 0 0 0 0 0 0 0.3226053714752197 0.583325520157814 0 0.1031806319952011 0 0.2153962403535843 1.604761675000191 0.3156857490539551 0.7367943674325943 1.660101920366287 7.327698171138763 8.484385289251804 333.3688451647758 50.04189365357161 320.5558594912291 110.0177456662059 32.95836286991835 63.06929306685925 1.939271591603756 25.14278133958578 4.682339310646057 0.3536238372325897 1.13513246178627 0 0.1519828885793686 0 0.1136742904782295 0 6.916905224323273 2.709050953388214 23.58320674300194 8.612953059375286
0.5429681017994881 1692.615950845182 565.6867987290025 5.099819779396057 3736.176781244576 3.917738571763039 4297.147136837244 186.6924520209432 1038.420912250876 149.340242266655 1500.660162433982 24.2819300442934 965.7588354498148 2418.149561449885 38.75402007251978 12.36734464764595 8.458961322903633 0.6925192028284073 0.3370513617992401 0.6995987892150879 2.438666224479675 0.4534621313214302 2.538301400840282 5.261031664907932 1.761404171586037 0.5179088413715363 1.81203256547451 0.5127640515565872 0.741226390004158 0.6658705770969391 7.89454098790884 7.868592813611031 12.8439022898674 1.452125549316406 0.4760173410177231 0.2692299783229828 6.38026986271143 1.16125875711441 1.501985125243664 1.661055095493793 1.859330229461193 1.044111743569374 0.9796727821230888 1.069389246404171 0.3063180521130562 0.7623188868165016 52.05333232134581 0.5324108228087425 0.84254340082407 2.612762250006199 1.391305580735207 0 0.3191953599452972 0.3788870051503181 0.5616678074002266 1.394096493721008 2.498617812991142 3.045514337718487 4.405357904732227 11.18716010451317 1.744445584714413 5.637401409447193 0.140362486243248 5.96443334966898 2.085956580936909 1.713590249419212 0.275025762617588 1.241554379463196 3.892763920128345 6.80915229767561 32.88393467664719 3.691038653254509 0 11.82145603746176 6.717585660517216 31.90453011542559 8.55586414039135 5.029932677745819 10.78050197660923 23.33557153493166 5.137517780065536 5.289501138031483 2.465618319809437 0 0.4764084592461586 2.875080794095993 0.5385695174336433 0 0.9789071157574654 0 0.5371299684047699 0 9.775061644613743 1.425952076911926 0 39.11446665227413 6.663297280669212 0.5462393164634705 3.759091056883335 0.2491036951541901 0.1499848812818527 0.7762666046619415 2.755320936441422 0 2.901904910802841 2.330949604511261 1.619018942117691 0.914867952466011 6.192107111215591 2.619038432836533 2.45743203163147 8.387839742004871 9.836689941585064 3.392773047089577 3.117149189114571 0 0 0 0.2121154814958572 0 0 0 0.120397113263607 0 0 0 0 0.3936442732810974 0 0 0 0.1607400476932526 0 0 1.931424111127853 1.318582624197006 0 0 0 3.338804073631763 0 5.949887692928314 4.243910007178783 1.620078481733799 0.1502025574445724 0 0 0 0.3551512658596039 0 0 0 0 0 0 0.1345181316137314 0.1736854463815689 0.1611678153276443 0 0 0 0 0.1127142980694771 0 0 0 1.450681194663048 0.3419874608516693 0 0 0 0.1662250608205795 0 0 0 0 11.49127827584743 0 0.2033591419458389 0 0 3.332747220993042 0 0 0.1009732484817505 0 0.1223307773470879 0 0.1178172081708908 0 0 0 0 0.5462881922721863 0.09997989237308502 0 0 8.204367764294147 8.47143717110157 6.031706288456917 236.3020192012191 11.33221486955881 119.559511706233 36.18915855139494 15.74654141068459 33.85705201327801 0.7024265676736832 20.51008572429419 0 0 0.6539131626486778 0 1.761241801083088 0 0 0 1.81484592705965 0.6692664325237274 40.23817525058985 12.20978877693415
412.5755833163857 2835.03726220876 148.628491781652 2249.932180739939 809.6404154673219 385.6954432874918 2962.582928285003 10.10682733356953 149.340242266655 1833.766014158726 214.6693155542016 1275.99465059489 4773.566694863141 1419.13536888361 44.60258147120476 10.02042002975941 7.701262317597866 0.9526769816875458 0.6670934706926346 0.3247614577412605 1.821960762143135 3.082752242684364 4.167690575122833 0.8221633434295654 4.454756386578083 0 4.264677219092846 1.028683759272099 1.453799158334732 1.126377783715725 27.61586023122072 8.256683148443699 221.3165227025747 0.7881341874599457 1.373284995555878 0.2468088865280151 35.82711710035801 2.31871235370636 22.43313010782003 5.151251137256622 0.6556542739272118 1.428304858505726 1.289328895509243 1.240738369524479 0.3985961526632309 0.12705197930336 77.70421075820923 0.7220360711216927 1.926810696721077 1.489396288990974 1.34735944122076 2.293812341988087 13.80945684015751 0 3.172123834490776 4.190521970391273 29.21010425686836 49.1781132593751 17.66722384095192 22.68513449281454 3.797964110970497 8.958468116819859 1.344052135944366 8.442556284368038 5.023847833275795 2.641014344990253 1.422844409942627 0.3573153242468834 2.512928321957588 7.581854477524757 302.6604133173823 29.52993294596672 0.3888743668794632 37.77876265347004 15.01585564017296 38.13044457882643 8.029699869453907 5.55569788813591 4.327015660703182 15.71582337468863 2.094872489571571 6.933907806873322 5.829094111919403 0.1075452491641045 0.6484320163726807 8.293449357151985 0.2607609480619431 0.6558911129832268 3.24714744836092 0.3223662674427032 3.080367684364319 0.2019764631986618 4.93717135488987 1.725473552942276 1.757139652967453 1047.96090324223 42.23706248402596 1.90693274140358 26.7954516261816 176.024558827281 6.575779341161251 24.90597679466009 75.62192612141371 34.45785976946354 99.7007477208972 26.33475979417562 119.2114517986774 70.60216767340899 199.2245692759752 125.0723394304514 41.76597044616938 205.2134574651718 323.9119253456593 105.1082024201751 54.81009116768837 1.400662198662758 0 0.1151098534464836 0 0 0 0 0.5700403302907944 0 0 0.5296010076999664 0.1529274880886078 2.134543150663376 1.204953894019127 0.4281477183103561 1.799098782241344 2.588705830276012 0 2.850564531981945 52.99557622522116 26.99615503102541 0 0 0 47.7383783608675 7.038052454590797 106.9565069004893 82.22625681012869 10.863928347826 0 0.1115937381982803 0 0.5203036069869995 0.1516336798667908 0 0 0.410350576043129 0.08347709476947784 0 0 0 7.384325571358204 0.2636953964829445 0 0.4062477797269821 0 2.265692792832851 4.254651680588722 3.749646246433258 0 0 36.14939720183611 0.3598915785551071 0 0 0 1.900796920061111 0.1613006144762039 0.7539939284324646 0 0.7379653602838516 190.7703084796667 0.981124222278595 0.08479423820972443 0 0.367762491106987 56.87548752129078 0 0.9593325257301331 0.8197478204965591 0.6511392071843147 0.2320954203605652 0.2301742359995842 0.09881459921598434 0 0 0.1249980553984642 0 1.342683427035809 0 0.09791342914104462 0 165.6355798393488 101.9743365347385 145.3642718419433 467.7907165363431 14.46006927639246 208.288805551827 51.32305624336004 572.107235878706 50.05835265666246 26.58230877667665 36.70369067788124 194.2752358019352 0.4866071790456772 10.134371727705 2.286332495510578 153.0869688093662 2.288144558668137 0 3.388212636113167 0.3907484412193298 1.196952819824219 1638.69886802882 402.2701867297292
18.41606141626835 2085.036583475769 1554.258417867124 11.75999867916107 3016.975417785347 5.351714834570885 848.5049405246973 3951.187156409025 1500.660162433982 214.6693155542016 2970.033615998924 156.0202752873302 624.7110539749265 3771.331144422293 58.73678600043058 34.41033537685871 22.07565375417471 1.165111526846886 0.8772108480334282 0.8162344098091125 7.48773080855608 6.36573950946331 18.69292761385441 12.78319250047207 57.7210802808404 7.744427852332592 20.59994018822908 3.301686823368073 17.53362519294024 2.791453011333942 70.03585871309042 55.23547640442848 1116.363040961325 5.678969226777554 10.79820358753204 15.487787283957 197.575305916369 48.19534112513065 123.5764540806413 61.29208091646433 4.208291292190552 3.752019576728344 4.557497218251228 3.065567955374718 1.015133656561375 3.453732512891293 88.39604096859694 2.659871496260166 2.50782236456871 5.6222293227911 3.737578079104424 8.064311929047108 24.48765461146832 1.493168376386166 0.4717921018600464 1.290369026362896 8.385188892483711 13.06303226947784 7.844941057264805 15.72780740261078 19.15829166024923 233.7864967957139 11.75101093202829 14.04194132238626 1.670360378921032 3.525201611220837 1.294807009398937 2.683865562081337 9.02009441703558 24.26998019218445 129.0105357766151 10.49661090970039 0.4036983326077461 22.56577964872122 13.78618985414505 53.58446209132671 16.45544254779816 18.02323041856289 360.4741153270006 1469.205527722836 16.23478466272354 393.0596122741699 2.901558689773083 0.200006403028965 0.3068672269582748 5.006902366876602 3.83482326567173 0.3746589869260788 1.146215707063675 1.22745656222105 4.717977032065392 2.118152879178524 32.20657235383987 7.981894284486771 4.604957640171051 45.30692933499813 8.718428507447243 6.38345430791378 43.45445542037487 3.510732717812061 0 0.7718178629875183 2.830353304743767 2.689958930015564 3.584626525640488 0.5887171626091003 0.9895369708538055 4.342257648706436 5.439820379018784 1.799039259552956 3.622452616691589 7.374171763658524 6.936179481446743 6.418501034379005 2.690929636359215 0 0 0 0 0 0 0 0.2210429161787033 0 0 1.088222697377205 0 0.7890707552433014 0.2713897824287415 0.4365558326244354 0.8086488321423531 0.8879509717226028 0.7699673920869827 0.2532578036189079 1.806789010763168 0.7399395257234573 0 0.2499530017375946 0 2.852314919233322 0.1152444779872894 6.799950823187828 10.84838125854731 1.414425611495972 0.439271405339241 0.1262134462594986 0.2090965211391449 0 0.1245600506663322 0 0 0 0.2114680111408234 0 0.7734082341194153 0.8130674064159393 2.678746715188026 2.227654531598091 0 0 0 0 0.2015112489461899 0 0 0 2.778540469706059 0.2222253680229187 0 0.08753249794244766 0 0 0 0.2350727170705795 0.3775331676006317 0.2465018108487129 12.84920139610767 1.385296203196049 0.4697040617465973 0 0.6791556850075722 2.558759748935699 0 0.8787598162889481 0 0 0 0 0 0 0.2995997667312622 0.1707412749528885 0 0.109028622508049 0.2207614481449127 0.1676946580410004 0.1465326547622681 6.919782675802708 12.49641381949186 14.32765573263168 330.0278817415237 19.49983577430248 222.4462062194943 78.02600346505642 30.46658815443516 47.58039413392544 0.907687671482563 32.46864291280508 4.601308681070805 0 0.2374052628874779 0.1397596448659897 0.7175520956516266 0.5345873236656189 0 0 6.223095297813416 4.464031457901001 41.67153268307447 15.83579337596893
6.371159747242928 149.5131294429302 32.4565125182271 10.85536004602909 35.65068985521793 156.8445392102003 139.9026963561773 36.72193521261215 24.2819300442934 1275.99465059489 156.0202752873302 318.4956979006529 1545.717629380524 723.593978151679 28.3146830201149 19.47703469544649 12.52467951923609 0.5246447622776031 0.1891588866710663 1.498593613505363 0.6135014072060585 10.87908158451319 4.369329899549484 2.388161391019821 23.01222170889378 3.228801637887955 10.18963143229485 1.511320114135742 13.56729489564896 2.579469032585621 6.128710851073265 8.497569978237152 341.3302304148674 1.108989760279655 0.7673335745930672 3.475002035498619 87.2960697337985 17.19993514567614 186.6317026689649 44.17829145491123 1.364766612648964 1.91710963845253 1.483532048761845 1.498594887554646 0 0.5745901167392731 30.14628507941961 0.8254211023449898 2.20891273021698 1.707151263952255 2.361438386142254 6.670803144574165 58.78151418268681 0.5697258114814758 0.6095742583274841 0.2495136186480522 6.741827830672264 4.58012518286705 1.954861000180244 2.311362765729427 7.289079926908016 14.07075757533312 1.626004576683044 5.463663406670094 0.2212508246302605 0.8784127831459045 0.623834565281868 0.4343865662813187 1.805149033665657 4.98178469389677 314.97670879215 16.23584937304258 0.2663192898035049 5.892858050763607 5.523910395801067 7.119372896850109 4.243561774492264 4.095952816307545 1.844062633812428 32.40405666828156 2.245868191123009 9.349659785628319 1.063772313296795 0.4064441844820976 0 1.291738875210285 0.6299322247505188 0.1082499399781227 0.6635851562023163 1.234152570366859 4.018176674842834 2.356046423316002 14.20854513347149 4.166236788034439 6.424946844577789 809.2870960384607 62.71217547357082 6.59143739938736 236.4492781758308 10.79166470468044 1.943748481571674 5.39360623061657 16.80991508811712 2.348963305354118 23.47081065922976 4.602578103542328 21.65177285671234 17.68073982745409 45.57419063150883 22.60688134282827 10.12206595391035 49.57811921089888 71.46428664773703 25.12825620174408 13.718221090734 0.9150958657264709 0.1496036946773529 0.1976602822542191 0 0 0 0 0 0 0 0.7037015035748482 0 1.332492724061012 0.7143969014286995 1.295092895627022 0.9664368033409119 1.156415306031704 0.9993572309613228 0.6023919880390167 12.7198683321476 4.993939332664013 0.5256103873252869 0 0 9.197709411382675 3.135163769125938 28.06609658151865 25.42576590180397 6.779759086668491 0.8433828502893448 0.1767985969781876 0 0 0 0 0.1881805807352066 0 0.1155903860926628 0 0.3002617061138153 0.1841322034597397 3.733184605836868 3.035781793296337 0 0 0 0.9657408148050308 1.222625188529491 0.2637751922011375 0 0 8.22063434869051 0.7045822143554688 0 0 0 0 0 0.1355650722980499 0.1178504526615143 0.2956582456827164 47.07194376736879 1.49433209002018 0.6910858675837517 0.1202553659677505 0.6340579390525818 11.74853467941284 0 0.4174375385046005 0.3519353270530701 0.2810689508914948 0 0 0.7165816426277161 0.1203532069921494 0 0 0 0.3685411214828491 0.6263000816106796 0 0.6278128996491432 43.71175490319729 25.94927092641592 42.12747794389725 205.9834291785955 10.4036108776927 108.063235193491 56.78158653527498 57.61628367006779 11.0504409968853 6.159875720739365 17.41666071116924 29.04897712171078 0 2.609242737293243 0.36313147097826 26.03315092623234 0.3712309822440147 0 0 2.110113695263863 3.193949282169342 545.007350474596 102.8692082986236
4.430227175354958 612.4719519689679 96.66359782963991 24.55370625853539 1223.770102970302 78.10587772727013 4011.160855643451 67.64467612653971 965.7588354498148 4773.566694863141 624.7110539749265 1545.717629380524 2139.518005937338 3338.201980613172 36.63270182162523 26.99364665150642 20.5155836045742 0.5540745183825493 0.7206148281693459 1.095063127577305 1.662171050906181 11.60799809545279 6.264278680086136 5.330581530928612 30.58724327385426 3.867234595119953 13.16775879263878 4.936530008912086 21.54932129383087 2.239977359771729 10.92725288122892 9.679424777626991 816.4683814197779 1.139242179691792 2.651530772447586 3.543422862887383 146.646594285965 31.35754086077213 284.616561897099 59.05322675406933 4.082228280603886 0.9933560118079185 1.76133044064045 2.573308259248734 0.8877143487334251 1.009054467082024 47.98897305130959 0.9305828958749771 2.17790549993515 3.05580972880125 3.714814156293869 7.097979351878166 52.59712452441454 0.5291059017181396 0 0.4296693503856659 4.263410992920399 3.532423116266727 1.430657662451267 3.787730224430561 5.597043305635452 23.95405492931604 3.550811395049095 10.84959578514099 0.9545815512537956 0.2017393633723259 0.7346896678209305 1.010455146431923 1.743793249130249 7.991367757320404 722.8052887395024 20.73506634682417 0.3717087358236313 5.410834640264511 7.575483046472073 14.88060884922743 7.560497730970383 6.305160351097584 4.378159530460835 95.57635275274515 2.591380819678307 15.42652850598097 0.5879918560385704 0.4544378072023392 0.08869606256484985 2.049703620374203 2.771884068846703 0.3451819643378258 2.156918078660965 0.7380121871829033 3.467624917626381 2.467495828866959 12.14176639914513 3.344581760466099 7.030118718743324 1005.647554993629 40.53552287071943 4.197852671146393 298.2336049824953 9.462799042463303 1.425912544131279 4.465429998934269 22.33414763957262 2.616512753069401 30.10334947705269 6.431971199810505 22.94007655978203 21.5024748519063 48.78814877569675 20.76806748658419 16.23939380049706 66.19391424953938 89.14809849113226 32.09312096238136 19.07023888081312 0.1247353851795197 0 0.1036846190690994 0 0 0 0 0.1587135344743729 0 0.2756795287132263 0 0.1210976764559746 3.868659697473049 0.5882866159081459 0.8409894704818726 0.2471082359552383 1.273306265473366 0.3436886817216873 1.731905229389668 12.70784407109022 4.516599304974079 0.1426635086536407 0 0 17.36477885395288 2.388979889452457 40.00936362892389 28.62828089296818 6.241188555955887 0.4066337943077087 0.7653414234519005 0.4287803173065186 0 0.4179961085319519 0 0 0.09027153998613358 0.108321450650692 0 0.4217290654778481 0.3395112752914429 6.283291511237621 3.25985686480999 0 0 0.112684465944767 1.935300052165985 1.174536526203156 0 0 0 12.60373944044113 0.2556769102811813 0 0 0 0 0 0 0.2364495322108269 0.2956944108009338 61.97356065362692 2.656816460192204 0.4366007000207901 0 0.9094766825437546 18.95469143241644 0 0.1555009782314301 0.3489682674407959 0 0.09006118029356003 0 0 0.1415849924087524 0 0 0 0.1249220371246338 0.3972206115722656 0.2573387324810028 0.1084155365824699 48.08522019535303 29.03790967911482 49.52455534040928 261.3159503936768 10.0254682302475 134.7585835158825 66.46646363288164 42.08013420552015 27.42827030271292 1.91666853427887 24.97416494041681 22.70055185258389 0.1229262724518776 6.469176858663559 3.138953812420368 13.19261414557695 0.7943134605884552 0 0.1850159615278244 3.629341036081314 5.03649052977562 423.4743668660522 117.0902637243271
