142.2828879132867 1436.187934864312 557.9457973241806 1225.071550890803 82.40540549904108 201.0414350926876 137.6195716559887 20.22721979022026 23.0768416300416 1113.651448085904 35.34894029051065 20.88551973551512 78.74452790245414 40.36324278265238 1.456205956637859 1.031510382890701 0.336697019636631 0.09463124722242355 0 0 0 0 0 0 0 0 0 0 0 0 339.0963648036122 1.674628630280495 7.91914077103138 0 0 0.2135077118873596 0.8091595470905304 0.2372278496623039 0.6619096100330353 0.09078476577997208 0 0.3020057678222656 0.2122998386621475 1.03854014724493 0 0.7554714530706406 13.87724447250366 4.522472016513348 0.2378054335713387 0.4000508040189743 1.915876090526581 0.08812212944030762 0 0.06734851002693176 10.07024966925383 6.070026967674494 204.2659896463156 589.14577691257 40.94972178339958 18.73215629160404 0.08954057097434998 3.096006259322166 0.1102988123893738 33.48178996145725 6.321848344057798 10.47659773752093 2.946658093482256 2.789369225502014 0.2551839724183083 0.125421017408371 2.696326814591885 1.055118769407272 0.2821620777249336 97.35499532520771 24.1711488366127 27.13578101247549 11.08476836234331 1.723491504788399 1.59672986716032 15.49792621284723 1.526129275560379 6.41871702298522 14.20124913752079 0 4.274963431060314 5.30939706787467 1.73399756103754 0.155006431043148 2.020129561424255 0.07565727829933167 0.9555355608463287 0.3897405862808228 0.221155047416687 0.09712740778923035 0.2324052602052689 25.78813959658146 0.7835470661520958 0 3.063112050294876 1223.947447642684 0 0.3273507952690125 0 0 0 3.848601520061493 0 0.1807580292224884 0.7886189371347427 1.741130113601685 0.237262949347496 0 0 1.425822347402573 0.446790024638176 0 0 0 0 0 0 0 0 0 0 0 0 0.455156683921814 0 0 0 0.3125848174095154 0.6368010640144348 0.2922643721103668 0.775424599647522 0.495380699634552 0 0 0 0.4299389123916626 0 1.741490796208382 1.413112133741379 1.369140893220901 0 0 0 0 0 0 0 0 0 0 0 0 2.199279226362705 0 0 0 0 0 0 0 0 1.778552234172821 1.322591915726662 0 0 0 0 0.07794347405433655 0 0 0 0 2.454777114093304 0.7899509370326996 0 0 0 0.3259118497371674 0 0.6251825094223022 0 0 0 0 0 0 0 0 0 0 0 0 0 2.179340496659279 1.479900002479553 0.9639557898044586 217.2495068088174 1.317078247666359 85.78171947598457 2.860413804650307 951.3011633604765 10.41625601798296 1.349307432770729 0.2604425624012947 12.41098855435848 0.4197659566998482 0.6990227252244949 0 1.801083818078041 0 0 0 0.1322488039731979 0 245.1812887787819 0.839728556573391
1436.187934864312 1983.109076283872 836.0917940363288 3209.245076432824 1547.076981119812 302.1134957447648 1036.918268267065 156.3714902028441 417.8033239841461 2908.34822127223 1165.471356939524 84.75284231454134 730.7117050923407 901.4341546781361 28.53639091551304 10.05412633344531 1.361417502164841 1.008387699723244 0.29055006057024 1.572207439690828 1.153886772692204 0 0 0.1143449768424034 0.141771137714386 0.08072031289339066 0 0 0.1651965975761414 0 975.9158019088209 40.2913481220603 44.78644872456789 0.4255704507231712 0.09399209171533585 0.5757912918925285 3.819526538252831 1.519290767610073 1.785150662064552 0 0.6752105802297592 0.7530660256743431 3.241167791187763 5.633971147239208 0.3620655983686447 4.325676299631596 157.5096711367369 11.98970818519592 2.003695033490658 1.668470695614815 3.576988022774458 0.7313005030155182 0 0.5058444291353226 16.89896028488874 10.96203003451228 110.030850738287 434.4327201507986 56.3059488683939 104.487209379673 2.193168133497238 4.529274761676788 0.2914315834641457 213.0230493322015 15.33694360405207 22.50246569886804 7.050168633460999 7.841424688696861 3.648501165211201 0.4806045144796371 18.12992816418409 0.4797089993953705 0.1045888438820839 220.916358333081 157.9588056132197 208.4811398535967 153.3650199249387 7.46901611238718 17.22821292281151 91.08757995814085 14.63778634369373 26.59600500762463 31.89768313989043 0.3623208254575729 12.47500146925449 11.80213629826903 5.457714259624481 0.1811724230647087 5.096592232584953 0.07290247827768326 2.250130757689476 0.8235442489385605 1.589062750339508 0.82657315954566 0.4724200516939163 28.88998368382454 1.277777582406998 0 3.019873201847076 681.3267250061035 0.5925117284059525 0.929103896021843 0.2977307587862015 0.4251052439212799 0.7394860088825226 10.97411018610001 0 0.2242157012224197 3.640640810132027 1.596218682825565 0.409924104809761 0.2763671055436134 2.343522623181343 0.552546963095665 2.395873166620731 0 0 0 0 0 0 0 0.1271233856678009 0 0 0.1844002455472946 0 0.1390522718429565 0 0 0 0.2098824754357338 0.1263284534215927 0 0.1226092651486397 1.638627856969833 0 0 0 3.026108898222446 0 2.166224353015423 1.838644750416279 0.699648529291153 0 0 0 0 0 0 0 0 0 0 0 0 0.8303641378879547 0 0 0 0 0.08647879213094711 0 0.6780961379408836 0 0 2.862812273204327 0 0 0 0 0 0 0 0 0 8.913708105683327 2.002342849969864 0 0 0 0.1407835781574249 0 0.3741675317287445 0 0 0.2719831168651581 0 0 0 0 0 0 0 0 0 0 4.538036301732063 1.812628552317619 1.011853255331516 335.4208447001874 6.051258489489555 541.6327183693647 54.40764047205448 442.0235137268901 39.72968868911266 3.198185995221138 20.72982075810432 7.287892661988735 0 0.5545656830072403 0.1691307127475739 4.071301311254501 0 0 0 5.804461389780045 0 117.01669049263 3.132387757301331
557.9457973241806 836.0917940363288 728.4860120266676 153.0751386582851 380.3113536536694 59.14217489957809 102.4944202117622 1779.021942824125 270.8294479139149 381.1371817104518 1666.743717133999 75.20033323019743 221.3237275257707 1298.771433100104 73.77072440832853 36.8221126422286 7.095735259354115 7.644582726061344 2.031415835022926 10.6545772254467 4.203792907297611 1.767493285238743 0 0.5514762923121452 1.37070831656456 0.6060053631663322 0.1021022573113441 0.4208622798323631 0.5551195666193962 0.2145181894302368 4415.794711746275 923.038084693253 211.2104660645127 3.065520979464054 1.866566561162472 5.304963171482086 30.28094329684973 11.23089773207903 14.52303419262171 1.88597758859396 4.391682751476765 4.50943885743618 16.06987862288952 41.75943341851234 2.798110753297806 29.34212796390057 195.0061234384775 12.38030479103327 3.615636512637138 8.86254595965147 7.520184312015772 1.971813231706619 1.250201001763344 1.876078963279724 15.92075545340776 9.453569386154413 98.96200570464134 529.7702463045716 54.46609936654568 97.43483348935843 17.8723422139883 22.96800743788481 3.975691981613636 748.091903526336 12.50875364989042 17.2860508710146 7.572447951883078 13.31894029676914 24.28763312846422 9.927139908075333 86.53044416755438 3.427892781794071 0.6858165413141251 206.6452056989074 166.5150742605329 237.9616086706519 285.8942941203713 144.4356409907341 411.2296136021614 914.4339800029993 172.7704216837883 295.1410529240966 27.39170897006989 0.204859271645546 12.10942355543375 10.88017668575048 8.710631877183914 0.2887667268514633 6.033378131687641 0.8477318361401558 4.567517943680286 1.704144068062305 13.75121328234673 4.766526188701391 2.51257448643446 51.54312907159328 4.171320527791977 0.8750724531710148 7.902317352592945 393.7888418659568 0 0.9863062500953674 0.7142448350787163 0.1557971984148026 1.861752934753895 0.8985021635890007 0.6985103636980057 0.1379022896289825 2.411699086427689 7.505509339272976 0.7130624204874039 3.113752067089081 6.2574732452631 3.091451644897461 7.222162626683712 0 0 0 0 0 0 0 0 0 0 1.191956073045731 0 1.213627718389034 0 0.2811843454837799 0.4071969091892242 1.874684207141399 0.1225715726613998 0.4750749468803406 0.3555258512496948 0.7041727006435394 0 0.9316344261169434 0.7540260553359985 6.901033781468868 0.7283265143632889 9.073579661548138 4.865293331444263 5.161155946552753 0.6926768720149994 0 0 0 0 0.9390627145767212 0.1355185806751251 0 0 0 0 0 3.816283158957958 0.151521697640419 0 0 0 0 0 0 0.6877782046794891 0.4118818938732147 6.27309725433588 0 0 0 0.1071919202804565 0 0 0 0 0 28.76925658434629 1.751994609832764 0 0.08662787824869156 0 2.328254848718643 0 0.3032566010951996 0 0 0.1069393530488014 0 0 0 0 0 0 0 0 0 0 10.30869830399752 9.932056210935116 10.94594759494066 658.0272282212973 8.284348532557487 540.3907522335649 94.78876599669456 283.0770583972335 51.73598924279213 2.311866879463196 43.15590971708298 18.57591531425714 0 0.8989875093102455 0.4886229634284973 11.6472100391984 0 0 0.2496730238199234 8.78595806658268 1.834618851542473 124.3447221294045 12.12108283489943
1225.071550890803 3209.245076432824 153.0751386582851 294.16617000103 321.5388248637319 347.9950831085443 379.154843300581 6.180960521101952 47.1348499506712 2316.164723530412 17.797582000494 24.18359145522118 232.4221086427569 42.80343709886074 1.495705053210258 0.5810764655470848 0 0 0 0.0775054395198822 0 0 0 0 0 0 0 0.08423099666833878 0 0 40.12698964774609 1.21165432035923 4.830228254199028 0 0 0 2.158495306968689 0.2854582443833351 0.3793487548828125 0 0 0 0.1667159646749496 0.3545510098338127 0 0.4137979447841644 16.21778894215822 1.705851599574089 0.1141844391822815 0.1612066030502319 0.9642543569207191 0 0.1054811552166939 0 2.23830359429121 1.875098183751106 31.23425953835249 88.03642702847719 9.095603846013546 13.59771405905485 0.1004826426506042 0.9184781610965729 0 22.58371706306934 2.653822466731071 3.213735017925501 1.376108128577471 1.042139917612076 0.1275049299001694 0 2.029830440878868 0.5089492946863174 0.1494655758142471 34.60358510166407 16.96489380300045 21.53373901546001 14.040916480124 0.7754537761211395 0.791811116039753 5.197658404707909 0.3840420469641685 4.186227507889271 4.746789760887623 0 1.748621374368668 2.002656444907188 0.3782026395201683 0 1.065198242664337 0 0.4057264849543571 0.1400749012827873 0 0.1677937209606171 0 19.71890074014664 0.09870331734418869 0 0 444.4026002511382 0.0813216045498848 0 481.7023230195045 56.46630361676216 0 153.0087183117867 2.013087943196297 0.6848791539669037 17.17164424061775 4.329335257411003 0.3315233886241913 0 1.730391263961792 0 0.5596738457679749 0 0 0 0 0 0 0 0 0 0 0 0 0 0 0.279527485370636 0 0.546112596988678 0 0 0 0.7083948850631714 0 0 0 0.2859709560871124 1.047459244728088 0 0 0 0 0 0 0 0 0 0 0 0 0 0 0 0.6483462452888489 0 0 0 0 0.0778835192322731 0.3168691545724869 0.2159615233540535 0 0 0.5944820642471313 0 0 0 0 0 0 0 0 0 0.640651598572731 0 0 0 0 0.4662021696567535 0 0 0 0 0 0 0 0 0 0 0 0 0 0 0 0 0 0 68.59351073950529 0.1709793210029602 72.81036479026079 3.412464939057827 430.4160553812981 5.291947402060032 0.4152597188949585 2.485657215118408 3.416775479912758 0 0.2131108045578003 0 2.198902107775211 0 0 0 2.753859758377075 0 80.79222679138184 1.49735514819622
82.40540549904108 1547.076981119812 380.3113536536694 321.5388248637319 475.26228736341 11.50266975164413 1426.940834023058 176.7355229705572 1734.321601763368 1418.971853271127 2470.217496179044 30.15123754739761 385.4212053343654 1638.334037639201 11.44444323331118 4.769999653100967 0.186832919716835 0.545750230550766 0.2752744406461716 0.6684647127985954 0 0.1088827326893806 0 0 0 0 0 0 0.1071536988019943 0 58.47174222022295 23.57177366316319 6.97051627188921 0.1744538992643356 0.1205380037426949 0 1.580367803573608 0.2607967257499695 0.4409606382250786 0 0.2425500229001045 0.189667172729969 0.5895182639360428 2.349748000502586 0.08445151150226593 1.508113153278828 62.39788817614317 1.586138658225536 0.5069441646337509 0.5648606494069099 0.6925564706325531 0 0 0.1223435774445534 2.172792188823223 1.729441002011299 9.960854612290859 28.03194561600685 8.398135088384151 23.68673545122147 0.4533439129590988 1.339515194296837 0 50.97027953714132 2.618150375783443 3.704307720065117 0.6882729083299637 1.182495333254337 0.7309723719954491 0.222132071852684 2.745644554495811 0.1146956458687782 0 31.72997842729092 32.68153318762779 54.95974788069725 52.32096946239471 4.167772307991982 5.016820229589939 21.32734151184559 4.442065261304379 7.850914128124714 4.259233921766281 0.07368335127830505 1.529366917908192 2.208290163427591 0.8539165258407593 0.09621480107307434 0.9731887131929398 0.0691167488694191 0.3746396079659462 0.1221951767802238 0.2979911416769028 0.4770808964967728 0.1815680265426636 4.290183186531067 0.1594092398881912 0 0.194461852312088 9.567516207695007 0 0 0 0 0.3350482881069183 3.30184531211853 0 0 0 0.3747300207614899 0 0.3192293047904968 0 0.4396272003650665 0.4808512777090073 0 0 0 0.1021452024579048 0 0 0 0 0 0 0 0 0 0 0 0 0 0 0 0 0.2491829842329025 0 0 0 0.9903967082500458 0 0.2962595671415329 0.4076176583766937 0.389551192522049 0 0 0 0 0 0 0 0 0 0 0 0 0.1079596951603889 0 0 0 0 0 0 0 0 0 0.8219391405582428 0 0 0 0 0 0 0 0 0 1.275158524513245 0 0 0 0 0 0 0 0 0 0 0 0 0 0 0 0 0 0 0 0 0.5898150354623795 0.7462078109383583 0.1170550733804703 120.0025520846248 1.196420900523663 154.0560503825545 23.92809776961803 38.65827525407076 10.6753835901618 0.6448253616690636 8.543377473950386 2.310822986066341 0 0 0 0.9633870720863342 0 0 0 3.524682484567165 0 17.14788346737623 0.4346812516450882
201.0414350926876 302.1134957447648 59.14217489957809 347.9950831085443 11.50266975164413 71.96798807382584 16.45519561320543 13.83743059635162 4.569002531468868 825.0661274269223 14.04045735299587 182.1435730829835 92.86792852729559 46.40212478488684 1.5274558365345 1.163375057280064 0.155511885881424 0 0 0.1049872413277626 0 0 0 0 0 0 0 0 0 0 9.242551118135452 1.549374222755432 35.68363460898399 0 0 0 17.75446441024542 6.485821098089218 14.0888669937849 1.245500326156616 0 0.1977319568395615 0 0.5630425363779068 0 0.6970438361167908 4.67226354777813 0.09569115191698074 0 0 0.920259490609169 2.581222586333752 1.958068318665028 0.4986135065555573 0.2519687414169312 0.6824292242527008 39.53019085526466 21.69072233140469 2.651494167745113 1.479119464755058 2.659864157438278 15.97680041193962 0.3973617255687714 2.597915403544903 0.1523497477173805 0.6420726478099823 0.8153035640716553 0.5156038552522659 0.265183299779892 0 118.6305036768317 235.4591809138656 12.01232731342316 4.441840521991253 2.516506485641003 2.501289956271648 0.848065048456192 0.247504748404026 0.7166229486465454 19.33862696588039 3.127861209213734 22.72068416327238 0.582145094871521 0.2246396020054817 0.08906144648790359 1.654268994927406 0 0.6967302933335304 2.923029564321041 6.206934839487076 2.125590026378632 2.250786989927292 0.2103184014558792 0 0.6961830779910088 270.827342569828 80.11302199959755 9.559796676039696 50.89266664534807 280.0902021974325 0 0 0 0 0 0 0 0 0 0 0.2803658694028854 0.1459788382053375 0.4844778403639793 0.6383608877658844 2.027616381645203 0.4366250336170197 0 0 0 0 0 0 1.230427727103233 0 0 0.5040134340524673 0 0.2825003415346146 0.357896476984024 0 0 0 0.2386190295219421 0 0 0.3344682157039642 0 0 0.7749486565589905 1.946372359991074 0.9186048209667206 3.145058363676071 2.367203146219254 1.871263965964317 0 0 0 0 0 0.1689103692770004 0 0 0 0 0 0 2.27826689183712 0.8688208609819412 0 0 0.2001499384641647 0 0 0 0.5220168381929398 0 1.681188523769379 0 0 0 0 0 0 0 0 0.2004005759954453 3.906698040664196 1.223141670227051 0 0 0 0.1043607145547867 0 0.2432177066802979 0 0 0 0 0 0 0 0 0 0.1042702943086624 0 0 0 1.024434432387352 3.168994382023811 5.907325200736523 98.82741966843605 0.1003883332014084 10.54684818536043 1.466630175709724 237.4978261440992 0.7385088577866554 0.765206590294838 1.171741127967834 3.514178603887558 0 0.5741207599639893 0.2600072920322418 1.495804876089096 0 0 0 0 0 92.25956285744905 7.201661869883537
137.6195716559887 1036.918268267065 102.4944202117622 379.154843300581 1426.940834023058 16.45519561320543 271.3559273183346 20.61615982651711 1250.456926848739 1317.692998476326 497.1857985556126 48.24086547642946 4756.708760999143 2049.828220076859 9.061601273715496 3.893112748861313 0.7503805607557297 0.6169513612985611 0.2558469027280807 0.3345740810036659 0 0 0.07738615572452545 0 0 0 0 0 0.1308139860630035 0 29.22921212762594 12.8741840235889 3.776631750166416 0 0 0 0.8603769540786743 0.08766577392816544 0.1032633259892464 0 0 0.2320063933730125 0.07412206381559372 1.416468776762486 0.2823551744222641 0.4811441674828529 45.08775948733091 2.04512682557106 0.4700652211904526 0.5805471688508987 0.4093012288212776 0 0 0 2.848631177097559 1.352489776909351 12.42756962776184 29.60418908298016 9.331637062132359 22.96049775183201 0.4172681644558907 0.3684707954525948 0.07914239168167114 38.37551651149988 1.697443172335625 3.040369685739279 0.4005450680851936 1.662075407803059 0.9139896035194397 0 2.061523593962193 0.1249609738588333 0 29.80957973003387 27.79452868551016 45.82196832448244 46.75881630927324 3.651307739317417 2.520392820239067 3.469447277486324 1.814500391483307 5.280570782721043 4.327920235693455 0 2.193017963320017 1.370085313916206 1.288265570998192 0.09353899210691452 0.5977864786982536 0.08183801174163818 0.7429104670882225 0.1885830834507942 0.260914608836174 0.3494156748056412 0.07245755940675735 2.519136965274811 0 0 0.2107242569327354 13.49849559366703 0.1008371561765671 0 11.76964005827904 1.301975548267365 1.100891530513763 5.20699679851532 0.2755385041236877 23.61408215761185 9.022569090127945 1.030963838100433 0 26.81997206807137 11.30937796831131 7.751896515488625 0 0 0 0 0 0 0 0 0 0 0 0 0 0 0 0 0 0 0 0 0 0.1953003108501434 0 0 0 0 0.1627492904663086 0.4095208942890167 0 0.07991141080856323 0 0 0 0 0 0 0 0 0 0 0 0 0 0 0 0 0 0 0 0.3788736462593079 0 0 0.3522176742553711 0 0.1485495567321777 0 0 0 0 0 0 0 0.2111907750368118 0 0 0 0 0 0 0 0 0 0 0 0 0 0 0 0 0 0 0 0 0.1547019630670547 0 0 92.8501957654953 0.9411876499652863 148.7489496469498 19.29175510257483 42.79428644478321 12.08024925738573 0.3393910601735115 6.703320734202862 1.025455959141254 0 0.2826414257287979 0 0.5397909134626389 0 0 0 4.321667402982712 0 10.72237955033779 1.059245362877846
20.22721979022026 156.3714902028441 1779.021942824125 6.180960521101952 176.7355229705572 13.83743059635162 20.61615982651711 3280.916371099651 74.25833864510059 204.8072828650475 3024.287517897785 129.5565388426185 399.5238102152944 1994.934907916933 163.2639841064811 89.14606188982725 16.72598000615835 22.3785303607583 6.726019166409969 33.60388464480639 11.35580839961767 3.119857348501682 0.1245650872588158 0.9719981923699379 8.081616498529911 3.550787076354027 0.5194496959447861 1.539860352873802 2.433088950812817 0.3746719509363174 426.6897222772241 1176.153762936592 691.506785005331 10.83069225400686 5.023986406624317 16.25205706804991 97.24866329133511 37.03762393444777 31.78248687833548 5.682385049760342 11.34163898974657 10.87469212710857 48.30156593769789 218.9961454421282 6.577308014035225 92.47292038053274 239.686479575932 6.865388095378876 9.730343788862228 27.36318732053041 10.30259184539318 4.65383742749691 4.742576509714127 7.318237982690334 4.023380413651466 3.603286948055029 26.75168995559216 81.04273188114166 18.20353718847036 56.76859430968761 63.20068338513374 89.03575559705496 15.96975325793028 467.0544701144099 4.072363805025816 9.205030638724566 4.205171547830105 13.13440707325935 57.17588052898645 24.22178006917238 212.965878225863 13.29919534176588 1.679776005446911 71.55486818403006 76.77706458419561 158.7659573853016 346.0922871828079 364.6660708412528 2758.664071716368 4165.846653886139 630.8295615762472 1375.339065156877 8.011377785354853 0.358734242618084 4.715733453631401 4.167015362530947 9.993624269962311 0.2776559218764305 3.72641734033823 0.9662474244832993 3.336590185761452 1.761013768613338 33.85761050879955 7.071817621588707 6.523074261844158 84.90044903755188 12.02033686637878 2.65260948240757 21.60521406680346 23.29905147105455 0 1.731180220842361 0.6548792794346809 0 1.576260268688202 0.340183898806572 1.195359833538532 1.222141914069653 2.992656841874123 8.795628227293491 1.464328080415726 1.023393332958221 6.514925464987755 3.878507487475872 8.164770513772964 0.1547706574201584 0 0 0 0 0 0 0.3272386938333511 0 0 2.104441866278648 0 1.887984931468964 0.1591173708438873 1.371030159294605 0 4.79404017329216 0.7621161863207817 1.470736891031265 1.341678723692894 1.342905148863792 0 0.1248213350772858 0.5689772367477417 11.05281549692154 3.285388708114624 12.18610426783562 14.50712209194899 8.442321598529816 0.7510887980461121 0 0 0 0.7474316954612732 0.8081401586532593 0 0 0 0 0 0.3133743405342102 8.19387561827898 0.4472269415855408 0 0 0 0 0.1557305157184601 0.1469031721353531 0.7669020891189575 0.276919886469841 7.906559504568577 0.1058190315961838 0 0 0 0 0 0 0 0.1701383590698242 39.47205837070942 1.984174229204655 0.1039992123842239 0.1066360473632812 0 3.369299858808517 0.5941400080919266 0.2784384340047836 0 0.2540165185928345 0.2057075351476669 0 0 0 0 0 0 0 0 0 0 13.12165055423975 20.45317430794239 24.50476559996605 966.2136087119579 14.98330547660589 508.4471441879869 139.7603501826525 115.7156416103244 48.60926726460457 0.4833536669611931 56.33238620311022 25.50222333520651 0.1814246475696564 1.399333447217941 0.1564012914896011 16.35847694426775 0.2075908482074738 0 0 16.4403637945652 3.37535460293293 105.1070180907845 18.88600172102451
23.0768416300416 417.8033239841461 270.8294479139149 47.1348499506712 1734.321601763368 4.569002531468868 1250.456926848739 74.25833864510059 622.8644442409277 629.162281267345 1824.580868497491 115.1267109140754 2434.161816455424 1950.533617779613 15.05126215517521 5.32405598461628 0.1814338862895966 0.5929563865065575 0.2768012806773186 1.847650863230228 0.2833924666047096 0 0 0 0.2713464871048927 0 0.08664758503437042 0.1133396327495575 0 0 24.97939663380384 14.89465729147196 9.158042311668396 0.279986597597599 0 0 0.8554012328386307 0.4589087069034576 0.5371167957782745 0.1126423180103302 0.0830383375287056 0.07656547427177429 1.139704257249832 2.520815595984459 0.17141342908144 2.328973017632961 41.54437896609306 1.48137803375721 0.7507513165473938 0.8392047509551048 1.264755010604858 0 0.09950007498264313 0 1.449315793812275 0.2186498120427132 7.088652320206165 14.15868756920099 6.070622369647026 16.50833933055401 1.347285054624081 1.225143790245056 0 30.33557496219873 1.205605704337358 1.902726985514164 0.655063696205616 1.007555209100246 0.9913242682814598 0.6286738142371178 3.103883415460587 0.1057178527116776 0 23.80096412450075 26.3222991079092 43.3794849216938 37.63890790194273 5.733945302665234 6.537303552031517 8.420061036944389 6.467983357608318 9.850785486400127 1.152201972901821 0 1.6271006539464 0.9640992879867554 0.9905951879918575 0 0.7557221092283726 0.09845872968435287 0.7315695434808731 0.3960861638188362 0.545164443552494 0 0.240781806409359 3.468105018138885 0.1999389678239822 0.2587956190109253 0.4076662361621857 3.769045069813728 0 0 0.2917994856834412 0 0.1164201274514198 0.116340160369873 0 0 0.2425334602594376 0.7426055669784546 0 0 0.6253245025873184 0.2379530519247055 0.2072345316410065 0 0 0 0 0 0 0 0 0 0 0 0 0.5025224685668945 0 0 0 0 0.2508412897586823 0 0 0 0 0 0 0.1085942611098289 0 0.9387025088071823 0 0.6466366276144981 0 0 0 0 0 0 0 0 0 0 0 0 0.1028193756937981 0 0 0 0 0 0 0.1167787984013557 0 0 0.2187069058418274 0 0 0 0 0 0 0 0 0 1.223889656364918 0 0 0 0 0.1451954394578934 0 0 0 0 0 0 0 0 0 0 0 0 0 0 0 1.186207190155983 0 1.552885979413986 89.18912387639284 1.80757811665535 104.2437766566873 22.58499363064766 16.19565363973379 7.692799761891365 0.462101899087429 6.11931711435318 1.435266718268394 0.1424463242292404 0.2616997361183167 0.4195384383201599 0.4667998552322388 0 0 0 1.26452549546957 0 7.507387235760689 0.5650761350989342
1113.651448085904 2908.34822127223 381.1371817104518 2316.164723530412 1418.971853271127 825.0661274269223 1317.692998476326 204.8072828650475 629.162281267345 4127.25807955116 459.1059139445424 1968.606541596353 5609.535400904715 1134.558059137315 42.15959732979536 17.18533349782228 2.09648972004652 2.04651015996933 0.497187964618206 2.376283913850784 0.5990888550877571 0 0 0.213895957916975 0 0.1980907097458839 0 0.0961889922618866 0.4926406443119049 0.2607493847608566 84.52588205784559 24.69887791574001 196.3435829728842 0.6485433652997017 1.064224116504192 0.32001131772995 26.73094944655895 8.779712572693825 9.296275600790977 0.9593141973018646 0.9400680586695671 0.7061834633350372 3.07201761752367 9.454820074141026 0.8557410538196564 6.932488948106766 206.6007451638579 10.5675678178668 1.19750502705574 1.753586582839489 4.447842750698328 0.6235280111432076 0.4426680877804756 0.3052735179662704 9.724404692649841 8.28000321611762 104.4959576874971 238.618984259665 51.05597490817308 84.22156937420368 3.066938012838364 21.33852834999561 0.7918215394020081 133.4652025923133 11.12367333844304 13.85123443976045 5.491292163729668 5.121237643063068 4.380678355693817 0.6995525732636452 189.6516042128205 43.64741915464401 1.80434600263834 148.501606978476 81.9207179620862 138.825654078275 90.09171159565449 11.82311839610338 25.68666084855795 171.200441673398 20.5129793509841 93.45944780856371 22.89597260206938 0.2085208371281624 10.80939994007349 9.566883865743876 3.366143301129341 0.2953323125839233 4.404889944940805 0.3473766297101974 1.322954021394253 0.8733349665999413 1.202410668134689 1.265862852334976 1.221483483910561 546.5853109434247 112.9039797261357 1.04972817003727 38.10717910528183 797.1096771433949 0.4082963168621063 11.1684851795435 39.02574755251408 5.016643866896629 4.047203212976456 38.10400258749723 3.474966391921043 4.204238951206207 15.25720699876547 37.68725847452879 6.43804033100605 21.90078917890787 49.19535356014967 38.80438280105591 24.53930480033159 0 0.1980408877134323 0.2814708054065704 0.4094769358634949 0 0 0 0 0 0 0.3842343091964722 0 2.590755999088287 0.8746909499168396 0 0 2.191866934299469 2.345651686191559 1.020655989646912 3.049589961767197 3.674309313297272 0 0 0.663247287273407 19.26643504947424 1.128945708274841 18.70755305886269 12.34142084419727 4.096834696829319 0 0 0 0 0.4753197729587555 0.136249303817749 0.2896784842014313 0.08628061413764954 0 0 0 0 12.5213697552681 0 0.4603903293609619 0 0 0 0.5244162529706955 1.531822726130486 0.7337207421660423 1.791230797767639 23.45683293044567 0.9188001751899719 0 0 0 0 0 0 0 0 107.2339774444699 0.818033829331398 0 0 0 8.04289136081934 0 1.46796290576458 0 0.1418841183185577 0 0 0.2033412158489227 0.1127801090478897 0 0 0 0.213542103767395 0 0 0 65.22033713757992 34.73261884599924 28.20420784503222 1969.517307385802 17.89104783535004 688.8940082006156 127.6336484625936 1221.483172804117 71.85360775142908 2.017191134393215 66.67874669283628 92.56117434799671 0.1354129612445831 1.530384413897991 0.3356262594461441 83.91072551161051 0.8058993816375732 0.2315909415483475 0 9.60365192592144 0.1117810234427452 441.4149276539683 52.92897424846888
35.34894029051065 1165.471356939524 1666.743717133999 17.797582000494 2470.217496179044 14.04045735299587 497.1857985556126 3024.287517897785 1824.580868497491 459.1059139445424 1478.814448386431 301.8754753768444 1531.175173051655 3084.288431510329 22.37611655145884 11.72050231695175 0.7016453668475151 1.994328461587429 0.4300452470779419 3.799148611724377 0.4865724444389343 1.608186535537243 0 0.25449588149786 0.1835233271121979 0 0 0 0 0 53.46434444189072 67.36843581497669 579.7446127608418 0.6726483702659607 0.6348055526614189 1.124924302101135 59.74117232859135 14.20083546638489 10.51920925825834 0.5048450529575348 2.112151853740215 1.783231109380722 3.463145196437836 11.39583770930767 0.377384215593338 7.581817626953125 46.78261428326368 0.8454914838075638 1.038404934108257 2.06922597438097 1.172593809664249 0.7471541315317154 0.1203061193227768 1.037514641880989 0.9522782191634178 0.4689711928367615 5.31227895617485 19.60039510577917 5.097313545644283 12.82291155308485 4.63493400812149 16.06388703733683 1.223449662327766 33.908591337502 0.9170119315385818 1.151796795427799 0.9301280155777931 1.332478597760201 5.619976162910461 2.568755716085434 164.5519736409187 3.491204209625721 0.6060882061719894 17.95354557782412 17.24435030668974 33.86221165955067 29.1564464867115 8.794009238481522 77.57998482137918 1898.773445114493 39.21160638332367 103.3641542941332 2.175175219774246 0 1.171195007860661 0.7490051835775375 1.592067420482635 0 0.3067374229431152 0.2828409373760223 0.3366305232048035 0.1766877174377441 2.611060656607151 1.099632956087589 0.2406274825334549 49.49458493292332 2.747884377837181 0.2094967067241669 7.063041158020496 10.58646123856306 0.1444940119981766 2.172994181513786 0.4341834560036659 0 0.8226260840892792 0.729559525847435 0 0.6638097390532494 1.979214996099472 5.437930904328823 1.437388122081757 1.05470335483551 1.787186577916145 1.726751908659935 3.066906161606312 0 0 0 0 0 0 0 0 0 0 0.2937946319580078 0 0.5081259608268738 0 0 0 0.9704314693808556 0.2524484992027283 0 0.3142604231834412 0.2633759379386902 0 0 0 2.98883593827486 0.5082340389490128 3.3336431235075 3.470775879919529 0.5662463307380676 0 0 0 0 0 0.2004145234823227 0 0 0 0 0 0 0.5831871330738068 0 0 0 0 0.1334245800971985 0 0 0 0 2.494081027805805 0 0 0 0 0 0 0 0 0 13.67948848009109 0.595523901283741 0 0 0 1.181181766092777 0 0.1389133632183075 0.07650918513536453 0 0.08170998096466064 0 0 0 0 0 0 0 0 0 0 5.528495393693447 4.646437309682369 8.910771101713181 223.4244001433253 3.060373201966286 108.6148326918483 24.16766177117825 43.37750270217657 9.853213913738728 0.09510461986064911 15.8572051525116 7.65235847979784 0 0.3511420339345932 0 7.993815124034882 0 0 0 7.109466798603535 0 43.01711642742157 8.965800642967224
20.88551973551512 84.75284231454134 75.20033323019743 24.18359145522118 30.15123754739761 182.1435730829835 48.24086547642946 129.5565388426185 115.1267109140754 1968.606541596353 301.8754753768444 167.6777788698673 2257.578501872718 768.134698651731 7.282321117818356 4.91895018517971 0.6098024845123291 0.5155423879623413 0.2093404904007912 0.5527786687016487 0.3212345987558365 2.864276751875877 0 0 0.4219367802143097 0.2758890390396118 0 0.2034756541252136 0.9370152205228806 0 9.216035485267639 3.169479161500931 266.1684675440192 0 0 0.4285799562931061 106.2454332560301 19.29210313409567 11.92094884067774 0.9104281365871429 1.595768362283707 0.7617777138948441 1.439557015895844 3.905181266367435 0.1043172553181648 1.260992653667927 17.43859473615885 0.8298079520463943 0.1199922263622284 0.5933012887835503 0.937191016972065 2.785085551440716 1.389117643237114 1.339795887470245 0.9860991537570953 0.3182727470993996 5.833456009626389 12.90309502929449 2.831980362534523 6.266331121325493 0.7966848537325859 18.15959333628416 0.2579406797885895 13.53433635085821 0.6900090798735619 1.049926891922951 0.8727470487356186 1.00487706810236 3.764263711869717 0.7766491919755936 336.8467876091599 16.9847959280014 2.300859041512012 7.747720114886761 4.461866952478886 8.357795633375645 6.927221871912479 2.326566316187382 7.372578851878643 109.3016659244895 9.627980083227158 19.27045802026987 1.255712702870369 0.2303758263587952 0.2730034068226814 0.4566306620836258 0.5410487428307533 0.09421801567077637 1.073259338736534 1.302178978919983 0.147597923874855 0.3752625212073326 2.473094366490841 0.5688447281718254 0.8649663776159286 906.3181442245841 74.00036568939686 6.321347683668137 28.7452685162425 74.36917988955975 0.2721166014671326 3.978681847453117 1.00627126544714 0 2.192208871245384 0.5886656492948532 0.7419639229774475 1.497996121644974 6.535223700106144 20.51804564893246 2.855919368565083 2.541975252330303 8.572361774742603 8.330169312655926 12.35037091374397 0.2114539965987206 0.1786781847476959 0 0 0 0 0 0 0 0 1.547507405281067 0 0.7743160426616669 0.6601836681365967 0.3029965758323669 1.16781659424305 1.883124887943268 1.980553671717644 0.5557421296834946 1.433773130178452 2.746566832065582 0 0.9445137083530426 1.465901881456375 11.28305243700743 1.392548203468323 12.48277159780264 9.082830868661404 4.126992933452129 0.5925965309143066 0 0 0 0 0.2219685018062592 0 0 0 0 0 0 5.375757664442062 0.7070012241601944 0 0 0 0.1303312480449677 0.6061523705720901 0.2381506264209747 0 0.1925484240055084 12.73325189203024 0.3505672663450241 0 0 0 0 0 0 0 0.1579996347427368 55.15429282188416 2.542095512151718 0 0 0.4882505685091019 3.600125551223755 0.3152378797531128 1.059840746223927 0 0.3624912202358246 0.906772069633007 0 0 0 0 0 0 0 0 0 0 27.95875209569931 15.69382458925247 17.40322664380074 340.2596906721592 1.10688628256321 62.93931983411312 11.77218994498253 267.8739236816764 8.050312206149101 0.2373279631137848 9.798412434756756 32.28250016272068 0 0.4409375861287117 0.1345220357179642 35.59256687015295 0.5055851936340332 0 0 0.376140683889389 0.9633011817932129 241.8636703416705 27.536396458745
78.74452790245414 730.7117050923407 221.3237275257707 232.4221086427569 385.4212053343654 92.86792852729559 4756.708760999143 399.5238102152944 2434.161816455424 5609.535400904715 1531.175173051655 2257.578501872718 3441.848604142666 5106.62436556071 28.62938488274813 14.95834225416183 0.9107043817639351 1.66997691988945 0.3897050246596336 3.074198521673679 1.483086355030537 1.117397367954254 0 0.3869185820221901 2.121868714690208 0.9134120792150497 0 0.2471893057227135 0.7669293209910393 0 27.38010812550783 22.70610137283802 1040.403982207179 0.1800264939665794 0.1428295373916626 13.50178580731153 108.8000376150012 92.26806085556746 14.29924181103706 4.363118179142475 2.617449946701527 1.484959796071053 4.157795540988445 9.284278757870197 1.015350639820099 6.910943768918514 64.90476451069117 2.274588219821453 1.319359846413136 2.263781815767288 2.229630120098591 4.063103318214417 2.308273673057556 0.807689368724823 1.550573632121086 1.295462775975466 12.02842678129673 27.29405760765076 7.301548659801483 20.44748836755753 4.557794444262981 28.97304870933294 2.739960342645645 33.03565240651369 2.128368932753801 2.715880233794451 0.8043321967124939 1.888819985091686 4.243665605783463 1.900916270911694 525.3536231517792 10.54451467096806 0.7763928547501564 23.66828622668982 19.42039689421654 39.24896133691072 37.28529610484838 10.40453837066889 34.62898070365191 316.9650368392467 34.54241640865803 43.69416610151529 3.184693142771721 0 1.697231139987707 1.898976504802704 1.72001089155674 0.5332643389701843 0.8698602244257927 0.4333480522036552 0.7004863545298576 0.8051666989922523 3.816865898668766 1.08620747923851 0.9211140722036362 938.7896908000112 40.85767778009176 1.879899561405182 15.07510808110237 55.81547967344522 0.2329055890440941 2.881880268454552 2.077921226620674 5.093253679573536 2.796300962567329 5.152901761233807 1.438002586364746 1.307936623692513 12.07503487169743 20.73515532165766 3.298763237893581 11.93794950842857 44.31896810233593 17.44744804501534 11.02339434623718 0.1087940707802773 0 0 0.4089337140321732 0 0 0 0.1851419508457184 0 0.4078810811042786 1.192387804389 0 1.354807868599892 0 1.768351048231125 0 1.464240550994873 1.141181237995625 0.4665068089962006 0.5902186185121536 2.924507893621922 0 0.8442063480615616 1.694974571466446 16.60439126193523 2.92321453243494 13.1797189489007 9.025155231356621 4.868240527808666 0.1998050063848495 0 0 0 0 1.3108881264925 0 0 0 0 0 0.2194008901715279 8.991575963795185 0.5073645859956741 0 0 0 0 0.2439634874463081 0.8711704686284065 0.2426664680242538 0.3668142557144165 15.63754563778639 0.3130321726202965 0 0 0 0 0 0 0 0 56.2864181548357 1.41370490193367 0 0 0 4.458914414048195 0.2938078939914703 0.4743689149618149 0 0.1117541268467903 0 0.452305942773819 0.2097462341189384 0 0 0 0 0 0 0 0 29.25586726516485 20.76345334202051 22.80412629246712 425.7530343681574 5.730113998055458 175.9889484159648 36.47179199755192 204.2363686934114 19.10802737623453 0.9839779287576675 18.44446259737015 41.6109179854393 0.1050087586045265 0.3931760042905807 0.5523489564657211 31.98170503228903 0 0 0 1.897853352129459 0 213.8234174624085 29.88776516914368
40.36324278265238 901.4341546781361 1298.771433100104 42.80343709886074 1638.334037639201 46.40212478488684 2049.828220076859 1994.934907916933 1950.533617779613 1134.558059137315 3084.288431510329 768.134698651731 5106.62436556071 1748.229295179248 35.54332658648491 18.71010785549879 2.997897624969482 3.734548963606358 1.237409681081772 3.481617018580437 0.9328553825616837 3.234775885939598 0 0.2463037669658661 1.308077700436115 1.669732816517353 0 0.4896899685263634 1.466857112944126 0.09918180853128433 85.9639867991209 53.29069778323174 1322.775693483651 1.89362345635891 1.18410387635231 3.002648808062077 198.268773496151 31.25255446881056 19.89052563905716 1.621843203902245 2.276047714054585 2.11733964830637 6.976139187812805 13.8739842697978 1.201252460479736 9.810453459620476 77.15905122086406 2.386406145989895 2.261408843100071 3.264111921191216 2.507887583225965 1.34416251629591 5.891353160142899 1.925952799618244 2.239366084337234 1.51296466588974 10.91621267050505 29.81687958538532 10.55794892087579 27.45093241333961 6.566703349351883 27.6990806683898 1.617563776671886 63.66215199232101 2.375086531043053 3.728678293526173 2.41959547996521 3.259119890630245 8.232576370239258 2.740404196083546 703.7448525950313 8.953191719949245 2.385230973362923 35.48554341495037 32.67232751846313 65.86732797324657 62.41401458531618 15.70526179671288 66.55301282554865 1497.711360711604 50.27848421037197 102.8701384216547 3.889503501355648 0 1.974721688777208 1.599886354058981 1.61316529661417 0 1.46564108133316 0.6442465260624886 0.6878272444009781 0.3235015422105789 7.205149382352829 2.734746344387531 1.177138112485409 469.1486717090011 27.02835331857204 2.62357010692358 14.58588124811649 29.37386699765921 0.1460360735654831 2.425624445080757 1.443971425294876 0.4761609882116318 2.453594192862511 1.651119127869606 0.5730900168418884 0 6.306324131786823 13.09986907243729 2.024667322635651 2.263353615999222 5.299636147916317 4.929060831665993 6.589066967368126 0 0 0 0 0 0 0 0.1158872470259666 0 0 0 0 1.368713870644569 0 0.272756926715374 0.4055889993906021 0.774703212082386 1.019351899623871 0.1773922741413116 0.6779924407601357 2.151088029146194 0 1.079599440097809 0 8.118480630218983 1.5889563113451 10.52052873373032 8.488945350050926 3.97433465719223 0 0 0 0 0 0.4313191771507263 0 0 0 0 0 0 5.267301350831985 0.3727272674441338 0 0 0 0 0 0.6204276084899902 0 0 8.022543400526047 0 0 0 0 0 0 0 0 0 34.17437344789505 0.6272355914115906 0 0.188486710190773 0 1.934931479394436 0.2910178601741791 0.8742998540401459 0.1853404492139816 0 0 0.3061427474021912 0.1332537233829498 0 0 0 0 0 0 0 0 21.09990473091602 15.68783375620842 13.16636185348034 355.6908714622259 8.443450316786766 194.8766952306032 47.70618546754122 116.9896967858076 15.60129312425852 0.3408467397093773 21.63519146293402 18.58324053138494 0.1752955466508865 0.6506546288728714 0 17.60458502173424 0 0 0 2.981217496097088 0.4990890771150589 133.3005734980106 18.7659599930048
