251.9371538460255 1416.867364510894 1048.210348464549 729.949374653399 91.4485214650631 284.0894524306059 114.3616027384996 15.80013158917427 11.84582009166479 1569.427971117198 65.37934442609549 43.51786513626575 232.6249668374658 112.7934704050422 5.523769989609718 2.210241936147213 0.1543377563357353 0 0 0.0867399126291275 0.137427881360054 0.6996432021260262 0.1101579442620277 0.1227245852351189 0.1607362180948257 0.2272685691714287 0 0.08326653391122818 0 0 626.0709268003702 5.71950539201498 11.33698707818985 0 0.1334344446659088 0.3684200048446655 3.688906751573086 1.149817585945129 0.5156926885247231 0.1522654145956039 0.1397824436426163 0.1431253105401993 0.1768574044108391 0.5445262938737869 0.1663446128368378 0.3174753785133362 41.98627460002899 9.304402753710747 1.373042054474354 0.4674149230122566 3.354449987411499 1.008836761116982 0.3084480166435242 0.2601621225476265 9.934408403933048 12.8293170556426 156.193783313036 374.1655938439071 55.53143584728241 29.27719601243734 0.5502582341432571 2.163163892924786 0.3880479484796524 73.16451747715473 12.79266264289618 11.3641143143177 3.543985739350319 3.911145836114883 0.5128723606467247 0.3299196362495422 14.50348854064941 0.7871367037296295 0.2331239879131317 97.59514762461185 24.97413665056229 29.3265483751893 11.72529853880405 1.753718338906765 2.461764357984066 31.89681749045849 2.281683996319771 7.416566073894501 18.23921275883913 0.09797760844230652 11.11435941234231 6.95495729893446 2.560490787029266 0 3.480021625757217 0.703364297747612 1.767900414764881 0.6993094012141228 0.7636396884918213 0.4648853167891502 0.4195173904299736 79.27484740316868 1.040963031351566 0 1.553950220346451 1551.108856707811 0 1.431749254465103 0.725555807352066 1.970958292484283 0 3.19865483045578 0.5789119005203247 0.3615823164582253 3.460778802633286 1.518846809864044 0 0 1.083698332309723 1.09541192650795 0.2767644375562668 0 0 0 0 0 0 0 0 0.7235368490219116 0 0 0.9185594916343689 0.3080467879772186 0 0.8619133830070496 0 1.094486251473427 1.32623066753149 0.1349079757928848 0 0 0 0 0 2.292943269014359 1.198523700237274 2.381974786520004 3.673745334148407 1.01247039437294 0.1669875234365463 0 0 0 0 0 0 0 0 0 0 0 1.239345222711563 0.1028292775154114 0 0 0 0 0 0.1437091827392578 0 0 2.90810165554285 0 0 0.2197695523500443 0 0 0 0 0 0 5.763467453420162 0 0 0.1001464501023293 0 0.2195935249328613 0 1.503688842058182 0 0 0.223308801651001 0 0 0 0.09576288610696793 0 0 0 0 0 0 3.861853204667568 5.009268432855606 2.4273641705513 405.1810118108988 6.009168796241283 213.0113033652306 5.422441750764847 1351.634186550975 13.69522731006145 0.8415987715125084 5.135009489953518 17.77219918370247 0 0 0 4.304451078176498 2.326914310455322 0.726836621761322 0 0.6868835687637329 0 237.2336639165878 2.374814346432686
1416.867364510894 1552.005730547011 975.5809155851603 3321.433707937598 1363.556360542774 232.433123961091 966.6333907321095 72.1667295768857 616.1790904700756 3248.465856693685 1137.13099489361 46.65782651305199 1039.167026519775 1198.92812795192 44.53155998885632 12.75947521626949 0.9300938621163368 0.4730741530656815 0 0.3580584228038788 0.1845939084887505 1.301769182085991 0 0 0 0 0 0.4107804074883461 0.4526156932115555 0 1180.773575589061 33.2352647036314 24.08485802263021 0.1837887912988663 0.1355439126491547 0.3116359561681747 5.118078880012035 1.651379078626633 1.471428550779819 0 0.7373088970780373 0.535820797085762 1.140909716486931 2.057503394782543 0.2074119299650192 0.9018623605370522 284.5933162122965 15.04479509592056 1.019372627139091 0.819826140999794 6.362918891012669 1.32880175858736 0.1763324439525604 0.9050166383385658 13.75359016656876 16.22691142559052 87.1995814293623 282.4486511275172 57.89524826407433 88.99317195266485 0.6440607383847237 4.722573488950729 0.3186899945139885 202.9831014275551 20.36563694104552 16.73570621758699 5.630161926150322 7.039102666079998 2.674748115241528 0.9495927318930626 16.38124376535416 2.435955949127674 0.3319562003016472 174.4317446649075 136.9526186585426 147.0542337372899 76.0011151060462 6.312074922025204 4.284445807337761 66.949139110744 3.720535300672054 15.13239648193121 26.58564000576735 0.1489188745617867 19.66041829809546 11.05027388036251 4.987089119851589 0.1565513983368874 6.717463120818138 0.4166016653180122 4.371360965073109 0.9537554159760475 1.330871254205704 0.7679715678095818 1.319943860173225 23.0281932875514 0.9502488523721695 0 2.041421622037888 654.4598817974329 0 0.6207390278577805 0.6360602527856827 6.523089736700058 0.2886615097522736 20.93743029236794 0.5655490159988403 0.1623293906450272 7.035140126943588 2.809441156685352 0.5954838842153549 0.4055902063846588 0.2933948934078217 0 0.9533100873231888 0 0 0 0 0 0 0 0 0 0 0 0.2437281161546707 0.4217338413000107 0.4693695902824402 0.1576687544584274 0 0 1.120636820793152 1.016120687127113 0 0 0 0 0.1707895398139954 1.462605014443398 0.1244081631302834 2.069982036948204 1.960383802652359 0.8534989356994629 0 0 0 0 0.1086163744330406 0 0 0 0 0 0 0 0.3658917844295502 0 0.09154132008552551 0 0 0 0 0.3944560587406158 0 0 2.014644339680672 0 0 0 0 0 0 0 0 0 5.056104779243469 0.3170310854911804 0.08053214848041534 0 0.1702187210321426 0 0 0.4651907682418823 0 0 0 0 0 0 0 0 0 0 0.08296118676662445 0 0 3.570524774491787 4.356111943721771 2.757739931344986 318.3510767184198 9.196502864360809 762.4323644265532 61.19409234821796 701.9801811799407 96.63623944669962 4.059718452394009 47.48866280913353 10.24123453348875 0 0.2250848859548569 0 2.640011481940746 0 0 0 6.085897482931614 3.223187565803528 101.7510903254151 5.137992858886719
1048.210348464549 975.5809155851603 924.7772113084793 270.2931371107697 163.0070232525468 30.02875562757254 18.88384886085987 1595.389882192016 192.5459660179913 540.8867640048265 1966.56197809428 89.95057380199432 280.5604537501931 1726.813434109092 115.5017454624176 53.42103265970945 8.604977674782276 5.156119994819164 0.8327202275395393 8.177174098789692 5.031320467591286 10.78076010942459 0.3745100796222687 1.212843425571918 4.712434403598309 2.092878721654415 0.7500917911529541 1.437485843896866 4.465500339865685 0.5297496467828751 5207.432995043695 824.8937873765826 205.9926666840911 5.734247371554375 2.994102284312248 5.749833501875401 50.05489359796047 11.95388661324978 5.988806404173374 3.495808154344559 9.808955445885658 6.44020813703537 16.21700185537338 16.60623134672642 1.992181204259396 11.07593565806746 331.6034743264318 19.55454748123884 4.515047743916512 12.47770052403212 10.07616078108549 22.13577470928431 4.138180986046791 16.09193460643291 11.90670400857925 17.64763750135899 81.05259751528502 332.9860977232456 57.15834042429924 101.3761622160673 11.02728348225355 39.05106150358915 13.00912253558636 516.26100153476 18.70145923271775 21.38627955317497 6.440707720816135 13.79876424372196 38.77591940760612 15.71339701116085 113.9359637573361 19.86026630550623 2.912708222866058 194.5492130070925 176.805957980454 207.6938933134079 157.1808187663555 30.12196023762226 308.3951161727309 1462.516564399004 83.04654819518328 182.6214644983411 31.39379202574492 0.1371914595365524 22.71574039757252 12.02185076475143 9.495127744972706 0.5621875450015068 8.42076301574707 2.560661457479 8.043154433369637 3.419020362198353 26.38161684572697 9.516495689749718 11.84213861078024 79.24314852058887 4.584435299038887 1.4098154976964 4.663526237010956 338.0515338480473 0.1438314765691757 2.610845923423767 1.783845603466034 0.5467464178800583 0.9344437420368195 2.37394592165947 2.838414564728737 1.060863748192787 3.000419184565544 5.749102398753166 0.6379814296960831 1.422314710915089 4.421491205692291 2.799320228397846 4.715171165764332 0 0 0 0 0 0 0 0.1201029047369957 0.6626966297626495 0.2993045449256897 1.169947601854801 0.4287264943122864 1.484609499573708 1.242932833731174 3.304711803793907 0.9003346413373947 3.332636497914791 6.214847400784492 8.074692897498608 0.3865329399704933 0.8963379859924316 0 0 0.116447888314724 12.82536373287439 2.546012423932552 8.317141212522984 12.64581854641438 3.886126182973385 0.1211654394865036 0.4937832951545715 0 0 0 0 0.1037860214710236 0 0 0 0 0.327633410692215 8.387344643473625 0.7755710631608963 0 0 0 0 0 0.6078400015830994 0 0.2595892250537872 9.137370511889458 0 0 0 0.08254394680261612 0 0 0 0 0 31.67608531564474 2.782631419599056 0.2274779081344604 0.2095347344875336 0 2.686932563781738 0 2.258339285850525 0.2205201834440231 0 0.3908473998308182 0 0 0 0.0807742178440094 0 0 0.07524888962507248 0.07613435387611389 0.1276664435863495 0 17.70448539406061 19.56718757748604 19.20869994908571 726.0867150127888 18.07086795568466 755.4732769690454 101.0782446563244 360.5464525297284 70.86343921720982 1.600186325609684 75.60029985755682 37.84106861054897 0 1.151648566126823 0.3033940047025681 13.51351778209209 0 0.1437105238437653 0 17.90313451737165 4.893887996673584 149.8550654426217 20.28704128414392
729.949374653399 3321.433707937598 270.2931371107697 385.4756845682859 333.2424652725458 449.6277691721916 642.8608545660973 7.32659887522459 24.04335533082485 3327.492030464113 28.47678090631962 28.60257463157177 731.8507685661316 75.92814892530441 2.916277252137661 0.6605642437934875 0 0.1458710283041 0 0.0828220471739769 0 0.1664553135633469 0 0 0 0.09713234007358551 0 0 0 0 66.03928256034851 1.581306964159012 3.983167625963688 0 0 0 1.382620796561241 0.1057596728205681 1.244553312659264 0 0.1124047115445137 0.07756844162940979 0 0 0 0 30.04245299100876 3.270303957164288 0.3487837761640549 0 0.5009275823831558 0 0 0.09008092433214188 2.058885283768177 3.329095147550106 21.47568035125732 68.83945788443089 12.74821441620588 8.65022686123848 0 0.3640111610293388 0 31.67992397397757 2.854371026158333 2.393182177096605 0.7512094601988792 0.5921516492962837 0.08144168555736542 0.07034430652856827 4.530978262424469 0 0 23.73500188440084 13.31715542823076 11.95999244600534 6.032818652689457 0.3325649127364159 0.1972387433052063 1.320304811000824 0 1.364906080067158 4.296950608491898 0 1.978668369352818 2.228809595108032 0.364565297961235 0 1.08937780559063 0.08858761191368103 0.4595122039318085 0.1832374781370163 0 0.1644752249121666 0 52.04475577175617 2.28829000890255 0 0.4228011965751648 433.1728022322059 0.1326634138822556 2.443051815032959 89.06210522353649 32.33484891057014 0 36.69291707873344 4.186511188745499 3.302940994501114 55.93769624829292 9.506255209445953 0.2449336498975754 9.805813372135162 7.318681210279465 3.112985610961914 0 0 0 0 0 0 0 0 0 0 0 0 0 0 0 0 0 1.44160521030426 0.8154725432395935 0.1629518270492554 0 0.1765148639678955 0 0 0 0.7090303897857666 0 0 0.3829818964004517 0 0.156875342130661 0 0 0 0 0 0 0 0 0.1269050091505051 0 0 1.230533242225647 0 0 0 0 0 0.1297316551208496 0.3027199655771255 0 0 0.4282349348068237 0.2187079787254333 0 0 0 0 0 0 0 0 2.898848369717598 0 0 0 0 0.1863581836223602 0.06629834324121475 0 0.4323567971587181 0.09721743315458298 0.2232857048511505 0 0.1368109434843063 0 0 0 0 0 0 0 0 2.580693230032921 0 1.446296855807304 153.4961756542325 0.6107847392559052 93.45302575081587 4.397784218192101 495.7395114824176 10.37801402062178 0.09595314413309097 9.43706401437521 6.263797521591187 0 1.792221389710903 0.1703834980726242 4.587611928582191 0 0 0.4247958064079285 0 0.5359106659889221 57.51763352751732 1.607583999633789
91.4485214650631 1363.556360542774 163.0070232525468 333.2424652725458 732.9587086066604 14.08367943763733 1534.940707243979 96.81615523993969 1800.895743861794 2327.005218237638 1805.353176258504 18.22295471280813 485.753739118576 2014.730863764882 27.61713428795338 10.08435755968094 0.1556927487254143 0.2570877373218536 0 0.09040698409080505 0 0 0 0 0.112735353410244 0 0 0.1428838670253754 0.1424354612827301 0 61.38119551539421 22.0733597278595 7.959556818008423 0 0 0 1.178356945514679 0.5549020767211914 0.3100395873188972 0.2095140963792801 0.1978411078453064 0 0.719024583697319 1.177013263106346 0 0.5709490105509758 96.22993714362383 0.938912495970726 0.08961045742034912 0.6989463567733765 0.5607432723045349 0.3366676568984985 0.1206826120615005 0.5538117736577988 0.9296174049377441 1.945808753371239 10.27080695331097 21.01102063059807 6.919571563601494 17.45924988389015 0.1339741051197052 1.638887010514736 0 34.92040806263685 2.570806406438351 1.567394308745861 0.8424511626362801 0.4890036284923553 0.8460261151194572 0.4238156676292419 3.475619487464428 0.3544700890779495 0 23.77033496648073 27.85153269767761 41.1486157104373 21.40721265226603 2.10747966170311 2.364144153892994 18.48779033869505 1.163419231772423 4.361882768571377 2.78230582177639 0 1.644243739545345 1.01060526818037 0.5074742957949638 0 0.6183910518884659 0.1285926252603531 0.2311606705188751 0.2718091905117035 0.7843224555253983 0.1179645955562592 0.4785920605063438 3.971307054162025 0.4582635462284088 0 0.3748451992869377 7.676044389605522 0 0.1989824771881104 0.1428731232881546 0.4946664571762085 0 5.398216098546982 0 0.1781987547874451 0 0.3331231325864792 0 0.1837125569581985 0.2595294117927551 0.3754274770617485 0 0 0 0 0 0 0 0 0 0 0 0 0 0 0.6391956806182861 0 0 0 0 0.268136277794838 0 0.1183779463171959 0 0 0.1362417191267014 0.1183600947260857 0.4083876460790634 0.2751053273677826 0.1418382972478867 0 0 0 0 0 0 0 0 0 0 0 0 0 0.2761244475841522 0.09542302787303925 0 0 0 0 0 0 0.1558394730091095 0 0.9323026463389397 0 0 0 0 0 0 0 0 0 1.04564019292593 0 0 0 0 0 0 0 0 0 0 0 0 0 0 0 0 0 0 0 0 0.9467267990112305 1.204484768211842 1.213041625916958 138.413902617991 3.272899553179741 192.7422020435333 32.77878169715405 68.43622826039791 29.1488411873579 0.6027840450406075 27.80439441651106 2.257623344659805 0 0 0 0.9445640742778778 0 0 0 4.139513939619064 0.1891821175813675 13.52922012656927 0.7130825370550156
284.0894524306059 232.433123961091 30.02875562757254 449.6277691721916 14.08367943763733 78.55018807947636 25.20668986439705 10.32841299474239 4.615041993558407 1289.019782803953 10.17344186455011 101.3952433615923 85.96451542526484 29.62687479704618 0.1210128143429756 1.488908469676971 0.4413753002882004 0 0 0 0 0.1747618615627289 0 0 0.1591953635215759 0 0.1300225853919983 0.1023170351982117 0.173515573143959 0 17.92756816744804 0.6117161735892296 35.17750822007656 0 0 0 30.38389663398266 9.175967916846275 9.311724007129669 0.819847583770752 0 0 0.2131007686257362 0.62513168156147 0 1.007621362805367 3.347509741783142 0.09678298234939575 0 0 0.1200630515813828 6.34023030102253 1.665776938199997 0.1230188384652138 0.4061797186732292 0.3335896506905556 9.609748259186745 5.600576817989349 1.684292554855347 1.296080090105534 1.006724685430527 10.01726406812668 0.1587527841329575 3.42392373085022 0.5245141685009003 0.1388996988534927 0.3258845508098602 0.6888001337647438 0.1202360168099403 0 208.6952415630221 87.54417949169874 10.80443329364061 2.075894795358181 1.872594676911831 1.696302361786366 2.199186734855175 0.8729781806468964 0.9128399789333344 11.6489832252264 0.4749201685190201 9.805978253483772 0.358110323548317 0.5432899370789528 0 0.4597574025392532 0 0.7956647723913193 2.068252243101597 5.405714176595211 0.7175261080265045 0.3178813010454178 0 0 0.1233349144458771 282.8376819491386 131.9774774163961 1.810468509793282 52.32654945552349 203.5151129513979 0 0 0.4505768716335297 0 0 0 0.1371704638004303 0.3526098728179932 2.239951878786087 2.597557187080383 0 0 0 1.007590092718601 1.103224575519562 0.1626358479261398 0 0 0 0 0 0 0 0.2852416932582855 0 0 0 1.213557630777359 0.3480721712112427 0 0 0.8320935219526291 2.033551037311554 1.021147437393665 0.1176973283290863 0 0 0 0 0.8174069449305534 0 1.750414773821831 4.981131188571453 0.4064227193593979 0.3589660003781319 0 0 0 0 0 0 0 0.1150057315826416 0 0 0 2.167625539004803 0 0 0 0 0 0 0 0 0 1.40283890068531 0 0 0 0 0 0 0 0 0 6.821023523807526 0.9677217304706573 0 0 0 0.2899607419967651 0 0 0 0 0 0 0 0 0 0 0 0 0 0 0 3.186289586126804 2.4170106574893 4.240754067897797 153.208784468472 0 12.61665384471416 1.613359808921814 121.4730562344193 2.08698558807373 0 1.739460371434689 11.80235548317432 0 0.1399074643850327 0 6.24461230635643 0 0 0 0.7124924063682556 0 77.42185514420271 5.745309635996819
114.3616027384996 966.6333907321095 18.88384886085987 642.8608545660973 1534.940707243979 25.20668986439705 325.1509724408388 12.4462022408843 1688.995383188128 2016.34431874007 440.3784534186125 42.35236203670502 6926.322799287736 2073.548166923225 28.39940393716097 11.70433788746595 0.4479265809059143 0.06824780255556107 0 0 0 0 0 0 0 0 0 0 0.1639270335435867 0 43.05821390450001 13.41600748151541 4.946341432631016 0.1123188808560371 0.2127285003662109 0 1.663644574582577 0.4079689681529999 0 0.235401064157486 0.2417250722646713 0.1300047487020493 0.3891100659966469 0.5892328545451164 0 0.6171211823821068 101.1133863925934 1.879130207002163 0.1841927617788315 0.3434823229908943 0.4887582287192345 0 0 0.2193839475512505 0.6175091564655304 1.856801778078079 10.47515647113323 21.14958810806274 8.024057395756245 16.90079195797443 0.5325272753834724 1.045782618224621 0 30.29155910760164 1.681495849043131 1.65702011436224 0.557362399995327 0.6273612752556801 0.8397320210933685 0.280515044927597 2.910229295492172 0.1404735296964645 0.08513223379850388 20.91146209836006 24.32250177115202 41.48415742069483 20.94317504018545 2.500975206494331 0.8819786757230759 7.404101796448231 2.923444390296936 2.947111912071705 2.087364822626114 0 1.973123595118523 1.521684259176254 0.1907080560922623 0 0.455978699028492 0 0.4248429015278816 0.08878619223833084 0.3979851081967354 0.1656731218099594 0.3758233115077019 3.8421241492033 0.3409541398286819 0 0.5587075501680374 11.49577298760414 0 0.2671702057123184 6.55857652425766 12.15286725759506 0.2866285443305969 21.45306532084942 0.1551274657249451 41.4162225574255 34.44905802607536 2.841427408158779 0 15.63194090127945 2.039049953222275 12.42573690414429 0 0 0 0 0 0 0 0 0 0 0 0 0 0.1181015893816948 0.1250592917203903 0.3724464476108551 0 0.4429832398891449 0 0 0 0 0 0 0 0 0 0.1745797991752625 0 0.1897737681865692 0 0 0 0 0 0 0 0.2130661159753799 0.2757298350334167 0 0 0.4169575572013855 0.5094836503267288 0 0 0 0 0 0.2490842342376709 0 0 0 0 0 0 0 0 0 0 0 0 0 1.143961742520332 0.1441845893859863 0 0 0 0.4111601114273071 0 0 0.1085342019796371 0.7205361127853394 0 0 0.2596711292862892 0 0 0 0 0 0 0 0 1.175639942288399 1.59089145809412 0.6584762185811996 155.3734075799584 4.805081307888031 206.8288010507822 34.64026206731796 89.46596749871969 39.41768268495798 0.4647454246878624 37.44314213097095 3.158290982246399 0 0.4535978510975838 0.1726320534944534 0.9516775459051132 0 0 0 3.118389531970024 0 12.48983511328697 1.141970984637737
15.80013158917427 72.1667295768857 1595.389882192016 7.32659887522459 96.81615523993969 10.32841299474239 12.4462022408843 3818.132481709123 88.32469855248928 112.085720255971 3555.571243174374 135.9578559994698 398.3786346018314 2117.722302913666 180.3353346139193 114.638475432992 16.83979903906584 11.04628793895245 2.764811851084232 36.91100630164146 18.35354890674353 35.76250028610229 2.351762272417545 6.177092112600803 18.78927999734879 6.7823516279459 1.553981266915798 2.011663414537907 10.88087797164917 0.6978566646575928 307.2776793539524 1477.427993834019 409.3568341881037 15.28889112919569 16.46788433939219 21.89415521919727 85.63300485908985 30.47149015218019 13.58473427593708 3.79233556240797 29.41896054148674 20.22761891037226 55.83525341004133 86.48837023228407 5.993747986853123 33.72174479067326 291.4695118591189 4.366563402116299 4.664585448801517 25.35408241301775 11.12859918922186 35.34760954231024 10.64214010536671 33.41488409042358 2.195979692041874 2.110052041709423 11.43400406092405 59.48909312486649 12.18944266438484 29.05720663070679 49.04050964862108 97.88488762825727 45.34943036735058 685.2998471260071 2.575503833591938 8.473970662802458 3.189764887094498 15.30198097229004 110.7281485125422 65.78562466800213 217.5207380056381 44.39704415202141 7.50422141700983 38.73604506999254 53.83532842248678 111.4643274843693 269.1793174520135 347.9524581953883 2503.550908632576 5034.081795275211 466.6293761208653 1193.770185753703 3.234423249959946 0.5707386881113052 3.487832855433226 2.062285233289003 6.487328670918941 0.6454493626952171 2.626768380403519 6.044739276170731 6.048041738569736 11.01091641187668 82.66555619984865 29.48066912591457 29.48193423449993 92.79429361969233 9.763696543872356 2.653674185276031 8.678626321256161 11.31483355164528 0.1459646672010422 2.621441423892975 0.1551815867424011 1.210118755698204 1.540939286351204 1.858028419315815 1.406048610806465 1.622012093663216 2.632896468043327 5.303517542779446 1.585361160337925 1.868541307747364 1.476362131536007 2.732608884572983 3.505459904670715 0.19633948802948 0.1866752952337265 0.1305991858243942 0 0 0 0 0.6181197017431259 0 0.612619087100029 2.370723456144333 0.6649622619152069 1.04348449409008 4.407784938812256 6.024669788777828 0.3109189569950104 11.05400119721889 10.93926031142473 9.896861433982849 0.8048201352357864 0.9048567190766335 0.1122981384396553 0 1.025460839271545 11.846146941185 1.722370766103268 7.856149658560753 16.75997313857079 11.8280877545476 1.562261804938316 0.2136473059654236 0 0 0 0.1983693391084671 0 0 0.08289148658514023 0 0 0.6864574402570724 14.8853176087141 0.6068843901157379 0 0 0 0 0.3444324731826782 0.6148637533187866 0.6575389504432678 0 9.905319765210152 0.1582258343696594 0 0 0 0 0 0 0 0.2413720488548279 30.40718277543783 4.687402434647083 0 0 0.4664379954338074 2.314471907913685 0.5614383816719055 1.50030279904604 0 0 0.5316474437713623 0 0 0 0 0.1262068897485733 0 0.3839671909809113 0.1462527066469193 0 0 18.95809665322304 26.43328779935837 24.53780587762594 1018.696867115796 29.43220710754395 499.7195811346173 148.0585689172149 126.1127993017435 51.26936241239309 0.9331126734614372 78.80820446461439 35.70668435841799 0.2263682037591934 1.2970220297575 0.1530129462480545 14.13797331601381 0 0 0 34.5828994140029 4.701860547065735 109.7055464982986 29.66340339928865
11.84582009166479 616.1790904700756 192.5459660179913 24.04335533082485 1800.895743861794 4.615041993558407 1688.995383188128 88.32469855248928 844.4838950484991 359.0359079614282 1381.145810589194 67.11105154454708 3294.828011572361 2414.070190064609 16.38277192413807 4.347894050180912 0.09566973149776459 0.08526003360748291 0 0.08149874210357666 0.2075591683387756 0.1386666893959045 0 0 0 0 0 0 0 0 17.91136889904737 5.17396604269743 10.16523606330156 0 0 0 1.189243033528328 0 0.1423155516386032 0.2117673605680466 0 0 0.2667088061571121 0.5177061930298805 0 0 29.41795959323645 0.5476021990180016 0.307442419230938 0.1846311762928963 0.1634944453835487 0 0 0.1324133574962616 0.259334109723568 0.5302637740969658 2.718573875725269 5.115053452551365 1.858827173709869 4.637959845364094 0.3016693517565727 0.60933468490839 0 13.78255501389503 0.4319712854921818 0.4610600695014 0.06956823915243149 0.2294875308871269 0.9532056748867035 0.08757541328668594 4.15820874273777 0.1299231797456741 0 8.720863468945026 9.086181044578552 17.87420972436666 9.75446205586195 0.7340936288237572 1.736072950065136 14.74494384974241 0.563372366130352 1.424506284296513 0.7401397526264191 0 0.7420664094388485 0.4615805074572563 0.3509603440761566 0 0.1086478605866432 0.1337126642465591 0.07088057696819305 0.08258058130741119 0.321592204272747 0 0.2059591934084892 3.118993043899536 0.1162568330764771 0 0 0.8414609506726265 0 0 0 0.2071819007396698 0 1.177578210830688 0.1389869749546051 0 0 0.1650174409151077 0 0 0 0.4979165196418762 0.3576241135597229 0 0 0 0 0 0 0 0 0 0 0 0 0 0 0 0 0 0.1457374095916748 0 0 0 0 0 0 0.1543176770210266 0 0.4922659620642662 0.1205656602978706 0.130243793129921 0 0 0 0 0 0 0 0 0 0 0 0 0.172204926609993 0 0 0 0 0 0 0 0 0 0.2531806826591492 0 0 0 0 0 0 0 0 0 1.37548416107893 0 0 0 0 0 0 0 0 0 0 0 0 0 0 0 0 0 0 0 0 0.3934572339057922 0.1870701611042023 0 60.31246246397495 1.285736501216888 67.73992941528559 13.02599182724953 17.76246374845505 8.843852266669273 0.09354669600725174 12.12448532879353 0.8297533988952637 0 0 0 0 0 0 0 3.192530244588852 0 4.693782724440098 0.8133884444832802
1569.427971117198 3248.465856693685 540.8867640048265 3327.492030464113 2327.005218237638 1289.019782803953 2016.34431874007 112.085720255971 359.0359079614282 3537.988611683249 940.2021423950791 1647.181696534157 7644.65603069216 1317.160899721086 68.20903560519218 32.86075907945633 1.73470001667738 1.041804157197475 0 1.19176659733057 1.124881908297539 1.684019491076469 0.2941294014453888 0.1838611513376236 0.215861052274704 0.1372366100549698 0 0.2461398988962173 1.399903759360313 0.5753059387207031 221.8803170695901 22.52542515844107 238.8305016607046 0.1275406032800674 0.7131173461675644 0 55.23080090433359 9.608806081116199 5.056586600840092 1.363091021776199 0.8687126934528351 1.220258831977844 1.968713358044624 3.304826185107231 0.09482085704803467 1.508955299854279 230.6021231040359 6.359028920531273 0.8122389763593674 1.161820404231548 2.509667366743088 2.078706189990044 1.429976046085358 1.488205909729004 5.557044595479965 8.850559774786234 64.13057067990303 194.3194313943386 35.08904352039099 39.24320062994957 3.263987720012665 30.2860736399889 1.518388114869595 194.2445432767272 8.827850259840488 6.922644875943661 2.260309956967831 3.007013157010078 5.575935684144497 1.362050771713257 287.9393101111054 8.130573824048042 1.473511815071106 81.10979902744293 49.49244528263807 66.06271833181381 36.9306401386857 9.453686475753784 19.80643636733294 123.4883646070957 16.4434709250927 67.67512542754412 11.97843580693007 0.09206218272447586 7.852130249142647 6.379793129861355 2.371996469795704 0.1009268015623093 2.627547904849052 0.627876453101635 1.693902298808098 0.4804199710488319 2.266428880393505 1.348100505769253 1.2818693369627 762.1901199221611 54.29031006991863 1.049750208854675 17.64096088707447 770.4397938549519 0.7455083653330803 17.68843024969101 11.15179475396872 28.08467996865511 5.66256233304739 34.10536858439445 17.85424672067165 16.47945379465818 39.27314805984497 43.14977151155472 2.583355575799942 12.05276104807854 43.56705049425364 63.60951839387417 11.04564595222473 0.6190093606710434 0 0.09428750723600388 0 0 0 0 0.09902819991111755 1.148376792669296 0 0.105736568570137 0.5366362333297729 2.393229454755783 1.385937511920929 4.622495248913765 0 6.790939286351204 1.973844885826111 7.663276925683022 1.288780234754086 1.77424368262291 0 0 0.4654853940010071 32.62584900856018 3.967187158763409 17.42323085665703 19.22046467661858 10.81591627001762 0.4601323157548904 0 0 0 0 0 0 0.08891111612319946 0 0 0 0 6.19907520711422 0 0.08579071611166 0 0 0.4916008040308952 0.8181697353720665 2.853182293474674 0 0 26.56408232450485 0.1002379134297371 0 0.08952810615301132 0 0 0 0 0 0.1663579642772675 92.24098120629787 0.8960893750190735 0 0 0 7.531072184443474 0.2649600505828857 6.434296369552612 0.2648636996746063 0 0.2852476462721825 0 0 0 0 0 0 0 0 0 0 66.13997384160757 36.76943749934435 37.65184884518385 1809.600831925869 16.77364552021027 646.4233130067587 103.6071523278952 1320.435404241085 98.39648968726397 3.6927230656147 168.0408236682415 183.8126405477524 0 3.706278875470161 0.5481815785169601 82.48577614873648 0.2146140038967133 0.3278525248169899 0.2861043810844421 26.00428809225559 4.646000295877457 748.7402169331908 98.72372267395258
65.37934442609549 1137.13099489361 1966.56197809428 28.47678090631962 1805.353176258504 10.17344186455011 440.3784534186125 3555.571243174374 1381.145810589194 940.2021423950791 2081.678810708225 303.4324464052916 1608.103544160724 4713.419528022408 18.05982555449009 10.02735717594624 1.790117330849171 0.3738848641514778 0.1034004241228104 0.5534918829798698 0.4295759201049805 2.2772047072649 0 0 0.5722993016242981 0 0 0.8277849182486534 1.369540959596634 0 49.87625509500504 60.34749516844749 563.4155905619264 0.2665109634399414 0 2.282063171267509 123.8563650920987 18.75304774940014 10.39611034840345 0.3975878953933716 0.6970872581005096 0.495951734483242 0.6417456343770027 2.096866756677628 0.08895927667617798 0.5876442864537239 32.72570192813873 0.9210940971970558 0.4334113001823425 0.652200385928154 0.5586137771606445 4.654735706746578 6.118580438196659 2.819300539791584 0.1476467773318291 0.5295123681426048 1.99526422470808 14.13164149224758 3.794220723211765 5.154811330139637 1.03125211596489 48.88845405727625 1.740391053259373 16.6332830786705 0.6464790478348732 0.8431861028075218 0.109145887196064 0.6513068452477455 3.065135851502419 2.055101379752159 260.0496981590986 4.861258171498775 2.031530648469925 6.587364263832569 5.888643503189087 13.95337627083063 8.461120456457138 1.731127597391605 63.73426942527294 2126.647092506289 9.509623162448406 92.77075805515051 0.8447813913226128 0.1718332916498184 0.8668118044734001 1.186371564865112 0.470372810959816 0.1159093677997589 0.7940105050802231 1.163472361862659 0.4333317056298256 0.757657915353775 2.1648108959198 0.8905703872442245 1.829679928719997 78.79669577628374 3.310580015182495 0.5335218906402588 1.915754295885563 8.971641235053539 0.1380368322134018 0.7129798382520676 0.8953414484858513 0.6494052559137344 0.2173698395490646 0.7240201234817505 1.221656523644924 0.9044172614812851 3.098109096288681 2.69281118363142 0.2804679051041603 0.7799537926912308 1.044152922928333 1.554756999015808 2.096909210085869 0 0 0 0 0 0 0 0 0 0 0 0 0.3215142488479614 0.1513300240039825 2.033465072512627 0 0.5876213386654854 2.36615888774395 0.9501652866601944 0.1394789218902588 0.4397715330123901 0 0 0.8339182212948799 3.76685344427824 0.285506010055542 2.746460720896721 2.965579330921173 3.487930163741112 0.09946832060813904 0 0 0 0 0 0 0 0.160362720489502 0 0 0 2.942146696150303 0 0 0 0 0 0 0.2888878434896469 0 0 4.897296138107777 0.1597376614809036 0 0 0 0 0 0 0 0 12.40226512402296 0.7004843950271606 0 0.09810101240873337 0 1.468684770166874 0 0.6827802136540413 0 0.1162364482879639 0.09482809156179428 0 0 0 0 0 0 0 0 0 0 9.507683470845222 8.381855547428131 5.643687412142754 177.5139300599694 3.411197170615196 68.52307080477476 19.83398276567459 45.26365598291159 9.724723622202873 0 18.02301028370857 17.60339888185263 0 0.9706866964697838 0.410877138376236 7.480369761586189 0 0 0 4.2154261469841 0 57.8869047537446 10.7770463898778
43.51786513626575 46.65782651305199 89.95057380199432 28.60257463157177 18.22295471280813 101.3952433615923 42.35236203670502 135.9578559994698 67.11105154454708 1647.181696534157 303.4324464052916 339.8154331743717 3140.530040979385 852.5366013720632 2.89301361143589 1.972365655004978 0.2792544662952423 0.1552591770887375 0 0 0.146454319357872 3.317660853266716 0 0 2.477261081337929 0.1584788262844086 0 0.373327225446701 1.265377625823021 0 13.94856460392475 2.91942573338747 210.5506570488214 0.3216388374567032 0 0.2607922852039337 142.0588634982705 16.37187238037586 5.148953542113304 2.481730878353119 0.672962874174118 0.2896686345338821 0.07777329534292221 0.360427588224411 0 0 9.017039589583874 0.5444628894329071 0.1735077425837517 0.1060898154973984 0.781814843416214 4.621782504022121 15.34688721597195 1.793701216578484 0.3552310094237328 0.8223130963742733 2.829062342643738 9.66853591054678 2.134391136467457 1.355106025934219 0.5289149433374405 14.10395492613316 0.1055625602602959 7.479377202689648 0.1811057776212692 0.1648986041545868 0 0.09976708889007568 0.3616379424929619 0.3147534281015396 270.1037242561579 6.867242127656937 2.93052326887846 3.281768418848515 2.434696577489376 2.685267940163612 1.475472807884216 0.5163565799593925 1.629704147577286 113.3113155812025 0.4446215331554413 11.21867705136538 0.3834371268749237 0.1323742717504501 0.07353968173265457 0.148180216550827 0.07775639742612839 0.397995799779892 0.1167503669857979 1.238195635378361 0.6434779241681099 0.5289390087127686 0.3527277782559395 0.3244884014129639 0.7464248985052109 990.2151727601886 20.67645592987537 1.952183485031128 12.55243878811598 71.23001588135958 0.0976421982049942 3.826752088963985 3.482147827744484 1.262984335422516 2.659352399408817 1.934541128575802 5.567167602479458 2.326580740511417 5.968622699379921 11.48341795057058 1.561257734894753 3.51795968413353 11.89424054324627 5.193205520510674 4.798058807849884 0 0 0.1162329167127609 0 0 0 0 0.1975777447223663 0 0 0.1408074349164963 0.1242666095495224 0.315656378865242 0.3736604452133179 1.009135231375694 0 2.329486101865768 1.155970975756645 1.707073450088501 0.9104122743010521 1.889132238924503 0 0 0.1213618665933609 11.44117253273726 1.056349694728851 7.192275755107403 6.972913548350334 4.730728149414062 0 0.1203444451093674 0 0 0 0 0 0 0.201527863740921 0 0.1983346045017242 0.1469313204288483 3.390506118535995 0.1369780451059341 0 0 0 0.143516406416893 0.2294898107647896 0.8810918480157852 0.1271386295557022 0 11.33433005958796 0 0 0 0 0 0 0 0 0 36.26081427186728 0.380562998354435 0 0 0 2.0614018663764 0.09603291749954224 0.7327186018228531 0.09033553302288055 0.08214113116264343 0 0.1049275249242783 0 0 0 0 0 0 0 0 0 26.24767809361219 13.33035768568516 16.63668040186167 249.0318051502109 0.9357729703187943 25.12179179489613 5.300995640456676 137.3042084574699 4.956116393208504 0.179749608039856 5.091015443205833 60.41789754480124 0 0.5848155543208122 0.2888322770595551 22.52520254254341 0 0 0.1143049970269203 0 0 378.2321025505662 39.23755657672882
232.6249668374658 1039.167026519775 280.5604537501931 731.8507685661316 485.753739118576 85.96451542526484 6926.322799287736 398.3786346018314 3294.828011572361 7644.65603069216 1608.103544160724 3140.530040979385 2661.603913739324 5830.668849058449 31.49278017878532 13.91890626400709 1.552599608898163 0.5215902179479599 0.1189323216676712 0.8147002756595612 0.5785972848534584 3.214420199394226 0 0.1409289538860321 1.437967121601105 0.1224055737257004 0 0.3417763039469719 2.910579472780228 0 47.18257047235966 13.81117050349712 859.5851361453533 0.09666864573955536 0.1097233891487122 1.622788712382317 159.566322222352 35.15142899751663 16.64629526436329 7.622295066714287 0.7344142347574234 0.4043572545051575 1.536476880311966 1.914093606173992 0.2440376579761505 1.290403537452221 74.23852075636387 1.559694167226553 0.1518717706203461 0.7506789118051529 0.7600796893239021 5.345621630549431 10.3985156416893 3.032689101994038 1.366715230047703 1.499338336288929 8.870874002575874 23.78966604173183 6.46376671642065 12.05675241351128 1.247245356440544 24.42798965424299 0.8225069940090179 37.36770705133677 1.815718963742256 1.049298360943794 0.5783262923359871 1.266080811619759 3.421117566525936 1.338225267827511 415.084287583828 8.192867934703827 1.564215920865536 15.84465737640858 16.51959471404552 32.00417349487543 16.69390992820263 2.531800232827663 12.25194079428911 335.1760082915425 8.681276679039001 17.89326739311218 1.220201469957829 0.1008958220481873 0.9271654486656189 0.5975654423236847 1.035928457975388 0.1393259614706039 0.9572951570153236 1.190568998456001 0.8737484738230705 0.2480035498738289 2.174016550183296 0.5890587121248245 2.109101265668869 1311.242835208774 40.32068563997746 1.30227068066597 22.02047219127417 77.74757402390242 0.5043279975652695 6.682885512709618 4.162669993937016 3.112931817770004 1.72912822663784 14.86059696227312 4.837358273565769 3.694327995181084 17.23248053342104 17.1087221801281 2.040783502161503 6.521562710404396 11.84007854014635 11.17212188243866 6.108390845358372 0.107318639755249 0.1280449479818344 0 0.1132888570427895 0 0 0.1262042969465256 0.2305947095155716 0 0 0.1260879784822464 0 1.903791293501854 0.8610840439796448 1.226985171437263 0.1440242826938629 3.369236499071121 1.009278476238251 3.042582534253597 1.070572301745415 1.453345909714699 0.1218291074037552 0 0.2874172329902649 20.0716927498579 2.410029917955399 13.72978976368904 12.30851199477911 3.901811331510544 0 0 0.1436836868524551 0 0 0 0 0.09656193852424622 0.1024840250611305 0 0 0 4.201757222414017 0 0 0 0 0.1241660714149475 0.1285840272903442 1.245444409549236 0 0 17.85058972239494 0.2465525567531586 0 0 0 0 0 0 0 0 55.59359946846962 0.1453458666801453 0 0 0 3.623077146708965 0 3.053490966558456 0 0 0 0 0.1888836175203323 0 0 0 0 0 0 0 0 39.7103890478611 28.52134731411934 24.75616004317999 417.2746818214655 3.985989443957806 156.9037989005446 39.15025493502617 175.9848357439041 21.6803142875433 0.4840675294399261 34.6037580370903 91.52662299573421 0 2.55988571792841 0.427587166428566 39.31448454409838 0 0 0 5.541907012462616 1.583063140511513 418.3379490226507 51.45827489346266
112.7934704050422 1198.92812795192 1726.813434109092 75.92814892530441 2014.730863764882 29.62687479704618 2073.548166923225 2117.722302913666 2414.070190064609 1317.160899721086 4713.419528022408 852.5366013720632 5830.668849058449 2534.271616332233 44.40984611958265 18.51447531580925 1.953847043216228 0.6719499528408051 0.09922875463962555 1.632506154477596 0.9536777436733246 10.02001997828484 0.1444722265005112 0 1.788222327828407 0.4234633594751358 0.1403343975543976 0.1192602142691612 4.087000787258148 0 114.173569470644 43.56543960422277 1179.061869822443 0.1870024055242538 0.2266724556684494 2.435971841216087 519.8673649057746 90.03407474607229 31.46770963072777 16.15007852017879 0.9226860478520393 0.6683638989925385 1.91252725571394 3.364357993006706 0 1.029746286571026 92.34520234167576 2.526921458542347 1.021583579480648 0.9910722896456718 1.854700818657875 6.598091281950474 19.21770747005939 4.096128687262535 1.320015273988247 2.103255815804005 8.674086309969425 23.70882679522038 7.76403571665287 17.90241160988808 2.014010205864906 51.97401967644691 1.536683514714241 53.87023024260998 2.061043731868267 1.684388414025307 1.118464045226574 1.589597545564175 4.422553487122059 1.86225264519453 844.3187639564276 11.24493627995253 1.53933373093605 27.74605415016413 29.18900986015797 49.87692717462778 28.68817787617445 6.29461133480072 29.10011962801218 1387.525241851807 13.76633373647928 103.2277953103185 2.348074182868004 0.2332578003406525 1.907732989639044 1.156766794621944 0.6765694916248322 0.2743796408176422 0.8778843730688095 1.523186691105366 0.9809389039874077 0.7391629815101624 2.87078133225441 1.44637830555439 1.356582887470722 386.1388572379947 14.31073971837759 1.012538492679596 22.47815528512001 29.21296261996031 0.1051618009805679 3.074744902551174 2.159070424735546 0.5820321589708328 1.120659701526165 3.366011291742325 3.31724326312542 1.847815491259098 5.813494317233562 9.798813566565514 1.020526453852654 2.468308433890343 11.37628151476383 6.610685110092163 4.212762326002121 0.0940917506814003 0 0 0.247183695435524 0.1379254907369614 0 0 0 0 0 0.2781086266040802 0.4342249929904938 1.625731416046619 1.201012641191483 0.6610545217990875 0.6256193071603775 0.9531957358121872 3.240975327789783 2.390695549547672 0.5280406847596169 0.4630662500858307 0 0 0.1223789155483246 10.86432439833879 1.657309271395206 6.890697918832302 9.185395441949368 4.155903704464436 0.6187499165534973 0.2320594191551208 0 0 0.1059438586235046 0 0 0 0.2011116966605186 0 0.0990939736366272 0 5.467842012643814 0 0 0 0 0 0.1014934778213501 0.3986836075782776 0 0.2582297325134277 10.76034031808376 0.09845445305109024 0 0 0 0 0 0 0 0 32.42257822304964 1.703894458711147 0 0 0 1.545561842620373 0 1.734198234975338 0 0.3108321130275726 0 0 0 0 0 0 0 0 0 0.1394043564796448 0.1096054017543793 23.10861092805862 17.00249749422073 15.42379175126553 334.8434690609574 7.54656245559454 209.4383226335049 47.01983967423439 105.6048674508929 29.95739217847586 0.4858848378062248 39.84941942989826 32.69721759110689 0 0.717597208917141 0.6179483830928802 15.73877865076065 0 0 0 6.281801797449589 0.7018717750906944 181.5103991478682 25.32637690752745
