251.1837964504957 2622.851160421968 403.8513404652476 1011.908190257847 27.19947427511215 159.5565883219242 33.48588454723358 145.0236729905009 1.379449531435966 249.090811625123 56.19208435714245 8.245138920843601 15.62934423983097 33.46765058487654 9.441679038107395 1.090521477162838 1.046394355595112 0.2673859000205994 0.3455541506409645 0.8534220457077026 2.008452013134956 0 0.1759152859449387 0.6833052188158035 3.515195123851299 0.0957171618938446 1.021219797432423 0 0.1536106467247009 0.1063850969076157 950.0961266085505 25.25140325725079 6.090207979083061 1.085717409849167 2.023720107972622 1.909862726926804 3.788005009293556 1.523238159716129 0.7319667935371399 0.328475646674633 0.8473129943013191 0.465434156358242 0.6278023719787598 0.5766303390264511 0.3713576644659042 1.426032714545727 67.42034704983234 6.752429626882076 0.6596334129571915 0.3738844469189644 1.643250301480293 0.2468091249465942 0.4930676221847534 0 3.442060649394989 4.463992178440094 336.3037050813437 1514.250806942582 48.308971747756 63.16501950472593 4.232838004827499 1.888966351747513 1.523043304681778 53.40007296949625 6.301360815763474 5.119175836443901 1.643702618777752 4.861850090324879 5.661824114620686 4.861962333321571 14.40470071136951 1.435111522674561 0 347.1933384314179 166.004605025053 174.1262652352452 24.40878485143185 1.639638558030128 12.43795232474804 70.93411462754011 6.065535478293896 8.052842810750008 9.178767547011375 0.08711674064397812 4.005380697548389 4.784936539828777 1.257496446371078 0.3201887011528015 3.037937380373478 0 1.250483185052872 0.7233182862401009 2.554625764489174 0.4335495680570602 0.5197927355766296 105.7401913180947 9.343771032989025 0 1.095040425658226 1023.928798533976 1.301626659929752 9.083539761602879 13.96813388168812 5.876365907490253 10.57501449435949 8.58235165476799 52.53579813241959 4.586204327642918 18.40063941478729 29.79632946103811 13.35763391107321 9.485518746078014 22.75103785097599 4.831840142607689 24.6959190517664 0.2086152508854866 1.011715061962605 0 0 0 0 0 0.9376567602157593 0 0 0 0 0.1316384375095367 0 0.1097014918923378 0 0 0 0.1143386140465736 7.480312250554562 6.92048442363739 0 0 0 2.464094363152981 1.121080502867699 3.395588241517544 2.785814300179482 1.508505553007126 0 0 0 0 0.6715916991233826 0 0 0.2534355893731117 0.09100473672151566 0 0 0 0.3803537487983704 0 0 0 0 0.4256370589137077 2.936151765286922 1.669860355556011 0 0.3357885479927063 7.319849796593189 0.6419768333435059 0 0.08737794309854507 0 0 0 0.08009882271289825 0 0 6.955567166209221 0.3962194323539734 0 0.2136598974466324 0 1.164442308247089 0 1.555898740887642 0.2599155157804489 0.3956317231059074 0.7520084083080292 0 0.1328582614660263 0 0 0.09210388362407684 0 0 0 0 0 12.38087352365255 1.973387472331524 4.890562564134598 350.3731506839395 8.845365025103092 472.275711029768 25.50890888273716 1463.029545687139 21.68925593793392 0.2093563675880432 1.804475218057632 37.24367132782936 0 2.620933316648006 0.291257843375206 39.69339948147535 0.4789517223834991 1.16741144657135 0 0 0 340.6693870946765 87.02982733398676
2622.851160421968 2805.491212502122 2495.652309939265 1301.596653036773 451.3517231494188 169.6275900602341 1707.367392204702 893.8709321320057 680.3796866759658 5990.221319325268 3072.885407783091 650.2477488741279 2242.399972200394 3850.416807211936 36.71392212808132 8.66497940570116 1.987830400466919 0.3416748195886612 0 1.859386943280697 2.797678075730801 0 0.6306446343660355 1.511134549975395 8.84223035722971 0.194974422454834 1.053161717951298 0.363703615963459 0.6466200575232506 0 2683.581244468689 146.2681355774403 43.7745599001646 1.870406478643417 3.243632189929485 8.072039894759655 34.2847688794136 5.691137008368969 3.31132760643959 2.819476313889027 2.003308713436127 0.5360078066587448 1.237371332943439 1.666790090501308 0.5790489986538887 1.756888635456562 161.0716642215848 7.898286417126656 0.9202396795153618 1.455026231706142 1.735975198447704 0.1447392851114273 1.045490927994251 0.2489763274788857 3.730309039354324 2.702868565917015 68.80602936446667 677.6909653544426 34.01271400600672 122.6262394189835 4.950200632214546 5.161561906337738 2.983403287827969 134.300654001534 5.129738017916679 5.858418218791485 3.052399545907974 5.553919121623039 6.823346056044102 6.955445170402527 67.7705505490303 0.4048783555626869 0 282.766777575016 230.3128690570593 411.2856337055564 144.3121462538838 9.67704251408577 38.06517890840769 155.4949426576495 12.9095040038228 15.19752205908298 7.157288685441017 0.3277333527803421 4.067769922316074 4.904269307851791 2.466304630041122 0.3094758465886116 2.789286077022552 0.09507032483816147 1.727660894393921 0.2965487465262413 4.630333833396435 0.831697128713131 0.3652819767594337 302.6160643026233 10.37977983802557 0.2874161303043365 4.351180978119373 193.1373974829912 3.964854814112186 4.463841691613197 5.084519855678082 34.65504856407642 9.286469735205173 19.94281233102083 31.84698414057493 5.679247364401817 19.77005460113287 26.11968483030796 21.94141709804535 11.37305969744921 29.05598797649145 8.884290464222431 42.68366516381502 0.8471895903348923 0.102830171585083 0 0 0 0 0.1242738589644432 0.1040607020258904 0 0 0.5215953662991524 0 0 0 0.1791693642735481 0.1218916475772858 0.9293087050318718 0.1127177774906158 0.2276036888360977 12.48314920812845 7.582684263586998 0 0 0 9.604758754372597 0.7466143667697906 10.10619306564331 3.03325454890728 1.815749600529671 0.1187056005001068 0 0 0.3438891172409058 0.1658142358064651 0 0 0.7361894696950912 0.88230861723423 0 0 0 0.1634680479764938 0 0.09202208369970322 0 0 0.1203893274068832 2.862533278763294 0.3769400119781494 1.572348095476627 0.6062602251768112 7.836549259722233 3.168838389217854 0 0 0 0 0.1044308021664619 0 0 0 21.34801598638296 0 0 0 0.1969592571258545 9.324362099170685 0.7412371039390564 3.816311158239841 0.2981143295764923 0.7240034937858582 1.445233821868896 0.1117635890841484 0.9916065260767937 0 0 0.1080528497695923 0 0.4477258622646332 0 0 0 29.89994575083256 7.104725942015648 11.60957816243172 402.7511620894074 20.07481703907251 672.6114569380879 50.20520056784153 343.8310085386038 27.14580356329679 0.6844278424978256 5.808993972837925 21.54901663959026 0.09480810910463333 3.335311591625214 1.331729717552662 19.48593700677156 1.809428192675114 0 0 0.2201058268547058 0.7383118271827698 218.5655615106225 83.66867030411959
403.8513404652476 2495.652309939265 1021.891381658614 70.52134381234646 584.4462931901217 4.780122235417366 138.5086956322193 1998.512927502394 226.5163285285234 434.6891034841537 1631.006087370217 218.2353537008166 380.1804938241839 1246.975418768823 13.151441834867 5.631878219544888 4.705879874527454 4.284687712788582 1.99650164693594 20.18734340369701 15.50276007503271 0.1162799373269081 10.29467548429966 8.188441783189774 27.91483783721924 0.2220358848571777 6.983914457261562 0.7352238893508911 1.088980950415134 0.1244615167379379 2395.663138523698 479.4882024750113 82.6450275555253 23.81570453196764 25.91476032882929 30.23560390621424 40.2660990357399 12.27512396126986 5.537159882485867 5.363487578928471 7.702140480279922 2.950228586792946 17.2839077860117 6.706603571772575 5.98496650159359 11.38455149531364 38.65908601880074 6.781787641346455 3.465236805379391 14.63119067251682 4.471860311925411 0.1011163964867592 1.600349210202694 1.771558925509453 0.2551923841238022 1.235617972910404 20.42648585885763 536.4218692705035 4.817321553826332 19.30839830636978 52.37884633988142 12.68791004270315 14.82927148044109 109.9135002940893 0.5268490985035896 4.990959033370018 1.585022434592247 21.51160784065723 74.97960814088583 63.25780050456524 44.9030385389924 1.583781555294991 0 52.56383763998747 60.793232165277 70.31887312978506 45.88382406532764 28.43862427026033 309.339500002563 777.3081336170435 102.9895219802856 257.1941486522555 2.084148563444614 0 3.735270895063877 1.241168811917305 12.52116889506578 0 0.627158910036087 0 1.387568362057209 0.2286446243524551 27.65179908275604 3.275389015674591 0.6699755489826202 110.6006276980042 10.76229202002287 0.3683641105890274 2.661295518279076 105.9723714515567 1.013845600187778 1.118857085704803 0.5706222429871559 0 2.726204760372639 3.937164478003979 8.863255433738232 2.186188004910946 4.553208962082863 8.537742927670479 7.044604733586311 3.985189706087112 9.088070474565029 2.323997810482979 16.91158530861139 0.2080631628632545 0.3297446668148041 0 0 0 0 0 0.2450180798768997 0 0 0 0 0.213915228843689 0 0 0 0 0 0 7.731457017362118 3.730180375277996 0 0 0 3.709373086690903 0 6.255708321928978 3.444369748234749 1.383874721825123 0 0 0 0 0.1282515972852707 0.145108237862587 0 0.6010676696896553 0.4392086267471313 0 0 0 0.3213490173220634 0.159356951713562 0 0 0 0 1.316302217543125 0 0.1830368191003799 0.2475220263004303 3.266981326043606 1.78592848777771 0 0.1321697980165482 0 0 0 0 0 0 8.35703831911087 0.991834469139576 0 0.09570416063070297 0.09691151231527328 6.225153394043446 0.5716970041394234 2.351760052144527 0.2573522627353668 0.225539043545723 0.3249500691890717 0.183520570397377 0 0 0 0 0 0.08162363618612289 0 0 0 8.435781560838223 4.246849663555622 6.512667246162891 79.53916476666927 21.41717103868723 124.7569240182638 27.85421077162027 68.40953634679317 5.544599696993828 0 1.461091794073582 5.473588101565838 0.1904557198286057 2.325875267386436 0.3203429728746414 4.319780260324478 0.3830769658088684 0 0 0.9460447281599045 0 26.89261366426945 14.40681079030037
1011.908190257847 1301.596653036773 70.52134381234646 450.8888870701194 17.92474076151848 807.2869786396623 612.5383362323046 1.209992721676826 0.4063323140144348 1599.655135966837 21.64454489201307 2.489689245820045 7.058488979935646 2.669607378542423 4.852017685770988 0.5579274669289589 0.4405113160610199 0 0.09928737580776215 0 0.7815902233123779 0.09709112346172333 0 0 0 0 0 0 0 0 113.9268054887652 6.115317896008492 0.1907391399145126 0.2692169100046158 0.1189421415328979 0 0.4867933765053749 0 0.377813495695591 0 0 0.1231952011585236 0 0.1237918511033058 0 0 43.16221974045038 2.791658587753773 0.2999762892723083 0.08435448259115219 0.402077853679657 0.3640730381011963 0.1147801429033279 0 2.096769690513611 2.869499780237675 53.98122901469469 223.0762515664101 21.37841182202101 38.02377784997225 0.1038688346743584 0.1422266513109207 0 26.12632212787867 2.482521742582321 1.692561782896519 0.5950650721788406 1.316273599863052 0.1907363533973694 0.09785009175539017 4.944660879671574 0.4336734712123871 0 130.3768376335502 77.22888111323118 103.9892606586218 14.76752147078514 0.4103584066033363 0 0.8612383306026459 0.7668818980455399 0.9022305756807327 3.157782658934593 0.3184844404459 3.243576884269714 2.601618640124798 0.5179028734564781 0.3824627324938774 0.9195009768009186 0 0.9848046749830246 0.1499801129102707 0 0.4470020234584808 0.2747129946947098 203.664068043232 3.856942877173424 0 0.6005482450127602 242.4336813539267 1.241594441235065 11.91384742408991 26.25841296464205 41.84292630106211 13.05410340428352 22.60037672519684 84.19219243526459 8.32347846031189 49.30150906741619 58.46301576495171 15.64217624813318 11.86062572896481 34.51515261828899 6.125538162887096 24.90370104461908 0 0 0 0 0.1306619197130203 0 0 0 0 0 0 0 0.4168302714824677 0 0.09018915891647339 0 0.5925349295139313 0 0 8.277938283979893 4.083866834640503 0 0.3258273601531982 0 1.991504721343517 0.2173340618610382 2.784666158258915 2.412637546658516 1.394772440195084 0 0 0 0 0 0.4118363037705421 0 0.520836628973484 0.628807358443737 0 0 0 0 0 0 0 0.09100322425365448 0.6506237089633942 1.466061398386955 1.500852689146996 0.1406483501195908 0 1.452371500432491 0.2398524656891823 0 0 0 0 0 0 0 0.1367363482713699 5.554103091359138 0.1018255650997162 0 0 0 5.046287834644318 0.4666328877210617 0.288252517580986 0.2280517369508743 0.2061483711004257 0.8774838075041771 0.222610667347908 0.8325043693184853 0 0 0 0 0 0.1470741480588913 0 0 13.59191941469908 0.6060269549489021 2.635239169001579 247.0757282450795 4.697548441588879 245.4332815408707 8.619912602007389 1019.308642953634 14.41296593844891 0.7156487703323364 0.4692243039608002 21.19863491505384 0.7873381078243256 2.071739159524441 0.7071947380900383 48.3231324031949 0.154387891292572 0 0.5537507832050323 0 0 375.1481224298477 101.2530302554369
27.19947427511215 451.3517231494188 584.4462931901217 17.92474076151848 47.30892431735992 0.1810739636421204 227.6977011561394 189.9972104132175 336.6465713381767 305.7294284179807 654.5182083845139 10.03779919445515 442.3521459549665 487.5628990232944 0.4593790248036385 0.1049125641584396 0.08396074920892715 0 0 0 0.1465947329998016 0 0 0 0.6713907048106194 0 0 0 0 0 17.45000070333481 3.624215513467789 0.7410793900489807 0.1305142641067505 0 0 0.951061487197876 0 0.1029291972517967 0 0 0 0 0 0 0.1052166074514389 3.125216767191887 0 0 0 0 0 0 0 0 0 0.318501889705658 3.705650828778744 0 1.857165031135082 0.2036387547850609 0 0 1.808292485773563 0.1994452029466629 0.09925435483455658 0 0 0 0 0.7889525815844536 0 0 2.767879441380501 3.024757362902164 7.014000549912453 5.019178926944733 0.1546202600002289 0.8918083980679512 2.596398711204529 0 0.09382230788469315 0.1621236950159073 0 0 0 0 0 0 0 0 0 0.09823784977197647 0 0 11.62837303429842 0.4034654498100281 0 0 0.4223709180951118 0 0 0 0 0.4186857640743256 0.1089305207133293 1.60649748146534 0.5399515479803085 0.744275689125061 0.8629803135991096 0.1216999366879463 0.2010425701737404 1.259205438196659 0.1034544035792351 1.116450779139996 0 0 0.1023635044693947 0 0 0 0 0 0 0 0 0 0 0 0 0 0 0 0 0.0855695828795433 0.120384007692337 0 0 0 0.5832890793681145 0 0.4299581944942474 0.360332116484642 0 0 0 0 0 0 0 0 0 0 0 0 0 0 0 0 0 0 0 0 0 0 0 0.6131801307201385 0 0 0 0 0 0 0 0 0 1.223066627979279 0 0 0 0 0 0 0.1960836201906204 0 0 0 0 0 0 0 0 0 0 0 0 0 0.7468775063753128 0 0 5.568055398762226 0.2740353643894196 12.85779659450054 1.191629454493523 0.601230263710022 0.132672518491745 0 0.1230935677886009 0.2147157043218613 0 0 0 0 0 0 0 0.2393468767404556 0 4.701231457293034 2.934344083070755
159.5565883219242 169.6275900602341 4.780122235417366 807.2869786396623 0.1810739636421204 2.510749936103821 17.11952798068523 0.2991003394126892 1.504476688802242 317.3901280835271 1.675286613404751 12.20769415795803 20.40847088396549 6.572714246809483 0.3786946684122086 0.3852299079298973 0 0 0 0 0 0.1981893926858902 0 0 0 0 0 0.1236295849084854 0 0 24.87610110640526 0 0.8048444092273712 0 0 0 3.076458722352982 0.2966498285531998 5.20437628030777 0 0 0.134859561920166 0 0.09953568130731583 0.1107867062091827 0.3819301277399063 1.285409912467003 0 0.1864140033721924 0 0 8.33295713365078 0 0.3246535509824753 0 0.3399642109870911 69.96538441628218 24.32179538905621 2.147344306111336 0.6588413193821907 1.348712779581547 2.383940666913986 0 0.1085460558533669 0 0.1271146982908249 0 0 0 0.1001336649060249 58.9652995839715 77.55084133148193 8.873053185641766 3.772503837943077 1.716834872961044 2.186674825847149 1.075137637555599 0.101935550570488 0 2.773507550358772 0 0.9067365378141403 0.3319940567016602 0.569541223347187 0 0.4099183082580566 0 1.254895105957985 0.5847730562090874 4.988389439880848 0.560977891087532 2.093372613191605 0 0.2684740871191025 1.006606936454773 183.8318852633238 158.2846729159355 31.95385195314884 12.6975155621767 371.0602725297213 1.002095028758049 4.211580038070679 4.829600751399994 4.62546493858099 5.666274346411228 6.141872890293598 35.10254561901093 2.419312492012978 9.738130912184715 21.71610803157091 6.148034453392029 7.423771284520626 17.96730151027441 3.808690212666988 13.19904316216707 0 0 0 0 0.1140784397721291 0.07984533160924911 0 0.274784654378891 0 0 0.1644768565893173 0 0 0 0.120401993393898 0 0.1340401321649551 0 0 5.346282668411732 0.4859173595905304 0 0 0 1.069821715354919 0 1.178718380630016 0.8960769325494766 2.155775435268879 0 0 0 0.9678647518157959 0 0.1606466919183731 0 0 0 0 0 0 0.8336741030216217 0 0 0.08138374984264374 0.07779742777347565 0.1947078704833984 0.3049132451415062 0.1277316063642502 0.1358814239501953 0 1.499202832579613 0.9439220726490021 0 0 0 0 0 0 0 0 5.210912890732288 1.19379261136055 0 0 0 0.8556819334626198 0 0.4912301003932953 0.1907906383275986 0.2538081854581833 0.2433022260665894 0 0 0 0 0 0 0 0 0 0 13.48897720873356 1.336631387472153 1.095870889723301 34.49089466780424 0.2982884496450424 6.119578517973423 0.8496455773711205 413.0019921287894 1.718598291277885 0 0 11.12245198339224 0 0.5738538578152657 0 18.83230586349964 0.3981725573539734 1.448669075965881 0.1359304338693619 0 0.1471306979656219 88.10975760966539 91.53423826396465
33.48588454723358 1707.367392204702 138.5086956322193 612.5383362323046 227.6977011561394 17.11952798068523 352.3436931669712 115.624395661056 802.9696844518185 3445.148798875511 1580.203091137111 291.3203963339329 3046.524680562317 2161.742775596678 7.684019438922405 1.900298602879047 0.4131239429116249 0.105723112821579 0 0.4158456847071648 0.510318323969841 0 0 0 0.1224606707692146 0 0 0 0 0 82.48837512731552 24.86568019539118 5.347056776285172 0.4377380684018135 0.1320953518152237 0 8.20237747579813 0.4064636826515198 0.09931164979934692 0.5232947319746017 0 0.1021526306867599 0 0.7152262628078461 0 0.106743223965168 25.84721997380257 0.313806414604187 0.4805233553051949 0.1003549620509148 0 0 0.1136633679270744 0 0.388976976275444 0.8567360267043114 2.982231661677361 21.86728248000145 2.376715756952763 11.22161770612001 0.3849174454808235 0.4915476888418198 0.2584497556090355 17.92798452824354 0.4118832126259804 0.6734376549720764 0.101707860827446 0.2696046456694603 0.727084755897522 0.3627616465091705 15.44916018098593 0.1217281371355057 0 18.76658005267382 18.40425562858582 44.20068427920341 28.70256868004799 4.159473083913326 16.80111660063267 8.607617616653442 2.418150387704372 1.064562372863293 0.3213438466191292 0.0805317685008049 0.12408147752285 0.3768385574221611 0 0 0.5878133252263069 0 0.0842432901263237 0.09445509314537048 0.3137978836894035 0.2102986201643944 0.111578606069088 154.7624455913901 4.198079772293568 0 0.2806943133473396 3.519023463129997 1.111320078372955 3.043921329081059 34.24142251163721 33.48689714074135 9.18129175901413 27.13437585532665 17.3840658813715 23.98072084784508 63.3626971617341 23.73515244573355 14.35136187076569 13.87184499949217 26.08374040573835 5.930423945188522 28.21705114096403 0.09675195813179016 0.2032910287380219 0.09184971451759338 0.1018658727407455 0.07711666077375412 0 0 0.1929359436035156 0 0 0.1798584014177322 0 0 0 0 0 0 0 0 6.090758346021175 3.207921825349331 0 0 0 5.6921142116189 0 5.420053146779537 2.660182029008865 0.4139699786901474 0 0 0 0 0.641169011592865 0 0 0.0694984570145607 0.8627333641052246 0 0.09779637306928635 0 0 0 0 0 0 0 2.283581428229809 0.1192409992218018 0.1031378880143166 0 4.73523435741663 0.8841086402535439 0 0 0 0 0 0 0 0 14.98393326997757 0 0 0 0.08627275377511978 5.361676454544067 0.3240681439638138 2.109008252620697 0.4764311462640762 0.5621339827775955 0.6510840803384781 0.7926916778087616 0.3011892735958099 0 0 0 0 0 0 0 0 22.9111427590251 3.729874975979328 5.277876079082489 68.26336941123009 3.458687543869019 79.14944510161877 11.73612731695175 22.02700182050467 2.340326242148876 0 0.6222536712884903 6.01177441328764 0 3.965717725455761 0.6521833911538124 9.056487731635571 0.7545594871044159 0 0.29940265417099 0.6818016469478607 0 106.4566174000502 43.10246935486794
145.0236729905009 893.8709321320057 1998.512927502394 1.209992721676826 189.9972104132175 0.2991003394126892 115.624395661056 1690.126533612609 292.2635917514563 127.8573286384344 2346.700413316488 127.0466712489724 247.8910920247436 1382.886530585587 15.96620478481054 12.80394595116377 23.74040497094393 10.67655538022518 5.168414920568466 30.93078877776861 20.76859264820814 0.3734662383794785 11.01590233296156 7.917756177484989 29.07780291885138 0.387824684381485 7.85326486825943 0.8342142775654793 1.098317414522171 0.1364691257476807 704.3656847402453 1825.043875910342 91.12300804257393 34.86957347393036 24.30602765828371 28.58371256291866 31.74975197017193 11.49140699207783 6.790856525301933 7.384077027440071 10.76168982684612 6.600801236927509 41.11366169899702 48.71197226643562 11.0943445712328 29.09933387488127 53.62234198302031 20.69702734053135 11.63279154151678 37.22706230729818 7.058117687702179 0.686229020357132 0.8536869436502457 2.2446548640728 0.4514531940221786 0.3429483324289322 4.270011760294437 61.82444415986538 2.665072180330753 16.64292562752962 129.4480374976993 23.27398937195539 20.34700047969818 153.8467908576131 0.8113793358206749 7.897443510591984 2.086129240691662 27.97800958156586 101.4775994867086 108.0515093877912 28.10188721865416 0.5864815711975098 0.7130068019032478 24.80922559648752 48.36987987160683 87.89708623290062 123.3538979589939 257.4424983412027 2279.851523160934 2210.260386414826 336.0216006934643 955.1373208537698 2.119430631399155 0 2.009753957390785 0.7586587071418762 23.70371184498072 0.299176387488842 0.1771464496850967 0.1034429147839546 2.627190738916397 0.3597014173865318 29.84903839975595 4.512320213019848 2.126591861248016 38.23982867598534 3.571162514388561 0.5049336925148964 2.221898213028908 6.559944652020931 0.09368826448917389 0 0.1777409687638283 0 0.4971870481967926 0.5371731221675873 1.361058555543423 0 0.5219204649329185 1.208572879433632 1.60791939496994 0.2071010246872902 1.96137411147356 0.8491147980093956 4.75878544151783 0 0 0 0 0 0 0 0.2000176459550858 0 0 0.4198395758867264 0 0 0 0 0 0 0 0.2062134146690369 1.246469348669052 0.1619164049625397 0 0 0 0.9302126318216324 0 2.167247354984283 1.285762548446655 0.2072044387459755 0 0 0 0 0 0 0 0 0 0 0 0 1.163866698741913 0.1227040961384773 0 0 0 0 0.1008806526660919 0 0.5346348285675049 0 1.077532894909382 0 0 0 0 0 0 0.1013156026601791 0 0 1.924899257719517 0.4790490567684174 0 0 0.1078303754329681 0.7745463401079178 0 0.2858606651425362 0.1023643761873245 0 0.09819437563419342 0.1051862761378288 0.4746259450912476 0 0 0 0 0.09907018393278122 0 0 0 1.590472847223282 1.639110550284386 2.958169735968113 93.03127925843 31.71142770349979 151.3744293451309 35.1625474318862 10.66758726537228 3.257044643163681 0 2.640518508851528 2.576787851750851 0 0.6255675181746483 0 2.339800000190735 0.8213824033737183 0 0 0.3027483001351357 0 8.364719539880753 2.432793699204922
1.379449531435966 680.3796866759658 226.5163285285234 0.4063323140144348 336.6465713381767 1.504476688802242 802.9696844518185 292.2635917514563 643.2886385321617 183.8727094978094 1464.18465282023 74.96455423533916 1428.886218450963 1302.042303234339 2.125792965292931 0.4356148838996887 0.3259810283780098 0 0 0.2469715252518654 0.1174665093421936 0 0.1299572885036469 0.09680375456809998 0.3029757887125015 0 0 0 0.08777615427970886 0 25.932008869946 6.981023356318474 2.034224405884743 0 0.2786005437374115 0.218676283955574 3.737875483930111 0.08889282494783401 0 0.2023168504238129 0 0 0 0.1091719642281532 0.0998406857252121 0 6.092376239597797 0 0.09132064133882523 0.08479160815477371 0.09150601178407669 0 0 0 0 0 0.1095062270760536 4.092821404337883 0.5791460201144218 3.468926459550858 0.4056366980075836 0.2204868197441101 0.09545717388391495 4.662366971373558 0 0.1084458455443382 0.08677554875612259 0.2106214463710785 0 0.4524061605334282 5.664103388786316 0 0 3.872777216136456 3.925804428756237 11.87515906244516 10.91148015856743 1.273140199482441 4.826823651790619 3.660219594836235 0.7629336193203926 0.9017592072486877 0.0993320420384407 0 0.08099411427974701 0 0 0 0 0 0 0 0.3142710998654366 0 0 41.43892891705036 0.7940326631069183 0 0.2677806466817856 0.3222419023513794 1.069827176630497 0.5398481339216232 0.4856602028012276 0.2585969641804695 2.088883049786091 1.823026910424232 3.529935248196125 1.302608817815781 2.877049632370472 2.519903972744942 2.733480490744114 1.804940797388554 8.684281207621098 2.098239146173 7.812573470175266 0 0.1351874768733978 0 0 0 0 0 0 0 0 0 0 0 0 0 0 0 0 0 2.195124380290508 0.744452603161335 0 0 0 2.184315256774426 0 1.005480974912643 0.7088750526309013 0.1526923328638077 0 0 0 0 0 0.1070431768894196 0 0 0.1073978766798973 0 0 0.1769924908876419 0.4041945338249207 0 0 0 0 0.2675321027636528 0.1011747196316719 0 0.1005193144083023 0 2.161684833467007 0.1056864336133003 0 0 0 0 0 0 0 0 4.340210236608982 0 0 0 0 1.144100144505501 0.1232608109712601 0.4241044819355011 0.103596143424511 0.1082234904170036 0.1938435584306717 0.1046460941433907 0.09058201313018799 0 0 0 0 0 0 0 0 5.27989736199379 1.546423837542534 1.204946987330914 15.42919538915157 0.7097374424338341 22.25965505838394 4.762980446219444 3.139042846858501 0.6678617969155312 0 0.3172003477811813 0.982586644589901 0 1.015754863619804 0 2.063437834382057 0 0 0 0 0 23.55503910779953 10.05994828045368
249.090811625123 5990.221319325268 434.6891034841537 1599.655135966837 305.7294284179807 317.3901280835271 3445.148798875511 127.8573286384344 183.8727094978094 2318.85225533694 176.118924818933 770.9384685307741 4666.7836882025 292.7367496937513 46.95967703312635 8.692766107618809 1.767686016857624 0 0.09658636152744293 0.8444561660289764 0.1278250366449356 0.1019943505525589 0.3791651129722595 0 1.727156460285187 0.3106535747647285 0.129615306854248 0.3900972902774811 0.1755238175392151 0 631.7260558009148 125.5387405827641 11.78108293563128 0.3236853778362274 0.2551104053854942 1.331729486584663 13.84943138808012 0.85680141299963 2.312073215842247 0.6710030362010002 0.3469464033842087 0.2036102041602135 0.5774497240781784 1.286122277379036 0.2229105606675148 0.4822424054145813 203.9627007395029 4.985622890293598 0.5395551025867462 0.508610762655735 1.302998282015324 0.5033765584230423 0.8811396360397339 0.0988253653049469 2.170915074646473 2.041742540895939 36.78396290540695 196.5861086770892 23.76696121692657 103.2197532504797 0.7290342599153519 4.015511900186539 0.6641087606549263 171.3625524714589 3.39776274561882 2.937066473066807 1.23234711587429 2.104634307324886 0.9708157256245613 1.455081753432751 141.8218120411038 1.230965942144394 0 195.5519207417965 178.4558859542012 400.5303847491741 218.8667132928967 7.969158962368965 32.74014843255281 31.21848241239786 4.445689730346203 6.876073852181435 4.46308633685112 0.1194904372096062 1.509204402565956 3.437295444309711 0.9377209320664406 0.2894380986690521 1.167836017906666 0 1.084483303129673 0.7580651417374611 0.6355874165892601 0.4344062730669975 0.2074280828237534 786.3742800056934 46.42444211989641 0 5.147710509598255 115.2952995598316 7.965516187250614 33.5614390000701 65.0464775711298 64.43487304449081 50.68854202330112 89.87115095555782 204.7229390889406 26.98519133031368 160.0698264017701 168.212036922574 101.4917116835713 61.07384258508682 173.6114368438721 40.8240954875946 193.4558570683002 1.64375875890255 1.044753275811672 0.4178464263677597 0.2790028229355812 0 0.2334835678339005 0.2252776771783829 0 0 0 0.1140800341963768 0.5410096645355225 0.5603366270661354 0 0 0 0.3038016110658646 0.7441323399543762 0.6617819964885712 53.36021988093853 26.37582655251026 0 0.1001130491495132 0 27.56758681684732 1.066614508628845 28.17439539730549 9.859055459499359 5.283478744328022 0 0 0 1.78504554182291 1.283731624484062 1.353594958782196 0.1733579337596893 1.517017461359501 2.469060122966766 0.1070950850844383 0.1459223330020905 0.3666024506092072 2.12006464600563 0.3130602985620499 0.5012329667806625 0.5703303664922714 0 1.723960123956203 11.70912220329046 2.897559180855751 0.5189604163169861 0.6052266284823418 25.77095190435648 4.29496867954731 0 0.3987591788172722 0 0.0892506018280983 0.1065167188644409 0 0 0.2748329415917397 75.44228451699018 0.7553136795759201 0 0 0 32.85393057763577 1.472960442304611 11.13527903705835 2.422037675976753 2.462469801306725 3.018462657928467 0.8129692673683167 2.738016359508038 0 0 0 0 0.1685865893959999 0 0.09139447659254074 0 136.1047234013677 16.29009192436934 32.7017335370183 802.3774620220065 19.05677822977304 741.2727178186178 75.79692597687244 460.5844709649682 37.55489411205053 1.273710757493973 6.779437191784382 81.99801764637232 1.535530053079128 15.07619490474463 2.689332373440266 104.2219566628337 3.62079593539238 0.574399471282959 1.031239777803421 1.041503712534904 2.117121487855911 1348.753661252558 521.4540208876133
56.19208435714245 3072.885407783091 1631.006087370217 21.64454489201307 654.5182083845139 1.675286613404751 1580.203091137111 2346.700413316488 1464.18465282023 176.118924818933 1782.636009089649 470.3359642699361 2931.614789299667 2741.070898622274 20.29560445994139 10.64547247439623 2.577215775847435 1.143233075737953 0.4801503270864487 4.756573103368282 5.64751260727644 0.7189107239246368 2.441697031259537 1.53285077214241 17.84431704133749 0.2355381473898888 3.707626864314079 0.7494031563401222 1.052406370639801 0.3925189822912216 294.6726877391338 86.48918367922306 635.4831184819341 3.042858473956585 9.099053665995598 16.4987316429615 207.8303219079971 20.86831787228584 11.40299236029387 13.12542332708836 4.133181683719158 0.5542005226016045 2.566102840006351 5.951114438474178 1.878100030124187 4.350484505295753 45.62122552096844 1.092958800494671 0.8069416284561157 1.956180728971958 1.700479842722416 1.119664624333382 4.733861044049263 0.3640279173851013 0.1212878599762917 0.2126167416572571 1.7935476526618 21.4776730760932 2.703989155590534 11.68206751346588 12.49267120659351 29.08460174500942 5.343463726341724 38.52965988218784 0.3074485585093498 0.8702860623598099 0.466265931725502 5.598976716399193 12.38689310848713 10.87980499118567 154.0708533450961 1.046818509697914 0.3500303104519844 17.09114417433739 22.4469523280859 68.1673623919487 62.14967522770166 20.67406761646271 100.6079891473055 373.8926232531667 23.61407702416182 62.59265620261431 0.4014553427696228 0 0.3453314751386642 0.5562032759189606 1.514480262994766 0.08528345823287964 0.0911383256316185 0 0.246209979057312 0.3056108579039574 11.16031210124493 0.7279422283172607 0.7579286321997643 113.760600283742 9.041276581585407 0.2617028653621674 10.5931161493063 1.654592677950859 1.388442009687424 0.3177524507045746 0.5858660116791725 0.1946486234664917 3.186762139201164 3.707708567380905 3.343969248235226 1.234985210001469 5.128804124891758 5.905662834644318 6.412454165518284 4.604676693677902 9.146501913666725 2.817224785685539 20.1909077167511 0.4224341213703156 0.3768846094608307 0.1500557363033295 0.08301203697919846 0 0 0 0.8166416510939598 0 0.3571588397026062 0.1244728863239288 0 0.2159011587500572 0 0 0.1116790026426315 0 0.4932742044329643 0.2256497591733932 3.037815488874912 2.462069682776928 0 0 0.1476176977157593 5.034833885729313 0.4990794062614441 7.437401168048382 4.224953956902027 1.318647474050522 0 0 0 0.1091017872095108 0.5164185389876366 0.3621936440467834 0 0.239590160548687 0.6385482251644135 0 0 0.3913380205631256 0.6949853301048279 0.752044789493084 0 0.09683489799499512 0 0.1908083632588387 1.728353336453438 0 0.290937215089798 0 4.235740229487419 1.459333479404449 0 0 0 0.08475494384765625 0 0 0 0 11.70994182676077 1.809658885002136 0 0.1414357423782349 0 4.154501624405384 0.4853873252868652 3.177632130682468 0.1946069449186325 0.5829666405916214 1.014471508562565 0.1220938116312027 0.8077005296945572 0 0 0 0 0 0 0 0 13.50923316925764 8.190291091799736 9.659641765058041 124.5239478573203 9.553226418793201 122.3812996000051 30.02046097815037 13.68066653609276 4.317873306572437 0.1214762851595879 1.905094273388386 6.39966031908989 0.2869559898972511 1.614732198417187 0.8307420760393143 1.916075073182583 0.2300932854413986 1.962672203779221 0.2130690217018127 1.196713253855705 0.5007796287536621 29.53584102541208 19.36521868407726
8.245138920843601 650.2477488741279 218.2353537008166 2.489689245820045 10.03779919445515 12.20769415795803 291.3203963339329 127.0466712489724 74.96455423533916 770.9384685307741 470.3359642699361 82.8935119509697 1731.068240582943 453.6850969195366 9.845978975296021 6.888303458690643 1.957427054643631 0.7610740065574646 0.3215713948011398 1.294752471148968 0.7913410216569901 0.2957571297883987 0.3094524294137955 0 1.45240344107151 0.376123920083046 0.1177702099084854 0.5775970071554184 0.1038636118173599 0 56.77301126718521 16.79489807784557 41.2743601873517 1.891535483300686 1.241090290248394 8.215020678937435 43.6417892947793 10.90861718356609 35.29700973629951 7.775029756128788 0.6016434505581856 0.3376640975475311 0.4760380536317825 3.858282722532749 1.074850983917713 3.228960476815701 20.27394234389067 0.190532959997654 0.3154495656490326 0.2080095782876015 1.103375770151615 0.2217113971710205 4.564082339406013 0.1575221866369247 0.2227739840745926 0 0.6046719178557396 6.806757345795631 0.7770705819129944 5.696007929742336 7.522626496851444 12.70019120723009 3.258813939988613 17.73716699331999 0.1556159406900406 0.177433006465435 0.8634546920657158 1.876797564327717 2.449278950691223 2.522331610321999 157.1632551476359 1.670546784996986 0.1337589174509048 6.009343631565571 9.497651100158691 32.45206854492426 26.76489546149969 5.032045982778072 7.277311831712723 34.6680117174983 6.496863313019276 8.928926713764668 0.2112500891089439 0 0.1442369371652603 0.1724584400653839 0.1060096621513367 0 0.2179657369852066 0.2060229107737541 0.3176633045077324 0 1.899258233606815 1.157745778560638 0 398.6939454004169 58.12785265594721 1.593389555811882 173.8706908449531 2.66227313876152 2.138104930520058 3.582331836223602 3.408723428845406 0.3546804934740067 5.816102065145969 4.507000334560871 12.48654034733772 3.068000331521034 13.24137774854898 11.37591913342476 12.69002737104893 10.00628532469273 24.57686185836792 5.953233927488327 31.26927570253611 0.2998611479997635 0 0 0.1068031936883926 0 0.1158920228481293 0 0.4159732758998871 0 0.4986318349838257 1.116084210574627 0 0 0 0 0.1158906295895576 0 0.1203504130244255 0.1068111062049866 10.62673821300268 3.587340399622917 0 0 0 7.11453515291214 0.7269364669919014 8.632196448743343 4.484787590801716 2.609666422009468 0.5495741367340088 0 0 0 0.3328418135643005 0.825916200876236 0 0.5096574351191521 1.120228447020054 0 0 0.09139790385961533 0.7755289375782013 0.4793911874294281 0.1812707930803299 0 0 0.3718644306063652 2.431128658354282 0.5529256835579872 0.4437596648931503 0.5424313917756081 5.377416148781776 2.058902315795422 0 0 0 0.07201666384935379 0 0.1012162640690804 0 0.2208611667156219 15.48938122391701 1.375149615108967 0.2234026342630386 0 0.3886493518948555 5.721673764288425 0.6535339206457138 1.887665458023548 0.1640298441052437 0.7688684165477753 0.571841336786747 0.08571857959032059 0.6018817201256752 0 0.2577598094940186 0 0 0 0 0 0.1040618196129799 25.08946450799704 7.557722143828869 12.39189337939024 88.66973157227039 3.781506270170212 69.36382874846458 20.74766878038645 18.66394704580307 3.300352647900581 0.1632034331560135 1.112441033124924 10.32442124933004 0.7611344680190086 3.737957581877708 0.8257032334804535 4.698310345411301 1.148948267102242 0.1103643327951431 0.4118766635656357 0 0.3158018589019775 192.8697747662663 54.58160008490086
15.62934423983097 2242.399972200394 380.1804938241839 7.058488979935646 442.3521459549665 20.40847088396549 3046.524680562317 247.8910920247436 1428.886218450963 4666.7836882025 2931.614789299667 1731.068240582943 4279.831666886806 4399.039001375437 23.50854416191578 11.63267561793327 3.102403990924358 0.6120109632611275 0.6050848886370659 2.447101205587387 0.6572642549872398 1.305087968707085 0 0.2694149315357208 9.68323078006506 0 0.8604164645075798 1.064034655690193 0.6120666638016701 0.1232208982110023 129.6109875515103 45.15448998659849 145.0653123930097 1.188652351498604 2.151484116911888 4.843440480530262 177.0356067568064 36.26738093048334 24.49971645325422 7.210767596960068 2.072908744215965 0.6930120140314102 0.9450884982943535 5.273273475468159 1.14814455062151 4.241859652101994 52.71083018928766 0.6183187142014503 0.4554919525980949 0.940465584397316 1.179970122873783 1.229542680084705 7.799662202596664 0.4750179946422577 0.7164622321724892 0.3535842522978783 3.117153324186802 16.37603967636824 3.404943540692329 16.23880931735039 11.76146361231804 27.41802725195885 3.506129667162895 39.50238259136677 0.08782289922237396 0.8656330704689026 0.4807470440864563 2.137750625610352 3.742382325232029 4.455015599727631 242.5984238013625 1.792671345174313 0.5893659740686417 17.22741984575987 21.66959592700005 73.67917242646217 68.10879728198051 12.43539635837078 28.04493550211191 80.25475019216537 11.82812024652958 17.89362466335297 0.4863530844449997 0 0.07456251233816147 0.2705534845590591 0.8457284420728683 0.09166178852319717 0.2686887606978416 0 0.5998030602931976 0.3873916864395142 2.78691291064024 0.3488307446241379 0.4076075032353401 1218.642702542245 49.98772974312305 0.9253805801272392 111.5548176243901 3.091177560389042 2.391179151833057 6.806894771754742 36.1276403516531 20.99755092710257 19.30157471448183 39.17230012267828 40.45973327755928 84.62473390251398 44.95306628197432 61.16386750340462 38.57726212590933 50.73799080401659 103.338689416647 21.76895466446877 92.7080794274807 0.5812918394804001 0.9712011590600014 0.09752265363931656 0.1202917993068695 0.1941455081105232 0 0.09185462445020676 0.09964675456285477 0 0 0.1075989603996277 0 0.9632351696491241 0 0.1123191937804222 0.2019558250904083 0.1231525763869286 0.2278063595294952 0.2725093811750412 20.00559631735086 11.55997713655233 0 0.4130775630474091 0.1116043999791145 20.40317671746016 2.273729465901852 19.00102895498276 7.116758778691292 3.835079371929169 0.2366968542337418 0 0 0.2436869591474533 0.8648845851421356 0.6055910587310791 0 1.294371664524078 2.060291901230812 0 0 0.5795223191380501 1.540608644485474 0.3794199004769325 0 0.474917396903038 0 0.6034805700182915 6.705325074493885 1.536403678357601 0.5285180285573006 0.4111531674861908 16.83297850191593 2.394238084554672 0 0.08411773294210434 0 0.06904227286577225 0.1526168137788773 0 0 0.5342303961515427 47.14555014669895 1.655225105583668 0.1911018341779709 0.1019987463951111 0.3105848282575607 17.73948051780462 2.617321215569973 6.011672683060169 1.305763855576515 0.8673185184597969 1.276312701404095 0 2.090049646794796 0 0 0 0 0 0.1947920694947243 0 0.1341945677995682 61.63196148723364 16.83594419062138 27.53974531590939 164.9288593828678 7.18730702996254 139.014676913619 38.95318424701691 30.35644496977329 6.37114979326725 0.1656258255243301 2.213095858693123 23.03117211163044 0.6078722029924393 9.494056731462479 3.660567931830883 18.28717646002769 1.353556379675865 0 0.4972139820456505 2.100220307707787 0.8467660844326019 299.3652660772204 115.5479861497879
