427.1451553478837 1447.52568525821 190.6284186020494 1924.84258274734 32.91676515340805 73.12756013870239 285.8185748457909 124.0901151522994 6.072589561343193 1644.985043019056 68.84230456501245 13.17411404103041 69.93977355957031 82.89577706903219 5.476892322301865 3.497725680470467 0.8483779430389404 0.6217262148857117 0.4601348787546158 0.3646800369024277 1.297210142016411 0.1450375765562057 0.3061642274260521 0.1447749137878418 0.1068825945258141 0.1970194876194 0 0 0 0 1265.24399574101 29.97283598035574 42.87439338117838 0.3669072315096855 0.1012328118085861 1.816132731735706 1.531222552061081 0.1922675147652626 0.9737692326307297 0.1607200354337692 0.3810015842318535 0 0.5187259092926979 1.526230797171593 1.296181127429008 0.9005545005202293 27.7407444268465 3.305510506033897 0.5103969648480415 0.6223101988434792 0 0.4087611511349678 0.2236279994249344 0 1.339723862707615 1.621003083884716 193.6929248347878 1029.732896059752 10.58713985979557 19.79734345525503 1.301359578967094 0.4283636435866356 0.2441406175494194 64.65088457614183 0.686971627175808 1.343914903700352 0.8272318318486214 0.2855180129408836 1.444723524153233 0.522397592663765 8.047339722514153 4.343603625893593 0 87.63213961571455 173.6440217792988 88.78123836219311 109.5993623584509 3.867098264396191 1.814162284135818 68.62708778679371 1.280247882008553 5.078825756907463 5.578437946736813 0 0.8703714460134506 1.032096445560455 0 0 0.2282603159546852 0 0.1285791099071503 0.1073444336652756 0.432234562933445 0.08241679519414902 0.4436220303177834 56.84808640927076 23.28202570974827 2.038986101746559 2.04979794472456 940.1014975756407 0.258355937898159 6.446762651205063 1.26030271500349 3.349502205848694 4.205874219536781 0.2637446075677872 48.0355109795928 0.5218354016542435 10.16323739290237 6.475668184459209 1.459672011435032 19.69916418194771 11.05887281894684 9.152408055961132 9.364378042519093 0 0 0 0 0 0 0 0 0 0 0 0 0 0 0 0 0.2321806401014328 0 0 1.57199078053236 1.669101595878601 0 0 0 1.159307666122913 0 1.681512579321861 0 0.3758108913898468 0 0 0 0 0 0.6917548775672913 0 0 0 0 0 0 0 0 0 0 0 0 1.16948127746582 0.8200863599777222 0 0 1.899603933095932 0.163106307387352 0 0 0 0 0 0 0 0 1.464048281311989 0.1028237864375114 0 0 0 0 0 1.168587118387222 0 0.3636517077684402 0.1275881975889206 0 0 0 0.103175014257431 0 0 0 0 0 0 4.558319039642811 0.8920185938477516 2.104301013052464 90.06829580664635 2.961101092398167 57.41374115645885 10.50709114968777 718.2801759764552 11.93269007652998 0.4247156828641891 1.2529261931777 2.271571561694145 0 1.251217946410179 1.028688512742519 14.44629699736834 0 0 0 0 0 235.2786918580532 32.7748916298151
1447.52568525821 2580.130089178681 1862.393563933671 528.1037591472268 2068.679509833455 64.66697372496128 2113.470643460751 1531.583171844482 1782.801599234343 2675.52998265624 2635.592307858169 203.805284909904 3784.802868507802 5981.047726288438 40.08985459059477 45.01161866635084 2.924770295619965 1.479303456842899 1.505875304341316 2.120524764060974 4.460006423294544 0 3.763638056814671 1.61100522428751 1.30961249768734 2.551202408969402 0.5840994268655777 0.2584848552942276 0 0 3146.456638492644 213.6063492745161 399.0989332422614 3.347499951720238 2.67823214828968 4.59184954315424 5.499510310590267 2.267806552350521 0.8109301775693893 0.2979719713330269 0.6874596774578094 0.3680499047040939 2.830476202070713 14.59250349551439 6.229206778109074 7.030157588422298 86.08803465217352 9.404089421033859 0.9282473251223564 2.572588309645653 0.605163961648941 0 0.1422576904296875 0.09892866015434265 3.541857585310936 2.648638255894184 124.2311796844006 734.8816645443439 16.95006800442934 46.63492725044489 3.557488031685352 10.73174403607845 2.535535030066967 110.9808855652809 2.862893305718899 1.192978374660015 1.663395471870899 2.116207122802734 7.308760389685631 2.03503280878067 3.424404256045818 0 0 124.4923236444592 251.7991597801447 228.9914202839136 389.2828108966351 29.65613904595375 15.53977941721678 723.3486921712756 3.178843356668949 44.45052018761635 10.25852082669735 0.1200541257858276 1.61441320925951 1.420861907303333 0.7737175896763802 0 0.4983613044023514 0 0.2472178936004639 0 3.035168319940567 0.853747732937336 0.335807166993618 20.66391097009182 2.729507841169834 0 0.5369070693850517 454.902289904654 0.8283644020557404 4.735146403312683 2.214439228177071 0 3.694672249257565 3.578753456473351 21.13802563399076 0.3631561622023582 10.71975758671761 3.780699037015438 3.79201751947403 28.30074469745159 12.21639986336231 12.53143772482872 17.40391790121794 0.5804947167634964 0.1148334071040154 0 0 0 0 0 0 0 0 0.1782717555761337 0 0 0 0 0 0.11786949634552 0.4629682898521423 0 1.937929041683674 3.816530905663967 0 0 0 9.560026027262211 0 7.600295186042786 1.046010494232178 0 0 0 0 0 0 0.9167836010456085 0 0.7798856049776077 0.4686734974384308 0 0 0.09965532273054123 0 0.1298728287220001 0 0 0 0.1304319947957993 2.254386648535728 0.3144621402025223 0.6153662204742432 0.583998441696167 5.557389669120312 0.4214313924312592 0.3591026961803436 0 0 0 0 0 0 0 6.458844870328903 0.5304360389709473 0 0.1572492867708206 0 1.550458215177059 0.6180630177259445 2.21364663541317 0.872149258852005 1.235407069325447 0.1343266665935516 0 0 0.1101935803890228 0 0 0.1444228291511536 0 0 0.08009329438209534 0 8.633551418781281 2.476385213434696 7.066690377891064 305.1425820291042 8.703301310539246 193.9101785570383 23.14588848501444 255.5934458598495 45.3085700199008 1.833721630275249 9.264425776898861 4.179330453276634 0.2483298480510712 3.844381272792816 0.3610358685255051 6.523368202149868 0 0 0 2.078483588993549 0.8101696670055389 98.61770085990429 18.49365881085396
190.6284186020494 1862.393563933671 762.5322752222419 23.76152820140123 1468.058408133686 5.613067582249641 439.6444045677781 1941.184248179197 583.092146769166 355.9324578642845 1871.496172994375 20.71352854371071 383.5612327381968 1546.158258132637 7.763640448451042 11.3710655644536 1.785979628562927 6.908708162605762 4.786726869642735 15.74383349716663 39.77406207472086 0 32.11983226239681 16.25950516015291 3.285457044839859 9.509027682244778 0.6514546722173691 1.215544275939465 0 0.08479601889848709 2815.132447622716 327.7797084376216 224.3027423471212 28.48175702989101 25.83537741005421 26.21068982034922 2.721320182085037 6.46625928580761 0.3613816872239113 1.037181653082371 3.054208301007748 3.237071052193642 17.37806060910225 7.615361489355564 21.37170903384686 15.67379381507635 16.41400057077408 2.032373212277889 1.464066430926323 12.33865941315889 2.571455277502537 0 0.2982277795672417 0.3635404258966446 0.5617267340421677 0.5459206402301788 23.06533949822187 242.1374627053738 1.84711080789566 5.050818480551243 17.44753435999155 31.62099609524012 21.26898087561131 229.9566043838859 0.3106284365057945 1.78356271982193 0.3740529865026474 7.629992805421352 63.22616847604513 18.58007019758224 4.08525326102972 0 0 21.59838669002056 77.50460769981146 35.32791385054588 117.6718620955944 11.11961866170168 127.8378523141146 625.7035446166992 7.900722816586494 227.3108386546373 2.001351222395897 0 0.4384160861372948 0.3945519179105759 1.845096901059151 0 0 0 0.08974017202854156 0.09090897440910339 33.31852515041828 3.096819959580898 1.842216528952122 10.48586889356375 3.672722958028316 0 1.082567952573299 65.57682432234287 0.09435911476612091 0.8239592611789703 0 0 0.9271366968750954 0.3532720506191254 2.065261133015156 0 1.914738081395626 0.7173529267311096 1.421436250209808 4.307061403989792 2.30696827173233 3.119625993072987 6.905630201101303 0.1052552759647369 0.1260512173175812 0 0 0 0 0 0 0 0 0 0 0.08255453407764435 0 0 0.08595680445432663 0 0 0 0.439925953745842 0.3693167120218277 0 0 0 4.31048771739006 0 3.376274272799492 0.1256647706031799 0.3322229757905006 0.3545610010623932 0 0 0 0 0 0 0 0.1171473264694214 0 0 0 0.08772704750299454 0 0 0 0 0.1026299297809601 0.3414574936032295 0 0 0 1.975599482655525 0 0 0 0 0 0 0 0 0 1.274071492254734 0 0 0 0 0.8069347366690636 0.9082902669906616 0.3832686692476273 0.3942101001739502 0.2994812428951263 0.9635983109474182 0 0 0 0 0 0 0 0 0 0 0.6945307552814484 1.342553324997425 5.186405777931213 39.75300974398851 1.492077142000198 34.12464135140181 4.783305376768112 28.71521941572428 4.944644182920456 0 2.443021818995476 1.869715139269829 0 1.656987018883228 0 0.9130138084292412 0 0 0 0.1716173738241196 0.8568540811538696 9.329015292227268 1.855281360447407
1924.84258274734 528.1037591472268 23.76152820140123 607.0824653357267 90.55985087156296 219.5557282716036 444.6188660413027 14.00277976691723 23.89947772026062 2237.930868819356 10.28204375505447 0.2703899741172791 291.9610277563334 78.020562492311 0.82936130464077 1.10073234885931 0.11936354637146 0.3128277957439423 0.2040987685322762 0 0 0 0.2156611606478691 0 0 0 0 0 0 0 116.4921706244349 1.927803918719292 3.37785979360342 0 0 0 0.3780227303504944 0 0.5119660943746567 0 0 0 0 0.130699411034584 0.5247495248913765 0.1964739635586739 5.781142875552177 0.5033588036894798 0.1545761078596115 0.1179491877555847 0.116533100605011 0 0.1921797543764114 0 0.2956043109297752 0.2972637861967087 22.21251621097326 100.4188339337707 1.744427882134914 4.277962408959866 0 0.5080344080924988 0.157612606883049 6.80681187659502 0.2365617901086807 0.1916924864053726 0.1771972924470901 0.2098211571574211 0.3331011086702347 0 1.342556595802307 0.1572680324316025 0 15.2056765332818 31.77359576523304 23.89945689588785 31.9808725938201 1.01910525560379 0.1150156706571579 18.70573180913925 0 1.365697801113129 0.558690145611763 0 0 0.444503128528595 0 0 0 0 0 0 0.2433825358748436 0.09454947710037231 0 6.977407172322273 0.1692280769348145 0 0.08826688677072525 250.863053560257 0.1148955300450325 3.629769057035446 1.021761417388916 0 1.101172424852848 0.2040672898292542 19.82429312169552 0.3999246284365654 4.724637120962143 2.078328244388103 0.7400443702936172 7.607259452342987 4.71118026226759 3.520778618752956 3.322511486709118 0 0 0 0 0 0 0 0 0 0 0 0 0 0 0 0 0 0 0 0.4685221612453461 0 0 0 0 1.148261189460754 0 0.1471037566661835 0.3388232216238976 0 0 0 0 0 0 0 0 0.3477155715227127 0 0 0 0 0 0 0 0 0 0 0.3036526441574097 0 0 0 0 0.3404560089111328 0 0 0 0 0 0 0 0 0.7951387390494347 0 0 0 0 0.6046588271856308 0 0 0 0.1229505985975266 0 0 0 0 0 0 0 0 0 0 0 2.679767787456512 0 0.6118940636515617 26.86901518702507 0.09425415843725204 20.21969694644213 0.3286945819854736 358.0590673685074 5.428621351718903 0 2.245438799262047 0.1113025173544884 0 0.7439344599843025 0 2.185121096670628 0.09480556845664978 0 0 0 0 158.219854593277 19.52587683498859
32.91676515340805 2068.679509833455 1468.058408133686 90.55985087156296 300.6423393785954 0.741746574640274 1489.455732315779 182.168897382915 1559.35188780725 192.1450726985931 569.3062213361263 9.475508958101273 1073.086329258978 2492.406431406736 1.093153223395348 1.71829953789711 0 0 0 0.1099579408764839 0.1887746974825859 0 0 0 0 0 0 0 0 0 134.499953456223 15.71157673001289 20.315897770226 0 0.5397312864661217 0.1952032595872879 0 0 0.4044845402240753 0 0 0 0.1709674522280693 0.8420530334115028 0.1914731934666634 0.34373789280653 3.632768847048283 0.7188854962587357 0 0 0 0 0 0 0.2465375289320946 0.1204729676246643 1.675520621240139 13.84525685757399 0.1510828286409378 1.661553293466568 0.1123794466257095 0.1656997948884964 0.2332123667001724 3.023620583117008 0.2841513231396675 0 0.08394044637680054 0 0.5695201084017754 0.1194686517119408 0 0 0 3.179965637624264 4.037476040422916 6.618464276194572 15.3136222884059 1.296147659420967 1.161924317479134 24.05225949734449 0 1.344812653958797 0 0 0.2307639047503471 0 0 0 0 0 0 0 0.09533077478408813 0 0.08849593251943588 1.221408724784851 0 0 0 2.978033997118473 0 0 0 0 0.2469320893287659 0 0.7287157475948334 0 0.6156285777688026 0 0.09399657696485519 1.422864325344563 0.5067555457353592 0.204967625439167 0.7580468505620956 0 0 0 0 0 0 0 0 0 0 0 0 0 0 0 0 0 0 0 0 0 0 0 0 0.5859993249177933 0 0 0 0 0 0 0 0 0 0 0 0 0 0 0 0 0 0 0 0 0 0 0 0 0 0 0 0 0 0 0 0 0 0 0 0 0.2940912619233131 0 0 0 0 0 0 0 0 0 0 0 0 0 0 0 0 0 0 0 0 0.4222829639911652 0 0.1515606194734573 12.45003741234541 0.8092446252703667 7.422311551868916 0.2995228171348572 4.734765633940697 1.372387737035751 0 0.9410029798746109 0 0 0.2950356006622314 0.1019954606890678 0 0 0 0 0 0 1.523504629731178 0.1103173196315765
73.12756013870239 64.66697372496128 5.613067582249641 219.5557282716036 0.741746574640274 0.6910228729248047 8.939996249973774 1.204216718673706 0 221.5445744469762 0.4254107847809792 46.97848351299763 28.54083271324635 2.570330128073692 0.158544585108757 0.1145502552390099 0 0.1144026517868042 0 0 0.1364826709032059 3.989057615399361 0.3071102946996689 0.5598991215229034 0.469971552491188 0.5978734046220779 0 0.3003699630498886 0 0 15.54928264021873 0.2330308482050896 3.646575435996056 0.4243037104606628 0 0.5896286070346832 6.21906902641058 1.474537782371044 3.153050236403942 0.2581267803907394 0 0.3321928977966309 0 0.23482446372509 0 0.4604659080505371 0.3823607414960861 0.1203378066420555 0 0.1311404556035995 0 5.730893462896347 6.313834987580776 0.5503968372941017 0 0 20.73051519691944 11.7103964984417 0.1330906450748444 0 0 2.375500544905663 1.398796133697033 0.1659499853849411 0 0 0 0 0 0.3124943673610687 37.78242568671703 28.16140998899937 0.3786951377987862 0 0.2793545573949814 0.1321993619203568 0.2037949711084366 0.1469997763633728 0 6.60083781927824 0.2505481541156769 1.500529743731022 0 0.2565366998314857 0 0 0 0.2849956601858139 0.1006927788257599 0.2547912299633026 0.381930336356163 1.482235088944435 0.1540971249341965 0 1.818620726466179 102.1086636632681 122.2703968882561 14.25314016640186 6.981816664338112 226.4617509245872 0 1.270498678088188 0.116897813975811 0 0.8367367684841156 0.9365195631980896 18.79490496218204 0 8.675819367170334 1.800058975815773 0.9414832219481468 10.67081294953823 7.011552631855011 3.551055215299129 3.330471239984035 0.1008100509643555 0 0 0 0 0 0 0 0 0 0 0 0 0 0 0 0 0.1556586474180222 0 0.3088075816631317 0.1186920627951622 0 0 0 1.869275264441967 0 0.3682609871029854 0.1410253942012787 0 0 0 0 0 0 0 0 0 0 0 0 0 0.149133637547493 0 0 0 0 0.1166470646858215 0.2606108635663986 0 0 0 0 0 0 0 0 0 0 0 0 0 1.039720386266708 0.2248061001300812 0.1215392351150513 0 0 0.9561439454555511 0.7542267441749573 0 0 0 0.1279402524232864 0 0 0 0 0 0 0 0 0 0 4.217224605381489 0.4576266258955002 0.5044447630643845 6.704844661056995 0.3468823805451393 1.937220878899097 0.2539044320583344 127.9262007027864 0 0 0.1423627287149429 1.092429548501968 0 0.1254136860370636 1.444571137428284 2.780687689781189 0 0 0 23.38672935962677 8.525785803794861 52.32026925683022 23.71162716299295
285.8185748457909 2113.470643460751 439.6444045677781 444.6188660413027 1489.455732315779 8.939996249973774 747.6427229866385 357.339709572494 855.8259931057692 1276.769619464874 347.7196483537555 22.11463347822428 5637.452518180013 1564.397520415485 10.91342946887016 13.44642416387796 0.5666122883558273 0.8703743889927864 0.733515553176403 1.132353261113167 1.237200252711773 0 0.5702389031648636 0.3595645651221275 0.1914255321025848 0.1726966202259064 0 0.1686948090791702 0 0 158.8169488608837 71.64484918117523 27.828059874475 0.552525594830513 0.3598047271370888 0.5981727167963982 0 0 0.1525339931249619 0.2141449451446533 0 0 0.8415554687380791 4.58227563649416 2.947000950574875 2.883312523365021 34.65320695191622 3.19629193097353 0.4284451976418495 0.9370340928435326 0 0 0 0.2074459418654442 1.900197893381119 1.870301052927971 23.68154488503933 96.03983474522829 6.528173461556435 13.92049374431372 1.075150944292545 2.553532555699348 0.9210807010531425 30.85895709693432 1.150627858936787 0.4791440665721893 0.4723992422223091 0.7271198630332947 1.55902373790741 0.6406295746564865 0.9502494633197784 0 0 36.40765894949436 63.46355706453323 82.27753205597401 150.8995990306139 12.55021377652884 3.701021872460842 46.56986507028341 1.55107943713665 7.921526446938515 4.643137060105801 0 0.3846362829208374 0.928904116153717 0.09311395138502121 0 0 0 0.0915200486779213 0.1723161488771439 0.7443091347813606 0.2132159397006035 0 5.76545974612236 0.6260230392217636 0 0.08303195238113403 16.62311681360006 0.1893766820430756 0.8253890573978424 20.39572986960411 1.689381748437881 0.4673825055360794 14.26165527850389 6.395252026617527 11.57174924015999 37.78795595467091 22.85571562498808 0.750821590423584 14.79878802597523 3.494769029319286 3.154191017150879 2.508689343929291 0.2116518914699554 0 0 0 0 0 0 0 0 0 0 0 0 0 0 0 0 0 0 0.5721645504236221 0.2361219525337219 0 0 0 1.690492436289787 0 1.500904947519302 0 0.3109264671802521 0 0 0 0 0 0.2800392210483551 0 0.1913502663373947 0 0 0 0 0 0 0 0 0 0.1351460963487625 0.6624861732125282 0 0 0 0.1149809584021568 0 0 0 0 0 0 0 0 0 1.864182464778423 0.182720884680748 0 0 0 0 0 0 0 0.9924838244915009 0 0 0 0 0 0 0 0 0 0 0 1.989649631083012 0.5307068079710007 1.633820869028568 84.53777347505093 1.7504528388381 67.93904374539852 5.331390418112278 33.65267010778189 11.92533914744854 0.186576172709465 4.472768403589725 1.337237358093262 0.2237245365977287 0.841668926179409 1.032938539981842 0.7671000808477402 0 0 0 0.6624505519866943 0.1062968298792839 16.97329040616751 2.918613590300083
124.0901151522994 1531.583171844482 1941.184248179197 14.00277976691723 182.168897382915 1.204216718673706 357.339709572494 1037.232776388526 168.8753817528486 344.20582575351 2893.483684830368 14.13075931370258 551.0875774845481 1769.453456796706 9.177404455840588 13.83493909239769 0.6247265115380287 3.547593414783478 2.887597940862179 9.641518503427505 28.70087717473507 0 28.80093026161194 13.1440704613924 7.644938871264458 9.003365188837051 0.9142181128263474 1.86502581089735 0 0 955.4756982773542 1669.615669131279 413.3770041316748 23.25877663493156 25.28957111388445 42.64966646581888 1.826856166124344 15.42216394841671 0.422542117536068 0.505714476108551 2.156705424189568 1.512667968869209 8.72950030118227 16.25877353549004 14.79121357947588 19.48088507354259 18.39186754077673 0.648748442530632 0.8318533375859261 5.944792650640011 1.247661486268044 0.09632102400064468 0 0 0.8269954174757004 0.4565464705228806 13.40222056955099 79.16539295017719 2.493105031549931 4.974964551627636 49.39484122395515 79.97722947597504 42.63029077649117 171.090801127255 0.3474770560860634 0.6089691445231438 1.004000313580036 4.138734489679337 27.42586917430162 10.95626234263182 3.294188193976879 0 0 15.51107662916183 44.26756181567907 38.54631661623716 133.1079369187355 72.55343929678202 784.1831045597792 3169.251795396209 28.03130403161049 1251.009030200541 2.025135949254036 0 0.1522644311189651 0.0818105936050415 1.002679586410522 0 0 0 0.1048092842102051 0 17.74142900109291 2.120545737445354 0.6672385931015015 6.951415851712227 1.915816977620125 0 0.3309159204363823 17.81391610205173 0.09795266389846802 0 0.2715907469391823 0 0.1390437036752701 0.2958747744560242 0.7390701174736023 0.3296916484832764 0.09696926921606064 0 0.3714711964130402 2.044111765921116 2.386830300092697 1.022558063268661 1.480752795934677 0.1001434996724129 0 0 0.09614755213260651 0 0 0 0 0 0 0 0 0 0 0 0 0 0 0 0.1828609853982925 0.2913271486759186 0 0 0 2.269254460930824 0.1217046827077866 1.098743557929993 0 0 0 0 0 0 0 0 0 0 0.5551706999540329 0 0 0 0 0 0 0 0 0.2096753194928169 0 0 0 0.1237193048000336 2.072859473526478 0 0 0 0 0 0 0 0 0 0.214363619685173 0 0 0 0 0.1357320845127106 0 0.3052658438682556 0 0.3516841679811478 0 0 0 0 0 0 0 0 0 0 0 0.2115075513720512 1.225716114044189 1.801045127213001 59.88971416652203 2.280450433492661 39.05622242391109 3.401762925088406 15.48540835827589 10.07490240037441 0 3.049334265291691 1.063273131847382 0 1.094925612211227 0.1116201058030128 2.82485331594944 0 0 0 0 0 3.625614799559116 0.4998213648796082
6.072589561343193 1782.801599234343 583.092146769166 23.89947772026062 1559.35188780725 0 855.8259931057692 168.8753817528486 480.8756514489651 71.16677905619144 707.4056210517883 1.518055364489555 1081.705635711551 967.4852098822594 0 0.5878400802612305 0 0 0 0 0 0 0.1362603157758713 0 0 0 0 0 0 0 19.01697224378586 4.439009368419647 2.273161426186562 0 0 0 0 0 0 0 0 0 0 0 0 0 0.4583592787384987 0.2399668544530869 0 0 0 0 0 0 0 0 0.1393583863973618 1.568284869194031 0 0 0 0 0 0.1419268101453781 0 0 0 0 0.1054262444376945 0 0 0 0 0.4194072708487511 0.449549064040184 0.7180615067481995 2.131724663078785 0.1394392549991608 0 3.20188020169735 0 0.3111157864332199 0 0 0 0 0 0 0 0 0 0 0 0 0 0.2001011669635773 0 0 0 0.1823263168334961 0 0 0 0 0 0 0.1214993372559547 0 0 0 0 0 0 0.1121762990951538 0 0 0 0 0 0 0 0 0 0 0 0 0 0 0 0 0 0 0 0 0 0 0 0 0 0.2457249239087105 0 0 0 0 0 0 0 0 0 0 0 0 0 0 0 0 0 0 0 0 0 0 0 0 0 0 0 0 0 0 0 0 0 0 0 0 0.1232153475284576 0 0 0 0 0 0 0 0 0 0 0 0 0 0 0 0 0 0 0 0 0 0 0 2.350177153944969 0 0.8203788101673126 0 0.3404517769813538 0.1796630918979645 0 0 0 0 0 0 0.3181459307670593 0 0 0 0 0 0.3906888961791992 0
1644.985043019056 2675.52998265624 355.9324578642845 2237.930868819356 192.1450726985931 221.5445744469762 1276.769619464874 344.20582575351 71.16677905619144 3059.802223362029 68.32104085385799 1010.022741407156 9167.319369375706 511.1836104094982 97.41601364314556 114.7659590914845 5.321061827242374 1.536576487123966 2.058720387518406 2.390499860048294 3.109387129545212 0 1.277620628476143 0.586446687579155 0.5989847853779793 1.153159730136395 0.09191665798425674 0.5606149882078171 0.1942014247179031 0 715.577429458499 182.3365746065974 74.3806285187602 3.080801747739315 1.318512223660946 1.974319003522396 12.71613704413176 2.09997396916151 1.794006235897541 0.9566690176725388 0.3261580914258957 0.4086071252822876 1.570565760135651 22.25494124740362 6.67704313993454 10.00007148087025 248.7437552586198 19.97527400404215 4.392623960971832 1.81593181937933 0.4437236189842224 0.1047313809394836 0.08880434185266495 0.4212944433093071 7.979955598711967 6.158488012850285 167.6857203543186 534.7875823155046 38.42442812025547 90.01343728601933 4.467893950641155 7.595955796539783 3.093191742897034 124.7782193571329 4.259792268276215 3.014081850647926 3.522822842001915 1.725464753806591 5.300811387598515 1.283028475940228 16.46925443410873 0.9704309403896332 0 198.8824315294623 295.9083623960614 415.0735411420465 572.8668197393417 64.06399387866259 11.85944277793169 115.6914005726576 5.046861380338669 18.95064962655306 24.47128885984421 0 2.400441840291023 2.921355284750462 0.648906446993351 0 0.4045166522264481 0 0.6379390209913254 0.1145678907632828 2.670202486217022 1.511148519814014 0.260152779519558 647.8074535131454 16.38671124726534 0 3.109358489513397 413.7939047813416 5.526548735797405 17.14450655132532 13.29926270991564 0.7287331372499466 38.80680643767118 8.437279425561428 214.6427362635732 5.650684274733067 102.1063515245914 26.72624704241753 22.78258932381868 203.0027479156852 142.5157083198428 106.7407869100571 141.9297435060143 0.8584783971309662 0.3789043426513672 0 0.1459385603666306 0 0 0 0 0 0 0.5777785181999207 0 0.09932097047567368 0 0 0.1049519702792168 0 0 0 12.35368967801332 17.15130040794611 0 0 0 61.37887867540121 1.533098414540291 26.47135578095913 2.121694594621658 1.104218728840351 0 0 0 1.556451268494129 0.5745615363121033 0.4850046932697296 0 2.172324873507023 3.452025294303894 0 0 0 0.6074854582548141 0.5403231531381607 0 0.2019840776920319 0 4.486207135021687 12.82571848481894 3.554561354219913 2.362569376826286 1.335249572992325 20.66371040046215 2.821325793862343 0 0 0 0.08844262361526489 0 0 0 0 49.0959830135107 4.444535069167614 0.4583760201931 0 0 13.00636526197195 5.010659039020538 7.5362858325243 4.058440402150154 5.40360763669014 2.210177354514599 0.4054219275712967 0 0 0 0.1035107001662254 0 0.2764885276556015 0 0 0 73.13161716610193 14.13850512355566 45.50514002144337 1054.439227752388 13.28836640715599 512.551571495831 49.96204061806202 739.950947470963 132.5368210375309 0.6960395276546478 40.51399224996567 25.5979111418128 0.5690795332193375 19.52059110254049 2.44517183303833 46.27189208567142 0.9855397194623947 0 0.4738100618124008 3.036356061697006 4.541935116052628 1119.168938949704 218.1347693130374
68.84230456501245 2635.592307858169 1871.496172994375 10.28204375505447 569.3062213361263 0.4254107847809792 347.7196483537555 2893.483684830368 707.4056210517883 68.32104085385799 1119.520075425506 10.06357830762863 764.964986525476 5332.738159954548 2.69939136505127 5.25299122184515 0.1216910630464554 0.1041882932186127 0.2870845422148705 0.1803763508796692 1.052364945411682 0 0.7804083898663521 0.2897141501307487 0.08093089610338211 0 0 0.213342122733593 0 0 252.1148661896586 147.8931632786989 450.1373955905437 0.8452262803912163 0.6564732566475868 1.243569903075695 0 0.2171365097165108 0.2387812435626984 0.2505537495017052 0.1119851768016815 0.0795537456870079 0 1.421333238482475 0.6893296390771866 0.3240304440259933 6.806597769260406 0.4607426002621651 0 0.2664692476391792 0.109418123960495 0 0 0 0.09535147994756699 0 5.481156192719936 26.75579405575991 0.8467519953846931 1.773441605269909 0 32.85611030459404 0.2084398418664932 15.66005026549101 0.1009994670748711 0 0.09090448915958405 0.1804583668708801 0.5460009649395943 0.3457115888595581 0.1059575229883194 0 0 4.669072568416595 10.80455232411623 13.70788252353668 31.18744291365147 4.649526372551918 23.21261912584305 2158.901695199311 0.2210899367928505 185.2338878065348 1.258113272488117 0 0.1060898527503014 0.09624427556991577 0 0 0 0 0.1012912467122078 0 0.5638997703790665 0 0 0.5116065070033073 0.1795383542776108 0 0 8.750225193798542 0 0.1326034069061279 0 0 0 0 0.3748400062322617 0 0.1942595615983009 0.1104096248745918 0.12506964802742 0 0.1869774684309959 0.3274223431944847 0.1172170490026474 0.1216105595231056 0 0 0 0 0 0 0 0 0 0 0 0 0 0 0 0 0 0 0 0 0 0 0 0.2217553779482841 0 0.0938476175069809 0 0 0 0 0 0 0 0 0 0.1256255507469177 0 0 0 0 0 0 0 0 0 0 0 0 0 0 0 0 0 0 0 0 0 0 0 0 0 0 0 0 0 0.3883514478802681 0 0 0 0 0 0 0 0 0 0 0 0 0 0 0 0.2157112061977386 0.3480479717254639 0 18.67007694393396 0.1357729434967041 14.17150814831257 0.9990875273942947 9.486797235906124 1.230492234230042 0 0.8898249864578247 0 0 0 0 0.1283204555511475 0 0 0 0.2836951017379761 0 3.676672980189323 0.2796165943145752
13.17411404103041 203.805284909904 20.71352854371071 0.2703899741172791 9.475508958101273 46.97848351299763 22.11463347822428 14.13075931370258 1.518055364489555 1010.022741407156 10.06357830762863 388.0243617743254 1869.171573169529 79.5585678294301 58.43960984796286 74.1912239715457 10.77878085523844 1.489821247756481 1.068302810192108 4.64163663983345 29.35983364284039 0.1628432124853134 19.04002574086189 12.01979956775904 9.352835029363632 12.3232050538063 3.893716275691986 2.445367068052292 0 0.8312384784221649 64.84132156521082 9.779231570661068 256.0368472784758 6.014097966253757 12.58166543394327 35.43209805339575 809.6272757127881 102.9697031676769 49.25739089399576 4.994986020028591 7.940057992935181 2.254258058965206 6.043310821056366 7.072680495679379 4.610630497336388 3.146999873220921 107.0166890993714 3.54207793623209 2.145867548882961 3.213203504681587 2.718351416289806 0.133351668715477 0 0.2147241681814194 1.591214798390865 0.9089240208268166 14.6893407702446 32.42562244832516 6.274560034275055 12.36907271295786 21.60278203338385 55.19198578596115 27.28085675835609 9.60482843965292 0.6264914721250534 2.618637584149837 0.7093214020133018 5.008857205510139 35.6786857843399 16.71879149228334 890.3834881559014 1.50774073600769 0 17.53883460909128 21.92412342876196 43.55122247338295 33.46192831546068 15.39345752447844 0.3409816473722458 55.04027542471886 1.094492383301258 14.28580763936043 4.868849545717239 0 0.5460862666368484 0.2836542502045631 1.05710569024086 0 0 0 0 0.0869193822145462 25.06861723214388 3.572604633867741 0.9007563367486 1084.083786487579 104.4348184838891 0 31.71773057430983 38.27563127875328 7.884773172438145 17.10296095907688 12.70139784365892 0.3411503434181213 39.0506232380867 8.007323123514652 131.4792650043964 4.624099753797054 90.74902591109276 30.31655394285917 33.98802026361227 209.6132676452398 151.0745629146695 126.244706004858 183.4292065277696 1.526331044733524 0.4804658442735672 0 0.3005484938621521 0 0 0 0.4469267353415489 0 0 0.3419098928570747 0 0.3418892845511436 0 0 0.1311196237802505 0.2714745104312897 0.2363569661974907 0.2161731049418449 18.07456542551517 17.43943233042955 0 0.4188689440488815 0 104.7171363383532 3.488324157893658 48.71625278890133 5.188655227422714 2.86901992559433 0 0 0 0.2135938480496407 0.3378350287675858 0.1359989792108536 0 3.479569405317307 3.420586884021759 0 0.1452008038759232 0 1.532335996627808 0.1398001462221146 0.214837558567524 0.3563724681735039 0.2110753506422043 5.411548875272274 15.65958099812269 1.340644605457783 0.911060705780983 1.745458647608757 36.88689006119967 3.292335249483585 0 0 0 0.09751279652118683 0 0.1081229001283646 0 0 76.51403760164976 4.758572116494179 0.3584533482789993 0 0.1380119472742081 22.38632668554783 3.226220473647118 7.086295388638973 4.142813354730606 8.187126837670803 2.959728598594666 0.7806544452905655 0.8976545259356499 0 0 0 0 0 0 0 0 84.85070849955082 26.89579174667597 85.77448965609074 653.044812656939 8.522002279758453 257.1086152121425 68.84062026441097 99.91652692854404 75.17300656437874 1.737088143825531 24.1751364171505 32.51124227046967 0.20943383872509 28.78328866511583 3.057160049676895 38.1756804138422 1.265951633453369 0 0.6153915822505951 8.431958973407745 1.955263644456863 590.7533496618271 141.9192619025707
69.93977355957031 3784.802868507802 383.5612327381968 291.9610277563334 1073.086329258978 28.54083271324635 5637.452518180013 551.0875774845481 1081.705635711551 9167.319369375706 764.964986525476 1869.171573169529 2335.67051295191 5390.662937015295 91.86926623433828 153.2654472216964 8.404687821865082 1.746690213680267 0.9425271153450012 3.311984330415726 25.50479953736067 0 13.24860215932131 8.239293962717056 9.956382572650909 9.60967068374157 2.406843841075897 2.32922799885273 0.5095575824379921 0.7746835350990295 176.4164605140686 96.19776714593172 1940.692526824772 7.203575640916824 10.91222480684519 37.27388700097799 494.1436838880181 92.02142116427422 50.69131299853325 5.277251407504082 2.951445169746876 0.9449507668614388 5.050273515284061 26.74420148134232 7.250853955745697 4.685740999877453 185.1645629033446 8.801200494170189 2.335698902606964 3.199104249477386 1.561771579086781 0.128668874502182 0.2618650868535042 0.09161541610956192 3.566727332770824 1.69687420129776 46.00455840677023 72.48238360136747 15.36744663119316 31.61723471432924 19.04204188287258 168.0935030728579 26.00956496596336 28.16932411491871 1.839779041707516 1.043273359537125 1.943397775292397 4.96819244325161 29.54533817619085 12.13666577637196 221.0150258988142 1.384212493896484 0 53.67195927351713 57.06718238443136 145.6024838909507 160.3948249667883 54.15320966392756 3.431265406310558 335.8895097076893 1.557496421039104 22.94774334877729 12.19230709224939 0 1.356160968542099 1.281706273555756 0.8925545364618301 0 0.3317853435873985 0 0.4701278582215309 0.2123744189739227 19.16731822490692 1.530762955546379 0.9331800267100334 841.4041085466743 47.1517077088356 0 50.34375633299351 29.51366674154997 5.992007724940777 11.71528343111277 11.52686683833599 1.378663346171379 37.17815488576889 8.844823770225048 170.1742778643966 5.454233050346375 98.22178067266941 22.87366035580635 33.29619687050581 235.7596051618457 154.7829273492098 122.9744488224387 174.1096267029643 1.679365657269955 0.6750935912132263 0 0.1811933591961861 0 0 0 0.6494179591536522 0 0 1.003913566470146 0 0.1977792531251907 0.8867882788181305 0 0 0 0.3257638663053513 0.09195724129676819 12.74951449781656 20.98363016545773 0 0.09975302964448929 0.8221899121999741 93.19040381163359 4.423442825675011 47.91214033216238 4.766083315014839 1.936534181237221 0 0.1131132617592812 0 0 0.3850295543670654 1.187754318118095 0 2.308649107813835 2.734313167631626 0 0 0.1194127202033997 1.005700066685677 0.6465623006224632 0 0 0 4.055458523333073 17.32196963578463 1.895100064575672 2.772801838815212 1.697588041424751 31.84860064834356 3.47529199719429 0 0 0 0.4195611402392387 0 0 0 0 70.93196995556355 2.85820734500885 0.3987964540719986 0.2121675610542297 0 19.98789323121309 3.901131384074688 6.158618979156017 5.157760240137577 7.474341221153736 6.195734143257141 0.2788686901330948 0.6598720923066139 0 0 0 0.1111900135874748 0 0 0 0.1439876705408096 80.90596783161163 21.94787627458572 72.88775802403688 785.2433705180883 13.14637244492769 392.9918611720204 71.64739771187305 132.3393605276942 107.9259440526366 0.6670496016740799 33.46987412124872 36.13702123612165 0.4420776143670082 31.61789558082819 4.649037323892117 38.67994257807732 1.076470695436001 0.4709728360176086 0.6672459915280342 7.59296015650034 2.407000787556171 442.1355574578047 149.1634772196412
82.89577706903219 5981.047726288438 1546.158258132637 78.020562492311 2492.406431406736 2.570330128073692 1564.397520415485 1769.453456796706 967.4852098822594 511.1836104094982 5332.738159954548 79.5585678294301 5390.662937015295 1228.520484939218 40.74367824941874 74.46439261734486 3.141719624400139 1.295178197324276 0.4752218946814537 1.941487096250057 9.903384476900101 0 5.851108513772488 3.105201855301857 2.879124894738197 3.489570260047913 0.5062680318951607 0.6983381286263466 0 0.08803403377532959 197.6172244697809 72.98401675373316 789.4888595417142 2.38319931179285 5.478027001023293 13.56813926249743 92.78678381443024 15.82835803925991 3.437678836286068 1.247931778430939 0.4776436686515808 0.171172633767128 2.428774483501911 14.52335537225008 1.702720403671265 1.906330078840256 82.97774008661509 2.910291031002998 1.204828731715679 1.925561480224133 0.5430377572774887 0 0.0913541242480278 0 1.52824093401432 0.921258270740509 22.93177554011345 51.53445502370596 6.57420752197504 14.43387020379305 4.266401380300522 34.36127733439207 7.898953102529049 18.6063739284873 1.128178633749485 1.382421806454659 1.577372089028358 1.365920573472977 9.084523655474186 4.38902959227562 45.98891977965832 0.4684539511799812 0 27.1568495631218 36.89698341488838 74.07605782151222 94.28573702275753 34.40348642319441 4.081959873437881 1161.156844228506 0.3428589999675751 60.32778004556894 3.755585432052612 0 0.8063472583889961 0.7028908953070641 0.3178693279623985 0 0.1819781959056854 0 0 0 6.194920234382153 1.084879651665688 0.07291365414857864 43.92252078652382 7.852002948522568 0 2.673321038484573 9.122510716319084 0.722214862704277 1.847811229526997 1.309601277112961 0.9282395243644714 3.854678183794022 0.938214085996151 13.43911867588758 1.296500906348228 10.03150610625744 2.809367015957832 5.601835288107395 30.33694120496511 19.49814087152481 15.37527740746737 26.54498908668756 0 0.252800926566124 0 0 0 0 0 0 0 0 0 0 0 0 0 0.1227514445781708 0 0.23039860278368 0.269050121307373 1.952046200633049 1.043711706995964 0 0 0 13.17966043204069 1.304688110947609 6.604150950908661 0.8339438885450363 0.5333563163876534 0 0.09670680016279221 0 0.09632514417171478 0.09566985070705414 0.1246293634176254 0 0.4641390740871429 0.3036570325493813 0 0 0 0.2096482962369919 0.2835827767848969 0 0 0 0.5005752295255661 1.488914974033833 0 0.8813215494155884 0.1644542068243027 5.54751892387867 0.3866583928465843 0 0 0 0 0 0 0 0 10.54386861622334 0.3870824053883553 0 0 0 2.754660956561565 0.7447249516844749 1.385461993515491 0.5915696695446968 0.8515137508511543 0.7336096093058586 0.223102442920208 0 0 0 0 0 0 0 0 0 6.770102545619011 4.211120091378689 12.2833306863904 279.2219977676868 4.499917410314083 160.2079751044512 24.94837840646505 42.67935486137867 37.68394216150045 0.7341652289032936 11.33077607303858 6.147762149572372 0 3.160183131694794 0.2871802300214767 5.931172452867031 0 0 0 1.519067615270615 0.8687117546796799 25.94270388036966 7.801684990525246
5.476892322301865 40.08985459059477 7.763640448451042 0.82936130464077 1.093153223395348 0.158544585108757 10.91342946887016 9.177404455840588 0 97.41601364314556 2.69939136505127 58.43960984796286 91.86926623433828 40.74367824941874 457.8936303704977 2055.391985058784 681.1766424700618 17.06405255198479 36.79586540907621 4.029909357428551 1.463221795856953 0 1.003648765385151 3.096740797162056 18.30999808758497 4.982798241078854 1.539969310164452 2.574520014226437 0.5495495200157166 0 13.43923892825842 3.214462630450726 101.2442111596465 19.64557282626629 10.56994034349918 16.99500131607056 49.11806570738554 17.19583732634783 25.40795827656984 27.93308643251657 0.8741901963949203 0.374761201441288 3.11214255541563 392.0148233622313 120.5696515664458 55.73061110824347 522.1598849147558 8.671656392514706 24.87715549767017 16.76686688512564 0.8002199307084084 0 4.190194487571716 0.2951006218791008 3.729919821023941 0.9548418372869492 217.8869964554906 49.02945545315742 36.65818064659834 306.9956557378173 9.183237291872501 42.37593346089125 24.18348909169436 0.5709171071648598 2.080137223005295 2.696882218122482 1.447623819112778 4.303942270576954 11.71765260398388 1.682409331202507 36.18779189884663 2.427771963179111 0 720.3600857034326 97.62650784850121 1035.272230774164 97.33350723981857 126.5565734952688 1.891229055821896 34.95733729749918 4.188076980412006 53.19697368890047 15.76508579403162 0 2.458581641316414 0.8273342698812485 5.782199889421463 0 0 0 0.5858719944953918 0.2634712755680084 3.508155785501003 1.462526500225067 0.4335159808397293 37.62897592037916 17.89390297234058 0 30.3817393258214 2.050965443253517 0.1227970644831657 0 0 0 0.1172401756048203 0 0.6622758507728577 0 0.3785244226455688 0 0.2308421432971954 0.4009342193603516 0.3644455969333649 0.7921194806694984 2.046877779066563 0 0 0 0.4491934776306152 0 0 0.2406818270683289 0 0 0 0 0 0 0.4917956292629242 0 0 0 0 0 0 0 0 0 0 1.766060806810856 2.082301951944828 6.072813712060452 2.408491522073746 1.588460519909859 0 0 0 0 0 0.3045269697904587 0 0 0 0 0 0 0.1403501629829407 0.1364335119724274 0 0 0 0 0 0 0 1.096958637237549 0.7964828163385391 0 0 0 0 0 0 0 0 0 1.026242665946484 1.196144476532936 0 0 0 0.1405286490917206 0 0.9567857831716537 0 0 0 0 0 0 0 0 0 0.08590421825647354 0 0 0 1.087412297725677 1.896007873117924 3.951128721237183 66.5496448725462 17.21919736266136 136.5356450900435 8.525463178753853 10.22680081427097 17.7710615247488 0.3070017099380493 7.617190927267075 1.504275962710381 0 0.3475129008293152 0.4304554164409637 1.813088767230511 0 0 0 0 0.1539619863033295 12.40793562680483 0.462980255484581
