530.5774862170219 3457.124945096672 247.1162342876196 1138.303991906345 70.77172308415174 69.21562847495079 200.9813988208771 17.34994076937437 2.504101321101189 602.3652852401137 94.53663645684719 69.44905856996775 112.0398519188166 160.2976713553071 15.60251357406378 1.205943956971169 0.12835693359375 0 0 0 0.5003366693854332 0 0 0.1522334367036819 0.453773096203804 0.1081497222185135 0.1119519993662834 0.8350129723548889 0 0 514.3541115522385 1.027276165783405 23.75154183804989 0.2634330540895462 0 1.87351667881012 11.66275170445442 2.597801357507706 2.770381703972816 0.3405474498867989 2.472857743501663 1.328097060322762 0 0.09514733403921127 0.09293141961097717 0 61.62371622025967 1.604153878986835 0.1292126178741455 0.09291311353445053 0.6238730475306511 0.1639718115329742 0 0 18.90682653337717 13.75868204981089 410.8797524794936 513.9173456430435 88.25645618140697 35.62977050244808 0.09120623022317886 3.393169440329075 0.5308211445808411 6.629162631928921 7.551256015896797 2.004154957830906 1.002407394349575 0.3347831591963768 0 1.881112962961197 21.35279913246632 3.377549216151237 0 412.2473946362734 16.71783659607172 103.5391450673342 0.7809103801846504 0.3126123771071434 0.2333844304084778 11.19761061668396 0 4.371108911931515 37.52718453109264 0 4.661674313247204 5.154509380459785 0.6190629675984383 0 0.607948400080204 0.3249447792768478 0.1243489235639572 0 0.6322084963321686 0 0 253.9552212059498 1.286770403385162 0 4.257670536637306 2011.537300527096 0.203184187412262 4.053603187203407 1.546991854906082 4.294705912470818 2.189405083656311 7.960394449532032 3.883033588528633 2.278768986463547 17.42786526679993 19.79947089403868 4.237286783754826 9.935955405235291 30.38654606789351 30.28426818549633 18.51275718212128 1.101777046918869 0.2843538820743561 0 0 0 0 0 0 0 0 0 0 0 0 0 0 0.4501515328884125 0 0 0.8553813323378563 0.6375072449445724 0 0.2441001832485199 0 10.20391720533371 3.07840234041214 5.607416078448296 1.575890362262726 0.2502271831035614 0 0 0 0 0 0 0 0 0.2683458924293518 0 0 0.1113440692424774 1.020176857709885 0 0 0 0 0.3358030095696449 0.5452465638518333 0.4318568632006645 0.1702432036399841 0 7.317669466137886 0 0 0 0 0 0 0.2883330285549164 0 0 20.74188432097435 0.9467113018035889 0 0 0 1.303059175610542 0 1.486745983362198 0.3427456617355347 0.1036824285984039 1.133468553423882 0 0 0 0 0 0 0.1104042008519173 0 0 0 33.15063996613026 2.570479705929756 8.462853632867336 729.5746802389622 5.840138375759125 287.0847802385688 38.07304555922747 1986.607658237219 78.84585226327181 5.258812911808491 14.48492375016212 68.27959874272346 0 1.086943045258522 0.2711318135261536 35.92394044995308 0 0.7035650983452797 0 0.7847294881939888 0 452.9719368368387 36.67685547471046
3457.124945096672 4408.022326253355 2277.146150924265 2030.027428910136 3028.220678381622 15.07611882686615 2576.900240153074 172.8805012106895 947.099411457777 1153.872769109905 975.4956852868199 138.7122521996498 1849.80667553097 3359.303346507251 75.89375530183315 10.25739096850157 0.5246616154909134 0.1366613507270813 0 0.7864061743021011 1.917238019406796 0 0.9712059125304222 0.8825677707791328 1.794223859906197 0.4685484245419502 1.073280230164528 0.5890294089913368 0.1277126669883728 0.2467380240559578 2514.137354403734 28.00233785808086 86.27921748906374 0 0.4355456233024597 1.116274729371071 35.88414278626442 3.427764691412449 2.517152331769466 0.3648373633623123 4.604635380208492 2.284562543034554 0.7371391952037811 0.8971744030714035 0.4368793293833733 0 225.0776989758015 3.852201759815216 0.7998927086591721 0.6666487976908684 1.966372847557068 0.1090667024254799 0 0.4948629438877106 34.46123553067446 24.06936973333359 274.7747415527701 589.3813915848732 103.3245999291539 112.1633595749736 1.108412772417068 0.3183027654886246 2.595102988183498 94.28335005789995 14.37665621191263 4.674560114741325 3.725297704339027 0.8483424112200737 1.293941847980022 5.413418680429459 13.26325239241123 0.162615641951561 0.1053076386451721 713.9230162501335 129.2530412524939 388.6485576555133 9.552802875638008 3.354215040802956 2.005429603159428 31.91534155607224 0.6393106132745743 2.031057558953762 78.1534901112318 0 11.03957628458738 12.36568796634674 0.9219138249754906 0.1336482912302017 1.852643378078938 0 0.2459445893764496 0 2.558596454560757 0.208473227918148 0.6091194003820419 28.28954091668129 4.079299278557301 0 3.616682976484299 815.6503043323755 0.4680884182453156 0.3389305472373962 1.994989514350891 0.205723911523819 5.465740770101547 24.70788116753101 0.4147247225046158 0.8006152808666229 37.41048885881901 5.530928999185562 2.735337898135185 6.775484412908554 9.635090075433254 12.00089169293642 9.763368830084801 0.1379745453596115 0 0 0 0 0 0 0 0 0 0 0 0.4894329011440277 0.1238115653395653 0.114748440682888 0 0.113164134323597 0 0 0.723836362361908 0.3514131307601929 0 0 0 6.816497467458248 1.02573624253273 6.746849291026592 1.7571110278368 0.6572655513882637 0 0 0 0 0 0.1687350571155548 0 0 0.283600814640522 0 0 0 0.3090870529413223 0.1404050290584564 0 0 0.1094020158052444 0.2337054461240768 0.180266410112381 0 0 0.4214376509189606 7.453960351645947 0.5208671092987061 0 0 0.198882594704628 0 0 0.1834452003240585 0 0 12.24920822679996 0.1734185367822647 0 0 0 0.9596652090549469 0 1.451891601085663 0 0 0.3519675135612488 0 0 0 0 0.1072295382618904 0 0 0 0 0 6.643042504787445 3.102912381291389 6.675939440727234 514.0816725417972 12.38903903216124 686.5632524639368 74.20132688432932 732.155694462359 91.24074202775955 8.554401867091656 57.28331823647022 13.60188339650631 0.4444125220179558 3.871572308242321 0 4.504696041345596 0 0.8736005425453186 0 5.523098282516003 0 256.7484969124198 7.516060054302216
247.1162342876196 2277.146150924265 2115.615193851292 50.60662969946861 2178.738772302866 1.50190281867981 368.6480077281594 3128.246538862586 727.8982853665948 30.35950204730034 2701.98236014694 22.67426186800003 792.0280194357038 2803.090186178684 30.70509285479784 10.60129015892744 0.4141581580042839 1.129068091511726 0.118506096303463 2.781645715236664 17.69499008357525 0 5.269472062587738 3.29337290674448 7.124599538743496 2.605214968323708 3.314597390592098 0.7060862332582474 0.2799713015556335 0.2468283027410507 3808.13510325551 972.1485856249928 185.5405532866716 0.7502859905362129 1.002950131893158 3.154224239289761 68.11185728013515 3.452140681445599 2.460902214050293 2.996890716254711 29.9423098936677 12.5230877995491 2.172433190047741 3.165265917778015 0.860404908657074 2.695046089589596 43.58751937001944 1.27836075425148 0.1139061525464058 2.675554804503918 0.9027031809091568 0 0 1.282961919903755 8.727552600204945 5.80170577019453 122.3624871298671 561.2913259416819 29.05448436737061 19.37605314701796 5.550951592624187 3.745275586843491 1.310278579592705 71.11563759297132 3.306081928312778 2.057044625282288 1.212178409099579 2.157874166965485 5.907205894589424 54.83713448047638 10.95894172787666 1.356604129076004 0.12649966776371 210.1398646980524 54.32298105210066 91.74652472138405 6.459662154316902 5.232315249741077 20.30977240204811 379.0989009439945 3.795946136116982 24.85696814209223 14.08408266305923 0 1.382196471095085 2.344632230699062 2.578962966799736 0 0 0 0.1324275285005569 0 14.70021500438452 1.273888625204563 2.414345532655716 5.593592509627342 4.193539783358574 0 0.230577327311039 117.1636196225882 0 0 0 0 0.8294952511787415 0.6248917132616043 0 0.404798150062561 2.647316575050354 1.857390165328979 2.376605428755283 2.066794089972973 4.802786029875278 8.292180374264717 5.701948799192905 0 0 0 0 0 0 0 0 0 0 0.3262315094470978 0 0 0 0 0 0.09853657335042953 0.3215695694088936 0.2136396318674088 0 0 0 1.167123675346375 0.3184930086135864 6.215957403182983 0 3.7490059658885 0.9934808760881424 0.1523041278123856 0.1274370700120926 0 0.2754243612289429 0 0 0.7903724759817123 0.1304458230733871 0 0 0 0 0.1268243193626404 0.2817785739898682 0.1160455495119095 0 0 0 0 0 0 0.2291917204856873 0 3.437647610902786 0 0 0 0 0 0 0 0 0 8.404874816536903 0.2183320075273514 0.1878321319818497 0 0.2838008850812912 1.550974696874619 0 0.2406870126724243 0.2878874242305756 0.5056765675544739 0 0.1651563495397568 0 0 0 0 0 0 0 0.2970038652420044 0 3.850758895277977 3.246136426925659 5.215726613998413 113.8898029625416 3.930349439382553 133.0741139501333 17.96896775811911 76.4702927544713 17.4400412812829 2.417759820818901 11.54412516206503 5.64392863214016 0 0.3218687623739243 0 2.269064620137215 0 0 0 2.818572193384171 0 68.42421101778746 1.980318367481232
1138.303991906345 2030.027428910136 50.60662969946861 651.6050215810537 44.77283651381731 120.6658315509558 1472.856607928872 1.424741491675377 2.786982029676437 4362.40957172215 15.26825468987226 1303.395831272006 988.7402600795031 37.70018971711397 17.01642902940512 1.220116034150124 0.128009170293808 0.4723459556698799 0 0.2190803438425064 0.6812039911746979 0 0.1113917455077171 0 0.5866941511631012 0 0.1031889021396637 0 0.4626448154449463 0 80.30579583346844 0.1314213573932648 13.56840550154448 0 0 0.4631060063838959 5.216803193092346 1.539071202278137 4.688962399959564 0.1088715940713882 1.815594330430031 0.1336541324853897 0 0 0 0.2501862719655037 51.61367632448673 2.24469019472599 0.1160799786448479 0.3923705071210861 0.5599415451288223 0 0.09405771642923355 0 14.12692526727915 7.974048510193825 98.72401996701956 101.2668104022741 34.25272438675165 31.63225012272596 1.663373842835426 0.9546060711145401 2.666290551424026 10.77676341682673 4.801778338849545 1.689812697470188 1.423810593783855 0.2215245217084885 0 2.556035362184048 6.374198138713837 4.373941898345947 0 217.2057911977172 15.7321453243494 92.98202472925186 0.5795216262340546 0.2516802474856377 0.2017142623662949 8.475834064185619 0 0.2241693586111069 29.32934936136007 0.1064803600311279 2.016359679400921 3.190780475735664 0.3588697239756584 0 0.4918378069996834 0 0 0 0.2903421819210052 0.1098006516695023 0.4043595194816589 200.0955437719822 1.951475322246552 0 2.19366928935051 739.0017933696508 0 4.604319453239441 11.51350720971823 74.48513548076153 4.142156735062599 185.9249326512218 25.41537076234818 9.653861731290817 139.6891273930669 35.32222113758326 2.050489351153374 12.23733466863632 80.99587358534336 28.98408102244139 17.55698599666357 0.161450132727623 0.6425865292549133 0 0 0 0 0 0 0 0 0 0 0.4649554491043091 0 0.3204195201396942 0 0 0 0 0 0 0 0.3003658354282379 0 3.942290641367435 0 5.441321045160294 0.9556906968355179 0.187131404876709 0 0 0 0 0 0 0 0 0 0 0.3823625147342682 0 0.2342370897531509 0 0 0 0 0.6930500417947769 0.9175729155540466 1.066157579421997 0.2171714305877686 0 5.721121057868004 0.1138290986418724 0 0 0 0 0 0 0 0 18.44781089574099 0.1537954360246658 0 0 0 2.684034109115601 0 0.5814483761787415 0.5067666918039322 1.418435707688332 0 0 0 0 0.2106436192989349 0 0 0 0 0 0 27.44062519818544 2.700474217534065 2.752589523792267 377.4520930275321 3.364296905696392 209.0807124003768 27.13946657627821 1266.524095162749 38.93459141254425 2.914291381835938 15.48019732534885 36.98158387094736 0 4.04239447414875 0.8595375120639801 30.02134522050619 0.1396147459745407 0.5659211128950119 1.006690144538879 1.298418894410133 0 202.4545729979873 31.10731441527605
70.77172308415174 3028.220678381622 2178.738772302866 44.77283651381731 1668.213774368167 1.263417989015579 1452.671421535313 460.8083204254508 4089.200356863439 430.625381976366 753.4317989423871 40.04394171386957 1037.179092548788 3012.469342291355 50.2506375014782 10.16396823525429 0.573376290500164 0 0.1047386676073074 0 0.1068086698651314 0.5613313317298889 0.4903419613838196 0.1256186664104462 1.733915790915489 0 0.1544442772865295 0.4085868149995804 0.5297286510467529 0.1370899975299835 250.8133445233107 65.73542276769876 8.103974126279354 0.1105342134833336 1.20576623827219 3.153800517320633 6.92413105070591 2.096136927604675 3.314077854156494 1.684400409460068 0.238434873521328 0.6576090455055237 0.2056529894471169 0.5859883949160576 0.3592692762613297 1.119144104421139 118.7822244241834 1.813875406980515 0.5282270610332489 0.6381951123476028 0.2317267879843712 0 0.2399982661008835 0.6804424226284027 6.228377863764763 4.699731782078743 34.85628858208656 98.73256234824657 15.22513003647327 26.98615566641092 0.4292677640914917 1.640335902571678 0.5761532932519913 64.74389039725065 3.225363202393055 0.7036624252796173 1.736356094479561 0.4502873048186302 0.2347215786576271 1.355698779225349 9.521284490823746 1.21467536687851 0 144.180436424911 64.4781414270401 173.2464339435101 11.68106753379107 3.707956090569496 1.40677185356617 4.277590647339821 0.5760524570941925 2.845588549971581 17.13976308703423 0 2.962814062833786 1.657806620001793 0.3372990787029266 0 0.6362711191177368 0 0 0 0.3930651545524597 0.1059620752930641 0.1302826851606369 31.41086345911026 3.919482097029686 0 2.591599941253662 16.71787419915199 0 0.3675558567047119 0.9064733535051346 0.3735535144805908 2.470795527100563 6.457547843456268 0.7880902588367462 2.033231034874916 2.400196947157383 3.334848880767822 5.08036732673645 5.715168155729771 8.609271727502346 12.65357701480389 11.99907429516315 0.3644182905554771 0.1593902409076691 0 0 0 0 0 0 0 0 0 0 0 0 0 0.1184468418359756 0 0 0 0.6276945471763611 2.662664085626602 0 0.1056694611907005 0 8.65536005795002 0.5663882493972778 9.130440294742584 0.9204246252775192 0.9103708565235138 0 0 0 0 0 0.3191641271114349 0 0 0.3167532980442047 0 0 0 0.3991923034191132 0 0 0 0 0 0.1041296273469925 0.243019312620163 0.9635902345180511 0 7.985530115664005 0.5674889534711838 0 0 0 0 0 0 0 0 11.63942997902632 1.120929270982742 0 0 0 1.254088670015335 0 1.191717423498631 0.2934656739234924 0.5865283608436584 1.297149553894997 0 0 0 0 0 0 0 0 0 0 6.989749118685722 7.058556362986565 7.549552910029888 261.0318992882967 4.94923834502697 242.5264109224081 33.26946362107992 49.08883987367153 13.41971507668495 1.81822095066309 38.70012443512678 8.477273143827915 0.1657080948352814 1.449795722961426 0.1852845698595047 2.438486330211163 0 0.1436231136322021 0 2.661572672426701 0 32.45224926620722 2.850310474634171
69.21562847495079 15.07611882686615 1.50190281867981 120.6658315509558 1.263417989015579 3.94068643450737 12.56015484035015 0 0.5076072812080383 168.2832483053207 4.557961292564869 133.3527775332332 42.20159596949816 6.275621891021729 2.015244722366333 0.1471512168645859 0.1424193531274796 0 0 0 0 0.8118652403354645 0.2376795560121536 0 2.594257175922394 0 0 0.5136542916297913 0.1887415051460266 0 14.19587080180645 0.1419362723827362 3.915708780288696 0.2799850702285767 0 4.824045181274414 10.28841650485992 0.8377101719379425 3.086189553141594 1.079490520060062 0 0.4876910746097565 0 0 0 0 1.445217192173004 0 0 0 0.3562467396259308 7.605406492948532 0 0.5194496810436249 0 0.6046860069036484 26.23167727142572 2.515775665640831 1.329359799623489 0.2944318950176239 2.441527262330055 15.73125895857811 2.034025877714157 0 0 0 0 0 0 0 151.1323689967394 41.6751649081707 2.905374556779861 2.408222898840904 0.6238588690757751 0.4427496492862701 0 0 0 3.859719827771187 0 0.8615782558917999 0 0.1217821836471558 0 0.609922468662262 0 1.783200144767761 1.952181793749332 6.70676638931036 1.861994095146656 4.474846854805946 0 0 2.220643997192383 388.1590741574764 27.42489622533321 1.597514048218727 14.91036687791348 137.4714186787605 0 1.868523731827736 1.007014825940132 1.232926830649376 0.9916993081569672 1.686690360307693 1.791524291038513 0.7124046385288239 4.750679239630699 10.4518668949604 0.3186562955379486 4.377922296524048 10.65127862244844 6.991584748029709 3.737044304609299 0 0 0 0 0 0 0 0 0 0.1099731102585793 0 0 0.1220860704779625 0 0 0 0.2084017097949982 0.1525346785783768 0 1.008391574025154 0 0 0.1257489174604416 0 1.77281653881073 0 2.29285791516304 0.91452457010746 0.1412761658430099 0 0 0 0 0 0 0 0 0.2974492311477661 0 0 0.1778733730316162 1.2868492603302 0 0 0 0 0.2817733734846115 0 1.082603670656681 0 0.2297252714633942 0.6416718363761902 0.1267764717340469 0 0 0 0 0 0 0 0 7.34177440404892 0.8353504091501236 0 0 0.1610088795423508 0 0.6523314118385315 0 0 0 0.4113013446331024 0 0 0 0 0 0 0.1213924810290337 0.1357551366090775 0 0 13.43508071452379 1.008514389395714 5.470252245664597 103.584703758359 0.3622738569974899 5.028762459754944 0.3937607705593109 185.9283797889948 0 0 1.214293941855431 17.98542604595423 0.8447355031967163 0.5063493251800537 0.8691563308238983 12.45010462403297 0 0 0 0 0 59.83140747249126 19.7411043047905
200.9813988208771 2576.900240153074 368.6480077281594 1472.856607928872 1452.671421535313 12.56015484035015 450.3763559982181 43.24814753979445 2410.847317285836 3136.541328236461 176.7013947814703 548.7528698146343 3147.627221174538 3283.998012989759 134.1485614031553 23.54104022681713 0.1546183973550797 0.2582985535264015 0.2483973130583763 0.5697421878576279 1.306578189134598 0 1.198265329003334 1.035543844103813 3.099068135023117 0.6018586456775665 0.8153036832809448 0.8607887327671051 0.8975644260644913 0.4318737685680389 210.2200083211064 89.39025291055441 9.509782075881958 0.7201166376471519 0.122723400592804 7.842446878552437 18.28579859435558 7.852220773696899 5.964329540729523 2.333650223910809 2.15561530739069 1.512161590158939 0.6477072089910507 2.844288758933544 0.2679055333137512 0.3536081090569496 274.1791917681694 3.91210912913084 0.603417195379734 1.154159963130951 1.028567031025887 0.694082573056221 0.9137646034359932 1.211601592600346 14.14063841104507 11.73211316764355 73.81798252463341 134.3117128759623 38.09734179824591 71.61525809019804 5.7515559643507 6.329889595508575 5.042294338345528 122.0266302973032 7.408916115760803 2.03617937117815 1.976179376244545 0.9545112699270248 1.208598904311657 3.910002969205379 27.81629624962807 8.489825233817101 0 329.0337020456791 117.1084078624845 376.8600136116147 22.21518544107676 10.69030103087425 3.027067609131336 5.571238957345486 1.237752228975296 3.639768816530704 44.30008248239756 0 6.149529531598091 6.198265187442303 0.7506105229258537 0 0.8778734505176544 0 0.3797742053866386 0 1.124125182628632 0.6243802011013031 0.9136484935879707 242.3637092858553 4.578696995973587 0 15.09984478354454 44.02249243855476 2.247112356126308 3.357052400708199 64.65761661529541 21.56821221113205 18.283118724823 55.64095211029053 4.85364006459713 16.03040546178818 72.67029465734959 39.45033603906631 19.55394940078259 237.2197291404009 115.1215692982078 103.2398382425308 66.72107841819525 1.198625072836876 0.5377820357680321 0 0 0 0 0 0 0 0 0 0 0 0.1755183637142181 0.7710214555263519 0 0 0 0 6.407658874988556 5.979434072971344 0 0.2831989526748657 0 47.57258053869009 1.721558555960655 41.47454890608788 6.682826608419418 1.604631364345551 0 0 0.19178207218647 0.2977530956268311 0.889765590429306 0.9210348874330521 0.3149934411048889 0.6396806687116623 1.98173750191927 0 0 0.1297726035118103 1.729281917214394 0 0 0.1256308406591415 0 1.183429226279259 1.033229611814022 1.213870875537395 2.123019307851791 1.810653015971184 37.66416159272194 4.403291746973991 0 0 0 0 0 0 0 0.2384520173072815 84.37058398872614 0.6325221806764603 0.1353812217712402 0 0 10.6705285012722 0.2782898247241974 8.399670630693436 1.44202832877636 4.043813027441502 1.783165752887726 0.9623865336179733 0.4892881214618683 0 0 0 0 0 0 0 0 70.86468203365803 24.80118319392204 48.84042453020811 912.7576924115419 17.56626382470131 639.8781116828322 87.75554641336203 296.0301718041301 40.4734223857522 4.197955146431923 109.9168475046754 63.04374018311501 0.3925759494304657 12.47593573480844 1.848723627626896 26.38734874874353 0.5602509379386902 0.3965764492750168 0.5994682163000107 10.62753617763519 0 124.7822587564588 28.65093687921762
17.34994076937437 172.8805012106895 3128.246538862586 1.424741491675377 460.8083204254508 0 43.24814753979445 1815.917820289731 1492.254860714078 5.119944587349892 3832.795695267618 9.10150932520628 338.0150574669242 2157.228762894869 57.0865790322423 27.0357509329915 1.934519983828068 3.001928336918354 1.994730435311794 52.02337425947189 151.4697534516454 0.1511908918619156 59.84856085479259 30.07187122106552 20.01883327960968 12.13136267662048 11.75029469281435 3.531422398984432 0 1.098406627774239 2155.835145667195 2518.149492777884 131.782938234508 35.95588666200638 15.62094329297543 19.13281378895044 33.73125029355288 6.906343385577202 2.647274345159531 2.728412307798862 139.7392678186297 38.55552239716053 32.715287566185 50.93442772328854 13.82986081391573 106.2799015641212 70.39011067897081 1.287646420300007 2.694933660328388 20.54750017076731 3.477302126586437 0.1283670514822006 0 2.59310045093298 2.58133403211832 3.02259873598814 57.70350284874439 261.6650220230222 14.99294619262218 11.08643392473459 331.6965268030763 69.54994454979897 43.2703842446208 290.0536920800805 1.418193109333515 3.790405072271824 2.139935441315174 7.120730385184288 30.07539175450802 518.8283693939447 7.555674694478512 0 0 110.6760423406959 115.9533668607473 122.9202914759517 115.7432130873203 241.721383407712 1040.156289078295 1119.580190144479 482.3921457529068 557.5133015066385 9.53755197674036 0 1.94388322532177 2.510591223835945 8.829816937446594 0 0.2358517050743103 0 0.2213310673832893 0 59.90409238636494 4.094058103859425 5.602691493928432 0.4558014273643494 0.4963336437940598 0 0.1171177551150322 14.47824190557003 0 0 0.1433433294296265 0 0.3977243900299072 0 0 0 0 0 0.1301050037145615 0.2736838385462761 0.4973817765712738 0.6732293665409088 0.4778953343629837 0 0 0 0 0 0 0 0.1456282436847687 0 0 0.3109414875507355 0 0.1120604202151299 0 0 0.2762151658535004 0 0.4416765719652176 0 0 0.638033390045166 0 0 0 0.4728885516524315 0 0.3030176013708115 1.631975457072258 0.2965008690953255 0 0.5779767334461212 0.2857002317905426 0 0 0.2748611196875572 0 0 0 0 0.1226168647408485 0.749977208673954 0.4675460159778595 1.335969902575016 0 0 0 0 0 0 0 0 1.320037238299847 0 0 0 0 0 0 0 0 0.1227465271949768 0.678603358566761 0 0 0 1.080565176904202 0 0 0.2701795399188995 0 0 0 0.200262039899826 0 0 0 0 0 0.1058353781700134 0.3874000608921051 0.1184064820408821 0.1200155317783356 0.7662537842988968 0.7907827869057655 1.830445013940334 119.1444653272629 9.706518150866032 153.2002283558249 23.33196208626032 22.342345058918 8.436870358884335 0.5562513619661331 19.76660567522049 0.5695136040449142 0 0.4197773039340973 0 1.352522730827332 0 0 0 3.769461065530777 0 18.72599060088396 1.332766324281693
2.504101321101189 947.099411457777 727.8982853665948 2.786982029676437 4089.200356863439 0.5076072812080383 2410.847317285836 1492.254860714078 1850.275162264705 26.7252130061388 1808.390287987888 7.413811415433884 758.8902123048902 2031.403275594115 4.776290059089661 1.541103333234787 0 0 0 0 0.2174446433782578 0 0 0.1264613270759583 0.1156414300203323 0 0.2476736307144165 0.1537736356258392 0 0 14.7174970433116 10.48149563372135 15.9127375036478 0 0 0.606245756149292 5.259768784046173 0 0 0.1126115247607231 1.199920140206814 0.1516279727220535 0 0.1948889642953873 0 0.09867445379495621 10.50145657360554 0 0 0 0 0 0 0 0.804819718003273 0 1.773350417613983 4.092642791569233 1.586379632353783 0.7244662344455719 0.4479863047599792 0.123631589114666 0 4.659157924354076 0.2073564454913139 0 0.1110656559467316 0 0.148674488067627 0.4474224746227264 0.6890319436788559 0 0 3.987905949354172 3.485635355114937 11.98910835385323 1.453745514154434 1.449020355939865 0.2809730470180511 2.147906005382538 0 0 0.8619832620024681 0 0.1035550162196159 0.08075062185525894 0.2413876354694366 0 0 0 0 0 0.4619671851396561 0 0 8.609278112649918 0 0 0 0.209332063794136 0.5337064862251282 0 0.2029982805252075 0.1353751569986343 1.820919722318649 1.283918976783752 0.1283205151557922 0.3294323980808258 0.5852096080780029 1.04971706867218 0.7872161567211151 1.391651719808578 2.5072071403265 2.132623478770256 3.034096091985703 0.1869338154792786 0 0 0 0 0 0 0 0 0 0 0 0 0 0 0 0 0 0 0 0 0 0.6989794373512268 0 2.013481020927429 0.3186147511005402 2.584904208779335 0.3991144597530365 0 0 0 0 0 0.2988945245742798 0 0 0 0 0 0 0 0 0 0 0 0 0 0 0 0 0 2.170538932085037 0 0 0 0 0 0 0 0 0 3.782161504030228 0 0 0 0 0.4917357861995697 0 0.4842757284641266 0.1422137171030045 0 0 0 0 0 0 0 0 0 0 0 0 2.665703684091568 2.125744044780731 1.609852448105812 36.02327889204025 0.519875779747963 22.08727702498436 3.65179368108511 4.209715984761715 0.8107617944478989 0 3.710854239761829 2.198552504181862 0 0 0 0.791931077837944 0 0 0 0.7340457737445831 0 1.858805105090141 0.8092633038759232
602.3652852401137 1153.872769109905 30.35950204730034 4362.40957172215 430.625381976366 168.2832483053207 3136.541328236461 5.119944587349892 26.7252130061388 3046.46712860465 22.56599453091621 2410.977393001318 4554.203816324472 155.3798325061798 63.59912054240704 13.4549011439085 0.2399511709809303 0.1269981265068054 0 0 1.698117204010487 0.1722599267959595 0.2761758416891098 0.1674445569515228 12.45412220060825 1.561236172914505 2.445813737809658 4.030064970254898 4.110446557402611 0.1634133905172348 62.46538951247931 9.608747504651546 76.55451481044292 0.3853868842124939 1.872037261724472 66.46251304447651 104.8950752988458 55.48163200169802 30.40262898802757 10.6085097193718 5.86754160374403 3.26075479388237 0.4319172650575638 0.4041068330407143 0.1459724307060242 0.6189945638179779 153.204757399857 1.485236786305904 0.2684426829218864 0.1291102319955826 0.6116632372140884 0.1477839648723602 1.33667916059494 3.72575843334198 11.46798276901245 4.548832923173904 68.80963434278965 52.78784780204296 24.64778780937195 36.49983891844749 22.91126446425915 56.02617971599102 7.674710303544998 33.08176892250776 4.24196968972683 0.412883959710598 1.903339602053165 0.5994889363646507 0.5553632155060768 3.027298659086227 167.5679901316762 28.12693944573402 0.2192972600460052 167.8416331782937 36.18268556892872 166.9116313830018 7.102946542203426 2.75636924803257 0.2701085135340691 6.218882471323013 1.419429391622543 8.820427253842354 21.39929630607367 0.1312296837568283 2.854815572500229 3.219334430992603 1.067905813455582 0 0.2206748127937317 0.1051260754466057 0 0 1.206838190555573 0.329403355717659 1.094607844948769 720.7880502343178 35.77961145341396 0 58.69976815581322 600.3030261993408 3.167745463550091 12.50430428236723 14.77013888955116 10.8134613931179 51.28838527202606 57.12743929773569 14.25717259943485 17.04428847134113 130.1006468608975 98.67880873382092 35.08883815258741 88.18668300658464 156.1507623940706 186.2055950090289 154.3274779841304 3.250042274594307 3.128643408417702 0 0 0 0 0 0.1426641643047333 0 0.1295371502637863 0 0 0.486530214548111 0.4956851899623871 0.1165094748139381 0.5196302831172943 0 0 0 6.272984892129898 10.98763987421989 0 4.26797753572464 0.2793116271495819 110.4688554853201 6.719451755285263 85.12813911587 20.8642533570528 4.474785730242729 0 0 0.1031941697001457 0.8053297102451324 2.38560488820076 2.847619891166687 0 0.9705963283777237 4.255495935678482 0 0 0.2541539594531059 1.069378301501274 0.3965133726596832 0 0.4168039858341217 0 2.214014157652855 1.416217990219593 3.140091240406036 5.275548949837685 2.67760194838047 83.68040021508932 7.204728156328201 0 0 0 0 0.1057243347167969 0 0 0.1284376531839371 172.2356923222542 6.142477720975876 0.4071826338768005 0.1225235611200333 0.2872612178325653 22.84777693450451 2.128438770771027 17.66354037821293 3.387762106955051 4.395609520375729 2.646041840314865 1.318126231431961 0.4734441637992859 0.422654002904892 0.317703977227211 0.1182791143655777 0 0.1105755865573883 0 0 0 192.8792272210121 71.02285534888506 104.1442694291472 1471.355418711901 13.98425739258528 452.0520302578807 64.4906704351306 1418.714690439403 44.86485514044762 2.112959578633308 105.403637342155 268.2856372445822 1.390789031982422 25.78944840282202 3.219443917274475 109.5923869162798 2.234092235565186 0.2850904166698456 1.496616095304489 5.102777987718582 0.2226063907146454 337.5783623456955 205.7132149711251
94.53663645684719 975.4956852868199 2701.98236014694 15.26825468987226 753.4317989423871 4.557961292564869 176.7013947814703 3832.795695267618 1808.390287987888 22.56599453091621 655.159205801785 21.75992130488157 744.8056913241744 5883.851173721254 133.8146042749286 93.07372339069843 5.871341057121754 1.306505478918552 0.9675312861800194 6.81258998811245 62.56125835329294 1.458196543157101 30.35352517664433 17.02602705359459 69.24665734171867 17.21545727550983 29.16381490975618 13.30038416385651 2.934826537966728 1.24719449877739 948.7847438007593 222.3162253648043 1227.813243001699 5.357123002409935 10.3378498852253 22.80780621618032 236.6648943573236 40.55518016964197 18.92926905304193 26.98172298818827 210.2016005367041 142.7023133710027 6.735439501702785 13.00862418115139 2.034334369003773 2.453391693532467 116.895749591291 1.030270963907242 2.192180566489697 7.495272248983383 13.67599223554134 4.29926036298275 0.1263052672147751 18.43515272438526 4.663711503148079 4.559559285640717 49.87439443916082 139.671798042953 14.8436271250248 18.05279581993818 9.135387293994427 30.0012524202466 3.383911639451981 77.16215058416128 2.19557186216116 5.194554105401039 6.547505579888821 11.9046823233366 40.48375648260117 193.9370271265507 36.64887763559818 2.914330020546913 0.2184715643525124 102.8829584419727 61.31543436646461 155.1098646149039 34.0929886624217 29.40891076624393 156.0438582226634 539.9078361093998 6.209416776895523 141.0098031461239 9.127421088516712 0 3.235039755702019 4.72170639783144 4.098038040101528 0 1.362066946923733 0.1286596059799194 0.7195354551076889 0.756236158311367 126.9422504901886 13.5448908880353 21.36214906722307 43.40685598552227 12.96066156029701 0.1776943653821945 4.033182509243488 46.05715598911047 0.1197500005364418 0.6085264086723328 0.5427948087453842 0.9161098599433899 6.474806413054466 4.177694588899612 1.378677442669868 1.938564896583557 7.379573255777359 4.339460305869579 6.530936658382416 8.329520516097546 17.35418806970119 22.93188969045877 24.08368092030287 0.2096181511878967 0.5820960402488708 0 0.134383037686348 0 0 0.2294545620679855 0.8640661314129829 0 0 4.772841937839985 0.3163992166519165 0.3453374728560448 0.2827611938118935 0.1884588077664375 1.115887597203255 0.1908699721097946 1.789360210299492 0.4258604049682617 0.4838782921433449 2.194049708545208 0.2379516661167145 2.61612693220377 0 20.88853672146797 0.3231127858161926 11.27566519379616 3.129422210156918 1.639160223305225 1.364567555487156 0.2671219035983086 0.4038918763399124 0.1905846446752548 1.593042328953743 1.092745997011662 0.3604874610900879 0.1203196421265602 0.3916666507720947 0 0.1222401186823845 2.685459047555923 1.347851485013962 3.63939318805933 0 0.1435142606496811 0 0.1026902347803116 0.1230905279517174 0 1.321903362870216 0.5530838444828987 11.97475168853998 0.5735327079892159 0 0.1288202255964279 0 0 0.2055491209030151 0.2008500173687935 0.1060237437486649 1.319419927895069 35.0644501298666 1.811277374625206 0.7974810898303986 0.1968112587928772 3.197012193500996 3.70429440587759 0.3529938459396362 2.056070670485497 0.2461305633187294 1.109675943851471 0.5289975479245186 0.4107302203774452 0.1120378002524376 0 0.1139580309391022 0.1782996207475662 0 0 0.09611479192972183 0.1196878030896187 0.6575352475047112 17.76464449614286 12.1263517960906 16.94114089757204 343.5126481950283 14.88727803528309 276.4396529570222 65.33859220892191 50.85613588988781 11.41665795445442 0.9356902241706848 51.83031641691923 9.622013419866562 0.2985591441392899 1.588281139731407 0.2887161895632744 3.255978345870972 0 0 0 9.110063083469868 0.5409788489341736 36.60988750308752 13.29598090052605
69.44905856996775 138.7122521996498 22.67426186800003 1303.395831272006 40.04394171386957 133.3527775332332 548.7528698146343 9.10150932520628 7.413811415433884 2410.977393001318 21.75992130488157 156.4839422628284 1764.760174252093 157.0576223134995 47.99981035292149 25.78697495907545 5.217200346291065 0.1227693557739258 0 0 0.2715520858764648 3.423579037189484 0.6477729678153992 0.1250436455011368 2.102718368172646 0.3532495647668839 1.018691502511501 1.028931811451912 2.468491479754448 0 10.77459294348955 1.19372096657753 53.94300219416618 0.3257032632827759 0.3316575288772583 7.924581602215767 484.500207029283 3.494073554873466 14.13026356697083 2.846909299492836 5.987330950796604 6.884796865284443 0.422975979745388 1.17382650077343 0.3252132833003998 0.8230185657739639 49.66029105335474 0.4070920944213867 0 0.5156520381569862 2.951974868774414 4.006821520626545 1.56297467648983 2.919878423213959 1.1047542989254 1.985997058451176 11.33852103352547 6.265048809349537 3.102872468531132 6.316163994371891 2.099479384720325 3.591538295149803 4.533416002988815 7.675674021244049 1.01097310334444 0.1912981048226357 0.4100089147686958 0.09823361039161682 1.825565099716187 3.941276632249355 559.3751964941621 25.18882995843887 0.9119345843791962 29.36173631250858 8.526287727057934 34.6195905059576 4.632638923823833 4.772676602005959 0 2.359698548913002 1.00253963470459 1.140861712396145 5.469376854598522 0 0.5809952989220619 0.7970723509788513 0 0.2297932878136635 0.5317762643098831 1.005393661558628 0.9613451585173607 0.5479539781808853 3.726099662482738 1.621251747012138 8.709540575742722 2375.974969342351 417.6440819501877 4.444253668189049 41.67840478569269 238.7958860844374 1.82860790938139 13.07526465505362 11.45260958373547 10.84135441482067 40.36635751277208 43.54483794420958 18.49578079581261 11.34746742993593 86.32500355690718 93.39750624448061 37.23396860063076 79.13519395887852 236.241620272398 264.5942412093282 158.1382431834936 1.714805543422699 1.745194211602211 0.182823657989502 0 0 0.1033576875925064 0 0.1147818043828011 0 0 0.6432956904172897 0.3768915832042694 1.406926982104778 0 0.8195306956768036 0.3998519852757454 1.08726591616869 1.085966520011425 0.663395956158638 6.396977998316288 9.960993804037571 0 2.628767907619476 0 91.18717727810144 0.6840310543775558 45.26790545880795 9.75852333009243 3.730241723358631 0 0.1104400083422661 0 0 0.1139146536588669 0.6050861850380898 0.1334877610206604 0.6859182417392731 0.7035056427121162 0 0 0.7787146717309952 5.76190335303545 0.4876966178417206 0.1268483996391296 0 0.2410100176930428 2.57528068870306 1.424902431666851 2.307205036282539 1.261534921824932 0.4764802157878876 39.81984150409698 2.164576344192028 0 0 0 0 0 0 0 0.2538275495171547 271.2705410048366 10.69117807596922 1.562672920525074 0.5564100593328476 0.1325232833623886 14.01870894432068 0.3594793379306793 8.238152123987675 0.5599885955452919 1.745327986776829 1.46862406283617 0.2565226405858994 0.2455466911196709 0 0.3090516775846481 0.8869537189602852 0.347643069922924 0.2282362878322601 0.2912587597966194 0 0 306.8723419979215 31.68846217542887 41.72141975909472 559.7190006002784 3.298488892614841 151.249581746757 34.55387606471777 446.1650075390935 9.881267383694649 0.5091416984796524 26.43545516580343 127.9997485727072 0.642602264881134 7.192270077764988 0.4629400447010994 82.79494027048349 0.4000661671161652 0.2724573612213135 0.4106864333152771 7.212616831064224 0.5704537183046341 556.4483693018556 399.9886130541563
112.0398519188166 1849.80667553097 792.0280194357038 988.7402600795031 1037.179092548788 42.20159596949816 3147.627221174538 338.0150574669242 758.8902123048902 4554.203816324472 744.8056913241744 1764.760174252093 6052.519277065992 4426.219830609858 259.0653955340385 139.9116842076182 10.67544470727444 0.4496350809931755 1.176302298903465 1.096274577081203 15.86893078684807 2.725301489233971 5.773740246891975 5.243181765079498 20.39193082600832 3.561137303709984 7.319680757820606 6.073016352951527 5.474234901368618 1.011031828820705 196.3357104435563 42.20830132812262 153.6416453793645 0.6833856999874115 3.021447710692883 30.03376888483763 988.3661477714777 72.24822613596916 80.57706314325333 17.85931975394487 69.77988227456808 64.33616249263287 4.85578715056181 14.22724655270576 1.569104142487049 1.623360551893711 223.9424938037992 2.644305668771267 1.909596525132656 4.961484894156456 6.74923037737608 6.966532766819 0.7428868263959885 13.18027772754431 3.8527976796031 2.889621645212173 31.8654575869441 51.45416260510683 15.61101230233908 22.6076745018363 1.690784327685833 23.82996185868979 8.143885053694248 82.95213156938553 2.701367720961571 2.845425076782703 4.195822358131409 7.030874252319336 22.36690954864025 79.82783760875463 683.2857248559594 19.91656213253736 0.6946272104978561 101.0322788506746 56.87144529819489 233.7286367043853 38.60675421357155 34.92008735984564 3.43708098679781 45.26890072971582 1.814745724201202 6.902421087026596 14.48422097414732 0 1.874366529285908 3.982940062880516 3.49240155518055 0.09522518515586853 0.9950151666998863 0.231365405023098 1.635329939424992 0.8498870357871056 57.99055017530918 10.43331249803305 19.17953636497259 1930.368216089904 117.6495226025581 0.6938933879137039 29.48031076043844 94.64348478615284 5.458505772054195 18.84889634698629 46.56191214174032 38.3140547722578 89.35697980225086 114.1259760409594 29.0127479583025 63.20857824385166 241.9968793541193 155.7136641144753 78.24879432469606 262.6189434155822 415.670501165092 475.8170652985573 339.1094731613994 2.954355917870998 3.585134573280811 0 0 0 0 0.3787095844745636 0.6726747453212738 0.7177630737423897 0.9742439389228821 1.312785238027573 0.2109583094716072 1.246302485466003 0 1.39222601801157 0.9061451256275177 1.226178362965584 1.947410777211189 0.4534753859043121 10.49618767946959 21.43760886788368 0 4.400787837803364 0.349309541285038 180.4134907722473 4.662225991487503 104.0861969515681 21.56562510877848 6.480159766972065 0.8832379132509232 0.7868944406509399 0.4176803827285767 0.1800073832273483 1.051128543913364 1.826491877436638 0.3652505576610565 1.780369125306606 4.425740249454975 0.4962438941001892 0.1416675448417664 2.337424151599407 5.929723434150219 2.710984602570534 0.2105608135461807 0.4384046792984009 0.1160839572548866 5.026702515780926 2.288047462701797 5.916903205215931 4.515404142439365 3.778247401118279 116.4685167074203 4.897953480482101 0 0 0 0 0 0 0.1447748392820358 0.6816490963101387 437.7607734501362 10.59506475180387 2.304586604237556 0.5640358626842499 1.301805131137371 36.78730648756027 1.876300632953644 18.32892093062401 2.007296621799469 4.933290556073189 2.970364518463612 1.289410121738911 1.188529700040817 0.1362911015748978 0.496012270450592 0.4925271943211555 1.160589821636677 0.6739270761609077 0.4819929003715515 0.1316419392824173 0.1099367141723633 438.7605629935861 71.54991225153208 102.2312910482287 1649.053747564554 17.97819830477238 651.3951522707939 165.7180835232139 317.0419349372387 20.48681543767452 1.912395015358925 153.2712412923574 235.0311760008335 1.028117090463638 14.5644271299243 3.863715395331383 134.5315750911832 2.031692683696747 0 0.6434134542942047 25.50155543535948 0.9970816671848297 391.2749566063285 365.124463789165
