68.38483147323132 1590.486643381417 273.6132163107395 1367.398018963635 93.4862719848752 40.30006018280983 298.7130622491241 47.42127755284309 11.14807321131229 1235.606784500182 41.35017611086369 117.0041847452521 161.7208170816302 136.7958473935723 0.6762906908988953 0.4368235617876053 0.7868422046303749 0.1935877054929733 0 0 0 0 0.0851091593503952 0 0 0 0 0 0 0 988.8817842230201 0.6438593715429306 4.67521271109581 0.08840217441320419 0.1604221016168594 0 2.826082780957222 0.14333276450634 0 0 0 0 0 0 0 0.2066820785403252 120.7560294046998 36.07313440740108 1.50727041810751 0.584654875099659 1.945575214922428 0 0 0 9.163970500230789 4.436983898282051 290.3843327611685 981.6879051700234 179.6919482126832 43.72380755841732 0 0.3230144083499908 0 1.323586702346802 18.6797282397747 21.95929685235023 3.07372922450304 2.418325260281563 0.168220654129982 0 2.69739742577076 0.4212029874324799 0.1018225699663162 174.2995876446366 10.34894637018442 36.70200994610786 4.54961021989584 0.373690277338028 0.2884613052010536 6.56161891669035 0.08401293307542801 0.5892496109008789 90.399638697505 3.380634523928165 30.39111141115427 9.083279520273209 10.00732599198818 0.3449045345187187 5.297806359827518 0 4.59922231733799 0.7261873856186867 1.041274979710579 0.5237008407711983 0.6883294433355331 364.2782665267587 1.001401960849762 0 0 1021.008697390556 0.2270477712154388 5.33957564085722 11.2122909873724 4.605498433113098 1.554950356483459 32.98035433888435 8.831034943461418 21.30128080397844 14.85107406973839 18.91753208637238 1.129939317703247 22.22402489185333 13.25384154170752 10.92525589466095 1.669948413968086 0 0 0 0 0 0 0 0 0 0 0 0 0 0 0 0 0 0 0 5.090565741062164 0.3644055128097534 0 0 0 10.22106748819351 0 8.050312608480453 0 1.084657669067383 0 0 0 0 0 0 0 0 0 0 0 0 0 0 0 0 0 0.1466858088970184 0 0.5154224783182144 0 0 0 0 0 0 0 0 0 0 0 0 2.777274802327156 0 0 0.2638249397277832 0 0 0.7507106065750122 0 0 0 0.1381499171257019 0 0 0 0.2135976254940033 0 0 0.1059186831116676 0 0 0 7.847880192101002 0.9776108711957932 3.630278617143631 1184.086378455162 13.96345241367817 197.3613193780184 11.55254688858986 2591.830052480102 15.87675710767508 1.450078219175339 2.0788718983531 103.8959247767925 0 0 0 54.17587128281593 0 0 0.8156194090843201 1.032560706138611 0 130.750328540802 1.071021437644958
1590.486643381417 4985.456059373915 1870.106362864375 1936.700339436531 1778.219049572945 82.35352440178394 5031.84537050873 649.4816062152386 1223.750116810203 3365.243761785328 498.3627406209707 389.592667594552 2934.823624253273 3374.477154865861 33.94982194155455 13.60806009173393 1.548192135989666 0.6612386703491211 0 0.8334024399518967 2.808001488447189 0.1577116996049881 1.247400842607021 0.2949755936861038 0.7697725296020508 0 0.6079991906881332 0.4353995770215988 0.1680076420307159 0.1165565326809883 2615.807901412249 28.31554311513901 55.28582925349474 0 0.7034402191638947 0.2060019075870514 65.97954006493092 1.429173327982426 0.4510631337761879 0.5117320716381073 2.605025693774223 0.4496816694736481 4.659249648451805 0.4525526612997055 0.1056811362504959 0.3520872518420219 500.1774762421846 64.82309331744909 1.984947048127651 0.6371282935142517 4.983221940696239 0 0.4916330575942993 0.4782823175191879 10.76656028628349 7.679737232625484 95.68043696880341 707.8060464262962 232.6466262862086 111.2803230211139 0.1617129743099213 1.892464831471443 0.3741147071123123 76.51128496229649 29.89136933535337 37.75485593080521 4.591710157692432 10.77062024176121 16.96797899901867 8.989100739359856 14.49674333631992 10.82525388896465 0 348.202279753983 137.2879025787115 293.1521804630756 46.2618248090148 6.105597600340843 5.272795587778091 73.02881844341755 0.1861518174409866 14.7795533016324 130.2132972255349 5.191944569349289 51.24117077142 18.21883667260408 17.53705256432295 1.588874094188213 9.142094843089581 0.3180146142840385 7.113706015050411 0.5468363389372826 10.91564267873764 1.575865902006626 2.587444439530373 48.50118383765221 1.068672925233841 0 0.6363649517297745 702.8649548813701 1.144747510552406 5.661237515509129 22.92155557125807 14.83559782058001 7.409911558032036 195.3315697014332 27.40508744865656 93.84731734544039 144.8080336228013 46.54335962235928 3.601067736744881 88.322794534266 40.90481573343277 60.2368972375989 23.83278388530016 0 0 0 0 0 0 0 0.4068415462970734 0 0 0 0 0 0.5739449262619019 0 0.1581258922815323 0 0 0 8.123603105545044 1.31000329554081 0 0 0 42.78008389472961 0 26.16638147830963 6.490046560764313 3.555477648973465 0.3877592831850052 0 0 0 0 0 0 0 0.256086640059948 0 0 0.1089713722467422 0.1577072143554688 0.1468250304460526 0 0 0 0.2335058599710464 1.695745326578617 1.975654564797878 0.9736603796482086 0.1501483619213104 0 0 0 0 0 0 0 0 0 0 27.87667155265808 2.136898025870323 0 0.09237127751111984 0 1.248432189226151 0.571569949388504 0 0.4074271321296692 0.67247673869133 2.184364005923271 0 0.1226828694343567 0 0 0.2179357558488846 0.105843760073185 0.3675011023879051 0.2944132909178734 0.1279132515192032 0 26.62706843018532 17.87410289049149 29.02316264808178 624.676055803895 33.21235738694668 985.3581254631281 103.2979749366641 877.0378888323903 104.2761839702725 3.119279310107231 80.73116305470467 79.95986197888851 0.1371123343706131 1.502050809562206 0.6722451746463776 38.73855704814196 0.1178631857037544 0.289977140724659 1.522265508770943 12.15942505002022 0 189.9273693412542 29.6006268709898
273.6132163107395 1870.106362864375 1643.395147956908 388.3074435442686 1107.165252886713 3.290794149041176 97.46743695437908 5007.946038149297 533.9642699211836 212.8802202641964 1390.628487236798 93.37744705379009 1097.295926257968 3033.227229401469 20.27473544329405 14.1597121283412 1.173819676041603 4.538225494325161 0.7822471931576729 27.54693979024887 34.66541927307844 0.2899953722953796 15.49025865644217 2.380988150835037 4.31787745654583 0.3369227200746536 1.681103549897671 1.432715333998203 1.089115552604198 1.295241385698318 4699.289503015578 472.4167073518038 189.3796000555158 5.419044099748135 5.069882340729237 3.21528510004282 95.65435198694468 8.226450979709625 1.915159426629543 2.69952205568552 13.97011163085699 3.117246627807617 62.9236059486866 1.729507513344288 3.125760547816753 1.777363263070583 171.2935293763876 20.32241105288267 1.542237609624863 10.31572218239307 6.570873938500881 0.6522759571671486 0.3883342742919922 0.8225933685898781 2.288515709340572 1.640990823507309 50.2602219581604 478.244029328227 97.83775063604116 33.98320093750954 21.97697347402573 20.34267564117908 3.330961853265762 332.4873810186982 6.786224409937859 20.65171711146832 12.06615122407675 32.97117875516415 123.7871770486236 89.76397781819105 10.18966323882341 4.617626130580902 0.1349712163209915 160.5849253386259 114.894873470068 136.7574777677655 32.93826157599688 7.213281199336052 66.09686186164618 770.4109792336822 14.53885229676962 290.7670606598258 32.05363699793816 1.802588120102882 14.33459325134754 8.097530424594879 10.3625510558486 0.1823778748512268 3.009270399808884 0.8168235123157501 3.767122082412243 1.382908545434475 56.51090276241302 4.868976913392544 4.128581121563911 6.535922899842262 0.6398240923881531 0 0.8679788410663605 197.0963765829802 0.1282077878713608 0.4554931670427322 5.163320317864418 1.392300263047218 2.110029026865959 11.03405557572842 2.523921117186546 11.03170690685511 13.81727009266615 7.874483585357666 0.5370108187198639 13.62608101963997 8.888663694262505 7.771422676742077 7.97477862238884 0.09950064867734909 0 0 0 0 0 0 0 0 0 0 0 0 0.398614227771759 0 0.4766377210617065 0 0 0.1909645199775696 1.176713392138481 0.1730940788984299 0 0 0 6.617184191942215 0 4.731156632304192 1.987433478236198 0 0.1602564454078674 0 0 0 0 0 0 0 0 0 0 0 0.1467854827642441 0.906671553850174 0 0 0 0 0 0.4284425899386406 0.3173045217990875 0 0 0.4329261779785156 0 0 0 0 0 0 0 0.2640513405203819 8.347013093531132 0.1802801638841629 0 0.2331352084875107 0.1990023553371429 0 0 0 0 0 0 0 0 0 0 0.1042495667934418 0 0.1991575658321381 0.4135100990533829 0.1452669948339462 0 3.069396272301674 6.079515740275383 8.762672118842602 166.4203343912959 9.73558796942234 248.8186494931579 29.64627780765295 103.0596710518003 17.3541320040822 1.052605673670769 23.43720881640911 13.60292812436819 0 1.138319998979568 0.1535617262125015 2.263366967439651 0.4604406356811523 0 0 4.010996043682098 0 34.88027840852737 2.757327601313591
1367.398018963635 1936.700339436531 388.3074435442686 483.0635244995356 39.33819364011288 646.8682511001825 486.8930143117905 9.897922746837139 26.03202779591084 4220.533594474196 6.481968343257904 242.7344698607922 558.0503214001656 198.5806595236063 1.32536943256855 0.9474351108074188 0.5566643327474594 0 0 0.4091076105833054 0 0 0 0 0 0 0 0 0 0 146.9126507490873 0.3182407915592194 0.1307457387447357 0 0.0963752493262291 0 3.818392068147659 0.3482494354248047 0.4892706274986267 0 0.1585706621408463 0 0 0 0 0 99.4905681014061 22.32666559517384 1.270642064511776 0 0.7644505426287651 0 0 0 5.635244876146317 2.749282866716385 69.64709687978029 189.076510168612 70.96422908455133 26.75771071016788 0 0 0 2.848982110619545 10.70779887586832 11.9765340089798 1.136904954910278 1.251018829643726 0.6032754778862 0 4.84488782286644 2.795432597398758 0 94.71680129319429 11.09428809583187 34.25071157515049 3.647716961801052 0.2039477229118347 0 4.313624292612076 0 0 51.21310532093048 1.925824232399464 15.91242238879204 5.097097180783749 5.532386787235737 0 1.648138202726841 0.1126829087734222 1.960770986974239 0.2546368017792702 0 0 0.5426091998815536 345.6913342103362 0.5972490310668945 0 0.9974210932850838 856.6021090373397 2.157734051346779 16.91393296420574 145.2688634097576 104.0235399752855 1.395707964897156 135.0986538529396 39.04034405946732 21.84166750311852 92.98268176615238 126.5930982530117 0 34.66819132864475 33.51964968442917 18.08110100775957 5.378625422716141 0 0 0 0 0 0 0 0 0 0 0 0 0 0 0 0 0 0 0 1.125459402799606 0.1744082719087601 0 0 0 9.471015274524689 0 3.557069852948189 2.79224256426096 1.275033950805664 0 0 0 0 0 0 0 0.9828235656023026 1.349941313266754 0.09090527147054672 0.08215557783842087 0.1422374099493027 0 0 0.1842838004231453 0.1088309288024902 0.09200015664100647 1.714746423065662 1.653641790151596 2.484595447778702 0 0 0 0.13941690325737 0.373043917119503 0 0 0 0 0 0 0 2.70473949611187 1.288382053375244 0 0 0 0 0 0 1.10717711597681 0.371612161397934 0.9067218750715256 0.1715208441019058 0 0 0 0 0 0.1303172707557678 0.250483974814415 0 0 8.262240961194038 5.664225086569786 5.797352328896523 524.1068404242396 6.849357545375824 183.1397447288036 14.66517186164856 1395.357444606721 23.04485078155994 0.9166346937417984 7.908987283706665 60.12592753022909 0.3054396659135818 8.244749419391155 0.7837199717760086 37.87148799747229 0.3460376113653183 0 0.5948794037103653 1.454621195793152 0.1390602141618729 175.0504212528467 14.1553954705596
93.4862719848752 1778.219049572945 1107.165252886713 39.33819364011288 3037.422086365521 12.15670300275087 1386.901595711708 828.2708644121885 3164.974290013313 720.2122854292393 863.0104495286942 134.2426041662693 1449.770209625363 2878.800498612225 15.47427389025688 7.006441488862038 0 0.2777328491210938 0 0.1195762977004051 0 0 0 0 0.1887849420309067 0 0 0 0 0 179.3438864275813 4.85827311873436 3.493893980979919 0.1236644014716148 0 0 10.96508644521236 0 0 0 0 0.3213257193565369 0.441084548830986 0.2932983338832855 0 0.1467356979846954 146.7551373690367 11.2492069080472 0.3760321438312531 0.191183514893055 0.3212305903434753 0.1771513074636459 0 0 1.622180201113224 0.5112869963049889 13.85398746281862 72.04437135159969 35.91207563132048 23.80541940778494 0.1359297335147858 0.1259835213422775 0.08795840293169022 21.26462133228779 5.604755453765392 6.092708148062229 0.8367332965135574 1.74220272898674 1.662308029830456 0.8586506620049477 8.535614296793938 8.964951202273369 0 64.65217030793428 40.53774923831224 98.53124908357859 19.08108707517385 1.514907747507095 0.3801934793591499 8.769795849919319 0.2353833764791489 3.987884685397148 18.97457981854677 0.6249304339289665 8.430662922561169 2.106769874691963 3.136145874857903 0.1041615158319473 1.657079875469208 0 0.7085637822747231 0 2.16021852940321 0 0.2011027932167053 24.46925756335258 1.002019092440605 0 0.2157876193523407 38.38326576352119 1.804107680916786 3.693356417119503 17.90814472734928 7.428944334387779 7.875191196799278 38.51734711229801 15.13531230390072 57.25756299495697 28.48850806057453 30.03268148005009 6.479994937777519 65.40110374987125 32.50182430446148 37.47645132988691 20.21143966168165 0 0 0.4330138564109802 0 0 0 0 0 0 0 0 0 0 0 0 0 0 0 0 3.720602452754974 0.6328395009040833 0 0 0 32.95423264801502 0 16.92523607611656 7.824340559542179 0.9457716345787048 0 0 0 0 0.1980198621749878 1.260098487138748 0 0 0.212405800819397 0 0 0 0 0.115502193570137 0 0 0 0.08897197991609573 0.3650701940059662 0.2921674698591232 0 0 0.182411715388298 0 0 0 0 0 0 0 0 0 26.48366712778807 0.4530083537101746 0 0.1445896625518799 0 0 0.9929171949625015 0.5743152797222137 0.1024217382073402 0.1391995400190353 0 0 0 0 0 0.1278222352266312 0 0.1040689274668694 0 0 0 20.73143514990807 17.00327154248953 18.60859147459269 290.7895278185606 6.676292881369591 276.0126372426748 38.800672352314 87.34008806943893 33.23274984955788 0.9265042170882225 33.54961955547333 48.84633336216211 0 2.319855354726315 0.1120557487010956 24.57550531625748 0 0.125248059630394 0 5.471902787685394 0 57.37022309750319 22.48609533160925
40.30006018280983 82.35352440178394 3.290794149041176 646.8682511001825 12.15670300275087 16.74460795521736 59.93469367921352 5.607626363635063 4.701891213655472 1176.288908869028 3.415368944406509 331.7317279577255 196.805477514863 33.03950744867325 0.4754681289196014 0.9599211066961288 0 0 0 0 0 0.5222724378108978 0 0 0 0 0 0.1656135618686676 0.1311824470758438 0 5.319230228662491 0 5.188578471541405 0 0.1169015318155289 0 27.48823364078999 0.6962620913982391 4.218004405498505 0 0 0 0.2659069895744324 0 0 0 3.789564564824104 0.1204906105995178 0 0 0.2411727905273438 6.009210824966431 2.516583949327469 0 0 0.1505375802516937 150.5400633662939 12.16738799959421 8.706731893122196 0.2070997357368469 0 0 0 0 0.1263661235570908 0.2338303476572037 0.1120709031820297 0 0.1784439980983734 0 212.2121711820364 205.3008340224624 33.24763879179955 2.965223386883736 0 0.9985933154821396 0.1572710275650024 0 0 8.321753546595573 0 0.1371254771947861 0.9210923314094543 9.986202068626881 0.2177437543869019 6.58103796094656 0 8.478180900216103 1.802770778536797 5.66199367493391 0.1656472235918045 0 0.1297179460525513 0 0.1047495007514954 336.3405468016863 86.22119356691837 77.36933588981628 8.71705050766468 331.979853823781 0.1614461690187454 1.821933507919312 4.106893807649612 0.4644751697778702 0.1698253601789474 14.16568869352341 4.698165833950043 10.770432934165 7.187181740999222 8.831537395715714 0.9201729893684387 4.537638559937477 8.300716191530228 4.845133557915688 1.342550739645958 0 0 0 0 0 0 0.3337080180644989 1.263709381222725 0.1746875643730164 0 2.014909744262695 1.024201139807701 0.7516871020197868 1.03072364628315 2.021494850516319 2.221117153763771 2.711923338472843 3.494754135608673 1.824808351695538 2.325793623924255 0.1212915778160095 0 0 0.6292416006326675 1.400706417858601 0 1.851573124527931 6.973742842674255 3.239170126616955 0.7095590829849243 0.3094709813594818 0 0 0 0 0.5376442223787308 0 0.1045050919055939 0 0 0.9048118442296982 5.380599051713943 2.500798165798187 0 0 0 0 0.1997945010662079 0.5222853124141693 0 0 0 0.3217484951019287 0 0 0 0 0 0 0 0.7853456884622574 3.017574317753315 6.803092077374458 0.4415188878774643 1.124987125396729 0.4374058321118355 0 0 0 0 0 0 0 0 0 0 0 0 0 0 0.315055638551712 0.3273162096738815 3.819421529769897 4.861687637865543 7.915119662880898 121.5429997593164 0.3856598883867264 8.81735648214817 0.9016162008047104 346.4115001708269 1.681557059288025 0 0.6509904861450195 49.45369155704975 0.1568841934204102 1.343563117086887 0.1961946785449982 36.44388407468796 0 0 0 0 0 72.62865354120731 4.753413826227188
298.7130622491241 5031.84537050873 97.46743695437908 486.8930143117905 1386.901595711708 59.93469367921352 1460.445778280497 15.62196176499128 866.4383577331901 3328.944216147065 46.54160623252392 422.3719859421253 5595.419557407498 2284.903969407082 12.74891308695078 4.910965003073215 0.7122006863355637 0.1218160763382912 0 0.5058738067746162 0.4256893545389175 0 0.08536526560783386 0 0.2413509339094162 0.1333529651165009 0 0.1435703039169312 0 0 149.7418133169413 3.697880163788795 0.767238050699234 0 0.2723150849342346 0 9.173964887857437 0.1401214748620987 0 0 0.2797118425369263 0 0.3970988914370537 0 0 0 195.2437381669879 20.49847863614559 0.4422662705183029 0.844325564801693 0.6161708906292915 0 0 0.2519629895687103 3.629496395587921 3.645311675965786 22.29253020882607 121.3468768596649 72.60903987288475 32.71438471972942 0 0 0 13.1506642177701 11.99999832361937 15.55908817052841 2.333753868937492 1.673546090722084 0.8497920036315918 0.2325167655944824 8.52274514734745 9.259521991014481 0.08276091516017914 106.5877548828721 37.61763791739941 98.32534868270159 12.55942352861166 1.986001297831535 0 1.935443393886089 0.3780965209007263 1.389429718255997 47.1764560341835 1.844971798360348 19.32508819550276 6.823941506445408 4.388014003634453 0.1132316440343857 3.227530844509602 0.1076456531882286 2.179601214826107 0.2932665050029755 0.5798860490322113 0.1473529785871506 0.1923380643129349 73.78984633088112 3.749828532338142 0 0.1651712954044342 82.94411448389292 1.251080729067326 8.144296541810036 20.12803550064564 19.1919229477644 5.512672401964664 74.47496175020933 28.67651252448559 143.7925416231155 81.98755730688572 59.9660414904356 2.446737349033356 94.41121568530798 45.41993238776922 46.13738448172808 15.83318144083023 0.1799201369285583 0 0 0 0 0 0 0 0 0 0 0 0 0.1371179223060608 0 0 0 0 0 2.069297783076763 0.5564433932304382 0 0 0 24.94135766476393 0 12.50851176679134 3.995446264743805 0 0 0.2062977999448776 0 0 0 0 0 0.8420905545353889 1.095715016126633 0 0 0 0 0 0 0 0.1865050494670868 0.4692706242203712 0.6534090861678123 1.337580487132072 0 0 0 0 0.1064868494868279 0 0 0 0 0 0 0 22.03169500827789 1.31709024310112 0 0.2736884951591492 0 0.2141353040933609 0 0 0.628460630774498 0.391154557466507 0.5192903503775597 0 0 0 0.1517093777656555 0 0 0 0 0 0 19.14244299381971 13.96140380948782 14.89908281713724 284.4660720080137 11.58074168860912 406.5104897841811 40.06936812400818 351.4496260508895 41.27617958933115 1.591766707599163 37.50510276854038 54.60980812460184 0.2385923713445663 4.528084769845009 1.1668356731534 33.91332720220089 0 0 0.6486862301826477 1.48093193769455 0 123.416651263833 24.39277417957783
47.42127755284309 649.4816062152386 5007.946038149297 9.897922746837139 828.2708644121885 5.607626363635063 15.62196176499128 1362.607023477554 553.9381910264492 13.13482017070055 2504.880227766931 18.27947153151035 261.5646689906716 2480.701432436705 53.80255274474621 45.99614011496305 4.930752396583557 10.23084105551243 0.936817467212677 41.39234585314989 50.46537192165852 0.1514315158128738 18.17290239781141 3.80522195994854 11.29034598171711 0.4934917539358139 5.929691545665264 0.7482836917042732 0.915428638458252 2.505840346217155 2164.348481856287 1915.874341413379 118.5478873252869 9.346598878502846 7.752876937389374 5.774777062237263 38.37981869280338 13.54338942468166 4.5348781645298 5.388976953923702 21.62109014391899 4.264822863042355 75.28165424615145 37.25021890550852 8.7763577029109 14.7407438531518 257.8091888800263 11.66351670771837 3.240511476993561 17.33472994714975 10.81692313402891 0.8746640458703041 0.1340068876743317 1.271700143814087 1.909640550613403 1.400441527366638 27.0352803170681 243.3960755318403 54.41024576127529 36.66119252890348 88.0043944939971 27.46270826458931 8.614927783608437 538.7067115455866 4.54020357131958 22.17592251300812 17.34052997082472 42.13811203092337 150.4797078222036 125.9411958903074 4.125467613339424 4.041246443986893 0 119.4668066129088 137.3127653673291 215.858956836164 280.7763464003801 659.064442448318 653.3793279156089 1804.324518747628 174.7472688183188 1045.259071409702 21.39770841598511 0.7394258677959442 7.902810245752335 8.249234952032566 13.15968202054501 2.175282903015614 2.680790938436985 0 1.902969837188721 0.8251639679074287 92.04540025442839 6.936703614890575 5.405346512794495 5.088076800107956 0.3332936465740204 0 0.4592713415622711 82.89069055765867 0 0 0.3807301819324493 0.2476860135793686 0.6311214566230774 2.328356355428696 0 1.900843903422356 0.5654909461736679 0.4606610834598541 0 2.583045542240143 0.4557628482580185 0.6597276031970978 0.8113312870264053 0 0.2490885704755783 0 0 0 0 0 0 0 0.6826285123825073 0.8160189688205719 0 0 0 0 0.2878347635269165 0 0 0 0 0 0 0 0 2.40252223610878 0 1.776516854763031 0.5500411093235016 0.3630759716033936 1.489695891737938 1.279189646244049 0 0 0 0 0 0 0 0 0 1.038369163870811 0 1.771950483322144 0 0 0 0 0 0 0 0 0 0 0 0 0 0 0 0.4080871194601059 0 0 0.7373780161142349 0 0 0.2316849827766418 0.1231025904417038 0 0 0 0 0 0 0 0 0 0 0 0 0.2188230603933334 0.4243457093834877 0 0 0.1740933656692505 1.181640818715096 2.036344893276691 159.2301397025585 15.13620774447918 333.7119460627437 46.61059733480215 79.2967182919383 35.31338474154472 0.6906911581754684 31.03583832085133 4.374068796634674 0 0 0 0.4069704711437225 0 0 0 3.523813396692276 0 21.13665216416121 1.079826802015305
11.14807321131229 1223.750116810203 533.9642699211836 26.03202779591084 3164.974290013313 4.701891213655472 866.4383577331901 553.9381910264492 592.849110558629 234.4675923883915 784.2247775197029 69.0164934694767 760.8412298560143 1729.898683741689 10.84686516225338 6.804862484335899 0 0 0 0 0 0 0 0 0 0.2448292970657349 0 0 0 0 21.74751883745193 4.549385249614716 6.3499675989151 0 0.3291555941104889 0 11.51383358240128 0 0.3954240828752518 0.2078627794981003 0 0.1466908305883408 0.3875962495803833 0 0 0 63.73464312404394 2.0427365899086 0 0.526160292327404 0.2652774304151535 0 0 0 0.5721475780010223 0.44875618070364 1.887172415852547 10.32339977473021 8.413857974112034 9.873180031776428 0 0.1512540727853775 0 6.640644200146198 1.307946421205997 1.936111591756344 0.4712131470441818 0.2146076411008835 0.3267319053411484 0.1680609583854675 4.853885993361473 4.293827459216118 0 17.77252335101366 16.75669551640749 41.21960362792015 10.28581681847572 3.84943113476038 0.1355129033327103 3.810517758131027 0 1.485715642571449 3.365153327584267 0 1.826686203479767 0.5863348767161369 0.8887331858277321 0 0.2118771448731422 0 0 0 0.5903046280145645 0 0 21.37355251610279 1.008411407470703 0 0 6.77436987310648 0.8745801895856857 2.798674881458282 13.09366668760777 4.928844906389713 5.763060927391052 19.14902806282043 6.838893175125122 36.26850165426731 22.27599096298218 19.26454104483128 2.979411706328392 35.85322944819927 27.89103525876999 23.04233878850937 9.65957435965538 0 0 0 0 0 0 0 0 0 0 0.1472327411174774 0 0 0 0 0 0 0 0 1.765498667955399 1.694515660405159 0 0 0 20.27489496767521 0.5966959595680237 8.400846034288406 0.8260154873132706 0.6013197302818298 0 0 0 0 0 0.1139894798398018 0 0.1208724975585938 0.1144603788852692 0 0 0 0 0 0 0 0 0 0 0.3160852491855621 0 0.1479149609804153 0 0 0 0 0 0 0 0 0 0 15.52997473627329 0.9682677537202835 0 0 0 1.118531703948975 0 0 0 0.2747986614704132 0.1271587014198303 0 0.1023279651999474 0 0 0 0 0 0 0 0 13.17530208081007 9.045351818203926 12.50984288752079 155.3081701993942 4.790741585195065 112.400262311101 20.7267931252718 37.25523634254932 4.30428272485733 0.4221139997243881 15.350431188941 19.8849303945899 0 2.468118079006672 0 13.37347631156445 0 0 0 3.175522521138191 0 29.60828821361065 17.468730725348
1235.606784500182 3365.243761785328 212.8802202641964 4220.533594474196 720.2122854292393 1176.288908869028 3328.944216147065 13.13482017070055 234.4675923883915 4326.472299925983 18.45946279168129 3875.845970980823 8424.684698157012 719.1773527562618 15.34979471564293 6.787876777350903 1.03200064599514 0 0 0.236893892288208 0.1376510858535767 0 0 0 0 0.1059072762727737 0 0.3545036911964417 0.1349844187498093 0 59.62054356187582 0.5873369425535202 1.284618496894836 0 0 0 35.76536385715008 0.5448068082332611 0.1489835530519485 0.1182846501469612 0 0.3495457172393799 0.1880736649036407 0.4721796363592148 0 0 248.9203328639269 13.58500740677118 1.171956747770309 1.155827760696411 0.5341229811310768 0 0 0 4.535071060061455 1.938661694526672 42.11544352024794 52.82943914830685 50.86009489744902 31.94872161746025 0.08385094255208969 0.2874678075313568 0 14.32235635817051 8.150076031684875 9.433535009622574 1.300765387713909 1.357204169034958 1.558223135769367 0.1765496283769608 127.0777697190642 39.84668673574924 1.113753333687782 69.05006793886423 39.62975135445595 94.96738638728857 15.16835860908031 2.129721984267235 0 2.261823244392872 0 0.4611033201217651 32.60566088557243 1.048936314880848 11.03265170753002 4.927852064371109 5.023913234472275 0.2238317430019379 2.732282884418964 0.5963954851031303 1.576012492179871 0.26297228038311 0.569420650601387 0.1442787647247314 0.7119282335042953 446.4665942192078 30.24511888623238 2.5641950070858 0.2993125468492508 491.1222089082003 6.316078387200832 52.35091261565685 133.4680364727974 63.5560869127512 28.20620986074209 270.6724474132061 164.7207270041108 318.9237711131573 212.5949795544147 254.4305030405521 20.42546926438808 366.0500110685825 232.8504022210836 233.7905751690269 80.33932979404926 0.2429787963628769 0 0 0 0 0 0 0 0 0 0 0.2105907648801804 0 0.1672763377428055 0 0 0 0.2276040464639664 0 17.05407459288836 2.667117595672607 0 0 0 141.7612642869353 0.6168616414070129 66.62561117112637 22.42077800631523 6.387668341398239 0.5021319687366486 0 0 0 0.3332160115242004 0.4215183258056641 0 0.6011838465929031 1.86721795797348 0 0 0.1377158612012863 0 0.2806243300437927 0 0 0 0.9304834008216858 2.057653978466988 11.05585750937462 0.8219918012619019 0 1.861649096012115 0 0 0 0 0 0.287690132856369 0.2492819428443909 0 0 119.4520291686058 4.641776189208031 0.1472181230783463 0 0.1357577443122864 1.594948709011078 0.6525469422340393 3.39399117231369 0.1812662035226822 0.6639795452356339 0.6479788646101952 0.5239132791757584 0 0 0 0 0 0 0 0 0 127.3477021232247 54.00004998594522 94.57534198462963 1220.452213943005 16.63355033844709 512.6380936950445 76.6756144464016 824.7465782985091 80.3362044095993 1.023982331156731 83.07240870594978 451.8929494395852 0 8.497885495424271 0.7557240054011345 343.7643363177776 0.1646744906902313 0 11.19016972184181 5.935991451144218 0 1264.353198699653 114.0337503030896
41.35017611086369 498.3627406209707 1390.628487236798 6.481968343257904 863.0104495286942 3.415368944406509 46.54160623252392 2504.880227766931 784.2247775197029 18.45946279168129 402.0060157030821 92.54355062544346 1293.74740409106 5565.855936944485 21.09603121876717 14.29782738536596 1.802777022123337 1.169803239405155 0.1739110201597214 1.080559194087982 4.202528990805149 0.4572404325008392 1.738046422600746 2.168711110949516 8.867690034210682 0.9865756630897522 3.208329394459724 0.5179605036973953 1.380225226283073 0.1634138822555542 231.0324298515916 80.9407644495368 324.2168814912438 0.3834350034594536 2.102954417467117 2.477500051259995 110.6372716277838 18.62057391554117 8.620467141270638 4.595455303788185 8.077691644430161 0.8001674711704254 4.056334868073463 0.7960169389843941 0.1593256294727325 0.4386071413755417 144.6266861557961 4.275510802865028 1.51204039901495 1.431757554411888 2.006558574736118 0 0.9868261367082596 0.2497653067111969 0.6918155774474144 0.6627253964543343 6.400969840586185 32.70366604626179 19.83590003103018 18.86496999114752 1.332496553659439 19.12191292643547 0.3075983077287674 27.45651283860207 1.616749189794064 4.048543021082878 3.276738695800304 6.166129186749458 13.66503956913948 15.46270906925201 15.39998136460781 4.344778060913086 0.4911184906959534 47.64197753369808 50.41207055747509 111.643825262785 31.73741357773542 6.746943205595016 188.1703062057495 943.6096613332629 0 159.2968334183097 9.27188379317522 0.2514721527695656 4.168328627943993 1.383000284433365 2.561655774712563 1.77053614705801 1.302191138267517 0.8008149862289429 1.190080039203167 0 16.71804363280535 1.831548579037189 0.4775661826133728 10.93892019987106 3.543341726064682 0 1.419902592897415 16.3143654987216 0 0 1.556770145893097 0.3109066784381866 0 1.89729580283165 0.5258068293333054 8.855584435164928 0.4585180878639221 2.139307647943497 1.204572290182114 4.704932570457458 3.957835406064987 3.692662045359612 3.91729873418808 0.1117454171180725 0 0 0 0 0 0 0.4676726460456848 0 0 0.456683337688446 0 1.066387116909027 0 0 0.1402440667152405 0 0 0 0.1678993999958038 0.2205117046833038 0 0 0 2.786082834005356 0 2.059169247746468 0.1237199679017067 0 0.5015819668769836 0.335437074303627 0 0 0 0 0 0 0.1344602704048157 0 0 0.2381092458963394 0 0.9459674060344696 0 0 0 0 0 0 0 0 0 0 0 0 0 0 0 0.4351972341537476 0 0 2.146974705159664 0.478113204240799 0 0 0.1622192859649658 0.1093907728791237 0 0 0.1978655010461807 0 0 0 0 0 0 0 0 0 0.159179300069809 0 0 1.477562204003334 2.370128244161606 3.490865617990494 208.8649402409792 7.426230855286121 216.2462192624807 32.87585005909204 43.14806458353996 25.71143411844969 0 30.71493689715862 9.800132319331169 0 0 0.1038060486316681 1.198840215802193 0 0 0 0 0 14.45336131006479 2.100938096642494
117.0041847452521 389.592667594552 93.37744705379009 242.7344698607922 134.2426041662693 331.7317279577255 422.3719859421253 18.27947153151035 69.0164934694767 3875.845970980823 92.54355062544346 306.6745112985373 1869.59582465142 175.8553090691566 27.47049725055695 18.42666583508253 3.65188604593277 0.9703394323587418 0 0.7995169907808304 0.7916644364595413 1.678548917174339 0 0.1635577380657196 2.217356041073799 0.5095900297164917 0.7778215408325195 0.1317897289991379 0.1381682455539703 0.1413377672433853 19.3205364048481 0.147484764456749 11.3054727986455 0.4023770615458488 0.1374809741973877 0.1586441695690155 82.35130620002747 2.603027164936066 4.092270493507385 1.985999867320061 1.575202077627182 0.788554772734642 2.32820151001215 1.413208350539207 1.441315367817879 1.285916805267334 69.23247526586056 1.654868729412556 1.014627203345299 1.270415470004082 1.268458463251591 2.794096678495407 8.640187174081802 2.050619274377823 0.5517367720603943 0.3675987347960472 13.99922635406256 7.897629156708717 6.930370904505253 4.611259281635284 0.4912096112966537 1.471223965287209 0.1309105604887009 2.791495196521282 1.119925864040852 2.098503232002258 2.159369379281998 3.075685977935791 8.589508883655071 3.561036869883537 129.0534851774573 60.94094869494438 1.953022390604019 8.774178020656109 8.604602485895157 32.97227191925049 14.25774268805981 6.244480349123478 0 5.95599489659071 0.2238029539585114 0.2497413605451584 3.606995582580566 0.7517136782407761 0.9148162975907326 1.692020304501057 1.878880009055138 1.582737311720848 0.8062809258699417 0.1867890954017639 0.2558622062206268 0.7016406357288361 5.72197724878788 0.2663750797510147 3.927014634013176 1220.658325538039 229.7383553832769 6.148033276200294 15.48891049623489 148.8579251542687 1.685490734875202 25.54750856757164 43.84546611458063 29.68132009357214 9.029506757855415 75.14320693910122 82.80938333272934 106.9062474519014 75.4356922134757 96.25658884644508 7.898626632988453 144.9874493554235 99.68170687556267 104.5112647712231 37.17930033802986 0.1258069574832916 0 0 0 0 0 0 0.1195198521018028 0 0 0.3886466771364212 0 0.1427130252122879 0 0.6984542906284332 0.2641600668430328 0.5786551833152771 0.7440749406814575 0.2836782038211823 4.349900640547276 0.9780873209238052 0 0 0 55.50041758269072 0.2379163652658463 22.53782939910889 10.97081537544727 2.564035013318062 0.865368440747261 1.11131739616394 0 0 0.1338440477848053 0.1461652517318726 0 0.1918396949768066 0.289303831756115 0 0 0.4124308079481125 1.350041136145592 0.2450716197490692 0 0 0 0.250996857881546 0.3843968585133553 5.560559660196304 0.222549244761467 0 0.2256247699260712 0.1231756135821342 0 0 0.1062990576028824 0 0 0 0 0.129498690366745 62.61613436043262 6.683570921421051 0.131035104393959 0 0.1152636185288429 0.2416599839925766 0 0.595610499382019 0.31568543612957 0 0.4325312003493309 0 0 0 0 0.09803368151187897 0 0 0 1.074367761611938 0 67.32177177071571 29.45321080833673 34.48195220530033 305.4085945636034 7.741176009178162 115.3772191032767 24.1202375292778 162.428145185113 9.817708224058151 0 29.35234244167805 99.8670664653182 0 2.39897795766592 0.3463556244969368 100.6864340007305 0 0 2.250587970018387 3.79406949877739 0 936.8535937517881 86.04435769468546
161.7208170816302 2934.823624253273 1097.295926257968 558.0503214001656 1449.770209625363 196.805477514863 5595.419557407498 261.5646689906716 760.8412298560143 8424.684698157012 1293.74740409106 1869.59582465142 3479.336480721831 4696.529448933899 125.8705966323614 77.60151748359203 23.22502809762955 5.001245997846127 0.616239070892334 4.665939442813396 8.244982704520226 14.4641178548336 2.502917274832726 1.084630541503429 17.93732909858227 2.485995680093765 6.466666154563427 8.833370923995972 4.922745734453201 1.509031623601913 171.6263188421726 7.22042591124773 341.1299251839519 1.85651995241642 1.64690225571394 16.14114147424698 893.7569892257452 68.18921799212694 50.42865785211325 19.99342100322247 14.76495266705751 13.80299640446901 8.848747111856937 6.980375550687313 4.713093876838684 8.452748000621796 325.2732153683901 9.830585546791553 8.558686017990112 7.272565044462681 7.172549903392792 10.37841212749481 16.03818155825138 11.56850318610668 2.079218663275242 1.256558194756508 20.5814765766263 49.32075322419405 35.21086678653955 34.26440467685461 6.628623902797699 63.33662263303995 3.349528834223747 22.54012714326382 4.492472864687443 10.5568647608161 10.32440386712551 17.96888566762209 46.67595335096121 25.93217395991087 271.8534708097577 99.55430006235838 3.073645830154419 62.34913651645184 44.32688995450735 187.9275492206216 68.60882106423378 25.98527023941278 0.4255832582712173 143.2371931299567 1.178267322480679 25.81830595433712 20.35370070487261 3.134901747107506 7.010485649108887 5.924115620553493 5.447886750102043 3.981284342706203 4.231099642813206 1.632004708051682 3.626058727502823 4.746814206242561 41.58157230913639 7.74374084174633 13.60185534507036 1265.967679701746 222.8671399205923 5.355496570467949 41.382020637393 132.1482541188598 2.735978335142136 22.06090118736029 51.37052173912525 28.75286364555359 17.54057137668133 130.5515428036451 69.77876317501068 154.2185014262795 142.4676274433732 111.424124635756 16.13169442117214 239.8563400432467 155.8023805171251 154.4038136228919 62.95044137537479 0.5723839551210403 0.9085759967565536 0 0 0.2160042524337769 0 0 1.076484993100166 0 0.4529033303260803 3.266194641590118 0.433454230427742 0.8721929788589478 0.6712375730276108 1.994653880596161 1.891610398888588 1.468607187271118 2.1587253510952 0.7721488028764725 11.42417523264885 1.193034708499908 0 0 0.3485582768917084 107.3431770578027 2.47763729095459 49.91048362851143 31.93627571314573 10.34688975661993 4.17705862224102 2.396713018417358 0.1730150282382965 0 1.090877950191498 0.3128601983189583 0.3885816931724548 0.1278181076049805 0.09009407460689545 0 0 0.7166741043329239 3.88705912977457 3.041654586791992 0 0.1387899070978165 0 0.6510624289512634 1.599623039364815 6.249491594731808 0.1268260180950165 0 0.4582043290138245 0.1172392219305038 0 0.1763030737638474 0 0 0 0 0 0.1924158483743668 112.2881719470024 14.6815057694912 0.6468833982944489 0.2631287649273872 1.120256684720516 2.68662916123867 1.195648923516273 1.145126476883888 0.5582045689225197 0.7236185446381569 0.356845535337925 0.8200555443763733 0.4006089121103287 0 0 0 0 0.2393651455640793 0.765531986951828 0.2820231318473816 0.1495075672864914 87.87058155983686 69.04453893005848 92.62692717462778 911.2636228874326 30.18455055356026 594.1118198782206 126.9849955886602 231.2341282963753 47.70750290155411 0.9663849174976349 105.4093414545059 129.6495488211513 0.3011767864227295 5.901073403656483 1.527844801545143 76.68778890371323 0 0 2.165526002645493 13.52519510686398 0 615.4828976020217 134.3926400691271
136.7958473935723 3374.477154865861 3033.227229401469 198.5806595236063 2878.800498612225 33.03950744867325 2284.903969407082 2480.701432436705 1729.898683741689 719.1773527562618 5565.855936944485 175.8553090691566 4696.529448933899 2838.392784073949 106.8531532883644 70.24788326770067 11.59548575431108 5.89804308116436 1.071694314479828 8.212883040308952 25.30072576552629 1.882661134004593 8.94432407617569 3.882074967026711 47.37979527562857 5.834590710699558 18.146081186831 5.723939165472984 10.84476613253355 6.122050628066063 415.0659265294671 63.53740514069796 1264.790338046849 0.6550740003585815 8.438310503959656 38.35550163686275 1386.040398083627 187.9727808535099 56.23320478945971 33.4042632356286 24.92732531577349 12.01772959530354 20.45336825400591 5.407629556953907 3.367304302752018 2.054963380098343 282.8239970579743 7.262285433709621 8.559472449123859 9.292910419404507 12.021414026618 1.690524443984032 4.196283981204033 8.765323266386986 2.47760309278965 1.548450037837029 13.91721415519714 64.74025116115808 39.72788581997156 36.49470219016075 5.724383912980556 100.9751479774714 4.417029231786728 39.27482134103775 5.148041784763336 14.24114214628935 15.16522043943405 24.64854113012552 73.19890346378088 59.97841767221689 128.8023122027516 25.41492356359959 0.5960145890712738 75.3093214482069 65.13417989015579 190.4406941458583 66.70317589491606 26.12663922458887 71.31127937138081 1126.748187944293 0.3856771886348724 93.19107381254435 18.50611332058907 2.801583617925644 5.95174054056406 9.07549787312746 6.304924540221691 3.329915545880795 4.636403761804104 1.107705995440483 3.657338134944439 2.550255224108696 78.01029178500175 8.652231477200985 14.67162901908159 117.9352719709277 52.65873046219349 0.5964581817388535 24.54672825336456 63.88236285746098 0.9703208804130554 4.710516527295113 16.31238321214914 6.269835278391838 8.223139502108097 35.10947843641043 10.29939858615398 46.77676852047443 46.77707985043526 31.58841820061207 4.985593155026436 43.80168198049068 39.1361298635602 38.21323826909065 19.7509741038084 0 0.1395965367555618 0 0 0 0 0 0.5421656966209412 0.4006886184215546 0 4.005332678556442 0 0.1319620609283447 0.4769433736801147 0.09845340251922607 2.229122564196587 0.5194548964500427 1.631306886672974 0.2829447388648987 5.516101412475109 0.5058861970901489 0 0 0 38.74407897889614 0.4881760627031326 17.98601193726063 10.01230631023645 2.399660333991051 4.523217469453812 1.431672915816307 0.3196752071380615 0 0 0 1.098939582705498 0.2179036885499954 0 0 0 1.891335487365723 0.4522850960493088 2.264106050133705 0 0 0 0.2134441733360291 0.493670791387558 1.287885501980782 0 0 0.8041365742683411 0.4942659437656403 0 0 0 0 0 0 0.1333669871091843 0.8974399268627167 32.72230655699968 5.052150666713715 0.1392894238233566 0 1.384704485535622 1.191130071878433 1.775521829724312 0.7332029789686203 0.1059750467538834 0.255256325006485 0.509734719991684 0 0.1302048116922379 0 0 0.2978044152259827 0 0.2380797490477562 0.6821850687265396 0.464321494102478 0 16.12005384266376 22.78447815030813 31.23634327948093 540.1488724946976 32.943170145154 469.2691494226456 92.97576469182968 127.9990316703916 34.23787505924702 1.219402819871902 66.24721226841211 36.24890945851803 0.6618025153875351 3.426603563129902 0.2067839801311493 14.17529721558094 0 0 0.7544898688793182 9.285442307591438 0 78.11095934361219 30.07900755107403
