249.6174707561731 1843.661456987262 952.8634655252099 1201.648183852434 73.18957532197237 168.8816392272711 315.3954176679254 401.0892289057374 12.59189612418413 740.1487946808338 166.2257359772921 35.17333778738976 89.7077612131834 45.98148547858 3.596314556896687 1.156654633581638 0.3821756988763809 0.7252871319651604 0.3185537829995155 0.874712660908699 0.9355848059058189 0.2161046713590622 0 0 1.415013484656811 0.3880359530448914 0 0.159252867102623 0 0 522.1721462160349 12.43053159862757 18.50278870016336 0 1.033679485321045 1.900483593344688 5.907044604420662 1.481510445475578 1.26604251563549 1.27392865717411 0.1738354861736298 0.2571707293391228 0.4840768277645111 0.2179918363690376 0.2585597038269043 0.2685945108532906 26.72258027642965 0.6632777974009514 0.249615840613842 0.5965306982398033 1.071517787873745 1.215576007962227 1.989051565527916 0.3122207969427109 7.244801305234432 10.29270438849926 600.2638236135244 916.9684646055102 56.12007244676352 30.34868479520082 1.006443418562412 3.012322038412094 0.105414941906929 10.76695109158754 6.500303313136101 6.325251795351505 1.081562571227551 1.415921926498413 1.607095189392567 0.6465397626161575 35.73367132991552 4.19024033844471 1.87254336476326 286.4111399874091 20.37836676090956 35.94424986839294 3.333799466490746 1.554098069667816 1.527754068374634 23.57517720013857 0.8736017420887947 2.771276980638504 15.3795275464654 0.1838158220052719 3.505254954099655 10.8187156021595 1.356463864445686 0.3402098640799522 1.608350403606892 0.9479566812515259 1.486400954425335 0.4891637116670609 2.447505094110966 1.43151119351387 1.906277075409889 207.6606402844191 46.08175598084927 4.130358889698982 6.5126873254776 1975.389172032475 0 1.70704959332943 1.060363441705704 0.6630615442991257 0.9978707581758499 0.4388459324836731 1.982982859015465 0 3.538117036223412 14.17930799722672 2.362697184085846 3.791482180356979 12.81032699346542 5.066538289189339 0.3135447800159454 0 0 0 0 0 0 0 0 0 0 0 0 0 0 0 0 0.1724308282136917 0.9185146987438202 0 1.074477791786194 0.1980095654726028 0 0 0 1.030120506882668 0 0.3472653776407242 0.1908868998289108 0 0 0 0 0 0 0 0 0 0 0 0 0 0.1133280172944069 0.2956908941268921 0 0 0 0 0 0.2682488858699799 0 0.3210046589374542 0.8235471546649933 0 0 0 0 0 0 0 0 0 1.728107959032059 1.178973242640495 0.3692652732133865 0 0 1.043618470430374 0.9956655502319336 1.214870318770409 0.1639145165681839 0 0 0 0 0 0 0.1076695248484612 0 0.1287241876125336 0 0 0 5.968254461884499 0.5355562120676041 0.6136302947998047 119.5457529202104 2.739975191652775 70.98597209900618 5.591187261044979 1514.673260949552 3.808420680463314 1.267943881452084 1.411004669964314 27.1763793155551 0.3106642663478851 1.01755353808403 0 43.74896134436131 0 0 0.6764423847198486 0 0 150.0946699827909 6.928203105926514
1843.661456987262 1759.280330911279 1562.010081477463 1536.910014562309 3066.949365518987 170.0861166864634 3264.807919979095 1072.207672484219 1814.35184174031 2175.990220107138 1890.403741203249 114.6337809860706 1461.172081880271 1589.653487689793 53.4145607277751 8.440968856215477 1.327016338706017 1.482867136597633 0.382705956697464 1.572716988623142 1.36025707423687 0.373985230922699 0 0.2141524702310562 5.053844772279263 0.6509733349084854 0 0.9509684443473816 0.348864957690239 0 1071.145508132875 28.63186386227608 94.97194130718708 0.239860862493515 1.829170897603035 4.323804140090942 14.39121769368649 4.045503437519073 1.606302842497826 1.522487103939056 0.7476051077246666 1.219465114176273 1.573747619986534 2.250911176204681 0.7181875929236412 1.803033851087093 279.1358074620366 6.888970836997032 1.60948371142149 2.419490776956081 3.46728802472353 0.5133980512619019 0.2651812881231308 0.8072806298732758 32.18549264967442 45.70204072445631 253.9928049370646 1331.270453892648 85.1592171266675 210.6342630982399 4.145295679569244 7.855096481740475 0.8337442427873611 79.64533568918705 36.15871680527925 32.97376370429993 8.680394016206264 5.274865426123142 5.676662847399712 1.126226924359798 25.20269784331322 9.659028746187687 0 952.6812103912234 166.5791473090649 353.395063854754 55.59074725955725 8.284992970526218 6.386762194335461 111.4922471717 2.632617570459843 6.099499389529228 70.86119867116213 0.2300527319312096 21.45605758577585 56.95160305500031 4.218185290694237 0.2396890819072723 8.723364122211933 0.3436662927269936 3.629090279340744 0.9155271798372269 5.016670390963554 5.355583600699902 3.466080069541931 18.21449691057205 3.858300015330315 0 5.142632886767387 419.2164112180471 0.8298293650150299 4.824531376361847 3.415000423789024 0.5742534995079041 8.859168216586113 5.915034294128418 2.106970503926277 3.083940878510475 16.42794328927994 22.07458733022213 2.011902630329132 9.932939141988754 38.10936479270458 19.84656634926796 10.28392541408539 0.440435379743576 0 0 0 0 0 0 0 0 0 0 0 0.412746399641037 0 0 0 0 0.1444332152605057 0 2.525604113936424 1.467544913291931 0 0 0.1138344705104828 5.671770885586739 0.4401970654726028 6.821808516979218 3.823096871376038 1.401201032102108 0 0 0 0 0 0 0 0.5633586049079895 0.4593720734119415 0 0 0 0 0.355878546833992 0 0.5061318874359131 0.1135098710656166 0.7728718370199203 0.7246263027191162 0.7772403508424759 0.3662990033626556 1.909315586090088 3.690311595797539 0.6328653693199158 0 0.2189867049455643 0.09207016229629517 0 0 0.1346272528171539 0 0.1143651604652405 9.781247660517693 4.773939043283463 0.2756188958883286 0 0.1044808626174927 6.250601783394814 1.195828437805176 2.343822211027145 1.214914441108704 0 0.5704070925712585 0 0 0 0.2351307198405266 0.09019070118665695 0.242657870054245 0.1994052976369858 0.1130827590823174 0.09752416610717773 0 9.697419375181198 17.4342489913106 11.11512787640095 252.2866501584649 11.47242122143507 639.6257321611047 68.11611971259117 911.8980132937431 34.76121396571398 4.001595884561539 35.70918565243483 32.41658130288124 0.3081627562642097 4.232838004827499 1.1788110435009 58.93450604379177 0.339529275894165 0 0.7331145405769348 0.6015213578939438 0.4989951550960541 126.9525904282928 17.57217548787594
952.8634655252099 1562.010081477463 1242.446004293859 67.57224704325199 1547.422982357442 10.48196870088577 230.8637365326285 4118.19976516813 643.53744097054 20.4356956705451 2381.925512708724 0.429891899228096 53.95264457166195 515.2250004187226 40.99643774330616 25.45732909440994 1.450189888477325 3.887405961751938 0.2222477719187737 9.213896796107292 74.19938440620899 0 1.388139456510544 0.5353909879922867 34.97265160828829 1.29973666369915 1.516245692968369 0.1559807509183884 0.1948996335268021 0 5426.138908483088 151.4093594402075 114.5659775435925 2.059024132788181 21.98741698265076 31.3212796151638 19.15885609388351 14.11891183257103 5.276409260928631 5.285942137241364 2.971217088401318 6.221680343151093 16.09822376072407 2.718245945870876 0.5344744175672531 1.337651886045933 75.30409511178732 2.448227040469646 2.915715463459492 22.65960592776537 22.12751019001007 0.8530072420835495 0.7921237498521805 2.906745925545692 6.60255928337574 7.248772382736206 87.67919965088367 1011.165751054883 21.98209843039513 42.91445981711149 4.202253773808479 46.77491140365601 6.717744261026382 129.3466479629278 6.176902748644352 26.65155374258757 11.97967030107975 39.64023684710264 50.73460780084133 50.0368340909481 28.29379101842642 38.41027325391769 0.1534181535243988 222.4658357277513 87.16786600649357 115.4077637940645 28.87473089247942 8.873004361987114 42.17476519942284 671.3359603509307 1.562441736459732 62.07110042124987 12.90259724855423 0 3.989553168416023 16.45555214583874 7.565313935279846 0 1.768629364669323 0.1268288940191269 0.8806597590446472 0.6417025700211525 111.0163816958666 37.81178191304207 6.705390565097332 17.80633786320686 6.792171582579613 1.323993280529976 10.03121328353882 183.5665517225862 0 2.238155007362366 2.584926098585129 0.5251041650772095 7.848454877734184 5.255177333950996 0 3.771529525518417 8.774476826190948 8.929995447397232 5.067821741104126 9.637459114193916 24.43827374279499 21.25022649765015 13.02252174913883 0.4632572382688522 0.1371412724256516 0.3689133524894714 0 0 0 0 0 0 0 0 0 0.7664343193173409 0 0 0.1874379366636276 0.1055726632475853 0 0 7.501438468694687 0.9966289103031158 0 1.949002832174301 0 12.81736666709185 1.397817879915237 15.85081303119659 14.36602607369423 4.489446118474007 0 0.2849118113517761 0 0 1.060609757900238 1.033927977085114 0.2299268841743469 0.548769474029541 2.219443827867508 0 0.2992357611656189 1.327111884951591 0.7063898369669914 2.951552212238312 0.5167782381176949 0.5264577269554138 0.108593076467514 0.3942613005638123 1.92965079843998 0.2878800630569458 2.341480068862438 9.810319766402245 17.76441444456577 1.355546534061432 0 0.7510801404714584 0 0 0 0.1248279735445976 0 0.8955248296260834 9.683374240994453 20.84709012508392 0.1501849293708801 0 1.301929764449596 12.41989676654339 2.762684285640717 15.11598414927721 1.134029909968376 0.1332186013460159 1.078905515372753 0.660918265581131 0 0 0 0 0 0.5326080843806267 0.3039344176650047 0.6194329261779785 0.1685070991516113 7.0036511272192 24.4834718555212 35.25708089023829 87.25450764596462 10.08564481139183 168.2466174140573 41.47844674438238 99.92352942377329 6.080035984516144 0.7630559653043747 12.52193761616945 25.66254833340645 0.1912504285573959 9.981669008731842 1.889890789985657 29.71084713935852 0 0 0.2151358276605606 0.2273376435041428 0 29.37535455077887 19.79599118232727
1201.648183852434 1536.910014562309 67.57224704325199 425.4942062050104 50.0466795116663 377.3180868551135 1163.072930134833 6.069185510277748 18.63097701966763 1037.006086587906 20.23648945987225 135.2535025328398 526.5462385863066 133.5103930681944 1.909083716571331 0.1112524047493935 0 0.1271834224462509 0 0.1635657846927643 0 0.4251380860805511 0 0 0 0 0 0 0 0 121.6145995408297 2.398925796151161 2.036476328969002 0 0 0 0.873540386557579 0 0.2254457920789719 0.1318608224391937 0 0 0 0.197075754404068 0 0 17.9480784162879 0.4883946031332016 0 0 0.5078997761011124 0.602259486913681 0.6074280738830566 0 4.480125389993191 5.016119539737701 76.43059210479259 139.3564448133111 11.57325074821711 19.52339555323124 0.3892186656594276 0.1515989005565643 0 6.340724289417267 3.856631875038147 4.349529400467873 0.3947453126311302 0.2858524918556213 0.6639796495437622 0 7.063932448625565 1.02593894302845 0.5828434079885483 117.7459279671311 11.33028716593981 21.68674074858427 1.099373430013657 0.5291784703731537 0.1431100219488144 0.5818322524428368 0.1419892460107803 0.2376041933894157 6.908809207379818 0 2.118103370070457 6.397436760365963 0.7166322767734528 0.1255503743886948 1.046810388565063 0 0.5644901320338249 0.1296325176954269 0 0 0 58.0665411055088 7.715866953134537 0.3978136479854584 0.7265390753746033 404.178645811975 0 5.601302668452263 1.751910462975502 1.368466749787331 1.340828448534012 1.984696939587593 4.112262114882469 1.69350665807724 12.38395307958126 21.95450048148632 2.285343930125237 4.991636410355568 21.09443888068199 6.842022195458412 2.364878624677658 0 0 0 0 0 0 0 0 0 0 0 0 0 0 0 0 0 0 0 0 0.8416479229927063 0 0 0 0.5927795022726059 0 0 0.282609611749649 0.6930222660303116 0 0 0 0 0 0 0.4278043806552887 0 0 0 0 0 0 0 0 0 0 0.2977412268519402 0 0.5733377039432526 0 0.7199672609567642 1.30481281876564 0 0 0 0 0 0 0 0 0 3.389243721961975 0.2319560199975967 0 0 0 1.270104363560677 1.803315401077271 0.3472999930381775 0 0 0 0 0 0 0.1025644540786743 0.08040497452020645 0 0 0 0 0 4.035504922270775 1.700333625078201 1.167590528726578 132.9991902410984 1.591360583901405 49.90979304909706 1.121558114886284 1191.396046832204 2.107288099825382 0.1123995706439018 0.9624590277671814 43.2124806791544 0 2.782452285289764 0 57.34106487035751 0 0 0.2716247141361237 0 0 66.33824501931667 16.75012420117855
73.18957532197237 3066.949365518987 1547.422982357442 50.0466795116663 2607.356267333031 0.9703045040369034 2677.024111278355 477.6338792964816 3345.793906182051 183.8639089390635 3287.217248566449 8.387001857161522 456.1119718253613 1780.385039441288 40.28347361087799 6.557525537908077 0.8696277141571045 0.3152281939983368 0.3486864790320396 0.2405530661344528 1.170881643891335 0 0 0.1335490345954895 1.342627741396427 0 0 0.3335760086774826 0 0.1239230930805206 121.0317430719733 12.33512848615646 4.050063878297806 0.5830130651593208 0.1505282670259476 1.432377338409424 0.9365809857845306 1.776661410927773 0.9366763234138489 0.1852934807538986 0 0.2894826531410217 0.2574130445718765 1.659715570509434 0.4110378324985504 0.2335844486951828 142.6723429858685 2.490288160741329 0 1.022183172404766 0.7086134925484657 0 0 0.2315393462777138 8.00988844782114 9.60121738165617 21.99106170982122 157.4186648353934 19.99981494992971 79.37380468845367 1.083782196044922 1.33983788639307 1.093018122017384 32.5523254647851 7.622583605349064 8.404906556010246 2.037176229059696 1.649174638092518 1.469084143638611 0.5413491725921631 1.120131269097328 11.78056459873915 0 199.1948965191841 45.37786848843098 177.9292899519205 45.77259594202042 5.930079571902752 2.372436583042145 10.30087425559759 0.7621343806385994 1.833380781114101 17.59092292189598 0 6.49510545283556 15.91062971204519 0.5715256631374359 0.202675886452198 1.491922065615654 0 2.083303511142731 0.6373902335762978 3.099340327084064 1.335962720215321 0.4646407589316368 1.123956575989723 1.803309842944145 0.2423444613814354 3.42777618765831 7.046159148216248 0.5967688262462616 2.313527330756187 4.917392417788506 1.465436995029449 10.40516969561577 6.98771858215332 0.4246659874916077 1.822086408734322 19.08718976378441 18.08834916353226 5.19115038216114 17.03827360272408 44.78160996735096 26.96446435153484 12.90181995928288 1.19818677008152 0.1998693943023682 0 0 0 0 0 0 0 0 0 0 0.8439846932888031 0 0.3842998594045639 0 0 0 0 2.881762459874153 5.246708184480667 0 1.550483703613281 0 11.10437613725662 0.4259741306304932 15.14824000000954 7.288150131702423 1.408578909933567 0 0 0 0 0.2917884588241577 0 0 0.2785702049732208 0.9564745426177979 0 0 0 0.9770338535308838 0 0 0.1974206417798996 0.1448230147361755 0.7442760020494461 0.4435944557189941 1.508461192250252 0 3.185638904571533 10.50123225152493 0 0.2826972603797913 0 0.1479521840810776 0 0 0.09349700063467026 0 0 8.753069385886192 9.736383527517319 0.4948324859142303 0.1033143252134323 0.3544133007526398 13.03160604834557 2.333540573716164 8.587008476257324 2.392735302448273 0 0.7668209075927734 0 0.4945411384105682 0 0 0.1698814928531647 0 0.09172524511814117 0 0 0 6.099525481462479 18.46841381490231 24.00948785245419 154.2074269726872 4.793116368353367 352.6506637856364 59.53139139711857 82.27965391427279 24.73398571461439 3.097624763846397 40.74831779301167 14.13419057428837 0.4857438504695892 5.902269661426544 1.239894941449165 31.55779980123043 0 0 0.6501419544219971 1.1204983741045 0.9971827268600464 25.5961719751358 13.38776230812073
168.8816392272711 170.0861166864634 10.48196870088577 377.3180868551135 0.9703045040369034 1.775993794202805 58.06875559687614 3.622985735535622 1.003451138734818 230.7549522072077 3.46756249666214 81.32059021294117 60.053088799119 11.37702405452728 0.2052866816520691 0.4724989682435989 0 0 0 0 0 9.584854125976562 0 0 0.1820193976163864 0 0.2422542124986649 0 0 0 48.56114798784256 0.2378395944833755 4.162766829133034 0 0 0.6774445772171021 8.706074431538582 0.2312390208244324 5.918820053339005 0 0 0 0 0 0 0 0.4196819216012955 0 0 0.1508184820413589 0.2744396775960922 33.92177570611238 7.239940591156483 0.230056956410408 0 1.028461828827858 165.0311465263367 13.06042604893446 2.051196664571762 0.1656125336885452 0 0.6930590718984604 0 0 0.09960213303565979 0.08608375489711761 0.1116383820772171 0.657421313226223 0 0 154.8781326711178 227.4040910154581 40.15542218089104 0.9007321819663048 0 0.374738372862339 0 0 0 7.305695101618767 0 2.470215141773224 0 1.865542322397232 0 0.33674556016922 0.9040561318397522 12.46714364737272 7.27024369686842 30.83928951621056 7.676126696169376 10.72286369651556 0.1495772004127502 0.8244197368621826 7.096678286790848 277.0208634883165 514.7138140499592 101.9114176630974 33.37192584574223 311.4763998836279 0 0 0.3902857899665833 1.046435981988907 0 0.7432305216789246 0.9767307937145233 0.8614733815193176 1.128248423337936 2.214750528335571 0 0 2.632571071386337 1.938573867082596 0 0 0 0 0 0 0 0 0 0 0 0 0 0 0 0 0 0.208575963973999 0.1887365877628326 0 0 0.3932607769966125 0 0 0 0 0 0.5490145236253738 0.2971388697624207 0.3594480156898499 0 0 0 0 0 0 0 0 0 0 0 0 0.2138217836618423 0 0 0 0 0 0 0 0 0 0 0 0.1433254480361938 0 0 0 0 0 0 0 0.7200199365615845 3.030857563018799 0.1842390298843384 0 0.449792817234993 0.3005075752735138 0 0 0 0 0 0 0 0 0.504493772983551 0 0 0.6542563959956169 0.486977607011795 0.159757599234581 0 0 0.3464925587177277 1.206329092383385 22.33589459955692 0.736440397799015 3.614151664078236 0.63299860060215 297.8359404206276 2.331988632678986 0.3345082700252533 0.1479761153459549 7.698240667581558 0.2033885419368744 0.8531887233257294 0 8.540097147226334 0 0 0 0 0 34.84497509896755 4.173173233866692
315.3954176679254 3264.807919979095 230.8637365326285 1163.072930134833 2677.024111278355 58.06875559687614 1081.438123144209 32.50785133242607 1682.618614852428 3164.40920445323 275.6253057122231 441.9118920266628 3297.235794886947 4372.98834387958 56.16673894971609 9.502127833664417 0.5531883388757706 1.067409113049507 0.5699572488665581 0.3723867684602737 1.114213570952415 0 0 0 1.402926735579967 0.244796559214592 0.09980455040931702 0.6922486647963524 0.1626763790845871 0.1026050448417664 84.96502138674259 13.09685324132442 18.57268093526363 0.3405894264578819 1.243892289698124 0.5990458875894547 4.642190739512444 3.816337734460831 1.526747860014439 0.3443430513143539 0.8606001883745193 1.481828570365906 0.5981206446886063 1.979176424443722 0 0.5877768024802208 209.7226652055979 3.052730396389961 0.552237868309021 1.642064712941647 1.995466507971287 0.13914854824543 0 0.7638205885887146 13.34796063601971 20.89204825460911 62.61732409149408 302.0146698132157 29.92506666481495 129.181361541152 1.692547604441643 2.929354198276997 1.004581764340401 38.16846435517073 17.01089834421873 17.30361372977495 3.51910450309515 2.995805650949478 2.360509499907494 1.882026970386505 10.82199127972126 44.20647197961807 0.1241344958543777 396.8687842488289 81.32664477825165 239.4479743465781 44.11286313086748 8.569430291652679 1.650552093982697 8.332209713757038 2.216577157378197 3.052962474524975 31.38131538778543 0.2798497676849365 9.811077736318111 30.1832255795598 1.265210211277008 0.1046270430088043 4.546287842094898 0.323171429336071 3.667113021016121 0.7592712566256523 2.798359178006649 3.519522204995155 1.179480127990246 23.49532373249531 3.698082327842712 0.7594849765300751 3.270733542740345 49.40008986741304 1.685670420527458 8.561427369713783 23.51193577051163 2.239928811788559 39.30411054193974 38.10191118717194 7.177967473864555 13.55129073560238 87.04695950448513 97.83112275600433 17.02017465233803 74.62955994158983 187.1981666237116 125.942131280899 66.09208863973618 0.7352416664361954 0.612390473484993 0 0 0 0 0 0 0 0 0 0 1.345218256115913 0 0 0.3200602829456329 0 0 0 10.67629654705524 18.09779658913612 0 5.056171551346779 0.1320862472057343 34.09042929112911 1.168733894824982 39.57392716407776 18.05309742689133 4.93640474230051 0 0 0 0 0 0.3774462342262268 0 1.129766061902046 3.385898411273956 0 0.37141352891922 0.1774674654006958 1.199338905513287 0 0.5986290723085403 0.5518702864646912 0.1295884400606155 1.825254812836647 3.313999980688095 3.176698744297028 2.635771751403809 10.01562736928463 30.53556375205517 1.433496803045273 0.6090191304683685 0.6578200608491898 0 0 0.3325828611850739 0 0 0 50.54776112735271 19.14365504682064 0.5254556387662888 0 0 62.12304155528545 7.637862786650658 28.46645241975784 3.761008225381374 0.6352652758359909 1.940258264541626 1.134062916040421 0 0.1090661734342575 0.07993698865175247 0 0 0.3078021034598351 0 0 0 46.25974501669407 75.94828100502491 61.36196876317263 309.7993768081069 7.563904516398907 577.3522411361337 110.4738157913089 426.1441551372409 38.63113822042942 5.19684786349535 62.09745487570763 94.98015244305134 0.4796328395605087 24.19417889416218 6.722085878252983 143.8155902475119 2.003573268651962 0 2.412205100059509 0.2809284031391144 0.5784688740968704 84.92362525314093 82.46924167871475
401.0892289057374 1072.207672484219 4118.19976516813 6.069185510277748 477.6338792964816 3.622985735535622 32.50785133242607 2501.062943086028 192.2466296702623 2.706401750445366 2747.33740220964 3.85537214577198 72.62213721871376 823.9426288232207 75.22010257095098 40.25098276883364 6.423666007816792 22.3897440508008 4.804264947772026 135.5111249983311 351.3987153843045 0.1368064731359482 10.39685882627964 9.00568725913763 115.3193371966481 5.930153802037239 1.951810471713543 3.947619184851646 0.5086769312620163 1.292103081941605 2365.122660323977 3205.070698142052 739.1125782430172 16.92335083335638 118.7241856530309 185.5591934770346 94.71195940673351 66.93945375829935 11.21079926937819 17.19503349065781 16.22109466046095 16.41065864264965 84.43739915639162 56.34516447037458 10.99216666817665 25.69979900866747 152.1403308287263 3.501955822110176 5.944542281329632 61.7133077159524 33.25593706220388 1.588330775499344 0.9165776446461678 7.262733183801174 6.159646905958652 5.976750895380974 55.04154627770185 664.4731970354915 19.09598530083895 65.11490187048912 344.8716973438859 806.710565045476 87.47015937417746 512.3208877667785 6.228796802461147 40.13350292295218 16.24957428127527 80.20558642596006 149.3909400030971 180.9397746250033 130.4236144572496 18.03779052197933 0.3511528968811035 254.3237720876932 258.6939318850636 268.0900399163365 665.3901210650802 463.0718564614654 849.3583764284849 2913.501448690891 347.784615971148 2568.917055077851 13.93621347844601 0 6.795050926506519 20.93985909968615 26.80613500624895 0 2.844171062111855 0.4788538962602615 2.371623367071152 0.4596853032708168 318.7279608100653 68.76289653778076 18.48285199701786 41.72422768175602 12.7426669895649 0 28.23941741138697 69.15802520513535 0.220112219452858 0.1585948318243027 1.734000235795975 0 3.731238424777985 3.653201386332512 0.2282121032476425 1.986635789275169 3.232960999011993 2.442221403121948 1.824047461152077 5.843572810292244 13.87894809246063 11.45999236404896 3.59651155769825 0.1308825314044952 0 0 0 0.1753595918416977 0 0 0.4495674669742584 0.8101521134376526 0 0.8660010546445847 0 0.130384236574173 0 0 0.2334574908018112 0.1306403428316116 0.5509167313575745 0 1.145303815603256 2.578138053417206 0 0.914793848991394 0 4.412397190928459 0.3640446364879608 5.203028328716755 3.231224820017815 2.564225047826767 0.171278789639473 0.1433185786008835 0 0 0 0.1445865035057068 0.2026006877422333 0 0.2669220417737961 0 0 2.452792540192604 0.5470132380723953 5.49082437902689 0 0 0 0 0 0 1.381021812558174 0.9289542734622955 3.086114510893822 0 0 0.2739994525909424 0 0 0 0.1128412261605263 0.3711837977170944 0.8528859838843346 6.222503513097763 2.730475172400475 0.3718156218528748 0.1152939423918724 4.374665945768356 6.167018800973892 1.044904887676239 1.269971445202827 0.3058336526155472 0 0.2917681634426117 0 0.1044473797082901 0 0 0 0.1161713972687721 0.7290914505720139 0.3089494332671165 0.9078919887542725 0.1581713259220123 7.191623374819756 8.987469002604485 10.68386579304934 191.5624821856618 29.39274469017982 290.772037409246 83.82851623743773 63.64049049466848 16.90863404422998 1.076528325676918 32.59825158119202 6.816190131008625 0.1822766363620758 3.092306345701218 0.6651454791426659 6.401297330856323 0 0 0.4008297920227051 2.599130138754845 0 28.60615004599094 19.25679144263268
12.59189612418413 1814.35184174031 643.53744097054 18.63097701966763 3345.793906182051 1.003451138734818 1682.618614852428 192.2466296702623 1533.642063006759 111.2530872225761 1887.180979073048 5.576165318489075 406.4055106341839 2327.648655131459 26.88056933879852 9.046884968876839 0 1.096275620162487 0.09192255139350891 0.1445757001638412 0.6766231507062912 0 0 0 2.316441297531128 0.3045615553855896 0.2846216857433319 0 0 0 15.41271589696407 7.329440362751484 17.45297421514988 0 0.7456579953432083 1.712029904127121 2.76714813709259 0.6137207597494125 0.163377046585083 0.4883877485990524 0 0.1516345292329788 0.1290528178215027 0.9859946370124817 0.1385944187641144 0.3236538842320442 67.50196358561516 0.4329098761081696 0.1139500290155411 1.320163831114769 1.337397411465645 0.2628050744533539 0 0.3697029873728752 1.932262621819973 3.068362005054951 3.88320229947567 25.58291083574295 3.40604805201292 28.153056204319 1.035194665193558 1.327504515647888 0.6368594020605087 7.56384089589119 2.762428849935532 3.094623044133186 0.812619186937809 1.058761812746525 2.057955473661423 1.125594265758991 7.556590594351292 12.66708755493164 0.1722451448440552 57.61833224445581 14.66043116152287 75.93072729557753 21.42594160139561 5.003910653293133 0.8100623711943626 45.019153252244 0.593046247959137 0.1168999820947647 4.128370136022568 0 2.167788192629814 2.615214005112648 0.352244146168232 0.2983311489224434 1.017296954989433 0 0.7073134407401085 0 3.007022097706795 3.174056738615036 0 3.299564689397812 1.544280350208282 0 2.199656799435616 0.5995395630598068 1.270229980349541 1.661993026733398 3.446146070957184 0.1735718697309494 11.51854822039604 12.42018420994282 0.9714819937944412 3.69923347234726 26.15833465754986 20.98107795417309 5.66531640291214 23.2442752122879 56.79570338129997 35.82561694085598 16.64888659119606 0.5465992242097855 0.1512968838214874 0 0 0 0 0 0 0 0 0 0 0.2684984430670738 0 0 0 0.08457249402999878 0 0 2.850438714027405 5.038811862468719 0 1.311729162931442 0 13.23616041243076 1.273310095071793 11.6652844324708 7.612243086099625 1.193576581776142 0 0 0 0 0.1133363768458366 0.2507534325122833 0 0.9470891654491425 0.6246487349271774 0 0 0 0.1586569100618362 0.2775571793317795 0 0.2744738459587097 0 0.506097748875618 1.130633488297462 0.1447035372257233 0.4604451358318329 2.853220753371716 7.085739985108376 0.5715147852897644 0.3824060559272766 0 0 0 0 0 0 0 9.828332409262657 6.488125160336494 0 0 0.2831542491912842 14.60408942401409 1.423395305871964 4.226703450083733 0.8799329772591591 0.4288147389888763 0.1706170737743378 0 0.2531066909432411 0 0.1608207225799561 0.1434791386127472 0 0 0 0 0 10.31263315677643 24.9475379139185 21.31720061600208 129.9623645618558 1.395738773047924 180.5596982911229 53.43504887074232 51.23483575880527 7.942778863012791 1.652077451348305 25.24509684741497 17.81916786730289 0.2730306088924408 5.377616003155708 1.045698881149292 27.73937104642391 0 0 0.3123921751976013 2.270641967654228 0 13.83515660464764 20.83113417029381
740.1487946808338 2175.990220107138 20.4356956705451 1037.006086587906 183.8639089390635 230.7549522072077 3164.40920445323 2.706401750445366 111.2530872225761 917.8082105815411 12.14885930716991 1202.025294110179 5812.615583531559 603.1120512485504 10.47855056077242 1.473358660936356 0.3243069499731064 0.1045022010803223 0 0 0 0.8984159082174301 0 0 2.25354591012001 0 0.1961976885795593 0.1848072409629822 0.152039647102356 0 79.42761804908514 4.389420360326767 67.78378295898438 0.1701869517564774 1.013672649860382 1.797805771231651 23.69294628500938 4.987942487001419 1.46447916328907 1.023564234375954 0.410974383354187 0.8445106446743011 0.7335112020373344 0 0.5261686891317368 0.1306068897247314 46.08848208934069 1.753613039851189 0.2593511939048767 1.143538519740105 0.995642252266407 0.4471829980611801 0.2639653980731964 1.704001203179359 3.952235385775566 6.658620961010456 50.99148129671812 68.63567272573709 12.1941160261631 30.13387505710125 0.1350140273571014 3.176540210843086 0.1911026686429977 13.50894190371037 5.7455093562603 5.184772774577141 0.9763900563120842 1.359715282917023 0.2341913804411888 0.7771667689085007 135.7679330855608 10.86711609363556 0.6897305697202682 88.62335947155952 13.32388167828321 42.04855639487505 3.598870441317558 1.079280875623226 0.6920321583747864 3.916464909911156 0.6465615481138229 0.5062254220247269 8.971566520631313 0 1.050585754215717 8.255939021706581 0 0 1.967096529901028 0.2932547181844711 0.6910155117511749 0.1247389614582062 1.920731797814369 2.072233013808727 3.30418499559164 97.18208457529545 46.32965132594109 2.336557731032372 2.477695554494858 249.0918794125319 1.378629341721535 40.85309612751007 20.1164046227932 48.0515630543232 13.77190533280373 43.26530362665653 22.49747520685196 16.24911122024059 130.4383677393198 216.7577596604824 10.10313314199448 93.57325419783592 201.4689889550209 147.4638445228338 39.46004638075829 1.259301885962486 1.070865392684937 0 0 0 0 0 0 0 0 0.2264594584703445 0 0.2294451892375946 0 0 0 0 0.6901407241821289 0 5.883830338716507 8.789671555161476 0 1.024095416069031 0.2768834829330444 16.0138336867094 0 17.49273009598255 3.81545977294445 0.2868170887231827 0 0 0 0 0.1885368078947067 0 0 1.330792129039764 0.87177874147892 0 0 0.4305101037025452 0.6978444904088974 0.1854952126741409 0.2635022103786469 0.5397408008575439 0 0.321891725063324 0 2.22621662914753 0 6.629103541374207 9.540832757949829 0 0.1217128559947014 0 0 0 0 0 0 0 41.40112446248531 13.91187685728073 1.787181824445724 0 0.5933824777603149 26.14112794399261 1.353266954421997 9.009027123451233 0.2449575513601303 1.641725659370422 0.278481513261795 0 0 0 0.2397492676973343 0 0 0 0.2881062626838684 0 0 70.56155049800873 29.35847155749798 23.27088052034378 377.5979526489973 2.675853684544563 159.0165436267853 32.52422910928726 1252.162958219647 16.15831451117992 1.22453248500824 17.07892559468746 173.1443282663822 0.8816308975219727 8.928085014224052 1.800685286521912 328.6616466492414 0 0 0.6549455523490906 0.8521060347557068 0.97894287109375 135.5646984800696 212.8315229266882
166.2257359772921 1890.403741203249 2381.925512708724 20.23648945987225 3287.217248566449 3.46756249666214 275.6253057122231 2747.33740220964 1887.180979073048 12.14885930716991 2971.976646214724 18.16286191344261 409.9788323640823 2764.27652978152 41.93120130896568 21.76316332817078 1.39900616556406 2.148749634623528 0.3891683593392372 1.785933613777161 6.482556998729706 0.5893608927726746 0.1907132863998413 0.1171533316373825 29.39535837620497 5.255495980381966 0.4088091254234314 2.88808499276638 0 0 584.5654608607292 120.8958690911531 566.4253284782171 0.1300876438617706 21.81584492325783 50.07898383587599 164.0774849355221 27.11289071291685 13.21155066788197 8.271598674356937 4.249262824654579 5.629436954855919 1.95430088788271 3.435784921050072 0.624137669801712 0.9477001279592514 69.68026170134544 0.3996160849928856 1.191498637199402 4.999247826635838 7.486791245639324 0 1.27313444018364 2.633695416152477 2.754946999251842 4.12070332467556 16.75823835283518 101.4950553625822 6.420041844248772 33.18809187412262 4.421574108302593 68.50512179732323 15.4907845184207 17.98692681640387 3.466008625924587 3.711734756827354 2.683816164731979 5.587918415665627 6.975234881043434 13.35548781603575 173.6083448529243 9.205605685710907 0.21678626537323 85.97048564255238 24.82315566390753 92.14236947149038 25.38580343872309 8.889831200242043 15.34898317605257 1015.10800114274 0.9266303330659866 44.50565236061811 4.405132912099361 0 2.03095892816782 7.429861895740032 1.747441627085209 0 1.152925834059715 0 0.5735111460089684 0.1160451546311378 20.04738123714924 24.41822881996632 12.9788546860218 33.81798973679543 13.70504185557365 0.2623287737369537 33.39622662216425 16.09625479578972 0 1.74075023829937 0.574990525841713 0 4.39771181344986 2.590116426348686 0 0.5137923210859299 6.546155542135239 3.127299651503563 0.6734740883111954 3.619983568787575 16.31173595786095 13.32472240924835 3.860294759273529 0.6732532382011414 0 0 0 0 0 0 0 0 0 0.1578247100114822 0 0.6842887550592422 0 0 0.1659976691007614 0.5749566331505775 0.4010718017816544 0 1.726654872298241 1.446857407689095 0.1595736443996429 0.9500816166400909 0.1062977015972137 2.593231946229935 0.484707310795784 3.55278766900301 1.795111648738384 1.0186967253685 0.3641689121723175 0.437852144241333 0 0 0 0.4138475954532623 0 0.2442574203014374 0.3464542031288147 0 0 0.3837849646806717 0.3614549562335014 0.7153632417321205 0 0 0 0 0.2910458073019981 0 1.044797241687775 1.304098933935165 1.393155232071877 0.179168239235878 0 0 0 0 0 0.09728816151618958 0.1018204912543297 0 4.618270166218281 2.145305790007114 0.3141261637210846 0 0.4943685680627823 2.490557447075844 0.7388032078742981 0.4222981631755829 0.1708547025918961 0 0 0.5357003808021545 0 0.1358371078968048 0 0 0 0.09364061802625656 0 0 0 6.493812769651413 10.32947061210871 6.785804189741611 135.8783254474401 3.512170389294624 157.7697337716818 50.56347720324993 37.62972416728735 6.651842057704926 0.1665345281362534 18.50174464285374 3.159124679863453 0.1249285489320755 2.474570535123348 0.1785636097192764 9.208995431661606 0.1713609397411346 0 0 1.788555830717087 0 16.32202677428722 11.30996632575989
35.17333778738976 114.6337809860706 0.429891899228096 135.2535025328398 8.387001857161522 81.32059021294117 441.9118920266628 3.85537214577198 5.576165318489075 1202.025294110179 18.16286191344261 26.60200947523117 707.2061882317066 114.8546599000692 15.74494707584381 9.236435107886791 1.994912333786488 0.6301286369562149 0 0.9154021739959717 1.043268427252769 1.748221606016159 0 0.1256079822778702 12.11966000497341 3.634858027100563 0.5494337677955627 3.445815801620483 0.897064745426178 0.3625705391168594 2.09646087884903 0 80.76600271463394 0.3831391781568527 5.10442978143692 8.832867935299873 97.73767000436783 35.95334739983082 13.75696539878845 10.5410739928484 4.461077943444252 9.852590307593346 0.6946871280670166 1.183775894343853 1.463166654109955 2.389668568968773 14.8254886046052 0.1371996998786926 0.1913151443004608 2.939909912645817 7.204917497932911 0.6018798053264618 3.047239914536476 6.010702356696129 0.1198506131768227 0.1889419108629227 2.696016103029251 0.4523403346538544 0.3979670479893684 2.690995529294014 0.6084930747747421 6.809423521161079 3.369971707463264 0.1481722295284271 0.1945006847381592 1.697193711996078 1.43185493350029 3.582613930106163 1.057468451559544 7.783409141004086 359.0914885401726 26.29916261136532 0.5125020444393158 4.364796757698059 0.5847510099411011 10.57705045491457 3.646986104547977 3.228315278887749 0.1958703696727753 15.19964955747128 0.5224037691950798 1.452144175767899 0.1065440326929092 0 0 1.018271878361702 0.5100772082805634 0 0.5776162818074226 0.5286003053188324 0.7265684306621552 0.4258750975131989 10.25771668553352 18.47295732051134 14.59392791986465 352.8399910479784 163.7125404179096 9.080817222595215 75.01502157747746 32.27276104688644 0.9397899657487869 18.66212426126003 13.63737174868584 19.56351988017559 15.2162576764822 27.22354078292847 12.72164362668991 12.48799110949039 76.88205441832542 166.7568187713623 14.92412878572941 56.44216699898243 181.9409159421921 96.31134359538555 39.99791215360165 0.1945450752973557 0 0.1711185425519943 0 0 0 0 0 0 0 0.159838005900383 0 0.1138133555650711 0.2097482979297638 0 0.3223152458667755 0.2749408259987831 1.223761096596718 0.1651606410741806 4.154636353254318 6.314883723855019 0 1.14047247171402 0.6281653940677643 23.30301463603973 0.2601189687848091 11.88658475875854 5.338410221040249 2.889093689620495 0 0.1861507594585419 0 0.1705558001995087 0.4967167228460312 0.3064578026533127 0 0 1.426278658211231 0 0 0.8733874261379242 1.822779051959515 0.5924897491931915 0 0.2251303046941757 0 0.9510542079806328 0.3110601007938385 4.590002596378326 0 3.919091194868088 9.333010733127594 0.6828898191452026 0 0.3193653970956802 0 0 0 0 0 0.1456167846918106 48.93686035275459 15.2114083468914 1.924245864152908 0.1082817241549492 0.5195081681013107 19.88564912974834 0.5082980394363403 5.396106101572514 1.481909066438675 0.1512323170900345 0.7654534950852394 0 0.2565610706806183 0 0 0 0.1939735412597656 0.2455020099878311 0.4685580432415009 0 0 100.9686516672373 35.82814533263445 28.2418644875288 132.4392428398132 2.021804854273796 50.38388135284185 28.59980111569166 287.7366474270821 1.46538682281971 1.919460773468018 9.412919238209724 78.81275863945484 0.153862789273262 11.77560827881098 2.190602347254753 173.2488187998533 0.9075113534927368 0 0.5311444401741028 1.390211135149002 0 202.2781809270382 189.2115532308817
89.7077612131834 1461.172081880271 53.95264457166195 526.5462385863066 456.1119718253613 60.053088799119 3297.235794886947 72.62213721871376 406.4055106341839 5812.615583531559 409.9788323640823 707.2061882317066 3004.561502113938 2663.548137284815 60.67365108430386 33.11835204809904 1.679911859333515 2.013572156429291 0.08480430394411087 1.482046604156494 2.394641160964966 1.704736620187759 0 1.067949384450912 25.11385659873486 6.185729414224625 0.839892216026783 5.114727914333344 1.180078834295273 0.2425724938511848 13.16385906934738 3.868053786456585 1063.901320844889 0.7190044671297073 10.10424081236124 19.23846150934696 676.3406086564064 67.4467414394021 91.49722009897232 21.12655737996101 6.039202630519867 11.38071086257696 2.660479128360748 3.130135424435139 1.463222876191139 3.18017689883709 83.21289849281311 0.2817648500204086 1.168670266866684 6.565311171114445 10.31121563911438 0 1.48561979830265 6.049710005521774 1.015978708863258 1.666994385421276 4.676947496831417 9.489347755908966 3.469454817473888 18.76537095755339 1.22564685344696 21.81791690737009 4.905305594205856 1.162388801574707 1.049987472593784 3.75969148427248 5.671639569103718 6.602826684713364 4.852001361548901 10.61350537091494 807.3743571788073 74.49644440412521 0.1967943608760834 29.8500404432416 4.275336243212223 64.23507402092218 16.77965044975281 13.36048255860806 1.063568815588951 135.8367013931274 0.6317993402481079 4.862732671201229 2.094573244452477 0 0.5935550257563591 6.236637756228447 2.789323844015598 0 1.218997456133366 0.3435279279947281 0.4123458936810493 0.8490472882986069 21.19359263032675 36.50946828722954 28.52108779549599 572.3939561992884 115.7217980921268 1.09588760137558 107.4048477262259 41.02554223686457 3.505515873432159 28.91299127042294 33.46945931017399 3.125634476542473 45.70792948454618 93.97929526865482 20.24884812533855 41.99321189522743 228.2317912429571 234.1775861680508 31.91335009038448 169.9737500995398 450.9069926142693 268.9982816427946 113.6002559363842 1.484934002161026 0.9074396938085556 0.4107159674167633 0 0 0 0 0 0 1.047023504972458 1.520079284906387 0 0.6000250428915024 0.2185181528329849 0.1346568018198013 0.8989741802215576 0.9971714094281197 1.090890787541866 0 18.48733924329281 28.19532382488251 0.2604182064533234 2.765177235007286 0.1416323333978653 68.1609511077404 0.5916576236486435 52.63301201164722 22.28073568642139 6.841698184609413 0.3265876471996307 1.099572166800499 0 0 0.3764544799923897 0.736442394554615 0 1.689278095960617 4.40268437564373 0 0 1.000956550240517 2.347028568387032 0.7904905378818512 1.278703168034554 1.502654299139977 0.2811348810791969 2.181324616074562 4.239471763372421 4.308775797486305 3.370380312204361 9.704731076955795 41.31643952429295 2.65558061003685 1.008452817797661 0.994382232427597 0.1033791229128838 0 0 0.182910293340683 0 0.2135796397924423 117.4347133263946 32.69802092015743 2.021255776286125 0 1.233618795871735 76.65740793198347 6.432028025388718 15.42744942009449 4.276112250983715 4.273223489522934 1.843521110713482 0.1557321697473526 0.5291889160871506 0.2419562861323357 0 0.2242338806390762 0 0.1943617910146713 0.175202265381813 0.3199242055416107 0.1476341784000397 157.9079416543245 141.9775760397315 88.83030290901661 405.5685299187899 9.173730067908764 248.4906546398997 118.5189220160246 315.8942773714662 17.54891019314528 3.772544786334038 42.47026437520981 171.2501353546977 0.8954207897186279 36.31922666728497 8.201805353164673 286.9830879867077 2.588527262210846 2.396107196807861 1.98555888235569 5.782771244645119 0 249.5717178285122 333.6214930266142
