156.9232207462192 1861.070831820369 1035.562540948391 1030.743089810014 310.7949763908982 20.37182831764221 286.958442479372 18.49377847462893 81.11582306027412 360.8387373015285 105.7589583024383 662.497399315238 282.6604783907533 87.91914497315884 0.5085620507597923 0 0 0 0 0 0.4596203416585922 0 0 0 0 0.2053380161523819 0 0 0 0 455.5083903446794 1.641335368156433 42.48123170435429 0 0 0 6.971955716609955 0 0 0 0 0 0 0 0 0 1.196716651320457 0.2226283326745033 1.105644449591637 0 0 0 0 0 0.1759202033281326 0.09913607686758041 98.20210743695498 583.2829972207546 2.427440732717514 0.9823585227131844 0 0.6121537163853645 0 3.944791361689568 0.09646967053413391 0.07950028032064438 0 0.1110672578215599 0 0 146.1089041680098 0 0 12.36248708516359 1.255408972501755 1.048292331397533 1.087769038975239 0.1479368507862091 1.056457906961441 1.560451000928879 0 0.251096598803997 0.8303089141845703 0 0 0.08937010169029236 0 0 0 0 0 0 0 0 0 4.839085593819618 0 0 0 1091.68550349772 0 0 0 12.49698276817799 0 0 0 0 5.142539069056511 0.3745110332965851 0 0 0 0 0 0 0 0 0 0 0 0 0 0 0 0 0 0 0 0 0 0 0 0 0 0 0 0 0 0 0 0 0 0 0 0 0 0 0 0 0 0 0 0 0 0 0.1635197401046753 0 0 0 0 0 0 0 0 0 0 0 0 0 0 0 0 0 0 0 0.7011971175670624 0 0 0 0 0 0 0 0 0 0 0 0 0 0 0 0 0 0 0 0 0 0 0 7.92832063138485 0.1559929698705673 6.978645384311676 0.657521478831768 558.4373043701053 3.161434330046177 0.1545615494251251 2.271766468882561 0.984570324420929 0 0 0 0 0 0 0 94.77473726868629 0.4416297078132629 245.7499090433121 0
1861.070831820369 884.3343785181642 2120.497402273118 105.5455156937242 962.0921283438802 158.5262823402882 629.0625639259815 50.38753125071526 1242.489264503121 721.9422473162413 599.5866602510214 365.1961357221007 873.8486112058163 486.4321346059442 4.836868621408939 0.9612321108579636 0.815932959318161 0.1556151658296585 0 0.1061378568410873 0.5225339904427528 0 0.2293004840612411 0 0 0 0 0 0 0 1503.422242276371 63.28575021028519 19.58125898241997 0.1132762432098389 0.1114453300833702 0 2.597827449440956 0.09522441774606705 0 0 0.2591578140854836 0 0 0.2577297240495682 0.1822934821248055 0.1026967316865921 64.69940941035748 3.633169069886208 0 0 0 0 0.1148586198687553 0 3.705487363040447 1.996313527226448 132.1160565763712 971.7017592415214 22.66362415999174 37.89945551753044 0 1.921508759260178 0 122.6041468977928 2.002421423792839 0.3502797335386276 0 0.4552402347326279 0.1016967073082924 0.1017892211675644 3.16250666230917 0 0 150.0818925648928 35.65729192644358 54.18803909420967 63.59277504682541 7.661129966378212 30.65751465409994 27.08260563760996 1.208290293812752 3.204310230910778 14.28005392104387 0.1741098016500473 0.4616485014557838 0.8962066024541855 0 0 0 0 0 0 0.3097125440835953 0 0 14.21297110617161 0.2032927423715591 0 0.4564112722873688 878.8198540136218 0 0 0 0 0 0 0 0 0.2043853253126144 0 0 0 0 0 0 0 0 0 0 0 0 0 0 0 0 0 0 0 0 0 0 0 0 0 0 0 0 0 0 0.2227189093828201 0.2512973845005035 0 0.1271952688694 0.3107486665248871 0 0 0 0 0 0 0 0 0 0 0 0 0 0 0 0 0 0 0 0 0 0 0.3468111455440521 0 0 0 0 0 0 0 0 0 0 0 0 0 0 0 0 0 0 0 0 0 0 0 0 0 0 0 0 0 0 0 0 0 262.4027782976627 1.296298988163471 185.2327259480953 29.91722249239683 825.8036782816052 42.81790339946747 1.585982725024223 42.85505148768425 0.6454987525939941 0 0 0 1.325420498847961 0 0 0 139.6264418587089 3.040970697999001 80.22060888260603 0
1035.562540948391 2120.497402273118 889.6952143609524 8.05683308839798 1018.146360434592 0.1355366557836533 143.3868804574013 1079.789677247405 647.068421818316 7.970665834844112 1621.243384219706 57.23820803314447 266.5275662094355 556.9095077812672 3.244552709162235 0.7731957584619522 0.964347243309021 0.3358119204640388 0 1.034725837409496 4.882179997861385 0 0 0 0 0 0 0 0 0 1913.510517023504 260.8299887627363 65.92410518974066 0.2977501153945923 0.5252218320965767 1.285041272640228 5.671105094254017 0.8790213465690613 0 0.1385467499494553 0.9614521786570549 0.205793984234333 0.1234817802906036 3.305898204445839 0.8363653421401978 0.8009484931826591 26.56048853695393 2.044712498784065 0.9042712077498436 0.9636436179280281 0 0 0 0.1265790611505508 1.717797815799713 0.7788646295666695 46.53419440984726 544.968039944768 9.604529283940792 20.20296441763639 5.656894981861115 31.72953107953072 1.155407428741455 270.3378738760948 1.202941857278347 0.2488174587488174 0.1604091599583626 0.2635552510619164 1.424976155161858 1.822190307080746 17.09414330869913 0.1251624971628189 0 79.93338534235954 24.21747947484255 32.98102243244648 34.47292102128267 27.49771423637867 179.7760672941804 94.64590387046337 13.01159528642893 56.26963763684034 6.996818512678146 0 0 0.2432159632444382 0 0 0 0 0 0 1.791528768837452 0 0 0.4092439636588097 0 0 0 351.7014554291964 0 0 0 0 0 0 0 0 0 0 0 0 0 0 0 0 0 0 0 0 0 0 0 0 0 0 0 0 0 0 0 0 0 0 0 0 0 0 0 0 0 0 0 0 0 0 0.2282680720090866 0 0 0 0 0 0 0 0 0 0 0 0 0 0 0 0 0 0 0 0 0 0 0 0 0 0 0 0 0 0 0 0 0 0 0 0 0 0 0 0 0 0 0 0 0 0 0.08914778381586075 0 0 0 0 0 0 129.843094535172 0.9105779528617859 83.93027054518461 12.65650603920221 153.1149118840694 17.71273235976696 0.2800951153039932 20.9822601750493 1.324528247117996 0 0 0 0 0 0 0 89.50616998225451 1.860943153500557 11.78219529986382 0
1030.743089810014 105.5455156937242 8.05683308839798 134.297402665019 2.009986788034439 223.445419177413 40.42436458170414 0 5.053105339407921 1015.540582187474 0.2989494949579239 531.6197002381086 421.1696287691593 45.38713784515858 0.7435074895620346 0.1101055592298508 0 0 0 0 0.255988672375679 0 0 0 0 0 0 0 0 0 118.8831511512399 0.8753528594970703 29.54366013407707 0 0 0 10.76866433024406 0 0 0 0 0 0 0 0 0 4.644707426428795 0.3334062844514847 0 0 0 0 0 0 0.2615139335393906 0.09292054176330566 19.8800338730216 88.79765880852938 1.606934398412704 1.445725366473198 0 0.7959282994270325 0 3.365886241197586 0.1737629324197769 0 0 0 0 0 119.3808845877647 0 0 7.71234492957592 0.9698541909456253 2.195607259869576 2.845486626029015 0 0 0 0 0 0.4174272641539574 0.1822508722543716 0.192691870033741 0.07596974819898605 0 0 0 0 0 0 0 0 0 73.65150597691536 0 0 0 399.1156168952584 0 0 65.22028684616089 17.88269796967506 0 20.92056795954704 0 0 5.809130489826202 0.1846756339073181 0.7238723635673523 3.650727480649948 1.764123916625977 1.650067031383514 0 0 0 0 0 0 0 0 0 0 0 0 0 0 0 0 0 0 0 0 0 0 0 0 0 0 0 0.7563509047031403 0 0 0 0 0 0 0 0 0 0 0 0 0 0 0 0 0 0 0 0 0.2412372082471848 0 0 0 0 0.1762859299778938 0 0 0 0 0 0 0 0 0.7623716592788696 0 0 0 0 0 0 0 0 0 0 0 0 0 0 0 0 0 0 0 0 0 0 0 27.57043496519327 0 11.85526803135872 1.940168745815754 387.0696218833327 2.72680389136076 0 1.574051812291145 2.540608793497086 0 0.1122678890824318 0.09356291592121124 3.663449645042419 0 0 0 0.3176799267530441 0 91.43825477361679 2.214979082345963
310.7949763908982 962.0921283438802 1018.146360434592 2.009986788034439 367.2629762664437 8.055042460560799 1130.79185076803 218.2023528888822 6439.670766636729 203.7969016581774 984.8092449828982 78.22771808505058 635.5316612496972 611.7748721912503 10.63131302595139 0.3471338525414467 0.3676786869764328 0.2991966605186462 0.2968702837824821 0.5940504893660545 0.9842763617634773 0 0 0 0 0.1174962967634201 0 0.1367188543081284 0.1238126158714294 0 671.8065196275711 122.8463345095515 20.74914905428886 0.2679969072341919 0 0.2857637107372284 1.816301114857197 0 0 0.08456858247518539 0.5270108431577682 0.2091502547264099 0.1735721826553345 0.1195522025227547 0.1256158500909805 0.1646136045455933 52.93263991177082 3.010922491550446 0.6058648824691772 0.1776726692914963 0 0 0.09342474490404129 0 1.884752489626408 2.356365874409676 74.22050870209932 351.2934333607554 15.06582231074572 25.05830869078636 0.4764469638466835 4.036163061857224 0.1352950185537338 146.2924658507109 1.668820984661579 0.309003472328186 0.07474977523088455 0.288341611623764 0.4210578501224518 0.3814095109701157 4.307298503816128 0 0 103.1074578166008 25.54594594985247 55.94154084473848 73.5566870123148 18.18224918842316 36.23800641298294 40.49117869883776 2.711416900157928 7.174294725060463 11.58206054568291 0.2325378209352493 0.1757635548710823 0.7837386503815651 0 0 0 0 0 0 0.2040872797369957 0.1130450963973999 0 5.869068920612335 0 0 0 156.0145324096084 0 0 0 0 0 0 0 0 0 0 0 0 0 0 0 0 0 0 0 0 0 0 0 0 0 0 0 0 0 0 0 0 0 0 0 0 0 0 0 0 0.1967057585716248 0 0 0 0 0 0 0 0 0 0 0 0 0 0 0 0 0 0 0 0 0 0 0 0 0 0 0 0 0 0 0 0 0 0 0 0.2017751187086105 0 0 0 0 0 0 0 0 0 0 0 0 0 0 0 0 0 0 0 0 0.3625683784484863 0 0 218.5679856240749 1.204408869147301 135.405206926167 25.92730892449617 206.1620798781514 31.57104975730181 1.204842075705528 26.60394822061062 2.139211028814316 0 0 0 0 0 0 0 31.52655936777592 1.645192191004753 19.89692516624928 0
20.37182831764221 158.5262823402882 0.1355366557836533 223.445419177413 8.055042460560799 1.593555927276611 42.57867727428675 0.1261346042156219 2.940816082060337 217.2060387507081 0 177.4542724564672 47.61125787347555 12.39739690721035 0 0 0 0 0 0 0.1072434410452843 0 0 0 0 0 0 0 0 0 37.82249820232391 0 91.12133897840977 0 0 0.2396047711372375 27.37422397732735 0.8736396878957748 7.481144398450851 0.5588464885950089 0 0 0 0 0 0 0 0 0 0 0 0.525592565536499 0 0 0 0 72.35059908032417 184.9332254976034 0 0 0 18.59062378108501 0 0 0 0 0 0 0 0 146.5877430140972 1.721564337611198 0 0 0 0 0 0 0.1198969706892967 0 0 4.670246735215187 0 0 0 0 0 0.4458197951316833 0 0.6558873653411865 0 0 0 0 0 142.462974190712 3.894977033138275 1.644774526357651 20.23520608246326 319.5390166044235 0 0 0 7.129050880670547 0 0 0 0 0.145600438117981 0 0 0 0 0 0 0 0 0 0 0 0 0 0 0 0 0 0 0 0 0 0 0 0 0 0 0 0 0 0 0 0 0.560275599360466 0 0 0 0 0 0 0 0 0 0 0 0 0 0 0 0 0 0 0 0 0 0 0 0 0 0 0 0 0 0 0 0 0 0 0 0 0 0.1298029869794846 0 0 0 0 0 0 0 0 0 0 0 0 0 0 0 0 0 0 0 0.5283067673444748 0.2811929136514664 0 0 0 291.8966492787004 0 0 0.1391955316066742 1.18115222454071 0 0 0 0 0 0 0 0 0 94.36519268155098 0.3443012535572052
286.958442479372 629.0625639259815 143.3868804574013 40.42436458170414 1130.79185076803 42.57867727428675 482.0735476389527 147.067393489182 2200.193888045847 758.7054926156998 161.469324618578 887.0823888853192 2004.457143366337 1765.530725032091 30.07742121070623 2.184303805232048 1.45464962720871 0 0.1187825798988342 0.7145980969071388 0 0 0 0 0 0.4307826459407806 0 0 0 0 394.5194738507271 74.90745580196381 58.86925563216209 0.1631886214017868 0.2014380991458893 0.4034252017736435 9.049040503799915 0 0 0.09843335300683975 0 0.1359876990318298 0 0.3557157516479492 0 0 84.02642335742712 4.332077205181122 0.6223564594984055 0.298575147986412 0 0 0 0.1353520154953003 2.350251518189907 2.523600980639458 72.70466367155313 324.4892042055726 14.99763428419828 31.43364822119474 0.4360700398683548 2.013696491718292 0.7275549173355103 115.9204397648573 1.407839350402355 0.6902767643332481 0.07275509089231491 0.5746891647577286 0 0.5202250331640244 46.71515030413866 0 0 108.2680519074202 26.11849591881037 56.74038627743721 128.6442567706108 42.14431913197041 336.5847818776965 4.86430212110281 1.235432900488377 5.816217020153999 10.18264914304018 0.09551673382520676 0.3519773185253143 0.5033013895153999 0.07235854119062424 0 0 0 0 0 0.3054950758814812 0.0957535058259964 0.1188288256525993 173.8862436264753 1.366057276725769 0 0 220.187040194869 9.852820724248886 1.200791165232658 8.275248616933823 38.8259454369545 0 0 0.3986927270889282 10.9661859869957 25.08676338195801 2.324759870767593 0.9913656711578369 12.88344636559486 4.220981255173683 0.844315841794014 6.188448160886765 0 0 0 0 0 0 0 0 0 0 0 0 0.301356315612793 0 0 0 0 0 0 5.217464625835419 5.021778792142868 0 0 0 6.517664104700089 7.745840474963188 16.61377830803394 0.4915900379419327 0 0 0 0 0 0 0 0 0.1276242136955261 0.6032641902565956 0 0 0.3749013543128967 0.3368722051382065 0 0 0 0 0.2573652788996696 4.034516103565693 0 0.1532118320465088 0 2.680832654237747 3.200946018099785 0 0 0 0 0 0 0 0 13.99503569304943 0 0 0 0 2.247580975294113 0 1.531949460506439 0.4037514925003052 4.369952760636806 0.7079665064811707 0.921408399939537 0 0 0 0 0 0 0 0 0 4.087181001901627 1.202613562345505 2.887668639421463 356.1267339363694 3.059132605791092 233.0603497624397 46.3333662673831 321.3288189470768 60.06440512835979 0.5622627660632133 35.40198703110218 44.58185301721096 0 0.8730169758200645 0.4588948488235474 6.546120896935463 0.1037515923380852 0 0 10.93395036458969 2.389638751745224 81.41585718095303 17.47574406862259
18.49377847462893 50.38753125071526 1079.789677247405 0 218.2023528888822 0.1261346042156219 147.067393489182 638.3177610561252 313.8614472895861 12.63446550071239 850.8644004315138 90.98628439754248 644.3766946494579 1893.064344398677 4.988012291491032 2.414366915822029 2.399428702890873 2.222542762756348 0.5790712833404541 4.054041564464569 21.52498508244753 0 0.201652780175209 0.1164583638310432 1.055246412754059 1.139262348413467 0.6184621900320053 0.4023786932229996 0 0 863.1109928265214 1424.225291535258 404.3699414134026 7.396368898451328 0.5232875347137451 6.510897696018219 22.18037228286266 2.348453417420387 0.1049969494342804 0 3.030682876706123 1.362921558320522 2.023115910589695 38.29634351283312 3.863496899604797 22.88563540577888 25.68550160527229 1.88120524585247 1.235272295773029 0.6608454585075378 0 0 0 0.1356134116649628 0.7046961188316345 0.7747544050216675 19.53068371117115 167.2664516568184 4.916659362614155 9.665273405611515 68.75268013775349 107.5343701913953 6.5610191822052 510.0187138989568 0.7048744112253189 0 0.08973971009254456 0.08026335388422012 2.281792342662811 4.410891748964787 119.617758244276 0 0 38.96926281601191 18.17597965151072 20.88396719843149 57.60921088606119 274.7975828200579 493.3310708329082 933.5077017992735 225.6029793247581 182.0836688131094 4.308301344513893 0.2755333408713341 0.2590374127030373 0.3217353448271751 0.09246183931827545 0 0 0 0 0 3.538925595581532 1.12884359061718 0 0.458497554063797 0.5699243545532227 0 0 20.18027978390455 0 0 0 0 0 0 0 0 0 0 0 0 0 0 0 0 0 0 0 0 0 0 0 0 0 0 0 0 0 0 0 0 0 0 0 0 0 0 0 1.001721598207951 0 0.1725496500730515 0.1277884244918823 0 0 0 0 0 0 0 0 0 0 0 0 0.1498571038246155 0.195218563079834 0 0 0 0 0 0 0 0 0 0 0 0 0 0 0 0 0 0 0 0.1355586498975754 0 0 0 0 0 0 0 0 0 0 0 0 0 0 0 0 0 0 0.1889527887105942 0 0 0.1577716767787933 0.545389860868454 93.47333279252052 3.621295392513275 54.654680788517 11.63038060814142 36.32674683630466 9.153183043003082 0.3531432449817657 10.71549494564533 0 0 0 0 0.6982418894767761 0 0 0 11.30226425081491 0.7279399931430817 7.152614265680313 0
81.11582306027412 1242.489264503121 647.068421818316 5.053105339407921 6439.670766636729 2.940816082060337 2200.193888045847 313.8614472895861 552.470758959651 102.9069997519255 1271.717447958887 67.33759687840939 922.3422400504351 1184.893427558243 3.569435894489288 2.09827820956707 1.450920589268208 0.3588571697473526 0 0.4614620208740234 2.691304914653301 0 0 0 0 0.7866020351648331 0 0.1469689309597015 0 0 219.8954099863768 64.93519645929337 182.4504962265491 0.1031142100691795 0 0 21.09370252490044 0.3313998878002167 0.9483524560928345 0.2603844404220581 1.064593359827995 0.2248809859156609 0.4505408704280853 0 0 0 16.91284470260143 1.104748271405697 0 0.3900361210107803 0.09648667275905609 0 0 0 0.6647839322686195 0.08032412081956863 16.13870592415333 73.16150496900082 4.931315027177334 7.442695893347263 0.3037969619035721 2.877235561609268 0 47.48025634139776 0.4732694029808044 0.07553966343402863 0.07092052698135376 0 0.6628072187304497 0.2855335175991058 19.01574113219976 0.2305397391319275 0 28.63035380840302 7.79692816734314 13.96203374862671 21.63490203022957 21.99988484382629 107.3747770339251 143.9505371972919 1.020174205303192 8.843399941921234 2.311573304235935 0.2248880416154861 0 0.07815632224082947 0 0 0 0 0 0 0.3084584623575211 0.2445815578103065 0 8.316258370876312 0.92087522149086 0 2.515063837170601 26.68832697719336 0 0.4129034876823425 0 0 0 0 0 0 0 0 0 0 0 0 0.4077307879924774 0 0 0 0 0 0 0 0 0 0 0 0 0 0 0 0 0 0 0 0 0 0 0 0 1.146274372935295 1.345604240894318 3.396424233913422 1.131404422223568 0 0 0 0 0 0 0 0 0 0 0 0 0 0.1516339927911758 0 0 0 0 0 0 0 0 0 0.6758629307150841 0 0 0 0 0 0 0 0 0 1.691311478614807 0 0 0 0 0.3800438940525055 0 0 0 0 0 0 0 0 0 0 0 0 0 0 0 0.4432902634143829 0 0.3653325140476227 78.63796000927687 0.6964358314871788 44.09826661646366 11.73355054855347 40.37355893850327 8.258737005293369 0.2546897679567337 5.997251637279987 1.924913138151169 0 0 0 0.315913587808609 0 0 0 8.321796476840973 1.390676364302635 9.511386945843697 0.7577782273292542
360.8387373015285 721.9422473162413 7.970665834844112 1015.540582187474 203.7969016581774 217.2060387507081 758.7054926156998 12.63446550071239 102.9069997519255 758.7937724143267 7.940650202333927 3162.724131591618 3170.346533820033 492.5473238229752 24.84248745441437 1.727452859282494 0.2026979178190231 0 0 0 0.6882003098726273 0 0 0 0 0 0 0.3899619579315186 0.3197687566280365 0 105.4299480319023 13.8444981649518 103.1079324260354 0.1239513009786606 0 0 262.6446746736765 2.754619464278221 0.503937728703022 0.8502198755741119 0 0 0 0.2253107726573944 0 0 74.66304629296064 2.868031121790409 0 0.1041746065020561 0 0 0.2742960453033447 0 1.720336623489857 1.436399467289448 47.85657913982868 128.1099970713258 7.893744863569736 17.76053050160408 0 7.033189907670021 0.1324620991945267 28.72986716777086 1.35600908100605 0.1774503886699677 0.08573297411203384 0.08089905977249146 0.2718287408351898 0.2325498461723328 939.7452955693007 0.2547983527183533 0 50.16924901306629 14.13927826285362 36.28363343328238 84.26827481389046 12.98003046214581 99.53291439265013 6.831674084067345 0.3096859157085419 4.565410234034061 7.793718174099922 0.1789259165525436 0.1751122251152992 0.5652396455407143 0 0 0 0 0 0 0 0 0 110.4484386146069 0.4507873505353928 0 5.908551722764969 350.0970862954855 0.9338862746953964 1.413424804806709 40.01275043189526 55.80563686788082 0 7.327646106481552 2.11313770711422 72.27121710777283 41.27339920401573 12.31870174407959 7.010985970497131 139.1648125201464 28.8018051981926 6.318478986620903 19.27136999368668 0 0 0 0 0 0 0 0.6520928740501404 0 0 0.3132191896438599 0 1.369077503681183 0 0 0.1721887737512589 0 0 0 0.1804408133029938 3.129728510975838 0 0 0 27.28561335802078 12.98648202419281 39.06636607646942 9.086201846599579 0.6015896052122116 0 0 0 0 0 0 0 0 0.3066070303320885 0 0 1.031301096081734 1.326794117689133 0 0 0 0 0.1148674264550209 1.669579811394215 0 0 0 6.391685262322426 0.5491912364959717 0 0 0 0 0 0.106160432100296 0 0 37.76593388617039 1.979890108108521 0.8068952858448029 0 0 1.545495420694351 0 0.2065741121768951 0.07690625637769699 0.4989380836486816 0 0.09311306476593018 0 0 0 0 0 0 0 0 0 20.66303505003452 10.46856744587421 17.88269164413214 342.3326726704836 2.310997910797596 165.1720634251833 43.19474076479673 453.8932186067104 46.08207649737597 0 28.36040382832289 154.1281989663839 0 0.3109162449836731 0 22.23642210662365 0 0 0 10.17621830105782 0.8640553504228592 145.2993447855115 43.87811341881752
105.7589583024383 599.5866602510214 1621.243384219706 0.2989494949579239 984.8092449828982 0 161.469324618578 850.8644004315138 1271.717447958887 7.940650202333927 663.5046287551522 94.56407843530178 719.1681663915515 1662.811887726188 8.346993699669838 3.107566870748997 2.316106200218201 1.082919254899025 0 0.5788108333945274 7.418815925717354 0 0 0 0 1.069800242781639 0.2472596317529678 1.137132570147514 0.4848852753639221 0.1422087252140045 315.6613094955683 177.3721810430288 74.52745101600885 0.9558739587664604 0.3018549680709839 1.067771092057228 6.884873360395432 0.1615699082612991 0 0.7355832159519196 1.698939383029938 0.2613240480422974 0.7271429747343063 3.045022137463093 0.2256505042314529 0.09312150627374649 21.28580246865749 1.426423333585262 0.2409914284944534 0.9986221045255661 0 0 0.5894485712051392 0 0.6667047068476677 0.1050205752253532 11.97487139701843 58.48612707108259 3.257917046546936 6.942580416798592 4.002210423350334 66.19902423769236 0 56.2747867256403 0.5424321219325066 0.0702429786324501 0 0 1.249611705541611 1.622186355292797 20.79045321047306 0.1690824776887894 0 22.97429450601339 7.236564286053181 14.78005492687225 25.08500366657972 41.7511046230793 551.146356202662 586.7013173028827 1.940940983593464 715.2294743359089 2.578397564589977 0 0 0.2395303472876549 0.08320041000843048 0 0 0 0 0 1.35996401309967 0.581751212477684 0.1028513312339783 1.055704832077026 0 0 0.95339035987854 26.81478097289801 0 0 0 0 0 0 0 0 0 0 0 0 0 0 0.184365913271904 0 0 0 0 0 0 0 0 0 0 0 0 0 0 0 0 0 0 0 0 0 0 0 0 0 0 2.202128283679485 0.3737581372261047 0 0 0 0 0 0 0 0 0 0 0 0 0 0.4728738963603973 0 0 0 0 0 0 0 0 0 0.1821771413087845 0 0 0 0 0 0 0 0 0 0.2696948647499084 0 0 0 0 0 0 0 0 0 0 0 0 0 0 0 0 0 0 0 0 0.2423237264156342 0.2736089825630188 0.454971119761467 74.43099903315306 0.6740254610776901 50.28030855953693 14.44368894398212 32.84714432060719 9.265922538936138 0 8.010277159512043 1.665086358785629 0 0 0 0.3464105427265167 0 0 0 6.932192869484425 0.1397272050380707 4.258720837533474 2.515111267566681
662.497399315238 365.1961357221007 57.23820803314447 531.6197002381086 78.22771808505058 177.4542724564672 887.0823888853192 90.98628439754248 67.33759687840939 3162.724131591618 94.56407843530178 149.5779645889997 1316.256910488009 126.6968054994941 32.34512088447809 16.09500601142645 12.40493942052126 5.269556544721127 0 4.218108624219894 14.66329172998667 0 0.2626362442970276 0 2.106692865490913 1.461121156811714 0 1.728798419237137 0.4813174456357956 0 67.91593325138092 47.03705292195082 55.31397518515587 0.7113394141197205 0 2.549473956227303 233.5839943140745 1.420764595270157 0.2540816366672516 1.862687483429909 3.816703669726849 2.22523096203804 2.001486301422119 0.9172636419534683 0.243401013314724 0.5769548565149307 80.54796097427607 1.982427380979061 4.760191679000854 4.875935018062592 0 0.3822852075099945 0.2230330109596252 0 0.6054083704948425 0.7625364363193512 23.78819952905178 55.01525035500526 8.463929481804371 18.41241678595543 0.6106646806001663 18.3587993606925 0.4113746285438538 53.71430262178183 0.9661704003810883 0.1004881709814072 0.07459418475627899 0.567029781639576 1.969337031245232 2.256353847682476 338.73437782377 0.3491183072328568 0 47.83823385089636 13.17954380810261 35.72648995369673 67.67946323007345 34.18099582195282 181.2448159605265 43.06429989635944 2.178743064403534 19.74604314565659 5.750666357576847 0 0.1799974963068962 0.2370669394731522 0.2539663165807724 0 0 0 0 0 3.687953136861324 0.5947039946913719 0.09629376977682114 94.53243710100651 11.0583830177784 0 6.472002744674683 102.5877532884479 0 1.009677886962891 0 15.91725134849548 0 0 0.6632153391838074 10.732865691185 16.48128938674927 1.261110246181488 3.72338479757309 17.90795429050922 7.006558135151863 1.375590935349464 10.62941132485867 0 0 0 0 0 0 0 0.1394063830375671 0 0 0 0 1.011267766356468 0 0 0 0.139779806137085 0 0 0.7895214557647705 1.939974218606949 0 0.2105305045843124 0 16.93555764853954 10.92699743807316 23.75186067819595 5.685619026422501 2.411149024963379 0 0 0 0 0 0 0 0 0 0 0 0 3.989703044295311 0 0 0 0 0 0 0 0 0 3.919132634997368 0 0 0 0 0 0 0 0 0 16.65006993710995 0.4879105687141418 0 0 0 1.042462334036827 0 0.6146901845932007 0 0 0 0 0 0 0 0 0 0 0 0 0 12.79739347100258 0.3851889371871948 1.202809393405914 413.0619045346975 3.685431279242039 226.9288138821721 64.02793537825346 258.4658821746707 46.45861640572548 0.5400088205933571 30.52516034245491 60.11411276459694 0 0 0 14.18884977698326 0 0 0 3.019999533891678 0.6346536725759506 94.95853250473738 29.5714233070612
282.6604783907533 873.8486112058163 266.5275662094355 421.1696287691593 635.5316612496972 47.61125787347555 2004.457143366337 644.3766946494579 922.3422400504351 3170.346533820033 719.1681663915515 1316.256910488009 813.013425283134 1633.571376115084 42.94620444625616 21.89211604744196 15.99242374300957 7.637833692133427 0.1816691607236862 5.318009093403816 21.86364892870188 0.2671311497688293 0.3496482074260712 0.273276150226593 0.5893514156341553 4.662345603108406 0.6639696210622787 4.630616448819637 1.384297072887421 0 196.2866414710879 162.7936078235507 382.0908651873469 0.9581971541047096 0.5211111903190613 40.02095264196396 42.96324844658375 9.590451911091805 5.5260970890522 3.548704542219639 4.720707327127457 1.456861346960068 2.921535342931747 5.792765811085701 0.5767632722854614 1.315736070275307 98.13093934208155 2.995732605457306 3.59058815985918 4.203206680715084 0 1.334089443087578 14.51576247811317 1.404167354106903 0.9833647608757019 1.824568070471287 33.74595423042774 108.2003301531076 9.17818383872509 18.58091266453266 3.567346140742302 9.601050935685635 1.246342822909355 110.8730502948165 1.787837766110897 0.2958788648247719 0.08742757886648178 0.4713558927178383 3.668192632496357 5.27633760869503 148.9576580673456 3.796114906668663 0 57.14216294139624 19.24982448667288 37.13621408492327 70.82142661511898 118.6724339947104 775.1218503266573 207.5442399308085 7.076335549354553 32.2483187019825 8.470916107296944 0.2323638498783112 0.5661809891462326 0.5145530849695206 0.396778404712677 0 0 0 0 0 6.745278134942055 0.3525256589055061 0.2273471057415009 376.6058667302132 24.53606960177422 1.24110247194767 24.34144502878189 47.16944623738527 0.5899905562400818 1.371500104665756 0 0 0 0 0.3571514189243317 0.5726417899131775 8.858331203460693 3.91022977232933 4.816672742366791 29.54601457715034 12.27793319523335 2.941960513591766 11.12886819243431 0 0 0 0 0 0 0 0 0 0 0 0.9501878619194031 1.280103951692581 0 0 0 1.031107068061829 0 0 0.2059978246688843 4.069442987442017 0 0 0 20.67451405525208 18.35192044079304 31.12033614516258 7.992012515664101 1.06982795894146 0 0.1949927657842636 0 0 0 0 0 0 0 0 0 0.7161934226751328 4.980756223201752 0 0 0 0 0 0 0 0 0 8.29447977244854 0 0 0 0 0 0 0 0 0 32.46048897504807 0 0 0 0 3.818902000784874 0 0.4803083837032318 0 0 0 0 0 0 0 0 0 0 0 0.1648525446653366 0 12.86674138903618 1.533838838338852 7.289259612560272 468.2708434537053 2.85662966221571 248.6135052964091 75.85530308634043 193.9076407700777 45.17389772087336 0.5506270378828049 28.73264410346746 84.12796058505774 0 0 0.5400246381759644 8.956364125013351 0 0 0 9.613438792526722 3.06942705065012 116.1426290199161 39.44938132166862
87.91914497315884 486.4321346059442 556.9095077812672 45.38713784515858 611.7748721912503 12.39739690721035 1765.530725032091 1893.064344398677 1184.893427558243 492.5473238229752 1662.811887726188 126.6968054994941 1633.571376115084 761.3354069516063 39.35595232993364 25.2244616523385 23.04067259281874 11.57237008213997 0.6410604268312454 9.312548324465752 34.13422103226185 1.805466562509537 0.5096630305051804 0.9298650920391083 1.648235261440277 6.389403648674488 1.929504312574863 4.830772012472153 0.6675397008657455 0.1283828020095825 266.3029230609536 270.6010729596019 502.2690048068762 4.578698173165321 1.964368462562561 28.41906054317951 83.02346827834845 7.706162706017494 3.259414359927177 4.939524605870247 8.052263200283051 2.084283344447613 7.100963905453682 7.827056437730789 1.716539017856121 3.724432997405529 87.66827669739723 4.085187010467052 8.622529849410057 6.233639933168888 0.114137589931488 0.3532679229974747 11.58981022238731 0.6644584685564041 1.872261248528957 1.506153151392937 25.61657446622849 111.0655038580298 9.699465118348598 16.36312559247017 36.4728836119175 40.96434116363525 3.166554696857929 139.9608209505677 1.454343117773533 0.1825007200241089 0.06948447227478027 0.4587705433368683 4.40365394204855 9.225814498960972 107.7330090627074 3.765472084283829 0.1977155655622482 57.82026067376137 16.38151409476995 34.18884646892548 67.80249229818583 179.8612026721239 1429.611997544765 661.7385276630521 9.060868039727211 666.1820461079478 6.581540919840336 0 0.2535206899046898 0.5537916421890259 0.7641609907150269 0 0 0.1575054377317429 0 0 8.028121612966061 2.156488470733166 0.6037531420588493 55.2886426448822 24.43708404898643 0.1615823656320572 23.23478473722935 26.28937994688749 0 0 0 0 0 0 0 0 0 2.229150414466858 2.184646993875504 0.4740360826253891 0 0.7802913188934326 4.951347604393959 0 0 0 0 0 0 0 0 0 0 0.1913561075925827 0 0.7041263282299042 0 0 0.1867058873176575 0.7579402774572372 0 0 0 0.4402535259723663 0 0 0 8.138930574059486 4.335342615842819 18.23303323984146 5.363051027059555 3.389098823070526 0 0 0 0 0 0 0 0 0 0 0 0 1.666568361222744 0.2781161814928055 0 0 0 0 0 0 0 0 2.201065793633461 0 0 0 0 0 0 0 0 0.242712527513504 13.5355970710516 0.4819965809583664 0 0 0.1831095218658447 0.2834692597389221 0 0.2933365702629089 0 0 0 0 0 0 0 0 0 0 0 0.1345214992761612 0.1319777518510818 3.904371619224548 2.458499938249588 2.622671090066433 328.7558209300041 5.466701954603195 240.6516255363822 76.57507278770208 112.7156958281994 32.74808436632156 0.2732263654470444 28.67478600144386 27.81689624488354 0.5948266386985779 0.1717477887868881 0 7.088574677705765 0 0 0 7.536184199154377 2.825996719300747 35.11921912431717 11.43112997710705
0.5085620507597923 4.836868621408939 3.244552709162235 0.7435074895620346 10.63131302595139 0 30.07742121070623 4.988012291491032 3.569435894489288 24.84248745441437 8.346993699669838 32.34512088447809 42.94620444625616 39.35595232993364 169.7723917365074 2624.241841733456 176.674865283072 28.2821384742856 39.64000419527292 102.9869048893452 22.86180113255978 0.269783042371273 1.3934306204319 0.08181840926408768 0.4885701537132263 0.5010418295860291 0.09287296235561371 0.2127721682190895 0.1706324517726898 0 1.612752519547939 2.154113598167896 96.57504970580339 25.11871036142111 0.1112116649746895 9.871982611715794 113.4278831407428 26.78808592259884 49.05906546860933 37.10042756795883 5.975081272423267 5.280554629862309 19.16669854521751 320.9995672404766 14.15847077220678 26.20318778604269 400.2642404362559 4.583721674978733 17.66393366456032 19.30593914538622 0.4276987090706825 0.09452468156814575 2.639866925776005 0.2592513039708138 1.107735887169838 0.2353954538702965 7.989880949258804 4.939673192799091 3.452907480299473 478.3249760791659 52.63875291496515 109.2578625753522 5.834479980170727 5.580392464995384 0.403019092977047 0.08516790717840195 0 1.417330555617809 17.22470366954803 13.75407766550779 65.56200289726257 0 0 644.0390442833304 6.769556991755962 1691.36022093147 1908.572761699557 511.645759344101 94.55565125495195 26.42862319946289 184.4655390232801 276.9929767400026 5.825699366629124 0.3199653774499893 0.1059590876102448 0.28082524985075 2.384587794542313 0 0 0 0.09638117253780365 0.09831434488296509 10.95193726569414 1.101958617568016 0.4603014588356018 1.861071534454823 15.78351085633039 0 8.622162416577339 0.1192958727478981 0 0 0 0 0 0 0 0 0 0 0 0 0 0 0 0 0 0 0 0 0 0 0 0 0 0 0 0 0 0 0 0 0 0 0 0.1212455034255981 0 0 0 0 0 0 0 1.099038548767567 0 0 0 0 0 0 0 0 0 0 0 0.1535118371248245 0 0 0 0 0 0 0 0 0 0 0 0 0 0 0 0 0 0 0 0 0 0 0 0 0 0 0 0 0 0 0 0 0 0 0 0 0 0.1018831878900528 0.1166060492396355 0 0 0 0 0 30.43810321390629 7.774047948420048 214.3299482613802 43.39884014427662 2.442296206951141 5.182857990264893 0 0.1128172278404236 0.1950078755617142 0.1597765982151031 0 0 0 0 0 0 0.5942804515361786 0.1097046732902527 6.86003315448761 0
0 0.9612321108579636 0.7731957584619522 0.1101055592298508 0.3471338525414467 0 2.184303805232048 2.414366915822029 2.09827820956707 1.727452859282494 3.107566870748997 16.09500601142645 21.89211604744196 25.2244616523385 2624.241841733456 1420.993469655514 489.6342834830284 204.2740145623684 274.6961214616895 1182.827086210251 72.93322875350714 0 17.57360228896141 0.1201923489570618 1.216204896569252 0.1091420575976372 0.3402543589472771 0.3485758900642395 0.1045311093330383 0 5.205560855567455 34.36007907986641 94.03028070181608 233.4301811903715 3.151435643434525 26.941689863801 143.0733357220888 53.29875580966473 104.081833280623 74.36230643093586 15.62308540940285 16.4248903170228 93.36401928216219 1797.276951208711 165.6615463644266 243.8955233842134 1267.218767009676 25.03089872002602 110.11501519382 67.32759167999029 1.221235014498234 0.1079114973545074 5.423484124243259 0.7185610383749008 4.862718053162098 4.261554412543774 39.57800466567278 48.98826376348734 15.05481731891632 172.7251345962286 194.5393694639206 149.2693541496992 32.87565290927887 168.3994337618351 3.229567967355251 0.7877332270145416 0.5667482390999794 5.134226761758327 81.34407729655504 55.84113347530365 53.71946734189987 0.1077887713909149 0 306.7542690187693 52.88623896986246 1300.231415130198 1672.719246193767 2343.432133004069 463.7858813330531 27.3330043181777 784.7466907426715 416.8936698362231 25.3956765756011 0.4058524370193481 0.8631895110011101 1.068173907697201 10.37600043416023 0 0 0 0.1174892038106918 0.2348411157727242 40.25385545194149 5.441807724535465 2.774446152150631 0.2661733403801918 14.15618128329515 0 17.6726011261344 0.1059502139687538 0 0 0 0 0 0 0 0 0 0 0 0 0 0 0 0 0 0 0 0 0 0 0 0 0 0 0 0 0 0 0 0 0 0 0 0 0 0 0 0 0.2305790781974792 0 0.273874431848526 0 0 0.2292793095111847 0 0 0 0 0 0 0 0 0 0 0 0 0 0 0 0 0 0 0 0 0.09454280138015747 0 0 0 0 0 0 0 0 0 0.1186314299702644 0 0 0.354205422103405 0.5078333243727684 0 0 0 0 0 0 0 0 0 0 0 0 0 0.1204478144645691 0 0 0 0 0 154.6814915388823 26.32732208073139 1145.629556678236 235.0426129996777 22.21766141802073 37.99061069637537 0.7937292605638504 9.433893114328384 0.2911025881767273 0.3627490401268005 0 0 0 0 0 0 7.339475810527802 2.979421466588974 37.38396841287613 0
0 0.815932959318161 0.964347243309021 0 0.3676786869764328 0 1.45464962720871 2.399428702890873 1.450920589268208 0.2026979178190231 2.316106200218201 12.40493942052126 15.99242374300957 23.04067259281874 176.674865283072 489.6342834830284 190.9844865426421 1943.206800743937 487.3529590070248 2245.151250831783 51.58275462687016 0.7827587872743607 68.53929441422224 58.8450383991003 42.22632124274969 53.70778371393681 52.9944940879941 8.097595132887363 2.378979206085205 2.066279247403145 5.770518600940704 7.56131911277771 71.86774977296591 610.9064816758037 37.72417157888412 50.13344038277864 82.75315183401108 53.54441177845001 75.32195837795734 80.4581643268466 14.3758677020669 8.330103844404221 277.1071214079857 312.5306097567081 1183.252719499171 940.9998949840665 2329.526335954666 297.1252500712872 604.9267475679517 297.6176754534245 5.752546533942223 2.062954753637314 5.913667008280754 1.684976518154144 4.928233154118061 6.920111738145351 37.19361338764429 15.59120780974627 32.19631437957287 103.5111009851098 96.58832235634327 76.0125806927681 39.17195834219456 39.24651619046926 3.638314932584763 3.331507436931133 0.624439001083374 29.5970678627491 377.1302069053054 26.75081335008144 35.99726969003677 0 0 50.77826411277056 9.0806720033288 25.8996757119894 37.05602210015059 41.66751922667027 18.1101902872324 21.11198279261589 186.274971909821 172.1154448315501 49.88315597176552 1.011005610227585 2.988473854959011 2.225883387029171 64.80196883529425 0 0.2551921755075455 0.6746156364679337 1.429222442209721 1.337399035692215 28.3827880397439 9.021123304963112 4.545449741184711 0.3687725365161896 12.39760530740023 0 14.31979796290398 0 0 0 0 0 0 0 0 0 0 0 0 0 0 0 0 0 0 0 0 0 0 0 0 0 0 0 0 0 0 0 0 0 0 0 0 0 0 0.1437243819236755 0 0 0.1247833222150803 0.2352448403835297 0.4291672706604004 0 0 0 0 0 0 0 0 0 0 0 0 0.5479608923196793 0 0.1500175297260284 0 0 0 0 0 0 0 0 0 0 0 0 0 0 0 0.1146246194839478 0 0 0 0 0 0.4783449247479439 0.1284583956003189 0 0 0 0 0 0 0 0 0 0 0 0 0 0.5831565037369728 0.3488329350948334 0 0.3560744971036911 0 0.6901954412460327 136.7432517260313 12.02435497939587 3399.285869479179 578.9147622287273 23.22535514086485 56.43468936532736 2.086083836853504 4.77473396807909 1.354930207133293 0.3105791360139847 0 0 0 0 0 0 6.854907274246216 4.02811224758625 112.7472459822893 0.3732685893774033
0 0.1556151658296585 0.3358119204640388 0 0.2991966605186462 0 0 2.222542762756348 0.3588571697473526 0 1.082919254899025 5.269556544721127 7.637833692133427 11.57237008213997 28.2821384742856 204.2740145623684 1943.206800743937 897.7542205005884 1339.72120398283 1655.101020686328 41.59548060595989 0.8034392446279526 43.94782400876284 66.32005693018436 42.92680664360523 21.49408889561892 128.6646027565002 2.555018521845341 8.079437345266342 5.715132348239422 2.735022217035294 2.845117084681988 22.45046363770962 897.1959597170353 31.73262755572796 26.19916697591543 19.44523469358683 14.02762390673161 23.90518805384636 57.59462510794401 51.25107220560312 131.3632577806711 536.6381932124496 20.31009712815285 867.5241143107414 50.27882885932922 75.61133605986834 64.63708102703094 1281.011375978589 98.30569200217724 0.1003382056951523 4.384358927607536 19.12479761242867 21.96770735830069 0 0.07090957462787628 1.846925884485245 8.127653211355209 0.6899866014719009 2.429958507418633 0.1242798939347267 15.01332200318575 1.309755310416222 24.56530417501926 0.866819754242897 0.8694323897361755 0 2.821849226951599 73.4346444234252 67.25896177440882 14.54849343746901 0 0 6.487216003239155 2.730823770165443 5.136192493140697 15.27414524555206 0.2783486321568489 3.627256982028484 10.48583342134953 0.4783042967319489 28.30355787277222 3.531695194542408 0 0 0.1708392053842545 12.63456868380308 0 0 0.1524410843849182 0.2557529807090759 0.2554118558764458 64.91227798163891 18.06634603440762 45.23730760812759 0 18.47126110643148 0 16.62606030702591 0 0 0 0 0 0 0 0 0 0 0 0 0 0 0 0 0 0 0 0 0 0 0 0 0 0 0 0 0 0 0 0 0 0 0 0 0 0 0 0 0 0 0 0 0 0 0 0 0 0 0 0 0 0 0 0 0 0 0.1769033223390579 0 0 0 0 0 0 0 0 0 0 0 0 0 0 0 0 0 0 0.1215336918830872 0 0.1320643275976181 0 0.1685172468423843 0 0 0 0 0 0 0 0 0 0 0 0 0 0 0 0 0 0 0 254.9100856482983 76.70008131116629 407.2692292407155 109.5277123227715 18.59875089675188 11.37226673215628 0 4.909066945314407 0.1145736128091812 0 0 0 0 0 0 0 3.141295447945595 0 1.090021327137947 0
0 0 0 0 0.2968702837824821 0 0.1187825798988342 0.5790712833404541 0 0 0 0 0.1816691607236862 0.6410604268312454 39.64000419527292 274.6961214616895 487.3529590070248 1339.72120398283 177.6813486665487 1426.797137878835 78.10147111862898 0 59.45602077245712 40.11518514156342 0.603349357843399 0 0 0.1561790853738785 0 0 1.382561534643173 2.230785742402077 0.8201002329587936 93.35441038012505 24.58292697370052 0.9733450710773468 0.5209379643201828 0.4592964649200439 0 0.2145944386720657 2.282297633588314 5.644747659564018 128.5869795903563 46.02483467757702 173.0359747186303 75.13483961671591 64.8540985584259 25.12442126125097 95.47763974964619 84.24921419471502 0.5811925753951073 0.1190596744418144 0 0 0.2803794667124748 0.3193017542362213 1.570688918232918 5.620050877332687 0.1111631765961647 2.223276153206825 0 1.558268412947655 0.5058700442314148 15.84907658398151 0.07227391749620438 0 0.1329972594976425 3.45852842181921 66.41567271202803 23.02563009411097 0.8504487052559853 0 0 4.333921529352665 2.691631942987442 3.827215470373631 17.36735278367996 2.918283626437187 1.106628201901913 0.4803698360919952 0.08434997498989105 2.146726623177528 0.860534131526947 0 0.2612432837486267 0 9.654752165079117 0 0 0.125853568315506 0.2804263904690742 0.2431935369968414 18.36514609307051 1.449386298656464 0.8751165196299553 0 0 0 0 0 0 0 0 0 0 0 0 0 0 0 0 0 0 0 0 0 0 0 0 0 0 0 0 0 0 0 0 0 0 0 0 0 0 0 0 0 0 0 0 0 0 0 0 0 0 0 0 0 0 0 0 0 0 0 0 0 0 0 0 0 0 0 0 0 0 0 0 0 0 0 0 0 0 0 0 0 0 0 0 0 0.1286385059356689 0 0 0 0 0 0 0 0 0 0 0 0 0 0.1196985319256783 0 0 0 0 0 38.44494793564081 5.489337213337421 132.425026923418 21.64186172932386 4.083312980830669 2.997544027864933 0 0.8042163699865341 0 0 0 0 0 0 0 0 0.5104577988386154 0.3650763332843781 1.250348076224327 0.1155058294534683
