1092.550163343549 2946.696222692728 970.2330917567015 1361.52954736352 88.6914404630661 158.7121305987239 612.6058379858732 352.3252196386456 3.125817783176899 1128.065891966224 264.5416542589664 159.5700745359063 111.1784439831972 141.7029836326838 15.1900707706809 4.250403083860874 0.8082929030060768 1.873824432492256 0.09422264993190765 1.734593465924263 11.93204106390476 0 5.22636940330267 3.687559083104134 13.46625620126724 9.654445573687553 6.128450311720371 3.264723338186741 0.3021448105573654 2.879335813224316 458.4333215355873 6.470415510237217 52.4046470746398 0.7995356395840645 9.117989927530289 5.232583619654179 10.95480284839869 5.883051417768002 2.144918031990528 2.495490714907646 13.88126638531685 4.383240699768066 2.005870796740055 1.562632381916046 0.3112713694572449 1.118439711630344 86.57167597860098 6.219564206898212 1.927267730236053 3.408850722014904 3.385754369199276 0.2749966084957123 0.1137858256697655 0 26.85124664753675 45.05966536700726 275.5451281070709 545.6637047156692 27.99389930069447 105.4722688347101 0.8504703938961029 6.802951604127884 2.116008624434471 28.73103904724121 41.42352142930031 27.14308788627386 7.848661668598652 4.046912230551243 1.91559711098671 7.799584478139877 28.7027123644948 1.008656144142151 0.09438417106866837 464.9328980147839 125.5303505137563 133.0809644088149 9.666797459125519 1.82879314571619 4.342208981513977 277.2251118272543 0.4126215055584908 73.34947111457586 48.71260504424572 1.266044244170189 13.7465990036726 36.70366305112839 5.358512751758099 1.958434507250786 12.43953574448824 0.2253381535410881 1.306120753288269 0.3525157943367958 11.16936185956001 6.340812914073467 0.558061845600605 57.70113815367222 27.27335254848003 0 4.886778697371483 2569.520882748067 0.9414100050926208 5.095243841409683 1.73479825258255 4.630479216575623 1.235423386096954 28.50869585573673 8.542122095823288 3.800900369882584 10.98053956031799 14.23343060910702 0.806570291519165 6.065562516450882 13.12735928595066 10.10554820299149 2.8548204600811 0 0.2084273844957352 0 0 0 0 0 0 0 0 0 0 0.8535015285015106 0 0 0 1.226797752082348 0 0 0.7231928259134293 0.6583905816078186 0 0 0 4.22409875690937 0.9153724908828735 2.350534819066525 1.478735461831093 2.441794127225876 0 0 0 0 0 0 0 0 0 0 0 0 0 0.7453712821006775 0 0 0.1001649424433708 0 0 1.428775303065777 0 0.9066687822341919 1.375774204730988 0 0 0 0.199442133307457 0 0 0 0 0 7.316817052662373 0 0 0.08547035604715347 0.369331568479538 0.3751600980758667 0 0.7262658476829529 0 1.872778356075287 0 0 0 0 0 0 0 0.6952080801129341 0 0 0.139494925737381 5.051547288894653 0.6501418203115463 4.957820348441601 659.2940899729729 12.6264621540904 443.3749051243067 31.12286446243525 1354.991575427353 73.43758020550013 3.804336376488209 28.50219861418009 82.96261823177338 0 0 0 42.02332049608231 0 0 0 0.6966015100479126 0 378.4884163662791 4.589311718940735
2946.696222692728 3845.980070061982 1878.474239043891 2825.560297876596 3880.110221505165 30.21482636034489 2012.442955359817 1032.932062350214 431.3637491464615 974.2361581996083 2267.36557559669 42.03831858932972 274.7915919050574 520.564179494977 38.6806695535779 5.823678337037563 1.976870782673359 3.493197038769722 0.3773299306631088 2.20250540971756 10.10206999629736 0 4.377565577626228 3.691832415759563 10.73166542500257 9.19326014816761 4.853759050369263 3.534157507121563 1.215020447969437 2.024558521807194 2911.124418482184 80.10972194373608 54.06794545054436 0.6744097396731377 4.684828735888004 5.30953611433506 10.85255894064903 7.019206345081329 1.912615284323692 2.587948516011238 13.19330734759569 5.341237977147102 3.572471469640732 1.189701609313488 0.5154402405023575 1.243117839097977 190.3643442168832 13.43746235966682 2.263580046594143 3.934010304510593 8.850216619670391 0.1093723326921463 0 0.09253985434770584 42.47888670861721 85.31183104217052 191.3929996415973 1273.017608419061 50.16821613162756 244.9507736265659 0.5748465433716774 12.01848123222589 2.565029285848141 198.105052486062 85.04778252542019 58.55373724550009 18.05481985211372 9.01118940860033 3.353247225284576 9.700501210987568 8.706655763089657 0.2455737888813019 0.2814894989132881 909.8135319426656 384.6187105327845 346.4073220193386 55.72297130525112 6.417006149888039 8.860124751925468 205.0564134940505 1.285915434360504 66.58014353364706 87.60043106228113 1.304676540195942 30.03517223894596 66.28836803138256 10.93906884640455 4.680077314376831 29.93500136584044 0.6748804226517677 5.656276911497116 0.5353626906871796 16.90810101479292 8.14453186839819 0.8238416314125061 1.973126299679279 1.392680652439594 0 0.5933354720473289 727.3201362192631 0 0 0 12.52063316106796 0.8476006090641022 30.44916777312756 1.39163738489151 1.293747097253799 16.26241683959961 1.87844429910183 0.5134972333908081 1.914452627301216 7.461901351809502 6.353878408670425 4.283356636762619 0 0.2444987893104553 0 0 0 0 0 0 0 0 0 0 0 0 0.1149696260690689 0 0 0 0 0.1315461397171021 0 0 0 0 5.630909658968449 0 5.920295119285583 3.620526224374771 0.7075630128383636 0 0 0 0 0 0.4360486268997192 0 0 0 0 0 0 0.5521930158138275 0.2789883315563202 0 0 0 0 0 0 0 0 0.897724837064743 0 0 0 0.07979772239923477 0 0 0 0 0.2253768295049667 3.824862614274025 0 0 0.5595675706863403 0.222919300198555 0.195023313164711 0 1.427463293075562 0 0.8114156723022461 0 0 0 0 0 0.7507822960615158 0 0.08263884484767914 0.1002612411975861 0 0 2.669445618987083 3.092768892645836 3.143088072538376 584.0892661958933 29.73314999789 848.4147759601474 75.2499432861805 501.9277522936463 93.10282322764397 3.987721092998981 50.70490355044603 24.57601080834866 0.09930580109357834 1.994823962450027 0 13.37666586041451 0 0 0 13.23886390030384 1.469351172447205 189.4060201346874 0.3192818239331245
970.2330917567015 1878.474239043891 1534.719792470336 2.359629653394222 896.487442009151 0.8716022223234177 39.17320726066828 4929.489029064775 67.66679419577122 3.233922854065895 2159.217193134129 5.610670179128647 43.40490928292274 427.3170120194554 21.70827590674162 14.78309102356434 3.143437407910824 7.444362908601761 0.4528852924704552 7.679832436144352 70.02828136831522 0 42.61305882036686 26.8627709671855 86.04903290420771 71.57549030333757 46.67986482381821 18.5268242135644 1.935127407312393 19.30994112789631 4138.269444271922 220.2175706997514 262.0997845306993 4.152838990092278 60.88376010209322 40.37397206574678 40.5752492621541 28.27688337862492 11.77966065704823 19.58075807243586 101.6971597373486 27.96384379267693 11.00848215073347 2.074100911617279 0.5097142159938812 3.855238012969494 49.59260042756796 1.900968588888645 4.679214455187321 13.75211960822344 13.55901648104191 0.1094345226883888 1.107946783304214 0 3.665010884404182 5.977382443845272 25.61814905703068 293.8759222254157 4.571238160133362 32.80334994196892 3.886047340929508 34.41259355843067 23.58114188909531 113.3423041254282 7.184800185263157 7.898297816514969 5.401003301143646 8.520376436412334 6.337986707687378 53.79959243535995 10.46621350198984 2.059806406497955 0 97.4572030454874 57.97531554847956 65.40384068340063 27.69521620869637 4.912060625851154 296.7755489498377 1662.40583191067 2.411882668733597 806.7433530241251 7.901544652879238 0.08988992124795914 2.757884122431278 5.677951231598854 2.593307070434093 0.08436620980501175 2.11111206561327 0.08934349566698074 1.25746862590313 0.2325151190161705 69.94222864508629 36.73540318012238 1.193881623446941 0.3815429657697678 0.1268781572580338 0 3.681023523211479 81.32146310061216 0 0.6330713033676147 0 0.1785044968128204 0.74849733710289 0.8517476469278336 0 0.58258455991745 4.259364888072014 1.176686957478523 0.2353764325380325 2.147611804306507 2.075276345014572 3.002260163426399 1.947842493653297 0 0 0 0 0 0 0 0 0 0 0.3839825391769409 0 0 0 0 0.7997773140668869 0 0.1432390064001083 0 0.2516195774078369 0 0 0 0.1211822181940079 3.494854755699635 0.1313419938087463 4.326557822525501 2.263468906283379 1.714812591671944 0.1295086443424225 0.1532386541366577 0.7915117144584656 0 0 0 0.3185234069824219 0 0 0 0 1.083285644650459 0.3742371425032616 3.606809005141258 0 0 0 0 0.5656579807400703 0 0 0 1.117052257061005 0 0 0 0 0 0.1222532689571381 0 0 0.328897625207901 2.911513030529022 0 0.3989100605249405 0 1.307029947638512 1.004088282585144 0 0.5734956562519073 0 0 0 0.1991826742887497 0.1410927623510361 0 0 0 0 0 0.1311769932508469 0.6684591770172119 0.2061214298009872 0.577947661280632 2.772932842373848 4.631764225661755 145.3533709794283 6.854994982481003 149.2816018462181 29.89903009682894 22.67452064156532 9.657696738839149 0.8573143482208252 16.13808460533619 7.694490030407906 0 0.638251394033432 0 1.816190302371979 0 0 0 0.4005775973200798 0 15.03148432075977 0.5656993836164474
1361.52954736352 2825.560297876596 2.359629653394222 397.8606778532267 70.02763219177723 176.0383533537388 1570.895820870996 3.719369731843472 0.8983504474163055 2203.989047497511 7.232394844293594 1688.278512790799 1282.834056988358 22.89093269407749 2.386366158723831 0 0 0 0 0 0.1899155974388123 0 0 0 0 0 0 0 0 0 33.30301838368177 1.342557154595852 8.967649139463902 0 0 0 7.587782368063927 0.1048005595803261 0 0 0 0 0.1352032423019409 0.09189557284116745 0 0 19.59332652390003 0.7508284226059914 0.4307093024253845 0 0.6411773934960365 0 0 0 4.694423571228981 7.510391913354397 42.63057244569063 58.28777746856213 3.884945556521416 25.84980556368828 0 0.9059415385127068 0 8.475812166929245 4.329728804528713 3.922310784459114 0.9203624725341797 0.09747382253408432 0 0 6.065285593271255 0.4990612715482712 0.2452878803014755 60.3427589982748 29.9746919721365 26.59377351403236 3.481301128864288 0 0.1171450018882751 2.736993506550789 0.1266886740922928 0.8685984909534454 7.893208384513855 0.08072919398546219 3.661396235227585 5.128199689090252 0.2942598685622215 0.5153586268424988 1.940517790615559 0.09559899568557739 0.274129793047905 0 0 0 0 32.07942748069763 3.043809652328491 0 0.8573210835456848 622.7906479984522 0.5723781585693359 29.15204100310802 9.847238093614578 37.91006147861481 1.744810909032822 15.79011848568916 55.76323390007019 3.062308043241501 33.56093423068523 11.06549197435379 0.4974206686019897 8.96914130449295 7.001666903495789 6.673546299338341 3.213149398565292 0 0 0 0 0 0 0 0 0 0 0 0 0 0 0 0 0 0 0 0.2337044775485992 0 0 0 0 0.874050185084343 0.9543818235397339 0 0.6752523183822632 0 0 0 0 0 0 0 0 0 0 0 0 0 0 0 0 0 0.1403850913047791 0 0.7436272352933884 0.6778414100408554 0 0 0.7563859224319458 0 0 0 0 0 0 0 0 0 2.855562046170235 0 0 0 0 0 0 0 0.7907342165708542 0.3277221918106079 0 0 0 0 0 0.112308494746685 0 0 0 0 0 1.667455658316612 1.261159420013428 0.9252673387527466 207.1868877112865 0.5392548814415932 101.7934571504593 7.314860008656979 583.5941796675324 15.19118634611368 0 5.879062175750732 34.44296354055405 0 0.4053577780723572 0 18.43291448056698 0 0 0 3.661295413970947 0 114.5355088189244 3.321194425225258
88.6914404630661 3880.110221505165 896.487442009151 70.02763219177723 2047.803641922772 1.093198359012604 1680.236915931106 630.5954204425216 4289.788386419415 122.1735033541918 2625.070223659277 6.329565808176994 209.7188375070691 1762.01764498651 22.8547509983182 7.500557735562325 1.230345748364925 1.106006018817425 0.2031879872083664 2.676049932837486 19.41912024468184 0.1857780963182449 4.593254573643208 2.535094991326332 1.562510952353477 6.279985375702381 1.381047382950783 1.029831036925316 0 0.1041211038827896 386.0174190551043 53.98241724818945 36.46386248618364 0.541876457631588 2.328430488705635 0.9790459349751472 10.04592274874449 3.023801930248737 2.559062048792839 0.2765806466341019 8.984422035515308 0.8727095797657967 1.511205963790417 0.4916560724377632 0.3305312022566795 0.9142401218414307 123.41174326092 6.316270835697651 2.353287391364574 3.797891333699226 3.394083641469479 0 0.3789407536387444 0.2106332033872604 9.216995738446712 19.43708964437246 22.43772561103106 174.8032732382417 17.79349610209465 105.3371799886227 2.240000739693642 12.2020697593689 1.520791061222553 122.2381255552173 18.03546949476004 16.45614647865295 4.830281786620617 4.08121370524168 2.390657037496567 12.30523951351643 7.6010602414608 12.96464340388775 0 187.8362542614341 168.0982324257493 176.8754084408283 59.76161072403193 6.187426157295704 1.6607825756073 27.99694477021694 0.8214973583817482 52.09797345846891 22.17846851795912 0 10.07752678543329 16.13150741904974 3.511358931660652 0.9390850588679314 6.869783595204353 0 1.12508050352335 0.2105967774987221 15.94116603583097 1.626819401979446 0.4271586686372757 1.799226596951485 1.625222325325012 0 1.503928504884243 13.35237660259008 0 0.5015062540769577 0 0.2786649763584137 3.189281016588211 4.211544930934906 0 1.324889153242111 4.968485236167908 2.128623813390732 0 6.158711433410645 4.623307019472122 7.582487568259239 4.215607851743698 0 0 0 0 0 0 0 0 0 0 0 0 0 0 0 0 0.6864485740661621 0 0 0 0 0 0.6403264850378036 0 10.25409465283155 2.159146890044212 9.387256652116776 2.455131113529205 2.091906502842903 0 0 0 0 0 0 0 0 0.3592323660850525 0 0 0.1945011913776398 0.4195919632911682 0.4391596019268036 0 0 0 0 0 1.157318234443665 0.4403688311576843 0 4.75345778465271 0 0 0 0 0 0 0 0 0 11.05823535472155 0 0 0 0 0 0 0 1.482676863670349 0.1473201811313629 0 0 0 0 0 0 0 0.1991638764739037 0 0 0 2.602048791944981 2.04734542965889 6.800238728523254 445.2644322812557 10.90455377846956 539.0407587736845 58.86442935466766 144.8098408803344 66.5623495131731 1.943887196481228 65.10979851335287 17.34172283113003 0 1.563846260309219 0 8.429898425936699 0 0 0 25.92960335314274 1.532193601131439 39.94187846779823 1.807063341140747
158.7121305987239 30.21482636034489 0.8716022223234177 176.0383533537388 1.093198359012604 25.50698551535606 24.56595657765865 1.478415071964264 0 379.6241458654404 0.3193341195583344 55.05262604355812 46.33744329214096 7.844814822077751 0.1363048702478409 0.2490366473793983 0 0 0 0 0 18.12499935925007 0 0.3292832374572754 0.1703516393899918 0.2854100465774536 0 0.3087136894464493 0.7394075244665146 0 6.504005968570709 0 14.70255081355572 0 0 0 43.89088839292526 2.201890528202057 6.548260405659676 0.4808031469583511 0 0.9126799553632736 0.1305448412895203 0 0 0 0.2258681952953339 0.2864496111869812 0 0.3783286958932877 0 69.77718626707792 19.52049453556538 3.420408144593239 0.7669338062405586 2.373825006186962 65.6938039213419 8.090283326804638 1.797855257987976 1.019319772720337 0 1.578284919261932 0 0 0.4967583641409874 0.5373635590076447 0.2071994096040726 0.1367852240800858 0 0 279.4667945951223 227.3618884533644 61.71380991488695 7.333511620759964 1.74934096634388 2.033803887665272 0 0.2499937564134598 0 0.2544459998607635 0 0 1.036972932517529 2.992566525936127 0 4.505945235490799 0.6001552194356918 35.82241778820753 16.78200771659613 61.48960461467505 9.175787843763828 31.35946014523506 0 0 4.465823471546173 619.0209119319916 694.5890761911869 86.09872516989708 140.0861873328686 239.606888204813 0.6697812676429749 0 0 0 0 0.7909371554851532 0 0 24.57752425968647 0.1779952198266983 0 0.4222663342952728 1.774560704827309 0.1755440831184387 0.7459350824356079 0 0 0 0 0 0 0 0.2514039874076843 0 0 0 0 0.3009621798992157 0.2259266078472137 0.3771267384290695 0 1.43603926897049 0.1955219954252243 0.7949220985174179 0 0 0 0.4745433628559113 0 1.168814972043037 0 0.4752373546361923 2.242819264531136 1.014962531626225 0 0 0.1254131197929382 0 0 0 0 0 0 0 0.4455727338790894 0 2.938539743423462 0.2352654486894608 0.1165444403886795 0 0 0 0 0.4768050014972687 0 0 0 0 0 0 0 0.2372388541698456 0 0.158846452832222 0 0 1.096743680536747 1.360590949654579 0 0.3058026805520058 0.3973780497908592 0 0 0 0 0 0 0 0 0 0 0 0.163345068693161 0.2941773235797882 0.7410751804709435 0.2658195272088051 0 0.7579030394554138 2.050218760967255 2.388519749045372 24.03334391862154 1.42095285654068 15.07345697283745 2.158540494740009 91.98576232790947 0.9219374656677246 1.073799222707748 0 4.287005662918091 0 0 0 4.418432891368866 0 0 0 0 0 72.57893716543913 1.905521139502525
612.6058379858732 2012.442955359817 39.17320726066828 1570.895820870996 1680.236915931106 24.56595657765865 2559.065657950938 28.39090719074011 1572.672875158489 2773.392019324005 914.9505546838045 319.5129118859768 4384.065099872649 4714.938084632158 38.84276396781206 12.06619974970818 1.728007793426514 1.259975053369999 0.2019434571266174 2.215728960931301 27.05194187164307 0 7.707611627876759 5.183794237673283 3.48946400731802 6.836861744523048 3.285166665911674 2.663030676543713 0.4015824198722839 1.711377076804638 202.6068628355861 21.82635559886694 52.5215877071023 0.2929789423942566 4.170582756400108 2.352381929755211 28.97357330471277 6.373146720230579 1.562509685754776 0.3750638961791992 15.30407705903053 4.547844648361206 3.040407925844193 0.9087897762656212 0.4669213220477104 1.662499755620956 152.0497773140669 6.41727190464735 1.46110250800848 1.900719366967678 4.33417733758688 0 0.6102162450551987 0.1287906914949417 10.70784533768892 19.73249880969524 35.98228865861893 199.7470657750964 22.94192657619715 141.3697848170996 1.688010528683662 19.10994099080563 1.750190295279026 84.00961937755346 24.34437490999699 22.50617464631796 6.199648723006248 5.320444568991661 3.562745943665504 16.14733762294054 14.64151307195425 7.651082307100296 0 224.9450909793377 162.6226986721158 198.9707648158073 54.54221125692129 5.41055566072464 0.7422294765710831 20.31558191776276 1.584110260009766 65.99722122400999 27.14754651486874 0.491927795112133 11.96016342192888 17.43832618743181 4.723557822406292 1.155333511531353 11.40298039466143 0.5343494340777397 2.496824495494366 0.1982983201742172 26.45722039788961 7.249124556779861 0 25.50422918051481 3.063142538070679 0 1.472240030765533 85.80429754406214 1.214877769351006 7.865633107721806 78.20525693893433 17.50079289078712 2.774327524006367 35.08383958041668 7.393834859132767 4.920898795127869 88.72339479625225 27.76279293000698 1.813810110092163 19.3951308876276 23.11345110833645 19.13006234169006 16.93701998889446 0 0 0 0 0 0 0 0 0 0 0 0 0 0 1.28540164232254 0.2543489336967468 0 0 0 0.7710679471492767 0 0 0 0 15.47464236617088 2.782499894499779 14.69508922100067 5.88545124232769 3.037860676646233 0 0 0 0 0 0 0 0.2082255184650421 0.123184509575367 0 0 0.1200257614254951 3.0340955555439 0.17937371134758 0 1.315767332911491 0.216124027967453 1.467249557375908 1.549322977662086 0.4922949820756912 0 2.647249966859818 8.023021899163723 0.943388506770134 0.4582275077700615 0.1084851995110512 0 0 0 0 0 0 24.05752873420715 0.451239287853241 0.2678329646587372 0 0.4327366054058075 0.415236622095108 0 1.624308526515961 2.920697972178459 5.234546855092049 0.1730574369430542 0.8255793750286102 0 0 0.1291041225194931 0.1101001277565956 0 0.09206113964319229 0.4028925597667694 0 0 8.104040667414665 12.40206214785576 15.13626535236835 591.0493447333574 21.05003046244383 591.8314322680235 69.61911305785179 288.9790357127786 66.56209257245064 3.357101649045944 94.49079120159149 58.46333958953619 0.222587838768959 10.28582428395748 0.480281338095665 27.41014440357685 0.5037472248077393 0.2052051723003387 0 8.806708186864853 2.289401829242706 96.73361420631409 15.81801193207502
352.3252196386456 1032.932062350214 4929.489029064775 3.719369731843472 630.5954204425216 1.478415071964264 28.39090719074011 1845.648454189301 161.7944219186902 2.080718636512756 5428.731924027205 14.81717140972614 186.5615558326244 1920.566146530211 15.67299898713827 8.335754163563251 0.304639458656311 10.73008535802364 1.538099490106106 55.50836386531591 241.2962970361114 0 81.77641163021326 50.67506356537342 49.84916939586401 63.87462916225195 30.52168498933315 13.92740876972675 1.475561238825321 10.3855946585536 1648.574600346386 1579.556729860604 271.4477030187845 19.9806042984128 59.51464203000069 27.67179733514786 44.66493998467922 17.09522690623999 6.55669216811657 8.353574737906456 99.10379671305418 22.6305567920208 22.82085523754358 2.257142096757889 2.785005122423172 22.80517745763063 54.24294946342707 3.290444277226925 3.175439909100533 22.52029743045568 9.798514299094677 0 0.5881785303354263 1.923394456505775 4.349826969206333 7.237525910139084 23.67534308135509 196.3667947128415 5.945308767259121 38.44296264648438 79.14850196242332 75.07470589876175 36.61656266450882 264.0755039453506 5.784748770296574 14.15121425688267 4.646103791892529 13.15138230472803 20.25311032682657 121.2428430467844 15.16870798170567 2.538840122520924 0 88.68455236405134 76.06626676768064 68.56187499314547 55.59529586881399 195.2582558393478 3286.308644011617 2578.801003351808 126.3652770072222 1818.766895115376 7.755763694643974 0 3.602924816310406 6.615399487316608 9.453229233622551 0.09148847311735153 1.795315101742744 0 1.504959255456924 0.3011055439710617 127.4065168872476 32.56188843399286 2.183402955532074 0.2768709063529968 0.3973208069801331 0 3.227691784501076 46.15813001990318 0 0 0.2424173802137375 0 1.051496237516403 0.9430152028799057 0 0.2436639219522476 0.7398038357496262 0 0.558943897485733 0.3953120410442352 0.9557869285345078 1.275482252240181 0.6578362286090851 0 0.1418433487415314 0 0 0 0 0 0.1486917585134506 0 0 0 0 0.1725700944662094 0 0 0.543040968477726 0.1884846985340118 0 0 0.1470728665590286 0 0 0.5102012827992439 0 1.147183164954185 0.4463013410568237 1.767334349453449 0.4901351258158684 0.3705029189586639 0 0.3418718576431274 0 0 0 0 0.6570364236831665 0 0 0 0 0.7411710768938065 0.5215275436639786 2.28878778219223 0 0 0 0 0 0 0 0.6426302194595337 3.00751918554306 0 0 0 0 0 0.1051994413137436 0 0 3.361286789178848 2.057214982807636 0 0.1379968822002411 0 1.223801881074905 0.1246190220117569 0 0 0 0 0 0 0 0 0 0 0 0 0.4361317455768585 0 0 0.7400087118148804 0.8925286531448364 2.283590078353882 132.869416333735 17.08320664614439 154.4618922695518 29.20797349512577 28.82668014615774 14.34146621078253 0 17.87501718848944 2.22091181576252 0 0.9350770115852356 0.2741596698760986 2.552481383085251 0 0 0 0.1438461244106293 0 11.38563513755798 1.007153362035751
3.125817783176899 431.3637491464615 67.66679419577122 0.8983504474163055 4289.788386419415 0 1572.672875158489 161.7944219186902 944.0229530483484 97.15819145739079 1358.433446265757 22.42274497449398 782.2630373090506 1972.670565918088 20.10086420178413 7.30065194517374 0.5882216542959213 1.198773361742496 0 1.605368405580521 21.72663281857967 0 5.947478234767914 3.707382626831532 2.742153972387314 9.675678327679634 4.969464212656021 0.8409445807337761 0.4176233410835266 1.414997339248657 32.05019767582417 9.841924667358398 25.22059778869152 0.3157292678952217 3.157811746001244 1.016980357468128 16.70167060941458 4.9266297519207 0.5709271430969238 1.607481390237808 9.476819448173046 2.754059031605721 2.432623155415058 0.7200939729809761 0 0.1220122054219246 55.29052774608135 1.718351371586323 1.762537404894829 3.975117236375809 2.365799337625504 0 0.3146226704120636 0.2869298458099365 2.202485598623753 2.71511398255825 5.089764654636383 19.68219864368439 7.48703208565712 38.75262742489576 2.353424310684204 11.437758885324 2.518406249582767 27.72776032239199 4.030128806829453 5.20623305439949 1.606965631246567 4.123399652540684 4.562739498913288 10.70423441380262 6.914987280964851 1.068147741258144 0 40.65502090007067 37.2596685513854 65.49619506299496 25.68671382963657 3.093686744570732 4.511449828743935 59.83239884674549 0.7330474853515625 67.46114505827427 7.476733155548573 0 1.202244639396667 3.926921047270298 2.173369161784649 0.2191824093461037 1.730392642319202 0.1179713532328606 1.081886239349842 0.1053460165858269 23.099459387362 3.743964940309525 0.09242482483386993 8.37219300866127 0.107285663485527 0 0.8166299760341644 2.043382175266743 0.1894398033618927 0 0.9185832738876343 0 1.595590159296989 1.722498327493668 2.217421025037766 1.397867068648338 5.340377137064934 2.461847946047783 1.561533950269222 4.433487191796303 11.36741219460964 7.732796601951122 7.900755926966667 0 0 0 0 0 0 0 0 0 0 0 0 0 0 0 0 0.2798244655132294 0 0 0.7298416942358017 0 0 0 0 6.070496067404747 1.106588900089264 6.88175081461668 3.618452042341232 2.248239085078239 0 0 0 0 0 0 0.505446195602417 0 0 0 0 0.1558653563261032 0.5038176774978638 0 0 0 0 0 0 0 0 0 3.694577306509018 0 0 0 0 0 0 0 0 0 8.469426795840263 0 0 0 0.7230195999145508 0 0 1.000687062740326 0 0 0.1013596132397652 0 0 0 0.1058873534202576 0 0 0.1249505877494812 0 0 0 5.22602653503418 5.079814955592155 6.142863094806671 228.1534503400326 4.52694358676672 199.7613862156868 30.74687000364065 54.16514132916927 12.35909997671843 0.2047481834888458 38.24980571866035 5.65274304151535 0 0 1.278160393238068 3.393953770399094 0 0 0 75.27715864777565 0.7762778401374817 15.15956965088844 7.529687412083149
1128.065891966224 974.2361581996083 3.233922854065895 2203.989047497511 122.1735033541918 379.6241458654404 2773.392019324005 2.080718636512756 97.15819145739079 1719.554082557559 62.30074323713779 2170.877341613173 4249.254031777382 376.6862802729011 4.70401082187891 2.97875688970089 0.1410183608531952 0.3834921941161156 0.4580400288105011 0.2617319822311401 3.361384525895119 1.794031396508217 1.016076892614365 0.9560879021883011 1.010357670485973 1.443441480398178 1.427320681512356 0.7469509840011597 0 0.7983012348413467 20.95201571285725 2.171250194311142 50.99262813478708 0.100755549967289 0.8796659931540489 0.6242286860942841 56.18567487597466 1.540946811437607 2.12345489859581 0.4986522868275642 3.222095906734467 1.21477298438549 0.1363533288240433 0.1151861771941185 0 0.09632866084575653 31.2433438077569 0.6054571568965912 0.1002970784902573 0.4397187530994415 1.772476263344288 3.184097304940224 3.004376292228699 0.1467115432024002 1.711497478187084 3.567357659339905 65.61632201075554 30.1007214859128 4.072091549634933 15.44574449956417 0 12.80857603251934 0.2727043405175209 7.309516601264477 3.159923553466797 3.665141515433788 0.1782703697681427 0.8682549074292183 0.7422421723604202 4.238562941551208 287.0341432094574 30.55670866370201 0.6814801692962646 34.32622128725052 20.00495544075966 23.81378618627787 5.4350700750947 0.6217925176024437 0 14.05466474592686 0 13.21355240792036 3.932178072631359 0 1.536881901323795 3.533988669514656 0.398711122572422 1.800222277641296 1.428174093365669 2.123102717101574 0.9536406770348549 0.7370443716645241 4.075081087648869 2.114822208881378 0.2153584808111191 273.2118831947446 158.9773586839437 14.59147766232491 19.72212021797895 512.5439443215728 2.254241585731506 18.99719773977995 9.158882394433022 46.55025666952133 6.709492832422256 34.37036387622356 22.73872567713261 18.83574341237545 72.74862061440945 46.06466397643089 5.066636048257351 38.01037912070751 103.3486806154251 60.02869033813477 33.83976098150015 0 0 0 0 0 0 0 0 0 0 0.2933757901191711 0 0.2404884546995163 0 0 0 0 0.2215621620416641 0.132198303937912 2.963926762342453 0 0 0 0 26.52417455613613 1.552695482969284 20.52043657749891 4.688414439558983 2.505442827939987 0 0 0 0 0 0 0 0 0.1222493648529053 0 0 0 2.431502878665924 0.4092338681221008 0.1159631237387657 0.3957935571670532 0.1096218675374985 1.178561620414257 0.6218636929988861 4.092504039406776 0.1325759887695312 0 9.920663267374039 0.7123840153217316 0.4156864881515503 0 0 0 0 0 0 0 52.98378078639507 0 0.1328237503767014 0 0 0.7370437979698181 0 2.769834101200104 0.8479918092489243 0.1548124253749847 0.4143805205821991 0 0 0 0 0 0 0 0 0 0 40.52837200462818 11.87195245921612 8.865575060248375 681.4902689307928 2.336843557655811 96.87996873259544 14.56048496812582 1074.757439374924 15.7664263099432 0.3455166071653366 13.11553427577019 166.5968092605472 0 3.920309074223042 0.1670341640710831 182.8702611923218 1.207671523094177 0 0 7.72578427195549 0 525.3208795264363 67.36581343412399
264.5416542589664 2267.36557559669 2159.217193134129 7.232394844293594 2625.070223659277 0.3193341195583344 914.9505546838045 5428.731924027205 1358.433446265757 62.30074323713779 1598.584255620837 68.70711360871792 1835.224974490702 5149.612839952111 17.39654788374901 11.61261601746082 1.489458702504635 2.453536659479141 0 4.383173353970051 23.73648701608181 0 10.33692537993193 9.45257043838501 39.84715392440557 25.91171007603407 19.10412905365229 12.66029910743237 1.045552335679531 9.586632274091244 313.8800521865487 23.24778338521719 1300.480777934194 1.528013318777084 19.44123319536448 17.16259277611971 212.9853063970804 46.46110851317644 22.04347079247236 7.786308072507381 40.7701033577323 12.23390048742294 7.529799729585648 0.5752843469381332 0.462794728577137 2.16250429302454 39.98882635682821 0.9385210573673248 1.669684365391731 6.287795148789883 4.930070452392101 0.3994910567998886 0.7685141041874886 0.6730912029743195 1.58614981174469 3.684921383857727 5.879145398736 57.92499386519194 5.235539250075817 29.49061395972967 2.351964339613914 58.66936022788286 6.769553504884243 35.28312841802835 3.76901026070118 5.761164136230946 2.238747015595436 4.606993347406387 2.907945849001408 18.90474124252796 52.34478743374348 0.7473461478948593 0 40.15724441409111 40.39245691150427 59.472851164639 22.79549176245928 5.571843422949314 288.9351305663586 1471.76729195565 1.963078990578651 425.3175084292889 5.766501128673553 0 2.41601824015379 2.825031146407127 1.455689147114754 0.1120754033327103 2.277156665921211 0 0.8828360065817833 0.4470832124352455 28.69674793630838 18.59322479367256 1.594878025352955 4.632902920246124 1.027187064290047 0 7.411562561988831 23.12381285429001 0.1215180531144142 0.4616568386554718 0 0.1397684514522552 0.4871109127998352 0.7764370143413544 0 1.075193658471107 2.291467770934105 3.880496472120285 1.276905417442322 0.7753369063138962 3.262164369225502 2.160150974988937 3.464599594473839 0 0 0 0 0 0 0 0.1544305235147476 0 0 0.3072259724140167 0 0 0 0.1230501681566238 0 0.2745814323425293 0 0 0.3522327244281769 0 0 0 0 2.479583971202374 0 4.735315769910812 3.148717738687992 0.6744636744260788 0 0.1699206382036209 0.4306983649730682 0 0.1583160907030106 0 0.355670303106308 0 0 0 0 0.8665314912796021 0.5450161620974541 1.601832114160061 0.08441895246505737 0 0 0 0.5279166623950005 0.136091023683548 0 1.124148964881897 2.111380405724049 0 0 0 0 0 0.1162717565894127 0 0 0.3786234855651855 6.181283786892891 0.3137928992509842 0.1318003237247467 0 0.5027315616607666 0.2545606195926666 0 0.1625777035951614 0 0.306329607963562 0 0 0 0 0 0 0 0 0.3730833828449249 0.2778548896312714 0 2.548956885933876 2.209836088120937 2.496240042150021 122.8381183817983 6.161798387765884 129.9067144319415 17.04959800094366 20.81211123615503 8.305871143937111 0.3866273462772369 17.77150443941355 2.922159969806671 0 0.2165635973215103 1.531857848167419 4.309768795967102 0 0 0 9.193365857005119 0 10.86809447407722 1.509905457496643
159.5700745359063 42.03831858932972 5.610670179128647 1688.278512790799 6.329565808176994 55.05262604355812 319.5129118859768 14.81717140972614 22.42274497449398 2170.877341613173 68.70711360871792 290.8055707961321 1192.918393239379 138.2672233432531 10.95868894457817 8.140784569084644 0.4124612361192703 1.83226615935564 0.09620321542024612 0.7432821914553642 4.088160924613476 0 3.507391594350338 0.7983369082212448 6.140005961060524 6.127790719270706 4.804095387458801 1.64028000831604 0.8463519215583801 1.410199545323849 1.583259135484695 0.6892414465546608 90.26695672422647 0 1.963000819087029 1.088278584182262 155.6775858402252 9.500992938876152 4.401368126273155 1.371747069060802 14.30673399567604 3.61620718985796 0.8282073363661766 0.8962981775403023 0.12797512114048 0.3490050286054611 18.29955737292767 0.3515973389148712 0.1466268002986908 1.71394794434309 1.089767582714558 0 0.5003997609019279 0 0.1121072545647621 0.6173678785562515 10.75715488940477 2.144844047725201 1.029002465307713 7.100225239992142 0.1621371358633041 13.67131175100803 0.4814652502536774 3.082393452525139 0.7819250747561455 1.464434288442135 0.4361387938261032 1.831349149346352 0.7925013303756714 5.034528851509094 147.1932739466429 20.95601950585842 0 5.970056168735027 8.487683482468128 15.69168870896101 7.644521668553352 2.199687570333481 0.1390796452760696 17.19749014079571 0 9.52840456366539 1.009438075125217 0 0.5572079941630363 0.9503313079476357 0.4397836178541183 0 0.5491697490215302 0 0.2007732689380646 0 8.796300396323204 5.382368467748165 0.6442695260047913 336.0818961113691 22.67356081306934 0 4.658235341310501 77.85952613502741 1.988002397119999 16.67606450617313 3.711598679423332 27.59541167318821 15.15664291381836 26.62284174561501 20.46727253496647 22.3748499751091 83.01899491250515 28.92676827311516 12.90477192401886 47.66508855670691 113.7798672318459 64.96600299328566 52.37885512411594 0 0.4217735454440117 0 0 0 0 0 0 0 0 0 0 0 0 0.1639453917741776 0 0 0 0 2.509348288178444 0.4506546556949615 0 0 0 44.70488784462214 1.444009453058243 29.71559002995491 9.220047757029533 3.681557431817055 0 0 0.3490952849388123 0 0 0 0 0 0.3830128312110901 0 0 0 0.4096408188343048 1.558033913373947 0 0 0 0.3395878970623016 1.222606107592583 1.509611874818802 0 1.054452180862427 13.33462223410606 0 0 0 0 0 0 0 0 0 74.93840937316418 0.9815939962863922 0 0 0.5557014346122742 3.633709564805031 0 1.711480736732483 1.703522816300392 2.427521139383316 0.1312779635190964 0.1172786951065063 0 0 0 0 0 0 0.3394960165023804 0 0 46.89799018204212 19.99511006474495 20.68756169080734 244.9124908968806 2.582610845565796 65.46209736913443 11.10607151687145 325.9183476120234 2.994197115302086 0 13.2922478467226 172.7848609387875 0 2.998209945857525 0.7468313574790955 101.9959745183587 0.7704332023859024 0 0 0.1784403771162033 0.1459612846374512 412.0339299812913 58.06259903311729
111.1784439831972 274.7915919050574 43.40490928292274 1282.834056988358 209.7188375070691 46.33744329214096 4384.065099872649 186.5615558326244 782.2630373090506 4249.254031777382 1835.224974490702 1192.918393239379 4441.139152482152 4529.563326492906 79.0481033846736 42.31321503221989 1.933068960905075 5.73332953453064 0.5342924520373344 5.003834404051304 47.07706686109304 0.1819540858268738 18.54796517640352 10.61194121837616 49.6074994802475 43.93081923574209 31.2650688663125 13.27724030613899 0.9875005856156349 11.93103493750095 14.61526038497686 3.578865446150303 1012.116371870041 2.252252519130707 21.15739528089762 13.18840374797583 1042.416755184531 46.11081298440695 26.32074648141861 10.5561988055706 82.07050554454327 34.34794180095196 12.30736288428307 3.918441332876682 0.3342401087284088 2.558947071433067 129.3295376300812 3.183952778577805 4.969261951744556 17.35924389213324 12.72117468714714 0.103642426431179 1.041994258761406 0.3756000325083733 1.42387617379427 2.813637748360634 15.3344304189086 26.74005302041769 8.903976768255234 58.98263719677925 2.536391705274582 65.13480389118195 6.001083768904209 41.33562605828047 3.630009181797504 8.335225492715836 6.092571794986725 10.22336097806692 4.813635677099228 37.33073165267706 486.782763466239 33.02912770211697 0 45.95164104551077 47.64960721135139 124.1785012260079 59.4477811306715 14.77729076147079 1.212513662874699 155.5155270546675 1.030610725283623 138.0759378150105 7.811962939798832 0 2.997646771371365 3.703559868037701 3.882448464632034 0.2878551632165909 4.318793073296547 0.09791117161512375 1.815147437155247 0.4181536585092545 67.79705817252398 44.25607791543007 1.774876646697521 914.9166119545698 14.62980662286282 0 14.40546103566885 75.03194887936115 4.5862075984478 19.80023159086704 7.859272755682468 21.03634250164032 21.79973088949919 50.17478995025158 28.38199838995934 58.02040547132492 158.4724468737841 74.84241393208504 24.38492529094219 108.1459631994367 238.640838727355 158.2611851766706 121.848047979176 1.094024397432804 0.2965066507458687 0 0 0 0 0 0 0 0 0.4216911569237709 0 2.575177729129791 0 2.365593656897545 0.8189543336629868 1.789410516619682 0 1.719141781330109 9.57838936150074 1.713501781225204 0 1.079441547393799 0 111.6799679473042 11.57686187326908 73.7132433205843 20.86719057708979 10.56872937083244 0 1.256963700056076 0 0 0 0 0 0 0.4488647356629372 0 0 0.398372009396553 5.342728056013584 1.166143283247948 0 0 0 1.181016869843006 3.152334302663803 5.561072237789631 0 2.328160092234612 43.82735551148653 1.178348332643509 0.1902259141206741 0.2457641363143921 0 0 0 0 0 0.6543774008750916 186.446353405714 0 0.7696972787380219 0.8613988757133484 3.109456837177277 9.52894850820303 0 6.444862455129623 0.8504351377487183 3.10834252089262 1.33319628238678 0.1186930984258652 0.8066298365592957 0 0.1212224885821342 0 0.1531853377819061 0 0.139122948050499 0 0 97.43583632260561 54.47727973014116 49.57632750272751 655.7240220159292 9.368414022028446 371.5610883310437 88.64710886031389 300.4726946651936 23.21784872561693 2.075864359736443 82.46544349938631 301.7077150344849 0 11.21854344010353 3.207341596484184 212.4405764192343 2.880396410822868 0.1340943872928619 0 4.822021961212158 3.906257092952728 537.2039175108075 107.654401563108
