331.0532366260886 2361.697403557599 554.645005390048 528.2422489821911 540.5169486030936 199.9105079770088 506.3137582316995 168.7413387969136 56.58224886655807 780.0199497416615 336.7406709268689 187.3874256983399 397.032866768539 315.3603998869658 5.63173919916153 6.834211103618145 0 0 0 0.2743186131119728 2.155135706067085 0.2152344137430191 0 0 0.5717773213982582 0.3303917497396469 0 0.7313382476568222 0.1932654231786728 0 793.0847836658359 26.51722994446754 28.74599709361792 0.1046774238348007 0.5462541878223419 1.168245360255241 29.51726781576872 2.088632360100746 0.5641312748193741 0.1119040325284004 3.350615441799164 3.099166736006737 0.9250402748584747 1.31145516782999 0.2097784429788589 0 40.85321537405252 3.370917402207851 0 0.3088112473487854 0.1751884520053864 1.052761800587177 0 0.1260964870452881 6.09385209530592 7.050691992044449 266.7215510681272 718.0545059889555 61.74765104055405 32.98399037122726 0 2.018422454595566 0.1562726944684982 25.35979085415602 3.930896356701851 3.656652815639973 2.144282251596451 1.476102434098721 0.7443973496556282 2.59945347905159 48.67112720757723 3.969660878181458 0 297.3064581602812 74.12331213802099 55.29513698071241 9.518339700996876 1.374360494315624 1.199888303875923 38.30087785422802 0 7.705815978348255 10.5326777100563 0 4.592294499278069 1.516461387276649 0.972528800368309 0 1.086814202368259 0.3237472176551819 0.1663718074560165 0.4583607465028763 2.920638829469681 1.389032907783985 0.1401660889387131 146.5916573852301 26.44009371101856 0 10.37643676996231 785.0783061385155 0.897578626871109 1.794647425413132 5.098012283444405 0 0 2.609276473522186 1.333784431219101 0.4904859364032745 3.498948961496353 6.367038324475288 0 4.774575024843216 14.41827876865864 3.391385644674301 3.009439721703529 0 0 0 0 0 0 0 0 0 0 0 0 0 0 0 0 0 0 0 0.9951324462890625 0.2335600405931473 0 0.2141879945993423 0 2.264406844973564 0 0.9307656586170197 0 0 0 0 0 0 0.169683426618576 0 0.1580101549625397 0 0 0 0 0 0 0 0 0 0 0 0 0 0 0 0 0 0 0 0 0 0 0 0 0 3.857317730784416 0 0 0 0 0.4643068909645081 0 0 0 0 0 0 0 0 0 0 0 0 0 0 0 1.400798201560974 0.3099042177200317 0.8461030423641205 282.090557448566 7.054202616214752 159.3905470967293 29.61741035431623 581.6890485137701 4.315121471881866 2.123693980276585 9.969799004495144 6.284133419394493 0 0.0963929072022438 0.269659161567688 13.30040380358696 0 0 0 0.1518120169639587 0 151.6061600893736 20.84894017875195
2361.697403557599 1837.743709817529 962.3514133915305 2464.672382421792 2342.940943807364 305.0213147029281 2482.607777453959 440.8079656288028 2571.859907381237 1401.899028293788 2261.84735660255 260.1200980246067 1689.611362520605 1273.468654982746 34.50892060995102 61.33461817353964 1.737446136772633 0.498450368642807 0.2872755005955696 0.8263372108340263 2.086156092584133 0.3451358675956726 0.4241819754242897 0.7991511821746826 0.880605548620224 0.6364888846874237 0 0.136605903506279 0 0.06927543878555298 1854.332715079188 27.06512485444546 26.43573672324419 0.2152853831648827 0.5297682136297226 1.830262303352356 19.36018504947424 3.385093785822392 0.9614669755101204 0.3933930620551109 3.351739212870598 0.6557604148983955 0.4565320834517479 5.881552428007126 0.08102414011955261 0.4886793717741966 163.5462449193001 5.831994973123074 1.102991804480553 0.964545413851738 0.8554156571626663 0.1648401021957397 0 0 7.148216538131237 9.75606232136488 200.8060628548265 681.5168754979968 63.46439959853888 62.9467940479517 0.6601666882634163 2.647373184561729 0.1357076317071915 101.5925614386797 3.434580661356449 5.287748567759991 4.102325305342674 2.802484437823296 0.7132261395454407 1.336807258427143 35.24984491616488 0.7187002152204514 0.1434245854616165 563.1411610618234 273.6421227604151 246.267817504704 75.94583541154861 16.19419358670712 1.274576917290688 57.42338080704212 0.3269195333123207 8.751559846103191 15.78022994101048 0 6.449505873024464 2.491792783141136 1.775108143687248 0 1.487948380410671 0.3224850371479988 1.025554269552231 0.5392119958996773 3.562591500580311 1.066746734082699 0.3169346004724503 57.12278623133898 7.685033187270164 0 8.75943198800087 653.1685298234224 0.5582843869924545 1.7155721783638 0.8353364318609238 0.2359922528266907 0.1286663562059402 5.609161972999573 1.46454618871212 2.736180849373341 5.468812167644501 4.136499330401421 0 7.620080925524235 10.69096463918686 3.960154324769974 3.570336759090424 0 0 0 0 0 0 0 0 0 0 0.1196052208542824 0 0 0 0.1085094586014748 0 0 0.1826285421848297 0 0 1.092700690031052 0 0.2244958877563477 0 2.729881405830383 0.1553716957569122 3.437514007091522 1.002824291586876 0.4045137017965317 0 0 0 0 0 0 0 0 0 0 0 0 0 0 0 0 0.1100913286209106 0.1290296912193298 0 0 0.1289942264556885 0.5323123633861542 0.5397407561540604 0 0 0 0 0 0 0 0 0 4.041587129235268 0.6306983679533005 0 0 0.208554595708847 2.547721743583679 0 1.330107271671295 0 0 0 0 0 0 0 0 0 0 0.0934818834066391 0.1868155375123024 0.1326362490653992 2.67167940735817 1.045567043125629 3.054836183786392 374.2870129272342 10.81856505572796 345.2589765414596 54.38406340777874 430.2951374128461 11.33005606383085 3.695015348494053 19.25926125794649 3.189898110926151 0.2831346839666367 0.2680389881134033 0 13.92339736223221 0 0 0.178555965423584 1.753951728343964 0.2363219708204269 136.0824438109994 17.05013318359852
554.645005390048 962.3514133915305 1049.514516629279 197.4988593906164 1236.056636437774 57.60181160271168 82.89839994907379 1514.134162567556 682.1328557953238 79.44860851764679 3083.676163189113 79.11213111132383 121.1018428727984 681.3876996934414 8.334215268492699 16.00293591618538 0.6642260327935219 0.1017596647143364 0 0.8199563845992088 7.374108150601387 0 1.14718871563673 0.5707464292645454 2.343672677874565 1.116768956184387 0.2265565916895866 0.9906409606337547 0 0.14634008705616 1813.212056271732 337.8520769402385 57.65262240171432 0.1364484429359436 1.766907431185246 3.592496499419212 36.63918616622686 3.906231701374054 2.439607881009579 0.6767272278666496 5.489629603922367 1.467817105352879 1.821700654923916 0.7677518799901009 0 0.1016389578580856 30.93968982249498 0.5717723295092583 0.3363518044352531 0.6228922978043556 0.334754578769207 0 0 0.4792788922786713 1.561806365847588 3.26088747382164 68.7010088711977 382.7929315641522 19.44101022928953 14.2663396820426 0.7173021584749222 1.972975820302963 0.257987804710865 124.2373570650816 0.940392442047596 0.6705289632081985 1.123864933848381 0.4984333664178848 2.630012340843678 5.176295302808285 47.40196534991264 0 0 157.406123675406 94.68292843550444 43.76994357258081 44.52549467235804 6.034090019762516 24.58837958425283 221.5290764868259 0.3290252313017845 29.80156617611647 3.582288764417171 0 1.241526916623116 0.7495488673448563 0.2022411525249481 0 0.4053298681974411 0 0.08738705515861511 0 8.751253597438335 2.363764993846416 0.4614320248365402 15.29009820520878 1.628635905683041 0 3.55640697479248 155.8216425403953 0.7383242845535278 0.9535161107778549 0 0 0 0.7132039815187454 0 0.2530233561992645 0.581343799829483 1.184062249958515 0.3795232474803925 0.9531377553939819 0.9765248820185661 1.401829235255718 0.2152619808912277 0 0 0 0 0 0 0 0 0 0 0.2476159408688545 0 0 0 0 0.2393869012594223 0 0 0 0 0 0 0 0 1.205524407327175 0 0.6375076174736023 0.1818070411682129 0 0.2502048090100288 0 0 0 0 0 0 0 0 0 0 0 0 0 0 0 0 0 0 0 0 0 0.1177423223853111 0 0 0 0 0 0 0 0 0.1283382028341293 2.69320871680975 0 0 0 0.08400550484657288 0 0 0 0 0 0 0 0 0 0 0 0 0 0 0.1018779948353767 0 0.6366138234734535 0.265733890235424 0.7086493819952011 77.29058744013309 1.679186828434467 64.4183768555522 12.16048453003168 97.55631865561008 3.001408912241459 0.9770817458629608 2.81223426759243 0.5472996383905411 0 0 0 1.464016139507294 0 0 0 0.1103009656071663 0 19.98792260885239 3.47107470035553
528.2422489821911 2464.672382421792 197.4988593906164 464.3106645643711 648.1391502320766 238.6864975392818 1130.673576802015 7.395265817642212 68.12255112081766 1337.258996188641 125.1361008286476 1110.469948962331 3247.536355264485 149.7303064092994 1.035316914319992 2.111270107328892 0 0 0 0 0 0 0 0 0 0 0 0 0 0 21.29439218342304 1.010501950979233 2.485961958765984 0 0 0 1.332510754466057 0 0 0 0 0 0 0 0 0.1490630209445953 8.941949225962162 0.7321526110172272 0 0 0 0 0 0 0.8223103284835815 0.2285129129886627 27.45780225843191 57.15718714892864 8.831017345190048 3.889194518327713 0 0.5823470130562782 0 1.305194817483425 0.3696979284286499 0.09203222393989563 0.5804669186472893 0 0.1247460097074509 0 3.330157831311226 0 0.2175593227148056 46.22333139926195 15.44504108279943 11.67877917736769 4.429917193949223 0.6256444752216339 0 0.8188945129513741 0 0.1901783794164658 1.451912209391594 0 0.185558408498764 0 0 0 0 0 0.09529875218868256 0 0 0 0 17.26981934905052 1.05696839094162 0 0.9340948238968849 263.7634902000427 0 0.3610086143016815 0.1555041670799255 0 0.2890317142009735 3.701521769165993 0.2970228940248489 0.6576683521270752 0.9409099668264389 1.458911061286926 0.5320562720298767 4.017141364514828 3.162390619516373 0.7306237891316414 1.157216906547546 0 0 0 0 0 0 0 0 0 0 0 0 0 0 0 0 0 0 0 0 0.4599562883377075 0 0 0 0.5546879321336746 0 0 0.5055813789367676 0 0 0 0 0 0 0 0 0 0 0 0 0 0 0 0 0 0 0 0 1.180150151252747 0 0 0 0 0 0 0 0 0 0 0 0 0.5546047240495682 0 0 0 0 1.723854571580887 0 0.3798614740371704 0 0.1108387485146523 0 0 0 0 0 0 0 0 0 0 0 1.612973541021347 0.2017542123794556 0.5838976800441742 63.85238852351904 1.080720044672489 31.66089989989996 5.026876695454121 195.1845071613789 1.023419037461281 0.3188707828521729 1.790535345673561 1.924196660518646 0 0.8567993193864822 0 3.809775203466415 0 0 0 0 0 70.67841447144747 6.563907727599144
540.5169486030936 2342.940943807364 1236.056636437774 648.1391502320766 2085.795312806964 52.55072163790464 1330.855901375413 164.3638367205858 4823.114234268665 992.6424661129713 903.1714792251587 182.5463968142867 485.3484673947096 899.7854557558894 38.12897062301636 97.20101968199015 2.04879654198885 0.2883792370557785 0.2956452071666718 0 0.2696088999509811 0 0 0.1170451119542122 0.08279954642057419 0 0 0 0 0 214.7483210340142 5.418554171919823 9.707087054848671 0.2537366524338722 0 0 9.308028109371662 0.2016362920403481 0.4512961208820343 0.4620333388447762 0.09289763122797012 0.2854999825358391 0.3527219370007515 6.929861448705196 0.1407827883958817 0.3711410239338875 95.13244405388832 1.584215052425861 0.8890568688511848 0.6970897614955902 0.2678909674286842 0 0 0.3265583291649818 1.841874562203884 2.41572592407465 32.0072759911418 135.3602370992303 13.18104343116283 20.99901800602674 0.4036870896816254 0.9978228136897087 0.1687343046069145 43.83166723325849 0.4756932780146599 0.6502516716718674 1.014990143477917 1.481298111379147 0.2555323243141174 0.2779678776860237 17.59035882353783 0.6794988065958023 0 182.1376667991281 115.5809464901686 144.595010958612 65.82059361040592 17.80117604136467 0.1330579668283463 5.404900893568993 0.6758503839373589 3.38206622004509 3.571826852858067 0 1.701212771236897 0.6053990423679352 0.5371951907873154 0 0.2633530721068382 0 0 0 0.1802193745970726 0.1948839426040649 0.2098747491836548 18.51932998001575 4.719258248806 0 5.815553531050682 19.44973351806402 0.4613118767738342 1.129271283745766 0.4666345119476318 1.435767367482185 0 11.24662107229233 0.9124137610197067 0.9023802727460861 3.693431690335274 4.604840457439423 0.5446160137653351 6.358228161931038 11.85619825124741 4.140519365668297 5.761877857148647 0 0 0 0 0 0 0 0.1257424801588058 0 0 0.1250337213277817 0 0.283061146736145 0 0 0 0 0 0 0.8878109753131866 1.017115205526352 0 0 0 8.376884192228317 1.337713666260242 7.337332583963871 1.604560643434525 0.5631546229124069 0 0 0 0 0.1540748327970505 0 0 0 0 0 0 0 0 0 0 0 0 0 0 0.3248035609722137 0.1009365320205688 0 3.499936521053314 0 0 0 0 0 0 0 0 0 9.845883026719093 0 0 0 0 1.461422175168991 0 1.358226254582405 0.4911597669124603 0.2703894972801208 0 0 0 0 0 0 0 0 0 0 0 7.770918242633343 1.53253086656332 5.172685414552689 254.6555169820786 5.30479983240366 154.7952309772372 30.56773693114519 28.90682866424322 10.31907775998116 1.766822554171085 10.81740453839302 6.532405003905296 0 0.4081167578697205 0.2262125313282013 2.970540285110474 0.319830983877182 0 1.099938079714775 2.617845803499222 0.2201774120330811 25.26966321468353 12.31966823339462
199.9105079770088 305.0213147029281 57.60181160271168 238.6864975392818 52.55072163790464 0.5443779230117798 93.38775856047869 5.654308415949345 7.931079611182213 716.0501353591681 31.93797855079174 145.4263312146068 157.1427768990397 27.89650400727987 0.3363791257143021 0.8767956644296646 0 0 0 0 0 2.066017985343933 0 0 0 0.2354757338762283 0 0 0 0 71.46413437277079 0.9309815615415573 20.61062143743038 0 0 0 57.5630322471261 0.2083359509706497 1.437649309635162 0 0 0.1624110341072083 0 0 0 0 3.410688050091267 0.1334251761436462 0 0 0.1671040058135986 7.04923403263092 0 0.136720284819603 1.359830722212791 0.6620497927069664 155.5069317594171 115.0759499892592 15.45566202700138 2.200671508908272 0.2258637882769108 2.148511976003647 0.2273030057549477 0.3488245606422424 0.2011251524090767 0 0.2777190878987312 0.2679830193519592 0 0 134.2184052020311 35.54342564940453 0.7815523892641068 26.67487671971321 3.403253130614758 1.387188002467155 0.8516679257154465 0 0 3.542363092303276 0.1262737661600113 1.152584731578827 1.512396961450577 0 0.5187560990452766 0 0.264317162334919 0.09666982293128967 0.6323871836066246 1.319244667887688 0.2230130881071091 1.088564723730087 0.331989198923111 0.5413510128855705 1.530191466212273 264.4055726230145 174.8370008170605 1.681971609592438 62.08182280510664 317.5943274796009 0 0.94612717628479 0 0.7588338255882263 0 1.172918394207954 1.562264397740364 0 3.204585343599319 4.322133123874664 0 2.268906265497208 3.118506878614426 2.368788316845894 0.9555969834327698 0 0 0 0 0 0 0 0 0 0 0 0 0 0 0 0 0 0 0 0 0 0 0 0 0.3189302235841751 0 0.1403990387916565 0 0 0 0 0 0 0 0 0 0 0 0 0 0 0 0 0 0 0 0 0 2.256070896983147 0 0 0 0 0 0 0 0 0 0 0 0 0.5498204901814461 0 0 0 0 0 0 0 0 0 0 0 0 0 0 0 0 0 0 0 0 1.503503516316414 0 0 48.23622291535139 0.5771303176879883 18.02203378081322 4.117777526378632 194.2756250798702 1.025099478662014 0.2007441744208336 1.080722980201244 0.4279974699020386 0 0 0 9.125786140561104 0 0 0 0 0 51.54959534108639 14.72474443912506
506.3137582316995 2482.607777453959 82.89839994907379 1130.673576802015 1330.855901375413 93.38775856047869 940.1825382038951 25.45588220655918 1540.701944984496 2312.59186424315 197.5221659690142 1030.690439715981 4907.00205282867 1811.685631223023 37.3862911388278 76.77121479809284 0.911311998963356 0.5130282640457153 0.236570231616497 0.2158662602305412 0.4454341381788254 0 0 0.09284148365259171 0 0 0.1034526973962784 0 0.1125320121645927 0 47.03592299669981 0.9954178184270859 8.622499749064445 0.2792179957032204 0.2130088210105896 0 13.02982247620821 0.3388491123914719 0.3613355681300163 0.2908984199166298 0.1220109835267067 0 0.348705843091011 6.227787017822266 0.3267420828342438 0.1526066958904266 98.41143184155226 2.148429878056049 0.1049539670348167 0.2646770924329758 0.3846931755542755 0 0.1050780043005943 0 1.277459323406219 3.177948519587517 50.20255273580551 130.4780565425754 19.12665662914515 24.42108172923326 0.4627672806382179 0.598551832139492 0.1716364175081253 28.40637719631195 1.497727997601032 1.214548692107201 1.391643784940243 1.134417831897736 0.07588626444339752 0 22.78298822045326 0.187125951051712 0 213.3209833055735 111.6104814112186 151.5901429727674 61.63759313523769 17.0849147811532 0.09397736936807632 4.898843258619308 0.6203026250004768 4.593342565000057 2.748871803283691 0 2.20538417249918 1.212779171764851 0.6577796936035156 0 0.4325480312108994 0 0.1662406548857689 0 0 0 0.1127519682049751 36.9633978754282 7.587644323706627 0 7.25222735106945 43.76577080786228 0 5.818731620907784 1.961104393005371 0.7770721018314362 0.9759754240512848 11.38510018587112 1.784892320632935 1.748339504003525 6.575351528823376 12.88717515766621 1.289461612701416 13.42556738853455 36.79515835642815 8.677969083189964 7.686838693916798 0 0 0 0 0 0 0 0 0 0 0 0 0 0 0 0 0 0 0 1.311809778213501 4.235508009791374 0 0 0 16.2679219096899 1.967923805117607 14.27390184253454 1.557327777147293 0.194536417722702 0 0 0 0.1209736466407776 1.497348964214325 0 0 0 0.2066248655319214 0 0 0 0 0 0 0 0 0.39631587266922 0.5773158073425293 0.5060226321220398 0.7002830356359482 0.2711230516433716 6.610910162329674 0 0 0.1425015479326248 0 0.09188655018806458 0 0 0 0 15.65655091404915 0.4160033762454987 0 0 0 5.960436016321182 1.576196074485779 2.846066117286682 0.3024394512176514 0 0 0 1.177662312984467 0 0 0 0 0 0 0 0 13.44606812298298 1.291074231266975 6.905966565012932 291.686099268496 5.953905038535595 190.9475090056658 34.31438360363245 87.68785777688026 9.351153410971165 1.574944563210011 10.94197782129049 4.598237283527851 0 1.582024641335011 0 5.322316914796829 0.2842973917722702 0.7404130697250366 0.850632518529892 1.433418281376362 0.1947841048240662 98.36812990903854 35.74978572875261
168.7413387969136 440.8079656288028 1514.134162567556 7.395265817642212 164.3638367205858 5.654308415949345 25.45588220655918 549.2583896443248 164.1069594919682 7.197407364845276 2521.918844893575 109.3140333220363 226.1766498237848 1247.980921983719 7.995239764451981 20.88565964996815 0.4831657111644745 0.07731501013040543 0 1.834410712122917 14.66280836611986 0.6488972902297974 1.951981946825981 0.9381158500909805 4.218086466193199 2.503813676536083 0 0.4457890093326569 0 0 1806.626270368695 2711.475245453417 182.7078327313066 0.5701816082000732 3.190582223236561 11.58303176611662 78.12867572903633 10.83700257539749 5.574886336922646 1.246757812798023 9.245103612542152 1.652935802936554 6.015097044408321 1.356941729784012 0.1829945147037506 0.2430797666311264 19.25868070870638 0.8440162539482117 0.1214277446269989 0.9824810922145844 0.3713323026895523 0.2409155368804932 0 0.5724311023950577 0.5576489493250847 0.6994707584381104 22.02407209575176 227.9385497644544 6.652750007808208 5.451421566307545 3.514422051608562 8.711049646139145 0.4614514037966728 834.4186628237367 0.07304604351520538 0.5319468826055527 0.6501952335238457 0.4115295633673668 2.798470936715603 13.34558986127377 69.05148213356733 0.1996134221553802 0.122545026242733 78.61339750885963 100.1056696251035 37.05364068597555 303.5048000216484 108.7761046811938 795.7587786242366 1052.888779118657 14.65784347802401 635.3459442034364 1.648766562342644 0 0.381698302924633 0 0.3195340260863304 0 0.3242603912949562 0 0 0.07130167633295059 23.29258843511343 1.298637054860592 1.56826113909483 4.781443901360035 0 0 3.345886334776878 19.97955591976643 0 0 0 0.511162281036377 0.1704338937997818 0.2784304916858673 0 0 0.1828721314668655 0 0 0 0.2700597569346428 0.2717098295688629 0.2268071472644806 0 0 0 0 0 0 0 0 0 0 0 0 0 0.149170771241188 0 0 0 0.4708075225353241 0 0 0 0 0 0 0.4010932892560959 0 1.531880408525467 0 0 0 0 0 0 0 0 0 0 0 0 0 0 0 0.1284395903348923 0 0 0 0 0 0 0 0 0 0 0 0 0 0 0 0 0 0 0.853143498301506 0 0 0 0.169795885682106 0 0 0 0 0 0 0 0 0 0 0 0 0 0.154881626367569 0 0 0.1845357418060303 0.5709918737411499 0.1193412616848946 32.65389105677605 2.855845227837563 39.38367365300655 6.249733507633209 13.88909934461117 1.980242505669594 0.2807253375649452 1.476198494434357 0.3969720751047134 0 0 0 0 0 0 0 0.5671925470232964 0 6.133286900818348 1.015328049659729
56.58224886655807 2571.859907381237 682.1328557953238 68.12255112081766 4823.114234268665 7.931079611182213 1540.701944984496 164.1069594919682 769.2417713403702 250.7408398538828 1353.04629059881 98.74731328338385 1294.872096300125 2326.018162429333 15.60069340467453 46.93786096572876 0.5546641424298286 0 0.1384443342685699 0.09254777431488037 0 0.1157009974122047 0 0 0 0 0 0 0 0 73.70091500878334 1.183780580759048 3.708271309733391 0.1803538724780083 0 0 5.187558546662331 0.1414023637771606 0 0.166269913315773 0.09815817326307297 0 0 2.880093216896057 0.359525240957737 0.2168002799153328 26.8622649461031 0.7185450568795204 0.1374557763338089 0 0 0 0 0 0.2695841044187546 0.5011435598134995 5.454591311514378 27.74593735486269 2.721872471272945 5.342393778264523 0 0.6767024397850037 0 7.840607702732086 0.2104296907782555 0.4328593909740448 0.336820475757122 0.1047725453972816 0 0 11.3572164401412 0.4356451332569122 0 38.91773749887943 27.01008281111717 42.84712648391724 18.57767608761787 7.652291752398014 0.2435593605041504 4.324695639312267 0 0.8389485776424408 0.6888786554336548 0 0.279996745288372 0 0 0 0 0 0.08417022973299026 0 0.7980392575263977 0.1014812886714935 0.2061881050467491 9.161597043275833 3.247412502765656 0 1.421526119112968 5.674102365970612 0 0.9841554164886475 0.6741459965705872 0 0 5.041804447770119 0.5738623738288879 0.5994579792022705 2.088678956031799 3.517743468284607 0.3552347421646118 3.183107174932957 7.716499924659729 2.396836027503014 2.053156733512878 0 0 0 0 0 0 0 0 0 0 0 0 0 0 0 0 0 0 0 0 0 0 0 0 3.686139240860939 0 5.633651480078697 0.1182945519685745 0 0 0 0 0 0 0 0 0 0 0 0 0 0 0 0 0 0 0.09678912907838821 0 0 0 0.4828106164932251 0.6801650524139404 0 0 0 0 0 0 0 0 0 3.897547498345375 0 0 0 0 0.590727686882019 0 1.354327097535133 0.0959765613079071 0 0.2245411574840546 0 0.1953855156898499 0 0 0 0 0 0 0 0 5.789333790540695 0.5648335516452789 2.182322442531586 110.5838018506765 2.12177637219429 43.12998583912849 10.12041968107224 5.97946172952652 3.874165609478951 0.4015965983271599 5.39995800703764 0.7276300191879272 0 0 0.161059558391571 3.632513210177422 0 0 0 2.180291011929512 0 13.60738704353571 8.786840260028839
780.0199497416615 1401.899028293788 79.44860851764679 1337.258996188641 992.6424661129713 716.0501353591681 2312.59186424315 7.197407364845276 250.7408398538828 1540.641348950565 131.1405592411757 1510.990897506475 5534.10084669292 466.0956213027239 20.78399550914764 46.28196685761213 1.250435382127762 0.1121663004159927 0.2268719524145126 0.09782508015632629 0 0.8163985013961792 0 0 0 0 0 0 0 0 38.05912555009127 5.512095257639885 41.21860083192587 0 0 0 78.49902103841305 0.1981531083583832 1.409858599305153 0.1343556791543961 0 0.2136864811182022 0.2094843685626984 4.317012585699558 0.2118174806237221 0.1129640713334084 75.60841655731201 1.857739359140396 0.2122798413038254 0.4749485105276108 0.3596131503582001 0.5704673379659653 0 0 2.435249783098698 3.332620166242123 66.41118942201138 128.4723247438669 19.86399149894714 17.27928823232651 0.1099035069346428 2.883245304226875 0.1148050352931023 12.53673787415028 1.382972173392773 1.273762539029121 0.8009893968701363 0.4535952880978584 0.2122680395841599 0.1882015615701675 281.9076775684953 4.191292300820351 0 149.5691614672542 59.0942994132638 99.31980213522911 35.18971638381481 8.559675388038158 0 3.461797773838043 0 0.9280605837702751 4.998665764927864 0 1.65308902412653 1.236877299845219 0.5308747440576553 0 0.3191265389323235 0.1249412000179291 0.2083895653486252 0 0.2775726392865181 0.1143413260579109 0.2610475942492485 420.0373265296221 28.44418102502823 0 16.25019945204258 380.2994770035148 0.905379444360733 23.54747769981623 4.7783322930336 4.994094505906105 2.595892935991287 61.19434650987387 12.79800751805305 10.38604067265987 40.00217569619417 71.79471402615309 3.757792681455612 57.12928069382906 129.6869185939431 30.19862316548824 27.4447021111846 0 0 0 0 0 0 0 0 0 0 0 0 0 0 0 0 0 0 0 1.312126442790031 4.132595807313919 0 0 0 28.46765671670437 2.980973064899445 11.97292567044497 2.426361441612244 1.677683472633362 0 0 0 0.1012867242097855 0.1405778527259827 0 0 0 0 0 0 0 0 0 0.3196620643138885 0.2769612371921539 0 0.8374961316585541 0.333302915096283 4.930046916007996 0.4672398045659065 0 11.8578100502491 0 0 0 0 0.09462349116802216 0 0 0 0 44.58358701318502 0.1556921452283859 0 0 0 8.815352000296116 0.3234609067440033 6.885432794690132 0.2335254997014999 0 0.3454796746373177 0.2802065014839172 0 0 0 0.114660456776619 0 0.1684789210557938 0 0 0 33.97437804937363 3.948045179247856 8.252076983451843 650.3732253238559 5.083937123417854 165.4618621245027 30.37544132769108 344.1012636721134 9.008175179362297 0.6826038956642151 10.91378151625395 20.15151736140251 0 1.498167596757412 0.8042880445718765 100.2695541903377 1.092265158891678 0 0.1375909149646759 1.575678154826164 0 936.8474204689264 274.0484030991793
336.7406709268689 2261.84735660255 3083.676163189113 125.1361008286476 903.1714792251587 31.93797855079174 197.5221659690142 2521.918844893575 1353.04629059881 131.1405592411757 523.2031873241067 370.1801339313388 1000.517550781369 5949.176559485495 50.52455168962479 137.6345488280058 2.841862440109253 0.4477215334773064 0.3557073995471001 0.3799272477626801 0.909611389040947 0 0 0 1.61670646071434 0.4420711249113083 0 0.3593199551105499 0.1190267726778984 0 1187.90007930249 225.1814224347472 388.672795265913 0.1683711260557175 0.4128618985414505 3.27483557164669 188.084222830832 16.04291144013405 9.819367319345474 2.282279498875141 2.54806849360466 1.524482540786266 0.6042960807681084 11.06887176632881 0.4643150493502617 0.7995841950178146 77.5110484585166 1.045496016740799 1.191967517137527 0.2382816001772881 0.2767392918467522 0 0 0.7783024311065674 1.18884215503931 1.997005574405193 49.12123127281666 274.5091854557395 16.44941475242376 19.51020965725183 0.7579143941402435 9.872949987649918 0.9056254848837852 102.3002441599965 0.6583365872502327 0.7095218524336815 0.7933865711092949 0.7424056157469749 0.36252111941576 1.323157876729965 214.0227436870337 0.75580133497715 0.3612116575241089 218.4832518622279 160.8580537736416 167.6838306710124 79.14466717094183 26.65312120318413 117.0938086509705 659.8884849250317 0.5516650751233101 32.08187329024076 3.329572394490242 0 2.360909573733807 0.8207893148064613 0.904081717133522 0 0 0 0.2884228751063347 0.1310522556304932 3.636582665145397 0.8383712768554688 0.2544044777750969 13.24287337064743 2.622889846563339 0 5.39385437220335 33.87058328092098 0 0.12619549036026 0 0 0.3270318210124969 0.5004953891038895 0 0.3769119679927826 1.257009267807007 1.212822169065475 0 0.7599631026387215 2.242220379412174 1.216840423643589 0.8402168452739716 0 0.1412287056446075 0 0 0 0 0 0.1606174260377884 0 0 0 0 0.2813482582569122 0 0 0 0 0.1098269820213318 0 0 0 0 0 0.1046822145581245 3.460542403161526 0 2.583890981972218 0.6013887971639633 0.9123900532722473 0 0 0 0 0 0 0 0 0 0 0.1082548648118973 0 0 0.1076342016458511 0 0 0 0 0 0 0.2290793657302856 0 1.463178381323814 0 0 0 0 0 0 0 0 0 2.97170103341341 0.09506720304489136 0 0 0 0.2636018842458725 0 0.4834897816181183 0.5720602571964264 0 0 0 0 0 0 0 0 0 0.121828518807888 0 0 1.782202512025833 1.189404293894768 1.877962537109852 193.9909159019589 4.151623956859112 144.3399060666561 30.63107019662857 30.93301399052143 8.975831493735313 0.6555871963500977 12.74027755856514 1.492381975054741 0 0 0.1273101270198822 2.008921444416046 0 0 0.3936582207679749 2.081721901893616 0 11.45110598951578 3.742133773863316
187.3874256983399 260.1200980246067 79.11213111132383 1110.469948962331 182.5463968142867 145.4263312146068 1030.690439715981 109.3140333220363 98.74731328338385 1510.990897506475 370.1801339313388 60.11468806862831 1297.889437884092 679.5441941022873 75.82454278320074 168.0604938343167 4.688021898269653 0.666155569255352 0.86342853307724 0.2866728752851486 0.7671432644128799 1.862372219562531 0 0.1710175573825836 2.797545589506626 1.071159169077873 0.2639805600047112 1.767007023096085 0 0.1166843771934509 92.66865518689156 5.758933067321777 229.151188082993 0.6680228859186172 0.350181832909584 2.851480610668659 294.9831723496318 18.83075538277626 45.49448443949223 4.464427694678307 3.584135569632053 2.165825441479683 0.3376589938998222 9.690677464008331 0.6023827195167542 1.283630199730396 71.13993290811777 0.6862844154238701 2.141856513917446 0.3575286343693733 0.07950154691934586 1.478609949350357 0 2.542712226510048 0.3694597259163857 0.846961222589016 14.65498661249876 42.43499808758497 5.511745922267437 8.472788639366627 0.3200896978378296 2.363246835768223 1.560271844267845 10.50805572420359 0.2910603135824203 0.2250632643699646 0.3080473020672798 0.4165094643831253 1.049819558858871 2.356048010289669 419.5118277519941 4.245758056640625 0.166803166270256 66.98021261394024 32.70969545841217 95.0892603546381 42.23515934497118 24.42467100918293 2.463297232985497 53.38196703791618 0.9390303567051888 5.28242439776659 0.7156427353620529 0 0.2806110605597496 0.4427247047424316 0.1072266474366188 0 0.3116519302129745 0.2927050292491913 0 0.1469438672065735 3.120003156363964 2.44277798384428 0.7308411151170731 549.8008084446192 20.69695539027452 0 63.69842772930861 40.96363151818514 3.81371097266674 19.19922180473804 15.50712122023106 10.35732437670231 8.803997032344341 124.9558574482799 16.6399172693491 18.39313384145498 68.11228422820568 98.62366909533739 8.783714070916176 104.7509866282344 247.1512312889099 67.54049771279097 65.80098184943199 0.3252969309687614 0.3710328862071037 0 0.7668952941894531 0 0 0 0 0 0 0.2986304610967636 0 0 0 0 0 0.1274491846561432 0 0 4.296340525150299 17.668630823493 0 0.1889638006687164 0 90.85175458341837 7.741423435509205 73.99220157414675 3.804801166057587 2.603303894400597 0.3023368418216705 0.33969946205616 0 0 0 0 0.4182999730110168 1.091701254248619 2.180078133940697 0 0.3684157729148865 0.1241933032870293 0.1161424145102501 0 0 0 0.1198002249002457 2.946917451918125 0.7081031501293182 2.426765747368336 1.55373553186655 5.298513993620872 42.13984329998493 0.4617699086666107 0 0.503274604678154 0 0 0 0 0 0 108.7840102985501 0.4804370403289795 0 0 0 32.57230371236801 1.768262088298798 15.83873543143272 5.670564137399197 2.264171704649925 2.012118682265282 0.4022660255432129 0.5654591992497444 0 0 0.1622095108032227 0 0.09166523814201355 0 0 0 106.6729302257299 16.26662848889828 35.00769823789597 631.7420163154602 11.58484526723623 183.5108431503177 65.47567632049322 52.24206558614969 13.6611362695694 1.396553352475166 22.84129732102156 32.44627494364977 0.2809117138385773 15.5311698615551 2.644077554345131 114.9039735198021 1.489738181233406 0 0.4484145939350128 9.336001873016357 1.768917441368103 487.5771537274122 318.5935418307781
397.032866768539 1689.611362520605 121.1018428727984 3247.536355264485 485.3484673947096 157.1427768990397 4907.00205282867 226.1766498237848 1294.872096300125 5534.10084669292 1000.517550781369 1297.889437884092 3970.700693175197 6415.428192526102 112.802547596395 306.0539288073778 5.402721725404263 0.1480896919965744 0.2726534977555275 0.4242111071944237 0.5058756619691849 0 0.1067718788981438 0 1.48882083594799 0.1845292896032333 0.1271616220474243 0.6759997382760048 0.3154173195362091 0 101.0433547869325 8.989670634269714 115.7908724620938 0.4329884648323059 0.6141702830791473 2.684137582778931 216.0374736487865 4.340183772146702 6.867762856185436 1.748920328915119 1.81919452548027 0.4000982418656349 1.404417864978313 18.89867936819792 0.3600535690784454 1.408710956573486 134.6260479837656 0.5932392328977585 2.820385187864304 0.7953917011618614 0 0 0 0 2.389181308448315 1.795165248215199 34.67973458021879 97.02097178250551 14.1800005286932 23.21688587218523 1.138267330825329 2.957929857075214 0.2841696739196777 26.52109521627426 0.4696403965353966 1.341595999896526 0.280620314180851 0.4942607283592224 0.2427599504590034 0.2532770335674286 208.6994423419237 3.998483940958977 0 179.7180571779609 99.36452570557594 214.8315530195832 108.9458646997809 47.44431757926941 2.243097625672817 83.49067147821188 0.8752215206623077 8.427606575191021 3.040289029479027 0 1.392849572002888 0.7212167158722878 0.6125323548913002 0 0.1724873408675194 0 0 0 1.98780170083046 2.0595498457551 0.3248762637376785 277.9219977259636 21.05705758929253 0 27.98020464926958 56.35996828973293 1.611064016819 24.26786123216152 15.53796772658825 10.05528621375561 11.29020255059004 128.3099999949336 13.44397603720427 14.73587986826897 70.91171929985285 113.8492763340473 8.192352265119553 106.0822833180428 275.1100620552897 76.77709244191647 73.78799806535244 0.7918323129415512 0 0 0.2251460701227188 0 0 0 0 0 0.1732750833034515 0 0 0.5563268065452576 0 0 0.1103944778442383 0 0 0 5.755354553461075 22.26627420634031 0 0.981306292116642 0 124.8166124001145 13.35981440544128 98.5490785241127 11.8327594101429 2.109756290912628 0 0 0 0.1542318016290665 0.9225921779870987 0.1189199164509773 0 0.5348877012729645 1.872311890125275 0 0.3784308433532715 0.3696489334106445 0 0.2726642340421677 0 0 0 1.836638018488884 2.623867034912109 2.361182391643524 0.8106712996959686 3.769093677401543 50.26465517282486 0 0.08706914633512497 0.2673303931951523 0 0 0 0 0 0.1351265460252762 132.2843648791313 0.7502059042453766 0 0 0 47.98568385839462 2.819711178541183 23.20289470255375 6.91230284422636 0.9782807677984238 1.998756371438503 0.10992082208395 0.4463937357068062 0 0 0 0 0 0 0 0 103.0618657246232 16.08114510029554 53.62513913959265 985.7354148849845 11.93974993377924 306.6225360631943 97.10292835533619 90.31611482799053 23.44112282246351 6.169492095708847 38.56744852662086 53.748172134161 0.5155775547027588 10.59729480743408 2.038469180464745 128.8463896661997 2.275263756513596 0 3.070302337408066 10.64497094601393 3.200466930866241 444.9451194554567 311.6094706580043
315.3603998869658 1273.468654982746 681.3876996934414 149.7303064092994 899.7854557558894 27.89650400727987 1811.685631223023 1247.980921983719 2326.018162429333 466.0956213027239 5949.176559485495 679.5441941022873 6415.428192526102 2450.861098684371 137.2491376176476 335.6376822367311 5.388384252786636 0.769907221198082 0.4178885743021965 0.5731563121080399 2.773974820971489 0.1377694010734558 0.5990613251924515 1.491062521934509 6.834794357419014 3.003923207521439 0.5384267643094063 5.052043475210667 0.1766332238912582 0.3195886388421059 616.4975215345621 67.76480623334646 1192.317356161773 0.5720137655735016 1.284039035439491 12.90718383342028 888.9004742652178 39.73902594298124 24.07609859853983 7.590895734727383 8.585473611950874 5.438281893730164 1.305444434285164 21.45606538653374 0.9929810091853142 1.880901947617531 129.5698961615562 0.9268839284777641 3.367413245141506 1.324084997177124 0.6520318910479546 0.8277601003646851 0 7.13360758125782 2.508519805967808 0.6438560411334038 25.79536924511194 148.4630245044827 10.09731192141771 22.00458305329084 2.373875223100185 37.81167330592871 0.6155818253755569 70.32579999417067 0.5544204562902451 1.069630086421967 0.9319795072078705 1.095807939767838 0.7633490711450577 3.149171248078346 758.9074271172285 1.90396673977375 0.1222632080316544 166.7352233827114 130.8706433922052 227.8667008727789 121.54290676862 52.56803518533707 63.27795118093491 708.0248151868582 2.284261167049408 211.0438421219587 3.307140685617924 0.09454500675201416 1.704883836209774 0.3247209116816521 0.6004788354039192 0 0.2541671022772789 0 0.2435370460152626 0 10.34064956754446 4.990456975996494 1.9265001937747 142.0883921384811 12.95453993231058 0.9927617311477661 26.49569548666477 23.80969348549843 0.5032375454902649 3.997710652649403 3.727150373160839 1.435272261500359 2.673876583576202 31.47687385231256 2.613993406295776 3.854804649949074 15.46196561306715 23.34295501559973 2.95784267783165 19.5668735280633 68.19009248912334 23.87757398188114 15.7295700237155 0.1210930868983269 0.1024240925908089 0 0.1257219463586807 1.009050011634827 0 0 0 0 0.3394560217857361 0 0 0 0 0 0.09986612200737 0 0 0 0.9160570651292801 5.05987223982811 0 0.563513457775116 0 37.55054287612438 1.698146268725395 33.32224933803082 6.162529893219471 0.9735552668571472 0.2956027090549469 0 0.1250196248292923 0 0.4561649560928345 0.1702610403299332 0.1205999702215195 0.4712717980146408 0.4032687842845917 0 0 0 0.08734482526779175 0.3224698454141617 0 0 0 0.6668034940958023 0.4151890426874161 0.8456872254610062 0.8085071891546249 0.4160512909293175 15.8944651260972 0.2903247177600861 0 0 0 0 0 0 0 0.1465011388063431 46.43907684087753 0.7411731034517288 0 0.1015801504254341 0.4112803563475609 13.92847178131342 0.3106778562068939 6.249409645795822 1.475883036851883 0 0.6679091155529022 0.12298583984375 0 0 0 0 0 0.183878555893898 0 0.1153461411595345 0 33.41064943373203 8.243617527186871 21.8074893951416 699.7520783022046 13.18514274805784 296.7204056382179 83.31373231112957 47.81373073905706 19.87584384530783 1.624957166612148 33.99503234028816 16.83984326571226 0 4.945731662213802 0.5831847861409187 30.00935830175877 0.9869004040956497 0 0.2824064791202545 14.80403111875057 1.110908567905426 64.04129936546087 71.13916698098183
5.63173919916153 34.50892060995102 8.334215268492699 1.035316914319992 38.12897062301636 0.3363791257143021 37.3862911388278 7.995239764451981 15.60069340467453 20.78399550914764 50.52455168962479 75.82454278320074 112.802547596395 137.2491376176476 323.8397835716605 1116.686021052301 641.2683957442641 15.8192785307765 80.59385870397091 6.470556490123272 4.041081786155701 0.1111655384302139 0.8901010230183601 0.2565540373325348 45.1880245283246 1.617826290428638 1.215085364878178 2.659853473305702 1.527436032891273 1.035694271326065 7.081510156393051 2.521511599421501 95.93280099332333 35.16175808757544 6.30062635242939 17.87540449202061 110.3958192318678 97.9978511929512 91.84533113241196 63.18619521707296 5.920449733734131 2.43835012614727 12.2969903498888 352.1771981567144 183.1349924355745 60.49446565657854 412.111223295331 2.759907782077789 35.06796175986528 26.32945159822702 0.6080146878957748 0.1397797167301178 1.521511405706406 1.127683848142624 0.8560648113489151 0.5267598778009415 0.5009231269359589 3.559456333518028 7.092580713331699 241.1842347979546 47.45182926207781 103.804873354733 16.19645092636347 1.71745815128088 0.6823547706007957 0.6486299782991409 0.5344131588935852 2.991584815084934 6.905793718993664 2.396982096135616 69.27023410052061 3.982529640197754 0 270.3536505028605 2.254079140722752 1036.135196126997 65.56614279747009 53.36391118913889 2.745201274752617 113.6277182996273 12.2263290733099 241.9872722327709 4.63834572583437 0 1.720784299075603 0.3352916464209557 5.207062780857086 0 0.2428205385804176 0 0.1105863228440285 0.3839616775512695 7.271415919065475 2.077752880752087 1.760631017386913 11.95870891958475 43.49456992000341 0 119.4915855228901 1.799220338463783 0 0.1238891705870628 0 0 0 0.1675640046596527 0 0 0 0 0.5367761254310608 1.266005769371986 1.647760331630707 0.4202364981174469 0.7475107684731483 0.399155892431736 0.3633774891495705 0 0.4511962085962296 0 0 0 0 0 0.1808882057666779 0.1169258058071136 0 1.938342645764351 0 0 0 1.623107366263866 0.1471420526504517 0.1870343461632729 0 0.3662680089473724 0.6193898543715477 1.373684160411358 0.7339734882116318 5.82053255289793 3.425166703760624 13.24881136417389 11.41236757487059 8.463207677006721 0.3515655025839806 0.1477426141500473 0 0.1042625606060028 1.141090668737888 2.114143773913383 0 0 0.1763276308774948 0 0 0.2528710961341858 1.763049706816673 0 0 0 0 0 0 0 3.626806564629078 1.187034718692303 1.849210441112518 0 0 0 0 0 0 0 0 0 2.344235852360725 2.554790325462818 0 0 0.1081249490380287 0.3314860016107559 0.3382207453250885 0.3735946044325829 0.4412773251533508 0.5595793649554253 0.606365866959095 0 0.9176669716835022 0 0 0 0 0 0 0 0 0.5618845969438553 3.190148554742336 13.46230360865593 231.1357836201787 19.76615799963474 389.3420668691397 66.55380719155073 12.22364351153374 15.80776910483837 0.2375845611095428 17.53190323710442 9.001947842538357 0 1.876477666199207 0.6461035013198853 2.216867536306381 0.6622925400733948 0 0.4510830938816071 3.252199724316597 1.599597245454788 9.438199833035469 5.535604909062386
