679.0935655906796 1081.259165525436 660.1389244645834 1412.278218321502 48.88337071985006 228.5672794058919 74.3070827499032 282.145512022078 5.302697405219078 40.76549202948809 126.8937956318259 7.880816847085953 44.16435801237822 106.4494153931737 40.11705269664526 2.836645491421223 1.861992135643959 0.7469677999615669 0.8296363651752472 0.8580024912953377 3.478787586092949 0.7617849931120872 4.52678620070219 4.049500659108162 1.589010559022427 9.414204902946949 1.284159570932388 6.391454756259918 2.603355452418327 0.2794623076915741 2613.3361922279 80.83881125599146 24.21764463186264 1.115988351404667 2.544113971292973 0.5236493647098541 14.2688631862402 2.855545826256275 4.165918007493019 0.5807848274707794 8.247877344489098 3.384294874966145 1.155505381524563 1.801402226090431 0.7706546112895012 0.5185855180025101 159.4359343275428 9.044441342353821 2.321248814463615 1.43601156026125 1.029749915003777 0.6617992594838142 0.6165222153067589 1.984465189278126 3.16186349093914 9.299898840487003 146.4341347590089 798.5142452046275 56.6159753203392 136.2285234704614 3.839097432792187 3.587794996798038 0.2537568137049675 261.5571307465434 9.602519609034061 2.834336496889591 1.754521533846855 0.8487385287880898 4.605017073452473 5.744546100497246 30.78087802231312 7.108126081526279 0.289977639913559 464.4332317784429 539.800748154521 247.6408145725727 69.0532660856843 5.321312695741653 10.22391953319311 69.20493673533201 2.624063596129417 13.60993669182062 22.79982558637857 0 1.818199276924133 1.668591074645519 0.4240987971425056 0.2473821565508842 1.014582678675652 0.1301894336938858 0.6922167912125587 0.410125806927681 5.562718100845814 5.910518191754818 0.8577472642064095 72.84950952976942 21.54790840297937 0.4030313193798065 7.4163419008255 438.2159912511706 11.41969925165176 6.477672226727009 16.52870512008667 0.5571991801261902 41.20396436005831 14.33345890790224 13.67578703165054 6.693156272172928 8.080675899982452 11.5596978738904 11.37582351267338 44.42239151149988 15.60173499584198 19.80786110460758 22.20259521156549 0.6005196198821068 1.222417503595352 0.09996287524700165 0.09834931045770645 0 0 0 0.1129251793026924 0 0 0.2144614085555077 0 0.0752108171582222 0 0 0.2348916009068489 0 1.52094042301178 0 41.37720000743866 7.573472395539284 0 0 0 12.93933281302452 2.701672852039337 20.31954634934664 3.193760439753532 0.1375586688518524 0 0 0 0 0.3298153132200241 0 0 0.3345146030187607 1.041943088173866 0 0 0 0.9376437589526176 0.5886488780379295 0.5326740145683289 0 0.08947702497243881 2.042545646429062 2.85204453766346 0.2200547009706497 0.8505886197090149 0.1218130961060524 6.607445918023586 10.52728427201509 0.2766482681035995 0.3496425449848175 0.1269939392805099 0 0.5164781212806702 0 0 0 17.87407480180264 1.246006995439529 0.4371376931667328 0.09578053653240204 0.08622985333204269 3.222746975719929 2.376561686396599 1.526746094226837 1.944015689194202 3.854998104274273 0.7849531099200249 0 0.2391228303313255 0 0.1584961265325546 0 0 0.143240675330162 0 0 0.1296700090169907 6.995983123779297 10.81200022995472 10.81251036375761 359.4370207861066 18.58313427120447 498.9126354828477 76.1273500174284 316.9439552053809 53.95434564352036 3.267029851675034 13.85424192994833 14.83876425027847 0 5.316597819328308 1.157135926187038 12.51804629713297 4.412971317768097 0.2547959536314011 0.8152948617935181 5.588104993104935 1.666747227311134 392.9998481050134 64.42344781011343
1081.259165525436 2855.252158917487 2002.544053785503 255.0866503119469 2366.608636558056 122.5170425325632 2681.385528348386 411.363308057189 1346.365676596761 454.9974335357547 1170.094491660595 31.90911220014095 1014.335386522114 2387.477704904974 48.34517557919025 3.164262048900127 2.903830356895924 1.058269463479519 0.6856919750571251 0.3789482042193413 3.009340055286884 0.4305457770824432 1.094385012984276 1.307115338742733 0.4029602631926537 5.031521342694759 0.2984354868531227 3.209256380796432 1.066023774445057 0.2112251967191696 1865.308542348444 85.56426746398211 62.25729183852673 1.063328571617603 0.9705982580780983 0.2348479777574539 17.84245218336582 1.13112773001194 2.834925875067711 0.4722893014550209 6.668119974434376 1.242088802158833 0.5933124348521233 1.67617305368185 0.9456434473395348 0.2079758495092392 211.9255257993937 3.866480618715286 1.440083578228951 1.144528016448021 0.8811596035957336 0 1.417836129665375 1.840212263166904 1.312921971082687 5.204925864934921 48.14438788592815 204.7907292991877 28.30663703382015 110.003142401576 1.451434224843979 2.217345394194126 0.2854695022106171 184.6555434241891 5.548498772084713 1.329062819480896 0.6312065348029137 0.9427832067012787 2.889189712703228 3.501855038106441 44.38105334341526 3.543051324784756 0.1085754036903381 226.0666762813926 413.9345958977938 276.0031347423792 97.18234477937222 4.829809822142124 3.609337985515594 45.02590651065111 1.892501346766949 4.153450220823288 10.83363438397646 0.1220471486449242 1.434057116508484 2.05879682302475 0.09268423169851303 0.2339333891868591 0.8054220974445343 0 0.6854249909520149 0.2824629619717598 3.228234007954597 2.972925826907158 0.6623017191886902 63.46909122914076 12.09080308675766 0.136518582701683 4.8619744181633 107.2742014080286 16.79330807179213 8.64294245839119 14.71630375087261 1.205010026693344 39.30059535056353 17.41120326519012 10.38584831357002 9.349567115306854 5.436604112386703 18.31963394582272 12.98130823671818 54.10075356811285 19.72730931639671 28.76532216370106 38.37747892737389 0.4934124276041985 1.176519989967346 0 1.146625399589539 0 0 0 0.8079660534858704 0 0 0.1174543276429176 0 0 0 0 0 0.603857010602951 0 0.1010720059275627 36.0896624699235 6.022587075829506 0 0 0 15.94719319790602 2.04236689209938 19.26365139335394 3.180089876055717 0.6286030560731888 0 0 0 0.459882378578186 0.1694323569536209 0.3311368450522423 0 1.748383089900017 0.2632772549986839 0 0 0 0.1869869381189346 0.4309383630752563 0 0.5430991798639297 0.09965157508850098 1.712199568748474 2.90650188177824 2.18236730247736 1.197268649935722 0.109153725206852 4.783024117350578 8.490432344377041 0 0.3828955143690109 0 0 0 0 0 0 26.58934291452169 2.554288804531097 0 0 0 1.854818776249886 0 0.1316709965467453 1.93122287094593 4.024817533791065 1.34488470852375 0.1295936405658722 1.233109444379807 0 0 0.1233586892485619 0.1638872623443604 0.09753243625164032 0 0 0.2822376638650894 7.227804072201252 10.16437256336212 13.68570518493652 531.8129947930574 25.81795161217451 572.7010383233428 130.947960741818 146.4630154445767 64.38061050325632 2.444625616073608 23.58285802602768 11.77865014225245 0 9.743991561233997 3.740405984222889 3.492718808352947 2.360523000359535 0 0 11.75208519399166 3.587204329669476 101.4410219937563 56.06261174380779
660.1389244645834 2002.544053785503 1251.795479528606 21.70718208700418 431.4885245487094 7.984323926270008 248.7745624557137 3048.570676192641 655.8620299622416 7.347321175038815 2915.468205228448 34.46649412810802 616.5719606727362 2587.008494533598 15.67520499229431 2.545667476952076 0.5923030748963356 1.614738136529922 0.2522875219583511 1.452883861958981 19.96211834251881 4.511933043599129 16.08190693706274 16.54051053524017 8.709052488207817 44.21622842550278 4.323626935482025 28.78052554279566 10.8484777957201 1.351265646517277 2823.358918711543 642.7956973910332 148.3627348691225 2.261997453868389 13.29128402471542 3.889434233307838 52.0976550579071 8.952438347041607 15.92238641530275 2.748940274119377 39.12104766815901 11.22014892846346 1.33567138761282 0.7411936298012733 0.556026816368103 0.1118519082665443 94.02248239517212 1.326086230576038 1.981412000954151 4.174213998019695 3.502940855920315 1.258376985788345 2.516582064330578 7.626596927642822 0.627248540520668 0.7851119562983513 13.00104393810034 60.2818790152669 5.423966340720654 25.10570102185011 18.74785022437572 15.97392863035202 1.518139347434044 273.2178209796548 1.199429281055927 1.407111220061779 0.6938235014677048 0.5442248806357384 2.668271042406559 17.03800554573536 73.96330247819424 4.556553207337856 0.1138008832931519 53.43835137784481 120.1228259801865 91.32884477078915 45.39880713075399 3.862357825040817 30.14281947910786 498.4905926287174 2.251422718167305 93.34161050617695 1.797729529440403 0.09088725596666336 0.9331149756908417 0.5155303478240967 0.9885843843221664 0 0 0 0.5278993248939514 0.1403150856494904 17.71931115537882 20.08525094389915 1.443969957530499 59.99176308512688 19.23888564109802 0.1018002927303314 15.00710459053516 26.31902410835028 14.48971952497959 2.148623466491699 16.23344478756189 0.3955849558115005 33.06556129455566 11.84918464720249 2.352966964244843 10.11393947899342 4.591315530240536 15.82635756582022 8.718705989420414 32.70987664908171 7.735959000885487 15.88207880407572 23.16839660704136 0.3383698314428329 0.2467454597353935 0.1639542430639267 0 0 0 0 0.708005003631115 0 0 1.126553326845169 0 0.1895278543233871 0 0 0.3871560320258141 0 0.1130898371338844 0 27.18015198409557 5.020942039787769 0 0 0 10.56116431951523 1.137333586812019 10.76050811260939 3.254287548363209 1.054940022528172 0 0.2178833186626434 0 0.4337556958198547 0.2256568893790245 0 0.6907811760902405 0.5464505925774574 0.357484370470047 0 0 0.5390433967113495 1.071342691779137 1.756278268992901 0.2290857583284378 0.4441135227680206 0 1.235237002372742 5.993071109056473 0 0.5504532307386398 0.2737601697444916 4.844009645283222 11.36679344624281 0.7363404333591461 0.1586192548274994 0 0 0 0 0.3421358466148376 0.2030911445617676 12.62868442386389 1.660639993846416 0.3707976266741753 0 0.1121099218726158 1.64113712310791 0.5401149615645409 0.8455615341663361 1.087714366614819 3.282367378473282 1.359489008784294 0.5306816920638084 0.4232797101140022 0 0 0 0 0 0 0.1407275348901749 0 4.245283849537373 8.679738558828831 9.976235657930374 253.7015051096678 10.3316547498107 234.299982689321 68.63691490143538 64.3701181486249 26.33828321099281 0.8348125517368317 9.426080040633678 6.787458531558514 0 7.718412101268768 2.29193302989006 4.650032438337803 0 0 0.4974667727947235 7.748916149139404 1.954133868217468 36.45116832107306 30.8373622149229
1412.278218321502 255.0866503119469 21.70718208700418 126.4403381347656 80.37206240743399 624.3335474133492 1247.331714257598 13.64327475428581 17.45700793713331 959.5072788521647 31.95691132545471 1137.223896324635 1950.047250151634 175.7259044274688 4.808074370026588 0.5213235393166542 0.236341618001461 0 0.1124336048960686 0.5027989149093628 0.6717153042554855 1.096330806612968 0.1134386509656906 0 0 0 0 0 0 0.1004091426730156 668.9048200920224 5.370536550879478 5.933102637529373 0.1026499941945076 0.0805279016494751 0 5.431294396519661 0.09103623032569885 0.08710143715143204 0 0.830902136862278 0.1528722643852234 0 0.1246737614274025 0.2095604985952377 0.5828405320644379 26.35103166103363 2.070658758282661 0.1185774952173233 0.212527684867382 0.09396947175264359 5.698334865272045 0.903224840760231 0 1.895101934671402 2.62162784487009 56.99137437343597 270.6334953606129 21.18544863909483 30.31113693863153 0.8492321595549583 0.1222282573580742 0 44.80521931499243 1.556857548654079 0.1131864041090012 0.3311581015586853 0.3213304877281189 0.6578161343932152 0.4989443048834801 31.27337079495192 34.95917516946793 4.805091418325901 154.051934838295 133.2728008553386 32.30202911794186 7.392953090369701 0.8804260119795799 0.3393844664096832 1.473028503358364 0.4490015953779221 0 4.505294926464558 0.1160223931074142 0.8577752932906151 0.9055337905883789 0.2952643185853958 1.163015805184841 1.071360141038895 3.174695909023285 0 0.2584417089819908 0.4648074358701706 0.6874301880598068 0.1079786270856857 431.0916355028749 53.67824869602919 1.458567634224892 6.051299221813679 847.0331746861339 21.22849903255701 26.96827242523432 63.56837835907936 7.449043422937393 92.72997648268938 51.82617498189211 82.04585362970829 19.74549613147974 19.13986600190401 131.4575919285417 44.15837096422911 122.0641572922468 69.926572881639 65.9114757925272 59.16151980310678 0.0918809100985527 1.576487347483635 0 0.170786052942276 0 0 0 0 0 0 0 0 0 0 0 0 0 0.5313403606414795 0 55.93831731379032 13.46368772536516 0 0 0.739554226398468 16.5983484685421 3.148055836558342 10.13864399492741 2.500259093940258 0.417149156332016 0 0 0 0.1576024442911148 0 0 0 0.2073070108890533 1.797179833054543 0 0.09556826204061508 0 0.1359435468912125 0 0.1104651018977165 0.8024029061198235 0 2.748512476682663 1.747187703847885 2.400433227419853 0 0.5826351046562195 4.036822751164436 6.234050005674362 0 0 0.1878253668546677 0 0 0 0 0 26.09433623403311 0.5952474325895309 0.2436326071619987 0.1242276653647423 0 3.599990092217922 1.186998397111893 0.3879102915525436 1.702658250927925 2.224828705191612 2.490194365382195 1.108093231916428 0.3236276358366013 0 0.108982115983963 0.1208599358797073 0.277916319668293 0 0 0 0 30.83804638683796 9.563470169901848 6.937703713774681 68.49930915236473 3.123931869864464 97.09746613353491 18.20530861616135 338.3779569268227 10.35684404522181 1.803403317928314 1.447570838034153 21.63738211989403 0.1937903016805649 6.028728105127811 0.5548337921500206 70.94813419133425 4.253769397735596 1.862579420208931 1.743685185909271 1.350838616490364 0.3266716375946999 1562.032546170056 357.0564765632153
48.88337071985006 2366.608636558056 431.4885245487094 80.37206240743399 2899.225391820073 1.979397967457771 3139.855053052306 122.0981028303504 5151.625563018024 101.9848684072495 978.8831834122539 10.24845456331968 810.817184522748 2388.686672911048 7.159479789435863 0.6992676928639412 0 0 0 0 0.5064814388751984 0 0 0.124899610877037 0.09795340150594711 0.160159096121788 0 0.1206937804818153 0.1993953809142113 0.1988302320241928 62.93720170855522 9.570196069777012 1.834087938070297 0.08143331855535507 0.2019233927130699 0 1.661354750394821 0.2098915576934814 0.5223532915115356 0.1073608100414276 0.2738967314362526 0 0.07619422674179077 0.2344543561339378 0 0.08079944550991058 24.40112990885973 0.5960279032588005 0.1067236661911011 0.2241397202014923 0.1624986380338669 0 0 0.2029022425413132 0.09446170181035995 0.3038586750626564 3.991425096988678 13.23967061936855 1.521097376942635 11.57151051610708 0.1189110353589058 0.1714990735054016 0 23.29606430977583 0.9518141895532608 0 0.1873312145471573 0.08487789332866669 0.3092283681035042 0.3178182765841484 4.104820035398006 0.1407534778118134 0 18.62316539883614 42.63624159991741 36.6269903704524 13.84574937075377 0.2356717437505722 0.2718045189976692 2.622340835630894 0.386166900396347 0.1867789924144745 1.252242997288704 0 0.0979684591293335 0.1868744045495987 0 0 0 0 0 0 0.4860012456774712 0.528357595205307 0 8.841627545654774 0.7426359802484512 0 0.5117489993572235 0.8222406432032585 1.558119386434555 0 2.603311985731125 0 4.601376712322235 1.447546765208244 2.231111168861389 0.2492275387048721 0 1.509321995079517 2.305464699864388 3.839565701782703 1.919534273445606 2.127282746136189 4.334286861121655 0 0 0 0 0 0 0 0 0 0 0 0 0 0 0 0 0 0 0 6.139730878174305 1.673237800598145 0 0 0 1.460385657846928 0 0.9974591881036758 0.08685301244258881 0.1699824184179306 0 0 0 0.09366540610790253 0 0.112517736852169 0 0.7605687975883484 0.2076896727085114 0 0 0 0 0.2928441166877747 0 0.3319942653179169 0 0 0.6953341439366341 0.2657403945922852 0 0 1.299962639808655 1.021888479590416 0 0 0 0 0 0 0 0 1.868281602859497 0.7743473127484322 0.0921226441860199 0 0 0.1727754771709442 0 0 0.2537105530500412 0 0.1240463927388191 0 0.2914734408259392 0 0 0.1722855120897293 0 0 0 0 0 1.582055613398552 1.295862279832363 0.9616614878177643 51.68926686793566 2.025156617164612 74.15832310914993 18.27646418660879 11.63481882959604 5.664513818919659 0 1.222113162279129 0.8635197356343269 0.2586445212364197 1.058124586939812 0 0.2494711577892303 0 0 0 2.470462158322334 0 11.71143189072609 8.113767974078655
228.5672794058919 122.5170425325632 7.984323926270008 624.3335474133492 1.979397967457771 7.59967252612114 77.55297765880823 10.31947714090347 0.4974312335252762 324.1091291606426 9.295810639858246 248.5560708791018 156.4825447946787 30.96748580038548 1.638637416064739 1.691517747938633 0.1465516835451126 0 0 0 0 8.806231558322906 0 0 0.1416454315185547 0 0 0.2079541683197021 0.4114082157611847 0 167.3383189439774 4.394175954163074 16.16104644536972 0 0 0 19.31382290273905 0 5.379931814968586 0 0 0.9454645812511444 0 0.1194167137145996 0.1253876239061356 0 4.094129636883736 0.1418246030807495 0 0 0 39.05994903296232 3.613540917634964 0.8108265101909637 0.3961262479424477 1.584118969738483 71.8055035918951 80.41729731112719 8.312835276126862 4.829191252589226 0 1.474277511239052 0 5.950450070202351 0.4156233370304108 0.3083440735936165 0.3939515873789787 0 0.1893150582909584 0.6308013722300529 133.3223481103778 217.0386143326759 37.75234507769346 47.96118991076946 16.48443312197924 6.322722211480141 2.851158328354359 1.463764034211636 0.2910417094826698 3.203360207378864 0.4161408916115761 0.5720741003751755 1.379404276609421 2.355066001415253 0.1186710149049759 3.7613315731287 0 5.409631140530109 5.974570065736771 15.30122528225183 0.7676214575767517 5.606955498456955 0.08270730078220367 0.4895242005586624 4.065477594733238 238.2410308420658 367.0315442383289 25.85511910915375 33.23671023547649 410.9364229515195 1.960772305727005 12.30414007604122 2.99724318087101 2.062777757644653 8.802767857909203 6.914735302329063 41.67780661582947 4.131851464509964 3.390630692243576 34.15760825574398 2.306841507554054 12.68108259886503 10.96688313037157 8.090389266610146 1.938459396362305 0 0.1069671958684921 0 0 0 0 0 0.123132087290287 0 0 0 0 0 0 0 0 0 0 0 1.514133252203465 0.4290773421525955 0 0 0 0.2290341854095459 0 0.2795115411281586 0.1870677173137665 0.09229600429534912 0 0 0 0 0 0 0 0 0 0 0 0 0 0.09716524183750153 0.1339386701583862 0 0.0885784924030304 0 0.3154208660125732 0.190312922000885 0 0 0 0 0 0.1385166943073273 0 0.2391932457685471 0.1081233248114586 0.1020263507962227 0 0.262687623500824 3.843297719955444 0.4852844625711441 0.3452580571174622 0 0.1062822863459587 0.3764987587928772 0 0 0 0.1023135855793953 0 0 0 0 0 0 0.1217953637242317 0 0.32880699634552 0 0.1695306599140167 2.900734275579453 0.4697631746530533 0.09659899026155472 56.61072416603565 1.977808907628059 26.21272283792496 5.471675880253315 248.7522525936365 2.476576343178749 0.6057359129190445 0.7973554134368896 0 0 0.112133614718914 0 30.65525169670582 0 0 0 0.7791544198989868 0 83.29801768809557 138.8688820898533
74.3070827499032 2681.385528348386 248.7745624557137 1247.331714257598 3139.855053052306 77.55297765880823 870.0564217567444 20.63672786951065 1999.421678200364 766.6753421574831 492.6045819967985 244.7623999863863 4666.189864985645 3271.132079422474 6.52585543692112 0.6283374354243279 0 0 0.09244338423013687 0 0.2357488945126534 0.1180393844842911 0.1879818066954613 0.1706490814685822 0 0.6005944982171059 0.1032676175236702 0.5649075508117676 0.2098585143685341 0.09186246246099472 36.27639476209879 10.89940671622753 37.75771724432707 0 0.1109577268362045 0 12.72087570279837 0.4561276882886887 1.079551719129086 0 0.2377219125628471 0.2698824033141136 0 0.4150366112589836 0.07923645526170731 0.09765304625034332 25.18392844498158 0.3091996088624001 0.7294783666729927 0.1107022613286972 0 0.472078874707222 0.2006794959306717 0.4188899025321007 0.42767433822155 0.3810035064816475 2.621659897267818 6.681491427123547 2.547282069921494 10.08989364653826 0.09471491724252701 0.2405744567513466 0.09435043483972549 15.48888158798218 0.4946815446019173 0.1689107641577721 0 0.1063872277736664 0 0.1820367872714996 28.9796991944313 1.92326408624649 0.1978110074996948 13.1541763395071 31.45263590663671 31.36066906154156 14.37615991383791 1.359428480267525 0.2190283313393593 3.212263390421867 0.659716784954071 0.2237973138689995 0.411404013633728 0 0.1089302077889442 0.1981143429875374 0.1041000559926033 0 0 0.09778830409049988 0 0 0.2869387716054916 0.4224668070673943 0 107.1349719241261 4.684193968772888 0 2.098342604935169 7.957731574773788 6.09118077903986 9.748054549098015 11.51962353289127 0 24.46006500720978 17.68567215651274 13.1398792937398 9.921305276453495 4.432461842894554 29.40226792544127 6.008319661021233 42.74779064208269 13.36942838877439 24.61760027706623 26.39816971868277 0.1274348348379135 0 0 0 0 0 0 0 0 0 0 0 0 0.4033508896827698 0 0 0 0 0 17.20411249250174 4.347666718065739 0 0 0 6.158761471509933 1.257980689406395 9.12697397172451 0.3529886603355408 0.6362707018852234 0 0 0 0 0.1439776867628098 0 0 0.994331069290638 0.2972108274698257 0 0 0.3221406042575836 0 0.08420728147029877 0 0.1172972768545151 0 0.2147550135850906 1.855574764311314 0.2914611399173737 0.8085940107703209 0 2.401546105742455 4.843719035387039 0.742501936852932 0.07729725539684296 0 0.09533947706222534 0 0 0 0 10.28209405392408 0.3467800468206406 0.2346018552780151 0.1161165684461594 0 1.78092460334301 0.6917159557342529 1.06169182062149 1.007197998464108 0.5261416584253311 0.5281767994165421 0.3381636068224907 0.446608655154705 0 0 0 0 0 0 0 0 7.37038166821003 3.488761812448502 4.534480355679989 76.28392018377781 3.381065554916859 65.88923129439354 21.54580175131559 19.36680791527033 8.564313761889935 0 3.48916994780302 2.815085187554359 0.1404338777065277 1.892631001770496 0.4835961684584618 11.64715678989887 0.1220651566982269 0 0 3.812905967235565 1.165538102388382 146.4009612128139 74.96929556131363
282.145512022078 411.363308057189 3048.570676192641 13.64327475428581 122.0981028303504 10.31947714090347 20.63672786951065 1146.343893893063 152.3943909406662 6.242408931255341 1121.203202731907 46.07886131107807 284.679971665144 1497.07585734874 24.16233160346746 6.91674679517746 1.65516435354948 3.02014921605587 0.7784146293997765 5.438988447189331 89.65281005203724 9.84234594553709 68.39776878803968 60.2463536709547 34.9542503580451 132.5460568591952 11.82012974470854 76.26958237588406 25.33227203041315 6.590706288814545 2103.422114782035 3083.762077100575 573.0081859230995 22.2987951412797 57.2281411960721 19.53076616674662 181.0094362348318 45.86139905452728 53.58219215273857 17.59120605885983 96.2534065246582 23.92426909506321 5.755656853318214 3.743130512535572 3.418612159788609 3.936623439192772 102.155289337039 2.079341441392899 5.696975044906139 8.426936775445938 6.250841096043587 2.575376868247986 7.19975271075964 17.06190679967403 0.6562989428639412 0.8468707799911499 16.73368225246668 81.36178736388683 7.049624018371105 29.46326972544193 423.2154297381639 236.3690187484026 17.05114430934191 715.8605175688863 1.835883922874928 2.484228573739529 1.615250609815121 0.9370604678988457 11.03791718930006 70.67195961624384 187.2622528895736 6.422486871480942 0.186245784163475 67.09252147376537 170.0199828669429 113.8752695545554 123.9603602960706 237.31182692945 1498.853684157133 2123.639192633331 50.26101645082235 3364.979151554406 2.908790171146393 0 0.5900722295045853 0.6604085192084312 2.629947982728481 0 0.6168025508522987 0 0.4426252767443657 0.1769535094499588 45.37724294513464 49.45860881358385 4.739259481430054 104.1728504672647 31.35367786884308 0.2096715122461319 29.49013926833868 15.7543593198061 11.75131236761808 2.017598576843739 12.45467671006918 0.08602841943502426 24.3485766723752 15.1796308606863 1.594970539212227 5.148798018693924 2.567817822098732 8.417939141392708 11.16535284370184 28.47681988030672 4.948401749134064 12.5662699714303 19.30181697010994 0.7360685542225838 0.2770577222108841 0 0 0.4063961356878281 0 0.3908974006772041 0.7821546718478203 0 0.1160580664873123 1.792250022292137 0 0.1847948431968689 0.1661820709705353 0 0.9474118575453758 0 0.243614450097084 0 28.75707033276558 4.166763477027416 0.0842832550406456 0 0 10.64098713546991 2.480830043554306 13.80026741325855 3.487709060311317 0.2595936954021454 1.321929089725018 0.09991896897554398 0.09915100783109665 0 0.09673456102609634 0.144791916012764 1.016889229416847 0.272859551012516 1.350887082517147 0 0.1511872112751007 0.9837263152003288 0.4728918373584747 4.311230339109898 0.4554951786994934 0 0.06984277814626694 3.683897472918034 4.382406666874886 0 1.270241886377335 0.11647018045187 3.291421502828598 5.283692918717861 0 0.2091709971427917 0 0 0.09352298080921173 0 0.3389517366886139 0.2546063661575317 13.2449521496892 1.885013818740845 0.6652432084083557 0 0.5278211385011673 2.678524181246758 0.3937720507383347 0.2575126886367798 0.9689751192927361 2.875949412584305 1.723565049469471 0.66114741563797 0.5908337831497192 0.08473411202430725 0 0 0 0.1950531825423241 0.2272589951753616 0 0.3545859977602959 4.355775035917759 8.763205945491791 9.059393756091595 224.3382779285312 11.44078905135393 213.936234600842 65.76625306904316 54.6246188133955 21.34796645492315 0.6568557769060135 8.173270031809807 11.67526839673519 0.6562798693776131 7.754356823861599 1.269477218389511 1.29121370613575 0.1053123623132706 0 0.4275404214859009 10.82797884941101 1.144172489643097 31.55309094488621 24.26652318239212
5.302697405219078 1346.365676596761 655.8620299622416 17.45700793713331 5151.625563018024 0.4974312335252762 1999.421678200364 152.3943909406662 947.2835632115602 6.907749108970165 1231.340981863439 3.240916438400745 597.5591390058398 1074.108306765556 1.325176581740379 0.183900810778141 0.07891321182250977 0 0 0 0 0 0 0 0 0 0 0.1006228625774384 0 0 9.155071616172791 2.412026822566986 4.281010575592518 0 0 0 2.169974014163017 0.5157408565282822 0 0.08861591666936874 0 0.1019049063324928 0 0.1146119311451912 0 0 3.512084916234016 0 0.170297659933567 0.1085299700498581 0 0 0 0 0 0.2756676003336906 0.638203963637352 1.75433886051178 0.2707281112670898 1.664911173284054 0 0 0 3.773276321589947 0 0 0 0 0 0.09975916892290115 2.855812832713127 0.1018707081675529 0 3.574550658464432 5.204475097358227 4.953155525028706 3.147230744361877 0.2184344381093979 0.1349619776010513 2.609178431332111 0 0.4335524067282677 0.1815658956766129 0 0.08451680839061737 0 0 0 0 0 0 0 0.1239586547017097 0.2130795940756798 0 5.203922159969807 0.329653412103653 0.09191855043172836 0.315390907227993 0.3110957816243172 0.2638218402862549 0.08710844814777374 1.881192862987518 0 1.306693553924561 0.9933097362518311 0.2776882275938988 0 0.3643843233585358 1.009473085403442 0.1615087538957596 2.813851878046989 0.6435681134462357 0.6130930334329605 2.293152205646038 0 0 0 0 0 0 0 0 0 0 0 0 0 0 0 0 0 0 0 1.326347440481186 0 0 0 0 1.424044825136662 0 0.4665134474635124 0 0.08190613985061646 0 0 0 0 0 0 0 0 0 0 0 0 0 0 0 0 0 0 0.180297464132309 0 0 0 0 0.159927025437355 0 0 0 0 0 0 0 0 1.074418812990189 0.08184324204921722 0 0 0 0 0 0 0 0.09299734234809875 0.122148871421814 0 0 0 0 0 0 0 0 0 0 0.09725048393011093 0.5809990614652634 0.4991400465369225 7.082875184714794 0.4119293540716171 13.20919795334339 2.583973541855812 1.540614001452923 1.249103993177414 0 0.6199722439050674 0.1494081318378448 0 0.4731367826461792 0.09104135632514954 0.4723971486091614 0 0 0 0.4194919914007187 0 2.727858245372772 2.808126881718636
40.76549202948809 454.9974335357547 7.347321175038815 959.5072788521647 101.9848684072495 324.1091291606426 766.6753421574831 6.242408931255341 6.907749108970165 890.9505366235971 16.40802086144686 2975.720463685691 2688.088056586683 249.1905787587166 0.663998007774353 0.4487555921077728 0 0 0 0.1408839076757431 0 0.77391517162323 0 0 0 0 0 0 0.119165875017643 0 13.95507185906172 0.9381047338247299 60.23160955309868 0 0 0 28.61296103149652 0.5133968442678452 1.559858277440071 0.3205297291278839 0 0 0 0.4900290071964264 0.137465238571167 0 2.871592327952385 0.414172850549221 0.1244116872549057 0 0 1.281572602689266 0.520659476518631 0 0 0.2184947952628136 1.70773021876812 9.239166900515556 1.520439997315407 1.192453540861607 0 0.9488407671451569 0 4.343630939722061 0.1140661835670471 0 0 0 0 0.1112537384033203 117.7832262739539 11.51069162786007 1.163280002772808 6.369705341756344 5.821502186357975 3.9363062530756 2.084091939032078 0.6186441257596016 0 2.554858967661858 0 0 0.4546200484037399 0 0 0.1348780691623688 0 0.2069397792220116 0.2227138355374336 0.5683456435799599 0.2332878112792969 0.1121448427438736 0.09252818673849106 0.2094254195690155 0.1649416983127594 227.0380085855722 74.30784510076046 0.6836028397083282 8.533448472619057 83.52231626212597 5.953340858221054 6.628953143954277 29.45278479158878 15.17507754266262 44.26784174889326 27.6333299279213 31.85601802170277 16.88127379119396 17.46131771802902 91.78644389659166 20.90419301390648 76.81433995813131 43.16234223544598 49.52562931925058 32.74118737131357 0 0 0 0 0 0 0 0 0 0 0 0 0 0.3733259439468384 0 0 0 0 0 18.03476376831532 6.848270535469055 0 0 0 6.965613164007664 1.32021701335907 4.30744831264019 0.4493801295757294 0.8694981560111046 0 0 0 0 0 0.1305752545595169 0.1552740782499313 1.388928681612015 0.3652570098638535 0 0 0 0.08392520248889923 0 0.08723291754722595 0 0 0.361669234931469 1.711468994617462 0.1759108453989029 0 0 0.9555017873644829 1.159133210778236 0.2160755917429924 0 0 0 0 0 0 0 17.90009497851133 0.5504937022924423 0.2549685835838318 0 0.1457218080759048 1.4364944845438 0.3043671548366547 0.1522711366415024 0.8802962973713875 0.7853695005178452 0.2370308637619019 0.3394954949617386 0.3567435219883919 0 0 0 0 0 0.1065533682703972 0 0 15.15219888836145 5.834142044186592 2.990559704601765 12.28842794895172 0.1741562336683273 9.794031977653503 3.658099174499512 53.75337357074022 0.399276465177536 0 0.5324794501066208 5.813739337027073 0 2.354076318442822 0.5987083241343498 18.16535134613514 0.7080783843994141 3.60937225818634 0 0.2968492209911346 0.1832118928432465 458.1658894941211 244.3480926826596
126.8937956318259 1170.094491660595 2915.468205228448 31.95691132545471 978.8831834122539 9.295810639858246 492.6045819967985 1121.203202731907 1231.340981863439 16.40802086144686 1325.386234007776 84.29269134998322 569.9227166026831 3389.007094979286 8.524311430752277 2.86636509001255 0.5696484297513962 0.207599900662899 0.1659676432609558 0.2906711623072624 1.394500501453876 1.92915416508913 2.597306542098522 1.893363922834396 1.839576967060566 11.20077537745237 0.8298888131976128 6.537431873381138 6.978617459535599 0.6411815360188484 514.7637918591499 64.92181460559368 881.1151539906859 0.09094835072755814 1.204710513353348 0.7819461822509766 124.5413639768958 11.75433946400881 17.29400650411844 1.910431198775768 7.342061311006546 2.22119178622961 0.3015284463763237 0.9274126589298248 0 0.3099999129772186 32.37905375659466 0.5211081057786942 1.462055914103985 0.6776035279035568 0.9910284429788589 1.372418858110905 1.475580945611 3.835041932761669 0 0.6810597851872444 3.284954242408276 17.97842203825712 1.722607538104057 9.969661988317966 0.3167880699038506 22.45659613609314 0.3158691674470901 35.85202496498823 0.4060103818774223 0.2735688835382462 0.4210883155465126 0.1232176795601845 0.5827064514160156 3.802176177501678 145.5149253234267 3.191420659422874 0.08264437317848206 15.51952474564314 35.8213267698884 34.86823507398367 19.50489540398121 3.29095321893692 1.046434372663498 1158.676882371306 0.09897027164697647 155.3670165091753 1.161032773554325 0 0.08792921155691147 0.06785154342651367 0.1798350661993027 0 0.1116689890623093 0.08917936682701111 0.3061697781085968 0.105067178606987 2.020757980644703 3.694193705916405 0.1195483133196831 75.40787696093321 18.83826711028814 0.2007128074765205 14.32893968373537 5.031312078237534 7.045459479093552 0.5673742666840553 13.5263786688447 0.4411107078194618 12.49325466156006 7.886558040976524 1.778291113674641 3.935434304177761 1.394952848553658 9.100860983133316 4.954654850065708 19.48375215381384 2.89258985221386 10.30362023413181 13.1061230674386 0.4322874695062637 0.1524791046977043 0 0 0 0 0 0.10309699177742 0 0 0.2608443647623062 0 0 0 0 0.3260394483804703 0 0.1207428500056267 0 15.59650530666113 3.589681766927242 0 0 0.06752192974090576 9.704366825520992 2.306790716946125 8.959255948662758 1.873890154063702 0.3302128091454506 0.4606726318597794 0 0 0 0.2109142318367958 0.2252728492021561 0.1215158104896545 0.2638126686215401 1.166485324501991 0.07537399232387543 0.2424599900841713 0.3798830211162567 0.101540707051754 0.7435191869735718 0.1020518094301224 0.07965271919965744 0 0.5630080476403236 2.948976457118988 0 0.4271466806530952 0.1617354154586792 2.621694132685661 2.2182622179389 0 0.08208005875349045 0 0 0 0 0 0 10.04370906203985 1.211359351873398 0.3594914302229881 0 0.155041515827179 1.784029275178909 0.521004244685173 0.1105421707034111 1.052284315228462 1.998862743377686 1.224012240767479 0.461025558412075 0.1694977506995201 0.07474459707736969 0 0.7643795311450958 0 0 0 0 0.1258312612771988 3.825091943144798 4.541097052395344 6.343803949654102 89.26480479538441 3.366013191640377 81.50444215536118 26.57705574482679 20.23572847992182 11.47335927188396 0 3.836297444999218 5.062311165034771 0.2232151702046394 6.608986407518387 1.168932609260082 0.9411215335130692 0.2037134766578674 0 0.2238146290183067 1.72912871837616 0.2794816121459007 23.28447379916906 25.10122726112604
7.880816847085953 31.90911220014095 34.46649412810802 1137.223896324635 10.24845456331968 248.5560708791018 244.7623999863863 46.07886131107807 3.240916438400745 2975.720463685691 84.29269134998322 107.020785368979 985.025270216167 309.8455802351236 8.627798452973366 5.473519027233124 0.5831549689173698 0.139626607298851 0.1580457538366318 0.08464519679546356 0.1859690472483635 1.975547976791859 0 0.1742588877677917 0 0.489500992000103 0 1.356055185198784 2.900399841368198 0.2975206673145294 16.3669246211648 6.468931287527084 256.5657466426492 0 0.1603366732597351 0 199.2278685495257 22.89036886394024 10.29128678143024 0.3261571377515793 1.749419279396534 0.5845868587493896 0 0.7693691626191139 0.3846801668405533 0.1161731705069542 30.06625358760357 0.6577572524547577 0.5286174416542053 0.190507173538208 0.4382434487342834 1.235865898430347 3.808977521955967 1.479281984269619 0.1459689140319824 0.0909193679690361 2.785956002771854 6.94613728672266 2.606852911412716 8.515836112201214 0.5743240937590599 14.33512746542692 0 31.38540759682655 0.08745647221803665 0.1007336750626564 0.1955177485942841 0 0.3063536882400513 0.810409352183342 200.2186790630221 5.664979018270969 1.335795618593693 8.737427301704884 32.09219411015511 26.69824004918337 32.23526529222727 6.700768433511257 0.46052136272192 47.80840353667736 1.410582572221756 16.17177636176348 0.1422118246555328 0 0.7001106888055801 0 0.08631233125925064 0 0.2070394977927208 0.2896290570497513 0.1210768073797226 0 0.4606832936406136 0.1953637301921844 0.2271905541419983 370.2808763831854 29.38496143370867 0.4217905253171921 12.63064140081406 7.01265799254179 7.886387012898922 14.3190371543169 27.87332005053759 0.527204267680645 40.32688411325216 37.12554050981998 22.81040810793638 8.577251248061657 10.13529601693153 53.52191369980574 11.45084469020367 64.25441534072161 31.10392630845308 41.17687015235424 32.35745235532522 0.2475356459617615 0.3114556521177292 0 0.1177618280053139 0 0 0 0.2912214994430542 0 0.1429545134305954 0 0 0 0 0.1046128943562508 0 0.09147654473781586 0 0 23.97344521433115 9.688592903316021 0 0 0 10.92831027507782 2.468007534742355 7.604511477053165 1.61562230437994 0.3063256815075874 0 0 0 0 0.3987928554415703 0.1247051283717155 0 0.2337517589330673 0.2135651111602783 0 0 0 0.9179317653179169 0 0.08816586434841156 0.08260098844766617 0 0.7371258288621902 2.57998850941658 0.3582530468702316 0.4810637980699539 0 2.73323904722929 3.463200978934765 0.1020719483494759 0.102326974272728 0 0 0 0 0 0 18.8196725025773 1.594984605908394 0.1031441017985344 0.1751510202884674 0.1191454455256462 3.73396972566843 0.306318610906601 0.4428140893578529 0.6598044261336327 2.224455580115318 1.604773744940758 0.5361583977937698 0.1164292544126511 0.2600170373916626 0.1046059727668762 0.2563560903072357 0 0 0 0 0 10.37572635710239 5.382943294942379 5.337440080940723 108.4712388888001 2.54025511443615 70.75405541062355 32.02013282477856 43.42491701990366 9.102044992148876 0 4.591025173664093 6.183798968791962 0 3.256205141544342 0.4345565959811211 14.53449387103319 0 0 1.63813728094101 4.816555142402649 0.5642187744379044 405.9884496256709 183.8480072766542
44.16435801237822 1014.335386522114 616.5719606727362 1950.047250151634 810.817184522748 156.4825447946787 4666.189864985645 284.679971665144 597.5591390058398 2688.088056586683 569.9227166026831 985.025270216167 2750.755241796374 4263.701306194067 23.50966639816761 17.82792805880308 2.220774255692959 0.3774610161781311 0.2875137776136398 0.1962195634841919 0.8920950368046761 3.1534668430686 0.1900056898593903 1.160165928304195 1.059511609375477 4.354426763951778 0.7604971155524254 2.498347982764244 8.113725356757641 0.7119704857468605 84.4496260881424 24.55626223236322 1524.022321529686 0.3481011614203453 0.7514512240886688 0.09353978931903839 359.8092152327299 44.01426956057549 54.46523302793503 1.26616445183754 3.118293568491936 1.637021139264107 0.08096124231815338 3.949209183454514 0.6895757615566254 0.2240582779049873 82.53066616505384 1.495909318327904 0.8289745822548866 0.3342433050274849 1.069849446415901 2.394780725240707 11.8869651183486 3.386746525764465 0 0.8428604677319527 5.058377251029015 18.1519208997488 3.014977529644966 21.64025280624628 1.337321013212204 82.35307153314352 0.2147527188062668 96.92683485150337 1.024239033460617 0.5155982449650764 0.2830716371536255 0.08438070863485336 0.9966371431946754 1.743388943374157 524.8495651558042 5.9848373234272 0.595915675163269 31.53535781800747 84.06084126979113 77.73396619409323 85.17417303472757 17.989795781672 2.066191494464874 197.6142255738378 2.280474677681923 74.19361443817616 1.102426864206791 0 0.472262904047966 0.4591697305440903 0.4813075587153435 0.09078900516033173 0 0.3946467265486717 0.2161373719573021 0 1.279499083757401 3.14560029655695 0.487445130944252 1245.082932971418 37.45647683739662 1.15938863158226 19.64946035295725 6.317361295223236 21.42183107882738 14.39178051799536 58.39000406861305 3.83148305118084 88.8397468328476 51.57960419356823 35.35009773075581 21.92118279635906 16.82736115902662 100.6603479087353 38.30003990232944 144.4897856712341 52.14813914895058 83.08232937008142 80.56106867641211 1.061355382204056 2.379414454102516 0.1184296607971191 0.2034335136413574 0 0 0 0.3680192157626152 0 0 0 0 0.2694088891148567 0 0 0 0.2970677837729454 0.1326113939285278 0 64.9759162068367 15.94573008269072 0.2936444878578186 0 0.06466291844844818 26.71103896200657 3.057058043777943 17.63944440335035 5.217328287661076 1.485773272812366 0.196200504899025 0 0.1090510562062263 0.6827511191368103 0.1057877019047737 0.08890849351882935 0 0.9423908442258835 1.708279974758625 0 0 0.3377324417233467 0.8935072720050812 0.1911797747015953 0 0.298708975315094 0 2.691512517631054 7.892746284604073 1.707009486854076 0.3884446918964386 0.211783267557621 8.522234454751015 13.62708086520433 0.8265313506126404 0.08026570826768875 0.1683207601308823 0 0 0 0 0 41.58835548907518 2.73259873688221 0.20269775390625 0.2102662548422813 0.3368148058652878 8.0899398624897 2.556047067046165 1.626047171652317 1.950209923088551 5.048200532793999 3.025481432676315 0.6434665024280548 0.8055905774235725 0.07925668358802795 0 0.2709667831659317 0.1082000881433487 0.1856126636266708 0.1087768748402596 0 0.332139864563942 25.99892334640026 16.94202499836683 15.30760008096695 247.2571946755052 7.069004781544209 180.9256053566933 83.38915973901749 65.60962398350239 21.58475810289383 0.2023504376411438 10.58267219364643 16.10461708158255 0.8023557066917419 11.62651822715998 4.223573543131351 13.96331235766411 0.5255466550588608 1.039427757263184 0.7189527228474617 11.94618050009012 3.571383893489838 486.0832070782781 290.701901525259
