68.08866418898106 1327.691042497754 412.4910528957844 1230.944329626858 85.4026703312993 34.60599404573441 287.0482429936528 115.6398955881596 11.53258849680424 1574.28073990345 91.39822199195623 18.55375605821609 46.79985568672419 157.1416435465217 0.7311571091413498 0.3457614853978157 0.1937385573983192 0 0 0.1046812236309052 0 0 0 0 0 0.08346918970346451 0 0.1079132333397865 0 0 207.8274216726422 0.8368684202432632 5.100648023188114 0 0 0 3.770283378660679 1.529145836830139 2.677944451570511 0 0.7155964970588684 0 0 0.129465788602829 0 0 12.38217826187611 1.106543399393559 0.3299154192209244 0.1065320447087288 0.3040020987391472 0 0 0.101999506354332 9.336513735353947 4.392201565206051 218.1679031327367 302.0421105772257 36.25067584216595 21.5860091522336 0 0 0 1.215090945363045 3.303336307406425 1.546365059912205 0.6962944194674492 0.5281547084450722 0.1882707327604294 0.4515678361058235 2.606591150164604 5.408173441886902 0.4878210723400116 208.601762086153 7.232821330428123 8.755926407873631 0.7405319362878799 0.235413946211338 0.5737404674291611 79.81802871078253 0.08213388174772263 0.08838073164224625 7.050361357629299 0.1652645170688629 2.640558816492558 0.9629040360450745 0.528139628469944 0 0.111307367682457 0 0 0 0.3683775216341019 0.1816536113619804 0.1807653456926346 88.25652787089348 34.47404364496469 0.3887592256069183 1.528033494949341 1053.264296673238 0 1.326270595192909 2.31313268840313 0.6905337572097778 0 3.720636144280434 0.2737429440021515 0 39.73829980194569 2.951907813549042 0 4.204497188329697 3.111151434481144 3.394325390458107 2.766871452331543 0 0 0 0 0 0 0 0 0 0 0 1.0165776014328 0 0 0 0 0 0 0 0.7526161074638367 0 0 0 0 1.457014173269272 0.2518530786037445 0.2554518207907677 0.473476231098175 0.6289078593254089 0 0 0 0 0 0 0 0 0 0 0 0.3498384952545166 1.01324787735939 0 0 0 0 0 0.3154221922159195 0.1588301062583923 0 0 0.4534917771816254 0 0 0 0 0 0 0 0 0 3.182754129171371 0 0 0 0.2032852619886398 1.56136879324913 0 4.246598124504089 1.131736516952515 0.1274710446596146 0.192656621336937 0 0 0 0 0 0 0.1513464003801346 0 0 0 0.9689001888036728 1.33457063138485 1.929126858711243 113.4360971972346 2.532793387770653 116.6696541756392 26.26477003842592 823.8241909593344 9.030387692153454 0.6746219173073769 2.403154388070107 4.88862356543541 0.1050444543361664 0.4274277091026306 0.1123744174838066 37.12534640729427 0 0.3427361994981766 0 0.992629311978817 0 169.1152135357261 0.7690100073814392
1327.691042497754 2169.588456220925 1085.097221523523 614.8236356675625 1446.926974564791 33.13635525107384 2561.734565779567 419.0535471588373 271.5005264729261 1326.961923591793 849.4164463058114 28.04304265230894 1121.02325873822 1347.193919494748 5.555894419550896 0.4962056577205658 0.9224791452288628 0.2632275521755219 0 0.08671312779188156 0 0 0 0.3534590154886246 0.2119517847895622 0.208662711083889 0 0.6481856778264046 0.1046099215745926 0.1015877351164818 991.9482217058539 21.24039666354656 26.45075424015522 0 0 0.2673394232988358 11.42484486848116 4.784501634538174 5.297834649682045 0.5476165413856506 1.972738608717918 0.3767539858818054 0.08017153292894363 0.7123386785387993 0 0.2079183459281921 204.3174598142505 4.693453289568424 1.122326016426086 0.6404225081205368 2.009980879724026 0 0 0.2677750587463379 29.75585005432367 17.40515597164631 176.3465480133891 580.0319462120533 94.49331058561802 154.8830831199884 1.65569519251585 1.323746785521507 0.8706789240241051 61.91468787938356 12.47820189595222 7.003355048596859 1.988351292908192 1.383326888084412 1.669926665723324 2.858290761709213 31.38058561086655 1.520215697586536 0 761.4106813743711 57.19498108327389 96.96144793182611 24.12288739532232 1.494074039161205 6.162535429000854 252.0054658278823 1.180735670030117 5.375044740736485 29.4198375493288 0 9.653710097074509 1.386170364916325 2.769829206168652 0 0.08819115906953812 0 0.9956516623497009 0.206760436296463 2.058173820376396 1.400708802044392 0.9403869062662125 6.018173456192017 1.290297672152519 0 8.171249374747276 996.3664731904864 7.028757572174072 8.49402180314064 8.975611642003059 8.670872248709202 2.847131006419659 25.8609821870923 2.627679988741875 4.74278561770916 32.84440516680479 30.03667992353439 1.222925841808319 57.48481840640306 44.91668651998043 57.37797453254461 46.43541890382767 0.7621871531009674 1.247555136680603 0 0 0 0 0 0 0 0 0 0 0 0 0.1119963303208351 0.1154049560427666 0 0 0 10.65508683025837 0.9992613196372986 0 0 0 26.03896111994982 2.606142699718475 24.25871085375547 7.217381872236729 2.537087745964527 0 0 0 0 0.6122075766324997 0.9619945883750916 0 1.265995621681213 1.23472648113966 0 0 0 0 0 0.3120941817760468 0.149369478225708 0 0.7146970257163048 2.390315495431423 1.183247596025467 0 0 11.64832876622677 1.782724261283875 0 0 0 0 0 0 0 0 66.03558374941349 0.1616971343755722 0.1512867957353592 0.1224098801612854 0 19.95683182030916 3.608437441289425 12.4759820997715 2.071679756045341 0.1584340929985046 0.5697976723313332 0 1.006795555353165 0 0 0 0 0.1084399521350861 0.1287033259868622 0 0 35.71601126343012 44.94088950753212 22.10815482586622 644.2593858987093 19.20824942737818 858.0968723148108 282.2790683582425 788.6284973099828 70.90716850012541 4.643201254308224 36.94892229884863 10.61806981265545 0 7.447816535830498 2.268441282212734 87.29995375871658 3.728718526661396 0.2174600064754486 0.4595952033996582 15.38459025323391 1.749999314546585 180.0769026502967 13.05946287512779
412.4910528957844 1085.097221523523 736.4481511339545 12.47568901628256 246.9676192551851 1.005715265870094 69.63340202718973 1413.108661845326 404.0432108342648 11.13670384883881 2073.575724333525 7.42793707549572 222.1973078846931 1486.055102266371 4.096375100314617 1.684692353010178 0.1185881197452545 0.2798839211463928 0 0.352047361433506 0.8642278760671616 0 0.3976706117391586 0.2485354691743851 0.1089243143796921 0.5797030404210091 0 0.07957466691732407 0 0 2694.721070691943 40.9094410315156 45.35463763773441 0 0.139714702963829 0.4327358603477478 13.17774795740843 4.269272722303867 2.667579241096973 0 9.921985790133476 2.360946759581566 0.9790668711066246 0.5337324291467667 0 0 37.75520253926516 1.388516031205654 0.7388868480920792 1.283831343054771 2.987965159118176 0.3728464245796204 0 0.1371708512306213 7.024690665304661 3.42227915674448 103.8577318862081 513.7800325602293 31.82049208134413 32.62279629707336 0.8500626981258392 1.866385698318481 0.1665407866239548 41.0239572301507 2.287156365811825 1.962771773338318 0.116242416203022 1.947443410754204 3.964070186018944 10.63605739176273 6.120786257088184 2.185448706150055 0.1401855796575546 233.2843704596162 20.92104793339968 25.82461996376514 9.958438143134117 4.064117461442947 86.43747860193253 1191.901247747242 1.219410292804241 72.9343693330884 7.786549545824528 0.08913467079401016 1.912661984562874 0.4058263972401619 1.198457486927509 0 0 0 0 0 8.868579097092152 1.106702946126461 0.8910935968160629 0.4584742039442062 0.1423578709363937 0 4.196756467223167 523.6306532919407 0.9273389279842377 0.4511849582195282 0.318180724978447 0.6353490650653839 0 1.391618460416794 0 0.516826719045639 0.6872123777866364 1.858418166637421 0 4.385192513465881 1.945939183235168 3.108606055378914 1.381518296897411 0.2293868809938431 0.09455453604459763 0 0 0 0 0 0 0 0 0 0 0.2198479622602463 0 0 0 0 0 0 0.3410654067993164 0 0 0 0 1.807257741689682 0 2.180577620863914 0.4821812957525253 0.2776676118373871 0 0 0.2457567602396011 0 0 0.2824334502220154 0 0 0.1503925025463104 0 0 0 0 0 0 0 0 0 0.1225999295711517 0.5427901744842529 0.3072714805603027 0 1.36367355287075 0 0 0.2832191288471222 0 0 0 0 0 0.3336823582649231 4.361812084913254 0 0.2842979431152344 0 0.1046557277441025 0.2112883627414703 1.637509822845459 3.458640217781067 0 0 0.757678747177124 0 0.2633461654186249 0 0 0.224342092871666 0 0.1079059988260269 0.1149607673287392 0 0 4.228049606084824 4.062024720013142 1.279908075928688 88.2851572483778 5.50939055532217 155.18276001513 46.55056848376989 166.7026700600982 7.645831279456615 1.277866221964359 5.718713395297527 1.034230843186378 0.1079697757959366 0.6772905588150024 0.120252937078476 3.651053965091705 0 0.7316552177071571 0 6.792787104845047 0 28.90968967229128 0.958006277680397
1230.944329626858 614.8236356675625 12.47568901628256 89.778748691082 17.3315097913146 334.4117999374866 345.735618583858 0.721063107252121 0 1186.367811359465 2.867807254195213 1.896581292152405 119.9210176169872 39.72146680951118 0.9732106924057007 0.1049161776900291 0 0 0 0 0 0 0 0 0 0 0 0 0.0819290354847908 0 19.2763180360198 0.9766555353999138 0.5507023632526398 0 0 0 1.064694158732891 0.7048757672309875 0.2933408915996552 0 0 0 0 0 0 0 21.92312472313643 0.788673534989357 0 0.2541565969586372 0.5296602323651314 0 0 0 7.150381907820702 2.753343537449837 47.93346376717091 69.06867303699255 14.97946517169476 21.92483851313591 0 0 0 0.7603597044944763 2.385866768658161 1.162875220179558 0.3583198338747025 0.1876277327537537 0.1970877796411514 0.2312789484858513 1.179195329546928 1.47642420977354 0 144.3439959958196 4.230944730341434 8.734112873673439 2.077312059700489 0 0.0845729187130928 1.226268239319324 0.08686999976634979 0.09071175009012222 5.045560963451862 0 1.454198114573956 0.6447431817650795 0.09800294786691666 0 0 0 0.3114905655384064 0 0.09814096987247467 0 0.0880248099565506 4.399247765541077 0 0 1.272528409957886 472.0660964846611 2.092783495783806 13.60656537115574 3.51808688044548 8.088867172598839 0.6876961290836334 7.630044117569923 51.74005307257175 1.26958030462265 21.38963487744331 14.18717582523823 0 8.915074363350868 8.264822095632553 7.713860020041466 4.296576201915741 0.1776664108037949 0 0 0 0 0 0 0 0 0 0 0 0 0 0 0 0 0 0 2.43599209189415 0 0 0 0 1.377730414271355 0.6312011480331421 3.804462596774101 0 0.2857537269592285 0 0 0 0 0 0 0 0 0.125178188085556 0 0 0 0 0 0 0 0 0 0.2926845774054527 1.589767754077911 0 0 2.057888925075531 0 0 0 0 0 0 0 0 0 5.334086447954178 0 0 0 0 3.493115067481995 0.2369399964809418 1.072871148586273 0 0 0 0 0.1440315395593643 0 0 0 0 0 0 0 0 2.831045001745224 2.009685456752777 1.287318155169487 159.8695730492473 3.718715131282806 128.5841401442885 34.67785606533289 809.1487955451012 12.76953216642141 0 2.187525555491447 3.037627726793289 0 0.9683601632714272 0 69.87791779637337 0 0.0924028754234314 0 0.5013399571180344 0.8299850821495056 226.4379321634769 5.837906286120415
85.4026703312993 1446.926974564791 246.9676192551851 17.3315097913146 993.4277731254697 0.5494080632925034 2607.179644621909 181.3279597312212 890.3699290752411 1390.951931722462 826.7257378175855 17.70265179127455 1175.059861697257 1434.021551772952 6.181050382554531 0.9757436141371727 0.4562199115753174 0.168283723294735 0 0.1306333690881729 0 0 0 0.2428481727838516 0.387420766055584 0.4760639742016792 0.09021519124507904 0.2418226227164268 0.1280250698328018 0 60.89844724535942 22.24449958652258 5.0505086556077 0.1294296979904175 0 0 11.2686989158392 2.429821714758873 2.26702144742012 0.5094784274697304 1.693655610084534 0 0.1100088059902191 0 0.124352939426899 0.5232625007629395 80.9870318248868 0.8413846492767334 0.400729738175869 0 0.5722753405570984 0.4208377152681351 0 0.3244355544447899 3.398771584033966 1.800264872610569 14.03386161476374 44.83608619868755 11.91286346316338 36.58987912535667 0.3266169205307961 0.7084862738847733 0.633607879281044 22.06994693726301 1.776352114975452 1.132148750126362 0.4572392776608467 0.195253998041153 1.19788447022438 1.770407259464264 26.33160512894392 0.4293511062860489 0 107.0540931522846 15.50468243658543 44.61452107876539 14.56935436278582 1.389487139880657 0.9820033460855484 12.65174625068903 0.4578060358762741 2.706757932901382 4.644297823309898 0 1.288762420415878 0.1588810235261917 0.3503938242793083 0 0.3307994678616524 0 0.08766338229179382 0 1.632646828889847 0.09422547370195389 0 4.74741917848587 1.090836361050606 0 4.828597962856293 18.22720370441675 5.17596997320652 5.17738813906908 5.470477871596813 4.518402501940727 3.367837153375149 27.11088193953037 4.197857163846493 6.332207947969437 27.81148006021976 28.43562550842762 0.4042793437838554 60.9676316305995 46.96819555014372 55.00504543632269 36.51579225063324 0.5506189465522766 0.8209929540753365 0 0 0 0 0 0 0 0 0 0 0 0 0 0 0 0 0 9.389223501086235 0.3027717620134354 0 0 0.5495561957359314 21.55568677932024 4.600760757923126 18.13519719988108 6.630615457892418 1.096148863434792 0 0 0 0 0.1528655886650085 0.6585920676589012 0 0.2787612751126289 1.318275816738605 0 0 0 0 0.5771884322166443 0 0 0 0.8142066672444344 0.860655777156353 0.3860723525285721 0.8901137113571167 0 14.52619305998087 0 0.1100781634449959 0 0 0 0 0 0.1673626005649567 0.1065459921956062 56.54620067030191 0 0 0.09101994335651398 0 21.0893984362483 1.922860026359558 10.14369577169418 0.5842176303267479 0.5264416188001633 0.2819373682141304 0.5795728266239166 0.760060228407383 0 0 0 0 0 0.0852375328540802 0.1289542317390442 0 32.37969586253166 30.3385773897171 21.20414824783802 316.6546663790941 8.217253662645817 279.9714204370975 146.15029194206 39.23017162084579 27.07174224406481 1.087625093758106 25.11764081567526 6.317654520273209 0 5.905095919966698 2.461059875786304 50.3949645832181 0.5683149620890617 0.8823987394571304 0 11.22702521830797 1.129712283611298 27.07048021256924 13.59162355959415
34.60599404573441 33.13635525107384 1.005715265870094 334.4117999374866 0.5494080632925034 5.699686974287033 4.530143409967422 0 0.1759102195501328 427.0914909988642 0.1738653481006622 47.09325167536736 26.75265368819237 4.391876354813576 0.2678718864917755 0.8280420750379562 0 0 0 0 0 0 0 0 0 0 0 0 0 0 4.637539148330688 0.8592602014541626 3.174708753824234 0 0 0 2.578142017126083 0.5882020592689514 0.8476285040378571 0 0 0 0 0 0 0 0.75994873046875 0 0 0 0.3234877288341522 2.246305659413338 0.3976587653160095 0 0.2079635113477707 1.822522222995758 56.20483399927616 4.597388386726379 0.9563246220350266 0.1578291356563568 0 9.738211914896965 0 0.543854832649231 0 0 0 0 0 0 23.6992167532444 137.0624691694975 15.83915013074875 2.29035934060812 0 0.6462726891040802 0.2705836296081543 0.5446867644786835 0 0 0 1.176790669560432 0 5.266521096229553 0.1081870570778847 0 0 5.365876734256744 0.6649481952190399 4.797511801123619 0 0 0 0 0 118.8421670794487 121.243663340807 7.723267465829849 17.5843583792448 123.9525788873434 0 0.7938655614852905 0 0.7017244696617126 0 0.3297277390956879 0.5572028011083603 0 20.06129623949528 0.6665023863315582 0 1.542658299207687 1.816637068986893 0.6709942072629929 0 0 0.1262026429176331 0 0 0 0 0 0 0 0 0 0 0.1584895253181458 0 0 0 0 0 0 0.2265514135360718 0.4142830371856689 0 0 0 0.1857877373695374 0 0.6581643223762512 0.492872953414917 0 0 0 0 0 0.3176383078098297 0 0 0 0 0 0 0 0 0 0 0 0 0 0 0.2189290374517441 0 0 1.767734169960022 0 0 0 0 0 0 0 0 0 1.025975108146667 1.01173922419548 0 0 0 0.1677578091621399 0 0 0 0 0 0 0 0 0 0 0 0 0 0.5024438500404358 0 1.372571736574173 4.198041170835495 1.313481226563454 12.78369273245335 0.7458552569150925 4.637046456336975 1.076318264007568 109.4486064314842 0 0.9395527690649033 0 1.15706792473793 0 0.3724218606948853 0 5.52320770919323 0 0 0 0 0 56.39342558383942 2.340486228466034
287.0482429936528 2561.734565779567 69.63340202718973 345.735618583858 2607.179644621909 4.530143409967422 286.8096484020352 14.67563005536795 569.6384156495333 2133.649722650647 657.4858269840479 65.15997160971165 2403.229359813035 570.215156301856 5.225808061659336 1.965268187224865 0.5448345318436623 0 0 0.1319300979375839 0.1082849949598312 0 0 0.0956663191318512 0.1985994055867195 0.5849314332008362 0 0.5039999634027481 0.2700899094343185 0 46.20923035591841 4.512005873024464 11.22708290070295 0 0.1124545335769653 0 18.32147781550884 2.806763865053654 2.876106068491936 1.059620700776577 2.504618763923645 0.3651774972677231 0 0.248468779027462 0.1194964051246643 0.1772896498441696 82.59300272166729 1.669150121510029 0.4392143413424492 0 0.5967557951807976 0 0 0 5.421022176742554 4.127158224582672 18.73075738549232 55.99502896517515 16.89913014322519 44.76527284830809 0.6259618848562241 2.016307927668095 0.144847571849823 13.46481034904718 2.448175005614758 2.337006866931915 0.4498059079051018 0.8094630837440491 1.586769372224808 1.378565825521946 24.13272344321012 2.865578830242157 0 157.2386352494359 14.68230201303959 38.08142998069525 15.14635075628757 2.893311701714993 0.2698346301913261 3.016891613602638 0.2697092294692993 3.051786333322525 6.554382123053074 0 2.239830873906612 0.4481587707996368 0.785460539162159 0 0.1999652832746506 0.1700939238071442 0.3796636164188385 0.1158713102340698 1.638837270438671 0.4532675817608833 0.08651822060346603 15.77228584885597 1.272354811429977 0 4.737252548336983 38.66739770770073 6.053429424762726 16.53924717009068 59.83652710169554 19.89910533279181 3.631882257759571 46.62886607646942 8.094800904393196 7.717554360628128 90.30431690812111 66.10916890203953 1.566283673048019 101.5617457181215 84.18074422329664 81.65876790136099 52.90216774493456 0.7653423175215721 0.8183329701423645 0 0.2858812510967255 0 0 0 0 0 0 0 0 0.6477305144071579 0 0 0 0 0 0 14.27781073004007 3.283452257514 0 0.9430028200149536 0 32.95730900019407 2.660317108035088 18.20251526683569 8.584539830684662 1.852641940116882 0 0 0 0 0.6299405544996262 0.353300467133522 0 1.679543003439903 1.544288158416748 0 0.1073515191674232 0 0 0.3927567005157471 0.1079046428203583 0.839491218328476 0.2208332866430283 1.591003075242043 3.458266742527485 2.627150744199753 0.1564081907272339 0 17.86024887114763 1.439195036888123 1.223409779369831 0.504084937274456 0 0.243045449256897 0 0.1222165301442146 0 0 89.52505557984114 1.351874381303787 0.1192654520273209 0 0 27.54001712799072 2.398813754320145 9.85129489004612 3.227243341505527 5.058705344796181 2.984034456312656 0.5866245925426483 0.4508950561285019 0 0 0 0 0.1219374090433121 0 0 0 51.72691539674997 40.36779619008303 33.43604218959808 364.7454047873616 8.308900341391563 310.5602538734674 151.5830683857203 97.5371707379818 29.10131672024727 1.490383967757225 29.00479047000408 13.11756862699986 0 18.7245911359787 4.788858085870743 128.6806773915887 1.76025415211916 0.7975796014070511 0.519025981426239 7.70202050358057 2.396093547344208 89.21543937921524 30.71983424574137
115.6398955881596 419.0535471588373 1413.108661845326 0.721063107252121 181.3279597312212 0 14.67563005536795 326.0294048339128 85.49841616302729 2.221263878047466 645.8601708859205 14.75786335766315 75.22329188138247 544.2244354486465 26.42288874089718 9.658697955310345 0.711742140352726 2.246912658214569 0 5.815234027802944 28.71273544430733 1.471875756978989 6.402535147964954 2.671469934284687 3.790668271481991 3.78846924751997 0.6782001852989197 1.268001802265644 0.1118588149547577 0 1128.400641486049 1153.50431984663 134.1143650263548 0.4209838584065437 2.984417080879211 7.714883349835873 71.13863293081522 52.44224943965673 9.085297949612141 1.741792425513268 105.8415633291006 17.08556373417377 21.03437829017639 5.072397723793983 0.5756120234727859 1.162019923329353 164.904303856194 3.631847210228443 2.747954778373241 15.07361076027155 14.18639909476042 6.94247829914093 0 0.7380049005150795 6.448950104415417 4.210216857492924 43.76243056356907 186.6323588192463 19.49814863502979 64.56659092754126 65.58901236951351 72.4121572971344 0.3901078253984451 323.1282248347998 1.752676784992218 1.634821370244026 3.785421170294285 3.091321237385273 46.52712163329124 152.5067545250058 39.25883436948061 2.127472214400768 0 196.3421283960342 73.61545682698488 114.1716221347451 108.2462656497955 98.3262220621109 650.5416611135006 1689.900365404785 106.5158211663365 1596.374128654599 8.57472475618124 0 1.831810049712658 0.8746419697999954 8.838226325809956 0.3217579424381256 0.4748182892799377 0.147277295589447 0.8554933816194534 0.5236646831035614 89.55993454158306 12.09428597986698 7.506389640271664 5.331470847129822 2.736750833690166 0 5.007424876093864 129.3302070572972 0.8037079200148582 0.1693116128444672 0 0.5574680119752884 0.3452922999858856 3.504872769117355 0.1869732588529587 0.947820782661438 4.025005504488945 4.427124753594398 0 8.531658560037613 8.92679052054882 6.454232655465603 7.775323964655399 0.5783531665802002 0.2461633756756783 0 0 0 0 0 0 0 0 0.2547291219234467 0 1.273216009140015 0 0 0.2999680936336517 0 0.434195876121521 0.3321473300457001 3.996627643704414 0 0 0 0 5.517059378325939 0.2931700944900513 5.016607880592346 1.814963556826115 0.7988883852958679 0.9594657123088837 0.1465274840593338 0.2259867638349533 0 1.055098071694374 0 0.2857516407966614 0 0.5881198942661285 0 0.1037357747554779 0.6456629633903503 0.7992722988128662 0.5716863721609116 0 0 0 0.3582945466041565 0 0 0 0 7.443875759840012 0 0 0 0 0 0 0 0 0.3229123651981354 15.38192833960056 0.2872942388057709 0.1114413514733315 0.5791705250740051 1.601524256169796 4.280377849936485 0 4.838393896818161 0.4071879684925079 1.515102207660675 0 0.1097623109817505 0 0.2220766544342041 0 0.175432413816452 0 0.1543652564287186 0.8494106158614159 0.3947084322571754 0.1030283197760582 10.61983440816402 15.68176187574863 8.114202111959457 320.7446702793241 30.42476277053356 397.7186371162534 174.2392782568932 45.10951555520296 26.90898180752993 0.4564357399940491 29.38846043497324 4.566765114665031 0.4419625401496887 0.7521408796310425 1.859344244003296 6.468522593379021 0 0 0 17.59171792119741 0 16.6406824439764 2.348538517951965
11.53258849680424 271.5005264729261 404.0432108342648 0 890.3699290752411 0.1759102195501328 569.6384156495333 85.49841616302729 24.56474655866623 129.2709647193551 150.5893832594156 25.93483601510525 887.9364602565765 427.0007491856813 3.812667362391949 1.872171491384506 0 0 0 0 0.2706208378076553 0 0 0 0.2094455435872078 0 0 0.1154812797904015 0.1385740339756012 0.09212571382522583 23.95206827670336 9.067018188536167 6.27167821675539 0.1078007966279984 0.1024332195520401 0 5.306826166808605 0.858222484588623 0.9480913355946541 0.4066211208701134 1.559889666736126 0.1054752320051193 0.3684758394956589 0.4027877673506737 0 0 33.73520351946354 0.2055884599685669 0 0.09156236052513123 0.6886832192540169 0 0 0.5860205590724945 1.066466011106968 0.5184054188430309 4.162137813866138 12.03230540454388 3.804623045027256 16.68694449216127 0.1147472858428955 1.25262313336134 0.9462587237358093 7.222890093922615 0.2563253343105316 0.1731852516531944 0.2578523755073547 0.3367555886507034 0.2397031858563423 0.711282029747963 10.2766562923789 2.651970356702805 0 37.48100266605616 5.043722815811634 18.41825327277184 9.297943741083145 1.335025258362293 0.483526736497879 1.129719667136669 0 2.127531088888645 2.195507220923901 0 0.622428797185421 0.1441173553466797 0.2796349823474884 0 0 0 0 0 1.160522937774658 0.1414536833763123 0.2467320784926414 2.393509291112423 1.139753252267838 0 1.504532352089882 4.114007122814655 0.5180662125349045 0.9734485000371933 2.364149764180183 1.28812937438488 1.699039548635483 9.96574842184782 1.892667800188065 0.4455817937850952 9.402872748672962 12.77602439373732 0.1154222041368484 20.33951541781425 18.9426436945796 24.16027631610632 15.99458699673414 0.4314366579055786 0 0 0 0 0 0 0 0 0 0 0 0 0 0 0 0 0 0 3.02768363058567 0.2983952909708023 0 0 0 7.499053902924061 2.042747020721436 4.864218175411224 4.236756846308708 0.7577576637268066 0 0 0 0 0.6685800403356552 0 0 0 0.1565158665180206 0 0 0 0 0 0 1.26358038187027 0 0.08266140520572662 0.4998963177204132 0.3279447332024574 0 0 8.475023210048676 0 0 0 0 0 0 0 0 0 19.75959688425064 0.2878882884979248 0 0 0 6.829816669225693 0.6653230339288712 5.790489464998245 0 0.3246055170893669 0.237957663834095 0 0 0 0 0 0 0 0 0 0 14.56756722927094 13.54319906234741 8.666957601904869 150.0514310523868 4.017507515847683 105.953086361289 62.96551905572414 12.64072160422802 11.72736468911171 0.614961102604866 15.68696244060993 0.6779017522931099 0 1.082385271787643 0.9626190215349197 15.86579444259405 0 0 0 8.391718573868275 0 10.30845022201538 4.520734392106533
1574.28073990345 1326.961923591793 11.13670384883881 1186.367811359465 1390.951931722462 427.0914909988642 2133.649722650647 2.221263878047466 129.2709647193551 1142.815667569637 30.19319002330303 176.8260226473212 7821.107912570238 452.327419154346 7.004200994968414 1.34044124931097 0.5058583915233612 0.1629487723112106 0 0 0.1521281450986862 0 0 0 0 0.1707224398851395 0 0.167310044169426 0.1440655589103699 0.4103034883737564 28.68751119077206 1.054904296994209 30.22699992358685 0 0 0.7239850610494614 31.18826606869698 2.101564005017281 2.360425405204296 0.1017883121967316 1.962865665555 0 0.116365060210228 0.7726917490363121 0 0 57.34627765417099 0.7322301119565964 0.6147013679146767 0.2633624374866486 0.5648478046059608 0 0.3925119042396545 0 9.45254871994257 4.843750491738319 76.44602030515671 72.08806125074625 25.54732727259398 41.15521615743637 0.1754013448953629 1.558001354336739 0.3631460666656494 10.00686044245958 3.725377447903156 1.645361818373203 0.5953207686543465 0.6547141820192337 1.144908718764782 2.186075381934643 42.2938033118844 4.272558972239494 0 192.9221577569842 10.98481938242912 26.47668891400099 8.620118916034698 0.8391121700406075 0.9146759137511253 2.989125639200211 0 3.528391055762768 7.455048352479935 0 3.14427524805069 0.8054586499929428 0.3754566162824631 0.1434027552604675 0.3224093466997147 0 0.3334842622280121 0.08821547031402588 1.37268090993166 0.9275877922773361 0.1958056390285492 88.42809271812439 10.88421019911766 0 9.776209227740765 495.6311100944877 20.94718012958765 100.1140695810318 73.2245962023735 84.71733620017767 10.64885784685612 132.8818962201476 39.94370456039906 21.95527896285057 186.3034131601453 228.1781871244311 3.618036180734634 290.2640432864428 298.8080960512161 258.9355755448341 154.4535303413868 2.253474332392216 1.203029729425907 0 0 0 0 0 0 0 0 0 0 0.5055311322212219 0 0 0.1218664273619652 0 0 0 25.77186010032892 9.206798300147057 0 0 0 67.56727357208729 3.909748390316963 41.96597159653902 20.50082705914974 3.897577404975891 0 0 0 0 0 0.5361121296882629 0 0.9640498086810112 3.493997633457184 0 0 0 1.116404354572296 0 0.1022346168756485 0.4412499666213989 0.1441932767629623 6.133468121290207 2.93318559974432 11.53157462179661 0.4926922023296356 0 56.17859782278538 4.14044763147831 0.1700416803359985 0.6914489418268204 0 0 0 0 0.129108339548111 0 183.6349996477365 5.490778282284737 0 0.2977171987295151 0.1096684187650681 72.35525719821453 4.6666080057621 31.20059677958488 2.072801508009434 6.210963219404221 1.893852561712265 0 0.4124835431575775 0 0 0 0 0.1089176759123802 0 0 0 121.7777454778552 88.19851417839527 47.57291037589312 793.0909706130624 12.07647028565407 289.4808283299208 136.1593874022365 1227.267200373113 34.56301312893629 7.206409871578217 32.75900272279978 39.65957026928663 4.341385841369629 19.08858080208302 10.96242790669203 920.0639551132917 0.9470639079809189 0.8095625191926956 0 9.434811763465405 1.390646368265152 997.3711479753256 133.5840853080153
91.39822199195623 849.4164463058114 2073.575724333525 2.867807254195213 826.7257378175855 0.1738653481006622 657.4858269840479 645.8601708859205 150.5893832594156 30.19319002330303 574.8083609044552 13.87869934737682 1534.302948758006 1530.623696163297 5.530961759388447 1.130177229642868 0.2540975138545036 0 0 0.5370534583926201 0.1121472269296646 0.2722913026809692 0 0 0 0.268091693520546 0 0.1642227619886398 0 0 251.2757086679339 44.45574352890253 63.86584901064634 0 0 0.7328473702073097 31.40957295894623 8.129992097616196 1.815725281834602 0.09352507442235947 9.439816527068615 0.1429771035909653 0.3864801228046417 0.3453598618507385 0 0.4786294177174568 24.75032629817724 0.3451256603002548 0.2424857914447784 0.4810316115617752 1.223711766302586 0 0 0.2091659754514694 0.9696079641580582 0.5963155701756477 6.389679558575153 22.73579296469688 3.136062540113926 10.67705334722996 0 1.756422877311707 0 15.61229717731476 0.6371232345700264 0.07043394446372986 0.2473470643162727 0.2424712628126144 1.401484295725822 4.529841460287571 11.81131040304899 0.1616247296333313 0 37.64049376547337 6.74487791955471 17.43873611092567 9.54463404417038 4.151066444814205 240.0830552130938 427.877346560359 0.1160320267081261 19.31073518097401 1.16736625880003 0 0.312967911362648 0 0.5320825055241585 0 0.1184819415211678 0 0.6122021526098251 0.2054901421070099 4.532624714076519 0.9341623559594154 1.375864915549755 1.10853636264801 0.465951681137085 0 1.154242143034935 27.970927298069 0.3599361777305603 0 0 0.3128749132156372 0 0.4783656150102615 0.2054599821567535 0 0.8723629713058472 1.39093154668808 0 1.447981774806976 2.52188141644001 1.247426770627499 2.576563805341721 0 0 0 0 0 0 0 0 0 0 0 0 0 0 0 0 0 0 0 0.706805907189846 0 0 0 0 0.8148516342043877 0 0.4430492743849754 0 0 0 0.1304102689027786 0 0 0 0 0 0 0.2983031570911407 0 0 0 0 0.1152902618050575 0 0 0 0 0 0 0 0 0.9092693775892258 0.2978983521461487 0 0 0 0 0 0 0 0 1.895169362425804 0 0 0 0.3079360723495483 0.5223014503717422 0 1.053550720214844 0 0 0 0 0 0 0 0 0 0 0.3887244760990143 0 0 1.367280423641205 4.178382232785225 1.298323474824429 68.48180431872606 3.043161444365978 75.3243895098567 36.50166433304548 10.07321964949369 5.250611551105976 0 7.703994601964951 0 0 0 0 0.835739329457283 0 0 0 4.96298260986805 0 5.652901723980904 0.9391283690929413
18.55375605821609 28.04304265230894 7.42793707549572 1.896581292152405 17.70265179127455 47.09325167536736 65.15997160971165 14.75786335766315 25.93483601510525 176.8260226473212 13.87869934737682 22.51363152265549 573.8718515262008 150.1538239568472 24.18829242140055 13.39118118584156 2.036770731210709 0 0 0 0.1264287829399109 0 0 0 0.1073595583438873 0 0 0 0.1281325072050095 0.1044417396187782 2.921496734023094 3.415794491767883 149.0801894590259 0.1322189420461655 0 0 278.707771293819 36.0416626855731 12.67348229885101 0.2449541687965393 3.279484391212463 0.5072691738605499 0 1.550432629883289 0 0.1272931545972824 39.64562553912401 0 0 0.8546111062169075 0.2404108494520187 0 0.1698613911867142 0 0 0 4.626524247229099 5.276057988405228 0.8948093429207802 6.616808354854584 0.2186297997832298 1.99316119402647 0 18.51825973391533 0.09093635529279709 0.3082494735717773 0.1376142203807831 0 0.7710723206400871 0.4350425973534584 150.4631719663739 13.61399677395821 0.1698110550642014 14.90433660149574 8.601367093622684 29.82077262550592 23.24759659171104 8.497507348656654 3.342333115637302 78.1612838357687 0.1143527254462242 2.708426579833031 0.4720165878534317 0 0.08667393028736115 0 0.2301526963710785 0 1.070971846580505 0.1173787266016006 0 0 0.8267091810703278 0.2652933895587921 1.814825557172298 580.7819485813379 75.44463767111301 0 30.45968475192785 58.37894411385059 7.632961183786392 27.40108846127987 27.0932594910264 26.30578402429819 4.249602004885674 78.26735610514879 25.23015290498734 13.18853431940079 99.61752997338772 118.4798809811473 1.603205054998398 206.2558267042041 220.0793661549687 201.6474953964353 89.80212429910898 0.7035538032650948 1.128488175570965 0 0 0 0 0 0 0 0 0 0 0.1395571082830429 0 0 0 0 0 0 16.63371647149324 2.009858950972557 0 0.2155207246541977 0.5582137703895569 31.31073319166899 1.395399183034897 12.58993637561798 5.45560871809721 1.456673011183739 0 0 0 0 0.2575164139270782 0.1408432275056839 0 0.3459695652127266 1.441361531615257 0 0.3986018300056458 0 0 0 0 0.255661353468895 0 2.798345856368542 3.154389694333076 3.598266020417213 0 0 13.11267650127411 2.0074083507061 0 0 0 0 0 0 0 0 128.345258012414 7.69765567779541 0.2372097969055176 0.1628750264644623 0.1387889832258224 20.84640766680241 0.7420191764831543 9.885799653828144 1.942341089248657 2.504854246973991 0.3318703323602676 0.6862306445837021 0 0 0.2053724527359009 0.4345414042472839 0 0 0 0.4502944797277451 0 116.4378078132868 39.17028967291117 16.83085966855288 279.6741932630539 3.428212150931358 101.8278178945184 109.1068301647902 101.7495335564017 5.622270137071609 0 23.92372055351734 8.679299660027027 0 5.113768301904202 1.712721854448318 181.2960107848048 1.909627765417099 0 0.1386812478303909 23.3934815376997 2.626535594463348 585.4089811593294 136.4866946190596
46.79985568672419 1121.02325873822 222.1973078846931 119.9210176169872 1175.059861697257 26.75265368819237 2403.229359813035 75.22329188138247 887.9364602565765 7821.107912570238 1534.302948758006 573.8718515262008 1477.334085717797 2754.557155966759 51.08442445844412 20.10317343473434 2.361309885978699 0.1169331222772598 0 0.4135408699512482 0 1.098018482327461 0.2392387092113495 0.1136856526136398 2.425745315849781 0.3382493183016777 0 0.1315082460641861 0.1127742454409599 0.2421846687793732 31.04581840336323 9.507346697151661 491.1233809292316 0.1513523310422897 0 2.395907945930958 233.0166748762131 227.5722393319011 15.85829037427902 0.4988408163189888 22.15405148267746 3.332258760929108 1.41801954805851 2.378693602979183 0 0.123664453625679 109.8459357991815 0.5781310498714447 0.4830615147948265 2.21620799601078 4.230265334248543 3.734578996896744 0 0.8315048813819885 1.811596073210239 1.294541917741299 10.13679896295071 24.12288346141577 4.379667818546295 25.56884584575891 0.8517656624317169 20.73483268916607 0.5422333478927612 43.59304657578468 0.3560474216938019 0.2518147453665733 1.256434701383114 0.4925678446888924 7.865684174001217 8.484601497650146 107.8819943368435 9.821881219744682 0 60.72505035996437 26.32607931643724 81.09768610447645 49.66322988271713 19.95639141649008 10.3771798312664 230.6074246764183 0.2272202968597412 26.88535725325346 1.84033939242363 0 0.736417144536972 0.1609661132097244 1.119965128600597 0 0.3511919528245926 0 0.1063899844884872 0 10.93997151404619 2.873797312378883 3.765389934182167 472.83621237427 25.43275032192469 0.1706277579069138 10.80703572928905 52.59458034485579 10.75509634613991 54.03747243434191 43.96671635657549 53.06919702142477 9.224983043968678 127.4252275004983 33.2826272547245 29.52972756326199 237.7081665471196 193.5456317216158 1.735396526753902 343.1554462537169 330.5241379588842 297.1167721524835 134.102551817894 1.992688827216625 0.342740036547184 0 0 0 0 0 0.1153629496693611 0 0 0 0 0.2461320608854294 0 0 0 0.1106608435511589 0.3703022003173828 0 28.07638956606388 6.606876581907272 0 0 0 48.83104980736971 5.188290908932686 30.53351703286171 9.508462198078632 1.617446452379227 0 0 0 0.2568774223327637 0.6163671165704727 0 0 0.9652502685785294 1.664374180138111 0 0 0.5148995667695999 0 0.1079310551285744 0.2788442075252533 0.386980339884758 0 1.803430274128914 2.887863390147686 9.518666163086891 0 1.253675818443298 35.30761352926493 2.909314692020416 0.748970590531826 0.104632630944252 0 0 0 0.09720047563314438 0.2638552337884903 0.1134414449334145 189.2875656560063 8.038795746862888 0.7561263144016266 0.215200275182724 0.8451587408781052 42.92339781671762 1.957009822130203 19.33749359101057 2.709316343069077 5.291331700980663 1.883992567658424 0.2820883691310883 0.9116106778383255 0 0.2426588386297226 0.287638783454895 0.7070330604910851 0.4178201705217361 0 0.1727177649736404 0.2900485992431641 138.368034504354 63.19388556480408 37.25946065783501 715.5195406153798 7.90904026478529 336.2622574344277 298.4118156209588 144.3470949456096 24.76191618293524 0.9840463548898697 61.84184228628874 17.91038957983255 0.1571418195962906 5.409241065382957 4.990564182400703 469.4418159276247 0.6757680177688599 0.2098325490951538 0 39.02767515182495 0 673.8229140266776 168.8038718402386
157.1416435465217 1347.193919494748 1486.055102266371 39.72146680951118 1434.021551772952 4.391876354813576 570.215156301856 544.2244354486465 427.0007491856813 452.327419154346 1530.623696163297 150.1538239568472 2754.557155966759 811.1842023432255 30.75769421458244 13.55445116013288 2.253301426768303 0.6530447900295258 0.2020255103707314 0.6682613044977188 1.385827735066414 0.7778590172529221 0.5832553505897522 0.2065435573458672 1.230194889008999 0.2399372607469559 0.22533318400383 0.3474917709827423 0.1462913155555725 0 183.0215975046158 40.69834845513105 637.7208301275969 0 0 2.08080155402422 719.2985082343221 76.85053384304047 15.97017247229815 1.605127707123756 31.47821755707264 3.416307523846626 1.230620950460434 2.267427176237106 0.1319914311170578 0 96.60002594441175 1.039757445454597 0.9006897509098053 4.164743334054947 4.833115972578526 4.13009874522686 0 1.23261684179306 2.847687505185604 1.849617995321751 16.03985460847616 62.99212320148945 8.603351168334484 33.29184886813164 1.114087238907814 12.25714184343815 0 55.53337075561285 2.217884793877602 1.472529254853725 1.665842615067959 0.833957202732563 5.087399072945118 16.52680862694979 94.03891012072563 1.732196047902107 0.1731069684028625 104.9215499609709 24.57506739348173 77.38045091927052 47.56475242972374 14.29278972744942 9.915463760495186 177.7668363898993 0.466509535908699 24.5412615314126 3.99806485325098 0 1.507009468972683 0.6925001889467239 1.61189229041338 0 1.028829656541348 0 0.4869177639484406 0 18.9552690461278 4.502854555845261 6.474797368049622 62.80002696067095 2.842473588883877 0 4.565341368317604 51.81075508147478 6.217952415347099 18.46865267306566 10.0669164583087 13.17346630990505 2.387221366167068 43.60483951121569 12.62649618089199 6.930152371525764 55.30534794926643 64.55430905520916 0.8276900425553322 95.7292647138238 100.3687338083982 96.08952153474092 50.52504882216454 0.4347470849752426 0.4724845588207245 0 0 0 0 0 0 0 0.4805295765399933 0.1993591636419296 0 0 0 0 0 0 0.3983339369297028 0 9.783963292837143 1.659328147768974 0 1.311503410339355 0 19.96330738812685 0.6415311098098755 14.04565590620041 4.07740243524313 0.1259992122650146 0.4317463040351868 0.4603036046028137 0 0 0.5830108374357224 0.3965615630149841 0.4073401093482971 1.028572052717209 1.113530047237873 0 0.1394111961126328 0.5750837475061417 0.3124034851789474 0.1201075166463852 0 0.3436654210090637 0 0.8474018573760986 0.5575940385460854 7.654350012540817 0 0 11.31271106749773 0 0 0 0.146314412355423 0 0 0 0 0.5234821364283562 63.95314002037048 1.832612887024879 0 0.2875536978244781 1.047094643115997 18.31018141657114 2.245754465460777 8.533653430640697 2.610356852412224 1.311567097902298 0.2328366935253143 0.254522442817688 0 0 0 0.2871723473072052 0 0 0.3983790650963783 0.2755784317851067 0.2369947731494904 45.67062221467495 25.18101264536381 17.46671876311302 416.7548575103283 8.342229969799519 300.7038545012474 201.3296348303556 53.52460290491581 16.63195369392633 0.9711041897535324 42.02975814044476 5.822022885084152 0 3.712496891617775 1.450818762183189 141.3612624928355 0 0 0 23.74445661902428 1.865563988685608 133.2432366684079 48.52667421102524
