208.9490349590778 2463.181844867766 743.7881904691458 643.4467356055975 211.9067032039165 126.5869903862476 360.2316064313054 112.0821568220854 44.66343292593956 494.0144121348858 263.1010165587068 74.44636411219835 95.8890695348382 161.0301528051496 12.94037175923586 0.8640364333987236 1.335837371647358 0 0 0 0.2170966267585754 0.3472379595041275 0 0.2069088518619537 0.6031670197844505 0 0.09590538591146469 0.2074723690748215 0.1216507703065872 0 1013.179033383727 7.891275562345982 23.24101589620113 0.186372771859169 0.2708662152290344 0.4329268634319305 14.51768873631954 1.522478319704533 1.600021615624428 0.1012809723615646 0.7770654857158661 0.6529224514961243 0.177179679274559 0.29953333735466 0.1357834488153458 0 95.34408222138882 0.7951026111841202 0.2115135118365288 0.1255025267601013 0.09202008694410324 2.967894613742828 0.1270196288824081 0 2.009679049253464 4.078815251588821 51.60879184305668 284.6852858811617 15.80692879855633 107.02165594697 1.339990049600601 1.409897483885288 1.967296168208122 30.80257859826088 2.287093006074429 3.277458056807518 2.112072661519051 0.8395159840583801 0.1297304481267929 0.3088880963623524 18.07881816476583 9.359827943146229 0.6022035926580429 129.4493368417025 23.84678114205599 94.82960041612387 22.62293656915426 1.032689429819584 0.9272934198379517 47.22817374020815 0 12.57370989769697 3.550430968403816 0 1.530947752296925 3.889715231955051 0.4886359125375748 0.1961895599961281 0.7707236483693123 0 0 0.1226821839809418 0.8878614827990532 0.9082023948431015 0.7564616054296494 110.2586425691843 11.05431433022022 0.841851219534874 7.118742577731609 363.4636266306043 0.4517628848552704 6.669559195637703 2.485025241971016 3.108274549245834 0.9067027419805527 6.977793708443642 3.45327565073967 1.196895852684975 5.633868746459484 12.9165618121624 0 2.624333068728447 8.216692805290222 5.435771383345127 1.487963512539864 0 0 0 0 0 0 0 0 0 0 0 0 0 0 0 0.1784269064664841 0 0 0 0.09899072349071503 0 0 0 0 2.460753783583641 0 1.717619590461254 1.199578076601028 1.071502648293972 0 0 0 0 0 0 0 0 0 0 0 0.09113259613513947 0 0 0 0 0 0 0 1.787899151444435 0 0 0.2401890605688095 0 0 0.4517930448055267 0 0 0 0 0 0 3.543069563806057 0.2058538347482681 0 0 0 0 0 0 0 0 0 0 0 0 0 0 0 0 0 0 0 4.991806820034981 0.1872024834156036 2.135902062058449 217.5597944557667 6.524689212441444 136.5013696923852 8.631903633475304 443.828461125493 6.931651867926121 0.3114864155650139 6.24962554872036 5.214357390999794 0 0 0 26.38919952511787 0 0 0 0.5588649660348892 0 269.8902339488268 7.556424558162689
2463.181844867766 1533.50581420958 1760.342996582389 2044.393040329218 1719.015947632492 280.0985883697867 2691.310986720026 569.2032479643822 1647.383757889271 3113.430412903428 1965.895264714956 454.882226228714 2184.513585604727 1923.513230890036 85.7123309597373 34.53234811872244 8.832707248628139 0.2557616680860519 0.7647003903985023 0.478603295981884 0.8972833380103111 0.5503471344709396 0.4108731523156166 0.5263479873538017 2.358928591012955 0.2892342805862427 0.49449223279953 0.7847116440534592 0.9373676255345345 0.3621363565325737 2744.47850971669 268.425948522985 96.86991108953953 2.107461676001549 0.6341348066926003 2.111493028700352 51.24561127275229 3.752012632787228 7.913814961910248 1.978466413915157 1.768837675452232 4.813818499445915 0.9587667137384415 4.080681703984737 1.094648741185665 0.284479022026062 335.6002448052168 2.237885013222694 0.5967618897557259 0.6085374131798744 0.2297165989875793 3.255128622055054 1.295480512082577 2.242894291877747 4.38680699467659 9.788504503667355 99.24836091697216 413.9938865154982 24.53293734788895 151.0541813969612 6.926565296947956 16.81306471675634 2.287356540560722 98.97502060979605 4.14193956553936 5.629998460412025 2.838460192084312 1.889566890895367 1.385449051856995 4.234567172825336 37.44829797744751 7.327682077884674 0.7373533248901367 261.1301918402314 88.62409025430679 421.0441924780607 284.1163707748055 24.11859721690416 6.060764253139496 189.2101728022099 0.5219060257077217 68.11355976760387 7.588156923651695 0.08840209990739822 2.258538857102394 6.611290104687214 0.54255311191082 0 0.381439708173275 1.093681871891022 0.08190728724002838 0.1095562279224396 9.617971755564213 1.852537237107754 2.367017954587936 118.2428952381015 2.43145926296711 0.9017879068851471 14.47684359550476 881.4937641471624 0.3645619377493858 7.839077547192574 4.263351380825043 4.433734811842442 1.530663840472698 23.04267568141222 7.077658213675022 1.524807222187519 9.103046245872974 29.38974507898092 1.50590892881155 7.217647649347782 28.8814984858036 14.23424264788628 8.093466758728027 1.335736095905304 0 0 0.1275816857814789 0 0 0 0.2104634195566177 0 0 0.2276241630315781 0 0.9355416595935822 0 0 0.5435083955526352 0.09669916331768036 0 0 1.291076876223087 1.056247591972351 0 0.372896283864975 1.624050378799438 19.17383968085051 2.670438416302204 17.74915991723537 10.47863055020571 4.55749474465847 0.1241479441523552 0 0 0 0 0.5629954040050507 0.3290092945098877 0 0.7104036659002304 0 0.4312397986650467 0.3000527620315552 0.4392029047012329 0 0 0 0 0 0 1.263167902827263 0 0 4.786216214299202 0 0.4217435121536255 0 0 0 0 0 0 0 26.17571335285902 0.9091538637876511 0.1120385825634003 0 0.4139605760574341 2.033557251095772 0.9352353066205978 0.2514256536960602 0.3519529402256012 0.2130715847015381 1.596167631447315 0.09443296492099762 0.5051583349704742 0.09504912048578262 0 0 0 0.1933829113841057 0.1930522918701172 0 0 21.63302756100893 3.849104702472687 13.21343809366226 806.6818982437253 51.66639129817486 453.4718390777707 98.67365561425686 508.6515297591686 45.49190507829189 4.887465253472328 74.66974832117558 14.6853452026844 0.282509408891201 3.189425908029079 1.089048683643341 25.75166889280081 0 0 0 9.281089976429939 0.9443643391132355 218.3122391849756 31.52010606229305
743.7881904691458 1760.342996582389 722.0840557143092 116.1486495733261 760.4919877126813 25.84678785502911 87.49346690624952 2098.463792085648 866.7260605320334 146.5124609395862 3072.562218666077 91.58312405645847 244.3019815981388 953.9196742773056 18.79243622720242 9.670143291354179 1.851810820400715 0 0 0.1767558678984642 5.186853729188442 1.341632716357708 0.4314070269465446 0.6071317791938782 5.039161443710327 0.4213729053735733 0 0.2719278931617737 0.2306613177061081 0.3444921225309372 1839.061453834176 791.6415704786777 137.4796613901854 0.3636544123291969 0.5324167907238007 3.859218560159206 46.51362919807434 4.139603026211262 4.141105584800243 2.046826742589474 7.548307560384274 10.1504510268569 1.010910257697105 0.289015606045723 0 0.7383197396993637 69.05429626256227 0.6110884919762611 0.3627780377864838 0.9912556931376457 0.7362667322158813 3.54727466404438 0.4347536712884903 3.579355105757713 0.909316211938858 2.541150391101837 43.15136798471212 255.9178578332067 11.58200290799141 54.81093765795231 16.11338533461094 17.2101536989212 0.4853079169988632 174.6432721540332 1.83526398986578 2.273725938051939 0.6794039830565453 0.8302224576473236 2.619658455252647 12.13128148019314 25.27522526681423 1.169716410338879 0 120.2500898018479 60.26670937240124 106.8721154406667 68.15016873925924 4.515735879540443 64.9624587148428 641.2325757145882 3.482758648693562 156.2836285382509 2.173993185162544 0 1.36433233320713 2.691586062312126 0.8417728617787361 0.2840516641736031 0.4879106059670448 0.1929067745804787 0.2092005237936974 0.8019385859370232 21.78928833454847 4.524884983897209 3.235999077558517 7.526487059891224 0.5259403884410858 0.1325342953205109 1.561984501779079 160.8711488470435 0 1.347087010741234 0.345604419708252 0.5092328935861588 0 1.334239661693573 1.589697867631912 0.5421396940946579 0.4734177812933922 0.8410152345895767 0 0.6541870012879372 1.919699609279633 1.200885154306889 0.1201134622097015 0 0 0 0.1262274831533432 0.2061946392059326 0 0 0.3745604529976845 0 0.1129277795553207 1.035092614591122 0 0 0 0 0.2198947966098785 0 0.3440669775009155 0 0 0.1955301016569138 0 0 0 1.140657432377338 0 1.448768645524979 1.069187097251415 0 0 0 0.116454005241394 0 0 0 0 0 0.1396876126527786 0 0 0.3609741032123566 0 0.6199716031551361 0 0 0 0 0 0.3099721670150757 0.1469014286994934 0 0.3518053516745567 0 0 0 0 0 0 0 0 0 2.28230993449688 0.1399008631706238 0.1844611316919327 0 0.2099378108978271 0 0 0 0.1522120833396912 0 0 0 0 0 0 0 0 0 0.2182580605149269 0.09570940583944321 0 2.702148102223873 0 1.611718252301216 99.09716545790434 9.087063133716583 93.07658093422651 16.03247570991516 68.85653445124626 7.25148493796587 0.8892636299133301 10.16806846857071 2.807341389358044 0.3677104264497757 0.5484993457794189 0.1198500394821167 1.934929698705673 0 0 0 2.141798034310341 0 25.74853022396564 1.477108240127563
643.4467356055975 2044.393040329218 116.1486495733261 270.6330106854439 190.6355739682913 254.5049743950367 540.7125469744205 1.820216938853264 8.657181143760681 2326.608506396413 16.87706169486046 1553.472458764911 1328.233210861683 70.50604084134102 4.433572292327881 0.8326565623283386 0 0 0 0 0 0.1331798285245895 0 0 0.1971178948879242 0 0 0.156420886516571 0 0 65.08744536340237 3.447616517543793 1.366990931332111 0 0 0.116570271551609 2.212031170725822 0 0.4129147827625275 0 0 0 0 0 0 0.1363469958305359 26.96628051251173 0 0 0 0 1.925024390220642 0 0 0.09909468144178391 1.460667803883553 8.318237073719501 47.09789462387562 2.216826267540455 21.29634694755077 0.498894527554512 0 1.855895757675171 4.974577680230141 0.7629725933074951 0.5005477592349052 0.1581742316484451 0.08693601191043854 0.1394106298685074 0 5.28778613358736 4.367622375488281 0.3993306532502174 25.75778502970934 5.553492434322834 31.24937712401152 9.699037291109562 0 0 1.186083316802979 0 0.1311194449663162 1.22343997657299 0.1063065230846405 0.5445596873760223 0.2787844091653824 0 0 0.08566480875015259 0.3141148537397385 0.10398118942976 0 0 0 0.4811820164322853 92.66939921677113 2.773126155138016 0.2863117754459381 1.87753327190876 77.3155096322298 0.7290493026375771 6.919373601675034 2.931450426578522 1.889106675982475 0.3014252483844757 6.128061294555664 1.562518425285816 0.6235675513744354 5.302576169371605 12.23277374356985 0 3.83473563939333 9.031109042465687 4.073671542108059 0.8477279618382454 0 0 0 0 0 0 0 0 0 0 0 0 0 0 0 0 0 0 0 0 0.1136736646294594 0 0 0 0.7582987248897552 0.2418109476566315 1.031526520848274 0.4861507713794708 0 0 0 0 0 0 0 0 0 0 0 0 0 0.1872184425592422 0 0 0 0 0 0 1.993573024868965 0 0.5860296487808228 0.8489462733268738 0 0 0 0 0 0 0 0 0 4.997897565364838 0.2427874505519867 0 0 0 0 0.4010762572288513 0 0 0 0.1284690350294113 0 0 0 0 0 0 0 0 0 0 5.085847914218903 0.3911275416612625 1.403901949524879 93.2466751113534 3.359911866486073 35.76859198510647 3.7754270657897 238.3911803662777 2.694941334426403 2.165165156126022 1.024579592049122 5.299134239554405 0 0.1291980445384979 0.443815141916275 13.40984034538269 0 0 0 0 0 183.6442013308406 7.723241865634918
211.9067032039165 1719.015947632492 760.4919877126813 190.6355739682913 1897.586205027997 9.917942203581333 1788.641262315214 305.8109412491322 6381.720102801919 631.2935818433762 1877.154603049159 84.87595966458321 895.9646893069148 1510.852290458977 18.70097368210554 17.62618250399828 2.798320628702641 0.1161399260163307 0 0.4391761720180511 0.2475191354751587 0 0 0 1.159959107637405 0 0 0 0.6173802092671394 0.1033386141061783 75.07549146562815 11.23559838533401 16.5962877124548 0.2732226252555847 0.1626112908124924 0.1209328547120094 13.31089330464602 0.5029576048254967 1.603257283568382 0.6300345733761787 0.4504186660051346 1.547507517039776 0.3423454165458679 0.6617372632026672 0.3264924585819244 0.1710234135389328 54.73115485161543 0.1826570853590965 0 0.1139329448342323 0 0.6056831181049347 0.5834051370620728 1.018919922411442 0.3712988942861557 0.562735915184021 10.23387004435062 42.00834848731756 2.749047927558422 16.33214356005192 1.697607055306435 5.976542301476002 0.5359936207532883 13.22696563601494 0.3336691111326218 0.5135749652981758 0.07342837005853653 0.09242932498455048 0.3573303669691086 1.014835648238659 8.379268616437912 1.274912774562836 0.1216998770833015 37.61048014461994 19.20360311120749 72.00626544654369 67.36349046975374 6.981113769114017 1.580708608031273 13.83715298771858 0.202333465218544 11.07825198024511 0.4569286033511162 0 0.1866730824112892 0.7300518974661827 0 0 0.08493810147047043 0 0.08215007930994034 0 3.197827033698559 0.5292330086231232 0.1218128278851509 15.65206636488438 1.082692623138428 0 7.79029281437397 5.902563259005547 0.3800839483737946 2.366524770855904 2.335732594132423 1.103201381862164 0.7718923389911652 10.50469785183668 2.171470403671265 0.4639562219381332 4.264286987483501 9.966308943927288 0.3003221154212952 0.7143122553825378 13.36352207511663 7.969285391271114 2.402785673737526 0 0 0 0 0 0 0 0.1525887995958328 0 0 0 0 0.200032502412796 0 0 0 0 0 0 0.2512995824217796 1.475040256977081 0 0 0 11.04313550889492 1.722706168889999 10.53687515854836 2.962071985006332 0.9863986372947693 0 0 0 0 0 0 0 0 0.4338442981243134 0 0 0 0.2382544577121735 0.1266885697841644 0 0 0 0 0.232093334197998 0.935570701956749 0.4254266321659088 0.5915400981903076 2.889418855309486 0 0.5640888214111328 0 0 0 0 0 0 0 16.2320511341095 0.596054695546627 0 0 0 0.4407618343830109 0 0.6859753131866455 0.1932104229927063 0 0.2014783769845963 0 0 0 0 0 0 0.09845946729183197 0.08574057370424271 0 0 9.814912877976894 2.631742961704731 7.750087648630142 201.3232017830014 11.35470397025347 82.46181055158377 23.62052052468061 60.75331023335457 10.44741553813219 0.5942335724830627 24.29550898075104 6.523936726152897 0 1.900638654828072 0.8569052368402481 3.668726250529289 0 0 0 3.950476661324501 0 29.02818088233471 11.90418670326471
126.5869903862476 280.0985883697867 25.84678785502911 254.5049743950367 9.917942203581333 9.907665133476257 84.60426688194275 2.403311863541603 2.436495058238506 241.1012519598007 9.097219794988632 61.09359586238861 44.80185160040855 21.8232858479023 2.835869193077087 0.2405874878168106 0.2993881925940514 0 0 0.1143461316823959 0 6.381532162427902 0.2950991988182068 0 0.2424862161278725 0 0 0 0 0.098488949239254 353.5079088956118 0.6210074573755264 30.44588981568813 7.531079471111298 2.019192770123482 1.267016187310219 73.83202150464058 1.882282361388206 8.255915187299252 0.3672908768057823 0 0.1353244334459305 0 0 0 3.229361459612846 39.69394271075726 0.7471708506345749 0 0.2107294276356697 0.8838216885924339 61.64119145274162 1.335827305912971 0 1.064596526324749 1.306432440876961 16.38541043549776 115.7405963614583 4.296224191784859 40.97321075946093 3.17072993516922 3.208035737276077 22.19829012453556 4.111361265182495 1.022339299321175 0.9981355741620064 0.6102361679077148 0.1882679983973503 0.06454430520534515 0.5067645832896233 218.4421077892184 175.9598161876202 11.57847025245428 38.76228011399508 0.3613782748579979 21.88910517096519 0.6022055894136429 0 0.1070858761668205 3.750743858516216 0 3.470534652471542 1.908788852393627 0 0.7834480404853821 1.999406196177006 0.318947434425354 0 0.5681447610259056 2.701891332864761 0.7753602042794228 3.391239799559116 0.2636635601520538 1.09226318448782 1.819551341235638 255.4480726197362 274.500826254487 12.85241052508354 96.01832248270512 305.3095692247152 0.1174976825714111 4.198189973831177 2.395747378468513 1.770598761737347 0 2.139805808663368 3.006108194589615 1.326451599597931 1.390106983482838 9.510330408811569 0.1143639460206032 1.257691025733948 7.366459131240845 1.257050365209579 0.9775461405515671 0.1087960302829742 0 0 0 0 0 0 0 0 0 0 0 0 0 0 0 0.1172160878777504 0 0 0.2311108857393265 0.1820947676897049 0 0 0 0.4918037950992584 0 0.4126484915614128 0.1278260499238968 0.9909809529781342 0 0 0 0 0 0 0 0.1132944524288177 0 0 0 0.127261608839035 0.1379135102033615 0.1285715252161026 0 0 0 0 0 0.2381849735975266 0 0 0.2382156699895859 0 0 0 0 0 0 0 0 0 4.260998092591763 0 0.2679837644100189 0 0.1299535781145096 0 0.4875897169113159 0 0 0 0 0 0 0 0 0 0 0.1140816807746887 0 0 0 3.486870586872101 0 0.244774155318737 62.96697775274515 3.60052914172411 51.49460685253143 3.223015293478966 97.87882950156927 1.329560019075871 0.1542646884918213 1.26451487839222 1.48938262462616 0 0 0 13.89325074851513 0 0 0 0.3393904864788055 0 43.59210848063231 14.52098266780376
360.2316064313054 2691.310986720026 87.49346690624952 540.7125469744205 1788.641262315214 84.60426688194275 777.4178208708763 54.83224733918905 940.377324424684 2721.017154976726 173.3607046604156 698.3730740100145 2856.15456687659 2001.068313807249 13.93298950046301 11.73530977219343 1.112675219774246 0 0 0.146591529250145 0 0.1832318603992462 0.096726194024086 0 1.168473660945892 0 0 0 0.125634178519249 0 33.50191204249859 2.339243799448013 23.92444813251495 0.4494158402085304 0.5232125073671341 0.3096723258495331 17.85160490125418 0.9780796393752098 3.711779899895191 0.415560744702816 0.7917038127779961 1.101294040679932 0.2206677123904228 1.558990240097046 0 0.4691844210028648 55.67738457024097 0.2517887726426125 0.2462435364723206 0.2173359096050262 0 0.6339993923902512 0.3813129961490631 0.5415913015604019 0.4509454444050789 0.538961224257946 10.30288422107697 36.73546480387449 2.622971013188362 17.23148752748966 0.7732339352369308 5.248390413820744 0.684794008731842 12.3347340002656 0.1610878258943558 0.4544583112001419 0.5783899948000908 0.1891113296151161 0 0.5830831676721573 17.71932090073824 1.599915876984596 0 30.91502416878939 12.34285772591829 63.01716424524784 47.4829131513834 4.444627784192562 0 9.042337067425251 0.09291119873523712 8.985908545553684 0.6187636107206345 0.7586182951927185 0.06940063089132309 0.804352805018425 0.1727473437786102 0 0 0.09892341494560242 0 0 1.824268862605095 0.1378066092729568 0.3871773406863213 96.01021839678288 1.639267094433308 0.2194651961326599 9.442172892391682 8.649582214653492 1.115158334374428 11.4051812812686 8.10169218480587 5.954682670533657 2.010805085301399 30.25207442045212 7.431397765874863 3.39867477864027 15.6755730882287 43.22043046355247 3.25647796690464 6.814729787409306 47.66300398111343 20.06739545613527 10.38585955649614 1.150421783328056 0.2589421272277832 0 0.657369077205658 0 0 0 0 0 0.1459741145372391 0 0 0.4300469160079956 0.12236388027668 0 0 0.7855859398841858 0 0 1.047324702143669 3.694305017590523 0 0 0.1917017698287964 27.06122081726789 4.283757194876671 23.03732173144817 9.840877935290337 2.627690739929676 0 0 0 0 0.5696296095848083 0 0 0.1761686205863953 1.011342465877533 0 0 0 0.6797237992286682 0.2404425293207169 0 0 0 0.8170193433761597 0.2449353486299515 4.08197408914566 0.2660606205463409 1.822876662015915 5.666655853390694 0 0 0 0 0 0 0 0 0 38.48695047199726 0.7531634718179703 0 0.1079795733094215 0.1411503106355667 0.6701764315366745 0 1.469581559300423 1.203057676553726 0.3377287834882736 1.192767709493637 0 0 0.1401360183954239 0 0 0 0 0 0 0 34.96238604187965 6.081707403063774 18.41931406408548 211.6390518546104 10.37568012624979 75.24858633428812 20.72699546068907 106.0610207542777 9.003968231379986 0.3017667084932327 23.14996345341206 18.87843124568462 0 3.61119470000267 2.166743665933609 32.88679149746895 0 0.2763885855674744 0.4881278723478317 2.090601950883865 0.265909343957901 188.3421960920095 45.8245393037796
112.0821568220854 569.2032479643822 2098.463792085648 1.820216938853264 305.8109412491322 2.403311863541603 54.83224733918905 738.9215185791254 341.1641919761896 22.06651023775339 1052.376112118363 228.5624477416277 532.4554110020399 1990.927671939135 16.37722900509834 13.57111947238445 1.369597919285297 0 0 0.3749040067195892 6.486917935311794 3.119592860341072 1.148626178503036 0.2410873919725418 12.39298270642757 0.4565998762845993 0.8110279738903046 0.8577459007501602 0.1865185052156448 0 1203.532679535449 1830.239572770894 279.9521223083138 0.6975095272064209 3.62929692864418 6.821710735559464 80.44769963622093 9.013855159282684 6.745319716632366 4.112654261291027 11.96070175617933 17.20801473408937 0.6913097053766251 45.30091613531113 0.2426212430000305 1.186557248234749 44.62004067748785 0.2928923442959785 0.3578049466013908 0.7793607339262962 0.4900791347026825 7.06619418412447 1.480912230908871 9.026672370731831 0.3770426213741302 1.305278614163399 21.26326524466276 109.3899566158652 3.277346193790436 20.54667811840773 100.5847750902176 72.93939742445946 0.9885078966617584 413.5277759805322 0.2378463074564934 0.8755939528346062 0.1751060113310814 0.2626688703894615 4.058853410184383 15.93781609833241 48.77658911049366 1.092230141162872 0.225266695022583 57.06935382634401 42.33424872905016 82.54306923598051 339.3742560893297 275.4666365534067 358.0028129443526 696.5650484710932 125.9521005377173 1441.968544125557 0.6712860837578773 0 0.2600005716085434 0.3974640592932701 0.8743707090616226 0 0 0.1112421825528145 0 0.3869189918041229 37.10820331424475 7.258880823850632 9.511998198926449 5.507121831178665 1.250801369547844 0.9897803217172623 3.395779721438885 10.93551414459944 0 0 0.3343808054924011 0 0 0.6832376271486282 0 0.1102804690599442 0.2363775670528412 0.6664668023586273 0 0.2206320986151695 0.9622268527746201 1.001188583672047 0.1018979549407959 0 0 0 0 0.1789794862270355 0 0 0.6227107420563698 0 0 1.167577140033245 0 0 0 0 0.9067619815468788 0.140177845954895 0.9124689474701881 0.1006242111325264 0 0 0 0 0 1.673638641834259 0.2335880994796753 0.9261824861168861 0.2648743167519569 0.268369048833847 0.1809548586606979 0.2953787446022034 0.1082385554909706 0 0 0 0 0 0.1097399070858955 0 0 0 0.3263659328222275 2.494134820997715 0 0 0 0 0 0 0 0 0.2705326080322266 0 0 0 0 0 0 0 0 0 1.518286764621735 0.6252546906471252 0 0.2191289216279984 0.3416383489966393 0 0 0.269649863243103 0 0 0 0 0 0 0.09522555023431778 0 0.1079013422131538 0.08649215847253799 0 0.2003523334860802 0 1.62137046456337 0.6329658925533295 1.407603316009045 96.40067567676306 10.23590391874313 64.28938147425652 16.18852546811104 26.40332798659801 8.393629275262356 0 11.09392864257097 1.780861027538776 1.034270264208317 0.7151592969894409 0.3097218722105026 0.1616527885198593 0 0 0 1.764900401234627 0 8.783830985426903 2.114851906895638
44.66343292593956 1647.383757889271 866.7260605320334 8.657181143760681 6381.720102801919 2.436495058238506 940.377324424684 341.1641919761896 540.7814040333033 155.1576428040862 1899.767687790096 246.1244754418731 1038.28350699693 2864.398140624166 5.294674970209599 8.103439480066299 0 0 0.1320352554321289 0 0.1384394913911819 0.268581211566925 0 0 0.5106884390115738 0 0 0.2947878539562225 0 0 23.506900370121 9.488798215985298 10.56712021678686 0.2835180163383484 0 0.1279768645763397 19.26412077248096 0.5585526973009109 1.613194115459919 0.1324503272771835 0.2629704028367996 0.9911840334534645 0 0 0.555144414305687 0 21.0900079831481 0 0 0 0 0.349041536450386 0.495864063501358 0 0.177648514509201 0.1233914270997047 3.668655060231686 8.264626458287239 0.324969083070755 2.712011583149433 0.6438276767730713 1.911060646176338 0 3.739530794322491 0.3729707524180412 0.09293881803750992 0 0 0 0.3358298540115356 14.47037592530251 0.2775622606277466 0 8.510072313249111 3.582632414996624 20.15768103301525 14.18832264095545 3.261978432536125 0.3575726747512817 22.39607790857553 0 5.614802770316601 0.1173113361001015 0 0.116631492972374 0 0 0 0 0 0 0 1.002648167312145 0.5595804378390312 0.5365501195192337 18.52513846755028 0.3730052411556244 0 3.777105018496513 1.657233648002148 0 1.775142997503281 2.224532298743725 1.489947967231274 0.1908401846885681 6.714328624308109 1.726630553603172 2.432438164949417 5.174388282001019 10.96146423369646 0.3966158628463745 2.606651194393635 10.90291132777929 4.49873860925436 3.224828638136387 0 0 0 0 0 0 0 0 0 0 0 0 0 0 0 0 0 0.1137924715876579 0 0 0.7840776741504669 0 0.5511780977249146 0 8.209548830986023 2.055290773510933 8.218670301139355 1.883802816271782 1.241185486316681 0 0 0 0 0 0.1825914680957794 0 0 1.076789535582066 0 0 0 0 0.1253813505172729 0 0 0 0 0 0.165191113948822 0 0 2.249710351228714 0 0 0 0 0 0 0 0 0 13.10405305027962 0 0 0 0 0.5592565834522247 0.4734014868736267 0 0.1301421225070953 0 0 0 0 0 0 0 0 0 0 0 0 9.188645616173744 1.894972816109657 6.582768566906452 70.11949945986271 6.389352262020111 23.94863630831242 10.93304952979088 17.00863347947598 3.290584862232208 0 9.017696157097816 7.407944574952126 0 1.083447694778442 0.1250411570072174 5.144731655716896 0 0 0 1.273121207952499 0 33.20106884092093 7.647876672446728
494.0144121348858 3113.430412903428 146.5124609395862 2326.608506396413 631.2935818433762 241.1012519598007 2721.017154976726 22.06651023775339 155.1576428040862 2069.095265910029 50.34098064154387 2255.268957324326 4674.436998404562 268.9254606217146 18.09751345217228 5.575211800634861 1.582382448017597 0 0 0.198950469493866 0 0.539044976234436 0.1399115025997162 0.2383111566305161 1.041623815894127 0 0.1698398739099503 0 0 0.2236640751361847 90.02335681766272 3.395806983113289 87.38874938338995 1.782576650381088 0.690003290772438 1.663482993841171 104.5140277668834 1.285969786345959 11.27593997120857 0.8170917183160782 0.1215821132063866 0.4934560656547546 0.1592499762773514 0.886390894651413 0.3254481554031372 0 68.34389904886484 0.4730871468782425 0 0 0.2311293333768845 6.597741492092609 2.722850494086742 0.211500495672226 0.4877147302031517 0.8266217261552811 11.45759289711714 53.29273988306522 2.878188483417034 24.56357710063457 0.2728696465492249 16.66656296700239 2.014043778181076 17.20429708808661 0.3025343865156174 1.051408804953098 0.6878408268094063 0.1075000911951065 0.1263775676488876 0.5047395378351212 189.3172923699021 26.44994127750397 0.5973784551024437 37.01012806594372 18.25799561291933 68.932014323771 43.41747818142176 1.880518652498722 0 5.917104452848434 0 14.2329169511795 2.179883509874344 0 0.4294115528464317 0.9986622557044029 0 0 0 0 0 0.4349534809589386 1.914684653282166 1.013405121862888 0.8530978709459305 742.4801251292229 29.99385321140289 3.567745618522167 37.26164644211531 45.4557918459177 4.482235409319401 57.5749270170927 25.01278109848499 22.5475235208869 3.862243168056011 83.68149434030056 32.80232205241919 14.10742392390966 45.56020157039165 157.5709884688258 5.816680043935776 28.6324033588171 126.6993626207113 55.60035424679518 32.26382040977478 0.1797747015953064 0 0 0.7192439436912537 0 0 0.3707067742943764 0.1450209319591522 0 0 0 0 0.9511902928352356 0 0 0.4378766492009163 1.025338768959045 0.1884439736604691 0 2.706450991332531 6.9427475258708 0 0 0 66.20475321263075 12.17180841416121 64.05395855754614 22.47699911892414 3.344884693622589 0 0.3184277415275574 0 0.1103574261069298 2.038360983133316 0 0 0 2.766323484480381 0 0 0.420015960931778 1.194295346736908 0.128300666809082 0 0 0 0.1912328600883484 0.9637472927570343 8.933729082345963 3.178882479667664 1.661742627620697 12.4570678845048 0 0 0.1254532784223557 0 0 0 0 0 0.1921941637992859 102.1101790294051 2.610065080225468 0 0.26274773478508 0 6.016529843211174 2.702984809875488 2.80618167668581 3.447048380970955 2.182158008217812 1.348740853369236 0.6129369139671326 0.4602802619338036 0.1035277917981148 0 0 0 0 0 0 0 88.12430187314749 14.66768638789654 36.08488440513611 565.485596768558 14.59852387011051 110.1614496931434 22.35816425085068 249.8306410387158 14.21417996287346 0.4198750108480453 27.20777463912964 45.01845280826092 0 11.36068045347929 3.651264250278473 146.3943076506257 0.2986398637294769 0 0 2.385461494326591 0 1232.048662178218 168.5513518154621
263.1010165587068 1965.895264714956 3072.562218666077 16.87706169486046 1877.154603049159 9.097219794988632 173.3607046604156 1052.376112118363 1899.767687790096 50.34098064154387 824.8156323507428 325.6806929633021 978.7215246558189 5473.245954178274 27.22546155750751 15.63772688806057 3.321108944714069 0.2333861738443375 0.3517125174403191 1.264592841267586 6.85250511020422 7.102382510900497 2.898656450212002 2.483492106199265 22.44947993010283 2.817630976438522 0 3.300636239349842 0.2967416495084763 0.420943409204483 740.2219792976975 231.3321911692619 681.1913097575307 3.304732084274292 8.426872931420803 29.78863127529621 188.4695052057505 29.69535722583532 12.86015455424786 8.531769260764122 11.73358772695065 12.70417880266905 0.5016298964619637 2.761778391897678 0.1852528303861618 3.527522698044777 58.81337844580412 0.2768838182091713 0.886229045689106 0.723407506942749 0.3476079106330872 15.81078919023275 5.205009423196316 13.71678963303566 0.7636772245168686 0.4470161125063896 18.4216330870986 84.56502916663885 5.01692620664835 23.88032515347004 10.15456414222717 14.08626706898212 1.890716850757599 36.50293882191181 0.677085354924202 0.5804413184523582 0.7017501890659332 0.6331737861037254 1.546021215617657 7.258384466171265 98.86910448223352 1.370610930025578 0.34184580296278 63.725023124367 24.11837238818407 96.07570884376764 72.46449979394674 9.21110575646162 42.43508513271809 968.1259273290634 7.491028815507889 250.8924429193139 1.111535839736462 0 0.3231803998351097 1.00004768371582 0.4075150489807129 0 0.08415503799915314 0.8819920495152473 0.167566604912281 0.2628154754638672 20.41363728791475 4.789677128195763 8.713131226599216 8.212751366198063 1.660780221223831 2.079250231385231 4.619845420122147 22.62192365527153 0 0.2254851311445236 0.9967811107635498 0.1636029332876205 0 1.611912801861763 0.6111790686845779 0.3365635052323341 0.7852246761322021 2.201359398663044 0 0.2544499188661575 2.616502068936825 2.119967766106129 0.4585089460015297 0 0 0 0 0.2214845940470695 0.09893456101417542 0.2899198234081268 0.4432374089956284 0 0.1022407487034798 1.258181713521481 0 0.1112464293837547 0.1070258170366287 0 0.2660250514745712 0.1370720118284225 0.9814446121454239 0 0.1096931397914886 0.2254438623785973 0 0 0 2.640418581664562 0.5080448240041733 3.18958592414856 1.541829235851765 1.182150363922119 0.4878689721226692 0 0.1171247512102127 0.1278365254402161 0 0.1031836420297623 0.1254521459341049 0 0.2956661581993103 0 0.2250578701496124 0.2562373206019402 0.1355035156011581 2.9952796921134 0 0 0 0 0.2906840890645981 0 0 0 0.3318535387516022 0 0 0 0 0 0 0 0 0 4.721154496073723 0.463916152715683 0.433540865778923 0.09836998581886292 0.3797024190425873 0 0 0 0.1175463125109673 0 0.1154470965266228 0 0 0 0 0 0 0.09179075062274933 0 0 0.2129640877246857 3.66598916053772 1.162152856588364 2.95856087654829 144.6979418545961 13.20689248293638 79.51470086723566 19.60519535839558 42.32918597757816 6.701093301177025 0.7475516051054001 17.97462750226259 1.743999220430851 1.048752576112747 0.9285497292876244 0.3057326450943947 1.322244107723236 0 0 0 1.952630810439587 0 16.19648733735085 3.643674857914448
74.44636411219835 454.882226228714 91.58312405645847 1553.472458764911 84.87595966458321 61.09359586238861 698.3730740100145 228.5624477416277 246.1244754418731 2255.268957324326 325.6806929633021 164.3356508240104 1498.85483982414 1390.866384528577 30.39527904242277 32.72504031658173 3.130968920886517 0.2104215770959854 0.1172031685709953 0.1532197296619415 0.2999498546123505 19.27387031167746 0 0.2131648659706116 8.080859504640102 0.1454397886991501 0 0.9929509088397026 0.9730877727270126 0.3147729784250259 43.48133344948292 6.83002957701683 136.6288593113422 2.734871327877045 0.8352522924542427 4.594819277524948 256.9178414270282 10.74353477358818 15.00331309437752 4.429010674357414 3.151836358010769 10.81769777089357 0.3752334713935852 1.198538348078728 0.1304633617401123 3.773090153932571 53.95893378555775 0.7803403735160828 1.176753781735897 0.2039442732930183 0.1040906831622124 30.34109862148762 16.28555825352669 22.24745082110167 0.3780929744243622 0.5936959236860275 5.841472662985325 20.52180205285549 2.115813262760639 8.980669222772121 6.841919258236885 9.99280096590519 23.44092464447021 9.385394759476185 0.2864693701267242 0.841624952852726 0.07851402461528778 0.3341267332434654 0.2005545571446419 1.071490332484245 379.2356157377362 8.944530367851257 1.726584017276764 16.87468352913857 7.672415010631084 50.95888591557741 50.14730784296989 9.172758810222149 0.5899941995739937 56.40413368493319 0.3464744165539742 21.7810482904315 0.8969051465392113 0 0.2772427424788475 0.4444255083799362 0.6013766601681709 0 0 0.1747073382139206 0 1.181816227734089 6.188819088041782 2.41155181825161 10.83095210790634 596.073780156672 102.4260461255908 8.218278765678406 26.58722744137049 14.02666057646275 2.551955707371235 19.49167197942734 14.23234934359789 10.53906586021185 4.194207213819027 61.8427177220583 22.63432296365499 13.23357064276934 30.69496344774961 110.9269271567464 4.914393745362759 25.75861313194036 101.5954502373934 43.62514386326075 22.82759418338537 0.2367809489369392 0 0.4678870439529419 0 0.2475394159555435 0.1153411716222763 0.2228167951107025 0.3150280863046646 0.1436156779527664 0.1917191743850708 0.6625977158546448 0.09814555943012238 0.2175535410642624 0 0.3038261234760284 0.1498994380235672 0.4231749102473259 0.9723654091358185 0 4.024675384163857 4.955641202628613 0 0.308318980038166 0.1043316945433617 62.559694647789 7.099199883639812 56.90154818445444 20.06402063369751 8.28721259534359 0.2347506731748581 0 0.1130387857556343 0.1003186479210854 0 0.2523787617683411 0.09575800597667694 0.1032169535756111 4.069073058664799 0 0.310152105987072 0 0.714424230158329 0.2382556200027466 0 0 0 0.9162308573722839 0.5982870161533356 3.320558406412601 1.341069489717484 0.9070421159267426 10.75092953443527 0 0.5427057594060898 0 0 0 0 0 0.2672875076532364 0.1345876753330231 99.94264312833548 2.493160635232925 0.3425140902400017 0 0 3.124196358025074 1.513148859143257 2.030213579535484 1.358316205441952 1.293034926056862 1.831157527863979 0.1631367206573486 0.8290265202522278 0.2516504526138306 0 0 0.4440191984176636 0 0.2081605270504951 0.3397625386714935 0.201684907078743 79.69639825820923 13.8876286521554 36.68479534238577 326.4758493974805 22.18885652720928 117.2462721243501 41.70352478325367 73.68318024277687 16.68572465330362 1.904341675341129 49.11851312220097 31.32742895931005 0.3026075959205627 10.75055391341448 1.677178978919983 57.56265635788441 2.504116088151932 0.09899738430976868 0 8.453593671321869 0.6760918498039246 394.3443023487926 117.3088834658265
95.8890695348382 2184.513585604727 244.3019815981388 1328.233210861683 895.9646893069148 44.80185160040855 2856.15456687659 532.4554110020399 1038.28350699693 4674.436998404562 978.7215246558189 1498.85483982414 2135.794535256922 3203.104914836586 30.96765626966953 36.8699199706316 2.685014016926289 0.1084437519311905 0.146955817937851 0.2714012786746025 0.4462868422269821 11.89663783460855 0 0.08458002656698227 8.758082330226898 0.6634010076522827 0.1223195344209671 0.6941729933023453 1.741365492343903 0.3082835972309113 57.16404657065868 11.36425221711397 346.5148187279701 1.483934082090855 1.661308750510216 5.506475314497948 498.4943123981357 16.47770676761866 21.26874290406704 6.037810638546944 3.291158422827721 11.26693917065859 1.284319557249546 3.854057006537914 0.1407371610403061 1.334955722093582 74.42056812345982 0.1072750017046928 0.1762796640396118 0.4523121118545532 0 25.17985375970602 12.07021048665047 17.47995196282864 0 0.2071245089173317 7.924792900681496 36.57857694476843 2.763966746628284 14.29009342938662 6.161848850548267 16.44328251481056 10.86885493993759 11.58625290542841 0.4160069301724434 0.4379784762859344 0.3765800520777702 0.1115467399358749 0.8939473927021027 2.367856338620186 433.5469959825277 8.167771026492119 0.2569922357797623 27.24332620948553 12.55603414773941 76.94960355013609 55.74589660018682 11.06636603921652 1.918344736099243 125.5133766680956 0.2257207483053207 32.46454866230488 0.6082876324653625 0 0.5893213748931885 0.4320621341466904 0.2127022594213486 0 0 0.3405627682805061 0 0.8114755749702454 6.82681368291378 4.272840291261673 11.93972658365965 594.8461917713284 22.74137359857559 6.509745299816132 29.34520899504423 10.48484621942043 1.607439815998077 22.15749431401491 18.37945760041475 11.56540957093239 2.788140244781971 65.72066860646009 21.77647845447063 11.66540022194386 39.25591215491295 105.8418353423476 3.988538071513176 23.30722499638796 109.5781483352184 48.7691340893507 28.3667558580637 1.696635857224464 0.1736856997013092 0 0 0.1413309276103973 0 0.1223448738455772 0.3957038074731827 0 0.1218962296843529 1.08450473099947 0.2464639991521835 1.33826619386673 0.3765697628259659 0 0.3461283147335052 0 1.791167102754116 0 1.883982017636299 3.045070163905621 0 0 0 62.80613099038601 6.156653352081776 65.1847217977047 20.3878904953599 10.43691208213568 0.6614025831222534 0.2349712699651718 0.1225593760609627 0.6181242018938065 0 1.727278709411621 0 0 3.569631233811378 0 0.3594831526279449 0.2351513057947159 2.178387090563774 0.8580661565065384 0 0 0.5686530470848083 0.1618997901678085 0.9045866578817368 4.430784456431866 1.693207778036594 1.828381448984146 14.01047521829605 0 0.8842564821243286 0 0 0 0 0 0 0.108374111354351 110.1815533638 3.03422686457634 0.5338041931390762 0 0.205566294491291 2.832622766494751 1.511316515505314 1.567494489252567 2.812667645514011 1.079551607370377 0.8965605348348618 0 0.7009403109550476 0 0 0 0 0 0.2324647903442383 0.1124026849865913 0 83.11974490433931 15.75290525704622 43.82041604071856 362.7668656781316 27.85250815749168 127.1711644977331 46.47837652266026 93.09484865516424 19.14112048596144 1.59073469042778 53.71111541241407 32.22146594524384 1.192346662282944 7.362519912421703 3.647547997534275 67.72070647031069 0.9786049276590347 0.7787640541791916 0 6.44313770532608 0 371.3495230674744 119.1141345351934
