416.2501888349652 3095.372951649129 1679.449541218579 1116.228443093598 197.0526944324374 150.5836463645101 261.5286074504256 90.69347371906042 14.25383970141411 990.1555709987879 81.49964642524719 347.3746345937252 76.2587698623538 18.40716440975666 1.490229971706867 1.079894281923771 0.2111407890915871 0.2992178276181221 0.1312133818864822 0 0.1253558695316315 0 0 0.1615157872438431 0 0.09862958639860153 0 0.3485118746757507 0 0 822.9723921269178 4.124805189669132 6.384080588817596 0.08828093111515045 0 0 6.420102454721928 0.2010989710688591 0.4143364131450653 0 0 0.2089410722255707 0 0.221186563372612 0 0.3694427609443665 37.30440516024828 5.774369992315769 0.9384779259562492 0.3818889558315277 0.4181093648076057 0.2401015758514404 0 0 3.212445102632046 3.674693964421749 140.9391989931464 456.357127726078 49.11851557344198 44.841184720397 0.3209152221679688 2.987774364650249 0 36.45630712807178 5.649730890989304 5.187023460865021 2.170450888574123 2.753829225897789 0.1837808787822723 0.2112618833780289 32.37299211323261 3.580695763230324 1.338153064250946 272.4521457031369 93.03901314735413 34.73459295928478 2.702935978770256 1.804850250482559 1.392875760793686 1.991043500602245 0 2.268856570124626 19.47591394931078 0.3177105635404587 11.80896060168743 4.785525746643543 2.251983121037483 0.2769766375422478 1.978534311056137 0.3794340267777443 0.6378385052084923 0.1015157625079155 0 0 0.6658824905753136 124.8043210506439 39.15986341238022 0.3041768372058868 4.148651450872421 1561.333413392305 0 3.340884685516357 13.79541906714439 3.024947166442871 0 32.57950338721275 2.938052117824554 12.18310996890068 14.73617918789387 3.572702080011368 1.373000234365463 3.267397537827492 12.31865291297436 2.59441289305687 1.55749648809433 0 0 0 0 0 0 0 0 0 0 0 0 0.1669180542230606 0 0.09949936717748642 0 0 0 0 0 1.259759545326233 0 0 0 0 0.7571256756782532 1.020682767033577 0.1173620820045471 0 0 0 0 0 0 0 0 0 0 0 0 0 0 0 0 0 0 0 0 6.117125868797302 0 0 2.813461586833 0.1351769864559174 0 0 0 0 0 0 0 0 0.8742027059197426 0 0 0 0 8.56478276848793 1.215606093406677 3.111643895506859 0 0 0 0 0 0 0 0 0 0.1575523763895035 0.1308660954236984 0 0 0.1370315849781036 0.7408788800239563 0.08913547545671463 137.6293923705816 2.413174249231815 216.9717153385282 18.66915085166693 1430.455807901919 6.752989858388901 2.686726048588753 1.23707015812397 0 0 0 0 32.55141913890839 0 0 0 0.2978456020355225 0 721.4555375799537 11.01076653599739
3095.372951649129 2676.308782659471 1551.946896582842 221.8351732268929 2678.09348012507 113.0147316679358 764.3708143010736 936.4856607466936 333.8962129354477 480.8053258135915 1632.901103526354 607.2503375336528 978.9622980877757 851.1545276194811 9.977089300751686 7.631204701960087 0.2921748235821724 0.2757849991321564 0.07001584023237228 0.290176585316658 0.4404557049274445 0 0.3394441902637482 0.881602019071579 0.3361729979515076 1.019428133964539 0.2482463419437408 0.08405780792236328 0 1.092981599271297 1815.146852299571 40.11189004033804 34.16859886795282 0.07670432329177856 0.796476885676384 0.1015581637620926 15.12166597694159 1.438672423362732 1.225318521261215 0.4202402234077454 0.4055749401450157 1.461739711463451 0.1270596385002136 0.6196475625038147 0.3040043115615845 0.09325041621923447 120.8028347790241 9.277853295207024 1.12823548167944 0.5218470394611359 1.22433765232563 0 0 0.1016940325498581 3.885549187660217 5.186092928051949 109.3194357827306 517.4691445082426 49.08218111097813 68.68906427919865 1.257253587245941 4.635770805180073 0.328131765127182 96.21077465265989 8.792747274041176 9.720412239432335 5.821329325437546 3.128888219594955 0.843810111284256 0.2004751712083817 8.624285086989403 0 0.09963640570640564 303.7555929869413 176.392863035202 69.67483554035425 10.58648806810379 6.051969967782497 23.68323444575071 128.2556049749255 3.758163169026375 15.55564299225807 22.97297918051481 0 13.83020367473364 8.981237344443798 4.71847803145647 0.1084752753376961 1.4899031072855 0.10385512560606 0.9736101478338242 0.1128689423203468 0.8491401597857475 0.3974647894501686 1.232746303081512 27.68261717259884 0.3150189369916916 0 1.685099601745605 969.8191203400493 0.2077609598636627 5.033914744853973 8.994701132178307 1.27343276143074 1.199852645397186 66.24206461757421 0.9889082312583923 33.35701367259026 20.73188212513924 9.445409685373306 12.45256018638611 13.70909021794796 25.66460625827312 12.05488964915276 7.437408067286015 0.3516997098922729 0 0 0 0 0 0 0 0 0 0 0 0 0 0 0.2172199785709381 0 0 0 1.027689188718796 0.8484405279159546 0 0.7461965084075928 0 4.313433393836021 2.082956537604332 7.036783047020435 1.466468930244446 0 0 0 0 0 0 0.107060618698597 0 0 0 0 0 0 0 0.8016324490308762 0 0 0.0698656439781189 0.1887750327587128 0.4172534942626953 0 0 1.547179818153381 13.56663045287132 0 0 0 0 0.1491664350032806 0 0 0 0 4.145383536815643 0.8887920677661896 0 0 0 12.01920515298843 2.751026004552841 14.93281760066748 0 0.5956246256828308 0 0 0 0 0 0 0 0 0 0 0 4.503938212990761 1.439361587166786 7.418043583631516 301.1347220242023 9.009560093283653 463.7767784371972 81.45831967145205 504.1688363552094 21.18537735939026 1.428557366132736 15.91001711785793 5.169158235192299 0 0.6169517934322357 0.6117206215858459 11.6497355401516 0.4775080680847168 0 1.13655948638916 6.228086888790131 0 301.7399786859751 13.97216075658798
1679.449541218579 1551.946896582842 1614.795170269907 2.68843686580658 1013.565193220973 11.27771752327681 83.09776602312922 5266.725172445178 101.837791338563 4.75862018764019 2324.826292142272 44.62175094336271 192.7242667526007 1110.76833140105 13.50707016885281 21.37028298527002 0.1068819537758827 0.8659671470522881 0.07874511182308197 0.603327140212059 10.33480633050203 0.369800865650177 20.46229113638401 44.60689610242844 5.009030163288116 7.604326121509075 22.21273493021727 2.033197842538357 2.709989495575428 24.68026899546385 6488.820528201759 1435.858751296997 137.9992073327303 0.3365889713168144 12.2002762183547 5.661278024315834 62.86395489424467 25.89591966569424 19.12050255388021 12.40432931482792 24.67897392064333 25.10886807739735 0.5630441009998322 5.615884087979794 0.1060908585786819 1.431532882153988 84.58606881648302 6.998887911438942 0.9753711000084877 2.400800332427025 4.226618580520153 1.101262956857681 0.4129301458597183 1.812647111713886 2.181385867297649 2.765755318105221 122.7568062245846 663.5683108791709 45.57205469161272 51.66386643797159 21.14492596685886 45.08778966963291 1.823135286569595 311.8570235148072 7.233271807432175 9.185341164469719 3.222612909972668 4.207185126841068 12.80835738033056 1.49275117367506 74.89239806681871 0.2528623640537262 0 281.1533260345459 236.5894239246845 71.81631234288216 11.16691377013922 17.68736070394516 875.9220921099186 1624.102673478425 72.79647144675255 342.2297066524625 17.89631143212318 0 11.49212085455656 5.853639341890812 4.909010052680969 0.1746590435504913 1.180240288376808 0 0.8808794170618057 0.2567237094044685 13.03664775937796 11.66073851287365 2.918979361653328 58.17031881958246 11.22898957878351 0 10.02719637751579 755.276120595634 0.7171542048454285 3.884053260087967 5.37205696105957 0.2891601473093033 1.873711675405502 29.32309077680111 0.1574524790048599 18.48331559449434 11.58466231077909 2.841063544154167 13.56196288764477 10.17614463716745 29.93916293233633 13.26781104505062 17.76906115561724 0.7204990908503532 1.836345307528973 0 0 0.1493072062730789 0 0 0 0 0.2409761399030685 1.046396695077419 0 0.3775836825370789 0 0 0.9160082042217255 0.1119333058595657 0.1977659910917282 0.09893003851175308 4.798339784145355 6.453700095415115 0 1.564675778150558 0.3283667266368866 25.19584228843451 2.004421405494213 30.83907863497734 3.81352736800909 2.407989174127579 2.260091707110405 0.2267075777053833 0 1.597897119820118 0.4547329172492027 0.2694632858037949 0.4188697636127472 0.8047670796513557 0 0 0.4906466603279114 0.5857067927718163 0.7524347007274628 3.626014612615108 0.2707636058330536 0 0 0.6276959851384163 1.200686186552048 0 1.062862917780876 2.666924841701984 58.1993001550436 1.357208237051964 0 0.5421159565448761 0 0 0 0.379640556871891 0 0.3427208364009857 18.41421181708574 1.05748838186264 0.4285818934440613 0 0.4939958900213242 32.96898491680622 10.16021484881639 35.49660021066666 0.8801953718066216 4.293839439749718 0.5612992644309998 0.4998761638998985 1.824645064771175 0.4999854788184166 0 0 0 0 0 0.9793933629989624 0 15.1411476880312 13.36870839446783 19.5507952645421 142.4523892477155 8.249138779938221 300.1337518393993 45.55201525986195 184.7962987497449 7.098002575337887 2.325926057994366 7.118365339934826 7.82513327896595 0 4.776432439684868 2.521791443228722 12.51918387413025 0.3099335432052612 0 2.038502559065819 3.487187504768372 0.4961459189653397 85.89344494789839 22.74070074409246
1116.228443093598 221.8351732268929 2.68843686580658 403.5143659859896 97.49980793893337 531.6178227514029 371.231536000967 0.1078706607222557 46.1184199154377 1250.368193939328 10.66906198859215 1423.045202955604 263.8754563480616 3.742066338658333 0.5280448794364929 0 0 0 0 0 0 0 0 0 0 0 0 0 0 0 31.87035614997149 0.1007624715566635 0 0 0 0 0.4700175523757935 0 0 0 0 0 0 0 0 0 8.607118718326092 1.050355590879917 0.3537588492035866 0 0 0 0 0 0.4443561881780624 0.1750573813915253 12.91929790377617 44.45213393121958 6.476972639560699 11.40830615907907 0 0 0 7.542471587657928 0.9324169531464577 0.5910512506961823 0.454877182841301 0.3528044074773788 0.1279774606227875 0 0.7561231702566147 0 0 46.79433421045542 18.46611500531435 5.388443253934383 0.3964362815022469 0.2784828096628189 0 0.1028214693069458 0.08733373135328293 0 3.306690871715546 0 1.222291097044945 1.022717572748661 0.4898462668061256 0 0.1735175997018814 0 0.1037992164492607 0 0 0 0 15.64493605494499 0 0 0 348.8060541450977 0.1164500489830971 3.736264452338219 6.523441001772881 1.683231115341187 1.647422254085541 38.56380634009838 1.74168573319912 7.537739783525467 32.06675615906715 4.70697645843029 1.204496592283249 8.289463862776756 17.5072907358408 2.732321336865425 1.002763003110886 0 0 0 0 0 0 0 0 0 0 0 0 0 0 0 0 0 0 0 0 0.8876696228981018 0 0 0 0.3252348750829697 0 0.9930453300476074 0 0.501434326171875 0 0 0 0 0 0 0 0 0 0 0 0 0 0 0 0 0 0 0 0.833767294883728 0 0 0.6294813752174377 0 0 0.1010885164141655 0 0 0 0 0 0 0.1468481421470642 0 0 0 0 2.247947335243225 0 0 0 0.4582965299487114 0 0 0 0 0 0 0 0 0 0 0 0.5403304249048233 0 0 16.96590451896191 0.8092417865991592 44.14434126019478 4.078286625444889 183.1043119803071 2.154843203723431 0 0.5961073338985443 0.2592469453811646 0 0.7435384839773178 0.4110127687454224 5.75656046718359 0 0 0 0 0 142.0004898160696 6.308570638298988
197.0526944324374 2678.09348012507 1013.565193220973 97.49980793893337 993.1446989774704 15.326087012887 971.2644961327314 543.1726712957025 773.0974715948105 242.9412217140198 2302.060352906585 140.7602404281497 256.9245616942644 687.6365890353918 15.53102923184633 13.27814697474241 0.3533057495951653 0.08723732829093933 0.1380117535591125 0.221699632704258 0 0 0.235998123884201 0.9253735095262527 0.2509714886546135 0.3480733409523964 0.6050563007593155 0 0 1.001205123960972 197.5730672180653 39.76109266281128 7.797854498028755 0 0.4073245376348495 0 3.211964696645737 0.09401810169219971 0.6918780207633972 0.2198763191699982 0.6676983758807182 1.680121749639511 0 0.6179840341210365 0 0.08806461840867996 120.7919387072325 6.675484284758568 0.4846622422337532 0.4827742800116539 0.1744683831930161 0.1274163573980331 0 0.2413103058934212 2.105497412383556 1.846961311995983 20.64827016741037 77.84658797830343 15.89740850776434 34.68802667409182 1.181837275624275 1.549705125391483 0.2791622877120972 53.76031170040369 4.305401861667633 3.485015593469143 1.752351000905037 2.434090822935104 0.6833540946245193 0 6.510263510048389 0 0 103.2564169690013 82.41880039870739 51.29656032472849 12.56661190092564 5.430521003901958 5.399858169257641 13.00003216415644 1.508156314492226 9.908788040280342 9.538104027509689 0 5.800154745578766 2.974234409630299 1.226486846804619 0.08752552419900894 0.9281540438532829 0.09310215711593628 0.2041895538568497 0.2094965502619743 0.4241738095879555 0.657821960747242 0.1761152595281601 26.9279855042696 1.036022543907166 0 0.3690618425607681 53.34228595346212 0.7175236344337463 2.792982339859009 5.623858109116554 1.566095352172852 4.154868602752686 71.08016566932201 0.803258866071701 38.44960208237171 21.05537573248148 3.452028796076775 15.76315718889236 22.39091987162828 35.49254671484232 15.27041873335838 11.25059971213341 0 0.7812630832195282 0 0 0 0 0 0 0 0 0 0 0 0 0 0 0 0 0 2.946184873580933 3.571972876787186 0 0.4339930713176727 0.1897610425949097 10.66838273406029 0.09351255744695663 15.0543045848608 0.2076681181788445 0 0.1275235563516617 0 0 1.191599011421204 0 1.124276757240295 0 0.1896952390670776 0 0 0 0.1634774208068848 0.9198307991027832 0.5433211997151375 0 0 0 1.465137153863907 0.2459779530763626 0 0 0 24.36251012980938 0.6044123768806458 0 0 0 0 0 0 0 0 11.3282814770937 1.056286156177521 0 0 0 27.96003176271915 9.623434141278267 17.01758004724979 0.2542299553751945 0.6769807934761047 0.1260223537683487 0 0 0 0 0 0 0 0.1841694340109825 0 0 8.714223131537437 1.697372183203697 2.592668525874615 385.4105773046613 8.441264621913433 393.2007554769516 106.3697591871023 129.7772266641259 21.82748384028673 0.6603820770978928 20.8065971955657 5.214099183678627 0 4.487319827079773 1.45373098552227 5.854779124259949 0.2110174298286438 0.6169871687889099 1.849557250738144 5.673815697431564 0.1427136361598969 113.6389281004667 14.22752808779478
150.5836463645101 113.0147316679358 11.27771752327681 531.6178227514029 15.326087012887 0.195219561457634 84.41708792001009 1.057395756244659 7.882546290755272 595.0469544231892 2.618711367249489 221.7445907965302 53.26364635676146 2.193519949913025 0 0.3568639159202576 0 0 0 0 0 1.471188113093376 0 0 0 0 0 0 0.2757672071456909 0 19.49636110663414 0.3794276490807533 11.69263854622841 0.2590394020080566 0 0 23.87780526280403 0.4679138660430908 3.622037664055824 0.5862227529287338 0 0 0 0 0 0 0.2853370383381844 0 0 0 0.1403877735137939 4.956341229379177 0.71137934923172 0 0.09614898264408112 0.8910176306962967 50.50031912326813 2.82256156206131 3.297046735882759 1.792424321174622 0.6744901239871979 2.074090175330639 0.2264733165502548 0.5501218438148499 0 0.09798485785722733 0 0 0 0 125.076790317893 152.1079607233405 17.34444380551577 3.787413865327835 0.6198985502123833 0.2352651208639145 0 0 0 1.171728655695915 0 3.417547211050987 0.2687492966651917 3.562875136733055 0.1291593462228775 1.71387293189764 0 3.801562123000622 6.678213000297546 9.079361468553543 1.812109567224979 2.49529605358839 0 0.2828173041343689 0.4490196853876114 218.6574383229017 317.0752812027931 13.93794822692871 21.74372707307339 220.3759309127927 0 2.792927265167236 0 0.4440370053052902 0 5.45995306968689 0.1865281462669373 0.8103453367948532 1.159985400736332 0 0.7585336863994598 0.3131290972232819 1.353840366005898 0.6306730061769485 1.765003561973572 0.1992875039577484 0 0 0 0 0 0 0 0.1216514334082603 0 0 0 0 0 0 0 0 0.1011220812797546 0 0 0 0 0 0 0 0.1225032359361649 0.4143140912055969 0.3592512011528015 0.1954150199890137 0 0 0 0 0 0 0 0 0 0 0 0 0.1193635612726212 0 0 0 0 0 0 0 0 0.1698357611894608 0 0 0 0 0.15219347178936 0 0.1853571534156799 0.09426645934581757 0 0 0 0.4316559433937073 0 0 0 0 0 0.5318307429552078 0.09592209756374359 0 0.1506638675928116 0 0 0 0 0 0 0 0.1219061091542244 0 0 0 0.1433841735124588 0.172709047794342 2.562864527106285 0.1519429832696915 5.23273129761219 0.1829799115657806 132.36546908319 1.259350307285786 0.5748881995677948 0 0.6025838255882263 0 0 0 3.044487357139587 0 0 0 0 0 30.46894520521164 1.984316602349281
261.5286074504256 764.3708143010736 83.09776602312922 371.231536000967 971.2644961327314 84.41708792001009 553.339681558311 147.8346934467554 1178.909769758582 754.1141929924488 700.6699179932475 1067.665823176503 2591.988249376416 503.0721926391125 17.12434181571007 17.90381483733654 0.5604513734579086 0.3758767321705818 0 0 0.102192796766758 0.1370587944984436 0.1035733744502068 0.4272383823990822 0 0.2538045644760132 0.8298371210694313 0.1388793587684631 0 0 122.9805073365569 19.23058728128672 18.03944479674101 0 0 0 10.54871787875891 0.567671924829483 1.539879873394966 0.6262413263320923 0.1324559450149536 0.5149447694420815 0.1298726350069046 1.019562557339668 0.09235772490501404 0.3876953274011612 90.63399594277143 4.585554324090481 0.5593417882919312 0.4796600788831711 0.188280813395977 0 0.08624502271413803 0 1.137161068618298 1.214045397937298 20.46295088529587 64.00608272850513 12.97650466114283 28.20704490691423 1.241675458848476 2.572472333908081 0 33.19850877672434 3.257789626717567 3.542438678443432 1.904537692666054 1.396136879920959 0.460343524813652 0 22.43978168815374 0.1340606212615967 0 82.85411266982555 66.12990948557854 47.690618917346 11.440445356071 7.770400494337082 3.52944727241993 10.68546918779612 0.8448165059089661 6.825187042355537 8.259824857115746 0 4.20973864197731 2.525561153888702 2.138996489346027 0 1.145684830844402 0 0.5937647894024849 0.1199857592582703 0.3643222004175186 0.9215555712580681 0.1083235591650009 110.6332148015499 2.342975720763206 0 3.162344411015511 103.8771710321307 1.823415733873844 24.77312944829464 33.05251487344503 23.07286777347326 13.98652231693268 235.2050049975514 10.91901251673698 109.1039044260979 85.08090694993734 23.46869065612555 58.06313840299845 67.59840021282434 121.5321438089013 43.04568433016539 36.30871145427227 0.4892287477850914 0 0 0 0 0 0 0 0 0 0 0 0 0.1704353541135788 0 0.1400946229696274 0.656684935092926 0 0 4.093159608542919 7.91614506393671 0.4912338256835938 0.6859736889600754 0 27.58613898605108 0.5726178288459778 26.34709993749857 0.7624693810939789 0 0 0 0.3160264641046524 0 0.1170553341507912 0 0 0.6088805794715881 0.6916411966085434 0 0 0 0 1.063081622123718 0 0.3701394498348236 0 1.99797336012125 1.503924109041691 3.507224254310131 0 0.8385888636112213 51.89604562520981 1.503936722874641 0.10835200548172 0.1082813516259193 0 0 0 0 0 0.184588298201561 34.53052273392677 1.874777406454086 0.6990730166435242 0.1421205699443817 0.2189552485942841 71.24913988262415 9.115999296307564 32.34129410237074 2.033998146653175 2.402488127350807 0.2256379276514053 0.650565505027771 0.7305359244346619 0 0 0.2583586275577545 0.4174391776323318 0 0.0913865864276886 0 0 26.71865648031235 9.13624582439661 19.7036032602191 418.9965185895562 7.548011988401413 343.1504023522139 104.3306126669049 275.0134487301111 20.10066957771778 2.018763586878777 24.6332156509161 13.33491064608097 0 13.47179717570543 3.970896638929844 28.97918751835823 0.2171456813812256 0 0.1165261268615723 6.670381046831608 0 428.3325351700187 53.13918458670378
90.69347371906042 936.4856607466936 5266.725172445178 0.1078706607222557 543.1726712957025 1.057395756244659 147.8346934467554 4327.296885766089 844.7072873860598 3.97800487279892 2278.842103868723 190.7331230342388 947.7500540241599 1550.934514068067 45.99806106090546 40.44639608263969 1.003256060183048 4.326454281806946 0.7980438023805618 10.77573789656162 56.98135910183191 0 35.4251506999135 50.45232181251049 3.512190759181976 6.386047050356865 14.38913058489561 0.3069867640733719 1.01337493956089 15.00034000724554 316.8981654793024 1783.380152463913 280.0358505025506 12.40560436993837 16.62484474480152 1.782053679227829 117.6931587681174 16.02307239174843 18.4662175104022 12.30458483099937 55.10400500148535 37.26873061060905 4.065313540399075 55.5630671158433 4.606012210249901 36.23846741765738 134.486964225769 1.923083238303661 2.422181367874146 18.74364211410284 14.06595543026924 0.9524811059236526 0.1316910088062286 0.6092720478773117 0.7174746468663216 0.8346410170197487 12.36260281503201 48.51807060092688 8.211975447833538 14.13981150835752 125.761760905385 76.98674460500479 6.606979459524155 50.01993525773287 3.034037284553051 3.49841932207346 3.778438545763493 10.77587108314037 71.8710887208581 29.69452769309282 45.56428943574429 0.9324144572019577 0.1912585198879242 40.85032175481319 46.48813589662313 44.5238084346056 19.59499356150627 305.5486698746681 1833.662643007934 1608.893611736596 431.0357167050242 580.6346993371844 3.321078114211559 0 3.3830950781703 3.413788393139839 12.69458545744419 0.08653881400823593 0.1891655549407005 0.2181051522493362 1.184467554092407 0.2669277042150497 101.668097987771 32.40488763898611 3.824620343744755 27.97558479756117 1.597289025783539 0 7.609126694500446 19.99107438325882 0.1587983071804047 0 4.211997747421265 0 3.286444514989853 30.90793538093567 1.549101829528809 15.1878899037838 6.913707427680492 2.16556441783905 4.901160687208176 6.318268820643425 13.37254429608583 9.730448208749294 7.286208137869835 0.1980393603444099 0.436898410320282 0 0 0 0 0 0.1181837096810341 0.5524424910545349 0 1.550657257437706 0 1.942160978913307 0 0.4628743529319763 1.081513628363609 0.3559210151433945 0 1.332093566656113 2.260274395346642 0.7354499846696854 0.1263197362422943 1.395578950643539 0.299941174685955 6.460427962243557 1.283726572990417 10.85958528518677 1.843950018286705 1.097985483705997 1.212196886539459 1.081596702337265 0.286215752363205 0.09612015634775162 0 0.3906258195638657 0.2944819331169128 0.1391959935426712 0.2470674812793732 0 0.4029097557067871 0.1384710073471069 2.211165197193623 2.188348613679409 0 0 0 0 0 0 0.7396828159689903 0.883649043738842 14.09098905324936 0.7153580412268639 0 0 0.1649433821439743 0.2929521054029465 0.1094307228922844 0.2489556074142456 0.3162854015827179 0.4584822356700897 6.939964234828949 1.014526218175888 0 0 0.9472764059901237 9.795659944415092 1.522591397166252 9.428905963897705 0.3897681012749672 0.5682715848088264 0 0.1207844018936157 0.365829661488533 0 0 0 0 0.2491250783205032 0.1090268939733505 0.4095199555158615 0.1105075553059578 3.291639924049377 1.382877580821514 4.478882782161236 347.254011541605 11.89720217883587 301.1549245193601 108.4606400951743 54.29166523367167 18.5551290512085 1.274709686636925 12.31083742529154 4.515433080494404 0.1381689608097076 6.231374382972717 0.5505529195070267 7.19881808757782 0.6863358020782471 0 0.28158238530159 6.768795944750309 0.1844456493854523 23.29887010157108 8.893539324402809
14.25383970141411 333.8962129354477 101.837791338563 46.1184199154377 773.0974715948105 7.882546290755272 1178.909769758582 844.7072873860598 706.4374127238989 115.6166913062334 1851.362610049546 165.2261920496821 1539.154044859111 729.2490977048874 19.93573576211929 20.95864441245794 0.3012604415416718 0 0.1394445300102234 0.141156330704689 0.1366377323865891 0 0.2560354322195053 0.5339862331748009 0.2321567982435226 0.3238572031259537 0.1421382129192352 0 0 0.5017959550023079 27.38687034696341 13.35503137856722 11.59269116818905 0 0.399471327662468 0 14.64026244729757 0.2760667726397514 0.7554083839058876 0.3416801244020462 0.3139614760875702 0.4067774340510368 0 1.746363744139671 0 0.1167526096105576 56.62734436988831 0.5244750902056694 0.1162508800625801 0 0.3997924253344536 0 0 0 0.6301055029034615 0.4532646164298058 4.774269744753838 12.07925850898027 6.679582089185715 8.530733518302441 0.8990294113755226 2.469289138913155 0.1452740281820297 9.299159541726112 1.145671352744102 0.7240035235881805 0.3567043021321297 0.7964056357741356 0.4706244990229607 0 31.60424947738647 0 0 21.37643387168646 16.05876007676125 24.67269331216812 10.48965043574572 9.634314000606537 5.633170694112778 29.89956171810627 0.2154169082641602 11.69726887345314 2.249565176665783 0 1.73956723511219 1.005548842251301 0.5402141287922859 0 0.2664622142910957 0 0.3529576659202576 0 0.5194927528500557 0.7557316571474075 0.2742966935038567 73.20402210950851 2.262479811906815 0 2.366046234965324 9.667984798550606 0.9486790150403976 5.899948865175247 16.92982988059521 2.64948271214962 5.090237662196159 151.4441085532308 3.277472242712975 75.26772029697895 40.69312611967325 17.65641318261623 34.07800014317036 33.1896675080061 84.01620937883854 42.13218808919191 25.81077274680138 0.1162308380007744 1.660907924175262 0 0 0 0 0 0.4936712682247162 0 0 0 0 1.143083706498146 0 0 1.163719207048416 0 0 0 7.563470371067524 4.882823780179024 0 0.4919417351484299 0 29.08300287276506 0.496967688202858 34.63814249634743 0.9021788239479065 0.4487082287669182 0 0 0.4690054953098297 0.7316829562187195 0 0.578693687915802 0 0.9509050250053406 0.2565764784812927 0 0 0 0.2987440228462219 0 0 0 0 0 1.819538652896881 0 1.226607128977776 0.6612247824668884 46.27144771814346 1.384608499705791 0 0 0.5289287567138672 0 0.3263004124164581 0 0 0 29.44249296188354 4.190213322639465 0.188754215836525 0 0 58.89095187932253 9.161657348275185 34.87751197814941 0.8166336938738823 1.665263198316097 0.1148530915379524 0 0.3389392793178558 0 0 0 0 0 0 0 0 21.75423467159271 6.695773467421532 18.95749552547932 319.4630734696984 4.658449217677116 178.0188105031848 80.48390634357929 79.00326422601938 21.76608546078205 3.486295536160469 12.74547861516476 6.097459383308887 0.380685493350029 4.180234879255295 2.556232079863548 13.76287119090557 0.6124205589294434 0 0.550276055932045 6.491344958543777 0.1465173661708832 152.1020129695535 38.85658655315638
990.1555709987879 480.8053258135915 4.75862018764019 1250.368193939328 242.9412217140198 595.0469544231892 754.1141929924488 3.97800487279892 115.6166913062334 702.229818791151 13.08024118840694 1149.603457093239 932.2281130701303 44.83942545950413 1.203138306736946 1.899187386035919 0.120076559484005 0 0 0 0 0 0 0 0 0 0.1589038074016571 0.1909964978694916 0 0 55.38462187349796 1.555050879716873 60.6016503572464 0 0 0 50.99227180331945 0.2700346261262894 6.006611540913582 0.3268866017460823 0 0.09853539615869522 0 0.1253333240747452 0 0 10.71504248678684 1.658004648983479 0.0994468554854393 0 0.2558293491601944 0.2496988624334335 0 0 0.8537389189004898 0.4917320907115936 32.08836828917265 50.18711198866367 7.891404770314693 11.83107893913984 0 5.259339049458504 0 10.92968088388443 2.520882166922092 1.232055142521858 0.7632585614919662 0.2410982847213745 0 0.301717221736908 230.7289311140776 0 0.4763248115777969 62.9395299628377 23.46942991763353 9.898490332067013 0.8058670163154602 1.295806646347046 0 6.214020416140556 0.38205835968256 11.932716794312 5.708660028874874 0 1.397643871605396 1.767122179269791 0.3371379524469376 0 0.09886395931243896 0 0.2460605204105377 0 0.2216384634375572 0 0 306.138590246439 63.61807885766029 0 8.550048261880875 511.2094333469868 1.695716455578804 20.71572775393724 36.64217410981655 13.13476321846247 6.915312215685844 208.8086680695415 5.019497618079185 103.6143659651279 85.85814113914967 24.38579519838095 41.37096435576677 46.45221967250109 92.15751584619284 37.29699039459229 13.00594063848257 0 0 0 0 0 0 0 0 0 0 0 0 0 0 0 0 0 0 0 2.981630973517895 3.997598186135292 0 0.4303131699562073 0 9.647970944643021 0.6031689643859863 7.941109426319599 0.3454325199127197 0.1144923716783524 0 0 0 0 0 0 0 0 0 0 0 0 0 0 0.173517644405365 0 0 1.812610983848572 0.9692191481590271 4.982251882553101 0 0 16.12357516586781 0 0 0 0 0 0.4864700138568878 0 0 0 13.73028884083033 0.9772442430257797 0.3334413170814514 0 0.2038691639900208 30.33721732348204 1.21382437646389 12.39479524642229 0.689329206943512 0.7610709071159363 0 0.1385017484426498 0.6371691823005676 0 0 0.151460587978363 0 0 0 0 0 13.86803597211838 1.822668805718422 2.506427980959415 69.34854163229465 1.198640048503876 63.9426005333662 11.88377234339714 584.5944383591413 4.242262169718742 0.1467389315366745 0.6317204982042313 3.400967285037041 0 4.806636787950993 0.2352266684174538 47.40039229393005 0 0 0 1.474996730685234 0 1228.5629735291 97.60418475419283
81.49964642524719 1632.901103526354 2324.826292142272 10.66906198859215 2302.060352906585 2.618711367249489 700.6699179932475 2278.842103868723 1851.362610049546 13.08024118840694 741.4746362268925 227.9050442203879 2205.657693982124 1727.142759442329 19.22244880348444 22.61423566937447 0.0844084843993187 0 0 0.4136306270956993 0.5026122480630875 0 1.031330101191998 2.294542215764523 0.6808293387293816 0.288393646478653 1.320218816399574 0.3340331763029099 0.1271599531173706 1.208943173289299 89.27081639319658 34.94947285205126 280.4842235743999 0 0.3154049217700958 0.4378916397690773 102.870352126658 7.879926539957523 10.5964070558548 4.245602674782276 0.4719972983002663 1.711254380643368 0.2197327241301537 1.875532478094101 0 0 66.95212689787149 2.269530281424522 0.5691981762647629 0.2065951600670815 0.4074408710002899 0 0 0.7139936834573746 0.7311201021075249 0.727800264954567 8.097499348223209 27.00345404446125 7.549057610332966 14.13660673797131 1.911257714033127 15.47939195483923 0 23.26861461997032 1.482912994921207 1.783944264054298 0.8401730805635452 0.4352690353989601 1.486045360565186 0.1282179355621338 35.72468546777964 0 0 30.47036316990852 33.06525199860334 28.74917711317539 9.598153926432133 10.96415731310844 42.27315997332335 1598.207913473248 4.251238413155079 87.75928194075823 3.191671811044216 0 3.237323731184006 0.9798009619116783 1.226027689874172 0 0.2931345626711845 0 0 0.2268387600779533 0.2650854140520096 0.8887180238962173 0.2043352350592613 28.73566037416458 1.53248418867588 0 7.281656168401241 11.23435439914465 0.3073922395706177 0.7431647777557373 6.728814318776131 0.4291927814483643 2.847205355763435 33.35628214478493 0 17.41959863901138 6.000285893678665 2.198865592479706 10.39955215156078 12.00270614027977 15.16541380435228 7.622384339570999 6.702040106058121 0 0.2855209410190582 0 0 0 0 0 0 0 0 0 0 0.2431187480688095 0 0 0.8021786957979202 0 0 0 0.6044363081455231 2.681358501315117 0 0 0 4.678925924003124 0.1274031698703766 7.09801809489727 0.4106297194957733 0.9109728038311005 0 0 0 0 0.2804852724075317 0 0.1774866580963135 0 0.09925553202629089 0 0 0.3243242502212524 0 0.1318235844373703 0 0 0 0.6063309162855148 0 0 0.1281637996435165 0.1473890990018845 16.54277281463146 0.2308913767337799 0.3707872629165649 0 0 0 0 0 0 0 7.397192850708961 2.062349259853363 0 0 0 15.03713856637478 2.998284950852394 9.121426999568939 0.6186949610710144 0 0 0 0 0 0 0 0 0 0 0 0 8.116332679986954 3.210955664515495 3.137034013867378 273.6876491159201 4.687957242131233 185.1621564626694 70.57987853139639 41.4773918017745 13.5728712528944 0.2555692419409752 9.552684716880322 4.944720439612865 0 2.449978530406952 0.2999967485666275 2.733035117387772 0.4911850839853287 0 0 5.422077499330044 0 33.47458738833666 8.11098800599575
347.3746345937252 607.2503375336528 44.62175094336271 1423.045202955604 140.7602404281497 221.7445907965302 1067.665823176503 190.7331230342388 165.2261920496821 1149.603457093239 227.9050442203879 163.5575411319733 1123.862018696964 225.1066907867789 16.1434054672718 36.98985497653484 0.677497535943985 0.1823610812425613 0.2387136295437813 0 1.895491257309914 0.253288134932518 1.574502408504486 7.660965174436569 1.274763062596321 1.228571563959122 5.84864266961813 1.0669125020504 1.449301205575466 4.408761084079742 11.83097279816866 14.83674293011427 176.8993631675839 0 2.66179358959198 1.386053517460823 342.5370236858726 16.44033881276846 60.54797683656216 16.54917301237583 1.698371276259422 6.882962957024574 0.1201470941305161 5.965464681386948 0.09551897644996643 0.5292855203151703 30.85949929058552 0.5656264424324036 0.2055149674415588 0.4732551947236061 0.5202575773000717 0.6013610810041428 0.2812572717666626 1.324899703264236 0.1240528374910355 0.2082734182476997 9.340586520731449 13.88032542169094 4.896740391850471 6.082738548517227 0.9185048192739487 18.20500991493464 0 9.409169211983681 0.2829569578170776 0.9053304418921471 0.1849127784371376 0.3072967529296875 0.618211142718792 0.7139570116996765 306.4697520881891 0.7395777851343155 0.1058070585131645 18.61074900627136 10.99360544979572 8.616308256983757 13.81544753164053 36.31060835719109 14.31694570183754 221.6192234605551 14.11498311161995 34.86291310191154 1.552564568817616 0 0.655201181769371 0.6527364552021027 0.721443697810173 0 0.2792002260684967 0 0.09568260610103607 0 0.6352834701538086 0.6773795932531357 2.310391455888748 694.5989323183894 23.47172432392836 0 58.95341496169567 109.3320132121444 3.768830478191376 17.20136468112469 53.77127856016159 11.56869124621153 19.43756114691496 400.8191514611244 7.644585467875004 204.2271569892764 128.4794191345572 43.9139491468668 85.29046579450369 109.6746911779046 222.6201659739017 84.53443399816751 51.04593997448683 0 1.008989498019218 0 0 0 0 0 0.246469147503376 0 0 0.5254698991775513 0 0.4023029208183289 0 0 0.4154082909226418 0.4328520447015762 0 0.2142424806952477 9.677441529929638 14.19021534919739 0 2.328662566840649 0.1572852432727814 43.95775574445724 1.894198074936867 42.41992031037807 2.053503952920437 1.577454097568989 0.1944059729576111 0.5390640497207642 0 0.7011934667825699 0.1240050494670868 0.3521672710776329 0 0.803001269698143 1.698544636368752 0 0 0.287963479757309 0.6159176453948021 1.271431021392345 0.08290546387434006 0 0.2394397258758545 1.105145178735256 1.523492582142353 2.28067022562027 0.1718213111162186 1.010874405503273 74.72298572957516 1.68160492181778 0.2790507972240448 0.1099632456898689 0.2149216085672379 0.3404327929019928 0.416698545217514 0.305246502161026 0.5399729013442993 0.1413022875785828 71.18268530070782 15.09711714088917 0.5354317128658295 0.7412129864096642 0 111.7615388706326 19.93130931258202 54.56031269580126 1.717513583600521 2.396979056298733 0.1077532395720482 0.8045324608683586 0.4980108290910721 0.2463081330060959 0 0.2186003178358078 0 0.1352986246347427 0 0 0 57.4326368495822 12.11307567358017 27.08308830857277 283.6671522930264 2.135366380214691 105.2287643179297 68.05867002159357 284.2547564655542 5.277272559702396 0 9.586344242095947 15.17817068099976 0.1463388055562973 18.20259512960911 1.594801411032677 39.95174305140972 1.302037879824638 0 0.7711665779352188 8.353281602263451 0 1071.499623194337 144.7220902740955
76.2587698623538 978.9622980877757 192.7242667526007 263.8754563480616 256.9245616942644 53.26364635676146 2591.988249376416 947.7500540241599 1539.154044859111 932.2281130701303 2205.657693982124 1123.862018696964 3759.097006514668 4446.39256092906 39.70198201388121 58.64737041294575 0.455829069018364 0.2228197678923607 0.2773006111383438 0.9220449179410934 1.368756219744682 0.1816036850214005 2.835951194167137 3.429663047194481 2.249099403619766 0.5567799806594849 4.171135932207108 0.9159034788608551 1.107434839010239 5.899874106049538 15.79192671179771 22.66831707209349 512.482495971024 0.1134732514619827 2.290047526359558 0.8004705160856247 300.2972682267427 15.35933607071638 39.85103960335255 13.40285071730614 2.950880594551563 6.254653327167034 0.7003586739301682 8.258471108973026 0.4871284961700439 0.7796876803040504 73.32786736637354 0.9056353941559792 0.1409649699926376 0.4549999237060547 0.4777321517467499 0.5690529495477676 0 1.201544374227524 0.2528306841850281 0.288358673453331 4.792317852377892 12.64192466437817 5.852291263639927 5.799111127853394 2.47717472910881 12.32177475839853 0.2371547892689705 10.50069586932659 0.5838730558753014 0.4757137075066566 0.266457587480545 0.6923151388764381 1.246600337326527 0.6102510690689087 168.85746486485 0.4737763106822968 0.1631246656179428 13.84291394799948 12.10701954364777 19.28984027355909 21.32394986599684 53.74998550117016 29.58864988386631 650.2662377208471 12.16325542330742 66.19710601121187 1.680321969091892 0 0.9466591700911522 0.6424262002110481 1.448662102222443 0 0.1096927672624588 0 0.1869954317808151 0 0.9667800515890121 0.7515634447336197 1.168384425342083 485.4478627741337 8.531792007386684 0 37.75288542360067 39.70050638914108 1.326016195118427 17.16913995146751 49.44037567079067 4.964911013841629 17.65705779194832 374.9611357524991 8.450138419866562 192.2812127694488 106.2386885210872 39.41745591908693 74.33691591024399 92.4209920540452 202.4953918159008 92.67294162511826 57.56532561033964 0.4741038680076599 0.7267838567495346 0.1493593603372574 0 0 0 0 0 0 0.14101742208004 0.1398254185914993 0.1285796910524368 1.935050524771214 0 0 0.1523027271032333 0 0 0 11.43416463583708 8.640560150146484 0 1.744094975292683 0.2810447812080383 44.38671102374792 4.404300019145012 48.7954019755125 2.547939106822014 1.606232985854149 0.4761669337749481 0 0 1.367130868136883 0.3010179474949837 0 0.4117885529994965 0.6842332482337952 0.7714770436286926 0 0 0 0.9810094907879829 1.220769762992859 0 0 0 2.238722585141659 0.1944444626569748 1.260116040706635 1.495237439870834 3.881609678268433 89.06348490715027 0.735253669321537 0.7940500974655151 0.1286870688199997 0.2140158861875534 0.1046733483672142 0.1754652410745621 0 0.4807347506284714 0.1145875006914139 61.35872624069452 7.818270891904831 0.420894056558609 0 0.1991251558065414 110.9834869131446 18.57591720670462 66.05292800068855 1.296377740800381 4.764560252428055 0.1281615793704987 1.462792299687862 0.3087340444326401 0 0 0.1539141684770584 0.2954591885209084 0.1631461977958679 0.1643234640359879 0 0 53.15344953536987 15.01388911157846 27.24115446954966 553.9694351255894 3.675535604357719 221.2176908552647 124.6148408651352 166.1745780259371 20.12126535922289 0.6930963099002838 22.77854337543249 15.72092266380787 0.1821065992116928 16.39171801507473 3.653705902397633 36.89077164232731 1.801020234823227 0 1.27180190384388 10.39996518194675 0 622.3676589354873 114.3771731555462
