119.8370049446821 2157.664298333228 986.0690146163106 1422.871595554054 213.4308058544993 126.3876275718212 463.3126696273685 41.04217493534088 29.7177496701479 799.990354552865 112.3318445459008 14.78588633239269 25.12918118387461 104.1242900267243 0.3805451169610023 0.2252040430903435 0.2705176621675491 0 0 0.2430725544691086 1.984104715287685 0.2331868261098862 1.16341894865036 1.845914289355278 0.7323934212327003 0.3383737951517105 0.6164043694734573 0.2504700347781181 0 0.6169336661696434 298.0778337419033 6.672955274581909 9.550311952829361 0.08702066540718079 0.8474413529038429 1.126586884260178 3.19299678504467 7.099904932081699 1.177307724952698 0.6878489702939987 1.391726285219193 0.7996989414095879 0 0 0.09693516790866852 0 4.345978684723377 0.6620204821228981 0.1079970896244049 0.1109599992632866 0.3986727893352509 0.4609169065952301 0 0.3928733095526695 5.738819241523743 1.800383679568768 269.6287638023496 489.8587331846356 27.33212777972221 4.121601924300194 1.256614901125431 2.113933533430099 1.18772953748703 0.8721064552664757 2.479367405176163 0.5854028165340424 0.2141992747783661 0.3858673050999641 0 0.6456414684653282 16.36364002525806 6.589828819036484 0.2183858901262283 58.59945046156645 3.293818980455399 1.190949827432632 0 0.1306583434343338 0.4248960688710213 15.2566324621439 0 9.981718599796295 8.982204176485538 0.3753573894500732 0.9663673415780067 1.387579508125782 0.1726179271936417 0.09471061080694199 0.468906082212925 0.5825702995061874 0.773790679872036 0.1022782474756241 2.413214780390263 0.694684162735939 0.1659774929285049 88.5786467269063 6.042770370841026 0.3128606081008911 4.770704515278339 444.6349349021912 0 0 0.5316625833511353 0 1.219307601451874 0.2543212473392487 10.86445204913616 1.729858249425888 2.829059541225433 5.654125690460205 0 1.48908331990242 5.123645454645157 1.62239295989275 0 0 0 0 0 0 0 0 0 0 0 0 0 0 0 0 0 0 0 0 1.471744060516357 0 0 0 0 0.8784270286560059 0 0 0 0 0.09899222850799561 0 0 0 0 0 0 0.148772805929184 0 0 0 0 0 0 0 0 0 0 0 0 0 0.4433917999267578 0.9038040041923523 0 0 0 0 0 0 0 0 0 0.1014938652515411 0 0 0 0 0 0 0.9093391299247742 0 0 0 0 0 0 0 0 0 0 0 0 0 2.004867404699326 0.3695625960826874 0 17.65113960951567 1.826384216547012 28.3969053030014 2.04629997164011 241.395018607378 8.463658474385738 0 0.4338214471936226 0.324463814496994 0 0.1331966370344162 0.3787417709827423 11.99280261993408 0 0.1974278092384338 0 0 0 112.4157327264547 27.72889214754105
2157.664298333228 1511.964509680867 1043.604882888496 837.7046740725636 2027.923838607967 58.83957444131374 3361.463272504508 249.7723822817206 540.5275254994631 439.6548652797937 806.0160605758429 143.3105211406946 666.7757126912475 1112.959077753127 51.06268467009068 5.647068083286285 0.1942362189292908 0.5066046640276909 0.2972473874688148 2.59095449000597 10.33263175189495 0.2118566781282425 16.39250020682812 16.44449643790722 11.18771577626467 5.85646665841341 10.73672636598349 2.064362928271294 4.429147392511368 11.25304834544659 1242.860135436058 48.11153093725443 89.05642250925303 1.0022057518363 4.840646266937256 3.612578056752682 28.43426281958818 22.82190285623074 8.530345186591148 7.335126392543316 9.660462491214275 8.227756589651108 0.5758429616689682 0.1955628544092178 0.455155223608017 0.09096755087375641 97.91260400414467 7.168966718018055 1.251177631318569 1.042368203401566 3.144406333565712 0.2415950447320938 0.6074436753988266 1.580300584435463 24.64150638133287 11.21962354332209 294.9035652279854 826.7031333595514 57.78917432576418 153.4745844304562 1.807577021420002 17.11604336649179 6.016442358493805 29.87365760654211 15.98039102554321 5.575329504907131 3.068054035305977 5.007633820176125 1.030216880142689 10.02890721708536 62.02995678037405 0.9349785000085831 0.07562296092510223 357.3387995734811 96.3322352617979 98.66427967697382 6.055275768041611 1.611706055700779 5.44831108301878 197.6909485682845 1.942511990666389 69.04256565868855 80.30393723398447 1.252147398889065 5.95376605540514 13.6523159891367 1.295466192066669 0.687570758163929 5.321183077991009 0.4944000691175461 4.227921150624752 1.672817207872868 20.63338050991297 3.792124584317207 1.441882647573948 73.80055961757898 16.8631956204772 0.2247117757797241 10.49042349308729 227.5295635163784 1.06871110200882 0.1156265512108803 12.6509183421731 0.142419308423996 7.521995685994625 22.1670925244689 2.270918443799019 20.12358734756708 22.14580456912518 8.10819848626852 7.799901448190212 10.40504911541939 50.96515956521034 22.93120071291924 15.20129764825106 0 0.2570969760417938 0 0 0 0 0 0 0 0 0.4980992004275322 0 0 0 0 0.109799936413765 0.8113142251968384 0.1105804294347763 0.3193977177143097 4.086428418755531 3.457518741488457 0 0 0 1.548185504972935 0 6.696113452315331 2.615912787616253 0.5236896201968193 0 0 0.140569657087326 0 0 0 0 0 0.496572345495224 0 0 0.4410390406847 0.1248810216784477 0.5788568109273911 0 0 0.2370903417468071 0 0 0 0 0 4.26381903886795 0.5389713644981384 0 0 0.2762309089303017 0.1915696561336517 0 0 0.08187530189752579 0 23.02908433973789 0.8342160284519196 0 0 0 11.45904523134232 3.833472520112991 12.12112502753735 0 0 0 0 0.4442671239376068 0.08354493975639343 0 0 0 0.09107669442892075 0.4192527681589127 0 0 41.52049621194601 7.766976326704025 2.923151969909668 162.1718935221434 17.78648328781128 341.974672652781 42.45899841934443 63.22714989632368 31.86955369263887 1.506528772413731 21.29639969021082 1.375818453729153 0.3131820932030678 0.4524211883544922 0 5.320391952991486 0 0.6742409914731979 0 4.876837253570557 1.763939529657364 155.3905489593744 10.05525419861078
986.0690146163106 1043.604882888496 376.406476534903 36.1065715700388 1022.496106646955 2.199167974293232 49.64262361079454 2001.856488347054 226.2926012054086 15.8269799053669 1669.937075659633 90.94588599354029 132.7739999294281 1005.10724940151 14.04471700638533 4.566034480929375 0.5390850529074669 4.100493423640728 1.41432736068964 9.838278658688068 54.18752346932888 1.037137769162655 85.18962199240923 92.80835542082787 84.46757017076015 37.03570865094662 85.9182612746954 13.87364108115435 26.35339903086424 82.99133092910051 3452.212286442518 714.65762193501 349.767573043704 5.385508678853512 31.71308893710375 49.5005217269063 93.58932518959045 197.4459489285946 48.04576499015093 69.31448315083981 56.2687888815999 35.33099864423275 3.650412164628506 0.6353359445929527 3.50319666415453 2.674507692456245 22.32437587529421 1.720020473003387 1.471824333071709 3.142579175531864 1.933932669460773 0.2161985784769058 2.352596655488014 14.00677887350321 7.745930053293705 4.011539146304131 151.116308182478 1073.108909264207 24.7467283681035 27.5490415841341 9.990818865597248 105.8016009703279 40.57984096556902 473.3190919831395 6.527757242321968 1.941488996148109 1.102116666734219 1.440190888941288 2.991452343761921 48.70544865727425 188.6234969571233 7.40400605648756 0.09256477653980255 106.6081735044718 133.2528646662831 23.15262603759766 9.220205873250961 53.22042091935873 93.93751518428326 972.4651484340429 3.996047556400299 693.489503249526 19.42009606212378 0.4187804311513901 2.184178076684475 3.494759187102318 1.971648499369621 0.08399244397878647 1.153959661722183 0.2620422318577766 1.728835873305798 0.6038253456354141 96.08757508546114 23.15686936676502 6.3810810521245 182.2990081086755 42.73807247728109 0.3352691158652306 53.51675672829151 46.2686864361167 1.130357354879379 0.7442664802074432 28.37750721722841 2.843683823943138 30.74915605038404 26.48786418139935 2.810381323099136 41.88278551399708 38.50806673616171 19.73899041116238 14.08648558706045 16.65842197090387 92.48397999256849 27.70187352597713 60.1503319516778 1.259597592055798 1.488394424319267 0 0 0 0 0 0.1110459342598915 0 0.1370364874601364 2.367162324488163 0 0.2768229767680168 0 0 1.635768406093121 0.4194418340921402 0.7525631636381149 0.8302170783281326 9.69129966199398 11.76377701759338 0 0.5344760417938232 0 13.05684650689363 0.7034178227186203 13.04675421118736 6.960014671087265 4.683226406574249 0.9747005701065063 0.2287252172827721 0.1076807156205177 0 0 0 0.1299582272768021 0.1217480227351189 0.336774617433548 0 0 1.549946218729019 0.550105020403862 4.21588472276926 0 0.4560769498348236 0 1.467531256377697 0 0 0.1136719211935997 0.974818617105484 17.86696980893612 0 0 0.1695245355367661 0 0.1079640537500381 0 0 0.08648480474948883 0 66.84409193694592 2.796906620264053 0.5174770131707191 0 0.2319580167531967 27.8037736415863 10.73443169891834 60.07865940779448 0 0 0.4988431036472321 0 0.3459532856941223 0 0.2713722214102745 0 0 0.3065028339624405 0.07922627031803131 0 0.1005379557609558 81.92272564768791 27.16349667310715 18.63797093182802 39.29125469923019 6.699654094874859 77.78460226207972 12.99683123826981 9.795773394405842 5.851369336247444 2.149332113564014 5.283138297498226 1.624170273542404 0.1318267583847046 3.120102427899837 0.1191579028964043 2.926826804876328 1.086458921432495 0 0 0.993761420249939 0.1671271324157715 54.78727452456951 28.9139653518796
1422.871595554054 837.7046740725636 36.1065715700388 383.4325449168682 107.5629961565137 578.4567256420851 265.4949941188097 0.5903673768043518 8.959424570202827 513.5473046377301 29.55630448460579 1.850028291344643 12.42271609604359 16.46464616060257 2.91984798759222 0 0.151952937245369 0 0 0.09358920902013779 0.1253723055124283 0 0 0 0 0 0 0 0 0 117.1833580806851 0 0 0 0 0 0 0 0 0.3162223994731903 0 0.1061049103736877 0 0 0 0 17.91419090330601 2.148025520145893 0.09640251845121384 0 0.2795858010649681 0.09851474314928055 0 0.1818971335887909 6.745285622775555 6.300284579396248 141.9830500856042 303.3547674864531 34.72697162628174 24.52954775840044 0.2031560987234116 0 0 0.6442616656422615 7.830472104251385 2.001878164708614 1.556235864758492 1.333820767700672 0.1654777154326439 0 1.591639995574951 0.9454697072505951 0 135.9552987590432 8.867922939360142 7.820609048008919 0 0 0 1.080236777663231 0 1.235359609127045 25.96497615426779 0.3693823665380478 2.498267970979214 4.95776092261076 0.5203074663877487 0.2509594038128853 2.136971533298492 0.3236049488186836 1.573229782283306 0.256714291870594 0.3303012400865555 0.1611880883574486 0.1029530093073845 36.76670280098915 2.013750076293945 0.2916274666786194 0.2779306471347809 290.3715507015586 0 0 1.973411470651627 0.5357275009155273 4.547527998685837 8.131335273385048 11.9675919264555 6.052766725420952 10.12495017051697 7.76792873442173 1.215874969959259 3.912242203950882 8.559465602040291 3.789840191602707 0.7856900990009308 0 0 0 0 0 0 0 0 0 0 0 0 0 0 0 0 0 0 0 0 0 0 0 0 0 0 0 0 0 0 0 0 0 0 0 0 0 0 0 0 0 0 0 0 0 0.08840955793857574 0 0 0.4619420170783997 0 0 0 0 0 0 0 0 0 0 0 0 0 0.3350949287414551 0 0 0 0 0 0 0 0 0 0 0 0.09745004028081894 0.1019527539610863 0 0 0.3990229219198227 0.0821363627910614 0 0 3.419697672128677 0 0.09030115604400635 23.4921553581953 5.38263638317585 75.74433783441782 4.861960962414742 126.808524645865 7.718995101749897 0 3.162970796227455 0 0 0 0 16.12808227539062 0 0.1597166806459427 0 0.3523709699511528 0 172.6308906376362 23.29084357619286
213.4308058544993 2027.923838607967 1022.496106646955 107.5629961565137 725.1223795562983 3.810490429401398 2118.992828883231 488.8961699381471 2187.803183488548 422.512859031558 1273.610239036381 33.11226318776608 533.2371715009212 954.4231739640236 39.30753570795059 4.616235367953777 0.1440975666046143 0.1793549954891205 0 0 0 0 0 0 0 0.0749087855219841 0.1422178000211716 0.3999768942594528 0 0 109.1027965769172 39.18691431730986 3.027548208832741 0 0 0 3.708185285329819 0.4914535731077194 1.056645900011063 0.5868766307830811 0 0 0 0.3590760827064514 0 0 72.52008846402168 2.008084304630756 0.4067786931991577 0 0.9030367806553841 0.2034229338169098 0.4272394478321075 0 5.667731605470181 3.493449561297894 68.25286190956831 172.1298333406448 14.72183525562286 84.98272939026356 0.1234569624066353 0.07722051441669464 0 28.0673044025898 4.201400488615036 2.135416686534882 1.201573848724365 1.471185736358166 0.4012638777494431 0 11.78389289230108 0 0 117.3391362130642 50.9383465051651 70.42888659238815 3.91164418309927 2.938035249710083 0.2171870172023773 5.117206647992134 0 0.9881862103939056 22.4081335067749 0.6781357079744339 2.278228640556335 4.05510576069355 0.2782047688961029 0.1000699028372765 2.991156905889511 0.2675944864749908 1.382549315690994 0.6281607002019882 0.3623892143368721 0.4476344510912895 0.3326290622353554 15.60060209035873 0.5775119662284851 0.1020473763346672 0.6670594811439514 8.606098622083664 1.810137093067169 0.5006721019744873 9.147767037153244 1.954374067485332 9.084313288331032 20.98553880304098 3.052040368318558 11.39534874260426 24.29198739677668 5.654780633747578 3.185024276375771 8.063250310719013 25.60802566260099 12.55826155096292 7.53697032481432 0 0 0 0 0 0 0 0 0 0 0 0 0 0 0 0 0 0.6058629155158997 0.1721055209636688 2.622432097792625 2.361064456403255 0 0 0 1.038598090410233 0 0.9811601638793945 0 0.1713689714670181 0 0 0 0 0 0 0 0 0 0 0 0 0 0 0 0 0 0 0 0 0 0 0.7215729951858521 0 0 0 0.1415392309427261 0 0 0.102896474301815 0 0 3.950086481869221 0.2177342176437378 0 0 0 1.69174188375473 0.1999101042747498 2.20534873008728 0 0 0 0 0 0 0.1013893112540245 0 0 0.09474966675043106 0 0 0 24.37428824603558 1.482590109109879 0.7628045529127121 132.7176878750324 8.065366238355637 197.6999292522669 44.53696853667498 21.45706297457218 21.80224933475256 0.1429486274719238 19.37108996510506 0.7059974074363708 0 2.037383385002613 0 0 0 0 0 5.021045044064522 0.7791834324598312 61.89171045273542 7.763985067605972
126.3876275718212 58.83957444131374 2.199167974293232 578.4567256420851 3.810490429401398 1.497045040130615 164.5785046815872 0 3.455846324563026 595.5910428613424 1.460168838500977 41.48316530883312 25.19426618516445 7.802416682243347 0.1701388359069824 0.3813148885965347 0 0 0 0 0 0.5196939781308174 0 0 0.197035938501358 0 0 0 0 0 0 0.3249403238296509 7.185594365000725 0 0.2742626667022705 0 6.167323291301727 0.1854463666677475 2.342413976788521 0.5761688202619553 0 0 0 0.1159807220101357 0 0 0 0 0 0 0 1.470654703676701 0.240716964006424 0 0 0.2315360605716705 89.38907152414322 1.180965542793274 0.9171082526445389 0.6059339791536331 0 2.415353819727898 0 0 0.2751394212245941 0.1040282249450684 0.1726973056793213 0.1022905334830284 0 0 72.29852187633514 9.977139286696911 1.59135564416647 0.6743728518486023 0 0.3315365016460419 0 0 0 0.7850193232297897 0 1.717576056718826 0.1171758025884628 0 0 0.09176116436719894 0 0.3200001046061516 0.1964536905288696 0.2631416320800781 0.3223268091678619 0.5086915194988251 0 0 0.4934857338666916 87.86290128529072 61.10555882006884 2.996948376297951 16.75399044901133 291.8431056439877 0.2153501957654953 3.965458869934082 8.040123775601387 3.268642283976078 16.49145197868347 22.42494623363018 28.76105830073357 19.84953508526087 38.47495599836111 27.66074751317501 5.021076858043671 11.29442902654409 33.04985009133816 13.79383539408445 2.131159767508507 0 0 0 0 0 0 0 0.1127645969390869 0 0 0 0 0 0 0 0 0 0 0 0 1.016532480716705 0 0 0 0.4403139501810074 0 0 0 0 0 0 0 0 0 0 0 0 0 0 0 0.0891774445772171 0 0 0 0 0 0 0 0.2477370947599411 0 0 0 0 0 0 0 0 0 0 0 0 1.165663108229637 0 0 0 0 0.2358482927083969 0 0 0 0 0 0 0 0 0 0 0 0 0 0 0 11.82755237072706 0.3147366940975189 0 2.583019778132439 0 0.3913243412971497 0.734721727669239 64.93404106795788 5.545988455414772 0 0 0.1624054759740829 0 0 0 32.30183130502701 0 0 0 0 0 34.81173579394817 39.12478473782539
463.3126696273685 3361.463272504508 49.64262361079454 265.4949941188097 2118.992828883231 164.5785046815872 247.3868564367294 27.93321789056063 1286.782821372151 1124.509810529649 99.28026757389307 118.4820759221911 1485.492388769984 503.9418331459165 74.50796972960234 5.742161303758621 0.1008177697658539 0 0.354130394756794 0.0879250168800354 0.697270467877388 0 0.1071649938821793 0.3640336841344833 0.4088863655924797 0.3913812637329102 0.2528963088989258 0.4595807939767838 0.3057729601860046 0.4198680520057678 155.4640777483582 23.05154719203711 6.315082661807537 0 0.5372844040393829 0 6.456699334084988 2.024346135556698 1.339769333600998 1.216791562736034 0.1931984350085258 0 0 1.16791295260191 0.1693640649318695 0.1058942303061485 113.0246135741472 5.168129064142704 2.106799736618996 0.1562029719352722 1.766049429774284 0 0 0.2169434204697609 16.80876331031322 11.98469907045364 176.948685631156 346.3950155302882 46.87698391079903 163.3150738105178 0.2809881344437599 0.3644724637269974 0.08379074931144714 24.61225355416536 14.35940781980753 4.779735885560513 3.154070965945721 3.075198575854301 0.2846479937434196 0.333916038274765 19.880694873631 0.5751613900065422 0.09303569793701172 265.9684594273567 73.2345842346549 115.6457301229239 10.48499131947756 4.299041293561459 0 1.616148553788662 0.7187454849481583 2.169574722647667 60.2737350538373 0.5932545214891434 7.729009971022606 10.30892808735371 0.8470768332481384 0.2523337751626968 4.098407275974751 0.7259255945682526 4.367974005639553 1.091648578643799 0.1071154028177261 1.090128317475319 1.074450731277466 64.95339620858431 4.097223930060863 0 4.618455357849598 86.2945895716548 0.3940042704343796 4.477042555809021 54.87562876939774 10.9515878111124 30.75436672568321 67.19301440566778 20.11550764739513 49.4645986109972 87.25418580323458 31.74784882366657 17.18853852897882 30.16455896943808 94.15317936241627 41.647295974195 33.27086211740971 0 0 0 0 0 0 0 0.2181936725974083 0 0 0.3875949531793594 0 0 0 0 0 0 0.2661987841129303 0 3.4023427516222 8.8967399969697 0 0 0 3.687147304415703 0 0.8164186179637909 0.2665861323475838 0.7814212441444397 0 0 0 0 0 0 0 0.07544010132551193 0.1843252927064896 0 0 0.3571458756923676 0 0 0 0.1938584893941879 0 0.2871324643492699 0.1268370598554611 0.2050984650850296 0 0 4.970529913902283 0.08752435445785522 0 0 0.2162119597196579 0 0 0.3369153589010239 0 0 17.4939907938242 1.62273445725441 0 0.1988108158111572 0.1124412640929222 8.138280183076859 2.066423416137695 6.773465722799301 0.2719119116663933 0.2706983685493469 0.2789362445473671 0.5334761142730713 0.1188494488596916 0.08255165070295334 0 0.3844166472554207 0.0996856614947319 0.4338522851467133 0 0.1739142015576363 0 68.14676623791456 6.758364401757717 3.657770104706287 288.8434790223837 20.62189715355635 369.6882928833365 60.56828753650188 82.26494468003511 32.68500893563032 4.961234919726849 37.61117907613516 2.106594800949097 0 1.916893817484379 0.4894041046500206 6.901693895459175 1.530170798301697 0 0 9.524045839905739 1.738613948225975 253.7274625822902 37.89519508928061
41.04217493534088 249.7723822817206 2001.856488347054 0.5903673768043518 488.8961699381471 0 27.93321789056063 592.7238017767668 376.5551543533802 6.138715788722038 885.8534565865993 97.65506641566753 136.2524844184518 566.2483962029219 24.82746656984091 5.706964217126369 0.1302859783172607 1.061890847980976 0.10439333319664 1.021537266671658 4.818939164280891 0 14.78761341422796 15.8316702619195 42.09947804361582 10.64277417957783 27.65267172455788 6.375201039016247 12.6286793127656 27.29035516083241 419.5176770910621 1024.278567619622 378.81472568959 0.2924833297729492 10.96729101240635 38.85933063179255 113.0183021724224 192.4061231166124 40.21555828303099 41.68241890519857 13.83671306818724 6.380349591374397 1.101324588060379 4.535900130867958 0.425347313284874 2.216884396970272 27.32066371291876 0.205676481127739 0.1182572618126869 0.9455309212207794 0.1637262105941772 0.8107927739620209 1.105131529271603 4.917430430650711 1.234906725585461 0.4751509428024292 26.65513729304075 184.0800537094474 3.815743736922741 19.36880444735289 29.48277427256107 250.103221423924 58.11015209555626 384.7263547033072 1.022444628179073 0.3552715480327606 0.4511594548821449 0.4985998347401619 0.1083239391446114 4.343954645097256 124.1322297602892 3.10741201043129 0.2257710695266724 30.47152896225452 95.70619773119688 39.67594808340073 137.2205110788345 319.3961874097586 266.9202849045396 1342.037661015987 192.9510015025735 1165.215957254171 4.12660127133131 0 0.262782484292984 0.4220825284719467 0.3449929803609848 0 0.3387344256043434 0 0.2690841481089592 0.5058658570051193 5.824113644659519 1.544045984745026 0.9312456399202347 16.46764376759529 13.00130044668913 0.1686390340328217 35.39300180971622 3.516570203006268 0 0 1.142902851104736 0.5607632845640182 2.605158150196075 2.003688722848892 0 1.203598946332932 0.9778943434357643 0.8484403192996979 1.057287588715553 1.261113159358501 3.406232215464115 1.448563620448112 3.891246184706688 0 0 0 0 0 0 0 0 0 0 0.5115160718560219 0 0 0 0 0.123030312359333 0.2939461171627045 0.1237995252013206 0 0 0 0 0 0 0.9927412867546082 0 0.9995145946741104 1.796538576483727 0.4000988006591797 0 0 0 0 0 0 0 0 0 0 0 0 0 1.085969477891922 0 0 0 0 0 0 0 0 0 0 0 0 0 0 0 0 0 0 3.473992384970188 0.6927759274840355 0.3278824239969254 0 0 0.8217228502035141 0 1.241746664047241 0 0 0 0 0 0 0 0 0 0 0 0 0 3.676658600568771 1.977885708212852 1.59589746594429 66.09247072786093 2.888357408344746 50.23756332695484 18.61519275605679 3.671935938298702 5.378084674477577 0 6.1353555098176 0.4318861216306686 0.1026662439107895 0.1389486938714981 0 0 0 0 0 4.717958867549896 0 10.59811350703239 3.177695408463478
29.7177496701479 540.5275254994631 226.2926012054086 8.959424570202827 2187.803183488548 3.455846324563026 1286.782821372151 376.5551543533802 379.0900447890162 265.550010599196 289.0178513154387 50.2060738503933 1614.370269015431 620.7681518867612 54.37650711834431 6.890553772449493 0.4615836143493652 0.1234665215015411 0.1366093456745148 0.1925936192274094 0.2169446498155594 0 0.4031956642866135 0.4705146849155426 1.122109904885292 0.3540980219841003 0.724442757666111 0.5059573799371719 1.315666154026985 1.309377163648605 61.27399206906557 37.70601671934128 13.92506372183561 0 0.8133360520005226 0 5.33788400888443 3.998914197087288 3.621987149119377 2.01020248234272 0.224743440747261 1.030660435557365 0.08890783786773682 0.1739170476794243 0 0 59.92899014055729 1.404384784400463 1.158886954188347 0.07599407434463501 0.8648442849516869 0.1767597123980522 0.5079763680696487 0.415414921939373 3.302232027053833 2.384166240692139 29.83382418006659 85.06613367050886 6.511957786977291 58.92700450122356 0.3261842429637909 1.152960777282715 0 27.49588898569345 3.86742490530014 0.8998838737607002 0.9195038974285126 0.3864715322852135 0.08472646027803421 0.1004560366272926 24.05790708214045 1.306735545396805 0 63.46456383168697 37.77341521531343 82.4544103294611 10.8054226487875 3.760892011225224 1.039128392934799 2.560621470212936 0.3500353321433067 2.072997100651264 11.70756352692842 0.4741088375449181 1.184767313301563 2.585654936730862 0.4213710725307465 0 0.8986987471580505 0 1.102368175983429 0.5212740004062653 0.5051092132925987 0.2894686535000801 0.1692117899656296 38.33339510113001 3.242762267589569 0 3.228980772197247 2.577393248677254 1.478983938694 0.2374768108129501 15.0941074937582 3.690573632717133 16.51188226044178 23.62315817922354 2.896790504455566 21.19282998889685 28.27852925658226 13.72431318461895 5.880666829645634 15.05781754851341 48.49015565961599 17.37682993710041 15.42678428441286 0 0 0 0 0 0 0 0.09446286410093307 0 0 0 0 0 0 0 0 0 0 0 1.146840795874596 3.114255428314209 0 0 0 2.960877977311611 0 0.4321421310305595 0.5508694723248482 0.6963115334510803 0 0 0 0 0 0 0 0 0 0 0.1062618941068649 0.1018725857138634 0 0.1359274834394455 0 0 0 0 0 0.2563132122159004 0 0 0.6899409890174866 0 0 0.09195781499147415 0 0 0 0.2135822176933289 0 0 11.08900479227304 0 0 0 0.1179162710905075 5.236247755587101 0 4.038872122764587 0 0 0.1542513519525528 0 0.253328800201416 0.08386474847793579 0 0 0 0 0.08267156779766083 0 0 37.59483010321856 3.090035289525986 0.5192899405956268 154.0819178074598 8.315925069153309 136.4775592014194 35.41874928772449 14.25258038938046 16.09589248150587 3.498782679438591 20.0170076712966 1.879777699708939 0 0 0.1752758622169495 3.026613317430019 0 0 0.4361864030361176 5.959711022675037 0.4420662820339203 60.6820761859417 14.00191957503557
799.990354552865 439.6548652797937 15.8269799053669 513.5473046377301 422.512859031558 595.5910428613424 1124.509810529649 6.138715788722038 265.550010599196 790.3525562807918 37.08735002577305 496.948507450521 1863.658750846982 284.0797999873757 22.36355442553759 3.739135801792145 0.2377832233905792 0 0.1114181205630302 0.1008154600858688 0.1493137925863266 0 0 1.35111054033041 1.231398783624172 0 1.264968290925026 0.386289045214653 1.382873602211475 0.8164739161729813 42.78253943473101 2.543380111455917 19.43813866376877 0 0 0 21.12176501005888 2.776214651763439 6.731291480362415 3.09151441603899 0.2348744720220566 0.4610605761408806 0 0.2319967374205589 0 0 33.52728200703859 1.882780909538269 0.180088222026825 0 0.3853113576769829 0.3480831459164619 0.4324508756399155 0 5.026392832398415 4.368205487728119 89.35729020833969 135.6744073703885 20.76154866069555 41.0056327059865 0.09964877367019653 2.505970746278763 0.1487822681665421 5.304747469723225 5.109118476510048 1.243417426943779 1.054474428296089 1.385214760899544 0 0.1522930860519409 179.4534900188446 3.940499126911163 0.2613713145256042 92.05678251385689 19.9402911067009 32.82519882917404 5.517415292561054 1.517793044447899 0.4049102813005447 2.98517718911171 1.599043875932693 2.61014224588871 20.87620506435633 0.3424536138772964 1.951120264828205 3.62209241092205 0.2150576785206795 0 0.5578366816043854 0.1121558174490929 1.423179358243942 0.4879627525806427 0.4356843456625938 0.0968019887804985 0.1009364947676659 142.0584212690592 17.86256465315819 0.1483029425144196 22.2548052072525 255.461614869535 2.166900038719177 8.04025636613369 89.10360049456358 16.52238981425762 76.20222637057304 138.6665666922927 42.78605954349041 109.4786918610334 172.1442616209388 86.40913071483374 27.72983945906162 56.84442499279976 172.3507223576307 82.22594866901636 35.40921837091446 0 0 0 0 0 0 0 0.216685451567173 0 0 0 0 0 0 0 0 0 0.3140972256660461 0.1869123727083206 4.437859043478966 10.32275700569153 0 0 0 3.820352531969547 0 6.294299736618996 0.6527519375085831 0.6168027520179749 0 0 0 0 0 0 0 0 0.4518169611692429 0 0 0.2321005463600159 0.1321144849061966 1.259773954749107 0 0 0 0.2448837906122208 0 0.3357444852590561 0 0 5.955410838127136 0.2896246612071991 0 0.4015113711357117 0 0.1109141632914543 0 0.08115804195404053 0.09986008703708649 0 27.38594271987677 0.9585779830813408 0 0 0.2681071311235428 10.74550519138575 3.679176807403564 4.283044375479221 0 0 0 0 0 0.2556416392326355 0 0 0 0.6901313960552216 0 0 0 132.5546435043216 7.477532386779785 2.73478751629591 128.4912509694695 7.826582461595535 114.5338202118874 22.52589331567287 187.7102004289627 12.01751533150673 0 14.00079310685396 1.924320250749588 0 2.581152267754078 0.125599592924118 38.60981616377831 0 0 0 4.41539055109024 0 606.7096945047379 153.1169760227203
112.3318445459008 806.0160605758429 1669.937075659633 29.55630448460579 1273.610239036381 1.460168838500977 99.28026757389307 885.8534565865993 289.0178513154387 37.08735002577305 337.6000687032938 437.7117710337043 1015.014120914042 581.3406930416822 63.09181118756533 12.5003277361393 0.3424618393182755 0.1130512878298759 0 0.3294681683182716 1.083975240588188 0 2.345754191279411 2.615044511854649 6.214652024209499 1.66446316242218 5.125797957181931 2.313578978180885 3.965218082070351 5.81689564883709 145.6086013093591 113.5658302903175 316.3940207660198 0.2506512999534607 0.7735376209020615 0.7577134296298027 124.4778189510107 24.72119562327862 14.0928690880537 7.293743632733822 1.357893064618111 2.408683784306049 0 1.209277354180813 0.3655178770422935 1.197775453329086 61.52263523638248 0.6519079282879829 0.6672311946749687 0.09434811025857925 0.3843690529465675 0.5312305092811584 0.1045623868703842 0.4369623884558678 2.07597716152668 1.680592156946659 33.45384815335274 80.04976598918438 5.469461642205715 36.85700089484453 0.3263916671276093 12.14040433615446 0.2911510765552521 33.59168066084385 2.699512504041195 0.6539995744824409 0.7124472111463547 0.5204938873648643 0 0.2068452686071396 104.7216676995158 2.168320998549461 0 55.76162477582693 59.06193301081657 82.9555736258626 14.89118351787329 10.06420388817787 42.18251439929008 147.7426481992006 1.027888476848602 23.28401133418083 10.61282924562693 0.2089990302920341 0.7398547604680061 1.690808393061161 0 0 0.3634103089570999 0 0.3157635256648064 0 1.357954546809196 0.4684850573539734 0.6489569991827011 54.82243024557829 5.698436513543129 0 16.47580698132515 3.787222638726234 0.7624204158782959 0 5.650545939803123 1.794334977865219 8.536264076828957 11.0354016199708 1.918162941932678 14.05579774081707 12.81190917640924 6.537250630557537 4.378606528043747 8.237815402448177 29.84853763133287 9.461565956473351 10.17992393672466 0 0 0 0 0 0 0 0.1122517883777618 0 0 0 0.6883195638656616 0 0 0 0.1280074268579483 0 0.12844417989254 0 0.651351734995842 2.459263697266579 0 0 0 0.1459090858697891 0 0.6716736704111099 0.1172691732645035 0.3835114240646362 0 0 0 0 0 0 0 0 0 0 0 0 0 0.1860169917345047 0 0 0 0 0 0 0 0 1.452309519052505 0 0 0 0 0 0 0 0 0 9.705688953399658 0 0 0 0 2.805669412016869 1.750141322612762 2.898887977004051 0.4530355632305145 0.2313640713691711 0 0 0 0 0 0 0 0 0 0 0 23.20985455811024 2.453406877815723 1.011186026036739 174.710661791265 7.660843849182129 128.7078825756907 44.97209901362658 10.54801297187805 16.74469112604856 0.8920511528849602 26.25985831767321 0.7811058610677719 0 0.1786071956157684 0 0.4185206443071365 0 0 0 6.777693346142769 0.1394730657339096 35.07434198260307 9.478269129991531
14.78588633239269 143.3105211406946 90.94588599354029 1.850028291344643 33.11226318776608 41.48316530883312 118.4820759221911 97.65506641566753 50.2060738503933 496.948507450521 437.7117710337043 52.27986161410809 337.2995713725686 427.2026845291257 39.87444467097521 11.15528798103333 0.3926740139722824 0.1844761073589325 0 0.2881765961647034 4.428303003311157 0.322587862610817 2.136519849300385 3.071323484182358 4.352987766265869 2.203128919005394 5.305606886744499 1.504441671073437 4.906269706785679 4.961465835571289 14.49729185551405 13.06737907230854 155.1457953304052 0.1374488919973373 0.8290777504444122 0.9202175587415695 97.8562543541193 22.8370655477047 21.32184741646051 8.963839739561081 4.623375847935677 2.617531836032867 0 1.755177445709705 0 0.7012653946876526 34.04341324418783 0.2850344255566597 0.4710993468761444 0.1773638427257538 0.1229278072714806 0.1234284266829491 1.742899551987648 1.367430746555328 1.21276006102562 0.1102096810936928 18.36475826054811 25.18161917477846 3.215711586177349 20.18344918638468 0.5436497181653976 44.11745284497738 0 11.10744878649712 0.8132833763957024 0.1754411682486534 0 0.1879169270396233 0.1673874109983444 0.1729902327060699 277.7488323822618 4.029460899531841 0.2575631737709045 29.73167762160301 37.47541741281748 54.03946685791016 12.43021037429571 6.492982231080532 3.496389031410217 91.73121786862612 5.680291578173637 35.56613676249981 4.007418915629387 0.09437331557273865 0.1787234842777252 0.3893991485238075 0 0 0.2902779206633568 0.1281930059194565 0.2834254205226898 0.1239240616559982 1.742189459502697 1.59920559823513 0.1139262467622757 236.1558910608292 25.15344796329737 0 43.94982572644949 45.6762967184186 0.2453116178512573 2.153248742222786 42.51939031481743 4.97913447022438 35.48747842013836 72.58263571560383 13.87195767462254 57.94251581281424 91.24146509170532 35.62199913710356 19.42201717942953 32.69062157720327 110.4477942883968 48.83201087266207 31.85079403221607 0.1217006966471672 0.3771006166934967 0 0 0 0 0 0.6230664402246475 0 0 0.08903692662715912 0.1273501515388489 0 0 0.1494434326887131 0.1352016031742096 0 0.5885402262210846 0.2323863208293915 2.973565012216568 9.020800217986107 0 0 0 7.330985754728317 0.6624502539634705 5.056203745305538 0.5880656689405441 0.2204744443297386 0.1346664577722549 0 0 0 0 0 0 0 0.2799256592988968 0 0 0.3654249384999275 0.7981112599372864 1.029359437525272 0 0.3252502232789993 0 0 1.475651942193508 0.1219224780797958 0 0 2.208518892526627 0 0 0 0 0 0 0.09070751070976257 0 0 23.99885579943657 1.20886118710041 0 0 0.2249659970402718 16.32431742548943 3.418510213494301 10.09040462970734 0 0 0.2111710831522942 0.1051950082182884 0 0 0 0 0 0 0 0 0 111.1487828344107 9.884393371641636 3.089249886572361 210.5538867563009 9.60211456567049 80.07576831430197 42.4777878895402 23.7705000191927 7.969192825257778 0 28.42347871512175 0.8115991055965424 0 1.367555148899555 0 3.916381120681763 0.2879992574453354 0 0.1424772292375565 5.569777823984623 0.325423002243042 326.1695102006197 48.01920589059591
25.12918118387461 666.7757126912475 132.7739999294281 12.42271609604359 533.2371715009212 25.19426618516445 1485.492388769984 136.2524844184518 1614.370269015431 1863.658750846982 1015.014120914042 337.2995713725686 1420.94886585325 3835.530319534242 69.73822894692421 18.67528780549765 0.3568421006202698 0.2207393422722816 0.3602126091718674 0.09791857749223709 0.5536160618066788 0.5299593955278397 2.467059507966042 3.554404675960541 7.684351466596127 1.147772140800953 5.859300434589386 1.655777424573898 5.881611555814743 6.174865670502186 32.47803027927876 23.30478970706463 408.1576522514224 0 0.4232142269611359 2.563740238547325 160.4449362531304 39.13060610741377 31.19806853681803 12.84967706352472 2.669090554118156 1.880648605525494 0 1.89228143543005 0.318089596927166 0.2281900122761726 78.48893329501152 0.8854049891233444 0.4391307756304741 0.3406339883804321 0.4032936692237854 0.1209943667054176 2.846409916877747 3.157817780971527 2.688675947487354 1.203776724636555 30.31909736245871 62.98080783337355 5.729017220437527 48.69478271901608 2.030840404331684 78.99759192019701 0.09473537653684616 26.77864874154329 2.148281715810299 0.3529082015156746 0.5054599270224571 0.600692093372345 0 1.814970731735229 273.746757298708 3.480821833014488 0 56.61671721935272 53.34947618097067 94.17365650832653 18.26580926775932 9.108623392879963 2.912936970591545 156.3218289911747 3.521519899368286 41.48473628610373 10.05152110010386 0.08146782964468002 0.7789736539125443 1.242479681968689 0 0.182188592851162 0.4440965726971626 0 0.1897099018096924 0.1631356105208397 1.915351390838623 0.08589068055152893 0.6138257086277008 391.2117487490177 14.44002589583397 0 39.00817047059536 25.12880286574364 1.134192362427711 1.552276343107224 51.8346760571003 22.01370707899332 49.33992482721806 112.4291839301586 19.15057825297117 84.49932426214218 119.4883526042104 47.5953094214201 28.17632500082254 52.55923021584749 108.3991242572665 52.61626935005188 33.362852178514 0.1329954862594604 0.2642446756362915 0 0 0 0 0 0.8764825463294983 0 0 0.1083582490682602 0 0 0 0.3068060278892517 0.3392330259084702 0 0.1117761731147766 0.1683265864849091 4.074409365653992 9.325184434652328 0 0 0 4.020782999694347 0 1.81557634472847 1.241752833127975 0.9585979878902435 0 0 0 0 0 0 0 0 0 0 0 0.1960349306464195 0.2696165218949318 0.8417647629976273 0 0.08386380225419998 0.07450174540281296 0 0.3644877672195435 0.2317241728305817 0 0 7.66405563056469 0 0 0 0 0 0 0 0 0 25.85086704045534 0.3841533437371254 0 0 0 12.69219940155745 2.418189510703087 10.38563174754381 0 0.263452559709549 0 0 0 0 0 0 0 0 0 0 0 109.5430258139968 6.580220095813274 4.840894721448421 273.9305259138346 9.97355329990387 148.0990026518703 60.25810745358467 30.93972040712833 15.68672968447208 0.1334981769323349 38.64639110863209 2.482991248369217 0.2369785010814667 1.067230112850666 0.1764473468065262 2.58190655708313 0.9596185013651848 0.7691391706466675 0.8315566182136536 5.945666499435902 1.620750218629837 261.9208246320486 44.11790392547846
104.1242900267243 1112.959077753127 1005.10724940151 16.46464616060257 954.4231739640236 7.802416682243347 503.9418331459165 566.2483962029219 620.7681518867612 284.0797999873757 581.3406930416822 427.2026845291257 3835.530319534242 612.4276066347957 111.5056529343128 21.27358234673738 0.8754961490631104 0.4250032231211662 0.3490437939763069 0.8136027678847313 0.8393619358539581 0.3531944751739502 3.523839540779591 4.204772427678108 14.07289964705706 3.801479279994965 7.899918973445892 4.400494024157524 7.121854111552238 12.12388897687197 109.2714989036322 154.6632976606488 614.1900817900896 0.135234996676445 1.89837683737278 1.572281926870346 555.8729867339134 64.35970916599035 42.73566258698702 19.6695247516036 2.831430435180664 1.769850164651871 0.2706056609749794 2.239918597042561 0.08200454711914062 0.6298324167728424 107.4745663627982 1.196544609963894 1.464571952819824 0.4303460046648979 0.2542489171028137 0.1020674854516983 0.9659774973988533 4.979974314570427 3.718616046011448 2.053229406476021 46.60653743892908 115.434087112546 9.615733563899994 68.80446792393923 1.522689737379551 42.62731440365314 0.1099473163485527 47.18289040774107 3.261160299181938 1.24886142462492 0.9202209338545799 1.208388336002827 0.08889894187450409 1.660689428448677 303.4165988191962 1.026942387223244 0 90.46505586802959 87.94456470012665 147.3278727158904 31.2860319763422 19.97168785333633 27.80523225665092 174.8730018287897 5.252666652202606 52.04838837683201 12.79553861171007 0.4213557690382004 1.858148813247681 2.205284386873245 0.4044278934597969 0.08126068115234375 0.6849691867828369 0 1.285024344921112 0.4142815321683884 0.8973980471491814 0.8849244713783264 0.6833012253046036 125.0169027373195 15.60892516374588 0.1065908595919609 41.12105423957109 10.36622759699821 0.4011641442775726 0.4663892984390259 21.68935089558363 3.438901022076607 22.54791570454836 34.20043635368347 2.373753666877747 28.45908241719007 41.46612492203712 17.39063134789467 10.01057656854391 17.65890029072762 57.38565145432949 26.08758568018675 18.43924422562122 0 0.2019125819206238 0 0 0 0 0 0.1040700301527977 0 0 0.4007086157798767 0 0 0 0.2489131540060043 0.3741496652364731 0 0.3597162663936615 0.1061989590525627 4.372381456196308 5.949114955961704 0 0 0 3.773773320019245 0 1.205639272928238 0.08681260794401169 0.7268183901906013 0 0 0 0 0 0 0 0 1.199034854769707 0 0 0.6146422624588013 0.7450887709856033 0.2241092398762703 0 0 0 0.2241951674222946 0 0.1241100430488586 0 0 1.110502004623413 0 0 0.08475388586521149 0 0 0 0.08181159198284149 0 0 16.4929466471076 1.179175689816475 0 0.122625432908535 0.1783217340707779 7.157636672258377 2.256948918104172 5.874807223677635 0.443676620721817 0 0 0 0 0 0 0.1071363016963005 0 0.1651203632354736 0 0 0 47.542760014534 4.805469885468483 2.437354788184166 320.7952553704381 14.35305996984243 198.4182614833117 67.78697030991316 16.67308451980352 18.57347093522549 0.6020186096429825 43.83077983558178 1.277633711695671 0 0.1056934371590614 0 7.536076307296753 0.247952438890934 0 0 12.26879940181971 0.7080782055854797 94.4683546423912 21.67390629649162
