77.42581128329039 2591.076220236719 621.4213337153196 1527.573574014008 6.948287934064865 157.7302871197462 436.2847377285361 65.39672807604074 1.444176815450191 834.6949169263244 59.6684771925211 397.1472447887063 131.7003887891769 14.94419723004103 1.327162712812424 0.2341530621051788 0.2008040547370911 0 0 0.1234429776668549 0.1857783645391464 0 0 0 0.2263161689043045 0 0 0 0 0 920.6476823017001 0.2097178548574448 15.88680203258991 0.09722120314836502 0.4033218026161194 0 11.86519007384777 3.53500971198082 6.752871260046959 0 1.830622896552086 0.8851375579833984 0.833897203207016 0.09377029538154602 0 0.1873933300375938 22.22237778455019 6.326521143317223 1.264269933104515 0.5405347272753716 4.026987224817276 0.4352859780192375 0 0.1291547119617462 7.054753482341766 26.4508001729846 362.9102509766817 826.3510031998158 131.3473579213023 32.5371517688036 0.09972262382507324 6.177560374140739 0 11.28909786045551 16.60715074837208 15.64159333705902 5.875844798982143 3.180588714778423 4.016596645116806 1.483236476778984 33.18355675041676 80.99535807967186 4.424497693777084 297.4210950657725 13.95235362648964 48.62756422907114 0.9275991171598434 0.1462932974100113 0.4300800114870071 14.21610402315855 0.2432452142238617 12.67405898869038 29.92047590017319 0.9218458980321884 13.95368598401546 13.56174394488335 3.180199898779392 2.702201224863529 6.505836181342602 2.356024280190468 2.561735868453979 2.939165085554123 2.410483777523041 0.86709263920784 0.6217745542526245 62.93359334766865 21.18247745931149 6.209328025579453 5.509497061371803 977.2233455702662 0 0 0 0 0 2.9786426872015 0 1.038539290428162 0.6569742411375046 0 0 1.899083063006401 2.573503002524376 3.606994718313217 1.708077594637871 0 0 0 0 0 0 0 0 0 0 0 0 0 0 0 0 0 0 0 0 0 0 0 0 0 0 4.308945178985596 0.5357448309659958 0.2758495509624481 0 0.199940413236618 0 0 0 0 0 0 0 0 0 0 0.7963272929191589 0 0 0 0 0 0 0 0 0 0.3107566982507706 0 0 0.1199660524725914 0 0 0 0.2868192046880722 0.1450508534908295 0 0.2053293138742447 0 0 0 0.3944527879357338 0 0 0 0 0 0.2418750673532486 0 0 0 0.1100979596376419 0.1564129143953323 0 0.2095926105976105 0 0.1404672414064407 0 0.2046036720275879 0.7796846628189087 2.396530546247959 24.75212918221951 12.50383637100458 149.1237995028496 20.81569952517748 366.3192962408066 21.03753979504108 6.750496417284012 0.2513538897037506 0.7799604535102844 0 0.8319780826568604 0 0 0 0 0 0.8382361680269241 0 236.4843320399523 1.688739061355591
2591.076220236719 4343.104294665158 2076.226731769741 1529.635419003665 3116.469711013138 470.8080951198936 2344.977394036949 82.14775397628546 2423.27169662714 553.6563338339329 302.2193894386292 176.1379451006651 1678.586410604417 727.0515473783016 40.46679905802011 2.741720467805862 2.1837347894907 0.6043624132871628 0 0.2895104959607124 0.5561325997114182 0 0 1.107828848063946 0.08590497076511383 0.5848259404301643 0.2858195155858994 0.1507128924131393 0 0 1898.633129015565 21.50719413906336 41.91465306282043 0 0 0 31.66091824322939 5.624676108360291 1.621869795024395 0.5138476341962814 2.28094706684351 0.9204544946551323 0.4160148948431015 0.665526457130909 0 0.1659669578075409 376.47471036762 26.68199197202921 8.513127237558365 4.022456221282482 12.29535780102015 0.3029358834028244 0 1.237033672630787 20.18680234253407 68.6804538667202 156.3068071901798 565.5395053550601 139.0885953977704 264.3375316187739 0.900677278637886 3.210245989263058 1.042708694934845 499.134007178247 46.68776403367519 61.02709508687258 18.76690079271793 15.40355983376503 6.049269378185272 5.370604641735554 11.68904507160187 1.019546285271645 0 807.7814525663853 191.0342788770795 755.8987721577287 61.6317797973752 2.672677285969257 0.4932880103588104 21.53558004647493 1.305955894291401 13.43344828486443 99.44187881797552 2.323905996978283 57.61189163476229 39.05632089078426 16.6540797278285 1.76337531208992 17.04932156950235 0.2927699089050293 9.284308888018131 3.138124652206898 7.887915842235088 3.694316208362579 3.145387060940266 11.70894382894039 0.1785102933645248 0 0 614.5401949882507 0 0 0 0 0.2408646941184998 11.29304051399231 0 6.510878175497055 6.384983360767365 7.723653629422188 0 7.899584203958511 13.33924411982298 10.94132009148598 4.358920335769653 0 0 0 0 0 0 0 0 0 0 0.6282905340194702 0 0 0 0.1029879301786423 0 0 0.181647777557373 0 0 0 0 0 0.3739812970161438 0.8863786607980728 0 0.2213275954127312 0.4955535233020782 0 0.1553426384925842 0 0 0 0 0 0 0 0 0 0 0.2587110996246338 0 0.1418356448411942 0.1042772755026817 0 0.1135826930403709 0 0.2754104435443878 0 0 0 2.023117527365685 0 0 0.1777569204568863 0.1014565154910088 0.1073148921132088 0 0.2760935574769974 0.2843188121914864 0.2506310939788818 1.93085528165102 0.3651274591684341 0.6113757193088531 0.3371348530054092 0.5407030060887337 0 0 0 0 0 0 0 0 0.09021836519241333 0 0.2426142320036888 0 0.6448150798678398 0.1841791495680809 0 0 4.327679671347141 0.09517371654510498 0.5094004347920418 340.0336706861854 47.41923680156469 1207.976267121732 104.4384073764086 638.8664623647928 95.45852917432785 9.605446808040142 20.44727549701929 3.046719893813133 0 0.1097857281565666 0.4997633993625641 3.797929167747498 0 0.2843558192253113 0 30.73930694162846 0.348999872803688 364.7810569554567 3.088323354721069
621.4213337153196 2076.226731769741 583.7328844815493 438.6476442068815 684.3152283206582 136.2574378699064 148.6073778495193 1474.675020866096 1700.592727333307 4.248970858752728 1337.272813998163 52.43768133968115 546.1461946368217 2104.972397439182 15.50356311351061 5.92840588837862 3.195955082774162 1.779724106192589 0.4352800846099854 1.413840495049953 3.421855956315994 0.4521653950214386 0.5545002520084381 0 1.141005128622055 0.6044877618551254 0 0.9163548946380615 0.4390839338302612 0 3530.520354524255 183.7475876808167 295.3095041289926 0 0.3122663795948029 4.101297974586487 167.5597296133637 27.20284943282604 2.954427897930145 1.489593774080276 24.5725275427103 6.694499269127846 14.84207781404257 1.483145371079445 0.3972531631588936 0.5212900191545486 69.51504174619913 5.048315815627575 10.84174321591854 22.9147569462657 53.27804157137871 2.793193332850933 0.562659814953804 0.4132968336343765 3.389475964009762 10.15614261478186 28.23195245116949 160.3962181732059 17.65734784305096 35.37565286457539 9.025272198021412 58.61429170519114 1.851864188909531 486.917327195406 7.126395411789417 19.60468596220016 14.82672374695539 42.52006497979164 67.7348425835371 65.8833118006587 52.55750500410795 3.081478968262672 0 146.5288329124451 54.94154464453459 139.6724007949233 29.65942969918251 6.373847626149654 57.46729023009539 544.7535582333803 0.702429786324501 330.2096720933914 16.10250953584909 0.2059065103530884 10.82908380776644 10.47161297500134 14.03627987205982 0.3636040240526199 12.10121604055166 0.1547195464372635 9.838165551424026 1.40296745300293 78.14462725073099 7.520550146698952 6.728071846067905 3.761640176177025 0.9080193936824799 0 0.3277147114276886 57.35449355095625 0 1.006518006324768 0.3392546772956848 0 0.3099983632564545 1.262835800647736 0 0 0 0.4799079895019531 0 4.254855774343014 3.342865243554115 4.896848179399967 1.664986670017242 0 0.144900768995285 0 0 0 0 0 0 0 0.1734073609113693 0.9623670354485512 0 0 0 0 0.5365100055932999 0 1.24927045404911 0 0 0 0 0 0 3.42993838340044 0.5619375556707382 3.767171800136566 0.6211803257465363 0 0.6612620428204536 0.1493319571018219 0.1898545920848846 0 0.2652270793914795 0 0 0 0 0 0 0.5275338366627693 0.1845038086175919 1.611850194633007 0 0 0.2863999009132385 0 0 0 0.2013792544603348 0 1.697116777300835 0 0 0.09157317876815796 0 0 0 0 1.051125779747963 0.7166253998875618 3.322131261229515 0.4350008964538574 1.527261793613434 1.217210024595261 4.289882451295853 0.377580851316452 0 0.9540206640958786 0 0 0 0 0 0.1579599231481552 0 0 0 0.6332576423883438 0.2233738973736763 1.189115725457668 0.3037731349468231 0.7342878952622414 0.7334934920072556 3.514664940536022 71.60415455698967 8.021153382956982 190.4737612009048 26.57021893560886 159.5811527073383 11.92597547918558 1.894454829394817 2.270412161946297 1.079034872353077 0 1.186265006661415 0.2924371510744095 0 0 0 0 4.141531780362129 0 59.17290212213993 1.979512475430965
1527.573574014008 1529.635419003665 438.6476442068815 319.2793185859919 10.32474011927843 263.6110943779349 564.9964267238975 2.411118075251579 4.348476976156235 2125.684823572636 2.464334957301617 1949.77510137856 722.3313320055604 9.469980269670486 0.9353771060705185 0.1643011122941971 0.3705832287669182 0.1135192662477493 0 0 0 0 0 0 0 0 0 0 0 0 144.1796199455857 0 0.3486891984939575 0 0 0 0.78819440305233 0 0 0 0 0.0968903973698616 0.1055572330951691 0 0 0.1082220077514648 21.68369288742542 3.241482309997082 0.353961206972599 0 0.6224877238273621 0 0 0 2.687011644244194 9.233411952853203 37.21800165623426 63.43459228426218 25.06479255855083 23.55577216297388 0 0.4947300851345062 0 8.18795371055603 4.821221597492695 6.6907914057374 1.453379362821579 0.8171977326273918 0.4443052932620049 0 0.9863631799817085 0.6302972733974457 0.3636040985584259 99.89070856571198 8.658505231142044 41.82524584978819 0 0.1968576088547707 0 0.4582326859235764 0.09584088623523712 0.3639925420284271 10.74082033336163 0.3665421083569527 5.965964540839195 3.91296810656786 2.695136077702045 0 1.67047980427742 0.1545120924711227 0.3193025961518288 0 0 0.3438260555267334 0.1742307245731354 27.39912317693233 1.431061148643494 0 0.1683325469493866 183.3854624927044 0 0 1.438028812408447 1.418084740638733 0 6.825487494468689 0.1565636992454529 2.270589739084244 4.184276342391968 3.423574015498161 0 4.931573152542114 6.603135757148266 4.297799348831177 0.5064686685800552 0 0 0 0 0 0 0 0 0 0 0 0 0 0 0 0 0 0 0 1.26157283782959 0 0 0 0 0 0 0.1317297220230103 0 0 0 0 0 0 0 0 0 0 0 0 0 0 0 0 0 0 0 0 0 0 0 0 0 0 0 0.1311681270599365 0 0 0 0 0 0 0.3182662129402161 0 0 0 0 0 0 0 0 0 0 0 0 0 0 0 0 0 0 0 0 1.290357664227486 0 0.6631866693496704 16.07279634475708 4.948193185031414 87.56624680012465 7.053651735186577 90.3922378346324 6.506149679422379 1.483518660068512 0.365568071603775 0.1118793040513992 0 0 0 1.547451913356781 0 0 0 0.9092819094657898 0 139.9753001630306 0.8947601020336151
6.948287934064865 3116.469711013138 684.3152283206582 10.32474011927843 3591.890006482601 4.332023054361343 2033.039692565799 1.918698228895664 2986.466745689511 128.7378828823566 231.6563539505005 120.6420603245497 938.0647542625666 2096.125080831349 17.77514515817165 0.443371944129467 0.1466365456581116 0.228234589099884 0 0.2220289409160614 0 0 0 0 0 0.09812458604574203 0 0 0.09145180135965347 0 113.8135651275516 7.303698517382145 4.677567817270756 0 0.1243076846003532 0 2.316269718110561 0.2660501375794411 0 0 0 0.1876108944416046 0.1264723688364029 0 0 0.09747286885976791 85.06378877907991 1.614143542945385 0.7194088995456696 0 0.4987519159913063 0 0 0.1500702053308487 0.342403806746006 3.035009853541851 5.463310025632381 15.5037570297718 6.108456641435623 23.36792855709791 0.3337018713355064 0.1746385246515274 0 81.07544702291489 2.61584647744894 3.197997011244297 0.3428798168897629 0.7523311749100685 0.20938640832901 0 2.126167044043541 0 0 37.95609477162361 29.81700649112463 112.6675345227122 25.2431895211339 0.7650535702705383 0.4955089837312698 1.272167600691319 0.1463142931461334 0.366415798664093 4.867711298167706 0 3.944150827825069 2.033665150403976 0.7317968234419823 0.1818642616271973 1.027910098433495 0 0.4201042130589485 0 0 0 0.121757909655571 9.6315096616745 0 0 0 17.98079904168844 0 0 0.6061135530471802 0 1.141629666090012 3.872349679470062 0.4816477298736572 1.627056479454041 0.3588597476482391 1.23134733736515 0.4440947473049164 10.41007825732231 11.35109476000071 9.426400348544121 3.775754392147064 0 0 0 0 0 0 0 0 0 0 0 0 0 0 0 0 0 0 0 0 0 0 0 0 0.9976842850446701 0 1.158120676875114 0 0 0 0 0 0 0 0 0 0 0 0 0 0 0 0 0 0 0 0 0 1.194221019744873 0 0 0.3236111700534821 0 0 0 0 0 0 0 0 0.2475317865610123 3.316030517220497 0.3749768733978271 0 0 0 0.4106331616640091 0 0 0 0 0 0 0 0 0 0 0 0.1039948910474777 0 0 0 5.412826202809811 0.6087421029806137 0 184.9994020462036 5.397711560130119 241.3905672281981 36.68696097284555 141.4540029317141 26.37133154273033 1.9665786921978 11.3109490275383 1.478387236595154 0.0973934531211853 0 0 0 0 0 0 11.07929948717356 0 42.19805417954922 5.51809087395668
157.7302871197462 470.8080951198936 136.2574378699064 263.6110943779349 4.332023054361343 0.3828594535589218 222.2692914307117 1.126277908682823 2.316051453351974 787.7728256583214 2.137547239661217 631.0865826159716 371.6034849435091 16.81589759886265 0.8641946092247963 0.3742022588849068 0 0 0 0 0 2.072746396064758 0 0 0 0 0 0 0 0 86.53076499700546 0 7.323086708784103 0 0 0 40.29765966534615 6.788790434598923 16.15151709318161 0 0 0 0 0 0 0 0.2606035321950912 0.1428824663162231 0 0 0.159880205988884 9.680152587592602 1.048216596245766 0 0.1452260315418243 0.124921515583992 96.30775892734528 0.7022144794464111 2.915369510650635 0.1323528736829758 0.1499726623296738 4.567605137825012 0.215965524315834 0.490080714225769 0 0.1467905193567276 0.4134650081396103 0 0 0 375.2955603599548 475.8873426169157 40.67713507264853 3.744274944067001 0.4715617150068283 0.7012177780270576 0.2234736457467079 0.2798404395580292 0 0.4980163425207138 0 0.5348128974437714 0.2799597680568695 5.531894832849503 0.2459848299622536 2.643281191587448 0.2421376779675484 19.30194779485464 3.893441870808601 28.20290387421846 2.376753456890583 17.61675953865051 0 0.1694671213626862 0 203.1654156893492 295.6209479272366 50.05732169747353 53.47804994881153 621.6056186258793 0 0 0 0 0 3.078835986554623 0.1396759897470474 1.212171792984009 3.157181635499001 0.1390002071857452 0 0.7763844728469849 3.726092174649239 3.340159453451633 0.2746462821960449 0 0 0 0 0 0 0 0 0 0 0 0 0.1917971968650818 0 0 0 0.1521579474210739 0.2150819450616837 0 0 0 0 0 0.247885137796402 1.730776414275169 0 1.053780511021614 0.6198060512542725 0.205465242266655 0 0 0 0 0 0 0 0 0 0 0.1653181910514832 0.116011917591095 0.4632609188556671 0 0 0 0 0 0 0 0 0 0.5532120615243912 0 0 0 0 0 0 0.4814397096633911 0 0 0.3459616303443909 1.154731631278992 0 0 0.1092473641037941 0 0 0 0 0 0 0 0 0 0 0 0 0 0.2758637368679047 0.3310395181179047 0 2.001914277672768 1.397115312516689 0.9906482845544815 3.185170039534569 0.1254051178693771 2.676902897655964 0.4023450911045074 355.7263914644718 3.176845014095306 0.639315128326416 0.1410544961690903 0 0 0.1238276213407516 0 0.2231661230325699 0 0 0 0.4428048208355904 0 20.03651107847691 5.926341816782951
436.2847377285361 2344.977394036949 148.6073778495193 564.9964267238975 2033.039692565799 222.2692914307117 1790.295185059309 1.095135405659676 1593.805981129408 1229.629789367318 45.74032053351402 781.2666545286775 5140.890807539225 1550.079858243465 22.41881119459867 2.05003983527422 1.09782724827528 0 0 0 0 0 0 0 0.09644181281328201 0.09776842594146729 0 0.3261619806289673 0 0 145.9749016538262 4.730568595230579 0.9740139842033386 0 0 0 3.104005567729473 0.2315937653183937 0 0 0 0.09851709753274918 0.08213526755571365 0.2226855009794235 0.1132691204547882 0 161.1374368220568 4.824602402746677 2.186794646084309 0.1949543207883835 0.4280818700790405 0 0 0 3.610205180943012 11.71408324688673 29.0652489811182 77.11918883770704 28.25313839316368 70.91918987035751 0.09839776158332825 0.2761623859405518 0.08902595937252045 146.2828312888741 9.768381163477898 11.51194433122873 3.148153312504292 1.843708366155624 0.2558795586228371 0.1097541749477386 3.333573676645756 0 0 155.8801407814026 72.84045711904764 249.1476537883282 39.87169162929058 1.761923894286156 0 0.3831708282232285 0.1417190134525299 0.3929378315806389 19.35343541204929 0.3559705018997192 13.08862947672606 7.788177885115147 4.785240188241005 0.1682564467191696 3.789414130151272 0.3524788916110992 1.612651504576206 0.1414599418640137 0.4853051006793976 0.584769606590271 0.7299376651644707 77.96486873924732 0 0 0.09671775251626968 194.2912476658821 1.129140391945839 1.672224476933479 73.91358740627766 10.67555756866932 1.194863244891167 64.2482400611043 2.975358471274376 26.70028561353683 19.35084755718708 20.99828623980284 1.006814792752266 103.1644948795438 57.31188740581274 65.1065978705883 16.69771279394627 0 0 0 0 0 0 0 0.1229140311479568 0 0 0 0 0 0 0 0 0 0 0 2.553396165370941 0 0 0 0 6.411935374140739 0 2.619162753224373 0 0 0 0 0 0 0 0 0 0.2941691726446152 0.5549070239067078 0 0 0.140576109290123 0 0 0.2364683076739311 0.1217999383807182 0.1194431781768799 0.4195207729935646 1.291720412671566 0.2438872456550598 0 0 3.249241307377815 0.5665764510631561 0 0.1099500954151154 0.1182603240013123 0 0 0 0.1305867433547974 0 12.81415086984634 0.5777742564678192 0.1240164488554001 0.162970170378685 0.3136966228485107 2.771817862987518 0 1.022268369793892 0.5914386361837387 1.168595299124718 0.1372046172618866 0 0 0.108024463057518 0 0 0 0.2430837154388428 0 0 0 33.62057889252901 0.8347355425357819 0.8569795489311218 254.7175354287028 12.75044113397598 460.7379720285535 62.07887940108776 284.8266752809286 46.67862614244223 4.92461308836937 20.13499186187983 3.594890311360359 0 4.76129125058651 0.4150486066937447 4.828606233000755 0 0 0 11.06798280030489 0 368.1753182634711 21.6797508597374
65.39672807604074 82.14775397628546 1474.675020866096 2.411118075251579 1.918698228895664 1.126277908682823 1.095135405659676 1277.828585289419 18.7491479665041 0 1392.735906258225 13.92314252257347 99.1420087069273 532.5119161307812 12.2908152192831 3.33365036547184 13.75932838767767 11.32999210059643 2.02595067024231 11.44714652001858 14.36792629957199 0.2223229259252548 0.3256494253873825 0.8050824776291847 0.925848051905632 2.54546731710434 0 0.2880227565765381 0.08038560301065445 0.08974017202854156 2309.76084831357 1424.935036815703 214.2005982846022 1.190167427062988 0.5130889937281609 3.899385288357735 75.13306058943272 27.12647803872824 1.194917902350426 1.491513200104237 37.30310948193073 12.34950313717127 96.73562243580818 2.198725648224354 1.005164980888367 4.904940135776997 38.94497709721327 11.27544226497412 23.23600206524134 79.12700439989567 53.91772674769163 0.3797357231378555 0 0.7786307781934738 0.8198340982198715 6.730107702314854 7.894836969673634 52.47015237063169 3.962521530687809 13.30648686736822 77.10992772877216 227.3711125403643 3.714083440601826 700.2257334664464 5.578753232955933 28.58258254081011 19.05942989885807 62.84327230602503 182.3398790881038 277.3724486902356 21.9238693267107 2.352234594523907 0.3772524893283844 42.18838092684746 35.5519156306982 75.35636612772942 42.84326506406069 12.78870287537575 452.9071737602353 2139.863338522613 103.7539936825633 3200.549939714372 3.463974498212337 0.08270715177059174 12.46299238502979 7.574782960116863 43.67780695110559 0.1183061301708221 5.085783816874027 0 9.059307299554348 0.9329568967223167 134.0120323076844 4.402475297451019 12.93851731717587 1.490207195281982 0.3729909360408783 0 0 13.72640386968851 0 0 0 0 0 0.6228592395782471 0 0 0 0 0 0 0.5605612993240356 1.039298705756664 1.379467353224754 0 0 0 0 0 0 0 0 0 0 0.2637847661972046 0 0 0 0 0.3465915024280548 0 0.4050812125205994 0 0 0 0 0 0 0.9232268035411835 0.8267500847578049 1.845523059368134 0.5703562200069427 0.899403989315033 1.029745295643806 0.1195123493671417 0.1976766586303711 0 0 0 0 0 0 0 0.1339994966983795 1.279570758342743 0.3441170454025269 0.954371489584446 0 0 0 0 0.1101463884115219 0 0 0 0.8112065196037292 0 0 0 0 0.2967016696929932 0.1180078089237213 0.2418239936232567 0.2737570106983185 0.6511637717485428 0.4224664270877838 0.2926459014415741 0.8112151920795441 0.8590028136968613 1.091296955943108 0.2360114902257919 0 0 0 0 0 0 0 0 0 0.09100206196308136 0 0.1698159873485565 0.5848565846681595 0.3141682371497154 0.3509952127933502 0 0.7178595960140228 1.301845967769623 54.28665148466825 15.05199416726828 101.3496844321489 21.102110914886 11.20681412518024 5.663164786994457 0.6960549056529999 2.338537245988846 2.705044470727444 0 0.441236674785614 1.04878593981266 0 0 0 0.1273471713066101 3.269414231181145 0 3.576098710298538 0.8719003200531006
1.444176815450191 2423.27169662714 1700.592727333307 4.348476976156235 2986.466745689511 2.316051453351974 1593.805981129408 18.7491479665041 1366.276328355074 14.44899550080299 659.9128472357988 21.01009498536587 810.8874183744192 3191.989280439913 8.133362613618374 1.432100437581539 0 0 0.09321801364421844 0 0 0 0 0 0 0 0 0 0 0 23.21559520810843 1.433662079274654 5.09107743948698 0 0 0 5.363444954156876 0.1638529300689697 0.2483862489461899 0 0 0 0 0 0 0 27.61716344952583 0.1202942132949829 0 0 0.3521667569875717 0 0 0 0 0.830613300204277 1.474234588444233 2.434215158224106 3.381904743611813 7.998869076371193 0 0 0 24.51508392393589 0.9923518523573875 0.655858188867569 0.3141504153609276 0.157521516084671 0 0 0.6463969498872757 0 0 12.69683820009232 8.631929948925972 35.64743763208389 11.84560104459524 0.1479093134403229 0 7.629270792007446 0 0 1.271820917725563 0 0.9837629199028015 0.5704003646969795 0.3526240289211273 0 0.09444011002779007 0 0 0 0.1386635452508926 0.1162422597408295 0.1159451752901077 22.99818503856659 0 0 0 12.89852994680405 0.1212894394993782 0 1.793266296386719 0 0 8.329069092869759 0.6482846736907959 1.94446288049221 0 1.479305669665337 0.1462814211845398 12.86248844861984 10.49026547372341 11.08940874040127 5.720052406191826 0 0 0 0 0 0 0 0 0 0 0 0 0 0 0 0 0.1239993497729301 0 0 0 0 0 0 0 2.448803097009659 0 0.78475172072649 0 0 0 0 0 0 0 0 0 0 0 0 0 0 0 0 0 0 0 0 0 0 0 0 1.055265992879868 0 0 0.1080742552876472 0 0 0 0 0 0 4.323376037180424 0 0 0.1604465246200562 0 0.6859668344259262 0 0 0 0 0 0 0 0 0 0 0 0 0 0 0 5.703839331865311 1.345534920692444 0.2955312132835388 70.45645192265511 3.535728007555008 98.76739974319935 13.77507077157497 52.94503296911716 15.14725552499294 1.13039992749691 6.037321016192436 0.5340266674757004 0 0 0 1.268107891082764 0 0 0 3.768914192914963 0 41.62199233472347 1.279286488890648
834.6949169263244 553.6563338339329 4.248970858752728 2125.684823572636 128.7378828823566 787.7728256583214 1229.629789367318 0 14.44899550080299 1244.967804051936 4.328539058566093 3449.148294240236 2496.763221219182 150.1495710983872 3.922228403389454 0.32736586779356 0.2187900170683861 0.09876028448343277 0 0 0 0 0 0 0 0 0 0 0 0 71.78820692002773 0 15.12931023538113 0 0 0 24.60952194035053 0.2563872784376144 0.235339030623436 0 0 0 0 0.1695463433861732 0 0 21.18212492763996 2.001483984291553 0.523852676153183 0 0.9619138985872269 0.4741592258214951 1.497660845518112 0 2.356060534715652 5.286777555942535 31.2086131349206 36.71748869866133 15.2989911288023 17.01373197883368 0.09980291873216629 0 0 10.80439284443855 3.609283402562141 4.874989621341228 1.279044672846794 0.9187350496649742 0 0 84.13908980041742 8.420182481408119 1.799259811639786 70.36520978808403 6.801038891077042 41.71418176591396 3.65615164488554 0 0 0.1694928854703903 0 0.3169202506542206 8.982474714517593 0.548716776072979 3.016495287418365 2.260495878756046 1.677097544074059 0.5805120468139648 0.9565081670880318 0.7604744583368301 0.2477978318929672 0.2540257349610329 0 0.6289023086428642 0.4406189918518066 399.7032365053892 25.20712952315807 2.924645215272903 4.405480667948723 288.7777083516121 1.185428239405155 3.861962765455246 28.09919576346874 57.07988238334656 3.604362346231937 76.20558837801218 9.877428710460663 18.34432405233383 54.22392927110195 84.0779070481658 0.9785223826766014 120.7353610619903 222.1056639999151 124.1104539781809 17.73871573060751 0 0 0 0 0 0 0 0 0 0 0 0 0 0 0 0 0 0 0 0.8072004765272141 0 0 0 0 3.993225067853928 0 6.610635675489902 0 0 0 0 0 0 0 0 0 0 0.827691376209259 0 0 0 0 0 0.4894452467560768 0.1071437299251556 0.1470738500356674 0.4256491735577583 0.3543555065989494 0 0 0 5.491291157901287 0 0 0.4660624861717224 0 0 0 0 0 0 18.45294817537069 0.5743904262781143 0.4643495976924896 0 0.1114107593894005 4.795223399996758 0 0.577140673995018 0.4993435144424438 0 0 0 0 0 0.09664300829172134 0 0 0 0 0 0 38.89861270040274 1.637900926172733 1.36171317845583 33.41934491693974 3.107020400464535 80.83089590072632 7.921505510807037 206.7116171196103 7.505821488797665 0.7047905921936035 1.755680695176125 2.022294849157333 0 3.82459706813097 0.488925114274025 18.84916844964027 0.3513633012771606 0 0 3.030536234378815 0.5301365256309509 915.1952371969819 29.93716259300709
59.6684771925211 302.2193894386292 1337.272813998163 2.464334957301617 231.6563539505005 2.137547239661217 45.74032053351402 1392.735906258225 659.9128472357988 4.328539058566093 1450.676580682397 85.62532104551792 944.642591394484 5280.337062448263 25.39728078991175 7.6330451592803 1.253895722329617 0.6136291995644569 0 0.5999507904052734 1.660444423556328 0 0 0.2686414197087288 1.017093598842621 2.764110922813416 0 0.583764523267746 0 0.1380967646837234 1021.188893452287 174.4746783971786 1161.784992262721 0.1788692325353622 0.360389232635498 4.431125044822693 365.7402524575591 66.58010489493608 3.803536906838417 0.1148799210786819 13.26445408910513 4.570787526667118 4.446293719112873 0.7261250168085098 0.1003772020339966 1.078214623034 60.21601852029562 1.634155884385109 3.681202456355095 9.870613627135754 20.30856826156378 0 0 1.065835237503052 0.5339873880147934 3.486317843198776 5.408098578453064 30.35395931452513 4.995095312595367 15.32757896929979 2.87946143746376 85.64991795271635 3.142899870872498 154.9757306575775 1.877726122736931 5.116672717034817 4.54291807115078 13.58388756215572 20.38271266222 21.83679443597794 68.59311486035585 2.204196140170097 0 35.98563668876886 34.26528645306826 118.4766166955233 49.1075094640255 2.430924013257027 7.547192543745041 511.7448236197233 0.6512423008680344 124.4137225523591 3.878757067024708 0.1563703268766403 2.611268535256386 6.515673771500587 5.57879176735878 0 4.826981164515018 0 7.502107873558998 1.170725487172604 28.899050347507 5.064566276967525 1.832744210958481 5.720118723809719 0.1663014888763428 0 0 10.0147327631712 0 0 0 0 0 0.2749248147010803 0 0 0 0.2431990802288055 0.1415545344352722 3.996326178312302 2.947354681789875 4.201959319412708 2.978507474064827 0.1236341521143913 0 0 0 0.2163248881697655 0 0.1430503726005554 0.4307922124862671 0 0.1653641164302826 0.4078400060534477 0 0 0 0 0.1187469065189362 0 0.2657054215669632 0 0 0 0 0 0 3.023002944886684 1.462642624974251 3.375903241336346 0.800629548728466 0.1279921978712082 0 0 0 0 0 0 0.2791112959384918 0 0 0 0.7454729676246643 1.161117479205132 0.5003952085971832 1.06822757422924 0 0 0 0 0 0 0 0 1.865624882280827 0 0 0 0 0.4610810577869415 0 0 0.1784937083721161 0.1958386600017548 3.75039803981781 1.089260399341583 0 0.5585325062274933 1.228055119514465 0.9626144617795944 0 0.2644939422607422 0 0 0 0 0 0.3310075998306274 0 0.1437727063894272 0 0.3050788789987564 0.1668570339679718 0.6123424619436264 0.6558853983879089 1.93954598903656 0.8870297223329544 2.405024975538254 94.19165582209826 5.155577152967453 140.8658215478063 25.61084850132465 38.25676668435335 11.91497138887644 0.7866927087306976 4.874062284827232 5.024923145771027 0.4198613464832306 0.3328196108341217 0 0.1948738545179367 0 0 0 8.309372052550316 0 6.784746363759041 1.818748123943806
397.1472447887063 176.1379451006651 52.43768133968115 1949.77510137856 120.6420603245497 631.0865826159716 781.2666545286775 13.92314252257347 21.01009498536587 3449.148294240236 85.62532104551792 418.3925915509462 2504.369318626821 189.2843077629805 35.09369097650051 9.61220446228981 1.679004818201065 0.2120022475719452 0.1351110339164734 0.201223686337471 0 2.001104891300201 0 0 0 0 0 0 0.09923491626977921 0 14.79612170904875 0 75.26853290945292 0 0.1172058284282684 0 154.2457732185721 5.992890611290932 2.006092883646488 0 0.5710338056087494 0.5220510065555573 0 0.7986960858106613 0 0.6530034095048904 55.5140248760581 2.12762813270092 4.191880211234093 3.266363315284252 2.68692384660244 4.53730508685112 0 0.09774646162986755 0.5939878299832344 3.039082862436771 14.51296394318342 11.82042822241783 7.090555056929588 10.16616108268499 0.3700408339500427 0.6557630375027657 0.1443971395492554 17.77361670136452 1.303137481212616 2.744061075150967 3.18936525285244 1.038221836090088 0.9408755153417587 0.3768435716629028 155.1757943257689 6.796030893921852 0.1460801661014557 28.39366390556097 11.47395362704992 64.29326016455889 27.71669090539217 8.97577803581953 0 2.908367410302162 0 2.080571070313454 2.449695892632008 0.2247875556349754 1.245119139552116 2.670192889869213 0.9185196235775948 0.1227148771286011 0.5912051349878311 1.243911057710648 3.399064965546131 1.453558444976807 2.72102552652359 3.04335281252861 2.73945027589798 1545.685568362474 57.51389400660992 0.4910710602998734 3.028676941990852 100.2857471331954 0.9943764433264732 1.539663210511208 25.07990469783545 1.916305750608444 12.21162063628435 143.5080123692751 3.062227435410023 60.78236874938011 35.92688305675983 52.96011266112328 5.622252970933914 291.2473071292043 273.5187160074711 328.5605094209313 105.1844025552273 0.4282411634922028 0 0.1112143024802208 0.1709466278553009 0 0 0 0 0 0 0.09845004975795746 0 0 0 0 0 0 0 0 6.065450459718704 0 0 0.6427335143089294 0 55.95115818083286 4.584099620580673 35.14066504687071 3.010131776332855 0 0 0.2821308076381683 0 0 0 0 0 0.304838627576828 0.454154759645462 0 0.3724454939365387 0.7458755597472191 0.7818784192204475 0.6319080293178558 0.3115915507078171 0 0 0.9637214839458466 0.1990096122026443 0 0.312214583158493 1.207990527153015 34.92506575584412 0.5898198857903481 0 0.3745495229959488 0 0 0 0.1578990966081619 0 0.2137464284896851 124.0009882748127 4.12702277302742 0.3003715872764587 1.017939895391464 0.3881472051143646 20.98982460796833 0 11.01470503956079 0.6374943405389786 0 0.4959647729992867 0 0 0 0 0.2427789270877838 0.09838882833719254 0.2837099805474281 0.6486058980226517 0.2259922474622726 0 145.4029603749514 19.66880253702402 26.11244264990091 241.8088000938296 6.043732866644859 166.654756911099 42.94675803929567 125.4997420907021 18.30404621362686 3.296112693846226 9.286038339138031 17.33865161240101 0.1258833557367325 8.575669549405575 2.938208475708961 23.35062296688557 0 0 0.8361436724662781 15.66343821585178 0 925.3084881305695 138.7761130779982
131.7003887891769 1678.586410604417 546.1461946368217 722.3313320055604 938.0647542625666 371.6034849435091 5140.890807539225 99.1420087069273 810.8874183744192 2496.763221219182 944.642591394484 2504.369318626821 4577.981610134244 2094.560320883989 174.2808747962117 63.42843496799469 9.192877531051636 2.173045262694359 0 0.6461309492588043 1.57017807662487 7.585385546088219 0 0.3342389240860939 0.2244174405932426 0 0.08995086699724197 0.183244913816452 1.652332350611687 0 105.8121828436852 6.027290165424347 724.4491343945265 0 0.1065494120121002 0.1511900424957275 515.4262421056628 111.6831885054708 21.25622752308846 0.2241318076848984 5.398119136691093 2.373561896383762 0.4528375864028931 7.073879696428776 0.3220967054367065 6.179476462304592 299.9795738011599 4.190285749733448 13.48492587357759 8.548846259713173 10.76399935036898 7.278688356280327 10.7535148486495 3.648851633071899 1.404650889337063 7.748028077185154 19.05235575884581 29.56169708818197 19.59923894703388 52.3655813857913 8.697530068457127 16.70190021395683 1.684485539793968 150.2397347018123 5.154332958161831 8.214509092271328 4.705060765147209 5.811887569725513 4.363391645252705 1.396370977163315 134.6857160553336 29.65458814054728 0.9085929244756699 91.23439461737871 76.82952108234167 395.1716710478067 162.27457870543 33.97031313180923 0.57310850918293 61.12472136318684 4.041042737662792 5.578260615468025 9.45683054625988 0.2524420469999313 6.587109141051769 7.325861737132072 3.874055169522762 1.099635027348995 4.833373568952084 0.8471332639455795 11.60038251429796 6.705627225339413 6.658604063093662 5.306342355906963 12.03788172453642 2202.53114426136 134.9477870091796 0.3722659200429916 17.004603497684 117.6426167041063 2.229428842663765 2.947682522237301 68.60512658208609 25.40944549441338 20.79941984266043 242.55445625633 13.4263818114996 100.9743903800845 98.23577555269003 102.6132222339511 8.380526781082153 537.2378217503428 562.6342783644795 634.8351585194468 259.3914237320423 1.136209301650524 0.435430571436882 0.1283261775970459 0.1182487308979034 0 0 0 0.230507954955101 0 0 1.941888049244881 0 0.5056275725364685 0 0 0 0.3662870973348618 0.7061903178691864 0 12.88860666006804 0 0 3.121887683868408 0 129.0419008433819 12.52508989721537 112.9470606520772 14.67375779896975 2.032258562743664 0.1605485826730728 0.9429355263710022 0.4479686319828033 0.3589457273483276 0 0.2441987916827202 0 0.3762384653091431 3.166848368942738 0 1.3395015001297 3.073208011686802 2.477087445557117 1.910732671618462 0.1675990223884583 0.1421059221029282 0 2.200387611985207 0.9601787999272346 1.377032876014709 1.094611577689648 0.8865812718868256 83.69344770163298 0.9972769245505333 0.4843027889728546 0.3325079008936882 0.08621390908956528 0.2176935970783234 0 0.284947544336319 0.3114180564880371 0.7082455307245255 275.88439386338 15.19534428417683 2.922361567616463 1.723994307219982 3.9114950299263 51.65516307204962 0 13.28086874634027 2.6501444876194 0.889729917049408 1.612621165812016 0.215997040271759 0.1609868109226227 0.1808906495571136 0 1.100640624761581 0.6257808431982994 0.4621660187840462 0.9388442784547806 2.554567068815231 0.5327165052294731 291.5413940101862 49.8478686735034 83.91118375211954 979.0367617607117 31.54790513217449 907.0333278402686 205.0741190686822 299.9130604416132 101.2371059507132 10.10902211815119 50.08438250422478 39.56956268846989 0.9451969712972641 15.64810983091593 5.890512801706791 30.47533677518368 0.3500593304634094 0.3921270743012428 0.2829281911253929 67.26539012789726 0.2870077788829803 1213.24734980613 257.5449311286211
14.94419723004103 727.0515473783016 2104.972397439182 9.469980269670486 2096.125080831349 16.81589759886265 1550.079858243465 532.5119161307812 3191.989280439913 150.1495710983872 5280.337062448263 189.2843077629805 2094.560320883989 1136.593818262219 133.494599506259 34.40042812377214 3.204865373671055 0.3814700692892075 0.1122718378901482 0.7928908467292786 0.1718725711107254 1.024235233664513 0 0.1814345493912697 1.25091814994812 0.3178260624408722 0 1.147543758153915 0 0 178.3178846389055 11.74575134366751 1358.900916300714 0 0.08514678478240967 1.366876676678658 663.2217705100775 100.9664823710918 2.6079296246171 1.09116929769516 6.901266321539879 2.3943812251091 0.771114319562912 1.928777262568474 0 1.021315857768059 267.8784727305174 3.099112771451473 5.736150041222572 4.815976299345493 11.34518879652023 1.106019757688046 0 1.098748192191124 1.11394041031599 5.053782619535923 9.167650930583477 23.35474970191717 17.42815396934748 56.5206253901124 0.8325527086853981 35.70396668463945 1.256328791379929 168.973949201405 3.705902628600597 7.093240886926651 5.008966788649559 6.734560914337635 2.992169722914696 2.794184468686581 107.8636135756969 1.359507411718369 0 67.57986380159855 84.71088688075542 407.0684302076697 155.4353795424104 11.26883301138878 2.695991799235344 220.4359302297235 2.148262076079845 26.66717664897442 6.643451757729053 0.2350662648677826 5.58042848855257 5.875447668135166 2.592338889837265 0 4.815401487052441 0 2.614632532000542 2.490914896130562 12.2836277410388 1.463459104299545 1.829140953719616 144.2987646088004 3.22648161649704 0 0.3306554406881332 18.74852970987558 0.3627148419618607 0.4883494526147842 10.86646138876677 0.162728875875473 3.133673951029778 46.49816785752773 1.851230382919312 18.79696564376354 5.350924760103226 18.35229479521513 1.852510564029217 71.11932129412889 102.5901163369417 112.8785394281149 46.80589088797569 0 0 0 0 0 0 0 0.1727287024259567 0 0 0.451070711016655 0 0 0 0 0.787152461707592 0 0.6578924506902695 0 1.513921327888966 0 0 0.6308248043060303 0 20.42362661659718 2.209244474768639 15.83056125789881 1.342492334544659 0 0 0 0 0 0 0 0 0.5323762893676758 0 0.1151403486728668 0.2606042325496674 0.6591757982969284 0 0.9661750495433807 0 0 0 0.09150752425193787 0.3198401108384132 0 0 0 15.40147634595633 0 0 0 0 0 0 0 0 0.1154796853661537 40.77363006770611 0.8867148905992508 0.1609421521425247 0.7229153364896774 2.10971100628376 7.694309622049332 0 2.566482365131378 0 0 0 0 0 0 0 0.3686988055706024 0 0.192266434431076 0.4687099829316139 0.1384497731924057 0.4061233401298523 47.54564021527767 7.067621365189552 9.955410242080688 641.6127223595977 19.83674601465464 706.9774050489068 148.4400358200073 159.7721568197012 78.47643890231848 8.124868184328079 36.95114357024431 12.51022132486105 1.000894397497177 2.312091983854771 0.4957932755351067 7.6338220089674 0 0 0 40.89136385917664 1.785395495593548 142.0976301804185 34.6686125844717
1.327162712812424 40.46679905802011 15.50356311351061 0.9353771060705185 17.77514515817165 0.8641946092247963 22.41881119459867 12.2908152192831 8.133362613618374 3.922228403389454 25.39728078991175 35.09369097650051 174.2808747962117 133.494599506259 525.9368020966649 1370.140358015895 387.0040191933513 2.814152099192142 6.899062342941761 0.7322584390640259 0.4088965952396393 0.1519907414913177 0 0.08138040453195572 13.32375618815422 0.2888512834906578 0.1152994930744171 0.264404296875 1.313268303871155 0.2187564074993134 9.605603829026222 3.321692287921906 104.559972807765 4.52215476334095 6.469154492020607 10.19860278069973 163.1280233263969 149.7002695128322 63.32868748158216 20.8887739405036 1.533568449318409 0.3098227828741074 2.02644881606102 422.5574157759547 10.51539494842291 81.49128370732069 295.5234877169132 13.73756968230009 22.88510720431805 13.76625679433346 1.568870238959789 0 5.615320287644863 0.2738185599446297 0.09668067097663879 1.509590588510036 23.11470570415258 1.717957243323326 53.40980108082294 71.21489150077105 158.8991423472762 106.5341816544533 37.47178477793932 43.63553749024868 1.73097251355648 6.975241132080555 0.5381257981061935 3.744667075574398 7.553959295153618 5.145628981292248 71.18242109566927 11.11399599909782 0.1023197397589684 265.6853864490986 10.54569408297539 869.3819525614381 317.2555534243584 447.2771127745509 5.698963321745396 47.17874395102262 151.3719092160463 76.16408324241638 14.47201876342297 0 10.72812674939632 0.4006436243653297 15.70054789632559 0.118999071419239 1.057871378958225 0.2471985518932343 0.6969073191285133 0.1835881844162941 4.888154655694962 0.2459399551153183 1.703138694167137 6.674966782331467 2.879442520439625 0 13.754458732903 4.836417123675346 0.08485765010118484 0 0 0 0 0.1172375082969666 0 0.7572058886289597 0.3354926705360413 0 0 0.6585084348917007 0.8024145439267159 2.265124782919884 5.545287013053894 0.191373385488987 0.12882100045681 0 0.2669967114925385 0 0 0 0 0 0 0 0 0.5959646627306938 0 0.0990428701043129 0 2.276717126369476 0 0 0.0897313579916954 0 0 2.863722681999207 0.1120502650737762 5.644330330193043 4.460542045533657 8.515145927667618 6.075433611869812 2.35068579018116 0 0 0 0 0 0 0 0 0.09083157032728195 0 0 0.5030897855758667 2.559551998972893 0.1159859448671341 0 0 0 0 0 0 0.4500898420810699 0.3865207582712173 2.717017166316509 0.1062996610999107 0 0 0 0 0 0.1027233898639679 0 0 3.992800243198872 2.57753324508667 0 0 0.2727775722742081 1.129993937909603 0 1.112988919019699 0 0 0 0 0.1191506907343864 0 0 0 0 0 0 0.1474252939224243 0 0.1041555628180504 3.410577237606049 11.4632623270154 31.09638396650553 9.500639632344246 223.8783421367407 20.48445491492748 4.557843372225761 0.5158993825316429 0.2993779480457306 0.4670068621635437 3.25553622096777 0 1.169934637844563 0.1127288788557053 0.08526933193206787 0.09619522839784622 0 0 3.958781518042088 0 3.636502794921398 2.02486913651228
