98.05858980864286 2822.602814257145 674.9418702721596 832.38890363276 34.05643418431282 52.37921959161758 482.1187179610133 38.24585254490376 1.162173636257648 1053.757814653218 51.97220685333014 337.1011404842138 159.1058737933636 19.63738317787647 3.657903663814068 1.744003392755985 0.4343960285186768 0 0 0 0 0 0 0 0.2698317468166351 0.1618742048740387 0 0 0 0.1958988308906555 274.6328395307064 6.058796070516109 16.32042306661606 0 0.3850605338811874 0.1122491061687469 20.94045781344175 0.5671031847596169 1.473105326294899 0 0.1575840711593628 0.3074179887771606 0.1337218284606934 0 0 0 4.361111059784889 0.1309493333101273 0 0.1272718906402588 0 0.529901035130024 0.1227957382798195 0 5.189665257930756 7.162374682724476 233.0536735877395 535.5180364176631 21.44831097126007 8.750336058437824 0 1.700481414794922 0 7.179155737161636 1.889822915196419 1.080773636698723 0.7903610393404961 0.4477293193340302 0.3481622487306595 0 12.62440523505211 17.35445791482925 0.5121440440416336 57.58852841705084 4.024516031146049 13.11956306546926 3.638316333293915 0.914133794605732 0 42.47204591333866 0.1740511655807495 0.7056182771921158 4.521656349301338 0 0.628015324473381 1.08612746745348 0.5053365528583527 0 0.1124885976314545 0.5719576105475426 0.1075229048728943 0.4748237282037735 0.1420073211193085 0.2004783749580383 0.2959091067314148 98.11310924589634 11.09421947598457 0 2.020332850515842 996.4178935885429 0 1.589345455169678 3.91725879907608 0.7542239427566528 2.834028363227844 4.269427388906479 10.50457628071308 0.4875055253505707 2.589367851614952 15.0603399425745 0 2.855561330914497 5.520135179162025 3.926183938980103 1.636755347251892 0 0 0 0 0 0 0 0 0 0 0 0 0 0 0 0.3770955502986908 0 0 0 0 0 0 0 0 0.6784146428108215 0 0.918245404958725 0.5575141161680222 0 0 0 0 0 0.2893551588058472 0 0 0 0 0 0 0 0.1320736408233643 0 0 0 0 0 0 0.3922759890556335 0 0 1.240455478429794 0 0 0 0 0 0.3007770180702209 0.3202165365219116 0 0 4.256457045674324 0 0 0 0 0.4913708865642548 0 1.145206928253174 0 0 0 0 0 0 0 0 0 0 0 0 0 16.28067114949226 1.010120272636414 0.7389077842235565 77.23386365175247 3.380798295140266 35.24121887981892 5.989622488617897 809.6071899905801 12.33145473897457 1.67362804710865 1.575989544391632 1.155028998851776 0 0 0.3155880272388458 14.27888894081116 0 0 0 0 0 117.2522392719984 9.004711925983429
2822.602814257145 2977.6945861727 1621.65596435219 1196.511105708778 1007.069555722177 32.95757178962231 2332.967011392117 308.316052518785 342.3824010118842 655.9296531230211 719.0643617510796 161.9055481180549 1524.286029458046 1615.309633925557 71.55954407900572 16.47499489784241 0.2237821519374847 0.5900181829929352 0 0 0 0 1.990021720528603 0.7992338761687279 1.294202663004398 0.5434824377298355 1.040510252118111 0.3611524179577827 0.3036551773548126 0.423958420753479 1501.602661147714 53.97610615938902 191.3724070638418 0 0.8468425720930099 0.4616446644067764 61.23126807063818 6.930303461849689 8.092935562133789 2.067858710885048 2.521466255187988 0.839184358716011 0 1.301940262317657 0 0 149.4636309295893 4.158933103084564 2.22878560423851 0.8036698251962662 5.0153529047966 0 1.225233927369118 0.4532419517636299 49.00596064329147 63.78943986445665 263.1768575012684 816.4857963845134 103.3491135984659 118.5630596056581 0.7339301258325577 17.49165450781584 0.3066427111625671 159.3052773103118 23.23025263100863 13.67587576061487 5.679491795599461 3.102848820388317 2.720622219145298 0.2375608906149864 33.00968623161316 1.097619622945786 0 395.3854505121708 111.7375284954906 247.6900364011526 90.32169120013714 16.56754563003778 1.073157966136932 215.725086517632 1.038632169365883 11.72122022509575 82.61822824180126 0.1016428768634796 10.34537789225578 18.54579317569733 1.949121586978436 0 4.016377344727516 0.1724221631884575 2.157798387110233 0.3305038064718246 1.224143482744694 1.357921242713928 0.7767229899764061 24.12615887820721 1.088213920593262 1.477461293339729 7.82116661965847 646.8637808635831 0 0.9821483492851257 2.339482605457306 3.125347316265106 0.9918168187141418 9.041033878922462 7.702048987150192 1.65134334564209 13.88189761340618 10.57466472685337 0.3594703376293182 10.00075682997704 17.9614243209362 11.13273372501135 6.322376355528831 0.634285107254982 0 0 0 0 0 0 0 0 0 0 0 0.6558849811553955 0 0 0 0.4493604898452759 0 0 0.3362257480621338 0.5460615158081055 0 0 0 7.975345373153687 1.761595666408539 14.41830088198185 2.955965854227543 0.153429701924324 0 0 0 0 0 0 0 0.4087763726711273 1.216349929571152 0 0 0 0.4856848493218422 0.4133732318878174 0 0 0 0 0 0.7198082208633423 0 0.6958426833152771 3.810666590929031 0.7958231568336487 0 0 0 0 0 0 0 0 18.87795081734657 0.3212029337882996 0 0 0 1.88770991563797 0.5292545557022095 0.9472567439079285 0.2735447660088539 0 0.5144700706005096 0 0.1352273672819138 0 0 0 0 0 0.1121874004602432 0 0 27.45156946778297 14.34264646470547 18.97784212976694 368.8883797004819 14.54609504342079 667.6479119434953 135.3593997582793 651.3482482358813 71.81283127516508 5.904009498655796 21.38098133355379 12.84701338410378 0 0.9857479333877563 0.2584147751331329 4.418675020337105 0.3614650964736938 0 1.068124800920486 8.723704054951668 1.79434522986412 147.4710265025496 6.827550947666168
674.9418702721596 1621.65596435219 1048.556337296963 272.6266742125154 390.6244079992175 3.149308755993843 126.3201108202338 2265.724821425974 593.6087081581354 57.62721522152424 1577.367830462754 44.25755844265223 215.6836014613509 1202.569311283529 36.76277025043964 30.00670204311609 1.632740676403046 0.1403591483831406 0 0.1388499289751053 1.30059602856636 0.1366933882236481 4.737614870071411 2.712862618267536 0.8961823284626007 1.042771868407726 4.465301424264908 0.4247409701347351 0.4823419600725174 1.306635059416294 2879.498331151903 232.64399818331 434.1086143404245 0.1755678504705429 2.56176869571209 1.980236060917377 81.77704069763422 19.45175043493509 12.04560049623251 2.814515016973019 4.230013146996498 2.46832486987114 1.088662788271904 3.409697450697422 0 0.4193012416362762 43.55303905159235 1.431538537144661 0.5815610960125923 1.172041952610016 5.56373330950737 0.501691646873951 0.9766263216733932 0.6976067274808884 10.62766211479902 14.83700552582741 86.59423826634884 423.3040360957384 27.66477004438639 26.68560464680195 1.100695759057999 46.25921329855919 1.458009153604507 153.4832902029157 4.263089805841446 9.923033110797405 4.823700629174709 6.976957276463509 10.97251898050308 2.236516185104847 36.04177153855562 1.818277530372143 0.2316991686820984 90.55630787461996 46.92604832351208 95.80282372236252 73.0142285451293 23.81240183860064 1.202209517359734 600.089460670948 0.8721072599291801 52.3705857694149 17.53341110795736 0 2.953028373420238 6.520470760762691 2.249482162296772 0 1.583702884614468 0 1.067340478301048 0.1764509007334709 6.66460645198822 5.258677236735821 0.6903587281703949 12.86897701025009 2.388781145215034 2.152039334177971 8.68756739795208 113.0560716316104 0 0 1.213385537266731 0.2206679582595825 1.586753338575363 10.44688138365746 1.883518934249878 0.7669020295143127 6.298510760068893 7.477738529443741 0.1664256006479263 10.03109931200743 9.804323464632034 14.42361431568861 6.378060668706894 0.2658424824476242 0.4582827538251877 0 0 0 0 0 0 0 0 0.1865142732858658 0 1.907234385609627 0 0 0.1604918241500854 0.2757321000099182 0 0 0.6273721009492874 0.2316755056381226 0 1.786133646965027 0.147267609834671 14.06851821392775 7.781822219491005 20.33068118989468 6.419579945504665 0.6588677987456322 0 0 0 0 0 0 0 0 1.094327814877033 0 0 0 3.08899974822998 0 0 0 0 0 0.1417257785797119 0.1438980400562286 0 0 13.14861512184143 0 0 0 0 0 0 0 0 0 18.16562841832638 1.032360047101974 0 0 0 0 0 1.951789081096649 0.1075302064418793 0.1513646990060806 1.10002513974905 0 0 0 0.1410605013370514 0 0 0 0.1591774523258209 0.1168467625975609 0 22.38436150550842 13.62479984015226 17.7605619430542 128.0913293287158 6.077617689967155 186.6579819098115 59.24377250671387 84.18445328623056 17.33400572836399 1.811022698879242 9.196601666510105 5.130508914589882 0.169288769364357 1.772595837712288 1.402776598930359 9.540071785449982 0.2118508964776993 0 1.421663075685501 6.65816055983305 0 39.02672584354877 6.917086645960808
832.38890363276 1196.511105708778 272.6266742125154 55.52362121641636 35.84708528965712 115.4443953484297 177.1732069328427 6.563409872353077 0.9769549965858459 716.6902414560318 11.39631540328264 2172.31763780117 1058.075830869377 22.16769903898239 2.110811501741409 0.1229808330535889 0.2578000724315643 0 0 0 0 0.1627137213945389 0 0 0 0 0 0 0 0 59.51795265823603 0.8205587044358253 11.94186535477638 0 0 0 39.32060851156712 0 0.9239286780357361 0 0 0 0 0 0 0 7.806043975055218 0.6375701874494553 0 0.09267327189445496 0.1297226548194885 0 0 0.1745893806219101 7.064696408808231 10.07628240436316 59.96346716582775 161.4032952189445 16.0393476113677 13.20585108548403 0 0 0 2.703773468732834 2.33826782554388 1.140827789902687 0.5502114221453667 0.09923256188631058 0 0 20.97271694242954 2.577825769782066 0.1751674860715866 50.88884951919317 4.062787026166916 11.09937814623117 0.5566395148634911 0.2577047720551491 0 0.647717222571373 0 0.206643134355545 9.427903436124325 0 0.9936865642666817 1.21727205067873 0.1394448727369308 0 0.4154892787337303 0 0 0.13822041451931 0 0 0 39.7849954739213 0.7544448226690292 0.7409530282020569 0.3323825895786285 509.4007242918015 1.328673340380192 9.257481135427952 39.23404730111361 20.70252384245396 0 11.99521705508232 9.164273321628571 0.470823660492897 19.69550935924053 7.70652736723423 0.1082228422164917 2.701943673193455 29.83991155773401 1.309750929474831 0 0 0 0 0 0 0 0 0 0 0 0 0 0 0 0 0 0 0 0 0 0 0 0 0 0 0 0 0.1088428124785423 0 0 0 0 0 0 0 0 0.1515477746725082 0.1648222506046295 0 0 0 0 0 0.1440416574478149 0 0 0.6821697950363159 0.8199580907821655 1.702920228242874 0 0 0 0 0 0.1814419627189636 0 0 0 0 0 0 0.1617474257946014 0 0 0 0 0 0 0 0.2530174255371094 0.2458467409014702 0.1767701655626297 0 0 0 0 0 0 0 0 0 0 5.398651570081711 0 1.496362447738647 38.57655465602875 0.2991897240281105 47.29701827466488 4.519264496862888 685.2457394748926 8.727259032428265 0.9359799325466156 0.3658777475357056 1.029960602521896 0 1.474378064274788 0 9.754974745213985 0.4336844310164452 0 0 31.47267326712608 2.443839073181152 105.554640352726 6.97448904812336
34.05643418431282 1007.069555722177 390.6244079992175 35.84708528965712 1059.439970880747 2.286793678998947 2320.971408270299 60.7979825809598 2555.076623097062 259.5980510041118 599.2480005547404 11.81192104518414 738.3380656540394 2876.959352985024 41.70797975361347 6.087543733417988 0.4926255270838737 0.09268753975629807 0 0 0 0 0.8316680788993835 0.1336297541856766 0.09608448296785355 0.2813998833298683 0 0 0 0 118.3173178061843 49.46065896749496 22.68477065861225 0 0 0.2901909649372101 34.000716753304 2.86921638995409 2.717979572713375 0.5477068871259689 0 0 0.2877438887953758 0.9012537375092506 0 0.164132684469223 107.6565411388874 3.06650847941637 1.497369505465031 0 0.9503523036837578 0 0.2015308290719986 0.4823822826147079 16.71928147226572 24.95141047239304 65.03130190074444 118.7441927790642 34.59084369987249 55.07801546901464 0.3909943923354149 3.74479503929615 0 83.56455954909325 8.722767628729343 4.647244811058044 2.566880710422993 1.530889742076397 0.4153630211949348 0 16.42978348582983 0 0 145.9018671512604 73.22359659522772 141.0541525259614 66.06004691123962 8.294538445770741 0.5813979953527451 5.571579441428185 0.1282612383365631 2.126851253211498 37.29738269746304 0.08375018835067749 6.267085537314415 7.102606199681759 1.045948334038258 0 2.240082651376724 0.1036557629704475 1.021458230912685 0.1034579649567604 0.2270547300577164 0.5215284377336502 0.2495779767632484 8.163737714290619 0.5443045198917389 0.8607699424028397 4.090082235634327 8.252054378390312 0.3383834436535835 1.72990408539772 2.38331401348114 0.5078207701444626 0.4353423267602921 5.468624927103519 6.412510797381401 1.906955748796463 15.09528836607933 8.76327657699585 2.446793437004089 15.47355188429356 18.7892832159996 23.132154263556 9.264149472117424 0.1474448144435883 0.4958867281675339 0 0 0 0 0 0 0 0 0 0 0 0 0 0.1837436705827713 0 0 0 1.529996804893017 0 0 0 0 13.49431888014078 3.62302041053772 16.81508304178715 4.028471559286118 0.1753786355257034 0 0 0 0 0 0 0 0.1788758337497711 0.369358092546463 0 0 0 0 0 0 0 0 0 0.2544175684452057 1.135948419570923 0 0 7.362263783812523 0.7640551328659058 0 0 0 0 0 0 0 0 32.4683927372098 0 0 0 0 0.5847853422164917 0 1.03110209107399 0 0 0.9983865022659302 0 0.5195944458246231 0 0 0 0 0 0 0 0 52.02192905545235 12.48180628567934 18.18178118765354 247.694391772151 8.563918575644493 412.3870808854699 107.4790067747235 47.47914216667414 36.64685722440481 0.817583292722702 20.84361480921507 7.432698987424374 1.741425037384033 1.893706627190113 2.459846436977386 12.03742700815201 1.046062827110291 0 0.4673416614532471 5.930959142744541 0.1762724667787552 56.83522006869316 4.376109465956688
52.37921959161758 32.95757178962231 3.149308755993843 115.4443953484297 2.286793678998947 17.05445736646652 26.77125382423401 0.1932629495859146 1.039122551679611 512.7085644304752 0.5861387401819229 206.133816421032 89.50659523159266 9.119669556617737 0 0 0 0 0 0 0 4.115129187703133 0 0 0 0 0 0.2021005302667618 0 0 0.9664144515991211 0 14.36917392909527 0 0 0 62.89103980362415 0.2864295542240143 3.114928722381592 0 0 0 0 0 0 0 0.2225428819656372 0 0 0 0 13.82360441982746 4.31386587023735 0 0.1171468868851662 0 190.421435624361 9.33255410194397 1.838989675045013 0.5016910582780838 0 0 0 0 0 0 0.1773674935102463 0 0 0 76.25386065244675 179.7856429815292 9.703250125050545 0 0 0 0.3013865351676941 0 0 0.1871017068624496 0 0 0.3315201699733734 0.2693787217140198 0 0 0 0.3723182827234268 0.1000173389911652 4.519276484847069 0 1.630786299705505 0 0 1.189538419246674 349.1839709281921 103.1114339530468 12.73792591691017 25.06928634643555 375.7279043644667 0.1591837108135223 3.05710905790329 0.3729060888290405 0.9700120538473129 0 2.661497518420219 15.34345710277557 0.2041666805744171 3.478143289685249 8.236460864543915 0 0.1701220721006393 2.86588878929615 1.771529823541641 0.3962767720222473 0 0 0 0 0 0 0 0 0 0 0 0 0.39991495013237 0 0.1726189255714417 0 0 0 0 0 0 0 0.5679165124893188 0 0.2033884674310684 0.2002173364162445 0.6460667252540588 0.1380789428949356 0.2791799306869507 0 0 0 0 0 0 0 0 0 0 0 0 1.176192790269852 0 0 0 0 0 0 0 0 0 0 0 0 0 0 0 0 0 0 0 2.304477453231812 0.4986458122730255 0 0 0.1280000805854797 0.1608623415231705 0 0 0.1689902544021606 0 0 0 0 0 0 0 0 0 0.09092926979064941 0 0 21.9193072617054 0.3662572801113129 0.3103092312812805 37.30183582007885 2.242607355117798 0.131052166223526 0 270.6088282614946 0.2246042788028717 0 0 0.5219389498233795 0 0 0.1507353931665421 9.73002228140831 0 0 0 0 0 74.86761131882668 13.77171218395233
482.1187179610133 2332.967011392117 126.3201108202338 177.1732069328427 2320.971408270299 26.77125382423401 850.4320365563035 8.958798363804817 550.9112216085196 805.7931176647544 273.2155516073108 489.3018700480461 3697.343665219843 2468.98773086071 61.32854194939137 11.79618872702122 0.9118077084422112 0 0 0 0.1906588971614838 0.3406344354152679 0.3275229930877686 0.09326987713575363 0.2125972434878349 0 0.3869722262024879 0.2498579919338226 0.5448200106620789 0 147.8915644884109 28.10043739527464 51.98220177739859 0 0 0.08590325713157654 99.18319664895535 4.849564306437969 13.52188640832901 1.580200664699078 0.988268256187439 0.6547981724143028 0.1339549422264099 0.6638135612010956 0 0 123.8045030981302 2.81857568770647 0.4489829316735268 1.513031110167503 2.315258555114269 0.3982537388801575 0.1664835959672928 0.4082416743040085 32.83796049654484 50.54341689497232 134.0934361219406 291.2487307190895 63.08075389266014 90.44393761456013 0.419185571372509 8.652085661888123 0 79.35670541226864 14.31198429316282 8.723335288465023 3.165442988276482 1.62941812723875 0.2288064509630203 0 46.84223188459873 4.027274549007416 0 260.4003194645047 78.21655704081059 188.7035700827837 81.51535963267088 11.52927735447884 0.3339351415634155 7.066881522536278 0.1007997095584869 2.32480663061142 58.68867883831263 0 8.120559692382812 12.97932952642441 1.495256341993809 0.113192692399025 3.620535753667355 0.08823198080062866 1.572288125753403 0.4454033970832825 0.1551959961652756 0.3101474344730377 0.9955374673008919 48.29487980902195 10.08613562583923 0.3586174547672272 18.48468331992626 101.5819275677204 6.208444148302078 5.632796302437782 35.865149974823 52.68543703854084 2.860283493995667 54.75784730166197 34.25716682523489 30.47600969672203 128.3173114955425 55.44631984829903 3.26416788995266 85.3828447535634 88.93344539403915 61.63332204520702 24.12398031353951 0.9945553541183472 0.7175998464226723 0 0 0 0 0 0 0 0 0 0 0 0 0 0 0 0 0 0.7133923172950745 1.770179182291031 0 1.009101390838623 0 40.831005461514 4.303037047386169 42.30752338469028 5.236604958772659 0 0 0 0 0 0 0.1354637742042542 0 0.8556544557213783 1.841569170355797 0.1093652322888374 0 0.1896562427282333 0.0927574411034584 0.1176140978932381 0.1972633749246597 1.072025038301945 0.1197900921106339 1.676874227821827 3.38847940415144 2.221181057393551 0 0 14.50160218775272 0 0.1299315690994263 0.5414717346429825 0.1494082361459732 0 0 0 0 0 86.80815696716309 1.960622146725655 0.4902020692825317 0 0 3.275801867246628 0 4.88544550538063 3.412306807935238 2.739855200052261 2.404342442750931 0 0.972208134829998 0.1232156008481979 0 0 0 0 0.13968425989151 0 0 140.4222183004022 42.63539312779903 42.18792299181223 488.708275899291 13.5684605166316 598.2170621901751 172.7285040616989 273.5141578763723 64.70978429913521 5.634336069226265 28.09766095131636 14.52237269282341 0 13.11228383332491 2.153385564684868 29.03774815797806 1.898611634969711 0 0.2438962012529373 15.35530668497086 3.910376444458961 155.1167763024569 28.81913657486439
38.24585254490376 308.316052518785 2265.724821425974 6.563409872353077 60.7979825809598 0.1932629495859146 8.958798363804817 729.2766813784838 407.0441653430462 3.423550210893154 2329.798961788416 12.97434608638287 77.18377617746592 956.7533727437258 44.71319500356913 65.93291287124157 11.10077672451735 10.51203905045986 2.293429866433144 3.376445733010769 9.777108296751976 0.3959095478057861 32.59889413416386 16.08506028354168 4.866696618497372 4.030192695558071 10.42384693771601 1.823440194129944 1.555396437644958 4.441637456417084 797.4590640217066 2435.670956939459 280.1452800631523 10.31512525677681 15.64548785239458 11.40660814940929 38.32773997634649 45.27597008645535 10.37670513242483 4.994344346225262 29.11837334930897 7.953336834907532 27.55867370218039 29.10829527676105 0 7.841247841715813 46.93265978991985 8.601944044232368 9.353158198297024 57.3432607203722 40.97367027401924 0.3425174355506897 2.655676186084747 0.4908617585897446 5.795274764299393 5.854467034339905 33.44877154380083 139.3239727318287 11.45842237025499 15.56274528801441 144.4839389175177 486.0537561774254 16.23711178451777 277.6804456412792 4.033952720463276 55.8994017764926 24.30720549821854 66.15437918901443 165.7227274551988 38.07059759646654 9.411072358489037 0.5401047095656395 0.1250320225954056 44.69055841863155 84.39406850934029 92.37843269854784 281.7979631498456 436.1689037755132 425.0273921638727 2099.472941048443 202.2006913796067 1718.073306113482 11.80983938276768 0 18.06993189454079 10.47984149307013 43.76788590848446 0.1033284142613411 3.014801613986492 0 3.851063951849937 0.4415151476860046 76.01917527616024 18.9398608058691 0.2925631776452065 0.5778098553419113 0.3119556605815887 3.594554841518402 5.296454101800919 27.20248251408339 0 0 0 0 0.1238363832235336 0.4391594231128693 0.4014874994754791 0.3345084488391876 0.8787039816379547 1.77245706319809 0 1.052071705460548 2.160959392786026 2.442029185593128 1.318647593259811 0.2910760045051575 0 0 0 0 0 0 0 0 0 0.4567616283893585 0 0.1316342353820801 0 0 0.4434729516506195 0.2529605031013489 0 0 0.1210650652647018 0 0 1.083832383155823 0 1.655172571539879 5.411207854747772 6.134057462215424 2.967392906546593 1.979196220636368 0.6785986125469208 0 0 0 0 0 0 0.2230436056852341 0.5236279666423798 0 0 0 1.85820184648037 0.2904176414012909 0.8680720329284668 0 0 0 0 0 0 0 4.127751648426056 0 0 0 0.3151406943798065 0.3264687061309814 0.1220682561397552 0.08615757524967194 0.7998256012797356 0.2873810082674026 2.245694771409035 0.4479615837335587 0.1544073969125748 0 0.6532909497618675 0.9789887964725494 0.5691602826118469 3.277408540248871 0 0 0.56276735663414 0 0 0 0 0 0 0.1041735634207726 0.2319824695587158 1.624220848083496 0.2333949953317642 3.790282711386681 4.349733859300613 7.785583831369877 62.70044683665037 8.843721233308315 142.1215104758739 44.52082189917564 20.2773152962327 7.528014473617077 0.4598706141114235 8.343775548040867 4.996421806514263 0.121861457824707 0.9087676033377647 0.9482545256614685 2.232428312301636 0 0 0.5540049225091934 5.188278466463089 0.2365083172917366 12.67867747694254 1.532380469143391
1.162173636257648 342.3824010118842 593.6087081581354 0.9769549965858459 2555.076623097062 1.039122551679611 550.9112216085196 407.0441653430462 264.7194619327784 14.18674806505442 869.8783899918199 4.56805307418108 247.5013832300901 1015.339710474014 14.91873426735401 4.456759378314018 0.5681262165307999 0.1195283383131027 0 0 0 0 0 0 0.1102297082543373 0 0.1430336982011795 0.1203756779432297 0 0 13.83778558671474 14.81853497773409 19.03780122101307 0 0.275266207754612 0.1059462353587151 16.86420717835426 2.428275763988495 1.255753315985203 0.6528806686401367 0 0.1479658633470535 0 0.4391866326332092 0 0 33.44253697246313 0.3595460131764412 0.0951220914721489 0.2936913967132568 0.3835689499974251 0 0 0.1412721127271652 2.67667581140995 5.046524703502655 11.96732968091965 14.97417785227299 5.147966533899307 11.40741735696793 0 0.6865024417638779 0 14.84750469774008 1.120738729834557 1.539295539259911 0.9021536558866501 0.2580916881561279 0 0 9.952502861618996 0 0 24.81774002313614 18.9829464033246 38.24594771116972 30.38914431631565 5.85414232313633 0.1056467369198799 17.64504939317703 0 1.290124133229256 7.928756147623062 0 1.282924525439739 1.437787421047688 0.2195780500769615 0 0.768134243786335 0.0758650004863739 0.2449840530753136 0.2006244957447052 0.1789234429597855 0.1621534675359726 0.1049513667821884 5.140032216906548 0.4554086625576019 0 0.7509796172380447 2.013911500573158 0.5433073341846466 0 1.16425721347332 0.1533101201057434 1.101895958185196 7.72805018723011 2.924021750688553 0.9023157805204391 11.48798212409019 9.432960256934166 0.6759626269340515 6.696318425238132 15.38041004538536 15.55335992574692 4.239835418760777 0.1044193729758263 0 0 0 0 0 0 0 0 0 0 0 0 0 0 0 0.3946240246295929 0 0 0 0.6164161562919617 0 0 0 5.12459771335125 0.6555348783731461 8.511719979345798 0.9184458702802658 0.5551759153604507 0 0 0 0 0 0 0 0.1250138729810715 0 0 0 0 0.1713287979364395 0 0 0 0 0 0 0 0 0 4.015504822134972 0 0 0 0 0 0 0 0 0 22.33154516667128 0 0 0 0 3.352902695536613 0 1.808133661746979 0 0 0.1351506561040878 0 0.1842184066772461 0 0 0 0 0 0 0 0 26.9867736697197 8.20609986782074 10.23029083013535 81.54592713713646 2.049985200166702 105.8836520761251 38.16369909793139 8.198437124490738 11.11421392858028 3.017222382128239 5.333506882190704 4.39128515124321 0 0.8057660013437271 0.4904267936944962 3.44009718298912 0 0 0 3.426042094826698 0.1061330065131187 15.83972620218992 4.941822782158852
1053.757814653218 655.9296531230211 57.62721522152424 716.6902414560318 259.5980510041118 512.7085644304752 805.7931176647544 3.423550210893154 14.18674806505442 656.7671495974064 7.297144383192062 3848.81572085619 3097.762414596975 156.1687312722206 12.37354670464993 1.907421827316284 0.0954342857003212 0 0 0 0 0 0 0 0 0 0 0 0.1532127410173416 0 27.77198418974876 2.445883020758629 228.4908295348287 0 0 0 702.2919464930892 21.09684371948242 36.88724640756845 3.768258631229401 0 0.2415702193975449 0 0.2005114257335663 0 0 24.56091886758804 0.9899026975035667 0 0.1130672842264175 0.6029054820537567 0.4225332736968994 0.4292846620082855 1.149353504180908 6.858306623995304 10.67626343667507 62.77606893330812 117.8292515054345 18.11302548646927 15.97242126613855 0.6030203998088837 22.69058641791344 0 10.84291542321444 2.762576267123222 1.96328604221344 0.7603379115462303 0.2933692634105682 0.1393221020698547 0.1567152589559555 535.5267031863332 10.38449740409851 0.1229756399989128 54.12395787984133 10.66211117058992 27.5874956920743 12.88973011821508 1.88646836578846 0.109702356159687 1.391434095799923 0 0.3322029635310173 9.88921120762825 0 1.332231126725674 3.008943058550358 0.354637935757637 0 0.5339352041482925 0.1150916665792465 0.108033686876297 0 0.4925644099712372 0 0 344.3540714383125 32.39895425736904 1.120076924562454 48.39581119269133 432.9601313173771 0.9442465826869011 11.15559267997742 69.68675102293491 46.72349240630865 7.13251043856144 59.81268963217735 57.10438197851181 10.87657228857279 78.57005256414413 100.4859575480223 3.531034991145134 45.18369383364916 137.9583079814911 66.81820125132799 21.08455358445644 1.505183041095734 0.957861140370369 0 0 0 0 0 0 0 0 0 0 0.5062715411186218 0 0 0 0 0 0 1.288942456245422 3.016052156686783 0 0 0 45.39653512835503 7.549709677696228 59.25269843637943 8.81671729683876 1.231349155306816 0 0.3778674006462097 0 0 0 0 0 1.890342175960541 1.274162024259567 0 0 0 0 0 0 0.256559282541275 0 0.1002261340618134 0.6653575301170349 2.030552446842194 0 0 19.86024394631386 0 0.136319100856781 0.1909085661172867 0.150397315621376 0 0 0 0 0 87.63457697629929 0.5761872231960297 0 0 0 2.33416348695755 1.697149157524109 7.006921231746674 1.863568469882011 0.8990217745304108 2.881987810134888 0 1.082709848880768 0 0.1667166352272034 0 0 0 0.2571274638175964 0 0 208.1962317377329 51.86345621943474 54.3181194961071 556.6791796311736 10.70218555629253 192.9755200669169 85.63822655379772 985.4103946983814 33.20562318712473 2.467585042119026 32.22117763757706 13.38313561677933 0 9.44491021335125 1.421307802200317 47.52307443320751 2.864951230585575 0 0 8.723423503339291 0.9108163565397263 457.7732005491853 170.5510216653347
51.97220685333014 719.0643617510796 1577.367830462754 11.39631540328264 599.2480005547404 0.5861387401819229 273.2155516073108 2329.798961788416 869.8783899918199 7.297144383192062 857.2840800434351 95.46990167349577 806.5191522464156 4047.024816907942 72.42273511737585 65.14856071770191 8.091958239674568 1.315595060586929 0 0.8033516854047775 2.751482665538788 2.018468424677849 16.70787721127272 7.992045424878597 3.097300089895725 4.066542722284794 12.9734129011631 0.872732937335968 0.7887354791164398 3.935595996677876 247.1809872835875 194.8902364969254 1144.447848059237 1.535441242158413 6.217885971069336 3.186573922634125 279.1909037083387 92.03831192106009 39.76808581501245 10.22446809709072 14.06428411602974 2.098581969738007 2.975381888449192 6.754725232720375 0 0.6968615353107452 79.49530800431967 1.091841898858547 2.067295640707016 1.971398361027241 13.57597318291664 1.462950438261032 3.523512154817581 1.058455631136894 5.817795865237713 8.398520290851593 32.85063388198614 67.34846967458725 14.11884526908398 25.02758125960827 0.7530696988105774 194.5484106168151 0.2170409858226776 100.4520619213581 3.610892526805401 11.88276217877865 7.072215244174004 5.818871818482876 8.510299600660801 5.032568663358688 76.78928056359291 2.572915829718113 0 61.59765434265137 63.82493231445551 129.1684906706214 135.4303907752037 47.54991340637207 1.522389359772205 805.0163242295384 1.563570454716682 35.22415206581354 14.46471671760082 0.09655094891786575 2.447121076285839 5.390313401818275 1.027575872838497 0 1.979052267968655 0 1.425690956413746 0.5195584893226624 12.2763007953763 10.31960467249155 1.138552196323872 5.443942174315453 3.323933631181717 1.787805214524269 10.61084901541471 11.28306692093611 0.2153964042663574 0 0.7844225019216537 0.8053600788116455 0 11.87419660389423 5.061003059148788 0.865751713514328 6.182813592255116 7.771136432886124 0.7886094301939011 9.36101271957159 16.68863684684038 16.84023408591747 4.059262685477734 1.047111816704273 0.2341271340847015 0 0 0 0 0 0 0 0 1.34651093184948 0 1.569409370422363 0 0 1.032500550150871 0.5903436914086342 0 0 0 0 0 1.381541416049004 0.2392313554883003 9.806826509535313 4.989208832383156 13.76289970427752 7.773553393781185 3.149036303162575 0 0 0 0 0 0 0 0 1.709520027041435 0 0 0 3.559816956520081 0.3385153859853745 0 0 0 0 0.1679200828075409 0 0 0 5.627688378095627 0 0 0 0 0 0 0 0 0 20.42322202771902 1.829957157373428 1.040822878479958 0 0.1052825599908829 1.366328820586205 0 3.605479717254639 0 0.4203559905290604 1.486104734241962 0 0 0 0 0 0 0 0.1961873024702072 0 0 17.68565948307514 16.94829139858484 16.34486686438322 202.4173547327518 9.041744753718376 262.1146591231227 107.2797854021192 18.3602332919836 14.32108280807734 3.456666029989719 13.28127633780241 7.999834567308426 0 2.115973114967346 1.258584067225456 9.273494333028793 1.292223215103149 0 0.6771053075790405 8.673035770654678 2.368485748767853 25.07975596189499 4.936918139457703
337.1011404842138 161.9055481180549 44.25755844265223 2172.31763780117 11.81192104518414 206.133816421032 489.3018700480461 12.97434608638287 4.56805307418108 3848.81572085619 95.46990167349577 135.6442814618349 962.4073213636875 151.3052342832088 14.60855764895678 8.206833779811859 0.7440009564161301 0.1898155063390732 0 0 0.2602537274360657 2.183392867445946 0.7384353876113892 0.5977886840701103 0.3484551608562469 0.4709620475769043 0.6974049210548401 0.5580017417669296 0 0.1658302545547485 7.817911237478256 2.313837349414825 68.88587177544832 0 0.1395274102687836 0 314.2448207512498 14.25287710875273 52.35393995046616 2.589078411459923 0.9637768119573593 0 0 0.4120436832308769 0 0.1372710466384888 19.86771074682474 0.571523129940033 0.7503244280815125 0.3401126340031624 0.7624960392713547 0.8724919259548187 0.4668807089328766 0.9190610200166702 1.939655929803848 2.86014948785305 17.17776975780725 34.37414802610874 3.921717531979084 8.191462807357311 0 7.089228019118309 0 11.36211356520653 1.02240277826786 1.742840729653835 0.5780760273337364 0.1751257479190826 0 0.2564948499202728 137.6828966662288 8.767463013529778 0.1751832515001297 23.5671409741044 7.744018577039242 21.96326412260532 22.2073106020689 5.270590521395206 0 5.089458592236042 0.1465384662151337 0.2404821068048477 5.186506755650043 0 0.5492533296346664 1.964334279298782 0.09938825666904449 0 0.1284698992967606 0.2772511690855026 0.4158922284841537 0.07715873420238495 0.2617494165897369 0.5041163563728333 0.282602071762085 260.9615905210376 5.983666270971298 0 20.58659746497869 73.77712036669254 1.025185883045197 5.444857269525528 9.053679637610912 4.856165751814842 6.1219302713871 31.99807786941528 26.90401829779148 14.9068196862936 49.10190561413765 64.30826768279076 4.852482885122299 52.72045780718327 93.83645617961884 69.42602235078812 24.09809716045856 0.8328637182712555 0.3373153060674667 0 0 0 0 0 0 0 0.4676403999328613 0 0 1.759840130805969 0 0 0 0.46035136282444 0 0 0 1.130897700786591 0 0.7792107462882996 0 41.80000682175159 7.420698583126068 42.41872115433216 3.522060692310333 0.8339924588799477 0 0 0 0 0 0 0 0.1321600824594498 0.6209277510643005 0 0 0 1.05977101624012 0.1334130167961121 0 0 0 0.1663719117641449 0.2333542928099632 1.237726181745529 0.3134273141622543 0 13.65584836900234 0 0.423815131187439 0 0 0 0 0 0 0 92.37507097423077 0.6616177707910538 0 0 0 1.944990456104279 0 4.115770429372787 0.5442531630396843 0.08665046840906143 1.167243435978889 0 0.2053901553153992 0 0 0.1638061255216599 0 0 0 0.1467042863368988 0 177.5982486084104 36.22142059355974 40.89535202085972 167.6477745249867 2.215409323573112 142.8849477246404 65.47808466106653 193.3844753578305 20.08065848052502 3.123281501233578 13.24851429462433 12.9199236035347 0 5.313579209148884 3.3781493678689 20.69934801757336 1.228149056434631 0 0.1177837625145912 4.867839626967907 0.3239338472485542 177.257309794426 41.17497798800468
159.1058737933636 1524.286029458046 215.6836014613509 1058.075830869377 738.3380656540394 89.50659523159266 3697.343665219843 77.18377617746592 247.5013832300901 3097.762414596975 806.5191522464156 962.4073213636875 3059.777058139443 3251.973066657782 55.09533601254225 20.90038947761059 1.467371620237827 1.12824484705925 0 0 0 0 1.518271952867508 0.981205016374588 0.7465987280011177 0.1443241089582443 2.474903114140034 0.9253426939249039 0.4684061929583549 1.812238208949566 24.48518347740173 28.29534782469273 285.3025013655424 0 0.3640891760587692 0.3153847754001617 450.357524715364 20.21809215843678 39.4976332038641 3.80758611112833 3.963745579123497 0.6336334943771362 0.3338554054498672 2.084802314639091 0 0 76.09261322766542 1.110140338540077 0.2346260920166969 0.2239579632878304 2.133204869925976 1.267902664840221 2.612313374876976 0.8143099695444107 4.749736972153187 9.287240408360958 29.0960381180048 39.34044177085161 12.25777324289083 22.99437551945448 0.3002515211701393 15.88142594695091 0 57.50763303041458 2.207115739583969 2.991128042340279 2.387266114354134 0.5987012311816216 0.594983734190464 0.2100904136896133 216.8988853693008 7.216944724321365 0 52.51654589921236 36.13644015043974 91.4511377364397 84.76310465484858 19.99775725603104 0 35.94898776710033 0.4244259595870972 1.317482836544514 15.6664374768734 0 1.529655404388905 3.878520324826241 0.8648780658841133 0.1918139830231667 0.8448931872844696 0 0.7054783180356026 0.09544532746076584 1.836277186870575 1.082392737269402 0.7573204413056374 360.4757453799248 5.415980294346809 1.427094519138336 14.39435402303934 55.26510827988386 0.8476174622774124 8.79633866250515 18.09216643124819 10.72034353017807 13.43171617388725 141.3288315981627 45.14344251900911 23.92476761341095 108.3652267083526 149.7458740621805 8.946791753172874 248.8212532922626 257.2394548356533 183.3427001982927 48.16127475351095 1.564999215304852 1.335952311754227 0 0.1265439093112946 0 0 0.2041858434677124 0.7858227789402008 0 0 0.2392761409282684 0 2.845527693629265 0 0 0.142441138625145 0 0 0.1290914714336395 2.159470997750759 2.484069839119911 0 1.62046417593956 0 75.36693689972162 6.643606022000313 95.75082542747259 10.31572674959898 3.528115205466747 0 0 0 0 0.1350397318601608 0.1163610443472862 0 0.6386643350124359 3.039364010095596 0 0 0 1.698940381407738 0 0 0.1014598086476326 0 0.7075927779078484 0.3616452515125275 1.106552690267563 0 0 28.40309193730354 0 0 0.3431672751903534 0.1083434373140335 0 0 0 0.3349122107028961 0 247.8063618242741 3.802799552679062 0.6467025279998779 0 0 6.832405984401703 0 7.685772180557251 0.6580285578966141 0.4789541065692902 3.698643863201141 0 1.225713446736336 0 0 0 0 0 0 0 0 379.8578796163201 70.97699677199125 89.66693457961082 317.8265263810754 9.739688821136951 307.2066425234079 123.5048797130585 123.9969768747687 30.70229196548462 3.344041675329208 29.88903261721134 19.9825901761651 0 12.64231459796429 4.548279836773872 42.93602612614632 1.36951819062233 1.955974578857422 1.199921011924744 20.41521353274584 3.892062038183212 214.4809735417366 84.07662792503834
19.63738317787647 1615.309633925557 1202.569311283529 22.16769903898239 2876.959352985024 9.119669556617737 2468.98773086071 956.7533727437258 1015.339710474014 156.1687312722206 4047.024816907942 151.3052342832088 3251.973066657782 2161.900874786079 84.69557297974825 47.80634188652039 5.120290189981461 1.191487275063992 0 0.6401406228542328 1.035796284675598 1.83991040289402 3.113936848938465 3.599151127040386 2.386832028627396 1.694350078701973 4.187153339385986 1.713927283883095 0.4627513140439987 2.837734378874302 82.53130084276199 74.87420026957989 1055.444455951452 0.3517391532659531 1.780507758259773 1.984288051724434 614.3729860037565 77.22712852060795 54.574284106493 8.829378545284271 8.077322497963905 1.683504581451416 0.8797422721982002 5.932111568748951 0.1107145845890045 0.1690003126859665 100.1161634474993 2.116312764585018 0.9656476825475693 1.625362783670425 5.108539529144764 1.02529214322567 1.60983107984066 1.014681875705719 8.514053739607334 13.49014753848314 31.7310439646244 50.16931873559952 16.25579513609409 39.05765923112631 0.3852750211954117 185.2383305057883 0 70.02631633728743 5.044402718544006 6.118720568716526 6.986596085131168 4.911260075867176 3.016311258077621 1.375661104917526 161.8243167847395 4.633046373724937 0.3348697498440742 81.19842512905598 62.30004289746284 149.4632785618305 134.4504736363888 35.89067430049181 0.4605724588036537 517.4591955393553 1.198327526450157 18.44590655714273 19.96379488706589 0.1776395663619041 3.866568110883236 5.733955703675747 1.503395512700081 0 1.600742436945438 0.1067107766866684 1.629972606897354 0.09017182886600494 3.070329323410988 4.171172946691513 1.387825280427933 59.63099119067192 2.557924821972847 1.315777808427811 14.56943789124489 8.443762749433517 1.634177573025227 0.6937645375728607 8.983578160405159 4.154231578111649 7.476004891097546 39.78929800540209 15.566451407969 8.328796863555908 31.28436566889286 51.06485007703304 5.690000116825104 37.308300152421 64.37134287506342 43.69215830415487 14.48805213719606 0.9063084945082664 0.4479053094983101 0 0 0 0 0 0.1450749933719635 0 0 0.1487127542495728 0 1.073657348752022 0 0.1151049360632896 0 0.3885737359523773 0.7076824903488159 0 1.175577118992805 1.095333307981491 0 0.4457112848758698 0 30.61944325268269 2.535714372992516 37.47034205496311 8.133668400347233 1.972109168767929 0 0 0 0 0 0 0 0 0.4450138956308365 0 0 0 1.237949170172215 0.3756307661533356 0 0 0 0 0 0.5151631236076355 0 0 21.57903631776571 0 0 0 0 0 0 0 0 0.1131359860301018 73.82979958504438 2.586101435124874 0.412231832742691 0 0 3.405970811843872 0 2.524076461791992 0.2471707984805107 0.4234592914581299 0.5407660976052284 0 1.477076038718224 0 0 0.1344434469938278 0 0 0 0.533588171005249 0 101.6949844285846 37.83543302863836 32.12690016627312 321.8268152847886 10.74155424535275 364.6217832416296 134.8862271085382 36.75952418893576 28.73630114644766 2.797582641243935 25.0208467617631 11.59174901992083 0.3207266628742218 4.540054336190224 1.294349148869514 12.9518628269434 0.7344658225774765 0 3.2966138869524 16.93829673528671 1.360621243715286 69.58677019923925 27.05304557085037
