77.65567486733198 2314.836760245264 33.31037310510874 1799.581591524184 16.53005896508694 85.47762970626354 1724.148141421378 5.945723384618759 0.9753735810518265 1815.034172154963 9.351621508598328 67.68125959485769 70.69546470046043 11.67067689448595 0.4543544948101044 0.1283001154661179 0 0.1470105648040771 0 0 0 0.1529369205236435 0 0.1084662526845932 0 0 0 0 0 0.2819674015045166 317.5724682360888 1.247932076454163 0.5809911042451859 0 0 0 0.136927530169487 0 0.1802211701869965 0 0.09879878163337708 0 0 0 0 0 17.35215558856726 1.42677341401577 0 0.09408898651599884 0.8774021118879318 0.1151084527373314 0 0 4.733126498758793 11.14860492944717 207.616078324616 932.7890360951424 42.03552787750959 25.39860948175192 0.5097241401672363 0.6761715933680534 0 2.307732284069061 4.260356195271015 2.506245970726013 0.4612428992986679 1.068024829030037 0 0.2641220241785049 0.9517643600702286 1.710607931017876 0 152.3704658821225 16.46318337321281 9.839293107390404 0.2933477312326431 0 0 3.113206312060356 0 0.2916470170021057 12.452422298491 0.4020678326487541 1.776234216988087 2.22546399384737 0.9361691549420357 0 0.6626315787434578 0.1268785744905472 0.5618509352207184 0.2549574077129364 0.0991327092051506 0.1131981089711189 0 25.39728750288486 0.7045709788799286 0.3724224269390106 0.2188354879617691 668.4360835403204 0 9.600582674145699 1.590404361486435 4.918269835412502 1.009241163730621 4.64245468378067 34.55066083371639 4.192999392747879 10.72080437839031 13.69772577285767 0.4967091679573059 2.255956158041954 8.740294829010963 4.992415592074394 0.1159375905990601 0 0 0 0 0 0 0 0 0 0 0 0 3.294263422489166 0 0 0 0 0 0.5844050049781799 1.241949379444122 0.9397420883178711 0 1.922090232372284 0 0.7477008327841759 3.796758413314819 1.468187659978867 2.913692116737366 1.516572207212448 0 0 0 0 0 0 0 0 0 0 0 0 0.3689478933811188 0 0 0 0 0 0 4.524188324809074 0 0.9947547316551208 0.9792916178703308 0 0 0 0 0 0 0.1759449169039726 0 0 0.5515799820423126 0.1910668760538101 0 0 0 0 0 0 0 0 0 0 0 0 0 0 0 0 0.1081225797533989 0 0 2.159489795565605 0 1.198704838752747 327.0152001231909 7.059312231838703 57.49107520282269 13.58921305090189 776.1699004396796 5.849343076348305 0.1492523103952408 1.512616164982319 3.028067320585251 0 0.7760878801345825 0.1026067063212395 125.3287490308285 0 0 0 0 0 114.7737993150949 14.94796299934387
2314.836760245264 4788.962154567242 523.4513365700841 101.5063836276531 1779.423829041421 36.2384596914053 2449.129126302898 119.0661308765411 1875.853195287287 258.9660173654556 1046.540254622698 7.77481696754694 493.5484243035316 2526.970009617507 49.92979092895985 8.937803767621517 2.95720411837101 0.4025397002696991 0.7079849019646645 0.1034662425518036 1.357429072260857 0 0.2533359751105309 0.5660389140248299 0.5116702765226364 0.5549293980002403 0.3977131545543671 0.2975974604487419 0 0.1026360243558884 2473.286492936313 15.05731350183487 2.656119704246521 0.3575124740600586 0 0.9506809189915657 1.058384411036968 1.312112472951412 2.816839873790741 0.5349659994244576 0.7077254876494408 0.600428506731987 0.5868732482194901 0.7262810468673706 0.5667471140623093 0.4449515491724014 423.9921709746122 11.25440838187933 2.691198959946632 1.411668159067631 2.931735552847385 0.09686994552612305 0.2933232262730598 0 27.9350990653038 56.91927707195282 200.394345536828 1339.247826643288 129.5697387978435 261.9645839333534 1.182978190481663 3.132136553525925 0.3909879922866821 79.49879436939955 27.16745445877314 22.38219273835421 4.201655179262161 7.565996706485748 3.753778181970119 2.502809435129166 1.742787778377533 0.2098854333162308 0 878.1841796413064 395.5647487193346 380.8594000414014 54.81388148665428 3.808082208037376 2.304967150092125 51.10202949494123 2.861201487481594 6.822400361299515 76.91009118407965 0.8330526351928711 11.74266669154167 17.18802088499069 4.47181760519743 0.7017934545874596 3.2330591827631 0 3.253472432494164 2.205101788043976 1.899393625557423 1.938806898891926 2.012266412377357 1.409334272146225 1.310455545783043 0 0.7775484845042229 682.9494997784495 0 0.6238515973091125 0.2175879031419754 0.5733062475919724 0.3483014702796936 1.719249412417412 6.382667064666748 1.52669857442379 2.152342811226845 5.203706935048103 0 1.232032269239426 7.900748506188393 4.516217321157455 1.371727719902992 0 0 0 0 0 0.6312850117683411 0 0.1575393676757812 0 0 0 0 0 0 0.1408612579107285 0.117949441075325 0 0 0 0 0.1428721100091934 0 0.4396798014640808 0 1.341922223567963 1.046914227306843 2.292243458330631 2.368077784776688 1.298064544796944 0 0 0 0 0 0 0 0 0 0 0 0 0 0 0.08586839586496353 0 0.1049970015883446 0 0.3522422015666962 0 0 0.2800739109516144 0.5279997438192368 0 0 0 0.1034403592348099 0.1121923103928566 0 0.1202354431152344 0.08553050458431244 0 0.6239283308386803 0 0 0 0.1174772083759308 0.4723000526428223 0 0 0.1604552865028381 0 0 0 0 0 0 0 0 0.2382978200912476 0.1985883340239525 0 0.09520095586776733 4.285224765539169 0.1114842891693115 0.844682089984417 494.5221311450005 16.31292025744915 700.3828891813755 117.3780632317066 763.0699842944741 34.95783863216639 1.495626270771027 43.0147495046258 6.624094374477863 0 0 0.222057968378067 14.79508396983147 0 0.1293511390686035 0 3.521404854953289 0 140.0967201068997 1.940834119915962
33.31037310510874 523.4513365700841 546.461815752089 0.8212851360440254 424.9590629339218 0 55.65619571506977 1643.830980457366 370.4207520186901 66.35899665951729 2736.057976298034 0.9705823212862015 116.5716901049018 2236.404256813228 29.41987881809473 23.1255676150322 1.482431598007679 0 0 2.055517546832561 9.645401485264301 0 2.846458151936531 2.580423101782799 0 1.309064254164696 0.5805699080228806 0.1826903820037842 0 0 3337.207984231412 406.6962824463844 10.8496665880084 0.578353077173233 1.97080422192812 0 2.818817287683487 3.09924703836441 0.5998999550938606 0.7220064401626587 12.13726484775543 0.5517725050449371 4.358166217803955 3.624302215874195 0 0.4893943071365356 81.52911728620529 1.226091854274273 0.5493452474474907 3.157964006066322 1.674994841217995 0.09593977779150009 0 0 4.689589329063892 6.085919395089149 30.6713761985302 374.6637867614627 16.31166101247072 27.10679438710213 3.894339486956596 15.99068126827478 0.1389797329902649 240.3583929538727 3.095516316592693 5.529201701283455 4.501051858067513 10.98723208159208 27.58214296400547 15.17403720319271 5.776187606155872 1.363154798746109 0 108.47474129498 84.17674972862005 67.76107002049685 23.93928433209658 9.653514824807644 16.25199639052153 609.2678480148315 15.43634164333344 90.18781604617834 6.397841103374958 0 1.834063820540905 6.045337110757828 6.258624903857708 0 0.4440141469240189 0.08159682899713516 0.2208540439605713 0.2112010046839714 19.74406594783068 1.112667337059975 0.1503711491823196 8.223283991217613 1.098910212516785 0 0.2954249083995819 31.19558768719435 0.3319297581911087 0.1562211364507675 0 0.9354091286659241 0.3488729745149612 3.281390771269798 2.435347571969032 4.699962168931961 6.120232798159122 11.29831305146217 0.5804134011268616 4.573230415582657 13.88056498020887 9.726777195930481 5.279991149902344 0 0 0 0 0 0 0 0 0 0 0.1217096596956253 0 0.9300493448972702 0 0 0 0.2633703276515007 0 0 2.056258291006088 0 0 0.1411527097225189 0.1462600380182266 3.206265196204185 2.6475480645895 3.099186040461063 2.512697108089924 0.5061647072434425 0 0 0 0 0 0 0 0 0.1080853193998337 0 0 0 0.1030644848942757 0.1022222638130188 0 0 0 0.1267720311880112 0.3043155521154404 0.4727238267660141 0 2.180092826485634 1.316122010350227 0 0.07695270329713821 0.3063333630561829 0 0 0.1134003251791 0.1185809224843979 0 0 2.375674776732922 0 0 0.1135202869772911 0.7728217765688896 0 0.8037382960319519 0.5092414617538452 0.1749451458454132 0.08484832942485809 0.3919842019677162 0 0 0 0 0 0 0 0.09585261344909668 0.09062229096889496 0 7.139965623617172 0.6899701133370399 1.557660400867462 67.44633201509714 2.184613212943077 79.87243891507387 24.65275917947292 28.68313879519701 3.972983114421368 0 8.416311278939247 1.112207308411598 0 0.86282779276371 0.3607042953372002 17.07958626747131 0 0 0 1.741788774728775 0 17.80450893938541 1.810926213860512
1799.581591524184 101.5063836276531 0.8212851360440254 201.9197885915637 2.328601740300655 389.8483691215515 650.0771274119616 0.2755727022886276 0.08780317008495331 1603.459379799664 0.757268950343132 299.5697902143002 505.1726380586624 11.00170220434666 1.186073318123817 0.1428088992834091 0 0.303885817527771 0 0.1701470613479614 0 0 0 0 0 0 0.09661237150430679 0 0 0.3992267549037933 81.44054391980171 0 0.8408832550048828 0 0 0 0 0.5024497509002686 0 0 0 0 0.08399254828691483 0.1015893295407295 0 0 18.61449767649174 1.059577234089375 0.4776785224676132 0.08726562559604645 0.5313525274395943 0 0 0 3.30576504021883 7.464902676641941 40.31249079108238 235.919347807765 21.57999813556671 26.97328627109528 0 0.08704255521297455 0 0.8682055920362473 3.857744604349136 2.354249365627766 0.9016983211040497 0.6365533322095871 0 0.07896435260772705 0.8730028122663498 0 0 113.4561722800136 18.93211745470762 15.69886798411608 0.4764857441186905 0.09604089707136154 0 0 0 0 11.9659603908658 0.2096642702817917 2.153262689709663 1.992744959890842 0.2659953087568283 0 0.1998737081885338 0 0.1076912581920624 0.2072897776961327 0.696339525282383 0.08950630575418472 0.5133944600820541 9.772754102945328 1.578304648399353 0 0.08200317621231079 252.4415372088552 2.86949859559536 24.91123496741056 17.02639672160149 54.39473195374012 0.960206925868988 4.323296248912811 67.60863856226206 2.276531428098679 9.278542660176754 32.96948149800301 0.3246618360280991 5.886675879359245 8.721614576876163 4.260910093784332 1.411060892045498 0 0 0 0 0 0 0 0 0 0 0 0 0.8146578073501587 0 0 0 0 0 0 0 0.2936176359653473 0 0 0 0.5896543860435486 0.4735661745071411 0.4860730394721031 0.8635764122009277 1.599886894226074 0 0 0 0 0 0 0 0.08263153582811356 0 0 0.1314970999956131 0 0 0 0.1583068817853928 0.181500181555748 0.07490682601928711 0.4993042573332787 1.62523578107357 8.325528547167778 0 0 1.041984647512436 0 0.2071448192000389 0 0 0 0 0 0 0 0.238628089427948 0 0 0 0.1445257365703583 0.2996188104152679 0 0.2201108634471893 0.2651302665472031 0.1688659116625786 0 0 0 0 0.075155109167099 0 0 0 0 0 0 2.41411454975605 0.4057763516902924 0.2849501594901085 133.3504044860601 1.739603526890278 54.42338819801807 9.884067632257938 588.2207352817059 7.806954830884933 0.1134858205914497 3.624321796000004 6.454794660210609 0.08434195816516876 1.490690812468529 1.338032998144627 92.78718664497137 0 2.043478965759277 0.3888423442840576 0 0 103.6091731488705 12.31229522824287
16.53005896508694 1779.423829041421 424.9590629339218 2.328601740300655 2061.692768745124 0.1363512426614761 1641.733170948923 37.08470996469259 5686.448787488043 97.54443206638098 1329.397561535239 10.04120878875256 406.3613186106086 3331.080614037812 49.76891995221376 11.60173736512661 3.252796284854412 0.3392425552010536 0.1539862304925919 0 0.1590010970830917 0 0 0 0 0 0.09896213561296463 0.1757816225290298 0 0 147.1931884735823 12.5815090611577 2.277774453163147 0 0 0 1.299802273511887 0.2601834908127785 0.9779419526457787 0.2559968456625938 0.5680445581674576 0.2872971370816231 0.268813244998455 0.8874188661575317 0 0.3485585451126099 211.8582398220897 1.748354397714138 0.9573593661189079 0.2351938262581825 1.10651171952486 0 0.08776330202817917 0 4.265931770205498 9.666549935936928 18.0731680765748 89.37677684426308 20.80614721775055 68.53133980929852 0.1394008994102478 1.296692177653313 0.2132473289966583 31.72063702344894 3.105873353779316 3.677570022642612 1.186215378344059 1.168631799519062 0.5764610320329666 0 0.363895982503891 0 0 140.9778031036258 94.70567128062248 187.7437275648117 35.52739249914885 2.42553973197937 0.2909425497055054 3.375457249581814 0.367338590323925 1.124289438128471 13.74975384026766 0 2.568613931536674 2.38614584505558 1.054722897708416 0 0.4665675312280655 0 0.3237279877066612 0.2270512804389 0.5026283115148544 0.383872352540493 0.537812739610672 1.893717661499977 1.399408891797066 0 0.2935523092746735 5.167314380407333 0 0.08921812474727631 0.6290591657161713 0 0 0.5174056142568588 1.914794966578484 0.7912714630365372 0.9685029461979866 1.916950106620789 0.2208845615386963 2.38689661771059 5.61935567855835 1.929500624537468 0.6071526855230331 0 0 0 0 0 0 0 0 0 0 0 0 0 0 0 0 0 0 0 0.1737515777349472 0 0 0 0 0.3752224072813988 0 1.770975641906261 0.9778605848550797 0.1066857129335403 0 0 0 0 0 0 0 0 0 0 0 0 0 0 0 0 0 0 0 0 0 0.1790606528520584 0.9650404304265976 0 0 0 0 0 0 0 0.1000494733452797 0.1228038296103477 0.3547216802835464 0 0 0 0 0 0 0 0 0 0 0 0 0 0 0 0 0 0 0 0 2.191973119974136 0 0.1295964270830154 212.1493655219674 4.145159363746643 258.1663294956088 54.04197902977467 43.04019258916378 15.28329525142908 0.2454639449715614 26.24126712232828 0.4422519505023956 0 0.1351762562990189 0 5.212749987840652 0 0 0 1.823387302458286 0 17.91865900158882 3.35159008204937
85.47762970626354 36.2384596914053 0 389.8483691215515 0.1363512426614761 0.280219703912735 146.2771101742983 0 0 1120.312228739262 1.440547436475754 257.9052903205156 136.7661954537034 4.297946438193321 0.2881135642528534 0.1712472587823868 0 0 0 0 0 2.168453633785248 0 0 0 0 0 0 0 0 0 0 3.835795864462852 0 0 0 6.333689920604229 0 2.035069644451141 0 0 0 0 0 0 0 0.3841504976153374 0.1777738034725189 0 0 0.2622182965278625 23.07845477759838 1.36435429751873 0 0.1010839343070984 1.401130653917789 205.591881737113 12.03055360913277 1.749501496553421 0.9741893410682678 0 1.278943136334419 0 0 0 0.104963518679142 1.680923715233803 0.7431580200791359 0.182818666100502 0 54.54533351957798 163.8287797495723 14.8501034528017 0.4539774283766747 0.1156566217541695 0 0 0 0 0.1283355802297592 0 0 0.1130624189972878 2.267313480377197 0 4.156549409031868 0.1448700129985809 2.442479766905308 5.864352636039257 19.37807860970497 2.958247445523739 11.4876598790288 0 0.6264913007616997 6.368903085589409 109.0312544554472 90.83370763063431 31.37552510201931 11.29021157324314 505.6526133865118 0.771899975836277 14.2341221421957 1.22753743827343 3.670659407973289 1.521916940808296 3.102403193712234 54.56311950087547 4.297544255852699 11.49881150573492 15.10285195708275 0.7652854323387146 5.023996032774448 12.00212568789721 3.380932986736298 0 0 0 0 0 0 0 0 0 0 0 0 0 0 0 0 0 0 0.1882766932249069 0 0 0 0 0 0 0.1186445876955986 0.1380820870399475 0.1869482100009918 1.027137234807014 0.2948527932167053 0 0 0 0 0 0 0 0 0 0 0 0 0.1540581434965134 0 0 0 0.1714832782745361 0.9353511035442352 0.1318013221025467 13.23966997861862 0 0 1.049507290124893 0 0 0 0 0 0.1133275851607323 0 0 0 0.5421824008226395 0.2883395850658417 0 0 0.2596876844763756 0 0 0 0.1064494922757149 0 0 0 0 0 0 0 0 0 0.119990736246109 0.8998136147856712 0 5.40340793132782 1.055295869708061 1.734051384031773 89.68229258060455 0.7869413495063782 0.5598866790533066 0 154.7725189179182 1.282384157180786 0 0 8.04003020375967 0 0.3306734338402748 0 112.4506868124008 0 0 0 0 0 28.94465526938438 40.06379395723343
1724.148141421378 2449.129126302898 55.65619571506977 650.0771274119616 1641.733170948923 146.2771101742983 1394.105078160763 9.810568653047085 2446.782004140317 894.0057384073734 107.36140268296 263.1405624896288 6870.069522321224 5468.283063694835 73.10005740076303 38.78931210935116 2.37689109146595 0 0.6740960031747818 0.09571382403373718 0.4125198274850845 0 0.3128495961427689 0.7791755944490433 0.351391464471817 0.7070698589086533 0 0.9926013424992561 0 0.1065166667103767 212.8144861608744 10.76314141601324 19.72627438604832 0 0 0.482010044157505 8.906101711094379 1.022621981799603 1.896813496947289 0.3765927404165268 2.341066859662533 0.9475854858756065 0.9392524287104607 2.366133943200111 0.2805485427379608 0.3312994241714478 369.0627979785204 5.135164901614189 2.118434511125088 1.222977682948112 4.278930693864822 0 0 0 13.03427945822477 36.1359136402607 76.206228710711 444.3900255560875 68.7602940350771 175.5133265703917 1.126686923205853 2.740556016564369 0 39.71835622936487 13.81157423555851 12.40248992294073 3.527576349675655 5.62469332665205 6.042874403297901 2.081136934459209 8.250946037471294 1.375227034091949 0 475.61528942734 184.152206286788 281.3142538964748 44.39882592856884 12.5828268378973 0.4999967142939568 1.781793013215065 1.688411630690098 4.374807678163052 39.37854800373316 0.5989475324749947 8.061747632920742 9.580221205949783 3.844574056565762 0.2749227955937386 2.36860990524292 0.2012315765023232 2.039619743824005 1.238816633820534 3.07717751711607 0.448991060256958 0.9825410917401314 62.55029968172312 4.717830538749695 0 1.133227124810219 114.176237821579 4.690112270414829 22.30546522140503 38.4803142696619 8.770235329866409 8.806281946599483 26.88470277190208 68.66467506438494 35.1544046998024 47.64332138746977 79.92065870761871 7.019311763346195 42.34082427620888 107.9608014449477 54.83851502090693 24.25410076975822 0.197934165596962 0 0 0 0 0 0 0 0 0 0.1337739527225494 0 0 0.1740093380212784 0.3740731477737427 0 0.2173794507980347 0 0 3.949983924627304 0.7747035101056099 0 1.282285451889038 0 10.50148732960224 9.756027445197105 12.83622337132692 7.239901013672352 6.669786110520363 0 0 0 0 0 0 0 0.1967881172895432 0.8087539523839951 0 0.12746661901474 0.50250094383955 1.756777822971344 0.1395037621259689 0.1228802725672722 0 0.09326323866844177 1.377128407359123 0.6273248270153999 7.689584508538246 0 2.037811726331711 10.65181464701891 0 0.09315741807222366 0.1133409217000008 0 0 0.2073496803641319 0.1933833211660385 0.09483540058135986 0 14.47367826849222 1.186423525214195 0.178588792681694 0 0.09616986662149429 0.2521921694278717 0 2.521667048335075 0.1829185336828232 1.179648481309414 0.8605166226625443 0 0 0 0.08528038114309311 0 0 0 0.3989856913685799 0.3532992750406265 0 45.81210651993752 3.368426769971848 4.309848442673683 528.3871314302087 13.95969696342945 518.6807878613472 129.9458076059818 355.4934897944331 37.98103091865778 1.519740000367165 35.38923697173595 11.11054039746523 0.1716554164886475 4.520003370940685 1.133797809481621 121.2201760336757 0.2884586751461029 0 0 7.639433220028877 0 140.8619737923145 45.68996811658144
5.945723384618759 119.0661308765411 1643.830980457366 0.2755727022886276 37.08470996469259 0 9.810568653047085 570.8207645714283 41.11369679123163 11.26454707980156 1613.240543067455 2.63275371491909 18.4269136339426 749.8622257113457 81.07771597057581 63.97189787775278 5.692520059645176 3.942794412374496 0.3396850526332855 19.36151768267155 37.47374781966209 0 13.5289703309536 8.592441484332085 0.8306388705968857 2.134227976202965 2.912739709019661 0.2364707216620445 0 0.8470080643892288 2449.365091554821 3166.674341350794 15.63676366209984 2.385870590806007 4.489113487303257 0.5089120641350746 7.366998612880707 5.437528252601624 0.9565294235944748 0.7896517664194107 37.47678449749947 3.241289079189301 87.67812986671925 74.89003413915634 0.8723132014274597 33.4271207973361 228.0179898515344 4.722133949398994 3.484628088772297 46.12812891602516 12.4053273126483 0.2000483870506287 0.14267498254776 0.2774674743413925 2.612087681889534 10.80896480381489 30.18892288953066 374.8685767650604 19.75887147337198 44.07253687828779 163.3724368363619 66.78288265317678 3.181761771440506 1208.073917135596 2.982266448438168 14.58103070408106 15.30351354181767 44.37921593338251 141.8735826313496 113.2360093444586 8.846028499305248 2.891947850584984 0.1372799873352051 163.1431328654289 216.0300688371062 218.006455950439 297.4830037429929 532.5415681377053 1080.080650009215 1498.385414101183 819.5218275636435 1262.000542774796 11.32059962302446 0.1781241297721863 2.641666732728481 16.78516061604023 39.06151284277439 0.1993009448051453 1.344176881015301 0 1.228853471577168 0.6488636806607246 84.23105449229479 2.797260507941246 1.198249399662018 20.60412776470184 3.670289933681488 0 1.873741373419762 12.43339869379997 0.9632896482944489 2.47019462287426 1.109116449952126 0.4455323368310928 1.347152777016163 6.473640024662018 9.925197780132294 10.51023375988007 8.409695029258728 11.40037502348423 1.32648066431284 19.74372855573893 24.89382099360228 13.5364783257246 11.81221744418144 0 0 0.1718751937150955 0 0 0 0 0.1503542065620422 0 0 0 0 2.793936163187027 0 0.47991544008255 0.2472632527351379 0.4804101139307022 0 0 2.02476367354393 0.1299121826887131 0 2.403719544410706 0 5.802183993160725 3.455989331007004 8.943252578377724 7.610551156103611 6.732626475393772 0.3083199262619019 0.2663803100585938 0 0 0 0.376939594745636 0 0 0.454536996781826 0 0 0.392534427344799 1.348988056182861 0.653912678360939 0 0 0.1190273314714432 0 0.4143184572458267 0.09344527870416641 0 2.244855105876923 5.155888184905052 0 0 0 0 0.1164231523871422 0 0 1.046811521053314 0.9625451788306236 5.744473643600941 0.8730493485927582 0.4136325344443321 0.5042197555303574 0.8719975501298904 0.1284250766038895 0 1.333834923803806 0 0.2199001684784889 1.150883369147778 0.1356493234634399 0 0 0 0.1023129522800446 0 0 0.8686276078224182 0.5545007959008217 0.1111462414264679 7.16447065025568 2.26563011854887 5.817019514739513 193.9446656033397 4.93459428101778 189.6340252533555 68.30900630354881 37.30276023596525 13.01187736541033 0.427403911948204 27.82233022898436 5.645774833858013 0.22694031894207 2.627211309969425 2.172476574778557 23.06031761318445 0.4686684310436249 0 0 9.438233256340027 0.5721548795700073 22.7390653565526 4.254562668502331
0.9753735810518265 1875.853195287287 370.4207520186901 0.08780317008495331 5686.448787488043 0 2446.782004140317 41.11369679123163 1490.481989890337 18.7375734820962 1079.455669306219 9.97597398608923 328.0875102579594 2269.053528852761 39.47358261048794 13.89549903571606 0.5399956777691841 0.2133640944957733 0 0.3115745484828949 0.1071075275540352 0 0.1208227500319481 0.6927519291639328 0 0.09936791658401489 0 0 0 0.4160792380571365 38.77608662843704 6.718212425708771 3.634778313338757 0.1708151549100876 0 0 2.596524566411972 0.6568008065223694 0.3684492558240891 0.1185733899474144 0.4641071334481239 0.1562293171882629 0 0.3990292102098465 0 0 114.7172464355826 0.3382747247815132 0.2358932644128799 0.17165507376194 0.3266815170645714 0 0 0 0.841480053961277 2.578972928225994 5.374990187585354 22.46562927216291 5.158483050763607 25.2888370975852 0 0.2662756592035294 0 11.02625349909067 0.7517115324735641 1.159501470625401 0.09622617810964584 0.6798597052693367 2.124206282198429 0.1328945159912109 1.521517746150494 0 0 44.64027858525515 32.87996853142977 92.50638242065907 19.22281268984079 6.197194755077362 0.4207463636994362 0.4027807712554932 0.9367457255721092 1.094831064343452 2.749649189412594 0.1248501017689705 0.348965086042881 1.846094720065594 0.4564342722296715 0 0.2179318070411682 0.104410707950592 0.3335557579994202 0 0.7797783315181732 0 0.4930174350738525 3.308584555983543 0.3074467182159424 0 0 2.502590708434582 0.5307873412966728 3.983571141958237 1.251316234469414 0.6414207518100739 0.9225749000906944 5.463436715304852 3.276578933000565 6.850401885807514 5.309633210301399 9.346357300877571 0.6525008678436279 6.349907383322716 18.02059119194746 11.40936148911715 3.682165950536728 0.2356308251619339 0 0 0 0 0 0 0 0 0 0 0 0 0 0 0 0.6253013610839844 0 0 0.2294553816318512 0.7346672192215919 0 0.426790714263916 0 2.429320387542248 1.439724892377853 3.072926111519337 1.156375303864479 1.567022107541561 0 0 0 0 0 0 0 0 0 0 0 0 0 0 0 0 0 0 0.08984658122062683 1.314823269844055 0 0 1.839426599442959 0 0 0 0 0 0 0 0 0 2.554547190666199 0 0 0 0 0.8030933141708374 0 0 0.1034979447722435 0.2851294577121735 0.1353797763586044 0 0 0 0 0 0.3467768728733063 0 0 0 0 5.394438661634922 1.076129950582981 1.328865572810173 114.8664161637425 1.039367400109768 107.132701896131 41.65244022011757 27.42002470046282 8.773407004773617 0 15.85744267702103 0.963028758764267 0 0.5940874591469765 0.4985548183321953 12.85423509776592 0 0 0 4.343844696879387 0 6.631215967237949 2.768107987940311
1815.034172154963 258.9660173654556 66.35899665951729 1603.459379799664 97.54443206638098 1120.312228739262 894.0057384073734 11.26454707980156 18.7375734820962 2896.321957945824 22.3655444085598 2897.611677221954 7661.816878408194 218.5754910632968 7.076523073017597 6.245281286537647 1.567691408097744 0 0.1288708299398422 0 0.3415208607912064 0 0.14565409719944 0 0.2642618790268898 0 0 0.2883580923080444 0.2160826027393341 0 45.18389646708965 0.2430492639541626 16.05911995470524 0.1060757339000702 0 0 33.31786549091339 0.9950434044003487 3.47798415273428 0 2.945255517959595 0.2178313434123993 0 0 0 0 31.92631835490465 1.302909553050995 0.2773028686642647 0.124573715031147 0.4981109723448753 0.9911678582429886 0.3462099730968475 0.1484140008687973 2.143595717847347 7.606066443026066 42.09769123792648 153.9489312246442 10.54779103398323 15.58984245359898 0 1.076330721378326 0 1.225858204066753 1.740365631878376 1.84551464766264 0.9500201940536499 1.830115012824535 1.698941469192505 0.3605995550751686 266.5525653734803 4.789764642715454 0.8858646005392075 79.91757164150476 12.91647382825613 19.76717882603407 3.320711091160774 2.027597576379776 0 0.9006150588393211 0.2799725979566574 0.129315197467804 6.555807322263718 0.121665246784687 2.097595497965813 2.145560741424561 1.149682529270649 0.3405466303229332 0.4913063570857048 0.1070437654852867 0.1978904157876968 0.228375107049942 1.201352208852768 0.2102817967534065 0.1040433347225189 546.7053053379059 137.1696603745222 1.288895592093468 13.61757420003414 255.3356675207615 12.84024537354708 124.2488017082214 167.8961101621389 274.3851232603192 17.46322619915009 172.280558668077 603.5493484437466 159.9823527410626 383.4936864748597 596.2500160336494 15.82160189002752 239.9095459207892 534.7234763279557 147.7436498180032 43.76271072030067 0.2367067113518715 0 0.1316884309053421 0.09420390427112579 0 0.1171660274267197 0 0 0 0 0 0 1.098158419132233 0 0.1321632862091064 0.195620596408844 0 0 0 16.96532032638788 0.875059649348259 0 2.902674227952957 0.1461753100156784 12.64224837720394 7.356382995843887 19.65117916464806 6.689469054341316 9.007821068167686 0 0 0 0 0 0 0 1.168823942542076 1.525627598166466 0 0 0.6958397999405861 3.001214131712914 0.2792434096336365 1.639800332486629 0.5843163952231407 0.4263700768351555 5.492579773068428 10.58595758676529 63.91442762315273 0 4.432810455560684 19.71406000852585 0.5290141552686691 0.6208303272724152 0.9093664363026619 0.1576902940869331 0 0 0 0 0 25.72824990004301 10.9875103533268 0.3081851303577423 0.1079706698656082 0 1.175068058073521 0.6448432803153992 3.882284536957741 3.539375714957714 4.455254606902599 1.940980680286884 1.149536624550819 0 0.3502360284328461 0.0717998743057251 0 0 0.2756727635860443 0 0 0.1613109260797501 210.0361724346876 3.456260375678539 9.517583839595318 430.7457101270556 2.498060755431652 68.38766100257635 30.21574201434851 926.4039243534207 2.195860631763935 0.51140958070755 5.437868312001228 32.93298803269863 0.7297281324863434 21.89855341613293 7.999393127858639 732.3590450882912 0.7731503397226334 0.1245395764708519 1.280051484704018 2.036004304885864 0.4606523513793945 828.8295155540109 353.1233299821615
9.351621508598328 1046.540254622698 2736.057976298034 0.757268950343132 1329.397561535239 1.440547436475754 107.36140268296 1613.240543067455 1079.455669306219 22.3655444085598 2360.620508402586 43.77343741804361 883.0122588500381 3092.671470224857 101.9515087902546 111.0968425199389 8.270974881947041 0.6085964664816856 0.1355828940868378 1.63326421380043 32.49936490505934 0 16.48929148167372 16.63063860684633 0.9308810010552406 8.477264493703842 6.626890905201435 0.9108717814087868 0 0.7798732668161392 709.4506890773773 269.8288504257798 536.7299537360668 0.530725821852684 3.998236685991287 0.3889042586088181 153.7597171142697 37.08645783364773 9.858479410409927 1.695749260485172 89.36281498521566 8.368464551866055 8.492264784872532 15.84739177674055 0.1293606758117676 1.214319631457329 214.7909060567617 3.54462306201458 5.686657033860683 16.13858508318663 17.34691885113716 1.084877297282219 0.4624330401420593 0.1578377187252045 2.408776856958866 7.652315407991409 16.16946125030518 121.6798538863659 11.65513645857573 31.31508161127567 7.098311059176922 169.0918286964297 0.5473742112517357 108.4874635636806 2.440761111676693 14.0297671854496 25.16198705881834 41.03404012322426 73.98381201922894 32.07577694952488 60.23282213509083 6.379358619451523 0.6758667975664139 87.75121968239546 78.05247975885868 171.7556308954954 75.6865284666419 54.70622234046459 21.6569931358099 501.4453274607658 26.69863983243704 228.7307392209768 5.350233010947704 0.1959254965186119 2.08091463893652 25.48042324930429 19.078523658216 0 1.121343478560448 0.550799161195755 1.38540606200695 1.434594295918941 78.24442304670811 7.493684582412243 2.486279174685478 27.86385615170002 8.17257271707058 0.1302101016044617 2.233163915574551 8.990340776741505 0.9906681925058365 0.6237394958734512 1.124521113932133 0.5113201141357422 2.955525264143944 9.433978363871574 5.015732079744339 12.12288100272417 11.85012555122375 22.88130364567041 3.863978810608387 17.81176963448524 40.53469071537256 24.69190427660942 12.60808207094669 0.1937512904405594 0.1189920455217361 0 0.3247079327702522 0 0 0 0 0 0 0.351515032351017 0 3.964955650269985 0.136788472533226 1.58890201151371 0.8892927095293999 2.70669998973608 0.1496069580316544 0 3.087147660553455 0.8822718635201454 0 2.207475230097771 0.1289872080087662 15.76387602090836 7.489698715507984 14.59146659821272 15.06268059462309 11.32452099025249 0.4919326603412628 1.203098185360432 0.1480744332075119 0.1117668449878693 0 0 0.1318680644035339 0.5988769680261612 0.2112507447600365 0 0.4709914773702621 1.313760079443455 3.681798651814461 2.312089249491692 0 0 0 1.178322307765484 0.3155931755900383 0.7665311694145203 1.230233356356621 1.615736834704876 8.492214567959309 0.1371576189994812 0.1107853725552559 0 0 0.1035366654396057 0.2388100549578667 0.1444312930107117 0.9430883377790451 1.555589593946934 10.25947503745556 2.687498025596142 0.4970811009407043 0.4412916600704193 1.99780535697937 1.45235400646925 0 2.279766611754894 0.3570244610309601 0 0.1156362071633339 0.5529628172516823 0 0 0 0 0 0 0.2225770354270935 1.4024947732687 0.1298574656248093 13.87603145092726 8.540218785405159 14.28059016913176 266.6746462509036 7.710861265659332 220.5113349929452 96.96924111247063 32.4925249889493 10.78749660402536 0.2346933335065842 37.8481924161315 8.214040040969849 0.2522113770246506 4.366167195141315 1.602170690894127 21.48015661537647 0 0 0.2356465756893158 8.932173915207386 0.2383135855197906 14.89788278192282 5.043069608509541
67.68125959485769 7.77481696754694 0.9705823212862015 299.5697902143002 10.04120878875256 257.9052903205156 263.1405624896288 2.63275371491909 9.97597398608923 2897.611677221954 43.77343741804361 143.1349402964115 1165.842255473137 266.6273309364915 34.60647087544203 57.20504378527403 10.11692771315575 0.7460844069719315 0 0.4880360141396523 2.559258550405502 6.316634580492973 1.110270947217941 0 0.5311633348464966 4.508091919124126 2.279158189892769 3.6047343313694 1.181491263210773 0 1.538831375539303 0 200.0638031363487 0.23146852850914 0.4507777541875839 1.322185628116131 482.9571182727814 33.03012883663177 28.98339691013098 13.69884116202593 31.36842322349548 7.467681467533112 1.65932597219944 1.578297488391399 0.595947727560997 0.3405817300081253 71.1567170843482 0.9601722583174706 2.850916221737862 7.386457115411758 3.42137847840786 8.052837662398815 2.062941238284111 4.084371447563171 0.5968131870031357 1.395378217101097 10.83516244590282 8.25918959826231 4.108169630169868 4.234949812293053 0 25.17608695477247 0 2.035208195447922 0 2.631973437964916 6.498945154249668 9.155169367790222 11.42902734130621 4.039998471736908 725.7209248170257 43.72458530962467 0.5855929628014565 10.76830969750881 5.069964006543159 29.78348981589079 16.63707070797682 10.90056028217077 0 28.42356415092945 0.2051671594381332 4.778594791889191 0.885553240776062 0 0 7.733293429017067 3.526720799505711 0 1.075213477015495 1.276846617460251 0.9051633104681969 1.24003230035305 21.72757195681334 3.449780851602554 7.085965096950531 1068.902166470885 279.7281761169434 0.6755291968584061 29.66565714031458 55.53311301767826 10.8237326964736 28.66381983458996 30.90719168633223 56.94117791950703 21.01081268489361 94.51619429886341 144.5038415044546 98.26170478016138 224.1511786282063 280.6859453618526 22.02296698838472 182.1904037967324 350.7859125286341 180.5322538018227 79.68816127628088 1.576737768948078 0.1774876937270164 0.09457714110612869 0.278127446770668 0 0 0.1568410843610764 1.05073344707489 0 0 0.4472092241048813 0 8.907022297382355 0.2539627552032471 1.939242348074913 1.172396019101143 2.236728072166443 0 0 10.92837476730347 2.882439523935318 0 5.834297567605972 0.08916659653186798 40.65976881235838 18.45093555748463 47.14643476903439 24.89010863751173 12.19892539829016 0.1172230914235115 0.4809940904378891 0.4390996173024178 0 0 0.2479844242334366 0.1189295873045921 0.5713826045393944 2.421783052384853 0.198681965470314 0 1.79468147456646 4.423990517854691 0.6946557685732841 0.4364059269428253 0.6310541480779648 0.1415337324142456 2.082861423492432 5.293485090136528 11.55349803715944 0 2.004144042730331 34.54718048870564 0.3373049572110176 0.4434966295957565 0.3448684513568878 0 0.1786681115627289 0.2558210492134094 0 0.2461896315217018 0.3907258436083794 55.38012078404427 11.79850253462791 0.4630695283412933 0.1375172436237335 0 4.666153535246849 0.2735027968883514 8.007742583751678 2.216475009918213 3.694985143840313 2.5198575258255 0.4943433776497841 0.08807455003261566 0 0 0.3307306617498398 0.1163986772298813 0.1017761752009392 0.1874780207872391 0.6638577505946159 0 147.0680719390512 18.92680306732655 32.10348488390446 192.3943783342838 6.436490528285503 91.9661545753479 58.172288171947 159.7777290642262 6.930043511092663 0.1568295955657959 17.39341150224209 20.69222874194384 0.2239627093076706 19.83787396550179 6.694180838763714 150.2078850716352 0.8953477814793587 0.1506909877061844 1.614505514502525 9.154758468270302 1.052578136324883 300.2022919803858 138.9449732378125
70.69546470046043 493.5484243035316 116.5716901049018 505.1726380586624 406.3613186106086 136.7661954537034 6870.069522321224 18.4269136339426 328.0875102579594 7661.816878408194 883.0122588500381 1165.842255473137 4342.924128502607 3908.734266392887 134.9073244780302 161.1302160173655 18.10833641141653 1.142167344689369 0.5522491708397865 1.202718861401081 13.64377294480801 6.255621537566185 2.531292222440243 4.35712206363678 6.222865372896194 7.713657200336456 2.07021227478981 13.23821566253901 0 0.7205566912889481 15.5949844494462 4.053077973425388 1404.409598596394 1.239468462765217 1.50973542034626 0.140622466802597 1166.716301992536 190.7520016878843 38.70010130107403 212.682708658278 65.12446741014719 17.5852717012167 5.782824747264385 9.789312742650509 1.190057508647442 0.4265258833765984 246.6758900284767 3.708367198705673 5.015731491148472 17.51479925960302 7.547977477312088 13.36621565371752 7.040187075734138 4.576201647520065 1.311893329024315 5.013619177043438 11.41773250699043 28.46723284572363 7.508821919560432 21.51400557905436 2.340927474200726 90.86011198163033 0.4829341247677803 15.77144314348698 1.037488467991352 9.333952486515045 21.25046823173761 32.83619090914726 54.81197933107615 14.49945955723524 556.4756668806076 38.05847065150738 0.6608439683914185 45.96611443161964 37.89137855172157 134.5885547846556 62.11478995531797 41.0582968890667 1.193491578102112 115.053342461586 4.98583821952343 26.14264217764139 3.781586170196533 0 1.321156524121761 23.48502133786678 13.77357898652554 0 2.059850417077541 1.840192705392838 2.065562359988689 0.9379493445158005 51.00442522764206 8.415122680366039 9.652899600565434 712.2949320450425 113.4463446289301 1.128766566514969 16.89501231908798 29.46299877017736 13.5895532220602 39.50790574401617 25.67750687152147 12.70304324477911 35.24128299206495 101.2443672120571 192.050840087235 123.7828041762114 170.8710504099727 268.804241925478 31.34773379564285 205.4793654829264 454.4577159360051 261.8711740970612 109.8778949230909 1.001071870326996 0.8471457809209824 0.1365041732788086 0 0 0 0 1.014731965959072 0 0 0.8080557882785797 0 15.26984120160341 0 3.545288033783436 0 3.573350794613361 0.1333923637866974 0.2402211800217628 15.86872646212578 4.217325568199158 0.8328991085290909 10.47291113436222 1.12269102036953 75.64400005340576 35.04187160730362 87.68045209348202 57.13931626826525 31.72945427894592 0.5701982080936432 1.16045656055212 0.5315799787640572 0 1.112470507621765 0.6120904758572578 0.2801934480667114 1.444266930222511 3.044553846120834 0 0.2597633451223373 1.607661589980125 10.69270238280296 2.583903178572655 0 0.3532569408416748 0.100970521569252 1.929092176258564 4.040026776492596 23.31553092598915 1.28193636238575 7.911384880542755 52.0854107812047 0.9143719524145126 0.5035988762974739 0.3796820342540741 0 0.1034659668803215 0.2489009946584702 0 1.138634219765663 0.9742243140935898 79.55426713824272 15.99590290337801 0.3725888058543205 0 2.316410221159458 9.257531628012657 0.6568747386336327 5.592717930674553 2.607343196868896 3.440816819667816 2.066849112510681 0.3749286830425262 0 0.5127675980329514 0 0.09567968547344208 0 0 0.2302761077880859 1.129045151174068 0.2763689458370209 189.2970196381211 30.94226536154747 52.67021326720715 510.0617771074176 10.60135240852833 297.334021165967 168.4352647215128 147.0869233310223 17.99173057079315 0 58.34465134143829 28.99737770855427 0.6058114543557167 25.49144127964973 7.949323929846287 266.8123729676008 0.9237506836652756 1.720479503273964 1.778505727648735 18.52466559410095 0.9321849942207336 254.1138673946261 151.992975525558
