595.4766594395041 3106.680942550302 462.1774544343352 4046.557642370462 74.37614201754332 60.49704493582249 1002.261245183647 298.0127250924706 37.91093792766333 956.8727679103613 303.7888646796346 103.7486976534128 319.4616719335318 795.0048640370369 14.23272893577814 3.812948010861874 0.6961712315678596 0.4697413146495819 0 0.7339471951127052 4.850503623485565 0 0 0.1431606262922287 0.8389347121119499 2.101675190031528 0.5614075213670731 0.1407753676176071 0 0 1577.507738165557 8.638582706451416 113.5829438567162 0.1163866072893143 1.058358505368233 3.266239441931248 59.14329493790865 10.42890038341284 4.802197933197021 1.12604059278965 2.909944742918015 0.8327371701598167 1.05193305760622 0.1220646128058434 0.2285237982869148 0.1350676417350769 44.43959966301918 4.738641284406185 0.3932617828249931 0.719634011387825 2.102566845715046 0 0.2999308109283447 0.1808336228132248 31.95417165756226 50.8214692696929 380.5448805838823 835.1227403357625 171.1473107263446 118.3984113186598 0.2165912538766861 6.367639847099781 0.4822918027639389 25.09822973608971 23.19986002147198 2.966140426695347 0.9880772605538368 2.622922979295254 3.509423740208149 3.121337115764618 24.70982095599174 5.703901499509811 0.5621632933616638 575.8739151284099 72.33101492375135 71.19173230230808 5.720546036958694 1.552639380097389 7.658006437122822 100.1673009172082 0.088971808552742 9.484006501734257 55.27385834604502 4.480295941233635 7.738605186343193 35.93792057782412 2.702619999647141 5.763103939592838 7.488913029432297 0.6761493906378746 0.7104939967393875 0.6861734911799431 10.6628108099103 1.603492647409439 0.3372822552919388 80.92391790449619 2.242152541875839 0.7701395750045776 2.067755214869976 854.6261746287346 0 6.452855437994003 0 0 0 4.434337198734283 19.7735817283392 2.713225901126862 13.04838654398918 24.77444776892662 0 5.197591423988342 16.09202028810978 20.68814288079739 3.381397247314453 0.09879373759031296 0 0 0 0 0 0 0 0 0 0.09820542484521866 0 0 0 0 0 0 0 0 0 0 0 0 0 1.748285412788391 0 0.2360506653785706 0.252086915075779 0.1517191529273987 0.2946701645851135 0 0.1254872232675552 0 0 0 0 0 0 0 0 0.1269431710243225 0 0.1096839308738708 0.8760488331317902 0 2.506217308342457 0 0 0 0 0 0 0 0 0.8420878350734711 0.2275737449526787 0.2464767843484879 0 0 0 0 12.88255770504475 0 0.2872900068759918 0 0 0.2400671094655991 0 0 0 0 0 0 0 0 5.05643654614687 1.305184096097946 0 0.6376387178897858 0.2149649113416672 0 0 8.640811011195183 0.1863118410110474 0.3500214964151382 95.96002042293549 13.51247764378786 228.464157551527 42.32013344019651 726.1595781967044 35.76734907180071 11.20014392584562 0.8374400213360786 1.604288265109062 0 0 0.2341229543089867 18.47301483154297 0 0.2619598507881165 0 17.9766574203968 0 850.9103672653437 23.31304294615984
3106.680942550302 2178.368924386799 829.8902385234833 3937.892789155245 1990.213787443936 172.2505941838026 4243.096167191863 950.1661168411374 2383.226197361946 312.0861287117004 2030.523606769741 34.59002098441124 1447.508418142796 3367.909114360809 48.64955712109804 9.671772912144661 1.422297522425652 1.270882964134216 0 1.646864101290703 6.04944384098053 0 0.523153617978096 0.5476198792457581 1.766768798232079 1.077387943863869 0.2480671554803848 0.350307323038578 0.3334143161773682 0 1689.158876352012 28.14403743296862 108.1944781541824 0.2638261616230011 1.535905934870243 2.910802826285362 41.81361401826143 8.433426894247532 4.534655921161175 1.815656565129757 3.785568870604038 0.614732064306736 2.167761825025082 0.678613118827343 0.3719708248972893 0.2019962146878242 239.8421244844794 9.35663104057312 0.6787657365202904 3.986591473221779 4.033229425549507 0.4781988710165024 0.2135066092014313 0.5038115307688713 47.88834617286921 63.66338793933392 180.6439106613398 967.7888698726892 88.56302502006292 151.7885013446212 0.09012775123119354 10.85397174209356 0.1305510103702545 110.5455432459712 40.46213872730732 7.686471834778786 3.071731850504875 4.88922680914402 7.377103559672832 5.803912281990051 10.10267463326454 1.091273695230484 0 466.5829050168395 161.9509176760912 213.3920800164342 13.49848449975252 3.027468763291836 6.725647427141666 129.8474952355027 0.3134727105498314 14.86658365279436 101.2436667382717 5.200505621731281 14.00064856559038 57.11673890799284 6.069944553077221 10.56705138832331 12.06491932272911 1.22114086151123 2.653869725763798 0.353018544614315 14.45538952946663 2.314581960439682 1.039205178618431 15.86877456307411 2.948353640735149 0.08888623118400574 3.414061896502972 1045.986175253987 0 0.3187471628189087 0 1.14160943031311 0 0 4.790646970272064 2.100939303636551 4.467362582683563 5.904945507645607 0 2.686899214982986 7.796302065253258 9.347846060991287 3.85395884513855 0 0 0 0 0 0 0 0 0 0 0.1289156228303909 0 0.2431218475103378 0 0 0 0.1111016869544983 0 0 0 0 0 0 0 2.712218627333641 0 1.100254707038403 0.224876880645752 0.4248419106006622 0 0.1193804144859314 0 0 0 0 0 0 0.1429426819086075 0.1158782690763474 0 0 0 0.1979066878557205 0.3569562584161758 0 2.149678744375706 0 0 0 0 0 0.4530620127916336 0 0 0.8849125057458878 0.2264909222722054 0.2065871581435204 0 0 0 0 4.854873724281788 0 0 0.1117459163069725 0.123323418200016 2.146539509296417 0 0 0 0 0.1024046018719673 0 0 0 5.13788203150034 1.994376040995121 0.1282471120357513 1.675264038145542 0.3636733666062355 0 0 8.024864658713341 1.492977455258369 0.6536633297801018 286.7167790979147 18.90471576154232 782.0556646510959 94.41113545000553 484.6347295790911 57.45188099890947 5.102728337049484 10.46376363933086 2.610026337206364 0.1338184773921967 1.557938262820244 0 11.22456377744675 0 0.1208676919341087 0 18.84398455917835 0 620.9496056735516 8.893210433423519
462.1774544343352 829.8902385234833 1193.646484866738 178.0832883119583 770.7555414512753 17.91452614963055 206.1575537696481 2795.133433260024 757.5499010756612 5.973277375102043 2075.127511009574 0.3398208618164062 62.12987088412046 1143.243175655603 20.12789847701788 5.524494163691998 1.047238998115063 3.642690353095531 0.375611387193203 6.263585343956947 23.40385905653238 0 1.042569138109684 1.036437392234802 2.336035564541817 4.730244047939777 0.4210111498832703 0.3914432376623154 0.1283819228410721 0 3857.503315150738 422.5551444888115 167.7910757958889 0.9670529663562775 1.368115112185478 5.003561474382877 36.6621779948473 14.19307290017605 11.70497266948223 3.788782447576523 8.581996515393257 1.686889261007309 7.246258780360222 0.2863281965255737 0.6065302118659019 0.8937881737947464 61.40549489855766 4.785609550774097 1.70897800475359 8.426155664026737 5.422408118844032 0.270435556769371 0.1377349197864532 0.3423941433429718 9.780236467719078 9.564792312681675 68.99946831166744 561.3392821103334 24.84633305668831 28.58189383894205 1.821969620883465 26.29107169061899 1.879500344395638 187.3834849223495 6.577479265630245 1.545106686651707 0.5376090407371521 5.047149904072285 21.36102224141359 14.20805085450411 10.61295380443335 0 0 99.12890540808439 65.22459956258535 61.04150894284248 10.94940050691366 2.084195122122765 64.36151560395956 635.7902722284198 0.1817736029624939 83.66027457267046 21.04639557749033 0.5158297121524811 2.254236467182636 10.60044089704752 2.141773246228695 2.315331682562828 2.886055007576942 0.1228655353188515 1.380205020308495 0.3849647790193558 48.25136435031891 4.362301595509052 0.8832334131002426 0.3613183796405792 0 0 2.163936085999012 108.8956987559795 0 0 0 0 0 0 0 0 0 0.7118807584047318 0 0 1.752723947167397 1.666722103953362 0.6808817833662033 0.09842859953641891 0 0 0 0 0 0 0 0 0 0.3622737377882004 0 0 0 0 0.150632381439209 0 0.1140379086136818 0.1400841325521469 0 0 0 0 0 0.8396148234605789 0 1.251284062862396 1.213022939860821 0.3003727644681931 0 0.2466611713171005 0 0 0 0 0 0 0 0 0.3024457395076752 0 0.4720042198896408 0.2881814911961555 0 0 0.1428325325250626 0 0 0.299902468919754 0 0 0 0 0 0.2180710583925247 0 0.1245184168219566 0.2052928656339645 0 0 0 0.5957969129085541 0.1954501271247864 0 0.3000799119472504 0.2357186377048492 0 0 0.4993255734443665 0 0 0 0 0 0 0.5654276907444 0.2738104909658432 0 0.3774485886096954 0 0 0 0.8573088049888611 0.3640748411417007 0.4858809784054756 80.8511865362525 2.993189044296741 182.8442381173372 26.28634812682867 66.35842141509056 13.73726264387369 1.219161257147789 2.546638801693916 1.895766511559486 0.3028868436813354 0.3667562901973724 0 1.043637990951538 0 0.1461503207683563 0 2.574467286467552 0 99.45747373253107 0.4945784062147141
4046.557642370462 3937.892789155245 178.0832883119583 1667.226543292403 118.4971207231283 258.8769773542881 3761.843775317073 18.71028619259596 18.49356652796268 2912.452427655458 60.39300860464573 793.3436532914639 862.0543693602085 164.4253332093358 6.441627040505409 0.8943377286195755 0 0 0 0 0 0 0.1533884108066559 0 0 0 0 0.09290774166584015 0 0 182.8938515484333 0.4282127171754837 7.943117171525955 0 0 0 11.65396238863468 0.4195920526981354 0 0 0 0 0 0 0 0 30.29124647378922 1.233983613550663 0 0.4619146138429642 0.9883056133985519 0.1570897698402405 0 0 15.71506185829639 19.73301075398922 26.92511221021414 96.17142966389656 27.48536364734173 42.11962586641312 0 0 0 14.06134225428104 11.03290216624737 0.9813591167330742 1.642414934933186 0.6166521832346916 0.3242665976285934 0.3770858645439148 47.14669717848301 8.217514127492905 0 134.225513972342 30.31042837351561 28.66165331751108 0.3069027662277222 0.3806070536375046 0.2992382943630219 4.651631042361259 0 0 24.28138479590416 1.301792971789837 4.373080916702747 15.45336571335793 1.469270505011082 2.146847009658813 2.965733073651791 0.5532698929309845 0.4492142722010612 0.3307062685489655 0.5655087977647781 0 0.1475935131311417 220.4561294317245 12.70453545451164 0.3943110704421997 5.097649335861206 694.7605245187879 0 7.97377946972847 3.946466863155365 7.201205521821976 0 75.66867291927338 11.17795641720295 5.638504028320312 43.2678592056036 17.64904096722603 0 9.72316586971283 12.71615365147591 26.53150436282158 8.225732296705246 0 0 0 0 0 0 0 0 0 0 0 0 0 0 0 0 0 0 0 0 0 0 0 0 0.3684061169624329 0 0.1768511682748795 0 0 0 0 0 0 0 0 0 0.3008662611246109 0.6540734171867371 0 0 0.5131521224975586 0 0.125950962305069 0.3951638862490654 0 1.503700248897076 0 0 0.1335745602846146 0 0 0 0 0.3516772389411926 0.3430449664592743 0 0 0 0 0 0 6.077666968107224 0 0 0 0 0 0 0 0 0.1310088634490967 0.1294832527637482 0 0 0 2.086993105709553 0.2976165264844894 0 0.7686614841222763 0 0 0 11.98634102940559 0.6335600018501282 0.1305170506238937 36.02080111205578 2.741754107177258 142.9793355762959 16.6722806841135 731.0058324038982 15.83041533082724 3.815665140748024 0 4.462260097265244 0 1.0537264123559 0 16.87590837478638 0 0.4292528927326202 0 4.53937304019928 0 489.3584288358688 23.95118914544582
74.37614201754332 1990.213787443936 770.7555414512753 118.4971207231283 859.6706851571798 2.862738162279129 1258.93515894562 150.2326466143131 1593.412741929293 143.2206386476755 523.3010064736009 2.359725117683411 405.8604129776359 265.2279295027256 57.1039010733366 9.144777230918407 0.5066724047064781 0.364343099296093 0 0.3909982889890671 1.570622973144054 0 0 0 0.400624543428421 0.7357602789998055 0 0 0.1810997128486633 0 164.8786234483123 10.1557152941823 5.00100103020668 0 0.1484064608812332 0.2440867647528648 7.767894111573696 2.100335702300072 1.860852852463722 0.2639035284519196 0.5758013129234314 0 0.220186710357666 0.2183495461940765 0.08612713217735291 0.09883265942335129 183.1540634930134 3.247446373105049 0.8464828282594681 0.3970137387514114 0.3945673927664757 0 0.09552747011184692 0 14.13330428302288 14.23052898794413 8.373118825256824 163.0058422461152 9.583172298967838 51.21203648298979 0.410676397383213 1.204473882913589 0 74.00578600168228 10.25767643004656 2.482519090175629 0.8463987112045288 1.614545956254005 1.186394207179546 0.5440391302108765 41.41919961571693 2.573487162590027 0.09274128079414368 83.17565283924341 72.99792928993702 144.9727199077606 18.79181119054556 2.528869144618511 1.481673032045364 3.718889236450195 0.2223176881670952 2.071577608585358 28.57706281542778 0.8972788527607918 4.943993344902992 12.81204219907522 2.340728618204594 1.780448444187641 3.522714361548424 0.3202178329229355 0.7236606478691101 0.3775858208537102 4.524552151560783 1.644453592598438 0.296060599386692 10.72886843979359 3.344032227993011 0 6.690234214067459 6.132432341575623 0 0 0 0 0.2992410361766815 1.766594976186752 0 2.651531979441643 8.750495612621307 6.147703945636749 0 4.341286599636078 11.82095132768154 19.19161489605904 10.32595512270927 0.3697220161557198 0 0 0 0 0 0 0 0 0 0 0 0 0 0 0.1134511008858681 0 0 0 0 0.2715782523155212 0 0 0 8.476240262389183 0 3.844343855977058 0.5712826997041702 1.00956928730011 0 0 0 0 0 0 0 0 0.2059085220098495 0 0 0.114982545375824 0 0 0 0 0.3611577749252319 0 0 0 0 0 1.644571468234062 0 0 0.09908187389373779 0 0 0 0.290351539850235 0 0 18.43165777623653 0 0.1558431535959244 0.1070272848010063 0 2.151778236031532 0.6405739784240723 0.6053033173084259 0 0 0.185803160071373 0 0 0 0.6407699584960938 0.2284422814846039 0 0.2782818973064423 0 0 0 15.06892172992229 6.598184898495674 6.395081497728825 363.7626530528069 10.67057155817747 569.7673363387585 136.4602102637291 38.69959564507008 61.01551505923271 1.099925518035889 9.66468208283186 5.401266038417816 0 1.629568845033646 0 0 0 0.57222980260849 0 9.745141550898552 0 112.8770907893777 13.17011456936598
60.49704493582249 172.2505941838026 17.91452614963055 258.8769773542881 2.862738162279129 2.4932561814785 59.5475455224514 8.743628054857254 1.393505290150642 350.3005414903164 9.145438671112061 91.168079033494 92.85143315792084 23.09135036915541 0.6760863363742828 0 0.1714403927326202 0 0 0 0 0.2151152491569519 0 0 0 0 0 0 0 0 86.33700450509787 0 7.66947628557682 0 0 0.2866071537137032 5.965805657207966 0.423821322619915 0.7103517800569534 0 0 0 0.1103502362966537 0 0 0 0.6178610622882843 0 0 0.391882061958313 0.6866509616374969 11.80124494433403 0 0.6897806972265244 0 0.1921546012163162 56.51918489485979 6.355856575071812 0.9327230826020241 0.1028241142630577 0 0.2245303690433502 0 0.51506008207798 0 0.1174639388918877 0.349831759929657 1.060725674033165 0.4528729766607285 0.1419240087270737 69.92001788318157 331.4758915752172 1.564288482069969 1.648149743676186 0.4866733327507973 1.036360450088978 0 0 0 3.222433015704155 0 0.1533072590827942 0 0.6966162323951721 0.157709077000618 1.519468501210213 0.2494242787361145 3.374852687120438 2.731968238949776 14.11332775652409 3.106759637594223 4.716166868805885 0.367478147149086 0 0.973979651927948 419.9246077686548 208.9779663681984 14.14733237028122 20.81278912723064 305.7416452616453 0 0.5307615995407104 0 0 0 0.9057223796844482 0.1770422011613846 0.2200867235660553 0.7340320944786072 1.800990656018257 0 1.410021245479584 4.772853270173073 4.509574681520462 0.5730366855859756 0.5792653858661652 0 0 0.1152732148766518 0 0 0 0 0 0 0 0 0 0 0 0.1477005779743195 0.9935110807418823 0.5618037283420563 0.4303478747606277 0 0 0 0 0 2.573373511433601 0 1.714745238423347 2.013611346483231 0 0 0 0.1994883865118027 0 0 0.2057526707649231 0.3206581473350525 0 0.265873447060585 0 0 0.3661773651838303 0.4272543042898178 0.465898185968399 0 0 0 0 0 0 0 0 0.6754011362791061 0 0 0 0 0 0 0 0 0.2806208729743958 4.084574177861214 0.3017864525318146 1.701228946447372 0 0.3705455213785172 0.3247774392366409 0 0 0 0 0 0.1064829975366592 0 0.1447790116071701 0 0 1.622468739748001 0 0.2754847481846809 0 0 3.632060274481773 1.327921465039253 5.987411476671696 1.630771942436695 0.5007117241621017 1.882454924285412 0.4314998537302017 208.2835149466991 0 0 0.2263768911361694 3.124019421637058 0 0.961982324719429 0.4745835512876511 1.851258039474487 0 0 0 0.1588239520788193 0 92.29089987277985 5.497284069657326
1002.261245183647 4243.096167191863 206.1575537696481 3761.843775317073 1258.93515894562 59.5475455224514 1278.69509216398 8.172113448381424 1897.552984908223 1672.606436297297 142.6469291225076 132.2459955066442 3624.766205333173 2795.412927106023 81.26017770171165 15.17117812484503 0.4923219233751297 0.3791253864765167 0 0.6996553614735603 2.135239489376545 0 0.2176608890295029 0 0.4439015239477158 0.5212906673550606 0.2035488039255142 0.2035144865512848 0 0 270.4724278077483 5.360589697957039 7.494833335280418 0 0 1.232491560280323 11.00165201723576 2.023825615644455 2.653340585529804 0.9514166563749313 1.536915175616741 0.6472069099545479 0.8556075692176819 1.009162850677967 0.09994092583656311 0.4696893468499184 277.8845477104187 4.64453449845314 1.808559864759445 0.5778198763728142 0.4964021667838097 0.2636231780052185 0 0.4806059747934341 27.92349030822515 29.49121839553118 26.87709074467421 329.098602771759 29.13814061880112 105.5294793918729 1.454878866672516 2.231990769505501 0.4578896462917328 103.1441510468721 23.66418197005987 4.829258039593697 3.047187931835651 3.399457827210426 1.341591209173203 1.839505694806576 64.58178736269474 4.361648768186569 0 206.8055659681559 105.6103714779019 215.1551090702415 24.38570302724838 1.844520807266235 1.555417440831661 14.13577411323786 0.09068319201469421 2.078986145555973 64.22201230376959 1.968432180583477 10.22232089936733 33.88883589208126 3.970920242369175 7.916147083044052 10.12585897743702 0.7409747838973999 0.7005878090858459 0.7872000858187675 3.479480221867561 1.00456728041172 0.6806349456310272 85.98236918449402 30.49785259366035 0.1956586688756943 11.21515421569347 108.2915293127298 0.4794896841049194 7.403641909360886 15.1518462151289 5.730099320411682 0.180806577205658 17.19325099885464 18.33964747190475 6.815087750554085 50.04220356047153 36.26464645564556 2.643146932125092 19.11356049776077 55.6176695972681 86.66966967284679 37.17515484988689 0.5795908644795418 0.6284689754247665 0 0.1335174292325974 0 0 0 0 0 0 0 0 0 0 0 0 0 0 0 0.9856701046228409 1.061930626630783 0 0 0 24.62577299773693 0 14.13663752377033 1.574791684746742 0.5405468940734863 0.1261583715677261 0 0 0 0 0 0 1.561169221997261 3.111844532191753 0.1319040209054947 0 0 0.130820095539093 0 0.2762044593691826 0.4723437577486038 1.98534219712019 0.4532884135842323 0.303419753909111 0.9085381627082825 0.4624164700508118 0 7.548709630966187 1.090775541961193 0.3647137433290482 0.9953703582286835 0.3008964210748672 0 0 0 0 0 82.31589744985104 0 0 0 0 10.18296487629414 0.2285233438014984 0.393820583820343 0.8248809650540352 0.4484119266271591 1.227386310696602 0.5788622796535492 0.1829994469881058 0 1.680450156331062 1.496285684406757 0 1.043365702033043 0 0 0 78.3514316380024 19.90882765501738 7.596154659986496 563.9279587343335 17.2464182600379 891.6263496205211 175.2586085572839 289.065657697618 79.34676102548838 2.845362946391106 12.79006163030863 14.37578181922436 0.1994054168462753 5.547658070921898 1.47308985888958 21.47526857256889 0.1686342060565948 0.4107127487659454 0 16.34901457279921 0.6272006630897522 538.0429390966892 54.07570884376764
298.0127250924706 950.1661168411374 2795.133433260024 18.71028619259596 150.2326466143131 8.743628054857254 8.172113448381424 2022.288399130106 187.9482261165977 1.832755640149117 3433.529060401022 1.401869110763073 38.59515237063169 1222.284998528659 48.79962804913521 14.24806200712919 3.834899127483368 9.520507544279099 0.6533734127879143 17.56358094513416 62.12767893821001 0 3.650776341557503 2.726422339677811 7.141938045620918 6.226062476634979 1.215392515063286 1.041822329163551 0 0.3859922513365746 2377.74302675575 1154.212192267179 175.5661397874355 3.990602172911167 3.478251114487648 17.31006389856339 41.11346856504679 41.30025546997786 18.77239118516445 8.815569333732128 21.78188569843769 2.548741236329079 21.76875243335962 1.096075020730495 4.736960917711258 4.831797897815704 122.3584003075957 3.893408454954624 2.631890945136547 17.78466454893351 9.4321578592062 0.9797837287187576 0.865051805973053 1.213098615407944 7.815869897603989 6.288029260933399 44.51934231817722 456.6684287115932 14.91028889268637 32.84166815876961 9.840298064053059 215.1905589774251 6.009582094848156 237.7637048587203 6.529296055436134 2.253239661455154 2.4238435998559 10.57356680184603 34.93857429176569 47.67904899269342 11.25993587076664 0 0 83.43337944895029 96.9906794950366 123.2667248174548 47.12063452601433 27.22267505526543 863.3518479242921 1964.266657195985 3.984508603811264 963.558223105967 20.93753024935722 0.561837263405323 2.825472138822079 9.657486617565155 6.660787582397461 1.716489985585213 3.151816599071026 0.4124214649200439 1.365183055400848 1.537262059748173 125.3999944329262 11.21684128046036 2.291842050850391 0.5802850723266602 0.9363587647676468 0 3.233900234103203 62.04002971947193 0 0 0 0 0 0 0 0 0 0.4310503602027893 0 0.8285799622535706 0.323114886879921 0.4964365810155869 1.477615594863892 0 0.1106211915612221 0 0 0 0 0 0.3095392882823944 0 0 0.8364833667874336 0 0 0 0 0 0 0.5343451946973801 0 0 0 0 0 0 1.361987426877022 0 1.533245861530304 1.260139860212803 0.384730651974678 0.210955336689949 0.1499455571174622 0 0 0 0.3178994059562683 0.1643784791231155 0 0.1043456196784973 0 0.4681995362043381 0.6715595126152039 0.2853331863880157 2.768423661589622 0 0 0.5118168666958809 0 0 0 0 0 0.5286343023180962 0 0 0 0.1084912866353989 0.3315283805131912 0 0.1775884181261063 0.1469780653715134 0.3542895168066025 0.8455123901367188 0.2619231343269348 0 0 0.355467215180397 0 0 0.4978765249252319 0.1421623378992081 0 0.1136028245091438 0 0 0.1163220182061195 0.636612206697464 0.4249586015939713 0 0.4856256544589996 0.1077561527490616 0.1851694583892822 0.1288323551416397 0.9990840256214142 0.2416898012161255 0.6259667426347733 102.82473231107 3.047016851603985 254.5880191773176 50.42546374350786 30.01249795407057 20.03293465822935 1.703874684870243 3.235209122300148 2.85668533295393 0 1.107189796864986 0.1956831812858582 0 0 0 0 6.880106419324875 0 74.74226146936417 0.6237282305955887
37.91093792766333 2383.226197361946 757.5499010756612 18.49356652796268 1593.412741929293 1.393505290150642 1897.552984908223 187.9482261165977 217.1515196561813 40.92160233855247 438.9333978146315 0.1687587052583694 629.0502649322152 820.4268020167947 38.21379049867392 8.524292215704918 1.049865208566189 0.4572017639875412 0 0.7871100902557373 3.275300741195679 0 0.09842844307422638 0 0.3838711753487587 0.8173711150884628 0 0.3007170259952545 0.140447124838829 0 159.3695374652743 6.520301304757595 9.463993661105633 0.1576581448316574 0.1240766942501068 1.970663972198963 8.940070226788521 3.124739103019238 1.889940969645977 1.045434683561325 1.117672346532345 0.2993096858263016 0.8430724814534187 0.2309192195534706 0 0 88.33015543967485 1.111653834581375 0.4696777388453484 0.4988407716155052 0.9361863061785698 0 0.1129442602396011 0 2.264614917337894 3.155362248420715 2.83609139919281 62.27758171409369 2.542094528675079 18.72668498009443 0.1395598351955414 2.673056602478027 0.3420848250389099 42.56528705358505 3.162311211228371 0.6842978522181511 0.2855551838874817 1.055680967867374 1.265159420669079 1.412903226912022 21.48035590350628 0.1877336204051971 0 26.89375383406878 32.26324527710676 76.86422804743052 12.36144057661295 2.215024270117283 0.5200526565313339 19.83977228403091 0.1120022535324097 4.828991815447807 10.96002257615328 0.1064686253666878 1.178749106824398 4.804588094353676 0.6849405169487 1.330694116652012 1.401104234158993 0.2048067599534988 0.6034082695841789 0.09258469194173813 4.281628504395485 0.8373782932758331 0.1986280307173729 12.6336178034544 4.583332002162933 0 3.397134773433208 3.987185411155224 0 0.5406745672225952 0 0 0 0.6192914843559265 1.496666073799133 3.123789310455322 2.356811597943306 3.238619714975357 1.695261478424072 1.952768415212631 10.67208409309387 12.47864426672459 12.27331940829754 0.3634415194392204 0 0 0 0 0 0 0 0 0 0 0 0 0 0 0.1617200374603271 0 0 0 0 0 0 0 0 7.739347711205482 0 2.903970316052437 0 0 0 0 0.122607946395874 0 0 0.3351804465055466 0 0 0 0 0 0 0 0 0 0 0 0 0 0 0 0 3.173397660255432 0 0 0.1349528282880783 0.1120330542325974 0 0 0 0 0.1041331514716148 15.61126928776503 0 0 0 0.2132325321435928 2.424670159816742 0 1.385241985321045 0.2345837205648422 0 0 0 0 0 0.2145603224635124 0.1312894821166992 0 0.2079621553421021 0.09041889011859894 0.1290243119001389 0 11.49934442341328 4.838170483708382 2.521033719182014 168.0129709392786 4.195617094635963 250.0459737479687 72.88908880203962 12.02637878805399 23.18532744795084 0.6080250144004822 7.202525854110718 2.088608622550964 0.6421951651573181 0.9894640296697617 0.1153550297021866 3.771231293678284 0 0.149490088224411 0 7.78664219379425 0 42.81666780263186 9.075125440955162
956.8727679103613 312.0861287117004 5.973277375102043 2912.452427655458 143.2206386476755 350.3005414903164 1672.606436297297 1.832755640149117 40.92160233855247 2268.443255320191 8.390047773718834 2340.790065586567 8490.180047251284 257.7004297077656 11.77010414749384 4.212716057896614 1.019048303365707 0 0 0.243388369679451 0.9424001574516296 0 0 0 0.6210768073797226 0.1610415577888489 0 0 0 0 71.81240078061819 0.5709457769989967 77.93606521189213 0 0 0.4347175657749176 178.5796613693237 0.3393742293119431 1.204033628106117 0.5148648470640182 0.4595137089490891 0 0 0.1407800912857056 0 0.1263106465339661 23.69995721429586 1.295854918658733 0.1493234187364578 0.1257499903440475 0 6.623854532837868 0 0.196954682469368 3.850116968154907 5.349504217505455 26.20313889533281 32.88573592156172 9.097188971936703 10.96380271762609 0 1.137005880475044 0 5.826939381659031 1.692118264734745 0.7602974995970726 0.4441927149891853 0.3269372582435608 1.271395981311798 0.4951869696378708 673.2272745445371 110.4675785452127 0.5697752088308334 49.00981610268354 8.977543205022812 18.30856811255217 2.328040480613708 0.8566187173128128 0 4.168399721384048 0 1.076279386878014 8.66081165522337 0.1877302974462509 0.8186527565121651 5.653445713222027 0.8337268978357315 2.291830070316792 1.180284544825554 7.926957875490189 1.262451358139515 3.316739201545715 1.277297280728817 0.5609771609306335 0.487252339720726 818.9273081570864 274.474043533206 4.653584182262421 56.29485234618187 415.8441880643368 2.665344409644604 35.17378902435303 50.34948961436749 48.9071840941906 0.9043592363595963 381.8376343995333 112.4583216309547 45.80831290781498 99.30765433609486 123.1164542585611 8.097929112613201 104.4906714111567 164.5190595984459 204.9271625950933 87.14383293688297 3.1436877399683 0.5682874619960785 0 0 0 0 0 0 0 0 0.6422543525695801 0 0 0 0.1437215507030487 0 0.1481287628412247 0.519671306014061 0 0.7328745424747467 0.4536742120981216 0.1212964653968811 0 0.160610631108284 43.61441447585821 0 16.92889930307865 3.205714330077171 0 0 0 0.4201323539018631 0 0 0.2537742331624031 0 2.221098378300667 3.737441547214985 0.1207767426967621 0 0.5408983528614044 0.3751971125602722 0.1958705931901932 1.147388957440853 2.60153403878212 0.8658310621976852 1.903028570115566 0.9718629121780396 0.4476748332381248 0 0 9.364633068442345 1.073068030178547 0.8779420852661133 2.119103625416756 0 0.2686735987663269 0.1454290300607681 0 0 0.7874705642461777 178.2836890742183 3.018335044384003 0.2380060702562332 0.1253013163805008 0.1583232283592224 18.40178375691175 0 2.637542173266411 4.076168559491634 3.137798577547073 2.58632480353117 0.8214413449168205 0.3458794355392456 0.4826719686388969 0.7877956405282021 0.1744536310434341 0.9473074376583099 0.193683996796608 0.415724903345108 0.2160536646842957 0.1585915237665176 182.3957031220198 29.41591839492321 24.24678984284401 116.3484005182981 1.950264737010002 81.64251893013716 17.57346781343222 888.0492791682482 9.390864357352257 0.2231485247612 0 20.82189051061869 0.4730772078037262 9.091226764023304 2.448423996567726 92.37020964920521 0.2653922513127327 0 0 2.074568852782249 0 1277.525346688926 190.3637733161449
303.7888646796346 2030.523606769741 2075.127511009574 60.39300860464573 523.3010064736009 9.145438671112061 142.6469291225076 3433.529060401022 438.9333978146315 8.390047773718834 700.9451248571277 5.9561987221241 160.4524692967534 834.3800595700741 66.94837868213654 28.87950719147921 4.186540000140667 3.154497466981411 0.1079908609390259 3.397597022354603 16.8722316250205 0 0.6386308223009109 0.5112542062997818 6.985341921448708 4.697073101997375 1.921705514192581 1.012258470058441 1.052483797073364 0.5986270606517792 1112.93524929136 161.9326511323452 402.4657548218966 0.6880911439657211 2.28434369713068 13.98330005258322 170.8326155468822 40.95214878022671 28.26174156367779 7.112673252820969 13.26699381321669 2.184092581272125 2.609756201505661 1.015246324241161 0.3876479938626289 0.394999086856842 124.4321037754416 1.74544271081686 1.120010904967785 4.264442279934883 6.535012967884541 0.4878084063529968 0.2779095470905304 0.2805043235421181 6.444368533790112 7.163219712674618 22.76880499720573 207.9489473775029 11.23580430448055 29.13141327351332 0 48.97966591268778 0.7364427894353867 88.67789997905493 7.727535896003246 1.78639554977417 2.174809955060482 5.728429511189461 15.05753070116043 12.29183935374022 94.888487637043 0.4450400173664093 0 64.88335908204317 62.10715909302235 121.7093217819929 30.45541312545538 9.743505522608757 157.5634226724505 625.9192893281579 0.3473607823252678 73.02624553442001 18.87066539376974 0.4993822649121284 3.324538037180901 7.864018142223358 2.833806097507477 1.915121883153915 2.031984351575375 0.1155367866158485 0.7337154224514961 0.3559155687689781 40.691924713552 7.968107461929321 0.5995013564825058 8.334780991077423 0.9391561597585678 0 9.855984836816788 44.23214611411095 0 0 0.6731290221214294 0 0 1.625792145729065 3.16394829750061 0.6402865648269653 2.414452955126762 1.88116081058979 0.3773840069770813 1.990287080407143 4.633924782276154 9.808640949428082 4.10970601439476 0.3226208686828613 0.1017503663897514 0 0 0.1941515505313873 0 0 0 0 0 0.395931139588356 0 0 0.2094970047473907 0.1131020337343216 0 0.5314521715044975 0 0 0 0 0 0 0 2.799880690872669 0.1602543443441391 3.411457844078541 2.314542226493359 0.6399752423167229 0.6098842024803162 0.4424298852682114 0.283918172121048 0 0 0.2171331271529198 0.1474911570549011 0 0.2136705964803696 0.1268559247255325 0 0.4569250643253326 0 1.29144161939621 0.1781964600086212 0 0.3273489102721214 0 0 0 0.1404527127742767 0 1.956466719508171 0 0 0.3163758516311646 0 0.1097581014037132 0 0.1374732106924057 0.1818974614143372 0 13.28585481643677 0.4667823016643524 0 0 0.3673251196742058 1.91440837085247 0 0.2905142903327942 0 0 0 0 0 0.1092971041798592 0.3040010035037994 0.1610606908798218 0.142508327960968 0.7761186808347702 0 0.1953814923763275 0 5.85176919400692 4.455852299928665 1.650847002863884 187.3491977453232 5.498578011989594 306.3955072313547 75.93874564021826 32.8729452341795 27.58981427550316 1.123945355415344 4.164196446537971 3.748234055936337 0 1.701268382370472 0.9035573750734329 1.653357535600662 0.3713957369327545 0.1365493983030319 0.9648524224758148 5.084515780210495 0 84.43583151698112 5.15882471203804
103.7486976534128 34.59002098441124 0.3398208618164062 793.3436532914639 2.359725117683411 91.168079033494 132.2459955066442 1.401869110763073 0.1687587052583694 2340.790065586567 5.9561987221241 380.4356603771448 3133.254432708025 163.580287232995 26.84486525505781 21.45002228021622 4.946118474006653 0.1063358038663864 0 0 2.344773486256599 0.4766717255115509 0 0 0.337218165397644 0 0 0.1498440653085709 0.2342577129602432 0 5.019663780927658 0.271598607301712 123.1354390978813 0 0.3361826092004776 1.898870632052422 740.6184124648571 3.196489095687866 8.653210550546646 0.5806939303874969 0.6079111397266388 0 0.7331388592720032 0.8419575989246368 0.11186882853508 0 25.9666791036725 0.3720208778977394 1.094886928796768 0.4500659704208374 1.504297204315662 0.8428352177143097 0.2488284558057785 0 0 0.6095791757106781 0.3441315963864326 5.973651967942715 1.148801803588867 4.079695582389832 0 3.439783021807671 0 6.140820428729057 0.2387585863471031 0 0.1340606808662415 0.7699334025382996 3.834176152944565 1.451768115162849 419.2568887770176 7.152770727872849 0.2846928238868713 3.066428914666176 7.100079976022243 24.95348582416773 7.709512956440449 2.8064104616642 0 18.29519113898277 0 3.103154689073563 1.26348815113306 0 0.1517788767814636 0 0.381979912519455 0.5049287974834442 0 0.2862251400947571 0.5557326599955559 0.1061394363641739 7.175462193787098 0.7926995009183884 0.4862936660647392 262.6409033685923 19.16710914671421 0 16.61361225694418 21.83996395766735 0.6661652401089668 7.473711371421814 2.195898190140724 0.3759642243385315 0.4203791171312332 22.45179349184036 27.06145557761192 20.03559669852257 27.93028508126736 36.4942636936903 2.147157981991768 38.00968226790428 94.61388241499662 136.7202916294336 62.97986205667257 1.63185116648674 0.1048390045762062 0.2990154251456261 0 0 0 0 0 0 0 0 0 0 0 0 0 0 0.2177111804485321 0 0.7958590015769005 0.9496802538633347 0.2754093110561371 0 0 46.88150064647198 0 19.779635168612 2.910128608345985 0 0 0 0.2040091007947922 0 0 0.6285127401351929 0 0.2599661648273468 3.249007634818554 0 0 0.1341498643159866 0 0.5280542820692062 0 0 0 0 0.379867397248745 0 0.2675123512744904 0 19.05351875722408 0.6972976848483086 0 0 0 0 0 0 0.1073182597756386 0.2873596847057343 141.3443976789713 0.8029219508171082 0 0 0.3601155579090118 13.72909330576658 3.2290900349617 6.479060754179955 0 0.2331944704055786 1.748354375362396 0.09354638308286667 0.4251061007380486 0 0 0 0.2237552404403687 0.1203366443514824 0 0.1207614690065384 0 115.9757294505835 34.3694454729557 21.63864506781101 84.67900483310223 0.4940907210111618 78.86512755602598 34.68985743075609 75.51862892508507 2.939226299524307 0 2.418558418750763 16.32508590817451 0 5.461301803588867 0.9190133139491081 26.09683175384998 0.3716963604092598 0 0 3.986222952604294 0 323.8251310512424 77.89005875587463
319.4616719335318 1447.508418142796 62.12987088412046 862.0543693602085 405.8604129776359 92.85143315792084 3624.766205333173 38.59515237063169 629.0502649322152 8490.180047251284 160.4524692967534 3133.254432708025 3599.696013554931 4286.22099545598 290.0275757834315 152.1043080165982 28.32024820148945 4.49297422170639 0.4041571691632271 5.434141591191292 33.33671368658543 0.2048023790121078 1.154356822371483 1.010016366839409 12.04610379040241 9.101055890321732 1.722816690802574 2.79464665800333 1.322966642677784 0.9702316969633102 126.9027313143015 14.65933884680271 764.0646182373166 0.5304870903491974 4.832568928599358 18.47487547248602 692.9809319004416 48.427844196558 78.23524967581034 10.51842591911554 19.21107044070959 2.874304756522179 6.197270639240742 5.024476081132889 0.5936697125434875 0.7552795559167862 347.2057624459267 4.138727478682995 1.520834669470787 7.142403535544872 13.91743219643831 0.6061667650938034 1.948114946484566 1.219013951718807 6.439043112099171 9.747355453670025 5.808078251779079 148.466969281435 9.275251537561417 64.23908158391714 0.8335742354393005 24.78749301284552 0.7156988978385925 144.7725195139647 7.70023437589407 2.89135030657053 3.079018004238605 9.646551810204983 36.36458843201399 20.3251648247242 849.5521668940783 11.55350579321384 0 79.9564912840724 124.8868276625872 345.3760767057538 96.76687355339527 27.60211604833603 5.771379195153713 102.1259711235762 0.4052211791276932 25.59660026431084 32.57444160431623 0.2892347574234009 5.34331177175045 10.76265091449022 7.297534584999084 2.416251175105572 3.600096091628075 0.7989939302206039 1.97352672368288 0.2683024704456329 92.90412923693657 14.77220931649208 2.569936111569405 705.2824591994286 60.75666841864586 0.1890508383512497 61.3960831835866 37.67408382892609 0.8430318236351013 17.89627015590668 9.743642345070839 2.769944757223129 2.211369514465332 54.18287988007069 51.72776627540588 54.25512437522411 104.7274450063705 135.020530924201 15.57127832621336 126.0914058238268 313.1703927889466 464.2290539890528 267.4563966244459 9.27234748005867 2.26600144803524 0.4337751790881157 0.604299433529377 0.1309787482023239 0 0 0.1397514194250107 0 0 0.1241033673286438 0 0.4812621101737022 0 0.1243410333991051 0.1475875228643417 0.2376233264803886 0.1464122086763382 0.1371307522058487 2.168083712458611 3.685136631131172 0 0 0 175.6281363740563 0.1648649871349335 88.31336710602045 11.66733788698912 0.2401432767510414 0.6341633498668671 0.5394377335906029 0.1601958721876144 0.1335114538669586 0.8020219802856445 1.481241814792156 1.122807219624519 1.648489601910114 12.89217671006918 0.37762650847435 0 1.359837293624878 0.8424964994192123 3.107550911605358 0.4598751962184906 0.1219509467482567 0.2925214767456055 0.1081162914633751 0.3247821033000946 0.9525240659713745 0.1395085602998734 0 48.56443257629871 1.119294129312038 0 0.4369729906320572 0.116165392100811 0 0.1094777509570122 0.2302809581160545 0.332449272274971 0.2870931997895241 535.4835451543331 1.100191876292229 0 0.6464036181569099 0.3007281497120857 59.00943500548601 2.130909502506256 16.06285075843334 1.89457431435585 2.58323110640049 7.707549244165421 1.195564769208431 0.7828985154628754 0.1325649172067642 0.3738551363348961 0.3675164729356766 0 0.1236590892076492 0.4175416678190231 0 0 400.0045178905129 124.9953073710203 78.04076683521271 863.1057107523084 13.53764816373587 892.967633895576 317.8206989988685 103.3657731935382 68.27775475382805 0.6660161539912224 23.58179919421673 49.66763000190258 0 14.83022458106279 3.772526547312737 67.71056093275547 0.8913706839084625 0.5555614829063416 3.239553786814213 55.69527870416641 0.3721490800380707 770.2552528530359 217.0896458774805
