142.64898660779 1711.624486453831 847.1438909992576 823.8096105903387 44.2740875557065 125.3276149258018 247.044443488121 111.9378171339631 27.20073786377907 423.1209520697594 208.8276360332966 15.22067996114492 36.34595531970263 153.9070179611444 2.860366262495518 2.587533384561539 0.1357662379741669 0 0 0 0 0 0 0 0 0 0 0 0 0 508.7865697592497 1.8131153434515 18.77473345398903 0 0.5150202512741089 0 1.697526857256889 1.035783633589745 0.4382258504629135 0 0 0 0 0.2504234611988068 0.1064802333712578 0 13.70927899330854 0.5584636703133583 0.1242638677358627 0 0.0821307972073555 0.3824177384376526 0 0 3.148745410144329 8.037222683429718 39.59050604701042 235.1140258088708 4.001195184886456 13.01181424409151 0.2447445541620255 0.5401098653674126 0 0.3348799496889114 5.769528195261955 3.378842584788799 1.480135969817638 0.4182157516479492 0.4067641124129295 0 4.431741692125797 0.7464160770177841 0.1273746937513351 89.77934238314629 6.538298480212688 23.36831494420767 2.964031264185905 1.332621239125729 2.016258209943771 104.5112321674824 0.3379781991243362 4.421668827533722 24.60250290483236 0.3929635286331177 3.973440170288086 4.579504609107971 0.5259775519371033 0 0.08491156995296478 0 0.2048430368304253 0 0 0 0 121.6571960896254 3.718768328428268 0.1748775690793991 0.8958996906876564 598.8834940567613 0.441948875784874 2.298129871487617 1.669661968946457 0.4831921756267548 0 5.133305944502354 17.02201402187347 1.235280990600586 3.429718762636185 8.411646328866482 0.1250024437904358 2.023593455553055 7.814853332936764 8.694281935691833 6.901608444750309 0 0.1213645040988922 0 0 0 0 0 0 0 0 0 0 0 0 0 0 0 0 0 0 0.8933543413877487 0 0 0 1.090367332100868 0 0.6909006685018539 0 0.3070024400949478 0 0.2142028957605362 0.1211397871375084 0 0 0 0 0 0 0 0 0 0 0 0 0 0.07442137598991394 0.07216788083314896 0 1.671510443091393 0 0.3052743375301361 0.1094772592186928 0.7223387956619263 0 0 0 0 0 0 0 0 1.745119750499725 0 0 0 0 1.012904711067677 0 0.9949251338839531 0 0 0 0 0.1606555879116058 0 0 0 0 0 0 0 0 5.015958689153194 1.838049687445164 0.6508201509714127 92.94461365044117 1.106698721647263 42.4280918687582 6.849254712462425 519.7711258679628 10.72855585068464 0.1778650134801865 2.467945389449596 0.7574772238731384 0 1.271566525101662 0.1789756193757057 27.1858883574605 0 0 0 2.78781521320343 0 90.083301872015 9.941744767129421
1711.624486453831 3053.500729002059 1537.114252589643 2406.406456939876 3332.86129296571 226.9583272412419 4903.522606045008 450.170936755836 902.4511699974537 1366.767240174115 1693.186527989805 16.89893081784248 415.2793788090348 2025.616961091757 22.63344492018223 4.833146050572395 1.801313608884811 0.118289053440094 0 0 0.09903542697429657 0 0 0.109604611992836 0 0 0 0.382630854845047 0 0 1029.94977350533 7.561462268233299 36.20320555567741 0 0 0.1365511417388916 3.916488461196423 1.22095137834549 0.1435775756835938 0.1535293906927109 0.12456114590168 0 0.2023329809308052 1.156802274286747 0 0 199.2592579573393 7.33070582151413 1.7564627379179 0.06904403865337372 1.437698915600777 0.07943762838840485 0 0 18.13550353050232 36.2271519228816 40.43360019475222 692.868676006794 12.25404315441847 115.0859821811318 0.354279026389122 2.460210010409355 0.1091479584574699 30.85371731221676 35.84120842069387 22.4442835226655 7.684882313013077 2.623172640800476 0.8194350823760033 0 3.565162159502506 1.709459878504276 0 349.985095359385 143.3393488451838 212.3756281211972 42.77984893321991 3.942682377994061 4.721800342202187 246.9523319527507 1.892346315085888 5.417576290667057 122.3934454098344 0.4976617693901062 12.68420009315014 19.33463867008686 1.098809421062469 0.4136042073369026 2.867206141352654 0.2118036597967148 0.6007850989699364 0.1873650774359703 0.1807948648929596 0.4536915495991707 0.28950185328722 15.11483965069056 0.2230204641819 0 0.7795537039637566 1459.156728193164 0.7447079718112946 3.204345338046551 1.372968718409538 1.630613408982754 0.1340783536434174 30.28482084721327 6.352404072880745 1.29861618578434 6.182782456278801 13.01229026168585 1.674834117293358 5.246232472360134 7.669612012803555 7.526603743433952 8.876776590943336 0.09278081357479095 0 0 0 0 0 0.1835474520921707 0.1694321036338806 0 0 0 0 0.5444921851158142 0 0 0 0 0 0 0.307636946439743 0.9978542700409889 0 0.3692748248577118 0 1.772874563932419 1.181556224822998 2.101505123078823 1.735537931323051 0.1824761480093002 0 0 0 0 0 0 0 0.1544346064329147 0.09980292618274689 0 0 0 0 0 0 0 0 0.09353681653738022 0.5090901702642441 0.1586997807025909 0 0.6085888743400574 2.749765127897263 1.087808132171631 0 0 0.08058442175388336 0 0 0 0 0 2.299559772014618 0.3958183825016022 0 0 0 4.431879371404648 0.8483065068721771 2.448468722403049 0.4835111647844315 0.2202355265617371 0 0 0 0 0.2488400787115097 0.09340428560972214 0 0.1684118136763573 0.185885451734066 0.226186715066433 0 3.567341946065426 4.576280727982521 1.998251765966415 214.0297769978642 10.01275596022606 438.2760822549462 51.05442423373461 798.3423238620162 58.95526465028524 1.489919051527977 41.68293489515781 5.661171972751617 0 1.272268980741501 0 19.23343804478645 0 0 0 4.253663077950478 0 131.4802071899176 5.758716553449631
847.1438909992576 1537.114252589643 921.8825128301978 424.4671411663294 911.0231584683061 40.41744941473007 141.941234882921 2222.906158268452 652.2377851679921 130.4016284421086 2573.377045162022 3.515155024826527 102.5835906788707 1348.258326336741 31.51705116778612 22.7187015414238 1.36698841303587 0.429126501083374 0 1.484445281326771 8.253003887832165 0 1.892281323671341 1.384415693581104 3.838665753602982 0.409538745880127 1.533970542252064 0 0 0.1095276549458504 4479.545794174075 749.5245090946555 98.74763564765453 0.7107143104076385 7.385474786162376 2.912880912423134 11.07341188192368 3.625858202576637 0.6300423592329025 0.7457156777381897 0.7319374606013298 0.08007590472698212 1.350440330803394 1.621530018746853 0.09298575669527054 0.1308082640171051 107.0870338305831 6.472656659781933 2.034575067460537 4.388203643262386 1.791918694972992 0.2319067791104317 0.1018376275897026 0.1325012445449829 11.11841574311256 18.36293535679579 26.0910832285881 1110.94749147445 11.49329752475023 70.31628739088774 64.43178793042898 74.86217683553696 8.909479252994061 77.37589754909277 18.29212442040443 14.18228895962238 5.624420210719109 9.076925419270992 20.77226189523935 2.561953529715538 5.005266606807709 2.592189460992813 0 262.6734335049987 245.2027978375554 167.8232600912452 64.28891728073359 13.384944409132 403.0043676570058 1288.814031414688 31.59658404439688 793.0176283046603 66.72832770645618 0.1641962379217148 9.855141498148441 11.27932056039572 8.632424078881741 0.08898551762104034 2.335082784295082 0 0.3437551558017731 0.09398980438709259 4.21659804135561 0.3003966584801674 0 5.481362879276276 1.771520286798477 0 2.56197901815176 445.931349568069 1.683956034481525 0.3609723001718521 1.129661947488785 0.3993474245071411 0.8927342593669891 2.157689526677132 2.543578371405602 0.2852230072021484 4.310167327523232 8.489720895886421 1.164258658885956 2.68636816740036 4.586449891328812 5.917919062077999 6.275280810892582 0.6901969313621521 0.4686314314603806 0 0 0 0.1620108038187027 0 0 0 0 0 0.4444409310817719 1.993658348917961 0 0.1639876663684845 0 0.435991495847702 0.1489121913909912 0 0.4745530188083649 1.896096423268318 0.1351858973503113 3.700006142258644 0.486111581325531 5.217902474105358 12.96850664168596 11.38252809643745 13.60597783327103 6.101230606436729 0 0 0 0.4983328580856323 0.4029955565929413 0.5901276990771294 0 0.3978324383497238 0.617549292743206 0 0 0.2105275020003319 2.225917600095272 0 0 0 0.1217852458357811 0.5258969664573669 1.928512170910835 0 0.4355942606925964 5.45344190299511 13.79185497015715 3.202194154262543 0 0 0 0 0 0.1166418567299843 0 0 2.220619633793831 1.852228462696075 0 0 0 7.07214517891407 5.58186611533165 20.07106437534094 0.2640926316380501 1.807698048651218 1.110111810266972 0 0.1451252549886703 0.1755141317844391 0 0 0 0.2862489968538284 0.1129176020622253 0 0 2.849392421543598 15.18869189918041 23.34380529820919 114.4752236157656 9.319426655769348 208.2828260809183 36.00895515829325 176.0033372491598 23.25184861570597 0.4458764791488647 16.96469090878963 7.798530220985413 0.4097766429185867 6.64749501645565 1.477083384990692 8.506010338664055 1.03469417989254 0.1072570458054543 0.8581666350364685 4.408016741275787 0.9336481839418411 65.1493806168437 6.473252043128014
823.8096105903387 2406.406456939876 424.4671411663294 497.8316531777382 453.5921868160367 629.350701533258 2234.480649664998 15.82071056962013 501.3606293350458 3702.457474030554 136.5259434655309 34.94642750918865 322.1287311688066 485.6417376250029 1.373696997761726 0.1195667907595634 0 0 0 0 0 0.1094004958868027 0 0.08344589918851852 0 0 0 0 0 0 29.39270479232073 0 4.100041717290878 0 0 0 1.146101638674736 0.2295400500297546 0.1021277457475662 0.1391512751579285 0 0 0 0.07911984622478485 0 0.2554357200860977 20.12523381412029 0.8605848923325539 0 0.08006695657968521 0.4191445782780647 0.1395376771688461 0 0 4.309140667319298 9.870893478393555 18.80985818058252 139.60606148839 3.487318746745586 18.20433379709721 0 2.000252172350883 0 0.6593392565846443 6.745735578238964 4.117414265871048 1.704502187669277 0.1821888014674187 0 0 3.007287256419659 0.6852216571569443 0 77.67438549548388 8.118550382554531 27.23044247925282 1.222706727683544 0.3887655735015869 0 5.276373758912086 0.1716778352856636 0 30.6503179371357 0.1938455551862717 1.920544363558292 3.826310373842716 0.08151955157518387 0.1011409610509872 0.961944580078125 0 0 0.1344216018915176 0 0 0 94.63857705891132 2.118750363588333 0.2410943955183029 0.1342689841985703 688.0325828269124 2.836502030491829 7.841057442128658 3.348457753658295 2.035378605127335 0.807506263256073 34.55436420440674 25.98728963732719 2.126238763332367 10.87540325522423 22.62619692087173 2.063672862946987 5.015137299895287 15.91860561072826 17.16062107682228 12.96843006461859 0 1.600869342684746 0 0 0 0 0 0 0 0 0 0 0.7061129808425903 0 0 0 0 0 0 1.062431238591671 0.6579586565494537 0 0 0 2.400220185518265 4.518392205238342 2.268337450921535 2.632969349622726 2.56549459695816 0 0 0 0 0 0 0 0.3785094916820526 0.2198652625083923 0 0 0 0 0 0 0 0 0 0.9970810115337372 0.9722285717725754 0 0.6977162957191467 2.562405556440353 1.885632693767548 0.1045490950345993 0 0 0 0 0 0 0 5.607349045574665 1.507243037223816 0 0 0 5.168514169752598 0 4.404621049761772 0 0 0 0 0 0 0 0 0 0 0 0.0839821919798851 0 11.43817380070686 4.482116915285587 3.221302092075348 197.1810033097863 3.918230183422565 58.47825136035681 8.179483406245708 1069.710074879229 9.345792137086391 0.1143331080675125 4.441522747278214 7.312345139682293 0 1.281982995569706 0.779368169605732 54.86090206354856 0.163415715098381 0 0 2.959399998188019 0 98.86410558968782 9.310252696275711
44.2740875557065 3332.86129296571 911.0231584683061 453.5921868160367 2506.215770415962 20.66644874215126 1773.397376649082 508.9784363135695 2284.3053586483 931.314075127244 1661.548457957804 59.24842070043087 115.7837146744132 888.509940572083 17.86348721385002 5.652346082031727 0.1119907274842262 0.2096081674098969 0 0 0 0 0 0 0 0 0 0 0 0 39.76153404265642 1.05143154412508 3.851640053093433 0 0 0 0.6321143805980682 0.6906934529542923 0 0 0 0 0 0.7449197545647621 0 0 121.6894099786878 1.064907744526863 0.1829497367143631 0 0.2472542449831963 0 0 0 3.69455286860466 5.314417861402035 4.934364937245846 60.7315566316247 4.050791844725609 33.64033296704292 0.2331597506999969 1.035529315471649 0 18.26308334618807 6.537886038422585 4.839190751314163 1.582374699413776 0.7484001368284225 0.1995325908064842 0 0.3666203171014786 0 0 58.6318973377347 58.9172206223011 93.61978732794523 42.85684638470411 2.877899408340454 0.3789105117321014 6.038885198533535 0 1.347206510603428 21.73791971057653 0.08886894583702087 3.11291678249836 4.901789464056492 0.3262802436947823 0.08970891684293747 0.9083972722291946 0 0 0 0 0.1913472265005112 0 5.869215875864029 0.7679921984672546 0 0 16.69434143602848 1.763416610658169 3.334595173597336 1.674537762999535 1.37243540585041 0.240720808506012 3.739991083741188 5.055377200245857 2.079433962702751 6.367295160889626 13.20656967163086 3.878870666027069 7.418875753879547 11.63985776901245 15.82872451096773 13.80144172906876 0.6047947034239769 0.2094200775027275 0 0 0 0 0 0 0 0 0 0 0 0 0 0 0 0 0 1.588681802153587 1.348867908120155 0 1.590651467442513 0 5.154306896030903 2.588811084628105 6.054992645978928 2.413604810833931 0.4765120148658752 0 0 0 0 0 0.6918465495109558 0 0.1976956725120544 0.320422574877739 0 0 0 0.1181838139891624 0 0.1645158380270004 0 0 0.6255930662155151 1.623946562409401 0.8167469501495361 0 0.2779296934604645 6.992086380720139 1.495557948946953 0.3500001728534698 0 0 0 0 0 0 0 5.228305473923683 0.6258465647697449 0 0 0 10.36298777908087 1.093879550695419 12.13108161091805 0 1.432124771177769 0.4203353896737099 0.1408771276473999 0.3119551166892052 0 0.1899720430374146 0 0 0 0 0 0 2.896213889122009 10.61389195919037 5.492699667811394 210.505367167294 6.336807236075401 248.6330770105124 56.45741257816553 70.75036274641752 30.27626897394657 0.09633523970842361 56.93161161243916 5.82671319693327 0 5.370960004627705 0.8757655471563339 7.562100201845169 0 0 0.3417621850967407 3.9441077709198 0.2356107085943222 30.69152995198965 5.441479623317719
125.3276149258018 226.9583272412419 40.41744941473007 629.350701533258 20.66644874215126 32.92417848110199 75.41525635123253 1.156028844416142 14.56368657201529 791.5110619813204 12.65651517361403 151.2138414680958 226.5930427461863 100.8981728330255 0.3263852223753929 0.1172746792435646 0 0 0 0 0 2.779014006257057 0 0 0.2689680755138397 0 0 0 0.3048622906208038 0 16.64831882715225 0 33.10952145606279 0 0 0 14.01494462788105 0.832103431224823 0.5885385721921921 0.2493664175271988 0 0 0 0 0 0 3.224473439157009 0.1930345520377159 0 0 0 6.16266068816185 2.562550336122513 0 0 1.950526684522629 154.1383499354124 12.75074379891157 6.170096203684807 1.291827447712421 0 3.761797741055489 0 0 0.7298205494880676 0.2603158876299858 0.07902881503105164 0 0.09183688461780548 0 63.23530974984169 79.89770092815161 7.630611255764961 3.866471856832504 1.133627220988274 0.9755365923047066 0.1638531982898712 0 0 6.518660165369511 0 0.2828792929649353 0.8776218369603157 1.516979366540909 0.2207803353667259 1.565941736102104 0 2.764130555093288 4.076446428894997 4.247785456478596 1.761625081300735 3.122073732316494 0.1159738302230835 0 1.424370117485523 256.3238147944212 73.94899968802929 9.397692620754242 18.00940123945475 182.2568966373801 2.557443559169769 11.9192933216691 5.667176149785519 3.940545760095119 1.063981622457504 21.41141723096371 62.82142582535744 5.172465339303017 22.95597902685404 63.84910768270493 4.368363581597805 16.98754773288965 51.14520557969809 63.95303425937891 31.65641374886036 0.3460373431444168 0.7153354659676552 0 0 0 0 0.09217923134565353 0 0 0 0 0 0.1458726972341537 0 0.1078335791826248 0 0.2177651822566986 0.1603929996490479 0 1.650164067745209 3.34188074618578 0 0 1.699298620223999 13.65731205791235 2.742888808250427 3.634149603545666 3.006723001599312 0.1344792991876602 0 0 0 0 0 0 0 0.492115207016468 0.09361599385738373 0 0 0 2.703792288899422 0 0 0 0.06540380418300629 0.2891365364193916 0.869400180876255 2.085699588060379 0.1182986944913864 0 5.585722215473652 1.019284978508949 0.1520418226718903 0.1783593818545341 0 0.089712955057621 0 0 0 0 16.74465657025576 2.45296049118042 0.135048970580101 0 0 11.87570606172085 0.5957560539245605 3.009857058525085 0.252177469432354 1.02021524310112 0.8256057053804398 0.9985143393278122 0 0.147166907787323 0 0.08315669745206833 0.08743737637996674 0.3273450285196304 0 0.1266756504774094 0 40.05755765736103 12.32723199576139 5.629321523010731 67.87797703593969 0.3370638862252235 9.25023752450943 1.869900934398174 189.3384901806712 5.650923646986485 0.0970035195350647 2.715446129441261 3.641324736177921 0 2.031504243612289 0.6257138401269913 91.61020536720753 0.08997767418622971 0 0.3622989356517792 0.331874817609787 0 125.727092191577 31.19972136616707
247.044443488121 4903.522606045008 141.941234882921 2234.480649664998 1773.397376649082 75.41525635123253 962.4509616792202 76.27181625366211 1455.292805925012 2933.097009070218 322.7071501389146 257.3098527789116 3590.057313680649 3707.471275866032 33.09646864235401 7.365769758820534 0.09432879835367203 0 0 0 0 0 0 0 0.3595294207334518 0 0.2250637114048004 0.1385719329118729 0 0 43.08716624975204 1.722111962735653 13.5342753008008 0 0 0.3242531418800354 1.074797362089157 0.4463898241519928 0.276019923388958 0 0.2070138901472092 0 0 0.5885069817304611 0 0.08287864923477173 216.8265583738685 4.769803412258625 0 0.1782809570431709 0.786069817841053 0 0 0.1180042028427124 7.320414774119854 13.33373709768057 13.64872162789106 158.2176902219653 7.814703561365604 74.82782520353794 0 0.8369261249899864 0 28.1178835183382 15.87947492301464 13.39851014688611 4.911049284040928 0.700726680457592 0.1667480766773224 0.09510999172925949 3.995656132698059 0 0 142.5556669309735 98.07862963527441 153.9445873722434 56.46761111170053 4.381155535578728 1.037532687187195 7.460641995072365 0.7579837739467621 3.317321300506592 62.7693695500493 0.4179904386401176 8.234571531414986 9.305507265031338 0.5972892343997955 0.07977347820997238 2.387203425168991 0.118145726621151 0.4395968094468117 0.09235357493162155 0.2166812717914581 0.2126669436693192 0.161654882133007 36.07430732995272 0.1234209835529327 0 0.1053269654512405 85.59781870990992 3.477811001241207 4.744378313422203 221.7644925117493 12.08246849477291 3.561808563768864 70.68613108992577 20.73671820759773 6.959568783640862 48.89191166311502 63.24394132941961 6.192180007696152 75.39927653223276 47.36104657500982 43.24830001592636 36.14184568822384 1.020397283136845 1.05798926204443 0 0.2792654931545258 0 0 0 0 0 0 0 0.07484153658151627 1.255175977945328 0 0 0 0 0.2003132253885269 0 3.764514118432999 2.353011667728424 0 1.125745862722397 0 11.97049932926893 8.902968645095825 10.38161881268024 10.87969109416008 2.822092413902283 0 0 0 0 1.522331655025482 0.465872660279274 0 0.7179563939571381 0.7459127753973007 0 0 0.1113519743084908 0.1159325912594795 0 0 0.2397372722625732 0 1.444622971117496 5.075939759612083 1.344442516565323 0.6780470013618469 2.523215085268021 17.18026065826416 3.244917407631874 0.3288288488984108 0.3454106375575066 0.1523831412196159 0 0 0 0 0.1485262215137482 13.14819646626711 0.6267426311969757 0 0 0.09227332472801208 22.61575774848461 2.604399368166924 25.93719542771578 2.162932835519314 3.875384613871574 1.643982745707035 0.1080361381173134 1.139116182923317 0 0 0.07277180254459381 0 0.4537617042660713 0 0 0 11.81752296537161 19.47513460367918 14.85413719713688 359.7829376161098 10.67987727373838 461.4380700513721 92.11217477172613 278.8646162301302 62.59790262579918 4.07088565081358 84.09094950556755 11.44124077260494 0.2655106782913208 11.98945546895266 3.648361548781395 36.99370317906141 0.9273672327399254 0.2078483551740646 0.548451155424118 10.18698717653751 0.3400624394416809 111.5253924056888 21.73842193931341
111.9378171339631 450.170936755836 2222.906158268452 15.82071056962013 508.9784363135695 1.156028844416142 76.27181625366211 1237.180008627474 339.8148018941283 30.68601077049971 3183.048709824681 0.2464440017938614 143.0999468788505 1530.629117108881 63.22001873701811 31.36888583749533 1.665758162736893 0.2668928876519203 0 0.9318210482597351 6.034994930028915 0 1.489149078726768 0.3442361503839493 2.057869613170624 0.3355744630098343 2.954304531216621 0 0 0.3446612060070038 992.8361767977476 1472.23367742449 82.57043987512589 0.835867702960968 6.426362343132496 3.325313352048397 12.88582353293896 14.73288601636887 0.5039848536252975 1.32779948413372 0.8599335998296738 0.1931858211755753 0.4536354690790176 1.514661073684692 0.1891418248414993 1.691019900143147 226.8702694475651 2.663190133869648 1.435195684432983 4.688105799257755 1.020972736179829 0 0 0.2480202168226242 3.309653460979462 6.568230785429478 7.519104026257992 219.6267985254526 2.212352842092514 51.35085661709309 93.99922838062048 57.11581707000732 9.162460841238499 188.8381766080856 6.510296456515789 5.11325029283762 2.620647668838501 5.146285638213158 9.665633089840412 1.092221029102802 4.988626390695572 0 0.6720651909708977 83.92365941405296 152.6287833154202 167.1615090370178 188.6349429190159 224.1242478713393 1129.703899905086 1299.562947392464 142.7103544250131 1315.170452147722 25.61885286867619 0.2127698957920074 4.623546861112118 3.819168843328953 7.320274963974953 0 1.29093024879694 0 0.3054599091410637 0 2.667859375476837 0.08171592652797699 0 0 0 0 1.448796808719635 56.30485001206398 0.2098746597766876 0 0 0 0 0 0.7551743984222412 0 0.2137912213802338 2.029650956392288 0.1145900636911392 0 1.169910073280334 0.7483861520886421 0.821378692984581 0 0.1800263524055481 0 0 0 0 0.1183548271656036 0 0 0 0 0 0.1467798799276352 0 0 0.6720549464225769 0.4499307423830032 0 0 0 0 0 0.1454961001873016 0 1.455538392066956 0.4619127213954926 2.378574192523956 2.713258631527424 1.439509205520153 0 0 0 0 0 0 0 0 0.09599611908197403 0 0.2401227802038193 0 0 0.1445458084344864 0 0 0 0 0 0 0 1.593435883522034 1.098395198583603 0 0 0 0 0.1513259261846542 0 0 0 0 0.2697142660617828 0.8607220649719238 0 0 0 1.905655108392239 1.354008719325066 2.895745873451233 0 0 0.1240018680691719 0 0.1123688742518425 0 0 0 0 0 0 0 0 0 2.478876389563084 2.375507108867168 229.0985932350159 7.568278014659882 321.4750375375152 82.03324816375971 56.17510449886322 34.86835071444511 0.5977340042591095 49.82222583144903 1.76724386960268 0 1.509376280009747 0.1217777505517006 1.420272916555405 0 0 0.6841131672263145 4.399024352431297 0.5140407532453537 20.94554809480906 1.450345233082771
27.20073786377907 902.4511699974537 652.2377851679921 501.3606293350458 2284.3053586483 14.56368657201529 1455.292805925012 339.8148018941283 677.5217261761427 1026.092967681587 1233.963550269604 62.59220768511295 252.8358403965831 766.8011739626527 15.95538810640574 6.443803161382675 0.1275602430105209 0.1040423959493637 0 0 0 0 0 0 0 0 0 0 0 0 15.44469960033894 1.411629378795624 7.907128185033798 0 0 0.1755929291248322 1.375217765569687 1.208041504025459 0 0 0 0 0 0.1942204236984253 0 0.07413462549448013 76.92147493362427 0.9123075231909752 0.2595544457435608 0 0 0 0 0 2.4500567689538 3.241466835141182 2.851167596876621 28.83012772351503 2.143568575382233 19.67697989940643 0 2.014032036066055 0 8.931622184813023 3.064765259623528 2.902595188468695 1.331130556762218 0.340014286339283 0.1443874686956406 0.272240161895752 0.3558731377124786 0.5948214530944824 0 28.42271298915148 26.43604935705662 51.36201996356249 27.1244258955121 2.568888776004314 2.546403959393501 99.49677187204361 0.1786947920918465 1.768881410360336 14.65383258461952 0 1.124182365834713 2.37819641828537 0.1726907268166542 0 0.1169127523899078 0 0.080927774310112 0 0 0 0 8.024470075964928 0.1168126091361046 0 0.6161864399909973 12.28113254904747 1.574240297079086 2.031920380890369 1.990719802677631 0.9923136085271835 0.8749667257070541 7.460483811795712 4.175361081957817 0.7694701105356216 7.389759004116058 26.59718704223633 7.285175651311874 13.70665840059519 18.86047277599573 27.04606068879366 21.1547986716032 0.493819460272789 0.936434842646122 0 0 0 0 0 0.1018411889672279 0.3416003584861755 0 0 0 0.397246241569519 0 0 0 0 0 0 2.169265300035477 2.485872015357018 0 0.6295268535614014 0.231391578912735 7.599338248372078 5.415443554520607 9.780561581254005 6.239727698266506 1.585204109549522 0 0 0 0 0.2210099995136261 0 0 0 0.9129083156585693 0 0 0 0 0 0 0 0 0.1123875826597214 1.825175911188126 0.1198533326387405 0 0.1690453737974167 9.382038868963718 0.769102618098259 0.2088024467229843 0 0 0 0 0 0 0 6.809222772717476 0.5478800013661385 0 0 0 14.29019024223089 2.411231756210327 18.85027085989714 1.334679342806339 0.5449906438589096 0.4427333027124405 0 0.2118828296661377 0 0.2196413204073906 0 0 0 0 0 0 6.950097590684891 12.36051908880472 11.64701237529516 195.7186099365354 4.333175219595432 169.7480165958405 45.4483005553484 63.15133613348007 21.52181375026703 1.31104576587677 49.71773953735828 6.309531532227993 0 5.923273019492626 2.412177316844463 19.14413855969906 0.7388827130198479 0 0.4131987392902374 2.460475116968155 0.1415367871522903 36.16271298378706 7.197807691991329
423.1209520697594 1366.767240174115 130.4016284421086 3702.457474030554 931.314075127244 791.5110619813204 2933.097009070218 30.68601077049971 1026.092967681587 3780.247496940196 103.6203135251999 1676.712832376361 11768.99028006196 1974.851733386517 37.00432366132736 9.801402844488621 0.3961425721645355 0 0 0 0 0.7502833753824234 0 0 1.242457300424576 0 0.5591824054718018 0.3432220816612244 0 0 51.77194512635469 3.577130287885666 123.7248021513224 0 0 0.2862001210451126 60.03401850163937 3.139928668737411 2.403536751866341 0 0.159436009824276 0.1776940822601318 0 0.4925303384661674 0.2058332115411758 0.09012994170188904 320.0276243910193 7.243483819067478 0.4104254469275475 0.1008049473166466 1.14063074439764 0.1118429154157639 1.140320122241974 0 18.51469492912292 29.00426698103547 32.2549022808671 255.846533305943 13.64666023850441 112.9077344685793 2.539843887090683 32.491225451231 0 21.46956124156713 29.27621264755726 20.39624083042145 7.5165920779109 2.306606069207191 0.506830632686615 0 75.51042138040066 2.733294352889061 0 236.3517290651798 105.7027903348207 199.1857429742813 55.61153656989336 4.191480591893196 1.376256704330444 30.99448758363724 0.4373268708586693 20.76506198942661 108.7883893921971 0.934577651321888 12.44295890629292 19.29386167228222 0.9237139075994492 0.5624107271432877 2.943135306239128 0 0.7109499573707581 0.1623257547616959 0 0.2021216154098511 0.3045310080051422 247.2601066827774 5.032390281558037 0.2700611650943756 4.367521226406097 283.1242713779211 19.3251629024744 27.36216716468334 28.70891922712326 14.16600876301527 15.89026726037264 72.01722386479378 97.51145005226135 17.36107219010592 104.9247122779489 281.927781701088 31.96078605204821 113.2711414247751 191.6305516734719 206.7071409150958 165.8256999924779 3.342216990888119 3.419162951409817 0 2.477455705404282 0 0 0.1894194781780243 0.5857990384101868 1.853415012359619 0 0 0.1286320686340332 7.633221790194511 0 0 0 0.6451418399810791 0 0 12.11136197298765 22.50533108413219 0 8.734376966953278 0.597257137298584 64.77686599642038 38.98709686100483 50.06396582722664 37.05687163770199 15.72918396443129 0 0 0 0.3772527277469635 2.717711314558983 2.195694804191589 0 3.394707463681698 3.418896242976189 0 0 0 3.387640610337257 0 0.2337513640522957 0.730562299489975 0.429193340241909 2.242850162088871 10.94688327610493 2.375921696424484 3.518901035189629 8.539782539010048 66.71698436886072 13.58470743894577 0.7812247425317764 1.54852868616581 0 0 0.3485940992832184 0.1279316991567612 0 0 58.33985751122236 5.988515593111515 0.09842658787965775 0.09031450748443604 0 85.26447763293982 17.70826528966427 126.6962454617023 6.588550768792629 12.04434803128242 1.838254868984222 0.3288362324237823 2.25656370818615 0 0 0 0.1063963621854782 0 0 0 0 89.16139758378267 93.64628304541111 65.63356340676546 1229.823750607669 22.77053896337748 887.5896491929889 200.0815096870065 1145.497930273414 141.1051471680403 5.478292986750603 272.5418966710567 57.00883409380913 0.09713095426559448 39.75238192081451 6.751131266355515 230.62600004673 2.287652090191841 0.2227537333965302 5.463673211634159 9.277267307043076 4.53239931166172 459.8376496806741 114.6392850279808
208.8276360332966 1693.186527989805 2573.377045162022 136.5259434655309 1661.548457957804 12.65651517361403 322.7071501389146 3183.048709824681 1233.963550269604 103.6203135251999 1676.662773728371 6.869648784399033 216.1974534764886 2685.261910974979 19.72483355551958 14.2629277408123 0.1475061029195786 0.1561066508293152 0 0.1505182608962059 0.9823821038007736 0 0 0.3245147466659546 2.084857232868671 0 0.1265310347080231 0 0 0 718.9382273778319 50.8844885006547 133.6131597980857 0 0.4468820691108704 0.7347050160169601 26.8472296744585 3.922108523547649 1.05183544754982 0.185714915394783 0 0 0.239296980202198 1.998737722635269 0 0 63.34637755155563 1.645354092121124 0.6082602515816689 0.1090062260627747 0.07658344507217407 0 0.1237416937947273 0 2.962654396891594 5.434737674891949 5.08938367664814 100.6753269210458 2.335248567163944 23.2621536180377 1.033730573952198 9.510479837656021 0 21.83217449486256 4.281788758933544 2.506893962621689 1.526859454810619 0.7285879105329514 1.014457903802395 0.4114992320537567 17.69720032811165 1.116465330123901 0 52.09777978807688 42.92183313518763 58.91880813241005 30.5459885597229 7.075305096805096 42.03800565004349 230.3654907867312 1.209544137120247 27.16889385133982 17.42370544373989 0 1.116389580070972 3.243779666721821 0.3844542801380157 0.1050912141799927 0.6780461817979813 0 0.4654572680592537 0 0.1261718571186066 0 0 5.541161060333252 0.173596978187561 0 2.667123436927795 48.83978386968374 0.6291915476322174 0.2762044072151184 0.1636763215065002 0.2142653614282608 0 0.7771081477403641 0.5765120461583138 0 0.7391393929719925 3.805772960186005 0.6004778817296028 1.010143108665943 3.397340357303619 4.311517618596554 2.837658040225506 0.1020506247878075 0.2357172518968582 0 0 0 0 0 0 0 0 0 0 0.1202898100018501 0 0.1080495268106461 0 0 0 0 0.1756174564361572 0.4811967089772224 0 0.189398854970932 0 1.771263979375362 1.828501001000404 1.169660300016403 1.729397051036358 0 0 0 0 0 0 0.08300533890724182 0 0 0.163980208337307 0 0 0 0.2493190616369247 0 0.1183735951781273 0 0 0 0.5009785518050194 0 0 0.3514653742313385 2.511846140027046 0.4070326164364815 0 0.07252762466669083 0 0 0 0 0 0 0.9132304042577744 0 0.3336963951587677 0 0 1.427839823067188 1.42722786962986 4.47666835039854 0 0.3049526512622833 0.08711287379264832 0 0.2490252330899239 0 0 0 0.0919841006398201 0.1153820678591728 0 0 0 1.180920220911503 2.374454163014889 3.368492037057877 114.9506540000439 2.853961959481239 119.5570955201983 31.5663445442915 54.49617680162191 14.56496753543615 0 18.46837850660086 2.54621697217226 0.1034407541155815 1.84183756262064 0.3818972110748291 2.573061138391495 0 0 0.894831471145153 1.643741860985756 0.8677127435803413 15.87107042968273 2.346400290727615
15.22067996114492 16.89893081784248 3.515155024826527 34.94642750918865 59.24842070043087 151.2138414680958 257.3098527789116 0.2464440017938614 62.59220768511295 1676.712832376361 6.869648784399033 26.15927053242922 1151.460695996881 211.2292283251882 7.335750102996826 5.705549046397209 0.1066054850816727 0.165055975317955 0 0 0 0.2249685823917389 0 0 3.279550030827522 0.1227716878056526 2.375373035669327 0 0.3224838972091675 0 0.8592568188905716 1.384129613637924 221.4614304378629 0 0.7587403059005737 3.636816948652267 632.8423376232386 45.25987681001425 6.101504504680634 6.122532397508621 0 0.1512613445520401 0 0.2604331076145172 0 0 17.46989458799362 0.1743792295455933 0.2572917640209198 0 0.3130104541778564 0 3.79392971098423 0.1674960255622864 0.664812870323658 0.2901487350463867 4.5755515396595 7.02224226295948 0.9671327024698257 3.473647244274616 0.08931116014719009 54.94643773138523 0 0.6669405996799469 1.329120643436909 0.5875071957707405 0.08976595103740692 0.5229999721050262 0.6354625523090363 0 148.249728500843 1.262088179588318 0.4827452898025513 4.759726077318192 2.621543519198895 10.66356284171343 2.624712258577347 2.470165945589542 0 23.70712392777205 0 0.9267420619726181 2.958337068557739 0.1238389387726784 0.3980255350470543 0.4962435662746429 0.1912084519863129 0 0.1758496463298798 0 0.1191139966249466 0 0.1156226322054863 0.1450554579496384 0 597.1424196735024 19.62034699320793 0.334064245223999 11.99791134148836 65.37455278635025 7.660882890224457 6.191598437726498 7.546485833823681 3.396114982664585 2.469972342252731 15.48508887737989 16.54139161109924 4.816519305109978 28.25289607793093 66.78068535774946 13.89990960806608 32.95155443996191 57.60898394882679 70.73905596137047 57.10888104885817 2.191558338701725 1.480866350233555 0 0.2856688126921654 0 0 0 0.1747071892023087 0 0 0.2690135538578033 0.4232237637042999 1.374703370034695 0 0.672283411026001 0.2487888485193253 0 0.1322014182806015 0.5276796147227287 4.440251991152763 6.564853966236115 0.346730649471283 1.03039812296629 1.681321069598198 28.07375440746546 9.013290204107761 16.35147739946842 7.31935303658247 1.870229549705982 0 0 0 0.2785021290183067 1.356127619743347 0.1138914152979851 0 0.801966555416584 1.597183473408222 0 0 0 1.542670287191868 0 0 0.6703821420669556 0.3608804270625114 0.985954575240612 4.797510199248791 0.262218289077282 0.2974511831998825 1.397012531757355 20.45912212878466 3.553847171366215 0.6229611858725548 1.115783981978893 0 0 0.08662867546081543 0 0 0 23.73236306756735 1.151818096637726 0 0 0.1099234893918037 35.0567628890276 2.837709926068783 38.84960182011127 1.166889883577824 3.416558004915714 1.812104105949402 0.9932157844305038 1.517221480607986 0.07928533107042313 0 0.08876440674066544 0 0 0 0 0 28.26211733371019 41.34454727172852 22.23480593413115 130.5131341069937 1.757965371012688 54.23205564916134 17.87351559102535 175.6707440018654 7.36439523100853 1.13815450668335 16.38801971077919 14.96996076405048 1.292897462844849 12.55281778052449 3.264105342328548 33.35939802229404 1.349898256361485 0 1.437185779213905 0 1.796925276517868 248.6862746179104 54.88934258371592
36.34595531970263 415.2793788090348 102.5835906788707 322.1287311688066 115.7837146744132 226.5930427461863 3590.057313680649 143.0999468788505 252.8358403965831 11768.99028006196 216.1974534764886 1151.460695996881 2691.278944201767 2228.205199800432 41.28130657970905 30.4101232662797 2.472778134047985 0 0.1524435877799988 0.4485597312450409 0.7348071336746216 2.876187026500702 0.825688935816288 0.1673511415719986 10.21953263878822 0.219929039478302 3.021417245268822 0.6035094708204269 0 0.1269781738519669 18.8624658882618 3.595533140003681 867.4177982583642 0.09663757681846619 2.402136504650116 1.545208543539047 924.3344180360436 106.3062695860863 8.826482631266117 10.40650081634521 0.2038225829601288 0.1267793327569962 0.1640188694000244 0.9507922232151031 0 0 93.31099705398083 0.7989761903882027 0.3223927393555641 0.4527872949838638 0.5915864631533623 0.4083930999040604 1.892724484205246 1.359580099582672 1.453203067183495 3.619664795696735 8.993834652006626 28.74207907915115 1.620238117873669 19.0793028101325 1.015612781047821 149.786798492074 0 6.206688761711121 4.011581815779209 3.42968076467514 0.7938476055860519 0.7026807889342308 2.592066533863544 0.1300797015428543 309.5463142469525 5.67182494699955 0 24.88559969514608 27.56810534745455 53.05582373589277 30.33418573439121 11.09232794493437 2.052830033004284 179.19361127913 0.9790627583861351 11.16135688871145 16.7583546936512 0.1259090900421143 2.253679111599922 1.308941893279552 0.5324795767664909 0.1232843026518822 0.4870899841189384 0 0.2308738529682159 0 0.388514056801796 0 0.5616654008626938 1375.607035964727 11.21988370269537 0.2279351800680161 22.95946949720383 88.68336275964975 21.48151388764381 27.0259437635541 28.52753080427647 8.52447797358036 8.913372784852982 54.50485570728779 71.27330558001995 17.20033243298531 91.00882364809513 213.7273669242859 36.48755507171154 117.6566909477115 184.3697545528412 213.7319935411215 171.8279587179422 5.206876710057259 4.350890100002289 0 1.136598013341427 0 0 0 0.2263876721262932 1.529281571507454 0 0.1456653475761414 0 3.74488165974617 0 0.7669462859630585 0 0.3897035345435143 0.1756449937820435 0.1548897325992584 12.09009620547295 17.44338426738977 0.7923181653022766 7.764307916164398 1.995459660887718 74.54979844391346 25.53788721561432 44.26026481389999 25.42195197194815 9.515171810984612 0.3334343135356903 0 0.4402372092008591 1.856949359178543 1.21047168970108 1.193548306822777 0 0.7822351530194283 4.763818256556988 0 0.1003696098923683 0.478668324649334 3.574188053607941 0 0.208070807158947 0.6677917391061783 0.7310285978019238 3.484228372573853 17.52640867233276 3.240457460284233 2.051021695137024 5.081534206867218 66.15556520968676 12.15067207813263 0.5688066706061363 0.9844036772847176 0 0 0 0 0 0 70.1753151640296 4.190111860632896 0.4483435153961182 0 0 95.82198298722506 11.71649745106697 115.5576406046748 5.819080945104361 9.110330067574978 5.55358824133873 1.633854553103447 2.850777819752693 0.1307474970817566 0 0.2042162045836449 0 0.09464582055807114 0.127255991101265 0.1403715014457703 0 80.48761554062366 103.8946181386709 58.00732386857271 458.2459230199456 11.47922556102276 244.7347261086106 82.74985831230879 356.4896727353334 29.14063110947609 1.504192821681499 67.49416722357273 37.2926657050848 0 42.21286035329103 12.54970292001963 122.0067587420344 3.375490076839924 1.557476527988911 4.021449990570545 7.783654049038887 1.06764529645443 467.4062628522515 134.3504272922873
