569.7273293808103 2952.989386148751 949.0940651670098 1720.435207106173 49.40541226416826 94.07725559175014 356.7543676011264 136.6909931898117 17.80991250276566 906.2952592298388 131.6215129494667 20.72128421068192 16.25715055316687 94.03478170931339 1.139908239245415 1.364573396742344 0 0.08633679151535034 0 0 0.2066297978162766 0 0 0 0 0 0.113189123570919 0 0 0 1567.326685763896 10.1816243827343 8.267211526632309 0 0.3194999769330025 0.08470668643712997 7.144742406904697 0.2455216571688652 0.8607397153973579 0 0.2223782613873482 0.3583253622055054 0.08617011457681656 0.434240311384201 0 0 19.69507499039173 2.998378932476044 0 0.1366128325462341 0 0.7116146981716156 0 0.1934284418821335 0.4116917625069618 0.3304113075137138 231.2140968963504 532.290872387588 28.40081611275673 9.423018828034401 0.516464851796627 0.479639083147049 0.4891567900776863 25.63854314386845 0.3372321799397469 0.9466924145817757 0.2498818933963776 1.015939302742481 0.2647206336259842 0.1551757976412773 10.38775096088648 10.60356424748898 0.1000988930463791 137.3621442839503 15.46592156589031 10.78651218861341 3.921922191977501 1.147357322275639 1.417821951210499 39.06416136026382 0 0.4333062171936035 2.365398958325386 0 0.5662570670247078 0.155010849237442 0.3496899008750916 0.1087222024798393 0 0 0 0 0.3538892716169357 0.09128133207559586 0 117.9803774356842 40.36604091525078 0.694224938750267 1.655590996146202 1186.520046599209 0 25.00011566281319 3.096060767769814 1.786573976278305 2.855316080152988 1.416711211204529 46.04767557233572 0.5706400871276855 20.35166109353304 18.53052125871181 0.5806821584701538 3.777829274535179 19.17475522309542 5.11665927618742 2.430531159043312 0 0 0 0 0 0 0 0 0 0 0 0 0 0 0 0 0 0 0 0.1142021119594574 0 0 0 0 2.179634518921375 1.711006954312325 1.867246069014072 0.7359728366136551 0.1521291136741638 0 0 0 0.3606368601322174 0 0 0 0 0 0 0 0 0 0 0 0 0 0 0.07894525676965714 0.894223541021347 0 0 1.288480140268803 0 0 0 0 0 0 0 0 0 2.403368540108204 0.4600198566913605 0 0 0.09093672037124634 1.054228313267231 0.1653763204813004 0.2879226729273796 0 0 0 0 0.9436042308807373 0 8.514153480529785 0 0 0 0.1228344216942787 0 0 6.675687022507191 1.277856230735779 1.598625563085079 62.77974415570498 1.770116336643696 50.14146527647972 11.04998711124063 906.4889588057995 7.085403330624104 3.811478674411774 10.16584096103907 1.730848431587219 0 3.380768150091171 0 83.52977485954762 0 0 0 0.2295744866132736 0.1797067075967789 307.4597642198205 28.69922888278961
2952.989386148751 3018.261760547757 1995.42714138329 1497.599354758859 1689.150574039668 72.19822636991739 4507.620428174734 284.7051889523864 1256.25930018723 1492.717238601297 1851.723480179906 66.04767856001854 341.5506882369518 982.9951142519712 8.068797569721937 11.36336756497622 0.6095046848058701 0.08343511074781418 0.2418636456131935 0.5729391127824783 0.5501528605818748 0 0.1581674814224243 0.1670282855629921 0.6572257950901985 0.196148544549942 0 0 0.07728984206914902 0 2545.056838110089 128.8412741869688 19.32250066846609 0 0.4605262726545334 0.6760387644171715 8.49290020391345 0.2969077900052071 1.289729002863169 0.2165141850709915 0.6989253014326096 0.4252075478434563 0.3445855975151062 1.941626235842705 0.170405812561512 0.2550207376480103 138.7694606930017 7.327179081737995 1.628253929316998 0.6726272441446781 0.1453792080283165 0.4538140222430229 0 0 1.064783573150635 0.203092522919178 85.03403875231743 518.5987439416349 37.53424004837871 31.30167675763369 2.673744857311249 0.7222457602620125 1.01303206384182 214.6480344459414 1.075316067785025 2.003740414977074 0.3888221979141235 3.170130386948586 2.347196042537689 0.3373430669307709 9.340818263590336 1.152068719267845 0 293.3395623713732 120.5427751988173 107.5201178863645 52.28124326467514 11.46910157054663 10.40214493498206 103.3916800841689 3.418659575283527 4.768537893891335 5.360685512423515 0 1.772304989397526 0.08469540625810623 3.217161100357771 0.2764897644519806 0.1455497741699219 0 0.5782665349543095 0 0.2282186597585678 0.394719447940588 0.09278684854507446 29.49166613072157 7.120737008750439 0.5275585725903511 2.472064163535833 385.7499950155616 0 9.279910035431385 0.8809788078069687 0.6355028003454208 1.796483144164085 24.18756964057684 19.7257451787591 0.4024153649806976 47.52436466515064 9.294925272464752 1.378594614565372 13.63294392079115 31.86547376960516 16.49018624424934 13.57219485193491 0 0 0 0 0 0 0 0 0 0 0 0 0.1094691455364227 0 0 0 0 0 0 0.3587484806776047 1.281222485005856 0 0 0 7.71632532030344 1.649561278522015 3.181960880756378 1.495966337621212 0 0 0 0 0 0 0 0 0 0.406593531370163 0 0 0 0.4283630773425102 0 0.1374984085559845 0 0 0.1312175393104553 0.1055981069803238 0.8002518713474274 0.09726862609386444 0 7.068737670779228 0 0 0 0 0 0 0 0 0.07750105857849121 10.53654975444078 1.7552874609828 0.2221365198493004 0 0 2.704753719270229 0 1.690062381327152 0.1515998095273972 0.241426520049572 0 0.2534935772418976 0 0.08528485894203186 0 0 0 0 0 0 0 19.05248473584652 4.122424885630608 6.431321337819099 138.9334271848202 5.457575604319572 196.0164277106524 35.81432361900806 521.5178134217858 21.55674843490124 3.249116040766239 15.95815636217594 2.586614556610584 0 0.6990885958075523 0.09422700107097626 22.51952877640724 0.2293968200683594 1.169218301773071 0.4923045933246613 3.495099164545536 0.2685153558850288 140.4044455811381 23.21141974627972
949.0940651670098 1995.42714138329 1068.973891183734 46.55257222801447 706.5578753128648 8.896633982658386 144.0719781890512 2938.228402033448 475.7362511903048 79.06644460558891 2771.30374661088 48.34829869121313 146.9470144212246 1277.169159814715 10.13264559954405 16.9845594316721 0.2759172916412354 0.2239286676049232 0.08069761842489243 0.6241502612829208 7.157429933547974 0 0.4605082720518112 0.3257718607783318 3.467314451932907 1.515472449362278 1.943743415176868 0.4122506529092789 0.09951449930667877 0.2866847291588783 3830.367392096668 558.0472656413913 129.2937718182802 0.2962017953395844 6.53313160687685 7.374155178666115 36.58123060315847 4.958646923303604 3.959121473133564 0.8963595181703568 4.070808619260788 4.014478974044323 1.976464420557022 3.290809296071529 0.1638534218072891 0.1815363094210625 62.74070566147566 3.205281265079975 1.153859302401543 1.045589871704578 1.111617095768452 0.09611551463603973 0.6130895838141441 0.6612338423728943 0.3513175025582314 0 27.43034991621971 230.9791671894491 9.07159598171711 8.936436995863914 6.411046013236046 4.881321519613266 7.330669812858105 267.2028458043933 0.4005195945501328 0.6225609928369522 0 2.70567911863327 11.16229414194822 1.872263289988041 31.20485046505928 0.8315572813153267 0 79.5469405837357 45.17195802181959 44.85031264275312 34.24642065167427 14.94316966086626 241.4847583994269 805.1290890462697 4.881754882633686 47.2729759067297 1.558549597859383 0 1.029161307960749 0.1992459818720818 2.463051423430443 0.07448352873325348 0 0 0.5232921093702316 0.09793396294116974 5.816247262060642 3.990607634186745 0.6661923453211784 84.77783013880253 41.36360398679972 0.08810728788375854 5.272771529853344 198.3107095062733 0.628233015537262 1.046950191259384 0.3967258930206299 0.7722968459129333 1.143425092101097 2.602285243570805 3.492352366447449 0.9455998837947845 6.960844315588474 6.575733229517937 1.229572169482708 6.762349992990494 18.46031949669123 10.33488394320011 15.66071953624487 0 0 0 0 0 0 0 0 0 0 0 0 0 0 0 0 0 0 0.1119391247630119 0.5988651290535927 1.262407429516315 0 0 0.2347170114517212 7.015083871781826 1.001294061541557 6.639901965856552 1.456297017633915 0.575007751584053 0 0 0 0.5304570719599724 0.08368125557899475 0.1650250554084778 0 0 0 0 0 0.2027240246534348 0.412678487598896 0 0 0.1177627593278885 0 0.8016804903745651 0.196664109826088 0 0 0.6233205646276474 5.829384222626686 0.9979378655552864 0 0 0 0 0 0 0 0.1098889485001564 9.932466104626656 1.022657349705696 0 0 0.9419370144605637 3.492395251989365 0 2.283569976687431 0.2219911888241768 0.4188246056437492 0 0.4822997972369194 0 0 0 0 0 0 0 0 0 11.46472653746605 6.845556311309338 5.702513292431831 116.4612756296992 4.230189926922321 84.3054071366787 31.88209403306246 181.9739614278078 10.84655677527189 0.7036741971969604 22.04079401493073 1.581745393574238 0 2.256081506609917 0 4.834660694003105 0 0 0.8353962525725365 6.76019411534071 0.3051300942897797 24.17999768257141 16.60447978973389
1720.435207106173 1497.599354758859 46.55257222801447 767.0885105133057 15.8953824788332 306.9483881592751 544.0084801241755 3.955738559365273 9.110274486243725 1265.864314109087 17.65581041574478 48.48582883924246 23.06137101352215 9.960542306303978 0.3255384415388107 0.250088281929493 0.08565112203359604 0 0 0 0 0 0.07703490555286407 0 0 0 0 0 0 0 301.2234596386552 2.890710145235062 0.3274967223405838 0 0 0 0 0 0.186035692691803 0 0 0 0 0.2380013912916183 0.1642760038375854 0.1110765412449837 24.8367365449667 4.247784800827503 0.3707938641309738 0.2056315913796425 0.08394212275743484 0 0 0 1.513321124017239 0.1058670654892921 76.0907471254468 301.3472691774368 27.46844830363989 15.45574728399515 0.3423514813184738 0 0 28.68681520968676 0.7257471308112144 1.491001464426517 0.07692023366689682 1.506587654352188 0.1450625360012054 0.07599323987960815 0.9322640299797058 0.5117536783218384 0 189.9689233824611 32.77264110743999 19.03338833898306 2.702802583575249 1.134779259562492 0.6236668080091476 0.8316184356808662 0.4588421434164047 0.5515137016773224 3.182810388505459 0 1.725691616535187 0.3283091634511948 2.353427432477474 0 0.4539875090122223 0 0 0.1808266937732697 0.1448507308959961 0.257711373269558 0.06807968020439148 16.93564708530903 0 0 1.845925271511078 435.4292066544294 0 9.791804857552052 0.7950337454676628 1.694740206003189 0.8460958749055862 5.727126516401768 23.97146018594503 0.5597247034311295 14.63523165881634 12.39768674224615 0.8995635509490967 4.830450445413589 12.8371472582221 3.395699799060822 3.677813097834587 0 0 0 0 0 0 0 0 0 0 0 0 0 0 0 0 0 0 0 0.1220856606960297 0.9947505593299866 0 0 0 0.8020905703306198 0.3418400138616562 1.341445907950401 0.5094998478889465 0 0 0 0 0 0 0 0 0 0 0 0 0 0.2497179210186005 0 0 0 0 0.5610177516937256 0 0.4646583199501038 0 0.1704185456037521 1.21024651825428 0.6650017648935318 0 0 0 0 0 0 0 0 4.200353533029556 0 0 0 0 0.7869619727134705 0 0.2362392619252205 0 0 0 0 0 0 0 0 0 0 0 0 0 8.248506121337414 0.8849845603108406 0.861450158059597 49.9994705915451 2.218862593173981 58.14031264185905 6.094343192875385 279.4357752203941 5.012122236192226 1.762220069766045 1.659833803772926 0.7906185239553452 0 0.5559099167585373 0 21.05717274546623 0.4504989981651306 0.3916396424174309 0 0.4180560484528542 0 224.6230202689767 9.543028518557549
49.40541226416826 1689.150574039668 706.5578753128648 15.8953824788332 3379.519414253533 2.241062670946121 1931.137156456709 223.4070575535297 2300.324313744903 870.2666985020041 913.6058458909392 76.19982839375734 761.252184510231 1667.592877969146 5.958547212183475 6.065819412469864 0.3855786919593811 0.2511694878339767 0.3033807426691055 0.2423251792788506 0.1062084063887596 0 0 0 0 0 0 0 0 0.07427974790334702 121.2908858060837 47.79429749399424 3.447935037314892 0 0 0.1105885952711105 2.569163843989372 0 0.132575586438179 0 0 0.217383898794651 0.1441907584667206 0.8274798095226288 0.2125021517276764 0.2715328559279442 52.46054528653622 1.952037122100592 0.1704888343811035 0.1579114273190498 0.1805143877863884 0 0 0.1039631515741348 0.3695230633020401 0.09447313100099564 8.006024029105902 51.72101414948702 6.361265040934086 8.447304107248783 0.6645743399858475 0.2494706660509109 0.08114224672317505 50.7895879149437 0.1691688150167465 0.6423352770507336 0.1808633357286453 0.5764698013663292 0.5462282933294773 0.3849974498152733 5.613524399697781 0.4751340299844742 0 54.61279428005219 33.90278547257185 41.88473807275295 21.08941309899092 3.939934611320496 2.842167600989342 12.7607611566782 0.8916048407554626 2.26724947988987 1.03679895401001 0 0.5357162803411484 0.1528517380356789 0.8476827517151833 0.07928837090730667 0.09654901921749115 0 0.3275925442576408 0 0.07045195996761322 0.07841110974550247 0.0861891508102417 16.45312397927046 3.028642140328884 0 1.130235843360424 7.983739957213402 0 2.068663820624352 0.6159974485635757 0 0.4897886142134666 2.295523844659328 4.031647235155106 1.309462994337082 11.0871309787035 4.978834494948387 0 7.095801316201687 15.97198524326086 10.19481984525919 11.53313121199608 0.1103402897715569 0 0 0 0 0 0 0 0 0 0 0 0 0 0 0 0 0.1296483427286148 0 0.8638205379247665 0.6300178542733192 0 0 0 4.188469894230366 0.1688146144151688 3.224777914583683 0.2612816542387009 0.08890385925769806 0 0 0 0.1096858456730843 0 0 0 0 0.1672640144824982 0 0 0 0 0 0 0 0 0.1036124005913734 0 0 0 0 3.886620670557022 0.5493614450097084 0 0 0 0 0 0 0 0 5.750636793673038 0.7024411410093307 0 0 0 3.162875793874264 0.1583853363990784 1.089784286916256 0.087444007396698 0.08143579214811325 0 0 0 0 0 0 0 0 0 0 0 12.19386723637581 4.857342660427094 4.286907576024532 52.97583919018507 1.422620430588722 78.39663429185748 18.37696403637528 37.02662886679173 7.331580676138401 0.3889694884419441 6.3764883056283 0.9900762811303139 0 1.364324867725372 0.08402852714061737 1.673067256808281 0 0 0.106136716902256 1.340044215321541 0.4082927405834198 22.71628865599632 13.20309466123581
94.07725559175014 72.19822636991739 8.896633982658386 306.9483881592751 2.241062670946121 2.747138559818268 21.18280731886625 0.7421925067901611 1.403079777956009 338.2320504039526 1.775904297828674 41.73348815739155 13.15656260401011 7.295656636357307 0 0 0 0 0 0 0 0.2316272407770157 0 0 0 0 0 0 0 0 33.97847829014063 0.1175115033984184 4.711319960653782 0 0 0.171525165438652 6.410488955676556 0 2.071221485733986 0.2615451812744141 0 0 0 0 0 0 3.537022866308689 0.2576661631464958 0 0 0.1116929948329926 1.74472451210022 0.3285293877124786 0 0 0 86.24150431901217 35.4001427590847 3.589045271277428 0.7203382551670074 0 0.1503577083349228 0 1.120830565690994 0 0.09024517983198166 0 0.1919704452157021 0 0 23.10908903181553 19.90288629382849 0.5068897604942322 20.25235652178526 3.121616408228874 0.4827495515346527 0.08336760848760605 0.3684847950935364 0 0.8165620490908623 0 1.488057851791382 0.5777450725436211 0 0.2364923059940338 0 0.1899269968271255 0 0 0.844116248190403 0.1451418846845627 0 0 0 0 103.112068682909 53.37128635495901 4.043366581201553 8.726960517466068 241.4163885116577 0.2149665951728821 14.30316677689552 0.4454576373100281 0.844514861702919 0 2.254363015294075 27.94061404466629 1.093924105167389 19.29172240197659 19.57527828216553 0 12.12192588299513 19.50324381142855 6.85033755749464 4.1798145622015 0 0 0 0 0 0 0 0 0 0 0 0 0 0 0 0 0 0 0 0.1195791512727737 0 0 0 0 1.445915266871452 0 0.6999288722872734 0.08457200229167938 0 0 0 0 0 0 0 0 0 0 0 0 0 0 0 0 0 0 0.1741367429494858 0 0.1793731451034546 0 0 0.4695008546113968 0 0 0 0 0 0 0 0 0 3.572270452976227 0.8009494543075562 0 0 0 0.8996764570474625 0 1.491720229387283 0 0 0 0 0 0 0 0 0 0 0 0 0 11.96173176914454 1.651019185781479 0.651289775967598 11.37886583060026 0.1306601017713547 6.740452744066715 0.4113420695066452 103.4873520433903 1.579754024744034 0.4061907231807709 0.1132905334234238 1.879153847694397 0 0 0 27.56344875693321 0 0 0 0 0 70.18222172558308 15.38162176311016
356.7543676011264 4507.620428174734 144.0719781890512 544.0084801241755 1931.137156456709 21.18280731886625 1198.72387880832 49.66882275044918 1854.481899045408 1672.385805726051 488.6928760781884 177.6674674376845 2120.400109887123 1968.854045197368 6.892656825482845 9.600649133324623 0.1651172190904617 0.2183411791920662 0 0.08504406362771988 0.1626709029078484 0 0 0 0.2469832971692085 0 0 0.127844974398613 0 0 265.5593594834208 59.43807259202003 5.589543670415878 0.09065539389848709 0 0.4073912352323532 3.99197144061327 0.1459979042410851 1.03418792039156 0 0.2623479142785072 0 0.1444538608193398 1.135701708495617 0.1447458490729332 0.2670572698116302 88.34644112735987 5.14308013767004 0.7180990427732468 0.2843909189105034 0.1822521090507507 0 0 0.2098735719919205 0.756730429828167 0.3875889554619789 31.32937628030777 196.6176377944648 19.62785930931568 19.56076648086309 1.246447540819645 0.4061629697680473 0.3500715270638466 117.7338108643889 0.4758487939834595 0.6859496831893921 0.4204899147152901 1.285003606230021 1.636122211813927 0.2625216767191887 5.650680162012577 0.1419811248779297 0 177.4341522939503 77.29118523001671 73.30371256172657 32.7648344039917 6.316789567470551 5.709389679133892 6.492391601204872 1.257409483194351 2.307757079601288 2.532780490815639 0 0.7930026277899742 0.4146955534815788 1.442623965442181 0.0843154564499855 0.2486773207783699 0 0 0 0.2676297947764397 0.1696496158838272 0.07824269682168961 29.30384662747383 7.662680625915527 0 0.8586443439126015 47.5588211119175 0.6401040852069855 4.542473167181015 100.0761960670352 27.299371547997 1.465396344661713 54.37581741809845 11.42847000807524 15.6623011007905 44.32236318290234 23.94598904252052 1.164532877504826 26.4283421933651 34.269377194345 16.38578640669584 22.59388437122107 0 0 0 0 0 0 0 0 0 0 0 0 0.09166282415390015 0 0 0 0 0 0 1.77172826975584 0.6179769858717918 0 0 0.153096467256546 8.611247479915619 1.71221386641264 5.793416433036327 2.119152709841728 0.7084014862775803 0 0 0 0.1198298037052155 0 0 0 0.09057773649692535 0.7119383737444878 0 0 0 0.1767651662230492 0 0 0 0 0.7488034218549728 1.961376994848251 0.3755559474229813 0 0 4.552357815206051 1.286403208971024 0 0 0 0 0 0 0 0 13.89941907674074 2.150025837123394 0 0 0.1304023116827011 3.886391639709473 0.168134480714798 1.407092846930027 0.4822238236665726 0.8198046833276749 1.082000680267811 0.09617188572883606 0.4429831057786942 0 0 0 0 0 0 0 0 25.49778454005718 8.998897701501846 6.118568442761898 91.58478802442551 3.026055000722408 134.7604730390012 28.529147580266 101.5604275539517 11.42343029379845 1.397424340248108 12.35504408180714 3.102418601512909 0.09768293052911758 2.247314438223839 0.193179115653038 7.185565821826458 0.7520198747515678 0 0.2818942070007324 3.332461968064308 0 90.11019697785378 24.17007143050432
136.6909931898117 284.7051889523864 2938.228402033448 3.955738559365273 223.4070575535297 0.7421925067901611 49.66882275044918 720.7972801327705 380.2073926925659 38.38650566339493 1190.063216902316 73.40923594683409 264.1613085567951 1548.862879395485 16.31487493962049 23.89365541189909 1.226310350000858 1.153054475784302 0.71229188144207 5.661460846662521 26.66274295002222 1.003431715071201 3.420048549771309 1.473387092351913 13.01245122402906 5.055399253964424 5.027635544538498 1.476018458604813 0.5425801649689674 0.3144073411822319 759.9961318001151 1557.07737724483 279.2747044935822 1.124099850654602 23.0833330899477 23.74738921225071 114.0651300176978 28.57971306145191 15.66384799033403 3.175694912672043 14.72919414937496 12.27114891260862 7.396445900201797 11.08781536668539 1.53777039796114 4.90543819218874 72.8101838901639 1.717636197805405 1.726930260658264 3.843281351029873 3.610317915678024 0.7078853696584702 0.9450532793998718 2.992443583905697 0 0.1496733874082565 7.238395258784294 81.30329550802708 4.397074587643147 5.281097896397114 60.379139944911 31.04893407225609 30.58124814927578 428.233117736876 0.08500799536705017 1.561025612056255 0.3420839458703995 15.02212226390839 43.33351361751556 12.78595395386219 39.52561311423779 1.280637644231319 0 43.60388654842973 45.45969161391258 44.51178620755672 184.5133829712868 229.5709044635296 901.9868462011218 1351.221792720258 48.97421423345804 546.7165378183126 0.6871542409062386 0 0.833684079349041 0.1738126948475838 7.110430933535099 0.07709749788045883 0.2078351005911827 0 1.506786748766899 0.556346520781517 20.93442441523075 14.29541936516762 2.658305786550045 30.15785566717386 21.91420761495829 0.4668645560741425 8.698391892015934 23.99950529634953 0 0.8858817368745804 0.3373778164386749 0 1.47685831040144 0.2903183698654175 1.068052560091019 0.4253623783588409 2.140876471996307 1.348098248243332 0.4290968179702759 5.260239943861961 9.462721839547157 2.896295249462128 6.84019622951746 0 0 0 0 0.06616175174713135 0 0 0 0 0 0.3714362978935242 0.135595366358757 0.08254291862249374 0 0.08304582536220551 0.2958888113498688 0 0.113680362701416 0 0.5239942595362663 0.2713029161095619 0 0 0 3.3531244546175 1.085523590445518 3.649706825613976 1.731628820300102 0.5776569619774818 0.1573009192943573 0 0.1154026389122009 0.09923324733972549 0 0 0 0 0 0 0 0 0.4883069321513176 0 0 0 0 0 0.7297574654221535 0 0 0 3.593997128307819 0.2643155083060265 0 0 0 0 0.2707561552524567 0 0 0.3899168968200684 4.06101305782795 0.09074708819389343 0.5065242648124695 0.1168927475810051 0.7526745349168777 1.531041763722897 0.3573019504547119 1.820995442569256 0 0 0.2245831787586212 0 0 0 0 0 0.1667780876159668 0 0 0 0.1019651964306831 2.447331421077251 4.236054696142673 4.883971229195595 95.92719510197639 9.271870031952858 103.969941444695 41.63420638442039 49.13538447767496 8.092414140701294 0.5794333443045616 17.51961626112461 1.104426100850105 0 0.9483024924993515 0.6959767565131187 0.9108700901269913 0.1313154101371765 0 0.1485744416713715 5.103232592344284 1.190026640892029 9.179925046861172 4.728166118264198
17.80991250276566 1256.25930018723 475.7362511903048 9.110274486243725 2300.324313744903 1.403079777956009 1854.481899045408 380.2073926925659 507.5251323133707 441.8674575611949 909.2664048746228 161.9297300726175 1701.902912534773 1017.840738542378 3.678784817457199 4.835707612335682 0 0.2442008256912231 0 0.0830717459321022 0.1015023961663246 0 0.08231844753026962 0.1326939761638641 0.09815221279859543 0 0.122144803404808 0 0 0.09591003507375717 50.24976778030396 24.51439351588488 9.394901670515537 0.05909309908747673 0.1208831965923309 0.2001145556569099 5.137163303792477 0.1044666618108749 0.372498519718647 0 0.06352456659078598 0 0.08298756927251816 0.2038322910666466 0.08882942795753479 0.5551087707281113 29.31483218818903 1.273944072425365 0.2042428776621819 0 0.06508122384548187 0 0 0 0 0 2.738550625741482 19.05339143425226 3.286646470427513 4.430433481931686 0.5850739106535912 0.6394068822264671 0.1001667901873589 23.522166647017 0.1470162644982338 0.2561492696404457 0 0.4555738940834999 0.6602119393646717 0.1119483932852745 8.995112009346485 0.6710302531719208 0 23.35685309395194 11.95175755023956 20.55146411806345 16.63893318921328 2.395964838564396 1.783024363219738 11.38417541980743 0.9566420614719391 0.7631269171833992 0.6282086223363876 0 0.07062380015850067 0 0.4416257739067078 0 0 0 0 0.1714929342269897 0 0.1945227906107903 0.114046111702919 25.63026659935713 6.219216592609882 0 1.084093019366264 5.720927350223064 0.138325572013855 0.8115175738930702 0.2045508772134781 0.2477447986602783 1.497089236974716 11.66109798103571 4.419419050216675 1.454172112047672 16.98692661523819 5.684191428124905 1.707569189369678 9.04498440772295 26.82508293539286 12.56559766829014 13.39166676998138 0.1488435640931129 0 0 0.09018152207136154 0 0 0 0 0 0 0 0 0 0 0 0 0 0 0 0.948501892387867 0.7365860715508461 0 0 0 6.603249654173851 0.7152387723326683 2.848845332860947 0.5797362998127937 0.1824898719787598 0 0 0 0 0 0 0 0 0.2793596163392067 0 0 0 0.08494871854782104 0 0 0 0 0.2775750979781151 0.2801731899380684 0 0 0.1042844951152802 3.275942921638489 0.2122890427708626 0 0 0 0 0 0 0 0 10.65652413666248 1.286539740860462 0 0 0 3.061304412782192 0 1.15260224789381 0.09894377738237381 0 0 0.1005492433905602 0.2486000657081604 0 0 0 0.1183139905333519 0.07030300050973892 0 0 0 19.6009334474802 7.058951616287231 7.281094126403332 44.35392315685749 1.405744515359402 40.4596180729568 12.83060182631016 25.53227227181196 4.670870512723923 0.2616984620690346 6.641757063567638 0.2231435030698776 0 0.5169292017817497 0.1237299591302872 3.052907735109329 0 0 0 2.95965550839901 0.4364860355854034 28.65830989181995 14.11366967856884
906.2952592298388 1492.717238601297 79.06644460558891 1265.864314109087 870.2666985020041 338.2320504039526 1672.385805726051 38.38650566339493 441.8674575611949 2322.220762334764 161.5901956818998 1690.372940972447 5158.998233400285 470.4748607948422 15.42673272639513 16.32528456300497 1.537992767989635 0.1548238173127174 0 0.5765950977802277 0.2578185126185417 0 0 0 0.8816639557480812 0.06657671183347702 0 0 0 0.09695360064506531 301.4355274289846 52.79948580265045 43.52656552940607 0 0.3293842896819115 0.5781735107302666 65.68962845206261 1.926494725048542 6.780188329517841 0.9522416889667511 0.2097089290618896 0.2151347771286964 0.3996991962194443 1.845643728971481 0.2880689725279808 0.8307142406702042 243.724074319005 12.71180584281683 1.604475185275078 0.9975921809673309 0.2250621914863586 0.2524855807423592 3.389878481626511 0.2843735814094543 2.35095638781786 1.240218728780746 91.80982296168804 415.3144588395953 47.47980266064405 47.43869227916002 3.004498466849327 16.68617694079876 0.2939699441194534 208.2971897646785 1.621300511062145 3.093333542346954 0.3771741539239883 3.791249044239521 1.939554270356894 0.3102123886346817 364.8598726391792 4.911496497690678 0 394.2863126248121 159.229056417942 159.7406447380781 60.20908904075623 9.391625173389912 7.133612610399723 12.99306435137987 2.261409789323807 9.374835759401321 6.717815980315208 0.266146332025528 2.246012579649687 0.8204225450754166 3.902488503605127 0.4471615925431252 0.4245311841368675 0.2354123741388321 0.7203608974814415 0 0.4667250961065292 0.1418230682611465 0.2774775177240372 344.3356675431132 109.6422326490283 0.4076154232025146 20.87076177448034 374.7372421324253 1.782536193728447 28.82058003544807 7.30523232370615 14.72826407849789 8.026023976504803 19.37066847085953 131.7290674522519 11.37497060745955 159.5684193596244 97.07711928337812 7.51237928122282 120.6447796672583 237.9833550751209 104.113151691854 116.4809280782938 0.07658518105745316 0 0 0.08701276779174805 0 0 0 0 0 0 0 0 0.2796718701720238 0 0 0 0 0.1069491133093834 0.1703356504440308 6.434291929006577 6.64963835477829 0 0 0 41.69201559573412 9.376538522541523 24.67063945531845 5.737503170967102 1.381147563457489 0 0 0 0.6656051576137543 0 0 0 0 0.841390572488308 0 0 0 1.544587172567844 0 0 0 0.0602562315762043 1.54264373332262 2.072310604155064 3.693529888987541 0 0.6685115098953247 38.36444986611605 2.499998264014721 0 0 0 0 0 0 0 0 71.86396326124668 10.74087055027485 0 0 0 27.42189924418926 1.47573059797287 12.58152616024017 1.299132011830807 2.461752653121948 0.1563175395131111 3.729980289936066 1.217034853994846 0.2726724147796631 0 0 0 0 0 0 0 167.6274390220642 53.21806690841913 33.85915864259005 404.7069420590997 11.32361579686403 367.8395860046148 98.31050261110067 552.4947441369295 46.46230798959732 3.145055487751961 46.09412822127342 12.48554488271475 0 4.531298771500587 1.130185782909393 98.11026456952095 0 0 1.04421654343605 10.9443982988596 1.079661130905151 796.8556818366051 191.5124040693045
131.6215129494667 1851.723480179906 2771.30374661088 17.65581041574478 913.6058458909392 1.775904297828674 488.6928760781884 1190.063216902316 909.2664048746228 161.5901956818998 705.1232880800962 291.5895212069154 1533.585887640715 2366.457248307765 8.174600787460804 9.594593457877636 0 0.08266426622867584 0 0.6469167396426201 0.9457774758338928 0 0.3652302101254463 0.4611524641513824 1.573932744562626 0.6134474501013756 0.5564673393964767 0.5601479485630989 0 0.3757545650005341 329.537201166153 100.7212950587273 187.1892533376813 0.09358898550271988 2.613897904753685 4.937588393688202 61.1352963373065 4.104092471301556 4.055462099611759 1.030070260167122 2.991285972297192 1.791770219802856 1.310703821480274 0.8496074974536896 0.1653866842389107 0.09761786460876465 27.9811424612999 0.8904432654380798 0.699359767138958 0.5461026728153229 0.6274074390530586 0.07982883602380753 0.225814662873745 0.4524392038583755 0.0923156663775444 0 5.884994439780712 30.2193617336452 3.146762181073427 5.681182354688644 1.52387161552906 9.448467016220093 5.475800149142742 34.85676961392164 0.06213070452213287 0.3181653916835785 0.07309742271900177 0.7343789264559746 3.236686289310455 0.4948885068297386 26.66632107645273 0.1623713672161102 0.186361238360405 26.39822009950876 14.94382880628109 22.12990231439471 16.45045164227486 7.883936293423176 26.62197110801935 373.6707170009613 2.423096612095833 100.1946369633079 0.713878870010376 0 0.2840438708662987 0 1.733609452843666 0 0 0 0.2203388288617134 0 1.692954391241074 2.771883308887482 0.2009217962622643 18.28189988434315 3.998070292174816 0 1.50734469294548 18.21219346672297 0 0.2971858829259872 0 0.2964286506175995 0.235997661948204 1.453585579991341 2.739807948470116 0.4476047679781914 6.392755031585693 1.722922198474407 0.6800490021705627 4.85058020055294 10.10100527852774 6.395210109651089 5.207773655653 0 0 0 0 0 0 0 0 0 0 0 0 0 0 0 0 0 0.1357837319374084 0 0.09536945819854736 0.769198901951313 0 0.07640812546014786 0 3.271269410848618 1.123880468308926 1.405880726873875 0.4134104773402214 0.1004510819911957 0 0 0 0.6108130812644958 0 0.07026740163564682 0 0 0 0 0 0 0.2501124292612076 0.2828359603881836 0 0 0 0 0 0 0.08463424444198608 0.1465175151824951 2.999688245356083 0.1921111196279526 0 0 0 0 0 0 0 0 4.038885153830051 1.180992148816586 0 0 0.1057564467191696 1.440232284367085 0 0.2751138880848885 0 0 0 0 0 0 0 0 0 0 0.1438807547092438 0 0 7.827922075986862 4.056389920413494 2.943748198449612 49.77617029845715 2.508066929876804 43.74113953858614 14.95669836550951 33.75637670606375 2.970817193388939 0.3424141556024551 9.224231347441673 1.061477020382881 0 0 0 1.006591036915779 0 0 0 1.576549738645554 0 19.77015275135636 9.39836522936821
20.72128421068192 66.04767856001854 48.34829869121313 48.48582883924246 76.19982839375734 41.73348815739155 177.6674674376845 73.40923594683409 161.9297300726175 1690.372940972447 291.5895212069154 211.3646313622594 1238.269873872399 563.7403801307082 15.01549588143826 14.14118995517492 0.4551453366875648 0 0 0.1078146994113922 0.4040667712688446 0.1074591130018234 0.2831458821892738 0.1121868416666985 2.032543130218983 0.1409054398536682 0.6918193101882935 0 0.22316774725914 0.2292837798595428 13.1499597132206 6.364743649959564 73.86644607037306 0 1.883477404713631 1.703276641666889 300.3554980307817 11.47635240107775 28.93322868645191 8.307904191315174 1.056419238448143 2.03175750374794 0.4913823828101158 1.254907503724098 0.188735119998455 0.3981820121407509 43.68853927403688 0.5809188708662987 0.5873310938477516 0.281576581299305 0.4864273443818092 0.307436428964138 5.852363809943199 0.7136624529957771 0 0.1160806119441986 4.613851420581341 17.68906547129154 3.007003359496593 3.961548484861851 1.59656860679388 9.382124111056328 2.7485646083951 23.09843136370182 0.1804457604885101 0.3626668006181717 0.08620192110538483 1.107254795730114 3.601511918008327 0.7931008785963058 507.5398636907339 3.239380218088627 0 22.15233737975359 15.53213077038527 25.19813282042742 22.51241108030081 8.971654541790485 1.613737888634205 100.6506782844663 0.8258455842733383 4.620007030665874 0.4164295271039009 0 0 0 1.574981123209 0 0 0.09497524797916412 0.3099547997117043 0.6068580150604248 0.9504371508955956 0.7668604478240013 0.451518751680851 386.0061117112637 79.0801705121994 0.4010220691561699 86.60378632694483 54.37242658436298 1.234230659902096 10.50085911899805 4.853986397385597 3.952161327004433 6.097336992621422 10.29141221940517 41.2624800875783 6.973032578825951 86.10404089838266 47.66540488600731 6.13265897333622 67.64759883284569 176.8949118033051 83.47168608009815 116.0772599577904 0.6763342097401619 0 0 0 0 0 0 0.1159332245588303 0.08614534139633179 0 0.161462813615799 0 0.2833718210458755 0 0.09683822840452194 0 0.1595600694417953 0 0.1982207000255585 5.518911018967628 4.572943046689034 0 1.355371952056885 0.4821780994534492 52.993492372334 2.809098750352859 21.02655372023582 5.774867549538612 1.330214940011501 0.0880153626203537 0.5085800290107727 0 1.862187661230564 0 0 0 0.3924752920866013 0.7037977427244186 0 0 0.1198624819517136 2.87724057585001 0 0 0 0 0.9118195325136185 1.32637819647789 0.9255248606204987 0 0.2766883969306946 26.84713553637266 1.586297214031219 0.09793011844158173 0 0 0 0 0 0 0 75.08207935839891 12.73109643906355 0 0.1420173048973083 0.2395091503858566 19.00168853998184 0.2766935527324677 10.55143104493618 1.251870319247246 2.135910347104073 1.362045384943485 0.9965937212109566 0.0985030010342598 0 0.1512208729982376 0 0 0 0 0 0.1182236671447754 142.9744301885366 55.51843661814928 40.28992401063442 148.6404886320233 3.741886258125305 81.53847942501307 42.10631936043501 93.56430144608021 9.245214812457561 0.6859903335571289 25.26981770247221 7.441152490675449 0 3.492053382098675 0.479308120906353 16.07196213304996 0.9121043682098389 0.3572157770395279 0.4155693426728249 4.858350269496441 0.3926056623458862 511.5275728702545 187.1997585520148
16.25715055316687 341.5506882369518 146.9470144212246 23.06137101352215 761.252184510231 13.15656260401011 2120.400109887123 264.1613085567951 1701.902912534773 5158.998233400285 1533.585887640715 1238.269873872399 2386.759966723621 4386.112259849906 23.84546884149313 29.26483083516359 1.395499370992184 0.34264225512743 0 0.6875250786542892 1.547954082489014 1.251265913248062 0.2932802140712738 0 11.4291967600584 0.3914162591099739 2.724539928138256 0.8510752618312836 1.169584706425667 0.1424447447061539 33.91584030538797 26.49064513668418 279.1105365082622 0.3908489048480988 3.306297175586224 5.817740842700005 571.5104730427265 40.10631313920021 77.64137002825737 27.01996935904026 1.879355147480965 2.664462223649025 0.6592210233211517 4.170182034373283 0.28354512155056 0.3886215686798096 71.45639728754759 1.353153139352798 1.035980261862278 0.9075426608324051 0.6039439141750336 0.9913737326860428 10.15511944890022 1.028550758957863 0.4366531074047089 0.186874158680439 4.981071777641773 19.14662284404039 3.858466792851686 4.953435964882374 2.410155400633812 35.91920591145754 3.090128965675831 36.8154289573431 0.2227616086602211 0.1653228029608727 0.1463382169604301 2.514731042087078 6.614670731127262 1.069976046681404 551.4403209164739 6.459874555468559 0.3608711883425713 32.76993487030268 22.49626256525517 43.61835875362158 39.25621853023767 16.70691309869289 6.388185791671276 152.3861227482557 2.096903063356876 15.91880307346582 0.5125409290194511 0 0.6518063843250275 0.2788399308919907 0.9334828183054924 0 0.07455825805664062 0.1022178828716278 0.1872994750738144 0.1212194114923477 2.685195244848728 4.453419007360935 0.9154250174760818 390.8807415887713 43.41385143250227 1.324674919247627 75.51495216041803 21.84140653908253 1.241223685443401 6.175922989845276 4.34719405323267 1.390643872320652 6.5028405636549 10.63754850625992 28.09895275533199 6.742890082299709 74.72063037008047 38.71362975984812 6.680336259305477 66.93378622084856 139.2543186992407 73.73255626112223 90.15700200200081 0.4528997987508774 0.08105971664190292 0 0 0 0 0 0 0.08906230330467224 0 0.3705334216356277 0 0.4616064801812172 0.1174834370613098 0.4006230533123016 0 0.09848956763744354 0.10678680986166 0.2980600893497467 4.060587793588638 5.067188881337643 0 0.1906098648905754 0.4099062234163284 39.38679029792547 5.959249056875706 20.76672034710646 6.418601483106613 3.431411944329739 0 0 0 0.7694337144494057 0 0 0 0 0.5134570598602295 0 0 0.2365715578198433 3.474403537809849 0.2606297954916954 0 0 0.06222468614578247 1.263155587017536 1.51712042093277 0 0 1.845889925956726 23.50337211787701 4.192832935601473 0.0923788920044899 0 0 0 0 0 0 0 61.58364637941122 9.256084308028221 0.322658360004425 0 0.5005741789937019 17.54596412926912 0.1934544071555138 9.766331806778908 0.7744770348072052 1.072633147239685 0.5797902792692184 0.7353058755397797 0.1789302229881287 0 0 0 0.1360198706388474 0 0 0.2400783821940422 0 118.4227238222957 41.1870643645525 34.64032217115164 180.7430168315768 6.902998507022858 112.6421418637037 58.14898991584778 79.13577736914158 11.78503160923719 0.7519638240337372 37.65001461654902 5.45113568007946 0 3.685677945613861 0.75797488540411 15.82676301151514 0.3902885466814041 0 1.025004245340824 6.528353482484818 0 257.5425719171762 130.0230538621545
94.03478170931339 982.9951142519712 1277.169159814715 9.960542306303978 1667.592877969146 7.295656636357307 1968.854045197368 1548.862879395485 1017.840738542378 470.4748607948422 2366.457248307765 563.7403801307082 4386.112259849906 1743.936984032393 40.15143638849258 49.07863013446331 1.062891341745853 0.4127204343676567 0.2421410828828812 1.050059035420418 4.402278758585453 1.026964470744133 1.060402765870094 0.3948269635438919 10.05369712784886 1.659093506634235 3.309447348117828 0.6384343579411507 0.2393038794398308 0.5222430378198624 231.8990582600236 121.0921710729599 658.8347297534347 0.2195834442973137 10.99260120093822 10.01063972711563 764.1134767085314 29.18832758069038 44.96089424192905 6.883585959672928 6.791456617414951 7.097827807068825 1.927762053906918 4.318281643092632 0.4941017404198647 1.39011637121439 128.2225953862071 1.963623650372028 1.709079794585705 1.849414795637131 1.261681951582432 0.1629887968301773 2.112900897860527 1.954784110188484 0.07857165485620499 0.7475748881697655 8.02376589179039 50.63547172397375 8.839095406234264 15.72489508986473 7.641201190650463 23.03099484741688 11.84569646418095 77.42154927551746 0.3939618915319443 1.200868595391512 0.2547910735011101 3.624952472746372 11.51357601210475 3.331130854785442 276.1326016187668 1.757508993148804 0 59.09122767671943 49.09063888341188 92.61897971481085 77.90799856930971 31.88880440592766 52.52471251040697 738.2271559089422 7.390529245138168 27.85872676968575 1.550893858075142 0.08423805981874466 0.8603492043912411 0.1820587068796158 2.420979179441929 0 0.1755139082670212 0.09524647146463394 0.7516031414270401 0 7.388104438781738 8.190040595829487 1.838904745876789 194.0220193639398 46.28109113126993 0.485919788479805 26.98375497758389 23.02114111185074 0.9772868305444717 3.14141807705164 2.797541305422783 1.511813752353191 6.157925635576248 7.512331403791904 17.56221836805344 3.337010689079762 49.02839877456427 24.31073711067438 4.481939509510994 42.28812196850777 103.2211484760046 48.1848191767931 72.87771668285131 0.2948281690478325 0.07713174074888229 0 0.07609270513057709 0 0 0 0 0.098592609167099 0 0 0 0 0 0 0.2713757082819939 0.1326450705528259 0.09452567994594574 0.1012192890048027 4.003123342990875 4.0690553560853 0 0.4780895486474037 0.09501159191131592 33.57417531311512 2.527843460440636 17.1043862849474 6.489776149392128 1.517283514142036 0 0.2221860364079475 0 0.6104171574115753 0.2064688503742218 0 0 0.09425310790538788 0.5852061659097672 0 0 0.3732327818870544 2.179683707654476 0.1054519861936569 0 0 0 1.40097139775753 0.9497319608926773 0.1459782719612122 0 0.3157858699560165 19.85275923460722 2.904416222125292 0 0 0 0 0 0 0 0.4512143135070801 54.58469944447279 6.776333376765251 0 0.142963245511055 0.5742112845182419 17.09934762865305 0 5.467470727860928 0.8948003016412258 1.068809203803539 0.828394241631031 1.506003469228745 0.2307678908109665 0 0 0 0 0 0.2446693256497383 0.1120600923895836 0.2101801931858063 72.0508109331131 32.84694869071245 27.95219540596008 342.161425344646 9.769011035561562 187.9424913972616 91.62175080180168 111.0885948985815 24.65759664028883 2.014167122542858 74.03369592130184 4.034580409526825 0.1221861615777016 3.243878804147243 1.787045441567898 10.93683072924614 0.353687047958374 0 0.6683375611901283 16.96943153440952 0.8917381912469864 135.8967030197382 87.81701545417309
