169.1553744897246 1133.752921558917 379.9564515948296 1188.281517714262 2.917651943862438 29.89393870532513 138.312587171793 41.07086614519358 0.741476833820343 540.3392526954412 26.25881204009056 30.86167109012604 51.69749374687672 5.175410717725754 0.4071181863546371 0.7142930924892426 0.7799824252724648 0 0 0 0 0.1756777316331863 0 0.08502477407455444 0.1170642971992493 0.07938138395547867 0.06808450073003769 0.08802814781665802 0 0 849.5764380469918 1.260564312338829 2.099609673023224 0 0 0 0 0 0 0 0 0 0.07364006340503693 0 0.09864224493503571 0 16.71863784641027 3.923888742923737 0.2313104644417763 0 0 0 0 0 1.429606169462204 0.5936823859810829 69.71475793421268 459.3087913170457 19.22431306540966 15.43727178126574 0 0 0 89.90642246603966 0 0.3302903473377228 0.07980892062187195 0.4331136122345924 0 0 0.07103107869625092 0 0 62.14735124260187 30.50947566330433 58.32415363937616 10.25924675911665 0.3682395070791245 1.05512685328722 5.15814258903265 0.08840419352054596 0.1653855964541435 5.293707720935345 0 0.3839747160673141 0.6645905114710331 0.4119743481278419 0 0.4431824088096619 0.1049153804779053 0.1952726244926453 0 0 0 0.1599836274981499 3.384770691394806 1.360025465488434 0 0.08610548824071884 832.524588085711 0 0 0 0 0 0 2.074167728424072 0 0 0 0 0 0.647373378276825 0 0 0 0 0 0 0 0 0 0 0 0 0 0 0 0 0 0 0 0 0 0 0 0 0 0 0 0 0.4923093020915985 0 0 0 0 0 0 0 0 0 0 1.205843448638916 0 0 0 0 0 0 0 0 0 0 0 0 0 0 0 0 0 0 0 0 0 0 0 0 0 0 0 0 0 0 0 0 0 0 0 0 0 0 0 0 0 0 0 0 0.467231810092926 0 0.4741848111152649 6.941699713468552 1.019969634711742 21.78323563188314 5.426879391074181 135.6977980583906 5.407977133989334 0.1282531470060349 0.3530726134777069 0 0 0 0 0 0 0 0 0.1347892582416534 0 53.63961496204138 4.719970226287842
1133.752921558917 271.3930449411273 872.0210730135441 212.4427652209997 567.1445816680789 123.3588538169861 967.5711515843868 81.97582519054413 148.6983241066337 232.8662047684193 372.482917457819 16.5189600288868 575.2457640990615 509.1433024257421 2.520896553993225 0.9324027448892593 0 0 0 0.4846680238842964 0 0 0 0.1068905591964722 0 0.07282066345214844 0.06233573332428932 0 0.07448625564575195 0 1514.769984997809 82.69371266663074 23.23340115696192 0.08156067132949829 0 0.0759207084774971 0.9313454255461693 0.1208761259913445 0 0.4082121849060059 0 0.0807381197810173 0 1.27232813835144 0.1577237099409103 0.07964903861284256 98.87335921823978 10.21406755596399 1.336679928004742 0.3603460043668747 0.2459462061524391 0.3105317205190659 0 0.2811296060681343 1.626297526061535 0.9501401409506798 89.49066562205553 404.1024606525898 40.49885118752718 47.18866177648306 0.1436300873756409 0.5986605435609818 0 205.6287691891193 0.4381211474537849 0.6941177248954773 0.753012090921402 0.9351023510098457 0.1687703505158424 0.1590500175952911 1.31943641602993 0.3286160826683044 0 148.9920748993754 92.4110202640295 189.6924621611834 95.00315253436565 4.438344366848469 3.203532766550779 196.9785546883941 0.8372757583856583 1.687395669519901 17.27591586858034 0.1100637689232826 1.602381207048893 1.312184303998947 1.207817502319813 0 0.4387998580932617 0.3074047267436981 0.5474960952997208 0 0.1035791859030724 0.2683846428990364 0.359116330742836 17.18199492245913 0.4200702905654907 0 0 240.0048221200705 0 0 0 0 0 0.1983347237110138 1.266307279467583 0.3167067170143127 0 0 0 0.5760276913642883 0.3386671096086502 0.1364936977624893 0.8890858888626099 0 0 0 0 0 0 0 0 0 0 0 0 0 0 0 0 0 0 0 0 0 0 0 0 0 0 0 0 0 0 0 0 0 0 0 0 0 0 0 0 0 0 0 0 0 0 0 0 0 0 0 0.1315458565950394 0 0 0 0 0 0 0 0 0 0.08950916677713394 0 0 0 0 0 0 0 0 0 0 0 0 0 0 0 0 0.0844515934586525 0 0 0 0.7435347810387611 0.06910815834999084 0 32.62184444069862 3.986245594918728 119.814610555768 21.52271040529013 145.4530649110675 12.30137665569782 2.11772844940424 3.414010755717754 0.1749645620584488 0 0 0 0 0 0 0 0 0 62.48786292225122 0
379.9564515948296 872.0210730135441 703.9254961535335 5.956675261259079 406.3359293937683 0.7398515120148659 354.2573096230626 1418.14834099263 104.5854590982199 2.438991092145443 1237.672326348722 0.7336128279566765 65.00443803519011 348.7293367832899 2.252980709075928 4.061928130686283 0.8682672530412674 0.08345745503902435 0.3470018059015274 2.363670337945223 3.542221207171679 0.3463001549243927 0.7882349491119385 1.87484247982502 0.2374324426054955 0.3179929926991463 0.1724996119737625 0.2267249897122383 0 0.07446841895580292 2249.664044059813 308.018066316843 98.07672077417374 1.297850631177425 2.443824887275696 0.3232372477650642 0.7643048092722893 1.787647262215614 0.281789131462574 0.628177784383297 2.327326364815235 0.5772547423839569 0.5275923162698746 5.615429021418095 0.8342691846191883 1.957637876272202 45.32625218480825 3.585492558777332 0.9823781028389931 0.8003353737294674 0.07068436592817307 0.4996328502893448 0.195406049489975 0.1521311700344086 1.042968332767487 0.8781173303723335 37.83640313893557 286.7688096389174 14.98898209631443 18.17621289566159 7.6255027577281 20.48674284666777 3.572751626372337 218.2789443060756 0.06551019102334976 0.6743628904223442 0.5657678171992302 0.614675834774971 0.3005646467208862 1.919040769338608 12.88288793712854 2.858611293137074 0 59.2001771107316 42.89560420811176 75.90883705019951 39.21757321804762 10.1137972548604 174.18052123487 307.4175263419747 13.98725936561823 161.8864830136299 4.988771833479404 0 0.8278225287795067 0.6981635354459286 0.3680519536137581 0 0.1445456072688103 0 0.0707162618637085 0.09446367621421814 1.206622332334518 0 0.2713283933699131 5.81533981859684 3.270120017230511 0 1.400944963097572 79.37546085566282 0 0 0 0 0.5513745546340942 0 0.3228412419557571 0.1809214651584625 0 1.706663131713867 0.2069829627871513 0.8443023934960365 1.970618434250355 1.473692685365677 1.964245274662971 0 0 0 0 0 0 0 0 0 0 0 0 0.3177430331707001 0 0 0 0.1570698767900467 0 0 0.3216510489583015 1.132852844893932 0 0 0 0.8501027971506119 0.08514866232872009 2.170773446559906 0.3592780753970146 0 0 0 0 0 0 0 0 0 0 0 0 0 0.8658743649721146 0 0 0 0 0.05654469504952431 0 0 0 0.1058298796415329 4.685135915875435 0.08824986219406128 0 0 0 0 0 0 0 0 2.686489872634411 0 0 0 0 2.759518757462502 0 2.371983245015144 0 0 0 0.1172980517148972 0 0 0 0 0 0 0 0 0 6.296204954385757 1.279267378151417 0.5269711837172508 17.2580715790391 0.9999045953154564 40.9031648747623 7.722376152873039 32.37748952955008 5.424147963523865 0.111800491809845 4.011729538440704 0.6543827652931213 0 0 0.06883418560028076 0 0 0 0 0 0 5.478449262678623 1.523267768323421
1188.281517714262 212.4427652209997 5.956675261259079 231.0709105879068 0 253.401316896081 180.4934265464544 0 0 559.422064691782 0 165.0256730616093 439.2134162783623 60.23234355449677 0 0 0.2716077864170074 0 0 0 0 0.167342483997345 0 0 0 0 0 0 0 0 165.4356203600764 0.3273914158344269 0.8975024223327637 0 0 0 0 0 0 0 0 0 0 0.2466573044657707 0 0 4.575661487877369 0 0 0 0 0.1491027623414993 0.07347679883241653 0 0 0 5.24910868704319 44.87842317670584 2.303965367376804 1.583064459264278 0 0 0 10.00989513099194 0 0 0 0 0 0.1003940775990486 3.69326451420784 0.8710958957672119 0 6.970100440084934 1.738213792443275 6.763049490749836 1.830644503235817 0.8984806537628174 0 0 0 0 0.7404665127396584 0 0 0 0.1219480335712433 0 0 0 0 0 0 0 0 29.92439748346806 0.699635237455368 0 0 254.3381848186255 0 0 0 0 0 0 6.673001050949097 0 0 0.7595279216766357 0 0 1.448251724243164 0 0 0 0 0 0 0 0 0 0 0 0 0 0 0 0 0 0 0 0 0 0 0 0 0 0 0 0 0 0 0 0 0 0 0 0 0 0 0 0 0 0 0 0 0 0 0 0 0 0 0 0 0 0 0 0 0 0 0 0 0 0 0 0 0 0 0 0 0 0 0 0 0 0 0 0 0 0 0 0 0 0 0 0 0 0 0 3.953294962644577 0.1410513669252396 3.450020328164101 0.2036238610744476 117.1405737102032 2.028353810310364 0 0 0 0 0 0 0 0 0 0 0 0 121.7620200589299 0
2.917651943862438 567.1445816680789 406.3359293937683 0 500.1557264477015 0 873.8367335498333 32.52225121855736 1193.410278275609 2.072653770446777 701.2502564936876 1.934562742710114 394.1879352331161 1082.133950546384 0.3260949775576591 0.211645096540451 0.1301060020923615 0.1034124568104744 0 0 0 0.1834102869033813 0 0 0 0 0 0 0 0 105.3379364982247 66.47857262939215 3.451720729470253 0 0 0 0.08648570626974106 0 0 0 0 0.07371900975704193 0 0.08961772173643112 0 0.1652432307600975 34.45810388028622 0.568118192255497 0.1140663623809814 0 0 0 0 0.07552161067724228 0.8584053367376328 0.4371569603681564 3.615547761321068 18.41783302277327 2.526745960116386 6.539517730474472 0 0.06202869489789009 0 28.61766222119331 0 0 0.133678175508976 0.4552738666534424 0 0 2.004346124827862 0 0 13.20313386619091 9.060456514358521 17.877430960536 22.55718570202589 4.312580399215221 1.831547155976295 20.31449981033802 0.3318098708987236 0.4436913579702377 3.231014788150787 0 0.07344213873147964 0.2609033510088921 0.0929093211889267 0 0 0 0 0.08256827294826508 0 0.1405206769704819 0 0 0 0 0 0.2152937576174736 0 0 0 0 0 0 0 0 0 0 0 0 0 0 0 0 0 0 0 0 0 0 0 0 0 0 0 0 0 0 0 0 0 0 0 0 0 0 0 0 0 0 0 0 0 0 0 0 0 0 0 0 0 0 0 0 0 0 0 0 0 0 0 0 0 0 0.1467676907777786 0 0 0 0 0 0 0 0 0 0 0 0 0 0 0 0 0 0 0 0 0 0 0 0 0 0 0 0 0 0 0 0 0 16.51943762600422 1.283300422132015 31.90149246156216 9.80471758544445 7.6961909532547 5.305622041225433 0 1.197627633810043 0 0 0 0 0 0 0 0 0 0 1.238043688237667 0.1160185933113098
29.89393870532513 123.3588538169861 0.7398515120148659 253.401316896081 0 0 16.37223988771439 1.901344016194344 0 154.2983671575785 1.358229801058769 24.72466970980167 20.03067757189274 14.3799133002758 0 0.4228770732879639 0.1225667670369148 0 0 0 0.1170269846916199 14.50635130703449 0 0 0 0.2817198932170868 0 0 0 0 163.5456531047821 0.3134120553731918 12.17184393852949 0 0 0 3.154521077871323 0.2792237102985382 0.7054021060466766 0 0.1404010802507401 0 0 0 0 0 0.7804168164730072 0 0 0 0 16.35545744001865 7.020508393645287 0.2412710562348366 0 0 43.03041832149029 25.90579171478748 0.4217498973011971 0 0 1.31416866928339 0 0.4654634296894073 0 0 0 0 0.1040734052658081 0 32.57673944532871 169.3019880354404 11.61539182066917 0.4485792070627213 0.1635155826807022 0.4770931452512741 0.6580507159233093 0.1638627797365189 0.1426717340946198 2.312739863991737 0 1.13462521135807 0 0 0 0.1517587900161743 0.1410779654979706 0 0 2.221812516450882 0 0 0 0 0 116.8890483379364 292.171246342361 80.08177755028009 9.761953420937061 178.2405006885529 0 0 0 0 0 0 116.5341840386391 0.3042410612106323 2.138381004333496 9.343184113502502 0 0.6420734524726868 1.138712584972382 1.067864239215851 1.667946517467499 0 0 0 0 0 0 0 0 0 0 0 0 0 0 0.1465463042259216 0.8414106741547585 0 0.4799152761697769 0 0 1.19250500947237 0 0.1126203238964081 0 0 0 0.2365674674510956 0 0 0 0 0 0 0 0 0 0 0 0 0 0 0.7516095638275146 0 0 0 0 0 0 0 0 0 0.5507673621177673 0 0 0 0 0 0 0 0 0 0.8396376967430115 0.5821402966976166 0 0 0 0.551672637462616 0 0.105024628341198 0 0 0 0.08112257719039917 0 0 0 0 0 0 0 0 0 7.604981690645218 0.1384759396314621 0 34.2612734362483 2.04585075378418 1.470152996480465 1.001876823604107 81.15532633662224 0 0 0 0 0 0 0 7.131800174713135 0 0 0 0 0 5.958661898970604 35.90935018658638
138.312587171793 967.5711515843868 354.2573096230626 180.4934265464544 873.8367335498333 16.37223988771439 216.1377988606691 32.80095978826284 1062.921923488379 194.9060433059931 823.7869801074266 80.89986473321915 487.0424008518457 1627.191784352064 2.830508932471275 1.559964627027512 0.122920498251915 0 0 0 0.2556412443518639 0 0 0.16790871322155 0 0 0 0 0 0 95.76362729817629 67.37128738313913 19.36564017832279 0.07568880915641785 0.0724121555685997 0 3.749963745474815 0 0 0 0 0 0.3274007588624954 0.4905779510736465 0.1738114580512047 0.2948009818792343 53.46085669100285 2.380076669156551 0.2862290218472481 0.08305048197507858 0 0 0 0 0.5938047841191292 0.06231550127267838 5.14546974003315 21.1896079108119 4.714612133800983 11.75848892331123 0.5433750599622726 0 0 39.46820168197155 0.07256520539522171 0.07545025646686554 0.2632913514971733 0.2489780336618423 0.07146613299846649 0 18.24997900426388 1.021936163306236 0 18.99285690486431 13.55549117922783 28.17160277068615 49.19202300161123 7.161759734153748 1.925038054585457 24.73895912617445 0.3424935191869736 1.758106045424938 2.246902748942375 0 0.3311791010200977 0.2296168431639671 0.6584816351532936 0 0.1410943865776062 0 0 0 0.1239434480667114 0.3021150603890419 0 40.56845150887966 0.8865715935826302 0 1.123012959957123 3.069814279675484 0 0 0.6129174754023552 0 0 0 9.551673069596291 0 0.735602080821991 0.8363781571388245 0 0.6004416942596436 1.309885196387768 0.7633077502250671 3.194133400917053 0 0 0 0 0 0 0 0 0 0 0 0 0 0 0 0 0 0 0 0 0.3721406757831573 0 0 0 0.2314867526292801 0 0.3704138845205307 0.1059161946177483 0 0 0 0 0 0 0 0 0 0 0 0 0 0 0 0 0 0 0 0 0 0 0 0.5492852553725243 0.3425102531909943 0 0 0 0 0 0 0 0 1.400548256933689 0 0 0 0 1.805411256849766 0 0.1947232931852341 0 0 0.3215471506118774 0 0 0 0 0 0 0 0 0 0 4.034707903862 0.2138200253248215 0 34.44153370708227 2.669842153787613 53.24483679234982 11.38384449481964 17.91536949574947 7.73975995182991 0.4247912466526031 5.577759265899658 0 0 0 0 0 0 0 0 0 0 23.98978240787983 2.293160058557987
41.07086614519358 81.97582519054413 1418.14834099263 0 32.52225121855736 1.901344016194344 32.80095978826284 385.6976196393371 71.89689780771732 5.111116796731949 1118.39939262718 5.48664728552103 61.99826422333717 544.4597507417202 12.59081907942891 18.51521439105272 3.850959643721581 0.9608397483825684 0.9609839916229248 13.85337590426207 14.84537660330534 1.004990875720978 4.975714713335037 6.495762832462788 1.47182585299015 1.445546448230743 1.622118100523949 0.3480564951896667 0.6415112763643265 0.3187669329345226 751.1995556652546 1372.085762687027 949.7811031416059 7.582843519747257 11.36771081015468 1.353210814297199 12.27974896878004 8.255358446389437 1.455477230250835 0.6220022216439247 12.16680064797401 4.496084906160831 3.481108348816633 29.42747119814157 4.401649489998817 17.27170515060425 167.6170285008848 5.703060358762741 1.628434412181377 2.328441116958857 0.5836121737957001 0.3875239044427872 3.163761749863625 2.329458579421043 1.887059539556503 1.227095164358616 15.99810375273228 69.11369951441884 10.66443281620741 24.67729784548283 40.73517694324255 123.892545029521 21.47139600664377 273.8639024496078 0.2829687967896461 0.216957688331604 0.2097729295492172 0.528548464179039 0.6805136278271675 10.97468557581306 95.78450239449739 20.45801977068186 0.1007082462310791 43.31078949943185 29.66279298067093 64.08042104169726 162.3558310605586 303.2418579310179 1325.007328227162 2140.247316263616 75.16937452927232 1167.202887572348 5.919555641710758 0.08200693875551224 0.81782566010952 0.59204326197505 0.8541452810168266 0 0.4431209862232208 0 0.1366363987326622 0 1.33020430803299 1.894517533481121 1.710509240627289 59.99568771570921 16.1007761657238 0.4501659721136093 8.951925426721573 2.084197789430618 0.2123741880059242 0.2646722495555878 0.4526994749903679 0 1.003782533109188 0.5830842554569244 17.98831237107515 1.038880780339241 1.608840800821781 9.45213671028614 2.536487616598606 11.25543970614672 12.23541583865881 4.644940949976444 16.279914021492 0 0 0 0 0 0 0 0.3006743192672729 0 0 0.7385620027780533 0 0 0 0 0 0 0.4762369990348816 0 2.377754084765911 4.989583097398281 0 0.8298787549138069 0.4307363033294678 4.779683746397495 1.256774567067623 10.90305824577808 1.350853823125362 0.08251707255840302 0.5079168081283569 0 0 0.2106702774763107 0 0 0 0 0 0 0 0 2.931983299553394 0 0 0 0 0.05614852160215378 0.1069707423448563 0 0 0.09407185763120651 16.79022543132305 0.1346543878316879 0 0 0.1191231459379196 0 0 0 0 0.3006430268287659 9.73341529071331 0.07857335358858109 0 0 0 12.84616839140654 0.6209070757031441 4.610349431633949 0 0 0.08886007219552994 0.2804069817066193 0 0 0 0 0 0 0 0 0 31.05283687263727 4.107787929475307 2.73566123098135 174.1857108995318 8.436548866331577 181.995963588357 58.51471754163504 70.15822079777718 27.48836731910706 1.205725446343422 27.74766609072685 2.47994027286768 0 0.4838550984859467 0 0.4752278253436089 0.1042228937149048 0 0.1515750139951706 0.1862488389015198 0 36.41689084470272 19.06594194471836
0.741476833820343 148.6983241066337 104.5854590982199 0 1193.410278275609 0 1062.921923488379 71.89689780771732 607.8009559586644 1.41635325551033 857.6847912222147 4.186849698424339 806.4587418213487 686.5676536485553 0.2873006090521812 0.3351897746324539 0 0 0 0 0 0 0 0 0 0 0 0 0 0 20.28639052063227 22.09628031402826 5.070908360183239 0.08501732349395752 0 0 0.102442629635334 0 0 0 0 0 0 0.2889656648039818 0 0 13.86155004054308 0.3986919447779655 0 0 0.2203697711229324 0 0 0 0.4147860109806061 0.09790678322315216 1.189271211624146 3.436651721596718 1.034644290804863 2.521826133131981 0 0 0.1409229636192322 9.998739413917065 0 0 0 0.1098493188619614 0 0 1.177615940570831 0.2150114178657532 0 3.33198381960392 2.993944637477398 7.181335516273975 10.5109146758914 1.734227329492569 1.361143492162228 14.42979875206947 0.08503416180610657 0.1818734705448151 0.81871397793293 0 0 0.1189238056540489 0 0 0 0 0.07568129897117615 0 0 0 0 1.88552314043045 0.1531365364789963 0 0 0 0 0 0 0 0.1630033552646637 0 0.2013871073722839 0 0 0 0 0 0.9338018596172333 0 0.3992556035518646 0 0 0 0 0 0 0 0 0 0 0 0 0 0 0 0 0 0 0 0 0 0 0 0 0 0 0 0 0 0 0 0 0 0 0 0 0 0 0 0 0 0 0 0 0 0 0 0 0 0 0 0 0 0 0 0 0 0 0 0 0 0 0 0 0 0 0.1084599122405052 0 0 0 0 0 0 0 0 0 0 0 0 0 0 0 0.2949154675006866 0 0 11.72449631989002 0.5498472973704338 13.17641413211823 4.797494992613792 8.660571746528149 1.190075725317001 0.1348424404859543 0.54175665974617 0 0 0 0 0 0 0 0 0 0 0.8440406695008278 0
540.3392526954412 232.8662047684193 2.438991092145443 559.422064691782 2.072653770446777 154.2983671575785 194.9060433059931 5.111116796731949 1.41635325551033 647.0453672111034 34.532819211483 1129.258742839098 3732.563696250319 393.6627835631371 0.1184445545077324 0.660350613296032 0.114738866686821 0 0 0 0.1097307726740837 0.1530213356018066 0 0 0 0 0 0 0 0 21.03945691883564 2.191654868423939 79.06244990229607 0 0 0 30.82528552412987 0 0 0.5431101322174072 0 0 0 0 0.07447411864995956 0 1.599768474698067 0 0 0 0 0 0.5570197701454163 0 0 0 1.498274952173233 10.32206103950739 0.188981257379055 0 0 0 0.2256137579679489 1.971664279699326 0 0 0 0 0 0.1448003202676773 83.33381603658199 2.499094486236572 0 1.255583502352238 1.083037652075291 1.866620801389217 1.639599591493607 0.987716518342495 0.5290894359350204 4.422236517071724 0.1161607056856155 0.4004679620265961 0.7450744062662125 0 0.07158778607845306 0 0 0 0 0 0 0 0 0 0 143.447811178863 40.37735565006733 0.9442522525787354 3.805851504206657 35.65739648044109 0 0.5183199197053909 0 4.127463489770889 0.8148975074291229 2.524073511362076 117.3555907309055 1.401252374053001 6.270099744200706 29.36909857392311 1.854736894369125 16.01037393510342 13.42131192982197 2.665990263223648 11.10704405605793 0 0 0 0 0 0 0 0 0 0 0 0 0 0 0 0 0 0 0 0.133602574467659 0.469499409198761 0 0 0 1.706518784165382 0.1088654473423958 2.164340578019619 0 0.135499581694603 0 0 0 0 0 0 0 0 0 0 0 0 0 0 0 0 0.09217584133148193 0 0 0 0 0 6.050084322690964 0 0 0 0 0 0 0 0 0 4.481343783438206 0 0 0 0 2.813046738505363 0 0.6486006677150726 0 0 0 0 0.3515714108943939 0 0 0 0 0 0 0 0 24.30446077883244 0.9939214885234833 0.08258738368749619 7.327093012630939 0.337402731180191 2.835391536355019 1.469231173396111 29.94005857408047 1.290815830230713 0 0 0 0 0 0 3.517836570739746 0 0 0 0 0 133.3704526126385 36.52811190485954
26.25881204009056 372.482917457819 1237.672326348722 0 701.2502564936876 1.358229801058769 823.7869801074266 1118.39939262718 857.6847912222147 34.532819211483 526.7126005664468 21.09060171991587 524.971400462091 2154.851766720414 8.740143992006779 7.740029215812683 1.179116867482662 0.08377055823802948 0.2592697739601135 1.258643083274364 1.442242834717035 0.3606602773070335 0.7423708438873291 0.3144019991159439 0.9158999398350716 0.1571122705936432 0.1191703677177429 0.3443732261657715 0.3025500327348709 0 185.3119601532817 127.1057337075472 203.2470506206155 0.4531268104910851 1.59632957726717 1.562259510159492 23.89079730957747 4.769114695489407 1.829685539007187 1.154457546770573 2.12815772742033 0.2397875413298607 0.7883867546916008 5.43628940358758 0.1753003001213074 0.3860028758645058 130.967769920826 3.693615697324276 1.347318328917027 0.2504954636096954 0.373212642967701 0.4203631207346916 0.7718744650483131 0.3327505812048912 0.8872421383857727 0.8077030852437019 12.14192663878202 27.42871885001659 11.60634472966194 23.3013399168849 1.265564695000648 6.918160542845726 1.137267909944057 63.75816742703319 0.1677367016673088 0.6349094398319721 0.3190874829888344 0.2877060100436211 0.3016621768474579 1.201097548007965 88.18297180533409 6.510965541005135 0 36.43135216832161 19.60314539074898 53.13641911000013 106.2991293743253 33.2667101919651 72.88491205126047 393.1480790600181 1.808807618916035 22.5517220646143 5.857001878321171 0 0.8647986277937889 0.3682120591402054 0.4094718992710114 0 0.6163774579763412 0 0.2481710836291313 0 0.5759983360767365 0.2926964312791824 0.1627753302454948 28.65242256224155 4.674215920269489 0.1008063331246376 5.330006390810013 1.304226860404015 0 0 0.08324182778596878 0 0.3392651006579399 0.2574303448200226 7.059847414493561 0.09675034135580063 1.787787728011608 3.230078794062138 1.187909238040447 4.432321421802044 7.964624218642712 3.419728152453899 6.095892407000065 0 0 0 0 0 0 0 0.8655761927366257 0 0 0 0 0 0 0 0 0 0.3551793694496155 0 0.9256259277462959 1.634066067636013 0 1.063801869750023 0 2.011353120207787 0.2194196358323097 4.685910724103451 1.402044594287872 0.08889694511890411 0 0 0 0 0 0 0 0 0 0 0 0.07696560025215149 0.5175633504986763 0 0 0 0 0 0 0 0 0 6.273339353501797 0.08950365334749222 0 0 0 0.07214046269655228 0 0 0 0 4.100327759981155 0 0 0 0 3.782647222280502 0.4683294519782066 2.092339009046555 0 0 0.0768045037984848 0 0 0 0 0 0 0 0 0 0 16.90153361111879 2.69405722618103 1.292018614709377 146.9609444513917 6.917441166937351 151.5122721642256 49.10202333331108 64.81882706284523 25.13149740546942 0.7311229780316353 15.86350890249014 0.7716859877109528 0 0 0.08599227666854858 0.4408422261476517 0.09306132793426514 0 0 0.264989010989666 0 20.86622533202171 8.021527521312237
30.86167109012604 16.5189600288868 0.7336128279566765 165.0256730616093 1.934562742710114 24.72466970980167 80.89986473321915 5.48664728552103 4.186849698424339 1129.258742839098 21.09060171991587 29.34390239417553 1263.51633502543 201.8223074376583 2.341676600277424 2.486872918903828 0.2998665124177933 0 0 0.2709638401865959 0.2641830593347549 0 0 0.05846716836094856 0 0.3635958284139633 0 0 0 0 1.944052807986736 9.261762253940105 77.54560942947865 0.3071818426251411 0 0.3678308129310608 152.8674754276872 5.25191867351532 3.572248876094818 1.443200513720512 0.8850796297192574 0.09453322738409042 0 1.33155345916748 0.218383364379406 0 14.5255113914609 0.7286050766706467 0 0.08582748472690582 0 0.1978225558996201 1.388500213623047 0.0850561186671257 0 0 0.8157393410801888 1.4761658385396 0.582247793674469 1.28067235648632 0.261335127055645 2.174158476293087 0.1113321781158447 4.592715792357922 0 0 0 0.3130237758159637 0 0.3270598873496056 147.0149586573243 7.303367786109447 0.3333414494991302 0.9195816293358803 0.7483954727649689 2.903673849999905 10.71761444211006 8.137593630701303 3.603237256407738 13.00955002009869 0.6409023553133011 0.9987512826919556 0.6558887660503387 0 0.09603078663349152 0 0 0.08587212115526199 0 0 0 0 0.259033203125 0.2020139098167419 0.07227668166160583 263.2165935859084 4.73325976729393 0.5046143680810928 10.53710995614529 1.726611748337746 0 0.1918678283691406 0 4.710841029882431 1.328744411468506 0 93.78295376896858 1.511355400085449 5.84583954513073 32.81751063466072 2.671327687799931 15.56989973783493 18.05055860430002 6.267597250640392 15.87910909950733 0 0 0 0 0 0 0 0 0 0 0 0 0 0 0 0 0 0.4579891860485077 0 0.9941722974181175 5.515308141708374 0 0 0 1.587488792836666 0.113940417766571 4.948196694254875 1.283246859908104 0 0 0 0 0.183122992515564 0 0 0 0 0 0 0 0 0.2723908573389053 0 0 0 0 0 0 0 0 0.1049433797597885 8.451288811862469 0.9806203469634056 0 0 0 0 0 0 0 0 6.770520076155663 0 0 0 0 8.755571641027927 0.2246431410312653 2.74535658955574 0.06421650946140289 0 0 0.189334899187088 0.1521588414907455 0 0 0 0 0 0 0 0 62.25299735367298 2.27383866161108 0.7131784930825233 33.02208090573549 0.7882161512970924 21.88228139281273 7.158815547823906 11.99977269023657 2.924421407282352 0 9.966473586857319 1.218709245324135 0 0.8503807559609413 0 0.1561760306358337 0 0 0 0 0 190.7842076644301 29.67771339416504
51.69749374687672 575.2457640990615 65.00443803519011 439.2134162783623 394.1879352331161 20.03067757189274 487.0424008518457 61.99826422333717 806.4587418213487 3732.563696250319 524.971400462091 1263.51633502543 518.8123130276799 2882.635791599751 6.340995520353317 6.844907179474831 0.8994753882288933 0.08317878842353821 0.1674873381853104 0.6617144048213959 1.34285057336092 0.8691022768616676 0.2462469637393951 0.4643813073635101 0.2789399772882462 0.2693061530590057 0 0.4367240369319916 0.09448391199111938 0.1191087067127228 22.12591259926558 52.5647380053997 658.0613668709993 0.3911784589290619 0.5135849192738533 0.3304267153143883 555.5293436571956 2.924074307084084 6.008716464042664 0.7065061554312706 1.678152747452259 0.5894543528556824 0.248781830072403 3.116162493824959 0 0.5704667940735817 73.69125221669674 1.299365751445293 0 0.1816941797733307 0 0.2000894919037819 2.075046420097351 0.1505068987607956 0.167665034532547 0 2.001844644546509 7.5773009583354 1.952826619148254 4.643880113959312 0.5277618169784546 6.57275228202343 0.9841580092906952 26.76768206804991 0.09883897751569748 0.2433928996324539 0.1502598449587822 0.1761939525604248 0.147594541311264 0.847202941775322 408.2818647176027 12.81625434756279 0 11.35735835134983 6.391282498836517 14.29977310448885 59.02868966013193 25.3326867967844 19.81169626116753 98.62257446348667 1.442449018359184 4.402227953076363 1.360415033996105 0.09200645238161087 0.1726632937788963 0.09159597009420395 0.1840066164731979 0 0.1965494006872177 0 0.08318574726581573 0.1033585146069527 0.2272976338863373 0.1835086494684219 0 645.4531523138285 8.569750264286995 0.2062910571694374 13.47586614638567 0.760865181684494 0 1.445848733186722 3.015536695718765 13.17489713430405 1.83818743377924 1.394508749246597 66.61688011884689 6.023781895637512 15.86533197760582 47.24210903048515 5.25407924503088 42.61453132331371 53.98543033003807 11.896080493927 35.22249682247639 0 0 0 0 0 0 0 0 0 0 0 0 0.1570939123630524 0 0 0 0.319618433713913 0 0 2.318328253924847 6.733435608446598 0 0.2799181342124939 0 3.626077271997929 0.6177888214588165 6.0726388245821 1.453440763056278 0 0 0 0 0 0 0 0 0.1390055269002914 0.1287347972393036 0.0676228255033493 0 0 0.5158645063638687 0 0 0 0 0 0 0.2331274002790451 0 0 11.12067138403654 0.2160224467515945 0.07367128878831863 0 0 0 0 0 0 0 13.73096090555191 0.1139557287096977 0 0 0 8.492122478783131 0.3127132058143616 4.186871714890003 0 0.08426272869110107 0 0.6012739837169647 0.3445115685462952 0 0 0 0 0 0 0 0 69.89576201140881 3.869556538760662 0.4646828174591064 97.21336267143488 4.268976926803589 76.6378376558423 18.94861112535 23.35435310006142 13.03626942634583 0.136271595954895 19.67778453230858 1.634446628391743 0 0.6919118016958237 0.5658850520849228 2.926534309983253 0.7052219212055206 0.280442088842392 0 0 0 150.9421188309789 39.17058300226927
5.175410717725754 509.1433024257421 348.7293367832899 60.23234355449677 1082.133950546384 14.3799133002758 1627.191784352064 544.4597507417202 686.5676536485553 393.6627835631371 2154.851766720414 201.8223074376583 2882.635791599751 951.8978949412704 13.7722902931273 14.51329423487186 1.828333333134651 0.2740540206432343 0.1630506366491318 1.336550921201706 2.378681667149067 1.033219538629055 0.5635403245687485 0.5960457324981689 2.424404315650463 0.4423428624868393 0.2494257092475891 0.4460060968995094 0.4268774539232254 0 48.96834824979305 107.5431103408337 810.2380364388227 0.2961423024535179 2.629084162414074 12.12967850267887 474.363413400948 20.36923129111528 14.49053705483675 4.590680673718452 2.680767141282558 1.353133380413055 0.4143140017986298 7.237455658614635 0.4183153882622719 0.8970598950982094 143.0308083109558 3.408985801041126 0.4909402579069138 0.6063070371747017 0.3118645250797272 0.1010388433933258 5.611835904419422 0.7019391655921936 0.2186226546764374 0.1926015019416809 5.843095049262047 14.8261584341526 8.440510652959347 15.80656727403402 0.9329028725624084 14.54235097020864 1.531220220029354 53.82805298268795 0.1433855816721916 0.3427610248327255 0.1526029482483864 0.1008872985839844 0.1299145817756653 2.056146413087845 567.6837146952748 17.71834170073271 0.1093717887997627 20.78351842612028 15.49545966088772 43.8327592164278 114.5369051396847 51.48472795635462 45.16341879218817 242.3185464739799 2.783710561692715 17.39486499130726 4.024103388190269 0 0 0.3822908475995064 0.3643213286995888 0 0.4093115106225014 0.0854155421257019 0.2018931657075882 0.3131186068058014 0.602596178650856 0.08551653474569321 0.3059081137180328 285.3158235549927 16.96422609686852 0.9001897647976875 29.46871080994606 1.611601948738098 0 0.170583963394165 0.4141053780913353 0.160653367638588 3.686795264482498 1.877870991826057 49.89161233603954 0.7674953788518906 8.150300204753876 23.2177510112524 4.175297290086746 16.5853793695569 27.68763730674982 8.603418372571468 22.72480094432831 0.260517805814743 0 0 0 0 0 0 0 0 0 0 0 0.1604515612125397 0 0 0 0 0 0 3.014567457139492 8.438701085746288 0 0.2563336044549942 0 4.987295649945736 0.7991997301578522 6.940474905073643 2.512950554490089 0 0 0 0 0 0 0 0 0 0.1692483276128769 0 0 0 1.248178027570248 0 0 0 0 0 0.1143160611391068 0 0 0 16.56750550121069 0.9511430338025093 0 0 0.1062522158026695 0 0 0 0 0 12.02217087894678 0.3608899191021919 0 0 0 14.54212953150272 0.4530084133148193 4.321246773004532 0 0 0 0.09562549740076065 1.241672836244106 0 0 0 0.1675931960344315 0 0 0 0 64.4801215082407 4.957758262753487 2.124101869761944 166.2125728279352 6.135124161839485 161.1654598936439 48.08003108948469 61.12222361564636 28.80880834162235 0.5062294527888298 34.28641197085381 2.705477513372898 0 0.4104258194565773 0.4813438206911087 0.3281402066349983 0.1389502882957458 0 0 0 0 109.2215213105083 33.60477259755135
0.4071181863546371 2.520896553993225 2.252980709075928 0 0.3260949775576591 0 2.830508932471275 12.59081907942891 0.2873006090521812 0.1184445545077324 8.740143992006779 2.341676600277424 6.340995520353317 13.7722902931273 539.498840264976 1232.648677267134 137.3777758777142 5.193980410695076 10.78827019780874 4.31354046612978 1.497920665889978 1.405560657382011 0.4471156448125839 1.252812795341015 13.84256597980857 0.3531000912189484 0.2934259846806526 0.08952739834785461 0.7390133142471313 0.06362120062112808 1.615472584962845 5.733198419213295 28.77672739326954 6.701144948601723 2.206068441271782 40.17418938875198 14.82275821268559 47.96618860214949 23.07993047684431 20.10733969509602 0.7898877561092377 1.741022523492575 1.853405937552452 183.6187322512269 12.25311727076769 17.25677080452442 276.2252302393317 4.204350471496582 14.00236686319113 4.149365816265345 0.2553646937012672 0.9955866485834122 16.4396613240242 1.815878268331289 0.1645457148551941 0 1.099206358194351 1.110762380063534 4.051132217049599 129.7833547331393 11.65014930069447 19.39299638569355 4.978584244847298 7.719199933111668 0.06103737279772758 0.172317698597908 0.07935725152492523 0.1805708333849907 0.6918313279747963 2.043256565928459 44.12163864076138 8.107241980731487 0 213.5217943638563 3.024670265614986 825.7651327848434 552.4003989323974 350.3110960796475 13.83851456642151 5.636934392154217 18.51050423830748 24.59616482257843 1.92518175393343 0 0.2457084357738495 0.08584752678871155 0.3767646104097366 0.08242602646350861 0.2527376785874367 0.1528884842991829 0.3089353516697884 0.3755130395293236 0.5412381440401077 0.6911311149597168 2.354814827442169 13.87745437771082 22.68023727834225 1.21120498329401 42.55263151973486 0 0 0 0.2094713747501373 0 0.2045779153704643 0 0.6104596257209778 0 0.4425956606864929 0.9407221376895905 0 0.915073536336422 0.8317659422755241 0.121801495552063 1.126802429556847 0 0 0 0 0 0 0 0.3197868168354034 0 0 0.1896918267011642 0 0.1018532738089561 0 0 0.3631537854671478 0.09603621065616608 0.3123481869697571 0 0.1996883451938629 0.5649655908346176 0 0.757183313369751 0.1174903139472008 0.4971811026334763 1.619921363890171 2.458516292273998 1.663959324359894 0.3305721580982208 0.7306963801383972 0 0 0 0 0 0 0 0 0 0 0 0.4194781184196472 0 0 0 0 0 0 0 0 0.1048340871930122 2.597281843423843 0.137950986623764 0 0 0 0 0 0 0 0 1.07229869812727 1.209148377180099 0 0 0 1.449825882911682 0.09235462546348572 0.7748111933469772 0 0 0 0 1.28413388133049 0 0 0 0 0 0 0 0 1.398656040430069 2.392126388847828 1.543276377022266 6.370919853448868 2.501420326530933 88.92655513063073 33.65242349356413 7.518243499100208 5.163611620664597 0 6.251345597207546 0.8373170793056488 0 0.1513340398669243 0 0.184853658080101 0.08561369031667709 0 0 1.879606246948242 0 2.967972308397293 1.955964110791683
0.7142930924892426 0.9324027448892593 4.061928130686283 0 0.211645096540451 0.4228770732879639 1.559964627027512 18.51521439105272 0.3351897746324539 0.660350613296032 7.740029215812683 2.486872918903828 6.844907179474831 14.51329423487186 1232.648677267134 1594.116050980985 915.2537387385964 109.4506471604109 387.1379890665412 86.66954148188233 16.2213052585721 9.320681214332581 2.104039117693901 3.584070615470409 37.34821116924286 5.119727060198784 1.871769517660141 5.661357376724482 4.940055377781391 3.422322075814009 3.471294894814491 15.45537837967277 90.36513092368841 108.4835226014256 4.957152985036373 168.189369790256 56.81289430707693 212.5049779564142 82.927315749228 64.28586802631617 10.22331369668245 17.69480028003454 64.99794768542051 1473.531575351954 354.7946944758296 170.124317407608 1318.051101095974 43.37778426706791 321.5519401803613 153.3902386203408 3.380720153450966 4.550110153853893 42.39467833936214 27.67164723202586 1.203497089445591 0.3160722479224205 4.279443547129631 4.271180521696806 12.28311994671822 37.56277395784855 88.62538864463568 90.44671337306499 27.36399409919977 56.69562022387981 0.5075701475143433 1.090214855968952 0.4979755580425262 3.133029326796532 11.48039345443249 29.39150203764439 125.4725857079029 18.01340959966183 0.08526579290628433 29.75258709862828 14.10668160021305 1067.936982218176 1144.0922761783 1355.529498055577 60.33362706750631 17.93322221189737 425.285200111568 84.73474282771349 8.236728996038437 0 1.459785714745522 1.102316230535507 9.44821123406291 0 2.985539466142654 0.3709111362695694 3.117163427174091 3.667774427682161 6.603937670588493 4.160874731838703 21.54890302568674 41.95086661726236 71.47857184708118 1.776289753615856 125.1288135871291 0.133434385061264 0 0 0 0 0 0 0.8251054361462593 0 0 0.6123843863606453 0.6166267096996307 0.5196924582123756 1.150396473705769 0.5289376899600029 4.630586199462414 0 0 0 0 0 0 0 0.7792109251022339 0 0 2.689623020589352 0 0.7742112278938293 0.4169909507036209 0 0.5923123359680176 0 0.7641480267047882 0 0.3776215687394142 2.048548206686974 0 1.064938865602016 0 1.64366415143013 3.233475990593433 5.245480179786682 2.546724587678909 0.6847923770546913 2.96458800137043 0 0 0 0.8874213695526123 0 0 0 0 0 0 0 3.240844622254372 0.6185615658760071 0 0 0 0 0 0 0.5626650452613831 1.197564870119095 3.751316234469414 0.09569059312343597 0 0 0 0 0 0 0 0.1190359443426132 2.18023157119751 1.819717198610306 1.337612673640251 0 0.3069517314434052 4.356504492461681 0.4215906783938408 1.867614611983299 0.07552583515644073 0 0.08873210847377777 0 0.3621396571397781 0 0.07122880220413208 0 0 0 0.0930497795343399 0 0.4484502077102661 2.767709068953991 2.945405088365078 2.255287423729897 192.7302198335528 24.61024197936058 813.0463792718947 304.8395989313722 84.03152395039797 45.52210104465485 0.6214435547590256 81.11666048318148 4.381525307893753 1.311313316226006 1.25739037245512 1.08725868165493 0.2012287676334381 0.4395772218704224 0 0.1868949830532074 7.517763540148735 0.1715265214443207 9.569103270769119 4.497043363749981
0.7799824252724648 0 0.8682672530412674 0.2716077864170074 0.1301060020923615 0.1225667670369148 0.122920498251915 3.850959643721581 0 0.114738866686821 1.179116867482662 0.2998665124177933 0.8994753882288933 1.828333333134651 137.3777758777142 915.2537387385964 244.4193524643779 1192.785511881113 856.1603868678212 615.2405101805925 16.78064589202404 15.11595577001572 34.9537922590971 75.35394804924726 77.23806397616863 52.96214904263616 59.25135654956102 42.16455883532763 64.42485985159874 75.85669113695621 1.77619307488203 9.172962065786123 37.6968744173646 221.6698708124459 23.7842844799161 89.2074211910367 21.72756694257259 71.62444394081831 65.80691899359226 133.8393961116672 8.048087753355503 14.53111135214567 65.8218697682023 472.5516419410706 1131.260855615139 136.8996943980455 930.3129231445491 224.1647395640612 638.4669029787183 384.6428676992655 12.94399167597294 14.54668129235506 118.2027570009232 45.11229714751244 0.9439398944377899 1.227372728288174 2.005364932119846 2.175652988255024 19.88223204761744 54.31314271688461 43.32368884980679 27.7340231873095 43.58982624858618 7.564564149826765 0.3181106597185135 4.428518153727055 1.268937639892101 13.38654015213251 26.70303875207901 14.02267968654633 25.87916315346956 13.70465864241123 0.338326521217823 4.152686312794685 1.975135378539562 22.39854945987463 116.1871008276939 135.4614259675145 9.497303359210491 3.361584655940533 47.4512223303318 19.85214599967003 11.83118881285191 0 2.735730960965157 3.606706812977791 27.53296003863215 0.4635926857590675 5.832255445420742 2.379752680659294 13.6509710252285 14.93636847287416 8.510266430675983 17.47316064685583 47.55254835262895 8.566566050052643 32.40942614525557 2.452927753329277 99.11476894468069 0 0 0 0 0 0.5043311417102814 0 0 0.2582414746284485 0.3801710158586502 0 1.343475431203842 0.6240786910057068 0.5383708775043488 0.1101152673363686 1.043150760233402 0 0 0 0 0 0 0 0.3907190263271332 0 0 3.882249891757965 0 1.193960875272751 0 0 0.4063876494765282 1.80011111497879 0.5786076188087463 0.9834298640489578 0 0.5698138922452927 0 0.8804401159286499 0.3712534606456757 1.504348821938038 1.258537538349628 3.868899188935757 1.538444146513939 1.98864459246397 0.9663681834936142 0.9913484901189804 0.06375255435705185 0 0.4160870313644409 0 0.410109668970108 0.05450710281729698 0 0 0 0 3.046475008130074 2.234736330807209 0 0 0 0 0 0 0 2.530274271965027 1.195716962218285 0.2252157554030418 0 0 0.08546927571296692 0.1721058040857315 0 0.2839469611644745 0 0 0.3448064774274826 2.909442774951458 0.9427043497562408 0.176240086555481 0.9161291867494583 1.776996817439795 1.913150765001774 0.9197446033358574 0 0 0 0.1350442916154861 0 0 0 0.5498790144920349 0 0.2133862003684044 0.1642904728651047 0.3698248937726021 0 1.839255928993225 1.160003028810024 1.457658715546131 56.60399626195431 222.8847673162818 774.9151369705796 163.9632610604167 30.82908947020769 9.47741025686264 0.6483590006828308 18.86386343091726 1.073105782270432 0 0 2.76151505112648 0 0 0 0 8.471611626446247 0.1508355438709259 22.64438966661692 1.65741328895092
