86.68700143694878 1219.348451681435 846.9778691157699 794.6601722240448 35.75532599538565 26.77958357334137 108.2110909074545 205.3170902132988 2.112315908074379 1085.105578936636 82.99037864804268 13.65945968031883 36.6773823350668 163.2146951034665 0.157271072268486 0.2701115757226944 0.2215637266635895 0 0.09580806642770767 0 0 0 0 0.1204009279608727 0 0 0 0 0 0 361.9054212793708 0.5454308390617371 3.132391110062599 0 0.1877544447779655 0.2312402874231339 3.156267158687115 0.1180185601115227 1.203072167932987 0 0.7637097239494324 0 0 0 0 0 6.632485315203667 4.365987598896027 0.7034710869193077 0 1.174979440867901 0.5758522748947144 0 0 5.048209510743618 9.257567889988422 182.7380005344748 290.2208145409822 26.17503616958857 4.559733554720879 0 0 0.09902059286832809 2.7472879961133 6.021573424339294 1.358742922544479 2.413772217929363 1.31015657633543 0.5613057911396027 0.0808742493391037 2.763487920165062 2.062726527452469 0 113.2373882606626 19.20722512900829 2.144448705017567 1.863267950713634 0.1919503062963486 0.2637761756777763 11.56403540074825 0 0.1442259550094604 8.17472979426384 0.2389258742332458 1.824609003961086 6.016724728047848 1.82565712928772 0 1.431768342852592 0.5076867938041687 0.7714789360761642 0.1881452947854996 0.186128705739975 0 0 48.47345915436745 7.571305364370346 0.3594254851341248 2.459883511066437 1025.256609328091 0 0 1.854669332504272 0 0 5.579111456871033 4.971202850341797 0.990373969078064 8.635786414146423 21.10868060588837 0 4.08265845477581 18.07012125849724 4.051256641745567 7.138945788145065 0 0 0 0 0 0 0 0 0 0 0 0 0 0 0 0 0 0 0 0.7360698580741882 0 0 0 0 2.933680012822151 0 1.586519837379456 0.1332139521837234 0 0 0 0 0 0 0 0 0 0 0 0 0 0 0 0 0 0 0 0 1.412811994552612 0 0 0 0 0 0 0 0.1018396839499474 0 0.08139123022556305 0 0 3.664727345108986 0 0 0 0 1.331122100353241 0 0 0 0 0 0 0 0 0 0 0 0 0 0 0 9.401036947965622 0.3327987194061279 1.605142116546631 93.92666717618704 1.565887689590454 61.78923155367374 1.340110316872597 528.0388759374619 4.459277808666229 4.131889253854752 0.2175363749265671 1.064420700073242 0 0 0 29.5992243885994 0 0 0 1.120248556137085 0 208.3193481862545 27.31145489215851
1219.348451681435 3646.335050225258 1193.970759347081 480.5656184628606 1802.859951607883 5.722999900579453 1594.895734973252 607.7835727035999 2187.913959786296 2925.765680097044 736.1258807331324 150.5185566470027 587.7440512850881 1996.323022298515 11.73703880608082 11.2009833753109 3.157479681074619 0.6930054277181625 0.09790724515914917 0.2699197679758072 0.5985282808542252 1.103017911314964 0 0.07687688618898392 3.482776902616024 1.167632959783077 0.9330207705497742 0.1648275628685951 0.3492513746023178 0 1662.205938793719 15.55105672776699 38.32302241027355 1.400692462921143 6.092063501477242 2.95464613288641 19.54896001517773 3.092553712427616 7.154559433460236 1.78395614027977 4.76988896727562 1.720275342464447 1.213800296187401 1.035835601389408 0.6380200013518333 0.3241938501596451 113.0784992948174 36.20492657274008 2.146509900689125 1.425939872860909 7.080382473766804 1.203686282038689 0.3967164680361748 0.5102987512946129 25.3179217800498 43.70079439505935 211.0429825633764 946.9751099646091 101.5594612807035 57.07377918809652 1.549498215317726 3.491088777780533 1.067004658281803 124.5754265338182 27.77112293243408 12.00436668843031 14.24265281111002 10.60233770310879 5.540085084736347 0.9043193235993385 16.89531398564577 1.172141999006271 0.1716264337301254 518.3901002705097 281.9094297289848 62.93945122510195 52.0753791667521 7.90026494115591 7.041419006884098 119.547804992646 1.434917084872723 13.37477700412273 59.90346214175224 1.404318623244762 13.70965202897787 27.6612189039588 12.71705660969019 0.4702776744961739 8.243517711758614 0.1955369487404823 2.032314330339432 0.6115062981843948 5.734231904149055 3.111760094761848 0.6648545190691948 36.8214935734868 19.03821301460266 0.466401219367981 11.54130848497152 754.9153466969728 1.184515528380871 1.241547346115112 0 0 0 2.95064902305603 0.4981772750616074 0.2341111153364182 3.347045421600342 1.030557572841644 0.6333118975162506 6.429511718451977 5.625401459634304 3.714296534657478 3.496724434196949 0 0.41988205909729 0 0 0 0 0 0 0 0 0.1446533054113388 0 0 0 0 0 0 0 0 1.24983286857605 0.5185749530792236 0 0 0 3.999585583806038 0.6217136085033417 3.810243614017963 7.472756147384644 0.2342057600617409 0 0 0 0 0.5011152625083923 0 0 0 0 0 0 0 0.3041472136974335 0 0.06893599778413773 0 0 0.6615932881832123 0.3025414198637009 0.3029745519161224 0 0 1.231229066848755 0 0 0 0 0 0 0 0 0 5.346046194434166 0 0.2061893194913864 0 0 1.132467567920685 1.084174871444702 0.7151160538196564 0.1513063162565231 0.850449912250042 0.5786165595054626 0 0.5788762420415878 0 0.0845690444111824 0 0 0.339736595749855 0.09226537495851517 0.2119077444076538 0 6.249031312763691 3.895509906113148 6.660390555858612 227.1243461593986 16.43846736103296 551.2059240788221 40.83088426291943 283.2211469560862 77.14420709013939 4.247663058340549 36.32607620954514 6.627882681787014 0.2193988338112831 3.663854867219925 0.3730111792683601 3.257035136222839 0 0.1077569872140884 0 8.864111706614494 1.171041205525398 67.14275427162647 9.952104203402996
846.9778691157699 1193.970759347081 900.9130570814013 5.067522116005421 272.5405710637569 0 95.21546686440706 2515.646868735552 529.4640009775758 19.89585189521313 802.5157744511962 38.4275506362319 157.4836115986109 1220.99699370563 3.379819922149181 2.431676641106606 0.8085459843277931 0.6758239567279816 0 0.6182974204421043 1.561203390359879 1.557284563779831 0 0.4181946218013763 8.854977831244469 0.5789791792631149 1.346650645136833 0.9753905832767487 0.08480099588632584 0.1962068229913712 3539.826982706785 1224.824908688664 100.4567474350333 1.727693654596806 11.31240516155958 5.910659961402416 27.39757158607244 7.827095583081245 13.81383036822081 4.119278408586979 11.43333442509174 1.676632970571518 0.4671915024518967 0.7275314033031464 0.8586621657013893 1.761934712529182 8.902811102569103 1.390282489359379 0.413200668990612 1.030917808413506 2.475091472268105 0.4299148172140121 0.1928875669836998 0.6519194468855858 1.706627562642097 1.14017004519701 20.10557916015387 208.7749343588948 6.219690069556236 1.715661488473415 7.426009930670261 8.527289509773254 0.9985657334327698 371.5477225184441 0.8146147802472115 0.3644594475626945 2.047079168260098 2.627871707081795 5.783786498010159 2.067548364400864 11.08277018368244 1.822364985942841 0 25.03288482129574 21.38934984058142 6.341835297644138 15.52798458188772 20.58259209245443 157.6347546875477 682.8479822799563 6.817155420780182 73.26939273625612 2.002230823040009 0 0.2347090914845467 0.8047405704855919 1.562281385064125 0 0.2874859869480133 0 0.7602965384721756 0 10.40620046854019 2.702598944306374 0.5970333814620972 19.18606901168823 5.638811811804771 0 7.776578471064568 121.8804368674755 0.5569043755531311 0 0 0 0 1.97010138630867 0 0.486362099647522 1.171628102660179 0.4051322191953659 0 2.391107313334942 2.221440553665161 1.26746316999197 0.8219808861613274 0.2309956550598145 0 0 0 0.157321110367775 0 0 0 0 0 0 0 0 0 0 0 0 0 0 0.3529834821820259 0 0 0 0 2.414296500384808 0.3308467268943787 2.117463074624538 3.242412388324738 0.111283078789711 0 0 0 0 0.1295696794986725 0 0 0 0 0 0 0.1703870445489883 0 0 0.09589547663927078 0 0 0 0 0 0.1917184144258499 0 1.127659410238266 0.12612085044384 0 0 0 0 0 0 0 0 1.740105748176575 0.1365257948637009 0 0 0 0.2496184036135674 0 0.3469771593809128 0.1181846782565117 0.08594388514757156 0.4089660421013832 0 0 0 0 0 0 0.09816020727157593 0 0 0 2.862373396754265 1.864585861563683 1.591306634247303 30.92261608690023 1.612953692674637 35.04584277421236 9.836856186389923 17.95175588130951 5.231490641832352 0.1559105515480042 3.82617474347353 1.931695662438869 0 2.300012849271297 0.1709957122802734 0 0.4677447974681854 0 0 3.176287598907948 0 3.703764028847218 2.482496440410614
794.6601722240448 480.5656184628606 5.067522116005421 160.7511052116752 96.31002806127071 108.5674829781055 164.5972566753626 2.489546038210392 79.35852710157633 1155.504814051092 3.916141465306282 20.8101037889719 119.6951275989413 41.63443916290998 0.4757477566599846 0.929819792509079 0.6819082573056221 0 0 0.1444671452045441 0 0 0 0.1069838181138039 0 0 0 0 0 0 58.00608822703362 0 0.2537994980812073 0 0 0.07736238092184067 1.205253012478352 0 1.157977610826492 0.3030216991901398 0.07344968616962433 0 0 0.3205784633755684 0 0 17.58232459425926 11.46592367440462 0.1794855445623398 0.09618892520666122 2.467293113470078 0 0 0.07575886696577072 11.83280031383038 20.70479901880026 116.446551643312 364.5041953846812 48.54668933153152 15.35778845101595 0 0.2370428815484047 0 15.50597809255123 13.17157851904631 5.06671904027462 4.605152912437916 4.175789698958397 0.7157573997974396 0 2.833403237164021 1.487766027450562 0.2913287878036499 227.3311273232102 68.74613057076931 10.12077851593494 4.641723588109016 0.601524144411087 0 0.234197236597538 0.166478618979454 0.6214032247662544 23.80802098661661 0.349907860159874 4.427372023463249 13.68122947216034 4.941675990819931 0.2881492078304291 2.752881243824959 0.1688141673803329 0.8442782908678055 0.3094005882740021 0.09027724713087082 0.08341962099075317 0 86.40800577402115 2.540181055665016 0 1.670131683349609 627.907914146781 0.6732499375939369 1.198019586503506 3.383954256772995 2.980783462524414 0 1.702831119298935 1.538217470049858 3.774287551641464 11.25422063469887 13.76651944220066 0 5.281380951404572 8.612604692578316 4.657197862863541 3.707394257187843 0 0 0 0 0 0 0 0 0 0 0 0 0 0 0 0 0 0 0 0.3914794698357582 0.6834197640419006 0 0 0 1.148861892521381 0 0.2273549437522888 0.4598554372787476 0.3573085963726044 0 0 0 0 0 0 0 0 0 0 0 0 0 0 0 0 0.1263424307107925 0.4661653190851212 1.399797759950161 0 0 0 0.1671426594257355 0 0.08789601176977158 0 0 0.1664248257875443 0 0 0 0 1.056832641363144 0 0 0 0 0.07444774359464645 0 0 0.5018678158521652 0.3221358880400658 0.1451321989297867 0 0 0.08948556333780289 0 0 0 0.1129654496908188 0 0 0 4.783252343535423 0 1.178091704845428 53.35491143167019 4.064369648694992 168.6454521566629 3.884430103003979 481.6723488271236 14.35164698213339 1.142727352678776 3.338700801134109 1.470726534724236 0 2.40505650639534 0.2394751757383347 3.334002234041691 0.3164114505052567 0 0.1819072663784027 0.9167380034923553 0 155.1328395158052 5.20286038517952
35.75532599538565 1802.859951607883 272.5405710637569 96.31002806127071 1850.52648781985 0.4007995128631592 1899.344330996275 413.871902666986 4744.913688935339 427.2002804577351 815.5136991068721 35.05321391671896 259.2257204130292 2084.197769507766 2.123606748878956 1.672345601022243 0.3165482878684998 0 0 0 0 0 0 0 0.2421949803829193 0 0 0 0 0 49.82219056785107 1.909097969532013 1.819459408521652 0 0.1241563931107521 0.2485330104827881 3.084182374179363 0.2911610007286072 1.650522224605083 0.07586432993412018 0.3344760984182358 0 0 0.1347140073776245 0.1909729540348053 0 15.73224069178104 2.601468659937382 0.4730757623910904 0 0.6512003317475319 0 0 0 1.694228924810886 1.416245833039284 6.093032374978065 38.65459457039833 5.335090920329094 5.491963751614094 0.7349222898483276 0.3284985423088074 0.4381139427423477 17.38080209493637 1.547366410493851 0.4647222757339478 0.6874637752771378 0.5206580385565758 0.1863159537315369 0.4139771088957787 3.501463204622269 0 0 29.3862816914916 26.77548948675394 9.179335884749889 8.128503404557705 0.4939999952912331 0.3171973302960396 2.992240004241467 0 1.369452200829983 3.701665826141834 0 1.263837069272995 1.569290153682232 0.8729470372200012 0 0.8781713098287582 0 0.2368510067462921 0 0.3095991611480713 0.1580562815070152 0.06929221004247665 7.776305601000786 3.658013001084328 0 2.362265571951866 7.917968064546585 0 0.2013915330171585 0 0 0 0 0 1.114019364118576 0.7222558110952377 2.77218422293663 0.1568504422903061 0.8122924119234085 3.744337409734726 0.8762730062007904 1.327394500374794 0 0 0 0 0 0 0 0 0 0 0 0 0 0 0 0 0 0 0 0.5893822908401489 0 0 0 0 1.589767813682556 0 0 0.7695584818720818 0 0 0 0 0 0 0 0 0 0.1115538254380226 0.1546746045351028 0 0 0.1044373661279678 0 0 0 0 0 0.1567355096340179 0 0 0 1.051844477653503 0 0 0 0 0 0 0 0 0 1.439937591552734 0 0 0 0 0.1201693788170815 0 0 0 0 0.1837303340435028 0 0 0 0 0 0 0 0 0 0 1.276349268853664 1.960292592644691 0.6229695826768875 37.53609493374825 1.091820731759071 62.85703901946545 6.654702641069889 20.1581020206213 10.00614842772484 0.2970910593867302 5.777564883232117 0.7425587028264999 0 0.2108260691165924 0 0.7517550587654114 0 0 0 0.7312989234924316 0 5.217683896422386 2.919452622532845
26.77958357334137 5.722999900579453 0 108.5674829781055 0.4007995128631592 1.708571910858154 4.628871038556099 0.1134592667222023 0 318.6330023109913 0 49.68653857707977 15.0904077142477 2.291856490075588 0.490948460996151 0.5689123272895813 0 0 0 0 0 1.651344269514084 0 0 0 0 0 0 0 0 0.7847980856895447 0 2.793030224740505 0 0 0 17.70065833628178 0.8035726398229599 9.670707277953625 0 0 0 0 0 0 0 0.1068940386176109 0 0.4774636030197144 0 0.2400950640439987 12.79894113540649 2.038571506738663 0 0.7769641280174255 1.443055987358093 125.4598627090454 16.99283241480589 3.801562927663326 0.2352534607052803 0.3580012321472168 0.7302953004837036 0 1.377170540392399 0.5192538574337959 0.3016196638345718 1.11257266253233 0.2697540074586868 0 0 34.25150428712368 90.49059298634529 11.2067354246974 7.243905194103718 1.769467763602734 0.2797166407108307 0.1955096498131752 0 0 0.281902939081192 0 0.2956101596355438 0.4207499846816063 2.373142667114735 0.29001684486866 3.85253569483757 0 11.62487807869911 3.727890893816948 11.9216855764389 0.4390530064702034 0.5254025012254715 0 0 0 104.3177389204502 246.1579854786396 22.30253936350346 77.39412025362253 369.965451747179 0 2.681698575615883 0 0 0 2.367755979299545 2.477255344390869 0 4.772324159741402 12.36932455003262 0.4427929818630219 2.502359464764595 7.422908470034599 5.010478287935257 2.176787480711937 0 0 0 0 0 0 0 0 0.1887184977531433 0 0 0 0 0 0 0 0 0.1415220648050308 0.09275244921445847 0.3576004803180695 0 0 0 0 1.112347297370434 0 0.1404885500669479 0.170874759554863 0 0 0 0 0 0 0.1431576609611511 0 0 0 0 0 0 0.1925276592373848 0.1605046093463898 0 0 0.1225979551672935 0 0 0 0 0 0 0 0 0 0 0 0 0 0 0 4.809379115700722 0.1612676084041595 0 0 0 0 0 0 0 0 0 0 0 0 0 0 0 0 0 0 0 5.089853808283806 0.9846857935190201 0.4237332344055176 13.86065967381001 0.08789747953414917 7.330021165311337 0.2047827690839767 189.4239405691624 0.2546818852424622 8.173481211066246 0.6368277668952942 0.9624653458595276 0.1204783543944359 0 0 8.478355228900909 0 0 0 0 0 93.74608008563519 11.01758120954037
108.2110909074545 1594.895734973252 95.21546686440706 164.5972566753626 1899.344330996275 4.628871038556099 520.9933254048228 69.96179816126823 1840.130064174533 1790.071643210948 439.313708126545 164.7323376908898 3124.905170243233 4268.228091262281 10.26827736198902 8.128302149474621 0.806719146668911 0.3208450824022293 0 0.1983923986554146 0.09779216349124908 0.0876610055565834 0 0 1.201019361615181 0.2712535560131073 0.1046746298670769 0.1818675175309181 0.581736296415329 0 59.80519995093346 2.6878662109375 9.100380033254623 0.4006036818027496 2.086410611867905 0.8017377108335495 14.03153468668461 1.421999424695969 3.425271548330784 0.3004356697201729 1.372442834079266 0.2852870523929596 0.09334634989500046 2.305694825947285 0.3554592579603195 0.4918689876794815 53.10049744695425 9.544129848480225 1.053998343646526 0.3330833837389946 2.112651780247688 0 0.08490746468305588 0.2015070766210556 5.536682575941086 9.937192298471928 27.74812538176775 135.5402743816376 25.85874821990728 22.14322099089622 0.9359869360923767 4.11869490146637 0.4722138717770576 45.97779396176338 5.545237682759762 3.479089297354221 3.797973118722439 2.781810492277145 2.16417022049427 0.526329793035984 19.34705029428005 1.416832789778709 0 128.36217045784 87.13509807735682 33.23473181575537 31.59038726985455 7.388058006763458 1.541019834578037 6.615630492568016 0.4062227383255959 7.558195225894451 17.04478874057531 0.2128843665122986 4.035882867872715 6.123492732644081 3.05052162706852 0 2.078784085810184 0 0.7547960728406906 0.4687544703483582 1.599951229989529 0.9474591985344887 0.2381664365530014 47.36862512677908 22.27464561164379 0 17.50527250021696 61.07802655547857 7.361346758902073 6.918688513338566 81.81185817718506 7.719702586531639 0.1761478185653687 107.2234672382474 9.83039940148592 30.02138043940067 54.48706513643265 55.21486061811447 1.948338195681572 38.6691932156682 15.82592668384314 7.339142195880413 11.84329684823751 0.4172980785369873 0.2011487632989883 0 0 0 0 0 0 0 0 0.1295481771230698 0 0 0 0 0 0 0.2414719760417938 0 3.13792210072279 0.320838987827301 0 0 0 5.191217914223671 0 2.604303441941738 5.171948283910751 0.5531594008207321 0 0 0 0.09185067564249039 0.3512267768383026 0 0 0.2965041249990463 1.400764465332031 0 0 0 0.09896726161241531 0 0.5521571710705757 0.4986660927534103 0.08262273669242859 4.319128841161728 10.67466705292463 1.420683614909649 0 0 1.967990919947624 0.8758217021822929 0.1858601123094559 0.6524724662303925 0 0.2093803435564041 0.08878840506076813 0 0 0 10.04826018959284 0.2356899976730347 0 0 0 1.775012224912643 0.8315736949443817 1.38590531796217 5.235838659107685 6.039173543453217 0.8404645174741745 0.4206878617405891 0.5958945453166962 0.4772269204258919 0 0 0 0.1672351658344269 0 0 0 11.94899369031191 5.680232584476471 9.901160940527916 157.3179142102599 4.954384222626686 225.3740869313478 23.16410204768181 88.35086104273796 38.79033165425062 2.419845849275589 20.30175606906414 12.00728525221348 0 18.52240601927042 1.108399130403996 13.70879769325256 2.898237310349941 0.3882607221603394 0.6044201776385307 8.531958498060703 0.1235700100660324 49.03281308710575 12.92540764808655
205.3170902132988 607.7835727035999 2515.646868735552 2.489546038210392 413.871902666986 0.1134592667222023 69.96179816126823 433.7989873811603 786.4615607187152 32.40601769834757 576.0996866077185 137.1552311107516 340.0218135863543 2379.456392809749 8.764194756746292 9.886294171214104 2.842180535197258 3.635734558105469 0.2109360322356224 3.601759634912014 33.79757108539343 5.684334009885788 0.9669246897101402 2.688988193869591 39.82427852600813 5.286193512380123 4.365741178393364 4.554226212203503 0.280217632651329 0.3633595705032349 1086.156536146998 351.0491405427456 283.8861678689718 14.61888103932142 49.84555872529745 37.06530676037073 165.1202515400946 37.77687609568238 57.1517153903842 13.16959784179926 77.72275143861771 7.586619727313519 5.10961925983429 5.242186270654202 6.694175980985165 5.550384216010571 34.34372642636299 5.249935775995255 2.391288220882416 4.845013082027435 18.56771481782198 3.650570765137672 1.891817055642605 3.162382490932941 2.224661529064178 3.938547596335411 24.35562612861395 202.383583329618 11.90374478697777 10.91779229044914 143.2219136953354 132.6389420628548 13.59453789144754 214.1934434846044 4.073555186390877 3.866478405892849 7.918284900486469 14.05810659378767 65.42863120138645 47.7521848231554 54.09606339037418 2.16380100697279 0 67.78989182785153 87.11319152265787 23.82668783143163 40.54647684842348 48.24182631075382 803.7029543295503 827.5259365290403 258.5934642627835 948.0457212999463 8.255182154476643 0.08296986669301987 1.483844973146915 4.784796319901943 7.13536498695612 0 1.632666349411011 0.123555488884449 1.899141520261765 1.895238451659679 109.2910036593676 18.95875932276249 2.907683633267879 89.10312958806753 11.04884837195277 0 25.891646720469 54.95103230327368 1.24775242805481 0.1522251069545746 0.2106538712978363 0 0.1375738233327866 1.773868188261986 0 0 3.986726634204388 2.984097748994827 1.137503817677498 5.416032016277313 4.619268678128719 5.13753093034029 5.537949778139591 0.2005704641342163 0 0 0 0 0 0.1548139303922653 0.2624835669994354 0 0 0.5871043801307678 0 0.6817716360092163 0 0 0.1101256832480431 0 0.2941924855113029 0 0.6982600092887878 0.5527083277702332 0 0 0 5.824404820799828 0.6872963011264801 4.121271826326847 7.632777370512486 0.3113608062267303 0.3077754378318787 0 0 0 0.2371288388967514 0 0 0.9516499564051628 0.3062544912099838 0 0.1794337332248688 0 0.9211866036057472 0.2615355849266052 0 0.2304611802101135 0 0.4029973596334457 1.153025381267071 0.3767793774604797 0 0.1259376406669617 1.589883640408516 0.08806005120277405 0.1285658031702042 0.1977841556072235 0 0 0 0 0 0 5.183191955089569 0.7207134962081909 0 0.4162343889474869 0.6285691261291504 0.6296668946743011 0.4806643724441528 1.286285907030106 0.2510252892971039 0.1367256343364716 0.6444625481963158 0 0.09534819424152374 0 0.1885975822806358 0 0 0 0.4239137321710587 0.10436000674963 0 4.976766109466553 6.003149680793285 6.429982624948025 102.4681143462658 14.50400445610285 138.9904338046908 36.22066139429808 33.54122488200665 22.65315221250057 0.09874727576971054 11.85591566562653 3.64791264384985 0.2125580236315727 3.635280124843121 0.2492806166410446 4.283877603709698 0.5133053064346313 0 0.6624622941017151 5.290176555514336 0.2921467274427414 7.122343227267265 7.190699905157089
2.112315908074379 2187.913959786296 529.4640009775758 79.35852710157633 4744.913688935339 0 1840.130064174533 786.4615607187152 679.3771806359291 209.3940073400736 1297.261158950627 44.42231185734272 1616.572432495654 2161.361495293677 0.9196047484874725 0.4580366015434265 0.1803548708558083 0 0 0 0 0 0 0 0 0 0 0 0 0 11.49154449999332 0.1842042058706284 2.276577211916447 0 0.1149498745799065 0 0.4585245698690414 0.4716713950037956 0.3399027958512306 0 0.1101056709885597 0 0 0 0 0 4.095278464257717 0.5023568049073219 0 0 0 0 0 0 0.2549039721488953 0.6594743207097054 1.269979707896709 10.71244262158871 2.525325089693069 1.90377064794302 0 0 0.1361257880926132 5.758666038513184 0.6783748120069504 0.1469735279679298 0.321383535861969 0.1572555229067802 0.07532508671283722 0.09352222830057144 0.6291182860732079 0 0 9.506202206015587 7.619591221213341 3.131145916879177 1.871405050158501 0.3598235696554184 0.8793586194515228 2.635562367737293 0 1.683220759034157 0.5483361780643463 0 0.2480645403265953 0.1748856008052826 0.1436994597315788 0 0.08095602691173553 0 0.08103319257497787 0 0 0 0 4.347854368388653 0.670816645026207 0 0.6800645217299461 2.078440576791763 0 0 0 0 0 2.556319810450077 0 0 0.4307963997125626 0.193389818072319 0 2.824660062789917 0.2902338653802872 0.1662634760141373 0.505532443523407 0 0 0 0 0 0 0 0 0 0 0 0 0 0 0 0 0 0 0 0 0 0 0 0 0.4805823490023613 0 0 0.2650484815239906 0 0 0 0 0 0 0 0 0 0 0 0 0 0 0 0 0 0 0 0 0 0 0 0 0 0 0 0 0 0 0 0 0 0 0 0 0 0 0 0 0 0 0 0 0 0 0 0 0 0 0 0 0 0 1.298085600137711 0.7850468158721924 0.2237454801797867 12.3532477170229 0.4137484505772591 19.99829460680485 2.089038677513599 5.687466233968735 2.291820667684078 0 1.878588959574699 1.006173610687256 0 0.6385084688663483 0 0 0 0 0 0.217130646109581 0 2.101973161101341 1.319335624575615
1085.105578936636 2925.765680097044 19.89585189521313 1155.504814051092 427.2002804577351 318.6330023109913 1790.071643210948 32.40601769834757 209.3940073400736 684.1158940121531 95.45158863812685 1125.50066024065 3811.345387279987 378.2887024134398 13.47946305572987 10.99940101057291 2.098486356437206 0.1042099297046661 0 0 1.222870036959648 0.2601128295063972 0 0.3260500133037567 1.262086935341358 0 0.5652545243501663 0.5037992522120476 0.2387902215123177 0.1833440884947777 53.90975829958916 2.979048952460289 62.05075892806053 1.372473686933517 3.73067818582058 1.658720955252647 99.28870891034603 0.7765150219202042 12.25834076106548 1.518237881362438 3.368808269500732 0.3193068876862526 0.37156642973423 1.575307719409466 0.6303045973181725 1.416333042085171 76.9432021304965 19.17924483120441 1.337044633924961 0.8786490261554718 3.368511378765106 0.5209372714161873 0.644420251250267 0.6789769679307938 16.5436427667737 28.20372503250837 108.2084449976683 320.472919344902 68.55176512151957 40.84611468762159 0.7479143291711807 18.46097754687071 1.60937824100256 43.7892814129591 17.36532656848431 7.048649311065674 7.567322053015232 6.617231361567974 5.126029774546623 1.123426683247089 255.5972121953964 11.7068595290184 0.1860148906707764 327.4318230450153 132.7400122582912 44.3132311552763 33.63607658445835 8.669813498854637 1.26810260117054 14.4125237762928 1.199041962623596 33.47733078151941 38.84676591306925 0.9883827939629555 7.42367897182703 18.70167829096317 8.042598657310009 0.1871088668704033 5.297057285904884 0.5172669738531113 1.376120120286942 0.4511517062783241 4.315362028777599 1.865220248699188 0.955650232732296 644.7616739422083 234.155300334096 1.868334531784058 100.6278852298856 562.5822207406163 7.110895104706287 5.887282751500607 6.554162338376045 2.437416195869446 0.7553723752498627 29.35846334695816 24.29164829850197 10.30632704496384 69.98461555689573 84.53276608884335 8.426532097160816 74.02534648776054 134.9227677807212 57.84746944159269 75.20206913352013 3.012626804411411 0.1889236643910408 0 0 0 0 0 0 0 0 0 0 0.1749868243932724 0 0 0 0 0 0 5.667207777500153 4.589189320802689 0 0 0 40.35153265297413 1.365696340799332 20.01768907904625 30.26445379108191 0.7529094219207764 0 0 0 0 0 0.7249797657132149 0 1.327404990792274 2.250407204031944 0 0 0 1.236807234585285 0 0.07752249389886856 0 0.1740410476922989 0.7684353888034821 5.571319974958897 4.85842514783144 0.4173153340816498 1.009979426860809 14.37424133718014 1.220913171768188 0 0.1510930210351944 0 0.07421050220727921 0 0 0 0 73.89353337138891 0.3969436287879944 0.2355905026197433 0.0920506939291954 0 11.79185730218887 0.1992446184158325 9.913435131311417 2.173349298536777 2.957462906837463 1.225549384951591 0.3460768833756447 0.5981342270970345 0.09665962308645248 0 0 0 0.108378678560257 0 0.0993524044752121 0 98.83257711678743 36.82060096412897 35.3436383754015 492.8332692980766 12.05921346694231 477.1119380220771 55.49517052620649 868.6313569098711 73.25350741297007 7.807721540331841 76.1012370288372 13.87358725816011 0 12.539211332798 5.907171092927456 80.02956552058458 3.915497168898582 0 2.569463104009628 9.714070186018944 0.9413930028676987 1046.158460706472 246.9567988365889
82.99037864804268 736.1258807331324 802.5157744511962 3.916141465306282 815.5136991068721 0 439.313708126545 576.0996866077185 1297.261158950627 95.45158863812685 300.8184816688299 301.0439748540521 1199.622139573097 3596.614763952792 8.446645334362984 6.057430945336819 1.815375573933125 0.6575369909405708 0 0.3276116028428078 0.7142083048820496 2.870731085538864 0 0.2749698534607887 10.52417267858982 1.089591786265373 0.8849284052848816 0.8958229646086693 0.1237599402666092 0.2100144848227501 268.825881883502 18.84796942770481 349.1563342511654 2.103651098906994 6.21454630792141 10.52831080555916 172.4476295933127 19.72520367801189 28.27023479342461 4.392855532467365 8.815208338201046 2.029134444892406 0.3008789494633675 0.8804381936788559 0.5528114065527916 0.4485339224338531 24.54906694591045 2.626410774886608 0.3817056193947792 0.539711058139801 3.143346831202507 1.108730286359787 0.5809312611818314 1.724120959639549 1.563453607261181 4.142346806824207 7.991448439657688 67.92008081078529 6.119422674179077 6.803831607103348 3.100805453956127 8.431700758635998 1.741294965147972 43.27543289959431 1.721612244844437 2.234545320272446 1.672920748591423 2.823994874954224 4.387922555208206 1.232472971081734 57.32441825419664 2.179560020565987 0 44.64066079258919 40.99607221037149 16.96750481426716 22.86696080863476 5.004597783088684 25.97015011310577 352.0666693300009 3.009847924113274 115.7654994726181 5.8571752384305 0 1.348515927791595 2.875280156731606 1.987253256142139 0.08784785121679306 1.078495495021343 0.09085272252559662 0.7072871997952461 0.7998345345258713 5.291306525468826 2.654155276715755 0.2195171564817429 99.66481023281813 7.192745134234428 0 14.27799621969461 23.41084345430136 0 0.3349615782499313 0.4506331980228424 0 0 0.5125085115432739 0.6286017894744873 0.7296333312988281 1.479439854621887 0.7867434099316597 0 1.77074671536684 3.489169679582119 1.224236339330673 4.424126006662846 0.104241281747818 0.1116846725344658 0 0 0 0 0.1943025439977646 0.5573431700468063 0 0 0 0 0 0 0 0 0 0 0 0 1.100465387105942 0 0 0.1558760702610016 1.230477377772331 0 1.409128203988075 3.403480157256126 0.387917622923851 0 0.1476918160915375 0 0 0.1152310445904732 0 0 0 0.09394528716802597 0.1115781739354134 0 0 0.2624424993991852 0 0 0 0.1150402724742889 0.07295194268226624 0 0 0.1465635746717453 0.1259225159883499 0.2147017568349838 0 0 0 0 0 0 0 0 0 2.094931922852993 0.1690312922000885 0 0 0.1313094049692154 1.059400506317616 0 1.072387501597404 0 0 0.1390607059001923 0.1348542422056198 0 0 0.06924956291913986 0 0 0 0 0 0 1.554559640586376 2.150534614920616 3.887576252222061 85.27558756619692 4.878432251513004 98.65795813500881 17.37963738292456 32.88408129662275 15.21194891631603 0.2101822420954704 9.387720242142677 2.99218413233757 0 1.052735380828381 0 1.036450803279877 0 0 0 2.681432567536831 0 6.729591652750969 2.509413592517376
13.65945968031883 150.5185566470027 38.4275506362319 20.8101037889719 35.05321391671896 49.68653857707977 164.7323376908898 137.1552311107516 44.42231185734272 1125.50066024065 301.0439748540521 111.700878597796 898.4297009035945 312.031737729907 11.90933134406805 9.503384836018085 1.463045507669449 1.005199305713177 0.09792747348546982 0.2335976362228394 1.307651974260807 3.302915260195732 0 0.6191520839929581 8.633307419717312 3.897598132491112 1.243625558912754 2.006102301180363 0 0.08674294501543045 18.3859888240695 2.261184982955456 90.71999504417181 2.044279359281063 9.030661396682262 4.232992738485336 348.301893979311 20.79925233870745 36.51046847552061 2.244150795042515 7.47389680147171 1.139811739325523 0.4384587928652763 1.143097124993801 1.12759892642498 1.09365439414978 23.40206697583199 2.15652970969677 0.4393737986683846 0.2829849496483803 2.203682988882065 0.2905721068382263 1.07716391980648 0.8412902504205704 0.8074793145060539 1.401847191154957 6.429506815969944 16.58727540820837 3.660166338086128 4.451152794063091 0.4621599018573761 29.8238769620657 1.685958184301853 14.60102987289429 0.8578735888004303 0.2566643580794334 0.9899739250540733 2.602916650474072 6.966642580926418 2.201465636491776 192.854587636888 4.527002662420273 0 24.08082526177168 20.76915545016527 18.30432235449553 15.48479770123959 5.845530718564987 3.265723302960396 75.89760751277208 1.536186560988426 27.28378517925739 2.787391304969788 0.07566060125827789 0.7570454180240631 1.360408090054989 0.9218834713101387 0.3377689719200134 0.9700860902667046 0.09746202826499939 0.4097313061356544 0 5.664646402001381 1.530528046190739 0.3835999667644501 457.8832546696067 53.59016875177622 0 53.46062627434731 36.22377714514732 4.115266680717468 5.23256815969944 3.033312954008579 1.514632225036621 1.450447425246239 21.6656603962183 13.8639976605773 7.956759415566921 51.09114935994148 41.66517646610737 8.040335834026337 62.17802009731531 92.16486709564924 45.86356082558632 55.08300539851189 2.504933848977089 0.1955571919679642 0 0.6560062170028687 0 0 0 0.4544719457626343 0 0 0 0 0.3442599773406982 0 0 0 0 0 0 5.16389411687851 2.965471372008324 0 0 0 37.21240969002247 0.3331618756055832 19.25616235285997 24.66457165777683 1.203315638005733 0 0 0 0.161931186914444 0.1488173007965088 0.1028453260660172 0 0.7861118912696838 1.570356085896492 0.1063975915312767 0 0 1.085314624011517 0 0 0.09915423393249512 0 0.5999597534537315 3.867459744215012 0 0.2470843344926834 0.349604070186615 1.016683615744114 0.4675322026014328 0.1289703398942947 0 0 0.118814654648304 0 0 0 0 49.58363003283739 1.042598828673363 0.7461086809635162 0.1069697961211205 0 13.95654939115047 0 7.44832980632782 3.000002585351467 0.8732654005289078 1.279533043503761 0 0.5090810433030128 0.09356136620044708 0 0 0 0 0.1772234737873077 0 0 82.71752095222473 29.57440176606178 32.17728486657143 114.4844218716025 2.654874905943871 88.93298732489347 19.10554141551256 143.5073088929057 13.46430829167366 1.253205522894859 12.96010842174292 16.63887964934111 0.1165466979146004 17.10035943239927 2.916104465723038 46.28028494864702 1.558819055557251 0.9923970699310303 1.746552556753159 7.661248072981834 1.795896172523499 595.3340223953128 143.1247349008918
36.6773823350668 587.7440512850881 157.4836115986109 119.6951275989413 259.2257204130292 15.0904077142477 3124.905170243233 340.0218135863543 1616.572432495654 3811.345387279987 1199.622139573097 898.4297009035945 2873.489719159901 4555.213817924261 23.24214141815901 20.63792130351067 2.910275280475616 0.9973152950406075 0 0.5815328434109688 3.466593861579895 1.665420055389404 0.2213765382766724 0.9306763038039207 10.38119696080685 0.2929769903421402 2.122758492827415 1.488017745316029 0.09542810171842575 0.1878242120146751 61.48741259053349 4.326384603977203 254.8408452495933 4.226631298661232 14.95304911583662 10.91009765118361 769.760546028614 45.906260676682 54.16222716867924 3.832694575190544 12.63437478989363 3.143619313836098 1.343239292502403 2.192632883787155 1.71268068253994 2.726491294801235 57.80874905735254 6.120793908834457 1.365550629794598 0.4453843459486961 4.868259958922863 5.407887503504753 2.690136700868607 2.510610461235046 4.353071540594101 6.301322422921658 8.881873562932014 48.91533740609884 11.36169035732746 18.13118680566549 3.561862982809544 46.35815064609051 3.670770794153214 43.69165746867657 3.321489721536636 2.753597021102905 3.004032179713249 4.921703189611435 12.64397063851357 3.607596002519131 550.5916290059686 5.412993408739567 0.1814699918031693 70.91816148906946 57.58321978151798 43.03969991207123 50.93920736014843 13.32811240851879 7.342991970479488 249.4095345437527 3.73221156001091 57.56016826629639 6.888805530965328 0.09167588502168655 1.506724767386913 3.565684743225574 3.304853159934282 0.1475460827350616 0.9903609529137611 0.2061761617660522 0.8538937717676163 0 12.1585881114006 4.864570677280426 1.04797574877739 498.1741485446692 56.6234859675169 0 76.40082710236311 20.39454008638859 3.240004226565361 4.910133041441441 2.68581734597683 4.03735576570034 0.1548804044723511 23.80237856507301 9.967900194227695 5.364821508526802 47.10018067806959 38.77877168357372 3.605184569954872 48.4270601645112 69.35964562743902 34.5335269421339 44.44402503967285 1.512721799314022 0.388760544359684 0 0.09028910845518112 0 0.09900043904781342 0 0 0 0 0 0 1.100028961896896 0 0 0.2371293902397156 0 0 0 3.126409791409969 1.448972590267658 0 0.2556849122047424 0 31.77512861043215 2.843829661607742 20.2600100710988 23.02531167119741 3.406827256083488 0 0 0 0.7928161323070526 0.9790821522474289 0.3621618747711182 0 0.4789558202028275 1.720679886639118 0 0 0.1708116382360458 1.629287578165531 0.5519526302814484 0 0.5574395135045052 0 1.540345311164856 3.375650905072689 2.529238402843475 0.1452780067920685 1.200497150421143 4.950216323137283 0.8294987678527832 0 0.4413730502128601 0 0.1962442845106125 0 0 0 0 47.04236691445112 1.017768397927284 0 0 0 11.84224870055914 1.567629352211952 5.039672344923019 2.051281005144119 1.843605771660805 1.5951272174716 0.4735623225569725 1.430328451097012 0 0 0 0 0.07781964540481567 0.2395055145025253 0.09157330542802811 0 54.02914678305387 23.72589027136564 34.7880097925663 192.0386563017964 6.497286677360535 200.2449786216021 41.00703445822001 75.97364965826273 31.74399338662624 1.429486677050591 30.57547511905432 19.42579394578934 0 12.07940845936537 3.529507778584957 29.96817079931498 1.219225689768791 0 0.5386278182268143 14.15938627719879 1.710816100239754 201.8411688655615 95.63450332731009
163.2146951034665 1996.323022298515 1220.99699370563 41.63443916290998 2084.197769507766 2.291856490075588 4268.228091262281 2379.456392809749 2161.361495293677 378.2887024134398 3596.614763952792 312.031737729907 4555.213817924261 1290.868806086481 15.57600690424442 11.24599531292915 2.459491930902004 1.189470827579498 0 0.7384261041879654 0.9539363384246826 8.539516255259514 0.424324095249176 0.6911615803837776 13.68713321536779 1.779611200094223 1.336881928145885 7.590141043066978 0.2809193283319473 0.0834161564707756 260.7182183079422 8.078656263649464 842.1746643781662 2.794156096875668 8.876404233276844 15.07824084162712 1725.504369296134 129.7775416150689 110.4595269188285 12.5773516073823 10.956687502563 5.724725063890219 0.3496845811605453 1.921586148440838 1.150510348379612 1.069589897990227 41.0903480052948 4.373086884617805 0.3613244220614433 1.006342358887196 2.72347204387188 4.511595517396927 0.7985795140266418 4.77581799775362 2.222268372774124 4.009553097188473 11.5603508874774 69.50634130090475 10.6763000190258 11.21418682485819 3.621241629123688 137.6519351527095 1.734060391783714 40.27525192499161 3.271781980991364 1.902780637145042 2.238211788237095 1.946091659367085 5.347294889390469 2.160158522427082 459.3315205201507 2.480413943529129 0.6893209218978882 57.55048912763596 53.87820152938366 29.88139771670103 32.55690844357014 8.228225030004978 32.52827636897564 492.5413480401039 6.515400439500809 128.2766694352031 6.069413281977177 0.2643825635313988 1.772974081337452 3.407340951263905 2.561662279069424 0.1534160003066063 0.9457683265209198 1.062366843223572 0.5036186650395393 0.07581019401550293 7.966220825910568 3.820588506758213 1.408291101455688 188.6772330254316 23.05045014619827 0 39.34897494316101 28.64652724564075 0.5733024477958679 0.8565314561128616 0.30258509516716 0 0 9.730907276272774 1.555733725428581 1.284284926950932 14.58803264051676 5.485885068774223 0.4003254845738411 10.4633419662714 15.15115466713905 9.948255501687527 13.16056161373854 0 0.9775454998016357 0.09470625966787338 0 0 0 0 0 0 0 0 0 0 0 0 0.1534315496683121 0 0.2783703207969666 0.07852079719305038 1.934002682566643 0.5608780086040497 0 0 0 9.714153677225113 0 5.744732446968555 9.334419049322605 0.3899297341704369 0 0 0 0 0 0.3343903943896294 0 0.09265021979808807 0.4166409820318222 0 0 0.1370649039745331 0 0.2021298408508301 0 0.08452459424734116 0 0.3264818489551544 0.8886391222476959 0.4159888997673988 0.1016991436481476 0 0.2297639548778534 0.3762078285217285 0 0.09284571558237076 0 0 0 0 0 0 12.91051667928696 0.5340356826782227 0 0.1146028637886047 0 1.695303060114384 0.2901492416858673 3.381636768579483 1.191140323877335 1.295406192541122 0.9793609604239464 0.1439128518104553 0.4672530516982079 0.4040442705154419 0 0 0 0 0 0.2665888145565987 0.1317204833030701 13.87272975593805 9.119597725570202 12.77478988468647 127.945401981473 6.009414449334145 140.0250089839101 27.04873289167881 39.02471512556076 19.43401524424553 0.3905485272407532 11.07934427261353 5.553368434309959 0 2.877962097525597 0.2549677640199661 7.672314696013927 0 0 0 5.955392330884933 1.244999319314957 40.04919525980949 21.40652632713318
