190.4131318628788 1286.546131446958 499.4676669314504 1393.648667626083 35.08590979874134 236.4682903885841 465.8447818905115 28.59229906648397 0.3571590036153793 1191.041914694011 54.55601461976767 34.42656526714563 87.07478051632643 52.12711764872074 7.825805395841599 6.316742390394211 0.424496591091156 0 0 0.4102739840745926 1.111712098121643 0 1.326282143592834 1.905777990818024 4.761275105178356 1.479029692709446 2.617151722311974 2.059756979346275 0.2084203809499741 1.196710914373398 711.7133108824492 1.431163161993027 30.6906918361783 0 1.492176368832588 4.123720794916153 16.29449857771397 5.402043588459492 1.325467489659786 2.51688989251852 1.343607947230339 0 0.422728106379509 1.214186146855354 0.1906308084726334 0.2128765657544136 32.82045061141253 1.780225060880184 0.4530764371156693 0.1146942973136902 0.1982503011822701 0.648618757724762 0.1111353486776352 0 15.40530421584845 13.92959179729223 284.3932217359543 1011.26298738271 79.58599595725536 23.73188056051731 0.1805118173360825 3.072607204318047 0 36.37037878483534 6.771536745131016 3.934399075806141 2.290643773972988 0.6262530386447906 0.8656161651015282 1.413607604801655 21.71618267893791 0 0 230.2087206616998 92.71326637268066 39.88872232288122 5.529898904263973 1.58070307970047 2.335125267505646 54.40682766586542 0.2144278436899185 2.990661337971687 31.53325034677982 0.7831031531095505 3.011395536363125 6.251849360764027 1.294222943484783 0.2457449287176132 0.2503667697310448 0.1276676058769226 0.07987096160650253 0.454109251499176 0 0.09558872878551483 0.101002037525177 106.8413649946451 12.51718717813492 1.479385316371918 5.320810839533806 1105.432044111192 0 3.400240868330002 12.69524550437927 8.502457946538925 10.88828258216381 55.41509766876698 31.25902593135834 13.42238558828831 40.73806194961071 66.1958150267601 4.547309339046478 15.1090571731329 43.61815892159939 15.94711451232433 9.03345263004303 0 0 0 0 0 0 0 0 0 0 0.4846447557210922 0 0.186423733830452 0 0 0 0 0 1.092198014259338 0.3800176382064819 0.8967700898647308 0 0 0 4.13121210038662 1.55944812297821 7.388251557946205 0.7431402206420898 0.6081381738185883 0 0 0 0 0 0.1126766949892044 0 0 0 0 0.1104288026690483 0.3489584028720856 0.1656013280153275 0 0.09500021487474442 0 0 1.085915394127369 0.5576662495732307 0.6603267714381218 0 0 3.731929063796997 0 0 0 0 0 0.09117452800273895 0 0 0 6.936187796294689 0.5726852715015411 0 0 0 3.649914905428886 0 0.2535564601421356 0.6531934067606926 0 0 0 0 0 0 0 0 0.09350810199975967 0.2494954466819763 0 0 3.962418466806412 0.7508901208639145 2.395834155380726 198.7582424506545 3.987265035510063 144.9096024408937 33.47012112289667 1035.185115583241 17.02204990386963 10.4271535128355 6.63054371625185 18.53598426282406 0 5.215826354920864 2.105649374425411 102.1167102232575 1.478671446442604 2.741297796368599 0.8829644098877907 1.663307264447212 0 370.481797657907 47.28569259494543
1286.546131446958 2335.81535589695 1688.648472808301 1308.822934180498 1947.778038680553 231.2303590029478 2043.523551419377 672.5777481347322 2249.25643170625 2212.683960326016 1935.005710497499 181.6133270636201 1818.996586889029 3771.294161915779 94.62099958211184 97.4690056592226 3.206991642713547 0.8355754911899567 0.6672716289758682 2.801108345389366 4.260655134916306 1.460608169436455 10.07361570000648 10.67312222719193 31.10739414393902 1.277005419135094 9.947544373571873 1.192015431821346 2.722742818295956 3.632269404828548 1569.623823709786 27.57709466665983 207.7748036310077 0.7882562354207039 6.066856235265732 17.54092046618462 96.33255140483379 29.13854774832726 13.15672794729471 14.66493497043848 9.152470797300339 0.8394688814878464 0.5495850816369057 9.422564536333084 0.4331719577312469 0.4291636347770691 306.291166305542 14.13441938906908 1.508342012763023 1.187604270875454 1.165293224155903 4.135637283325195 0.9251568391919136 0.3679245114326477 45.51697116345167 40.05100815743208 210.8730425611138 980.7517211139202 133.991080775857 162.2149859815836 0.64070875197649 21.66471946984529 0.8552069589495659 173.530835814774 26.50124099850655 21.84552948176861 12.87685403227806 4.398063503205776 2.642131112515926 9.977123402059078 53.76007965952158 0.1771519631147385 0.365652471780777 404.1439223438501 291.0702330097556 333.4347716122866 100.9163061380386 23.1258269995451 5.389860615134239 468.8229011744261 0.9505170956254005 26.85858238488436 104.0974984914064 1.583011142909527 21.4860707744956 22.90313649177551 10.62632339447737 0.2974605411291122 3.199658632278442 0.09225811809301376 2.630681097507477 0.4789505526423454 4.049291335046291 2.610816188156605 1.189291946589947 32.118074208498 10.16061460971832 0.530381366610527 12.74145365506411 847.324051566422 2.512878961861134 1.168814972043037 12.50973123311996 6.66303276270628 15.6149767935276 63.556666046381 12.82897245883942 33.19167996197939 42.68920396268368 35.63623168319464 6.034274220466614 37.55437587946653 69.19503749161959 26.88459660857916 44.24845852702856 0 0 0 0 0 0 0 0 0 0 0.2645412534475327 0 0.8165959119796753 0 0 0.2600366249680519 0.2442409247159958 0 0 5.991906926035881 4.28388711810112 0 0 0.1005324572324753 23.37639147788286 4.064140871167183 35.22401271015406 5.37342444062233 4.152190208435059 0 0.5674109011888504 0 0.1735898107290268 0 0 0 0 1.061106599867344 0.1506444364786148 0 0.398232489824295 0.923168420791626 0.4034461826086044 0.1861456707119942 0 0 1.980558283627033 1.002283826470375 1.345485769212246 0 0 14.69580649584532 0.09864411503076553 0 0 0 0 0 0 0.09861413389444351 0 24.3356499299407 0.8836434036493301 0.3072260618209839 0.09387654066085815 0.4417702630162239 11.86137165874243 0.1393389850854874 7.913896232843399 0.375051349401474 1.230374336242676 0 0.5424116253852844 0.3872455358505249 0.1762209832668304 0 0 0 0.3864181339740753 0 0 0 7.888653241097927 20.29044806957245 26.43709625303745 578.4412362277508 24.58418159931898 763.1913651078939 96.34074271470308 707.9173138737679 105.1118118688464 11.61429388821125 57.44825626164675 11.91205474734306 0.2211449146270752 5.16032275557518 6.542741559445858 49.16930686682463 1.62041812390089 1.887439839541912 0.8731643334031105 18.63441006839275 4.160840660333633 230.5120961219072 24.49525573849678
499.4676669314504 1688.648472808301 1645.169691264629 377.9799463450909 238.8878569304943 28.62095828354359 171.1052746251225 2667.836224474013 391.9679658189416 390.9386204481125 2332.033490717411 91.0224492251873 187.2739183604717 1406.059109598398 38.38883992284536 80.20296789705753 1.627783313393593 1.744967997074127 0.6401892155408859 11.39600052684546 17.81047397106886 2.030551895499229 57.97157457470894 59.33374926447868 146.2231688275933 8.990097030997276 31.6968108266592 3.699617184698582 7.60614188760519 15.67985862493515 3169.796354576945 242.0611435100436 277.824139431119 4.965634010732174 50.85163107514381 139.5994227081537 151.2534469217062 159.5258719176054 40.10539980232716 67.55036868900061 48.29166357219219 4.101958699524403 1.63817074149847 5.725887417793274 1.197511970996857 0.4889869913458824 83.6618819758296 1.529035873711109 1.593325741589069 2.245507895946503 4.324620716273785 3.100734561681747 4.235378161072731 1.138626366853714 6.427964977920055 3.689656935632229 59.83261922001839 730.6066420227289 19.61594857275486 18.46890143305063 4.828082144260406 43.57527799159288 6.611211597919464 255.4945111572742 2.53831372410059 2.372255936264992 4.339019052684307 6.92256573587656 16.53300278633833 52.20157755166292 32.65184506028891 0.7092250287532806 1.002467915415764 66.84189808368683 75.80813556164503 59.69699078798294 32.85657208412886 20.95079215615988 298.9363189041615 2580.760690771043 6.221308201551437 301.560933843255 10.14499063044786 0.1509481519460678 2.38053560256958 2.854117035865784 3.187558352947235 0.1153520122170448 0.2118714228272438 0 0.6081500947475433 0 25.55372819304466 2.464827731251717 1.764231093227863 8.609749063849449 5.303275853395462 0.3401550054550171 20.79058589786291 157.289593540132 0.1134566888213158 0 3.29853767156601 0.7849275767803192 1.426373206079006 14.69480363279581 0.9433074966073036 4.878280036151409 4.743073061108589 8.203912347555161 2.625269368290901 6.292209848761559 11.82891396433115 4.291801013052464 9.487884774804115 0 0 0 0 0 0 0 0.4838140606880188 0 0 1.474370017647743 0 0.4316506832838058 0.09855839610099792 0.5334500148892403 0.700871542096138 0.1323702782392502 2.390038065612316 0 1.544452801346779 0.4224013090133667 0 0 0 4.347908079624176 1.556460365653038 10.00908491015434 2.725038938224316 2.106480211019516 0.9737480133771896 0 0 0.6048759818077087 0 0.3715968355536461 0 0.1868544667959213 0 0 0 0.9364581406116486 0.1924583986401558 3.598022036254406 0 0 0 0.7021238207817078 0.1013414487242699 0 0.1750549226999283 0 4.145175702869892 0 0 0 0 0 0 0 0 0.2449208050966263 5.542944185435772 0.5097396820783615 0 0.1504622250795364 1.098634108901024 3.872612848877907 0.2465478479862213 2.995311558246613 0 0.2407031506299973 0.6392887681722641 0 0 0 0 0 0 0.1125747561454773 0.2357452735304832 0.5529442802071571 1.403001174330711 0.6996048986911774 5.242822356522083 6.735350169241428 161.5908918902278 13.8605430573225 151.4005341976881 37.59322492778301 169.7138237804174 16.94348096847534 3.676656164228916 20.12118796259165 3.272475078701973 0 1.212349228560925 0.5267313793301582 16.24498355388641 0 0.4688267707824707 0.1354567259550095 3.714503906667233 4.425606310367584 39.49542767554522 4.668189279735088
1393.648667626083 1308.822934180498 377.9799463450909 152.2152242138982 26.83175502717495 441.6454990506172 401.498552069068 12.6865598410368 3.173342563211918 1106.84928856045 11.53846547007561 29.23863447457552 517.8760615810752 42.82918732613325 8.415553919970989 1.003174297511578 0.1159013882279396 0 0 0 0.1928915530443192 0.13495734333992 0.1384200155735016 0.4384474903345108 0.6842145770788193 0 0 0 0.1040058806538582 0 196.9389909207821 1.542422972619534 8.522966116666794 0 0 0.3821666985750198 5.447303809225559 0.701339565217495 0.2509276270866394 0 0 0 0 0.09681787341833115 0 0 39.97665390372276 2.826384410262108 0.1207024529576302 0 0.09243918210268021 0.2293280065059662 0 0.09871367365121841 15.32034797221422 15.48635086417198 101.7583453059196 359.7830530554056 47.27383404225111 32.80349224805832 0 8.165776252746582 0 38.31473045796156 6.833303175866604 5.025834158062935 2.317909330129623 0.9116852134466171 0.3506654128432274 0.3834605067968369 13.7139483243227 0 0 163.4804350435734 84.40375845879316 48.49531000107527 4.038910545408726 0.6555845588445663 0.2366677299141884 4.711336776614189 0 4.042662411928177 32.22659476101398 0.6753235310316086 3.79734605550766 5.830100379884243 1.397844642400742 0 0.1808815002441406 0 0.106336884200573 0 0 0.5992375388741493 0.1011257320642471 45.01016053557396 5.228289693593979 0 0.4373655617237091 494.168226160109 0 2.146498337388039 10.3239319473505 6.064808011054993 4.692569673061371 53.31701567769051 27.46523728966713 12.01450836658478 45.73881256580353 52.06507307291031 5.073234990239143 27.43854229897261 49.30754814296961 15.57370164245367 11.33628186583519 0 0 0 0 0 0 0 0 0 0 0 0 0 0 0 0 0 0 0 1.652493394911289 1.384692505002022 0 0 0 5.964338459074497 3.087827533483505 3.99580193310976 1.142205789685249 0.5137072056531906 0 0 0 0 0 0 0 0.1884668320417404 0 0 0 0 0 0 0 0 0 0.6129531115293503 0.3864181563258171 0.6827272176742554 0 0 2.794044300913811 0 0.1166394948959351 0 0 0 0 0 0 0 5.721314087510109 1.701452627778053 0.1793847233057022 0 0 3.41327179223299 0 1.690401345491409 0.2967708706855774 0 0 0 0 0 0 0 0 0.1138725057244301 0 0 0 5.551180630922318 3.489332169294357 4.382918812334538 136.2964821457863 5.777738191187382 157.8608781322837 26.24828285723925 922.6817900165915 18.85202288627625 11.85159950703382 5.994907379150391 5.545085743069649 0 4.226328894495964 1.425398483872414 61.24757874011993 1.386740379035473 0.3321298360824585 0.2340391427278519 0.4221760481595993 0.1734972298145294 302.4955267235637 26.06693207472563
35.08590979874134 1947.778038680553 238.8878569304943 26.83175502717495 712.4276235923171 0.8501235395669937 1915.555830821395 194.7935494929552 2195.822518073022 490.6869295239449 1275.042664587498 35.51944862306118 636.5067379772663 2488.161555454135 28.43828716874123 33.51426999270916 0.6001878455281258 0.13248211145401 0.3179838210344315 0.2497936859726906 0.2650311812758446 0 1.160283505916595 0.916840024292469 1.539941012859344 0.7114275917410851 0.4250502586364746 0 0.2733564227819443 0.5599182769656181 63.11201399564743 10.02617629617453 6.330413125455379 0.07712889462709427 1.056108638644218 0.6920996755361557 7.132336512207985 1.563233427703381 1.641295231878757 0.6707750782370567 1.286087468266487 0.180467315018177 0 2.301311403512955 0 0 69.80345207452774 2.974912337958813 0.4688475504517555 0.3931996747851372 0.08785290271043777 0.4021729528903961 0 0.08045688271522522 5.78497376292944 6.633870914578438 11.54201736301184 42.74718824028969 18.6254368647933 27.94311118125916 0.2161474600434303 1.678703993558884 0.0883534699678421 21.1324277818203 3.5015589594841 3.465049363672733 2.141900308430195 0.5802891552448273 0.9095565602183342 1.612964458763599 8.791667103767395 0 0 41.74134508520365 34.35227897018194 63.83602784574032 26.69370812922716 7.469713501632214 0.7557484358549118 9.575087204575539 0.2061065807938576 2.577097922563553 13.91596992313862 0.2864438891410828 4.29843919724226 4.558071449398994 2.774620860815048 0 0.4893267303705215 0 0.4326018616557121 0 0.626408152282238 0 0.3068633675575256 8.470375426113605 2.393158808350563 0 1.166971109807491 7.886574529111385 0.3175218105316162 0 4.139566138386726 1.870328038930893 4.153776973485947 19.9590899348259 2.362073138356209 11.93068044632673 12.82763224095106 11.23910070210695 3.11651086807251 15.19036699086428 24.41266919672489 9.563797146081924 20.40514475107193 0 0 0 0 0 0 0 0 0 0 0 0 0.2132956832647324 0 0 0 0.4801805466413498 0 0 1.794236451387405 2.300098918378353 0 0 0 10.40270215272903 0.6524016857147217 12.29793551564217 2.556977614760399 1.026794753968716 0.4617769718170166 0 0 0 0 0.1143485456705093 0 0.1653071343898773 0.1794505417346954 0 0 0 0 0 0 0 0 0.17208431661129 0.1394974440336227 0.2877399027347565 0 0 7.413815937936306 0.9902831017971039 0 0 0 0 0 0 0 0 8.236923292279243 0.1305839121341705 0 0.1674602478742599 0 3.247683234512806 0 0.975402295589447 0.09809478372335434 0.2992571294307709 0 0 0 0 0 0 0 0 0 0 0 3.372630804777145 7.912549942731857 9.861950144171715 128.2682411298156 5.922863602638245 155.9661015793681 16.54364980012178 22.85455992817879 21.55360469967127 0.6081303730607033 16.9959110468626 3.336793929338455 0.3285542726516724 2.759541213512421 0.5693326219916344 7.945005744695663 0.4482012987136841 0 0.2042296379804611 6.822731018066406 1.743374183773994 13.96067636460066 7.442443512380123
236.4682903885841 231.2303590029478 28.62095828354359 441.6454990506172 0.8501235395669937 17.73494020104408 29.25458079576492 0.5077894479036331 1.646099537611008 647.2250676751137 2.184459023177624 115.6858994066715 67.85099457204342 3.029275357723236 0.2213778644800186 0.1155581027269363 0 0 0 0 0.1567972302436829 5.312965176999569 0 0 0.3541457056999207 0 0 0 0.4158069491386414 0 120.948685914278 0.5713923573493958 9.423064649105072 0 0 0 20.03366801142693 0.1238222494721413 4.197805531322956 0 0 0.1274295896291733 0 0 0 0 3.334122188389301 0.109747551381588 0 0 0 22.0490497648716 1.592352658510208 1.061598815023899 2.231539860367775 1.919825524091721 86.04708971083164 96.89352078735828 4.539165072143078 1.496736325323582 0 4.928308725357056 0 2.999925389885902 0.688131682574749 0.2382232397794724 0.1240310296416283 0 0 0 85.5877987742424 50.33004054427147 11.47626443952322 14.41565717756748 6.23913437128067 2.529968455433846 0 0 0.1295182406902313 5.405477985739708 0.1197094023227692 4.588216885924339 2.606814332306385 0.6605920493602753 0 1.754689604043961 0 2.493581041693687 4.120549827814102 8.375943168997765 0.5254366472363472 1.041369065642357 0.4288429915904999 0 1.063079304993153 115.3015044927597 113.935739800334 42.82544496655464 26.86728690564632 494.3058190494776 0 7.093597054481506 6.417870208621025 4.537449315190315 4.24325293302536 27.66552565991879 21.75249129533768 15.16148349642754 35.433737590909 81.79596146941185 2.519032135605812 30.63287025690079 58.82452441751957 17.8168251439929 14.30881831049919 0 0 0 0 0 0 0 0 0 0 0 0 0.2122534811496735 0 0 0 0 0 0 0.7109774202108383 0.4264754951000214 0 0 0 3.531693331897259 0.9210988432168961 6.133308000862598 0.6784569472074509 0.5245103538036346 0 0 0 0 0 0 0 0 0.4828916490077972 0 0 0 0.1354724913835526 0.1350070536136627 0 0 0 0.1070336624979973 0 0.5336678028106689 0 1.078802466392517 2.194985926151276 0 0 0 0 0 0 0 0 0 10.50275927782059 1.18590447306633 0 0.09674283862113953 0 1.761071354150772 0 1.296797752380371 0 0.1166126877069473 0 0 0 0 0 0 0.099760502576828 0.1240667700767517 0.3640508502721786 0 0 9.984295204281807 2.300260484218597 2.597038827836514 59.02803462743759 1.530299253761768 15.34480793774128 3.608186423778534 217.9251974821091 1.979243516921997 0.9110408127307892 2.723690360784531 6.409559607505798 0 0.2675839513540268 0.6556440591812134 61.2543340921402 0 0 0 0 0 102.9192409962416 37.59518058598042
465.8447818905115 2043.523551419377 171.1052746251225 401.498552069068 1915.555830821395 29.25458079576492 743.2964812815189 195.2744482606649 1920.030459046364 2006.94953430444 1003.98163075 229.4728835821152 7045.99242105335 2774.281347461045 49.44691172242165 65.59198270738125 1.200583957135677 0.7024521380662918 0.5461665540933609 0.5836163908243179 1.139563322067261 0.1095697209239006 3.456290692090988 4.238070972263813 5.542975589632988 0.6036805734038353 1.112848907709122 0.2144014611840248 0.4806922525167465 0.6934152320027351 123.2465229481459 8.496789544820786 12.53128097951412 0.09559895843267441 2.119491063058376 2.9233073964715 20.45714628696442 4.97978051006794 2.495360061526299 2.781917959451675 2.605586782097816 0.3814318105578423 0.4649955257773399 4.321350529789925 0.09659856557846069 0.1979287341237068 145.4778520166874 5.710586696863174 0.5958928316831589 0.4021877273917198 1.130576260387897 0.094136081635952 0.2610030472278595 0 19.25956185162067 17.86329070478678 46.48983692377806 177.2522788047791 48.88508065789938 72.96249854564667 0.4568823054432869 11.09324698895216 0.240204781293869 57.53208780288696 10.03620870411396 9.455673284828663 5.795698516070843 2.848948605358601 2.059251971542835 4.758613996207714 28.42005952447653 0.1500446200370789 0.09667398035526276 139.9203140437603 103.4064021706581 132.7680831700563 46.17430020868778 16.08554768562317 1.758753769099712 10.75519572198391 0.580205500125885 8.983544886112213 47.29054992645979 0.8714799135923386 8.191886492073536 9.727799460291862 4.906179904937744 0 1.147219531238079 0 0.8796656429767609 0.09473476558923721 1.755342267453671 0.2755205184221268 0.267118327319622 30.75596962869167 5.042424321174622 0 6.958645701408386 43.67865813523531 0.1117366626858711 0.6511743366718292 39.79574885964394 25.62126514315605 14.13637262582779 92.17328435182571 10.92098650336266 40.02376089990139 80.84396054595709 52.99453072249889 8.902146488428116 55.92592760175467 92.9942124709487 34.04992277175188 51.31917989253998 0 0 0 0 0 0 0 0 0 0 0 0 0.2772552818059921 0.08186002820730209 0.1994810104370117 0 0 0 0.1209080144762993 4.605381332337856 2.99268701672554 0 1.031638622283936 0 27.58241165429354 2.186305209994316 32.04702080786228 5.25919297337532 2.477012522518635 0 0 0 0 0 1.355854511260986 0 0.2504303231835365 0.3860815092921257 0 0.1476233303546906 0.3078993409872055 0.1081623584032059 0.1754871606826782 0.2568878903985023 0.5083124339580536 0 0.6868815198540688 0.6844674497842789 1.48656365275383 0 0 15.41829288005829 0.3889321535825729 0.2665601000189781 0.08988048136234283 0.139131024479866 0 0.08398129045963287 0 0.1313636302947998 0 38.01898977160454 0.8733627945184708 0 0 0 10.49946604669094 0 7.223846510052681 0.9591245800256729 0.8394254669547081 0.5292559117078781 0.1894148737192154 0 0 0 0 0 0 0 0 0 12.26069776713848 21.46258790791035 27.95167251676321 318.0858683660626 9.694340392947197 389.754834279418 48.97182478755713 111.2264317795634 57.33065212517977 4.567957147955894 42.50550494343042 8.011393666267395 0 4.919441677629948 1.977235302329063 31.02786004543304 1.819738171994686 1.166686996817589 0.7900957316160202 10.6451581120491 5.521993428468704 79.01015745103359 34.74058861285448
28.59229906648397 672.5777481347322 2667.836224474013 12.6865598410368 194.7935494929552 0.5077894479036331 195.2744482606649 458.6173039525747 316.0669828355312 31.04581870883703 1419.276543915272 197.351938791573 506.8105504289269 1476.154257811606 34.68384489417076 73.51066493242979 2.494309641420841 1.836530409753323 0.2281931415200233 12.39750925451517 23.57645577192307 3.531383275985718 52.3467553704977 52.98245348781347 158.0342512428761 12.19241352379322 39.84742502123117 3.695050954818726 11.937126070261 14.72535387426615 354.4733364209533 1670.445084802806 514.3164709433913 9.74637933075428 39.26645393669605 148.3462551534176 311.3414003252983 259.7807818427682 69.99131149798632 89.20165559649467 42.75136731564999 2.123340055346489 4.358966872096062 9.054430596530437 4.060408920049667 3.031030058860779 79.83737234026194 2.911628216505051 1.823509931564331 4.639889568090439 5.361507162451744 6.331925258040428 3.160769663751125 1.587103649973869 2.986044734716415 2.032758571207523 7.266973070800304 47.34194541722536 9.781867668032646 15.86951895058155 14.90561245381832 64.59911426901817 6.163835562765598 140.599301956594 1.486522614955902 2.079737633466721 5.033207885921001 8.817118249833584 39.12725596874952 86.1564991697669 67.62907848507166 0.4823338910937309 0.5348194688558578 22.39303112030029 32.96339040994644 55.05001129955053 139.4627708122134 174.9756062403321 1042.95312589407 2211.745772734284 47.55131252855062 1549.288817532361 8.0185931250453 0 1.440137684345245 2.10919301211834 3.297535449266434 0 0.1047287508845329 0.2168804258108139 1.513246305286884 0.495801217854023 29.62388046830893 3.713266633450985 1.796776011586189 6.001889824867249 1.862331882119179 0.5568043291568756 33.22252190113068 6.978885196149349 0 0.1084256172180176 0.3038569837808609 0 3.361238211393356 7.174895793199539 0 5.033692248165607 5.055205076932907 3.228218391537666 0.9182552695274353 3.759607918560505 11.08539825677872 4.604811780154705 9.129860013723373 0 0 0 0 0 0 0 0.1502244174480438 0 0 1.273274287581444 0 0 0.3054125159978867 0.9027806669473648 1.348805323243141 0.4453477114439011 2.036576613783836 0.3979816883802414 1.134625375270844 1.666399486362934 0.1144511476159096 0 0 6.079384081065655 0.7160191163420677 11.5396733507514 1.962134465575218 1.402498297393322 1.095261931419373 0.558979757130146 0 0 0 0 0.1866444796323776 0 0 0 0 0.8685297667980194 1.141291998326778 1.648754872381687 0 0 0 0.1279643774032593 0.4380863606929779 0 0.3314831852912903 0 3.462278820574284 0.2851557731628418 0 0 0 0 0 0 0.3476357460021973 0.1428845822811127 5.254264622926712 1.485333770513535 0.5027248412370682 0.2346402034163475 1.342061199247837 2.528927654027939 0.4693412780761719 1.57883033156395 0 0.2559768557548523 0.1041566580533981 0 0 0 0 0 0 0.1651820242404938 0.6474043801426888 0.2199615985155106 0.3671745657920837 1.401671700179577 5.036834523081779 6.279609307646751 142.2690750733018 16.56009764969349 137.1353085190058 31.58972055464983 23.19484185427427 16.84684248268604 2.856739573180676 23.82439652085304 3.71847565472126 0.387822300195694 1.959437891840935 0.5676911473274231 2.94571790099144 0 0.198438286781311 0 5.349012583494186 2.42086786031723 9.181829981505871 3.196232110261917
0.3571590036153793 2249.25643170625 391.9679658189416 3.173342563211918 2195.822518073022 1.646099537611008 1920.030459046364 316.0669828355312 678.7269438058138 40.66054150462151 922.0926370918751 16.64608371257782 1022.897774532437 688.3988897204399 7.394114054739475 12.43632423132658 0.4537354484200478 0 0.1006583347916603 0 0 0 0.6242670863866806 1.062840834259987 1.325196333229542 0.1063654124736786 0.2660366967320442 0 0 0.1983871906995773 4.471578486263752 1.068986602127552 3.431304812431335 0 0.2682245671749115 0.5471323430538177 2.472150512039661 0.3360772132873535 0.2690755277872086 0.9324803054332733 1.5167166441679 0 0 0.573569543659687 0 0 14.43318446725607 0.253479890525341 0.3057717829942703 0 0.09902535378932953 0 0.1148503050208092 0.1971027031540871 0.8884356170892715 0.4498021528124809 2.071170836687088 3.033291347324848 2.966104499995708 4.554772108793259 0 0 0.09789451211690903 2.754075162112713 1.057976499199867 0.4842896610498428 0.2550797611474991 0.0786343514919281 0.1895876601338387 1.099393829703331 3.414277911186218 0 0 5.195145137608051 4.807110667228699 13.60225619375706 6.318551309406757 3.497504457831383 0.5149533376097679 1.886420994997025 0.138495072722435 1.461957365274429 3.302534714341164 0 0.5754099488258362 0.2506281808018684 0.3803967460989952 0 0 0 0 0 0.3626137673854828 0 0 4.121094882488251 0.3454362601041794 0 0.4152065292000771 0 0 0 0.2929480373859406 0 1.499226912856102 5.928456075489521 0.3703172504901886 1.675968445837498 2.616112187504768 3.308849051594734 1.286406099796295 1.968607626855373 5.911670260131359 2.886904440820217 5.187323994934559 0 0 0 0 0 0 0 0 0 0 0.1763467192649841 0 0.5296562314033508 0 0 0 0 0 0 0.7689039558172226 0 0 0 0 3.035847209393978 0.259563572704792 2.760668538510799 1.02088651061058 0.225052073597908 0 0 0 0 0 0 0 0 0 0 0 0.4016976356506348 0 0 0 0 0 0 0 0 0 0 1.854117542505264 0 0 0 0 0 0 0 0 0 3.062772393226624 0 0 0 0 0.856199249625206 0.2228878438472748 0.3366733491420746 0 0 0 0.1815628260374069 0 0 0 0 0 0 0 0 0 1.004520073533058 2.031736426055431 3.602803394198418 32.40002870559692 1.436679027974606 36.91218407452106 3.534502997994423 5.364634640514851 4.332018412649632 0 3.331715822219849 0.3753466159105301 0 0.1426620930433273 0 2.815644770860672 0 0 0 2.084855332970619 0.5802842378616333 5.06484717130661 3.29828830063343
1191.041914694011 2212.683960326016 390.9386204481125 1106.84928856045 490.6869295239449 647.2250676751137 2006.94953430444 31.04581870883703 40.66054150462151 1376.028867565095 86.11913957446814 1577.914229132235 4393.223781660199 310.7113217934966 47.30879309028387 43.06339425593615 2.364082008600235 0.8412197306752205 0.5408351793885231 0.2638722360134125 0.5768269151449203 0.1509440839290619 1.574791707098484 2.267236925661564 2.324104458093643 0.2011107951402664 0.4855602011084557 0.5927794575691223 1.261526860296726 2.360567398369312 165.8881641700864 3.800413034856319 115.0937027558684 0.1204304546117783 1.374800026416779 1.633622415363789 135.5990182980895 12.77617225050926 9.980037197470665 3.623545624315739 2.574192494153976 0.2791601717472076 0.1069351509213448 3.132825113832951 0.9130005612969398 0 184.8915621936321 7.678562797605991 0.7659453004598618 0.4776957333087921 0.82189080119133 0.09133225679397583 2.212952591478825 2.007581859827042 27.61932491511106 24.45627125352621 89.32457004487514 259.1290061175823 83.85568306595087 91.65022653341293 1.093858778476715 117.4477000385523 0.3907748982310295 72.70049737393856 14.04176773130894 12.21272689849138 6.5497642531991 2.168837636709213 1.329191014170647 1.800333358347416 188.6008459627628 1.337943837046623 0 201.980261951685 110.4878119528294 133.5007594004273 32.6378014087677 10.81754288077354 0.9649253413081169 46.03820517659187 0.53532874584198 55.03261337429285 64.64375079423189 1.702436380088329 10.069520637393 13.42383207380772 6.953675851225853 0.1702271103858948 1.674717381596565 0 1.247480250895023 0.45635686814785 0.8358733132481575 0.6979091912508011 0.2842418253421783 282.078983232379 73.02730959653854 0 44.4527396261692 322.5883973613381 3.752705670893192 22.4239209368825 95.41226580739021 46.20734477043152 82.62936030328274 342.7129808887839 85.1375704407692 221.2200679853559 330.6693634837866 390.5123621076345 59.38964326679707 280.0335983037949 559.5110669657588 209.6546952798963 252.6353278383613 1.389448493719101 0 0 0 0 0 0 0 0 0 0.1671932339668274 0 2.443589061498642 0 0.7251184284687042 0 0.6190918833017349 0.1634797602891922 0.4244959056377411 23.51854400336742 15.07149375975132 0 0 0.1977377533912659 122.5824062302709 11.57108938694 109.4680676162243 12.44511812925339 13.08677170425653 0 0.4591938853263855 0.1445280909538269 0 1.918666839599609 0.2289289683103561 0 0.3541891872882843 2.459291845560074 0 0.1969611346721649 0.1337738633155823 3.206733606755733 0.1714861541986465 0.09903284907341003 0 0 2.570793397724628 2.38347839564085 3.607509806752205 0 0 72.82498230785131 1.851011693477631 0 0.2210839465260506 0 0 0 0 0.4057871401309967 0.1420887112617493 162.3423802852631 11.4623241648078 0.9842463880777359 0.6504509747028351 0.3230587840080261 60.06858602911234 3.183885991573334 25.07515580952168 1.125706218183041 3.476875081658363 1.136922597885132 1.654741957783699 0 0 0.1470136791467667 1.519943550229073 0 0.837893582880497 0.09979614615440369 0 0 93.95356969535351 65.77968953549862 85.21701794862747 877.0330555215478 19.91320490837097 680.2538040578365 90.0113559961319 1076.552991062403 155.8533822968602 25.31513581424952 89.81960663944483 55.75497464835644 0.7837895005941391 18.52793755382299 10.91352155059576 309.0095851272345 0.9145068898797035 0.7322844117879868 2.080773241817951 22.8424978107214 3.533557116985321 800.292286619544 237.7282846048474
54.55601461976767 1935.005710497499 2332.033490717411 11.53846547007561 1275.042664587498 2.184459023177624 1003.98163075 1419.276543915272 922.0926370918751 86.11913957446814 1057.535464175045 392.6190090253949 2209.852459572256 3669.231127761304 39.96294409781694 64.88750914484262 1.701563291251659 0.4971517100930214 0.2172982469201088 0.9887974783778191 1.681864447891712 1.065010666847229 5.461846552789211 8.083070650696754 27.37067621201277 2.05500827729702 8.454891875386238 1.73890870064497 2.954561308026314 3.83049089461565 150.3391965478659 34.22880953550339 716.8126901239157 0.4509503394365311 4.458167687058449 16.25647052377462 400.4590846151114 53.86683492362499 37.68903773277998 20.05671190470457 5.278915606439114 0.4906502440571785 0.645818717777729 5.146430738270283 0.2645840123295784 0.5496081784367561 89.05787731707096 2.673514194786549 0.6626976132392883 0.474223867058754 0.3450506255030632 1.184982627630234 2.071777448058128 0.09942761063575745 5.855095155537128 6.592204622924328 11.72172678261995 46.19225517660379 19.20948511362076 30.37571776658297 0.6792101636528969 18.21664949506521 0.1185240224003792 26.99383680522442 4.645391494035721 2.845664530992508 2.276998206973076 1.431993938982487 1.37483424693346 6.298548653721809 74.62243946641684 0.3146929889917374 0.1658262610435486 45.36100499331951 34.78042324632406 91.42198418080807 42.18298179656267 16.84892442822456 38.41222114115953 833.0751358047128 0.8040867522358894 23.72165428102016 16.35620267689228 0.3346817791461945 4.479981474578381 4.24166851490736 2.62194686383009 0 0.3874048888683319 0 0.9073070660233498 0 2.162161998450756 0.9464493691921234 1.007047615945339 6.885838180780411 3.773035302758217 0.1224697306752205 22.40553471446037 12.25381395965815 0 0 1.654974162578583 0.2326869368553162 3.796554729342461 10.88077291101217 0.6507674753665924 5.50508039444685 6.481604710221291 6.494229346513748 2.221409365534782 7.541321113705635 11.52345422655344 6.598691955208778 9.826012633740902 0.09298892319202423 0 0 0 0 0 0 0 0 0 0.8749426752328873 0 0.23641686886549 0 0 0.1191247552633286 0 0.65851940959692 0.145451232790947 1.420048490166664 0.9321734607219696 0 0 0 5.618616811931133 0.2778627276420593 7.712097264826298 0.9335313215851784 0.8966851681470871 0.2614803612232208 0 0 0 0 0.09200229495763779 0 0 0 0 0 0 0.3030594512820244 1.311977595090866 0 0 0 0.4650985151529312 0.1062775254249573 0.101157434284687 0.1465515643358231 0 5.177661582827568 0.1913388818502426 0 0 0 0 0 0 0 0.355662614107132 7.058723777532578 0.7921744734048843 0 0 0.09020174294710159 2.096384920179844 0 3.20440074801445 0.09770974516868591 0 0 0 0 0 0 0 0 0 0.1263992339372635 0 0.1089223474264145 1.627194866538048 8.059401221573353 5.685855135321617 150.0819645300508 5.615372076630592 185.9341401457787 27.53783446550369 25.94995858520269 21.18566077202559 2.871155843138695 22.9938622713089 2.890885941684246 0.2000850290060043 0.9804907292127609 0.6108203902840614 4.1464654058218 0.5232899039983749 0 0 3.190103247761726 2.412612646818161 19.60602253675461 6.110119201242924
34.42656526714563 181.6133270636201 91.0224492251873 29.23863447457552 35.51944862306118 115.6858994066715 229.4728835821152 197.351938791573 16.64608371257782 1577.914229132235 392.6190090253949 18.06530421227217 525.3250320330262 170.6618275269866 20.7298628538847 51.70754471421242 1.266477391123772 0.7349851578474045 0.1440666615962982 1.598169475793839 2.855261072516441 5.59515468776226 6.860908091068268 11.48751298338175 28.74677556008101 2.685536414384842 13.01171616464853 2.113997004926205 7.975766658782959 5.501996055245399 33.4219668880105 11.55973587930202 122.3324438631535 0 6.020039021968842 9.503237560391426 471.8055035173893 42.61917644739151 86.67599975317717 28.31571364402771 6.313914805650711 2.811126336455345 0.3608563840389252 1.919465117156506 0.115427054464817 0 31.71381421387196 0.2020521089434624 0 0.7736830338835716 0.8914682418107986 4.513484343886375 7.828925490379333 1.281279295682907 0.2410411760210991 0.5942905694246292 6.552592232823372 12.25643988698721 3.05650982260704 2.297501094639301 0.531489759683609 17.6178163588047 0 11.04955723881721 0.590311124920845 0.4387436732649803 0.4617044851183891 0.2536413073539734 1.251595206558704 2.96897491812706 230.1930949762464 4.049145944416523 0.7024542689323425 5.28538928180933 7.856791384518147 13.77307775616646 11.53325904160738 7.78366120159626 0.1518115550279617 39.88889019936323 0 3.631071396172047 2.859767347574234 0 0.7221379950642586 0.4070683121681213 0.09373057633638382 0 0.1944368779659271 0 0 0 4.017918154597282 0.2303719818592072 1.197752952575684 609.058458417654 13.63533122837543 0.733909010887146 85.7068664431572 73.1028173416853 2.452886320650578 3.171197846531868 24.14530365914106 5.033419504761696 22.56507205963135 94.79094481468201 9.791011989116669 66.39671756327152 90.83584393560886 97.94596196711063 23.81272829324007 120.6098799258471 232.7320599555969 100.896981395781 144.9458417594433 0.369945265352726 0 0 0 0 0 0 0 0 0 0.6344702988862991 0 0.9481754302978516 0.1393077373504639 0.2654124647378922 0.4751102179288864 1.653013944625854 0.3959390819072723 1.59938371181488 7.120970651507378 5.901157863438129 0 0.5145021677017212 0 96.72623184323311 3.584831163287163 73.04233229905367 12.18149694055319 7.290569573640823 0.2635583877563477 0 0 0.1193173676729202 0 0 0 0 0.2365288957953453 0 0 0.3470090329647064 1.63094100356102 0.9005783721804619 0 0 0 0.7249580770730972 2.286637924611568 0 0 0 33.36743491888046 0.612466037273407 0.3224638998508453 0.17397640645504 0.09049075096845627 0 0 0 0 0 116.4234099909663 5.116265058517456 0.5833806023001671 0.4971815645694733 0.1362270563840866 24.2910520285368 0.2917177677154541 7.437921710312366 0.09990104287862778 4.107408091425896 0.1246452555060387 0 0 0 0 0.2944571897387505 0 0 0.3236625492572784 0.1365490704774857 0.2683339715003967 61.70734515786171 75.66206718236208 85.4454730451107 172.5201518237591 3.373468041419983 75.38936067372561 22.19712349772453 260.817417666316 7.144802898168564 1.118776202201843 26.05799695849419 8.496450006961823 0.1627826243638992 4.989247396588326 0.3824311271309853 44.9388218075037 0 0 0 5.113263338804245 0.7619578242301941 484.6702375635505 168.0310128703713
87.07478051632643 1818.996586889029 187.2739183604717 517.8760615810752 636.5067379772663 67.85099457204342 7045.99242105335 506.8105504289269 1022.897774532437 4393.223781660199 2209.852459572256 525.3250320330262 3295.046899408102 3395.668119445443 53.7912128046155 122.6784387379885 2.287862487137318 2.343706667423248 0.4920506626367569 3.843766212463379 6.407194495201111 3.699643716216087 16.00779436528683 23.20709515362978 47.77426490932703 5.824212320148945 16.38985536247492 3.007556334137917 6.192953109741211 8.687472738325596 64.39935474842787 9.75169862061739 321.939797475934 0.1743769347667694 13.01114109158516 22.73271864652634 587.9236406907439 55.60168719291687 50.52124086022377 29.56823042035103 21.93614650517702 2.671002112329006 0.1148401200771332 8.294721536338329 0.434177964925766 0.762244813144207 106.0848171338439 2.782339252531528 1.318211935460567 1.879027165472507 0.7437180280685425 3.638797998428345 5.851959422230721 1.396797001361847 2.567021191120148 2.807383179664612 9.670383155345917 31.49650360643864 10.75311113893986 17.82204316556454 0.5040259286761284 25.53091716021299 1.069448947906494 18.86203570663929 1.122488848865032 1.962962299585342 2.212151221930981 1.000055946409702 2.815913461148739 15.25163994729519 133.4532113820314 1.541112005710602 0 23.26658496260643 22.95069370418787 55.6723395884037 30.9885014295578 19.46194664388895 2.359070062637329 116.9277771189809 0.4240979999303818 11.27615839987993 7.644808053970337 0.2266246750950813 2.369973130524158 1.603199526667595 2.047237306833267 0 0.6748752892017365 0 0.2282460927963257 0 10.41797034442425 2.242793053388596 2.974995344877243 577.1392825394869 12.62527909874916 2.328238353133202 51.84962183237076 41.06980286538601 1.622429750859737 3.417034141719341 33.15165358781815 9.22404782474041 35.25863965600729 166.9458117708564 18.43426997959614 85.44622715562582 119.6761807352304 121.6753614619374 23.40300412476063 136.5784983858466 285.2578614652157 109.2006367817521 157.5184375196695 0 0.1196239590644836 0 0.1162460371851921 0 0 0 0.5396341681480408 0 0 0.5026869624853134 0 1.588372841477394 0.3191438317298889 0.7397508323192596 0.5099488794803619 0.7506561279296875 0.880179300904274 1.005157142877579 11.04743228107691 8.29837292432785 0 0 0 100.3100405782461 4.627467222511768 80.1505947932601 11.91797007620335 7.447118677198887 0 0 0 0 0.2735812067985535 0.233675092458725 0.3932106792926788 0.4891944974660873 0.320925772190094 0 0.2487301528453827 0.3955902308225632 1.83235926926136 0.8679569512605667 0 0.2054552435874939 0.09188984334468842 1.451706126332283 1.168523848056793 0.8018949180841446 0 0.2477609068155289 41.70329216122627 1.93364105373621 0.2462595999240875 0.1766989082098007 0 0 0 0 0 0 131.9021826311946 5.163692019879818 0.8358771950006485 0.5915903672575951 0 29.80127500742674 0.3403126448392868 14.88904828578234 0.9556516781449318 1.802511796355247 0.1058185547590256 0 0 0 0 0.1552844047546387 0.4186749756336212 0.2770498842000961 0.1183898746967316 0.1622156798839569 0.2542797401547432 61.29051259160042 85.05357149243355 88.92806324362755 379.1568686664104 7.266586124897003 223.6576718166471 48.38821950554848 168.1288238018751 27.57429867237806 5.557070672512054 59.02236055582762 9.072443276643753 1.575131550431252 8.351359203457832 2.857687190175056 55.5323408767581 0.2253136187791824 0 1.899972274899483 12.67837190628052 3.411979049444199 305.0539309903979 151.7458103075624
