322.8406756818295 2447.842952460051 302.0697237923741 1054.367004580796 61.79601351171732 108.3489668220282 221.0775678306818 11.64827894419432 20.17231606692076 1360.350906617939 37.3557858094573 58.44203644245863 157.2794615775347 39.91059695929289 14.4847677052021 1.950040429830551 2.078445717692375 0.4456842392683029 0 0 0.321064256131649 0 0.1587315499782562 0 0.09225494414567947 0.1984989792108536 0.2109300047159195 0.1421093344688416 0.2106343507766724 0 507.7017966210842 5.74041223526001 6.716355286538601 0.2521674036979675 0.1349108964204788 0 9.292888604104519 1.080763153731823 4.771950863301754 0.1058117300271988 0 0.4701958894729614 0.1160020083189011 0.4147486016154289 0.07772920280694962 0.5166009813547134 57.31545814871788 8.903591759502888 3.581598848104477 0.2113098055124283 1.073642820119858 0 0 0.4022694453597069 2.544919461011887 2.78905313462019 112.3222896084189 689.2692612037063 6.023753516376019 8.667877301573753 0.6338827311992645 0.09653101861476898 0.1096888035535812 93.2692835777998 3.644152842462063 7.495275169610977 1.364376462996006 3.307256810367107 0.3566055670380592 0.1735260337591171 18.70216490328312 0.6445686519145966 0 92.15314684808254 57.69848831743002 39.97350531071424 21.33706252276897 2.278362609446049 0.4268745332956314 1.926375918090343 0.1036475002765656 1.293492399156094 14.67587166279554 0 6.063254900276661 6.008260935544968 1.950206354260445 0 1.275991857051849 0.2471236139535904 1.791986487805843 0.5680423527956009 0.4295802339911461 0.82681555300951 0.6574962437152863 35.41372309625149 8.350787341594696 0.2208244502544403 6.323566138744354 901.0679592266679 1.395159266889095 7.345811977982521 2.31058132648468 2.769821889698505 0.135011687874794 4.810330674052238 13.55309776961803 0.9620970487594604 7.336446017026901 15.06897373497486 2.974261946976185 6.234087757766247 16.14708794653416 7.300195500254631 8.121613524854183 0 0.4472231268882751 0 0 0 0 0 0 0 0 0 0 0.2322470918297768 0 0 0 0 0 0 0.8263731598854065 1.737780168652534 0 0 0 3.673497796058655 0.285128653049469 7.088620021939278 2.051521994173527 1.55010125041008 0.3506835401058197 0.1002017110586166 0 0 0 0.4862771034240723 0 0 0 0 0 0.1855975985527039 1.411753714084625 0 0 0 0 0 0 2.399089127779007 2.963383883237839 1.046446681022644 2.294196113944054 1.373003959655762 0 0 0 0.08302457630634308 0 0 0 0.2259285151958466 4.559597745537758 1.12920880317688 0.08499587327241898 0 0 2.838401064276695 0 1.701908379793167 0 0 0.9321192502975464 0.1862051337957382 0 0 0.08706461638212204 0 0 0 0 0 0.1312700062990189 13.11294988542795 3.540703289210796 4.338919520378113 304.0532259270549 4.03581714630127 190.7861799672246 39.30540648847818 729.2469304800034 3.529515743255615 2.659283339977264 4.730907075107098 34.56744112074375 0 1.131953366100788 0.2144075632095337 51.80846025049686 0.1706978380680084 0 0 0 0 210.1585348471999 18.24812012165785
2447.842952460051 1415.071469344199 1235.020266026258 1231.64511847496 982.36751165241 145.1763787046075 1665.969486653805 126.4176511690021 525.9425848647952 3103.946365483105 498.4321468025446 109.8174009248614 713.515934869647 787.1948170885444 58.55059304088354 7.150510199368 6.583010867238045 1.619413286447525 0.4460307210683823 1.496058918535709 0.98483806848526 0.2079052701592445 1.048328801989555 0.3336739093065262 0.8077707439661026 0.3236247003078461 0.3144502341747284 0.7216596826910973 0.4151660203933716 0.2839281111955643 1616.626776538789 52.03725016117096 23.06227387487888 0.2216302528977394 0.1996222287416458 0 39.53489387780428 2.617547772824764 5.895944610238075 0.6683977097272873 0.4597106724977493 1.313533328473568 0.8357211649417877 2.2124093323946 0.3338178917765617 1.804291494190693 176.0156229287386 18.54238637536764 6.635924339294434 0.6013386994600296 1.876783207058907 0 0.6799322366714478 0.4785506948828697 2.056411080062389 2.256308786571026 123.0424926429987 676.2125919610262 13.70879223942757 28.96134768426418 1.273260235786438 1.065553091466427 0.1209438294172287 425.12750338763 5.454529538750648 11.44500108063221 2.758176401257515 5.723445169627666 1.815497890114784 0.8086830079555511 57.20990514010191 1.802104659378529 0 158.6466508805752 190.8140336573124 160.6375316306949 209.9964232705534 31.84519533067942 1.039290457963943 5.953827023506165 1.145602092146873 7.169791966676712 22.69200428575277 0.09571786969900131 9.777399301528931 9.080841593444347 6.150472946465015 0.3603456988930702 2.864471971988678 0.1953271478414536 1.570141971111298 0.7447049021720886 0.8426807969808578 1.333284862339497 1.36584585160017 40.58161400258541 17.1179760619998 0 4.656305767595768 932.3931221589446 1.621747761964798 4.348592095077038 1.612987898290157 23.85526199638844 0.1091086268424988 5.80989296734333 3.322285167872906 1.748848974704742 4.544165790081024 11.74241928756237 5.777059473097324 10.57885409146547 13.92679799348116 13.48343972116709 12.04325833916664 0.1267480850219727 0 0 0 0 0 0.3292344510555267 0 0 0 0 0 0 0 0 0.2449041455984116 0.3649416118860245 0 0 3.974538169801235 2.987483963370323 0 0 0.671417772769928 6.155516587197781 2.182912096381187 20.98951859772205 4.795822709798813 0.7674616947770119 0 0 0 0.3387250304222107 1.408098772168159 0.6326635479927063 0.1781804263591766 0.3209859430789948 0.2367550581693649 0 0 0 0.4349912405014038 1.626675464212894 0.1454174965620041 0 0 0.2575412392616272 1.004931636154652 0.6330058723688126 1.232890784740448 0.4076755940914154 4.990235887467861 0.8723824322223663 0 0 0 0 0 0 0 0 11.97391556203365 1.349761500954628 0 0 0 6.274356119334698 3.317831262946129 5.104940161108971 0.2563800662755966 0 0.1975556761026382 0.2195663750171661 1.214837551116943 0 0 0.12459746748209 0 0 0 0 0 15.53636514395475 8.304029949009418 8.607371658086777 268.2227444350719 8.046301782131195 352.4586560800672 87.24713448435068 402.2061686366796 20.02782464772463 1.783657789230347 32.50579895079136 25.48944880068302 0.5755772292613983 2.255912967026234 0.4051575213670731 16.73978713154793 0 0.1064645200967789 0.7169331908226013 2.016956895589828 0 77.0749348923564 14.85728600621223
302.0697237923741 1235.020266026258 1637.27675113827 71.25871607661247 585.6506088748574 17.45988153666258 413.1828822568059 1746.918761841953 755.6204115748405 396.0060106739402 2499.256233178079 122.268975250423 624.31484849751 1576.011324174702 48.72559858113527 20.49296050518751 7.515133649110794 0.8151015639305115 0.2135966420173645 2.679742388427258 7.981307528913021 1.192613124847412 8.693378448486328 5.19523011893034 3.475959315896034 1.409940853714943 5.714841790497303 3.101242169737816 2.622291319072247 1.783961497247219 2908.165934823453 407.437547519803 304.2967496290803 2.245458677411079 7.568981431424618 8.468185484409332 244.1381232067943 18.80131646245718 18.88793481141329 3.959923788905144 2.515247389674187 2.014058664441109 0.836962915956974 4.625751115381718 0.4559126347303391 1.367170862853527 83.13056405633688 3.836710087954998 3.475414074957371 0.4948811084032059 6.397734016180038 0.3967012539505959 3.284181959927082 0.5092060118913651 0.961784265935421 1.683193445205688 44.26622185856104 297.0612004250288 5.414271824061871 10.23944846540689 1.684488721191883 20.68007352203131 3.059854283928871 185.5942926630378 2.144343353807926 4.564819768071175 1.5458669885993 6.814127288758755 14.95618671178818 16.78694725036621 193.7548160254955 3.7206721752882 0.09790347516536713 44.24563798308372 65.95684830099344 60.32585154473782 105.0189421698451 30.27704486250877 19.4398439899087 655.984508395195 1.112294815480709 136.4009790718555 7.031085133552551 0.1495236903429031 3.75596260279417 2.410458743572235 2.019320890307426 0.360335610806942 0.9080831184983253 0.09565448015928268 0.7198036313056946 0.300530269742012 24.45936623960733 2.054918676614761 1.1501644551754 40.44699738174677 11.77272423356771 0.7149854674935341 7.287041313946247 235.40186124295 3.689591705799103 3.217998117208481 1.71478696167469 0.5750710219144821 1.10670992732048 5.198689498007298 6.413433015346527 3.17658169567585 10.70244916528463 10.43015211820602 12.56524451076984 21.13678389042616 21.31895205378532 20.63458774983883 18.65102628618479 0 0.1190816685557365 0 0.1460920721292496 0.111338384449482 0 0 0.3387821689248085 0 0 0.1344961822032928 0 0.3190275803208351 0.1492757499217987 0 1.679427787661552 0.368237592279911 0.7204441353678703 0 9.504436440765858 9.325046755373478 0 0 0 12.37796431034803 3.064998082816601 39.02534320950508 7.902518518269062 1.702063195407391 0.6169923096895218 0.3673265054821968 0.1176593899726868 0.5832762718200684 0 1.251892507076263 0 0.1060722395777702 0.4571080878376961 0 0 0 1.739725105464458 1.479923292994499 0 0 0 0.1640843227505684 1.28643125295639 1.368717275559902 0.6661745458841324 0.6032686904072762 9.032274141907692 2.597765229642391 0.1043983176350594 0 0 0 0 0 0 0 19.25708371400833 1.747454300522804 0.1397550851106644 0 0.1939538270235062 16.35238981246948 2.688674062490463 4.779606491327286 0.2352040857076645 1.056981161236763 0.4991755932569504 0.5306561291217804 0 0 0 0 0 0.09469811618328094 0 0 0 28.53406621515751 15.66579113900661 20.24236860871315 168.8471438586712 5.389665655791759 141.4812844842672 51.69604186713696 86.68428162485361 6.953725397586823 0.8547743111848831 20.98892878741026 20.45958040654659 0.1041512936353683 4.366285040974617 1.960924431681633 21.64585750550032 0.3509078323841095 0.1063578948378563 0.4588218927383423 0.9225422665476799 0.4601365327835083 67.31706800311804 30.47654013335705
1054.367004580796 1231.64511847496 71.25871607661247 371.7875755876303 45.96862594783306 200.472534224391 886.8044164180756 0 8.602088533341885 1875.17624360323 6.341987378895283 197.3546202927828 477.9396381601691 11.89142494648695 2.154719009995461 0.1244072243571281 0.1678629070520401 0 0 0 0 0 0 0 0 0 0.1087215468287468 0 0 0 76.17373062670231 0.5229291692376137 0.3725841045379639 0.08967910706996918 0 0.2741846442222595 0.3502703234553337 0.5943204760551453 0 0 0 0.07155792415142059 0.1061703786253929 0.08256738632917404 0 0 19.07748626172543 1.810364484786987 0.3284195959568024 0 0 0 0 0 0.4871830344200134 0.3973253071308136 20.22542191296816 78.9776456579566 0.7986037731170654 1.240732073783875 0.3828977048397064 0 0.09635264426469803 24.64199379086494 0.4220875278115273 1.550176292657852 0.3237680643796921 0.3193391561508179 0.2005703821778297 0 1.010976538062096 0 0 19.21094252169132 14.04494239389896 11.71731881797314 6.562355108559132 0 0 0.4290275052189827 0.22495286911726 0.1857498735189438 1.327708512544632 0 0.9090771079063416 1.00224182009697 0.647540420293808 0 0.4743373245000839 0 0.1111557856202126 0 0.1253784447908401 0 0.1254140287637711 6.677012994885445 0.09797482192516327 0 0 589.4052814617753 0.8364619612693787 1.566369757056236 1.013798460364342 16.48728533089161 0 17.84349872171879 6.242688179016113 0.2236144244670868 2.39676097035408 3.814402237534523 1.699722111225128 3.850998021662235 3.811025306582451 2.970401391386986 0.5709573179483414 0 0 0 0 0 0 0 0 0 0 0 0 0.3563011884689331 0 0 0 0 0 0 1.30999431014061 0.9353631287813187 0 0 0 0.4263526052236557 0 0.6464057564735413 0.6652721911668777 0 0 0 0 0 0 0 0 0 0 0 0 0 0.165764257311821 0 0 0 0 0 0 0 0 0 0.1909829676151276 0.6692351698875427 0 0 0 0 0 0 0 0 2.381178081035614 0 0 0 0 0.6980028450489044 0 0 0 0.1114762052893639 0 0 0 0 0.1524818390607834 0 0 0 0 0 0 3.621776029467583 0.322495698928833 0 110.4202071130276 1.659505799412727 46.84274554252625 3.870643749833107 651.5454429164529 1.255912914872169 0.1996843665838242 1.423842281103134 13.49310237169266 0 0 0 21.8675375431776 0 0 0 0 0 86.27600632607937 5.764590188860893
61.79601351171732 982.36751165241 585.6506088748574 45.96862594783306 2338.690449379385 8.120860323309898 2018.52827463299 65.46288408339024 2009.092092573643 350.8265992924571 1011.02020072192 37.04460924863815 522.703261911869 1088.802305474877 20.1664839014411 1.480342604219913 0.9987936839461327 0.09077369421720505 0.205625593662262 0.182218536734581 0.3069347590208054 0 0 0.1318829506635666 0.0919097438454628 0 0 0 0.119509182870388 0 188.2169079557061 26.10033117979765 2.355031900107861 0.2151712328195572 0 0 2.01387146115303 0.1686411499977112 0.9474932625889778 0.2854325920343399 0 0.2090272754430771 0.1202251017093658 0.07475249469280243 0.2570519149303436 0.2532573789358139 45.35136087238789 2.318106524646282 1.269527658820152 0.161186695098877 0.1793267577886581 0 0.1992141753435135 0.11246158182621 0.1106004193425179 0.9859476983547211 15.48334034532309 61.71510172635317 2.372486382722855 7.479911334812641 0.2997385412454605 0 0 98.04236380755901 0.7797898799180984 1.900698147714138 0.2941805720329285 1.037900611758232 0.2672100812196732 0.178784653544426 7.354414761066437 0.1660259664058685 0 25.1862611323595 39.40119925141335 40.86765391379595 68.81324802339077 14.74459166824818 0.7020739987492561 0.6782739087939262 0.6337996050715446 1.226730145514011 2.45664881169796 0 2.349021576344967 1.388932079076767 1.058727353811264 0 0.3106565847992897 0 0.3084500208497047 0.0973944216966629 0.1902945786714554 0.08921919763088226 0.3471651077270508 9.079264737665653 2.290804393589497 0 0.4970623105764389 13.85503274202347 0.4969130232930183 0.4252051711082458 0.2765196561813354 0.8112687170505524 0 0.6487117186188698 0.682286761701107 0.1458519399166107 0.4354761987924576 1.199652217328548 0.339706614613533 3.094882786273956 2.150486290454865 1.745057873427868 1.05317710340023 0 0 0 0 0 0 0 0 0 0 0 0 0 0 0 0.1484592109918594 0.124311126768589 0 0 0.3664899915456772 0.844479575753212 0 0 0 1.105733782052994 0.3081883639097214 3.602874584496021 0.3760247528553009 0.1351272016763687 0 0 0 0 0 0 0 0 0 0 0 0 0 0.2838509753346443 0 0 0 0 0.1555968970060349 0 0 0 0.5956292748451233 0 0 0 0 0 0 0 0 0 0.9800653830170631 0 0 0 0 0.4227510020136833 0.3393884599208832 0.4537382572889328 0 0 0 0 0 0 0 0 0 0 0 0 0 2.359709575772285 0.9736325442790985 0.89730054885149 70.43841149657965 1.448889754712582 78.95313796401024 27.52641051262617 41.30255728214979 5.857081457972527 0.4437342882156372 9.700775802135468 3.083947360515594 0 0 0.15756456553936 2.254060029983521 0 0 0 0.5449274331331253 0 9.836103618144989 1.848531551659107
108.3489668220282 145.1763787046075 17.45988153666258 200.472534224391 8.120860323309898 10.53977146744728 38.71494390815496 3.353035308420658 4.847163632512093 498.3225378990173 5.115671381354332 72.10031159222126 107.3384265005589 19.99168688803911 0.1188630759716034 0.3158183768391609 0.3352629393339157 0 0 0 0 0.315933495759964 0 0.2319582253694534 0.09797035157680511 0 0.3502925634384155 0.814388170838356 0.4204597622156143 0 27.03006467223167 0.681861624121666 17.17466352880001 0.103115513920784 0 0 19.30631676316261 1.802459314465523 7.484546706080437 1.262181222438812 0.3803755939006805 0.4207908809185028 0 0 0 0 0.6700505763292313 0.3715535253286362 0 0.1269138902425766 0 4.202701561152935 0.6499946564435959 0.6531841307878494 0 0.1104123443365097 112.301160261035 42.28740494698286 3.233289189636707 0.619987279176712 0 0 0.4196625202894211 2.787717536091805 0 0.2197400629520416 0.5298553109169006 0 0.09290724992752075 0 119.5976674109697 82.06080719828606 6.211780622601509 3.223480187356472 1.657939538359642 0.8511877432465553 1.639984533190727 0.3901309221982956 0 2.98695732653141 0 0.7543473839759827 0.425394594669342 0.1905253529548645 0.2494084388017654 0.2369727715849876 0.2892832383513451 0.7695498466491699 0.4903724044561386 2.878912143409252 0.1525690704584122 0.6734333783388138 0.6646856069564819 0.9487985372543335 2.175405099987984 293.7177496403456 216.9334032833576 18.82677334547043 13.79043217003345 366.6267457008362 1.453118465840816 18.84366977214813 6.451763950288296 1.93446110188961 0.8776460289955139 7.3938959389925 36.43349269032478 4.674527108669281 22.07857585698366 49.0250708013773 2.730474784970284 26.08909969776869 36.4493303000927 20.5785083770752 5.284942902624607 0 0 0 0 0 0 0 0 0 0 0 0 0 0.1778544336557388 0 0.2710857912898064 0.2686170041561127 0 0 4.390104733407497 1.937863990664482 0 0 0 1.533647447824478 0.2091090232133865 2.972684323787689 0.2399141937494278 0.1146194785833359 0 0 0 0 0 0.4441493153572083 0 0 0 0 0 0 0.1870624274015427 0 0 0 0 0 0.3592728450894356 5.349998041987419 0.2374053448438644 0 2.882900983095169 1.106107078492641 0 0.1110922545194626 0 0 0 0 0 0 13.12192025780678 0.694312259554863 0 0 0 3.396938264369965 1.952451795339584 0 0 0.5251461118459702 0 0 0 0 0 0 0 0 0 0.7560240626335144 0 36.43330647796392 1.434933744370937 1.713048115372658 296.0508040711284 3.521411746740341 5.286541394889355 0.8559790328145027 237.2851986140013 2.973747402429581 1.311366558074951 1.555385500192642 59.0394145026803 0 1.804562956094742 0 102.8316105157137 0.6397199481725693 1.272235870361328 0.7537543177604675 0 0 61.045763656497 47.01013343781233
221.0775678306818 1665.969486653805 413.1828822568059 886.8044164180756 2018.52827463299 38.71494390815496 942.8424724638462 42.137859120965 1581.509238436818 2923.548594355583 475.6108823493123 503.8353567123413 2844.961388066411 2298.574208281934 59.72182063758373 8.564820639789104 4.899083077907562 1.007089145481586 0.5589826032519341 1.131437890231609 0.3340161293745041 0 0.1161080524325371 0.1503963470458984 0 0.1480221897363663 0.2480088844895363 0.1031860783696175 0.2394425421953201 0.2217751815915108 201.9098031446338 55.56290075927973 7.14969789236784 0.1224313974380493 0.1834096238017082 0.2609042525291443 10.41628443449736 1.238646179437637 2.868810020387173 0.2031789422035217 0.2682394161820412 0.371569812297821 0.2026067599654198 1.493317060172558 0.9092614650726318 0.9632157310843468 158.2327655255795 8.412884697318077 4.614017367362976 0.4483060166239738 0.4941056147217751 0 0.3445253372192383 0.2027499452233315 1.504097901284695 0.8484692499041557 36.50588744133711 135.3788266777992 10.00875613093376 17.93969520926476 0.3715490773320198 0.527938686311245 0.1123430728912354 217.9400542005897 2.455731756985188 4.603064477443695 0.619263544678688 2.568997889757156 0.8162099570035934 0.5615674629807472 34.22805693000555 0.9216699451208115 0 80.38399529457092 98.2505704537034 110.5936730578542 170.0809549540281 28.49794541299343 0.5811211690306664 1.440864495933056 0.9278019368648529 1.935903407633305 7.444112606346607 0.1000685021281242 5.524366520345211 3.771624870598316 3.581886224448681 0.1057633087038994 0.748515710234642 0.09679980576038361 0.9745574742555618 0.5551914200186729 0.6705857589840889 0.6007890105247498 0.7725275605916977 106.7802632972598 6.848381549119949 0 2.439604498445988 28.58491981774569 2.47449167817831 3.674458086490631 3.563075058162212 25.47630935907364 1.47416303306818 13.55799023061991 10.90990950167179 14.89778260886669 19.16845531761646 12.70546668022871 5.466254033148289 15.2127570733428 20.14032359421253 13.58765788376331 10.25799412280321 0 0 0 0 0 0 0 0 0.2709497809410095 0 0 0 0 0 0.1062711477279663 0.4134088307619095 0.1346989423036575 0 0 6.432805046439171 5.895246505737305 0 0 0 7.815008789300919 2.225449286401272 22.41244179755449 3.704514943063259 1.21285342425108 0.1795285642147064 0 0 0 0.5528730303049088 1.396612301468849 0.1333447694778442 0 0.2479676380753517 0 0 0 1.165701821446419 0.1286986619234085 0 0 0.1588487178087234 0 1.39971612393856 0.4277862161397934 0 0.3422901630401611 2.997837096452713 2.626581683754921 0 0.103013701736927 0 0 0 0 0.1332653611898422 0 12.31230519711971 0.8999126404523849 0 0 0 8.454860471189022 1.992930978536606 1.764419630169868 0.156968280673027 1.672359272837639 0.4044250249862671 0.2987175732851028 0.6442859172821045 0 0 0 0 0 0 0 0.2090252712368965 23.53814046084881 8.079507142305374 9.515813767910004 298.5517188385129 3.347713679075241 243.8380004540086 98.09440883994102 164.3013551384211 20.55851195752621 1.309954062104225 48.09804536402225 19.52742250263691 0.5087509453296661 3.339351922273636 1.418095678091049 21.12781240046024 0.7288465648889542 0 0 2.524833589792252 0.7980204224586487 61.98730959743261 16.85620209574699
11.64827894419432 126.4176511690021 1746.918761841953 0 65.46288408339024 3.353035308420658 42.137859120965 1802.078621327877 119.9431157633662 7.089854456484318 3595.481189064682 95.58418630808592 402.5068103149533 1879.092042922974 33.8302648961544 17.04504694789648 5.509910896420479 4.226949214935303 0.4432825669646263 32.76731161773205 38.88592634350061 1.476091340184212 26.5429181009531 12.02719061076641 9.204916052520275 5.883145913481712 11.21550726145506 3.386985816061497 2.392771512269974 1.150208629667759 965.1579332202673 2142.304693050683 545.7141245231032 19.48107069730759 23.54984536021948 20.77909956127405 231.5516413897276 32.59802946448326 19.34249963983893 9.272593438625336 6.572448924183846 7.301468476653099 13.76275216042995 14.43737505376339 0.8939314782619476 75.14226429909468 44.79880680143833 3.283134646713734 3.794584907591343 7.976345047354698 21.77470124512911 0.6208275333046913 3.234544016420841 3.51371655613184 0.2565224543213844 0.3402775973081589 6.823549337685108 46.00789476931095 1.593032963573933 4.233220055699348 122.575550287962 92.86508940160275 45.33138059824705 347.3844611868262 0.61820949614048 7.446375489234924 1.843672506511211 21.86446081846952 137.0828147754073 105.6479528993368 153.8681549429893 3.231193102896214 0.08213118463754654 13.14561130106449 25.55157516896725 31.42112631350756 103.1444407179952 673.6940846890211 1765.90691164881 2218.674272604287 117.3519204035401 2614.109986230731 1.886156491935253 0 2.445173516869545 1.249360367655754 5.587375618517399 0 0.195236049592495 0.08653756976127625 0.06366290152072906 0.1085634306073189 93.79791089892387 4.170027516782284 5.115657061338425 20.42313163727522 3.640000775456429 1.130123741924763 6.75423488765955 3.862494170665741 0.9219722673296928 1.143833346664906 0.3335643038153648 0 0.2377442643046379 2.733156844973564 1.430937699973583 0 3.839067995548248 5.319446124136448 5.392455518245697 10.02587315440178 8.625085763633251 7.60826837271452 6.033140577375889 0 0.350273922085762 0 0 0 0.125715896487236 0 0.1386643797159195 0 0.2306288927793503 0.5801290348172188 0 0.3117389008402824 0 0.1326992809772491 1.460402347147465 0.4248534888029099 0.8218763470649719 0 4.134497217833996 3.767212450504303 0 0.1139728203415871 0.07740950584411621 5.721049748361111 0.9659549295902252 18.40336061269045 4.458944037556648 1.133454233407974 1.054343216121197 0.4702142775058746 0 0.1529662311077118 0.4515531584620476 0.7632582187652588 0.3940880596637726 0.4105302169919014 0 0 0 0.1250468045473099 1.605152808129787 3.671600110828876 0 0 0 0.2682998478412628 0.404043048620224 0.1493740081787109 1.114740714430809 0.1998550146818161 2.783333569765091 0.8399071618914604 0.1524412930011749 0 0 0 0 0 0 1.189418777823448 11.01248271018267 0.6252603977918625 0.5828830078244209 0 0.8739277049899101 6.51102402061224 1.763422749936581 1.089235618710518 0.1258328855037689 0.1435257196426392 0 0.102870874106884 0.1011868268251419 0 0 0 0 0 0 0.1148077845573425 0.1328737735748291 11.1273553147912 8.857252441346645 9.756256811320782 81.51446686685085 10.85670471936464 64.28986288607121 34.73765540122986 23.38047480583191 4.475388437509537 0 12.86328052729368 6.562578782439232 0 1.700830139219761 0.1164571046829224 6.485836423933506 0.1006431430578232 0 0 1.231750264763832 0.1720673143863678 25.72993063181639 13.96196500211954
20.17231606692076 525.9425848647952 755.6204115748405 8.602088533341885 2009.092092573643 4.847163632512093 1581.509238436818 119.9431157633662 585.7237045317888 104.2249707877636 749.3059813156724 19.77905813604593 844.7171113267541 813.0374409630895 4.884336017072201 0.4381095394492149 1.151087865233421 0.2540543898940086 0 0 0 0.1064575091004372 0.6719080209732056 0 0 0 0.1456617563962936 0.219238206744194 0 0 52.52965922653675 10.45058923214674 1.488976135849953 0 0 0.5656700879335403 3.025338143110275 0.2582976222038269 0.2658464685082436 0 0.2227875143289566 0 0.09254960715770721 0 0 0 17.76411280781031 0.7984562516212463 0.2928227037191391 0.1090226173400879 0.2286804467439651 0 0 0.1087854206562042 0 0.4265022128820419 5.292071640491486 18.0842404589057 0.8093742057681084 2.127761885523796 0.1048209592700005 0.3752110600471497 0 25.09221155196428 0.52485341578722 0.5254945605993271 0 0.213699035346508 0.1001241877675056 0 4.769070960581303 0 0 5.53127583116293 12.68245588243008 10.86850959062576 22.71487364172935 5.06572537124157 0.2653049975633621 1.864459693431854 0.2165973708033562 0.1928259059786797 0.6922688260674477 0 0.7966022193431854 0.2604941800236702 0.6925557032227516 0 0.1228021755814552 0 0.1393633484840393 0.08223727345466614 0.09007147699594498 0.1011006608605385 0 6.970655903220177 1.243797481060028 0 0.7201785445213318 4.092004664242268 0.2641868740320206 0 0 0 0.1539004594087601 0.9326555132865906 0.8833377212285995 0 2.739080734550953 1.734864316880703 0.7007357031106949 1.893139198422432 3.000006124377251 1.644567549228668 0.5343283042311668 0 0 0 0 0 0 0 0 0 0 0 0 0 0 0.2571288049221039 0 0 0 0 1.240037187933922 0.3189265578985214 0 0 0 0.9117184579372406 0 2.384231343865395 0 0.3023873865604401 0 0.1190905123949051 0 0 0 0 0 0 0 0 0 0 0.09476222842931747 0 0 0 0 0 0 0 0 0 0.2557677030563354 0.2730005979537964 0 0 0 0 0 0 0 0 1.275710046291351 0 0 0 0 0.8768007159233093 0.2081269919872284 0 0 0 0 0.2399393171072006 0 0 0 0 0 0 0 0 0 2.630555540323257 0.7666785418987274 1.894088879227638 26.77147375792265 0 26.39672767370939 7.042167596518993 13.32256557047367 3.775525897741318 0 4.733887732028961 1.113676488399506 0 0.2125791758298874 0.1047625467181206 0.587611049413681 0 0 0 0 0.4501310884952545 8.929099507629871 2.062713459134102
1360.350906617939 3103.946365483105 396.0060106739402 1875.17624360323 350.8265992924571 498.3225378990173 2923.548594355583 7.089854456484318 104.2249707877636 1981.856486111879 47.77645831555128 1143.879108346999 5359.206101886928 257.0041369274259 45.970155403018 3.664939783513546 6.887046121060848 0.6792766898870468 0.1262051910161972 0.09516524523496628 0.1868371516466141 0 0.3947657942771912 0.8342238888144493 0.2845365405082703 0.2208737432956696 0.3156837373971939 0.4789271652698517 0.8062434867024422 0 161.8662096038461 9.923190355300903 24.67320874333382 0.2337105721235275 0.4075945317745209 0 50.30428608506918 4.567423321306705 19.79241610318422 0.8393005952239037 0 0.4019004330039024 0.1453050971031189 0.9183162599802017 0.4638681709766388 0.2130282372236252 139.3579946607351 7.475769758224487 3.965917401015759 0.4066934734582901 0.9200723990797997 0.8457621932029724 6.239744000136852 0.4530119150876999 0.6151522696018219 2.070004366338253 50.77012344449759 152.2248194664717 8.374848373234272 21.30552838742733 0.6123402863740921 0.7713224515318871 0.8061203733086586 144.7808140590787 3.074651643633842 4.732461467385292 1.188534334301949 2.518053814768791 0.1827940791845322 0.3079167082905769 307.3511009067297 1.579890385270119 0.2503533884882927 70.44058228284121 69.20125784724951 86.16611360758543 77.94339191168547 6.42962671816349 1.583998396992683 1.814395129680634 0.3796244710683823 2.526060119271278 6.704024784266949 0 4.59708845615387 2.924521818757057 2.471789784729481 0.07115987688302994 1.628994792699814 0 1.065462037920952 0 0.7190383151173592 0.5805789977312088 0.8522332757711411 606.316750779748 314.7616488039494 0.4211127385497093 28.5176889449358 428.1324599012733 11.76665912568569 39.13586904853582 78.14817851036787 87.27840118855238 8.546954348683357 78.29025113582611 133.8396615982056 16.74375385046005 91.80889754742384 110.4225090146065 27.79916334152222 76.64247234165668 136.7081308737397 75.10541271418333 38.08407631516457 0 0.8567676469683647 0.6357889547944069 0 0 0 0 0.1403247117996216 0.1249558627605438 0 0 0.7045390754938126 2.050141125917435 0 0.8212611079216003 1.111263453960419 1.287935331463814 0.6781929582357407 0.4283235967159271 17.75139682739973 15.37633761763573 0 0.1168497651815414 0.5589439272880554 19.4332709684968 5.255426049232483 53.34533746540546 15.44661458581686 5.65334889292717 0.873471312224865 0.2884867191314697 0 1.400501519441605 0.08866802603006363 0.2954337522387505 0.2520005851984024 0.6530461013317108 0.4484764039516449 0 0.3842004239559174 0 2.274006254971027 1.68454797565937 0 0.2826916724443436 0 1.015740156173706 3.700502499938011 12.224678568542 3.077640779316425 1.201490595936775 12.87052071094513 5.719499230384827 0.1182979941368103 0.7550351917743683 0 0 0 0 0 0.4067970216274261 43.24246953427792 4.426971256732941 0 0 0 33.51447241008282 7.373029604554176 11.10037195682526 0.4002158939838409 2.536575607955456 0.9602257832884789 0.5894082710146904 0 0.09643643349409103 0.1129338890314102 0 0.1558636277914047 0.9614056944847107 0 0 0.8500037789344788 100.2301200404763 31.9798447266221 32.48696445673704 1080.503289230168 8.434342123568058 279.8820165097713 123.2800623327494 813.625399030745 36.24370462447405 2.38365250825882 84.43926829099655 119.6109202131629 0.6506537050008774 7.575133167207241 1.869765803217888 204.925172239542 0 0 0.6856417059898376 3.850462973117828 0.7132126986980438 444.5572991147637 113.6334355473518
37.3557858094573 498.4321468025446 2499.256233178079 6.341987378895283 1011.02020072192 5.115671381354332 475.6108823493123 3595.481189064682 749.3059813156724 47.77645831555128 1644.726701021194 138.9780116155744 1889.293472126126 4011.888453096151 37.63199261575937 20.17943789064884 3.86614827811718 0.4472584947943687 0.2695088237524033 1.34496533125639 7.218697085976601 1.747538015246391 10.8076826184988 6.5435411632061 9.471501514315605 1.907427333295345 6.985832028090954 3.2935840934515 2.493209034204483 3.701952658593655 478.4105033501983 237.4411817267537 1574.20027243346 0.8694903254508972 6.83052696287632 16.67063178867102 454.8024624139071 43.05253729969263 22.4192825704813 6.756963297724724 4.305417940020561 1.197400577366352 0.1688685715198517 4.642425894737244 0.09660468250513077 1.899923697113991 48.38934354484081 2.021405667066574 2.25435134768486 0.7956622317433357 2.637107953429222 0.1670095920562744 2.620767503976822 0.5993775576353073 0.4987218976020813 0.255388505756855 7.850584462285042 55.21416209638119 1.357140436768532 5.431668430566788 0.8880824893712997 73.55125670135021 3.435172080993652 87.50627595931292 0.4624944180250168 2.414983928203583 0.5231857895851135 3.293747439980507 5.76434563845396 8.189821034669876 179.5490690171719 2.344632521271706 0.1814248859882355 16.89908718317747 26.75625318288803 35.8406076580286 78.68934325873852 32.91942477226257 30.43029848486185 1693.746539607644 1.170374222099781 195.432686932385 1.527684718370438 0 0.7114318087697029 0.8301452472805977 0.9722402095794678 0 0.4182403758168221 0.09464729577302933 0.0855608657002449 0.09930174052715302 12.58453647792339 1.167284294962883 0.4394656717777252 24.41251248121262 2.167340599000454 0.3407412171363831 6.869219802320004 18.2415431663394 0.9192389026284218 0.7040384411811829 0.3786149770021439 0 1.064181134104729 1.395247504115105 1.127799838781357 0.6283976659178734 1.959373779594898 2.898949399590492 2.769353777170181 5.876173280179501 9.502682507038116 5.808799810707569 5.906441934406757 0.0855180025100708 0 0.1074855029582977 0 0 0 0 0.2284126728773117 0 0 0.273469589650631 0 0.4136027246713638 0.4189911335706711 0 0.7238636463880539 0.1182299926877022 0.2476068511605263 0 3.152139484882355 4.932199820876122 0 0 0.1393693089485168 5.839607872068882 0.7292182669043541 15.0840552970767 3.452794879674911 0.7981956228613853 0.6792335957288742 0 0 0.1783687472343445 0 0.4123929962515831 0.1066203862428665 0 0.2698619216680527 0 0 0.236487552523613 1.672115474939346 1.548303060233593 0 0 0 0.6136159300804138 0.2005210891366005 0.1874319612979889 1.36880437284708 0.692766398191452 4.018744625151157 0.4774420559406281 0 0 0 0 0 0 0 0.4695761948823929 7.281624168157578 0.9128207415342331 0.1179373040795326 0 0 6.128681376576424 1.100895628333092 2.929335370659828 0 0.7804028615355492 0 0.1257312297821045 0 0 0 0 0 0 0.09044472128152847 0 0.1100715324282646 10.77682501077652 8.419130921363831 8.850328266620636 84.52563565969467 2.099594086408615 68.10593052208424 29.10527540743351 24.76339564472437 1.791025586426258 0.2304213643074036 12.70618349313736 6.127511009573936 0 1.599814787507057 0.2402645722031593 5.256908521056175 0 0 0 1.174390703439713 0 29.39458259940147 15.76762652397156
58.44203644245863 109.8174009248614 122.268975250423 197.3546202927828 37.04460924863815 72.10031159222126 503.8353567123413 95.58418630808592 19.77905813604593 1143.879108346999 138.9780116155744 121.0593933016062 1524.13761112839 298.0811795145273 12.46863543987274 6.72762468457222 1.641463167965412 0 0.1753179728984833 0.1319006830453873 0.1772899776697159 0.4466062188148499 0.5190300419926643 0.3243742883205414 0 0 0.3291030526161194 0.453650988638401 1.083219863474369 0.2191687077283859 44.64236231893301 7.189147353172302 30.51698300242424 0.1035034358501434 0.7260008305311203 0.1917540729045868 134.4681687727571 5.407583266496658 10.86477967351675 1.555559135973454 0 0.4631821066141129 0.1161015778779984 1.683349847793579 0.1980905905365944 0.09901770204305649 22.28376680612564 0.2579878494143486 0.1135535165667534 0 0.5140825361013412 0.09458758682012558 0.7546531930565834 0.1039343103766441 0 0 4.130698204040527 11.67789875715971 1.107602015137672 1.68018002808094 0.09866979718208313 0.6984864175319672 0.1058142557740211 24.43654844164848 0.187549814581871 0.178773432970047 0.1233436241745949 0.3336914479732513 0.1286335289478302 0.6633111909031868 221.5582117587328 1.454858794808388 0 6.339179985225201 6.271755419671535 11.54558220505714 20.08586233854294 4.391228847205639 0.1772174313664436 2.839652217924595 0.1257020831108093 0.5893362388014793 0.3998811915516853 0 0.6102436631917953 0 0.1068206056952477 0 0 0 0.1771155744791031 0 1.179668977856636 0.1114958077669144 0 355.3462646901608 41.62829919159412 0.2546365112066269 8.63549167662859 21.42783083766699 8.283646054565907 8.032244294881821 4.44504751265049 8.681340374052525 5.985999368131161 10.61006102710962 23.96823024004698 4.527165956795216 25.09104399383068 39.77502270042896 17.90234290808439 53.56784301251173 53.661047950387 43.61889009177685 28.34980085492134 0.09213417768478394 0.152459904551506 0 0 0 0 0 0.2432671114802361 0 0 0 0 1.720129705965519 0 0.2651189863681793 1.319049976766109 0.1011933535337448 0 0.09859856218099594 16.2620519772172 13.71506791561842 0.195514939725399 0 0.2917886450886726 18.56743501871824 3.128643773496151 41.92051967978477 7.968776017427444 1.419885784387589 0.1600166857242584 0.6367619037628174 0 0.6547558605670929 0.8454686030745506 0.6557429730892181 0.1701162457466125 0.317838653922081 1.260928280651569 0 0.1159338876605034 0 1.216133445501328 1.48883568495512 0 0 0 0.2924783304333687 1.848447851836681 5.258663669228554 2.532516360282898 0.3544377684593201 8.843113087117672 3.0230373442173 0.09011681377887726 0 0 0 0 0 0 0 35.56322278082371 2.947968415915966 0.513349637389183 0 0 26.6325963139534 4.529488563537598 4.457620419561863 0.5177428349852562 2.359639301896095 1.046971961855888 0.6286684349179268 0.2100923135876656 0 0 0 0 0 0 0 0 61.91547749936581 15.21964579820633 23.0427922308445 91.82004752755165 0.2031244039535522 32.4128055870533 15.90065579861403 70.34500332921743 3.573778979480267 1.083748698234558 8.296131387352943 37.28689926117659 0.09312860667705536 6.455162048339844 1.689398132264614 54.11192185431719 0.1441200524568558 0.1384169608354568 0.09662897139787674 0.2021804451942444 0.8514094948768616 209.9398649558425 57.63987018913031
157.2794615775347 713.515934869647 624.31484849751 477.9396381601691 522.703261911869 107.3384265005589 2844.961388066411 402.5068103149533 844.7171113267541 5359.206101886928 1889.293472126126 1524.13761112839 2476.73338162899 5050.775027573109 101.9757698923349 33.34009489417076 12.77619379013777 1.200323231518269 0.7592446655035019 0.9642187505960464 0.9125803112983704 1.541020214557648 2.379099361598492 2.457423336803913 1.86598052084446 0.8398642465472221 2.115023843944073 2.326521895825863 3.357330292463303 1.391774706542492 254.2367097809911 88.04440411180258 227.1306063830853 0.6718511432409286 1.470592170953751 2.617789551615715 686.3039065822959 33.72186006605625 67.54337422549725 8.380712084472179 1.838243044912815 0.679622620344162 0.6907276660203934 5.177878677845001 1.044837296009064 2.023220874369144 182.3272712901235 3.706080742180347 3.29071906208992 0.902406170964241 0.865821860730648 0.4202635809779167 13.16518009454012 1.772975072264671 0.721719354391098 1.099202498793602 23.97633239626884 75.88193826377392 6.61802726238966 16.41451269388199 1.311910852789879 5.430627390742302 1.917638398706913 189.373880982399 1.285183481872082 2.313081860542297 0.5029232949018478 1.156561233103275 1.772840850055218 1.212895631790161 521.0744840800762 3.807439520955086 0.4163594618439674 51.77230070531368 73.76319804042578 119.2661883160472 213.2009532153606 57.5691012814641 2.331797756254673 23.33242431282997 1.48882095515728 5.799911394715309 3.401046812534332 0 2.855949446558952 1.852066539227962 2.480484023690224 0.1075739413499832 0.646570973098278 0.1684270799160004 0.8902967274188995 0.2794688493013382 1.725934810936451 1.034559190273285 0.4040070548653603 962.1754612475634 55.12391710281372 1.192802682518959 27.31757877022028 47.30353893339634 13.65239732712507 22.04139831662178 24.30601286888123 27.80914310365915 7.380668140947819 35.04311239719391 60.08325221389532 13.24864848703146 84.90643909573555 86.16821373254061 44.49753729999065 109.8392801806331 128.9685127958655 101.846088193357 67.13900200277567 0.313133493065834 0.6304051950573921 0 0.5538564920425415 0 0 0.1215627565979958 0.464495837688446 0.12791907787323 0.4241729080677032 0.2878451347351074 0 1.759080104529858 0.4815702438354492 0.5272261947393417 2.361359938979149 0.9859648793935776 0 0 36.76992918550968 32.16042635589838 0.2586153373122215 0.25738126039505 0.2787620276212692 49.12848653644323 6.879658401012421 107.8093259558082 25.7102427855134 4.881232529878616 0.6518948599696159 1.018297359347343 0 0.9569007307291031 1.117748469114304 1.327233895659447 0 0.4333005994558334 1.97010462731123 0 0.3056040108203888 0 6.631872594356537 4.402934342622757 0.2227273359894753 0 0 1.443837463855743 2.939260922372341 6.020896799862385 4.862288288772106 1.079916268587112 29.94132063537836 9.642557844519615 0 0.1300284564495087 0 0 0 0 0 0.2249122560024261 85.67079209536314 4.780229292809963 0.1234473511576653 0 0.2401091456413269 61.73861213028431 10.05004827678204 13.3623006939888 1.321575373411179 3.1449865847826 1.337628930807114 2.087114460766315 0.6413545981049538 0 0 0.1250213235616684 0.1124128624796867 0 0 0 0.09674094617366791 126.9615573808551 49.30377436429262 49.58617354184389 478.8827415928245 6.206557676196098 257.1593793854117 120.2024928256869 219.3719759881496 18.75304016470909 1.356036022305489 65.22547245770693 93.22079759836197 0 13.66241686791182 2.252031490206718 128.0324892029166 0 0 0.6533117815852165 6.737774685025215 2.062878847122192 350.3125226721168 118.5311272069812
