92.50002669543028 1510.684057705104 1252.629060797393 1396.047742389143 257.207571849227 52.20366258919239 528.3384686410427 58.89082006365061 20.86196976900101 1604.234032869339 272.9723164066672 660.2523293048143 504.6169006079435 148.919111199677 2.079817704856396 1.060599766671658 0.6306842938065529 0.1092789620161057 0 0 0.1109147444367409 0 0 0 0 0 0 0 0 0 532.7924051657319 15.52844886481762 58.11579708009958 0 0.09827028214931488 0 35.30830179154873 0.1493505388498306 1.820127353072166 0 0.1228377670049667 0.2538704350590706 0 0.5122459903359413 0 0.3212345838546753 27.33692539483309 8.728754982352257 0.3082470893859863 0.1151249781250954 0.6924738734960556 0.1440569013357162 0 0.1357982754707336 9.279479034245014 19.96153578907251 316.2884779497981 800.4825587943196 85.38019703328609 40.65303897857666 0.3855414241552353 3.177008733153343 0.8127719312906265 13.86149310320616 11.3020698800683 8.30699747055769 1.001332655549049 2.317407295107841 0.7928425446152687 0 31.80547118932009 13.45604141056538 1.166984140872955 129.9123160392046 59.33051055669785 33.54758118838072 1.664787530899048 3.512361191213131 3.589204229414463 39.23041803389788 0.5131862163543701 1.932681813836098 29.23997433483601 0.4085382521152496 6.193700931966305 2.281618066132069 5.479754105210304 0.2999541759490967 0.8465254232287407 0.7750928401947021 1.428925864398479 0 0.2315178140997887 0.6000590249896049 0.1513110250234604 92.95567858219147 29.96880926191807 1.338087543845177 2.654476940631866 1039.682962976396 0.7922002747654915 3.205631136894226 1.807565465569496 1.031843930482864 2.871898964047432 3.519235342741013 2.875895410776138 7.178552024066448 19.89749152958393 5.051566675305367 2.034567758440971 10.08176874369383 6.262378871440887 8.733972065150738 4.733547851443291 0 0 0 0 0 0 0 0 0 0 0 0 0.668204128742218 0 0 0 0.3644866645336151 0.4016313552856445 0 0.3305697962641716 0.4790553748607635 0 0 0 5.491885282099247 0.9862373471260071 4.724972985684872 1.173535794019699 0.9558612927794456 0 0 0 0 0 0 0 0 0.1428328603506088 0 0 0 0.3280668705701828 0 0 0 0 0.8241974040865898 0.3380283117294312 0 0 0.9064224660396576 3.551414743065834 0.5576100572943687 0 0 0 0.09619612991809845 0.1141194701194763 0 0 0 6.78575261682272 1.162864744663239 0 0 0 2.710196949541569 0 1.352650046348572 0.428014263510704 1.091578245162964 0.4106920957565308 0 0 0 0 0 0.2222598791122437 0 0 0 0 7.868501149117947 2.31198900192976 5.780561469495296 78.63603377342224 4.10718347132206 144.5589113682508 10.90281435102224 461.6643780991435 26.42589636147022 0.5328826606273651 10.91709933429956 1.936091661453247 0 0.7650538012385368 0.4173887148499489 18.54953162372112 0.1761861145496368 0.154984176158905 0.1362569034099579 1.209766656160355 0 249.9001893252134 1.599803030490875
1510.684057705104 1457.474098555744 1376.786688454449 2025.498448900878 2605.24273108691 41.86293351650238 1827.778956331313 121.736928217113 732.8624576702714 696.5983485653996 679.8863372132182 97.73627621680498 365.2604430839419 512.5683007910848 6.501903019845486 2.938017018139362 0.9838800057768822 0.5714718773961067 0 0 0.1262377053499222 0 0.1230539679527283 0 0 0.259603887796402 0 0 0 0 1437.451260201633 34.74659203737974 55.24623873829842 0.09737984836101532 0 0.5858564227819443 32.85332055389881 1.109748765826225 1.069163836538792 0 0 0.1056263148784637 0.07650686800479889 1.344908438622952 0.1411557793617249 0.8635286018252373 107.481320604682 10.29131610691547 0.872298426926136 0.272884875535965 0.370205469429493 0.154952272772789 0 0 8.877563431859016 19.78620591014624 176.7049479931593 410.4405113533139 82.08098128437996 93.85899815708399 0.9234207645058632 8.378909274935722 0.7501842975616455 72.38480266183615 14.05837914347649 9.518748812377453 0.8581702262163162 2.469420373439789 0.3605202212929726 0.1313191801309586 25.17122243344784 1.763310097157955 0.3335353806614876 189.7369766682386 133.7867223545909 121.6151272654533 11.72568789124489 5.060947850346565 3.081131547689438 27.22323036938906 1.692968167364597 4.562783293426037 34.19458304345608 0.1007232964038849 9.671243816614151 2.940319210290909 6.882006347179413 0.1249700337648392 0.408126525580883 0.4430605918169022 0.907826654613018 0.1430051624774933 0.1221436411142349 0.4996391832828522 0.7173938378691673 22.13258181512356 1.438901290297508 0 0.4236710220575333 625.7800915911794 1.687392316758633 1.318236090242863 5.921005919575691 0 5.657552860677242 10.08547450602055 4.92994312942028 4.282746076583862 22.87837292999029 8.69109234213829 5.147570952773094 24.79948233813047 21.81005781143904 27.35020451247692 15.81203581392765 0.1053179353475571 0 0 0 0 0 0 0 0 0 0 0 0.3518797159194946 0 0 0 0 0 0 1.3053357899189 2.438703365623951 0 1.973668217658997 0 16.76656170934439 2.822578690946102 7.906587675213814 2.397688165307045 0.4994364902377129 0 0 0.6720142364501953 0 0 0 0 0 0.583438016474247 0 0 0 0.1155644357204437 0 0 0 0.1116826459765434 0.1157137155532837 1.339957997202873 2.06792938709259 0 1.065464079380035 9.338842608034611 1.254658296704292 0 0 0 0.16634601354599 0.1505890637636185 0.09555237740278244 0 0 26.48070908337831 0.6596825122833252 0 0 0.1165967136621475 4.66141826659441 0.6970387697219849 4.652740210294724 0.3414747565984726 0.5371351391077042 0.4262120723724365 0 0 0 0 0 0 0 0.1280411630868912 0 0 17.17841330915689 8.335558362305164 17.92165702581406 262.9850258231163 7.716450035572052 405.8108452707529 56.75608714669943 290.7427607700229 72.30086430907249 0 66.0891279950738 8.570407181978226 0.198405846953392 2.913220137357712 1.56698377430439 30.43879403173923 0.2608344852924347 0 0.7794213742017746 8.279632583260536 0 160.9048890247941 7.841965019702911
1252.629060797393 1376.786688454449 1303.332803428173 902.8284101784229 3250.942845210433 74.00463389605284 485.2507826164365 1496.808339387178 628.6008906811476 263.9557024911046 1333.282601907849 93.56969352811575 522.3209293708205 961.0672852993011 9.712634488940239 4.706038393080235 0.2603804767131805 0.1080948561429977 0 0.492588073015213 0.3235841691493988 0.1886865198612213 0 0 0.3978740572929382 0 0.1014463752508163 0 0 0.1577870398759842 4548.174099683762 136.3773649036884 258.6599864810705 0 0.1325170546770096 0.5070048272609711 173.257746912539 6.366256572306156 6.557632483541965 0 0.138050764799118 0.3052629306912422 0.1714393347501755 1.023970849812031 0.2448242753744125 0.579702727496624 38.44975739717484 1.823541298508644 0.2939391434192657 0 0.252188429236412 0 0 0.5196821689605713 2.249443225562572 4.496470041573048 92.16842770576477 269.7381414324045 28.30814978480339 23.44018798321486 0.3725701570510864 95.23585189878941 0.2669061124324799 33.68546440452337 3.347703218460083 2.11917095631361 0.3385285064578056 0.9439546540379524 0.5787436068058014 0.3078853264451027 170.9917687550187 10.08406885713339 0.1484031230211258 52.10813731700182 46.87108211219311 33.0020355284214 4.920801855623722 2.883019283413887 39.58623769879341 527.5791793167591 0.6938804909586906 40.32583206892014 11.61633025109768 0 1.610312730073929 1.029151029884815 1.393408432602882 0 0 0 0.8946926072239876 0.4975370317697525 0.5190727114677429 0.5511494278907776 0.1207267493009567 22.08416593074799 9.099916629493237 0.190528467297554 9.828346192836761 392.1161734834313 10.16159959882498 14.88723299652338 10.77985599637032 2.837262183427811 18.38081585615873 22.50203332304955 14.54037645459175 30.17941115796566 29.33993710577488 25.37112268805504 23.38337217271328 85.1219729706645 55.22427494078875 94.28117923438549 70.1921828314662 1.447462104260921 0.5315979272127151 0.7738479524850845 0.4237473160028458 0 0 0 0 0.9869909659028053 0 0.1549037843942642 0 5.37438553571701 0 0.1673527806997299 0 0.8301211446523666 0 0 8.150005720555782 7.686954498291016 0 3.189598202705383 0.5194193720817566 83.96212706714869 21.82893316447735 91.29602636396885 24.01837116479874 6.428055539727211 0 0 0 1.851311460137367 0.2196501940488815 0 0 0.5687500834465027 4.20307295769453 0 0 0 0.6155564934015274 0.2116484940052032 0.2363517507910728 0.468234583735466 0.1668835580348969 8.479400642216206 13.26674950867891 5.444824285805225 0 11.5975626707077 84.77859086543322 7.851321250200272 0.7234147489070892 0.9743976294994354 0 0.2727890461683273 0 0 0 0 88.04383743554354 1.593682199716568 0 0 0.273392841219902 33.0941735804081 2.904445022344589 44.60510301589966 7.070041351020336 4.575361050665379 2.404543280601501 1.43911799788475 0.2765484005212784 0.1735231876373291 0 0 0.2794231772422791 0.2445124685764313 0 0 0 45.16043649613857 50.64566868543625 111.5124954283237 340.7546676769853 4.138226084411144 179.6076086685061 53.04181328415871 354.8413707762957 44.14165459573269 0.2442482560873032 75.81010260432959 30.28138619661331 0 36.44668851047754 13.26057574898005 89.67921679466963 3.776514694094658 0.1885564625263214 4.947320908308029 8.70245760679245 0.7191294431686401 194.8602241128683 22.40890663862228
1396.047742389143 2025.498448900878 902.8284101784229 515.9596701562405 794.1540434956551 189.0945487618446 1652.116412334144 10.33264371007681 82.28246055543423 1914.915533185005 176.9769155532122 1906.225060075521 709.778572678566 21.16681668162346 1.768113441765308 0.5201117172837257 0 0.1041699647903442 0.164733961224556 0 0 0 0.1268443316221237 0.1119565218687057 0 0.1133495196700096 0 0 0 0 184.161252014339 8.697345174849033 7.14625259488821 0 0 0.370073139667511 8.805058009922504 0 0.1666346341371536 0 0 0 0 0.6069107055664062 0.09854624420404434 0.5549848452210426 75.90206304937601 9.763705909252167 1.258740872144699 0.1100132018327713 0 0 0 0.1412256062030792 8.389161571860313 23.17004083842039 165.4430637285113 511.515051022172 88.66345557570457 71.82972463965416 0.97271379083395 4.341005377471447 0.4817340821027756 49.48497558385134 13.67491633445024 12.16146960109472 0.8251747488975525 3.990535885095596 0.7084325850009918 0 11.90428291261196 3.277103647589684 0 170.4368849769235 95.18354496359825 64.22441320866346 4.963142834603786 2.826798059046268 1.705466270446777 2.510565638542175 0.6509952247142792 3.704575717449188 37.59277900308371 0 7.071324616670609 1.685748592019081 4.46941889077425 0.1699330061674118 0.2104963362216949 0.4440275579690933 1.179561726748943 0.2548633962869644 0.476245142519474 0.7268168106675148 0.5948926880955696 63.2228621467948 24.80039416253567 0 0.1257806867361069 420.1564488038421 0.8786812722682953 0.8223137855529785 0.8327503651380539 0 1.773807838559151 3.484127178788185 4.042368918657303 3.492906764149666 35.8906467705965 4.318694055080414 0.5523146390914917 7.884277179837227 6.588310241699219 5.605751678347588 4.247806377708912 0 0 0 0 0 0 0 0 0 0 0 0 0 0 0 0 0 0 0 0.1952058374881744 0.5890959501266479 0 0 0 1.571441173553467 1.902591466903687 3.092971749603748 2.077614016830921 0.2569188177585602 0 0 0 0 0 0 0 0 0 0 0 0 0.2189527601003647 0 0.09751525521278381 0 0 0 0 0.9410765767097473 0 0.3839072585105896 1.694336831569672 0 0 0 0 0 0 0 0.137831524014473 0 3.335736624896526 0 0 0 0.1276262253522873 1.683050945401192 0 1.139605894684792 0 0 0.6997824907302856 0 0 0 0 0 0 0.3809113353490829 0 0 0.1244547814130783 5.647397696971893 3.327366955578327 3.726660206913948 142.0712904706597 5.530519545078278 319.2277318239212 32.09137780219316 398.8254694864154 53.11071795225143 1.491269648075104 22.22883673012257 2.660042241215706 0.2982743680477142 1.687938824295998 0.4138024896383286 15.00913274288177 0 0 0 3.43784761428833 0.3679049611091614 265.5855836421251 1.942608907818794
257.207571849227 2605.24273108691 3250.942845210433 794.1540434956551 1135.162767745554 8.152379125356674 1965.768440596759 898.6873685717583 1746.076021164656 521.3677371740341 1909.282248407602 33.7571836784482 313.270342297852 747.1326658725739 7.443802982568741 1.752022325992584 0.2766189947724342 0.1383765339851379 0.1837579011917114 0 0 0 0 0 0.1838943511247635 0.1122994422912598 0 0 0 0 242.032803401351 59.83358294516802 12.22540144622326 0 0 0.736743301153183 10.37257960438728 0.6236329078674316 0 0 0 0 0 0.2591132074594498 0 0 77.17997606098652 5.106485262513161 0.9085435196757317 0.123592846095562 0 0 0 0 3.704050682485104 9.607722833752632 59.60241181403399 138.0004047453403 36.64795116335154 53.35742899030447 0.9610393419861794 7.252724312245846 0.1257376819849014 50.84828658401966 7.513706035912037 5.22227904945612 0.7657848596572876 1.037896029651165 0.2193819507956505 0.1314268112182617 16.13341864943504 1.115254297852516 0 94.25751975178719 70.57127975672483 85.28220794349909 11.1446181461215 2.182075388729572 1.710157707333565 6.551740385591984 1.761799015104771 3.813135124742985 16.82656659185886 0 4.53125723451376 0.9318837150931358 3.351979494094849 0 0.4812295660376549 0 0.4252044856548309 0 0.3150632232427597 0.3578268140554428 0.3676349744200706 25.69433812052011 1.595331683754921 0 1.279827438294888 79.87495619058609 2.166582651436329 5.653344437479973 5.785319685935974 0 4.442968018352985 6.6203523427248 6.691162437200546 9.451114445924759 8.388201609253883 7.503350302577019 3.026935681700706 26.74418739229441 25.19603551179171 28.17974769324064 19.87172078341246 0 0 0 0 0 0 0 0 0 0 0 0 0.105154849588871 0 0 0 0 0 0 2.087683260440826 2.225662283599377 0 0.1734668761491776 0 17.29756373167038 1.599747896194458 9.295437902212143 1.859220534563065 0.2709296643733978 0 0 0 0.1530770808458328 0.1311852037906647 0 0 0.6515250653028488 0.4119387194514275 0 0 0 0.2630248367786407 0 0.1609915345907211 0 0.09351607412099838 1.081117540597916 2.150843530893326 1.479529440402985 0 0.1405558586120605 9.28363798558712 0.9275379329919815 0 0 0 0 0 0 0 0 25.82591320574284 0.9005692303180695 0 0 0 6.025407992303371 0.6185220554471016 6.733616285026073 0.3675276786088943 0.4515907168388367 0.5662743896245956 0.6782752275466919 0.1217640712857246 0 0 0 0.1755621135234833 0.1126973628997803 0.24705770611763 0 0 15.77756018936634 7.014874860644341 19.00047377496958 189.8977490141988 5.293726779520512 246.6905995905399 51.79329305887222 98.37046612799168 46.93074269592762 0.492962121963501 61.51849271357059 5.608558624982834 0.306583434343338 3.419935517013073 0.3225641846656799 19.96984712779522 0.5050748586654663 1.243981719017029 0.5305477380752563 8.606787264347076 0.5254049301147461 80.3774097636342 8.539838895201683
52.20366258919239 41.86293351650238 74.00463389605284 189.0945487618446 8.152379125356674 5.105424791574478 30.39717055857182 4.3923449665308 1.420195311307907 381.5215504318476 5.222416639328003 148.846932888031 70.58768498152494 5.902714379131794 0 0 0 0 0 0 0 0.2057407796382904 0 0 0 0 0 0 0 0 17.88921713829041 0.5019076392054558 13.99533513188362 0 0 0 31.80252426862717 0.7064390033483505 0.3834555298089981 0 0 0 0 0 0 0 0.792029470205307 0.1042334213852882 0 0 0 4.167702525854111 0.1682228744029999 0 0.1406393498182297 2.245827972888947 72.61727592349052 38.2161854878068 2.201692953705788 0.6632306799292564 0 4.351612217724323 0 0.8862752765417099 0 0.0806109830737114 0.4168179929256439 0 0 0 128.6669489592314 242.7003494650126 27.3930775821209 1.853406369686127 0 1.087629027664661 0 0 0 2.43096287548542 0 0.3010264933109283 0.3377745971083641 7.243142530322075 0 5.732982888817787 0 7.011225417256355 4.301530919969082 9.579108983278275 1.300230696797371 1.42072582244873 0 0 0 218.2711191475391 354.7809612751007 22.14946840703487 18.00225175917149 235.3986126184464 0.1199437528848648 1.782143875956535 0.4763675481081009 0 0.3446615785360336 0 1.251960501074791 0.4371301233768463 1.12423312664032 0.9520317614078522 0 2.110823124647141 1.365101471543312 3.144269190728664 1.700571447610855 0.1138478666543961 0 0 0 0 0 0 0 0.2663138806819916 0 0 0 0.4301082789897919 0.1946160644292831 1.253183841705322 0 1.221219435334206 1.215866386890411 0.2851795256137848 0 0 0 0 0 0.3762276545166969 0.1322701126337051 1.131165698170662 4.803827598690987 4.852326676249504 0 0 0 0 0 0 0 0 0 0 0 0 4.847486466169357 0 0 0 0 0 0.725784108042717 0.7237502336502075 0 0.5727618336677551 0 0.1772423833608627 0 0 0 0 0 0 0 0 1.28819815069437 7.938879624009132 0.187686488032341 0 0 0.1280713081359863 0 0.1638957262039185 0 0 0 0 0 0 0.196159839630127 0 0 0.1342509537935257 0 0 0 2.460182406008244 7.119110286235809 7.53687196969986 10.78926868736744 0.1529776602983475 4.744772188365459 0.1827428042888641 68.48998594284058 0.2206140458583832 0 0 0 0 0.1561194658279419 0 9.102403849363327 0 0 0 0 0 60.50995038449764 3.436379835009575
528.3384686410427 1827.778956331313 485.2507826164365 1652.116412334144 1965.768440596759 30.39717055857182 1017.992856614292 258.7966828793287 1588.745394989848 1540.832031205297 1202.944397702813 212.0022313669324 822.4771580770612 793.6818256750703 14.00226733833551 2.419174611568451 0.233309306204319 0.1297397911548615 0 0 0 0 0 0.1229298263788223 0.1716894656419754 0.1483644396066666 0 0 0 0 105.045910961926 64.79798050969839 19.05042973905802 0 0 0 27.80255049467087 0.9736293256282806 1.307669267058372 0.3210851103067398 0 0 0 0.4055780023336411 0.09385457634925842 0.1116732582449913 92.5977493673563 7.109939314424992 0.8723651692271233 0 0.4315081834793091 0 0.4243452250957489 0.1115910857915878 3.418363206088543 9.718263633549213 50.25787974148989 106.066377222538 34.10212381184101 53.94772227853537 1.437612250447273 12.55820397287607 0.3824836909770966 39.2997525036335 6.49443219602108 5.115186668932438 0.8103700950741768 1.748475797474384 0.368968203663826 0.08812467753887177 39.98475158214569 0.9751775562763214 0 93.63950877636671 65.66487526148558 95.51987108588219 14.50292295217514 4.403561346232891 2.333229295909405 18.7270844951272 0.6213568672537804 4.212792992591858 15.13874881714582 0.134202852845192 3.328243382275105 1.255063429474831 3.064062044024467 0 0.08887963742017746 0 1.127453334629536 0 0 0.213455468416214 0.7125751376152039 78.92046844214201 8.142770126461983 0 2.364332668483257 57.29582889378071 7.245451383292675 11.56894272565842 15.51281506568193 4.751394614577293 19.09141699969769 24.96427492052317 20.17811004817486 26.507967248559 43.68472450226545 27.72453991323709 14.57446205615997 80.54044875502586 78.84411139041185 95.07020360976458 61.36900013685226 0.8737921416759491 0.450749471783638 0.1300676017999649 0 0 0 0 0 0 0 0 0 0.135497197508812 0 0 0 0 0.1499492228031158 0 6.00179035961628 3.288590520620346 0 1.05310845375061 0 52.57651799917221 5.926119603216648 32.38107027858496 5.491976745426655 3.447956159710884 0 0 0 0.1159849315881729 0 0 0 0 0.8169423192739487 0 0 0 0.2442653179168701 0 0 0 0 1.855155639350414 4.525177724659443 3.104541793465614 0 2.186493039131165 31.54857870191336 3.142664648592472 0 0 0 0 0 0.09853199124336243 0 0 81.65258451551199 0.6128026396036148 0 0 0.1346920877695084 20.61031122505665 0.7818061709403992 18.67429204285145 2.374024286866188 2.846513904631138 2.513001352548599 0.5497716963291168 0.5523944422602654 0 0 0 0 0 0 0 0 65.91265967488289 25.43295910209417 41.82804207503796 359.4664942771196 6.002639196813107 321.6663444563746 93.9656278938055 143.4043584316969 59.77771195024252 0.6760983169078827 119.2834395766258 15.62241752445698 0.4426864236593246 17.87943118065596 0.5559468939900398 82.53785127401352 2.294093236327171 0 0.6209188252687454 11.8431152254343 1.189458042383194 155.798730969429 28.45810890197754
58.89082006365061 121.736928217113 1496.808339387178 10.33264371007681 898.6873685717583 4.3923449665308 258.7966828793287 855.9710110798478 1395.612150326371 42.67091079056263 2996.998491518199 87.59421712905169 894.8712107092142 2881.090247750282 60.53681967407465 19.46103053539991 1.453881375491619 0 0.1832069456577301 0.1430260241031647 0.3600643277168274 0 0 0 0.438376784324646 0.1781537085771561 0 0 0.1575138866901398 0 489.9305996820331 1311.179030992091 363.152480751276 0 0.4156008511781693 0.6675819978117943 179.4007543027401 5.889380872249603 3.732659190893173 0 1.533461034297943 0.3576845228672028 0 3.357889346778393 0 0.8894908055663109 156.1618231758475 3.768403425812721 1.566483840346336 0 1.560605376958847 0.2326943427324295 0 0.9168715626001358 1.683415621519089 3.670430667698383 39.49151738733053 73.33615998923779 19.26502061635256 60.41345749795437 6.870016939938068 74.74608851969242 1.801430247724056 160.2625184208155 3.66685002297163 3.8448446393013 0.8131009414792061 1.590513959527016 1.480711951851845 1.248121343553066 143.1213839277625 9.01963796466589 0 87.00322403758764 112.7016620263457 175.475827857852 88.88432727754116 62.87594340741634 586.7784042730927 1615.472977951169 14.27731463313103 497.8815194740891 9.276421085000038 0 1.732092402875423 0.3027087599039078 2.202575176954269 0 0.1119263023138046 0.1551339477300644 0.4764858484268188 0.3191205337643623 3.44242000579834 1.793846040964127 0.09714482724666595 16.64802896976471 6.400858834385872 0 6.204536229372025 34.40969316661358 5.586986817419529 7.783934369683266 14.5286101847887 2.457560457289219 16.35306128114462 20.60121811926365 7.627964109182358 24.06460513174534 24.15027935057878 19.79352189600468 13.02219112217426 82.48846139758825 46.97994568943977 87.37625056505203 66.08496283739805 0.9477076828479767 1.280035428702831 0 0.125660166144371 0 0 0 0 0 0 0 0 3.159070327877998 0 0.3019270896911621 0.2497501820325851 0.1605359762907028 0.1561890691518784 0 6.785056114196777 4.32245958596468 0 0.8704216927289963 0.2960867583751678 66.5854814350605 8.209904581308365 56.45354390889406 12.49767374247313 3.854435242712498 0 0 0 0.7252997681498528 0 0 0 0.2009468078613281 2.419441998004913 0 0 0 0.9163102954626083 0 0.4008942097425461 0 0.2095817923545837 4.202146962285042 6.305932857096195 0.6645313501358032 0 4.072169199585915 53.55396378785372 6.477148823440075 0 0.6099265217781067 0 0.2182452008128166 0.1199338808655739 0.2241428196430206 0 0 70.09309362620115 0.8326374813914299 0.3392990529537201 0.1378058642148972 0 24.72089733183384 2.566849417984486 30.37854168564081 5.179984711110592 4.77238105237484 1.605598375201225 3.262412443757057 0.696385994553566 0.1677859276533127 0 0 0.5311883985996246 0 0 0 0 32.97274679690599 36.60349664837122 78.59509038925171 955.3748834580183 9.067463055253029 407.428391456604 216.2514351084828 159.3464175909758 101.7857897430658 0.2197102606296539 296.9108799248934 29.93864460289478 0.2606751620769501 25.23240172117949 6.819254510104656 88.62675538659096 1.691019892692566 0 3.839908890426159 32.97119185328484 2.570606112480164 70.28761320561171 14.96311573684216
20.86196976900101 732.8624576702714 628.6008906811476 82.28246055543423 1746.076021164656 1.420195311307907 1588.745394989848 1395.612150326371 420.6116040349007 651.8982092663646 1923.006834037602 114.6579101011157 708.1614365428686 560.7618936151266 10.03533439338207 2.179896794259548 0.3029680699110031 0.1052529141306877 0 0.1333704590797424 0 0 0 0 0 0.1901241391897202 0 0 0 0 26.19802375882864 30.41485919803381 9.221726402640343 0 0 0 6.899382121860981 1.064381256699562 0.1565511226654053 0 0 0 0 0.233477495610714 0.1389704644680023 0.2149974703788757 30.11154246330261 1.211816221475601 0.1435078233480453 0 0 0 0 0 0.8327358365058899 2.601360574364662 9.608825840055943 20.65190944075584 6.44661271572113 16.26002039015293 0.3752045333385468 4.837095931172371 0.4404295682907104 10.11529728770256 1.605581097304821 1.220535561442375 0.4044510573148727 0.3460127860307693 0 0 11.84057073295116 0.9291572719812393 0 30.46333776414394 16.86401301622391 42.02825726568699 6.022778324782848 2.250151321291924 1.505148284137249 8.064430251717567 0.103279173374176 2.35178329795599 3.667366899549961 0 1.113875083625317 0.2815518006682396 0.790452778339386 0 0.1011316254734993 0 0.578903004527092 0 0 0.1054119467735291 0 12.34410782158375 4.315610930323601 0 0 7.36706729978323 2.63284158706665 1.356259912252426 3.736680842936039 1.097428753972054 7.297278121113777 4.710569784045219 6.114133276045322 8.232236072421074 21.00730657577515 6.346735320985317 5.23867754638195 25.05788362026215 23.42452453076839 29.20778256654739 17.51532541960478 0.1127117127180099 0.364280991256237 0 0.2162500768899918 0 0 0 0 0 0 0 0 0.1308003664016724 0 0 0 0.8442851901054382 0 0 1.072669178247452 2.580524198710918 0 0.1263087838888168 0 15.99249858409166 3.53222294151783 11.96535939723253 3.239566400647163 0.5518747866153717 0 0 0 0 0 0.3742688596248627 0 0.2063581496477127 0.4706571400165558 0 0 0 0.7461808323860168 0 0 0 0 1.445402465760708 1.775365993380547 1.119337797164917 0.2271510362625122 1.954987496137619 12.4410070553422 0.5690594911575317 0 0 0.133710652589798 0 0 0 0 0 30.65342380106449 0.2675291299819946 0.1964498311281204 0 0 5.903176441788673 0.1084053739905357 5.72805505245924 0.2170702293515205 0.3322053700685501 0.4938301891088486 0 0.1293179839849472 0 0 0 0 0 0 0 0 23.23755796253681 9.599050849676132 14.22488756477833 133.4515252709389 3.196639351546764 94.40439114719629 35.74500976502895 26.65776382386684 19.82060071080923 0 50.94382486492395 4.070831790566444 0 5.276161931455135 1.089321225881577 24.28478044271469 0.3643262088298798 0 0.145545482635498 3.29801869392395 0.4789580702781677 38.62532979995012 8.255288600921631
1604.234032869339 696.5983485653996 263.9557024911046 1914.915533185005 521.3677371740341 381.5215504318476 1540.832031205297 42.67091079056263 651.8982092663646 1216.147090032697 170.9592837318778 2726.088182397187 3042.773665674031 428.8075747266412 2.166722975671291 0.2231419160962105 0.2384307235479355 0 0 0.1010427102446556 0.1207750886678696 0 0.1167586147785187 0 0 0 0 0 0 0 101.0383778512478 8.662202671170235 40.76397100836039 0 0 0.82123202085495 101.431542545557 0.2560775429010391 0.1287374347448349 0 0.08567402511835098 0 0 0.4049806147813797 0 0.7728605419397354 46.41668108850718 6.980480670928955 0.1461048871278763 0 0.3982211276888847 0 0 0.106980100274086 7.052894994616508 16.20996647328138 109.5249424353242 256.1772077903152 59.16884990781546 44.47056958079338 0.4180354326963425 6.353992946445942 0 33.1147613748908 10.68854745477438 6.375844582915306 0.8771930485963821 2.156145937740803 0.2098703905940056 0 226.8017511367798 10.58008654415607 0.4619157314300537 100.9103510677814 54.72859634459019 38.69148126244545 2.520959049463272 2.340907275676727 0.6713346391916275 5.933818094432354 1.019551813602448 2.548021003603935 20.83773488551378 0 4.923968926072121 1.767066620290279 3.447771802544594 0 0.3237649947404861 0 0.6164086163043976 0.2556629329919815 0.169687032699585 0.4556836038827896 0.1340463757514954 204.9379236847162 42.44276282191277 0.1319658607244492 0.8861142918467522 383.0565422847867 5.842270895838737 19.69591701030731 13.79216631501913 25.38706517219543 24.73210559785366 23.1251383125782 66.24162223935127 32.08315791189671 72.09445810317993 68.19948196411133 12.30811528861523 88.11975330114365 86.5755992680788 85.51472406834364 37.01684883236885 0.906030111014843 0.329972580075264 0 0 0 0 0 0 0 0 0 0 0.5798563659191132 0 1.206325531005859 0 0 0 0 3.296718865633011 2.821508355438709 0 0.3037326633930206 0 31.51439864188433 2.405143223702908 17.26792753487825 3.422594010829926 1.486558735370636 0 0 0 0.1279393583536148 0 2.063769817352295 0 0 1.482893258333206 0 0 0 0.2432090789079666 0 0 0 0 1.468325510621071 1.454312674701214 5.710458673536777 0.1157265156507492 1.52888223528862 15.55039546638727 0.9742140993475914 0 0.6156987547874451 0 0 0.2772525921463966 0 0 0 82.19101589173079 1.519358322024345 0.4793301373720169 0 0 8.150494754314423 0.2260548919439316 8.006707981228828 1.406328648328781 0.3050989806652069 0.448140062391758 0.463419497013092 0 0 0 0 0.1259762495756149 0.1102204248309135 0 0 0 109.4356168955564 20.23077215999365 22.28332532942295 136.6624036058784 3.632098585367203 219.849058650434 21.46728778630495 438.2317456975579 33.6420419588685 1.022250652313232 20.11279471218586 16.91874051094055 0 6.278216570615768 4.465937323868275 124.9040215834975 0 0 1.97094315290451 3.337661325931549 0 774.4582013487816 66.3816082328558
272.9723164066672 679.8863372132182 1333.282601907849 176.9769155532122 1909.282248407602 5.222416639328003 1202.944397702813 2996.998491518199 1923.006834037602 170.9592837318778 904.0109262615442 213.5379053577781 2580.403815805912 4011.643509939313 21.92534019052982 11.25813999027014 1.307271912693977 0.1186931356787682 0 0 0.1584001183509827 0 0 0.4039414525032043 0.6777700930833817 0.2832973748445511 0 0.6763758808374405 0 0 559.5922809615731 333.7939184680581 763.714716784656 0.1705265045166016 0.09300317615270615 0 351.377037666738 5.284609034657478 3.87239333987236 0.1498672515153885 0.3871309012174606 0.1869726181030273 0 2.075968042016029 0 0.6993213221430779 40.93429943174124 2.286129370331764 0.8966167718172073 0 0.1979580521583557 0.2985104620456696 0.3304335325956345 0.2167732715606689 1.019849888980389 2.810277223587036 39.32171781361103 85.8762439340353 13.27129951119423 23.95025264471769 0.6705481708049774 13.32627193629742 0.1579256355762482 25.30704341828823 1.747143566608429 1.398447647690773 0.1922184154391289 1.312820069491863 1.120939150452614 0.4524289071559906 138.0378323793411 1.598807066679001 0.5184245705604553 36.26637301594019 30.93220125883818 53.58787050098181 9.676806278526783 7.001418299973011 26.15774805098772 373.8450077921152 0.3621538877487183 6.406716763973236 5.418251529335976 0 1.224754832684994 0.2361309602856636 1.074973285198212 0 0 0.1554668545722961 0.5714468657970428 0 0.6004550457000732 0.1849433183670044 0.2283748984336853 13.50835378468037 3.36104491353035 0 1.726902708411217 119.9214202985168 1.709738701581955 2.131169699132442 3.469845682382584 0.68055310100317 9.066245965659618 9.056535385549068 7.925365924835205 10.85467191785574 13.66645123064518 14.04186826199293 6.747503444552422 31.84763542562723 30.39349221438169 44.70097173005342 27.98765540868044 0.3490062728524208 0.6322039365768433 0.2461558058857918 0 0 0.3136810958385468 0 0 0 0 0.3130276203155518 0.1645223647356033 0.440350778400898 0 0.1502204388380051 0 0.3109104335308075 0.1607345640659332 0.1778970509767532 1.130357705056667 1.627949759364128 0.7847715616226196 0.3748066127300262 0.8996037542819977 24.93757922947407 3.488081276416779 20.1633310392499 6.232992462813854 1.314384877681732 0 0 0 0.3728305920958519 0 0 0.1772994548082352 0.11594308167696 1.013061985373497 0 0 0 1.247786581516266 0 0 0 0 0.970550574362278 2.121468909084797 0.4559094309806824 0.1385274678468704 1.226330861449242 21.47846338897943 0.9205051213502884 0 0 0 0 0 0 0 0 39.9394094645977 2.139688700437546 0 0 0.1332030892372131 11.44774873554707 1.842212371528149 10.62596964091063 1.437053181231022 1.116795189678669 1.011400766670704 0.4874317049980164 0.1277962028980255 0 0 0 0.2887658774852753 0 0 0 0 29.30727656185627 15.28208435326815 24.75567305088043 280.3752418085933 3.288173504173756 128.6438890248537 59.0721687451005 78.51329649239779 21.68089468032122 0.1762511134147644 79.50025659054518 12.47836218029261 0.3220881223678589 6.364164792001247 1.346505485475063 33.75342497229576 0.9464337229728699 0 0.9876612573862076 14.4535513818264 0 69.67488934844732 11.50121765583754
660.2523293048143 97.73627621680498 93.56969352811575 1906.225060075521 33.7571836784482 148.846932888031 212.0022313669324 87.59421712905169 114.6579101011157 2726.088182397187 213.5379053577781 347.0208666175604 1367.409062318504 322.9981354400516 6.223759315907955 2.332997806370258 0 0 0 0 0 0 0 0 0 0 0 0 0.1553538590669632 0 44.73642059415579 17.59900453686714 58.01417009532452 0 0 0 250.5562286376953 0 0.7343721389770508 0 0.4828074872493744 0 0.1314093172550201 0.1305322796106339 0 0.1190998405218124 25.0175134986639 3.188896477222443 0.227113775908947 0 0 0 0.1459992974996567 0 1.764094956219196 3.924555651843548 39.03503161668777 86.83568925410509 20.49558287858963 23.76242379099131 0.3059548512101173 7.768155500292778 0.09444765746593475 10.00351762026548 3.687054432928562 2.025923892855644 0.4619077146053314 0.306728683412075 0.2493944242596626 0 162.0407360866666 3.028793700039387 0 43.32224176079035 21.70727711170912 19.38180017471313 2.502566277980804 0.9902413114905357 1.345167197287083 11.91160389780998 0.3075430169701576 2.223335362970829 9.62809943407774 0.1458767801523209 1.786588028073311 0.5570237785577774 1.405706681311131 0 0.08300334215164185 0.4611553400754929 0.4837833270430565 0.1147382855415344 0.3050467744469643 0 0 442.2598055303097 24.71565391868353 0 2.715346798300743 79.83357243984938 4.479660704731941 7.916903257369995 15.88561569154263 3.01697838306427 21.5691374912858 30.27888225018978 28.35501094162464 32.28964067995548 63.65214378386736 38.47088768333197 17.32903886586428 109.8481145203114 97.84477277845144 129.3084536418319 75.75833164155483 0.2930928170681 0.2771980166435242 0 0.263820469379425 0 0 0 0 0.1245535090565681 0 0 0 0.7930757403373718 0 0 0 0 0 0 8.627524100244045 4.838686570525169 0 0 0 64.72251360118389 5.106089577078819 35.99189569056034 4.988204546272755 0.8026825189590454 0 0 0 0.1634620279073715 0 0.13724385201931 0.1092437505722046 0.1321839690208435 0.9692703559994698 0 0 0 0 0 0.1138746812939644 0.1462931931018829 0 3.230319142341614 3.232622712850571 4.147810891270638 0 0.5609565377235413 35.89158857613802 3.138313956558704 0 0.1097334697842598 0 0 0 0.1400625854730606 0 0 126.352638438344 1.642992585897446 1.299492582678795 0.228535532951355 0.1954124271869659 21.11762085556984 0.6367084756493568 17.55697390437126 4.315467275679111 3.179872676730156 2.551747858524323 0.3333403244614601 0.1357570290565491 0.109734982252121 0 0.4998290836811066 0.1559273600578308 0 0 0 0 112.0255763530731 34.67081467807293 46.62645519524813 114.3125687092543 2.460650689899921 92.79158015549183 17.72577311843634 109.6541973873973 15.24969477206469 0 22.66947393119335 18.4877642467618 0.30404132604599 9.71909985691309 4.48052454739809 105.9135232120752 0.7337996363639832 0.2108004093170166 0.5555238425731659 3.091233819723129 1.033583119511604 414.0920864269137 58.67880748212337
504.6169006079435 365.2604430839419 522.3209293708205 709.778572678566 313.270342297852 70.58768498152494 822.4771580770612 894.8712107092142 708.1614365428686 3042.773665674031 2580.403815805912 1367.409062318504 2000.50698145479 5735.766326151788 36.74199838936329 13.6318496838212 0.3254825323820114 0.2124084457755089 0 0 0.4382314831018448 0.2806674838066101 0 0.1607326567173004 0 0.1383847594261169 0 0 0 0.1276647299528122 173.7149367108941 116.0824524834752 260.0654249936342 0 0 0.5768634825944901 380.9503586962819 1.641642987728119 1.042113833129406 0 0 0 0 2.376352056860924 0 0.3038198500871658 71.77010900527239 3.35436799377203 0.5278915539383888 0 0 0 0.2193404510617256 0 2.047195382416248 6.435803852975368 37.27269625663757 83.54055357724428 24.30845037847757 36.60013001412153 0.7446404471993446 17.13737604022026 0 21.05338948965073 3.764885760843754 2.256814226508141 0.1892845928668976 0.611830085515976 0.5847487822175026 0 288.4812294840813 5.291700482368469 0.10430908203125 66.10988357663155 34.87971843779087 75.22867905348539 12.20516167581081 10.00121332705021 5.593948140740395 91.84298019856215 1.384824402630329 6.982090070843697 9.091303713619709 0 2.322221100330353 0.6685559973120689 2.455824732780457 0.09013955295085907 0.1762684732675552 0 0.2126903608441353 0 1.047657117247581 0.6026574969291687 0.5885368511080742 652.1783210039139 21.22949062287807 0.1542460024356842 3.000216573476791 93.96692527830601 14.04777015000582 21.64940809458494 29.97585686296225 11.80154515057802 55.14758983254433 63.98930209130049 58.55245380103588 90.20536174625158 114.8386637941003 76.63983923196793 42.31370978057384 244.7631076946855 228.3269092366099 307.8179329410195 203.6641822084785 1.768738515675068 1.449633203446865 0.1342201679944992 0.1474073082208633 0 0 0 0 0 0 0 0 1.08221185952425 0 0.4408326148986816 0 0 0 0 17.2116294503212 11.4157839640975 0 2.029987931251526 0 186.7816659510136 5.371268771588802 88.75320156663656 11.78770963102579 2.563075587153435 0 0 0 2.06833440810442 0 0 0 0.518853135406971 3.508030943572521 0 0 0 0 0 0.1357324719429016 0.4335808679461479 0.4886937588453293 5.790946438908577 12.53572278469801 7.021671339869499 0.5860060602426529 3.953292667865753 89.87464484572411 7.775597557425499 0.4686713665723801 0 0 0.2381051033735275 0 0 0.2416366264224052 0 323.3105553537607 6.065301291644573 1.638273477554321 0.1608396619558334 0 59.60839672386646 2.466526851058006 44.99696703255177 9.168635033071041 4.881701171398163 4.556008271872997 1.027701400220394 0.9156555235385895 0.1501848697662354 0.1176398769021034 0.4004333689808846 0.2617854848504066 0.2128891199827194 0 0 0.1698735803365707 249.092162899673 93.94794162362814 120.4448226541281 430.5404582619667 5.848045378923416 216.8594951331615 86.41163963079453 118.5950447395444 38.63736847788095 0.1135718002915382 127.3931498453021 31.49020533263683 0.2186538577079773 33.87214752286673 7.096978068351746 185.242786206305 1.158887282013893 0 1.126520909368992 17.04897063225508 1.870752975344658 526.9191316664219 119.2854909673333
