263.5236957967281 3617.767289884388 654.9721499755979 2037.644715942442 550.720749348402 141.4029584079981 673.5695204287767 158.850356400013 102.9764943420887 650.4866737797856 248.5412573814392 17.33659896254539 33.25719637423754 122.6017756909132 0.5739166140556335 0.345377691090107 0 0 0 0.1188821643590927 0.1166693493723869 0 0 0 0 0 0.1301840543746948 0 0 0 122.1190472990274 2.177968770265579 0.5714664310216904 0 0 0 0.880109503865242 0 0 0 0 0 0 0.1032247394323349 0.0896606519818306 0.1109729036688805 12.73627141863108 0.7305411845445633 0.2222496569156647 0 0.2213745713233948 0.4368898868560791 0 0 2.400491915643215 2.74074998497963 229.8797989040613 387.9533568546176 23.89089009910822 17.3091783374548 0 0.1479534357786179 0 0.3976583555340767 1.035173438489437 1.164404712617397 0.7090736255049706 0.4741018190979958 0.09441172331571579 0.2017907798290253 1.965606063604355 0.4379163533449173 0 170.5051300153136 1.930971249938011 14.84938322752714 0.09591738879680634 0.6511473804712296 0 15.72980255633593 0 0.5534742474555969 4.114631973206997 0 2.253997340798378 0.5451004952192307 0.3700472190976143 0 0 0 0 0 0.4634307250380516 0.1943758726119995 0 31.69584114849567 0.4360750615596771 0 0.5718900859355927 950.9340176135302 0 9.607736557722092 4.440365433692932 17.78590741753578 4.262508854269981 5.68961963057518 13.43733966350555 6.714701622724533 18.7817314863205 24.00083681941032 1.593452602624893 11.92676263302565 14.60534581542015 2.758860066533089 1.650083415210247 1.105805158615112 0 0 0 0 0 0 0 0 0 0 0 0 0 0 0 1.184873074293137 1.034566044807434 0 1.141210794448853 2.886049270629883 0 0 0.9533042907714844 0.1574375331401825 0 1.768703073263168 0.2671333849430084 0.7373347878456116 0 0 0 0 1.154381036758423 0 0 0 0 0 0 0 1.050732970237732 0 0 0 0 0.09824692457914352 0 0.1824939846992493 1.710403889417648 2.37277740240097 1.794875234365463 0 0 0 0 0 0 0 0 0 0.6668020188808441 0 0 0 0 12.08804494142532 3.411002695560455 0.9223538190126419 0 0.1000479683279991 0 0 0 0 0 0 0 0 0 0 0 1.671798378229141 0.3205376788973808 0 311.668336622417 1.590363323688507 60.07497683912516 3.466878302395344 563.6549991741776 4.334972351789474 0 1.956857591867447 15.16911664605141 0 2.115655422210693 0.3212527632713318 57.81088241934776 0 0 0 0.6315428614616394 0 190.5843057781458 1.438714370131493
3617.767289884388 2837.176444046199 1508.365598350763 1567.435391634703 3565.482896193862 358.415836237371 3765.713877826929 819.4190325886011 1585.610296793282 1558.65608048439 2042.899365849793 60.22929748892784 1066.872535258532 1491.123929485679 8.691237717866898 1.071716517210007 0.189528726041317 0 0.1097655668854713 0 0.3920378535985947 0 0.2278678715229034 0 0.3130216598510742 0.148469865322113 0 0.1325729787349701 0.1513856202363968 0 844.9435946121812 20.65875071287155 4.439852237701416 0.1077836602926254 0.3706538081169128 0 1.776195742189884 0.3873538076877594 0.1380768567323685 0 0.3869924247264862 0.5706658959388733 0.1980669796466827 0.8905289247632027 0 0.235954187810421 122.8556979075074 5.690788015723228 0.8646742701530457 0.1206790506839752 0.8574454933404922 0.1343001127243042 0.1577743142843246 0 7.244067519903183 9.648014090955257 206.0004638954997 658.327576905489 28.22878683358431 106.0939511582255 0.7846755906939507 0.9848088324069977 0.08781058341264725 37.12906783074141 4.994266457855701 5.708788745105267 2.06817701458931 2.179017439484596 0.2779026180505753 0.6899761706590652 0.9828450605273247 0.3065669238567352 0 552.3937524855137 38.47457630932331 123.5926674157381 3.65619245916605 3.015091255307198 0.7113343179225922 87.24459727853537 0.4145926758646965 1.392740957438946 15.68628142029047 0.08222760260105133 9.702258504927158 6.10005709528923 2.961751759052277 0 0.2182215824723244 0 0.5191796496510506 0 2.621416091918945 0.9952080845832825 0 16.44167517125607 0.1610837429761887 0 0.3661831468343735 1150.627411365509 0.1384155303239822 3.003878369927406 5.614612571895123 43.18277668207884 2.539634436368942 3.771688729524612 7.397339791059494 6.091407433152199 20.78699420392513 12.19984421133995 5.262399390339851 22.47678285837173 16.0013377442956 6.019055180251598 5.135463550686836 0 0 0 0 0 0 0 0 0.7635650038719177 0 0 0 0 0 0 0 0 0.9368537068367004 0 1.208798259496689 1.470731437206268 0 0 0 2.881073847413063 0 4.290663212537766 0.3703076913952827 0.5459669530391693 0 0 0 0 4.582848787307739 1.012187004089355 0 0 1.178797408938408 0 0 0 0.1760487109422684 0 0 0 0 0 0.1192530691623688 0.6652115881443024 2.000996202230453 2.184552997350693 6.679446220397949 1.611253023147583 0 0 0 0.3231740891933441 0 0 0 0.2526290118694305 3.237051844596863 0 0 0 0 11.45421935617924 0.9065297245979309 4.432893648743629 0.28895103931427 0.3792477548122406 0 0 0 0 0 0 0 0 0 0 0 2.6987394541502 3.147940084338188 2.48517233133316 443.593778334558 6.904750883579254 303.3866368159652 17.80274891108274 677.5820943489671 6.521320424973965 0.157425582408905 16.82024305313826 10.83241134881973 0 2.285379275679588 0 26.08952860534191 0 0 1.131436705589294 13.56254138052464 0 193.2554128691554 4.251880720257759
654.9721499755979 1508.365598350763 2282.72774554044 103.8622906133533 343.9801662713289 17.00535843521357 29.23944209516048 3424.471273347735 354.0568962469697 50.68639882653952 2060.55147254467 4.168356329202652 186.8782826140523 697.4155453294516 6.779575325548649 1.661006391048431 0.1531770378351212 0.2814008444547653 1.045235842466354 0.4711859002709389 5.15916783362627 0 0 0.1456169039011002 0.8946597576141357 1.429156370460987 0.6106637418270111 0.17188960313797 0 0 3022.720826238394 596.753604657948 2.099770188331604 1.24551323056221 0.7788099050521851 0.1694145947694778 1.518045946955681 0.2141361087560654 0 0 2.308820955455303 1.875001311302185 2.094291865825653 0.9439471140503883 1.195861801505089 0.6957355067133904 22.57360895723104 3.904007397592068 0.7866236418485641 2.193634137511253 1.764532350003719 0.4761193692684174 0 0 2.714954420924187 2.729479730129242 67.07064651697874 521.2576306089759 8.242183111608028 23.41769986599684 2.628833130002022 3.406679876148701 0.523382805287838 70.85768762975931 1.072553984820843 5.0718809440732 2.89006732404232 4.187641337513924 3.462498091161251 8.758916825056076 0.6948711797595024 0 0.2953910529613495 226.127310141921 24.13975260406733 30.51949223875999 1.872832342982292 3.104501388967037 18.57688590884209 236.935210518539 1.125187948346138 26.09737276285887 6.69131064414978 0 4.040297575294971 3.93289191275835 5.406785033643246 0.1122123673558235 0.3477531597018242 0 0.2153355777263641 0 29.3317641839385 4.213927753269672 0.5961192324757576 1.626587837934494 0 0 0 139.3526034727693 0 0.2447783052921295 1.479477226734161 0.177641361951828 0 0.4149853140115738 0.2103322297334671 0 0.167034313082695 0.3514383733272552 0 2.179268389940262 0.694615051150322 0.3318622559309006 0.4827473312616348 0.4677712619304657 0.1614841222763062 0 0 0 0 0 0.1891582757234573 0 0 0 0 0 0 0 0 0 0 0 0 0.2196966707706451 0 0.2220053821802139 0 0.2434657067060471 0 0.6891713738441467 0.4483418166637421 0 0 0 0 0 0 0.8466155827045441 0 0 0.2374451756477356 0 0 0 0.2800516784191132 0 0 0 0 0 0 0.1863180547952652 0 0 1.132443144917488 0 0 0 0 0 0 0 0 0 0.1511824131011963 0.1405276209115982 0.5816275477409363 0 0.1509006172418594 1.388972982764244 0.1533103436231613 0.9633243009448051 0 0 0 0 0 0.1025216653943062 0 0 0 0 0 0.1352873146533966 0 0 0.3020247519016266 0 52.71534076333046 2.733866654336452 66.82020811736584 9.259920373558998 59.72987397760153 2.153478771448135 0.1383057534694672 2.323865249752998 0 0 0.6893184930086136 0 0.7027111202478409 0 0 1.885872364044189 0 0 15.81663160026073 0.9592687785625458
2037.644715942442 1567.435391634703 103.8622906133533 674.4069373607635 210.5909472852945 1312.099633961916 1492.018801338971 3.716785199940205 32.97618148475885 1525.226827763021 8.173118591308594 2.338224977254868 139.1161209270358 120.6904670447111 0.9536677226424217 0.1383059024810791 0.125737190246582 0 0 0 0 0 0 0 0 0.1107811704277992 0 0 0 0 41.40289703756571 0.1650788113474846 0.162600114941597 0 0 0 0.2006951570510864 0 0 0 0 0 0 0.08101450651884079 0 0 22.2888745740056 3.768643587827682 0.09335105866193771 0.1435583084821701 0.08849397301673889 0 0 0.2466002255678177 2.701364099979401 3.952207401394844 80.23811333626509 207.8521472960711 12.43014875054359 36.50112918764353 0.107446476817131 0.24531090259552 0 4.799605488777161 1.837577842175961 2.019021064043045 0.785486601293087 0.7196138128638268 0 0 0.1000215709209442 0 0 240.8033794909716 5.532765068113804 36.46788536012173 0.2209019511938095 0 0.1242559403181076 0.08365708589553833 0.09066064655780792 1.409673847258091 10.72029979526997 0 3.584943681955338 2.510168686509132 0.9357196465134621 0 0 0 0.3416113927960396 0 0.1587396711111069 0 0.107443705201149 5.143855594098568 0 0 0.112349733710289 530.7180023863912 0.1776969283819199 4.189343959093094 11.50605030357838 43.6435396745801 4.108329191803932 2.328467823565006 8.550091370940208 8.194435924291611 28.81114326417446 10.5966534242034 2.2722989320755 18.70455380529165 11.05201998353004 4.661796413362026 0.9833853170275688 0.4545935392379761 0 0 1.054491400718689 0 0 0 0 0 0 0 0 0 0 0 0 0 0 0.2842197418212891 0.5079483240842819 1.710313409566879 0 0.9791478514671326 0 0.2320247888565063 0.4407173693180084 0.6229346692562103 1.620177268981934 0.7286603003740311 0 0 0 0 0 2.396076232194901 0 0.2426393926143646 0 0.3744987845420837 0 0 0.8779734373092651 0 0.124682791531086 0 0 0.1101217940449715 0 1.801654815673828 0.9604240953922272 0.5465909838676453 2.428070962429047 0 0 0 0 0 0 0 0 0 1.616109475493431 0.1531295031309128 0 0 0 7.811465978622437 0.6369444727897644 3.175987392663956 0 0 0.5796195268630981 0.3898562490940094 0.4757441878318787 0 0 0.1136352345347404 0 0 0 0 0 1.38409336656332 0 0.6595184803009033 221.6789897754788 4.973964378237724 87.56441459059715 5.740572199225426 476.6149740815163 1.955746203660965 0.8045108318328857 3.825927749276161 10.50873358547688 0 0.6499578803777695 0.440210372209549 30.15208631753922 0 0 0 0.3285358548164368 0 110.9550192952156 0.7163986414670944
550.720749348402 3565.482896193862 343.9801662713289 210.5909472852945 1051.327888250351 29.75010108947754 1563.321892946959 126.5948049351573 2451.319731317461 990.5486525446177 1049.382159501314 39.11858466267586 579.873342551291 1291.838237643242 16.00885152071714 0.8677806779742241 0.1039000526070595 0 0 0 0.5632907748222351 0 0 0.1482531577348709 0.3390950858592987 0 0 0 0 0.1485575288534164 135.3586223572493 9.952921167016029 0.4448579251766205 0 0 0 3.957698330283165 1.087448731064796 0 0 0.1564496606588364 0 0.1438320875167847 0.2786701619625092 0.1293049603700638 0 132.0872444286942 4.846432350575924 0.6282287314534187 0.3282832726836205 0.3154424726963043 0 0 0.1428303122520447 4.417616307735443 5.008285015821457 33.51135988533497 157.278648018837 8.442174136638641 81.45811395347118 0.5095321610569954 2.647245191037655 0 46.8087841719389 3.423742160201073 4.169882781803608 0.7665506675839424 1.030798152089119 0.5864635482430458 0 0.604309193789959 0 0 273.6254190430045 35.0955361276865 122.1066942811012 6.303574122488499 2.553275346755981 0.2197053581476212 1.767033860087395 0.1696319729089737 3.062795884907246 12.68860013782978 0.1873063519597054 5.579187348484993 3.057656519114971 2.121781133115292 0 0.1476072371006012 0 0.1012658104300499 0.1393055617809296 0.5602581202983856 0 0.2027032896876335 7.555639579892159 0.1405705958604813 0 1.520919263362885 42.96653620898724 0.4209299832582474 3.016097500920296 3.653431341052055 2.89556473493576 3.033802434802055 4.609747216105461 3.89682000875473 6.69965997338295 19.33139677345753 21.3501700013876 2.067423403263092 44.40753458440304 28.65017002820969 15.66832041740417 12.09424501657486 0.3483314216136932 0.3427706360816956 0 1.469084829092026 0 0 0 0 0 0 0.1636970043182373 0 1.437461048364639 0 0 0 0 0 0 0.8685593008995056 4.750428289175034 0 0 0 3.281091645359993 0 4.938298493623734 1.405439950525761 1.737164914608002 0 0 0.414150208234787 0.7007600665092468 2.01805180311203 0.5088770389556885 0 0 0 0 0 0.7368366271257401 0.6009049266576767 0.2068954557180405 0 0 0 0.9593340456485748 0.1823606342077255 1.120408356189728 2.347552418708801 0.4562639892101288 7.429563939571381 0.2932660579681396 0 0 0 0 0 0 0 0 11.39442902803421 0.2549963593482971 0 0 0 19.18448460102081 1.738046869635582 7.415370091795921 0.4041108191013336 0 0 1.786493837833405 0 0 0 0 0 0 0 0.4001267552375793 0 4.920207530260086 4.046241238713264 1.540488660335541 328.6164280250669 7.807171180844307 301.2863864675164 28.06011305749416 78.26180680841208 5.433605290949345 0.3149083256721497 24.06992715597153 7.138277918100357 0 2.815932154655457 0 10.95562759041786 0 0 0.2017102241516113 5.305260181427002 0 37.50684054940939 4.605043664574623
141.4029584079981 358.415836237371 17.00535843521357 1312.099633961916 29.75010108947754 21.97039429843426 225.2562933936715 1.478273808956146 8.762889958918095 927.5484159067273 11.32629821449518 199.8391460627317 157.6832568868995 27.50341901928186 0.9716806784272194 0.329312339425087 0.1550491899251938 0 0 0 0 1.538828976452351 0 0 0.3031553328037262 0 0 0 0 0 0.7228781431913376 0.5718072652816772 27.90509253740311 0 0 0 38.20385217666626 9.07826529443264 4.939482659101486 0.6368831992149353 0 0.440734475851059 0 0.6853094547986984 0 0 0.6264146715402603 0 0 0.171889066696167 0.9994120597839355 9.246807001531124 0 0.4641439616680145 0.2808024883270264 0.3636327460408211 181.6654352247715 24.90312711149454 5.625272400677204 5.27041482925415 0 19.06268866360188 0.2126474678516388 0.1683402806520462 0 0.1178512200713158 0.7910303920507431 0.5495573729276657 0.1855721920728683 0 150.4580418765545 84.18604122102261 17.59625580906868 18.5118465423584 0.401892825961113 2.49667164683342 0 0.2816716730594635 0 3.009344600141048 0 8.79223145544529 0.8202039748430252 1.17241358011961 0.334546685218811 2.944004036486149 0 2.37021566927433 5.955176159739494 7.279048696160316 3.396846018731594 4.036399304866791 0 1.231503888964653 1.279145687818527 285.8089964985847 84.65131457149982 5.455194503068924 13.81420198082924 260.4806819558144 0 0.8145822286605835 2.897023946046829 6.188802674412727 0.4360802173614502 1.215436741709709 3.39819872379303 2.942176997661591 3.879794090986252 7.010851994156837 0.7638986706733704 7.551054567098618 2.304170742630959 1.315631255507469 0.1469626426696777 0 0.1709977239370346 0 0.7862745523452759 0 0 0 0 0 0 0 0 0.1317418217658997 0 0 0 0.6743091940879822 0 0 0.2175958454608917 0.3036973774433136 0 0 0 0.3077920526266098 0.5442401170730591 1.651574529707432 0.2460340037941933 0.1387350410223007 0 0 0 0 0 0 0 0 0.1685314774513245 0 0 0 0.5033372789621353 0 0 0 0 0 0 0.3709839284420013 0 1.557014584541321 0.8766148686408997 0.1393761485815048 0 0 0 0 0 0.09941448271274567 0 0.2123066931962967 1.140126809477806 1.783705115318298 0 0.5840502977371216 0 3.60746893286705 0.3373509347438812 1.008635371923447 0 0 0.1545888930559158 0 0 0.2859386503696442 0 0 0 0.1662302613258362 0 0 0 0.4266194403171539 1.547329515218735 0.8092696070671082 44.33850959688425 0.2531315535306931 11.46765706688166 1.142523944377899 122.3795477375388 5.476649612188339 0 0.4284092336893082 5.532047063112259 0 0.5157833695411682 0 13.07562413811684 0 0 0 0 0 70.82094231247902 3.239477008581161
673.5695204287767 3765.713877826929 29.23944209516048 1492.018801338971 1563.321892946959 225.2562933936715 1063.221739664674 11.76288977265358 1199.123515598476 3098.310371398926 106.7516053318977 63.83172110468149 5364.154502399266 3172.162859834731 15.50691340863705 0.8266905695199966 0.1776670664548874 0.4064008444547653 0 0 0 0 0 0 0 0.1308905780315399 0 0.1187188103795052 0 0.1018949076533318 100.8610302433372 6.888657003641129 4.556139074265957 0 0 0 0.2263671308755875 0.4157732129096985 0 0.204349160194397 0.1425238996744156 0 0.284320093691349 0.6867751032114029 0.6388152167201042 0.09967018663883209 191.9476055577397 6.521648705005646 0.4090437516570091 0.4699056819081306 0.3018681481480598 0.1175335571169853 0.2056093662977219 0 7.513460144400597 9.260730311274529 60.60983008146286 257.9475175663829 17.18417298048735 133.6182598397136 0.336361862719059 1.488564163446426 0 53.79749988019466 6.286959186196327 6.640753954648972 1.967216856777668 1.444958247244358 0.3183208853006363 0 2.847411178052425 0.2680093050003052 0 476.9386396333575 53.45107912272215 155.3234272301197 6.189159952104092 1.151716753840446 0.2820510268211365 2.703498393297195 0.3798408657312393 4.45000646263361 24.80467154085636 0.0925276055932045 8.498800076544285 5.296935364603996 4.715740345418453 0 0.4110618531703949 0 0 0 0.2295359969139099 0.2634045258164406 0.1237659677863121 16.22615022957325 2.093011692166328 0 0.468094676733017 92.47087094932795 5.794146545231342 13.51923886686563 126.7247761264443 82.44466912746429 5.227334290742874 81.05988591164351 49.64200402796268 47.9760641977191 127.3611844778061 110.2653288692236 4.710551932454109 158.8053265064955 33.88575191050768 21.51726983487606 11.91732068359852 0.3768035471439362 1.759196043014526 0.1396548897027969 1.421445280313492 0 0 0 0 0 0 0 0 0.3093741834163666 0.2477058917284012 0 0.1376011371612549 0.7339721322059631 0 0 7.820792339742184 2.617960788309574 0 2.13456130027771 0 3.027229383587837 1.857022315263748 6.790209375321865 3.065724037587643 0.3495005667209625 0 0 0 0.2090162336826324 1.807365983724594 4.479442462325096 0 5.631257422268391 4.88073867559433 0.2558696642518044 0 0 0.1241517066955566 0 0.09961523860692978 3.027424961328506 0 8.458909265697002 11.21283426880836 2.965441606938839 1.279443085193634 2.859679847955704 13.40642458945513 3.079706951975822 1.950257636606693 0.7725463137030602 0 0.203348346054554 0 0.1023288816213608 0 0 6.170632362365723 0.1420332491397858 0.1965167969465256 0 0 28.9909490942955 3.129716441035271 11.78904889523983 8.687055252492428 7.198409102857113 3.347334153950214 1.624108366668224 0.2993461340665817 0.5330238863825798 0 0 0 0 0.09569700807332993 0 0 8.139261394739151 2.848947554826736 4.511163726449013 503.1489304304123 12.20347821712494 446.7576372772455 35.45051280409098 244.0170564576983 8.419896572828293 0.2624424621462822 22.83376297354698 24.32939954102039 0.9802584797143936 23.09131118655205 2.273284330964088 40.67531448602676 3.043822064995766 0 2.150820441544056 36.06631517410278 0 93.60878903418779 16.79762313514948
158.850356400013 819.4190325886011 3424.471273347735 3.716785199940205 126.5948049351573 1.478273808956146 11.76288977265358 903.106123894453 109.6281748190522 9.261882998049259 3192.551660239697 2.611468747258186 68.75518672913313 994.2258954420686 137.7330678850412 38.36272881180048 1.782862946391106 7.401191778481007 2.608063764870167 12.76039535552263 117.3621880337596 1.227280169725418 4.564159594476223 1.08174280077219 16.6563353985548 29.35314537584782 2.769384458661079 5.092448733747005 0.2563789039850235 0 2514.29309066385 1107.454321697354 32.08159259706736 22.63177019357681 17.08858842402697 11.33353312313557 10.12620132416487 5.493738725781441 1.006315186619759 0.715494692325592 71.74169448018074 49.32075583189726 27.06499869376421 13.36552110314369 11.54805624485016 8.418509438633919 395.0392176136374 23.25089801847935 6.109608836472034 23.84376848489046 24.87363206595182 2.836287796497345 0.4571721851825714 1.00178986042738 10.03832609951496 10.41764225810766 96.64802380651236 704.180103905499 20.41965777426958 150.3517308831215 34.5714570954442 115.2418841421604 8.50892797857523 324.0693028941751 7.845069117844105 57.01389533281326 36.01799081265926 54.46447890251875 64.53169333934784 150.1009902730584 9.444746598601341 5.890726909041405 0.1569524854421616 679.0372993946075 167.4128580242395 373.7116690948606 60.79740210622549 102.5786800608039 608.8961394205689 4319.995193600655 22.2556664198637 1107.376291379333 24.50859469920397 0.1850520223379135 27.05604422092438 37.77793514728546 49.32868824899197 0.1592947840690613 4.230737380683422 0.4802122339606285 3.940010957419872 3.279334984719753 455.634805880487 77.20606782287359 2.881982818245888 14.46484317630529 4.043007433414459 0 0.159536674618721 56.02395863831043 0.2035023719072342 0 1.144625619053841 0 0.5650410950183868 0.4736483916640282 0 1.769654184579849 0.7791047245264053 1.365381270647049 1.100598439574242 4.401356413960457 4.495354488492012 4.130997896194458 3.971674427390099 1.345653414726257 0.2913271337747574 0 0.6773748248815536 0.1156166717410088 0 0 0 0.1319153159856796 0.5838540196418762 0.4116086438298225 0 0.220092386007309 0 0.4053784310817719 0.3121137022972107 0.2819576039910316 0.7473569959402084 0 0.3791404962539673 0.8222088217735291 0.6836924850940704 0.1808237284421921 0.7159045189619064 3.857563406229019 0.6563156619668007 6.612056836485863 2.6779760196805 1.041115112602711 0.1150574758648872 0.1195543855428696 0.1257660537958145 0 0.4213584661483765 0.8160765469074249 0.5407559797167778 0 0 0 0.13316410779953 0 1.25055193901062 1.219591073691845 0 0.2847938537597656 0.1058990806341171 0.1077902019023895 0 0 1.98947685956955 1.424215018749237 6.517719149589539 0.5622584223747253 0 0 0 0 0.1715122014284134 0.1268470883369446 0.1916276067495346 0.2488134652376175 6.944780446588993 0.9707039296627045 0.3138061910867691 0 1.757244296371937 10.06155842542648 2.412350788712502 8.461361974477768 0 0 0.1669022589921951 0.4801148176193237 0.4094964563846588 0 0 0 0 0 0.3460983335971832 0.1636702567338943 0 1.520258694887161 8.816142022609711 1.980461791157722 538.7930136993527 26.97435288131237 652.8325466364622 117.756550386548 76.70121075958014 12.04398436099291 0.2735890299081802 36.27609019726515 5.650308504700661 1.293363124132156 1.644809439778328 0.3679108172655106 2.370941936969757 0 0.4748252034187317 0.495188981294632 9.021000981330872 0 33.49583502858877 6.321220502257347
102.9764943420887 1585.610296793282 354.0568962469697 32.97618148475885 2451.319731317461 8.762889958918095 1199.123515598476 109.6281748190522 1134.088427275419 1001.882720649242 1289.784745447338 169.7224693745375 1605.483325235546 2763.474368996918 25.1930453851819 3.20930603146553 0.1414602100849152 0 0.09043927490711212 0 0.6795168071985245 0 0 0 0 0.1925777792930603 0 0 0 0 48.83609173446894 7.545915581285954 7.25606694817543 0.1360072642564774 0.754381537437439 0 4.044505596160889 0.1401006579399109 0 0 0.1617918610572815 0.8145786002278328 0.1255456358194351 0.497859388589859 0 0.3675632774829865 112.831413961947 2.144761800765991 0.2884348854422569 0.1748080402612686 0.1249688640236855 0 0 0 1.652374871075153 2.516528517007828 10.7450041025877 54.24809522181749 4.129772841930389 45.11150248348713 0.2336685582995415 2.437468662858009 0.225624606013298 27.44637282937765 1.496410124003887 0.6331735327839851 0.6585013344883919 0.9070756733417511 0.551672525703907 0.6471339389681816 5.617424763739109 0.6834403276443481 0 102.3790113031864 18.01974899321795 79.33221102505922 8.076483078300953 7.093732483685017 1.274119578301907 11.26338083297014 0.5399066656827927 2.919565506279469 6.17777656018734 0 2.788670018315315 1.292697824537754 0.8625141307711601 0 0.2080591320991516 0 0.3800641819834709 0 2.132860757410526 0.1597229242324829 0.1402478069067001 27.79468089342117 0 0 1.104565039277077 11.43964413553476 2.029234759509563 6.310747668147087 14.59383843839169 4.232337541878223 13.01352387666702 12.13205380737782 13.82467150688171 14.53739747405052 62.06048746407032 49.21745412051678 10.52962963283062 87.15446361899376 88.23381254076958 45.42704372107983 26.0467854142189 0.6664751768112183 0.6009107530117035 0 2.385961413383484 0 0.3995276093482971 0 0.1540723592042923 0.9894260168075562 0 0 0 0.7641671001911163 0.8133282661437988 0.3848045766353607 1.147352665662766 0 0 0 4.058847948908806 4.130369901657104 0 2.417247354984283 0 8.635836914181709 1.500379741191864 23.27926984429359 3.543273448944092 2.511461794376373 0 0 0 0 2.360585555434227 4.280125848948956 0 0.1661477982997894 1.505264520645142 0 0 0 1.883796900510788 0.6242561340332031 0 0.1575918942689896 0 1.644167214632034 1.75454269349575 0.73908831179142 5.841330707073212 1.820214748382568 26.96885833144188 2.43588775396347 0.3351660072803497 0 0 0 0 0.5932267904281616 0 0.1054875776171684 28.07378545403481 0 0.3949330747127533 0.3640120625495911 0.133809357881546 57.17943112552166 7.021862238645554 27.43507815897465 0.9824341237545013 0.8485044240951538 0.3382528871297836 0.619047150015831 0.6329819560050964 0 0 0 0 0 0 0 0 18.13876418024302 7.587130352854729 7.097569420933723 368.0057594031096 6.008697733283043 243.0685279816389 40.00019758939743 59.25088157504797 7.050795130431652 0.1188228353857994 23.90987452864647 16.45066285133362 0 7.686997085809708 0.5098655074834824 31.29375167191029 0 0 1.239216536283493 1.040321081876755 0 87.2798018604517 29.57728005945683
650.4866737797856 1558.65608048439 50.68639882653952 1525.226827763021 990.5486525446177 927.5484159067273 3098.310371398926 9.261882998049259 1001.882720649242 3360.691830538213 69.99175077676773 1857.488534010947 9560.384831950068 1242.346182957292 15.42205430567265 2.10199661552906 0 0.2239415198564529 0 0 0 0 0 0 0 0.5405061319470406 0.3587132096290588 0.2797833979129791 0 0 29.16779836267233 3.273222789168358 18.05638810992241 0.1262648701667786 0.1567096263170242 0 18.22019459307194 0.4214161485433578 0.314339242875576 0 0 0.6061496138572693 0.1148996576666832 0.8914894312620163 0.1076773554086685 0.2316371202468872 130.8695083260536 3.877499550580978 0.4130701571702957 0.8314266949892044 0.4998943209648132 0.4097560942173004 0.8616427034139633 1.211461141705513 6.146724045276642 6.597184151411057 69.17299126088619 112.5251779183745 12.51354970782995 95.87097577750683 0.4206240177154541 6.386541798710823 0.5384558290243149 22.72557234019041 4.177299745380878 3.916881412267685 0.9890582337975502 0.9560868889093399 0.7854214906692505 0 26.47384093701839 3.866269469261169 0.2221512645483017 276.9063448086381 24.43722298741341 102.7111242040992 4.532416000962257 3.579377792775631 0.2768847346305847 11.71259537339211 0.1073130741715431 5.298985511064529 16.43589198589325 0 6.015970259904861 3.763356029987335 1.812844537198544 0 0.6711448654532433 0.3414424806833267 0.2343065142631531 0.1068569421768188 1.38491153717041 0 0.5312803387641907 505.6782752126455 7.650276646018028 0 3.571091808378696 268.5936999469995 7.008203133940697 34.52113679796457 70.32623045146465 69.332903906703 49.33669479191303 73.77547866106033 117.5522767007351 87.96243615448475 322.5447919517756 243.03127643466 44.17336408048868 474.3301129564643 298.1579227074981 134.6697934418917 63.11779220402241 2.594451323151588 1.584218859672546 0 8.611060127615929 0 0 0 0 1.275613188743591 0 0 0 5.565225258469582 0.1387470066547394 0.9824323654174805 1.950105339288712 2.324762463569641 0 0 13.02505142986774 17.82421034574509 0 1.705390989780426 0 20.96570093929768 4.744866885244846 54.57987839728594 9.066475249826908 3.210694506764412 0.1694485396146774 0 0 0.1869991421699524 4.112832613289356 5.182632952928543 0 1.999043524265289 3.832365401089191 0.4981987774372101 0.1428489834070206 0 3.029773682355881 1.489292874932289 0 0.8403349444270134 1.018736243247986 4.277566701173782 2.237992413341999 6.741453215479851 15.53176565468311 7.384611025452614 72.31498430669308 5.823295600712299 0.2522061392664909 0.6691115275025368 0 0 0 0 0 0.7298222184181213 71.72142834961414 3.267066717147827 0.4299261271953583 0.5280917882919312 0 173.0633009374142 15.60322794318199 60.09634639322758 1.433991365134716 2.051721081137657 0.7921400219202042 2.288826823234558 1.073516964912415 0.4153924062848091 0 0 0 0 0 0.7271824479103088 0.5063427090644836 56.33165434002876 22.04571898281574 24.22401933372021 973.563245691359 10.15527087450027 355.7190655171871 46.48447673767805 990.1961928978562 13.6329353377223 0 25.5107154250145 119.6502499952912 0 26.53407733142376 5.770504593849182 242.9258536696434 0.2121919393539429 0 3.857727065682411 8.797009199857712 0 1076.365738227963 72.90714998543262
248.5412573814392 2042.899365849793 2060.55147254467 8.173118591308594 1049.382159501314 11.32629821449518 106.7516053318977 3192.551660239697 1289.784745447338 69.99175077676773 1913.180854558945 63.39186383783817 1017.111680045724 3016.863818056881 72.69306401908398 37.69549073278904 1.665017798542976 5.385510072112083 0.1004775315523148 2.923612833023071 25.53401963412762 3.349284455180168 0 0.6296726912260056 26.8790487498045 17.70033782720566 7.502803921699524 11.11695821583271 0.8792509436607361 0.143945574760437 315.9577590599656 60.29093340784311 469.3716507330537 1.853815302252769 7.161934182047844 14.71269433200359 195.9857769012451 38.40994657576084 11.61821614205837 6.3256995677948 41.19949342310429 41.00781410187483 2.039972394704819 11.71706234663725 0.6010800749063492 1.019760809838772 130.3018321990967 2.637644089758396 1.433459863066673 3.241949550807476 6.011318348348141 11.10118106007576 3.070934757590294 6.099080890417099 3.146660447120667 1.129625707864761 23.57990566641092 128.6360725164413 6.944935709238052 41.81462345272303 1.195645585656166 56.2845596075058 0.7020633816719055 48.22718464583158 1.169682428240776 7.319690130650997 5.435714989900589 5.083300463855267 4.550632610917091 26.47662521153688 53.7138377726078 9.031867235898972 1.770814016461372 133.7301807403564 27.44980036467314 99.92869252711535 14.67959286272526 38.6344336271286 16.62274089455605 218.8272789642215 0.9730507582426071 21.83018331229687 6.061143934726715 0 4.370702847838402 7.013592503964901 4.102392628788948 0 0.9793252199888229 0.5748275518417358 2.317441686987877 6.445213124155998 89.90484330058098 34.32188139855862 6.725302547216415 36.14918793737888 10.65888775885105 0.1808663606643677 2.396533936262131 53.65102516114712 0.1408598572015762 0 0.720888540148735 0 1.02020388841629 2.14793649315834 0.7433954477310181 2.801955550909042 7.650160536170006 5.954925686120987 2.64256164431572 11.88274596631527 15.92325935512781 12.04659953713417 7.321093767881393 0.3229727894067764 0.1766593754291534 0 1.413430660963058 0 0 0.1338768005371094 0.1428626179695129 0.1446216106414795 0 0.7746379226446152 0.1569429785013199 2.002607777714729 0 0.466678187251091 1.74509397149086 1.373559847474098 0.8520949482917786 0.168713703751564 0.7415159642696381 2.50696237385273 0 0 0 4.339652925729752 0.4723158925771713 7.465639688074589 4.570403642952442 1.181651674211025 0.693186417222023 0 0 0.2402935028076172 1.943583518266678 1.918299928307533 0.3451904952526093 0.555601954460144 0 0 0.1567634493112564 0.2754044234752655 1.706440545618534 1.199871763586998 0.1060293167829514 0.2272580564022064 0 0 0.1037955582141876 0 1.919265508651733 1.505968570709229 8.384321346879005 0.9987753033638 0 0 0 0 0 0.2088683694601059 0 0.9508096128702164 7.566085778176785 1.754158571362495 0.2400752604007721 0 0.6411833018064499 20.00012481212616 1.111583232879639 10.26947070658207 0.1613596528768539 0.137089878320694 0.1389928460121155 0 0.1877654939889908 0 0 0 0 0 0 0.2296203076839447 0 3.477010726928711 7.733071774244308 6.293795429170132 351.9966914355755 12.45387546718121 272.8263729214668 81.39210789650679 65.72925774753094 5.212484888732433 0.2991237342357635 20.36766055226326 6.280207067728043 0.1250046640634537 3.189300462603569 0.1471960842609406 4.439386591315269 0.336252361536026 0 0.2037406116724014 3.347854375839233 0 26.08414124697447 17.69423250854015
17.33659896254539 60.22929748892784 4.168356329202652 2.338224977254868 39.11858466267586 199.8391460627317 63.83172110468149 2.611468747258186 169.7224693745375 1857.488534010947 63.39186383783817 56.5936379134655 1622.837746754289 345.9598119184375 33.01726672053337 22.93782815337181 1.604767337441444 0.9560671746730804 0 0.3631062358617783 3.142244778573513 17.26094034314156 0.1044056192040443 0.9716034233570099 6.228423357009888 5.567423924803734 2.068452924489975 7.418635755777359 2.20904802531004 0 1.105803668498993 1.030546590685844 39.35262253880501 0 0 1.613647267222404 140.1931810379028 9.23117958009243 7.653027713298798 7.089632846415043 9.401548817753792 18.26322302222252 1.001440182328224 5.423576354980469 0 0.1125871613621712 38.29962953925133 0.7243871688842773 1.236729457974434 1.364227503538132 0.3588635474443436 31.26969900727272 25.3564700782299 13.25149735808372 1.087666399776936 0.3647719100117683 15.24233542382717 3.487597957253456 0.4885108023881912 7.737155497074127 0.2693762332201004 4.465539500117302 0 4.452106766402721 0.2963874414563179 0.8955955877900124 1.4512679874897 0.3019509837031364 0.7125751078128815 2.429557576775551 192.1165553927422 29.06121775507927 2.223932012915611 13.15818344801664 2.805938228964806 18.25279872119427 5.473146095871925 14.93690127134323 0.3467031940817833 26.1654577255249 1.084443390369415 2.983236014842987 0.793683722615242 0.1114606335759163 0.3807319030165672 1.481063112616539 0.7587287947535515 0.1498861014842987 0.2291813790798187 1.318770200014114 2.404877170920372 11.79157774150372 7.338007129728794 7.943831920623779 5.093330755829811 1327.66706995666 298.3808652609587 2.842518493533134 49.16630765795708 47.93807548284531 2.27525832504034 10.28997559845448 23.19033185392618 8.840779803693295 18.92294612526894 22.20554601401091 31.4775173664093 31.8386592566967 88.94396997243166 82.54050190746784 19.34910844266415 202.7294961586595 196.8151564449072 102.9791161939502 50.47880570590496 1.565851420164108 3.542013853788376 0.3002081513404846 1.733482912182808 0.1137019842863083 0.7685180306434631 0.1592425554990768 0 0.1335332244634628 0 1.309451162815094 0.1554374992847443 2.225024923682213 0.9790337979793549 0.7138108015060425 1.209498897194862 1.972237348556519 0.8922773599624634 0.482590064406395 6.405552536249161 8.931303724646568 0 0.1350382119417191 0.1185962110757828 21.46852836757898 1.387917570769787 45.19516454637051 10.49611349403858 5.1052281036973 0.2480912208557129 0.7029077410697937 0 0.1359195709228516 4.333868384361267 5.266762219369411 0.4552501440048218 0.4279959797859192 0.8714810609817505 0 0.1168161928653717 0.3026463985443115 2.176215909421444 0.9698826968669891 0.1184025704860687 0.1674754768610001 0 1.68136303126812 2.104409851133823 1.770293459296227 7.40969942510128 3.519894912838936 52.98090477287769 2.072666235268116 0.6810362190008163 0.111047551035881 0 0 0 0 0 0.1352010071277618 80.65086847543716 10.77731764316559 0.3562252372503281 0.5874096751213074 0.3362232148647308 110.7100065052509 10.10806220769882 46.99960944056511 1.011669859290123 0.7844376340508461 1.226563103497028 1.309818357229233 1.029409907758236 0.1608014106750488 0 0 0 0 0.2578037604689598 0.3386876583099365 0.3997809439897537 46.47717313468456 27.03580336272717 21.00774740427732 198.2344419956207 6.062405243515968 83.52782076597214 37.64153988659382 407.0315844044089 2.083403125405312 0.1288638710975647 9.943901166319847 40.3272412866354 0.5441248118877411 11.74050614982843 3.433559909462929 46.73752922564745 2.592454731464386 0 0.5212329626083374 1.174389123916626 0 630.6587251424789 113.563184440136
33.25719637423754 1066.872535258532 186.8782826140523 139.1161209270358 579.873342551291 157.6832568868995 5364.154502399266 68.75518672913313 1605.483325235546 9560.384831950068 1017.111680045724 1622.837746754289 2516.261070862412 3902.733110189438 120.8156751692295 51.01188140362501 3.761814840137959 3.412540018558502 0.3795901909470558 1.432184725999832 5.953070789575577 12.99185198545456 0 0.301914170384407 23.82106280326843 10.78265503048897 4.234896749258041 19.25987920165062 2.951410964131355 0.5802356749773026 23.02573771029711 7.88946707546711 362.2638303935528 0.1785833090543747 1.306582406163216 2.985063955187798 316.0573418736458 50.70252837240696 20.16124235838652 19.81804978102446 20.6417870670557 39.28466881811619 2.174717396497726 12.54943942278624 0.5402433276176453 1.073271125555038 181.415892124176 2.132589504122734 1.671143054962158 3.778009802103043 2.080284722149372 33.30824059247971 19.51921743154526 23.52956250309944 2.625941343605518 2.184106722474098 15.99207350611687 28.62149805575609 5.864027135074139 46.10485174506903 0.7072170376777649 57.74176611751318 0.3916068747639656 29.02893643081188 1.087622612714767 3.244519859552383 1.632641769945621 1.916289016604424 2.586479611694813 11.37024915963411 249.376758120954 30.55480651557446 2.790298327803612 80.61015087366104 21.7076902911067 108.3773896619678 21.0415358170867 51.39719434082508 0.09671712666749954 271.625326000154 3.27412773668766 11.94003331661224 7.912211559712887 0.1452485471963882 4.283335529267788 3.755880892276764 2.491987988352776 0.1128407269716263 1.34420070797205 2.374209582805634 3.330202795565128 12.27184182405472 22.79423709958792 18.24440570175648 16.81958846747875 1207.348930090666 134.8730635493994 1.519117265939713 42.95856764167547 41.78660652786493 7.737567566335201 20.34350222349167 51.32229322940111 20.96388921886683 47.3064114972949 49.44780412316322 61.63288985192776 81.0825345441699 259.6644046977162 172.5946032330394 49.80715220421553 402.9060830846429 400.0228527113795 188.5421868041158 88.09563417732716 5.562495067715645 8.081625536084175 0.1235630586743355 6.488160721957684 0.2546321302652359 0 0.1374383270740509 0.257601797580719 0 0.648220419883728 1.084649741649628 0 1.426248639822006 2.36650250852108 0.2847014218568802 2.863400116562843 2.319454871118069 1.815451711416245 0.5089776217937469 9.888768345117569 18.22350539267063 0.1439136266708374 2.018135294318199 1.280967935919762 47.86403715610504 9.811859890818596 73.76693443208933 20.17146809399128 8.680092737078667 0.9220601469278336 0.2902292832732201 0 0.4663171321153641 10.63505180180073 10.43799944967031 0 2.522087015211582 4.418571501970291 0.1169198304414749 0.2907365933060646 0.3643984347581863 4.879068791866302 1.998997800052166 0.5915952026844025 0.6906873509287834 0 6.139676377177238 5.333958722651005 4.240879699587822 13.01412852108479 12.41998642683029 122.5395301729441 4.589052215218544 1.018767163157463 0 0 0 0.2629914581775665 0 0.3649440854787827 1.124818965792656 151.3168057799339 8.02198588103056 1.42346066236496 0 1.236378453671932 216.3555264770985 23.73843143135309 86.42789746820927 4.062304973602295 4.151665151119232 6.668553873896599 3.067341387271881 1.053107969462872 0.0812801867723465 0.3990235030651093 0 0.3979179859161377 0 0 0.1494108289480209 0 81.6011903360486 53.59125062078238 28.83588323742151 771.1048101857305 17.92799095064402 403.7538716867566 137.0382611453533 408.6178449392319 7.096012443304062 0.5265099033713341 41.94897026568651 78.66689793765545 0.9526882767677307 25.06391584873199 5.88579498976469 112.0410791411996 2.977145411074162 0 5.496264427900314 9.911749079823494 0 747.8112222701311 162.1524006277323
