334.6026484072208 3339.443895980716 1200.267417728901 1800.531847596169 403.9772365391254 71.75281915068626 822.3292920961976 79.14444547891617 113.309862524271 1083.248785704374 384.2720841094851 13.44835864007473 77.76140201091766 345.0891957879066 1.502459034323692 0.6377736032009125 0.3273628056049347 0 0.151357039809227 0 0.1404119431972504 0 0 0 0 0.2082190662622452 0 0 0 0 379.179943472147 5.744619682431221 0.3871670365333557 0 0 0 0 0 0.7878931164741516 0 0.1494632959365845 0.8086449503898621 0 0.2146210819482803 0 0 14.61743953824043 2.037702456116676 0.1355323940515518 0 0.1106095537543297 0 0 0 2.261243283748627 0.9952486455440521 134.9062409624457 384.8416843488812 3.535659924149513 15.70257223397493 0 0.1376660168170929 0 1.796297550201416 1.188813723623753 0.6277068331837654 0.2270792126655579 0.4053209275007248 0.1232709810137749 0.2762297242879868 0.9989339858293533 0 0 250.9800313413143 5.586195409297943 12.4484936222434 1.411471620202065 0.8242863491177559 0.8549994453787804 28.40461642295122 0.1462594568729401 0.9746518209576607 3.213999383151531 0.1849516183137894 1.659460321068764 0.2021272853016853 0.4364130049943924 0 0 0 0.103784941136837 0 0.5535140335559845 0.335324615240097 0.1822026073932648 8.073043048381805 0 0 0 1243.202154897153 0.1153679639101028 2.126336216926575 1.604477673768997 11.78929238021374 0.5765404105186462 2.913684502243996 2.330234959721565 0.1758833676576614 2.827407956123352 7.846584737300873 2.601470448076725 4.11223953962326 3.231177240610123 0.9075788855552673 1.958652175962925 0 0 0 0 0 0 0 0 0 0 0.1234996393322945 0 0 0 0 0 0 0 0 0.2399590909481049 0.5344448685646057 0 0 0 0.1994721591472626 0 1.060079351067543 0 0 0 0 0 0 0 0 0 0 0 0 0 0 0 0.1454361081123352 0 0 0 0 0 0 0 0 1.364775203168392 0 0 0 0 0 0 0 0 0 0.3656434565782547 0 0 0 0 1.859557718038559 0 1.65678408741951 0 0 0 0.3792250901460648 0.7608159780502319 0 0 0 0 0 0 0 0 0.3073868155479431 0.3614597618579865 0 98.18259536474943 2.405733183026314 33.25783011317253 5.983257040381432 566.9545558393002 1.128350183367729 0 3.235123708844185 11.98478306829929 0 0 0 15.38483808934689 0 0 0 0.5091318786144257 0 151.7934410497546 0
3339.443895980716 2684.255880750716 1781.074033208191 969.8564538285136 3044.787789456546 126.176668331027 4230.288478314877 865.1948806494474 1877.901706829667 919.9450768753886 2044.580159120262 75.96012875437737 971.570585988462 1682.600365482271 5.648331828415394 3.510044656693935 1.952276237308979 0.1982450634241104 0 0.2274774163961411 0.457531675696373 0 0 0 0.4529800415039062 0.1446696370840073 0.1031725257635117 0.1438069641590118 0 0 1179.358640514314 75.2156667560339 2.157629743218422 0.1119308024644852 0 0 1.709178082644939 0 0.1144390031695366 0 0.9462257325649261 1.684489391744137 0.2126652523875237 0.6070837378501892 0.4899817183613777 0.127415344119072 151.3651775494218 2.737953968346119 0.1442451179027557 0.9680000096559525 0.7477903962135315 0.3438331037759781 0 0 9.98898634314537 3.146658658981323 135.664170794189 779.629392169416 9.606773391366005 71.39135191589594 0.1566978842020035 0.8090357184410095 0 30.36539067327976 3.335069134831429 3.294382706284523 0.4817506372928619 1.764706417918205 1.238023191690445 1.913234487175941 0.9536799713969231 0.5652814209461212 0 730.7822497561574 59.46360541135073 111.1596386134624 9.561408437788486 3.621400974690914 5.427098803222179 155.9513503983617 0.3134568929672241 2.977572523057461 11.91684038192034 0 6.545353546738625 1.73484194278717 1.847773924469948 0 0.6011908128857613 0 0.3038979768753052 0.2174192517995834 5.596962973475456 2.31146626919508 0.3380492031574249 7.423086866736412 1.626387000083923 0 0 819.867128379643 0 2.637314856052399 3.244855716824532 29.76891200244427 2.1422248929739 7.306567579507828 8.835981145501137 4.73371197283268 17.04388529062271 9.253443673253059 5.941823780536652 12.06224720925093 7.827495619654655 4.487624004483223 3.693776346743107 0 0 0 0 0 0 0 0 0 0 0 0 0 0 0 0 0 0 0 0 0 0 0 0 0.4330112785100937 0 2.863524079322815 0.6366640329360962 0.1064001992344856 0 0 0 0 0 0.7678864002227783 0 0.6676778197288513 0 0 0 0 0 0.1595773696899414 0 0 0.1256960034370422 0 0.1716883331537247 0.4938288778066635 0.2393880784511566 1.124324440956116 2.250230625271797 0.3084550201892853 0 0 0 0 0 0 0 0 1.686186939477921 0 0 0 0.2985395789146423 4.004651799798012 0.7903925776481628 1.94356881082058 0 0.1290886402130127 0 0.628767654299736 0 0 0 0 0 0 0 0 0 2.272688642144203 0 0.2849867641925812 272.1822813972831 5.27631925791502 258.7358734533191 49.59446426481009 572.2809340506792 8.726353384554386 0.4873479157686234 13.23182011395693 21.37800793349743 0 0.5885595828294754 0.2515562996268272 26.75233642756939 0 0 1.135453641414642 6.151101410388947 0 121.5484790951014 3.070615544915199
1200.267417728901 1781.074033208191 1441.834875263274 51.55758133530617 176.4240186586976 14.53010845929384 52.24080811440945 2236.197458520532 319.4155671447515 30.90974076837301 2115.975199297071 3.882394134998322 46.2156694829464 736.3385347500443 6.114940516650677 4.672194801270962 2.386686496436596 1.811366766691208 0.7509640753269196 3.428674392402172 2.746024757623672 0 0.1167230233550072 0 0.2177882790565491 0.4432196170091629 0 0.5205744355916977 0 0 3083.624494194984 728.1636778488755 3.556397214531898 4.477370366454124 0 1.179011031985283 2.232116505503654 0.1755160987377167 0 0 2.549485646188259 4.733259171247482 2.559081040322781 1.552912883460522 4.26736718416214 1.910586439073086 43.59595055133104 2.686039440333843 0.4928019642829895 6.63226393610239 4.024708218872547 0.8252023309469223 0 0 2.281020596623421 0.475398413836956 54.26077369600534 854.6662745475769 2.188839770853519 14.75616201013327 6.91199753433466 8.305499710142612 0.8342863395810127 57.76047153770924 1.11044953763485 7.468328952789307 5.065295673906803 13.84180907160044 19.17532876878977 9.41431400179863 1.158415883779526 3.759771704673767 0 319.3917887359858 37.58159152418375 39.3126370832324 6.638799302279949 10.63479516655207 26.10925687104464 327.5315635502338 4.292233482003212 28.44312568753958 1.909807652235031 0 6.387715324759483 3.627975016832352 15.96216145157814 0 0.2906883656978607 0 1.415839120745659 1.116590358316898 43.00041453540325 6.53413350880146 0.3864058256149292 3.317436158657074 2.177479982376099 0 0 132.7813623845577 0 0.8794887810945511 0.2545971870422363 0.1564477682113647 0.2254776060581207 0.4608499109745026 0.7633313685655594 0 0.4583833515644073 0.9804910123348236 2.021952658891678 1.329493761062622 3.096171617507935 2.050447970628738 0.6509296894073486 0.4291249513626099 0.9990747570991516 0 0.4429748058319092 0 0 0 0 0 0 0 0 0 0 0 0 0 0 0 0.1489429622888565 0.71808922290802 0 0 0 0.4832427650690079 0 2.143199309706688 0.2906655371189117 0 0 0 0 0 0.813873365521431 0 0 0.1900051385164261 0.392002135515213 0 0.2728285193443298 0.1345775574445724 0 0 0 0 0 0 0 0 1.09568977355957 2.661016702651978 4.51478798687458 0.5208200961351395 0 0 0 0 0.191730260848999 0 0 0.1806786358356476 0.864483505487442 0.2180265337228775 0 0 0.8835984244942665 3.178624019026756 1.988353550434113 6.179244294762611 0 0 0 0 0 0 0 0 0 0 0.1582177728414536 0 0 0.6085772067308426 0.7677015066146851 1.253803879022598 47.00743169337511 2.766872838139534 62.66046664863825 16.90509301424026 80.76910129934549 0.857758104801178 0 4.395024210214615 1.668288260698318 0.5042060017585754 0.1686591356992722 0 4.874401107430458 0 0 0 0.7413614988327026 0 21.88321992009878 0.6235463619232178
1800.531847596169 969.8564538285136 51.55758133530617 717.3039755597711 500.5921297669411 613.9269869029522 674.0007281154394 1.256602741777897 32.93118344247341 3417.606468997896 16.32009469717741 42.0446924418211 317.6277373582125 132.7354160919785 0 0 0 0 0 0 0 0 0 0 0 0 0 0 0 0 102.8863322138786 1.136797897517681 2.917302250862122 0 0 0 0 0 0 0 0 0 0 0 0.09370257705450058 0.1162145212292671 29.11584844440222 1.491499349474907 0 0.1044383198022842 0 0 0 0 3.128285259008408 1.075176171958447 50.23875372856855 239.1302615255117 3.813640892505646 35.56749779731035 0 0 0 2.933430753648281 1.476513043045998 1.663218297064304 0.1144466325640678 0.3720869868993759 0 0 0 0 0 384.7940606996417 15.79823402315378 35.32461486011744 0.679188646376133 0 0.1078383848071098 0.1079104766249657 0 0.09130891412496567 7.806572243571281 0 2.483447216451168 0.5627298206090927 0.4877710416913033 0 0.1509753167629242 0 0 0.1062497347593307 0 0.141508623957634 0 3.055409044027328 0 0 0 580.0599001720548 0.8064690232276917 11.54256942868233 10.16200660914183 38.157589584589 3.430750101804733 8.520039990544319 33.50241035223007 2.990653038024902 28.51774528622627 16.56407386064529 7.02144281566143 16.44765141606331 9.765467219054699 4.915293015539646 3.15789583325386 0 0 0 0 0 0 0 0 0 0 0 0 0.2884849905967712 0 0 0 0 0 0 0.7840768992900848 0 0 0.5975703597068787 0 0.792093813419342 0 2.134318977594376 0 0 0 0 0 0 0 0.7347929030656815 0 0.131894052028656 0.1382807344198227 0 0 0 0 0 0 0.1684550791978836 0 0.2044894397258759 0.87295912951231 2.043352589011192 0 0 4.898133605718613 0 0 0 0 0 0 0 0 0 0.7839749157428741 0 0 0 0 2.835500739514828 0 1.152994185686111 1.029784567654133 0.3648249059915543 0.4895234256982803 0 0 0 0 0 0 0 0 0 0 3.008775822818279 0.9244059324264526 0 253.0118229612708 2.562628000974655 82.99911322444677 8.690345734357834 673.8774385675788 0.4284203425049782 0.1081391796469688 2.865257516503334 46.57970677316189 0 0.6310376971960068 1.578783214092255 47.63493160903454 0.169832706451416 0 0 8.474766671657562 0 133.9367208257318 5.675584763288498
403.9772365391254 3044.787789456546 176.4240186586976 500.5921297669411 508.0144580304623 13.82174388319254 1545.141870960593 9.193768322467804 2717.093642547727 890.6786850914359 278.6155115365982 88.96018868684769 331.7596956938505 1034.720977731049 2.875543370842934 0.9580187648534775 0.5864022374153137 0 0.1371480226516724 0.18672975897789 0 0 0 0 0 0 0 0 0 0 117.7457474321127 12.19131683558226 2.508577078580856 0.6504838466644287 0 0 3.028485372662544 0 0 0 0 0 0 0.2123628035187721 0 0 114.0137665942311 1.557893335819244 0 0.1203147396445274 0.3019483089447021 0 0 0 2.098562061786652 0.7839454710483551 15.57691619545221 110.5605764910579 2.717717036604881 36.91771226376295 0 0 0 28.91320753842592 2.37980330735445 1.076978139579296 0.1563713401556015 0.3082402050495148 0 0.2012856900691986 5.517930060625076 0 0 189.3570516034961 32.74652648717165 84.94424230605364 9.873758710920811 1.987084940075874 0.2201616764068604 1.15705731511116 0 0.2969876527786255 4.242960944771767 0 2.925786547362804 0.5111144036054611 0.7634459212422371 0 0.3977494388818741 0 0 0 0 0 0 4.662764146924019 2.276052355766296 0 0 47.33615925908089 0 1.875712022185326 2.146533697843552 5.301520496606827 2.609508499503136 2.485584810376167 4.77001728117466 6.088303163647652 7.46562348306179 12.00594928860664 5.395848199725151 19.49029745161533 11.3288481682539 8.247787818312645 4.813396751880646 0 0 0 0 0 0 0 0 0 0 0 0 0 0 0 0 0 0 0 0 0.9051752388477325 0 0 0 2.391004219651222 0 2.703494802117348 1.269993141293526 0 0 0 0 0 0.5569953322410583 1.174334704875946 0 0 0 0 0 0 0 0 0 0.4276019930839539 0 0 0 0.1796874850988388 1.201731443405151 0 6.234250977635384 0.3060009777545929 0 0 0 0 0 0 0 0 4.805932864546776 0 0 0 0.4001422524452209 5.677169546484947 0.593661904335022 3.415805369615555 0.5070222020149231 0.8348906636238098 0.1754035353660583 0.3096930980682373 0 0 0 0 0 0 0 0 0 2.67690022289753 0.2797505557537079 1.124808490276337 128.5030569806695 1.10640387237072 194.8620020449162 41.35562451183796 111.7274084836245 6.692041501402855 0 15.90209795534611 20.67507538199425 0 0 0.9911344647407532 10.80356651544571 0 0 1.465010404586792 4.270864009857178 0 38.4486158490181 5.647228673100471
71.75281915068626 126.176668331027 14.53010845929384 613.9269869029522 13.82174388319254 4.818948298692703 105.1697882935405 0.5846311375498772 19.52980960905552 1438.257008992136 12.94008358567953 207.7124526798725 242.877062164247 51.40261436253786 0.5630801469087601 0.520136296749115 0.1426416337490082 0 0 0 0 0.4520308822393417 0 0 0 0 0 0 0 0 2.679218366742134 0.4426589906215668 17.24420215189457 0 0 0 26.3558464050293 1.505749776959419 1.412710040807724 0 0 0 0 0.3146929442882538 0 0 2.515971094369888 0 0 0 0.2448987364768982 6.535969629883766 0.3666431903839111 0.367781326174736 0 0.7789749354124069 113.0405771806836 14.98109166324139 1.315411627292633 1.819263882935047 0 14.36858141422272 0 0 0.2965690791606903 0 1.297394827008247 0.1188197284936905 0.3357848823070526 0 73.98359099030495 209.2083946615458 18.15336709469557 18.60293970257044 0.9705286175012589 2.037502497434616 0 0.09890172630548477 0 6.940510429441929 0.6242595911026001 3.98074546456337 0.2172196358442307 0.7718745693564415 0 3.477988451719284 0.2804151177406311 2.767101615667343 7.962409108877182 6.362794660031796 3.268608525395393 1.898636013269424 0 0.5152526199817657 1.139766529202461 368.7510645091534 93.14581386744976 13.89143845438957 8.255876556038857 244.459104090929 0.1166956052184105 3.609789445996284 5.514545381069183 6.450283750891685 4.029194191098213 1.583981513977051 12.19115544855595 4.543837323784828 10.05856017768383 13.42390552163124 7.331578120589256 11.25803564488888 7.428671151399612 3.826379835605621 0.6768830567598343 2.132188886404037 0 0 0 0 0 0 0 0 0 0 0 0.4107460975646973 0 0.6708673685789108 0 0.7261810302734375 0.1712001711130142 0.1916077136993408 0.3175988495349884 0.3967674970626831 0 0 0 0.461698517203331 0 1.15501730889082 1.356876641511917 0.9282048642635345 0 0 0 0 1.32469567656517 0.3850010633468628 0 1.367241948843002 0.2197162657976151 0 0 0 0.481340765953064 0 0 0 0 0 0.2727917805314064 0 0.4693479835987091 0.4232733547687531 1.50890426337719 0.146136075258255 0 0.1393519192934036 0 0 0 0 0 0 0.7672933042049408 3.264345943927765 0 0 0 1.114309787750244 0 0 0 0 0.1632192432880402 0 0 0.1111124828457832 0 0 0 0 0.1535113453865051 0.1414827704429626 0 4.136540427803993 0 1.296275153756142 32.69074011594057 0.8027990832924843 3.143430083990097 1.116457924246788 69.97365795075893 1.121661186218262 0.2018685191869736 0 14.9535121768713 0 0.3289770931005478 0.8095582723617554 23.24501913785934 0 0 2.164047583937645 0 0 40.36768831312656 6.863715007901192
822.3292920961976 4230.288478314877 52.24080811440945 674.0007281154394 1545.141870960593 105.1697882935405 802.4572345167398 4.609500512480736 1334.252820700407 2426.573371119797 120.8531371280551 80.46527688205242 4623.549561597407 2866.368428453803 8.739471256732941 1.793259531259537 0.1403084248304367 0.1131979376077652 0.239621713757515 0 0.1191204786300659 0 0.2372518628835678 0 0 0 0 0 0 0 183.0077872127295 11.78622398525476 2.685187309980392 0.0848129540681839 0 0.3130550682544708 1.831453032791615 0.1659781187772751 0 0 0.406502902507782 0.6706011295318604 0.2728543058037758 0.1186381503939629 0.09358012676239014 0 211.1077688634396 5.9225979372859 0 0 0.149849995970726 0 0 0 6.241996437311172 2.780780211091042 47.32934253662825 273.020397439599 11.10616777837276 89.65363826602697 0.2175288423895836 0.4756067991256714 0 39.05155744403601 5.783411271870136 1.758760116994381 0.4366304203867912 1.137187652289867 0.224163681268692 0.1546563357114792 6.105430483818054 1.447986751794815 0 546.6126805618405 72.01226159185171 163.9888867214322 10.55993237346411 2.761206984519958 0.6430970504879951 3.196045339107513 0 0 15.21770319342613 0 7.073764435946941 1.319786682724953 1.623025052249432 0 0 0 0.1296053677797318 0 0.6411392092704773 0.518195629119873 0.1818264871835709 21.56336349993944 0.8258059322834015 0 0 138.9964170902967 1.391531571745872 16.00706186890602 15.87373327463865 21.46550892293453 7.124837189912796 10.68821271508932 45.06087355315685 8.872360184788704 35.87407253682613 54.35327696800232 15.13825635612011 53.05770044773817 32.95016798377037 17.75476095080376 9.440680094063282 0 0 0 0 0 0 0 0 0 0 0 0 0.7605851888656616 0 0 0 0 0 0 0.6932767182588577 0.9771384000778198 0 0.978982612490654 0.2177889794111252 5.561423435807228 0 7.77678070962429 0.6456112265586853 0.3721123784780502 0 0 0 0 1.245207369327545 0.3015751242637634 0 0.6896018609404564 0.4189543277025223 0 0 0 0 0 0 0.2591981291770935 0 2.893621012568474 2.438240006566048 0.8521760106086731 3.146376371383667 0.2692224681377411 10.75338210165501 0.6011794209480286 1.123727649450302 0.09304215013980865 0 0.0844108909368515 0 0 0 0 5.454477801918983 0 0 0 0 12.90047711133957 1.250230640172958 5.50268130004406 2.257684767246246 2.14819511026144 1.039370775222778 0.3038450926542282 0.4700581133365631 0 0 0 0 0 0.2279597222805023 0 0 10.45988672971725 1.666198313236237 3.165707290172577 316.294501170516 6.329031258821487 384.3296934589744 68.68208453804255 374.4537932500243 13.47257667034864 0.7153744995594025 24.94856932014227 57.53768001496792 0 3.881955064833164 2.121159180998802 48.32262958586216 2.961453855037689 0 6.371917486190796 1.323481500148773 0 139.8842045739293 21.2469485104084
79.14444547891617 865.1948806494474 2236.197458520532 1.256602741777897 9.193768322467804 0.5846311375498772 4.609500512480736 665.1966725811362 12.56042139977217 3.432701602578163 2515.396464139223 7.39212703704834 22.25718111544847 618.7814029604197 83.9248903170228 61.69535945355892 18.42772776633501 12.97135928273201 2.047863014042377 19.28044580668211 54.87866777181625 0.3535594046115875 1.901899389922619 0.4798756986856461 7.750229299068451 22.37514767795801 0.7510913014411926 7.015364468097687 0 0.1489089727401733 1599.351122289896 981.0707990154624 19.70803843438625 16.15227072685957 0.5402797386050224 7.139767520129681 16.18673373758793 5.318801090121269 0.5153143033385277 2.368071421980858 47.70428842306137 49.30515003204346 13.65687960386276 19.66591061651707 7.001951940357685 9.379861138761044 391.878934495151 4.544658191502094 3.701376006007195 25.83844272792339 30.68638163805008 6.477556325495243 0 2.922479704022408 4.710378021001816 2.114396929740906 36.19627959281206 444.9074520841241 5.389780096709728 58.93010052293539 84.08294881880283 117.7321434468031 5.516562759876251 285.2752786502242 4.056727841496468 40.58570320904255 36.82519881427288 60.46630159020424 89.18130005896091 119.1286145150661 12.52314974367619 14.46621894836426 1.017754375934601 454.3018894642591 201.796887807548 325.1905288398266 112.5039638802409 111.7562279775739 1210.458420291543 3463.725081518292 36.68195553869009 840.401484772563 8.950688302516937 0 15.73045645654202 20.14170500636101 50.3704107478261 0 3.441483877599239 0.7872430086135864 10.6792124286294 1.190630294382572 361.8409656733274 79.85092869400978 5.221226520836353 18.46773175895214 1.010547488927841 0 0.8275822401046753 34.48360335826874 0 1.004271894693375 1.009867578744888 2.43862409889698 2.883084386587143 0.562884509563446 0.6032320111989975 1.166112840175629 3.852639809250832 7.704907909035683 9.471134021878242 17.59296551346779 11.54986315965652 9.539258778095245 12.02457399666309 0.3845455944538116 1.078205645084381 0 0.3743675351142883 0 0 0 0.43779356777668 0 0 0.2698722332715988 0 0.3095981776714325 0 0 0.1783106476068497 0 1.023593932390213 0 0.5527615547180176 1.767311662435532 0 1.314689040184021 0 5.768412068486214 0 7.878708250820637 2.165380224585533 1.012099497020245 0 0.3176591098308563 0 2.036762058734894 2.089389234781265 1.379412822425365 0.2315782755613327 0 0.2843112945556641 0 0 0.3771830275654793 0.9289577975869179 0.9747771918773651 0 0 0 1.752481333911419 0 0 7.638981834053993 1.624310195446014 10.99500070512295 2.08424399793148 0 0.6073344424366951 0 0 0.7083573788404465 0.08501158654689789 0.9224560856819153 0.7816295474767685 6.529501691460609 0.8405601233243942 2.435476586222649 0.4976095631718636 3.970760427415371 15.21608556807041 1.700559705495834 11.94649469852448 0.8137329518795013 0.2847082614898682 0.7947230488061905 0.4069271683692932 0 0 0 0 0.1070772707462311 0 1.014784671366215 1.726621925830841 0.2792636752128601 1.02655228972435 3.282829746603966 4.399445749819279 428.4585507437587 18.44505089521408 538.8261760994792 221.7947666496038 87.31350803375244 16.22038299590349 0.2727392241358757 65.48684959113598 21.15979047864676 1.573256433010101 1.187545366585255 0.9351379871368408 6.918306112289429 1.381904751062393 0 3.995432540774345 17.88016643375158 0.4904939234256744 33.70220546424389 7.197948485612869
113.309862524271 1877.901706829667 319.4155671447515 32.93118344247341 2717.093642547727 19.52980960905552 1334.252820700407 12.56042139977217 2082.485383100808 992.8062844872475 851.920758202672 136.8832770138979 1460.885747626424 2428.6694028005 13.19198863208294 4.654604189097881 0.5990818589925766 0.1397420018911362 0.1680074334144592 0 0.3467798233032227 0 0 0.3793464004993439 0 0 0.2506710290908813 0 0 0 73.97908410429955 14.17476312071085 12.0904334411025 0.1780712008476257 0 0 13.1595179438591 0 0 0 0.1376857757568359 0 0 0.2653804421424866 0 0.1454430967569351 156.5585758835077 2.006167769432068 0 0.09913070499897003 0 0.1218225434422493 0 0 2.815666303038597 1.423334732651711 6.079543963074684 68.17737690359354 2.963120952248573 29.87600865215063 0 4.52931797504425 0 30.34648576378822 1.420603558421135 0.9821532964706421 0.1460107266902924 0.3662398532032967 0.5414568483829498 0.8644562512636185 14.38651905953884 1.782014489173889 0.1246075183153152 126.7699827179313 38.49116557091475 100.4686748683453 20.16186854243279 4.91124652326107 0.779036670923233 3.329103410243988 0.3337049931287766 2.774138085544109 4.767808973789215 0 1.800320573151112 0.9018102809786797 0.1259423047304153 0 0.5270821750164032 0 0.137526348233223 0 1.935884870588779 0.6445847228169441 0 33.19959102571011 4.469725906848907 0 0.5336183905601501 20.89151842147112 0.9074210524559021 7.655643597245216 9.71505992859602 12.78346171975136 11.94918233156204 11.16538097709417 16.98438555002213 15.02699585258961 31.61471645534039 48.21866190433502 28.15461230278015 67.73577161133289 60.21263282746077 36.13294664770365 17.22180087864399 1.672531589865685 0 0 3.098984599113464 0 0 0 0 0 0 0 0 0.2267373204231262 0 0 0 0 0 0.1785746067762375 3.461315631866455 1.11464025080204 0 1.908300638198853 0 6.924761101603508 0.4139993041753769 12.0517001748085 2.738088771700859 0.1568460464477539 0 0 0 0 2.7026127576828 0 0 0.3108641803264618 0.2309215813875198 0 0 0 0 0 0 0 0 0.9282509684562683 0.7441328763961792 1.627204373478889 4.573070287704468 3.497067332267761 23.98714928328991 1.757422342896461 0.132093608379364 0 0 0 0 0 0 0 15.86457200348377 0 0 0 0 30.43878124654293 2.00613471865654 12.41174384951591 0 1.236867815256119 2.093870148062706 0.7069025039672852 1.042933270335197 0 0 0.1088229119777679 0 0 0 0 0 12.08066207170486 4.274659469723701 5.544484153389931 256.9520786255598 7.432481557130814 248.0614337474108 78.70293834060431 102.9104094207287 6.812286272644997 1.283168882131577 22.39595845341682 57.17262396216393 0 5.755304016172886 1.717649564146996 45.64808978140354 1.490351915359497 0 6.611765950918198 5.500511527061462 0 121.2885208651423 23.34509098529816
1083.248785704374 919.9450768753886 30.90974076837301 3417.606468997896 890.6786850914359 1438.257008992136 2426.573371119797 3.432701602578163 992.8062844872475 4178.90705357492 55.09447827935219 1768.96903154254 10224.89587082714 936.6160862445831 12.926967009902 3.692115917801857 0.92962995916605 0 0 0.1839704662561417 0 0 0 0 0 0.2821183502674103 0.2302579879760742 0 0.4472013413906097 0 73.19993939250708 5.414407454431057 41.00847181677818 0.1409012377262115 0.100715771317482 0 46.38511219620705 1.090762674808502 1.917160905897617 3.491765737533569 0.2244971096515656 0.1532829403877258 0 0.2448954731225967 0.1113078519701958 0.2538413256406784 196.5728466287255 2.594005696475506 0.3920499235391617 0 0.166894406080246 0.2620110809803009 0.128688633441925 0 4.682125195860863 1.196138955652714 99.08739648759365 189.4536070004106 8.742090865969658 66.93169723451138 0.2761528789997101 5.413442879915237 0 16.23299050331116 1.707825236022472 3.553110480308533 0.720396488904953 0.7195744663476944 0.1046298667788506 0 63.73493761569262 8.934297263622284 0 429.6484648063779 38.96930785477161 103.163016974926 7.683155000209808 2.945103943347931 0.09570669382810593 7.932855226099491 0 1.680785343050957 9.196941517293453 0 6.649128325283527 1.736554101109505 1.824566803872585 0 0 0 0 0 1.265357650816441 0 0.136292964220047 249.9928449243307 15.26111395657063 0 0.1090410277247429 992.0465983375907 9.808115802705288 69.10531140863895 75.16230399161577 115.0515728741884 72.50157250463963 61.40825638920069 186.4369389489293 108.1434485912323 217.2922744378448 263.7405915558338 127.0893655866385 398.7841849327087 267.3407168388367 169.5410205349326 71.44643053412437 5.57463051378727 1.728395938873291 0 2.010346636176109 0 0 0 0 0 0 0.3378357291221619 0 0.3381457030773163 0.2325395792722702 0.2201396822929382 0.6534942984580994 2.658365607261658 0.377451628446579 0 6.398932263255119 11.74531165510416 0 5.74753350019455 0 25.1056751832366 0.3917606174945831 33.98021695762873 9.518586181104183 2.42992015182972 0 0 0 0 7.3419069647789 6.544794052839279 0 1.518972799181938 2.475879289209843 0 0 0 3.720561444759369 0.1493355184793472 0 0.2697107121348381 0 1.945608839392662 4.310749873518944 6.172627024352551 18.51468148827553 13.11444437503815 70.04997576028109 1.751125916838646 0 0 0 0.09906961023807526 0 0.4966351091861725 0 0.1557091921567917 42.09109584242105 0.7278555035591125 0 0 0 100.8190001547337 9.039752140641212 46.37296308577061 3.620575994253159 1.943228602409363 1.575554691255093 3.40602932870388 0.6231297254562378 0 0 0 0 0 0 0.1626353710889816 0 62.79749340564013 11.30156865715981 11.09002339839935 998.8292259797454 5.453522212803364 353.7914055660367 106.9092898368835 1505.77584900707 17.97324615716934 3.984332747757435 58.68194367736578 422.1518496274948 0 15.22397781908512 7.952476099133492 411.6877869516611 2.253095299005508 0 12.91960608959198 3.509024918079376 0 1140.039558656514 114.567085057497
384.2720841094851 2044.580159120262 2115.975199297071 16.32009469717741 278.6155115365982 12.94008358567953 120.8531371280551 2515.396464139223 851.920758202672 55.09447827935219 2123.381760679185 34.01374332606792 635.0741496011615 3071.304572373629 63.35564088076353 48.22596557438374 12.82597982138395 3.72117718309164 0.5119061022996902 2.816081345081329 7.436657577753067 2.845908969640732 0 0.6531505063176155 8.796149775385857 8.007402881979942 0.8994380682706833 3.565951123833656 0 0 498.2081466168165 96.36790236830711 381.2375099360943 1.584390267729759 0.3401831090450287 2.649639248847961 173.449853643775 16.77817186713219 12.7731229737401 3.992562711238861 18.32721099257469 36.40436569601297 4.496864914894104 12.00520534068346 0.8863109797239304 1.858065843582153 211.4027668684721 0.8868037238717079 0.3927621394395828 2.808220364153385 4.927227281033993 15.71756908297539 2.325907349586487 6.648528262972832 3.661842674016953 0.9101632684469223 31.95370280742645 225.3049492761493 4.464673787355423 32.74074929952621 0.9467375352978706 52.13800755143166 0.2776845321059227 69.53301703184843 2.24432210624218 3.889935560524464 4.356865219771862 4.854617387056351 5.741110548377037 15.86233414709568 63.21286629885435 7.375411696732044 0.5575515627861023 245.7768406644464 73.3132836446166 178.1618836820126 48.58557064831257 47.51440533995628 39.49367566406727 862.2683910727501 1.717725537717342 122.9991558119655 5.752295635640621 0 3.523782074451447 2.545893885195255 3.241148471832275 0.1180569231510162 1.124040484428406 0.2104179263114929 3.73672591894865 4.21534338593483 54.82442217320204 28.69648347049952 5.03696146607399 24.43959145247936 14.68239158391953 0.7808448076248169 6.139706566929817 91.06296434998512 0 0.4378304928541183 1.590279594063759 0.9265943020582199 1.245307564735413 1.858823835849762 0.6368619203567505 2.931131824851036 6.949750125408173 8.364705875515938 5.081959277391434 10.4757229462266 10.42514985799789 8.552101798355579 5.062845915555954 1.069525420665741 1.802287586033344 0 0.6882586628198624 0 0.2279485762119293 0.2233815789222717 0.3644533753395081 0 0 1.589400053024292 0 0.4924741089344025 0 0 0.7216279208660126 0.1667727082967758 0.6191080957651138 0.7974125742912292 1.12370765209198 0 0 2.160906910896301 0 3.731206484138966 0.7237074375152588 7.097229145467281 2.173530459403992 0.2578138560056686 0.9637669920921326 0.8091831505298615 0.1419196873903275 0.2832029163837433 1.183731019496918 1.467844769358635 0.1619709432125092 0 0.1106099784374237 0 0.09704975783824921 0.4133878797292709 1.343062713742256 1.678417637944221 0 0 0 0.5264627188444138 0.5358285382390022 0 2.997370734810829 4.236270442605019 11.08391323685646 0.9912237823009491 0 0.2516715526580811 0 0 0.1648166477680206 0.1305770128965378 0 1.056940719485283 5.789749093353748 0.9363787323236465 0.8515585660934448 0.297466367483139 0.3817308619618416 13.06720147281885 0.4718687385320663 7.971339479088783 0.4877972453832626 0.5924290716648102 0.2794287502765656 0.1275072246789932 0 0 0 0 0 0 0 1.137773483991623 0.5922304093837738 1.579941116273403 2.101621493697166 3.728667467832565 233.410562299192 10.8526853248477 292.4053144976497 127.9170094132423 88.71956633776426 3.523201271891594 0.1870974004268646 32.85789278149605 13.15105015039444 0.4009387046098709 2.154202863574028 2.062594905495644 9.422634616494179 0.5775179266929626 0 4.874301508069038 14.25662153959274 0 29.54851781576872 4.91768641769886
13.44835864007473 75.96012875437737 3.882394134998322 42.0446924418211 88.96018868684769 207.7124526798725 80.46527688205242 7.39212703704834 136.8832770138979 1768.96903154254 34.01374332606792 31.09122666716576 1313.78678265214 182.1100818440318 18.74795822054148 18.73327129334211 6.099200494587421 0.9949543327093124 0 0.9318194687366486 1.559305518865585 17.1992596834898 0 0 2.895673677325249 1.051411032676697 0.1750694662332535 1.443573400378227 1.297237738966942 0 2.895827874541283 8.621308237314224 18.19379486143589 0.5143148899078369 0 0.173011302947998 88.83319583535194 17.80250206589699 17.49924407154322 8.798044942319393 4.300224803388119 13.83829128742218 2.638527974486351 3.317167691886425 0.1046453788876534 0.9180184155702591 36.64781961590052 0.6319502294063568 0.3707357794046402 2.125168614089489 0.4079396948218346 28.95502163469791 15.78271554410458 11.88728386163712 0.2432259172201157 0.4411905854940414 7.552284367382526 3.352211594581604 0.3063070625066757 1.573631279170513 2.14741775393486 3.473923429846764 0.3933341503143311 3.151634976267815 0.4760347232222557 0.2453834488987923 0.09966850280761719 0.127194806933403 0.1596729159355164 1.366488516330719 234.0472434982657 55.77604795992374 3.973036758601665 13.57749482244253 6.438011452555656 28.26020441949368 9.339489668607712 12.53457897156477 0 16.24049349874258 2.096790745854378 2.329303547739983 0.5886376425623894 0.4089286476373672 0.1073504462838173 1.885267235338688 0.867041677236557 0.7587306573987007 1.82286362349987 1.856055177748203 3.226183846592903 11.92581574618816 3.194618858397007 7.99903504550457 8.673761978745461 1185.536770194769 506.5941563397646 10.10837958753109 61.15332781523466 42.21516146510839 5.806079834699631 7.794917032122612 21.16579679399729 16.35139174759388 17.43356363475323 20.42690896987915 27.02106499671936 29.20364336669445 60.53936085104942 59.63212472945452 57.71521052718163 155.9213387742639 127.012717962265 109.2277215197682 53.21743139624596 3.110855713486671 1.450813680887222 0.3136663436889648 1.546126767992973 0 0.1205421760678291 0 0 0.3841926008462906 0 0.217444434762001 0.1163177192211151 1.253901191055775 0.1515131294727325 0.5095545947551727 0.5465415790677071 1.302501872181892 2.165964856743813 0.2866660952568054 3.000291064381599 6.476736195385456 0 2.341528683900833 0 30.71388555318117 0.6698558628559113 35.91400199383497 5.590005293488503 3.237163431942463 0.4839120805263519 0.9786778092384338 0.1476640552282333 0.3571432381868362 5.357422195374966 4.473441585898399 0.4368320107460022 1.903213813900948 1.889293201267719 0 0 0.8914175182580948 3.360791809856892 1.632196083664894 0 0.3326157405972481 0 1.860766313970089 1.802406460046768 0.6332108750939369 11.57280358672142 5.583409875631332 56.07319881767035 2.125084012746811 0.4616576656699181 0.1619570404291153 0 0 0 0.2001325637102127 0.4134989008307457 0.1976765990257263 37.84660699218512 4.121186032891273 0 0 1.309676364064217 66.2391559034586 5.251881003379822 32.82524050027132 1.587735570967197 1.161698319017887 1.005095943808556 1.442242585122585 0.5344979912042618 0 0 0 0 0 0.1823014765977859 0.333438828587532 0.2557425200939178 32.39295092225075 16.71162733435631 10.96724620461464 145.8068567588925 6.779574446380138 75.33317346125841 48.63127233833075 184.3258879184723 3.507349893450737 0 22.60212975740433 69.20204064249992 0.6979621201753616 13.77273684740067 5.554233141243458 53.38909909129143 2.415209919214249 0 3.21660353243351 5.396437481045723 0 702.7560561448336 76.66309026628733
77.76140201091766 971.570585988462 46.2156694829464 317.6277373582125 331.7596956938505 242.877062164247 4623.549561597407 22.25718111544847 1460.885747626424 10224.89587082714 635.0741496011615 1313.78678265214 2896.965644709766 3907.938837707043 78.64364191889763 58.51089727133512 19.46105559170246 3.651558354496956 0 2.996359758079052 1.675041124224663 18.52837221324444 0.1361711621284485 0 9.668652586638927 4.460266284644604 1.153078220784664 8.800484001636505 1.318785563111305 0.705105371773243 36.30929839611053 12.57550575584173 317.4499277099967 1.353873938322067 2.173994481563568 1.199257597327232 299.1628909781575 44.49155075848103 55.08038274943829 19.74400153011084 13.96283236145973 43.28130175173283 2.909851655364037 13.33351308852434 1.866678044199944 3.390038877725601 215.374458193779 0.9261873066425323 1.652263417840004 3.816984362900257 1.779282070696354 46.36759977042675 18.17530807852745 27.68452240526676 1.216090254485607 1.044681690633297 14.29385162144899 56.83489771187305 1.658052161335945 25.49972859025002 2.145003847777843 16.45885533094406 0.9104067385196686 27.77832148969173 1.419671148061752 1.908600270748138 1.687444142997265 1.415487229824066 2.26267633587122 5.670928545296192 318.397824794054 56.45298255980015 7.035666957497597 131.4126462563872 36.48165212571621 148.8851462006569 42.52127849310637 48.02330344170332 0.858133964240551 201.9624453932047 3.69964674860239 8.194631211459637 2.769379682838917 0.787125863134861 0.9219561889767647 3.00208081305027 2.223668187856674 0.5456269681453705 2.08062257617712 1.722472377121449 7.442633762955666 20.15623401850462 11.44104473292828 17.0768977701664 13.42327781021595 1183.923470363021 215.355309098959 5.248856991529465 41.31629207730293 83.74295265227556 8.591651663184166 24.13930240273476 44.37290416657925 44.02586290985346 47.10540677607059 43.34922408312559 72.75553629547358 67.59182032197714 172.0075370073318 127.3433372452855 108.7019348219037 329.3645457923412 239.8422068208456 191.5640012025833 94.64606426656246 5.521140925586224 4.273347839713097 0.2548148036003113 3.931082151830196 0.8504204303026199 0.1280938386917114 0 0.7339775562286377 0 0 0.3931401968002319 0.2151431888341904 1.350945822894573 1.35506571829319 0.9110089689493179 1.641336664557457 1.748546421527863 4.086042150855064 0.1374960392713547 8.376750916242599 7.483404099941254 0.5100512355566025 6.323035582900047 0.5496956408023834 44.60318256169558 1.303996324539185 65.91720686852932 15.20714655518532 5.081841014325619 0.5305728316307068 2.121053218841553 0.1092651560902596 1.359092563390732 9.210403062403202 10.69335848093033 1.016356512904167 3.473476029932499 3.719085164368153 0.1017770320177078 0.1053564921021461 0.9481889009475708 5.666067861020565 2.79468984156847 0.1626133620738983 0.3221041187644005 0 3.654755279421806 2.516391888260841 2.254358470439911 26.62421476095915 13.11027136445045 98.45110440999269 7.606649436056614 0.185346782207489 0.1975750625133514 0 0 0.3151050060987473 0 0.3292453438043594 1.544030472636223 64.96458638459444 7.668922260403633 0.4883032143115997 1.128908559679985 3.612176656723022 123.9354603663087 10.07364143431187 64.03231189399958 3.80273262411356 4.825300298631191 2.938156247138977 2.586173690855503 2.165558844804764 0.3696929886937141 0 0 0.1315311789512634 0.1799267828464508 0 0.2328933775424957 1.25371327996254 74.46808979660273 30.6775140017271 23.02065766602755 500.5929894521832 14.20959870517254 352.5698637887836 201.2074159309268 368.4015581160784 8.895763531327248 1.342290863394737 79.50594239681959 149.4399606883526 2.113248512148857 18.75845543295145 11.23260296136141 133.805761270225 7.047498166561127 0 8.428553655743599 21.22296372801065 0 995.038453169167 132.8786164969206
