680.2884113788605 2169.062865629792 700.2525147795677 1202.469184696674 34.09839129447937 117.9325959831476 321.1563677415252 51.13141474872828 2.839571639895439 1077.046764478087 32.41186580061913 93.59931591153145 54.42355302721262 15.48355367779732 6.861447401344776 1.008793689310551 1.160073712468147 0.1061359941959381 0 0.3167991861701012 0 0.08776231855154037 0 0.09545297175645828 0.2152938842773438 0 0.07928098738193512 0 0 0 1220.054985925555 1.93456044793129 21.85622762143612 0 0.2406160831451416 0.455910712480545 4.019140534102917 0.5318640694022179 2.418976098299026 0.5054174661636353 0.2373318448662758 0.1648875772953033 0.3076101094484329 0.5096610262989998 0 0.2353467717766762 104.2231568098068 2.565188892185688 0.4679010659456253 0.495309442281723 0.3103550672531128 0.5324036628007889 0.0642264187335968 0.09621147811412811 5.35576655715704 7.779760099947453 152.6759383678436 780.3727209195495 16.27965100854635 45.8208272010088 0.1704228073358536 2.315986514091492 0 28.49848258495331 5.435443483293056 3.333769902586937 2.278651475906372 0.3413581624627113 0.2997834086418152 0.07755905389785767 24.91487345099449 4.914475053548813 0 235.377635858953 59.9804020896554 108.5372544527054 11.01327013969421 0.6422304436564445 1.484794139862061 10.41650646924973 0.3166975826025009 3.387941129505634 19.46717117726803 0 1.072549395263195 3.344530485570431 0.5515869110822678 0.1889644712209702 1.106144070625305 0 0.6275228932499886 0.2686410695314407 0.4619164541363716 0.4027247950434685 0.4354031309485435 73.89085122197866 31.01652122288942 1.444169268012047 1.422958828508854 1134.647305607796 0 0 5.61138429492712 10.80250659584999 0 4.713388532400131 8.526886984705925 9.528068199753761 18.43069878220558 8.110640019178391 2.056481719017029 6.871552802622318 3.71195875108242 1.951625615358353 3.765157267451286 0 0 0 0 0 0 0 0 0 0 0 0 0 0 0 0 0 0 0 0.1033192425966263 1.762827336788177 0 0 0 0 0 0 0.2078960686922073 0.1963307410478592 0 0 0 0 0 0 0 0 0.1717755943536758 0.1046798899769783 0 0.1187438443303108 0 0 0.2048125490546227 0 0.6244304031133652 0 0.1031905934214592 0 0.09756984561681747 0 0.6553798317909241 0 0.08777299523353577 0.07900162041187286 0.1892226040363312 0.07438475638628006 0 0 0.07669505476951599 0 0.1814375817775726 0.4375789761543274 0 0 0.1386730819940567 4.769662007689476 0 1.083685383200645 0 0 0 0 0 0 0.4848488047719002 0.2982354536652565 0 0 0.1892000809311867 0 0 1.986610382795334 0.1888581961393356 0.09735691547393799 63.52839454263449 11.31545766443014 216.3748869225383 40.63120370358229 722.7492418065667 12.69681200385094 5.266379959881306 1.870061077177525 0.4195267781615257 0 0.08670194447040558 0 10.30823367834091 0 0 0.07955444604158401 0.1631778180599213 0 283.2073763534427 25.88203530013561
2169.062865629792 1749.811091646552 1437.245292842388 1913.604440286756 1638.565467111766 100.2846301943064 1987.071112938225 240.1175209656358 1434.949741691351 2226.846800543368 856.9600993990898 510.250074185431 1058.088367305696 2262.161834649742 66.9631864503026 14.88549983501434 3.25262551009655 0.6957099363207817 0.2216470837593079 0.1314130201935768 0.07285157591104507 0.1196327805519104 0.2471365332603455 0.7803651541471481 0.1483694836497307 0.3280375972390175 0.5147934183478355 0.7098962888121605 0.49870665371418 0.5671620741486549 2404.324691593647 29.00394973903894 188.2176997214556 0.2627397552132607 0.2203040271997452 1.255058996379375 18.3001611083746 3.510873332619667 6.020611345767975 0.9073502495884895 0.6352721974253654 0.3723533973097801 1.355597302317619 1.133797012269497 0.2291624695062637 0.1573314443230629 303.2052534222603 4.479830883443356 1.374102912843227 0.286224439740181 0.3747251331806183 0.1782848611474037 0.2550501450896263 0.431992381811142 7.047465175390244 10.83400395512581 83.14592957496643 631.3794750273228 17.29689722508192 87.28038707375526 0.7310047149658203 5.69977979362011 0.07305432856082916 117.7458240911365 6.460677944123745 3.774639457464218 3.512567076832056 0.4401686415076256 1.181466825306416 0.5739194750785828 31.59752990305424 2.864047825336456 0 326.4036578722298 244.7858947962523 358.2338795289397 130.0952743291855 16.86352717876434 4.362340874969959 105.8681414797902 0.5564075112342834 12.65455553680658 18.44024705886841 0.09903469681739807 2.341936714947224 4.523173190653324 2.098799027502537 0.1279647946357727 0.9403943866491318 0 1.008007846772671 0.189226396381855 0.893550805747509 0.6627304404973984 0.813503198325634 24.96195748448372 5.964271411299706 0.6682710871100426 3.564094625413418 781.6295023038983 0.0981251448392868 2.404388979077339 7.600857384502888 9.655192658305168 3.736422061920166 9.011129572987556 7.24961244314909 17.01113793253899 30.73019107431173 15.78278906643391 11.31022545695305 9.749305889010429 14.72951512038708 2.850281439721584 11.97521509230137 0 0.117372490465641 0 0 0 0 0 0 0 0 0 0 0.3076154440641403 0 0 0 0.3796689882874489 0 0 1.988552540540695 12.50745959579945 0 0.6009438335895538 0 2.389386482536793 3.140585474669933 6.049449682235718 3.768337205052376 0.6545190811157227 0 0 0 0 0 0.07675720006227493 0 0 0.2281629219651222 0 0 0 0.9116767346858978 0.1501914113759995 0.08996117115020752 0.0865313932299614 0.2309694811701775 0.09299752116203308 0 1.175547786056995 0 0.8540421724319458 12.39448462426662 0.3095970302820206 0.2225396335124969 0.4295476749539375 0.167815774679184 0.2634724229574203 0.1768409982323647 0.6335043013095856 0.07125607132911682 0 5.093543447554111 0.09571599960327148 0 0 0.06732033938169479 9.995943702757359 0 8.640622697770596 0.2502553761005402 0.3814311027526855 0.6089348345994949 0 0 0.1748772114515305 0.5021546110510826 0.1837571114301682 0 0.3300194516777992 0 0.1080349534749985 0 14.44925095885992 2.374926328659058 4.954252265393734 431.8838090002537 24.48835872113705 524.2670816108584 101.3647932037711 451.7742201015353 41.65698184818029 8.245547965168953 18.55303769558668 7.514744311571121 0.2578758373856544 1.169436693191528 2.188172079622746 6.920895844697952 0.3747181594371796 0.174649566411972 0.1394355297088623 2.095484904944897 2.096742987632751 178.2745822966099 31.71520456671715
700.2525147795677 1437.245292842388 948.949303291738 90.60679969936609 541.7416133657098 10.7030880600214 99.74454697221518 2228.617195628583 260.9228634610772 74.39826170355082 2110.255533464253 35.06234294176102 109.8389237225056 982.7210187464952 29.08734758198261 19.40808154642582 2.32097727060318 1.169017888605595 0.2062584981322289 0.7865710407495499 0.9985592514276505 0.2224879339337349 3.389726221561432 3.288991510868073 12.56641452759504 3.574081987142563 8.306000478565693 2.074931155890226 2.553923882544041 7.441084384918213 3673.293945744634 272.6007839217782 412.4070458784699 0.1598937809467316 2.604750275611877 17.63192032277584 39.84881187230349 42.94975556433201 27.5590338036418 16.46792389452457 7.820877775549889 4.164610400795937 1.730683445930481 1.880336627364159 0.1908423528075218 0.4013796895742416 97.00003335624933 2.77842678129673 1.031562797725201 1.878784038126469 1.607443761080503 1.090878896415234 1.171648591756821 1.636287905275822 2.846120603382587 3.982098579406738 33.12246688455343 583.3859596177936 9.007235139608383 32.09509051591158 0.7009493708610535 41.14051810652018 0.6616371497511864 131.7255047783256 2.611882120370865 1.859413452446461 1.028993915766478 1.211263902485371 2.824540063738823 2.761660106480122 40.51863653957844 6.740762203931808 0 141.9990115240216 104.310994759202 150.6439707055688 70.24045020341873 36.75839591771364 127.4266636073589 883.4264454841614 0.6590046435594559 239.6087883189321 6.875233173370361 0.07223668694496155 1.176115557551384 2.070585574954748 1.48784489184618 0 0.6588068604469299 0.2550463676452637 1.116911552846432 0.1871368736028671 7.472848773002625 5.321816653013229 2.119024068117142 18.49228201061487 5.87395279109478 0.6429097801446915 6.267853431403637 277.2476285994053 0.07796342670917511 0.09903179109096527 2.027237370610237 0.8899428769946098 1.174926280975342 2.077324613928795 0.3248871192336082 8.124516427516937 2.016656592488289 1.409592278301716 1.464755721390247 3.025420650839806 2.42040391266346 0.4449046030640602 7.287186779081821 0.2116926237940788 0 0 0 0 0 0 0.381388895213604 0.2684254944324493 0 0.1980487257242203 0.1284516900777817 0.7729829847812653 0 0.105814203619957 0.3177550733089447 0.8550455868244171 0.563419908285141 0.1021264642477036 2.09309209138155 5.109835363924503 0 0 0.2637927532196045 2.992269590497017 4.82223105430603 9.10624498128891 4.78051769733429 1.789806462824345 0.8089044988155365 0 0 0 0.1941492408514023 0.2039935290813446 0 0 0 0 0 0 1.550645135343075 0.7915870472788811 0.09101597964763641 0.1549412161111832 0.1650578379631042 0.1117012724280357 0 0 0.5203392580151558 0.2259130403399467 9.780237324535847 0.4636199623346329 0.1073286011815071 0.07365255057811737 0.1015093624591827 0.09949500113725662 0 0.09237211942672729 0.1532932817935944 0 4.523218564689159 1.056051410734653 0.1682591736316681 0 0.1382627040147781 7.841854333877563 0.8446280658245087 6.870036870241165 0 0.4800603091716766 0.1236707046627998 0.3699530065059662 0 0 0.4673708230257034 0.07753174751996994 0 0.1803126111626625 0.08634001761674881 0 0 4.885759927332401 2.879984185099602 3.38034600764513 152.1529322862625 9.603414632380009 183.5779542475939 41.34853867441416 81.6147562712431 14.36137352138758 2.326619073748589 6.79411642998457 2.740168020129204 0.07984676957130432 1.050183214247227 0.07387480884790421 0.7182814478874207 0 0.08294413983821869 0.6197439804673195 0.3633050471544266 0.6536154448986053 42.87195925414562 4.617595858871937
1202.469184696674 1913.604440286756 90.60679969936609 429.9059569239616 55.49606994539499 206.9956026002765 579.1290336027741 5.064067728817463 2.784351728856564 1810.810596384108 7.934347435832024 453.5144106224179 422.1268131583929 18.60536502301693 3.81747155636549 0.4308717176318169 0.5794990286231041 0.09223346412181854 0 0 0 0 0 0 0 0 0 0.0917256623506546 0 0.1550983190536499 118.6726613566279 1.047385461628437 1.579714208841324 0 0 0.1471195220947266 1.056695081293583 0.08395343273878098 1.240579798817635 0.08813793957233429 0.07870423048734665 0.2096744477748871 0.1745443865656853 0 0 0.1208106055855751 43.21245398372412 0.5893208086490631 0.09506466239690781 0.256365105509758 0 0 0 0.118322916328907 0.8707121834158897 2.258956402540207 29.45628037303686 103.7532191798091 1.492205381393433 14.55956224352121 0.1718497648835182 0.2607064545154572 0 13.35109870880842 1.446320183575153 0.2055975496768951 0.8849786892533302 0.08662740141153336 0.07717058062553406 0 5.670273296535015 0.5664033740758896 0 57.49103832989931 34.82508530467749 46.2045581638813 10.11341091245413 0.2636445909738541 0 0.8510850891470909 0 0.3471620082855225 4.087801411747932 0 0 0.6437643319368362 0.09625305980443954 0.1467026174068451 0.1149067953228951 0.1109346523880959 0.4532783180475235 0.0813051164150238 0.08109667152166367 0.07820524275302887 0.07810793071985245 16.68682827055454 4.015842020511627 0 0.9222207218408585 315.2381140217185 0.1380784958600998 16.46628197282553 95.44803385436535 141.0686638951302 0.1990650594234467 99.99089086055756 104.5754839032888 28.15953285992146 95.65499657392502 42.38876341283321 4.469067752361298 59.63378217816353 126.9705085456371 10.68572849035263 4.85122162103653 0 0 0 0 0 0 0 0 0 0 0 0 0 0 0 0 0 0 0 0.1565480977296829 2.693071559071541 0 0 0 0.138579472899437 0 0 0 0 0 0 0 0 0 0 0 0.1663053035736084 0.1242595165967941 0 0 0 0 0 0.08269479125738144 0.0865391418337822 0.2689328044652939 0.6722601503133774 0.4968729242682457 0.7005719244480133 0 0 0.7755976468324661 0 0.0904998853802681 0 0 0 0.1048479154706001 0.07562780380249023 0 0 2.923124842345715 0 0.1283415704965591 0 0 1.307454064488411 0.1800101399421692 0.2713308930397034 0.7223227694630623 0.509966641664505 0.5747832879424095 0.2375093847513199 0.2775561586022377 0 0.0755578950047493 0 0 0.2416072189807892 0 0 0 6.20827779173851 0.1898256838321686 0.183146670460701 47.86595417559147 2.550882317125797 76.32347527891397 14.45472189038992 546.9947401657701 6.328615829348564 0.8268375247716904 3.098661482334137 0.3280590027570724 0 1.718393877148628 0.08883196860551834 13.17606093734503 0.1472313106060028 0.0864531621336937 0 0 0 193.6307248622179 41.07365009188652
34.09839129447937 1638.565467111766 541.7416133657098 55.49606994539499 927.9931211695075 1.757320076227188 667.6126855164766 162.5329778417945 1211.508718565106 285.7110441550612 1353.600028522313 17.53068531304598 82.82197115570307 1952.163872495294 25.98378662019968 10.08813410997391 1.429677791893482 0.09168794006109238 0.09670037031173706 0 0 0.1208419948816299 0.1122101843357086 0.2197969481348991 0.9083030745387077 0.5988967195153236 0.3045965582132339 0.06509394198656082 0.1325586885213852 0.3307917267084122 58.4718644246459 18.4431883841753 14.75656069070101 0 0.09309976547956467 1.103217996656895 7.768460065126419 2.372641563415527 3.350995145738125 1.092012897133827 0 0.3047934472560883 0.2432354763150215 0.07954017817974091 0.1597460210323334 0.1882735341787338 84.8842606768012 0.100712962448597 0.1363765299320221 0 0.07642363756895065 0 0.07219762355089188 0 0.4448122829198837 1.362544298171997 4.549317739903927 31.87085524946451 2.305283956229687 16.2724415063858 0.09022993594408035 3.321551986038685 0.200473889708519 17.92441703379154 0.2404834777116776 0.3296820595860481 0.4774808436632156 0.1883085295557976 0.3089343085885048 0 25.79107389599085 5.266594529151917 0 43.1451655253768 49.35105706006289 81.42534747719765 46.76284013688564 10.07837019115686 1.647036790847778 17.50222152471542 0.2335981875658035 5.66350544244051 1.541474744677544 0 0.4097941890358925 0.6397357955574989 0.3138261288404465 0.1498559564352036 0.2659187987446785 0 0.0929519459605217 0 0.1465476378798485 0.4775320217013359 0 27.86075474321842 5.369167014956474 0 1.753717489540577 5.114087961614132 1.071845129132271 0.8080702424049377 6.980618350207806 3.228876233100891 4.644289962947369 7.175556913018227 2.53317254781723 16.38173718005419 10.62282018363476 11.10807700455189 13.28853360563517 8.154879935085773 14.31060414016247 4.360450275242329 16.20258600264788 0.3479489907622337 0 0.09732118248939514 0 0 0 0 0 0 0 0 0 0 0 0 0.1006266921758652 0 0 0 4.426517866551876 13.28445606678724 0 0 0 3.289774708449841 2.386504471302032 11.30488809943199 3.62214258313179 0.4524800926446915 0 0.3616989850997925 0 0 0 0.2551853656768799 0 0.1032264679670334 0.2474795877933502 0 0 0 0.5063449591398239 0.1350715607404709 0 0 0 0.308035135269165 0.1875211447477341 0 0 0.513998806476593 13.09508293122053 0.9921963214874268 0.3586632609367371 0.07812481373548508 0.09361167997121811 0.08519262075424194 0 0 0 0 9.342106364667416 0.5692666321992874 0 0 0.09962203353643417 14.56487382203341 0 9.502078287303448 0.3770138844847679 0.3401935324072838 0.3296034410595894 0.1266962140798569 0 0 0 0 0 0.167288139462471 0 0 0 11.15862531960011 1.284869931638241 1.91807433962822 184.497879549861 6.782036818563938 139.27077177912 41.01928879320621 28.99436918646097 14.33011335134506 1.375318482518196 8.633613862097263 3.946093007922173 0 1.124623790383339 0.3451207652688026 0.8279915452003479 0 0 0.1342244297266006 0.9666572436690331 0.476603090763092 29.0497715100646 16.45188345015049
117.9325959831476 100.2846301943064 10.7030880600214 206.9956026002765 1.757320076227188 4.588200837373734 15.1625936254859 1.351430058479309 1.321854718029499 310.2830127775669 2.47461523860693 43.09411424398422 19.04748343676329 5.889516092836857 0.3298157751560211 0 0 0 0 0 0 4.474005803465843 0 0 0 0 0 0 0 0 26.92954893410206 0.4189166724681854 17.89277995377779 0 0 0 18.65981516242027 0 4.987393714487553 0 0 0 0 0 0 0 1.191402561962605 0.1002077385783195 0 0 0.1033231988549232 10.89023084193468 0.5083194077014923 0.2056538760662079 0.3372375518083572 0.1022917479276657 65.39436943084002 8.957419842481613 3.53783418238163 0.4733630269765854 0 2.485223323106766 0 0.6580464094877243 0.07934432476758957 0 0 0 0.160254031419754 0 134.2860011607409 81.73671545088291 3.406964704394341 3.332308880984783 1.682218044996262 1.680732883512974 0.2098582237958908 0 0 1.496051728725433 0 2.187777906656265 0.1377411335706711 0.5476767495274544 0.0999629944562912 0.3619669079780579 0.1901843100786209 0.6112576276063919 0.5130673125386238 5.127103008329868 0.3701364398002625 1.736640721559525 0 0.1205805689096451 0.4043942838907242 119.931670024991 168.9162591397762 11.59640523791313 23.63855476677418 90.40086408704519 0 0 0 0.9549594521522522 0 0.9346575736999512 0.920802891254425 0.1662595123052597 3.310389921069145 1.929456651210785 0 0 0.1761557310819626 0 0 0 0 0 0 0 0 0 0 0 0 0 0 0.1017915308475494 0 0 0 0 0 0 0 0 0 0 0 0 0 0 0 0.2079752907156944 0 0 0 0 0 0.1551937609910965 0 0 0 0 0 0 0 0 0 0 0 0.2227616459131241 0 0 0 0 0 0 0 0 0 0.1000422239303589 0 0 0 0 0 0.4699815213680267 0.1963944137096405 0 0 0.1416070908308029 0 0 0 0 0 0 0 0.1031073406338692 0.0995037779211998 0 0 0 0.107607938349247 0 0 0.4744434058666229 0 0 3.701891541481018 0.2363778352737427 1.858109049499035 0.3274349272251129 58.96112305670977 0.6851195991039276 0 0 0.1366262286901474 0 0 0 0 0 0 0 0 0 42.92145428061485 4.314075216650963
321.1563677415252 1987.071112938225 99.74454697221518 579.1290336027741 667.6126855164766 15.1625936254859 442.2619346827269 23.98599219322205 1037.225864604115 2624.291579455137 297.7521286457777 805.253007389605 2758.226232521236 3389.311925418675 33.70642105489969 12.84227302670479 1.256924040615559 0.1000989899039268 0.1890357062220573 0.364893727004528 0.09641595929861069 0.5193542465567589 0.2342846170067787 0.3866253420710564 0.2988917380571365 0.5040831714868546 0.7407728508114815 0.4276665970683098 0.6198774129152298 0.5083191394805908 106.1293893828988 8.069376647472382 45.27015768736601 0 0 0.331513874232769 39.01336272060871 2.466897211968899 6.604127362370491 2.115302234888077 0.3313728421926498 0.1557503566145897 0.1611127927899361 0.1702963262796402 0.1875321269035339 0.06772138923406601 111.042008087039 0.6690834164619446 0.2725265696644783 0.589656263589859 0.1610868871212006 0 0.4391991943120956 0 1.509978614747524 3.617118991911411 10.7250984236598 91.65985565632582 3.761289231479168 27.24128397554159 0.4224564805626869 5.775887660682201 0.1124810352921486 26.57457113265991 1.455836102366447 0.6751531660556793 0.2431613355875015 0.2171005867421627 0.523497398942709 0.3173953369259834 64.68351713567972 5.555729791522026 0 82.41451903432608 70.43978036940098 112.9089609906077 62.09681221097708 14.38730708509684 0.9065445885062218 15.24472945183516 0 6.452451594173908 3.916789643466473 0 0.4284472167491913 0.8994132801890373 0.1510537788271904 0 0.5379368141293526 0 0.379243366420269 0.07252345234155655 0.4204803742468357 0.940759614109993 0.0762842670083046 84.73792336136103 20.92951183021069 0 1.994137145578861 38.94651810079813 1.645502671599388 17.03598679602146 130.9920362904668 117.7302649468184 19.50930485129356 95.22403602302074 50.4202296808362 218.9347396716475 137.6282089948654 79.28195608407259 37.82187631726265 62.37468918412924 94.05212297290564 13.59743475168943 51.60324996709824 0.518381766974926 0.1071597561240196 0.4389763176441193 0 0 0 0 0 0 0 0.08995075523853302 0 1.38063221424818 0 0.5581009984016418 0 0 0.4235709458589554 0 12.5242026746273 34.99219722300768 0 0.9805636554956436 0 7.500761695206165 6.497997120022774 23.38244757056236 11.47361707687378 0.273829773068428 0 0 0.07630454748868942 0 0.1267407536506653 0.1169083416461945 0 0.9247754439711571 2.285450853407383 0.1205100566148758 0.1260607093572617 0 0.7212875038385391 0 0.3446546643972397 0.5246908441185951 0.1667689681053162 1.206187717616558 1.172001622617245 1.146242693066597 0.1155552491545677 2.172150939702988 34.16680310666561 2.35930298268795 0.5263404846191406 0.3392379283905029 0.3175425603985786 0.1523039266467094 0 0.09320657700300217 0.07151561230421066 0 19.90043437480927 1.000030972063541 0.2282804399728775 0 0 38.90219201147556 0.5647932887077332 25.62775854021311 3.860778898000717 1.575948037207127 1.382990062236786 0.6313748136162758 0.2165288254618645 0.2416879832744598 0.08839374780654907 0.1676569804549217 0 0.07440463453531265 0 0 0 46.9124019742012 2.98259936273098 6.211693786084652 256.0363553911448 9.164132490754128 206.2386039048433 50.10147427022457 95.9763925075531 19.59768208116293 1.463967584073544 13.80785511434078 5.055451825261116 0 8.587611027061939 0.5178474560379982 19.87748793512583 1.520053513348103 0.4837404415011406 1.427245676517487 1.948233909904957 0.5986747741699219 145.411418646574 96.81351220607758
51.13141474872828 240.1175209656358 2228.617195628583 5.064067728817463 162.5329778417945 1.351430058479309 23.98599219322205 503.4636502638459 84.84244411438704 14.09673733264208 1521.132173113525 24.88814708590508 63.8921614959836 714.2354588583112 41.67996287345886 39.9586370177567 4.557655520737171 0.4399799853563309 0 0.6346800774335861 0.6008203476667404 0.4648319631814957 1.202925272285938 3.133806169033051 10.5999855697155 2.600792750716209 5.195777967572212 1.428942106664181 4.538076415657997 4.031741440296173 1087.790611416101 760.0487480759621 395.3130692020059 0.07835131883621216 3.460859730839729 20.68713708221912 51.47370707243681 57.86531132459641 43.73214206844568 14.82469189167023 5.468287065625191 3.387327060103416 1.30976739525795 2.052395656704903 0 0.5139810293912888 89.78481109440327 0.8743432685732841 0.7306695133447647 0.7841666489839554 0.5307403206825256 0.6845552250742912 2.080308355391026 1.620141305029392 1.046829096972942 2.290426231920719 12.90221024304628 177.5555475577712 2.865900494158268 15.87928534299135 1.175823584198952 70.83354600518942 0.1534216850996017 138.8931389376521 0.8764470145106316 0.4263357445597649 0.6044525653123856 0.8436895087361336 3.103838816285133 1.630086876451969 29.97948378324509 4.068254567682743 0.1139468848705292 63.21658722311258 84.35204185545444 109.5075578838587 110.6956245154142 112.3848017975688 222.1062345728278 1449.671031042933 0.9968229830265045 479.2127520740032 2.369391649961472 0 0.6845898702740669 0.4567366093397141 0.6545804291963577 0.1875164210796356 0.09660682827234268 0.1999219208955765 0.09436348080635071 0 4.791295126080513 3.397953025996685 1.830616347491741 9.166172385215759 2.569940567016602 0 10.21724855154753 28.87539561092854 1.013006210327148 0 1.772655546665192 0 0.7097003310918808 1.198165781795979 0.3091977089643478 3.556736215949059 0.3201359361410141 0 1.874038100242615 0.4097856506705284 1.129853516817093 1.783824399113655 4.162235751748085 0.2028897851705551 0 0 0 0 0 0 0 0 0 0 0 0.7089742943644524 0 0 0.1566256433725357 0.2920328751206398 0 0.08379038423299789 2.037403717637062 2.940787211060524 0 0.2381612062454224 0 1.084043778479099 1.308032609522343 1.71140518039465 1.494469702243805 0.8479340523481369 0.3211266547441483 0.1267991065979004 0 0 0 0.1509250700473785 0 0 0.1218734756112099 0 0 0.09690714627504349 0.4306455478072166 0.09793636202812195 0.09881133586168289 0 0.07859133929014206 0.1037546470761299 0.1117266565561295 0 0.1314696818590164 0.3461172580718994 4.71546646207571 0.220150351524353 0.0675862580537796 0 0 0.1052410081028938 0 0 0.08024979382753372 0 1.029117971658707 0.9215831607580185 0.1727836430072784 0 0 3.059533789753914 0 3.505277827382088 0 0 0.1311031728982925 0 0.1024574488401413 0 0.1013348624110222 0 0 0 0.07022964954376221 0 0 2.804081961512566 0.4767770916223526 1.525271624326706 186.368396513164 5.456913769245148 150.0867383182049 43.1488528996706 25.19635362923145 11.2677081823349 0.7427637949585915 8.815705023705959 3.376994781196117 0 1.180353119969368 0 0.8749951124191284 0 0 0.2371396869421005 0.4730381965637207 1.126722663640976 18.18317504972219 1.752011492848396
2.839571639895439 1434.949741691351 260.9228634610772 2.784351728856564 1211.508718565106 1.321854718029499 1037.225864604115 84.84244411438704 151.4091010019183 69.0510091856122 507.8745697215199 24.97853472083807 156.1891234666109 699.0071611106396 12.63440202921629 9.030373938381672 0.8656729832291603 0.1078020855784416 0.08632189035415649 0.1973919495940208 0 0 0 0 0.2982280850410461 0.1000866070389748 0.7210246995091438 0.1945977732539177 0.1310461014509201 0.2114516794681549 5.758354261517525 1.49963666498661 16.00741550326347 0 0.2051390707492828 0.1064220890402794 6.864313013851643 0.6378251165151596 2.224349677562714 0.8607789501547813 0.09930089861154556 0.2220917046070099 0 0.1140497177839279 0 0 23.81041588634253 0.2442578375339508 0.2138160541653633 0 0 0 0 0 0.2073590233922005 0.3669921904802322 0.948509082198143 5.38384285569191 1.230702310800552 3.979331016540527 0 0.9094850569963455 0 3.271420814096928 0.1639495939016342 0 0.3214924484491348 0 0.07238487899303436 0.07590636610984802 19.87179918587208 1.778193160891533 0 9.578944474458694 11.94101893156767 24.64475186169147 18.81546141952276 10.48338981717825 1.828382633626461 24.07004245370626 0 4.875209160149097 0.5407948791980743 0 0.09563468396663666 0.1642051562666893 0.08716826885938644 0 0 0 0 0 0 0 0.09093945473432541 21.80361474305391 4.337469413876534 0 2.536744341254234 0.2850244045257568 0.08615791797637939 0 3.657344125211239 1.18018302321434 6.045386835932732 22.98320461809635 4.466943725943565 13.33865640312433 8.383041352033615 11.96915354579687 11.22109504789114 9.083702713251114 13.7872791364789 2.869250804185867 19.98042924702168 0.129580482840538 0.08807609975337982 0 0 0 0 0 0 0 0 0 0 0 0 0 0 0 0.131997674703598 0 3.061890207231045 7.496197655797005 0 0 0 3.917153552174568 3.563105747103691 8.559311248362064 3.120051458477974 0.4867246076464653 0 0 0 0 0 0 0 0 0 0 0 0 0.309789776802063 0 0 0 0 0 0.2714959010481834 0 0 1.085265159606934 10.53202833980322 0.7018343806266785 0 0 0 0 0 0 0 0 5.058554574847221 0.5337890908122063 0 0 0 10.29399131983519 0 7.639670103788376 0.2128615975379944 0.3282761797308922 0.4530598893761635 0 0 0 0 0 0 0 0 0 0.115446962416172 13.98208820819855 1.306400619447231 1.385932244360447 77.52529999613762 2.209702275693417 45.30428282916546 15.76707462966442 10.17712540179491 3.503760933876038 0.5677682310342789 4.744164124131203 0.9732268005609512 0 0.2545756995677948 0.1140437126159668 1.888001315295696 0 0 0.7213670313358307 0.6652711182832718 0.2284203469753265 27.26188916712999 23.11962463706732
1077.046764478087 2226.846800543368 74.39826170355082 1810.810596384108 285.7110441550612 310.2830127775669 2624.291579455137 14.09673733264208 69.0510091856122 910.6961707174778 26.89004573225975 680.4782230108976 1627.70796328783 213.8550274297595 13.78954886645079 6.755896478891373 2.456643745303154 0.09705296903848648 0 0 0.3918454349040985 0 0 0.318748764693737 1.03679895401001 0.3750407695770264 0.6759864464402199 0.6480800956487656 0.5960155203938484 0.6076213642954826 77.71309236437082 1.087423875927925 157.8690895214677 0 0.1561089903116226 0.6488067954778671 142.971656486392 4.286216512322426 10.10174179822206 2.238585151731968 0.3853649795055389 0.8502353429794312 0.1662740260362625 0.3203156068921089 0.1309776902198792 0.2965929284691811 55.3222605958581 0.4505022838711739 0.09144610911607742 0.2735679522156715 0.09367594122886658 1.66661362349987 0.4869153648614883 0.2435669526457787 1.700813084840775 1.76116219162941 55.8291797041893 53.87441863119602 4.733158245682716 14.50123833864927 0.1787861809134483 7.182993724942207 0 9.48200860619545 0.6700844019651413 0.438784696161747 0.7587115094065666 0.5043255910277367 0 0.06449977308511734 328.8921367824078 22.99978965520859 1.365612283349037 47.08032033592463 30.81032847613096 49.89027854800224 19.4919483140111 7.209668427705765 0.3980150073766708 18.1857937797904 0.4992838203907013 15.25538931041956 3.826035492122173 0.2867503762245178 0.1040472313761711 0.6718516200780869 0.5281570553779602 0.1097670719027519 0.4659617990255356 0.5297704115509987 0.1022720262408257 0.3700577318668365 0.2314502000808716 0.5951933264732361 0 273.9183314442635 93.58330170810223 0.5873999297618866 23.79292284697294 373.1382476389408 2.350909359753132 6.749757632613182 54.57875035703182 35.3435336202383 28.82156386971474 80.98708598315716 56.01945549249649 138.8778015300632 81.24647145718336 135.5197884589434 55.68237936496735 72.74062936753035 100.2439043596387 35.06389486789703 84.35179527103901 0.8119897991418839 0.7530290484428406 0 0 0 0 0 0.5687177777290344 0 0 0.640308678150177 0.1035284176468849 0.224513441324234 0.3254931569099426 0 0 0.4572080299258232 0.2881399095058441 0 18.08781719952822 47.55248083174229 0 0.4117795526981354 0 11.26030673086643 8.170569725334644 39.33514547348022 11.45886491984129 2.212982103228569 0 0 0 0 0 0 0 0.09893894195556641 0.2563548386096954 0 0 0.590630404651165 1.526367180049419 0 0.0746581181883812 0.3011041134595871 0.1817919462919235 0.2216030210256577 0.9515305981040001 0 0.2555473521351814 1.393234014511108 56.87311275303364 6.028365269303322 0.380247488617897 0.2625490427017212 0.1038714498281479 0 0 0 0 0 35.33237560838461 5.421494700014591 0 0 0 75.98147588968277 5.549766331911087 41.99388554692268 0.398946151137352 1.362962245941162 0.4515036270022392 0.6107475012540817 0.1076608300209045 0 0 0.08605662733316422 0 0 0.07080291211605072 0 0 92.6723094061017 8.661337085068226 8.156098939478397 303.869793407619 6.405918546020985 139.5155407041311 38.67727681994438 1048.029995165765 19.71552052348852 0.745654433965683 14.63685426861048 8.231858067214489 0.0729994922876358 3.134993150830269 0.425581730902195 36.60292454063892 0 0 0 1.423177406191826 0.4227332472801208 1147.45149872452 406.9896672293544
32.41186580061913 856.9600993990898 2110.255533464253 7.934347435832024 1353.600028522313 2.47461523860693 297.7521286457777 1521.132173113525 507.8745697215199 26.89004573225975 769.1332216560841 117.539724111557 696.5481392890215 1358.257034227252 58.45166708528996 58.17111890763044 4.978105746209621 0.8837175816297531 0.1171533763408661 0.6302682980895042 0.2453093901276588 0.7727314606308937 0.1884783655405045 0.4379008859395981 1.400206118822098 0.8909220770001411 0.4324346035718918 0.8465869724750519 1.488044835627079 1.014351539313793 480.0924478024244 55.69355275481939 393.7432602494955 0.1131813526153564 0.1853470280766487 4.358146019279957 135.3538516014814 20.34620615839958 32.53480081260204 4.350576244294643 0.639539048075676 0.450689435005188 0.3871194124221802 3.01834911853075 0 0.2789313048124313 91.36943067610264 0.6938038021326065 1.11881373077631 0.5229097381234169 0.1921903640031815 0.9012496545910835 0.9334470331668854 0.6075417995452881 0.2741415798664093 0.52288718521595 3.773713827133179 35.52064370363951 2.582697048783302 17.31574168801308 0 55.70419578254223 0.2333241999149323 16.34411883354187 0.8433497399091721 0.6503767371177673 0.2548840716481209 0.5240923017263412 0.3217412307858467 0.1248448193073273 73.60435134917498 2.643341839313507 0 41.88942827284336 44.50194568932056 106.4232659712434 79.95700768381357 69.16634457558393 47.23751787096262 1000.862069368362 0.506736621260643 272.9470476731658 1.634069591760635 0.1017889901995659 0.1969255730509758 0.5396550968289375 0.08539266139268875 0 0.152128167450428 0 0.3418990299105644 0.1245176717638969 0.2991926074028015 0.5605264157056808 0.095916748046875 49.03891587257385 7.131310433149338 0.2260417938232422 9.102728649973869 13.10028219223022 0.4889802932739258 0 4.525513291358948 0.884907141327858 7.131295263767242 5.394259430468082 2.319320201873779 19.80518560856581 5.410206489264965 5.108768753707409 9.429348103702068 5.956520795822144 12.01613986492157 1.291535176336765 13.34919466078281 0.1604974716901779 0 0 0 0 0 0 0 0 0 0 0 0.09074656665325165 0 0 0.1514745056629181 0.1005832180380821 0 0 3.064021572470665 7.575345993041992 0 0.3052202761173248 0 4.496627189218998 1.373003676533699 10.19081042706966 3.533310525119305 1.378873743116856 0 0 0 0 0 0.1354391872882843 0 0 0.1070782318711281 0.09369263797998428 0 0.2597539201378822 2.066551730036736 0 0 0 0 0 0.2282605171203613 0 0 0.4188313186168671 12.4721415117383 0.5983309298753738 0 0 0 0 0 0 0 0 5.574847385287285 0.7774086594581604 0 0 0 14.97668375074863 0 5.64015494287014 0.2579079866409302 0 0.6854600682854652 0 0.07454365491867065 0.09401808679103851 0.1061078086495399 0 0 0.1037426069378853 0 0 0 12.60434097796679 2.895176395773888 1.721635259687901 289.7392337322235 6.671030007302761 190.1636296585202 65.19145698845387 30.77181871980429 14.6695469468832 0.621051162481308 13.7090503051877 4.856816001236439 0.193602666258812 0.4992694556713104 0.9840795248746872 0.2555794715881348 0.3538662493228912 0 0.4188297986984253 3.352989599108696 1.620710119605064 27.89029297232628 11.73383863270283
93.59931591153145 510.250074185431 35.06234294176102 453.5144106224179 17.53068531304598 43.09411424398422 805.253007389605 24.88814708590508 24.97853472083807 680.4782230108976 117.539724111557 55.2058974802494 698.1644108295441 365.1191250160336 8.88742434233427 16.48507729917765 1.797463610768318 0.1799916326999664 0 0 0 0.6642681881785393 0 0.08076567947864532 0.173525795340538 0.4833421409130096 0.4232786372303963 0.08476565033197403 0.4779076799750328 0.1129031851887703 12.70678102970123 0.3453575149178505 206.4909288287163 0.09319121390581131 0 0.5692713037133217 196.1396832689643 7.18221890181303 34.5803869664669 3.029490083456039 0 0.1490838378667831 0.2381796538829803 0.9175350815057755 0 0.08492301404476166 15.57345978170633 0.07633861154317856 0 0.07006946206092834 0 0.4259141385555267 0.9237233549356461 0.3320943787693977 0.09300613403320312 0.07446770370006561 1.776119209825993 3.341052792966366 0.1095310002565384 1.352350831031799 0.783661961555481 5.593489147722721 0.2924678921699524 1.799873001873493 0.06951760500669479 0.2499815002083778 0.08543405681848526 0 0.06561587750911713 0 116.7688328996301 4.427254885435104 0.0954299196600914 4.639325104653835 4.670456700026989 10.74558456242085 14.14008551090956 17.83323282003403 0.7774376347661018 14.97410105168819 0.1100922152400017 2.610968448221684 0.3643930405378342 0.114712730050087 0 0.09103763103485107 0.1797894984483719 0.2359684705734253 0.1147564277052879 0 0 0 0.102137416601181 0.3608803302049637 0.4085095226764679 388.6971360966563 25.14597678929567 0.1335771828889847 21.67198430001736 14.99809852987528 1.528203822672367 3.095426253974438 29.93802437931299 17.14353384822607 15.64914394915104 59.21983015537262 33.6783901527524 104.2398623302579 47.39772836118937 83.01190038025379 36.86756026744843 44.25306140631437 69.85722910612822 13.92010961472988 65.15251044183969 0.2032698839902878 0.1097871959209442 0 0 0 0 0 0.14442078769207 0 0 0 0 0.2174682021141052 0 0.1994037106633186 0 0.08511023223400116 0 0 9.07211048156023 26.35981135815382 0 0.1130222082138062 0 8.555309318006039 2.024784706532955 14.33669248968363 4.062875136733055 0.4885793402791023 0 0 0 0 0 0.1998817324638367 0 0 0.3919060677289963 0 0 0.2773466408252716 1.305038742721081 0 0 0.08370447903871536 0 0.3826740458607674 0.5349636599421501 0 0.09996914863586426 0.1030055359005928 22.93689427524805 1.746185384690762 0 0 0 0 0.08868850767612457 0 0.1082754582166672 0 23.69204734265804 2.690253689885139 0.1210037618875504 0.1544549316167831 0 45.221271045506 0.7967388331890106 22.74558970332146 0.1702418997883797 0.72039745002985 0.2178061306476593 0 0 0 0 0 0 0 0 0.09632960706949234 0 84.23167161643505 3.58961409330368 4.104522347450256 77.17546358704567 1.569591410458088 36.75187871605158 14.82237601280212 73.63823694735765 1.283424653112888 4.875855952501297 2.223321869969368 3.255128264427185 0 1.765894003212452 0.1077976226806641 11.40609618276358 2.371297597885132 0 0 1.897303625941277 0.5190204977989197 539.0398705378175 233.9969804957509
54.42355302721262 1058.088367305696 109.8389237225056 422.1268131583929 82.82197115570307 19.04748343676329 2758.226232521236 63.8921614959836 156.1891234666109 1627.70796328783 696.5481392890215 698.1644108295441 2305.151774048805 2790.312406867743 22.66437278687954 28.59887681156397 2.38076189905405 0.1913688853383064 0.2338798940181732 0.08162963390350342 0 0.2954328954219818 0 0 0.6234769150614738 1.541400671005249 0.2840637862682343 0.1483550518751144 0.4238033518195152 0.8984834849834442 34.13745052367449 2.739560335874557 539.222661614418 0.1695586442947388 0 1.388007529079914 185.882661215961 11.19949772953987 27.79516161978245 3.676171541213989 0.5149984061717987 0.5611746832728386 0.1130055040121078 0.8126612901687622 0 0 30.80307066440582 0 0.2342587262392044 0.07637014240026474 0 0.2424057498574257 1.268343448638916 0.2315581738948822 0.1979420185089111 0.198045440018177 2.146890968084335 8.958995543420315 0.4956351444125175 3.210774779319763 0.2337802797555923 15.14960842579603 0.2119739502668381 3.111664704978466 0 0.2820749282836914 0 0 0 0.1300295293331146 202.9585348442197 4.280596718192101 0 8.793615184724331 8.327388510107994 28.13988003879786 24.47587902843952 32.95122230798006 2.892122946679592 56.2047882899642 0.4171873331069946 14.8002593293786 0.5041041597723961 0 0.1019137501716614 0.0932186022400856 0.08336392045021057 0 0.07631721347570419 0.09956392645835876 0 0 0 0.2209949716925621 0.11824681609869 402.6980944722891 17.05984690785408 0.0911957249045372 21.11602373421192 10.23256816715002 3.42676317691803 2.283901371061802 142.4436998814344 23.21947744488716 21.07288070768118 99.94524931907654 19.99667087942362 102.1167677342892 89.55064288526773 72.92112823575735 49.73572534322739 40.47976422309875 60.59493398666382 13.51627586781979 54.93010792136192 0.8862104639410973 0.4354732632637024 0 0 0 0 0 0.5262501835823059 0 0 0.3919581472873688 0 0 0 0 0 0.1890088021755219 0 0 10.9314082339406 32.42139065265656 0 0 0 10.81235615164042 4.493429481983185 22.57266916334629 9.052040122449398 0.5966112315654755 0 0 0 0 0 0 0 0.2526570111513138 0.5744743421673775 0 0.1286204755306244 0.1021694988012314 0.8018636256456375 0 0.09059082716703415 0.08179779350757599 0 0.0840756744146347 0.7389147952198982 0.940631091594696 0.2833699584007263 0.08005217462778091 31.71273185312748 2.094800591468811 0 0 0.08128336071968079 0 0 0 0 0 25.55352743715048 1.357922047376633 0 0 0.08273860067129135 40.04054346680641 0.5925319641828537 26.42207123339176 0.4601937010884285 0.6752141043543816 0.3502098172903061 0 0.09745378047227859 0 0 0.1763943433761597 0 0.07359464466571808 0 0 0 73.0382753610611 5.256731942296028 5.596604488790035 134.4061826914549 3.926020495593548 66.52963288128376 27.04104593396187 44.22563585639 3.767869368195534 0.4929895326495171 3.640105545520782 5.252667717635632 0.07739818841218948 0.8051240369677544 0.4361579939723015 13.3133243471384 0.4030226767063141 0 0.9173719733953476 1.283918708562851 0.4958188161253929 331.1683849915862 158.5660982877016
