1276.382230147719 6187.114322766662 1052.099935516715 2098.945761725307 491.5866928398609 488.4475743919611 420.1992050632834 32.76259200274944 11.18192766606808 1165.679373934865 165.2450347468257 23.42673441767693 52.94496747851372 244.9819784760475 2.886048123240471 2.996462367475033 0 0 0 0 0.3421163856983185 0.490167498588562 0 0 0.3542483299970627 0.1709571331739426 0 0.446007251739502 0.1254954487085342 0 655.0398293584585 1.269071131944656 23.09418101608753 0 0 0.2379156053066254 7.669293113052845 1.254835732281208 1.705109149217606 0.1806099712848663 0.2040082961320877 0.2696565985679626 0.3092463612556458 0.1351415365934372 0 0.1289753466844559 7.631223261356354 3.393057264387608 0 0 0.7857241779565811 1.218317791819572 0 0.1389198154211044 31.81467634439468 35.10022250562906 590.8036948665977 944.8024841845036 269.4668334499002 25.2360909357667 0 1.606859385967255 0 3.025625996291637 9.80653890222311 2.141524814069271 0.7786716148257256 0.1675876677036285 0.6330131888389587 0.2626657634973526 11.8114470243454 3.613969773054123 1.080098748207092 306.6227877438068 33.95858190953732 10.72855737060308 2.93865479528904 1.785329066216946 0.6298144087195396 30.53981359302998 0.2324966490268707 1.358130678534508 26.39072877168655 2.24360915273428 4.317945808172226 11.65868431329727 0.7798157930374146 0.2114818170666695 5.577752113342285 1.18116657435894 1.474174633622169 0.2486362904310226 0.535586878657341 0.4970225021243095 0.1327615827322006 66.15561628341675 2.984364524483681 0 1.537575148046017 2328.092897802591 0 0 0 0 2.039175033569336 0 0.2166457772254944 0.5018048882484436 2.024996489286423 0.2869662046432495 0 0 2.931794762611389 0.3473985195159912 1.143403053283691 0 0 0 0 0 0 0 0 0 0 0 0 0 0 0 0 0 0 0 0 0.6580132842063904 0 0 0 1.000256419181824 0 0 0.6978811025619507 2.405300617218018 0 0 0 0 0 0 0 0 0.2112005650997162 0 0 0 0 0 0.1540100127458572 0 0 0 0 0 0 0.3482376337051392 3.528978824615479 0 0 0 0 0 0 0 0 0 0.7948906421661377 0 0 0.240802675485611 0 0 0 0.8637126982212067 0 0 0 0 0 0 0.1167610883712769 0 0 0.1188918426632881 0.1265011131763458 0 0 1.973158985376358 0 0.1463712006807327 244.8604545146227 18.09444577246904 206.2551688402891 28.82906571030617 858.0673326104879 98.68876482546329 11.8170323446393 7.54878331720829 1.75944659113884 0.7725104838609695 1.22789067029953 0.3422063738107681 0.5965739786624908 0.1670937687158585 0 0 5.581036627292633 0.1337606906890869 315.575353525579 3.995026707649231
6187.114322766662 6778.709093473852 2494.441807188094 3524.532440274954 3289.081548959017 267.5673160552979 3847.301315009594 418.9000333845615 550.6438168138266 1787.072868973017 1501.354348793626 121.8994987010956 2244.743355572224 3589.232208013535 17.87314853072166 11.61614709347486 0.9291375130414963 0.5064787119626999 0 0 1.096132755279541 0 0.1333999186754227 0.3395905792713165 1.846119791269302 0 0.295871764421463 0.6894250884652138 0.134910985827446 0.2551295235753059 2651.3594115749 3.400563225150108 146.6924056559801 0 0.1347697526216507 2.282894715666771 60.91748961806297 7.763973563909531 7.878534369170666 1.965513691306114 1.457991659641266 0.562528982758522 0 2.329493887722492 0.1769366711378098 1.928912974894047 106.7487308010459 19.39244087040424 2.381170101463795 1.027942642569542 3.319167338311672 0 0.2106911092996597 0.4796233028173447 89.78971273452044 76.93710321933031 401.3759981319308 792.6737817302346 243.5884857624769 128.1280514672399 1.151182293891907 8.908898413181305 0 61.36779350787401 31.70204819738865 6.67782536894083 4.529508195817471 1.67774610966444 0.4106917306780815 0.6217266395688057 30.66529740393162 0.7719717472791672 0.7136725559830666 513.8343032598495 182.69840567559 118.6651264205575 52.14999081939459 9.417062506079674 3.271788224577904 139.5141941159964 2.133708029985428 4.435881547629833 81.24205016344786 1.857862196862698 19.97729159146547 33.25804284960032 1.043501161038876 0.6844360828399658 10.75189467519522 0.5700148865580559 7.287566848099232 0.6790864020586014 1.371002644300461 2.751507580280304 1.464548870921135 13.14374560117722 6.563836008310318 0 12.28818198293447 1543.682826675475 0 0.2851056456565857 0 2.296894013881683 0 0 3.071233168244362 0 16.09278753399849 0.2147065252065659 0 0.13133904337883 3.712706655263901 2.511352106928825 3.50268979370594 0 0 0 0 0 0 0 0 0 0.2256071269512177 0.1447078734636307 0 0 0 0 0 0 0 0 0.7743206024169922 0.2598763108253479 0 0 0 0.4070499688386917 2.28174901008606 0.3006380200386047 1.495628103613853 0.2965808212757111 0 0 0 0 0.3671784400939941 0 0 0 0 0 0 0.163613498210907 0.1209463849663734 0 0.2617200016975403 0 0.1527701914310455 0 0 0 0 0.173051580786705 1.451232433319092 0 0 0 0 0 0 0 0.1929624825716019 0 2.18446147441864 0 0 0 0.1104899719357491 0 0 0 0 0 0 0 0 0 0.7850134298205376 0.2268504500389099 0 0 0.4061728119850159 0.1532720476388931 0 1.934504851698875 3.463808000087738 4.269597679376602 692.0366085544229 41.86969455331564 943.0881309136748 124.0123894959688 507.4952077493072 175.2784321978688 13.6332970932126 43.98467493802309 0.8797238618135452 1.203687876462936 0.8236044645309448 0.2780071794986725 2.085095882415771 0 2.486997187137604 0 29.43102666735649 1.463678359985352 320.7442058324814 2.232268065214157
1052.099935516715 2494.441807188094 3206.452190801501 19.95015078783035 635.9656606167555 24.10622601211071 84.74819427728653 6039.123925574124 150.3158557340503 20.32210725545883 3964.356837272644 25.25206430256367 216.4243490993977 2735.24861484766 23.44116663187742 32.33840886503458 1.799067616462708 1.322557210922241 0 0 2.077060744166374 0.6133025884628296 0.2952558100223541 0 7.519887931644917 2.108048766851425 0.2629757523536682 2.470516830682755 0.3571841940283775 0.3875473886728287 5909.013883166015 616.1141744554043 258.3168331757188 0.08795095235109329 1.293932139873505 10.96964266896248 78.74136234819889 20.22430236637592 22.34183345735073 6.594462603330612 3.039517134428024 2.842773869633675 1.643327698111534 2.764145530760288 0.1835533380508423 1.830227054655552 50.2221809104085 6.59816712141037 2.394386425614357 4.706461310386658 3.143085196614265 0.1576053202152252 0.1317791491746902 2.81267674267292 25.05640842020512 24.32118126004934 268.5612952709198 1000.067642882466 116.8775043711066 28.44288721680641 3.229154624044895 28.37279698997736 1.051965981721878 155.272370710969 7.698646277189255 3.329597637057304 1.969526261091232 3.770389020442963 3.512226901948452 5.739209726452827 60.61824474483728 1.28084097802639 0 219.9090379104018 106.9712832793593 50.58242854475975 28.14030519127846 22.89803073555231 36.63691741973162 1299.713359326124 1.662290923297405 48.97479093819857 24.3484630510211 0.5219427645206451 4.091770365834236 10.5460812151432 0.7384752929210663 0 3.518121562898159 0.2403638660907745 2.817136757075787 0.3400208353996277 8.418455712497234 5.155268520116806 2.729681119322777 5.384103089570999 8.278122998774052 0 28.07822547852993 392.1417336761951 0 2.686008214950562 0 0 0 0 0 0.5459569692611694 0.1824512779712677 0 0 0 2.046137243509293 3.35306590795517 0.9127240777015686 0 0.5303483009338379 0 0 0 0 0 0 0 0.2205954194068909 0 0 0.1457560509443283 0 0 0 0 0 0 0 0 0 0.9748034179210663 0 0.2451646327972412 1.01678591966629 1.629643529653549 2.146198883652687 3.300647184252739 0 0 0 0 0.1804869174957275 0 0 0 0.2061015963554382 0 0 0.1421382129192352 0.2320841625332832 0.1465138047933578 0 0 0 0 0 0 0 5.303276896476746 0.9340185821056366 0 0 0 0 0 0 0 0.4181058406829834 0 7.29394693672657 0 0 0 0.1141745522618294 0.737141877412796 1.284658074378967 0 0 0 0 0 0 0 0.1188041716814041 0 0 0.1255985498428345 0.6490257307887077 0.3506537228822708 0 1.2258290797472 4.65707366168499 5.842755824327469 213.941040366888 13.37987658381462 282.2288665995002 35.39271314442158 81.80009315907955 55.68174797296524 4.400095589458942 12.12483674287796 4.162846207618713 0.4005685746669769 3.608482226729393 0.1717789471149445 0 0 0.1412837952375412 1.738372266292572 9.8433538377285 0 94.48940661549568 1.38111387193203
2098.945761725307 3524.532440274954 19.95015078783035 1279.911650210619 52.78650468587875 435.3481887876987 2064.154489398003 2.627102762460709 4.642244309186935 4517.765527039766 11.83874541521072 1181.255255684257 1230.302942574024 68.33341456949711 1.078191414475441 0.1870543956756592 0 0 0 0 0 0 0 0 0 0 0 0 0 0 34.53051177412271 0 0.8604278713464737 0 0 0 0.8597667664289474 0 0 0 0 0 0 0 0 0 8.757385045289993 1.929720252752304 0.249922975897789 0 0.2420713230967522 0.1558683067560196 0 0 14.79150361567736 19.13089729100466 108.9125771000981 132.5151490867138 87.0089964941144 27.56450479477644 0.1293048709630966 0 0 4.567648276686668 4.806649945676327 1.056359499692917 0.1737734526395798 0.1374832838773727 0 0 12.86892852187157 0.6874284595251083 0.8847751766443253 135.8288376107812 24.95369461923838 10.23063114285469 2.288824483752251 0.8283057361841202 0.3119515776634216 0.8104577958583832 0 0 14.15115806460381 0 3.179842919111252 8.714870758354664 0.160301998257637 0.1664100289344788 2.894897632300854 0.5749413818120956 1.219079047441483 0.2931283563375473 0 0 0.1332781463861465 42.41305656731129 0.1859253793954849 0 0 429.6882591247559 0 0.9416501522064209 0.1789527982473373 12.88505607843399 0 5.632608950138092 1.117970824241638 0.6647950410842896 52.24550563097 2.964676290750504 0.2250129729509354 0.9958883821964264 17.20629142224789 4.3546482026577 0 0 0 0 0 0 0 0 0 0 0 0 0 0 0 0 0 0 0.1210995987057686 0 0 0 0 0 0 0.1935120075941086 0 0.1515864878892899 0 0 0 0 0 0 0 0 0 0 0 0 0 0 0 0 0 0 0 0 0 0 0 0 0 0 0 0 0 0 0 0 0 0 1.414221718907356 0 0 0 0 0 0 0 0 0 0 0 0 0 0.1377539783716202 0 0 0 0 0 0 3.674079656600952 0 2.113091945648193 222.934468254447 8.640595100820065 166.2432291358709 30.8145445138216 538.7131865173578 47.03674523532391 2.709520488977432 7.069154843688011 1.104379743337631 0 0.3660443723201752 0 5.487061053514481 0 0 0 14.24860298633575 0 175.7038905248046 1.800293311476707
491.5866928398609 3289.081548959017 635.9656606167555 52.78650468587875 1893.856413766742 9.628566831350327 2423.53757892549 279.4219578504562 7143.058945119381 123.2790116071701 2007.565766111016 54.58253540098667 1648.33732521534 5243.714917190373 7.798919558525085 1.975276067852974 0.2488055750727654 0 0 0 0 0 0 0 0 0 0 0 0 0 126.5874170213938 4.343835860490799 10.14837893843651 0 0 0.4283660054206848 2.971998110413551 0.5465835928916931 1.082356005907059 0.3242965042591095 0.1453791260719299 0.1435357928276062 0.3236115574836731 0.7027151957154274 0.4845235347747803 0.7971306368708611 90.46804793179035 4.2812315300107 0.1465282440185547 0.1151849031448364 1.62648443877697 0 0.1407651156187057 0.1596957445144653 19.39179895818233 14.72979412972927 44.05631338059902 104.4670146405697 41.7241313830018 24.51413064450026 0.4328299313783646 0.6335083544254303 0.1106532588601112 33.03033719211817 7.19686184823513 1.52421846985817 0.8564299121499062 0.4665745422244072 0 0 5.828300088644028 0 0 83.91113810241222 53.97595153003931 56.97761975973845 29.62304049730301 1.832881718873978 0.1183671727776527 17.70757974684238 0.5796828716993332 0.8504339158535004 14.79820573329926 0 4.289297960698605 8.489011257886887 0.5646322965621948 0.4011462926864624 4.595042958855629 0.1427150368690491 1.195536494255066 0.2213648855686188 0 0.131157860159874 0.2456337958574295 7.581711918115616 1.454753935337067 0 1.734689220786095 33.86746565997601 0 0 0 0 0.2837338447570801 0 2.80364990234375 0 4.108912229537964 0 0 0 4.751736655831337 2.006694376468658 3.263233065605164 0 0 0 0 0 0 0 0 0 0 0 0 0 0 0 0 0 0 0 0 0 0 0 0 0.9630639851093292 0 0 0 0 0 0 0 0 0 0 0 0.6808650493621826 0.1471925675868988 0 0 0 0.1850826442241669 0 0.1348236352205276 0 0 0 0 0 0 0 0 0 0 0 0 0 0 0 0 0 3.655170381069183 0 0 0 0 0 0 0 0 0 0 0 0 0 0 0 0 0 0 0 0 0.7405587434768677 0 0.547239825129509 417.0002127289772 9.785820737481117 549.3312758505344 35.07137801498175 94.25368247181177 98.10925422608852 3.458156496286392 27.06151342391968 4.881510615348816 0.4623241126537323 0 0.1208473965525627 0 0 0 0 11.03907713294029 0 63.15864605456591 2.550759494304657
488.4475743919611 267.5673160552979 24.10622601211071 435.3481887876987 9.628566831350327 28.77754136919975 40.89556406438351 0 13.17928668856621 698.6513491123915 10.48065587878227 222.2344904989004 115.924301341176 18.3872916996479 0 0 0 0 0.1208463236689568 0 0 27.12638571113348 0 0 0.381825178861618 0 0 0.1815553903579712 0.9627033621072769 0 2.10992594063282 0 1.656644448637962 0 0 0 7.753067597746849 0.6404908895492554 1.44415520131588 0.2179797887802124 0 0 0.1467411816120148 0 0 0 1.692024692893028 0.7697617262601852 0.7390638962388039 0.3385182842612267 1.143496111035347 78.99475985020399 9.284423977136612 3.795029617846012 3.077773205935955 4.902938202023506 164.5374387577176 82.11720771342516 39.05314676463604 3.293828330934048 0 0.9903373122215271 0.172312006354332 0 1.602881491184235 0.3899273723363876 0 0.2720626294612885 0.1197187975049019 0 91.85332170128822 177.6740014031529 30.11499630659819 46.45771377533674 3.895837500691414 0.1720482110977173 0 0 0 0.4594363123178482 0 0 4.563779413700104 7.406415820121765 1.237816788256168 3.60611492395401 0.4409957379102707 17.04033199697733 11.29157516360283 27.65404841303825 4.653977006673813 17.86676269024611 1.034310542047024 1.491893321275711 11.34952454268932 325.9980751872063 43.6490885168314 28.02802391350269 7.972666181623936 707.3565620481968 0 0.1784544438123703 0 0 1.270500779151917 0 2.889229297637939 0 4.176094278693199 2.71023964881897 0 0 9.213341012597084 2.384972348809242 5.886680215597153 0.1334010809659958 0 0 0 0 0 0 0 0 0 0 0 0 0 0 0 0.2670491337776184 0.1549833565950394 0 0 0.1877250820398331 0 0 0 0 0 0.5681829005479813 0 0 0 0 0 0 0 0 0 0 0 0 0 0.164289727807045 0.1226194873452187 0.1244307681918144 0.3888746052980423 0 0 0 0 0 0 0 0 0 0 0.1246802359819412 0 0 0.1998497396707535 0 0.1260470300912857 0 2.064076960086823 0 0 0.2713713347911835 0.2481664940714836 0.3151710629463196 0 0 0 0 1.316661238670349 0 0 0 0.2739908844232559 0 0.1743841022253036 0.2293186336755753 0.21195088326931 0 0 5.283497050404549 0.1556935906410217 0.593377411365509 70.72919963300228 3.175493896007538 25.06717795878649 5.269446790218353 188.8798369914293 20.27381697297096 2.524384953081608 1.488148182630539 3.010662972927094 0 0.5939272716641426 0 8.601897209882736 0 0 0.1266789734363556 1.687311768531799 0 134.981806203723 2.961870834231377
420.1992050632834 3847.301315009594 84.74819427728653 2064.154489398003 2423.53757892549 40.89556406438351 2286.798831999302 4.283795714378357 2618.683599799871 2560.668927401304 102.5295124799013 556.2655529081821 8275.618195742369 5507.273980632424 12.15690895169973 6.857986956834793 1.162774294614792 0.2212968021631241 0 0.09580103307962418 0 0 0 0.1875342577695847 0.2346641421318054 0.9597618579864502 0 0 0.1762521713972092 0.1108070686459541 82.31301562488079 3.035631254315376 6.604760259389877 0.132044181227684 0 0.4765302538871765 11.40585714578629 0.4721850752830505 4.08004055917263 0 0 0.1310486197471619 0 1.368948817253113 0 0.2620219513773918 49.95381502062082 8.109394788742065 0 0.656374454498291 2.086376875638962 0 0.1470936387777328 0 21.57888147979975 23.47462592273951 64.85858903080225 129.3242862075567 55.82924985140562 37.69546457380056 0.2926355823874474 0.6252153962850571 0 26.16443775594234 5.781335756182671 1.785789974033833 0.9959516525268555 0.1466634124517441 0.265808641910553 0 63.42410404980183 0.8690778017044067 0 132.9586054831743 71.54112607985735 58.14130559563637 31.61395457386971 8.290258921682835 1.181901171803474 5.62589219212532 0.6880505159497261 1.555145956575871 20.44583938270807 0.2423931434750557 5.482071921229362 7.568648904561996 0.2463504746556282 1.10085204988718 3.412017956376076 0.3816063851118088 2.540167666971684 0.2607079744338989 1.016471698880196 1.350960522890091 0 76.89382642507553 27.05043208599091 0 17.05680611729622 55.39026979357004 0.5189901143312454 3.767460450530052 42.10108952224255 55.00870352983475 2.076653331518173 39.05494865775108 2.288897395133972 1.93282750248909 75.63622817397118 19.29842901229858 11.29196260869503 48.75289177894592 59.76443675905466 12.28893958032131 7.814924031496048 0.3152686655521393 0.5029609203338623 0 0 0 0 0 0 0 0 0 0 0 0.1773739010095596 0 0 0 0 0 1.644917905330658 1.372049003839493 0 0 0 8.800960958003998 0 5.662239387631416 2.295740127563477 0 0 0 0 0 0 0 0 0.3723961710929871 0.6965360939502716 0 0 0.2086000740528107 0.5108275413513184 0 0.4147333726286888 0.2180128842592239 0.1133483275771141 0.5128622353076935 0 0.1439795941114426 0 2.176784127950668 0.6982557028532028 0 0 0 0 0.2767795622348785 0 0 0 0 28.60780173540115 0.3902401030063629 0 0 0.1450807899236679 0.6377034187316895 0 4.402414172887802 0.862833134829998 0.4717725515365601 0 0.1336168199777603 0.9228356629610062 0 0 0 0 0.1669192910194397 0.3514604270458221 0 0 18.73989868164062 1.155376732349396 16.42677013576031 363.8557863608003 14.9703473970294 448.6385419368744 52.44742850214243 128.8365352898836 86.1876171156764 3.945086002349854 34.13419537246227 14.74914911389351 0 4.106911167502403 0.2714959383010864 11.06773340702057 1.280040487647057 0.7187473028898239 0 18.04038038849831 0 158.7645558044314 10.07298800349236
32.76259200274944 418.9000333845615 6039.123925574124 2.627102762460709 279.4219578504562 0 4.283795714378357 2195.266799390316 152.8291415944695 1.697324991226196 5010.360664352775 68.95665997266769 349.8832882866263 1695.925565652549 26.05118398368359 37.28870810568333 1.512970216572285 3.806127957999706 0.3095825016498566 0.1331104189157486 5.417823314666748 1.132784187793732 0.7061745524406433 0.3835664391517639 15.52673883736134 2.403709888458252 0.3441355526447296 1.483062729239464 0.1774685233831406 0.1661494970321655 1999.786121763289 1165.486011601985 309.860164038837 0.2953243553638458 4.851879611611366 28.02101079374552 119.4313785731792 32.7937837690115 35.38668570667505 8.634206928312778 10.79280391335487 8.398399151861668 7.583420448005199 8.791776739060879 0.4448799937963486 2.854633614420891 75.79637878388166 5.384526863694191 3.45021515339613 19.30584588646889 9.700027674436569 0.712787888944149 0.1506145298480988 9.135441206395626 16.63483536988497 18.01723918318748 129.7287353947759 552.8737022951245 55.38985099643469 30.85948911309242 25.76680541783571 92.12272533029318 1.789186641573906 254.127771705389 6.772483229637146 5.214931145310402 7.536224737763405 18.96039105951786 17.54037746787071 21.97446502000093 82.65818233788013 2.899951502680779 0 157.6730590313673 146.5458970665932 73.06617965549231 83.49857664108276 259.1000621393323 1090.323837295175 3364.834348209202 62.16721392422915 800.1364306733012 22.30019348114729 0.3620670214295387 5.159304052591324 13.08012977987528 7.392284549772739 0.4061249643564224 7.224742017686367 0.2723483517765999 5.418741911649704 0.4792610257863998 34.90152331441641 16.46807186305523 7.330074407160282 4.529969319701195 8.205304190516472 0 27.71966675668955 14.56243791431189 0 0 0 0 2.945641279220581 0 0 0 0 0 3.851117253303528 0 1.320653587579727 0.532359704375267 2.192780256271362 0.3942517563700676 0.1043694764375687 0 0 0 0 0 0 0 0 0.4558957070112228 0 0.4780835509300232 0 0 0 0 0 0 0 0.831225723028183 0 0 0 0.7383135408163071 1.159397557377815 4.11810626834631 4.180641628801823 1.748392499983311 0.4032835364341736 0.5489691644906998 0 0 0 0 0.7803507745265961 0 0.1666864603757858 0 0 0.9432701170444489 0.8442583456635475 2.042923778295517 0.113780602812767 0 0 0 0 0 0 1.554788209497929 3.505824387073517 0 0 0 0 0 0 0 0.8074860870838165 0.7741319537162781 8.466234713792801 1.091828480362892 0.171707421541214 0 0.9306758120656013 1.259027481079102 0.1455849409103394 2.641184836626053 0 0 0 0 0 0 0 0 0 0 0.251356914639473 0.8834485709667206 1.276355691254139 2.252247259020805 4.438086278736591 8.67561324685812 227.773881226778 12.63924802094698 340.8306923359632 31.68302623927593 30.7236959412694 47.85683056712151 4.286348946392536 18.55780349671841 7.573487415909767 0 0.9736314564943314 0.2731270045042038 0.5042349100112915 0 0.2459846660494804 0.8425898849964142 10.29329432547092 1.148299217224121 60.69366832077503 4.81999646127224
11.18192766606808 550.6438168138266 150.3158557340503 4.642244309186935 7143.058945119381 13.17928668856621 2618.683599799871 152.8291415944695 3630.439196124673 38.65762448310852 2302.743395805359 39.68784579634666 1298.597072951496 3929.522215336561 32.09082091599703 22.27026888728142 0.9827051311731339 0.1287145018577576 0 0.1160543784499168 0 0.1510840207338333 0.1424287706613541 0.2743391543626785 0.2924486100673676 0.2095268666744232 0 0 0.1465623676776886 0 53.79046296328306 18.68378980457783 5.845912575721741 0 0.7017110586166382 0.6421998888254166 8.888014607131481 1.257315754890442 2.537197709083557 0.3681039959192276 0.4571961909532547 0.7841501086950302 0 2.075730331242085 0.3952467516064644 0.7970781698822975 161.8804007321596 5.419951289892197 0 1.171844825148582 1.437280155718327 0 0.1199994310736656 0.4805105328559875 10.92415591329336 11.99522516876459 21.36333922296762 62.40595226734877 27.97776422649622 27.17893943190575 0.4158027470111847 3.448098719120026 0.1441099792718887 48.15719927102327 4.943177804350853 1.639026492834091 0.8933956995606422 0.1028311029076576 0.1631099134683609 0.1893767565488815 64.49453944712877 0.8008715510368347 0 62.89575691521168 48.12648193538189 124.4216353371739 76.55925019085407 16.21400307863951 2.713927373290062 16.89930032193661 1.308744095265865 1.904490932822227 18.41857278347015 0.1202467828989029 4.162337757647038 5.780529052019119 0.5025137513875961 0.8232130408287048 3.664225697517395 0.4767442271113396 3.438736498355865 0.1018842235207558 0.8718996122479439 0.6346615254878998 0.4282802790403366 52.95805680751801 20.7950791567564 0 27.83678790926933 2.786173038184643 0 0.1722179055213928 0.4008435159921646 3.001359462738037 1.595378577709198 0 0.6751375645399094 1.041903018951416 8.05070173740387 8.581919357180595 3.374054506421089 0 21.03697949647903 15.93577155470848 8.626788273453712 0 0.3599675893783569 0 0 0 0 0 0 0 0 0 0 0 1.168063044548035 0 0 0 0 0 0 1.645968228578568 0 0.2206502556800842 0 7.963628485798836 0.408044844865799 3.764222621917725 3.69263482093811 0 0 0 0 0 0 0 0 0 0 0 0 0 0.1431760787963867 0 0.2514058127999306 0 0 0 0 0 0 0 3.752533257007599 0 0 0 0 0.1307494640350342 0 0 0 0 21.80047014355659 0 0 0 0 3.696125030517578 0 0 0 0 0.9595098793506622 0 0 0 0 0 0 0.2864822596311569 0 0.1509308516979218 0 11.4082246273756 8.236330598592758 23.8071014881134 943.7019354104996 22.55565050244331 771.4436495676637 49.77328864485025 100.6613134294748 202.192571811378 3.371863901615143 81.45335962623358 11.13375504314899 0 0.1223821192979813 0.6651798784732819 14.46889078617096 0.5857150554656982 0 3.199002265930176 22.6972638964653 0.9829272031784058 82.18294401466846 8.208958819508553
1165.679373934865 1787.072868973017 20.32210725545883 4517.765527039766 123.2790116071701 698.6513491123915 2560.668927401304 1.697324991226196 38.65762448310852 5414.539150416851 8.75820592045784 6913.73775601387 11022.99843519926 180.5489671528339 1.576157093048096 3.929932601749897 0 0.3595884144306183 0 0 0 1.917323887348175 0 0 1.556204304099083 0.2039259374141693 0 0.4734218269586563 0.1957443356513977 0 15.43969176709652 0 25.72167797386646 0.5086031556129456 0 1.700847968459129 60.05462907254696 2.162006005644798 5.422005876898766 1.86032047867775 0 0.852141797542572 0 0.1285112649202347 0 0 8.44657925516367 2.908193662762642 0.1297121495008469 0.4080794900655746 0.5930909961462021 7.784567624330521 3.220245346426964 0.8818952590227127 7.49212958663702 10.33999971300364 66.72464115917683 56.2733104005456 41.99636350572109 9.631432689726353 0.1776973456144333 1.654596403241158 0.4092534482479095 2.306660443544388 1.808743059635162 0.7601922154426575 0.4268280416727066 0.234382152557373 0 0 444.4735592603683 18.03933444619179 3.930303014814854 64.16544514149427 8.845884121954441 6.100544974207878 2.218226879835129 0.5449547320604324 0 2.058248698711395 0 0.3992387652397156 6.443784564733505 1.142477072775364 1.667663842439651 3.673264011740685 0.1653784662485123 2.126868590712547 1.459006100893021 2.872792162001133 1.749461896717548 1.406066156923771 0.2576999962329865 0.5192259103059769 0.7318933308124542 745.2352330461144 77.76318527758121 5.00607718527317 29.75817930698395 454.360541716218 0.8461160659790039 12.10701049864292 34.61013016104698 33.80986455082893 12.0361036658287 53.72223737835884 36.95740294456482 8.973834291100502 162.082608088851 129.5099422410131 18.59574419260025 23.92748156189919 321.9034713283181 108.5406597405672 34.53374809026718 1.519780546426773 0.5409945398569107 0 0 0 0 0 0 0 0 0 0 0 0 0 0 0 0 0 1.013636827468872 13.22451561689377 0.4302955567836761 0 0 37.09847010672092 0.6008514165878296 9.984635025262833 7.164703346788883 1.647046014666557 0 0.3125614821910858 0 0 0 1.244958892464638 0 0 0.2411034405231476 0 0 0 0.183196023106575 0.1580775082111359 0.1401906907558441 0 0 0.2477008998394012 0 4.407857775688171 0 0 4.85274064540863 0.1804597675800323 0 0 0 0 0 0 0.1713132560253143 0 95.50675962865353 0.1357347667217255 0 0 0 11.70103454589844 0 4.684585750102997 0 0 0.202905461192131 0.705023467540741 0 0 0 0 0.1916484981775284 0 0.1298177391290665 0.3338212072849274 0.3270816653966904 79.92994986474514 13.58339536190033 25.3421186953783 1029.655772134662 4.662134550511837 84.75430075079203 19.95223760604858 1410.476805537939 33.79582671821117 3.333944454789162 5.842797666788101 61.06052438914776 0 3.785125643014908 2.941017910838127 143.607586696744 1.155381798744202 14.87758493423462 0.4997738599777222 5.364000409841537 1.054024577140808 1210.350844092667 119.800491809845
165.2450347468257 1501.354348793626 3964.356837272644 11.83874541521072 2007.565766111016 10.48065587878227 102.5295124799013 5010.360664352775 2302.743395805359 8.75820592045784 2995.094556182623 93.32553192228079 1287.745828106999 4688.221047155559 28.46478105336428 25.41801813989878 1.599055431783199 0.7574009969830513 0 0.1369229555130005 1.491974055767059 0.7975246459245682 0.2363743782043457 0 7.377486795186996 1.78289507329464 0.1576682776212692 1.159631550312042 0.8131877928972244 0 231.0915718376637 44.67095413058996 861.2307871207595 0.09018118679523468 1.336638018488884 8.281303927302361 287.169702142477 32.5471900254488 30.39732027798891 7.051406279206276 2.943081848323345 0.9386661797761917 0.4106956347823143 3.265868455171585 0.1349380314350128 1.355895474553108 89.24346337467432 1.969209156930447 0.9797722101211548 2.780441381037235 1.12153022736311 0.6500444114208221 0.8484449982643127 1.785145118832588 6.301448039710522 5.282496370375156 22.55282761901617 73.95139153301716 18.65416930615902 10.23198842257261 1.630469277501106 26.53095044195652 0.5854063481092453 38.32542746514082 2.409559547901154 1.263782814145088 1.478302322328091 1.84424102306366 0.2447014153003693 4.047592014074326 117.6360315307975 1.561708360910416 0 44.22055196017027 37.84926208853722 61.0165369361639 38.20651084184647 24.08344560861588 105.6140628755093 716.6617913097143 1.204934932291508 21.38234484940767 7.565087601542473 0.1191933676600456 1.657129138708115 4.215748026967049 0.1451513320207596 0.2752619087696075 3.131268739700317 0 1.466918751597404 0.3717683851718903 4.465330488979816 2.871401220560074 0.9935285598039627 11.09998899698257 7.488764077425003 0 21.33667283505201 27.91865739226341 0 0 0.8238306045532227 0 1.994964212179184 1.982970952987671 0 0 0.3135748207569122 6.473640441894531 0.4657191783189774 0 6.593290627002716 1.781141430139542 2.121128916740417 1.039809979498386 0 0 0 0 0 0 0 0 0 0.2964428961277008 0 0.1071570441126823 0 0 0 0 0 0 0 0 0 0.1251753866672516 0 0.7895212769508362 2.036350965499878 2.952448710799217 0.862854465842247 0.2145773246884346 0.318966805934906 0.2461365386843681 0 0 0.1293600797653198 0.2503655850887299 0 0 0.8867834806442261 0 0 0 0.2230611592531204 0.3292922079563141 0 0 0 0 0 0 0 2.4200149923563 1.152131736278534 0 0 0 0 0 0 0 0 0 3.58482226729393 0 0 0 0.6336285173892975 1.16123104095459 0 3.483925610780716 0 0 0 0 0 0 0 0 0 0.1234334111213684 0 0 0.1621244698762894 1.382001087069511 1.506404832005501 4.80473966896534 387.2255847156048 6.371657937765121 365.4945731684566 28.79441319406033 45.03973269462585 90.75187999010086 1.463126383721828 33.25029991567135 1.678594172000885 0 0.2384484857320786 0.1281710267066956 0.2304342091083527 0 0 0.7945650815963745 17.62331625819206 0.2799356281757355 26.76135069876909 0.900610588490963
23.42673441767693 121.8994987010956 25.25206430256367 1181.255255684257 54.58253540098667 222.2344904989004 556.2655529081821 68.95665997266769 39.68784579634666 6913.73775601387 93.32553192228079 626.75759100914 2907.554767183959 305.1338462233543 27.19402281194925 39.36216376721859 1.063507407903671 0.8240199983119965 0 0 0.5096664428710938 1.478436812758446 0 0 8.406968146562576 2.191808968782425 0 1.587900295853615 0.5836429595947266 0.2706800103187561 14.08357158303261 2.610194861888885 80.7839912250638 0.3825896382331848 0.4875471293926239 6.213796451687813 269.3553630188107 45.02059259265661 61.69933940470219 13.00840769708157 3.560242876410484 1.861947819590569 0 3.190971195697784 1.035653553903103 2.414810955524445 25.98685851693153 0.1164572387933731 0.4690044224262238 2.127533048391342 0.7797581925988197 1.930835969746113 2.151061862707138 1.502428099513054 1.614587858319283 0.6408356055617332 11.40809635072947 11.35021939128637 3.67733234167099 2.236451976001263 4.976185142993927 44.58564798533916 2.005802229046822 10.76582624018192 0.2259649857878685 0 0.1295633018016815 0.7567904964089394 0.4824280887842178 0.9207021594047546 681.4929813444614 4.563438892364502 1.36663156747818 9.344836637377739 9.867971211671829 26.59828517585993 13.69296623021364 26.88991375267506 0.9870042204856873 47.45844443142414 0.8773020058870316 6.883211389183998 1.728140473365784 0.1164278164505959 0.1098623499274254 0.7576078325510025 0.3691611513495445 0.3394835740327835 1.621943175792694 0.2001572549343109 0.8820372298359871 0.4123836979269981 2.62106816470623 1.024318851530552 1.30679540336132 1245.442725211382 94.79332365095615 1.0990279763937 112.9490597471595 45.88427984714508 0.8311574533581734 10.49739165604115 40.53190375864506 4.418946981430054 28.28858251869678 5.281201794743538 27.39176727831364 14.92144195735455 111.3972066938877 91.10224977135658 66.21905736625195 30.91143365204334 293.7832570746541 163.598010584712 80.77909271419048 11.36939337849617 5.521466314792633 0 0.4794518053531647 0 0.2486659437417984 0 0 0 0 0.2425539344549179 0 1.190317504107952 0 0.7499822229146957 0.2106425613164902 0.2472444251179695 0 0.4135011732578278 3.559815317392349 34.28150814771652 0 0.5265815854072571 0 74.44827061891556 2.099747285246849 29.55936454236507 26.59421823918819 5.271428689360619 0.3774151802062988 0.1343602240085602 0.1806849241256714 0 0 0 0 0.1275631040334702 2.525557070970535 0 0 0.7649985104799271 3.516848459839821 0.3292144387960434 0 0 0 0.5373638272285461 0 2.829496651887894 0 0 14.58896012604237 0.2072705626487732 0 0 0 0 0.4229126125574112 0 0 0 180.6723353937268 0.7575732916593552 0 0 1.280521512031555 33.18531702458858 0 6.727831952273846 0.3117410838603973 0.5391287505626678 1.772231906652451 0 2.122683197259903 0 0 0 0 0 0.1314540207386017 0 0.7503635138273239 98.41738560795784 27.66594704985619 114.5903461277485 346.5872692763805 5.574194274842739 120.9230600297451 20.32756854593754 115.5918124616146 32.8065799176693 0.3547734171152115 16.98840545117855 63.03812857717276 0.3267267346382141 12.77776482701302 3.896114572882652 93.45879216492176 4.462869822978973 1.134630441665649 5.897596880793571 10.28274512290955 0.4923627972602844 961.2548826187849 122.367303788662
52.94496747851372 2244.743355572224 216.4243490993977 1230.302942574024 1648.33732521534 115.924301341176 8275.618195742369 349.8832882866263 1298.597072951496 11022.99843519926 1287.745828106999 2907.554767183959 7995.476474680007 7237.448064096272 123.153786867857 145.3446240127087 3.813407696783543 2.650162257254124 0.3343156278133392 0.7838823795318604 2.951445445418358 1.000073775649071 0.2384746074676514 0.4542780220508575 25.51180030405521 6.821742735803127 2.484742790460587 5.820166856050491 4.310344502329826 0.6407419592142105 66.05679235607386 24.99640555679798 506.6542672738433 0.2902345359325409 0.8435857594013214 20.83964288234711 1894.658535026014 203.770371504128 284.1795254200697 58.41532219946384 6.586429551243782 4.198901057243347 1.389753937721252 12.82636582106352 1.963647551834583 5.815406545996666 125.4276095926762 3.749158307909966 1.540912792086601 4.616512306034565 2.435388259589672 2.519713275134563 4.009754687547684 8.28718189895153 7.823039375245571 6.163392744958401 23.63008563220501 62.44429665803909 16.17655524611473 19.49713757634163 10.46363557875156 89.50645552575588 5.752946220338345 61.88326870650053 3.469890713691711 1.803745828568935 1.666288442909718 3.448992237448692 3.33896616101265 7.425441548228264 1425.09751984477 4.772375531494617 0.1774705946445465 52.56273253262043 53.36196399480104 133.4989864006639 76.71589222550392 92.72834713757038 8.350682944059372 178.3482644408941 3.741874642670155 24.95555975288153 9.991856135427952 0 1.529780946671963 3.083523318171501 0.6709299087524414 0.2294004186987877 2.484677031636238 0.2141664177179337 1.070141077041626 0.3028087019920349 9.33036345988512 5.961259223520756 4.617878161370754 1286.147656321526 160.2506850808859 0.2302189320325851 238.2608138695359 51.91802795231342 2.384979553520679 4.661439225077629 48.60301256924868 8.982134342193604 23.59825402498245 19.34731525182724 31.01281460374594 7.061297819018364 294.1431014090776 96.18941788375378 92.37401833385229 64.1595996171236 416.7967669665813 219.3333771526814 105.7239799499512 8.948618449270725 5.958464577794075 0 0.1068229377269745 0 0 0 0.2801405489444733 0 0 0.5021103173494339 0.3673387765884399 3.035140752792358 0 1.177373096346855 0 0.1188357397913933 0.1649123132228851 0 7.852126106619835 51.33270189166069 0.2373569160699844 0.4911269545555115 0.7570591121912003 122.595040038228 7.416077345609665 61.87095360457897 35.89189290255308 9.918576397001743 2.446173131465912 1.153417721390724 0.2511735036969185 0.1803365647792816 0.6561727821826935 0.7170588076114655 0 0 2.512689962983131 0 0 0.8209682554006577 2.16166890412569 0.7370958253741264 0.1129189059138298 0 0 0.4263035133481026 0.1564089953899384 1.313077867031097 4.067102402448654 5.626001738011837 52.77991217374802 0 0.1296314150094986 0.2007979899644852 0 0 0.1847654432058334 0 0 0.7963500320911407 202.9653230011463 1.108788415789604 0 0 0.2652892097830772 68.20915235579014 0.3833126425743103 25.26803795993328 0.2140109241008759 0.8466787338256836 6.112228125333786 0.9030386060476303 2.2384222894907 0 0.1069904342293739 0 0 0 0 1.979366958141327 0.3877603858709335 123.7090147659183 59.97267144173384 181.0104473009706 959.4601155370474 24.74579603970051 555.4880673065782 80.65994426608086 133.5654003098607 138.0983736515045 4.374178119003773 89.96435928344727 90.86939159780741 0.1852290034294128 28.01694495975971 6.916067257523537 110.7669752836227 4.561352968215942 11.28866228461266 9.073715060949326 35.23638907074928 2.191310703754425 814.062512151897 139.3879609555006
244.9819784760475 3589.232208013535 2735.24861484766 68.33341456949711 5243.714917190373 18.3872916996479 5507.273980632424 1695.925565652549 3929.522215336561 180.5489671528339 4688.221047155559 305.1338462233543 7237.448064096272 6949.96803805232 74.19203803688288 74.1269199475646 2.170272350311279 1.815702654421329 0.3120248690247536 0 1.638022273778915 0.7936828434467316 0 0.283096581697464 23.4413964599371 6.351565852761269 1.584486767649651 9.087194338440895 2.818598702549934 0.4088480323553085 167.0643821656704 38.38537205010653 2946.815016947687 0.3336469382047653 1.830070540308952 25.61156497895718 3325.638833977282 237.4491917416453 151.7411488369107 59.61512663215399 6.502868205308914 3.777728393673897 1.088151708245277 6.138620764017105 0.1279575824737549 2.430560581386089 91.86597915738821 3.761863447725773 1.803625851869583 5.947063095867634 4.021165512502193 2.714347757399082 0.9248083382844925 6.835621505975723 7.742685720324516 6.405547469854355 24.52575199306011 76.45261883735657 18.156484156847 18.26555617153645 7.141806550323963 158.8657954335213 2.222269505262375 42.28132133930922 2.467170372605324 1.651416130363941 2.415913827717304 4.290264345705509 4.532765455543995 6.826063588261604 903.0266531705856 4.997305177152157 0.1266071200370789 48.15759363025427 42.9557246863842 108.5706580430269 51.23232623934746 56.20262387394905 39.03575591742992 2303.739590927958 3.027575768530369 92.093705072999 8.710968837141991 0 3.001679562032223 3.518197149038315 0.5196469351649284 0.1379379779100418 1.97596649825573 0 3.047787956893444 0.6636960208415985 7.78818117827177 7.677658967673779 3.908442236483097 149.7547201290727 44.67462408542633 0 98.29966270923615 40.68058532476425 3.605195254087448 0.5834690928459167 9.388974249362946 2.251379251480103 4.370925515890121 3.562979072332382 1.689249962568283 0.5940149426460266 21.72764699161053 18.48179356753826 26.86105215549469 5.299198269844055 51.86784848570824 30.50025077164173 20.95986491441727 4.402002908289433 2.493933230638504 0 2.053997576236725 0 0 0 0 0 0.2184943556785583 0.7962796539068222 0 0 0 0.0924563929438591 0 0.7203035354614258 0.1330439895391464 0.6512507796287537 4.26639524102211 13.76675799489021 0 0.4044253677129745 0 21.33080127835274 3.862866759300232 24.58431586623192 11.98316092044115 6.326768442988396 0.4524373412132263 0 0 0.3285163566470146 0 0 0 0.6850979328155518 1.193230241537094 0 0 0.2518733143806458 3.96281686425209 1.258509881794453 0.120879240334034 0 0 0 0 1.867672920227051 0 2.255440220236778 15.12108308076859 0 0 0 0 0 0 0 0 0 51.28178434073925 0.7348448485136032 0 0 0.1970314085483551 21.91809396445751 0 5.672128945589066 0.7956496998667717 0 2.26209944486618 0 0 0 0 0 0.1452205032110214 0 0 0 0 29.58426719903946 28.02030819654465 65.19929007440805 545.3676611483097 11.46660363674164 391.1989236995578 51.70891087502241 61.52936115860939 104.6843500807881 4.952046945691109 40.23452772200108 14.25859571248293 0.2428574860095978 3.180424705147743 0.6144660711288452 24.98612752556801 0 0.2027058005332947 1.995390653610229 21.6105250120163 0.7710930109024048 142.3358706086874 42.09784585237503
