162.0361329466105 2104.086106076837 668.936858035624 3617.795950844884 132.6126826927066 156.5483110249043 753.7958918660879 82.00757805258036 91.37718801945448 2361.242309264839 270.4380668178201 38.02081995457411 256.1129986643791 397.6329279467463 0.386250302195549 0.2383905127644539 0 0 0 0 0 0 0 0.31631900370121 0 0 0.4740757495164871 0 0 0 301.7513532191515 1.333238318562508 11.26709723472595 0 0 0 2.086588263511658 0 0 0 0.1039722263813019 0.09911587089300156 0 0 0 0 5.182377144694328 0.2769423052668571 0.1180039197206497 0 0 0 0 0 0.3478719815611839 0 125.3675425425172 147.9067230820656 8.805253893136978 2.981193616986275 0 0 0 0.5896875038743019 0.692754864692688 0.5516782477498055 0.2414628714323044 0.1612349152565002 0 0.3666629865765572 0 0.2422886788845062 0.1197784394025803 45.58291333913803 1.083404816687107 12.4054447337985 0.9214631095528603 0 1.443142868578434 13.2820283472538 0 0.8331563845276833 1.215009644627571 0 0.1544284597039223 0.09082027524709702 0 0 0 0 0 0 0.09887497127056122 0 0 14.76586301624775 0.8249137997627258 0.1814691126346588 0 560.5222458019853 0 0 0 0.1314768344163895 0 3.821627251803875 0 1.012765116989613 0 0 0 0.9385899156332016 0.3232386112213135 0.1178596690297127 0.6553707346320152 0.1193824261426926 0 0 0 0 0 0 0 0 0 0.153523713350296 0 0 0 0 0 0.7215838357806206 0 0 0 0 0 0 0 0.2379706203937531 0.1225650161504745 0.1096200197935104 0 0 0 0 0 0 0 0 0 0 0 0 0 0 0.2710718065500259 0 0 0 0 0 0 0 0 0 0.3659293055534363 0 0 0 0 0 0 0 0 0 0.3974622040987015 0 0 0 0 0 0 0 0 0 0 0 0 0 0 0 0 0 0 0 0 0.9178106039762497 0 0 65.19835169613361 0.2053740844130516 8.74644036591053 1.493559241294861 566.3681834563613 5.633209489285946 0.1098839193582535 0.5274583846330643 0 0 0 0 5.452564500272274 0 0 0 0 0 121.744754947722 0.3094350099563599
2104.086106076837 1075.966640263796 1242.381898604333 364.9250690415502 936.9453772082925 61.62012192606926 2890.649968251586 606.7061532363296 401.6862232536077 933.8191602751613 301.9878299757838 71.32547731697559 794.2599651515484 638.6880304738879 2.892557263374329 0.2472113966941833 0.167547196149826 0 0 0 0 0 0.09997642040252686 0.09000831842422485 0 0 0 0.1830531656742096 0.1931441873311996 0 825.2250023931265 1.094682484865189 6.60437685251236 0 0 0 4.256476148962975 0 0 0 0 0 0 0 0.0908830389380455 0.1387963891029358 175.1504351943731 3.064410679042339 0.2708707451820374 0 0.3025230839848518 0 0 0 2.906304404139519 3.012662641704082 92.16254436224699 340.9902406856418 15.83226832747459 64.3187392950058 0 0.09120900183916092 0 24.54439602792263 4.509983874857426 5.386472754180431 1.471287094056606 1.480126433074474 0.4416295662522316 0 0.1067917570471764 0 0 341.5554810985923 40.42267401516438 220.4970655068755 17.9564378708601 0.4083106070756912 0.7526612877845764 3.866814076900482 0.2021843791007996 0.850854828953743 13.99511826038361 0.1100033894181252 4.548072658479214 1.57174713909626 0.3182013928890228 0 0 0 0 0 0 0 0 17.64820612967014 0.3394657373428345 0 0 930.7172743305564 0 1.000152036547661 0.8179099261760712 0.7437841147184372 0.5541006326675415 15.574681609869 3.173211991786957 4.608790457248688 4.641246370971203 4.468296326696873 1.818494625389576 17.20507068186998 22.09058564156294 2.806881941854954 7.196712806820869 1.167260110378265 0 0 0 0 0 0 0 0 0 0 1.19111180305481 1.329335689544678 0 0.4141585528850555 0 2.34058902412653 0 0 0.3123220205307007 1.205439522862434 0 0 0 2.033833414316177 0.9633789509534836 3.913588002324104 1.020492419600487 8.460226386785507 0 0 0 0 0 0 0 0.4219901710748672 0 0 0 0 1.73270072042942 0 0 0 0 0.8957380056381226 0 0.4370127469301224 0 0.5106610655784607 0 0 0 0 0 0 0 0.3775109648704529 0 0 5.350580677390099 0.7018532156944275 0 0 0 1.144443914294243 0 4.144912719726562 0.9472555592656136 1.351215600967407 0.673084020614624 0 0 0 0.2708841860294342 0 0 0 0 0 0 7.512549236416817 0.6418187022209167 2.770760759711266 189.9882320016623 4.522973507642746 197.7545711025596 41.34758278727531 534.0883240774274 39.31245572865009 2.046754702925682 14.33885718137026 7.307927370071411 0 2.197462171316147 1.98142671585083 32.24568549543619 0 0.1981366872787476 0 5.823150865733624 0.7682707905769348 54.17988333106041 2.083351396024227
668.936858035624 1242.381898604333 1249.447570875287 34.31359706073999 896.3268488645554 5.839768446981907 794.2380512356758 1661.934101834893 785.7066172733903 25.5501951649785 1440.141848929226 8.353379756212234 248.811416476965 1184.500584885478 4.891791246831417 1.956719689071178 0.483329676091671 0.4771322384476662 0.08742921054363251 1.091442495584488 1.558133579790592 0.1398568898439407 1.805814884603024 2.708182647824287 0.5198038071393967 0.285913959145546 2.32764970511198 0.1070632562041283 0.2287036925554276 1.143734350800514 2020.069153733552 185.6396657824516 28.52522030472755 0.3811659812927246 1.318124510347843 1.478031605482101 1.672125056385994 0.5520210191607475 0.2675873339176178 0 2.229189097881317 0.7236881479620934 0.5631619170308113 0.3998030871152878 0.7734815627336502 0 77.93573814630508 2.347855381667614 0.1538182646036148 0.2027578800916672 0 0.1948709487915039 0 0.3828292712569237 0.8869089633226395 1.597681544721127 51.11861022561789 336.2500388920307 6.884460672736168 23.94489002227783 0.7889300063252449 2.22708797454834 0.134951263666153 128.2565510421991 2.427404798567295 2.47771255671978 1.07768289744854 1.669782623648643 1.486677169799805 3.083468995988369 1.049848824739456 0.1188687086105347 0.1061285212635994 184.9454039186239 47.81945893168449 137.5525399371982 19.34370306879282 1.52133172750473 34.75056750327349 230.3618362173438 0.5059855878353119 28.68609254062176 5.934322848916054 0.08353152126073837 2.192940674722195 0.8581790626049042 0.7760263234376907 0 0 0 0 0 1.433635450899601 0.2049623131752014 0.4323292970657349 4.225398398935795 0.3064509853720665 0 0 668.9615329578519 0 0.2029314488172531 0 0 0 1.072070240974426 0.2836517468094826 0 0.7379408031702042 1.018824338912964 0.7624009251594543 3.524459511041641 3.021672427654266 0.884743943810463 0.7379305511713028 0.2221492603421211 0 0 0 0 0 0 0.392324686050415 0 0 0.6694885566830635 0 0.7078756019473076 0 0.2011822834610939 0 2.107791729271412 1.668113842606544 0.4914131388068199 0 0 0 0 0 1.029649823904037 0.519894003868103 2.4826440513134 0.1209500432014465 0.6554206982254982 0 0 0.1012618690729141 0 0 0 0 0 0 0 0 0.6201247051358223 1.777631223201752 0 0 0 0 0 0 0.4529756009578705 0 0.8370414227247238 0 0 0 0 0 0 0 0 0 0 5.150200672447681 0.2133528217673302 0.6455608010292053 0 0 0.6136035323143005 0 0.2720866203308105 0.4177909791469574 0 0 0 0 0 0 0 0 0 0 0.1182889565825462 0 1.69600086659193 0.1177817434072495 0.09975415468215942 44.38005095720291 1.609936140477657 93.73964186757803 18.95419240742922 132.4995758160949 14.94192755222321 0 5.442412935197353 0.2330920621752739 0 1.012940488755703 0 5.473874621093273 0 0 0.419192761182785 4.025574028491974 0 8.495278522372246 0.4906007423996925
3617.795950844884 364.9250690415502 34.31359706073999 409.8331017717719 25.16780566424131 882.6536064893007 364.9298333972692 0.1156666427850723 13.52035542577505 1500.904094129801 3.62626314163208 127.6852293238044 221.9365261122584 42.19326895475388 0.2449714839458466 0 0.09606333822011948 0 0 0 0 0 0 0 0 0 0 0 0 0 10.37078892439604 0 0.9136325716972351 0 0 0 0 0 0 0 0 0 0 0 0 0 32.45178119838238 0.820720411837101 0 0 0 0 0.1168789714574814 0 0.2751359492540359 0.2344460189342499 47.41030290722847 109.8577331155539 4.947335831820965 14.40885490179062 0 0 0 2.297516070306301 1.900612972676754 2.32904776185751 0.2341271936893463 0.6321646422147751 0 0.1135410293936729 0.7670747637748718 0.2462028488516808 0.1074284911155701 114.1295809708536 4.90363796800375 51.83937230706215 1.829850077629089 0.1172963082790375 0 0.07533949613571167 0 0.07001696527004242 4.281556464731693 0 1.181952148675919 0.4249003306031227 0.1347144097089767 0 0 0 0 0 0 0 0 35.34277670830488 1.75912207365036 0 0 803.8213483020663 0 1.382575184106827 0.9776819944381714 2.534364953637123 0.13688825070858 3.118783541023731 0.9341509342193604 1.165652871131897 14.94663053750992 4.574403308331966 0.6804869472980499 5.979710675776005 10.84623812884092 1.784087494015694 1.466059893369675 0 0.1068416684865952 0 0 0 0 0 0 0 0 0 0 0 0 0 0 0 0.6945744156837463 0 0 0.4614130482077599 0 0 0 0.2391820698976517 0 0.9847702383995056 0 0 0 0 0 0 0 0 0 0 0 0 0 0 0 0 0 0 0 0 0 0.4907089918851852 0 1.349798977375031 0 0 0 0 0 0 0 0 0 0 1.680847398936749 0 0 0 0 0 0 0 0.1066387146711349 0.2194017320871353 0 0 0 0 0 0 0 0 0 0 0 0.6098603308200836 0 0 119.8590131700039 0.7333620116114616 31.19977352023125 3.282283373177052 342.4896823987365 1.807613983750343 0.1738476306200027 0.7079198509454727 1.402436926960945 0 0 0 36.98710361123085 0 0 0 0.08366678655147552 0 92.0560355708003 0.7602371573448181
132.6126826927066 936.9453772082925 896.3268488645554 25.16780566424131 1499.280608192086 12.98326160758734 1800.410593867302 105.9037064835429 2203.86734687537 234.9881763458252 777.9529233798385 7.126445129513741 69.84085869789124 200.0736131221056 3.254783071577549 0.1342678666114807 0.09215664863586426 0 0 0 0.1028028354048729 0 0 0 0 0 0 0 0 0 69.42930357903242 1.774298742413521 0 0 0 0 0 0 0 0 0 0 0 0 0 0 62.46062365919352 0.7723906710743904 0 0 0 0 0 0 0.8443918824195862 0.9758499190211296 11.45219170302153 40.12883965671062 2.594329699873924 18.5975676253438 0 0 0 10.57901781052351 1.197408147156239 1.678141050040722 0.4693159312009811 0.4268861413002014 0 0 0.3567048311233521 0 0 77.26138670742512 16.85064571350813 61.29195503145456 11.2487633228302 0.4129343926906586 0.08472374081611633 0.2526634335517883 0.1214713454246521 0 3.614572405815125 0.08451972156763077 1.605215862393379 0.6643830835819244 0 0 0 0 0.1818040907382965 0 0 0 0 14.59903151541948 0 0 0 38.67790520936251 0.1693476438522339 0.6869515776634216 0.3746145218610764 0.1264306753873825 0 14.1669007986784 1.826539620757103 8.612563341856003 4.923681050539017 5.615320101380348 1.484774760901928 25.8288849145174 21.82046817988157 3.55893037468195 9.765560954809189 0 0 0 0 0 0 0 0 0 0 0 0 3.801071971654892 0 0 0 1.960569143295288 0.3872972130775452 0.7953773736953735 0 2.756429485976696 0 0 0 3.1207574903965 1.027823030948639 6.238264307379723 1.249870330095291 5.062703371047974 0 0 0 0 0 1.356655955314636 0 1.027672290802002 1.337013781070709 0 0 0 4.677591279149055 0 0.4621737599372864 0 0 0.6420841813087463 0.09391943365335464 0.6164398789405823 0 3.2823406457901 0.6675861477851868 0 0.6023389995098114 0.2270506918430328 0 0 0 0 0 0.5327303409576416 11.63483045995235 0 0 0 0 3.128877848386765 0 4.391978830099106 1.929652139544487 1.385700717568398 0 0.1171820387244225 0.6122184991836548 0 0 0 0 0 0.1863622218370438 0 0 10.17671068012714 1.427277237176895 3.809841014444828 148.7112805247307 1.919830374419689 102.6994980424643 35.82886584848166 167.6052338778973 33.45789700001478 0.9577348530292511 15.40182660520077 8.422813266515732 0 3.194954633712769 0 39.3386996909976 0 0 0 4.982506200671196 0 27.16444654017687 2.219543650746346
156.5483110249043 61.62012192606926 5.839768446981907 882.6536064893007 12.98326160758734 25.16551592946053 80.07290779799223 0 8.99621395021677 1078.81474404037 3.312721952795982 58.43442763388157 93.41433901339769 14.91254398971796 0 0.3627667427062988 0.09836913645267487 0 0 0 0 0 0 0 0 0 0 0 0 0 10.05251087248325 0.2697466611862183 18.34594501554966 0 0 0 0.9375771284103394 0 0 0 0 0 0 0 0 0 0.8936068266630173 0 0 0 0 0.3588848188519478 0.6698228642344475 0 0.08078434318304062 0 209.4418783634901 4.079872719943523 8.965097986161709 0.6780555620789528 0 1.873388737440109 0 0.5155153870582581 0 0 0 0.07325160503387451 0 0 65.06637653708458 21.47071422636509 4.381096296012402 3.052270315587521 0 1.446728587150574 0.1161077171564102 0 0 7.65721632540226 0 8.636583238840103 0 0 0.1609721854329109 0.09035715460777283 0 0.2249679639935493 0.1172280833125114 0.7711777538061142 0 0 0 0 0 148.3516748473048 129.4063169211149 7.630010858178139 0.9599085301160812 217.813682153821 0 0.124080128967762 0.4302423298358917 1.641869902610779 0 1.108333766460419 0.4912860691547394 0.7896305918693542 1.726344615221024 7.950682148337364 0 3.752965897321701 9.479313999414444 1.069354385137558 0.5793314129114151 0.1209579631686211 0 0 0 0 0 0 0 0 0 0 0 0 0 0 0 0 0 0 0 0.7614381462335587 0 0 0 0 0 0 0 0.127729669213295 0 0 0 0 0 0 0 0 0 0 0 0 0 0 0 0 0 0 0 0.1370310038328171 0 0 0 0 0 0 0 0 0 0 0 0 0.1212353110313416 0 0.2253909036517143 0 0 0 0 0.1430885046720505 0 0 0 0 0.3873683512210846 0 0 0 0 0 0 0 0 0.528670608997345 0 0.2516316473484039 61.67724845558405 1.093028277158737 1.020116485655308 0.2077785357832909 223.6691261604428 15.79319536685944 0 0 0.1807818859815598 0 0.2383037209510803 0 46.87615664303303 0 0 0 0 0 88.20460156351328 0.8520814180374146
753.7958918660879 2890.649968251586 794.2380512356758 364.9298333972692 1800.410593867302 80.07290779799223 543.9727442190051 127.3289868235588 355.7893762812018 2759.790271766484 846.0970817506313 471.0320490300655 3134.375817351043 2040.654954053462 6.690134227275848 0.6671243607997894 0.1062518656253815 0.1084357649087906 0 0 0.1340514868497849 0 0 0 0 0 0 0 0 0 95.62372625619173 3.41436330974102 11.54994291067123 0 0 0 2.654278054833412 0 0.1943883448839188 0 0 0.1216084808111191 0 0 0 0 163.4396512806416 2.212518125772476 0.1094938591122627 0.08833540976047516 0.3300452381372452 0 0 0 2.846652634441853 2.367617562413216 40.77239541709423 132.3967850729823 7.781370125710964 49.04434176534414 0 0 0 22.67233674228191 4.643043220043182 3.655565168708563 0.7871111035346985 1.90790332108736 0 0 1.141589969396591 0.4582117944955826 0 225.2674675285816 30.70324916392565 169.4491819962859 21.77836146950722 0.7630223631858826 0.2165364027023315 1.460625283420086 0.0875580683350563 0.3846912384033203 8.944502659142017 0.08068500459194183 3.394630514085293 0.9545012712478638 0.227241151034832 0 0 0 0 0 0.09220775216817856 0.3876698613166809 0 74.64526384323835 0.816051185131073 0 0.1307226866483688 186.5418735966086 3.149339720606804 7.317176200449467 17.71953261643648 60.2681021541357 0.6524197161197662 70.90548110753298 10.3042141571641 38.68262176960707 96.21101770550013 69.22112181037664 9.380304917693138 103.4610090851784 540.6233080103993 39.06287046521902 24.43421284854412 3.027207650244236 0.5758940950036049 0 1.077572345733643 0 0 0 0 0 0 0 0.7050192356109619 4.439906097948551 0 0.7847942709922791 0 4.322523355484009 0 1.894126534461975 4.646575316786766 4.590468809008598 0 0 0 11.56559860706329 6.092338144779205 19.87550394237041 6.185841009020805 17.34688870608807 0 0 0.54105544090271 0.09465079754590988 0 0 0 2.172676220536232 3.655958905816078 0.9479426518082619 0.7811582386493683 0.1312086582183838 8.686429634690285 0 0.2261240109801292 0.2736527547240257 0.540347158908844 1.097456060349941 8.640077471733093 2.626599110662937 0 3.050516247749329 2.696393057703972 0.996989980340004 0.3398554474115372 0.7401857078075409 0 0.1434911489486694 0 0.08394373953342438 0 0 55.55726500600576 1.83227114379406 0 0 0 5.270751029253006 0 17.66445672512054 5.076710075139999 9.761656649410725 4.218436188995838 1.684567965567112 1.395456567406654 0.0745949000120163 0 0.0807802751660347 0 0.2725294306874275 0 0 0 54.10317826271057 5.5985047519207 11.81968089193106 364.6201340407133 4.54001285135746 240.8247892335057 87.21058163046837 490.1594627946615 77.33588188886642 2.198256120085716 38.12737882882357 18.00344952940941 0.1552015542984009 14.48225424438715 2.129869312047958 153.2603742927313 0.214644581079483 0 0 12.306207254529 1.315369129180908 133.223500944674 21.44500681757927
82.00757805258036 606.7061532363296 1661.934101834893 0.1156666427850723 105.9037064835429 0 127.3289868235588 727.1601849943399 764.9750557541847 13.69359239190817 1206.090817160904 13.8522784858942 429.3127287551761 1497.460216931999 14.47513768076897 2.387486897408962 0.7697407007217407 0.3079823926091194 0 0.1747687757015228 3.02155626565218 0 1.426317073404789 5.849716641008854 1.858846575021744 0.5613945424556732 2.061266534030437 0.1067543998360634 0.181828610599041 1.370986811816692 1387.330539822578 1148.771819487214 30.76044707745314 0.8604992255568504 0.9751871898770332 0 7.058059766888618 0.6690953224897385 0.09730257838964462 0.3216866105794907 2.817555673420429 1.094394378364086 0.09006930887699127 0.0949859619140625 0.2391489148139954 0 127.0716488063335 1.212629802525043 0.08517403900623322 0.3524300009012222 0 0 0 0 1.394508115947247 0.6874047890305519 17.10671895742416 139.1502331271768 2.397344544529915 23.0903150215745 6.224314980208874 8.146197661757469 0.2614183276891708 413.2298652902246 1.224408932030201 1.575405322015285 0.3747548684477806 0.9783478379249573 0.9127165973186493 6.435079902410507 1.446852132678032 0.8355480954051018 0.1943368166685104 148.5187159515917 89.15532857179642 172.6700465753675 103.3842963799834 9.223553240299225 245.0615650042892 471.1629885137081 3.390009291470051 175.9235273301601 6.021713748574257 0.0821041539311409 2.094828628003597 0.8383407816290855 0.4266208559274673 0.1344637423753738 0 0.4250036180019379 0 0 1.53804924339056 0.4494228437542915 0.4188432395458221 2.466479621827602 0 0 0.2543759047985077 156.2964038103819 0 0 0 0 0 0.1397363394498825 0 0.321414053440094 0 0 0.8843269348144531 0 0 0.5610009580850601 0.4674976170063019 0 0 0 0 0.1234632954001427 0 0 0 0 0 0.7768694907426834 0 0.6625661924481392 0 0.3604067862033844 0 0.80057393014431 0.8520100340247154 0.9078686982393265 0 0 0 0 0 0 0.4451308846473694 0.2196661159396172 0.08161439746618271 0.8972493261098862 0 0 0 0 0 0 0 0 0 0 0 0.3596627116203308 0.8398059979081154 0.6804978549480438 0 0 0 0 0 0 0 0.5088765621185303 0 0.06443184614181519 0 0 0 0 0 0 0 0 0.5363791286945343 0.4807844907045364 0 0 0 0.09812753647565842 0 0.1473250389099121 0 0 0 0.3009544909000397 0 0 0 0 0 0 0 0 0 0 0 0 56.37909161299467 1.473787538707256 156.7653870806098 35.63619039207697 60.0656678751111 20.71744410693645 0.2742356359958649 6.139029696583748 1.567501351237297 0 0 0 1.817099213600159 0 0 0 4.524063564836979 0 3.487227633595467 0.278648853302002
91.37718801945448 401.6862232536077 785.7066172733903 13.52035542577505 2203.86734687537 8.99621395021677 355.7893762812018 764.9750557541847 264.3681783005595 115.6255678385496 1479.739085130394 14.25291632115841 338.7418623641133 549.2664018794894 3.179575189948082 0.4736109673976898 0.0979958102107048 0 0 0 0 0 0 0 0 0 0.1032260879874229 0.1257804334163666 0.1075635254383087 0 129.9274193421006 4.517619445919991 30.76290044188499 0 0.1113549545407295 0 0 0 0 0 0.1123705208301544 0 0.07816121727228165 0.259104810655117 0 0 42.15982536226511 0.637688621878624 0.2395467609167099 0 0 0 0 0 0.1789821535348892 0.4750736579298973 7.040189504623413 25.49015168845654 0.7349335849285126 7.605985648930073 0 0 0 11.37844805419445 0.8731922432780266 0.8297123685479164 0.1560668274760246 0.1563398540019989 0.3632484674453735 0 0.2198210060596466 0 0 41.17343780398369 11.28584661334753 44.15171236544847 11.28752745687962 0.4405651092529297 0.4388607777655125 2.099812112748623 0.1059910878539085 0.08364715427160263 2.444419771432877 0 0.6769090816378593 0.2896662056446075 0.0873967707157135 0 0 0 0 0 0 0 0 25.56357589364052 0 0 0 42.51768920570612 0 0.7326875030994415 0 1.016155257821083 0 10.70519186556339 0.4416491240262985 6.376182809472084 5.910207375884056 5.287329576909542 3.040446639060974 17.23562901467085 27.67655490338802 9.71438979357481 9.500784076750278 0.115885965526104 0.4483086988329887 0.8070560693740845 0.8074221611022949 0 0 0 0 0 0 0 0 0.9647358059883118 0 1.3631232380867 0 1.085078924894333 0.7137103080749512 0.90869140625 0.5866977125406265 0.8826108798384666 0 0 0 4.321806155145168 2.660863488912582 4.059902243316174 1.935751654207706 3.792565509676933 0 0 0 0 0 1.212990641593933 0 0 0.09055358171463013 0 0 0 1.497433722019196 0 0 0 0 0 0.176403135061264 0.3442557752132416 0 0.8071219325065613 0.4036167860031128 0 0 0 0 0 0 0 0 0 17.12104480713606 0 0 0 0 2.358582243323326 0 0.4841759502887726 1.816434621810913 0.3227247595787048 0.6586419194936752 0 0 0 0 0 0 0 0 0 0 13.64182725548744 0.79939104616642 1.931936368346214 108.478878557682 1.691229619085789 70.11866598576307 37.88671143352985 104.5291081145406 21.70677353441715 0 17.65509788691998 2.184539958834648 0 4.079350829124451 0.1642986088991165 23.5623282417655 0 2.209466934204102 0 7.37083151191473 0.8008868396282196 24.17606208473444 4.211561463773251
2361.242309264839 933.8191602751613 25.5501951649785 1500.904094129801 234.9881763458252 1078.81474404037 2759.790271766484 13.69359239190817 115.6255678385496 3412.272791005671 28.4386972039938 2259.281018510461 3072.808407567441 559.6786752715707 2.741383709013462 0.3878167569637299 0.185246966779232 0 0 0 0 0 0 0.4530964195728302 0 0 0 0 0.1700245589017868 0 22.51810355484486 0.5542471259832382 292.5437127575278 0 0.1713145673274994 0 77.45634097605944 0 0 0 0.2839247286319733 0.549640953540802 0 0 0 0 75.44376535713673 1.689011882990599 0 0.0701930820941925 0.2277266979217529 0 0 0 1.265748701989651 1.17813653498888 105.7136282771826 135.6039493456483 10.9750996902585 27.93175001442432 0 0.4556343406438828 0 4.142133191227913 2.248768955469131 3.262419335544109 0.8157264217734337 1.654138021171093 0.2816621214151382 0.07572539895772934 33.91496358066797 0.1608347445726395 0.2145336866378784 178.5955695211887 7.210821121931076 90.14571078121662 9.047610394656658 0.68940120190382 0.1514991968870163 4.070464313030243 0 1.450438991189003 7.140257939696312 0.07886093109846115 2.520106442272663 1.097092784941196 0.2502809092402458 0 0 0 0 0.1436112374067307 0 0 0 468.6960899308324 16.86792755872011 0 0.2288632392883301 1267.159334875643 0.4145492315292358 36.59398157149553 11.81917235255241 22.27113573253155 12.24835977703333 325.7891201004386 35.67874629795551 79.34447427839041 190.5826958492398 123.2108692005277 23.89287509024143 233.3433692231774 372.1265195310116 54.7242806404829 36.20668922364712 1.250557765364647 0.5025190562009811 0 1.348700791597366 0 0 0 0 0 0 0 0 4.682932585477829 0 0.2894859313964844 0 1.738631069660187 1.64763455092907 1.3054538667202 2.104158669710159 10.15373221039772 0 0 0 13.02202123403549 4.782329827547073 10.49430578202009 3.62481789290905 12.48395767807961 0.9027756452560425 0.4897240996360779 0 0 0 0 0 0.6579140648245811 1.868535377085209 0.490583747625351 0.2436991780996323 0 4.235784217715263 0 0 0.4007514417171478 0 0.09199526160955429 3.530462302267551 12.66553954035044 0 0.586909294128418 2.653068155050278 0.587135024368763 0.3707273602485657 0.6614827364683151 0 0 0 0.5763998776674271 0 0 61.0344130396843 3.185569480061531 0 0 0 5.631832964718342 0 8.195969700813293 2.142850063741207 5.723447188735008 4.056988336145878 0.6485046818852425 1.663435406982899 0 0 0 0 0.08009885251522064 0 0 0.2889963686466217 97.35155019909143 4.302414089441299 5.059368349611759 660.3199104741216 6.698110774159431 98.44507202506065 27.34599439799786 995.4289264455438 24.01079487800598 3.429064184427261 10.46856664121151 21.93012215197086 0 14.07180961966515 0.5082696676254272 672.3453896939754 0 1.688543677330017 1.283485352993011 4.311224408447742 2.305399939417839 470.1608616188169 37.49836577475071
270.4380668178201 301.9878299757838 1440.141848929226 3.62626314163208 777.9529233798385 3.312721952795982 846.0970817506313 1206.090817160904 1479.739085130394 28.4386972039938 196.2342821136117 29.55849080532789 1092.335328705609 1682.752771832049 14.03932912647724 2.8863924741745 0.2630333006381989 0 0 0.2120270952582359 0.4673053994774818 0 0.09800663590431213 1.354993119835854 0.1421086937189102 0.1233977153897285 0.4459189623594284 0.1104411259293556 0.220672108232975 0.4951840564608574 757.8819036781788 222.89373768121 52.49522229284048 0 0.1501540094614029 0 16.28219476342201 0 0 0 0.174238920211792 0.7513525038957596 0 0.3395147025585175 0.08282433450222015 0.08530442416667938 136.8320970162749 1.659795522689819 0.6288802325725555 0.3313984647393227 0 0 0.1389817893505096 0.1286450773477554 1.420291155576706 1.552377089858055 23.46026885509491 147.0656833723187 4.727117203176022 28.79331202059984 0.1742352545261383 1.506049394607544 0.1941202208399773 117.7648823782802 2.22188825160265 2.26443987339735 0.502214290201664 1.339168943464756 1.20954842120409 0.3228702992200851 3.073882319033146 0.09636073559522629 0 157.7202297374606 64.24221277236938 156.7123434990644 61.57447289675474 1.990659654140472 93.21853210031986 19.11431456357241 0.5678195059299469 1.151648439466953 5.657331392168999 0.08658456057310104 3.19562479108572 0.9676081314682961 0.2987462505698204 0 0.116423986852169 0 0 0 0.2752029672265053 0.1536632925271988 0 18.13332098722458 0.3768493235111237 0 0 239.7422114610672 0 0 0 0 0.1865485161542892 1.748483538627625 0.125384733080864 0 0.3291056752204895 2.394578531384468 0.9957901388406754 3.079521164298058 5.527808710932732 0.7071230337023735 1.171158075332642 0 0 0 0 0 0 0 0 0 0 0 0 1.101701408624649 0 0.09421189874410629 0 0 0 0 0 0.4878510534763336 0 0 0 0.3854299336671829 0.3056960999965668 2.533250585198402 0.2951494455337524 0.6919358745217323 0 0 0 0 0 0 0 0 0 0 0 0 0.6705736741423607 0 0 0 0 0 0.6373609304428101 0.1339597851037979 0 0 0.1389378607273102 0.2156606465578079 0 0 0 0 0.1125334203243256 0 0 0 3.521255448460579 0 0 0.08064001798629761 0.1460993885993958 0.379724383354187 0 3.989355236291885 0 0.4084402024745941 0 0 0 0 0 0 0 0 0 0 0 0.7725394815206528 0.7142376005649567 1.345286257565022 111.5141172856092 2.390815332531929 206.4427549242973 53.20807927101851 133.3662118166685 38.09924352914095 0.6613343507051468 19.70661085098982 0 1.567561030387878 0.9049447849392891 0.2506467700004578 3.967181131243706 0 0 0 7.513765878975391 0.3258731961250305 11.24483578652143 0.4377449825406075
38.02081995457411 71.32547731697559 8.353379756212234 127.6852293238044 7.126445129513741 58.43442763388157 471.0320490300655 13.8522784858942 14.25291632115841 2259.281018510461 29.55849080532789 197.2146317362785 1243.389239281416 126.5579216480255 9.497470244765282 7.828368596732616 2.226779825985432 0 0 0.1482572704553604 0.1459538042545319 0 0.6876920014619827 4.152752265334129 2.281441256403923 0.231374979019165 3.894068360328674 0.3547371625900269 0.1126519367098808 2.82970204949379 10.63531106710434 2.018485330045223 352.7396256476641 0.2094147950410843 0.8797355592250824 5.02931846678257 179.7260660380125 56.52981819212437 0.4569509029388428 0 6.164958775043488 0.9923396334052086 0 0.5630174577236176 0.497366338968277 0.6869583278894424 24.09566419571638 0.217043474316597 0.8755178153514862 0.2545613348484039 0 0 0 0.1510813385248184 0.191401407122612 0.1131645292043686 4.929255269467831 4.353148967027664 0.9208617135882378 2.812911726534367 2.970374956727028 124.4180170744658 0.4828189015388489 2.949102871119976 0.1859858706593513 0.1913643181324005 0.0997830405831337 0.1233398020267487 0.3573236167430878 0.6704941913485527 87.24566648900509 0.6497384160757065 0 11.36496073752642 6.577801771461964 21.72307731956244 14.39576739817858 3.50992725789547 0 27.1805122345686 0.381668284535408 46.84130837023258 1.000378593802452 0 0.425128661096096 0.08102365583181381 0.1269158869981766 0 0 0.1097062155604362 0 0 0.3898746073246002 0.2572844922542572 0.2747930586338043 560.3848428726196 2.432951629161835 0.1463640183210373 0 36.63208705931902 0.6996446251869202 5.38711054623127 1.603211387991905 4.036735214293003 1.895575366914272 51.34148994833231 3.759729005396366 30.69731236249208 32.73659618198872 33.29390335083008 9.836631007492542 85.74819365143776 131.8133210688829 29.39327067136765 39.35515265911818 2.139037385582924 0 0 0 0 0 0.09738673269748688 0 0 0 1.043556571006775 0 4.240261994302273 0 1.037003189325333 0 5.125512212514877 4.565327912569046 2.545990884304047 0.4002274423837662 6.596629120409489 0 0 0 15.17306856065989 3.214849039912224 17.60343439131975 5.033823363482952 11.24487056583166 1.322591915726662 0.7311057448387146 0 0 0 0 0 1.327963769435883 1.091780006885529 0 0 0.9422573447227478 4.267081819474697 0.4308598339557648 0.4025370553135872 0.3603774905204773 0 2.244379051029682 1.184837907552719 5.150540821254253 0 3.35911713540554 2.60161529481411 0 0 0.1390334516763687 0 0.2159665077924728 1.413674354553223 0 0 0 51.07053843140602 2.315256834030151 0 0 0 6.103340402245522 2.237189173698425 10.50197072327137 2.125091269612312 4.333747841417789 2.279039025306702 0.5689952373504639 0.7775035500526428 0 0 0 0 0.2801523804664612 0 0 0.2891584038734436 66.41911957412958 5.218139819800854 13.56123726069927 209.9376611784101 2.291497647762299 67.67281795293093 39.35440925508738 140.9881536588073 12.86524321883917 0.2829043790698051 15.40830182284117 8.545296646654606 0 4.538953401148319 1.979598194360733 148.558931261301 0 2.529469966888428 0 8.940077304840088 2.181962296366692 165.9204720109701 31.46929936110973
256.1129986643791 794.2599651515484 248.811416476965 221.9365261122584 69.84085869789124 93.41433901339769 3134.375817351043 429.3127287551761 338.7418623641133 3072.808407567441 1092.335328705609 1243.389239281416 3564.796459965408 4246.700225397944 56.5249587520957 35.22727654129267 4.033058397471905 0.4788408726453781 0 0.1973477452993393 1.673183903098106 0.7329531311988831 0.4650005847215652 7.360604763031006 0.4016205444931984 1.3991469591856 5.299744553864002 0.4132706895470619 0.1234369501471519 4.387634493410587 211.8674198463559 23.39300078898668 1152.121027216315 0 1.489116966724396 0.2213879972696304 356.0226157084107 17.56212265044451 2.089541539549828 0.637892872095108 5.629568621516228 3.418393693864346 0.443033441901207 1.384836845099926 0.2044452726840973 0 192.2948117852211 1.557719483971596 4.708373345434666 0.920776903629303 0.165380097925663 1.712986916303635 0 0.8130979016423225 0.9926650077104568 1.431736022233963 26.9314196780324 83.05465885996819 4.565215684473515 27.01996676623821 2.901097543537617 64.42574000358582 0.3805200457572937 41.07679145038128 2.450063891708851 2.989674739539623 1.04433336853981 1.878622196614742 0.272858090698719 3.732884116470814 181.1034498140216 1.674854144454002 0 152.1373970359564 51.16297245025635 201.3060899227858 107.8617706745863 14.14062334597111 1.816676087677479 196.3795418292284 0.6617196127772331 45.7708699926734 7.794436775147915 0 2.43719545006752 1.299040727317333 0.593952551484108 0 0 0 0 0 2.17693293094635 0.9658684656023979 0.4758355841040611 2793.618805363774 20.73313328623772 0 5.494551613926888 139.0627634078264 3.006663583219051 16.18782798945904 3.868645444512367 10.25097650289536 1.444622591137886 106.8807693868876 11.62404705584049 65.84599006175995 73.39106836169958 69.41832558810711 26.73492737859488 242.6446019113064 351.7070199027658 88.07573553919792 107.0072183087468 3.732754550874233 1.846122488379478 0.4402165710926056 0.09601312130689621 0 0 0 1.297352313995361 0 2.150811672210693 0 0.2341446727514267 17.5034601688385 0 2.143806882202625 0.9793263077735901 11.9509654790163 4.480916783213615 4.618609219789505 2.344673633575439 18.97378600388765 0 0 0 51.89766620099545 17.30541806668043 70.96955399215221 16.39000825583935 40.62997841089964 0.5089278221130371 0.6744534969329834 0 0 0 0 0 2.708411425352097 5.56802611798048 0.7965996861457825 0.2102894335985184 1.237424492835999 21.71728030592203 1.00627663731575 0.1711237579584122 0.7078892886638641 0.3627776503562927 3.002496123313904 12.53927458077669 5.446351923048496 0.1604546159505844 19.99515203386545 14.06677312403917 1.655302010476589 1.632450461387634 1.259542845189571 0.3396596908569336 0 0 0.5196371674537659 0.2719686925411224 0.412384420633316 215.3643633499742 4.725672662258148 0 0 0 19.82049983739853 6.041209161281586 58.88049332797527 15.00128296762705 17.57428628951311 7.483276203274727 1.05225957930088 1.984561003744602 0.1103924736380577 0 0 0.4029533267021179 0.4700052589178085 0.2223832607269287 0 0 205.6396900713444 34.5881035849452 38.8955204859376 1121.643452182412 10.08865154534578 457.4446009323001 253.3491219207644 600.7768758609891 111.4180193692446 9.093772828578949 104.17847853899 43.38944723457098 1.515559978783131 28.87363845854998 8.238651186227798 279.3298410400748 0 7.081699132919312 1.710913792252541 52.89766416698694 2.238945782184601 364.2882087379694 76.22601279616356
397.6329279467463 638.6880304738879 1184.500584885478 42.19326895475388 200.0736131221056 14.91254398971796 2040.654954053462 1497.460216931999 549.2664018794894 559.6786752715707 1682.752771832049 126.5579216480255 4246.700225397944 954.2021449580789 67.0446709766984 31.88723915815353 2.885077334940434 0.2248010113835335 0 0.5125240236520767 0.9904595240950584 0.08266763389110565 1.448921091854572 5.154452301561832 2.055656045675278 0.8491408228874207 4.837747246026993 0.5151751562952995 0.4627480655908585 2.941484026610851 720.4732271581888 155.532049767673 1114.595452576876 0 1.47815302759409 0.8823479115962982 385.8805381283164 4.245684675872326 0.2937655001878738 0.3363553956151009 3.755498826503754 1.850081920623779 0.3856282979249954 0.7959874123334885 0.2092369943857193 0.2983601614832878 306.5037271529436 4.038757048547268 4.369202487170696 0.6428409740328789 0.3369945734739304 0 0.1007916182279587 0.7552410364151001 2.898842632770538 2.379728496074677 36.65103250741959 186.4661692678928 6.741463035345078 54.80031204968691 0.6750311180949211 7.725444532930851 0.3913984820246696 139.5588651672006 5.7515614554286 5.434676025062799 1.327812433242798 4.109391547739506 1.415780194103718 2.224892266094685 122.3538942039013 1.48960042744875 0 289.2649232856929 110.1837288960814 355.5360684022307 170.7424320578575 13.74703372269869 34.22757436335087 227.965503282845 1.367928728461266 26.31161145120859 15.15909819304943 0 4.988324150443077 1.8412976115942 0.7184281647205353 0 0.3474574908614159 0.1014406532049179 0.7495693266391754 0.6503058522939682 1.055917926132679 0.5572701096534729 0.8230339661240578 420.1486771404743 15.65970765054226 0 2.992655210196972 245.3364638090134 0.4372850656509399 3.432081542909145 0.8662643656134605 0.8183161616325378 0.4570316299796104 27.48400215059519 1.455279693007469 18.31538409739733 14.34310205280781 14.73361771553755 8.23860539495945 61.86913394927979 83.36266608536243 23.27359883487225 29.70408000797033 1.228816203773022 0.2076582163572311 0.9388012066483498 0.2306507527828217 0 0 0.8687778115272522 0 0 0.1415344178676605 0.6594832167029381 0 7.816252678632736 0 2.520851954817772 0 2.457164935767651 2.120215557515621 3.955952227115631 0.6188109964132309 3.348191499710083 0.1016222909092903 1.080277323722839 0 14.97330267727375 5.148279801011086 18.5511112511158 4.044239468872547 13.51425349712372 0.6435934156179428 0.1116350367665291 0.102919340133667 0 0 0 0.602685272693634 0.1245721951127052 0 0.1239290609955788 0 1.115069419145584 8.134759470820427 1.074002504348755 0 0 0 0.656232163310051 2.468874901533127 0.4549645334482193 0 7.675633490085602 7.958041921257973 0 0 0.9766146689653397 0 0 0 0 0.2304223030805588 1.827553391456604 53.01932571828365 0.7277234792709351 0.882671058177948 0 0.4631036967039108 6.15360401570797 3.155913770198822 14.28782676905394 4.630689173936844 2.79867996275425 1.970894709229469 0.2227979972958565 0 0 0.111461453139782 0 0 0.4138943925499916 0 0.1328259259462357 0.09876183420419693 44.55430940538645 10.19562443345785 11.04265603423119 742.5742437541485 11.51388848572969 632.9493485912681 244.3899663537741 455.1441507264972 108.5819334387779 3.450627364218235 78.2310872823 15.64723010361195 1.726127676665783 11.16409900784492 3.387185953557491 52.70890893042088 0 0 0.7199175953865051 51.57581962645054 2.408407479524612 71.57735003530979 16.98353898525238
0.386250302195549 2.892557263374329 4.891791246831417 0.2449714839458466 3.254783071577549 0 6.690134227275848 14.47513768076897 3.179575189948082 2.741383709013462 14.03932912647724 9.497470244765282 56.5249587520957 67.0446709766984 653.0979435369372 2024.517262667418 332.8310507237911 9.455165311694145 54.18248403072357 1.093548625707626 1.402045503258705 0.107336051762104 1.575563997030258 4.321233369410038 36.28901443630457 0.2992274165153503 3.309115938842297 0.5104151368141174 1.397184230387211 2.91748121380806 5.195731207728386 6.173692427575588 83.73707457631826 0.7709124907851219 4.407531403005123 14.35458180308342 41.11183746159077 45.46585877984762 18.85251420736313 21.7984497025609 1.755335472524166 1.767168000340462 3.870370641350746 141.9201355949044 31.78099273890257 6.567401342093945 111.3550708815455 21.02375836670399 32.27670193463564 2.733508393168449 0 0.3197524547576904 1.114213794469833 1.607734017074108 0 0 0.08387897163629532 1.4477184638381 0.3440453410148621 32.05192458629608 23.29677457362413 26.21666133403778 0.8566016927361488 5.382894046604633 0.515728734433651 2.552155822515488 0 1.154839970171452 3.830437317490578 1.787986181676388 86.20148167014122 3.370809331536293 0 1060.020318843424 1.359659671783447 791.6807146519423 239.9425374343991 1120.046057865024 63.11739609390497 99.91737315058708 24.91198938339949 175.0650737583637 0.4079002365469933 0 1.528429232537746 0.1049716472625732 1.505305349826813 0 0 0 0.5435430556535721 0.1607419401407242 2.248619891703129 1.517691440880299 4.354841351509094 3.890022151172161 11.44279830902815 0 22.91171254217625 0.6737476289272308 0 0 0 0 0 0 0 0 0.1033712700009346 0 0.1354001015424728 0.1823850050568581 0.2884356752038002 0.3560914099216461 0.6906808838248253 0 0.4301033020019531 0 0.08014347404241562 0 0 0 0.08643198013305664 0 0 0 0 1.807642504572868 0.9466894567012787 2.199036635458469 0 3.170201927423477 7.353055343031883 2.804112285375595 0.07862802594900131 0 0 0 0 1.896090626716614 0.4505151212215424 2.876145608723164 1.801965638995171 3.741723917424679 0.2345522791147232 0 0 0 0 0.4104346856474876 0 0 0.3542433753609657 0 0 0.3624449744820595 9.309034265577793 0.5101704597473145 0 0 0.1235064715147018 0.1133466437458992 0 0 0 0.4474740847945213 0.6055794283747673 0 0 0 0 0 0 0 0 0.139860987663269 2.301355265080929 1.051136791706085 0.1496523767709732 0 0.1747695207595825 0.5751881524920464 0 1.119676880538464 0 0.08519619703292847 0.428453803062439 0 0 0 0 0 0 0 0 0 0 0.2716937735676765 1.008228741586208 2.992265738546848 10.73450268805027 1.246044956147671 96.61626464873552 2.044809512794018 5.235873259603977 0.2706705406308174 1.833689570426941 0.8144691362977028 3.313597418367863 0 2.508470058441162 0.4983115941286087 0.7698511183261871 0 0 0 0.309548631310463 0 4.582891963422298 1.626461163163185
