261.8765490725636 2363.407531537116 660.0465539619327 2475.553382083774 151.3825212568045 48.12418660521507 316.387463979423 204.2120829820633 18.34177683293819 1546.61622390151 206.1985776424408 112.4067611396313 123.1901163607836 181.3834104165435 3.063805744051933 1.345127008855343 0.2076455131173134 0 0 0 0 0.1195688620209694 0.086683489382267 0 0.1740997731685638 0 0.2126767262816429 0 0 0 465.7940687835217 2.253605708479881 23.68849711865187 0.07268910109996796 0 0 25.04354377090931 1.242249459028244 1.217840947210789 0.318841353058815 0 0.1196294948458672 0.08143970370292664 0.09554745256900787 0 0.1328567564487457 39.99727267026901 1.940767139196396 0.4180160686373711 0.8065604120492935 0 0.362062007188797 0.1972352564334869 0.08788497745990753 8.761771947145462 19.8395903557539 114.5724390298128 218.9786592274904 31.47528792917728 28.69322974234819 0 1.292182870209217 0 9.957472637295723 11.41333035379648 6.296207882463932 1.49451756477356 0.5317238792777061 0.2127300649881363 0.08556360751390457 29.82060082256794 24.36777794361115 0.3895776718854904 272.3216767087579 20.03735469281673 39.43742592632771 4.542467132210732 1.543184526264668 1.03080964833498 73.03365570306778 0.6169336885213852 1.812543906271458 30.5317696928978 0 5.918226450681686 6.584573350846767 1.567627146840096 0.6799097508192062 1.648574143648148 0.9177248999476433 0.1315938234329224 1.183661833405495 0 0.1548823267221451 0.403076246380806 180.8747075051069 93.21985299885273 1.337284117937088 13.76005191355944 1082.322317026556 0.5602082014083862 23.50201255083084 5.660892188549042 12.45349618792534 1.852948606014252 24.67907071113586 3.95868344604969 21.66504277288914 20.83587892353535 7.921064853668213 5.393041044473648 12.94195831567049 17.12080639600754 16.9616030678153 13.64896100014448 0 0 0 0 0 0 0 0 0 0 0 0 0 0 0 0 0 0 0 0 0.8167568296194077 0 0 0 3.291889250278473 0.7399033308029175 3.315725728869438 1.011819332838058 0 0 0.2360846400260925 0 0 0 0 0 0.5607527494430542 0 0 0 0 0 0 0.09662403166294098 0 0.4442575946450233 0 0.9190815091133118 0 0 0 10.16198524832726 0 0 0 0 0 0 0 0 0 4.825871095061302 0.15393927693367 0 0 0 9.028696745634079 1.604495763778687 7.026881366968155 0.3613740801811218 0 0.1700269430875778 0 0 0 0.07124034315347672 0 0 0.1810568422079086 0 0 0 2.15671968460083 1.908686801791191 1.895005136728287 204.6242008954287 9.079561211168766 187.3418865203857 24.83900745213032 786.2392935007811 14.70146859437227 1.37595508992672 2.542671330273151 12.35540223121643 0.8813218474388123 2.178222000598907 2.128434419631958 31.49881237745285 0 0 0 2.356598675251007 0 492.5417440831661 16.30146142840385
2363.407531537116 2715.581081025302 1359.024428322911 1387.51819704473 2395.527984403074 118.5595694929361 2354.691273212433 350.5195758491755 1448.768028765917 2498.246806263924 1270.447551116347 258.8948194608092 1296.291101574898 1807.080767728388 29.6022342145443 8.530882120132446 0.9592377841472626 0.2257035970687866 0.08773580938577652 0.1193243190646172 0.2018754035234451 0 0.1387654989957809 0.3647778034210205 0.4221989214420319 0.4598864316940308 0 0.3297019824385643 0.304928183555603 0 1678.856883712113 7.129300057888031 89.04215158522129 0 0 0 47.00777000188828 0.754241369664669 1.8738112449646 0 0.8912071660161018 0.1345386505126953 0.2538464367389679 2.744418613612652 0.1470926553010941 0.296382263302803 426.0329852625728 13.59609536826611 1.5592445358634 2.295665055513382 1.230369612574577 0.1274335831403732 0 0.1170230433344841 27.25278385728598 62.66931827366352 105.2378731518984 271.0782387852669 49.76474867761135 135.9142765179276 0.6163939610123634 1.438314393162727 0 176.9966190159321 37.5451862886548 14.79462100565434 5.936962991952896 4.350731320679188 1.097467891871929 1.560708366334438 17.71355727314949 3.735239744186401 0.1783745288848877 743.74661359936 189.8453468456864 270.7133424952626 55.02892341464758 7.542394950985909 1.43121775239706 105.8990156874061 1.899823769927025 3.242180667817593 104.0553655177355 0.1311676204204559 21.62050869315863 29.61848869174719 6.350309140980244 0.5650847628712654 4.90644682943821 0.1038768738508224 1.387222617864609 0.1125045567750931 0.8330688923597336 0.1952574998140335 0.596921406686306 20.1469137147069 4.491099365055561 0 10.713787779212 1363.583527073264 1.061474554240704 6.853981107473373 10.99379632622004 21.03286834061146 6.894810602068901 59.65113615989685 9.197465375065804 54.99800831079483 44.45366855710745 12.2995432689786 10.53332556784153 38.23808185756207 60.93062117695808 47.46911268681288 37.20693904161453 0.6215638220310211 0.2689774930477142 0 0.2132149934768677 0 0 0 0 0 0 0.3480663299560547 0 0 0 0 0 0.2691954076290131 0 0.2277400195598602 2.025179848074913 12.79658575356007 0 0.4815002083778381 0 12.52704363316298 2.89854496717453 8.919938966631889 8.143671482801437 1.050715684890747 0 0 0 0 0 0 0 0 1.344873532652855 0 0 0 0.2344178631901741 0 0.09938627481460571 0.496190994977951 0.2895205318927765 0.6378771364688873 0 0 1.259889096021652 0 20.73800671100616 0.3392508178949356 0.3532408177852631 0.2245893627405167 0 0 0 0.305768147110939 0 0 15.84653782844543 2.760371491312981 0 0 0 23.97200077772141 4.051590830087662 9.171387180685997 0 1.0225430727005 1.325140699744225 0 0 0 0.5221160128712654 0.1896051242947578 0 0.8991886824369431 0 0 0 9.59719979763031 4.304577238857746 7.239287823438644 884.2647176384926 31.52445988357067 940.1608050018549 172.5417629629374 914.4947261363268 97.73901998251677 11.35597529262304 38.36518445611 29.29619041830301 0 4.385607808828354 2.881783202290535 44.14009226858616 0 0.07375872880220413 2.681464850902557 13.59397752583027 3.716450892388821 709.0327230021358 23.81880366802216
660.0465539619327 1359.024428322911 1299.269349366426 151.6690127179027 1345.394423574209 14.3622153699398 54.08686931431293 2678.374313384295 385.1215749904513 584.1859823539853 2331.770587526262 102.7975897043943 336.9514361396432 1029.720045931637 23.71368401497602 10.95763190090656 3.148169174790382 0.5346200466156006 0.1059077605605125 0.2252002507448196 3.328668773174286 0 1.267412014305592 2.362540312111378 4.783163346350193 1.790407352149487 2.251979894936085 1.487550616264343 0.2568807676434517 0.4302428364753723 5498.14648668468 228.4820893257856 151.0143056511879 0.1599437296390533 0.7840034738183022 2.530907094478607 105.2781687602401 8.033325478434563 7.564215607941151 3.359103694558144 10.54128839075565 5.552628748118877 0.2310094013810158 1.977679446339607 0.2137239500880241 0.1309155523777008 102.2098553627729 3.544730864465237 0.5911893472075462 2.35661505907774 1.736900292336941 0.3202756196260452 0 0.5653820186853409 7.458679132163525 17.35351490974426 58.0710830911994 254.5136028900743 23.86848866194487 34.26672288775444 4.222741596400738 5.243756636977196 0 190.6617742553353 11.77104409039021 4.080420814454556 0.9493743255734444 2.305265933275223 2.276468373835087 10.9247839897871 33.50268496572971 10.91007886826992 0 286.4286615401506 72.30170825123787 80.84833904355764 32.56849080324173 8.914254009723663 34.13833060115576 832.0810699909925 1.899325713515282 115.68741106987 30.71108917146921 0.08594762533903122 7.486372925341129 7.079131171107292 2.26607058942318 0.1016233041882515 1.260176472365856 0.1138213649392128 0.8245987594127655 0.351238340139389 10.64088571071625 5.873563148081303 2.574766099452972 11.75499133765697 2.677292004227638 0.4872376024723053 24.53229110687971 567.5205481052399 1.144902288913727 0.3339153230190277 3.281498193740845 6.718338817358017 5.428875878453255 17.57276360690594 5.112973600625992 17.32899437844753 14.34976927936077 5.859229251742363 1.561003848910332 10.56897977739573 22.53502044081688 16.5523272305727 14.70310473442078 0 0 0 0 0 0 0 0.5443361401557922 0 0 0.3138682246208191 0.2652487456798553 0.121303454041481 0 0 0 0 0.1638756692409515 0.2466451674699783 1.334575608372688 3.66468320786953 0 0.3063074052333832 0 9.011817149817944 0 5.358330756425858 3.366195477545261 0.9906532615423203 0 0 0 0 0 0.3671996146440506 0 0.5520812273025513 0.2794926464557648 0 0 0 0.2941737771034241 0 0.2148063629865646 0 0.1925122812390327 0 0.55013307929039 0 0 0 16.30299293249846 0 0 0 0 0 0 0 0 0 6.692702330648899 1.98391929268837 0 0.1405583918094635 0.8352367728948593 12.25446002185345 0 8.93778458237648 0 0 0 0 0 0.1685779392719269 0.0842941552400589 0 0 0.279890701174736 0 0.2091173678636551 0.1737580746412277 4.416113555431366 1.989638313651085 8.022704288363457 257.317573979497 12.44494820386171 236.3030361756682 58.16751106083393 309.6720752865076 18.00060385465622 2.465444497764111 11.07958143949509 12.64613076299429 0 3.184513948857784 3.823671460151672 11.47815266251564 0.6170466542243958 0 0.9350976943969727 8.365809306502342 1.723769262433052 185.6151304244995 9.611950941383839
2475.553382083774 1387.51819704473 151.6690127179027 260.7398216575384 231.6432302519679 415.380154132843 203.7557153403759 5.465191133320332 42.45973193645477 1602.231675460935 50.35236038267612 219.5679081678391 395.5796285569668 207.2573193311691 1.056919768452644 0 0.08848152309656143 0 0.1029388532042503 0.09112800657749176 0 0 0 0 0 0 0 0.08188166469335556 0 0 86.38049039244652 0.2811099514365196 5.025462232530117 0 0 0 3.578644305467606 0 0 0 0.1256890892982483 0.08788539469242096 0 0.2455889955163002 0 0 45.0170309394598 2.85032107681036 0.2211215049028397 0.4574065208435059 0.2150751724839211 0 0 0 5.960675626993179 11.11963135749102 20.07233254611492 40.453826777637 11.52989443391562 23.14684032648802 0.1130622774362564 1.675486505031586 0 4.861874103546143 6.469851069152355 3.049970038235188 0.8212133496999741 0.9771752506494522 0.126492828130722 0 1.290102601051331 2.839741230010986 0 172.4086636081338 15.76261667907238 29.28733374923468 0.6425972878932953 0 0.2061587497591972 1.909383118152618 0 0.2016893848776817 18.31272863596678 0.2448825463652611 3.746982388198376 3.571810945868492 0.6062625795602798 0 0.8200981095433235 0 0.2245617732405663 0 0.3827899321913719 0.1762076914310455 0 16.06922654807568 2.652238368988037 0 0 514.2535369694233 1.40952380001545 2.568043366074562 9.068392351269722 5.734340891242027 4.275397300720215 31.43215095996857 0.6796268671751022 20.70857549458742 21.35604923963547 2.665462270379066 5.756981372833252 24.25297849625349 22.47598122060299 22.47020827233791 20.91220123320818 0 0.1474074721336365 0 0 0 0 0 0 0 0 0 0 0 0 0 0 0 0 0 1.234799325466156 4.888053864240646 0 0 0.3823275864124298 6.726475566625595 0 8.512196347117424 4.390171214938164 0 0 0 0 0 0 0 0 0 0.4645108878612518 0 0 0 0 0 0 0 0.2815034836530685 0 0 0.09895604103803635 0 0 12.9796981215477 0 0 0 0 0 0 0 0 0 6.699214339256287 0.7555274665355682 0 0 0.2279660850763321 19.92486606538296 0.9945023059844971 2.281175881624222 0.4621132463216782 0.3215312659740448 0 0 0 0 0 0 0 0.4239597171545029 0 0 0 3.715372502803802 4.665848940610886 3.568325608968735 92.88298538327217 6.484550938010216 141.0089334025979 22.45518497377634 417.4102292507887 12.17858465015888 1.105872608721256 2.023879453539848 10.61349114775658 0 2.959207326173782 1.63212126493454 38.25947155058384 0 0 0 0.3750744462013245 0 407.453122459352 14.83531814813614
151.3825212568045 2395.527984403074 1345.394423574209 231.6432302519679 4681.928941428661 7.143970847129822 2615.451711796224 460.551148429513 6230.91773198545 1009.370633594692 1971.351381227374 149.2479644566774 542.7516323402524 1241.840470202267 23.93297711014748 7.540569275617599 0.6317537873983383 0.2404541969299316 0 0 0 0 0.3076891973614693 0 0 0.2386667281389236 0 0.1328754276037216 0 0 203.2847993671894 7.587351471185684 5.488316066563129 0 0 0 2.232239946722984 0.3174210786819458 0.1148614883422852 0 0.3108561262488365 0.2487373501062393 0.1059205159544945 1.525556229054928 0.1021929979324341 0.1539159268140793 190.1038762405515 3.483599469065666 0.4844468981027603 1.436661660671234 0.4922185987234116 0 0 0.2390406057238579 5.063840262591839 10.69290059059858 24.26861818879843 54.83929820358753 10.73672974854708 48.83999393135309 0.4926595538854599 0.5765533521771431 0 125.0823682770133 9.636712551116943 4.834973633289337 1.418713487684727 1.393001712858677 0.2002014890313148 0.2185560315847397 1.170886248350143 3.013061702251434 0 139.4641297236085 98.21760651469231 125.8416701480746 58.41037940979004 8.06871285289526 1.006824284791946 6.512350849807262 1.279036678373814 1.548071712255478 27.04769191890955 0 6.64171252399683 7.558062851428986 0.7430515363812447 0 1.080605179071426 0 0.2784086391329765 0 0.3320904448628426 0.1970739439129829 0 17.30641958117485 1.275212675333023 0 1.088590204715729 62.03262963891029 0.3761184960603714 1.042926840484142 8.447511285543442 2.756136521697044 9.238184317946434 26.90098683536053 2.287334218621254 24.50051681697369 21.76807413995266 8.610357671976089 7.331851974129677 22.44611118733883 43.7269853875041 34.07898017764091 25.27316698431969 0 0 0 0 0 0 0 0 0 0 0 0 1.747176349163055 0 0 0 0 0 0 1.18216934800148 6.030422434210777 0 0 0 12.2613387927413 0.3436800241470337 7.293649144470692 3.580107852816582 0.1299556046724319 0 0 0 0 0 0 0 0 0.3028342127799988 0 0 0 0 0 0 0 0 0.4103118777275085 0.1271790117025375 0 0 0 15.07788549363613 0 0 0 0 0 0 0 0 0 11.12082920968533 1.982077598571777 0 0 0 24.0655532926321 2.636269509792328 5.651680469512939 0.4295565485954285 0 0.6437314078211784 0 0 0 0 0.1265365332365036 0 0.08800006657838821 0 0 0 7.310830399394035 6.480321615934372 6.32975734770298 441.0927656665444 14.22948779910803 322.6275154128671 84.9259841889143 76.79455963522196 30.42895589768887 3.392700925469398 24.44553351402283 14.16956952214241 0.3907354474067688 6.007351323962212 1.499999225139618 11.81814014911652 0 0 0 7.977509453892708 2.478957705199718 89.24882936477661 15.99121221899986
48.12418660521507 118.5595694929361 14.3622153699398 415.380154132843 7.143970847129822 1.155194580554962 35.27630659937859 2.582883134484291 1.584152221679688 418.2187684029341 8.598219394683838 101.9212654829025 85.72330792248249 27.05976745486259 0.3256740793585777 0.3468217104673386 0.4140468388795853 0 0 0 0 0.2800837010145187 0 0 0 0 0 0 0 0 4.575516685843468 0 24.08003127574921 0 0 0 44.33482439815998 0.5872483998537064 1.884246036410332 0 0 0.1977964341640472 0 0 0 0 1.714238718152046 0 0 0 0 9.228514909744263 1.465954914689064 0 0 3.131611555814743 100.175224930048 10.7993232011795 12.66430431604385 0 0 1.48827175796032 0 0 0 0.1145311743021011 0 0 0 0 87.34228138625622 366.2144411951303 8.140012204647064 2.658445835113525 0.1127632185816765 0.3203186020255089 0 0 0 6.313482284545898 0 0.1682421118021011 0 4.224079377949238 0.1154770478606224 0.7267094850540161 0.1180472522974014 5.411462754011154 3.722392968833447 20.60164314508438 1.477662488818169 8.410961709916592 0.1968118995428085 0 1.166136860847473 334.3034079521894 350.1709202080965 18.32208240032196 45.98880679905415 276.3036770224571 0 0 0 0.4407954812049866 0.9294672608375549 3.331832252442837 0.1660631597042084 4.763448119163513 3.501627489924431 0.4469108134508133 0.6683219522237778 0.7126038819551468 4.297531686723232 2.255854904651642 2.733938962221146 0 0 0 0 0 0 0 0 0 0 0 0 0 0 0 0 0 0 0 0.4816024601459503 2.746923446655273 0 0.2021840065717697 0 1.877319499850273 0.4468072652816772 2.427255690097809 0.7286699116230011 0.133441761136055 0 0 0 0 0 0 0 0 0 0 0 0 0.5211744830012321 0.1533038020133972 0 0 0 0 0 0 0.8291471153497696 0 1.007937982678413 0 0 0 0 0 0 0 0 0 0.4258619695901871 4.965457752346992 0 0.3046591579914093 0.1540071070194244 0.7955170720815659 0 0.9421139657497406 0 0 0 0 0 0 0 0 0 0.174350306391716 0.2300820797681808 0 0 1.163653060793877 1.68729105591774 2.028032213449478 9.272070899605751 0.3926334008574486 2.546127766370773 0.5035709142684937 208.8904835432768 2.268115624785423 0.1261902898550034 0 2.774854749441147 0 1.461260080337524 0 0 0 0 0 0 0 100.2998330667615 5.806608185172081
316.387463979423 2354.691273212433 54.08686931431293 203.7557153403759 2615.451711796224 35.27630659937859 615.0423380658031 47.64925212413073 1774.405825376511 1895.696055777371 409.5362524464726 553.5167781114578 3632.832860648632 3110.140190072358 15.75165356695652 5.677245981991291 0.8543897345662117 0.1023788750171661 0.2421421110630035 0 0 0.1473744511604309 0 0.2066138759255409 0 0.1179761588573456 0.1254313141107559 0.1593875139951706 0 0 63.73806292563677 2.153081811964512 4.039870902895927 0 0 0.1054378747940063 3.219336777925491 0.1407897770404816 0 0 0.08445902913808823 0 0 0.7606353685259819 0.1248327195644379 0.4394360259175301 133.4772988036275 5.144134268164635 0.3726110309362411 0.9967431053519249 0.8837598860263824 0 0 0.2838344126939774 5.772808462381363 12.86179803311825 17.42470256984234 39.27180487662554 9.39961963146925 41.38955366611481 0.2068957313895226 1.772388070821762 0 64.58067118376493 9.599070250988007 3.445417061448097 0.5995120108127594 1.690601237118244 0.1939636766910553 0.3026497513055801 1.160923764109612 4.755137473344803 0 133.0625501573086 60.16101951152086 85.23085013777018 35.34210924059153 6.147892348468304 0.6346395537257195 2.30662077665329 0.874324657022953 1.342956133186817 23.03233005106449 0.1363310664892197 5.624427907168865 6.674754656851292 1.354916505515575 0 0.9212487488985062 0.2313263118267059 0.3088413998484612 0 0.4101416990160942 0.09257649630308151 0.2326914444565773 38.82178822159767 2.175170615315437 0 0 69.59479529410601 3.648676469922066 13.52974480390549 60.40574067085981 30.62292550504208 11.29858638346195 61.67777052521706 10.44591785222292 57.2866238951683 54.12426991015673 28.73405978083611 8.197882771492004 37.89715633541346 75.2707632407546 52.23135813325644 34.28555034101009 0.1457242965698242 0 0 0 0 0 0 0 0.2639688849449158 0 0 0 0 0 0 0 0 0 0 2.10973509401083 4.256188690662384 0 0 0 11.81769782304764 2.055157855153084 10.7227216437459 7.854777917265892 0.8202596604824066 0 0 0 0.4071746468544006 0.1494880616664886 0 0 0.6881901621818542 2.470522038638592 0 0.4119168967008591 0.09330739080905914 0 0 0.553638368844986 0.3267576470971107 0.2044264301657677 0.7651519328355789 1.431886807084084 0.6185102909803391 0 0.1825253516435623 32.40802074968815 0 0.4774740561842918 0.1189003810286522 0 0 0 0 0 0 18.19621320068836 5.665378615260124 0 0 0 28.81588423252106 5.92722025513649 10.39375905692577 1.034033358097076 2.335961893200874 1.967687271535397 0.2984332144260406 0.1303219050168991 0 0 0 0 0.2182160094380379 0 0 0 15.65918207168579 5.636697515845299 10.09143447875977 382.2314337864518 12.32931344211102 275.8087322637439 66.7917949333787 163.9416360259056 35.58069392293692 5.648184135556221 23.38041526079178 23.14046891033649 0.6431953608989716 9.682462625205517 2.338028445839882 26.28933051228523 1.005979388952255 0 0 6.516022570431232 2.074669554829597 321.1464818939567 50.25566453486681
204.2120829820633 350.5195758491755 2678.374313384295 5.465191133320332 460.551148429513 2.582883134484291 47.64925212413073 1534.602664381266 637.2194384932518 142.8358886018395 1983.533794619143 107.9993829578161 446.2127421796322 2106.292545162141 51.81901523470879 26.70645286887884 4.637091144919395 1.915130138397217 0.2099099159240723 0.2447905391454697 6.928867906332016 0 4.097405798733234 2.817946255207062 13.13489334285259 6.056350044906139 2.002887509763241 1.84459263831377 2.372022822499275 0.3514807224273682 1818.423171214759 963.9741669669747 227.0060011520982 0.279576912522316 4.562347739934921 6.887584023177624 136.8420326039195 36.50768814980984 28.04952145367861 7.670504197478294 16.76190778613091 6.466835081577301 0.490254245698452 5.555911473929882 0.7550866156816483 3.201214827597141 157.7902015447617 2.071350827813148 1.348272427916527 2.945867948234081 1.55400675535202 1.174976587295532 0 1.957274705171585 5.030819036066532 9.719931453466415 36.67659270763397 177.1628253832459 11.70965909212828 33.39149494469166 36.23685396462679 37.18967886269093 0.1361487507820129 523.3844001889229 6.247822418808937 4.967424854636192 2.196399286389351 1.89744458347559 2.908382661640644 18.10420976579189 36.81288640201092 7.564232878386974 0.1846751570701599 158.284954868257 114.3743986785412 128.8006019741297 103.4195093140006 51.14323788881302 875.6331691220403 2123.439560800791 22.76042427867651 580.6049609184265 16.7672386392951 0.1446140706539154 4.712015122175217 5.046938262879848 1.899899087846279 0.1987092345952988 0.9065393656492233 0 0.3762390911579132 1.910616740584373 16.75885673612356 8.718066267669201 4.975961767137051 18.10454331338406 5.848792389035225 0.285932183265686 70.66237211227417 181.4797994568944 0.6002184748649597 2.086615324020386 3.405824482440948 2.071559846401215 0.6930881291627884 11.22178328037262 1.196942672133446 7.482596188783646 8.246680155396461 3.022047206759453 5.407250985503197 9.823545187711716 19.89357006549835 13.329161465168 15.05611181259155 1.504240185022354 0.1343901306390762 0 0 0 0 0.1586301028728485 0 0.1836170703172684 0 0.7787209153175354 0 0.2700052559375763 0 0 0 0.2412488758563995 0.6767719835042953 0 0.2641919851303101 3.620889037847519 0 0.6444692239165306 0 8.239817500114441 2.091404266655445 10.40928103029728 8.586592264473438 3.46916326880455 0 0 0 0 0 0 0 0.4763302206993103 0.6198347359895706 0 0 0 1.29463554173708 0.3027643263339996 0 0 0 0 0 0.176076352596283 0 1.849022150039673 13.60848233103752 0 0 0.09810607880353928 0.157398521900177 0 0 0 0 0.3157859593629837 5.450541898608208 2.342947140336037 0 0.1147832348942757 0.4652994722127914 13.5520601272583 0 8.436334326863289 1.00933313369751 0 0.8525797873735428 0 0.2978395074605942 0 0.1874296590685844 0 0 0.1362527310848236 0.6277517974376678 0.2318417727947235 0.1922876089811325 3.089081376791 6.163561150431633 7.300529032945633 458.8291961327195 9.962692558765411 302.4415623024106 119.1812307611108 96.77981267124414 14.34793580323458 2.681391812860966 19.48292364180088 10.46151151508093 0 3.588189825415611 4.787621200084686 4.77823007106781 0 0 0.4221703708171844 19.55063085258007 4.709586203098297 76.51836415380239 8.406636536121368
18.34177683293819 1448.768028765917 385.1215749904513 42.45973193645477 6230.91773198545 1.584152221679688 1774.405825376511 637.2194384932518 758.8638949990273 321.2785145640373 1358.396136790514 131.6723261475563 846.6890614777803 791.6013215258718 10.23601134121418 4.060246966779232 0.1345867067575455 0.2496223002672195 0 0 0 0 0 0 0 0 0 0 0 0 22.14410480111837 2.256481885910034 4.468869835138321 0 0 0 5.227449670433998 0.363602340221405 0 0 0 0 0.1005723997950554 0.6901644170284271 0 0.1214358285069466 43.63000202178955 1.218989580869675 0.1344956904649734 0.1076828017830849 0.1106476187705994 0 0 0 0.7903811410069466 1.322926037013531 2.913382582366467 8.138202361762524 1.875477023422718 9.376344762742519 0.3355323001742363 0.1067124903202057 0.8297345042228699 31.25830338150263 1.218359172344208 0.7771733850240707 0.2176593467593193 0.5291507542133331 0.1059730052947998 0.098908431828022 1.601204454898834 0.6136676073074341 0 21.45788408070803 25.76640666276217 40.75926119834185 25.1358737796545 5.809550561010838 0.3987676948308945 3.545409619808197 0.1029731333255768 0.1189647391438484 3.56157162040472 0 1.132636174559593 0.9733200743794441 0.1910510361194611 0 0.21790911257267 0.1399718075990677 0.1373237669467926 0.4181088805198669 0 0 0.1332117021083832 16.60741312801838 1.13201892375946 0 0.1773145794868469 6.036362372338772 0 0.3727099448442459 5.598307147622108 3.443742275238037 3.473488748073578 26.80964826047421 0.377507746219635 17.5789844840765 14.98517078906298 5.957293957471848 1.952212616801262 14.65940800309181 30.61380319297314 22.56921948492527 20.12216801941395 0 0 0 0 0 0 0 0 0 0 0 0 0 0 0 0.5864702761173248 0 0 0 0.8899378925561905 1.369307115674019 0 0 0 4.011477589607239 0.2259650081396103 4.971040055155754 2.785616010427475 0.1566933393478394 0 0 0 0 0 0 0 0 0.4387248903512955 0 0 0 0 0 0 0 0.09459818154573441 0 0 0 0 0 11.41490404307842 0 0 0 0 0 0 0 0 0 8.568036064505577 1.1115992218256 0 0.1663497239351273 0 10.49168717861176 1.040808588266373 9.310354247689247 0.3865160048007965 0 0.3449161350727081 0 0.3487584888935089 0 0 0 0 0 0 0 0 7.814067855477333 3.49437341094017 4.756524153053761 163.3993486091495 3.412618793547153 77.13229011744261 24.17259407788515 16.14212785661221 6.423901125788689 0.1726682931184769 10.25779409706593 8.299271956086159 0 2.965455293655396 1.702409699559212 1.141013085842133 0 0 0 7.049629017710686 0.1617362946271896 48.06397735327482 16.80604031682014
1546.61622390151 2498.246806263924 584.1859823539853 1602.231675460935 1009.370633594692 418.2187684029341 1895.696055777371 142.8358886018395 321.2785145640373 2077.655101083219 193.8667991608381 1551.249490633607 7513.82150810957 1011.200327083468 6.007572494447231 2.328098550438881 0.1179077103734016 0.1189817786216736 0 0 0.2310815751552582 0 0 0 0.3386128544807434 0.1072505861520767 0.1357153058052063 0.1323084533214569 0.1883307546377182 0 71.09809201955795 1.404818691313267 101.2118538692594 0 0.07856186479330063 0 125.5160628408194 0.3350121527910233 0 0.1597532778978348 0.1198389902710915 0 0 0.6270716041326523 0 0 122.4544364213943 4.437398187816143 0.09421928972005844 0.503067746758461 0.4624715149402618 0 0 0.1545571535825729 3.928066767752171 15.45896691828966 38.66938641667366 39.93543702363968 13.54713363945484 35.00835410505533 0.2090840935707092 1.69027628749609 0 40.40210798382759 6.888538211584091 4.872148975729942 0.9511702284216881 0.9062532484531403 0.1799781769514084 0.3371250331401825 74.46671859920025 6.407350480556488 0.2920681238174438 169.9840255007148 31.71709752082825 53.39336961507797 10.28158882260323 1.892902009189129 0 11.7486914396286 0.4769993424415588 1.431699402630329 25.14174900203943 0.1124925091862679 3.914897322654724 4.881567023694515 0.8875110372900963 0.2042907327413559 1.346635051071644 0 0.5111860632896423 0 0.3546289354562759 0.09109234064817429 0.2790033668279648 360.4669156074524 245.8806396573782 0 9.9579798579216 347.2641310319304 5.275095656514168 26.54612031579018 45.54669802635908 62.04110101610422 20.63768900930882 182.4251800179482 18.24979078769684 151.8562599867582 128.5796899348497 50.56451363861561 26.72249701619148 103.6298391446471 183.4670785591006 143.3089149743319 84.29091323167086 0.3318355679512024 0.1074321866035461 0 0 0 0 0 0 0 0 0 0 0.6448862552642822 0 0 0 0 0 0 6.365613512694836 23.10050816833973 0 0 0 29.01984294503927 2.937091767787933 25.71894820034504 19.30497896671295 0.4767069816589355 0 0 0 0 0 0 0 0.2910029739141464 1.057743988931179 0 0 0.3851746618747711 0.5521066784858704 0 0.245079018175602 0 0.185919962823391 0.709979772567749 1.850438594818115 0.5705625936388969 0 0 55.46551293134689 1.101485908031464 0.1111283898353577 0.1008629873394966 0 0 0 0 0 0 34.26196435838938 6.795617908239365 0.3634629547595978 0 0 51.76023375988007 3.459484577178955 30.88262577354908 1.219993710517883 0.1649038642644882 1.201298102736473 0.4922916814684868 0 0 0 0.4349439293146133 0 0.562444381415844 0.1315970420837402 0 0 39.5657574981451 14.05814154446125 18.06841166317463 356.3038249462843 8.977305233478546 273.4185380041599 63.19593569636345 834.876255095005 27.64068737626076 1.158644646406174 17.02883718162775 52.52969744801521 0 9.716891922056675 4.463032655417919 113.5853017121553 0.2617637813091278 0 0 8.857593879103661 2.959465354681015 1856.913754448295 157.430081397295
206.1985776424408 1270.447551116347 2331.770587526262 50.35236038267612 1971.351381227374 8.598219394683838 409.5362524464726 1983.533794619143 1358.396136790514 193.8667991608381 1284.423800453544 136.5016406029463 2072.682541787624 3286.31400988996 23.54660318046808 8.210736773908138 0.6269685924053192 0.2850278690457344 0.1329494118690491 0 0.1108240708708763 0 0 0 0.3948973417282104 0 0 0 0.281948521733284 0 288.521135404706 37.19137196242809 354.2219441905618 0 0 0 217.3349112272263 4.905749127268791 7.232257634401321 0.5651077628135681 0.6467074453830719 0.6711026430130005 0.1052909716963768 1.418221369385719 0.3000100553035736 0 61.40450292825699 0.9004044830799103 0.4037444591522217 0.7653256952762604 0.1933802142739296 0.1517307162284851 0 0.3135941326618195 1.312764167785645 4.74258378893137 12.45501187443733 28.57607462257147 3.897053740918636 15.83115267753601 0 7.879515677690506 0 40.69655556976795 4.104343563318253 2.312520563602448 0.593463271856308 0.4719281792640686 0.2329923734068871 0.7839589491486549 54.89180024713278 3.181899011135101 0 61.54920465499163 35.52190291136503 49.90432765334845 27.88098099827766 10.24343176186085 18.63576519489288 218.1307917013764 0.3500746339559555 18.80964511632919 7.48564138263464 0.1035067141056061 1.268964909017086 2.151325508952141 0.6140548884868622 0.09417884051799774 0.6094513908028603 0 0.777190774679184 0.2666949778795242 0 0.09903260320425034 0.7736799865961075 32.67308767139912 6.013157069683075 0 28.79164391756058 93.31393931806087 0.2370508164167404 2.185408294200897 3.443340003490448 1.945937156677246 2.793370202183723 20.25217722356319 3.336164236068726 18.98326914012432 10.70087615400553 4.658498421311378 6.860188633203506 13.77111485600471 34.50511281937361 23.43527974188328 26.85691818594933 0 0 0 0 0 0 0 0 0 0 0 0 0 0 0 0 0 0 0 0.1395595520734787 4.037216007709503 0 0 0 5.843702271580696 0.2332772463560104 7.296621516346931 3.370534159243107 0.4666715562343597 0 0 0 0 0 0 0 0 0 0 0 0 0.4438204169273376 0 0 0 0 0 0 0 0 0.4911245703697205 11.86222873628139 0 0.2573914527893066 0 0 0 0 0 0 0.5378817319869995 7.170215286314487 3.481497645378113 0 0 0.1415267288684845 17.07575158774853 0 4.378444164991379 0 0.2150138914585114 0 0 0.1190375238656998 0 0 0.1357000917196274 0.576066792011261 0 0 0 0 5.610372975468636 5.812168151140213 3.925777673721313 254.6194119602442 5.027881771326065 126.8430272564292 51.47156081348658 69.97339779138565 9.422763839364052 0.3980954065918922 9.454192616045475 4.914071694016457 0 3.66872314363718 1.245910570025444 7.400320626795292 0 0 0.8957324028015137 8.782862961292267 0.1999145150184631 81.4456433057785 15.19246374070644
112.4067611396313 258.8948194608092 102.7975897043943 219.5679081678391 149.2479644566774 101.9212654829025 553.5167781114578 107.9993829578161 131.6723261475563 1551.249490633607 136.5016406029463 50.05314399302006 844.8369340002537 257.8895478695631 4.325032085180283 0.9626557305455208 0.2908468320965767 0 0 0 0 0 0 0 0 0 0 0 0 0 10.44280719012022 0.4796911254525185 34.62214271724224 0 0 0 160.9133652895689 0 0.6123606264591217 0 0.09796975553035736 0 0 0.3110442161560059 0 0.1231827735900879 9.812032282352448 0.1039644852280617 0 0.131340429186821 0 0 0 0 0 0.1112622767686844 2.342470929026604 1.079275406897068 0.9111467376351357 0.9036968126893044 0 0.5989842414855957 0 1.50445568561554 0.4759530946612358 0.1087198108434677 0 0 0 0 114.8808014839888 3.290427893400192 0 4.36174526065588 2.465069502592087 5.359671920537949 3.217023767530918 1.41158551722765 0.1094930619001389 9.524662658572197 0.1394075453281403 0.4211933612823486 0.5771456509828568 0 0.124219223856926 0.08775075525045395 0 0 0 0 0 0 0 0 0 521.0442958027124 45.03738002479076 0 35.43544703722 49.15010496973991 1.916875079274178 6.727002263069153 21.73608799278736 19.22706757485867 10.91635681688786 105.8917080014944 7.324053958058357 78.40310870856047 73.22193779796362 29.86199435591698 18.82468315958977 71.29781868308783 152.2341687679291 121.5545344799757 89.99698559939861 0.5891051515936852 0.2779828459024429 0.1977528482675552 0 0 0 0 0 0 0 0 0 0 0 0 0 0 0 0 1.705215588212013 9.560160905122757 0 0 0.1345610320568085 20.41158752143383 1.277931466698647 11.81601813435555 5.763778656721115 0 0 0 0 0 0 0.342764750123024 0 0.167683944106102 0.1350481510162354 0 0 0 0.2959703505039215 0.454102411866188 0 0.1324614733457565 0 0.5010576993227005 0.5709267482161522 0 0.1469201743602753 1.091269850730896 26.60270872712135 0 0 0 0 0 0 0 0 0 38.81931287795305 2.190199598670006 0 0.3625778555870056 0 32.1218605786562 1.907481506466866 5.242689609527588 0.8202831745147705 0.7249000519514084 2.157328762114048 0.5727082490921021 0.8473899513483047 0.09346213936805725 0 0 0 0.1392742395401001 0.1346761435270309 0 0 44.71702840924263 9.719251230359077 9.085958547890186 76.51496758311987 0.6518349051475525 17.30507152527571 12.02497885376215 102.023069165647 1.943959087133408 0.1246969699859619 1.196363061666489 19.02157367020845 0 9.453132607042789 3.841873742640018 23.56233265995979 0.3684968799352646 0 0 0.7755359411239624 0.8423378169536591 625.2426213026047 81.55236432701349
123.1901163607836 1296.291101574898 336.9514361396432 395.5796285569668 542.7516323402524 85.72330792248249 3632.832860648632 446.2127421796322 846.6890614777803 7513.82150810957 2072.682541787624 844.8369340002537 2321.287551164627 4097.513949811459 25.34096502512693 10.01827132701874 1.528341948986053 0 0.2744113206863403 0 0 0 0 0.1254577487707138 0.2485683113336563 0.3655905425548553 0 0 0.151495024561882 0 59.02861356735229 1.803029768168926 233.9487829208374 0.1079383864998817 0 0 214.5402198135853 1.560632087290287 1.08052234351635 0.2381711825728416 0.1019031256437302 0 0.1364224553108215 2.027534656226635 0 0.2414392530918121 76.76243940740824 0.7653461098670959 0 0.1363910138607025 0.1174658015370369 0.1122421622276306 0 0.1390264332294464 1.977952718734741 2.811257883906364 9.455785319209099 11.26954559236765 3.593986354768276 10.54664488136768 0 1.871875338256359 0 34.47655883431435 2.441784486174583 1.341664530336857 0.213021457195282 0.2258118838071823 0 0.2953992560505867 110.6084962487221 8.203794032335281 0 33.77212817966938 26.28711491078138 52.39549531042576 32.13084430992603 11.50757727771997 1.385419718921185 110.0191338583827 0.3327316641807556 1.36384329199791 5.125391609966755 0 1.039693884551525 0.9831682071089745 0.4414892122149467 0 0.1876278594136238 0 0 0 0 0 0 807.9340912997723 24.9922461360693 0 28.46371341496706 68.43450821191072 5.43312830477953 7.575888119637966 42.72907779365778 34.76375464349985 26.01187566667795 188.9675091728568 16.74974367767572 155.0630602091551 120.3605407699943 53.82518664002419 28.40789031982422 140.7323171570897 279.3218047171831 228.139594309032 170.1143985837698 0.8520026281476021 0.1211067587137222 0.1894300282001495 0 0 0 0 0 0 0 0 0 0 0 0 0 0.2405610829591751 0 0 5.336477488279343 22.81552404165268 0 0.2810654640197754 0 45.08708801865578 3.725476413965225 33.08612117171288 14.49849918484688 0.8205420970916748 0 0 0 0 0.3445437848567963 1.544588044285774 0 0.1911164969205856 2.705112509429455 0 0 0 0.3933590352535248 0.154935747385025 0.3547700941562653 0.1120387837290764 0 1.539822272956371 1.837726682424545 1.21736615896225 2.617346286773682 2.687286078929901 71.72330114990473 0.2339208573102951 0.3719258159399033 0 0 0 0 0.1914395242929459 0 0 69.71906962990761 6.165674343705177 0 0 0.1329565346240997 85.57918919622898 4.903166532516479 35.34853196889162 0.2781128510832787 2.233250886201859 2.524769268929958 0.6846418231725693 0.2871574014425278 0 0 0.2976280599832535 0 0.219141885638237 0 0 0 70.66194089502096 14.96024802327156 25.92729017138481 366.7002433761954 4.34984116256237 147.0254129692912 79.09506493061781 124.3304344639182 10.15629521757364 0.5605255886912346 13.5898035094142 33.58796313405037 0.4223405420780182 12.3235667347908 9.995696008205414 54.30394870042801 2.066262662410736 0 0 11.22285610437393 1.344528764486313 770.4737332165241 151.7046925574541
181.3834104165435 1807.080767728388 1029.720045931637 207.2573193311691 1241.840470202267 27.05976745486259 3110.140190072358 2106.292545162141 791.6013215258718 1011.200327083468 3286.31400988996 257.8895478695631 4097.513949811459 1120.217370502651 76.84088817238808 30.22085443139076 6.37191816419363 0.5416153967380524 1.202669769525528 1.028211332857609 0.09807473421096802 0.2545886933803558 0 0.1138428524136543 2.927136108279228 0 0.3449993431568146 0.1104352176189423 1.002046763896942 0 215.7347285747528 29.83855009824038 1091.16514647007 0 0 1.189596444368362 1268.457778178155 17.41118997335434 39.17013870179653 2.994629174470901 0.745686799287796 0.6714666336774826 0.2614722177386284 5.931945845484734 0.2046612054109573 1.297717943787575 186.4706527218223 1.758792743086815 0.2348081693053246 1.969487860798836 0.4022891074419022 0.946856290102005 0.5857231914997101 0.7749726548790932 2.070833273231983 6.82262809574604 16.11856005340815 33.2636910378933 5.809437207877636 27.98298069834709 0.4255496859550476 53.81673531979322 0.1827991008758545 117.9144367128611 4.092737585306168 2.003499373793602 0.9479229897260666 0.4565914049744606 0.2120019346475601 0.1053718104958534 219.9814466834068 9.55619715899229 0 82.46610722690821 82.527459025383 153.7311747446656 110.4995560124516 31.78006169199944 13.88125180453062 204.2903648912907 1.861439481377602 103.9413069412112 9.840808153152466 0.2027662619948387 4.056730948388577 2.961314648389816 0.8851484730839729 0 0.5971170738339424 0 0.2398967817425728 0.4477991312742233 0.9684856459498405 0.431208923459053 1.426032446324825 156.6239267140627 20.77751318365335 0 151.5220834165812 78.06496918201447 3.418305486440659 1.808053642511368 33.50445645302534 26.17441786825657 24.16794416308403 131.9328086450696 8.156941309571266 102.8651299774647 86.85971390455961 37.43238247931004 25.12819996476173 75.71397503465414 194.8075367286801 134.0160846039653 120.594639159739 1.100068800151348 1.107309356331825 0 0 0 0 0 0 0 0 0 0 0.1360488682985306 0 0.1212580800056458 0.2268566936254501 0.3901962041854858 0.271311491727829 0.7846076190471649 3.329730398952961 25.04557892680168 0.2571545243263245 1.430678457021713 0 39.44714766740799 1.364623501896858 29.42076708376408 15.07697749137878 1.219617858529091 0 0 0 0 0.2002741247415543 0.3504945188760757 0 0.2175896763801575 2.073711544275284 0 0 0 1.540570497512817 0.3125753104686737 0 0.4774006605148315 0 0.1892851740121841 0.8983687162399292 0.2919539213180542 0.7586645185947418 0.6054864376783371 66.49214514344931 0.8493925034999847 0 0 0 0 0 0.1225315183401108 0 0 45.49813425540924 4.974699825048447 0 0.455097571015358 0.2083789557218552 81.05793751776218 7.526081994175911 33.29231326282024 2.236085750162601 0.6460174024105072 2.184077054262161 0.8269231393933296 0.5374536067247391 0 0 0 0 0 0.8173953294754028 0.4318167567253113 0 53.24426867067814 16.64204231649637 25.64091746509075 901.4207279160619 12.43007242679596 359.4937314763665 166.3029455393553 91.89631570875645 23.38869682699442 2.853009857237339 47.870928786695 38.514255233109 0 11.43470079451799 7.381578199565411 35.08465312421322 0.9722561985254288 0 0 31.27330052107573 3.488963007926941 351.8756025582552 93.7453036904335
