119.8759378939867 3320.34190274775 1029.437408022583 1949.41103734076 81.69372115284204 60.03715787827969 410.8000262230635 77.80867187678814 5.148553863167763 789.2773870751262 205.1007168367505 45.80320117622614 120.187092281878 139.5493464842439 6.636938691139221 2.028463363647461 0.1018810197710991 0 0 0 0 0 0 0 0 0.9737440347671509 0 0 0 0 674.3370174840093 2.965057976543903 41.11072914302349 0 0 0.3449271321296692 13.52744477987289 0.394675999879837 0.382682241499424 0 0.2919342517852783 0.1155634969472885 0 0.4264425113797188 0.1185873225331306 0.1409341990947723 42.71952389925718 1.692930594086647 0 0.1512210518121719 0.4815950691699982 0.2423259541392326 0 0.1141368076205254 15.65548317879438 23.01935613900423 304.4756027981639 755.6615057215095 77.78035192936659 30.49760784208775 0 0.4570239633321762 0 20.40794446319342 5.901513785123825 2.573033772408962 0.4257141798734665 0.7298959419131279 0.4092799574136734 0.7021630108356476 11.97809255868196 2.450887650251389 0 205.310085080564 57.76551769673824 49.4363524094224 2.955560721457005 2.152613371610641 0.7756428346037865 36.94054567068815 0.361669659614563 2.844827398657799 33.54392504692078 0.595186710357666 3.282175444066525 3.86886639893055 0.7243690118193626 0.1704739034175873 0.6829280629754066 0 0 0 0.8454176634550095 0 0.3998364359140396 39.21207055449486 5.348653838038445 0.4378119111061096 3.39011973887682 1129.256565265357 0.3043400347232819 0 5.215762749314308 8.770843863487244 0.9442803710699081 15.50930223613977 4.439890868961811 12.54131148010492 31.63798367977142 19.28789159655571 2.712623879313469 14.00046974420547 28.91482295095921 10.56317302584648 7.685598969459534 0 0 0 0 0 0 0 0 0 0 0 0 0 0 0 0 0 0 0 0.2881122231483459 0.714066743850708 0 0 0 2.16414737701416 0 2.224163562059402 1.525016508996487 0 0 0 0 0 0 0.1564581245183945 0 0 0.1717438697814941 0 0 0 0 0 0 0 0 0 0 0 0 0.2874318361282349 4.94487527012825 0 0 0 0 0 0 0 0 0 3.820434585213661 0.293283224105835 0 0 0 6.386981621384621 0.5277041792869568 6.647965312004089 0 0 0 0 0 0 0 0.2522939443588257 0 0 0 0 0 4.646831095218658 1.989015750586987 3.513895437121391 130.1107549145818 12.36490347236395 170.5822801738977 28.65212263166904 1587.170312441885 7.396653570234776 2.767140671610832 8.950721405446529 9.718895196914673 0 1.871146440505981 0 35.20124945044518 0 0 0.3206167817115784 0.126945436000824 0.9640063047409058 306.3311405330896 33.68599901348352
3320.34190274775 1549.243462495506 891.1982124373317 1897.335404917598 1658.592818044126 216.7980330809951 1896.148437149823 177.0087097883224 1372.646743990481 1927.059454552829 887.3834964632988 148.0482456162572 1378.048364005983 1112.251351304352 59.87061122059822 24.86045984178782 1.631045967340469 0.4872115328907967 0 0.4341119378805161 0.1688330173492432 0 0.2203778177499771 0.6816326156258583 0.1082729250192642 0.507018968462944 0 0.7139014229178429 0.1093063950538635 0 1700.875416852534 8.389265105128288 52.80426895618439 0 0 0.1316041350364685 24.72261015325785 0.1988688707351685 0.7342468127608299 0.0956810861825943 0.7602080330252647 0.5713551267981529 0.3779997155070305 3.178800128400326 0 0.4354968965053558 371.1414250209928 5.269441865384579 0.3175147175788879 1.548003613948822 1.03503555059433 0 0.482390433549881 0.518358014523983 27.56240098178387 54.28622677922249 128.0548879653215 503.9771299809217 88.59726360440254 123.7331377193332 0.4204794391989708 3.437262468039989 0.1035481318831444 214.7916877493262 18.77603097259998 9.417158238589764 0.3179262280464172 4.405659794807434 0.4909383654594421 1.843237847089767 33.88323993980885 6.043920435011387 0.216729111969471 421.6640534847975 217.9600457623601 364.1300866082311 77.17003760486841 22.86011952906847 1.521530069410801 36.47789616882801 1.379261367022991 3.897073619067669 77.32973104715347 1.812960751354694 7.965475887060165 9.827363297343254 1.45589692145586 0.6376775130629539 2.88591492921114 0.189506433904171 0.6843832358717918 0 1.264030262827873 0.7424264252185822 0.685185432434082 14.93619909882545 11.03851519525051 0.1256395429372787 6.010110855102539 926.3989234492183 0 4.34183269739151 8.029851391911507 13.97380855679512 2.408872693777084 38.09122551977634 5.218094192445278 27.90519609302282 39.61847595870495 33.28622419387102 3.671578273177147 34.28353610634804 51.44937685132027 33.16879146546125 13.28503625094891 0.122038796544075 0 0 0 0 0 0 0 0 0 0 0 0.5139673352241516 1.657110601663589 0 0.2937832176685333 0 0 0 0 1.132235407829285 0 0.1721821874380112 0 13.13947409391403 0.324837401509285 9.513878181576729 6.140358656644821 0.6512787044048309 0 0 0 0 0.6634584218263626 0.828809879720211 0 0 0 0 0 0 0.1859528422355652 0.4866820573806763 0 0 0.1883077025413513 0.2865203320980072 1.165812253952026 0 0.5565627217292786 0 21.67899926006794 0 0.2232320308685303 0 0 0.1230990216135979 0 0.1628768444061279 0 0 11.23918475955725 1.170199625194073 0 0 0.1341220587491989 19.91188985109329 0.4383544623851776 11.46309401094913 0 0.6717772483825684 0.7638930156826973 0 0.1180946007370949 0.1163812652230263 0 0 0 0 0 0 0 11.93079474568367 4.428775146603584 7.243205770850182 892.8314437493682 37.59667181968689 656.2836686745286 108.9678565561771 1372.642163798213 34.61380325257778 11.07007282227278 61.25565551221371 21.01371417194605 0 4.61842192709446 5.193603932857513 53.85899731516838 0.2555079460144043 1.151829123497009 0.5346332713961601 4.63451661169529 1.779095187783241 212.0570491924882 66.90106045454741
1029.437408022583 891.1982124373317 1003.426689513028 187.5532715842128 998.4618780463934 31.5390689894557 23.89065711200237 1399.202590182424 380.9301676526666 194.8028761819005 2518.383711628616 96.52725768089294 525.7314845025539 994.6014885529876 42.49679571390152 27.37775422632694 1.251657523214817 0.3538181856274605 0 0.1198314502835274 0.1470923572778702 0 0 0.2318029776215553 1.118091762065887 1.429746881127357 0.2767645716667175 0.4116875678300858 0.978169173002243 0.09241288155317307 5684.730077438056 239.2280937209725 249.102883733809 0 0.174213245511055 1.422310225665569 84.67306676506996 3.07592336833477 5.11676798760891 0.8289614170789719 2.500658757984638 1.276543013751507 0.2460169643163681 3.975138254463673 0.239721804857254 2.053307712078094 167.4054884016514 3.579199887812138 0.2475419417023659 0.5530554428696632 0.4938974753022194 0.4247299358248711 0.3808929026126862 0.6628502607345581 12.33743336051702 24.47387997806072 75.49675712734461 525.2815869823098 51.42741422355175 49.14930608123541 1.011244289577007 6.013804547488689 0.1341731697320938 300.3912108317018 8.830994620919228 5.113386146724224 0.5485359877347946 1.149743258953094 1.054161190986633 1.435245387256145 40.66668039560318 13.09240534156561 0 207.1374221891165 118.1212161332369 171.6551102027297 67.95024736970663 23.38397993147373 23.3148931786418 696.3626008853316 6.299577951431274 45.67746990174055 33.01894828677177 0.6997829973697662 3.658844649791718 4.375229522585869 0.7808764353394508 0.1978351548314095 2.011737711727619 0 0.5643533617258072 0.3281453251838684 1.201357088983059 0.576231986284256 1.375972934067249 38.35047643631697 8.333826377987862 0.3874727189540863 11.04081776738167 482.7066087424755 0.2771836221218109 0 1.11328998208046 1.813378617167473 2.688540682196617 12.28733721375465 2.592222943902016 17.26351963728666 13.45270557701588 10.04842073470354 3.700182616710663 16.219606988132 30.20482026040554 22.4098394960165 13.55862522125244 0.1673848628997803 0 0.1301544904708862 0 0 0 0 0.5100741982460022 0 0 0 0 0 0 0 0 0.1736979484558105 0.578067347407341 0.2431026846170425 1.953458905220032 1.277994848787785 0 0.1792741268873215 0 11.87388975173235 3.155415892601013 8.114081740379333 5.660884968936443 0.3905134946107864 0 0 0 0 0 0.4351704865694046 0 0.7479992508888245 0 0 0.08970601111650467 0 0.6188753247261047 0.1875691413879395 0 0 0 0.103578120470047 0.1120026260614395 0 0.2038506120443344 0.3699676543474197 17.97948039323092 0.2250974029302597 0 0.1706210374832153 0 0 0.1492520719766617 0.09502885490655899 0.1444214433431625 0 15.73635124415159 0.4714186936616898 0.1620225161314011 0 0.1089296862483025 16.93516380339861 0 12.61651720106602 0.7796209454536438 0 0.8587045446038246 0.1498255729675293 0.2132521420717239 0 0.6846466809511185 0 0 0 0 0 0 10.89244765788317 3.913456127047539 8.248681649565697 392.7118814364076 13.94806327670813 283.4497186690569 69.25290014594793 340.9169737175107 10.25614485889673 2.07784117013216 29.02229055017233 13.87709378451109 0.313002273440361 4.382787063717842 0.7157415747642517 29.57119742035866 2.003337979316711 1.533254504203796 0 3.185833759605885 1.049907803535461 75.94469828903675 28.50176384299994
1949.41103734076 1897.335404917598 187.5532715842128 435.8491813242435 208.4771390333772 519.0452579408884 547.7413631379604 4.216683052480221 26.1652853935957 1678.464607700706 56.53421261906624 281.5200581848621 736.5090338885784 172.8915498703718 2.889219887554646 0.7485361769795418 0 0 0.1199413016438484 0 0 0 0 0.1078795716166496 0 0 0.1371391117572784 0.242032416164875 0 0 21.04165850579739 0.3400009721517563 1.527993887662888 0 0 0 1.465058743953705 0 0.6194366812705994 0 0.1637443006038666 0.1280248016119003 0 0 0 0 37.88733945786953 0.2503508999943733 0 0.08939114958047867 0.2388031482696533 0 0 0 3.928694874048233 9.408267632126808 43.68583723902702 89.29303811490536 17.74509388953447 15.98568726330996 0 0.1517555415630341 0 18.5259775146842 3.514658316969872 1.70367469638586 0.1022054329514503 0.242338739335537 0 0 5.536633133888245 0.9959195554256439 0 80.82253759354353 25.32166533917189 28.98702839016914 2.275073975324631 0.3151837885379791 0.1968378648161888 2.246378175914288 0 0.2234793677926064 13.54513254761696 0.3650795072317123 1.254365101456642 1.46872291713953 0.1322789788246155 0.1170825883746147 0.2228141203522682 0 0.1073007583618164 0.250492088496685 0 0 0 3.313986524939537 3.071950927376747 0.1864353716373444 3.783600226044655 234.4356336444616 0 5.768353536725044 12.68163201212883 25.09906963258982 2.343184158205986 32.53197077661753 40.0653070807457 31.68749894201756 53.0845228433609 34.25009302049875 4.131825886666775 34.08699084073305 52.11877013742924 27.93926601856947 8.293313935399055 0 0 0.1824142336845398 0 0 0 0 0 0 0 0 0 0 1.410319924354553 0 0.1842629909515381 0 0 0 0 0.9148928225040436 0 0 0 2.563175082206726 0 2.265138164162636 2.361764788627625 0 0 0 0 0 0 0 0 0 0 0 0 0 0 0 0 0 0 0 0 0 0 0 5.955321431159973 0 0 0 0 0 0 0 0 0 4.402464456856251 0.2864618301391602 0 0 0 6.567924790084362 0 2.488252460956573 0 0.2278701066970825 0 0 0 0 0 0 0 0.1505872905254364 0 0 0 8.609443329274654 0.7721017748117447 0.9778168201446533 119.7654455825686 5.830603413283825 93.34953181445599 14.1421669498086 1466.373347148299 5.701224528253078 0.3957235664129257 4.825634457170963 4.809439063072205 0 1.460419654846191 0.4550737887620926 52.29480539262295 0 0 0 0.1454320996999741 0.6229376792907715 377.6175908818841 96.2437274903059
81.69372115284204 1658.592818044126 998.4618780463934 208.4771390333772 2574.214019604027 6.827412992715836 1101.864256829023 439.3512298464775 5253.975705750287 995.6317350491881 2007.016817867756 107.016695946455 412.1130875349045 1383.349340036511 49.319789275527 27.59041628986597 1.197517260909081 0.08793391287326813 0.1196736320853233 0.1930878385901451 0 0 0 0.1214212626218796 0.104803055524826 0.279639720916748 0 0.1160634160041809 0.1365536898374557 0.1009796112775803 113.8021421730518 4.897529810667038 15.2746966034174 0 0 0 13.19152796268463 0 1.596286572515965 0.09835987538099289 0.169756144285202 0.3146553561091423 0.1154912188649178 5.130110435187817 0 0.4299484491348267 172.316914126277 1.243581593036652 0.2946427166461945 0.4215661510825157 0.5655791908502579 0 0.1044411212205887 0.4639819487929344 4.054996699094772 9.834191769361496 13.03754960745573 59.99806761741638 12.08204717189074 32.97373471409082 0.6466516852378845 1.690560780465603 0.1362937986850739 143.5130631178617 4.002177238464355 2.401595242321491 0.1058966293931007 0.4086265042424202 0.0966913178563118 0.2154135853052139 25.77372448891401 6.967470809817314 0 91.91535747796297 74.47036311775446 161.8743070662022 72.25042001157999 30.5088010057807 0.6818174943327904 8.74643512815237 0.8764209151268005 3.589185029268265 12.72770100086927 0.3636209890246391 2.435888633131981 1.442009493708611 0.2375438958406448 0 0.5230388194322586 0 0.2060802578926086 0.1843878701329231 0.1053470373153687 0.5092466175556183 0.208531953394413 24.61747388541698 16.14750270545483 0 7.318751499056816 20.01074802130461 1.304698377847672 0.3248108625411987 5.927455931901932 6.519476026296616 2.919091656804085 32.64121668040752 2.639759570360184 31.07739125192165 19.81276548653841 17.61553964018822 4.423133000731468 32.43254233151674 49.98737891763449 38.02664882689714 24.62783026695251 0.3002859055995941 0 0 0.3309590965509415 0 0 0 0 0 0 0.09657159447669983 0 0 0.1957833915948868 0 0 0 0 0 0.1647635400295258 1.171559318900108 0 0 0 16.03690778464079 2.571177199482918 13.35690741986036 6.582230255007744 1.105859383940697 0 0 0 0 1.025813460350037 0.3783107548952103 0 0 0.5861827731132507 0 0 0 0 0 0 0 0.1212873533368111 0.4986949861049652 0.2995668053627014 0 0.357673317193985 0 34.1000404432416 0.8547437787055969 0.3710403144359589 0.3107388019561768 0 0 0 0 0 0 17.07463780045509 0.1383133083581924 0 0 0 28.02604545652866 1.515918597579002 13.53733868896961 0.1217663809657097 0 1.30325123667717 1.734028458595276 0 0 0 0 0 0.09607984125614166 0 0 0 10.97837230563164 6.785554751753807 10.62370506674051 415.5586215108633 9.901681773364544 239.2700239270926 62.31116345524788 70.36600964516401 21.92570042610168 2.145431630313396 39.66326078772545 17.31408440321684 0 2.934957444667816 1.673955202102661 13.46550554037094 2.097798079252243 0.3314047455787659 0 1.902238048613071 1.229961663484573 34.44345524162054 29.33527016639709
60.03715787827969 216.7980330809951 31.5390689894557 519.0452579408884 6.827412992715836 21.5170111656189 81.23760452866554 3.758685819804668 4.20522366464138 633.9170799031854 11.01409633457661 192.956620529294 130.9203040003777 23.11881726980209 0.6605216786265373 0 0 0 0 0 0 1.581144690513611 0 0 0 0 0 0 0.1241253167390823 0 3.469985723495483 0 18.65720425546169 0 0 0 17.9412158280611 0.2504923120141029 1.269589424133301 0.2368392050266266 0 0 0 0.1406841427087784 0 0 0.925767108798027 0 0 0 0 11.42741438001394 0.8800379633903503 1.227935791015625 0 1.059816181659698 96.38394074141979 5.350460566580296 2.879249826073647 0.158778190612793 0 0.1260989606380463 0 0.805332250893116 0 0 0 0 0.1101884096860886 0 64.13545805215836 165.6946897506714 8.785070158541203 1.663765504956245 0.5681447312235832 0.7166013717651367 0 0.5759275108575821 0 1.653495818376541 0 0.1952609568834305 0.3595675826072693 0.519512340426445 0 0.1195572018623352 0 1.558909617364407 1.368050783872604 5.579732999205589 0.8883731216192245 4.373763613402843 0.1397578865289688 0.6759279370307922 1.676439546048641 172.3422964811325 222.0828695744276 30.60335944592953 21.01350802928209 191.5755574777722 0 0 0.8760060369968414 0.8729472458362579 0.677770733833313 2.364193797111511 1.941021010279655 1.664437040686607 7.175081327557564 6.081967681646347 0.5437472015619278 6.444966524839401 5.467811271548271 2.124185912311077 0.764706015586853 0 0 0 0 0 0 0 0 0 0 0 0 0 0 0 0 0.147234246134758 0.2941973209381104 0 0 2.014156997203827 0 0 0 0.9869453459978104 0 1.149134904146194 0.1236591711640358 0 0 0 0 0 0 0.8402518033981323 0 0 0.4964817464351654 0 0 0 0 0.1653707325458527 0 0 0 0 0 0 0 0 0.9926373362541199 0 0 0 0 0 0 0 0 0 2.011425167322159 0 0 0 0.1186183393001556 1.017885074019432 0 0 0 0 0 0 0 0.1643765270709991 0 0 0 0 0 0 0 1.16421128064394 0.9075223803520203 0.1691426634788513 10.08180952072144 0.4525007084012032 4.613875910639763 0.7928521186113358 337.1049351394176 0.5169529914855957 0.1496659368276596 0.7855025827884674 0.4877875745296478 0 0 0.1426305025815964 3.756866812705994 0 0 0 0 0 110.4172233641148 19.62283428013325
410.8000262230635 1896.148437149823 23.89065711200237 547.7413631379604 1101.864256829023 81.23760452866554 283.7345436438918 101.3778134658933 1198.738672524691 1975.202638037503 263.5320317819715 472.0618412345648 4232.029849335551 3869.92751326412 33.66816372424364 16.6598953306675 1.021359823644161 0 0 0 0.2270991951227188 0 0.1094988435506821 0.08715687692165375 0.1196212470531464 0.2085498720407486 0.2892665863037109 0.2202678397297859 0.1494510173797607 0 47.2412456125021 1.599662624299526 11.64595502614975 0 0.1041013523936272 0.09628822654485703 10.27267318964005 0.4001658260822296 1.181354403495789 0 0.2073270231485367 0.2584103420376778 0 1.722795628011227 0.2197120636701584 0.2044556587934494 141.3765573352575 1.678110659122467 0.1092588305473328 0.454009123146534 0.2438080310821533 0.1217508092522621 0 0.1283191591501236 5.136026307940483 14.20068937540054 26.72716631740332 73.98517787456512 15.84343229979277 41.51503359526396 0.29372189193964 1.220283165574074 0.1088319048285484 94.0976923853159 4.348859734833241 3.037878714501858 0.111105889081955 0.9734568893909454 0.09790637344121933 0.3180436491966248 23.73721464723349 4.921774640679359 0 110.1377567946911 67.74046409130096 136.9529317840934 41.03058449178934 13.24019338935614 0.5529045462608337 5.900607705116272 0.6071148812770844 1.875429309904575 20.08198745548725 0.8557357937097549 1.458710610866547 1.957312665879726 0.3876363858580589 0 1.177995935082436 0 0 0.4391092136502266 0.3605511263012886 0.3706603795289993 0.2214428707957268 32.13149277865887 17.79829052090645 0.131341814994812 5.835074841976166 69.66296437382698 0.806353896856308 15.6636628806591 37.35255935788155 36.98191431164742 2.781020849943161 100.210660777986 13.65969301015139 81.06629845499992 46.99535072594881 52.08826266229153 6.851982489228249 45.84663324058056 90.48050875961781 54.43807224929333 23.55389843136072 0.2620094120502472 0.5498332381248474 0 0 0 0 0 0 0 0 0 0 0 0 0 0.1874165683984756 0 0 0 2.334852315485477 3.377069965004921 0 0.1571552902460098 0 15.19902000576258 2.43789678812027 14.42483627051115 8.270856641232967 1.020555138587952 0 0 0 0 0.1933008134365082 0 0 0.8570186942815781 1.411442250013351 0 0 0.1392553746700287 0.3754529654979706 0.1781064718961716 0.4006161168217659 0.6673655956983566 0 1.507684305310249 1.361126750707626 1.753870651125908 0.2010342478752136 0.2592555284500122 35.09238819032907 0.9022307991981506 0 0.2547856196761131 0 0.2539069131016731 0 0 0 0 25.97268317639828 1.063058033585548 0.1695571541786194 0 0.1037088334560394 30.43017890304327 1.255295038223267 13.84426385164261 2.127518281340599 4.310582607984543 2.13791623711586 3.111709386110306 0.3613351732492447 0.3894395083189011 0.2804046645760536 0 0.1826782524585724 0 0.1287772357463837 0 0 20.69096950441599 7.426306121051311 6.685593456029892 377.0205186828971 11.56526953727007 224.2485051378608 51.77457763999701 323.9515827149153 13.0673241764307 1.65772220492363 29.84360543638468 26.2600546553731 0.1575019955635071 11.83587541431189 3.300547562539577 57.86140394210815 3.47431905567646 0.2401111572980881 0 1.443121001124382 0.9393038302659988 123.2739518880844 71.88308224827051
77.80867187678814 177.0087097883224 1399.202590182424 4.216683052480221 439.3512298464775 3.758685819804668 101.3778134658933 1856.893162623048 1223.135626547039 68.00344759225845 2467.454460717738 116.578423678875 714.2216394990683 1772.699468806386 102.8364176079631 74.86769840866327 7.954336307942867 0.6548950672149658 0 0.3395620360970497 1.169990375638008 0.6700377613306046 1.242114529013634 0.7555246651172638 4.130565874278545 6.407671831548214 0.9283873662352562 0.8622670322656631 1.813295185565948 0.1480107754468918 1378.158609315753 952.6980405375361 214.0535474121571 0.2526010200381279 0.3022414743900299 4.549305588006973 82.43874540179968 10.67119739204645 8.784676894545555 2.145242728292942 6.205536983907223 5.445264533162117 0.8247621580958366 14.9338626563549 1.163002848625183 3.348023951053619 205.7389742955565 1.496791817247868 1.813920095562935 1.740734189748764 0.8092503920197487 1.319235071539879 1.002594351768494 1.145716570317745 3.916949734091759 10.78545586764812 23.90112520009279 220.5190042033792 23.69805043935776 30.63838360458612 7.684957265853882 14.92869351059198 0.3193674981594086 689.0766013115644 3.301897190511227 3.009030021727085 0.1018249690532684 1.148738242685795 1.871534042060375 5.334027200937271 39.2577385827899 17.51288361847401 0.4749030992388725 95.44910084456205 115.2517827674747 168.9692129939795 165.4445054903626 93.95040547847748 444.8026728034019 1976.188359998167 11.03783814609051 288.5822098329663 13.87312506884336 0.1039614006876945 2.114347413182259 2.598396688699722 0.4723380357027054 0.1225296556949615 0.6061797961592674 0.4410429149866104 0.7624063044786453 1.206335216760635 6.996319405734539 4.084784813225269 3.058285884559155 18.35713419318199 6.656347341835499 1.671006411314011 20.43725054711103 68.43103127926588 0 0.1358129978179932 2.898534409701824 1.610666871070862 1.62021554261446 13.91123224794865 0.370341032743454 7.558531410992146 5.072749026119709 6.619355514645576 3.066101402044296 18.6865810751915 20.32303540408611 13.37120508402586 16.35502897948027 0.5329668074846268 0.1278486996889114 0 0 0 0 0 0.3639218509197235 0.1206547692418098 0 0.3253216743469238 0 0.2732707858085632 0 0 0.2125397771596909 0.3653565794229507 0.5247548222541809 0 0 0.5571821928024292 0 0.386145293712616 0 12.70233763754368 1.35053401440382 10.30962738394737 8.623747117817402 2.003620162606239 0 0.1655514240264893 0 0.2291508987545967 0 0.4020615592598915 0 0 0.4705124050378799 0 0 0 1.347866199910641 0.6006377041339874 0 0 0 0.3039789497852325 0 0.2868486642837524 0.8260168135166168 0 17.51083893328905 0.2993005514144897 0 0 0 0 0 0 0 0.1221193447709084 17.56553921848536 2.704154178500175 0 0 0.4036105051636696 19.605747371912 0.2669971287250519 8.531084060668945 0.433388352394104 0 0.3784675896167755 0 0.1394647657871246 0 0 0 0 0 0.1113442555069923 0.1361733078956604 0 8.533126831054688 7.53218412399292 7.742971524596214 545.3044917359948 15.05394355207682 270.9403862431645 125.4703566208482 73.37336801737547 20.44620474427938 1.927255891263485 59.42846515029669 20.63391303271055 0.2878125458955765 3.27939273416996 0.9650110453367233 9.461731612682343 1.085250064730644 0 0.9147178828716278 5.313963904976845 2.076723650097847 28.48340445011854 19.66253738105297
5.148553863167763 1372.646743990481 380.9301676526666 26.1652853935957 5253.975705750287 4.20522366464138 1198.738672524691 1223.135626547039 1057.173063993454 437.1628561541438 1253.738281205297 194.8984932154417 608.8991844803095 1302.302769765258 21.75728332996368 18.45038904994726 0.1398847252130508 0 0 0.1172730550169945 0 0 0 0 0 0 0 0.1475356817245483 0 0 12.19890431314707 2.298841536045074 7.965055160224438 0 0 0 8.563451282680035 0.2698094621300697 0 0 0.1025724038481712 0.124792106449604 0 2.508743159472942 0.2262482941150665 0 44.77589581906796 0.08535371720790863 0 0.0881056934595108 0.1577496826648712 0.6222673058509827 0 0.1204174384474754 0.6907177492976189 1.531437553465366 2.731288403272629 10.90774462372065 1.496074505150318 7.70406050235033 0 0.7752111777663231 0 44.84014839679003 0.2223359122872353 0.7032336816191673 0.09287581592798233 0 0.2139360755681992 0.4530235230922699 15.39316940307617 2.893959909677505 0 17.28115881979465 22.87639520317316 50.66664393246174 28.28056883811951 15.46466973423958 0.449344277381897 13.40531227737665 0.6411551833152771 0.7955685555934906 2.381592825055122 0.1693230122327805 0.5106384605169296 0.08631083369255066 0 0 0.1209167316555977 0 0.1488126963376999 0 0 0 0 23.43608851730824 8.185463950037956 0 3.089162647724152 4.149959117174149 0.664465606212616 0 5.596875920891762 4.287571892142296 4.476657286286354 32.79242593795061 3.416468888521194 29.04745322465897 24.45923291146755 20.02894892543554 4.222645670175552 29.72715833038092 49.25473340600729 31.98676078766584 18.7325931340456 0.3175377249717712 0 0 0 0 0 0 0 0 0 0 0 0 0 0 0 0 0 0 0.6754752993583679 1.616089940071106 0 0 0 10.47914570569992 1.341560572385788 7.980255290865898 3.444604843854904 0.4401104301214218 0.2533776760101318 0 0 0 0.4304323196411133 0 0 0 0.1223490089178085 0 0 0 0.3132915571331978 0 0 0 0 0.0854823961853981 1.083144545555115 0 0.1614862531423569 0 31.57996134459972 0 0 0 0 0 0 0.1525643914937973 0 0 18.37177000194788 1.003245070576668 0 0 0 20.9807980209589 1.683696120977402 8.180813282728195 0.9579561948776245 0 0.3946728408336639 0 0 0 0 0 0 0 0 0 0 18.88880299031734 5.262644097208977 5.86087492108345 140.2433527708054 3.573195666074753 59.37393712997437 25.85303770005703 28.80616749078035 4.802318841218948 0.3256548643112183 14.41082640737295 8.109876945614815 0.2464130967855453 3.80519525706768 0 11.40340465307236 0.7757366299629211 0.1424963474273682 1.740570485591888 1.2557128444314 1.266780376434326 37.73673395067453 29.28955487906933
789.2773870751262 1927.059454552829 194.8028761819005 1678.464607700706 995.6317350491881 633.9170799031854 1975.202638037503 68.00344759225845 437.1628561541438 1379.591798618436 181.048133559525 1181.544910058379 7262.103101164103 1121.71426577121 15.65522182732821 5.1535619571805 0.2647457346320152 0.1090852320194244 0 0.2452311962842941 0 0 0 0 0 0.2710097655653954 0 0.1178078204393387 0 0 23.87366869300604 1.037873230874538 145.3856228888035 0 0 0 84.22080062329769 0.1115333139896393 1.820171512663364 0.1208999827504158 0 0.3070284873247147 0 1.111880287528038 0 0.1580611020326614 88.76704651862383 1.301985748112202 0 0 0.184020608663559 0.6659840196371078 0 0.127493605017662 4.909514002501965 11.16214665770531 49.87798274308443 63.28009112924337 17.70640835911036 25.88405181467533 0 3.824009872972965 0 38.88598524779081 3.387820884585381 1.643509857356548 0.1093043982982635 0.3737032115459442 0.4577088057994843 0 218.9282283931971 20.17457336187363 1.022080063819885 78.20306372642517 49.94963786751032 77.56011137366295 20.24287154525518 6.756913349032402 0 13.36189980059862 0.124649815261364 1.970459841191769 10.78099270164967 0.2190264463424683 1.409917749464512 1.954363949596882 0.125505805015564 0.4025849029421806 0.7547703459858894 0 0 0.3675333708524704 0.1219225972890854 0.1068583875894547 0 300.9627042412758 125.5061347484589 1.254998236894608 31.55021388828754 209.1607932597399 3.734597496688366 15.28771605342627 96.7788770198822 96.464963555336 13.75555424392223 264.5840178802609 44.76469872146845 201.2527998164296 247.9420919269323 178.1481523811817 32.97413750737906 196.9349976032972 362.5053503513336 215.3860993906856 88.00158509612083 1.286005154252052 0 0 1.181512042880058 0 0 0 0 0 0 0 0 0 0 1.346393704414368 0 0 0 0 4.813602939248085 5.895183831453323 0 0.1994369328022003 0 45.94120491296053 6.99770899116993 43.30469153821468 15.26764812320471 2.674635455012321 0 0.6939718127250671 0 1.159153580665588 0.193715825676918 0.7983769774436951 0 0.7150835394859314 0.5009660050272942 0 0 0.2158298492431641 0.7213982343673706 0.5602004826068878 1.056343324482441 0.8746503368020058 0.3215745538473129 1.928562261164188 2.394180193543434 0.2608578950166702 1.248101711273193 0.2353929728269577 97.18344357609749 1.430475056171417 0.3295088782906532 0.4141600579023361 0 0 0 0 0 0 81.0599911659956 5.243415594100952 0.272711917757988 0 0.2129161357879639 86.17793944478035 2.831941068172455 25.18235719203949 3.753288500010967 1.923972859978676 3.559135898947716 2.550742655992508 1.519254274666309 0.1112056225538254 0 0 0 0 0 0 0 70.76571563631296 23.47415183484554 17.81674163043499 396.0566414147615 15.12217035144567 161.0737386867404 38.50994575768709 1319.770911701024 14.90536188334227 4.733669266104698 26.80811866372824 49.2835596203804 0 22.27331928163767 3.998286664485931 186.6503605917096 3.73782916367054 0 2.093355238437653 0.1512217372655869 2.046350136399269 977.7145082429051 439.1234437897801
205.1007168367505 887.3834964632988 2518.383711628616 56.53421261906624 2007.016817867756 11.01409633457661 263.5320317819715 2467.454460717738 1253.738281205297 181.048133559525 983.1220817491412 128.434950478375 2123.420023202896 3768.34211333096 85.80518501251936 79.38241897523403 3.908272288739681 0.5411411672830582 0.3386732265353203 0.2939530536532402 0.2873022556304932 0.1920701265335083 0.5132466554641724 0.2210819125175476 0.8751441836357117 0.6058045923709869 0.7155507281422615 0.8097583428025246 1.217548131942749 0 346.4223867580295 110.2510809823871 606.3537768349051 0 0 2.150271311402321 230.9860176965594 10.34215818345547 19.94967615604401 0.9130687266588211 1.367903999984264 1.26878883689642 0.1019175350666046 10.9832281395793 1.127394676208496 2.29349135607481 170.0100481063128 0.6380530595779419 0.5018131956458092 1.025099083781242 0.1203443109989166 0.8681452870368958 0.2907875031232834 1.000181578099728 4.690895088016987 9.512902200222015 18.01832873374224 80.71187317371368 13.69008132815361 33.74072851240635 2.685143515467644 20.00731953978539 0.2507152333855629 202.0343476086855 4.364292070269585 1.360122472047806 0.1845623180270195 0.4874416068196297 0.4459003508090973 1.428702019155025 77.46455574035645 23.383948110044 0 84.88659525662661 84.04097775369883 175.7954080924392 102.3421067669988 61.7641636505723 42.13987026363611 221.0977673456073 4.896934948861599 23.31401500850916 11.59696158021688 0.1995142623782158 1.472447276115417 1.379456058144569 0.6861985772848129 0 0.4840520769357681 0.3195674866437912 0.6724447086453438 0.7155459150671959 1.404481440782547 1.326207809150219 1.956301033496857 54.9946811273694 18.76843710243702 2.86795699596405 35.25188613682985 50.18009683489799 0.2732414752244949 0.2872945666313171 8.902888745069504 1.645409107208252 1.677935063838959 32.43048702925444 1.746326684951782 22.99908226728439 14.82977148890495 13.39417570084333 6.074348598718643 33.0720726326108 54.06727836281061 33.90262435376644 35.35872112214565 0.7816363275051117 0.2202116176486015 0.1176097765564919 0.2565864026546478 0 0 0 0 0.2543640732765198 0 0 0.5923194959759712 0.4988819882273674 0 0 0.2715952396392822 0 0.6464250832796097 0.2199423015117645 1.015018746256828 4.120082512497902 0 0.2203384786844254 0.1636574268341064 24.0563006028533 2.858558788895607 22.47033564001322 15.07760723680258 1.768351122736931 0 0 0 0.1109534576535225 0.4322786033153534 1.193665206432343 0 0 1.674862921237946 0 0 0 0.5921510607004166 0.1188934668898582 0 0 0.1789040267467499 0 0.196427196264267 0 0.7073080837726593 0 48.71007766574621 0.1243589445948601 0.239165186882019 0 0 0 0 0 0 0 31.85288006812334 3.587062150239944 0 0 0.2828707993030548 36.62814701348543 1.564618125557899 18.57626049220562 0.8734355568885803 0.7400549650192261 1.885834343731403 0.7098076343536377 0.496113657951355 0 0 0 0 0 0 0 0 18.9919600635767 16.07232168316841 14.35225071012974 593.7617145553231 12.7495705857873 246.012483946979 110.5074553191662 110.2126957699656 24.96789590269327 4.656821355223656 64.2096496000886 19.50351276248693 0.1156631857156754 6.954868271946907 2.589321345090866 11.28424380719662 1.565081417560577 0 0.572489008307457 8.286162063479424 2.076640829443932 57.5864549651742 42.33811185508966
45.80320117622614 148.0482456162572 96.52725768089294 281.5200581848621 107.016695946455 192.956620529294 472.0618412345648 116.578423678875 194.8984932154417 1181.544910058379 128.434950478375 78.83590033650398 853.6547274962068 159.3223625570536 3.025221556425095 4.475952744483948 1.002287104725838 0 0 0 0.1913892328739166 0 0 0.1011213660240173 0.1237242668867111 0 0.1199675053358078 0.1186117008328438 0 0 19.5072570219636 0 51.66999846696854 0 0 0.9222748875617981 56.60742273926735 2.410309888422489 3.315701514482498 0.1833077818155289 0 0.1070519760251045 0 0.3293708115816116 0.1218047589063644 0.1794808655977249 4.039745926856995 0 0 0 0 0.09227490425109863 0.2299128174781799 0 0 0.2949182316660881 10.40427474677563 2.324667192995548 0.7850471287965775 0 0.1403131932020187 9.884181439876556 0 3.768388941884041 0 0 0 0 0 0 38.73921229690313 10.4191997051239 0.697364404797554 2.16204209625721 1.27168171107769 3.488880053162575 1.198245517909527 1.481076382100582 0 21.65978995710611 0.5171911418437958 0.5048792213201523 0.2591449618339539 0 0 0.09268118441104889 0.247164249420166 0.3704120144248009 0.1055800542235374 0.2820628434419632 0 0.3772034719586372 0 0 0.1340651661157608 871.7879945188761 27.6148152500391 2.487820595502853 10.57898666709661 72.47061841189861 0.9189239218831062 2.7907989397645 21.72167032957077 12.97518175840378 9.805035844445229 87.06256218254566 6.864483542740345 82.30094998329878 87.51930228620768 59.65521477162838 22.25377893447876 108.8940044119954 208.5866504460573 137.5938427448273 79.51806000620127 0.1453886777162552 0.1263720691204071 0 0 0 0 0 0.2730811685323715 0 0 0.2012274414300919 0 0.1146166920661926 0 0 0.1490296572446823 0.1334448009729385 0.1419938504695892 0.1511654853820801 1.825121007859707 1.199992120265961 0 0 0 38.64128671586514 1.883138611912727 22.61597413569689 5.934143707156181 0.3971998244524002 0 0 0 0 0 0.112889364361763 0 0 0.7716052234172821 0.3614072501659393 0 0 0.4074609205126762 0.149306908249855 0.1293114721775055 0.1090452000498772 0 0.5078187137842178 0.1026443019509315 0 0 0 50.11109106242657 0.1139576807618141 0.6713826060295105 0 0 0 0 0 0 0 73.48910935223103 3.163481682538986 0 0 0.309452012181282 53.11310787498951 2.383134931325912 11.7799773812294 1.186131596565247 0.4957251846790314 0.2631538882851601 0 0.1273761838674545 0.2380998730659485 0 0 0 0 0 0 0 69.52019917219877 15.45009425282478 11.95867502689362 49.33046472817659 1.104611247777939 9.973274238407612 5.9138118699193 289.4337938651443 0.5407951921224594 0.1273297518491745 4.387293830513954 13.86545730382204 1.986088633537292 5.809089340269566 1.145029574632645 33.39595608413219 3.736042588949203 0 0.4340667724609375 0.2415583208203316 0 499.3749368861318 177.5534438043833
120.187092281878 1378.048364005983 525.7314845025539 736.5090338885784 412.1130875349045 130.9203040003777 4232.029849335551 714.2216394990683 608.8991844803095 7262.103101164103 2123.420023202896 853.6547274962068 1488.533326536417 3001.997474953532 31.24610963463783 39.93882317841053 1.323277920484543 0.3149418607354164 0 0 0 0.115036204457283 0 0 0.1109043210744858 0 0.1874382793903351 0.2126947343349457 0.2327707782387733 0 81.52401570230722 2.679560884833336 256.133190497756 0.3671189993619919 0 0 163.2792043536901 2.398112505674362 2.121178045868874 0.1142828613519669 0.1278033703565598 0.7317741811275482 0.2035500258207321 5.098335057497025 0.09665904194116592 0.8119002655148506 53.24176156520844 0.3734080046415329 0 0.1948553323745728 0.1447249352931976 0.1170158386230469 1.310260392725468 0.5252896919846535 0.6090593189001083 1.381991602480412 12.32496464252472 13.96052607148886 2.352584637701511 7.607520818710327 0.4165049642324448 10.89335263520479 0 45.9814120978117 0.6124893054366112 0.4292464405298233 0.1203479915857315 0 0 0.410986065864563 168.3348990157247 19.2056966573 0.1898961365222931 16.62292465567589 15.48476544767618 48.27545430511236 36.35344064235687 25.27690976113081 0.8311059847474098 143.8424431234598 1.274484813213348 3.350784093141556 3.686171598732471 0.1599126756191254 0.2987626641988754 0.4028132557868958 0 0 0.2778779044747353 0 0 0.1406235247850418 0.186389647424221 0.1444265097379684 0.3148184418678284 1025.143299870193 59.17077776789665 0.8979702144861221 18.39509262889624 76.17010203748941 1.788446232676506 7.945265389978886 44.7954889908433 31.06147877126932 23.13253113627434 206.0139169245958 11.93992691487074 180.1944622173905 167.987116061151 114.2113732397556 33.09381135553122 224.9335951209068 425.9341591373086 286.070576287806 177.6118436306715 0.6074028089642525 0.7415266633033752 0.2933415845036507 0.1222156882286072 0 0 0 0 0 0 0 0.2125957310199738 0.279141902923584 0 0.5613334178924561 0.4143230020999908 0 0 0.1330154836177826 3.752930164337158 12.45490685105324 0 0.1479974985122681 0.1640695035457611 77.35110794007778 4.568374007940292 68.3040232732892 15.5314636528492 2.157775163650513 0 0.192376509308815 0 0 0 0.5806674063205719 0 1.314023621380329 2.695994645357132 0 0 0.3035145998001099 0.6758509874343872 0.3989371657371521 0 0.3074009120464325 0 1.85690726339817 0.7787309810519218 0.105061411857605 0.5411430299282074 0.2577662169933319 152.5891390815377 0.518078625202179 0 0 0 0 0 0 0 0 164.6507188975811 5.613429762423038 1.37691792845726 0 0 141.279869094491 3.743404373526573 48.10445456206799 2.716205522418022 0.6179454401135445 2.037901103496552 1.545936703681946 0.204147644340992 0 0 0 0 0.1105720996856689 0 0 0 133.9400459975004 38.31796107441187 32.84922098368406 286.1500774621964 6.11520840972662 89.09226847440004 51.88946072012186 284.6935526579618 7.8118512108922 2.391933634877205 27.6058276668191 38.50683968514204 0.2598597705364227 11.3020638152957 2.306551694869995 75.19856395572424 3.613686501979828 0 1.705353528261185 2.671986147761345 0.8562646359205246 501.239067748189 316.0882977768779
