1181.951785981655 5262.782694354653 406.2751608192921 3476.412653774023 1023.537727221847 36.06735928356647 969.7727081254125 6.528052195906639 145.4836354032159 1618.743424616754 135.1627042591572 170.6822149008512 179.8982911035419 12.61171666532755 0.2218251824378967 0.7510454431176186 0.07751862704753876 0 0.07356157898902893 0 0 0 0.123934805393219 0.09230140596628189 0 0.1395286917686462 0 0 0 0 1040.113375097513 0.2494090795516968 1.00063294917345 0 0.12144435942173 0 0.5153457447886467 0.09475552290678024 0.09081874042749405 0.09572579711675644 0.1000258177518845 0.07703571021556854 0 0 0 0 14.8576761931181 0.0909806564450264 0 0.138037234544754 0.6513999253511429 0 0.09028462320566177 0 13.69533629715443 11.01780296117067 493.7084271237254 931.4862047955394 69.62366345524788 10.66027875244617 0.09312722086906433 0.1113326400518417 0 5.331259101629257 2.138581655919552 0.9291455894708633 0.1848651617765427 0 0.0967283695936203 0.1126384809613228 4.760694310069084 3.23894414305687 0.3301440179347992 206.3967804387212 10.0690775886178 8.525086730718613 0.7046659737825394 0 0 6.923559032380581 0 0.4795941635966301 11.91011933237314 0.2196475937962532 0.4423264190554619 0.9862745180726051 0 0.1739026010036469 0.2107536643743515 0.1322441101074219 0.2205663472414017 0 0.1056530997157097 0 0 120.5130177289248 4.798167452216148 0.411439523100853 2.35668870806694 2168.411977387965 0.4816947877407074 16.14998865127563 2.895666152238846 17.42970344424248 1.091002985835075 14.444689899683 27.00887574255466 3.641874670982361 15.22657862305641 63.2733278721571 0 24.1401876360178 18.16323031485081 18.56901606917381 6.690538480877876 0 0 0 0 0 0 0 0 0 0 0 0 0 0 0 0 0 0 0 0.8278631567955017 0 0 0 0 3.29690583050251 0 0.1380470395088196 0 0 0 0 0 0 0 0 0 0 0.5303685665130615 0 0 0.08957410603761673 0.1408188045024872 0 0 0 0.074220210313797 0 0 0.4901673495769501 0 0.1434568166732788 0 0 0 1.799528479576111 0 0 0 0 0 0 16.44633151590824 0 0 0 0 0 0 0 0.114551842212677 0 0 0 0 0 0 0 0 0 0 0 0 25.87067680805922 0.4282789826393127 0.9999828338623047 474.1604868397117 4.665131896734238 52.73666349798441 5.49534909427166 1790.895232759416 6.04647920280695 2.023306295275688 7.16219924390316 0 0.1609825491905212 0.3314045965671539 0 29.56633958220482 0 0 0 2.673239886760712 0 1084.146994106472 9.653530135750771
5262.782694354653 4679.57665271312 1940.089406348765 1409.848513066769 7625.023650206625 32.85775739699602 4991.392304793 89.96659358590841 1726.23042704165 445.9932095780969 2201.022199317813 95.96688444912434 449.5325292870402 1236.996153749526 6.614243969321251 6.262877874076366 0.4098561927676201 0.5458740666508675 0.1016251221299171 0.105830192565918 0.4196014553308487 0 0.654061995446682 0.7249663025140762 1.11071989685297 0.5114637911319733 0.6932840719819069 0.104294665157795 0.3415640294551849 0.3945395424962044 3155.850236460567 6.10903063416481 15.03679415583611 0 0.4417802765965462 0.772227555513382 2.7891631051898 0.8903493583202362 1.382013477385044 0.5730613023042679 2.18561252951622 0.2381487190723419 0.4701889455318451 0.3532925993204117 0 0 151.1435448527336 1.908770106732845 0.7155719622969627 0.3796816319227219 3.316676124930382 0 0.1074481531977654 0 46.7548096626997 48.98877219855785 314.2908315807581 1287.691687360406 138.0204698219895 91.35540375113487 1.098099201917648 2.116719432175159 0 108.1382477357984 15.68136348575354 5.826093077659607 0.5095830708742142 1.530557937920094 2.2072978541255 2.938295923173428 18.6610466837883 1.161388516426086 0 689.2608764544129 135.0752561539412 194.1909992843866 20.28584075719118 2.255171351134777 0.5986269786953926 115.5697422027588 1.00834034383297 10.22591078281403 83.03290490061045 0.4713645353913307 2.371232263743877 6.215373232960701 0.6414266005158424 0.1984361037611961 0.8523828238248825 0 0.7390678077936172 0.3154955357313156 3.86110807955265 1.602612212300301 0.4595548883080482 1.170502722263336 2.412233009934425 0 4.242145016789436 818.349601611495 0 8.084080144762993 0.7603548765182495 1.628870099782944 0 3.638289213180542 5.693703651428223 4.477644294500351 4.564441055059433 12.38557395339012 0.2501415014266968 8.541111007332802 3.359699994325638 5.036479473114014 2.258256047964096 0.1302810907363892 0 0 0 0 0 0 0 0 0 0 0.468047708272934 0.2773856818675995 0 0 0 0 0 0 0.4718863666057587 0 0 0.3088352978229523 1.495500802993774 8.949933558702469 1.341569527983665 3.616900324821472 1.099453486502171 1.032820165157318 0 0 0 0 0 0 0 0 0 0 0 0.4508428275585175 0.2758812755346298 0.09941529482603073 0 0 0.1710676476359367 0.5788485705852509 1.787530064582825 0.1268843412399292 0 3.055722638964653 1.089271664619446 0 0 0.2197906672954559 0 0.08282145112752914 0 0.1651463806629181 0 0 5.893337473273277 0.2958232462406158 0 0 0 0.2720019221305847 0 0.1134003698825836 0.4478159695863724 0 0 0 0 0 0.0816052109003067 0.07134758681058884 0.09058014303445816 0.3390592858195305 0.1737376749515533 0.07840857654809952 0 5.783028364181519 12.63476580381393 10.67113363742828 373.8400265052915 21.88689064979553 416.3076242357492 29.93947383016348 672.1422026529908 34.48603050410748 2.438509985804558 37.55699367076159 1.08840611577034 0 7.083056807518005 0 5.485716134309769 0.3324072957038879 0 0 9.906049899756908 0.3644624948501587 287.1805607602 4.315527886152267
406.2751608192921 1940.089406348765 2691.044242978096 37.36856137961149 608.6222206875682 1.201231926679611 44.10518521815538 2200.724368430674 161.3202670812607 6.292427778244019 5119.861321911216 28.76383253931999 412.8118683844805 1714.065344676375 31.25801026076078 33.2254791110754 1.864447496831417 3.686475619673729 0.2735572084784508 1.09771928191185 9.527244493365288 0.6079176664352417 7.064554691314697 13.72927320748568 20.59154137969017 4.430621884763241 9.661271624267101 0.2979376241564751 0.3944564536213875 4.292139790952206 5501.104793310165 496.9085193946958 140.0181324444711 0 8.141459107398987 14.8195553123951 25.22197622060776 8.15458583086729 0.9238727539777756 3.052503101527691 33.75336489826441 2.745237335562706 1.467238515615463 3.288655780255795 0.1030795201659203 0.3526063114404678 190.3558718264103 5.771971106529236 2.796113796532154 3.613522052764893 10.33387593924999 1.828086756169796 1.102143160998821 0.6842405274510384 32.9375411644578 30.43096621334553 120.8730209544301 816.8545142412186 78.46693076938391 85.09223997592926 11.72159640491009 14.73145541548729 0.4361635223031044 750.6983376070857 13.63525840267539 6.306843586266041 4.55539233237505 12.77762275189161 15.33590864390135 23.2727514654398 55.39843311160803 0.5373216271400452 0 523.203063569963 279.5363073647022 390.891208730638 96.44675911217928 16.58719962835312 26.5647374689579 1783.389500543475 4.936099886894226 186.7969866469502 63.81368744373322 0.1973490789532661 3.204012729227543 4.817590810358524 2.777520105242729 0.3264264389872551 1.082284279167652 0.1031936854124069 1.36498611420393 1.19764256477356 44.02953384071589 2.952386319637299 1.148588240146637 5.332213759422302 0.661501944065094 0 4.452762737870216 67.77604400366545 0.4579379260540009 0 0.306437611579895 0 0 2.198520198464394 0 1.412942573428154 0 0 0.1774756908416748 2.72681713104248 0 2.053092747926712 0.4191033393144608 0.1075516492128372 0 0.484434962272644 0 0 0 0.1638028621673584 0 0 0 1.233093813061714 0 0 0 0.2276679277420044 0.1209859028458595 0 0 0 0 0 0 0.2307672649621964 0 3.857402071356773 2.673916876316071 3.710960455238819 0.9940569251775742 0.399593360722065 0.189725860953331 0 0.0926186665892601 0 0 0 0 0.6770015805959702 0.7484686374664307 0 0 1.026349037885666 1.56619755923748 1.885147452354431 0 0.1344631016254425 0.07203564047813416 0.6910697817802429 0.6655466854572296 0 0 0.6725718379020691 1.545914724469185 0 0 0 0.1752750128507614 0 0 0.0906609445810318 0.4558407291769981 0.599125936627388 4.042857684195042 0.1727320551872253 0 0.4570038393139839 1.152800619602203 0.1423685252666473 0 0 0.3588423728942871 0.4010050296783447 0 0 0 0 0 0.08933191001415253 0 0.5014120787382126 0.8432358279824257 0.7209401354193687 0.07456665486097336 3.389273151755333 6.660884328186512 2.29805114120245 288.6335344985127 18.31859314441681 448.6954255402088 62.23671446740627 81.17617502808571 33.24851051717997 3.039795748889446 51.87957918643951 3.88745678961277 0 2.376741543412209 0.3636099621653557 0.5259101390838623 0.5048632025718689 0 0 6.473440535366535 0.6420472115278244 63.39022921770811 4.560083627700806
3476.412653774023 1409.848513066769 37.36856137961149 1762.057916969061 220.6620304211974 493.9043810293078 3421.171045951545 1.849919565021992 42.32744409888983 4413.871137551963 15.41842623800039 646.4803786128759 936.1623541712761 34.10339589416981 0.244280070066452 0.09286969155073166 0 0 0 0 0 0 0.08233027160167694 0.1072632595896721 0 0 0 0 0 0 152.4080831259489 0 0.1865819990634918 0 0 0 0.2882231324911118 0 0.1021147146821022 0 0 0.09843481332063675 0 0 0 0 26.43028386682272 0.2019236534833908 0 0 0.4459241926670074 0 0 0.221056655049324 12.96087015420198 11.41189434379339 94.52768856287003 195.776253849268 42.81212976574898 14.026033192873 0.1515797823667526 0 0 4.316556572914124 4.168696768581867 0.4930420964956284 0 0.1780542135238647 0 0 0.1208261102437973 0 0 164.5125057697296 13.33648095279932 24.23088777065277 0.487056240439415 0 0 0.2635327130556107 0 0.2995169758796692 19.60080477595329 0.1867637038230896 0.7581726312637329 1.045518733561039 0 0.1676754355430603 0.1060158461332321 0 0 0 0.2041765749454498 0.1881256848573685 0.1329598873853683 21.34509783983231 0 0 0.1058018505573273 669.0875026881695 0.5567871332168579 12.48557667434216 62.17914977669716 107.2179415673018 0.9104074388742447 27.56449788063765 42.72172130644321 4.471428722143173 20.78193365037441 33.5489493906498 0 27.6200989484787 13.43621069192886 15.60044446587563 3.56510778516531 0 0 0 0 0 0 0 0 0 0 0 0 0.1475030183792114 0 0 0 0 0 0 0.5560446754097939 0 0 0 0 2.092071309685707 0.9863393902778625 0.1250156909227371 0 0 0 0 0 0 0 0 0 0.2435885816812515 0 0 0 0.09772256016731262 0 0 0.08627146482467651 0 0 0.7900530844926834 1.083151005208492 0.7294674292206764 0 0 0 0 0.1050841361284256 0 0 0 0 0 0 0 12.6704154163599 0 0 0 0 0.2342550083994865 0 1.42909848690033 2.024717897176743 0 0.3154043853282928 0 0 0 0 0 0 0.7214261069893837 0.1141030862927437 0 0 14.36459635198116 2.561968147754669 1.111537739634514 110.8372613415122 2.993030354380608 81.13036999851465 4.916723094880581 930.6295818164945 9.459975913167 0.2406107932329178 3.602065950632095 1.206257820129395 0.2070310860872269 0.09577319025993347 0 14.28868405520916 0 0 0 0.1322821974754333 1.551263570785522 657.7981107085943 4.786596059799194
1023.537727221847 7625.023650206625 608.6222206875682 220.6620304211974 3825.68414080143 31.71274350583553 1722.910594440997 62.2248999401927 6493.316936478019 721.6927799507976 2416.582854047418 10.04422269761562 267.5484380871058 1234.017754927278 9.549948684871197 7.669777780771255 0.2087135836482048 0.4124221801757812 0.137010857462883 0 0.1445534825325012 0.231951043009758 0.08006531745195389 0.1530244946479797 0.09828565269708633 0.1323414742946625 0.08844988793134689 0.1203191205859184 0 0 240.7440581396222 6.510390982031822 1.99529667943716 0.1733710765838623 0.1149780228734016 0.1872611492872238 7.865452527999878 0.2271279767155647 7.324925661087036 0.2264894470572472 0.3475275486707687 0.09935007989406586 0 0.3246354609727859 0.1881235688924789 0 153.1913469955325 2.439231626689434 0.6518961787223816 0.4815812855958939 2.221545472741127 0.07229223847389221 0.128325566649437 0.7315932139754295 33.24076899886131 28.80806527286768 71.70156512409449 216.0395477041602 54.17640419304371 73.0683017373085 1.385791137814522 0.5099311918020248 0.2195656299591064 76.56409148126841 10.60103242844343 3.978293187916279 0.5916474461555481 0.367590919137001 0.3304408416152 0.5064644888043404 50.56779558956623 3.600968867540359 0 323.3407991304994 116.3571339100599 253.8406517580152 45.80348382145166 3.097759902477264 0.3844194859266281 2.215123720467091 1.305062249302864 2.35299526900053 59.96583013236523 0.3702405467629433 2.497737899422646 4.380142413079739 0.1619228720664978 0.08506195247173309 0.9311484396457672 0.09594222903251648 0.2395714074373245 0.5300655290484428 0.6285014748573303 1.635978363454342 0.2689146026968956 11.9451494961977 15.48052880167961 0 31.30343869328499 30.83322810381651 3.761588990688324 10.56255108118057 0.9203102588653564 1.51071035861969 1.952868357300758 23.77331201732159 4.388103276491165 22.79259805381298 9.082629054784775 6.208719581365585 0.3128210306167603 47.94881439208984 6.466547772288322 15.683797493577 7.202849820256233 0.3656280785799026 0.1758195161819458 0 0 0 0 0 0 0 0 0 0 4.950367465615273 0 0 0 0 0 0 6.986832022666931 0 0 4.615183025598526 1.525773286819458 67.81557220220566 15.83387406170368 51.46345861256123 8.493582352995872 0 0 0 0 0 0 0 0 4.2447729408741 4.518105074763298 0 0 0.4037329852581024 2.244328737258911 0 0 1.087658554315567 0 10.30698990821838 7.568189769983292 0 0 15.2312179505825 16.54761548340321 1.799420297145844 1.075222074985504 0 0 0 0 0 0 0 58.74255515635014 0.834761381149292 0 0.08864651620388031 0.09456007927656174 3.445542633533478 1.54227876663208 4.868045762181282 9.573559761047363 6.177331328392029 4.172680750489235 1.633292436599731 0 0 0 0.07105700671672821 0 0.1100945621728897 0 0.07150094211101532 0 13.33005480468273 111.4751927927136 88.18940296769142 535.9259686768055 24.16856148093939 495.3423630967736 64.5113761946559 152.3529613018036 57.42452308535576 2.195769682526588 85.79021023958921 20.00398351252079 0 32.51764757186174 5.126704968512058 11.91941890120506 0.5512318015098572 0 2.041978895664215 6.782398246228695 1.917588382959366 101.7438555061817 10.90458084642887
36.06735928356647 32.85775739699602 1.201231926679611 493.9043810293078 31.71274350583553 2.595685809850693 254.4318414404988 0.4069736003875732 9.210449427366257 1062.009839206934 1.06085117161274 229.732409492135 157.5608705729246 13.00421787798405 0.2830602526664734 0.2260399013757706 0.1847968548536301 0 0 0 0 4.425055459141731 0 0 0 0 0 0 0.573381245136261 0 6.348105281591415 0 2.14351199567318 0 0 0.1347441226243973 4.20283842086792 0 0 0 0 0 0 0 0 0 1.015861749649048 0 0 0 0.1388170272111893 22.11864249408245 4.771235018968582 0 0 0.2822442129254341 102.2823180407286 12.00647775828838 0.267958752810955 0 0 0.3442530632019043 0 0 0 0.3720046952366829 1.686643734574318 0.5630795359611511 0 0 95.52808365225792 310.0179873853922 21.26830690354109 1.235992282629013 0.1579424738883972 0.336014449596405 0.6270563304424286 0 0 1.319249421358109 0 1.389848649501801 0.4936144202947617 2.942322760820389 0 1.449395023286343 0.1193149387836456 12.68669808655977 7.10444276034832 20.83979948610067 0.6506606042385101 4.627245388925076 0 0.1416667848825455 0.2500377595424652 1376.422916397452 167.4606331437826 43.20305851101875 5.294986665248871 654.375388585031 0 3.794880509376526 0.3005847930908203 2.099348306655884 0 3.995928391814232 15.33385284245014 3.75879094004631 4.834257781505585 26.59684270620346 0.7031846046447754 15.18438299000263 10.21387115120888 8.998037114739418 3.186073377728462 0 0 0 0 0 0 0 0 0.2144872546195984 0 0 0 0 0 0 0 0.1889317631721497 0 0 0 0 0 0 0 2.718631982803345 0 1.398123785853386 0.5380740016698837 0.1303005069494247 0 0 0 0 0 0 0 0 0 0 0 0 0.1530765146017075 0 0 0 0 0.3035529553890228 0 0 0 0 0.5526561141014099 0 0 0 0 0 0 0 0 0 7.939474642276764 1.868599742650986 0 0.1183310821652412 0.2595446184277534 0.2311840802431107 0 0 0 0 0 0 0 0 0 0 0.09486162662506104 0 0.1668011695146561 0.1198730543255806 0.234220564365387 15.02043379843235 17.45793089270592 4.471067830920219 8.894783355295658 0.2293268814682961 2.722526513040066 0.9387557506561279 128.36242518574 0.5488148629665375 0 0 1.927582874894142 0 1.353699341416359 0.8623066544532776 14.23581564426422 0 0 0 0 0 104.525356516242 12.64252087473869
969.7727081254125 4991.392304793 44.10518521815538 3421.171045951545 1722.910594440997 254.4318414404988 1351.594947777689 3.022656500339508 4281.562484011054 4826.776921376586 69.23647326231003 105.8116859868169 3201.222787380219 2910.874366246164 7.166704505681992 5.190872617065907 0.3883993551135063 0 0 0 0.1241603419184685 0 0.09449531883001328 0 0 0.255851075053215 0.1027059778571129 0.2356393933296204 0.1899830922484398 0 241.7620067745447 2.834565825760365 3.166443884372711 0.09291764348745346 0.2753123641014099 0.3918189108371735 13.14805243164301 1.272022664546967 4.034320496022701 0 0.4365654587745667 0.2579011544585228 0 0.2470979988574982 0.2082815989851952 0 131.386370934546 1.407632179558277 0.3242303133010864 0 2.350607678294182 0.2608241811394691 0 0.1152723953127861 33.05560743808746 30.85567910969257 85.75636680424213 226.2367956861854 58.15262544155121 64.95850368589163 0.8466726690530777 3.317005328834057 0 36.94371093064547 9.800178840756416 3.346568278968334 0.09108084440231323 0.3821185305714607 0.314237117767334 0.3191176578402519 41.0625269934535 7.453868180513382 0 291.9564200490713 73.01396901905537 171.6401851028204 23.65873327106237 1.853643298149109 0.7234590873122215 2.231887318193913 1.283175520598888 1.630109384655952 53.18245627731085 0 2.032367072999477 3.078276805579662 0.6841451972723007 0 1.035621844232082 0.1731852814555168 0.7909790426492691 0.3498703464865685 0.4952194467186928 1.381975926458836 0.6658784076571465 33.49172294139862 26.46759930253029 0 39.53895692527294 164.8023686036468 9.114837422966957 24.63146716356277 17.02586906403303 27.45934797823429 4.093553483486176 111.0458523929119 14.83857345581055 74.8315751105547 20.98422004282475 55.38374591618776 3.395659804344177 173.5513509884477 38.64697209745646 60.95407068729401 46.96432526409626 2.693728342652321 1.109558314085007 0 0 0 0 0 0 0 0 0 0 2.773821771144867 0 0 0 0 0 0 8.579640105366707 1.022863358259201 0 8.127670466899872 0.376934289932251 126.7544428110123 24.12470842897892 71.14002674072981 12.81618562340736 2.984895080327988 0 0 0 0 0 0 0 9.656020045280457 6.485197305679321 0 0.217216432094574 0 1.21494334936142 0 0.9265100657939911 4.624138593673706 0.6093287393450737 18.4368704482913 13.11343719065189 1.655270010232925 0 24.80683735013008 27.97627560794353 3.827449411153793 2.486313477158546 1.210443541407585 0 0 0 0 0 0 143.5788505300879 0.7441349923610687 0 0.2416104525327682 0 3.566070675849915 3.199696183204651 5.434279724955559 37.40403336286545 7.412409573793411 5.358400665223598 0.8854149580001831 0.4823118150234222 0.1137615740299225 0 0 0.09666218608617783 0.357323631644249 0 0 0 71.49453393369913 175.9837822169065 133.074347063899 433.157428085804 18.7001116797328 394.358244240284 53.12708377093077 605.8809501454234 35.09394792467356 4.10042717307806 62.65488631278276 41.36843076348305 1.860523566603661 73.47355309873819 11.98060419410467 33.89080429077148 0.6569747477769852 0 2.277241125702858 4.564980454742908 2.756096683442593 507.3889460042119 34.31851097941399
6.528052195906639 89.96659358590841 2200.724368430674 1.849919565021992 62.2248999401927 0.4069736003875732 3.022656500339508 2513.479926072061 7.984274454414845 0.6441239789128304 3374.152860470116 15.05612812936306 190.8814480081201 882.0064248070121 48.61168467998505 74.18709205091 2.568436980247498 5.039978429675102 1.046336732804775 3.56566447019577 32.05833752453327 0.5407280921936035 26.2581245675683 28.19775197654963 38.5936029702425 8.609281092882156 17.91534559428692 2.824233286082745 0.3373579978942871 10.65441505610943 1425.820331990719 3145.478675507009 99.86938513070345 1.199408464133739 14.60524788498878 33.4628569483757 32.88919435441494 27.59297259896994 2.263356827199459 10.91962572187185 87.20137992501259 5.958645179867744 7.002886846661568 30.79465189576149 1.470966473221779 4.281033031642437 186.6880626529455 7.654430411756039 5.777017042040825 11.06575920432806 16.17627237737179 0.5327267795801163 0.7542182877659798 1.368574447929859 10.00343616306782 10.37312582880259 24.81792292743921 160.7526864632964 17.92106217890978 55.90017710626125 299.7627134099603 99.06237647682428 9.12936720252037 1337.49017573148 4.630809836089611 3.981940880417824 5.86620320379734 17.66731048375368 36.92291405051947 127.6501837000251 48.75245786458254 0.6237578690052032 0.2919079959392548 192.0725320726633 252.4955862686038 544.9046736508608 868.2225110679865 713.0463712662458 1982.582697957754 2127.222978278995 518.2682933360338 1825.422075070441 32.69782447069883 0 3.00428856164217 1.619800470769405 8.732200294733047 0.2193550169467926 0.7213233709335327 0.7526149302721024 0.8725317791104317 0.7408401891589165 118.8148181289434 2.998057052493095 1.005841679871082 2.061544828116894 0 0 4.779383584856987 0.6808895915746689 0.1548031270503998 0 0 0 0 0.7147181034088135 0 0 0.2737646996974945 0.3531749546527863 0 1.628349408507347 0 0.445060133934021 0.1848256289958954 0 0 0 0 0 0 0 0.3830814361572266 0 0 0.6728562712669373 0 0.4180284589529037 0 1.024278342723846 0.8850750476121902 0.3968383073806763 1.393087238073349 0 0 0 0 0.7836836874485016 0.2249295711517334 1.877347804605961 0.1097244918346405 1.969681695103645 1.455832697451115 0.8014952540397644 0.3287415653467178 1.113509997725487 0.0995679646730423 0.4726354852318764 0 0 0 0.1677429676055908 0 0 0.1257983297109604 1.465500108897686 0.8378177434206009 2.613054521381855 0 0 0.2650886327028275 0 0.1263915449380875 0 0 1.067247778177261 0.6445597559213638 0 0 0 0.1998806893825531 0.2771072015166283 0.1974700093269348 0.288548968732357 0.1067647635936737 0.5499134510755539 2.991628795862198 0 0.3827809691429138 0.3847405612468719 1.531505770981312 0 0 0 0.2196808904409409 0 0 0 0 0.0978361964225769 0.08993155509233475 0.1652522161602974 0 0.6433826014399529 0.6033492907881737 1.653995893895626 0.2806457728147507 1.047160223126411 4.353424981236458 2.154972597956657 223.0545954182744 12.21116535365582 398.214213475585 77.23091638833284 24.75270404666662 30.30945759266615 1.926316395401955 44.38481964915991 1.382762916386127 0.1015100032091141 3.960655480623245 0.1878606379032135 0 0.4174785614013672 0 0 9.683118149638176 0.67099729180336 12.84520703554153 0.3748381733894348
145.4836354032159 1726.23042704165 161.3202670812607 42.32744409888983 6493.316936478019 9.210449427366257 4281.562484011054 7.984274454414845 2178.770574323833 1010.320487208664 1622.581672549248 18.51303100585938 849.2948436364532 1219.930744618177 10.46259617805481 10.29541876167059 0.1028493270277977 0.07614258676767349 0 0 0.09949302673339844 0 0.08633171766996384 0 0 0 0 0.1472203731536865 0.1156405434012413 0 105.5134805813432 7.647033996880054 10.89412286132574 0 0.09682651609182358 0.2085609287023544 13.1567055284977 0.0730707198381424 12.86847963929176 0.4176132827997208 0.4144795686006546 0.09496704488992691 0 0.3074833899736404 0 0 94.95275033265352 1.492689892649651 0.3371397629380226 0.09834553301334381 0.6753497868776321 0 0.08230855315923691 0.0866372361779213 11.01859795302153 12.95824703574181 23.16470813751221 84.66797365993261 23.36047320812941 34.27107162773609 0.5925762727856636 0.3571681678295135 0 61.94173041731119 3.970078259706497 1.184917449951172 0.1047290116548538 0.2287202104926109 0.3622278794646263 0.1706875935196877 62.10504730790854 12.84330388903618 0 116.8823666796088 55.64392673969269 175.8083183914423 39.888840906322 3.750814147293568 0.1371241807937622 4.198162935674191 1.387275837361813 0.8935160860419273 23.97220828384161 0 0.7099942266941071 1.331676051020622 0.506321981549263 0.09219498187303543 0.0828075185418129 0 0.4904209077358246 0.1784793436527252 0.3921880349516869 0.4217466786503792 0.1947490274906158 9.582570090889931 31.90356750786304 0.1527961045503616 39.44261665642262 11.39810368418694 4.452528357505798 16.80723576247692 5.947881504893303 3.438680797815323 3.174887970089912 58.02429462224245 2.837115347385406 53.94528372585773 16.91689811646938 11.03753192722797 3.261014208197594 117.8079947307706 23.99660978466272 31.91112695634365 23.63109627366066 3.522599816322327 0.2091917842626572 0 0 0 0 0 0 0 0 0 0 1.369292542338371 0 0 0 0.259582906961441 0 0 6.848898932337761 0 0 18.36932860314846 1.687921166419983 121.3599177151918 18.10707096755505 72.23565787822008 12.24908228218555 1.346791326999664 0 0 0.3189394772052765 0 0 1.05519437789917 0 10.42242132127285 5.559031844139099 0.2701647579669952 0.6076452732086182 0.09218426793813705 0.7530141174793243 0 1.49261711537838 5.933743312954903 0.1458559483289719 18.74247951060534 15.73320844769478 0.8048228174448013 0 20.33226612210274 31.92191880941391 4.313957095146179 2.706285327672958 1.899734437465668 0 0 0 0 0 0 127.9554696455598 0.3542019128799438 0 0.06717045605182648 0 4.069540627300739 5.828116595745087 7.72094514966011 34.81594936549664 8.412304773926735 4.076637998223305 1.130219593644142 0 0 0 0 0 0.07973764091730118 0 0 0 31.45971094816923 177.3387669920921 113.2174552828074 344.6182616502047 11.84155108779669 300.4783194735646 61.21009019762278 74.28588948398829 40.17270827293396 0.6375736370682716 66.5650677755475 37.98561010509729 0 57.47387588769197 15.43071342259645 15.21847528219223 5.370199769735336 0 2.117096699774265 7.602175191044807 0.7869030088186264 68.67295011132956 40.69120559096336
1618.743424616754 445.9932095780969 6.292427778244019 4413.871137551963 721.6927799507976 1062.009839206934 4826.776921376586 0.6441239789128304 1010.320487208664 2679.213515982032 21.84204232692719 2743.863421261311 8958.746124513447 976.8072256743908 0.3037615045905113 0.3803631514310837 0 0 0 0.0983547568321228 0 1.245456337928772 0 0 0 0 0 0 0 0 45.71197909861803 0 8.375487178564072 0 0 0 9.203192919492722 0 1.002856612205505 0 0 0 0 0 0 0 12.75485119968653 0.1192118152976036 0 0 0 0.3043205440044403 0 0 4.306736171245575 3.103073664009571 64.39273935556412 66.72239477932453 12.79314061999321 6.438490599393845 0 0.2345570772886276 0 2.281900450587273 1.073778301477432 0.07850682735443115 0.08560729771852493 0 0 0 205.5907104089856 4.353099897503853 0.2857992500066757 47.81427583098412 4.89994053542614 8.567141368985176 0.8478401824831963 0 0 0.3817240595817566 0.1591694205999374 0.2904055863618851 6.817144215106964 0.1088275089859962 0.08666683733463287 0.4501924887299538 0 0.1186821311712265 0 0.5525170043110847 0 0.2709221243858337 0 0 0 122.7196993157268 25.92147924005985 2.459562584757805 6.032733410596848 866.6053907200694 4.478873670101166 73.38173467665911 78.90816558897495 208.1501989513636 5.10358027368784 140.5423141121864 233.2680919319391 46.48604770749807 95.64840438961983 238.6520941779017 4.171652168035507 287.2371553257108 141.9988499805331 173.4009155184031 87.41191244870424 0.9892735257744789 0.3195519894361496 0 0 0 0 0 0 0 0 0 0 1.149465441703796 0 0 0 0.3151328861713409 0 0 7.614343024790287 0 0 0 0 59.14054560661316 9.624579280614853 21.22882810235023 6.344028294086456 1.249467492103577 0 0 0 0 0 0 0 2.000844575464725 2.971369072794914 0 0 0.5337216854095459 0.4296551942825317 0 0 1.923230484127998 0.2456263899803162 7.601337432861328 11.29215598851442 2.174449242651463 3.329244136810303 2.231938362121582 10.53671875596046 0.09404348582029343 0.1455115377902985 2.395582944154739 0 0 0 0 0 0 201.706215724349 2.834147751331329 0.1325076520442963 0 0 4.950631394982338 4.920273542404175 1.245220422744751 13.39211492240429 3.930282242596149 1.278195731341839 0 1.853600278496742 0 0 0 0 0.09103429317474365 0 0 0 202.4625760093331 65.42198115587234 30.7541598752141 70.70955640822649 1.653880625963211 32.69132967293262 3.420064531266689 1131.98532307148 2.650271907448769 0.2432842627167702 2.939315371215343 14.08910295367241 0.2412666231393814 19.5913964882493 2.992662914097309 91.51065251976252 0.807590126991272 0 0.7311104536056519 0 1.522209048271179 1811.915134854615 38.89351244270802
135.1627042591572 2201.022199317813 5119.861321911216 15.41842623800039 2416.582854047418 1.06085117161274 69.23647326231003 3374.152860470116 1622.581672549248 21.84204232692719 4446.525913581252 64.4787227883935 1291.373684421182 5019.218388114125 88.42160949110985 103.5701726451516 2.027361176908016 2.530082821846008 0.3495200499892235 0.5974267199635506 3.389476284384727 0.5585541874170303 1.459654122591019 2.94671755284071 22.01048149913549 2.691282473504543 5.41335141658783 0.713090293109417 0.8682994022965431 2.337160378694534 579.3956270217896 40.20817752182484 337.3132391124964 0 3.488231346011162 20.97413533180952 191.2750996872783 38.95981028676033 8.457507401704788 11.00284546613693 15.46591772139072 2.31263267993927 1.793559394776821 3.52920176833868 0.09059257060289383 0.4808913618326187 284.1164139732718 3.61039761453867 2.332609616219997 2.951367273926735 12.67292108386755 2.917340390384197 2.028119146823883 1.354416869580746 18.74456118047237 19.02456279098988 32.67875302955508 129.9634546339512 36.58256179094315 79.59805840998888 1.703820809721947 10.54352793842554 0.1396243870258331 163.6259003803134 7.484138235449791 4.524803996086121 4.84138123691082 8.489374332129955 7.784818530082703 7.744938164949417 254.1374479457736 7.849019020795822 0.2992224246263504 243.2340684048831 148.0569424033165 611.0908524468541 191.8673836067319 41.33342883735895 4.532810904085636 406.2514353618026 5.990219466388226 14.22867635637522 46.87541753798723 0.07789391279220581 1.962856121361256 2.368649307638407 3.422450810670853 0.2489082217216492 0.2604182958602905 0.1670444533228874 0.8988301604986191 1.380387522280216 15.48941767960787 2.244614750146866 1.068731375038624 22.57979852706194 13.74837547540665 0.1312745809555054 46.61780013889074 6.506990149617195 4.662614122033119 1.141301974654198 0.9621542096138 0.2625980377197266 2.339872173964977 23.22132553160191 0.9714717194437981 31.63086944818497 5.76044237613678 2.963021039962769 0.2361197471618652 53.28977101296186 9.364337734878063 14.93417439609766 8.813657075166702 2.172717563807964 0.262442484498024 0 0 0 0 0 0.3827145248651505 0.1319821029901505 0 1.540340520441532 0 1.982081480324268 0 0.3029899448156357 1.2066959887743 1.014536678791046 0.5524518862366676 0.1234605312347412 5.619790121912956 0.4677807092666626 0 2.126204997301102 0.4559174627065659 56.57548203319311 6.11783692240715 33.68657484650612 7.537631750106812 2.76065681874752 0.2388050556182861 0.9715182706713676 0 0 0 0 0 5.227586187422276 1.854426041245461 0 0 1.685889847576618 2.455294094979763 2.041564755141735 1.007057264447212 3.722097337245941 0.07601494342088699 6.787018269300461 4.924314685165882 0 0.6529855728149414 8.078389398753643 13.93566641956568 2.080330789089203 0.9405815899372101 1.983541034162045 0.1023257672786713 0 0.0843820795416832 0.3636072874069214 0.3416178897023201 0.3510024771094322 59.50677921622992 1.55641708523035 0.1094100251793861 0.6430491134524345 1.252700932323933 1.870180681347847 2.218826532363892 0.312824159860611 12.67083279788494 3.729322671890259 2.759990580379963 0.2529835999011993 0.2247203141450882 0.4532587975263596 0.07539556175470352 0.2446495667099953 0.08767701685428619 0.400360532104969 0.462617851793766 1.062712408602238 0.1853400319814682 20.77391274273396 90.89468400925398 60.73724880814552 824.3149719014764 17.60879737138748 823.3163354992867 212.6094149723649 101.5460272505879 93.80488660931587 1.726470202207565 194.3679312467575 15.44931355118752 0.1056699380278587 21.11919777095318 4.308333367109299 6.076527208089828 1.687186971306801 0 1.440671630203724 22.13974217325449 7.518835723400116 51.47771725058556 16.04956091940403
170.6822149008512 95.96688444912434 28.76383253931999 646.4803786128759 10.04422269761562 229.732409492135 105.8116859868169 15.05612812936306 18.51303100585938 2743.863421261311 64.4787227883935 313.5253790020943 2124.870459631085 48.94115652143955 7.81364518404007 4.314957641065121 0.1402017325162888 0 0 0 0 0.7963293939828873 0.11568234115839 0 0.2572696655988693 0.1354003995656967 0 0.1448476761579514 0 0 12.26115922629833 0 4.363866001367569 0 0.2363197207450867 0.2544503957033157 12.19159960001707 0.2481333985924721 0.1844634860754013 0.1045874059200287 0.233268141746521 0 0 0.3167247772216797 0 0.1446237117052078 11.12748288363218 0.09548284113407135 0 0.09833980351686478 0.09509896486997604 1.279049843549728 1.770986996591091 0 1.36410603672266 0.9801556691527367 5.650466486811638 9.26983729749918 1.926846064627171 2.192636080086231 0.08623554557561874 0.5686154142022133 0 1.879697293043137 0.2910163104534149 0.2233439981937408 0.5727678015828133 0 0.1024105697870255 0.2470717802643776 102.8486659675837 1.034956827759743 0.4229497164487839 10.66794470697641 1.429561175405979 11.81613715738058 3.278772763907909 1.254308000206947 0 0.9746337085962296 0.1290174871683121 0.4452241063117981 2.344977974891663 0 0.1570374295115471 0.1935513094067574 0.1075718775391579 0 0.2405688911676407 0 0 0.6541415452957153 0.1479839533567429 0.1398158967494965 0.42388004809618 601.7162593379617 25.04858393967152 0.4935396462678909 11.98612387478352 38.84851944446564 2.634792499244213 14.45742179453373 3.760380916297436 10.90314507484436 8.660892993211746 86.83062797784805 29.00701455771923 59.29506295919418 30.66440363228321 88.90394452214241 4.418480545282364 273.1895023658872 152.3561367690563 154.7612976133823 103.1574747189879 2.116433829069138 0.4160602912306786 0 0 0 0 0 0 0 0 0.4702699929475784 0 1.204257965087891 0 0 0.1993213146924973 0 0 0.1445433795452118 11.97135548293591 0.4433138519525528 0 2.187615871429443 1.166546106338501 85.78431341052055 1.301161348819733 12.71947901695967 1.683048933744431 0.2658242806792259 0 0 0 0 0 0 0 3.776319205760956 3.104326255619526 0 0.1365245878696442 0.2618879824876785 0.4175148755311966 0.3691927641630173 0.3690049052238464 3.192725390195847 0 7.736297912895679 7.577872157096863 0.1659657061100006 0 2.601716160774231 6.831623151898384 0.4196804463863373 0.1528207361698151 0.5268705263733864 0.5692814737558365 0 0 0 0 0 270.7837621793151 2.413098379969597 0.3381330519914627 0.2136918604373932 0.4729881137609482 3.551483176648617 0 0.5523866564035416 11.65630711615086 3.787090122699738 2.202666454017162 0 0.128782257437706 0.2295540273189545 0.10714291036129 0.6933233588933945 0.3615326434373856 0.1146887764334679 0 0 0.09797661751508713 230.3181037083268 57.50883389264345 31.23579631745815 88.79758737236261 3.646503411233425 35.90355280041695 13.1995746716857 139.2828610911965 2.255069226026535 1.725719213485718 11.96264190226793 8.04418208450079 0 25.16742011904716 4.230519346892834 19.04091177880764 0.2873953208327293 0 0.4409695565700531 1.704646348953247 1.459637030959129 661.2423264458776 36.75355814397335
179.8982911035419 449.5325292870402 412.8118683844805 936.1623541712761 267.5484380871058 157.5608705729246 3201.222787380219 190.8814480081201 849.2948436364532 8958.746124513447 1291.373684421182 2124.870459631085 3220.500631965697 3009.635403439403 58.03365609049797 55.17068342864513 3.369001336395741 0.8157007321715355 0.2942589968442917 0.5109058991074562 0.1468045562505722 2.263598948717117 0 0.2181351482868195 3.504382371902466 0 0.9330682158470154 1.094372674822807 0.3093480691313744 0.213689312338829 48.15451627224684 1.083803586661816 552.3153898119926 0 0.2152623012661934 2.38630747795105 263.289458937943 15.43468783795834 8.466631375253201 4.706222660839558 4.288352034986019 0.7836585640907288 0.2134611755609512 2.169424630701542 0.2417763248085976 0.2800324261188507 109.7984041795135 1.317442588508129 0.9178451672196388 1.016544543206692 3.522321745753288 3.350468352437019 2.580000557005405 0.2876786589622498 2.341517560184002 3.732172347605228 8.482733927667141 19.48149079084396 10.63497770577669 17.73227702081203 1.356203459203243 22.90357953310013 0 12.57737365365028 1.144217073917389 1.084023833274841 1.598041698336601 3.003923021256924 1.941773913800716 1.525520652532578 320.3698010519147 8.048816472291946 0.1169626712799072 44.312354773283 14.41706497222185 153.9500853866339 42.04887471348047 16.16704937070608 0.3108813762664795 76.72071362286806 1.619705036282539 4.244693592190742 6.817882806062698 0 0.3490613624453545 0.2555952668190002 1.044614218175411 0 1.016388468444347 0.442764088511467 0.3981230556964874 1.038978829979897 3.845444299280643 1.024580582976341 0.9459663778543472 684.1562911272049 16.4387574493885 0.1753777712583542 42.07805041968822 45.35052415728569 16.22885167598724 30.26157791912556 18.29637813568115 22.29301109164953 19.53793679922819 258.814177967608 66.08439787477255 224.9925377517939 91.74275113642216 133.236827544868 9.358722195029259 696.4481634870172 199.5490396469831 314.7656840980053 219.573108881712 7.214560806751251 0.9976990073919296 0 0 0 0 0 0.5509582906961441 0 0 1.474039569497108 0 3.110697701573372 0 1.01354993134737 0.8159952014684677 0.1278958022594452 0.7155335545539856 0.1222826018929482 35.56560626626015 0.6493237316608429 0 7.760186538100243 1.484160363674164 297.5033761039376 24.01860065758228 93.2273077070713 7.923317864537239 2.41406125575304 0.1705971360206604 0.1619349122047424 0 0.2724297940731049 0.128491684794426 0 0 23.53553714603186 12.25394198298454 0 0.338229738175869 2.35364642739296 3.155174970626831 1.34206185489893 1.962948031723499 12.80242373794317 0.3022058606147766 38.40756212174892 27.88258402049541 1.551187336444855 1.284416437149048 12.44014045596123 28.75519267469645 6.183541983366013 1.947499044239521 5.163801833987236 0.3507398217916489 0.09600219875574112 0 0 0.1127807721495628 0.1175534278154373 700.327243886888 3.458441019058228 1.111436761915684 0.4041250199079514 0.5000143051147461 9.722825214266777 2.109721779823303 4.46249420940876 58.42891515046358 15.52504058927298 12.17429273575544 1.062696143984795 0.7764755263924599 0 0 0.7262862473726273 0.7683782875537872 0.3292026370763779 0 0.4125591665506363 0 381.8315796777606 252.1542832255363 168.0983683615923 800.1156674101949 14.71251545101404 363.3094928488135 147.1003924384713 208.9752536565065 38.25098180025816 2.63741372525692 124.7104816064239 64.96321068704128 0.9211947619915009 118.8310847878456 23.44758937507868 55.61177572607994 2.829080827534199 1.391104817390442 5.049575865268707 22.51724648475647 5.37439076602459 927.3926248177886 83.1407860442996
