1469.711371786892 3465.70830231905 190.6312723197043 2113.93785020709 60.97142829746008 142.6177661567926 302.1839426234365 10.5925310254097 1.889206595718861 1631.992132082582 18.72531972080469 249.3389706611633 141.3059531524777 55.65996614843607 0.4316000491380692 0.3743228986859322 0.1530982702970505 0 0 0 0 0 0 0 0 0 0.1062086373567581 0 0 0 1878.811297863722 0.4827325344085693 5.604534961283207 0 0 0 3.52057284116745 0.754863977432251 1.74101647734642 0.3360526114702225 0 0 0.1480994671583176 0.542956218123436 0.5955970138311386 0.5646897181868553 29.04266660660505 1.768875174224377 0.6105034723877907 0.2456491962075233 0.4427098259329796 1.258531883358955 0.2845193147659302 0 1.308017462491989 0.3279504850506783 70.58584939688444 808.749782115221 1.369294181466103 15.06544844061136 0.67787154763937 0.721630223095417 0 15.83901784569025 1.256529562175274 1.789392776787281 1.039378583431244 0.09223064035177231 0 0.343772828578949 27.39076742529869 48.89100738614798 1.32464811205864 255.9021497145295 39.79394177347422 46.68308272957802 2.05595189332962 0.7480892390012741 0.09392767399549484 5.875436186790466 0.6573486030101776 0.8282961398363113 3.131361067295074 0 0.8593266233801842 1.767743989825249 0 0 0.214071199297905 0.1469672173261642 0 0.179982528090477 0.06816962361335754 0.08099580556154251 0 638.9606650322676 43.82182097434998 4.522532612085342 13.65054538846016 2068.211729593575 0 0.5318007916212082 0.5071354508399963 0.5553721934556961 0 3.757989674806595 1.09034726023674 2.231346294283867 2.995517387986183 0.8201146125793457 3.234578758478165 4.872664257884026 3.77053090929985 1.55910512804985 8.121458634734154 0 0 0 0 0 0 0 0 0 0 0 0 0.1133331432938576 0 0 0 0.1718200296163559 0.1986412107944489 0 0 0 0 0.1612585932016373 0 0.08911328762769699 0 0.1677278876304626 0.9039148986339569 0.5667814761400223 0 0 0 0 0 0 0 0 0 0 0 0 0 0 0 0 0 0 0.1704807281494141 0 0 0 0.2213557064533234 0 0 0 0 0 0 0 0 0 0.5799188613891602 0.7862203121185303 0 0 0 0.4989561438560486 0 0.351374089717865 0 0 0.198380321264267 0 0.1509640663862228 0 0.1183436885476112 0 0 0 0 0 0 1.814330749213696 0.336214154958725 0.3491341024637222 135.5483934059739 1.098523631691933 103.0875111296773 11.30067331343889 583.1499387696385 15.05445708334446 0 0.8996525555849075 10.69359238445759 0 0.4394828230142593 0 11.61331229656935 0 0 0 2.584774345159531 1.240162700414658 123.3806377202272 1.901469759643078
3465.70830231905 4564.067926514894 1631.864367000759 811.0938393995166 2548.263719424605 95.25950388610363 2576.381692141294 322.1933816820383 1039.001247040927 1507.217921100557 1243.785029657185 108.3680166453123 1273.81582865119 1752.80680796504 7.397767826914787 2.414143480360508 4.079067043960094 0.08952620625495911 0.4876429513096809 0.3771818578243256 0.3226700648665428 0.07532335817813873 0 0.2260226458311081 0.1065486073493958 0.09936869144439697 0.6297257170081139 0.1117613166570663 0 0 3665.247117094696 61.15758091211319 14.55808352679014 0.09925553202629089 0.2288073599338531 0.1023834124207497 5.470419861376286 0.8325122445821762 1.844187408685684 0.1128892078995705 0.3232608363032341 0 0 1.276360414922237 0.191746324300766 1.547848962247372 210.8066739216447 11.63749685883522 1.251613274216652 0.55100267380476 2.637640692293644 0 0 0.2474067658185959 1.114492416381836 0.9563330262899399 86.04395830631256 1424.40240637213 5.597985751926899 93.19489760696888 2.632061339914799 1.455271393060684 0.1954079270362854 188.1497000604868 7.738496594130993 5.539686553180218 4.6333988904953 1.567233815789223 0.1802753359079361 0.8689700961112976 11.22197294980288 0 0 665.5051175430417 263.5770525932312 243.5497818812728 47.82056845724583 24.4997366592288 3.588806241750717 24.14280962944031 1.886857345700264 3.181420996785164 12.59370329231024 0 4.793848492205143 3.430038556456566 2.344010472297668 0 1.106913238763809 0.4198488295078278 0.4235607385635376 0 0.4961811080574989 0.2096776887774467 0 58.12539178133011 13.05346994102001 0 3.588110417127609 1433.337352700531 0 0.6241911202669144 1.953335128724575 2.899291232228279 0 5.285259380936623 1.477974578738213 5.771035119891167 26.89288578927517 2.320191472768784 3.858073487877846 17.73462256789207 12.80421950668097 5.100154936313629 23.58969306945801 0 0 0.6149081587791443 0 0 0 0 0 0 0 0 0 0 0 0 0 0 0 0 0.5059869959950447 0 0 0 0 0.9841114431619644 0.1038025394082069 3.456268481910229 0.4630666226148605 0 0 0 0 0 0 0 0 0 0 0 0 0 0 0 0.09943263977766037 0 0 0.2200650721788406 0.1751020103693008 0 0 0 5.956524357199669 0.9010557532310486 0 0 0 0 0 0 0 0 4.814635008573532 0 0 0 0 3.411049231886864 0 0.7540501952171326 0.3106315135955811 0.106356605887413 0 0 0 0 0 0 0 0 0 0 0 12.94082902371883 0.3606943264603615 0.268205463886261 209.5609434917569 5.537620447576046 540.7435701414943 116.9281805604696 660.9173480048776 98.26792674511671 1.908227384090424 36.63879168778658 20.61176262795925 0 0.1970085501670837 0 22.80070951581001 0 0 0 21.33225432783365 3.568480268120766 175.0322285369039 16.80387782305479
190.6312723197043 1631.864367000759 2682.118792295456 4.515696704387665 509.8234917074442 4.115508981049061 150.5253361463547 3105.296225868165 459.864698857069 19.97336303442717 2603.962366051972 17.41315238922834 71.30404412001371 1393.773312546313 2.546815171837807 3.774785839021206 4.208934165537357 1.756012998521328 0.9700808823108673 2.966237917542458 1.836133740842342 0 0.5610876530408859 0.129497155547142 0.6628890261054039 0.1122519597411156 0.8688282743096352 0 0.1001757457852364 0 5290.129581026733 582.8499449118972 96.57260119915009 0.7498944401741028 1.55540232360363 1.532236896455288 10.16896142065525 2.787970341742039 1.337938085198402 0.4984808340668678 0.4325892478227615 0.8829338699579239 0.732207290828228 17.27400967478752 3.928195603191853 20.49372156709433 36.55111948400736 3.515904910862446 3.481116078794003 3.237470008432865 1.079286225140095 0.7992754578590393 0 0.2197417393326759 0.7244175896048546 0.5776516646146774 16.87927187234163 701.7760575935245 0.5842500403523445 12.97912129759789 25.12225960195065 12.88357760757208 1.712011143565178 116.6098259240389 0.7674494758248329 0.999301977455616 0.5113231316208839 0.9637859612703323 3.555701993405819 5.261062309145927 25.75293103605509 0.09924784302711487 0 144.5093366876245 65.95045361667871 45.78354702144861 14.63432158529758 9.136902585625648 60.40524809807539 528.0905933231115 24.50112497806549 49.34148563444614 1.997774586081505 0 0.795955590903759 0.6128046587109566 0.3543969169259071 0 0.3551665097475052 0 0.2440546229481697 0 3.405211940407753 0.9365068972110748 1.043968580663204 55.82528002560139 10.73545953631401 0.7837503254413605 7.384790569543839 89.46639002114534 0.09610433131456375 0.1454466432332993 0.3680103421211243 1.452083274722099 0 3.560620024800301 0 0.3172371610999107 1.984128654003143 0.2418417632579803 2.051995158195496 5.317800231277943 4.181406088173389 2.313699387013912 13.14085495471954 0 0 0 0 0 0 0 0 0 0 0.09213989973068237 0 0 0 0 0 0 0 0 0.1726004481315613 0 0 0 0 0.4598717167973518 0.1672138720750809 3.52852675318718 0.2391154244542122 0 0 0 0 0 0 0 0 0 0 0 0 0 0.2239908427000046 0 0 0 0 0 0.09065425395965576 0 0 0 1.670395247638226 0.09295731037855148 0 0.1317888498306274 0 0 0 0 0 0 5.493695423007011 0 0 0 0.06870671361684799 2.783732607960701 0 2.723896689713001 0 0 0 0 0 0 0 0 0 0 0 0 0 6.417233638465405 0.2322283908724785 0.2119415178894997 36.05095857381821 1.032643601298332 75.33870171010494 16.20873157680035 39.74798657000065 11.69549999386072 0 6.545081079006195 2.466732032597065 0 0.1042672023177147 0 2.569201663136482 0 0 0.2314468771219254 3.152771517634392 0.2500577867031097 13.44658868014812 10.83445013314486
2113.93785020709 811.0938393995166 4.515696704387665 896.1990410089493 36.31919725984335 668.590226136148 458.6715567708015 1.10428050160408 1.844735249876976 2597.663639768958 2.715784132480621 129.8842961192131 431.0521441698074 76.65433921664953 0.3156639784574509 0.2752956449985504 0.4567935615777969 0 0 0 0 0 0.1318670511245728 0 0 0 0 0.1068221256136894 0 0 233.0744136571884 1.812728554010391 0.1786932572722435 0 0 0 0.07233772426843643 0 0 0 0 0 0 0 0 0.1170944198966026 16.28221662342548 1.726449698209763 0 0.3835540115833282 0.3017486482858658 0 0 0 0.9292491003870964 0.2572322338819504 25.58902378380299 268.9673984721303 0.83039490878582 11.27572589367628 0 0 0 5.678743958473206 0.6147036477923393 0.7584326192736626 0.7918984144926071 0.08650485426187515 0 0 2.43341888487339 0.09309430420398712 0.1547299474477768 131.0620737597346 24.07304046303034 29.96015582978725 2.08789574354887 1.265868000686169 0 0.2975615188479424 0 0 1.734593018889427 0 0.667063444852829 1.112418346107006 0 0 0.09234517812728882 0 0 0 0 0 0 29.20183502137661 0 0 1.432531401515007 803.4560497403145 0 2.993113175034523 4.055730074644089 40.94657093286514 0.1490617096424103 16.56661458313465 8.220111876726151 4.956472031772137 14.68241295218468 0.8822698667645454 0.7283518016338348 7.793524578213692 11.19758579134941 2.24652922898531 6.302829317748547 0 0 0 0 0 0 0 0 0.5217020511627197 0 0 0 0 0 0 0 0 0 0 0.3387991487979889 0 0 0 0 0 0.1361720114946365 0.3771705329418182 0 0 0 0 0 0 0 0 0 0 0 0 0 0 0 0 0 0 0 0 0 0 0 0 0.7631961554288864 0 0 0 0 0 0 0 0 0 1.166311904788017 0 0 0 0.08476019650697708 0.41785529255867 0 2.256883859634399 0 0 0 0 0 0 0 0 0 0 0 0 0 2.758688986301422 0 0 129.7571075633168 1.257872596383095 68.72024279087782 14.58167567849159 1178.252881139517 11.9263302385807 0 3.103604808449745 12.82238285243511 0.4590223729610443 0 2.659199655056 15.33247302472591 0 0 0 112.6050279438496 37.58595737814903 196.4483580812812 2.519625045359135
60.97142829746008 2548.263719424605 509.8234917074442 36.31919725984335 1522.934609547257 20.56317290663719 1786.500823609531 260.0657093152404 2137.060196757317 467.5277148485184 1252.850272990763 24.5967860892415 728.8673385828733 3051.577897533774 4.21457389742136 1.779562681913376 0.4508524462580681 0.2434321492910385 0.2461225390434265 0.4118595495820045 0.2195427566766739 0 0 0 0.5649712458252907 0.1992854177951813 0.09763679653406143 0 0.2525911331176758 0.2087619304656982 144.5652638822794 25.54581484943628 9.25800983607769 0.1170620918273926 0.2342151328921318 0 2.713685214519501 0.7452066764235497 0.9434866979718208 0.1510038524866104 0.1003396213054657 0.278246633708477 0.1896286755800247 2.499719269573689 0.7503686770796776 1.512069188058376 80.01054304838181 3.078327633440495 1.018327109515667 0.340703971683979 0.2799659594893456 0 0 0.1037155762314796 0.554743580520153 0 15.5020137578249 149.354223638773 2.408886395394802 27.21581603586674 3.080330990254879 1.23491869866848 0.3588400185108185 82.91438838094473 1.191166609525681 0.654835544526577 1.677543297410011 0.4724538251757622 0.6325882151722908 0.9178637936711311 18.96036134660244 0.4273638725280762 0 110.0279105752707 51.82401495426893 61.31767670810223 26.34948690235615 13.89936197549105 4.041362375020981 5.884127222001553 1.543954059481621 2.644484482705593 3.490340694785118 0 1.409138560295105 1.061885938048363 0.2608958929777145 0 0.1030387952923775 0 0.2290919199585915 0 0.9239472150802612 0.4293585941195488 0.1139694526791573 132.2475300207734 11.75703289359808 0 4.425642639398575 27.09885699301958 0.197858139872551 3.994204610586166 5.773005560040474 4.277053907513618 3.484562009572983 15.83773805201054 1.976325646042824 12.25125075131655 23.42106670886278 2.791833467781544 3.975804805755615 34.82280367612839 19.26831209659576 16.40785009413958 60.94356802850962 0 0 0 0 0 0 0 0 0 0 0 0 0 0 0 0 0 0 0 1.960292041301727 0.4771996736526489 0 0 0 4.172160223126411 0 8.759915299713612 0.196250706911087 0.3362017273902893 0 0 0 0 0 0 0 0 0.1655808687210083 0 0 0 0 0 0 0 0 0.10172338783741 0.264016829431057 0.1802308857440948 0 0 7.693433232605457 0.2264512032270432 0 0 0 0 0 0 0 0 10.66185060888529 0 0 0 0 2.784122720360756 0 5.26341524720192 0.3784329816699028 0.3994741141796112 0 0.160730853676796 0 0 0 0 0 0 0 0 0 22.73628243803978 0.4062080159783363 0.7506491169333458 128.5444135591388 1.775790520012379 201.6007445678115 50.526033423841 162.2893100678921 33.03942859917879 0.4018110334873199 23.18642002344131 13.39576548337936 0 0.4752401560544968 0 26.15865056961775 0.7176172137260437 0 0 19.45301276445389 4.126495078206062 156.1564941629767 46.51618565618992
142.6177661567926 95.25950388610363 4.115508981049061 668.590226136148 20.56317290663719 21.45959171652794 90.74271930009127 1.24496603012085 2.751462072134018 1168.078117266297 7.550898477435112 138.998427271843 120.3271117508411 52.1838643476367 0.6942830085754395 2.009276509284973 0.1512092798948288 0 0 0.182455763220787 0 0.2876974046230316 0 0 0.132863387465477 0 0 0 0 0 31.6142868027091 10.52250845730305 8.135343849658966 0 0.1453470587730408 0 4.715523540973663 1.093545258045197 4.073236212134361 0.5444093942642212 0.15079665184021 0 0 1.398837879300117 0.6211961954832077 0.8451845571398735 7.909952633082867 0.5799966529011726 0 0.1474273353815079 0 0.8750705420970917 0.8053422495722771 0 0 0 22.62519744038582 51.87854970246553 2.727769136428833 2.650591090321541 1.658116988837719 0.09905530512332916 0.6076126992702484 0.5178980454802513 0.2003164663910866 0.1042434126138687 0.8339061588048935 0 0.1279579699039459 0.4880737438797951 50.0329886674881 214.9883960932493 4.753264233469963 18.15631563216448 2.679142184555531 6.554324865341187 1.127752050757408 1.642441764473915 0.4712197780609131 10.52622798085213 0.5834087654948235 0.3867023587226868 1.131198465824127 0.2062470763921738 0 0.2825438380241394 0 0 0 1.252482667565346 0 0.1495241969823837 0.2163524553179741 0 0.4319128543138504 871.0761559158564 124.7798982784152 18.72185142338276 37.98765864223242 161.1553240716457 0 0 0.2019748687744141 0.2105226218700409 0 0 0 0 0.2783000916242599 0.2654708623886108 0.4855279326438904 0.6550211608409882 0.3513178676366806 0.3167098611593246 1.253373771905899 0 0 0 0 0 0 0 0.3804793059825897 0 0 0 0 0.4063145071268082 0.238699272274971 0.7863597124814987 0 0.7799103558063507 0 0.3965251445770264 0 0 0 0 0.1601290106773376 0 0.169735312461853 0.9768901616334915 0.9172841683030128 1.894081570208073 0 0 0 0 0 0 0 0 0 0 0 0 2.22217970341444 0 0 0 0 0 0 0 0 0.2966028153896332 0 0 0 0 0 0 0 0 0 0 0.3002481311559677 2.571407169103622 0 0 0 0 0 0.2305661886930466 0.1664657592773438 0 0 0.1803567707538605 0.1124157831072807 0 0 0 0 0 0 0 0 0.5766272395849228 0.1264756470918655 1.192368321120739 34.34813892841339 0.1170796900987625 15.39203061908484 2.794485509395599 217.1754053235054 2.193089455366135 0 0.2412830144166946 1.230989716947079 0 0 0 1.784705460071564 0 0 0 2.373674049973488 0.5492206811904907 63.04005515575409 0.5041474252939224
302.1839426234365 2576.381692141294 150.5253361463547 458.6715567708015 1786.500823609531 90.74271930009127 1226.798410102725 55.47567930072546 1231.194484204054 2200.965149328113 1023.816613718867 378.2285314127803 4225.584372892976 3828.481061980128 10.00559051334858 3.511380732059479 2.780197136104107 0.7800748273730278 0.7049777060747147 1.212177455425262 0.8371515870094299 0.154711127281189 0.1149677559733391 0.1010294556617737 0.5656736344099045 0.6790513098239899 0.5013168677687645 0.3178587481379509 0.140457347035408 0 173.2538311630487 30.62111093103886 32.32370133697987 0.2932125851511955 1.025614492595196 1.090126261115074 12.60810831189156 2.227168522775173 1.439155235886574 0.4778870865702629 0.1897323653101921 0.4826639369130135 0 7.731616668403149 1.105004899203777 9.107515513896942 112.6612238958478 4.527188591659069 2.005491964519024 2.147160530090332 1.223278343677521 0 0 0 0.4300675541162491 0.2026005387306213 17.78025925904512 241.8003030344844 4.668511688709259 34.51065918803215 11.74725172668695 3.768628172576427 0.5504946932196617 98.5187341272831 1.927846856415272 2.205553360283375 1.709817864000797 1.066015683114529 2.024919793009758 3.939273364841938 33.13650748878717 0 0 147.8138103932142 65.40666588395834 83.36406801640987 30.22514143586159 17.2987500205636 3.020348839461803 6.618834733963013 5.230811148881912 5.638555333018303 4.594096086919308 0 1.83712038397789 1.177050903439522 0.7397927343845367 0 0.5431720465421677 0 0.2614114284515381 0 3.533010005950928 0.641059011220932 0.5020728185772896 340.5882506668568 27.20042675733566 0 8.74505415558815 69.27066569775343 2.121776841580868 4.567647375166416 14.56702697277069 12.88904817402363 2.071952775120735 32.62607546895742 4.083174489438534 23.4118699207902 40.44571615755558 8.997554875910282 17.36077412217855 69.00155553966761 45.15698267519474 28.5877103433013 116.6997579783201 0.1212224364280701 0.1743657737970352 0.1081772148609161 0 0 0 0 0 0 0 0 0 0 0 0 0 0 0 0 4.631188549101353 1.517119750380516 0 0 0 7.681497804820538 0.3667269423604012 14.50816959887743 0.2549022063612938 0.7368403524160385 0 0 0 0.2012414485216141 0 0 0 0 0 0 0.1074088141322136 0 0.1269748955965042 0 0.08976485580205917 0 0 0.2138915583491325 0.9659674614667892 0 0 0 12.56105145066977 0.1025001183152199 0.1041899994015694 0 0 0 0 0 0 0 26.31042556464672 0 0 0 0 8.144162550568581 0 12.46176438778639 0.4242148324847221 0.1256909370422363 0.3007304668426514 0 0.1116901040077209 0 0 0 0 0 0 0 0 55.50432848930359 1.757382109761238 1.917357072234154 248.2914591878653 4.516537301242352 248.3068959265947 72.08475310355425 278.9188221618533 48.9063730314374 0 37.07008470594883 41.91965276747942 0 2.738536961376667 0.2156560122966766 63.68621270358562 0 0 0.09759059548377991 18.0633816421032 3.058279171586037 460.2742067053914 107.5395472422242
10.5925310254097 322.1933816820383 3105.296225868165 1.10428050160408 260.0657093152404 1.24496603012085 55.47567930072546 1677.174584500492 743.4535512700677 2.396644920110703 6393.641686059535 16.28933096677065 74.11857060343027 2362.917841479182 11.90469078719616 9.284793980419636 11.4221663698554 5.091955617070198 2.205060422420502 5.56474781781435 8.995895899832249 0.9471547901630402 1.069219820201397 0.5985637307167053 6.048657596111298 0.5981169790029526 3.878346361219883 0 0.3199107348918915 0.438591904938221 1924.744837723672 1324.57791685313 608.0585926547647 2.167298167943954 11.33943627029657 8.792716607451439 22.55681598186493 17.47087756544352 6.27943018078804 4.355112180113792 3.729564875364304 4.342717587947845 3.851429559290409 73.86363893002272 8.681500270962715 63.15531457960606 104.1001319810748 7.091726265847683 6.701434701681137 8.403355590999126 3.109830752015114 0.408021867275238 0.214488297700882 1.782328173518181 0.2740212678909302 0 10.90951696038246 245.8692521303892 1.650005683302879 27.86166744679213 154.0507393330336 110.0141748860478 7.60275960713625 226.9506606832147 1.292730361223221 3.061996720731258 1.062817931175232 3.29730598628521 12.37117697298527 21.92477343603969 32.635458111763 0.1990029662847519 0 77.5293884947896 62.23533458262682 63.77688106149435 57.32332722097635 74.69656341522932 1186.148683801293 3335.37288800627 132.572103947401 436.9542591050267 2.197272181510925 0 0.6814035251736641 1.120755814015865 1.850006237626076 0 0.3810518607497215 0 0.800452820956707 0 17.40934401005507 4.279476277530193 2.857047714293003 49.89665965735912 7.195226527750492 0.09653237462043762 9.201441630721092 10.36050795018673 0.1265095919370651 0.3140696138143539 0.8973426818847656 0.3961741477251053 0 2.062614560127258 0.1948921382427216 0.4181117564439774 0.8779485449194908 0.7539660334587097 2.158422514796257 4.292164206504822 3.873176515102386 2.607171311974525 9.428223885595798 0 0 0 0 0 0 0 0.1961955428123474 0 0 0 0 0 0 0 0.1246827617287636 0 0.1140533238649368 0 0 0.4344569146633148 0 0 0 0.6352104917168617 0 2.583326682448387 0 0.5200706720352173 0 0 0 0 0 0 0 0 0 0 0 0 0.1688148826360703 0.1110931187868118 0 0 0 0 0.1815254464745522 0 0 0 1.141917586326599 0.087143175303936 0 0 0 0 0 0 0 0.1500225961208344 2.030621968209743 0 0 0 0.08726984262466431 1.196281455457211 0.1410189718008041 2.002544566988945 0 0.1058160066604614 0 0 0 0 0 0 0 0 0 0 0 3.354439832270145 0.5957982465624809 0.8749164044857025 89.84877878427505 5.259045943617821 192.8733684271574 56.65529873222113 80.14355006814003 32.54223734885454 0.3173480629920959 29.30539539456367 2.349190957844257 0 0.4320853874087334 0 3.170467764139175 0 0 0 14.63826143741608 5.598367139697075 10.65291182696819 9.547215238213539
1.889206595718861 1039.001247040927 459.864698857069 1.844735249876976 2137.060196757317 2.751462072134018 1231.194484204054 743.4535512700677 571.9250373542309 42.10264144837856 1631.531106002629 11.97611103951931 348.2916075587273 2509.826152838767 1.717503391206264 0.1798371523618698 0.483192577958107 0.1077505350112915 0 0.09816297888755798 0 0 0 0 0.3112688213586807 0 0 0.1215002164244652 0 0.2216309607028961 25.69178675860167 4.913177624344826 5.383768558502197 0 0.09934048354625702 0 0.1585434526205063 0.2498798966407776 0.6434074640274048 0 0 0 0.1117155775427818 1.115194238722324 0.09890464693307877 1.722581334412098 14.40717005729675 0.09020707011222839 0.08808398991823196 0.2269539386034012 0.186853215098381 0.1125654876232147 0 0 0 0 1.668014377355576 16.29262202978134 0.4992444068193436 3.063007615506649 1.070384323596954 0.6261939406394958 0 9.886429779231548 0.189868338406086 0.3999461308121681 0.2820948287844658 0 0.09424228966236115 0.377156637609005 2.235653176903725 0 0 14.59848576784134 6.401820212602615 8.798155918717384 6.492319479584694 2.872866816818714 1.170208543539047 7.23702996969223 0.3757736384868622 1.183575745671988 0.3018426150083542 0 0.08430479466915131 0.08062522858381271 0 0 0 0 0 0 0.8403899297118187 0.2156858742237091 0 19.2493772059679 3.131022162735462 0 1.535987302660942 0.6551824882626534 0 0.2627728879451752 0.5443882495164871 0.8259262889623642 0.2279906272888184 1.527175396680832 1.040838629007339 1.646984271705151 4.878784902393818 0.7312375009059906 1.839216858148575 5.481976725161076 3.267843618988991 1.66219362616539 9.23700775206089 0 0 0 0 0 0 0 0 0 0 0 0 0 0 0 0 0 0 0 0.4938647896051407 0 0 0 0 0.1172101497650146 0 1.913908548653126 0.2481120824813843 0.1180916130542755 0 0.2178222686052322 0 0 0 0 0 0 0.2175135761499405 0 0 0 0 0 0 0 0 0 0 0.3417629599571228 0 0 0.4717163890600204 0 0 0 0 0 0 0 0 0 1.423906825482845 0 0 0 0 0.2186369448900223 0 1.246245801448822 0 0 0.2800173759460449 0 0 0 0 0 0 0 0 0 0 2.001121863722801 0 0 19.49489762634039 0.4956957697868347 34.4926635324955 9.061257213354111 16.76067829877138 5.684442929923534 0 5.242657676339149 5.194040924310684 0 0 0 2.519209951162338 0 0 0 3.121496260166168 0 25.17763745039701 7.59267994761467
1631.992132082582 1507.217921100557 19.97336303442717 2597.663639768958 467.5277148485184 1168.078117266297 2200.965149328113 2.396644920110703 42.10264144837856 2436.549686804414 52.06276305019855 1994.193783819675 9534.276144519448 951.8709620833397 0.4755200743675232 0.7567953914403915 0.9096217975020409 0.4508314430713654 0.1110356524586678 0.3314551189541817 0.3361451700329781 0 0 0 0.1321937441825867 0 0.214593842625618 0 0.2554616928100586 0 84.50716371834278 5.013673789799213 106.4376400560141 0.2531419172883034 0.2311373427510262 0.1602220386266708 56.08613229542971 2.323899015784264 3.334218837320805 0.8289166688919067 0 0 0.09722460061311722 1.183856874704361 0.2122779190540314 2.546979539096355 26.27096015959978 1.179592929780483 0.8684419840574265 1.041654393076897 0.2310736626386642 0.5239224582910538 0 0 0.2824857383966446 0.2457281723618507 22.33241914212704 124.3717219829559 0.6858084201812744 10.88804457336664 3.982283569872379 3.137059643864632 0.2145475819706917 14.11621450632811 0.1769347935914993 0.8102042675018311 0.4065778627991676 0.09398267418146133 0.4020829647779465 0.5972418710589409 149.4998478367925 48.25065861642361 1.69829997420311 69.94040790945292 20.09836184978485 26.82916128635406 4.561152845621109 2.168471165001392 0.5831361934542656 6.489933624863625 1.606556996703148 0.9954029023647308 1.378656707704067 0 0.3583801314234734 0.09770440310239792 0.1933154985308647 0 0 0.1641846895217896 0 0.1260952055454254 0.6543402373790741 0.3763202354311943 0.1145960986614227 739.3269625529647 26.74009196460247 5.649444296956062 17.74785136431456 489.8918216302991 3.091645494103432 10.44278581440449 31.22749569267035 48.93370350450277 0.7877620011568069 58.84059231728315 14.99735539406538 21.53135620057583 98.08796095103025 22.29842773079872 13.04312220215797 88.91509182006121 76.40273022651672 109.3931341022253 84.42564152926207 0.2405096441507339 0 0 0 0 0 0 0 0 0 0 0 0 0 0.5087110251188278 0.09917297214269638 0 0 0 5.41491787135601 0.4582796320319176 0 0 0 2.264825202524662 0 10.51360297203064 0.3831964358687401 0.4750056937336922 0 0 0 0 0 0 0 0 0.1984034329652786 0 0 0 0.4044997990131378 0 0 0 0.2415657788515091 0.2238445058465004 1.846272297203541 0 0 0 5.465512849390507 0.8104028031229973 0 0.140153557062149 0 0 0 0 0 0 14.69131775945425 0 0 0 0 6.140889130532742 0.1175054684281349 5.910282984375954 0.1906562894582748 0.4539634585380554 0.5845417082309723 0.163631945848465 0.3633979260921478 0 0 0 0.1607940495014191 0 0 0 0 46.87735123187304 1.421425983309746 1.254634089767933 420.3759376183152 2.569285921752453 69.11380578577518 16.49557049572468 1453.969961807132 10.70543191581964 0.1682528704404831 7.013429492712021 98.17617148160934 0 3.041704259812832 0.5781828761100769 130.6663588434458 0.32847660779953 0.5839342474937439 1.397089123725891 4.329825147986412 1.343561008572578 1618.546946182847 67.46317089349031
18.72531972080469 1243.785029657185 2603.962366051972 2.715784132480621 1252.850272990763 7.550898477435112 1023.816613718867 6393.641686059535 1631.531106002629 52.06276305019855 1652.84733055532 263.2653658911586 1542.252768740058 7451.84078656882 8.407321661710739 3.800860308110714 6.087641216814518 1.954670563340187 0.8900105431675911 4.939010426402092 6.501166015863419 0.5926832556724548 1.561039805412292 0.1568217426538467 4.050384104251862 0.7187169417738914 1.875608637928963 0.08019395917654037 0.196710966527462 0.09158607572317123 728.9266161993146 320.4162442162633 744.3065387010574 1.315419912338257 6.489595182240009 8.452374175190926 77.58889958262444 21.83459809422493 8.367988333106041 4.337553091347218 3.852326288819313 3.519684039056301 1.59018486738205 15.70666370540857 4.690614074468613 28.62463254481554 60.86135771870613 4.110414452850819 3.580091044306755 4.502269856631756 1.755742758512497 0.2228221893310547 0.3713948875665665 0.6110281720757484 0 0.198923148214817 7.750483609735966 176.4227389022708 1.324458867311478 18.6257348805666 60.92858962714672 38.23075984418392 4.989908039569855 77.08979362249374 0.6299603879451752 1.098548039793968 1.408825635910034 2.069394707679749 7.007952466607094 14.55959547311068 102.9042380303144 0.2248510420322418 0.2653850317001343 66.94067493081093 41.19362026453018 46.97816958278418 29.62116923183203 15.87001077085733 300.5907657146454 1459.746353603899 22.27076538652182 87.01147673279047 1.655418567359447 0 0.8682354539632797 0.6043963059782982 2.121543362736702 0 0.2981581017374992 0 1.071242026984692 0.09264396131038666 14.34618972986937 3.523047938942909 2.483890146017075 101.1295788958669 10.03065488487482 0 12.28134572505951 11.04573309421539 0.1252187639474869 0.338733121752739 1.464221358299255 1.684119068086147 0 2.192787326872349 0.412419393658638 3.095400139689445 5.495198436081409 1.354215890169144 1.347264751791954 11.49098299443722 8.266320288181305 4.578010946512222 18.1667198985815 0 0 0 0 0 0 0 0 0 0 0 0 0 0 0 0 0 0.1574548482894897 0 0.7812572866678238 0 0 0 0 1.341482326388359 0.1261762380599976 3.42601802945137 0.1017299667000771 0.1069138571619987 0 0 0 0 0 0 0 0 0 0 0.1010120287537575 0 0 0 0 0 0 0.2990135252475739 0.7120983004570007 0 0 0.09526950120925903 2.478970110416412 0.6070672273635864 0 0 0 0 0 0 0 0 6.564548268914223 0 0.08995101600885391 0 0 2.558157861232758 0 1.916408091783524 0 0 0 0 0 0 0 0 0 0.06935149431228638 0 0 0.104641854763031 10.3068086206913 0.7254794165492058 0.2510617673397064 84.58688266575336 2.532430060207844 132.3500994220376 37.62916104495525 77.29861455410719 21.52574960887432 0.1901969760656357 15.35998213291168 5.734876863658428 0.1048285886645317 0.2725647836923599 0.09649787843227386 7.026262670755386 0 0 0 8.934905886650085 1.922748357057571 48.64465975761414 16.56525321304798
249.3389706611633 108.3680166453123 17.41315238922834 129.8842961192131 24.5967860892415 138.998427271843 378.2285314127803 16.28933096677065 11.97611103951931 1994.193783819675 263.2653658911586 197.7380333244801 3529.217093326151 1471.737900204957 8.006290346384048 8.103002771735191 11.06203927844763 1.602675832808018 4.105421870946884 4.441757254302502 4.10462686419487 3.296860814094543 1.022696182131767 0.4638895094394684 2.508401043713093 0.136622741818428 1.599614530801773 0.1245616376399994 0.143901914358139 0.1279778331518173 33.09689813107252 40.6826116591692 337.8190183863044 1.764688208699226 3.7845114544034 2.445182792842388 352.6031301319599 35.83394644409418 32.44040370732546 3.59880205988884 3.918710567057133 2.675491198897362 1.641807377338409 19.71540269255638 7.896765664219856 23.49493591487408 35.11824963241816 8.047847077250481 4.501702636480331 6.045372411608696 3.259555205702782 3.323826417326927 0.7965490818023682 0.2737064138054848 0 0 1.5784822255373 29.73290335386992 0.5321361422538757 6.749866358935833 35.8043168336153 48.29255896806717 2.485075637698174 24.51899250596762 0.1113093048334122 1.100405715405941 0.2011302337050438 2.770945847034454 8.107033476233482 13.24282354861498 379.4395961537957 4.139389634132385 0.5472737401723862 21.93579369783401 9.129992343485355 20.27393384277821 10.91406082361937 6.145250402390957 3.960400968790054 87.9968301281333 7.55882839858532 18.97988019138575 0.7110844403505325 0 0.3337588012218475 0.08271979540586472 2.439233981072903 0 0.08137979358434677 0 1.100383259356022 0.1498274207115173 16.21727259457111 3.726075634360313 3.363785199820995 1097.014455899596 52.37964881211519 0.4322447702288628 73.41525562107563 36.72085173428059 0.4304398000240326 4.089768961071968 4.864855982363224 7.089781880378723 1.980926372110844 31.01407669484615 2.755541726946831 21.02909248322248 32.81740644574165 6.498176142573357 8.925147369503975 57.04497213661671 32.6973038315773 25.75460120290518 72.68367947638035 0 0 0 0 0 0 0 0 0 0 0.3037134110927582 0 0 0 0 0 0 0 0 3.372860468924046 0.6400651782751083 0 0 0 2.930731520056725 0.1106910035014153 12.77472218126059 0.9443281069397926 0.3751518502831459 0 0 0 0 0 0 0 0.09026090800762177 0.0971590057015419 0 0 0 0 0 0 0 0 0.2396628111600876 0.1249236166477203 0 0 0 6.695938013494015 0.2459582090377808 0 0 0 0 0 0 0 0 18.1696310043335 0.1861940920352936 0 0 0.09819182753562927 4.519683010876179 0.3171874731779099 4.727813340723515 0.1823569014668465 0.1013334468007088 0.2843755111098289 0.1441224217414856 0 0 0 0 0 0 0.1355018764734268 0 0 35.64702701568604 2.052603892982006 2.437682770192623 180.5916444957256 4.1445676907897 88.42823900282383 34.56682033091784 223.0224420204759 15.34551900625229 0.4540732502937317 18.16250385344028 39.15060524642467 0 1.236503317952156 1.435316137969494 53.96318696439266 0.1373201757669449 0 0.537642814218998 17.40103503316641 5.427353098988533 701.1929656639695 65.72728095203638
141.3059531524777 1273.81582865119 71.30404412001371 431.0521441698074 728.8673385828733 120.3271117508411 4225.584372892976 74.11857060343027 348.2916075587273 9534.276144519448 1542.252768740058 3529.217093326151 4559.257551066577 8121.284353852272 15.93268374353647 7.307791508734226 14.68956530839205 4.923695169389248 3.630402028560638 7.04399087280035 6.330429650843143 0.2069740742444992 0.3622353598475456 0.1298536360263824 3.391775332391262 1.247561581432819 2.283835709095001 0.1184188276529312 0.3536119610071182 0.4849713295698166 39.07310784608126 42.38775136321783 1425.096142925322 1.969397842884064 5.986690036952496 4.47321729362011 193.5390591919422 33.90149135142565 17.73457884788513 3.403826847672462 5.03861241787672 5.346877284348011 2.46571434289217 28.60069469362497 8.987382225692272 39.09368698298931 84.86438462883234 7.828971609473228 7.480454444885254 8.361395932734013 3.816953279078007 3.473143137991428 0 1.654294855892658 0.2157079875469208 0.2037982493638992 8.685535587370396 56.35411060601473 1.185273461043835 15.54416932910681 59.26584083586931 31.20423252880573 3.113830737769604 49.38887018710375 0.5565712228417397 2.068812176585197 1.34711267799139 4.377551533281803 12.41980744898319 22.86916151642799 267.0936289951205 0.7031466290354729 0.1622302681207657 51.95872653275728 24.97197814285755 47.7312463670969 26.34843684732914 16.19443461298943 5.791385315358639 132.5176052376628 20.76797610521317 29.04269967973232 1.272523447871208 0 1.029744490981102 0.1930171474814415 2.557141117751598 0 0.2003237083554268 0.462777316570282 0.6526901870965958 0.1219431310892105 19.66916784644127 3.997997209429741 3.213661655783653 1811.853939332068 54.82210926711559 0.307219460606575 29.40616962313652 42.1310593187809 1.251632481813431 8.56437174975872 21.30128578096628 14.34693195670843 2.458410799503326 77.68547175824642 8.383408144116402 55.84934274107218 91.7302829772234 14.19930136948824 18.4503807798028 193.6384076699615 75.09872333705425 52.86961017549038 148.0380822643638 0.7475156933069229 0 0 0 0 0 0 0 0 0 0.0814986377954483 0 0 0.09559771418571472 0.09361918270587921 0.1761854439973831 0.1279945373535156 0 0.1367160975933075 5.229687109589577 2.442373909056187 0 0.149933934211731 0 9.176557376980782 1.115025997161865 19.92064572125673 1.785776808857918 1.286641448736191 0 0.08810483664274216 0 0 0 0 0 0 0.7855421155691147 0 0 0 0.1086167171597481 0.3051830530166626 0 0 0 0.5636313483119011 1.731886349618435 0 0 0.3124606311321259 11.61744937300682 0.8370552733540535 0 0 0 0 0 0 0 0 34.89953768253326 0.08164605498313904 0.0853736624121666 0 0.1171029135584831 10.84392549842596 0.7083344087004662 16.81464323401451 0.2805287837982178 1.018426865339279 0.2743630632758141 0.236815333366394 0 0 0 0 0 0 0 0 0 76.04635310918093 3.485979937016964 2.358599685132504 316.4883671328425 4.53335327655077 199.384237088263 72.22712223976851 272.3392294421792 28.9622869938612 0.3420191034674644 39.09183411300182 59.48251447081566 0.3619917333126068 1.997473351657391 0.6085916087031364 94.01317068934441 0.1196562051773071 0.6984595060348511 1.533635295927525 32.12705331295729 5.549934960901737 927.0125707611442 148.2040459439158
55.65996614843607 1752.80680796504 1393.773312546313 76.65433921664953 3051.577897533774 52.1838643476367 3828.481061980128 2362.917841479182 2509.826152838767 951.8709620833397 7451.84078656882 1471.737900204957 8121.284353852272 2953.094020977616 26.2043369114399 16.09433475881815 19.01664796471596 5.456200815737247 4.524797767400742 14.63980787247419 21.43813030421734 2.110746495425701 3.325822442770004 1.932312689721584 21.71470384299755 3.427606664597988 11.05726931989193 0.8990408852696419 0.6274265795946121 1.112577505409718 472.831877283752 200.7240528911352 3293.049270346761 3.149748563766479 21.49227819591761 24.79138500243425 1067.117183558643 296.2452550828457 94.12667827308178 19.94798895716667 16.6910390034318 15.39063437283039 5.254926532506943 58.01688488572836 15.78255935013294 83.81858970224857 173.9187398552895 13.15662626922131 14.07541941851377 14.75126329064369 8.999687902629375 4.384929083287716 1.799051113426685 2.421892404556274 0.3597776219248772 0.3335796445608139 11.91330359131098 202.232633471489 3.813335932791233 39.22773268073797 194.6697487533092 202.8943597078323 13.9858685657382 148.670669183135 2.010592989623547 3.103750832378864 2.419110037386417 7.013623654842377 24.93581748008728 61.4090714007616 1191.726710170507 1.672290906310081 0.3818328455090523 124.7967406474054 78.55324564129114 111.9933586940169 65.4316296800971 38.58775727450848 94.24894072860479 909.3730948492885 43.52282202243805 136.5663416981697 4.18294070661068 0 3.136564880609512 1.712683387100697 6.079890839755535 0 0.782540887594223 0 1.914872631430626 0.8052610978484154 64.24180848896503 14.53897339850664 7.892790116369724 842.3601947277784 63.51387047767639 0.2040766924619675 138.6773670911789 25.38069751858711 1.794724605977535 6.467988312244415 12.11618065088987 10.33604022860527 2.585855677723885 42.15122064203024 5.27155127376318 24.66433741897345 47.32423031330109 8.737872317433357 22.4565230384469 91.75657591968775 52.51354753226042 37.8675527498126 147.6362426653504 0.2637845277786255 0.1448732614517212 0 0 0 0 0 0 0 0.2343856245279312 0.2717373371124268 0 0.3325479030609131 0.175447016954422 0.1518768072128296 0.2063729986548424 0 0 0 4.579349860548973 1.045797914266586 0 0 0 9.444373078644276 0.5234289169311523 28.45804005861282 3.130113765597343 1.065883964300156 0.355937659740448 0.07773230969905853 0 0.3922164738178253 0 0 0 0.1847736909985542 0.5583783909678459 0 0.1057706624269485 0.5790517181158066 0.7506005987524986 0.5965043306350708 0.07874777168035507 0.1063289046287537 0.1047036945819855 0.4050512686371803 0.484061524271965 0.1578569412231445 0.1613068431615829 0 22.30021431297064 1.435433566570282 0 0 0 0 0 0 0 0 49.7820153683424 0.2041558921337128 0.2460326477885246 0.1041445732116699 0.1904773861169815 12.07367213815451 0.9199312478303909 12.33236970752478 0.4555647000670433 1.058663256466389 0.1975818946957588 0.1070602238178253 0.09224148094654083 0 0 0 0 0.1442679166793823 0 0.2176112309098244 0.1153262406587601 72.57921171933413 4.573670603334904 5.171402558684349 402.3298218697309 13.76163702458143 403.103713132441 135.3380340710282 239.5646162554622 53.61983752995729 0.2964943945407867 63.52926336973906 38.56666670739651 0 3.683372974395752 0.3820994347333908 64.40760181844234 0 0.378257691860199 0.1064104065299034 56.05745097994804 17.67860177159309 402.8017410635948 124.1251793578267
