120.3497287034988 2815.684894829988 1441.283362150192 766.5756866782904 231.2700830176473 32.29637347906828 373.8578664585948 35.59330999106169 52.28956914693117 406.1258777081966 583.4917396232486 11.34359153360128 118.7544778361917 115.2158729210496 0.9441310688853264 0.4694218263030052 0 0 0 1.326190650463104 1.441937185823917 0.271940216422081 0.5153059214353561 0.1180937737226486 0 0.5199969336390495 0.1042539551854134 1.047911755740643 0.2321138978004456 0 970.55636690557 2.193459443747997 3.779257886111736 0.09923119097948074 0.5812462642788887 0.5716170445084572 1.317155711352825 0.5332037955522537 0.1074263378977776 0.09172863513231277 2.580854386091232 1.065900780260563 1.075279995799065 0 0.2262266650795937 0.182713583111763 32.85340766608715 0.4013240709900856 1.137509137392044 0.8995841220021248 0.2207321226596832 0.1094146221876144 0 0.3588966131210327 2.947522088885307 3.530563242733479 400.345821171999 543.4157284125686 28.98637109994888 10.38305278122425 0.8926970511674881 1.058608844876289 0.651706799864769 4.371640548110008 0.2424384281039238 0.3300269991159439 0.3991015404462814 0.2883193790912628 3.57841520011425 3.556046031415462 0.8078281283378601 0.7528862059116364 0.1625939011573792 71.00831478089094 3.028173916041851 13.03983906656504 2.511890962719917 0.1976379379630089 0.8969120159745216 67.64481410384178 0.2177786529064178 7.298304922878742 13.06437869369984 0 0.6601486355066299 0.5498324632644653 0.2306454256176949 0.1150008887052536 0 0 0.4379706457257271 0.1440144777297974 2.989276833832264 1.401293776929379 0.3485789522528648 12.51212646067142 3.612017698585987 0 0 864.6723248660564 0 0 1.46461284160614 5.749425418674946 1.309636473655701 13.36566224694252 3.122432947158813 2.051941990852356 6.014350563287735 16.68524622917175 0.8147721290588379 5.606662929058075 15.56824012100697 3.536055207252502 0.423611655831337 0 0 0 0 0 0 0 0 0 0 0.5156935751438141 0 0.1006581783294678 0 0 0.4611082002520561 0.1470853090286255 0.1532870680093765 0 0.5733714699745178 0 0 0 0 2.907326623797417 0.1654187589883804 1.465755119919777 0 0 0.2785839289426804 0.1110408678650856 0.09814624488353729 0 0 0 0 0 0 0 0 0 0.08630115538835526 0.3068921864032745 0 0 0.1269063502550125 0.07508474588394165 0.1321469694375992 0 0 0 1.591029152274132 0 0 0 0 0 0 0 0.09078487753868103 0 1.581669740378857 0 0 0 0.1232010722160339 0.237732857465744 0.1134983524680138 0.6656280681490898 0 0 0.0790250226855278 0 0 0 0 0 0 0 0 0.144842267036438 0 0.8935010135173798 0.5697881206870079 0 170.2673419266939 1.861007317900658 87.70686082541943 18.49305034428835 424.6677725017071 5.529291898012161 13.71497882157564 6.558971308171749 0.1897745206952095 0 0.4633118063211441 0 24.48922824859619 0 5.616209983825684 0 0 0 149.3702859804034 13.93886815011501
2815.684894829988 4973.114097595215 1343.675090827048 1463.884190529585 2375.72631252557 82.71607100963593 3817.269889943302 37.66544622927904 1092.811904624104 1904.226305484772 1011.87259734422 222.0506146401167 1727.243968218565 1220.696614436805 5.358288653194904 2.014579392969608 0.4983115792274475 0.1153186336159706 0 0.407989926636219 0.8239017426967621 0 0.1305159330368042 0.3906836211681366 0 0.5833991914987564 0.1164517104625702 1.420790545642376 0.3876316100358963 0.1160488724708557 1596.112309366465 7.907796069979668 19.79239340126514 0.2566714659333229 0.7018928229808807 0.5056778490543365 6.402926944196224 0.5196273773908615 0 0.5561545714735985 2.422883309423923 0.9505344480276108 1.67062246799469 0.4064073711633682 0.2475804910063744 0.2160023897886276 105.6605872809887 2.005670264363289 0.4434491544961929 0.7327886670827866 0.8399829864501953 0 0 0.9028537645936012 15.46189785003662 11.23783449828625 391.5826254040003 768.5353621393442 50.07207582890987 37.89003296196461 0.2841674983501434 1.828221321105957 0.507716029882431 62.97281820327044 4.603628501296043 1.439072854816914 0.5037344843149185 1.058509208261967 5.074280455708504 5.743215188384056 34.07755073904991 0 0 216.3824511319399 55.23780142515898 104.7657917067409 21.89098773151636 0.6282987892627716 0.3435457721352577 78.50596004724503 0 6.399152241647243 38.54533070325851 0.698337733745575 0.8278989791870117 1.714733205735683 0.3371445834636688 0.1302587389945984 0.3088593259453773 0.1437176913022995 0.6231298744678497 0.1259432584047318 3.641559578478336 1.459291093051434 0.3293829411268234 25.43624097108841 11.64663977921009 0.1068497002124786 2.167624689638615 463.4807130619884 0.9923417195677757 0 10.785485714674 52.75509978830814 5.512073576450348 38.46730813384056 0.6192481815814972 9.294223628938198 13.47363483160734 14.66556318104267 11.25866498798132 41.68829087913036 35.59334076941013 32.22164616733789 27.01335903257132 0.1151175498962402 0.1882027238607407 0 0 0 0 0 0 0 0 0.4272176176309586 0 0.1131716445088387 0 0 0.8597310930490494 0 0 0 1.066263228654861 1.126169383525848 0 0 0 8.336286552250385 0 10.46475719660521 1.186301730573177 1.653522476553917 0.314426988363266 0.1283338963985443 0 0.1152972057461739 0 0.1333080232143402 0 0 0.5718247592449188 0 0 0.1372947841882706 0.2044229209423065 0.1207427605986595 0.2035583108663559 0.3312554955482483 0 1.095693774521351 0.555145189166069 0 0.1259660571813583 0 6.0149310156703 0.9598150253295898 0.1118679568171501 0.1670642495155334 0 0 0 0 0 0.1389876008033752 15.66161347925663 0.1343964785337448 0.09861908853054047 0 0 10.1360822468996 1.271213963627815 8.373730793595314 0.2767751887440681 0.7332964241504669 0.276019774377346 0.4753199517726898 0.3585348576307297 0 0 0 0 0 0 0.120173804461956 0 13.37979132682085 5.750793874263763 6.042731739580631 337.8437877893448 14.84338210523129 277.3399428501725 62.11616230010986 403.0649472475052 12.79170697927475 2.155112534761429 35.19454199075699 6.951048478484154 0 2.591426193714142 1.211820647120476 10.29092122614384 0.2255052477121353 0 0.1336461007595062 1.041917622089386 0.3214463591575623 124.7947464957833 29.32629742473364
1441.283362150192 1343.675090827048 571.8805926814675 293.1780522242188 473.0272612646222 8.465764075517654 38.98909769952297 1103.195953153074 366.2944129928946 82.87711387127638 3291.805120751262 3.610063843429089 53.60501749068499 651.866386115551 8.418739885091782 3.967381991446018 1.897639073431492 1.222659602761269 1.956785440444946 33.55737571418285 22.44618874043226 0 15.91855827718973 6.349991321563721 1.730636849999428 1.258313372731209 0.3964544907212257 6.511423416435719 0.5403954684734344 0.1382026374340057 3824.331516988575 603.1318104639649 19.33209309726954 16.84277734160423 9.403464280068874 9.532649382948875 6.032858297228813 6.357340529561043 2.818981751799583 1.305203504860401 15.82080228626728 20.5838712900877 42.56527125835419 1.540385670959949 4.47496822476387 7.40129042416811 77.7906122803688 2.28938215970993 2.12751367688179 17.3521031588316 7.044805712997913 0.133410632610321 0.1200362294912338 4.65507947653532 8.064849115908146 7.213854379951954 239.9002916291356 889.9324882775545 31.59897742420435 21.31225822120905 35.09566094726324 10.38880895078182 19.29893700778484 464.7866203486919 2.976418823003769 5.511947222054005 3.60764966160059 14.32870563864708 76.77536740899086 117.511654175818 11.27817233651876 0.386552631855011 0 137.7198737636209 69.20939749479294 73.31478035449982 34.40788947790861 11.14807740598917 31.35067047923803 758.3909475803375 8.820530816912651 366.3215261846781 18.57095741480589 0.2020290493965149 2.71222073584795 1.995616406202316 5.189234346151352 0 0.3279100656509399 0 1.311429850757122 0.2551553472876549 52.34681023657322 9.291112668812275 6.654150255024433 2.197140514850616 10.51203080266714 0 4.453991837799549 168.9354314133525 0 0 1.87700018286705 0 0.911228358745575 2.351192623376846 0.2381715774536133 1.328063905239105 2.009759053587914 1.179144114255905 2.324105247855186 6.106776118278503 4.443758510053158 2.849440708756447 6.521305821835995 0.6502827629446983 0.09399738907814026 0 0 0 0 0 0 0 0.3090745508670807 2.436443209648132 0 0.6230716854333878 0.6330983936786652 0 3.224143303930759 0.4154423251748085 0.7834607660770416 0 0.6333253681659698 0.8445837646722794 0 0.3330385684967041 0.1564442068338394 5.203360341489315 0.9383420497179031 5.996629171073437 1.559007115662098 0.9551198333501816 2.707918263971806 1.99250566214323 0.11190065741539 0 0.2652504742145538 0.1000330522656441 1.189961671829224 0.07900544255971909 0.3898496106266975 0 0 0.3033475428819656 0.1386572569608688 8.075658433139324 0 0.0934336856007576 0 0.2421275749802589 0.3195721581578255 0 0.2871986627578735 0.9694368168711662 4.134511575102806 0.5397957265377045 0 0 0 0 0 0 0.1847127974033356 0.529236800968647 4.357918433845043 0.2694072127342224 0.3062272965908051 0 0.5609346702694893 3.091182664036751 0.67398901283741 7.06879086047411 0.1868044957518578 0.2699630707502365 0.08504731208086014 0 0.09701651334762573 0.1012142524123192 0 0 0 0 0.2450510486960411 0.3623524755239487 0 2.835638500750065 2.714813582599163 4.600141368806362 223.4671454206109 29.56142835319042 182.4625858142972 50.88731734454632 57.85013673454523 6.149537280201912 1.762299090623856 25.40083833038807 2.881651341915131 0 0.4688856974244118 1.298554070293903 2.885896392166615 0.2955729588866234 0 0 3.029328107833862 0.1701850891113281 32.18290630728006 5.199197992682457
766.5756866782904 1463.884190529585 293.1780522242188 336.0366857945919 297.359241515398 362.0744867101312 759.9585736319423 0.8002324625849724 58.74172477424145 1932.51936121285 276.4863783121109 42.25445000827312 993.8115334883332 49.460644133389 0.8595891445875168 0 0 0 0 0.2267228588461876 0 0 0.1250592470169067 0 0 0.116376556456089 0 0 0 0 155.876032948494 0.5162640511989594 0.7867465168237686 0 0 0 0.4884863495826721 0 0 0 0.1724983900785446 0 0 0 0 0.2589167430996895 25.80655140429735 0.1384447813034058 0.4806471616029739 0 0 0 0 0 4.651960507035255 3.976878859102726 164.9328226074576 128.6878174319863 18.03928906470537 8.353843957185745 0.1135932579636574 0.09654725342988968 0 7.279820762574673 0.940286710858345 0.3364439681172371 0.08708092570304871 0.0986744612455368 0.2097549289464951 0.1555124074220657 1.482004404067993 0.1201494559645653 0 60.19252374768257 5.649848110973835 18.4461455270648 1.812013909220695 0.1313713639974594 0 2.108938619494438 0 0.5789827406406403 11.74699386209249 0.1221823543310165 0.3723307400941849 0.3702293038368225 0.1654755026102066 0 0.1453593373298645 0 0 0 0.215668261051178 0.1410038024187088 0 4.478902712464333 0.4909499511122704 0 0 541.8795727342367 1.390716075897217 6.270940229296684 23.08377259969711 44.103436216712 0.5035475939512253 45.50547575950623 38.08707655966282 13.16189636290073 46.10854736715555 24.2303308993578 1.96320928633213 35.08022490888834 50.12271309643984 19.23790945857763 8.372063353657722 0 0 0 0 0 0 0 0 0 0 0 0 0 0 0 0 0 0 0 0 0 0 0 0 2.201295621693134 0 1.576084911823273 0.7157666683197021 0.4616254866123199 0 0 0 0 0 0 0 0.2660253345966339 0 0 0 0 0 0 0 0 0 0.5479170680046082 0.5037341490387917 2.459273397922516 0 0 0.6088681817054749 0 0 0 0 0 0 0 0 0 5.652544729411602 0.5808809250593185 0.1277333348989487 0 0 2.345408335328102 0.1164331287145615 1.51777146756649 0.4752528965473175 0.8468389213085175 0.1527626663446426 0 0 0 0 0 0 0 0 0 0 9.227273732423782 0.1322693824768066 0.9376294165849686 149.7440150901675 1.462714105844498 67.28053892403841 10.36197200417519 847.7946780845523 2.19339969009161 1.549351453781128 2.33733044564724 3.792759492993355 0 1.520687460899353 0.2223500609397888 40.24389085173607 0 0 0 0 0.1822124272584915 245.5812882483006 45.27830600738525
231.2700830176473 2375.72631252557 473.0272612646222 297.359241515398 1012.489845968783 56.35720412433147 1468.275542184711 81.97359708696604 2259.635468102992 1265.922243542969 523.0321209579706 392.8991205692291 1617.717554904521 2477.444702349603 8.963730536401272 2.339398182928562 1.257923118770123 0.2048171907663345 0.2159252688288689 1.254900857806206 1.102693662047386 0.1306203007698059 0.5805888101458549 0.2420346587896347 0 0.1534326821565628 0 1.325480110943317 0.1406312882900238 0 297.5213557556272 10.28873830288649 23.09798244386911 0.6188179180026054 0.62876907736063 0.4616072475910187 11.21083274483681 0.8142743557691574 0.7943128868937492 0.5434242337942123 1.705885231494904 2.208601281046867 1.856962084770203 0 0.2351926937699318 0 87.21618320047855 1.660719946026802 1.024853751063347 1.372252635657787 0.479080930352211 0 0 0.8277864754199982 7.383573107421398 5.895082771778107 104.7936603650451 190.6151293218136 24.73311944305897 19.74418690800667 0.9643605127930641 2.298617742955685 0.1767029911279678 49.91752808541059 2.027142360806465 1.020810455083847 0.1353586465120316 1.13296015560627 4.270905509591103 7.513903856277466 85.84191891551018 1.059137731790543 0.3319565951824188 107.1507760956883 42.92605250328779 85.23072382807732 29.44931516051292 1.290139757096767 0.4897285550832748 34.89258670061827 0.1614069789648056 4.693224623799324 23.61368863284588 0.3666779845952988 1.018473088741302 1.106461182236671 0.503548838198185 0 0.1889018416404724 0 0.09723185002803802 0.2303638756275177 3.135499969124794 1.498292528092861 0.5050967633724213 36.72696332633495 14.12880358099937 0 2.611455217003822 26.49906632304192 0.6210528537631035 1.449860990047455 7.40901218354702 4.131740778684616 6.751788169145584 66.45825009047985 0.9853374809026718 19.20418670028448 16.76175770908594 20.39473579078913 15.71081208437681 88.99448163807392 59.88802143931389 60.25775559991598 47.30473174154758 0.433404453098774 0.2136285677552223 0.1409157365560532 0 0 0 0.1293266415596008 0 0.5988591313362122 0 0.1350687891244888 0 0 0 0.394770622253418 0.5949206352233887 0 0.2401232868432999 0 1.690796136856079 3.557949133217335 0 0 0 18.4155378267169 1.177627950906754 13.3510512933135 2.246520049870014 0.9771237075328827 0.278484582901001 0.1615189164876938 0 0.2558638826012611 0 0.2483471632003784 0 0.531157448887825 0.8844286650419235 0 0 0.1186498329043388 0 0.6336054056882858 0.1168590113520622 0 0 2.969599403440952 0.3345322608947754 0 0 0.8368802964687347 11.84150344878435 1.322622790932655 0 0 0 0 0.1388118714094162 0 0 0 24.62099450081587 1.137954160571098 0.3762126863002777 0 0 23.86895468831062 1.665637388825417 13.751952894032 0.6776871979236603 1.182894304394722 1.341578334569931 0.4062010198831558 0.903345413506031 0 0 0 0 0 0 0.1274946480989456 0 39.42038925737143 13.98942202329636 8.259164251387119 394.2546662539244 11.52229082584381 234.7452539280057 70.42411771416664 68.91026382893324 8.766177654266357 0.6527178213000298 38.4729622900486 8.078247673809528 0 9.26665148884058 2.873386092483997 15.74921686947346 0.4833591133356094 0 0.1215712055563927 1.201620832085609 0.3654004335403442 72.38246841728687 46.29502444714308
32.29637347906828 82.71607100963593 8.465764075517654 362.0744867101312 56.35720412433147 18.64224275946617 54.41313298046589 0 8.89593842625618 582.1203068643808 51.423399746418 18.60499297827482 69.98207534849644 8.340113013982773 0 0 0 0 0 0 0 4.945911265909672 0 0 0 0 0 0 0 0 1.372443854808807 0 0 0 0 0 2.225731387734413 0 0.5559613704681396 0 0 0 0 0 0 0 0.4553262889385223 0 0 0 0 11.70594996958971 3.925808221101761 1.254739850759506 0 0.203654944896698 113.6784301176667 5.425676226615906 6.914072290062904 0 0 0 0 0.1351757496595383 0 0.1148711368441582 0 0 0 0 43.75859814882278 115.7146714180708 9.634529106318951 1.389943107962608 0 0.08322634547948837 0 0 0 0.2851772308349609 0 0 0.2225168943405151 0.8539114072918892 0.1255383789539337 1.242969512939453 0 3.05016366392374 5.036756902933121 4.14829920232296 0.3400369212031364 1.091946057975292 0 0.2333721369504929 0.2664075866341591 289.7617161720991 213.0108111351728 34.15011812746525 9.14240987598896 338.9687949717045 0.1317988932132721 1.156612753868103 3.575135782361031 2.183222323656082 0 27.42471946775913 3.077001690864563 6.882697880268097 10.30902434885502 16.61380150914192 1.474384590983391 21.75036795437336 27.3343869894743 10.72364567220211 4.100483655929565 0 0.09880781173706055 0 0 0 0 0 0 0 0 0 0 0 0 0 0 0 0 0 0 0.5518805980682373 0 0.8413692116737366 0 1.045462474226952 0 0.951905831694603 0 0.1276542246341705 0 0 0 0 0 0 0 0 0 0 0 0 0.2953596562147141 0.1291642636060715 0 0 0 0 0 0 0 0 0.4939218312501907 0 0 0 0 0 0 0 0 0 5.295356549322605 0.6436220705509186 0 0 0 0 1.422927036881447 0 0.2667655646800995 0.6006556749343872 0 0 0 0 0 0 0 0 0.08589426428079605 0.1182240173220634 0 11.08138900250196 1.06919352710247 0.2882813662290573 27.06587979197502 0 0.7903636693954468 0 131.376533344388 0.4772494435310364 1.713663697242737 0 0 0 0 0 15.42506670951843 0 0 0 0 0 53.27642697095871 41.14043916016817
373.8578664585948 3817.269889943302 38.98909769952297 759.9585736319423 1468.275542184711 54.41313298046589 1068.300699323416 2.27901317179203 708.8636088222265 2401.808385021985 33.51813467592001 547.3673637062311 5007.634992770851 1075.74838116765 9.134250193834305 0.7043282091617584 0.3418402522802353 0 0.09785057604312897 0.6460496857762337 0.5579957067966461 0 0.120241142809391 0.3163778185844421 0.4452081024646759 0.1478172242641449 0.2549241259694099 0.7943917885422707 0 0.09838670492172241 240.0833800137043 4.484094724059105 13.14421933889389 0.1232006922364235 0.3267392069101334 0.3203815221786499 5.798122070729733 0.3988107815384865 0.1533385515213013 0.1263250559568405 0.8723987713456154 0.123529389500618 0.4144166484475136 0 0.1148492693901062 0.2196202054619789 78.98101003468037 1.13564458489418 0.5695605352520943 0.5325827375054359 0 0.2907690107822418 0 0 8.167577221989632 8.743432760238647 161.9255041778088 203.5830934643745 29.30204840749502 21.19361419975758 0.2449939548969269 3.474527962505817 0.1394447982311249 38.70243684947491 2.949748128652573 0.9173464700579643 0.3680546879768372 0.398542121052742 3.113332360982895 1.391017913818359 66.89101380109787 0 0 127.3989172652364 32.69359235465527 69.29655633121729 19.43840657174587 0.7946787327528 0.6982457935810089 12.51232465356588 0.2996177524328232 3.952749446034431 23.18363714963198 0 0.6820929050445557 0.6361366659402847 0.2422970905900002 0.1110207810997963 0.3251767829060555 0.2682485058903694 0.216159962117672 0 1.114124596118927 1.860008984804153 0.2498689070343971 67.91789446026087 12.46935173869133 0 1.301438257098198 124.6947413757443 1.486021064221859 1.76625756919384 38.53852613270283 32.1123314499855 4.650598511099815 94.37616746872663 2.541375070810318 30.45498822629452 58.53346022218466 40.5840382874012 22.75244424492121 107.8291507959366 94.64999023079872 71.3546644821763 53.22710243612528 0.4277131035923958 0.2524683922529221 0 0 0 0 0 0 0 0 0 0 0.1686520129442215 0 0 0.2706790268421173 0 0 0 2.737859293818474 2.35894587635994 0 0.9329649209976196 0 19.69651362299919 0.3123975992202759 13.16884723305702 2.645147107541561 0.7282346338033676 0.1648585498332977 0 0 0.2430835366249084 0.2636876180768013 0 0 0.5827115997672081 1.442558661103249 0 0 0.1113487333059311 0 0.575807198882103 0.1288419365882874 0 0 2.22326598316431 1.017416089773178 0 0 0.7335968017578125 11.43333306163549 2.489939495921135 0 0 0 0 0.1397925168275833 0 0 0 30.88819907605648 2.793233186006546 0.252314105629921 0 0 19.81101214885712 1.547950625419617 15.24756859242916 0.3716058656573296 1.517771042883396 1.275469422340393 0 0.1032226458191872 0 0 0 0 0 0 0.31125408411026 0 38.0669786259532 12.15199396759272 8.235447786748409 345.330032967031 6.522227011620998 198.508361376822 51.87281399965286 243.9061664938927 5.7184719145298 3.465992793440819 31.99116841703653 11.47361678630114 2.606454342603683 3.998661898076534 2.487300083041191 34.5214881002903 0 0.43243807554245 0.7038759291172028 1.63688051700592 1.044566974043846 164.3070007190108 57.27325937151909
35.59330999106169 37.66544622927904 1103.195953153074 0.8002324625849724 81.97359708696604 0 2.27901317179203 1362.136111065745 18.34484130144119 12.18324492126703 2341.074109815061 2.472931019961834 12.0913727208972 67.4218093752861 19.34027342498302 5.417455472052097 2.210567884147167 2.245249323546886 1.275817342102528 42.06704568862915 23.20018631219864 0.2672449499368668 21.43153010308743 6.860232897102833 1.793584458529949 8.294749177992344 1.45399634540081 8.830377101898193 0.9526019394397736 0.152698740363121 932.9665557071567 1629.276745080948 24.96518993377686 16.50661090016365 18.9759791046381 16.8122441098094 6.153498768806458 12.73426405340433 1.874128080904484 1.909215562045574 27.64077143371105 18.69548384100199 59.05309870094061 8.673360273241997 4.949414230883121 22.06078968942165 126.5955400839448 1.035299897193909 2.012914873659611 13.65751636773348 6.448754325509071 0.8085723221302032 0 5.184167891740799 4.590913288295269 4.840405106544495 106.6039201840758 480.1915462315083 19.19305627793074 18.42850862443447 54.76387164741755 15.31477750837803 38.93336873501539 428.7503105029464 0.7673323899507523 4.329713396728039 5.356361210346222 13.82124737650156 72.85139748454094 154.562870785594 19.0618606954813 0.7158723175525665 0.1457470059394836 108.9972901716828 99.7745006531477 113.4326971098781 105.008376352489 47.40586446225643 352.6613155454397 2025.204314954579 56.66964671760798 1117.047998607159 14.07488793879747 0.2197339981794357 1.882183112204075 1.277893505990505 4.32793752849102 0.1175459995865822 0.1773144900798798 0.2414024695754051 2.263783484697342 0.3972572535276413 72.50028295814991 10.83380569517612 7.58658380061388 6.107935220003128 8.312623292207718 0 2.176578402519226 18.23194715380669 0.1685095131397247 0 1.932338327169418 0 1.129932805895805 13.71238493919373 0 2.70935146510601 2.388495236635208 0.2617989256978035 2.938700690865517 16.88604655116796 7.046327166259289 10.46943508833647 10.34599184989929 0.1255026459693909 0.09277414530515671 0 0 0 0 0.3896895051002502 0.1224663332104683 0 0.2543433606624603 3.589689068496227 0 0.7868945896625519 0.8687455058097839 0 6.605656526982784 0.1451181620359421 2.197169408202171 0 0.5638430491089821 1.098200052976608 0 0.3563861548900604 0.276868611574173 6.244944728910923 0.9014351293444633 7.82875769585371 2.686517879366875 1.91665793210268 3.670531839132309 1.671316064894199 0.1243769600987434 0 0 0.3402723073959351 0 0.1810263991355896 0.8200777247548103 0 0 0.1025879979133606 0.4269666820764542 7.559745237231255 0 0 0.1110856235027313 0.8170786947011948 0.09601103514432907 0 0 1.255620628595352 3.509618073701859 0.6413150280714035 0.1178990304470062 0 0 0 0 0 0.1086948812007904 0.5301660448312759 5.266362197697163 0.1860713064670563 0 0 1.488894127309322 5.454355582594872 0.1427090466022491 4.036508865654469 0.2057617753744125 0.7065318673849106 0.096126489341259 0.319235771894455 0.166224479675293 0 0 0 0.1819933354854584 0 0.6435346975922585 0.5653336271643639 0.3506317660212517 6.184681423008442 4.538871221244335 4.925228714942932 524.5134876444936 37.22709375619888 292.7093065530062 109.2585266381502 50.94124644249678 8.345624916255474 0.6630347967147827 61.34745756536722 3.178229972720146 0.1722241640090942 1.238148957490921 1.024583555757999 2.119385212659836 0.09988362342119217 0 0.4721689224243164 1.2364302277565 1.351672500371933 18.00055184960365 3.815904356539249
52.28956914693117 1092.811904624104 366.2944129928946 58.74172477424145 2259.635468102992 8.89593842625618 708.8636088222265 18.34484130144119 305.5022933855653 142.2359491288662 454.9621945470572 76.5746244341135 1039.281860262156 1948.441323257983 4.188409887254238 0.8199533000588417 0 0 0 0.7467435002326965 1.144547998905182 0 0.4509848654270172 0.1102884709835052 0 0.1399858444929123 0 0.3922589123249054 0.3830073848366737 0 99.43563985824585 5.267053157091141 5.983863919973373 0.4572896063327789 0.1281990259885788 0 4.972209982573986 1.610047191381454 0.6724353134632111 0.1341809928417206 0.833037868142128 0.5682750046253204 1.476888075470924 0 0.1394603103399277 0 34.09417372941971 0.2835249826312065 1.153573058545589 0.8588282242417336 0.2503873929381371 0.4254453927278519 0 0.3236757665872574 2.98577307164669 2.246208354830742 35.95180625468493 63.06632067263126 7.851437717676163 8.72778532654047 0.1240461394190788 0.6045765578746796 0.4016742557287216 19.18199364840984 0.864394024014473 0.2993827238678932 0.6313717439770699 1.496558800339699 4.792736500501633 3.313708372414112 20.58104753494263 0 0 41.14332460612059 16.41166739165783 34.27027820050716 14.78167838603258 0.856012687087059 0.1210798993706703 14.31200648099184 0 1.71316833794117 8.420149974524975 0 1.066813170909882 0.3883098512887955 0 0 0 0 0.0967194139957428 0.1091487184166908 3.230015486478806 1.526183009147644 0.3033273816108704 16.06683623790741 4.753434732556343 0 1.28366381675005 7.244720585644245 0.7717418447136879 0 4.643162608146667 0.7557139694690704 1.818791873753071 16.78911720216274 0.3785532265901566 4.079462788999081 5.087913364171982 6.316922940313816 4.942774929106236 23.21524830162525 15.63751052320004 19.89343159645796 15.11114040017128 0.2067855894565582 0.1018700450658798 0 0 0 0 0 0 0 0 0.6970752403140068 0 0 0 0 0.4843674600124359 0.1565741300582886 0 0 1.061039552092552 0.4885646179318428 0 0.1829328835010529 0.3239145576953888 9.439991801977158 0 4.309143155813217 1.603515356779099 1.130333304405212 0.3059020638465881 0 0 0 0 0 0.2149021327495575 0 0.3992827981710434 0 0 0 0.1548733115196228 0.6961521804332733 0 0.2173588275909424 0 1.059326075017452 0.7198180258274078 0 0 0.273011177778244 4.903504371643066 0.7942981943488121 0 0 0 0 0 0 0 0 8.047113835811615 0.3999606072902679 0 0 0 7.376802168786526 1.372735261917114 5.032341815531254 0.4932991191744804 0.3800239115953445 0 0.3130076378583908 0.2555028349161148 0 0 0 0 0 0 0.1364363580942154 0 12.33762095868587 4.863983690738678 4.378703251481056 162.6336330026388 4.208227574825287 96.50091161578894 31.49906947463751 22.57717834413052 4.383214972913265 0.5602827668190002 19.50035641342402 1.628901444375515 0 2.632643535733223 0.4335487633943558 5.907951176166534 0 1.101107239723206 0.5176599323749542 2.273467659950256 0.9761968851089478 23.54734189808369 14.22291701287031
406.1258777081966 1904.226305484772 82.87711387127638 1932.51936121285 1265.922243542969 582.1203068643808 2401.808385021985 12.18324492126703 142.2359491288662 4085.070858940482 558.1913948133588 2510.102487422526 7238.644610650837 504.7356418818235 5.296086527407169 0.6791185960173607 0.1531714498996735 0.1114330515265465 0 0.6238626092672348 0 0.2856077253818512 0 0 0 0 0 0.1344533264636993 0.2969867289066315 0.109614185988903 317.7793060839176 2.311706215143204 42.78267865628004 0 0.1078749746084213 0 31.72832601517439 0 1.0859589651227 0.4024535790085793 0.8841778784990311 0 0.6980132088065147 0.6194008588790894 0.1893934309482574 0.1221615374088287 82.95576490461826 0.5693514347076416 0.2962717860937119 0.9631683528423309 0 0.1657384634017944 0.4546080529689789 0.1465886384248734 6.723672665655613 10.69699966162443 257.8568791598082 209.724232763052 39.57718951255083 23.5855959430337 0.3132287859916687 9.175441265106201 0 43.51651477813721 1.663678817451 0.8528136312961578 0.1199924200773239 0 0.5439746230840683 0.3617319241166115 284.3236368075013 3.310373902320862 0 140.585955992341 40.72419062256813 72.6184223741293 16.19492983072996 1.020708873867989 0 20.053805552423 0 5.125410854816437 24.98419468849897 0.4643099159002304 0.6225419193506241 2.133511126041412 0.1224958971142769 0 0 0.2293748557567596 0 0 0.5789861083030701 0.1982866376638412 0.672977089881897 329.9791082143784 76.05874544382095 1.481215164065361 5.064449079334736 558.9540069624782 4.759462304413319 19.25538857281208 115.8338041007519 128.7317156419158 19.42300966382027 336.8995218500495 67.51116739213467 65.09551683068275 234.7849524319172 174.6098673865199 41.40028758347034 311.2386253923178 346.3901429325342 212.4024423584342 106.8139909356833 1.052145831286907 1.072814404964447 0 0.1571875810623169 0 0 0 0 0 0.2485027611255646 0 0 0 0 0 0.219094529747963 0 0 0 5.086635962128639 5.843589976429939 0 0.2346693128347397 0 40.07314813137054 0 21.62025174498558 4.437730945646763 0.6571513414382935 0 0.1161014288663864 0 0.09863799810409546 0 0.1591823697090149 0 0.655414879322052 2.643978290259838 0 0 0 0.9868971854448318 0 0 0.1123765408992767 0 3.788089253008366 2.698178879916668 3.203898243606091 0.2265100628137589 3.363601073622704 17.65489555895329 0.3661919981241226 0 0 0 0 0.08903246372938156 0 0 0.320687010884285 81.74923324584961 8.685885705053806 0.1187113747000694 0 0 39.93847348541021 3.816033273935318 24.47271473705769 2.289655901491642 1.853140488266945 0.4145458489656448 1.085377633571625 1.015857361257076 0 0 0.1081425324082375 0 0.1815323680639267 0.1409386694431305 0 0.3427479043602943 134.6053708717227 19.32973697781563 13.62632621824741 552.1783255562186 9.138103358447552 229.6160292103887 56.79631238430738 1098.46199221164 4.542746521532536 21.31970141083002 29.02360890060663 23.45314422994852 2.931156426668167 13.38821482658386 4.230142951011658 126.9744684398174 1.390477612614632 4.977901339530945 2.361397206783295 2.336308255791664 0.2970128655433655 1003.671952866018 312.6092729568481
583.4917396232486 1011.87259734422 3291.805120751262 276.4863783121109 523.0321209579706 51.423399746418 33.51813467592001 2341.074109815061 454.9621945470572 558.1913948133588 1834.374578133225 38.47182460129261 326.315177179873 2430.84506996721 31.65863853693008 14.15693929791451 4.378408432006836 1.529615558683872 0.8995143696665764 18.10839038342237 26.13140141218901 4.965670004487038 20.19483173638582 9.963590167462826 7.327084958553314 28.51610301434994 4.079309426248074 59.61399797350168 17.31092361360788 1.346104234457016 1376.710093833506 66.97642607241869 189.5414979606867 9.703507512807846 21.40232004970312 17.33099995553493 108.3718887493014 51.08659630268812 25.64326637983322 13.67524090409279 70.06740769743919 37.67931396514177 34.79683336615562 1.109514355659485 2.197675563395023 2.556286200881004 144.969932384789 3.599220342934132 8.044434115290642 18.47473020106554 21.02619341015816 5.653202876448631 1.983233518898487 22.02862632274628 7.281837470829487 6.112944327294827 193.3615943044424 617.5147237181664 30.81662859767675 27.9846805036068 7.266708493232727 33.81743907928467 21.45926432311535 114.1451792865992 3.457667879760265 5.598050117492676 6.894931569695473 16.81051332503557 115.1461004912853 160.7712222635746 54.94653574377298 5.913132198154926 0.9149337336421013 143.356490328908 71.63220970332623 117.4319292381406 56.353780426085 6.909070424735546 44.12022121250629 971.7777496799827 1.033067397773266 222.1236297264695 23.17482380568981 0.4570761248469353 2.857436150312424 2.005664430558681 5.203367955982685 0 0.6229788810014725 0.281399130821228 9.367066465318203 4.193950988352299 131.0292231738567 44.31747814267874 21.91832824796438 26.082445114851 27.01725191622972 0 11.32099944353104 98.97072310000658 0.4219335988163948 0 5.510852858424187 1.035225324332714 3.230073541402817 25.18781208992004 1.027917504310608 9.032991051673889 10.23397474735975 2.535913676023483 9.63802520185709 27.58723022043705 19.77652482688427 30.99480829387903 32.53156067430973 0.9645267277956009 1.379255428910255 0.1369811147451401 0.08293873816728592 0 0 0 0 0.7667741775512695 0.5521179586648941 10.2862608730793 0 1.866917431354523 1.072905704379082 0.1196102797985077 13.0658868253231 0.9853642806410789 4.873134687542915 0 0.810478687286377 5.221665255725384 0 1.517474792897701 0.7007478550076485 26.39244745671749 3.054287768900394 28.02611017227173 12.65351336449385 6.714507795870304 8.334068059921265 5.188177846372128 0.6409078240394592 0.5841949358582497 0.8006734475493431 1.188548564910889 1.573207601904869 0.7922465279698372 1.567108787596226 0 0.5096428915858269 0.753532662987709 2.825506933033466 18.35096085816622 0.4040794968605042 0.2595351710915565 0 2.037029191851616 0.4411306455731392 0 0.1685066074132919 3.779297977685928 18.53987014293671 1.748967871069908 0.1882305145263672 0 0 0 0.09418632090091705 0 0.4632913544774055 0.9384012743830681 19.16101890802383 1.075942292809486 1.159026347100735 0 2.139994882047176 18.4229673370719 2.188865423202515 22.89112312346697 1.880505844950676 2.426474131643772 0.9710274934768677 0.8152946755290031 0.6674686819314957 0 0 0 0 0 0.7295956760644913 1.581177905201912 0.3220201283693314 18.60809579491615 17.88398291915655 22.44535162299871 654.963163472712 45.34380777925253 398.1939943805337 144.1142065152526 84.39194341003895 11.17737089842558 0.9497950449585915 87.15231313556433 9.303869247436523 0.9760069847106934 6.250197537243366 3.214485831558704 6.735321581363678 0.8011757880449295 1.901984244585037 2.327561095356941 6.37751941382885 0.2606498301029205 33.99694418907166 16.18461380153894
11.34359153360128 222.0506146401167 3.610063843429089 42.25445000827312 392.8991205692291 18.60499297827482 547.3673637062311 2.472931019961834 76.5746244341135 2510.102487422526 38.47182460129261 131.4641124159098 1597.071087002754 374.6220169961452 3.713085800409317 0.9160549491643906 0.2929816246032715 0.2409142553806305 0 0.5465332269668579 0.2774983942508698 1.769436329603195 0 0.2739199697971344 0.2733564376831055 0.7401883974671364 0.2328809946775436 2.28594246506691 1.474289521574974 0 4.665011331439018 0.1772389858961105 30.02639658749104 0 0.294454887509346 0 17.45659378170967 3.092081390321255 5.885854139924049 1.391618862748146 1.86686809360981 1.523989200592041 0.5075946152210236 0 0 0 7.562074795365334 0.2172459661960602 0.1899310201406479 0.6125562787055969 0.3030644357204437 1.303574547171593 0.5110536366701126 1.668168760836124 0.3097847327589989 0.6132242381572723 6.473001785576344 8.371215283870697 0.8311606496572495 1.300114929676056 0 7.073684439063072 0 2.955372586846352 0 0.166635662317276 0.3891535773873329 1.177598193287849 2.607031255960464 2.74434632062912 57.33361689001322 4.977557003498077 0.2653838396072388 5.768509894609451 1.750491343438625 5.893826737999916 2.037706799805164 0.4344189390540123 0 14.09924929589033 0.0826941654086113 3.311255276203156 0.6535880193114281 0 0 0.208370566368103 0 0 0 0 0.4716518670320511 0.1417244970798492 3.556529894471169 2.677351020276546 0.642406277358532 436.9174750223756 9.886440843343735 0.1242071092128754 2.487697899341583 16.36627990007401 0.8726891949772835 0.3822845742106438 27.42886494845152 17.5449213385582 7.663876958191395 118.0822534933686 5.753192156553268 41.74692495167255 45.55479046702385 45.34904702007771 32.03386101126671 146.8636986464262 94.06400258094072 130.8647371530533 88.85065115988255 0.5643470287322998 0.4745383784174919 0 0 0 0 0 0.2356030642986298 0 0 0.8408536985516548 0.1289204806089401 0.2741562202572823 0 0 0.7306204736232758 0.3641520440578461 0.1902366429567337 0 2.183527961373329 3.093189500272274 0 0 0 32.99578892439604 0.5067038685083389 15.82921431958675 2.19972163438797 1.574907675385475 0.2696090787649155 0.379298634827137 0.2120008766651154 0.429075688123703 0.1183165311813354 0.2200724631547928 0.2028675377368927 1.851699210703373 0.9535083323717117 0 0 0.1194828376173973 0.2243910133838654 1.013823665678501 0.1369554251432419 0.5700577720999718 0 1.692307002842426 0.6976243481040001 0 0 1.196415901184082 12.15396346151829 1.656660594046116 0 0.1880548894405365 0 0 0 0 0 0.1813216507434845 53.24390512704849 4.251887612044811 0.2650840878486633 0 0.4285456240177155 28.96034203469753 2.192643329501152 15.66056682169437 1.817600309848785 1.76684732735157 0.4984879195690155 0.7573524042963982 1.063655719161034 0 0 0 0 0 0 0.2343218699097633 0 96.22689770162106 19.62402640283108 14.13857728987932 67.15585995465517 1.949883058667183 24.01179223507643 11.06301315128803 55.44848944991827 0.1740855425596237 3.930547475814819 7.325674951076508 9.074297703802586 0.2182585671544075 4.88691683858633 3.661072075366974 19.39187517017126 0.2409204840660095 3.574943348765373 0.6627029702067375 0.1750627160072327 1.558926105499268 318.1837843134999 118.7745148763061
118.7544778361917 1727.243968218565 53.60501749068499 993.8115334883332 1617.717554904521 69.98207534849644 5007.634992770851 12.0913727208972 1039.281860262156 7238.644610650837 326.315177179873 1597.071087002754 3895.625080764294 4489.955862626433 21.99542124569416 12.84032490104437 3.280342452228069 1.001810342073441 0 3.35865680128336 2.838542960584164 2.967301741242409 2.527180783450603 0.2692204415798187 1.742904335260391 9.783802047371864 1.454047322273254 24.91463945806026 9.969662055373192 1.186588540673256 100.5245249122381 5.450519934296608 543.3360471650958 1.022354990243912 1.261396661400795 1.360359251499176 602.8529027104378 21.53615766018629 39.7106265053153 14.10257792472839 13.79622663557529 10.4233712553978 5.968984603881836 1.323751471936703 0.4965436831116676 0.1424131095409393 81.12606661021709 1.898907490074635 1.277346760034561 7.951345659792423 4.918791085481644 4.087556928396225 3.139362283051014 14.69456285983324 4.654973834753036 4.982833974063396 87.73994441330433 110.4115408360958 16.71409163624048 13.7569719478488 0.6480946093797684 84.4426987990737 1.193793371319771 29.4235046133399 1.688702076673508 1.953500099480152 2.749735355377197 5.237444311380386 29.70550717413425 27.44319227337837 267.3613999113441 4.76768633723259 0.5703660845756531 75.34739274531603 28.73246843367815 74.35322551429272 22.64799110591412 5.381919838488102 0.2318061217665672 141.1659755110741 0 32.1412543579936 13.62856980413198 0.1704195737838745 1.818520128726959 1.261172950267792 1.589301593601704 0.1020573228597641 0.1598488539457321 0.1074927672743797 2.58634627610445 0.7253387570381165 33.81085862219334 9.534941338002682 9.792722344398499 1446.740480519831 37.8472590520978 0.1350871175527573 17.17356284707785 74.0616557225585 5.10537350922823 3.417162746191025 52.44992237538099 37.94877261668444 28.413090929389 311.062842130661 11.29359155893326 69.92890942841768 128.3560811877251 116.982422105968 79.02552933245897 373.0835655480623 302.0654002800584 326.437475733459 270.5046482756734 3.887486949563026 2.715153254568577 0.08681948482990265 0.09062151610851288 0 0 0 0 0 0 5.458542019128799 0 1.210983291268349 0.7774380445480347 0.6038496792316437 4.16472116112709 0.3739169910550117 2.446856260299683 0 10.30993891507387 14.79069099575281 0 0.8125137388706207 0.6490439921617508 114.4751468896866 2.476017244160175 69.84596817940474 17.58862288296223 7.064846374094486 2.066007673740387 1.653293780982494 0.2627953961491585 1.220626100897789 0.3816363140940666 1.166181512176991 0.3669522330164909 1.46323749423027 6.286424711346626 0 0.1081054881215096 0.1202028170228004 1.25176253169775 8.165202610194683 0.3036347776651382 1.885940335690975 0 8.311843030154705 7.315281175076962 1.466276422142982 0.3501985818147659 4.465119250118732 59.82233142852783 8.198739089071751 0.5625109300017357 0.1563966944813728 0 0 0.108789935708046 0.1241784170269966 0 0.2711469829082489 160.3922012224793 10.7908765822649 1.237242504954338 0.1565912812948227 0.1213188767433167 102.9833927303553 9.554548241198063 62.88719043135643 5.634888306260109 7.41242428123951 3.779396310448647 1.502175830304623 3.025391660630703 0 0.2518220767378807 0 0 0.1147886961698532 0.1253508180379868 0.3698128238320351 0.7708506062626839 251.8294154405594 87.99160560965538 56.20681335777044 444.1217527240515 17.47785257548094 235.6057410389185 96.45627315342426 257.5688821077347 6.231920152902603 2.720454484224319 57.40796849876642 33.43172192573547 2.143639087677002 26.51136258244514 10.56464523077011 65.67436078935862 1.008185490965843 3.104478135704994 1.618068337440491 4.014034315943718 1.07533985376358 664.4617040678859 296.5350777953863
