118.7796466946602 2707.525534309447 1046.871349595487 1592.749361276627 43.81589403748512 26.91019542515278 760.0882021635771 96.61078650504351 17.39453366398811 964.8286942914128 53.98544700443745 3.868982776999474 13.66045249998569 22.07605566829443 1.844236478209496 0.2971607595682144 0 0 0.09441758692264557 0 0.2202599346637726 0 0 0 0 0 0 0 0 0.1203848347067833 665.1521315723658 163.5869020447135 2.610822126269341 0.1668665558099747 0.08009389042854309 0.2575539946556091 0.8768428787589073 0.4797746688127518 0.3193700462579727 0 0 0 0.5062757208943367 0.2447611689567566 0.08649943768978119 0.182051308453083 14.07575707137585 1.85423881560564 0.09883403033018112 0.7023951932787895 0.2126853764057159 0 0 0.1126863062381744 3.607608020305634 2.675975427031517 194.8546814769506 1069.552635408938 20.06165061146021 11.7423699721694 0.2589783668518066 0.4699705541133881 0 29.5203076377511 3.80134641379118 3.568491548299789 0.8024723678827286 0.8219147995114326 0.8298439458012581 0 4.270256146788597 3.257875263690948 0 77.19259141385555 21.06742482632399 23.79747221618891 11.08646145090461 1.889427825808525 1.170978739857674 6.820008724927902 0.3625190332531929 2.616487391293049 7.567491017282009 0 3.49261486530304 2.51186915487051 2.414516746997833 0.09319210797548294 0.3950025662779808 0 0.5137331336736679 0 0.2631742507219315 0.2365027368068695 0.1281953155994415 8.168240502476692 0.5201143771409988 0.1755390614271164 0 548.3185324892402 0 0 0 4.631850004196167 0 0.6008589863777161 0.344488263130188 0 16.05615037679672 1.805062651634216 0 3.186911374330521 0.6130655109882355 0.4111982062458992 1.647057585418224 0 0 0 0 0 0 0 0 0 0 0 0 0 0 0 0 0 0 0 0 0 0 0 0 0.3473368361592293 0 0.4939813613891602 0 0.1126410216093063 0 0 0 0 0 0 0 0 0 0 0 0 0.1196339949965477 0 0 0 0 0 0 0 0 0 0.8321835994720459 0 0 0 0 0 0 0 0 0 0 0.09697592258453369 0 0 0 1.134923458099365 0 0 0 0 0 0 0 0 0 0 0 0 0 0 0 0 0 0.6362512111663818 141.2331376597285 3.748414970934391 103.2487228736281 11.79487695544958 580.5376637428999 1.085460588335991 1.840192668139935 3.89570827037096 0.7124286741018295 0 1.130499064922333 0.2455821335315704 11.81386834383011 0 0.4165322929620743 0.5168503522872925 0.392597921192646 0 81.20107641816139 0.1576936542987823
2707.525534309447 1871.82711315155 2213.851744398475 1862.22908873111 1781.731786265969 47.92294289916754 4149.265191301703 383.4341282173991 712.5141052827239 1248.965224802494 393.0170376300812 30.79164266586304 121.1328503936529 177.7283856198192 27.38401408493519 5.151932336390018 1.896805681288242 0.4201499670743942 0.6187731474637985 0.580137275159359 0.4539002701640129 0.1203450858592987 0.0882473886013031 0 0.8839185908436775 0.1390822678804398 0.09135236591100693 0.12054842710495 0.159944161772728 0 2388.36923840642 384.417619548738 5.897373557090759 0.4587035849690437 0.5837536528706551 0.6280476897954941 3.089628644287586 1.749828420579433 0.7138592749834061 0.3124635294079781 0 0.2615811377763748 1.322454430162907 2.638887092471123 0.9531044214963913 1.411586865782738 176.8832349926233 5.270567514002323 0.1895214021205902 1.518234245479107 1.749926134943962 0 0.1004663854837418 0.1046335026621819 5.885426886379719 12.18450158089399 183.4709931612015 927.0831237137318 45.21858302503824 92.95093844085932 1.028615780174732 1.732861414551735 0.3631652966141701 184.9010674357414 13.21673355251551 9.970521174371243 2.276832513511181 1.617146387696266 4.482577703893185 0.3389737606048584 5.846351392567158 0.181862086057663 0 269.1544834151864 108.0228071957827 224.2317269742489 101.7678340226412 9.519132107496262 2.565115794539452 13.98588205128908 2.123398829251528 5.56415493786335 24.17487040907145 0.2681648731231689 13.5829691067338 9.502090439200401 9.060841076076031 0.1691990569233894 3.241039052605629 0 0.7985325157642365 0.4375714138150215 0.2953926026821136 1.16406212747097 0.4374130144715309 8.786193192005157 0.8854361921548843 0.5530158281326294 0.473353236913681 474.1887156143785 0 0 0.3193448036909103 18.56886895000935 0.4654379487037659 1.731952160596848 0.1966420412063599 2.932888880372047 13.0882603675127 4.012490913271904 5.988125652074814 8.697901077568531 12.34433689713478 5.10470274835825 7.59078149497509 0.2425465434789658 0 0.2733737230300903 0 0 0 0 0 0 0 0 0 0 0 0 0 0.2025721520185471 0 0 0 0 0 0 0 5.994583383202553 0.227153018116951 4.586291611194611 2.423294298350811 0 0 0 0 0 0 0 0 0 0 0 0 0 0 0 0 0 0.109513022005558 0 0 0 0 0 1.986015297472477 0 0.160067543387413 0 0 0 0 0 0 0.1083166301250458 2.636885613203049 0 0.1616777181625366 0 0 5.823492437601089 0 1.635871365666389 0.1152602583169937 0 0 0 0 0 0 0 0 0.1354797929525375 0 0 0 2.547585561871529 4.907688483595848 2.322885721921921 451.7114244773984 15.88229586184025 602.0477525293827 49.88655260950327 491.6705078855157 9.527866266667843 4.736050993204117 27.02030805498362 0.9588231444358826 0 0.678910106420517 0.3337932154536247 11.5112302005291 0.3965252488851547 0 0 3.516155384480953 0 103.5075262859464 2.576111495494843
1046.871349595487 2213.851744398475 2091.588830389082 379.3510863631964 2565.999933734536 6.762424290180206 891.9854617491364 2144.937873348594 986.5251321047544 387.1978258639574 1969.822990141809 54.24517099559307 374.0224556773901 966.1805977374315 28.10295965522528 8.435717962682247 1.500118501484394 0.3383454531431198 0.2179454416036606 0.1645337492227554 0.143783837556839 0 2.032762557268143 0.2522970139980316 3.862943068146706 0.6623162031173706 0.9750678837299347 0.3535829037427902 0.1779235601425171 0 2753.220266617835 1044.502433948219 32.25986655801535 1.368602074682713 2.006932750344276 2.37233030796051 18.10983268171549 9.873057670891285 2.070770941674709 1.402682520449162 0.4305760711431503 1.221764892339706 1.320943333208561 0.3198534101247787 1.0649478957057 1.023039743304253 101.4564367905259 2.849597603082657 0.4038306623697281 1.266827404499054 0.8031553849577904 0 0.323624461889267 0 2.292230129241943 3.872990228235722 68.77276954799891 342.2443692013621 16.9631695151329 44.77562864869833 0.9052738174796104 13.96827317029238 0.4270675703883171 200.5818669125438 4.673531338572502 4.358931921422482 0.7098569124937057 0.9993090778589249 6.762165777385235 3.286954529583454 18.69163442403078 1.060134619474411 0 110.6277368813753 51.31313740462065 121.8209720924497 73.37243768572807 10.74121490120888 48.76610919088125 187.2426266595721 1.351109646260738 55.52811186015606 10.44478737562895 0 4.737710952758789 2.937691204249859 4.46562547236681 0.1185731440782547 0.7676929607987404 0 0.801529236137867 0.1035627126693726 1.518565192818642 0.3386577218770981 0.531322181224823 10.55894693732262 0.4615754783153534 0 1.632174029946327 166.3255813345313 0.105570450425148 0 0 1.28233140707016 0.1389550119638443 2.291612461209297 0.2732492983341217 1.747432261705399 8.511494860053062 6.165921926498413 2.908438920974731 12.04980982840061 12.09725795686245 7.701255194842815 10.67660558223724 0.3704333901405334 0 0 0.1160114780068398 0 0 0 0 0 0 0.6032291054725647 0 0.2394292503595352 0 0 0 0.5417929887771606 0 0 0 0.4871348440647125 0 0 0 7.133758217096329 0.1620814800262451 5.677074179053307 2.234017342329025 0.2803394943475723 0 0.1543368995189667 0 0 0 0 0 0 0.1142641678452492 0 0 0 0 0 0.08709683269262314 0 0 0.1115145236253738 0.4140415787696838 0 0 0 1.974781200289726 0.2354325354099274 0 0 0 0 0 0 0 0 3.32258216291666 0.7140397727489471 0 0 0 0.7875314205884933 0 1.224438890814781 0 0.4150165617465973 0.2964634597301483 0 0 0 0 0 0 0 0 0 0 4.563543446362019 9.032675832509995 1.823642164468765 231.1553364694118 5.990733243525028 285.9258649721742 34.14763649553061 90.07287959009409 5.320070706307888 1.454448483884335 24.12233771383762 2.416452489793301 0.10753133893013 0.7447772994637489 0 16.62242162227631 0 0.4220217168331146 0.1140515357255936 3.270071484148502 0 42.7574253231287 2.633714720606804
1592.749361276627 1862.22908873111 379.3510863631964 977.8247777968645 36.4683678522706 577.6779758259654 1459.839594878256 2.053107656538486 38.30693329125643 1458.433742143214 2.553800843656063 38.80904798209667 142.8947042152286 21.4281010478735 0.52457495033741 0.1863451898097992 0.0958455353975296 0 0 0 0 0 0 0 0 0 0 0 0 0 26.80234608799219 2.952611185610294 0.1025482565164566 0 0 0.1045092046260834 0.0781254768371582 0.3558996468782425 0.08972473442554474 0.1378656476736069 0 0 0.0777895376086235 0.1991905570030212 0.4189540445804596 0.2261901497840881 10.6540849134326 1.581627450883389 0 0.1011569797992706 0.2361148223280907 0 0 0 1.400657594203949 1.901308201253414 53.32732044905424 254.8494202569127 10.65052977204323 8.859791733324528 0.07237468659877777 0 0 11.01592193543911 1.84476576000452 1.13988520950079 0.3433214947581291 0.09498649835586548 0.2669757083058357 0 0.8440039902925491 1.49525959789753 0 41.43826936930418 10.38552284240723 19.17124188691378 6.131241038441658 1.380898922681808 0.6150142848491669 0.7409297302365303 0 0.2001859247684479 4.645318776369095 0.1367719769477844 1.374603666365147 1.475808247923851 1.345380291342735 0.2266477197408676 0.3002811074256897 0 0 0 0 0.266933299601078 0 5.81633985042572 0 0.4230406284332275 0.415754497051239 258.2089362516999 0.3448859751224518 0.4562857449054718 1.596991270780563 17.67831167578697 0 0.6601178050041199 0.172548308968544 3.500298619270325 54.21304599940777 5.08134688436985 1.720992177724838 4.626982942223549 2.723852798342705 2.015909269452095 1.556830957531929 0 0 0 0 0 0 0 0 0 0 0 0 0 0 0 0 0 0 0 0 0 0 0 0 0.7600273787975311 0 1.682965874671936 0 0.1577526032924652 0 0 0 0 0 0 0 0 0 0 0 0 0 0 0 0 0 0.1072646751999855 0.2797219678759575 0.1041497886180878 0 0 1.068517655134201 0 0 0 0 0 0 0 0 0 1.251745522022247 0 0 0 0 0 0 0.8676391243934631 0 0.3188693821430206 0 0 0 0 0 0 0 0 0 0 0 0.4765242487192154 0.1345392912626266 0.6466909646987915 153.1960980445147 1.686332799494267 53.97725114971399 5.291760250926018 751.4589356482029 0.9538306295871735 0.2892875745892525 2.281503856182098 0 0.1189547330141068 0.1235861107707024 0 10.96816483139992 0 0 0 0.2028769850730896 0 99.97779792547226 2.559852778911591
43.81589403748512 1781.731786265969 2565.999933734536 36.4683678522706 1844.207355462015 2.616437643766403 2880.231897249818 346.842475399375 4733.760978899896 581.2141349837184 1744.597783781588 46.52891175448895 538.7663397043943 358.7928030714393 16.64473132789135 2.842912264168262 0.4675064235925674 0.4325308129191399 0 0.09645102918148041 0 0 0 0 0.1433378010988235 0.1066226288676262 0.3251891434192657 0 0.1162775382399559 0 118.3393464311957 113.0246582999825 1.43026240170002 0.367639884352684 0.1445287615060806 0.4167540222406387 0.9134161993861198 1.144620351493359 0.6479414105415344 0.2585504800081253 0 0.3008475303649902 0.6735722050070763 0.6646090000867844 0.4384330362081528 0.4747178554534912 66.55636011064053 1.447050169110298 0.3812550008296967 0.4036043062806129 0.1915548890829086 0 0 0.1866543292999268 0.5841848030686378 1.136475808918476 13.8368224799633 50.81033616513014 4.815966993570328 28.31642115861177 0 0.2711151689291 0.07978593558073044 51.56035552173853 1.401972383260727 1.173982329666615 0.1032754853367805 0.1186318546533585 0.8340715542435646 0.2511308789253235 6.040911883115768 0 0 41.58489973843098 23.07517590373755 69.94254519790411 40.59054865688086 2.082137331366539 0.4961308240890503 2.627518877387047 0.4478714019060135 0.9429888501763344 2.845464587211609 0 2.322574853897095 0.587732270359993 1.757446840405464 0 0.1954477801918983 0 0.1231672763824463 0 0.3078723549842834 0.2464442402124405 0 5.130718022584915 0.9074112623929977 0 1.040023803710938 5.154232695698738 0 0.2504107058048248 0 0.4284909069538116 0.9513493776321411 1.789818868041039 4.162676692008972 1.856579102575779 13.20185327529907 5.268578588962555 1.84808237105608 12.10871819406748 14.56247182935476 11.54655326157808 14.06235459446907 0 0 0 0 0 0 0 0 0 0 0 0 0 0 0 0 0 0 0 0.1419615298509598 0.5849797129631042 0 0 0 9.58419793844223 0.6154778003692627 3.578097730875015 1.165346957743168 0 0 0 0 0 0 0 0 0 0.4216074794530869 0 0 0 0 0 0 0 0 0 0.3330631256103516 0 0 0 4.752045020461082 0.2063014060258865 0 0 0 0 0 0 0 0 5.31074857711792 0 0 0 0 1.998940452933311 0 2.440190516412258 0 0 0 0 0 0 0.1396765112876892 0 0 0 0 0 0 3.088677443563938 7.76393324136734 1.833076730370522 163.8769790008664 5.082074396312237 176.6847685575485 21.75795504450798 17.63264172524214 4.394916839897633 0.8010538667440414 15.31890127062798 1.887914702296257 0 1.001172199845314 0 5.694669753313065 0 0.1327871680259705 0.1391902267932892 0.1314144283533096 0 18.35051926970482 2.693908095359802
26.91019542515278 47.92294289916754 6.762424290180206 577.6779758259654 2.616437643766403 10.42900878190994 42.23928113281727 2.101164147257805 3.854308158159256 846.2589170783758 0.6439589262008667 45.01968778669834 49.53259850293398 6.253045707941055 0 0.2493430376052856 0 0.1224912703037262 0 0.218079999089241 0 0.1581824868917465 0 0 0 0 0 0.2435580641031265 0.107683077454567 0 1.498124770820141 1.043408259749413 3.471456333994865 0 0 0 6.650148615241051 1.856429234147072 0.8301822394132614 0.4895512461662292 0.4428149610757828 0.3956663012504578 0.1192496418952942 0.1418334543704987 0 0.1593889594078064 0 0 0 0 0 0.7745342999696732 0 0 0 0.6633064448833466 112.3785181865096 28.66377738118172 4.452127449214458 0 0 1.718784958124161 0 0 0 0 0.1022790372371674 0 0 0 97.92028425633907 74.38655695319176 4.677972286939621 0.9866532832384109 0.239156998693943 0.1263155937194824 0.508383609354496 0 0 1.199659496545792 0.09552262723445892 0 0 0.1597974449396133 0.1052615791559219 0.7033683732151985 0 3.557501025497913 1.358168125152588 1.388093024492264 0 0 0 0 0 103.6417036503553 159.5553619712591 2.071980267763138 5.788728669285774 314.3623859733343 0 0 0 1.29207769036293 0 0.6262751817703247 4.456221848726273 1.267510652542114 21.10410913825035 5.392040878534317 0.1321834772825241 0.9678460508584976 5.87395179271698 2.329354971647263 1.258054330945015 0 0 0 0 0 0 0 0 0 0 0 0 0 0 0 0 0 0 0 0 0 0 0 0 1.300771817564964 0 0.4552812129259109 0 0 0 0 0 0 0 0 0 0 0 0 0 0 0.1775866150856018 0 0 0 0 0 0 0.5029668807983398 0 0 0 0 0 0.1625119149684906 0 0 0 0 0 0 0.6638695746660233 0 0 0 0 1.322304889559746 0 0 0 0 0 0 0 0 0 0 0 0 0 0 0 0 1.344526052474976 1.181005999445915 31.6412229090929 1.806934922933578 2.331514522433281 0.7024154663085938 199.0198681354523 0 0 0.197777271270752 1.172197721898556 0 0 0 21.17518562078476 0 0 0 0 0 26.65600097179413 3.349640518426895
760.0882021635771 4149.265191301703 891.9854617491364 1459.839594878256 2880.231897249818 42.23928113281727 996.9947439953685 71.91971762478352 3988.400351285934 2858.758766807616 789.5351135060191 226.7677083909512 3101.345598571002 1809.315322831273 30.45496790856123 6.519441574811935 0.5974263623356819 0.2007107809185982 0.4349932298064232 0.4426555782556534 0.251777708530426 0 0.115317240357399 0.09918978065252304 0.3592327535152435 0 0 0 0 0 166.1538757905364 98.34140742570162 1.337423771619797 0.09388630837202072 0.9895258173346519 0.2868345975875854 5.547247864305973 2.156274951994419 1.231956519186497 1.398666031658649 0.43025903403759 0.1193966269493103 0.5958628281950951 1.135014817118645 0.4674485176801682 1.305461995303631 144.6481160447001 3.504240438342094 0.8176443427801132 1.04031440615654 1.279212452471256 0 0 0 3.657207228243351 4.214073710143566 73.53806332498789 305.8460279777646 20.2380892932415 72.32666257023811 0.2129382491111755 1.583816863596439 0.4529249295592308 97.97412484139204 6.1369888484478 6.123870216310024 0.9765369221568108 0.7552545294165611 2.494677603244781 0.8795690909028053 17.48323731124401 1.554456651210785 0.1465900242328644 131.9709218516946 63.46193713694811 168.3260674476624 78.5742013156414 5.117877580225468 1.95983611792326 7.217864952981472 0.7156868949532509 3.198532201349735 11.68914337456226 0 7.970091454684734 4.526574619114399 5.178942039608955 0.09723550081253052 1.977519206702709 0 1.012718625366688 0.5216605961322784 0.8069143742322922 1.307616867125034 0.1244368851184845 35.73405437171459 1.893789231777191 0 1.108189955353737 67.42973439395428 2.436206579208374 1.913148358464241 12.84824043512344 1.958514332771301 2.510273531079292 18.24530829489231 3.362165033817291 44.5170084387064 75.39424320310354 18.73599229753017 10.57956073433161 47.74363255500793 48.13201723992825 28.1491811722517 36.19375927746296 0.1238592118024826 0 0 0 0 0 0 0 0 0 0.235847219824791 0 0 0 0 0 0 0 0 0.6510362029075623 3.157831877470016 0 0 0 18.41594564169645 0.1505919247865677 8.891241639852524 4.061617784202099 0.4865577965974808 0 0 0 0 0 0 0 0.1635944992303848 0.3101046681404114 0 0 0 0.4257725030183792 0 0 0 0 0.5359557271003723 1.467049688100815 0.4088535308837891 0 0 9.728613272309303 0.400451272726059 0 0 0 0 0 0.3976539596915245 0 0 13.78803764283657 0 0 0 0 10.25859490036964 1.153422564268112 5.043088912963867 0.4727548360824585 2.116027876734734 1.3548294454813 0.2782905101776123 0 0 0 0 0 0 0 0 0 21.75768695026636 20.76695831120014 9.81941381841898 479.57850651443 9.251813597977161 463.4067619815469 48.23649594932795 260.0373117849231 8.778218694031239 2.874225303530693 34.15539432317019 5.174539998173714 0 4.644642278552055 0.3619290813803673 28.08681575208902 0 0 0 3.017228156328201 0 128.0676776990294 5.246755622327328
96.61078650504351 383.4341282173991 2144.937873348594 2.053107656538486 346.842475399375 2.101164147257805 71.91971762478352 1213.093515053391 438.024441100657 26.24301820993423 4739.756006486714 54.58484913408756 285.9781670421362 1707.225004948676 55.48982305824757 29.90105422586203 2.692535623908043 2.616905249655247 1.355671912431717 14.52490149438381 10.64678230136633 0.3281544297933578 24.02548539638519 1.626488260924816 37.82284568995237 0 6.219105504453182 2.128071889281273 1.358651325106621 1.937166303396225 569.1036738604307 3166.709261223674 241.8730758056045 18.80233160406351 37.59207487106323 32.31674629449844 113.4308547452092 111.3542083278298 14.9686483591795 12.35281230509281 10.46483122557402 4.941324837505817 21.44511596858501 4.37982751429081 15.75666155666113 12.6915427595377 91.50106677412987 2.105342455208302 2.810276761651039 12.27410059422255 1.920117780566216 0.6923655867576599 1.905771911144257 2.007306180894375 1.025996036827564 1.096214413642883 21.60704822838306 106.2131079807878 5.516270615160465 29.0293820053339 90.14180099964142 212.5314149782062 17.00571718066931 322.0105228126049 2.478542968630791 4.770107544958591 1.289644934237003 6.807029493153095 91.24964758753777 47.70197945833206 64.01164822280407 1.975357800722122 0 39.69454209506512 33.24380721151829 99.47597838938236 113.8616639524698 173.3109263852239 821.4594767838717 2084.198891893029 33.17212479561567 1488.43880328536 3.854108422994614 0.1001180708408356 3.178506046533585 1.398326359689236 16.51646240055561 0 0.4687380939722061 0.2337164431810379 0.9663839787244797 0.3443537428975105 22.67924733459949 2.487353481352329 2.848789654672146 14.66285790503025 5.27146077901125 2.317756578326225 4.32769849896431 21.17908876389265 0 0 0.2045095264911652 0 0.321777880191803 0.9076349884271622 0.566960021853447 0.9891010969877243 7.603696122765541 2.604891888797283 1.558538250625134 7.928689733147621 10.28040537983179 5.182073205709457 9.536010041832924 0.6521338447928429 0 0 0 0 0 0.1222891435027122 0.2156724482774734 0 0 0.509140744805336 0 0.1786041259765625 0 0 1.369789659976959 0.5499030575156212 0 0.4715240672230721 0.3281839117407799 0.3782420307397842 0 0 0 6.93907768279314 0.1270665377378464 5.436026886105537 5.820732221007347 1.098756723105907 0.2996815741062164 0.1346242278814316 0 0 0 0.2011664658784866 0 0 0 0 0.1081887036561966 0 1.187237441539764 2.232876069843769 0 0 0 0 0.4121002852916718 0 0 0 5.547073550522327 0 0 0 0.09869521856307983 0 0 0 0.1028928980231285 0.3054570928215981 5.491307087242603 0.8827426210045815 0.3734950721263885 0 0.1014116257429123 3.588341429829597 0 2.470434784889221 0 0 0 0.1601019650697708 0.200423538684845 0.1445587277412415 0 0 0 0.3547386080026627 0 0.1369319558143616 0 5.081278115510941 15.32558351010084 5.767774067819118 247.9224200174212 9.981241822242737 236.1096392869949 59.77653364092112 18.56496850401163 4.737289883196354 1.016421779990196 20.02653369307518 3.204662300646305 0 1.03975098580122 0.2535433918237686 2.287407368421555 0.1580649316310883 0 0.1536068171262741 4.749171048402786 0 18.71447042375803 4.237454742193222
17.39453366398811 712.5141052827239 986.5251321047544 38.30693329125643 4733.760978899896 3.854308158159256 3988.400351285934 438.024441100657 1332.80065304786 867.1061666309834 1655.29078681767 98.83471778035164 1461.615822456777 1499.565102435648 24.45957136899233 8.5387914031744 0.4922494292259216 0 0.09458128362894058 0 0.1250445246696472 0 0.9688063561916351 0.3711541593074799 0.525564156472683 0 0 0.2630323693156242 0 0 82.60514421761036 179.8243831694126 19.47478276491165 0.2800773680210114 0.4778120815753937 0.302259236574173 11.52992466837168 1.146632425487041 1.021842837333679 1.341232717037201 0.2479133009910583 0.1190261840820312 0.6081004366278648 0.8211144581437111 0.3389537632465363 0.5086535289883614 91.41461678594351 1.130080781877041 0 0.3989817053079605 0.3426084220409393 0 0.1680292636156082 0.1210288479924202 0.8258787840604782 1.056166090071201 14.23453868925571 32.29094989597797 3.912437051534653 33.15922976285219 0.2289066389203072 7.227131955325603 0.124570406973362 47.31331995129585 1.125625260174274 1.557182237505913 0.2078196257352829 0.4855217039585114 2.512740075588226 0.6401519626379013 16.72342683374882 0 0 38.89800690114498 24.48786599934101 92.90102256834507 56.92413853853941 4.302457548677921 1.308504849672318 56.45249853283167 0.8016538843512535 7.414991900324821 2.767735525965691 0.1828034967184067 2.132061496376991 0.7844376787543297 1.082438059151173 0 0.6712118685245514 0.1057660132646561 0.2137980759143829 0.2367633432149887 0.7779287323355675 0.3759277313947678 0 20.31583283096552 1.725516647100449 0.4993804097175598 0.256550170481205 7.112367413938046 0.2049175277352333 0.2795863449573517 0.4426178187131882 1.127906292676926 1.682696208357811 2.882395163178444 4.935513854026794 5.082972213625908 40.35368210077286 18.64912197738886 7.495792724192142 32.58970995992422 44.87782242894173 23.91760499030352 31.51409370452166 0 0 0 0 0 0 0 0.2720651924610138 0 0 0 0 0 0 0 0 0.126671314239502 0 0 0.4241436421871185 1.850856699049473 0 0 0 18.79257701337337 0 5.940549999475479 3.85923059284687 0 0 0 0 0 0 0 0 0.1934787184000015 0.3035352379083633 0.3777105808258057 0 0 0 0 0 0 0 0.09107740968465805 0.2005293816328049 0.6374841928482056 0 0 8.880106344819069 0.1280286908149719 0 0 0 0 0 0 0 0 12.11914293467999 0 0 0 0 3.92176054418087 0 4.599624082446098 0.6640683189034462 0 0.6991850137710571 0 1.1357461810112 0 0 0 0 0 0 0 0 16.21868870407343 23.30062697827816 10.44570574164391 255.2486929669976 6.710375726222992 247.5258854031563 37.97011091560125 24.97117411345243 6.851125881075859 0.8408438414335251 23.45926706492901 1.995483055710793 0 2.376580022275448 0.5820905119180679 17.14487792551517 0 0 0.1058543622493744 2.008048132061958 0 50.45486242324114 6.531102761626244
964.8286942914128 1248.965224802494 387.1978258639574 1458.433742143214 581.2141349837184 846.2589170783758 2858.758766807616 26.24301820993423 867.1061666309834 3189.007817327976 101.361842662096 2622.668486863375 7790.403938606381 628.1457487270236 28.92645187675953 7.817267999053001 0.9265809133648872 0.618703305721283 0.09946428239345551 0.1882960796356201 0.09435624629259109 0 0.3703165054321289 0 0.527389869093895 0 0 0.1043751463294029 0.2944338917732239 0.1193182989954948 96.25821778178215 40.94202703237534 14.6843773573637 0.8148513957858086 0.4893020391464233 0 38.81189442425966 7.517526134848595 3.071307256817818 0.7450920641422272 0.1899778693914413 0.7994956001639366 0.5971589535474777 0.5113448277115822 0.6194363385438919 0.5701250731945038 161.5520866513252 2.736018106341362 0.2271642312407494 1.27757778018713 1.158489800989628 0 0 0 2.827468410134315 4.815316341817379 104.5626125782728 289.462065435946 22.29536493867636 67.18655382096767 0.7626563310623169 3.984860479831696 0 60.59109833091497 5.616436325013638 4.991957016289234 1.220248453319073 1.361638784408569 0.7348175197839737 1.100957907736301 354.8146092742682 2.302215307950974 0 106.6878549158573 44.88885644078255 135.84421762079 53.1775411888957 6.629249773919582 1.115400694310665 8.532952465116978 0.7692937105894089 4.75492250174284 9.23471986502409 0 5.175557725131512 3.449309386312962 2.727157756686211 0 0.95329450070858 0.1146739572286606 0.5744143649935722 0.08976484090089798 0.4262090548872948 0.96213398873806 0.4585278630256653 292.9513896554708 30.08007162809372 0 12.2518802806735 417.8891212269664 1.581093639135361 5.001545913517475 15.1112911850214 51.33894787728786 6.631467655301094 56.13162025809288 39.833251953125 137.3896762579679 415.6055686175823 184.5645409971476 56.30855860561132 332.6402291730046 419.2365528419614 180.0353144258261 157.4453184306622 0.2074747234582901 0.1252007037401199 0 0 0 0 0 0 0 0 0 0 0.2500442266464233 0 0 0 1.203250646591187 0 0 1.107873357832432 15.53936954587698 0 0.5407129526138306 0 99.5115514472127 5.920184344053268 54.80698008835316 22.73404636979103 1.407218188047409 0 0 0 0.5242384970188141 0 0 0 1.280819915235043 1.728840939700603 0 0.2807535231113434 0 2.320693179965019 0.1371728032827377 0.08133113384246826 0.1138396263122559 0 2.347276195883751 0.3470225408673286 0.6813216656446457 0 0 53.94647663831711 0.7456011027097702 0 0.2110022455453873 0.08510621637105942 0 0 0 0 0 57.18874987959862 2.717109709978104 0 0 0 46.69291627407074 0 31.34742206335068 1.178217947483063 1.448684640228748 2.675274357199669 0.3509525209665298 0.376019611954689 0.1042728051543236 0 0 0 0 0 0.106964685022831 0 69.3830404728651 94.87469553202391 43.32513090968132 1528.850941620767 16.49850329011679 579.6060109883547 92.04090031981468 1282.034930922091 25.52492187172174 7.343382135033607 66.3387683480978 23.9205704331398 0.1596108227968216 14.50263843685389 1.780115768313408 293.1622036993504 1.056586250662804 0.7561238408088684 0 10.32229761779308 0 911.908983528614 44.75555750727654
53.98544700443745 393.0170376300812 1969.822990141809 2.553800843656063 1744.597783781588 0.6439589262008667 789.5351135060191 4739.756006486714 1655.29078681767 101.361842662096 1522.812539704144 276.5511680021882 1489.144579134881 2340.417151138186 50.47000923752785 32.86843544989824 0.3233774602413177 0.643330030143261 0.2114718854427338 1.555478483438492 0.1077746227383614 2.206887036561966 0.5302630662918091 0 8.70253698527813 1.325273364782333 1.421211816370487 3.651223435997963 1.097302243113518 0.6341728121042252 309.2266459390521 912.0901076346636 734.2438161075115 0.6609585732221603 2.362244740128517 6.217644520103931 294.1559367403388 117.8443634957075 20.55941170454025 8.987291119992733 2.98914048820734 2.982787624001503 0.7575175687670708 2.263191744685173 1.379147067666054 1.480345286428928 79.33355178683996 0.9084817320108414 0.3582531437277794 2.00178537517786 0.2533843591809273 0.6974555253982544 4.309418223798275 3.557782024145126 0.3744307309389114 0.3723817095160484 9.089111663401127 36.32467516511679 2.772538028657436 20.244134940207 1.060476064682007 263.5925175473094 0.8614294528961182 54.34139930456877 0.655404306948185 0.7953829988837242 0.5109332278370857 0.3747855424880981 3.730599567294121 2.028012074530125 146.2312488779426 5.423264212906361 0.3266095891594887 21.60648316144943 15.68379735946655 70.30164656043053 50.77423845231533 12.46312001347542 32.5090696066618 758.3661882504821 1.614336594939232 195.7918256744742 1.662276186048985 0 1.425597690045834 0.3888490721583366 1.470348969101906 0 0.3989906311035156 0.2249538004398346 0.1638560742139816 0 2.184032335877419 1.430929414927959 1.991556033492088 24.14582125842571 3.755649343132973 0.4192032814025879 9.067347414791584 12.37414910644293 0.3859215080738068 1.274462938308716 0 0 0.6972052752971649 2.474323377013206 2.092093035578728 3.298987686634064 13.84084605425596 7.691032849252224 4.740988284349442 12.33905977755785 19.03154105693102 13.07438915967941 16.06838532537222 0.2025495171546936 0.223501943051815 0.1955429911613464 0 0 0 0 0 0 0 0.1150146052241325 0 0.8388208448886871 0 0.3022382110357285 0.1561969518661499 0.4712896570563316 0.4900938421487808 0 0.5401391983032227 1.317693516612053 0 0 0 12.5256559625268 1.020507216453552 7.264603398740292 4.522239774465561 1.247354939579964 0.1044175252318382 0.115759439766407 0 0 0 0.5216390192508698 0 0 0.09520187228918076 0 0 0 0.9694457948207855 1.27129840105772 0 0 0 0.432667151093483 0.4412762671709061 0 0 0 2.805285573005676 0 0 0 0 0 0.2935459017753601 0.3169364333152771 0 0 7.875307284295559 1.616699412465096 0 0.1134805455803871 0.164745032787323 1.904928937554359 0 2.828301817178726 0.09170024842023849 0.292591392993927 0.3145195320248604 0 0 0 0 0 0 0 0.1230054646730423 0 0 11.46282939612865 19.65907859057188 5.562168151140213 238.1905399784446 4.163835167884827 219.6480331644416 52.90696650743484 13.53386217355728 4.996447548270226 0.4454013854265213 20.16737974435091 1.740619882941246 0.1164172813296318 1.748090095818043 0 4.171067893505096 0.1311187148094177 0 0.2103440165519714 5.291544392704964 0.1159156635403633 21.09672241657972 6.507747031748295
3.868982776999474 30.79164266586304 54.24517099559307 38.80904798209667 46.52891175448895 45.01968778669834 226.7677083909512 54.58484913408756 98.83471778035164 2622.668486863375 276.5511680021882 119.8046423792839 1221.651033677161 411.5558406934142 26.97749505937099 15.92054462432861 0.8652303367853165 0.353503629565239 0.5547208487987518 0.2942906022071838 0 1.262514606118202 0.1192197203636169 0 2.275042779743671 0.1540786027908325 0.2819007039070129 2.582562804222107 2.633632436394691 0.4631982445716858 5.632010586559772 13.89961177110672 115.0736382007599 0.3827631920576096 0.1231404691934586 0.835869699716568 304.6738904342055 47.40329935401678 33.28793960809708 6.141772270202637 1.01786682009697 1.85022260248661 0.5168044418096542 2.291259594261646 0.2033136859536171 0.8130147159099579 37.2086638584733 0.8218573853373528 0.8402759730815887 0.449321374297142 0.2274512648582458 1.610873192548752 2.425398305058479 1.184164114296436 0 0.42683494836092 6.141950838267803 4.823106251657009 1.523806788027287 8.136415854096413 0.3601710498332977 7.727009862661362 0 7.678678408265114 0.2711855471134186 0.5048270374536514 0 0 0.8070329055190086 0.7048415392637253 277.6372270584106 9.040124669671059 0.3068601191043854 6.383713111281395 3.955128207802773 26.50126282125711 19.16487099975348 4.428713113069534 1.780586197972298 9.65412587672472 0.4037675410509109 0.8770847469568253 0.7310934290289879 0 0.2164996117353439 0.2291806265711784 0.9943356812000275 0 0.1577655076980591 0 0 0 0.5443819016218185 0.521465003490448 1.967774599790573 702.7773476988077 57.5028839558363 0.5814623832702637 18.37710148096085 48.51826940476894 0.5566555112600327 1.427714452147484 2.361011676490307 3.141684919595718 3.861004792153835 11.43243345618248 16.35243252664804 19.57289464771748 133.5288399681449 73.45382272452116 25.44578974694014 129.2696884348989 160.8096506968141 90.72730764746666 84.26894127577543 1.220059610903263 0.1537879109382629 0 0 0 0 0 0 0 0 0.5686286389827728 0 0.8670155256986618 0 0 0.3398069739341736 0.6736362650990486 0.2515625357627869 0 1.304157942533493 3.34377346932888 0 0.1767789274454117 0.1984369903802872 54.02223190665245 1.176202319562435 23.32878189533949 9.847534738481045 2.180478274822235 0 0.3950892686843872 0 0 0 0.9407244324684143 0 0.09335922449827194 1.658035092055798 0 0 0 1.409399516880512 0.8474950715899467 0 0 0 1.120487838983536 0.2936457097530365 0 0 0 17.30145905166864 0.1023255884647369 0 0.1009730324149132 0 0 0 0 0 0.238303929567337 35.76310404390097 1.209986433386803 0 0 0.2580264210700989 17.02904906123877 0 10.19172394275665 0.4033422321081161 0.5427242591977119 0.8436776623129845 0.3255641162395477 0 0 0 0 0 0 0 0.6910229623317719 0 51.83046142756939 48.85371848940849 17.33228707313538 336.8856901973486 3.956503584980965 150.4034641608596 42.49123965203762 131.4401318132877 5.189162760972977 0 17.03186932206154 11.8610907793045 0.1332041770219803 6.645362451672554 0.2345030456781387 78.55286561697721 0.2647788971662521 0 1.15947288274765 5.844107687473297 0.3397079110145569 490.3197071179748 46.31796812266111
13.66045249998569 121.1328503936529 374.0224556773901 142.8947042152286 538.7663397043943 49.53259850293398 3101.345598571002 285.9781670421362 1461.615822456777 7790.403938606381 1489.144579134881 1221.651033677161 3438.942202158272 4374.005960293114 86.13323765993118 45.41411872953176 1.650026328861713 0.9981469213962555 0.6676055714488029 1.421494789421558 0 3.912115603685379 1.334115631878376 0.222436212003231 4.540188781917095 0.2916040122509003 1.501677192747593 3.411730423569679 5.369590848684311 0.8990264534950256 38.2536468282342 133.0641750618815 708.7449898347259 1.732086509466171 0.9319472759962082 2.123495653271675 1180.251875832677 155.580165758729 108.7284584864974 16.90962825715542 2.222116366028786 7.945668309926987 1.218391299247742 4.064568698406219 1.30137275904417 1.245875000953674 143.3119143694639 1.761535361409187 0.5491671413183212 2.459288209676743 0.7057678997516632 2.211896471679211 13.8984614238143 6.98326963186264 0.4056432545185089 0.674087181687355 20.57713628560305 23.86008131504059 5.106004923582077 41.20723987370729 1.081759490072727 25.17368137091398 1.067333489656448 31.92441520094872 1.427696622908115 1.355017468333244 0.7536795362830162 0.8622955232858658 2.843733735382557 1.465638376772404 710.7015388309956 17.57226763665676 0.6454818397760391 32.99645472317934 23.96376023441553 123.0912948250771 79.1074126958847 10.7707557156682 6.31140560656786 52.62560495734215 1.170483782887459 14.7996144592762 3.889969520270824 0.1851204484701157 1.899265274405479 0.6974408179521561 2.692841462790966 0.1294691115617752 1.148380264639854 0.1147948279976845 0.3332602679729462 0.8167293667793274 0.995584174990654 0.8518507182598114 5.249574296176434 935.1375379785895 150.9649854451418 2.641003265976906 71.08261421322823 62.46275430172682 2.917845845222473 6.196441128849983 9.282813981175423 51.24497792124748 7.977946251630783 133.7786061167717 40.09132634103298 67.90684201568365 549.7390711978078 199.5256652161479 47.95622073113918 497.0004994869232 384.2949675545096 245.0076480731368 183.8762614056468 1.42064668238163 1.034305110573769 0.6494022011756897 1.429814592003822 0 0 0.1422920823097229 0.341350182890892 0 0 0.5648293346166611 0.2246047109365463 2.469515591859818 0 0.8599061965942383 0.258705735206604 3.482327565550804 0.3787987530231476 0.2487906292080879 3.179344899952412 10.93643514811993 0 0 0 121.7225534766912 5.703839905560017 50.23672031611204 24.93740446120501 6.397378787398338 0 1.337940059602261 0.1673462092876434 0 0.1713678687810898 0.6943495944142342 0 0.7994776144623756 2.426653042435646 0 0 0.2849798053503036 7.591793559491634 1.650374010205269 0 0.2652150616049767 0.1036242097616196 1.065049335360527 2.088655538856983 0.7597388401627541 0.3992879241704941 0 54.64703599363565 0.7947670146822929 0 0.3944015800952911 0 0 0.2987726330757141 0.1837989389896393 0 0.6484706625342369 80.23375695198774 3.819276548922062 0.3441543430089951 0.1212626397609711 0.150727704167366 48.89058564603329 0 26.32046464085579 2.564179614186287 1.918991439044476 1.709523484110832 1.227617032825947 0.9097850620746613 0.1078620553016663 0 0 0 0 0 0 0.1483366191387177 127.3535571098328 134.1343272700906 48.46670303493738 749.6797176674008 10.41933440417051 478.0297423452139 125.7288028746843 159.5591168701649 12.25074827671051 2.234937012195587 49.65504152327776 19.32784251123667 0 16.94525329768658 2.629542291164398 117.7437306120992 0.6928016841411591 0 0.3330128639936447 12.65051256120205 0.7241917848587036 652.2070914059877 72.77698823809624
22.07605566829443 177.7283856198192 966.1805977374315 21.4281010478735 358.7928030714393 6.253045707941055 1809.315322831273 1707.225004948676 1499.565102435648 628.1457487270236 2340.417151138186 411.5558406934142 4374.005960293114 1848.943410791457 84.8319014236331 50.82461600005627 2.924001470208168 1.144025452435017 0.3800923153758049 1.771120369434357 0.264945924282074 1.388908594846725 1.223443955183029 0.1152356341481209 12.21981690824032 1.561282768845558 0.9493940472602844 5.06612803786993 4.234548330307007 1.278634786605835 173.9886332377791 422.1967803239822 1525.441796176136 0.8880183920264244 1.640461124479771 4.657803282141685 1465.332440830767 272.4875458776951 52.24507165700197 27.26740507036448 6.363403961062431 8.234918437898159 1.517809249460697 4.270516887307167 1.84397105127573 3.358525261282921 128.2853932604194 2.367853373289108 1.1337501257658 1.207817733287811 0.7887482792139053 2.172909140586853 7.386548317968845 5.45825432240963 0.8035322725772858 1.008927851915359 13.64605392515659 29.58649579435587 3.756929337978363 40.92115870863199 1.363176196813583 536.4334064945579 1.177286207675934 51.03769578784704 0.8498386442661285 1.536033742129803 0.3580536171793938 0.4720233082771301 6.926109462976456 3.363526411354542 506.7934623360634 8.769324645400047 0.6478783637285233 38.65073335915804 24.72686269879341 132.4479596465826 87.23633263260126 14.34153931587934 19.2253854572773 390.9305236935616 1.107486493885517 220.1546297594905 3.233616925776005 0.2540367841720581 2.202957443892956 0.9884139001369476 2.974219307303429 0.2573215365409851 0.5274335891008377 0.1522662490606308 0.7079700902104378 0.1412777304649353 2.293640233576298 1.101489678025246 2.390579238533974 149.8982084915042 9.310470253229141 0.8851899802684784 16.825449436903 14.73922512680292 0.1355484873056412 1.512003690004349 1.831978067755699 1.114786371588707 5.077991425991058 8.292119704186916 8.207072511315346 7.651940055191517 73.54246503859758 41.57334453612566 15.29877699166536 63.62857680767775 91.46584280580282 57.74560585618019 59.02754265069962 0.9316913038492203 0.7101430371403694 0.1588565409183502 0.8239130452275276 0 0 0 0 0 0 0.290969580411911 0 0.6875479146838188 0 0.2561861425638199 0.2921000868082047 2.324617333710194 0.2587409988045692 0.1103410050272942 0.6510161608457565 3.274266563355923 0 0 0.1244679391384125 44.29479981213808 0.7595056295394897 15.46982059627771 9.545261733233929 4.671640664339066 0.1266775578260422 0.1304799467325211 0.1294043362140656 0.1184983551502228 0.1156545579433441 1.01034839451313 0 0.1459302306175232 0.6033347249031067 0 0.1409614831209183 0.16134412586689 3.181761525571346 0.3486471474170685 0 0.1397532224655151 0 0.2581975683569908 0.5867053866386414 0 0 0 15.23200471699238 0.1145150810480118 0 0 0 0 0 0 0 0.5398609861731529 34.45225124061108 3.211217008531094 0 0 0.3618671223521233 13.30820856243372 0 9.873999752104282 0.1024034172296524 0.5852677971124649 1.885753899812698 0.237387515604496 0.6359283700585365 0.1716852784156799 0 0 0 0.119987279176712 0 0 0.1144580096006393 38.3790545091033 53.3361811414361 18.91013137996197 474.2136371806264 11.45482347905636 386.1269277483225 92.58619070053101 39.46005515009165 8.801809273660183 1.920955181121826 37.98309729248285 10.9932279959321 0.2090932726860046 6.880419038236141 0.854447178542614 22.0627471730113 0.09567120671272278 0.1216988265514374 0.4060355722904205 7.622094035148621 0.3145653605461121 121.6908989176154 19.38879499584436
