294.1976349055767 2716.547373145819 1293.537457719445 1490.134167954326 5.781104296445847 123.2673524692655 337.0933884233236 287.1641652882099 13.1920864880085 709.3473210930824 69.42115646600723 97.20795126259327 107.8810980767012 31.46078933775425 2.323962792754173 1.839725449681282 0.7535412907600403 0 0 0.09474095702171326 0.1658826619386673 0 0.09992808848619461 0.2169339507818222 0.7306441888213158 0.3243144601583481 0.297311395406723 0 0 0 1000.654006108642 22.72905380278826 55.91455727815628 0 0.5839809775352478 2.361891157925129 17.62626867741346 2.673998832702637 5.853917255997658 0.9443072155117989 0.6402364149689674 0.2282002046704292 0 0.1169703751802444 0 0.1894214823842049 5.686263181269169 1.622346855700016 0.3427327871322632 0.3332958444952965 0.1006984412670135 0 0.3503997474908829 0 2.131140552461147 3.650001727044582 67.22896761447191 475.1470263078809 29.4058336019516 9.488489158451557 0.159404069185257 13.78317947685719 0.3033661693334579 13.88105533272028 1.002993427217007 1.540110729634762 0.919959545135498 0.2074164971709251 0.1879062280058861 0.1979230716824532 24.43012677133083 1.226165890693665 0.1564372032880783 38.16222213208675 15.72407445311546 10.16871871799231 8.904971681535244 0.5442316681146622 10.34925226867199 146.1378365084529 0.5615924373269081 43.43816490471363 2.849254101514816 0.2987237721681595 0.720872089266777 1.937108941376209 0.1881011724472046 0.1213878765702248 0.6002928242087364 0 0.09014952927827835 0 0.4284490123391151 0.09025402367115021 0.1990738064050674 43.22884652018547 15.14698728919029 0.7069345712661743 7.313691310584545 1077.233365654945 0.749716579914093 14.2742754817009 2.20475161075592 1.742360755801201 0.7764185070991516 6.736575864255428 17.73551747202873 2.738807141780853 11.37089846283197 33.53000737726688 0 15.70884136110544 7.420456282794476 13.3145457431674 16.13325349241495 0.2768501192331314 0 0 0 0 0 0 0 0 0 0 0 0 0 0 0 0 0 0 1.380228981375694 1.486485525965691 0 1.133045360445976 0 17.89161203801632 0.7135394960641861 5.731061108410358 1.544052995741367 0.2319606989622116 0 0 0 0.111946664750576 0 0.5750426650047302 0 0.3579162359237671 0.4000110924243927 0 0 0 0 0 0 0 0 0 0.4739707261323929 0.4642496705055237 1.678196981549263 5.504086866974831 11.44069426506758 1.477983862161636 0 0 0 0 0 0 0 0 19.55034354329109 0.7745190858840942 0 0 0 2.105016261339188 6.297146506607533 7.340586222708225 0.5832248330116272 0.9383444786071777 2.088998764753342 0 0.4356894195079803 0 0 0 0 0 0 0 0 21.7818706408143 3.91270150244236 8.182342693209648 198.114804007113 3.072008445858955 87.02162807434797 4.609325923025608 1023.485770113766 14.76242762058973 0.796801283955574 2.943439103662968 5.812195241451263 0.3770895004272461 8.441122494637966 2.309903055429459 37.19552840292454 0 0 0.5689849853515625 0 0 429.5299872159958 44.13339814543724
2716.547373145819 4196.291111089289 2514.509992778301 625.9329837635159 401.5464504659176 135.4946828782558 2653.612420149148 1192.887343592942 1087.390228241682 1816.639760367572 1312.910349875689 433.3607191890478 1319.938818268478 1447.453687205911 16.22731773555279 9.157021507620811 6.859687492251396 0.2726153954863548 0.22402623295784 0.2738446295261383 0.1991415321826935 0.4080332294106483 0.4688298478722572 0.7989098578691483 1.168637797236443 0.3163453713059425 0.4413444548845291 0.6806846484541893 0 0.07837267220020294 1376.714802160859 127.1775632128119 250.0291431844234 0.09523247927427292 1.291667006909847 3.399122260510921 141.1827892065048 12.66660784929991 13.5544137135148 1.463593065738678 1.277029804885387 0.3437978252768517 0.3252946883440018 1.935102798044682 0.2298722490668297 1.006608247756958 76.41661860048771 6.691476918756962 2.673676773905754 0.9085160866379738 1.365202769637108 0.3431993871927261 0.6853674054145813 0.9858313426375389 8.941179126501083 19.52132268249989 82.77575217187405 415.5152205601335 81.85054634511471 75.61564557254314 1.656038463115692 16.72320879995823 0.947857491672039 161.8271497189999 8.036735266447067 4.576163828372955 5.239180892705917 1.613747030496597 0.2822196558117867 0.5456592813134193 79.80440428107977 2.893453791737556 0.6455980464816093 183.1370324715972 203.8526541590691 132.0849648937583 149.8386906459928 8.987211540341377 14.20525959134102 537.8510445579886 2.081311158835888 61.42469247430563 11.8208177909255 1.071135282516479 4.103486068546772 9.921582743525505 2.284980274736881 0.9732262194156647 5.320695571601391 0.3038016185164452 0.8324123620986938 0.4775082245469093 0.2559604272246361 0.5427625551819801 0 77.5307692438364 7.858823671936989 0 15.67328782379627 575.0052372664213 0 4.445988073945045 0.9742073267698288 0.6551351845264435 0.2414314225316048 3.443318605422974 5.337587453424931 0.7266298532485962 3.483737327158451 13.57037080824375 0.4369575083255768 9.44895289093256 6.179411888122559 8.534941852092743 11.24639136344194 0.3597737774252892 0 0 0.4734426736831665 0 0 0 0 0 0 0 0 0 0 0 0 0 0 0 0.254954569041729 0 0.2264599204063416 1.413373351097107 0 8.236747078597546 2.382610023021698 5.409977525472641 1.01991368085146 0.311089038848877 0 0 0 0 0 0 0 0.2499481737613678 0.1321136504411697 0 0.3497473299503326 0 0.3834330514073372 0 0.1765905544161797 0 0 0 1.676377713680267 0.330691859126091 0 2.07290780544281 5.325390584766865 2.267640493810177 0 0 0.1195711269974709 0 0 0 0 0 13.50226514786482 0 0 0 0 1.911483436822891 3.499495647847652 9.63294256478548 0.08762703090906143 0.4830437302589417 0.7639075666666031 0.3226093053817749 1.395401850342751 0 0 0 0 0 0 0 0 13.91141840815544 5.325522042810917 9.636022381484509 243.1156647950411 21.72529596835375 600.0560614913702 24.87734072655439 326.9306053370237 66.29696799069643 2.79813639819622 19.92121774703264 3.60986290872097 0.1466239094734192 4.916770502924919 1.303073108196259 5.597113519906998 0.7238765358924866 0 0.1153541877865791 1.52079951018095 0 168.5808076262474 24.31323418021202
1293.537457719445 2514.509992778301 676.1737750396132 166.9062054157257 74.45470310747623 79.75776196271181 137.9165097475052 2430.422786451876 205.1600383892655 216.3866868838668 1143.590158477426 14.5726528391242 103.8843090608716 1069.88649508357 8.743160784244537 7.149025335907936 3.920527003705502 0.5833332985639572 0 0.3295224756002426 1.61515711992979 0.7715857177972794 1.627400010824203 1.124966442584991 3.181548915803432 1.561573728919029 0.4989450946450233 0.2152287513017654 0.17821104824543 0 1817.608729586005 625.6878651604056 225.7125124782324 0.08875835686922073 2.854366861283779 9.059904031455517 78.35732699930668 14.05746496468782 17.0078621506691 1.927505970001221 4.348883159458637 1.181464195251465 1.41383371502161 1.880282625555992 0.1845885291695595 1.092231675982475 28.59801741689444 3.282596714794636 2.779079042375088 2.285306036472321 0.6557317823171616 0.5420485585927963 0.611700564622879 0.5083849504590034 3.494933277368546 10.93098051846027 38.04552941024303 347.0628208443522 40.59353835135698 25.7924310490489 6.295027278363705 59.36634339392185 2.003275968134403 312.2740976139903 2.924767069518566 3.418179124593735 2.671696856617928 0.9941665753722191 0.6058621034026146 1.165970250964165 46.28000349551439 6.382010042667389 0.09094320237636566 93.45703624933958 177.1626351326704 47.05039755254984 68.52769473940134 3.536765404045582 59.22833451628685 838.1410816013813 4.637123055756092 246.8532282114029 6.117166049778461 0.3714243769645691 2.314596273005009 6.36836764216423 1.853184424340725 0.7500090971589088 2.550077445805073 0.6189411729574203 1.085822559893131 0.4551394432783127 1.801287934184074 0.416951909661293 0.6402566283941269 16.09636726975441 18.28706050664186 0.8194792121648788 18.68332090228796 359.3953946381807 0.1084234192967415 1.565235331654549 0.4740208312869072 1.009806171059608 0.3122796565294266 1.994847312569618 2.416731916368008 0.5878946930170059 4.738555639982224 12.86870870739222 0.1891595721244812 6.306322060525417 2.833263054490089 5.221933774650097 10.1952605843544 0.5279319435358047 0.1833543479442596 0.4859007596969604 0 0 0 0 0 0.1143779456615448 0 0 0 0.184952437877655 0 0 0 0 0.2403800934553146 0 0.4805316627025604 0.1160379871726036 0 1.276073157787323 0 8.619455441832542 3.807810224592686 3.949258372187614 2.048963889479637 0.4647552371025085 0.2954418361186981 0.1396830976009369 0 0 0 0 0.2568904161453247 0 0.4532601311802864 0 0 0 0.5258314907550812 0 0 0 0 0 1.176365628838539 1.204619884490967 0 4.003147169947624 9.788864850997925 0.7983603626489639 0 0 0 0 0 0 0 0 12.95864264667034 0 0 0 0.1367103159427643 1.909105062484741 6.318495772778988 10.81249339878559 0.323288694024086 1.283377312123775 1.071682274341583 0.2773232460021973 0.5585451573133469 0 0 0 0 0.09810683876276016 0 0 0 10.13395029306412 5.338070414960384 9.321706727147102 89.64042254537344 7.789629764854908 209.6663947924972 8.774305433034897 167.4181856438518 18.98102829605341 0.7274225428700447 7.231639362871647 5.751692086458206 0.1286972463130951 7.856405280530453 2.409436881542206 5.96179087460041 0 0 0 1.482654735445976 0 105.3212112858891 17.28135776519775
1490.134167954326 625.9329837635159 166.9062054157257 741.8560958355665 0.6231907606124878 290.6120578795671 377.8320749700069 4.794892802834511 0.5338876843452454 2268.225082293153 3.159631133079529 588.8295444101095 450.6984122246504 15.94142499566078 0 0.1170339807868004 0.1344935595989227 0 0 0 0 0 0 0 0 0 0 0 0 0 136.9311091899872 0 4.775068342685699 0 0 0 15.25213140249252 0 0 0 0 0 0 0 0 0.1507442891597748 3.226232185959816 0.3209079802036285 0 0.3272707760334015 0 0 0 0 0.6057100594043732 1.748375996947289 13.45507150143385 73.22769583761692 9.14922322332859 4.963087670505047 0 0 0 7.957643866539001 1.006205767393112 0.4224954470992088 0.1980114579200745 0.1156074553728104 0 0 5.268676824867725 0 0 16.81445321440697 15.45580952614546 5.874287106096745 3.126745507121086 0 0 1.631532222032547 0.110972598195076 0.2017311826348305 0.6905839890241623 0.1100218221545219 0.3094885498285294 0.4775391072034836 0.1278577744960785 0.09207293391227722 0.203475646674633 0 0.08694807440042496 0 0 0 0 10.1839062422514 0.1445403695106506 0 0 193.405862107873 0 3.021651029586792 0.5648412108421326 0.2600429728627205 0 1.06606450676918 2.808116734027863 0.7551185563206673 1.512522451579571 8.045526720583439 0 1.437974520027637 1.272186271846294 2.193811945617199 1.04951123893261 0.1364364176988602 0 0 0 0 0 0 0 0 0 0 0 0 0 0 0 0 0 0 0 0 0 0 0 1.262721203267574 0 0.3492444455623627 0.1392858773469925 0.2711312472820282 0 0 0.2627595067024231 0 0 0 0 0 0 0 0 0 0 0 0 0 0 0 0 0.1594694554805756 0 0 0 0.4907117187976837 0 0 0 0 0 0 0 0 3.86308827996254 0 0 0 0 0.4931848049163818 0 0.9193242564797401 0 1.701561689376831 0 0 0 0 0 0 0 0 0 0 0 5.36181453615427 1.025649376213551 0.4859695881605148 13.8979919180274 0.5368003696203232 34.76620221138 2.398946076631546 175.268776640296 4.711342051625252 0.1527765393257141 0.7291893362998962 1.205876111984253 0 0.5823227167129517 0.3352023959159851 7.412799090147018 0 0 0 0 0 88.81281946599483 8.807157948613167
5.781104296445847 401.5464504659176 74.45470310747623 0.6231907606124878 72.07467368245125 3.737491011619568 607.3033577948809 77.77883285284042 702.3693444728851 114.2563942670822 265.1327984184027 8.264619499444962 170.0746848136187 974.2008594423532 2.424985289573669 0.9748300537467003 0.2515407502651215 0.1108047142624855 0 0 0 0 0 0 0.262775607407093 0 0 0 0 0 13.80348456650972 8.728718847036362 10.97275646775961 0 0 0.5656996220350266 11.16617067158222 0.4268789887428284 1.755057692527771 0.1372924894094467 0 0 0 0.08542770892381668 0 0 5.830274268984795 0.3456867560744286 0 0.09766178578138351 0 0 0 0 0.2576154991984367 1.048501580953598 2.129852212965488 6.311629839241505 2.974916636943817 3.18392026424408 0.2136912271380424 0.5899840891361237 0 5.264823406934738 0.459845170378685 0.26909139752388 0.1936980858445168 0.3727024123072624 0 0 7.524615116417408 0.4445664286613464 0 7.376517944037914 10.18296857923269 7.28663108497858 9.480763472616673 0.3007263019680977 0.3351386412978172 1.98283926397562 0.1294369101524353 1.661067582666874 0.2171075493097305 0 0 0.3672650754451752 0.09761233627796173 0 0.5319743677973747 0 0 0 0 0 0 15.03230682015419 0.585489496588707 0 1.849681168794632 3.065824776887894 0 0 0.3668349534273148 0 0 1.432809852063656 0.1147075593471527 0.1395636945962906 0.20131516456604 1.868079140782356 0 1.171638004481792 1.028153009712696 0.9810964539647102 2.027141481637955 0 0 0 0 0 0 0 0 0 0.1738212704658508 0 0 0 0 0 0 0 0 0 0 0 0 0 0 0.5424007251858711 0.1763803511857986 0.3563565462827682 0 0 0 0 0 0 0 0 0 0 0 0 0 0 0 0 0 0 0 0.123045414686203 0.2027065455913544 0 0 0 1.37514191865921 0 0 0 0 0 0 0 0 0 1.912864379584789 0 0 0 0 0.483325183391571 1.927118077874184 1.061854384839535 0.4104264080524445 0.124426856637001 0 0 0 0 0 0 0 0 0 0 0 2.503016859292984 0.6077227145433426 0.3957389295101166 23.67158672958612 0.3054434880614281 39.77364935725927 1.438614010810852 14.65026721358299 2.715563654899597 0 1.268708996474743 0.4597306177020073 0 0.317472442984581 0.2389871031045914 0 0 0 0.2469484955072403 0.7609355300664902 0 13.11175961047411 3.582527726888657
123.2673524692655 135.4946828782558 79.75776196271181 290.6120578795671 3.737491011619568 3.31635645031929 40.15603421628475 12.91600860655308 5.459472686052322 347.0928886830807 4.229504153132439 37.06320688128471 52.66367873549461 4.64438171684742 0.5702099278569221 0.2111799418926239 0 0 0 0 0 0 0 0 0 0 0 0 0 0 83.76950523257256 1.770896196365356 26.19017445296049 0 0 0 29.6990035995841 0.5488229393959045 7.609645888209343 0 0 0 0 0.1678478568792343 0 0 0.820138044655323 0 0 0 0.1563546508550644 0.5081061124801636 1.322057291865349 0 0 0.4725652933120728 39.32914827018976 23.96834163367748 1.187619529664516 0.5366455763578415 0.2636459767818451 5.0572559684515 0 0.1549079567193985 0.3434632495045662 0.1018544659018517 0 0 0 0 195.6011240333319 48.78154069185257 5.809674553573132 1.175363704562187 1.424629844725132 0.0925993025302887 0.7407010942697525 0 0.16818568110466 4.768537521362305 0 2.444361105561256 0 0 0 0.4119576588273048 0.2005908042192459 0.6408394053578377 0.7145322114229202 1.065321207046509 0.5861814916133881 0.8901173397898674 0 0.1486249715089798 0 338.4481883645058 255.8918650895357 11.31423464417458 61.40302293002605 770.5482383668423 0 26.1035048365593 6.2107173204422 6.346333563327789 0.7319117560982704 11.95202749222517 33.89813220500946 9.3913803845644 20.0185074582696 66.76789479702711 0 25.68015769124031 16.34443581849337 19.42031954228878 14.59508371353149 0.4195069670677185 0 0 0 0 0 0 0 0 0 0 0 0 0 0 0 0 0 0 0.751200944185257 0.8105655908584595 0 0.6473960280418396 0 12.57098612934351 0.1347376704216003 3.520747512578964 0.6233308240771294 0.1184346377849579 0 0 0 0 0 0 0 0 0.4735117256641388 0 0 0 0 0 0 0 0 0.1244328841567039 1.034420371055603 1.787266820669174 0.1345008611679077 1.837286949157715 5.332619793713093 1.319273889064789 0 0 0 0 0 0 0 0 24.56177590787411 0.3438055068254471 0 0 0 1.990981504321098 4.596980601549149 10.04219106584787 0.1476532518863678 1.333762347698212 0 0.1151445209980011 0 0 0 0 0 0 0 0 0 45.99211217463017 3.128945782780647 4.686501689255238 40.42546208947897 1.266102269291878 3.507098078727722 0.1393983960151672 302.0377433672547 1.965223759412766 0 0.4529791325330734 0.5664943605661392 0 3.282649658620358 2.591952353715897 36.79887096583843 0 0 0 0 0 243.0559831261635 74.26040702313185
337.0933884233236 2653.612420149148 137.9165097475052 377.8320749700069 607.3033577948809 40.15603421628475 303.6612304598093 169.2423638403416 486.2866249680519 1797.678457863629 353.396475225687 670.9104413464665 2224.123863883317 752.8252137303352 11.66882267594337 5.840847112238407 2.543588638305664 0.3806391134858131 0 0.232680507004261 0 0 0.2471903786063194 0.3268435746431351 0.8598293513059616 0 0.1227196082472801 0 0 0 104.2022620290518 36.81704080104828 122.0130944773555 0.09527088701725006 0.1145452484488487 1.842867583036423 303.6062873452902 5.920995220541954 9.619314268231392 0.6661040708422661 0.4500364810228348 0.07366479188203812 0.3274061381816864 0.7161204665899277 0.1197732836008072 0.2559628039598465 45.34759240597486 2.934410966932774 2.109227195382118 0.3350637331604958 0.1942889764904976 0.4310436248779297 0 0 2.634357795119286 8.15691814571619 32.41056856513023 111.8638539463282 32.68085949122906 32.20044527947903 0.8685847148299217 4.71603762358427 0.2041347399353981 46.72096060216427 3.019508622586727 2.76981233805418 1.442052781581879 1.147093094885349 0.1966865807771683 0.1072971597313881 130.0446614027023 2.531424015760422 0.09517177939414978 77.0911313444376 81.59251838177443 65.85942953079939 67.96943783760071 1.776924803853035 1.078679010272026 21.10370476543903 0.9593272283673286 9.85072535276413 6.05256025493145 0.1827710196375847 2.160732865333557 4.246453829109669 1.253521978855133 0.1784063428640366 2.552436389029026 0.09826469421386719 0.6244234219193459 0.4026401415467262 0.112014465034008 0.4333314672112465 0.1457363069057465 165.6173600330949 4.732848785817623 0 6.045188009738922 66.7947004288435 0.3384443521499634 2.409071832895279 2.842011190950871 1.008503384888172 0.8174171522259712 6.996301636099815 5.587779276072979 1.592970684170723 6.123734898865223 17.35363247990608 0.4122502505779266 17.19738510251045 12.14720036834478 9.695300042629242 15.83698526024818 0.3498131632804871 0 0 0.1060573682188988 0 0 0 0 0 0 0 0 0 0 0 0.1323024779558182 0 0.643929198384285 0 1.5636290833354 0.1394708305597305 0 0.3867406994104385 0 10.415198341012 0.7039468660950661 4.666661858558655 1.979156404733658 0.1624078452587128 0 0 0 0.1406273394823074 0 0 0 0 0.4579431638121605 0 0 0 0 0 0 0 0 0.6907646954059601 1.07895914465189 0.744654156267643 0.2740935683250427 4.886878751218319 9.555601350963116 1.33052884042263 0 0 0.1055199652910233 0 0 0 0.1145083010196686 0 21.78078251332045 0 0 0 0 1.877472512423992 1.858420133590698 11.88638364523649 0.2786506414413452 2.208698213100433 0.288437232375145 0.2714226543903351 0.6900257468223572 0 0 0 0 0 0 0 0 24.17480105161667 7.690016277134418 6.749146282672882 156.0231130868196 6.842339865863323 298.7289404273033 15.44727240502834 133.97183406353 42.62984145432711 1.492561332881451 19.49758671969175 5.550005540251732 0.6595297455787659 6.489092208445072 2.807361118495464 6.637733906507492 0.5954227447509766 0 0 2.573041424155235 0 173.0338069647551 25.43880248814821
287.1641652882099 1192.887343592942 2430.422786451876 4.794892802834511 77.77883285284042 12.91600860655308 169.2423638403416 1842.298932150006 573.2208718582988 75.24665076285601 1560.915806159377 44.85968703776598 567.6218318790197 1523.798634514213 24.48900343477726 16.04316741228104 8.152438372373581 1.542687021195889 0.08271997421979904 0.9390981867909431 2.224824838340282 0.948851689696312 3.355523400008678 3.551596537232399 5.281775668263435 1.632258743047714 0.6625921949744225 1.050392553210258 0.2225703597068787 0.3057482019066811 1315.638508357108 2418.249978810549 961.2695656865835 0.4459205865859985 5.966951832175255 27.75568720698357 469.3117155879736 40.86185599118471 46.53680688887835 4.138854123651981 5.151517227292061 1.321591772139072 1.532588884234428 2.91059597581625 0.09089428186416626 1.962168253958225 61.36084157973528 3.557955496013165 4.232496291399002 4.413384385406971 0.4561945870518684 3.759531117975712 1.268997497856617 1.538470201194286 4.487645551562309 9.170333817601204 30.06549979746342 192.218977317214 32.82452979683876 36.19059652835131 17.10031757503748 153.5725506320596 5.601165771484375 226.8166553229094 3.988930396735668 3.66891211271286 2.661928668618202 1.543205007910728 1.442671358585358 1.852222226560116 162.5956547856331 4.795904248952866 0.1096569299697876 82.1755585744977 171.8963329568505 88.44874580949545 129.1963441446424 13.82705119252205 1427.070307783782 1597.326477870345 11.75706880539656 1637.351546123624 6.040126800537109 0.9451985657215118 2.314950659871101 5.623392887413502 2.980077296495438 0.7663068026304245 3.678495571017265 0.285562664270401 1.78639280050993 0.732549324631691 2.790298342704773 1.502230681478977 1.847647793591022 24.49558472633362 12.80472491681576 0.7763122096657753 38.11088540405035 124.5428129956126 0.2736067473888397 0.8022063374519348 0.9302234351634979 0.3534080311655998 0 2.628875620663166 2.556263841688633 1.125608824193478 4.233674757182598 6.514757312834263 0 6.603478237986565 2.197269089519978 5.503121294081211 7.220327742397785 0.7042985782027245 0 0.09746250510215759 0 0 0 0 0 0 0 0.5254109874367714 0 0.2388028800487518 0 0 0 0 0.2002980262041092 0 0.6132161840796471 0.2537153959274292 0 1.983879059553146 0 7.044585466384888 2.151984520256519 3.695630103349686 2.013174973428249 0.4635765999555588 0 0 0 0 0 0 0 0 0.3911472633481026 0 0 0 0.2544117495417595 0 0 0 0 0.2871778234839439 0.9397545531392097 0.1198264583945274 0.2637707591056824 2.273883521556854 5.240989558398724 0.1022338718175888 0 0.1104885190725327 0.09406090527772903 0 0 0 0 0 13.89994595944881 0 0 0 0.09174720942974091 1.344362609088421 1.970644369721413 7.438805513083935 0.1028227508068085 1.102012068033218 0.111953467130661 0.7529068887233734 1.498904146254063 0.2010468617081642 0 0 0 0.1051266714930534 0 0 0 7.382534757256508 5.549429640173912 6.046019166707993 176.6702289059758 12.94859232753515 329.5011969283223 29.28714019060135 80.76041255891323 34.78224448114634 1.727244414389133 27.04816851019859 4.603769399225712 0.3448708951473236 7.043246328830719 2.079718172550201 3.888340033590794 0.1199056580662727 0 1.166624322533607 3.938420452177525 0 58.86418714374304 10.35683228075504
13.1920864880085 1087.390228241682 205.1600383892655 0.5338876843452454 702.3693444728851 5.459472686052322 486.2866249680519 573.2208718582988 346.8859710097313 139.4601063728333 1052.582972027361 26.75755879282951 635.9690767675638 1069.921505026519 5.723603159189224 1.88807774335146 0.5994568690657616 0.2071933597326279 0.4359801635146141 0 0 0 0.2495158091187477 0.08652482926845551 0.5444269925355911 0 0.08910562098026276 0 0 0 26.59852726012468 15.91257779300213 47.89883957803249 0 0.3170754164457321 1.204875566065311 63.52752766013145 0.877205416560173 3.351709589362144 0.1026734188199043 0.2357753217220306 0 0 0.3890281543135643 0 0.09359389543533325 10.4240765273571 0.7264675348997116 0.1327667832374573 0.08654116094112396 0 0 0.1258957087993622 0 1.117283344268799 1.512012667953968 5.832052327692509 12.12110765278339 5.687257617712021 6.502965405583382 0.188565157353878 1.720588512718678 0.08885636180639267 10.52309154719114 1.294241651892662 0.3435812592506409 0.3639546185731888 0.08934836834669113 0.2993771806359291 0 18.68898278474808 0 0 14.46034897863865 16.5709872841835 16.74692065268755 17.85789378732443 0.7484890669584274 0.6883371844887733 19.03406310081482 0 4.541646711528301 0.9802086502313614 0.07903590053319931 0.282148651778698 0.94192885607481 0.2776633650064468 0.1615178138017654 0.4782781675457954 0 0.1821053400635719 0.08966293185949326 0 0 0 18.91111053526402 1.325069531798363 0 1.769758731126785 5.099599428474903 0 0.1529146581888199 0.8309734538197517 0 0.1930519193410873 1.450687028467655 1.713608928024769 0.5212075486779213 1.088005430996418 4.677240572869778 0 3.556925885379314 1.740274041891098 3.445896655321121 2.435011215507984 0.6102412194013596 0 0 0 0 0 0 0 0.0944734662771225 0 0.3865372836589813 0 0 0 0 0 0 0 0 0.1168187633156776 0.1522087454795837 0 0.1450303047895432 0 1.925543665885925 0.3758732378482819 2.839192882180214 0.3203374147415161 0 0 0 0 0 0 0 0 0 0 0 0 0 0 0 0 0 0 0 0 0 0 0.7829291447997093 1.489461645483971 0 0 0 0 0 0 0 0 0 6.677426107227802 0 0 0 0 1.336432382464409 1.839961469173431 2.663316331803799 0.1779355108737946 0 0.09101030975580215 0 0 0 0 0 0 0 0.108921229839325 0 0 4.149646788835526 2.479528211057186 2.675106056034565 51.64548514783382 3.414985634386539 80.94590808451176 6.422367177903652 28.04379809647799 10.60434885323048 0.5673079490661621 4.845047369599342 3.221103921532631 0 1.718836523592472 0.1495128870010376 1.112406276166439 0 0 0.1420460790395737 0 0 37.43941431492567 5.593440167605877
709.3473210930824 1816.639760367572 216.3866868838668 2268.225082293153 114.2563942670822 347.0928886830807 1797.678457863629 75.24665076285601 139.4601063728333 1521.192090168595 75.34795173257589 1766.18745084852 3880.613399773836 102.2736139148474 3.869765035808086 1.36901717633009 2.78564216196537 0 0 0 0.1560598313808441 0 0 0 0 0 0 0.121291771531105 0 0 191.8719872683287 11.58334268629551 114.4333705082536 0 0.3341757953166962 0 240.4635271653533 1.026189908385277 5.302181825041771 0.4833382666110992 0.3838135004043579 0 0 0.275085486471653 0 0 24.07654087245464 1.289967343211174 1.05579000711441 0 0.1027117893099785 1.781933277845383 0 0 5.829329319298267 5.603989958763123 18.66068640351295 99.06272019445896 21.60463377088308 16.99816899746656 0.08521664142608643 13.65479060262442 0 36.42258171737194 1.372478410601616 1.412745140492916 1.721060059964657 0.09686921536922455 0 0.1211413070559502 308.6916641592979 16.28997407853603 0.5327935218811035 40.00681428611279 48.40898711234331 30.82126339524984 31.49790677428246 2.271362230181694 0.4830149561166763 12.0420294329524 0.4434858858585358 11.39821786433458 1.24085708707571 0.7123440355062485 0.9708551317453384 2.345185995101929 0.1111385300755501 0.2439290955662727 0.8556209281086922 0.3335465490818024 0.3244177028536797 0.3029200285673141 0 0.101154163479805 0 223.6817156970501 134.4820229634643 0.7055146247148514 24.11709880828857 344.5745689421892 3.669778428971767 26.23062561452389 10.67106408625841 4.810653544962406 2.771632358431816 21.93255803734064 29.7010405138135 16.62297639250755 30.29120346158743 98.90448196977377 1.141791000962257 55.31046126037836 26.78146705031395 46.85124950110912 52.37670791149139 1.448309548199177 0 0 0 0 0.2741696536540985 0 0 0.1302803158760071 0 0 0 0 0 0 0 0 0 0 2.454984791576862 2.122454762458801 0 2.565021216869354 0 38.01321718841791 6.860243126749992 14.18740920722485 2.413545094430447 0 0 0.3029344975948334 0.14011350274086 0.2596628665924072 0 0.9291666448116302 0 0.5827361792325974 1.902384459972382 0 0.1535060405731201 0.1199817582964897 0.4363687038421631 0 0 0 0.1833403259515762 0.9567640721797943 9.248856514692307 0.2604746893048286 1.979997858405113 10.4305507466197 31.49458396434784 15.03147073090076 0.1319516450166702 0.2681164443492889 0 0.1049759015440941 0 0 0 0 67.91870201379061 0.08433183282613754 0 0 0 7.958207786083221 20.24235711991787 50.73670098185539 1.210789747536182 7.719624556601048 3.226344279944897 1.760317876935005 0.631987564265728 0.09922370314598083 0 0 0 0.1112055256962776 0 0 0 70.13328140974045 25.24432600289583 33.36958855390549 146.3679942116141 8.702969610691071 184.8669554591179 9.240203157067299 756.8284745439887 27.92551966011524 1.803965106606483 12.64340126514435 16.35026154667139 0.6013872995972633 18.71418195217848 7.530649214982986 37.36129489541054 1.872324079275131 0 3.79664371907711 2.472238481044769 0 956.2357746660709 127.1125645041466
69.42115646600723 1312.910349875689 1143.590158477426 3.159631133079529 265.1327984184027 4.229504153132439 353.396475225687 1560.915806159377 1052.582972027361 75.34795173257589 752.2664555385709 46.78748158365488 1057.590932734311 2034.594255462289 5.685629293322563 5.676910884678364 2.011508591473103 0 0 0 0.5079327076673508 0.1308792233467102 0.08609015494585037 0.5378713384270668 0.7743574604392052 0.2112287655472755 0.1257814168930054 0.1179303079843521 0 0 163.050511687994 75.38604773581028 873.8978624716401 0 0.3933431208133698 2.745648436248302 362.5409921109676 10.71777553111315 14.41343705356121 0.7983137592673302 0.4545886963605881 0.08559627830982208 0.2100137323141098 0.4217370077967644 0 0.1788782328367233 16.2706381380558 0.8372925445437431 0.386890597641468 0.195835180580616 0.172712430357933 0.4512826800346375 0.1734872311353683 0.1173385754227638 0.3890823125839233 1.898752868175507 4.973660692572594 21.87281850725412 6.898303337395191 11.51590567082167 0.3307623863220215 13.05353987962008 0.6554555967450142 14.50578878819942 1.229567185044289 0.2734389901161194 0.687579870223999 0.2045181095600128 0 0.1043073832988739 88.66414809972048 0.2740784734487534 0 12.12497917562723 21.56829265505075 23.4234544634819 28.06539794802666 1.8617163002491 17.96650622785091 579.9921090900898 0.2724807113409042 151.6764989122748 1.504560597240925 0.2603250965476036 0.3654164895415306 0.7878655642271042 0.244720958173275 0.2535059154033661 0.9040814340114594 0 0.08202219009399414 0 0.2201051339507103 0.3405602499842644 0.08959037065505981 15.67482607066631 3.126965880393982 0.109519898891449 9.377476431429386 14.78406122326851 0 0.5402660667896271 0.5677506253123283 0.373285323381424 0 1.973278045654297 0.516187347471714 1.403516314923763 1.10782390832901 5.386793948709965 0.1072084233164787 3.96810257434845 1.616393975913525 2.524241581559181 4.103714995086193 0.1089765280485153 0 0 0 0 0 0 0 0 0 0 0 0 0 0 0 0 0.146803617477417 0 0.7109251096844673 0.1487534046173096 0 0.4819933474063873 0 4.517187923192978 1.211833216249943 1.980824790894985 0.2585017830133438 0 0 0 0.1125310212373734 1.105602264404297 0 0 0 0 0 0 0 0 0.2077325582504272 0 0 0 0 0.4420548677444458 0.7315428107976913 0 0.2052498757839203 0.974982887506485 4.040977954864502 0.9242921620607376 0 0 0 0 0 0 0 0 6.034118428826332 0 0 0 0 0.2188904136419296 0.6845135167241096 1.954937122762203 0.8508017957210541 0.6465344130992889 0.181672178208828 0 0.09745143353939056 0 0 0 0 0 0 0 0 5.260278776288033 3.873586967587471 3.44811125099659 63.38163521140814 3.371525809168816 103.2509069740772 8.838611267507076 22.33502636104822 9.730114936828613 0.1543743759393692 9.995558388531208 0.8535770773887634 0 2.885267153382301 0.376925528049469 1.684507265686989 0.2181804329156876 0 0 1.6596689671278 0 28.45269895344973 8.347301505506039
97.20795126259327 433.3607191890478 14.5726528391242 588.8295444101095 8.264619499444962 37.06320688128471 670.9104413464665 44.85968703776598 26.75755879282951 1766.18745084852 46.78748158365488 28.57127715647221 785.4544495418668 56.4638150036335 5.078904666006565 1.353798970580101 0.8263923898339272 0 0 0 0 0.9385396242141724 0 0.2985672652721405 0.5836793631315231 0.2769173681735992 0 0 0 0 12.35383981466293 4.931811057031155 59.99391158670187 0 0 1.597615040838718 374.1319798752666 6.443095996975899 28.24487765133381 0.5976733416318893 0.4309002384543419 0.1156902462244034 0.1301608383655548 0 0 0 10.89522455632687 0.3855182006955147 0.3180290758609772 0.1285949200391769 0 0.3907075896859169 0 0.5342392325401306 0.51783786714077 0.8097675964236259 4.896085970103741 11.12016107141972 4.364161610603333 5.525113046169281 0.1592667996883392 2.366560153663158 0.1527835130691528 8.17590406537056 0.08697597682476044 0.250373974442482 0.4429825842380524 0 0 0.2203207835555077 233.6893749460578 2.177532613277435 0 7.317401796579361 8.341852977871895 10.71062548458576 9.727035582065582 0.9321769997477531 0.3290664106607437 11.08977116644382 0.08133837580680847 3.001007832586765 1.233967013657093 0 0 0.6449056714773178 0 0 0.1404416561126709 0.07895280420780182 0 0 0.103742927312851 0.086243636906147 0 177.4816755950451 27.19606895744801 0.2535098493099213 43.46883057057858 14.73592765629292 0.09882070124149323 3.677130602300167 3.366076342761517 2.869881309568882 0.6513490304350853 6.904407404363155 7.763374350965023 2.369503438472748 9.96294528990984 25.63838455826044 0.2600107863545418 21.8713341653347 9.679113991558552 13.85046207904816 15.42591824382544 0.1998046040534973 0 0 0 0 0 0 0 0 0 0 0 0 0 0 0 0 0 0 1.212406679987907 0.2674697935581207 0 0.2131718993186951 0 13.25085109472275 1.490138962864876 3.740437492728233 1.897276028990746 0.243628978729248 0.3512440621852875 0 0 0.1546329408884048 0 0.1261221915483475 0 0 0.5889475494623184 0 0.4768726825714111 0 0 0 0 0 0 0.5847680270671844 1.779892228543758 1.37327865511179 1.408655285835266 3.15076544880867 10.46095088124275 3.609337143599987 0 0 0 0 0 0.2029355242848396 0 0 24.3658691868186 0.462328240275383 0 0 0 4.132350437343121 2.707243241369724 11.54891873151064 1.408002801239491 1.141387484967709 0.8624753057956696 1.009288862347603 1.986460268497467 0 0 0 0 0 0 0.3336997628211975 0 21.4908247962594 7.895874798297882 9.227214120328426 47.18429923057556 1.651238262653351 60.6676276922226 4.729156360030174 80.8594675809145 6.916339822113514 0.1694323718547821 8.874005801975727 4.799517601728439 0 6.125574141740799 1.112024322152138 5.853998303413391 0.8075582385063171 0 1.538290143013 1.669542461633682 0 203.4611399173737 36.48793163895607
107.8810980767012 1319.938818268478 103.8843090608716 450.6984122246504 170.0746848136187 52.66367873549461 2224.123863883317 567.6218318790197 635.9690767675638 3880.613399773836 1057.590932734311 785.4544495418668 2442.25862544775 3185.148463517427 12.49779409915209 8.950880445539951 5.091915294528008 0.09862063825130463 0.1224324777722359 0.1420681923627853 0.1070096790790558 0.4857467412948608 0 0.3487882018089294 1.539044700562954 0.9949911534786224 0.09308542311191559 0.3706923052668571 0.3003668263554573 0.2041290998458862 49.81112408638 45.31391308456659 316.2907365635037 0.4077955782413483 0.7166009247303009 5.416162736713886 787.0548472627997 14.60614381730556 35.60364606976509 2.247392766177654 1.084825664758682 0.4818363860249519 0.1962860077619553 0.5695948228240013 0.2028931602835655 0.8795097097754478 39.13233339041471 1.673952758312225 2.526794478297234 1.170893169939518 0 1.048381946980953 0.7072406411170959 0.6422005370259285 2.343182407319546 3.536270931363106 14.16985608637333 36.26359085738659 14.59784351289272 21.67571889609098 0.5417788103222847 12.6217579767108 0.8104724660515785 24.84155724942684 1.248166806995869 1.1959108710289 1.028731815516949 0.190283939242363 0.08460766077041626 0.526457279920578 418.6745049580932 4.796405859291553 0.2255071699619293 36.47643489390612 47.37514082342386 46.487399302423 52.462665989995 1.836190029978752 3.471054844558239 107.9368080571294 0.6430730447173119 16.08680146187544 1.902817919850349 0.08847048133611679 0.886877030134201 2.1075199842453 0.3683984503149986 0.7669223248958588 1.595129981637001 0 0.7692436650395393 0.251937635242939 0.3124750927090645 0.588322713971138 0 966.102429382503 8.084756083786488 0 18.18876215070486 28.86766469478607 0.3748665228486061 8.4950115904212 4.217150792479515 2.919981494545937 1.524198465049267 12.87015531212091 10.60678655654192 6.066553927958012 20.31814327090979 45.7727278098464 0.7192875668406487 37.0692108348012 19.30745278298855 29.02888208627701 33.85444305837154 0.478754349052906 0.08474630862474442 0.1134915128350258 0.7415676116943359 0.6124709993600845 0 0.5705142021179199 0 0 0 0.168652355670929 0 0 0 0 0.1438701003789902 0.1034733727574348 0.4516196697950363 0 2.689293593168259 0.3009859323501587 0.1627784669399261 0.7419270426034927 0.1475450098514557 26.21489226073027 4.155043624341488 9.199574463069439 2.928778648376465 0 0.1637665927410126 0 0.3432953208684921 1.645971685647964 0 0.1296737045049667 0.102696381509304 0.9859103932976723 1.354376122355461 0.1320163458585739 0.08889474719762802 0 0.1547048091888428 0 0 0 0 1.478225290775299 2.956792496144772 1.022256538271904 0.1399640440940857 2.677485145628452 19.5814376398921 4.983341738581657 0.1884070038795471 0 0 0 0 0 0 0 52.14208383113146 0.1865008994936943 0 0.1041079610586166 0 4.292255468666553 7.122186452150345 26.2325364947319 0.1660500019788742 8.138343125581741 3.065615475177765 1.074766114354134 1.675054796040058 0.1145885437726974 0 0 0 0.2127002999186516 0 0 0 45.95961960405111 16.42205903679132 18.87152057141066 173.4961867183447 10.5866989120841 256.4136023297906 20.3477476388216 140.7976500019431 34.94604883342981 0.7509766221046448 24.46111430972815 13.35494432598352 0.1258154511451721 13.40251872688532 4.687733262777328 12.16499811410904 1.920341432094574 0 3.190282993018627 4.332332402467728 0.1104312166571617 338.3856530487537 64.50811870396137
31.46078933775425 1447.453687205911 1069.88649508357 15.94142499566078 974.2008594423532 4.64438171684742 752.8252137303352 1523.798634514213 1069.921505026519 102.2736139148474 2034.594255462289 56.4638150036335 3185.148463517427 1780.514635615051 5.085611023008823 3.769552566111088 2.038275092840195 0.1273283809423447 0.2687991783022881 0 0.4106103330850601 0.3231913149356842 0.7275744006037712 0 0.7034222260117531 0.4848335534334183 0 0.2785711213946342 0 0 61.74580598622561 35.69706249982119 893.9063661471009 0 0.9432535842061043 6.749317660927773 2669.294195309281 8.138369850814342 28.7821954190731 0.7004464045166969 0.6414871215820312 0.215485192835331 0.1069438830018044 0.2298544570803642 0.09463658183813095 0.08239279687404633 13.95802666246891 0.07967193424701691 1.053012728691101 0.3436199352145195 0 0.7068452313542366 0.2734910398721695 0.2678046226501465 1.15336874127388 2.277465298771858 5.054343923926353 21.32781376689672 6.102169223129749 9.691682748496532 0.6116245537996292 78.2753828689456 0.1098506301641464 11.62145725637674 0.7597884759306908 0.3071926161646843 0.6031554415822029 0 0.2116923928260803 0 291.168916143477 0.4890010878443718 0.104142040014267 16.46436526626348 23.59436342865229 20.02144832909107 25.04091423004866 1.293108597397804 10.03773934394121 873.7250179946423 0.4895982816815376 335.572953902185 1.607478685677052 0.1875257045030594 0.5223471820354462 1.001493409276009 0.4085687398910522 0.1022122874855995 0.7819491997361183 0.2893199399113655 0.2104658037424088 0 0 0 0.3056553602218628 25.26001173257828 3.050972282886505 0 9.345661543309689 7.135840520262718 0 0.4833698868751526 0.3777641281485558 0.518880158662796 0 1.605246402323246 1.339594021439552 0.704528845846653 1.921240590512753 7.110900335013866 0.2247304245829582 3.338832713663578 1.982067175209522 4.389144994318485 4.424146272242069 0.1195557117462158 0 0 0 0 0 0 0 0 0 0 0 0 0 0 0 0 0 0 0.2952535971999168 0.2461409419775009 0 0.1378314197063446 0 2.783063761889935 0.3012826293706894 0.1135140508413315 0.6141512170433998 0 0 0 0.09948047995567322 0 0 0 0 0.1206459775567055 0.2020383328199387 0 0 0 0 0 0 0 0 0 0 0 0 0 2.809557855129242 0 0 0 0 0 0 0 0 0 4.823180094361305 0.2659392356872559 0 0 0 0.912361204624176 0.9408870339393616 2.803708970546722 0.6667009443044662 0 0 0 0.1889772713184357 0 0 0 0 0 0 0 0 3.527353256940842 1.965645119547844 3.515489086508751 63.43392167985439 3.159088008105755 96.79891711473465 8.951052889227867 34.59157913178205 11.5562186986208 0.2026064693927765 9.041535951197147 2.12962818145752 0 1.570630475878716 0 0.3648662492632866 0 0.4945761859416962 0 1.126916006207466 0 31.80689484626055 5.909131743013859
