235.973604246974 2445.205133266747 240.2535426467657 2713.547327905893 93.35329522937536 69.96347962319851 213.3893735557795 33.72841604799032 19.40518200397491 1265.827840678394 55.2254556491971 11.89389311522245 23.04621486365795 64.82701321691275 1.945009224116802 2.432308666408062 0.1965824440121651 0 0 0 0.3353777229785919 0 0 0 1.077399790287018 0 0 0.1167429387569427 0 0 464.4021896496415 4.286432303488255 37.46574707329273 0 0 0 5.354941636323929 1.448144376277924 1.544048748910427 0.09999430179595947 0.1145862266421318 0 0.101494587957859 0.7039056345820427 0 0.118821382522583 8.337556883692741 0.7372224703431129 0.3313703984022141 0.1229610443115234 0.08858821541070938 0.315268874168396 0 0.1142714321613312 2.629906639456749 1.603221252560616 41.71118672937155 658.2926217466593 40.97649178653955 6.514052696526051 1.883023843169212 2.894410066306591 0 14.76010684669018 0.9569785743951797 0.4327590465545654 0.4489477276802063 0 0 0 9.321012042462826 1.08121707290411 0 164.6478774175048 76.58278541266918 7.471374876797199 1.432581298053265 0.8153377026319504 14.43785586953163 82.79262590408325 4.316474735736847 20.48012471944094 7.427965804934502 0 0.347554013133049 0.830005906522274 0 0.1246901601552963 0.09289128333330154 0 0.1623150110244751 0 0.3128744959831238 0.1379939615726471 0.4802924171090126 163.539619512856 8.635946430265903 1.373753786087036 4.613376915454865 486.0305270776153 3.704056739807129 9.100367218255997 25.84331004321575 25.11341415345669 12.30465619266033 22.77466832101345 15.82238963246346 16.68102158606052 44.01851712912321 41.52210043370724 5.2536401450634 31.91228681057692 31.33866354078054 4.805720210075378 6.04610350728035 0 0 0 0 0 0 0 0 0 0 1.289546728134155 0 0.2320166602730751 0 0 0.1118186935782433 0.1022432073950768 0 0 0.5960325598716736 0.517980545759201 0 0 0.7390163540840149 0.2381464913487434 0 5.005452707409859 1.524014741182327 0.1339518278837204 0 0 0 0 0 2.0679771900177 0 0 0 0 0 0 0 0 0 0 0 0 0.3615492284297943 0 0 0 7.104979611933231 0 0 0 0 0 0 0 0 0 1.168357498943806 2.541149854660034 0 0 0 17.72644907236099 0 5.879848882555962 0.8829436600208282 2.097695976495743 0 0.0887749046087265 0 0 0 0 0 0 0 0 0 2.53241166472435 0.8297330513596535 2.248695075511932 74.49536218494177 3.415967799723148 41.24882301688194 15.24482724815607 423.9914645180106 0.8955332934856415 1.157476983964443 1.642101503908634 25.4040861427784 0 1.042089715600014 0.4368574693799019 103.0856534540653 0 2.528649315237999 0 0.4859188199043274 0 124.8413924276829 92.18645530939102
2445.205133266747 4688.713252775371 1126.315158754587 1008.026382878423 1887.205207929015 238.5637411177158 2864.063830904663 321.3328638076782 388.7492807731032 2672.216343797743 1165.724775835872 64.46941994130611 462.3051392734051 1336.572346493602 8.837014377117157 10.67344938218594 4.883531481027603 0.3467884734272957 0.2117689549922943 0.2062511220574379 0.1131275072693825 0 0 0 1.007743835449219 0.6174681410193443 1.382127270102501 0.6372509673237801 0.3072000741958618 0.8612241074442863 2073.077277749777 46.15468955039978 234.1693422943354 0 0.1404971033334732 0.09700100868940353 19.36541269719601 4.806614257395267 3.135417804121971 0.5275984257459641 0 0.2050859108567238 0.08706580847501755 4.078268721699715 0.4937271401286125 1.219114720821381 106.0622673481703 7.589203037321568 1.974669478833675 0.08656656742095947 0.8984997868537903 0.2615198642015457 0.1076531633734703 0.1781685352325439 12.40223725140095 12.0363086014986 53.39975874125957 530.3027447536588 98.84002827107906 70.74255821853876 8.910611562430859 15.15577920526266 0 189.446769759059 11.4754081517458 5.814953833818436 4.573831215500832 1.674077704548836 0.9043594896793365 0.3298264816403389 18.81512074917555 0.4735277146100998 0 481.2815054431558 322.366252630949 152.1346076875925 38.30325108766556 6.845149792730808 77.77421227842569 694.1317946687341 17.74586373567581 76.93448267877102 55.22054053097963 0.7113468796014786 4.0495770201087 5.007598280906677 1.02652446180582 0 1.546018369495869 0.3020417988300323 1.314553961157799 0.09977743029594421 0.3857076540589333 0.7507313340902328 0.6473820731043816 37.07234741747379 3.246382094919682 0 6.570467464625835 608.4613600671291 1.351770862936974 3.643186494708061 43.87010463327169 42.27866844832897 12.74413840472698 39.91679323464632 18.02581551671028 23.91520799696445 78.65938401967287 46.65071308612823 7.043402306735516 44.03652877360582 40.40117944777012 16.39261575043201 7.600323401391506 0 0 0 0 0 0 0 0 0 0 0 0 0 0 0 0 0 0.1311400532722473 0 1.052008725702763 8.095156170427799 0 0.2707171961665154 0.6762084364891052 0.2636732086539268 2.212343856692314 9.557187080383301 1.260864943265915 0.9104132428765297 0 0 0 0 0.1576890051364899 0.5229666233062744 0 0 0 0 0 0 0 0.1286425739526749 0 0.9889742136001587 0 0.8249405026435852 0.8889285996556282 0 0.9313550293445587 0.6685653477907181 14.55546142905951 0 0 0 0.1181889921426773 0 0 0 0 0.1085734516382217 6.157473482191563 0.5458275377750397 0.1894251257181168 0 0.08631952106952667 29.13708516210318 6.913543187081814 19.98162803798914 0.4459795951843262 1.938399314880371 0.1200581714510918 0.1051083207130432 0 0 0.09120811522006989 0.2177905887365341 0 0.1866540610790253 0 0 0 5.186478957533836 3.406422801315784 6.876691602170467 278.3372592553496 17.53031454980373 280.9396095350385 61.13285823911428 866.6728316694498 4.089715756475925 4.824892528355122 27.6728540956974 22.93283280730247 0.5433328375220299 2.552048943936825 1.753293566405773 135.4557774364948 0 0.6849222183227539 0.5326467156410217 4.514098659157753 0.4565730690956116 519.4931647479534 171.5339811816812
240.2535426467657 1126.315158754587 986.4975093975663 1.269214905798435 448.0512541159987 1.744599565863609 17.79636324197054 2391.937825411558 52.66419414430857 2.164587885141373 839.6414271965623 10.2070973739028 31.41524810343981 290.2706729471684 16.87918700277805 22.4480227008462 0.9234734922647476 0 0.131690576672554 0.1115603223443031 0.2167689204216003 0 0.1143777891993523 0 3.447789035737514 0.2785101532936096 0.5988970175385475 0.1079150810837746 0.4903372526168823 0.1023242548108101 4387.129697844386 839.4447866678238 415.1427015662193 0 0.09956289827823639 0.8598699942231178 22.31061392277479 13.47923748195171 8.774894297122955 2.598046816885471 0.2535078749060631 0.4534213021397591 0.09981030225753784 4.078000381588936 0.1956076920032501 1.439088858664036 30.13973330706358 1.495429657399654 0.1160299479961395 0.2708652913570404 0.2821708396077156 0.2842480391263962 0 0.2786415815353394 1.167554780840874 1.08366571366787 9.365849293768406 226.8781223222613 18.22142779827118 11.23233658075333 55.75549152493477 74.05513835698366 0.3105795606970787 217.3338720574975 1.320685237646103 0.8815848678350449 0.8913230746984482 0.1693266704678535 0.9271888956427574 0.2760319113731384 25.00260216742754 2.912375539541245 0.1222945004701614 87.74219232052565 76.19373629242182 37.0162315517664 14.29700247198343 13.57401202619076 1131.405396007001 1483.907425418496 82.96954605728388 805.051392711699 6.273682795464993 0.09702687710523605 0.1958974972367287 0.766566701233387 0.1223005503416061 0 0.08987042307853699 0 0 0.1962586790323257 1.006295241415501 0.4460074007511139 0.725453607738018 32.45824939012527 11.21700906008482 0 12.43579854816198 88.76694352179766 2.132701337337494 0.3331776261329651 4.522697396576405 0.2127321362495422 8.714629054069519 13.35263428092003 2.710355490446091 9.173240557312965 7.420345887541771 6.799896031618118 7.288488119840622 17.65235781669617 14.19627826660872 8.948228470981121 13.90975215286016 0.2288589924573898 0 0 0 0 0 0.1148104146122932 0 0 0 0.1131772696971893 0 1.680963568389416 0 0 0.1147998869419098 0 0 0 1.257394678890705 6.600591130554676 0 0.1839887499809265 0.2087172865867615 2.740468077361584 5.175561971962452 19.07622117549181 4.460431464016438 1.482081018388271 0 0 0 0 0 1.052652359008789 0.1724625080823898 0 0 0 0 0 0 0.1356928646564484 0 0 0 0 0 0 0.4834150522947311 0 27.8240235671401 0.5163517594337463 0 0 0 0 0 0 0 0.1086327731609344 5.818872824311256 2.605929419398308 0 0 0.2282049357891083 51.35035462677479 7.734157018363476 38.26991465687752 1.391090080142021 0.3314192593097687 0.1135399639606476 0 0 0 0 0.1044498234987259 0 0 0 0 0 4.879828959703445 7.787744499742985 19.98358516395092 65.37824876606464 1.294349372386932 54.55152239650488 22.94763784855604 10.93287270516157 1.150828428566456 0.2344507351517677 13.23078070580959 5.709444120526314 0.1945867389440536 2.685523070394993 1.766713812947273 6.960315138101578 0 0.109856441617012 0 3.636178836226463 0.3213252425193787 32.60871487110853 27.17088847607374
2713.547327905893 1008.026382878423 1.269214905798435 954.3206428438425 8.151244521141052 192.8493831306696 182.1802358329296 0.3004413768649101 7.001735188066959 2037.833032354712 1.352350115776062 255.2050736546516 464.1121709495783 26.58414500951767 0 0.2654519304633141 0.1002406477928162 0 0 0 0 0 0 0 0 0.104707770049572 0 0 0 0 424.4503521472216 0.9153306409716606 3.782123476266861 0 0 0 1.845919974148273 0 0.2135910987854004 0 0.9589515328407288 0 0.2042960152029991 0.4929620325565338 0.08002623170614243 0.1957953125238419 8.879676781594753 1.050730653107166 0.1284691840410233 0 0.2119607478380203 0 0 0 1.663098484277725 2.460354760289192 24.33850714564323 304.2443855777383 35.6078214943409 9.746389277279377 0.2214028835296631 0 0 14.52219271659851 1.286594204604626 0.9828247204422951 0.3971911296248436 0.1030379384756088 0.4191906973719597 0 0.7686735913157463 0.2918946743011475 0 162.3040769100189 89.69314703345299 11.53934601694345 1.430383659899235 1.151362456381321 0.3854507952928543 0.1984623372554779 0.4531468972563744 0.6515622362494469 9.341394655406475 0 0.462533250451088 0.5643676593899727 0.08993401378393173 0 0.2151792943477631 0 0.5747107043862343 0 0.08916553854942322 0 0.08793735504150391 22.98412249237299 0.4882538318634033 0.1495261341333389 0.7559388801455498 312.3865269050002 1.670249179005623 1.526428326964378 14.99596951901913 16.17546780407429 4.050830967724323 16.76791664958 6.394061744213104 5.323308154940605 40.59443833678961 21.06917387247086 0.904472291469574 75.23182770609856 66.91473357379436 84.56313638389111 4.087294593453407 0 0 0 0 0 0 0 0 0 0 0 0 0 0 0 0 0 0 0.1048526540398598 0 2.685174122452736 0 0 0 0.2310773581266403 0 0.2395892143249512 0.3191297352313995 1.065714150667191 0 0 0 0 0 0.1478408575057983 0 0 0 0 0.8568762540817261 0 0 0 0 0 0.1076952219009399 0.3337660431861877 0 0 0 0 0.1653899848461151 0 0 0 0 0 0 0 0 0 2.530869178473949 0 0 0 0 2.723821386694908 0 1.231029003858566 0.3041227161884308 0.7595357894897461 0 0 0 0 0 0 0 0 0 0 0 3.953184768557549 0.2327044382691383 0.8159005269408226 25.62585424631834 3.506643079221249 31.15339912474155 11.66883880645037 185.6100982576609 0.5133555755019188 0.9020626172423363 0.7726666256785393 6.596673727035522 0.1074867323040962 0.115608923137188 0.5987835228443146 38.45220477879047 0 0.1045993193984032 0 0.3496040031313896 0 326.1605464220047 83.88519605994225
93.35329522937536 1887.205207929015 448.0512541159987 8.151244521141052 1585.005225077271 2.154546201229095 2907.629434093833 581.2985433116555 2931.822757102549 238.837401740253 2896.146663829684 40.27791603654623 701.9466847851872 1632.267532363534 6.094923317432404 2.36645320802927 1.867297433316708 0.3102751970291138 0.3891497701406479 0.3618413731455803 0 0 0 0.09104060381650925 0.118435837328434 0 0.485017903149128 0.1738564074039459 0 0 171.307844363153 62.69619757682085 87.86493285000324 0 0 0.1146625056862831 7.191348716616631 1.233215227723122 0.2345176935195923 0.1288754642009735 0 0.09265604615211487 0.3132797330617905 0.507587768137455 0.2052723914384842 0.5025388896465302 77.35546665638685 2.42770579457283 0.8607198745012283 0 0.2937205508351326 0 0 0.1143695563077927 5.206815898418427 3.340278752148151 7.968122735619545 38.67504791170359 21.88500129431486 32.66299584507942 1.967516608536243 1.832159548997879 0 62.25686238706112 3.779972344636917 2.137567080557346 1.935358315706253 0.6558216214179993 0.1942882165312767 0 11.95148378610611 0 0 94.04440820217133 75.73255595564842 79.72766197472811 24.69654605537653 3.12306422740221 20.45737098902464 467.6668685302138 2.100531205534935 13.39452261477709 19.54749810695648 0 0.7731288149952888 1.394452728331089 0.6884081587195396 0.1053079143166542 0.8127943798899651 0.08728545159101486 0.3054090365767479 0.101023331284523 0.3939468786120415 0.2194017022848129 0.312618613243103 35.94108275324106 0.1288442760705948 0 0.8011696562170982 9.28846538066864 0.1592096537351608 1.463393926620483 4.087834537029266 2.405930534005165 10.21930319070816 12.67896132171154 0.5097714811563492 11.20704610645771 15.04757797718048 7.408742055296898 3.506994530558586 26.60294355452061 21.68185703456402 9.420345276594162 4.758230209350586 0 0 0 0 0 0 0 0 0 0 0 0 0 0 0 0 0 0 0 0 2.174886077642441 0 0 0.4561971127986908 2.181401640176773 1.033735647797585 4.441977947950363 2.01364304125309 0.1835882514715195 0 0 0 0 0 0 0 0 0 0 0 0 0 0 0 0 0.1708529144525528 0 0 0 0.9001616835594177 0.2456016093492508 7.760706976056099 0 0 0 0 0 0 0 0 0 4.671956941485405 2.777299001812935 0 0 0 25.08437065780163 0.1847513318061829 7.671619012951851 0 0.2618820369243622 0 0 0.08943755179643631 0 0 0 0 0 0 0 0 8.040795400738716 1.806665182113647 5.158420830965042 150.4067058861256 4.166405521333218 168.176788777113 27.77624125033617 15.20974316447973 5.987910702824593 1.158838167786598 20.42954961955547 4.934973701834679 0.1162232905626297 2.637183330953121 0.8917266875505447 9.133617103099823 0 0 0.1939014345407486 4.10881806910038 0 68.76920875161886 34.28846165537834
69.96347962319851 238.5637411177158 1.744599565863609 192.8493831306696 2.154546201229095 1.506763383746147 31.27518685162067 1.36156702041626 5.853290498256683 231.1219421178102 3.190358430147171 31.46657390892506 46.17660231888294 10.11808736622334 0.1300951838493347 0.4522130191326141 0 0 0 0 0 2.16507263481617 0 0 0 0 0 0 0.2015116810798645 0 40.65333569049835 0 22.61672273278236 0 0 0 27.79833745956421 0.6377872079610825 2.489456042647362 0 0 0 0 0.2626544237136841 0.1626601219177246 0.2576980590820312 0.978185661137104 0 0 0 0.5361951142549515 4.993267178535461 2.892207130789757 0.8479466885328293 0 0.2955268248915672 33.91791015863419 14.10034944862127 1.970389559864998 0 0.8616544306278229 0.963942751288414 0 0.6484322547912598 0 0.2680455222725868 0.1145054548978806 0 0 0 128.5807011723518 52.1897674202919 4.888938806951046 4.786964699625969 3.061383605003357 1.258066393435001 0 0 0 1.73803973197937 0 0.5724595189094543 0 0.3660310506820679 0 1.374779559671879 0 3.21871068328619 3.757764562964439 5.616984233260155 2.400201193988323 2.926066488027573 0.3530714809894562 0.09011927992105484 0.7437657713890076 235.47658598423 370.9759027063847 35.22700120508671 95.86509381234646 343.7352699935436 0 0 0.4594447612762451 0.2535764575004578 0 0.6019754409790039 0.3912953436374664 3.270807966589928 3.476324841380119 0 0 0.880414605140686 0.4305348545312881 0.1432943046092987 0 0 0 0 0 0 0 0 0 0 0 0.114910788834095 0 0 0 0.1132842153310776 0 0 0.1440567523241043 0.2401578798890114 0 0.6546072959899902 0 0 0 0.1124415323138237 0.1287108212709427 0 0 0 0 0 0 0 0 0 0 0 0 0 0 0 0 0 0.08842568099498749 0 0 0 0 0 0 0 0 0 0 0 0 0 0 0 0 0 0 0.4736191034317017 0 0 0 0 0 0.1422366499900818 0 0 0 0 0 0 0 0 0 0 0 0.1053842380642891 0 0 0.1318158656358719 0 2.909860149025917 0.1940735876560211 1.378953024744987 1.260820366442204 168.1231854110956 0 0 0.2940254509449005 0 0.1174525171518326 0 0 0 0 0 0 0.5407341122627258 0 21.63824433088303 4.479637831449509
213.3893735557795 2864.063830904663 17.79636324197054 182.1802358329296 2907.629434093833 31.27518685162067 709.4171347022057 40.75694017112255 1860.332175657153 2485.873170807958 582.5764562115073 375.7461573258042 2992.151990011334 1975.529721558094 10.79154001921415 5.896301351487637 3.894707106053829 0.5463628098368645 0 0.9143867865204811 0.1010682582855225 0 0 0 0.2297099456191063 0.3535577356815338 0.53129942715168 0.581610232591629 0 0.1149804964661598 461.6139663532376 19.27898128330708 67.99542424827814 0 0 0 21.12319803237915 0.6726792454719543 1.56889495998621 0.3448360562324524 0.1976141408085823 0.4398396089673042 0.3917510882019997 1.032562300562859 0.7533629462122917 1.252211160957813 124.5910881608725 8.132420800626278 1.465929925441742 0.3082554936408997 0.6370942518115044 0 0 0.1110486686229706 11.14952370524406 10.4002453237772 27.4735097438097 190.0481641069055 60.17390507459641 67.89692508429289 2.184622742235661 2.737083442509174 0.1543256938457489 136.8354783579707 8.295092448592186 5.441387876868248 4.197265483438969 0.9360438510775566 0.1986269950866699 0.5861029922962189 32.44629538804293 0.2864593863487244 0 298.5374793857336 198.7425253465772 172.4057172685862 39.64116925001144 8.697540111839771 3.570980168879032 54.11136162281036 5.308728113770485 7.090421855449677 48.60638209432364 0.4333555549383163 3.12713073939085 3.090505421161652 0.5405657887458801 0.249959759414196 0.7805132865905762 0.1022977828979492 0.9187291339039803 0.6102282777428627 1.052926488220692 0.7243207097053528 0.4909664765000343 163.1184558793902 1.769507057964802 0 4.331404149532318 51.38262528926134 0.282602921128273 0.3009809106588364 20.46626087278128 13.92435042560101 25.83401021361351 56.09406508505344 9.124084144830704 28.20671406388283 85.56429240852594 38.24589049071074 15.6941856071353 81.65036976337433 72.40028421580791 30.78566372394562 26.03412058949471 0 0.2536357641220093 0 0 0 0 0 0 0 0 0 0 0 0 0 0 0.2351548448204994 0 0 1.916713535785675 6.078075006604195 0 0.469692051410675 0 1.867173418402672 1.284802049398422 15.06335034221411 0.8270043730735779 0.6987402737140656 0 0 0 0 0 0 0 0 0 0 0 0 0.8223363757133484 0 0 0.3040550947189331 0 0 0.2682445049285889 0 1.135808259248734 0.6754106283187866 28.02368541806936 0 0 0 0 0 0 0 0 0.1023272573947906 15.94592109322548 6.089760780334473 0.1510686278343201 0 0.1245936378836632 66.47651538252831 3.500746637582779 23.43350695073605 0.6212362572550774 0.231833204627037 0 0 0.1011141911149025 0 0.2795280665159225 0 0 0 0 0.2200663313269615 0.09855236858129501 17.52548384666443 8.616689324378967 11.39008381962776 307.7287779673934 13.1913376301527 349.5623641908169 69.89349483698606 50.52373302727938 8.529535531997681 3.728759489953518 37.10702838748693 8.315111249685287 0 2.429827824234962 0.3470048382878304 53.70752827823162 0 0.1401618868112564 1.781612157821655 5.43624621629715 2.108928859233856 311.4938000962138 146.0630623027682
33.72841604799032 321.3328638076782 2391.937825411558 0.3004413768649101 581.2985433116555 1.36156702041626 40.75694017112255 1520.366396427155 382.8222884312272 4.618742436170578 1561.33214495331 12.73068191111088 161.5551629066467 537.114950850606 14.2628403827548 14.77581993490458 0.7964127659797668 0.3341544643044472 0 0.2327182963490486 0 0 0.1027818396687508 0 1.623323552310467 0.2305550798773766 0.2927539497613907 0.7576452046632767 1.118292331695557 0 309.1319589242339 449.9959234595299 335.0926892235875 0.09197806566953659 0.3002675473690033 1.094132229685783 13.57014459371567 8.095089942216873 6.381249465048313 1.74224254488945 0 0.85548035800457 0.5877220258116722 24.43331860005856 0.103388287127018 6.177499324083328 56.09112517535686 1.540584683418274 0 0 0.3657274767756462 0 0 0.153674378991127 1.813249692320824 1.864861540496349 3.664663225412369 28.34890722483397 7.108095899224281 16.26278451830149 66.33137559890747 44.26771368831396 0 74.77055347710848 2.295940987765789 0.6820840612053871 1.099461376667023 0.1872548311948776 0.9676770120859146 1.5473742634058 10.5668795183301 1.136852592229843 0 55.67798243463039 55.91276995837688 68.19985116273165 35.026342920959 249.6386848464608 1675.883719012141 1307.311280250549 232.1075268983841 711.6378685086966 6.18029997497797 0 0.6993093714118004 0.3525722175836563 0.5920640602707863 0 0.1158399283885956 0 0.1704424470663071 0 2.072255022823811 0.1189331412315369 0.1197514533996582 9.081675253808498 0.6119420304894447 0 9.217100232839584 8.930232658982277 0 0 3.404844135046005 0 0 0.9494174271821976 0 0.4678403437137604 1.497086599469185 0.7082297801971436 0.2700556665658951 1.189841061830521 1.448127612471581 1.455484926700592 0.5207387655973434 0 0 0 0 0 0 0 0 0 0 0 0 0 0 0 0 0.09537331759929657 0 0 0 0.1257167607545853 0 0 0.1024006456136703 0 0.1230118200182915 0.5600797235965729 0.1393492072820663 0.1516718715429306 0 0 0 0 0 0 0 0 0 0 0 0 0 0 0 0 0 0 0 0 0 0 1.751772567629814 0 0 0 0 0 0 0 0 0 2.293688580393791 0.8694127649068832 0 0 0.1770240664482117 4.701454102993011 0.4562867432832718 2.439754962921143 0 0 0 0.2268127948045731 0 0 0 0 0 0 0 0 0 0.313787579536438 0.8141154125332832 1.593847334384918 66.49645289778709 2.5164964646101 76.01754428446293 18.81844319403172 5.88589146733284 1.84814316034317 0.1400197595357895 12.8428712412715 0.1548371315002441 0.2625618875026703 0 0.09867677092552185 0 0 0 0 2.571404591202736 1.444375738501549 11.18391931056976 2.88893123716116
19.40518200397491 388.7492807731032 52.66419414430857 7.001735188066959 2931.822757102549 5.853290498256683 1860.332175657153 382.8222884312272 445.1938032880425 105.4761419445276 1089.443063735962 54.46754257380962 1228.515995979309 788.5324001684785 18.93594668805599 12.7596779987216 4.137659825384617 0.3944214209914207 0.1890896558761597 0.4017885103821754 0.3505624532699585 0 0.2270437628030777 0.2192100211977959 0.102108009159565 0.1890421211719513 0.3843722492456436 0.1783321052789688 0 0.1114422157406807 84.14757866412401 11.10618852823973 85.81401677429676 0.1037679761648178 0 0 17.95619620382786 0.4892800003290176 0.502235122025013 0.3368710204958916 0.3352080285549164 0.3841840475797653 0.2309197634458542 3.790515430271626 0.3005478903651237 1.349613405764103 147.4437933117151 5.052293337881565 0.9090405702590942 0.2994383275508881 0.8801054656505585 0 0 0.4419476762413979 6.916757963597775 6.296489097177982 13.37107025831938 31.66844346374273 27.55418580025434 50.36017582565546 1.030999816954136 7.421190068125725 0.1177964732050896 56.81932479143143 6.307558670639992 3.644132874906063 3.160981006920338 0.8046649247407913 0.2178624868392944 0.3012781366705894 32.37763320654631 0 0 116.516482450068 89.84411054849625 162.190023727715 43.343018271029 17.33139809221029 2.89685782045126 462.4553966075182 7.206095047295094 6.344098128378391 31.66649398207664 0.1123069301247597 2.318480119109154 1.92323849350214 1.06923320889473 0 0.742850124835968 0 0.7848719209432602 0 0.7015538364648819 0.4597046822309494 0.3983287885785103 99.08376890420914 3.706276006996632 0 2.893440678715706 6.81666848808527 2.245168440043926 0 26.40625613927841 6.222662642598152 22.11182011663914 56.76069705188274 3.812562465667725 26.79855355620384 52.46878649294376 17.62145410478115 12.71569994837046 84.91319727897644 51.11920619010925 29.89863663166761 23.83998013287783 0.1247983351349831 0 0 0 0 0 0 0.9130929112434387 0 0 0 0.3932242095470428 0.739178478717804 0 0 0 0 0 0 2.67293019592762 10.81671863794327 0 0.3077592551708221 0 2.536621183156967 0.8535181879997253 19.21685213595629 2.702459938824177 1.212337017059326 0 0 0 0 0 0 0 0 0.2855199798941612 0 0 0.3722432553768158 0 0 0 0 0 0 0.2365319430828094 0 0 0.4324968457221985 27.00275258719921 0 0 0 0 0 0 0 0 0 16.78393038362265 3.446523696184158 0.1484368592500687 0 0.1448738127946854 78.76550048589706 6.358309730887413 23.10671003162861 0.7047539949417114 0.1060279011726379 0 0 0 0 0 0.4425339698791504 0.1473018079996109 0 0 0 0 19.16145631670952 6.117753803730011 11.12843903154135 307.4200144037604 11.44742220640182 305.8793898820877 73.3618606030941 19.80777615308762 13.3033172339201 0.3526052236557007 56.44313334673643 3.660319730639458 0.09054120630025864 0.7603096291422844 0.3180306404829025 24.4337991476059 0 0 2.585385322570801 11.19728884100914 3.151707693934441 101.8684418052435 79.39806421101093
1265.827840678394 2672.216343797743 2.164587885141373 2037.833032354712 238.837401740253 231.1219421178102 2485.873170807958 4.618742436170578 105.4761419445276 2267.936279967427 56.10291436314583 2140.706353031099 6007.091694384813 377.666021682322 5.33776531368494 5.030949704349041 1.456432610750198 0 0 0 0 0.1465465873479843 0 0 0 0 0 0 0.2614258825778961 0 208.7315101101995 0.6308665722608566 235.2170179113746 0 0 0 192.3640688061714 1.043690130114555 2.108774557709694 0.2268726974725723 0 0 0.134500578045845 1.012277990579605 0.2287466675043106 0.3230062201619148 19.46928859502077 0.9741681888699532 0 0 0 0 0 0 1.819460391998291 1.357189610600471 18.72689513862133 157.6453059911728 18.92952075600624 10.15139569342136 1.493568882346153 4.952904522418976 0 20.10502235591412 1.93993815779686 0.5370390117168427 0.09481471031904221 0.2172959595918655 0 0.1259831637144089 382.0575834363699 0.3181986063718796 0 106.8658122420311 59.57738941162825 26.95292782783508 4.083933241665363 3.689445599913597 1.059805519878864 12.50154615193605 2.589976102113724 5.458937272429466 8.447218455374241 0 0.6480623409152031 0.9112430289387703 0 0 0.330959789454937 0.1000416353344917 0.09725324809551239 0 0 0 0 363.3078532516956 27.40688593685627 0.3618997633457184 69.72525699436665 239.0556530356407 2.587204664945602 1.824887938797474 52.84511625766754 28.81045582890511 39.14230228960514 107.3147742897272 36.31147146224976 56.59096363186836 180.5621769055724 97.86438962817192 13.45345205068588 153.5041126310825 131.6545337736607 61.33986739814281 24.86048310995102 0 0 0 0.1142013520002365 0 0 0 0 0 0 0.186480313539505 0 0.7180553525686264 0 0 0 0 0 0 0.8735646903514862 6.38729889690876 0 0 0 3.103930443525314 0.4766816347837448 13.24362848699093 1.77748416364193 1.333334811031818 0 0 0 0 0 0 0 0.1642967462539673 0 0 0 0.5444888174533844 0.1978618204593658 0 0 0.1076115369796753 0 0 0.9055215492844582 0 0 0.1503069996833801 19.60926804691553 0 0 0 0 0 0 0 0 0 20.0546798184514 10.22154146432877 0 0 0.09735159575939178 62.75455098599195 0 13.44284634292126 0.4488706812262535 0.3768582940101624 0.0946996659040451 0 0 0 0.1159311234951019 0 0 0 0 0 0 30.16887822747231 5.393821150064468 8.362015023827553 56.33485401421785 2.173257663846016 56.14417599141598 15.32173921912909 209.1628061160445 1.998767107725143 0.1119124665856361 5.362684518098831 13.15116119384766 0.1338220834732056 2.037638671696186 0.6174471005797386 121.6052293181419 0 0.118321381509304 0 1.315015383064747 0.2585934996604919 1122.100100487471 508.3190740793943
55.2254556491971 1165.724775835872 839.6414271965623 1.352350115776062 2896.146663829684 3.190358430147171 582.5764562115073 1561.33214495331 1089.443063735962 56.10291436314583 2158.576133102179 62.03481563925743 1904.514831803739 2739.027615942061 21.24329293519258 18.95871859788895 2.856665089726448 0.4070492461323738 0.2680126056075096 0.1230066791176796 0 0 0 0.07901439815759659 0.9908513054251671 0.4233336299657822 0.2269608527421951 0.1399239152669907 0.3038043230772018 0.362241119146347 91.92926213890314 58.7828336134553 309.6486173048615 0.07408053427934647 0 0 44.83151426166296 5.127335824072361 4.626780055463314 0.9450836256146431 0 0.2944243103265762 0.3730418607592583 5.925760604441166 0.4952283129096031 1.048501141369343 95.28939506411552 2.38568440079689 0.2019524574279785 0.2298066467046738 0.3999757245182991 0.1396440267562866 0 0.3616506457328796 2.939351998269558 3.492272563278675 7.437615811824799 23.06365144252777 10.28977413475513 26.55478905141354 10.80140896141529 9.246454864740372 0 47.23130456358194 2.430817842483521 1.61539863795042 1.386815100908279 0.7532567828893661 0.2337039858102798 0.3559632077813148 38.00601688027382 0.5917901545763016 0 71.3401512503624 48.68800608068705 99.63518315553665 33.19828794896603 21.60795177519321 119.7927168980241 2956.202606000006 35.17240515351295 70.2017772719264 12.69437833875418 0 0.6416560113430023 0.781091071665287 0.08144383132457733 0.08132661134004593 0.1809790059924126 0.08100487291812897 0.08312272280454636 0.08664907515048981 0.1912321969866753 0.4253049865365028 0.613397017121315 57.85344962030649 5.589324347674847 0 7.414901711046696 7.645630836486816 2.376160651445389 0 8.483186058700085 2.214898854494095 12.61338766664267 32.83643563836813 1.139476835727692 18.05403904616833 26.10185440629721 18.26294620335102 5.893294215202332 46.9078231304884 32.71577462553978 20.18614147603512 18.89044765383005 0 0 0 0 0 0 0 0.5552659332752228 0 0 0 0 0 0 0 0 0 0 0 1.96652764081955 3.510108798742294 0 0 0 2.023386977612972 3.480800181627274 13.3515817373991 1.75801682472229 0.3452054262161255 0 0 0 0 0 0 0 0.2280037999153137 0 0 0 0.1477082371711731 0 0 0 0 0 0.1275331825017929 0.09577642381191254 0 0 0 25.7918868586421 0 0 0 0 0 0 0 0 0 11.49541870504618 1.669279962778091 0 0 0 54.59383068978786 2.556431263685226 22.16648180782795 0 0.2971299290657043 0 0.1237225905060768 0 0 0 0 0 0 0 0 0 8.999683000147343 6.027623824775219 8.718425743281841 221.9614736661315 6.480554275214672 207.0162323638797 58.28548116236925 15.35577504336834 12.68531686812639 0.5036225914955139 42.1001555994153 6.346700251102448 0.2453827038407326 0.5416289642453194 0.4209052622318268 26.12427653372288 0 0 0.6040801405906677 8.59809872508049 1.248730689287186 51.03480076044798 30.29020331054926
11.89389311522245 64.46941994130611 10.2070973739028 255.2050736546516 40.27791603654623 31.46657390892506 375.7461573258042 12.73068191111088 54.46754257380962 2140.706353031099 62.03481563925743 93.10877504944801 750.3869353234768 183.829851359129 20.37836439907551 20.50744712352753 1.880189508199692 0 0.1274328231811523 0.2456297799944878 0 0 0 0 0 0.1641016900539398 0.1249206513166428 0.4913648366928101 0.7171176820993423 0 10.64865089952946 2.75076899677515 172.4827818870544 0 0.2312455251812935 0.7226169258356094 667.2530558407307 10.97210672497749 14.77101234346628 0.369429811835289 0 0 0 1.32205368578434 0.127056896686554 1.53730171173811 39.95246507972479 0.3891628086566925 0.1853344142436981 0 0 0 0.1424062699079514 0 0.4932178929448128 0.6811956688761711 1.286832138895988 2.518344707787037 2.452795907855034 5.033210277557373 8.673176936805248 16.77031891047955 0.1222117021679878 5.909419104456902 0.1813736334443092 0.3671272471547127 0.1043586954474449 0.2423593103885651 0 0 247.9433681592345 0.15019191801548 0 10.54442697018385 7.006700679659843 28.69842630624771 10.11796236038208 3.333834417164326 2.56882181763649 51.93715910613537 9.818042099475861 17.91688604652882 1.785922631621361 0 0.1294583231210709 0.414981797337532 0.08348099142313004 0 0 0 0.1933295875787735 0 0 0 0.4708068892359734 452.6347932294011 4.231684133410454 0 36.89602273702621 12.72538969665766 1.758009575307369 0.7699031233787537 12.23458417505026 9.978888466954231 18.5273120328784 50.66163657605648 12.37321646511555 23.80652216076851 50.44156827777624 29.77900229394436 8.438586004078388 67.2559936195612 60.22986855357885 26.74323512613773 20.45691936463118 0.153027355670929 0 0 0 0 0 0 0 0 0 0.1482612043619156 0 0 0 0 0 0 0.2788148075342178 0 1.039250887930393 3.592224642634392 0 0 0 1.62485770881176 0.5107643902301788 10.94237250089645 2.950369670987129 0.7273489758372307 0 0 0 0 0 0 0 0 0 0 0 0.2365656942129135 0.1174639835953712 0.2765932828187943 0 0 0 0 0.7067495360970497 0 0 0 12.79795010387897 0 0 0 0 0 0 0 0 0 13.40231168270111 5.9865912348032 0 0.3617351949214935 0.1213187277317047 39.02416946738958 0.8884155750274658 8.632293783128262 0.1353354156017303 0.133302628993988 0 0 0 0 0 0 0.1504236459732056 0 0 0 0.737331211566925 15.8356473967433 6.157510414719582 8.427174761891365 127.4001772105694 1.663198716938496 56.02775864303112 33.68230612576008 9.159786514937878 2.667224518954754 0 21.55991294980049 3.447825334966183 0 1.610730305314064 0.7561847791075706 18.79129287600517 0 0 0.3907990157604218 2.965006865561008 0.561342254281044 292.6693008393049 131.5360722243786
23.04621486365795 462.3051392734051 31.41524810343981 464.1121709495783 701.9466847851872 46.17660231888294 2992.151990011334 161.5551629066467 1228.515995979309 6007.091694384813 1904.514831803739 750.3869353234768 2166.136915415525 6521.830612540245 69.1070167645812 71.28071102499962 3.952538385987282 0.3238288685679436 0 0 0.1549435555934906 0.1550178825855255 0 0 0.9656204879283905 0.2611283957958221 0.5694829151034355 0.1088178157806396 0.1433219909667969 0 38.52387864887714 4.216424681246281 974.0250315517187 0.1391570568084717 0.5243103876709938 0.3522177040576935 788.1487007811666 15.86190839856863 13.85660745203495 0.9374330267310143 0.4097777009010315 0.1896787732839584 0 10.98622277379036 0.554633691906929 3.868376903235912 156.6567103043199 2.209036596119404 0.6423310339450836 0.2226037830114365 0.2681359648704529 0 0 0 3.37302952259779 2.654544994235039 8.209577523171902 18.62591920047998 12.1304932013154 32.26003222167492 25.63779371976852 22.28393626958132 0.4179102331399918 49.46914452314377 3.295317731797695 1.516460508108139 1.388516128063202 0.5150589495897293 0.7230146378278732 0.3788842856884003 298.7998377978802 0.1856275200843811 0 62.55789177119732 47.05855760723352 140.5376274287701 54.91024096310139 26.75146947056055 26.37673352658749 561.3808451369405 63.30824936181307 45.09418746829033 15.9033295661211 0 0.9688963070511818 1.013747483491898 0.7917077615857124 0 0.567124716937542 0 0.6919509619474411 0 0.5693047642707825 0.5060957968235016 0.3659188970923424 1329.776920974255 8.291727066040039 0 28.9502060636878 20.01762813329697 4.142068080604076 0.7125218361616135 44.58023449033499 21.72797130793333 59.34671697020531 119.4731436669827 12.7539464905858 70.38325746357441 208.0033450126648 55.45727559924126 27.5029323771596 203.2049730867147 217.5308086499572 92.81215767562389 61.39221078157425 0.1140361875295639 0 0 0 0 0 0 0 0.1147197559475899 0 0.625017523765564 0 1.095030307769775 0 0.1475760042667389 0 0.1529622822999954 0 0 4.954785399138927 20.91071877628565 0 0 0 8.056138373911381 2.940046466886997 44.75619710236788 7.119537942111492 1.958303406834602 0 0.1247347593307495 0 0 0 0 0 0.4040583372116089 0.2611393705010414 0 0 0.4859572872519493 0.128832146525383 0.9912148267030716 0.5249344259500504 0 0 0.962204597890377 3.152629844844341 0 0.7895496934652328 0.5570755451917648 65.91590479761362 0.1605474501848221 0 0 0 0 0 0 0 0.1393271684646606 47.38858233392239 16.95967096835375 0 0 0.2306583821773529 159.3310457319021 5.711442768573761 50.94094782322645 0.9678530842065811 1.853552989661694 0.4991481602191925 0 0.2735005170106888 0 0 0.1165655925869942 0 0.08887756615877151 0.1003060713410378 0.142688661813736 0.1306900978088379 59.66545367985964 19.10596939176321 32.24101950228214 379.0025215893984 6.149037033319473 245.5428969562054 89.56321378052235 25.22624045610428 9.818517796695232 0.2098516151309013 81.0310730189085 7.72671864181757 0.1887172609567642 3.590994656085968 1.217587128281593 44.88759429752827 0 0 1.491409786045551 16.19975989311934 3.608112037181854 397.5626760944724 279.7372895777225
64.82701321691275 1336.572346493602 290.2706729471684 26.58414500951767 1632.267532363534 10.11808736622334 1975.529721558094 537.114950850606 788.5324001684785 377.666021682322 2739.027615942061 183.829851359129 6521.830612540245 1572.073881924152 54.06468199193478 51.80012594163418 3.198334224522114 0.4194260314106941 0.09293617308139801 0.1144666746258736 0.8126209005713463 0 0.2458103373646736 0.1251696050167084 2.209977604448795 0.8877667188644409 0.2116174027323723 1.30464243888855 0.4028239995241165 0.1206798776984215 109.3661002144217 15.23662002384663 1176.234562784433 0 0.1128211170434952 0.860529936850071 1077.041604481637 48.94910281896591 24.14513160288334 2.026683963835239 0.161984458565712 0.7184927985072136 0.3291230127215385 9.967415407299995 0.4533785283565521 3.065287590026855 132.8017037436366 4.228028543293476 0.9391904100775719 0.4772863686084747 0.4642439112067223 0.5348579883575439 0 0.6027679145336151 3.319955863058567 3.652914591133595 6.89064984023571 28.60579064488411 18.75167142599821 28.56379065662622 21.50004986673594 47.6861262395978 0.1362750679254532 53.97247850894928 2.707206830382347 1.465114466845989 1.53252699226141 0.7905514612793922 0.4528174623847008 0.4727567061781883 278.071068637073 1.286508128046989 0 72.48258821666241 56.38548953831196 130.3589024543762 45.50982996076345 26.31225041300058 75.16762634366751 2087.300013616681 61.87796030193567 162.0202365666628 13.36765121668577 0.1847183406352997 1.623596668243408 1.470656119287014 0.3978520929813385 0 0.5934204682707787 0 0.3889360129833221 0.1859389245510101 0.1965651884675026 0.5718368142843246 1.409882970154285 184.6749259829521 6.781666457653046 0 43.35502032935619 12.91387522220612 1.844647914171219 0.4460460543632507 12.96882759034634 8.144711971282959 16.24779418110847 33.85711135715246 3.338649354875088 16.3339657112956 33.20454975217581 11.56076159328222 7.896939195692539 51.7953612357378 42.32964854687452 21.65396703779697 18.85789413750172 0 0 0 0 0 0 0 0 0.1568222045898438 0 0 0.112666629254818 0.1581395119428635 0 0 0 0 0 0 0.6097534894943237 6.102888785302639 0 0 0 3.111533813178539 0.9474215283989906 20.79184793680906 1.740104921162128 0.8390339538455009 0 0 0 0 0 0.3575583398342133 0 0 0.1852216571569443 0 0 0 0 0.0948701873421669 0.1096000969409943 0 0.1348741054534912 0.9050581753253937 0.4272314608097076 0 0.1322543770074844 0.3849723339080811 25.39875619858503 0 0 0 0 0 0 0 0.1076299175620079 0 15.85374634712934 9.563471168279648 0.1458990275859833 0.1695007085800171 0.3612365499138832 61.44792889803648 1.876045480370522 23.83360346406698 0 1.408609479665756 0.1305158138275146 0.4838564097881317 0 0 0 0 0 0 0 0 0 14.27849449217319 6.77110880613327 17.97454188019037 289.8686015456915 6.305597625672817 211.8428646102548 67.2296941652894 18.37616783380508 8.878794707357883 0.5591989234089851 61.82054866850376 5.339182466268539 0.1188313439488411 1.036608517169952 0.6972322911024094 17.64902702718973 0 0.09557148069143295 0.1594769507646561 11.06234130263329 2.162863329052925 99.01730751991272 72.26592987775803
