143.7653369158506 1238.253220491111 149.5145782232285 1370.763310804963 28.96779165416956 34.22421824932098 332.7463452666998 104.7178949043155 13.34196776151657 1325.540051952004 254.5779119282961 130.149269297719 190.7261676490307 256.0396957919002 6.43279430270195 3.064762517809868 0 0.1198772713541985 0 0 0.496954470872879 0 0 0 0 0.2408226877450943 0.1009943783283234 0.3346094489097595 0.1155304908752441 0 614.0269889608026 8.521720767021179 27.05531232059002 0 0 0 12.99215590953827 1.25230772793293 3.570009633898735 0 3.382227554917336 5.784263834357262 0.2625861167907715 0.5764864608645439 0.1199228838086128 0.3511589765548706 15.03742709010839 3.366421915590763 0.777540847659111 1.072817206382751 0.860105849802494 1.957434326410294 0 0.3121034801006317 7.700203619897366 9.882879227399826 142.8820469006896 428.0882140770555 90.76783712208271 13.23886720091105 0.3192868754267693 6.47804931551218 0 15.16474140435457 12.79630737006664 8.167225524783134 1.697284229099751 2.415845923125744 0.4662305414676666 2.993255063891411 34.07266041636467 0.6339249014854431 1.55585253238678 97.23282018303871 34.37705031782389 13.50878391414881 9.158935904502869 1.706395655870438 1.178547590970993 120.9125928655267 0.1150677725672722 4.660341054201126 23.36874919384718 0.5179380550980568 11.73746015131474 9.099095486104488 3.736904069781303 0.639542318880558 3.466624513268471 1.178435251116753 1.028744719922543 0.7927628234028816 12.08001965284348 2.868072703480721 1.784982994198799 224.4258890300989 38.08925846964121 2.864619627594948 10.53011351823807 1022.086737789214 0 0 0 24.03013379871845 0 2.757004827260971 0 1.13770304620266 0.9474681913852692 1.80729678273201 0 1.958828985691071 3.01836833357811 1.13952661305666 2.167058035731316 0 0 0 0 0 0 0 0 0 0 0 0 0 0 0 0 0.2057201862335205 0.1930912137031555 0.1581400036811829 0.2278472930192947 0 0 0 0 2.687939628958702 0 0.4367245733737946 1.007296979427338 0 0 0.115986168384552 0 0 0 0 0 0 0 0 0 0 0 0 0.2272679656744003 0 0 0 0 0 0 0 0 0 0 0 0.09683337807655334 0 0 0.1399976909160614 0 0.2233325690031052 1.742151044309139 0 0 0.3554292321205139 0.3950452506542206 0.1617178171873093 0 0 0 0 0 0 0 0 0.1081943213939667 0 0 0.2028642892837524 0 0.2096082717180252 0 0.4960751235485077 0 0.8417599722743034 116.4894107207656 2.287996672093868 112.2331216558814 14.84092698991299 551.3975698575377 6.510039977729321 0.7682969123125076 9.212781265377998 12.30405546724796 0.106718935072422 0 0 3.755732119083405 0 0 0 3.653569355607033 0 81.44716260582209 3.603746570646763
1238.253220491111 3382.354316823184 1344.17248763144 3366.681903034449 2877.886730574071 19.79654213786125 2342.082508705556 253.0210725441575 3967.343986146152 488.1956728100777 1558.767547823489 38.0649823397398 1074.47497125715 2886.619135677814 35.24707612395287 3.979974046349525 0.7426988333463669 0.3907861560583115 0 0.3714387714862823 1.404077686369419 0 0.3973175436258316 0.4032206535339355 0 0.9465821087360382 0.1586859077215195 0.6507295593619347 0.1599177122116089 0.227083683013916 2611.352820746601 41.96110234409571 46.45096932351589 0 0 0 17.37031272798777 0.4942510724067688 3.22989921271801 0 4.279504492878914 6.682012818753719 3.180965200066566 1.763593919575214 0.3253498673439026 0 150.0454187467694 17.79391703754663 3.083542004227638 4.122907124459743 4.932908564805984 0 0 0.4572052806615829 30.36376157402992 36.03316543251276 85.63076154142618 504.6962986811996 180.1137931346893 102.0904027298093 1.731799401342869 7.189394034445286 0.2635334134101868 111.9081316739321 55.19625997543335 34.04815782606602 6.818296812474728 10.27896973490715 3.778224565088749 3.983496658504009 18.50573943555355 0.1403211504220963 0 342.1607708111405 235.5800941884518 100.7809868082404 60.72165126353502 5.671897165477276 3.613268882036209 115.7412968575954 1.481895633041859 9.055202379822731 100.5839277878404 0.5766602903604507 49.3269911557436 35.61100851744413 14.77127750217915 0.1515357047319412 9.630418293178082 0.1411421298980713 3.925865270197392 0.6221744269132614 13.413549721241 5.899390488862991 1.65684686601162 35.43202881515026 4.004682511091232 0 0.7854050397872925 716.9866965860128 0 1.057697653770447 2.994614392518997 25.13220381736755 0 16.47674517333508 0.9091948270797729 7.564780965447426 9.51103001832962 5.579077020287514 2.687345921993256 13.38956400752068 21.63620312511921 22.47995989769697 9.587401956319809 0 0 0 0 0 0 0 0 0 0 0 0 0.3702704906463623 0 0 0 0.3873646482825279 0 0.4786835908889771 1.526734828948975 0.6113265752792358 0 0 0 7.621209919452667 0 1.819752931594849 2.496400207281113 1.552897572517395 0 0 0 0 0 0 0.1929152309894562 0 0.2404301911592484 0 0 0.3088988959789276 0 0 0 0.5944349765777588 0 0 0 0 0 2.796653270721436 1.634048253297806 0 0 0.2520321607589722 0 0.1258908808231354 0 0 0 0.4714965671300888 6.430208764970303 0.3819557130336761 0 0.3370394855737686 0.4430718123912811 4.92174057662487 0 0.4085216224193573 0 0 0 0 0 0.2304252535104752 0.09781733900308609 0 0.1419565379619598 0.6807160675525665 0.1623147279024124 0 0 6.801041975617409 3.799887046217918 2.336371079087257 271.7078289538622 9.261728174984455 959.8793212249875 65.64894603937864 625.5071679800749 40.26679390668869 2.792338639497757 50.36517184227705 38.52285405993462 0.3180518746376038 0.4425004720687866 0 14.99234086275101 0 0 0 99.6933873295784 0.1849039345979691 145.2016705870628 21.62301401793957
149.5145782232285 1344.17248763144 2283.267698824406 309.0176822692156 1047.040821820498 0 546.6916082948446 2544.199227102101 2895.45591430366 40.69196107983589 2511.853697992861 6.230237945914268 148.5834915712476 2007.329795718193 6.970729686319828 4.393545620143414 0.1718591898679733 0.2955932915210724 0 0.2973142266273499 6.744421631097794 0 0.5833566933870316 0 0.1932051926851273 3.937804594635963 0.2235290855169296 0.5622922405600548 0 0 3990.009366668761 59.5499400049448 26.57859712839127 0 0 0.1490409970283508 11.3648122176528 0.5946687161922455 0.6793608292937279 0 13.09523912519217 11.26890513300896 2.089870572090149 1.116523429751396 0 0 16.48315373808146 1.418989337980747 1.20349133014679 2.579406701028347 2.612852923572063 0 0 1.362564831972122 1.837151050567627 4.395970486104488 18.63314465433359 221.1549955606461 25.58842508494854 8.641275726258755 1.375563971698284 12.79868426173925 0.135450541973114 51.40475847572088 4.944869257509708 2.907681815326214 0.7275324016809464 2.954703614115715 4.569531477987766 23.46837227791548 3.597115278244019 0.1538988649845123 0.1472607553005219 45.53335079550743 36.96252158284187 13.74987700581551 7.653211027383804 1.54412405192852 22.79614736139774 798.8577620908618 0.5058865994215012 74.36914817988873 9.621817082166672 0 5.006601378321648 3.56018341332674 3.457890421152115 0 1.455606058239937 0 0.7625345960259438 0 55.43188586831093 8.609179399907589 0.927674800157547 2.244128197431564 1.441994026303291 0 0.3964651525020599 103.2519888803363 0.6338768005371094 0 0 1.685578301548958 0 1.594370454549789 0 0.4475858360528946 0.1556139141321182 0.4833626747131348 0.1412999480962753 1.292387768626213 2.774247288703918 1.69947624206543 0 0 0.1071377694606781 0 0 0 0 0 0 0 0 0 0 0 0 0 0 0 0 0 0 0 0 0 0 0.8930213451385498 0 1.591837331652641 0.8476588726043701 0.1222197785973549 0 0.1195393726229668 0.1472345143556595 0 0 0 0 0 0.1595489233732224 0 0.1176065877079964 0.4177341461181641 0 0.1504746675491333 0 0 0 0 0 0 0 0 0 0 0 0 0 0 0.2301886826753616 0 0.1117548048496246 0.132328987121582 1.379220098257065 0 0 0.4397981911897659 0.9563106000423431 0.4706384539604187 0 0.1585623025894165 0 0 0 0 0 0 0 0.1448552459478378 0 0 0.8077731728553772 0 0 1.612198308110237 0.7864306420087814 0.9356047213077545 37.99730059504509 5.215253613889217 89.36332932859659 8.849166549742222 29.71547763049603 2.223924987018108 0.2631662487983704 4.477569311857224 4.537043988704681 0 0.1848582327365875 0 1.347929954528809 0.7369595170021057 0 0 11.08579911291599 0 13.55162949860096 1.478626891970634
1370.763310804963 3366.681903034449 309.0176822692156 370.332775965333 146.5141822248697 196.645291686058 1746.021756261587 95.17310904711485 70.79347969591618 2160.300715506077 232.0588682293892 344.5603017657995 1741.12033188343 381.6427485644817 0.3610991686582565 0 0 0 0 0.1198114678263664 0.135181799530983 0 0 0 0 0 0 0 0.1000826582312584 0 95.35271288454533 1.113188408315182 1.40693199634552 0 0 0 3.622846633195877 0.4953571259975433 0.3631920665502548 0 0 0 0.6336261332035065 0 0.291540265083313 0 19.57167553901672 2.68592918664217 0 0.4469586610794067 1.056323952972889 0.1423681825399399 0 0.2821752429008484 10.03116229176521 11.3399915844202 50.67037618160248 178.7399447113276 69.40771359205246 16.63998051732779 0.2895518839359283 0.5243106409907341 0 15.64104156196117 16.91470538824797 8.044907718896866 1.546022452414036 1.845757387578487 0 0 6.665468096733093 0.6495392918586731 0 95.61289872229099 53.73122030496597 14.84251386672258 7.43273801356554 0.1493687778711319 0.2719794809818268 2.815310813486576 0.5778386369347572 1.250655330717564 33.01598686724901 0.4286009818315506 11.79133000969887 9.035430863499641 2.290360257029533 0 2.953929364681244 0.1343857496976852 1.544846996665001 0 0.5886154323816299 0.4213169738650322 0.26881143450737 73.64455752074718 10.01722967624664 0.2671688497066498 1.197702020406723 630.6186183542013 0 0.6447684764862061 3.583552479743958 98.81081260740757 0.2898471653461456 0.5318863242864609 0 1.029056489467621 9.573820501565933 1.66871964931488 0 4.053803287446499 8.178995817899704 0.9494325667619705 0 0 0 0 0 0 0 0 0 0 0 0 0 0 0 0 0 0 0 0 0 0 0 0 0 0.4168639928102493 0 0.3502307236194611 0.6993648260831833 0.6840761303901672 0 0 0 0 0 0 0 0 0 0 0 0 0 0 0 0 0 0 0 0 0 0 0 0 0 0 0 0 0 0 0 0 0 0.1881344467401505 0 0 0 0 0 0 0 0 0 0 0 0 0 0 0 0.1557125598192215 0 0 0 1.3682461977005 0.4979619085788727 0.2575073838233948 124.2543054446578 2.062401883304119 197.25213611871 8.77741177380085 711.0918808951974 5.866959735751152 1.032906293869019 1.112177073955536 20.00480338931084 0 0 0 9.505800366401672 0 0 0 4.681900352239609 0 77.92924444377422 2.793394416570663
28.96779165416956 2877.886730574071 1047.040821820498 146.5141822248697 4045.800426155329 7.44626696407795 2021.956032514572 169.8978031873703 6821.586587280035 35.52229239046574 806.6752564385533 12.76559576392174 353.9326340556145 1693.124174579978 17.37179085612297 2.011759601533413 0.2649436891078949 0.4081107303500175 0 0 0 0 0 0.2690688967704773 0.2537758052349091 0 0 0 0.1193905845284462 0.1331696510314941 140.5814364999533 27.90242552757263 10.29429027438164 0 0 0.2343024760484695 11.30054089426994 0.9117384254932404 1.032887816429138 0 0 0.5151313245296478 0.2498336136341095 0.1347772628068924 0.1871285140514374 0 49.15002948045731 1.939697027206421 0.1420273333787918 0.3817479610443115 1.007799878716469 0 0 0.2816582322120667 3.6935780569911 5.751215279102325 8.433197289705276 38.38321473449469 27.15066853910685 29.36081625521183 0.2472560182213783 3.323251292109489 0 21.31352699548006 9.685170516371727 5.993287622928619 1.212314859032631 2.202185086905956 0.4875802770256996 0.6045708805322647 20.8881097510457 1.629544347524643 0 67.31244230270386 55.80620110780001 50.40943580120802 21.82701553404331 2.018992647528648 0.2564012631773949 6.330544367432594 0.3984492048621178 1.03134797513485 15.32685492187738 0 9.837996833026409 5.05648585408926 1.214370377361774 0 2.669191047549248 0 0.8608067184686661 0.1490391194820404 1.134076587855816 0.1335782259702682 0 13.26933234930038 3.483632043004036 0 1.290470272302628 16.83064725995064 0 0.2255847305059433 0.4962925016880035 1.986384764313698 0.1462999731302261 9.571863904595375 0 7.367760419845581 10.27822116017342 5.113113209605217 0.3846266269683838 19.46727752685547 33.6122759282589 22.99463578313589 7.474545247852802 0 0 0 0 0 0 0 0 0 0 0 0 0.9362465739250183 0 0 0 0.6684455275535583 0 0 0.9340042471885681 0.4427216053009033 0 0 0 4.12331759929657 0.8084218502044678 4.271600186824799 2.981428682804108 1.722770139575005 0 0 0 0 0 0 0 0 0 0 0 0 0 0 0 0.4301627576351166 0 0 0 0 0 0 0.9381874203681946 0 0 0 0 0 0 0 0 0 10.90873561799526 0.5348543524742126 0 0 0 1.304274678230286 0 1.993399620056152 0 0 0.1210582405328751 0 0 0 0 0 0 0.2122047990560532 0 0 0 11.03703871369362 2.869086414575577 4.817939043045044 154.1282722651958 4.817984268069267 346.0656010881066 33.09779237955809 85.97620518505573 21.96384172141552 0.4026427268981934 24.7882012501359 45.81562258303165 0.6343758553266525 0.270476907491684 0 6.995997607707977 0 0.1259458065032959 0 59.60553641617298 0 38.93536999821663 20.30013039708138
34.22421824932098 19.79654213786125 0 196.645291686058 7.44626696407795 1.993163466453552 27.44073110818863 3.764977484941483 0.5268286466598511 342.3581167757511 0.17784583568573 188.3022696226835 123.0176233351231 48.77559579908848 0.17327681183815 0.2600159347057343 0 0 0 0 0 0.3857553452253342 0 0 0 0 0 0 0 0 5.834191337227821 0 3.061659321188927 0 0 0 7.381036341190338 0 6.546752795577049 0 0 0 0 0 0 0 0 0.4478400200605392 0 0 0.7766572833061218 40.0652582347393 0.5858378261327744 0.5776758193969727 0 2.524235583841801 65.61279428005219 4.057303726673126 2.120676852762699 0.8844183534383774 0 0.8558515459299088 0 0.1499202847480774 0.2336584776639938 0.3584931194782257 0 0 0.1309341192245483 0 105.8676532506943 134.246584020555 45.75965161621571 0.8038202375173569 0.2106102257966995 0 0 0 0 3.144558012485504 0 0.3557969182729721 1.152345955371857 6.457715898752213 0.4939500689506531 5.064716346561909 0.4366398006677628 16.69025982171297 11.5319384559989 32.11122976243496 6.897095493972301 14.69498346745968 0 1.880348965525627 8.28549300134182 485.3637695610523 531.9118266329169 60.06253238022327 47.87518604099751 297.889032676816 0 0 0.1767946481704712 2.647154092788696 0 2.385461658239365 0 1.138866722583771 3.280857115983963 1.428102269768715 0 2.279996812343597 5.032595135271549 2.937911413609982 0.2823391929268837 0 0 0 0 0 0 0 0 0.1289066225290298 0 0 0 0 0 0 0.1070502623915672 0.197698138654232 0.6019948199391365 0.2044821381568909 0 0 0 0 0 0.2980656921863556 0 0 0.2195428609848022 0.1076672151684761 0 0 0 0 0 0 0 0 0 0 0 0 0.1029563322663307 0 0 0 0 0 0 0 0 0 0 0 0 0 0 0 0 0.1059727892279625 0 0 0.9677996411919594 0.5524472594261169 0 0.1936900466680527 0.2639164179563522 0 0 0 0.3197738826274872 0 0 0 0 0 0.3012499362230301 0 0 0.5172331929206848 0.632801815867424 0.1544739454984665 0 0.1534901857376099 0.1213362216949463 0 20.77664314955473 0.9183441400527954 1.717281617224216 0 100.6220819056034 10.78620707988739 0 0 7.292289800941944 0 0 0.1169126257300377 10.88900500535965 0 0 0 0 0 50.71432238072157 1.200590372085571
332.7463452666998 2342.082508705556 546.6916082948446 1746.021756261587 2021.956032514572 27.44073110818863 1325.023983485997 39.07169307768345 6252.741405725479 1417.656685553491 309.967709697783 155.4582784771919 7990.429001532495 4718.843692354858 27.49252280592918 4.238351762294769 0.514001801609993 0.8387934565544128 1.035845823585987 0.2239893525838852 0.2616699039936066 0 0 0.08940578997135162 0 0 0 0.1339547783136368 0 0 182.3580715432763 32.59126356989145 37.72055694460869 0 0 0 32.40566336363554 3.014539867639542 4.381734266877174 0 0.4090585708618164 0.936929777264595 0.6742709055542946 0.9528157263994217 0 0.1199343726038933 104.1093026176095 9.212846234440804 2.07385915517807 0.9070853069424629 2.618894793093204 0 0 0 14.1956097856164 15.23194143921137 36.89727217704058 145.4979209303856 80.05482949316502 64.20260665565729 0.7278814911842346 6.313756540417671 0 40.821682959795 26.88101085275412 16.16950007528067 2.810484245419502 4.026104934513569 1.08097131550312 0.9178777784109116 58.37568393349648 0.4193617403507233 0.1542475074529648 157.8740208819509 119.9542428180575 91.23384790122509 42.19087710231543 3.726815700531006 2.018414817750454 17.29588937014341 1.531915493309498 4.961620800197124 52.14567804336548 0 21.20159664005041 13.67856775224209 5.484004721045494 0.2793158441781998 5.889080584049225 0.1497009843587875 2.259237870573997 0.384219616651535 1.84910374879837 1.023969352245331 0.7394685596227646 74.50470434129238 14.73622773587704 0 5.205222263932228 131.5723306462169 11.29307034611702 18.32574084401131 245.8092103302479 112.78024995327 4.832826852798462 233.0108067244291 8.533083885908127 62.66646845638752 146.7342569082975 41.43976769596338 5.843566060066223 100.7527705654502 138.729413792491 77.61991553753614 24.01371368765831 0.2712006568908691 0.8987312912940979 0.1922763139009476 0 0 0 0 0 0 0 0 0 1.967274963855743 0 0.4216866791248322 0 3.19189441204071 0 0.8041589260101318 8.986698135733604 2.237721219658852 0 0 0 30.16408458352089 0.7407353669404984 8.777381584048271 17.52570466697216 9.179877698421478 0 0 0 0.1579844206571579 0 0 0 0.7550064921379089 2.512101769447327 0 0 0 0 0 1.46772151440382 1.314316526055336 0.4848101884126663 1.527635551989079 5.828143641352654 2.714032784104347 0 1.437952160835266 0.9165223389863968 0.3254241347312927 0.9846329241991043 1.677567109465599 0.3349001482129097 0.2918859049677849 0 0 0 0 28.73553222417831 2.112491071224213 0 0 0 9.03456112742424 0 5.383475437760353 7.809501625597477 4.099503710865974 0.4238927066326141 0.3515111953020096 0.7352619469165802 0.6767652779817581 0 0.1212107017636299 0 0 0 0 0 41.66647219657898 7.07000757753849 26.65660588443279 477.7607896327972 9.663126602768898 728.9486196637154 68.39347057789564 465.4088765382767 42.71775622665882 3.315126582980156 64.14894972741604 161.9014774113894 0 17.67634915560484 3.301510825753212 87.68514779210091 1.577275186777115 0.159401074051857 1.514576241374016 42.31239151954651 0 130.7860711067915 76.94072224199772
104.7178949043155 253.0210725441575 2544.199227102101 95.17310904711485 169.8978031873703 3.764977484941483 39.07169307768345 1779.39180842787 460.2069835364819 15.93454110622406 5619.708606377244 3.669277340173721 84.82311757653952 1849.348669052124 14.09108502417803 6.229220010340214 1.358107179403305 4.45414400100708 1.395827561616898 14.17192216217518 25.25264228880405 0.1523221135139465 3.966578871011734 1.02751649171114 0.5030337125062943 5.564686104655266 0 5.099708884954453 0.4034628719091415 0 1652.833201408386 3980.066004648805 46.83256936073303 1.686676196753979 0.116646945476532 0.3254215121269226 17.43480188399553 7.695982486009598 2.392247222363949 0.3497965782880783 21.94608080387115 24.97679998725653 67.04086489975452 10.82117068767548 2.051260709762573 3.890844374895096 39.70864950120449 1.604500249028206 0.440098837018013 27.05388413369656 4.34759895503521 0 0.1230952739715576 2.169580474495888 3.632930055260658 2.762054927647114 12.97594840824604 144.0670781359076 20.84991388767958 15.40237390995026 126.7056769803166 11.72866313904524 1.865917146205902 650.6980084329844 5.573541291058064 5.419594898819923 0.5937855690717697 11.19551976770163 31.94030126929283 72.20244091749191 5.094187155365944 0 0.6028081774711609 53.31346363574266 92.51646162569523 32.50332178175449 639.0064776614308 277.1463761329651 1716.925838880241 2950.455342724919 170.4778073579073 833.144369110465 10.62220504879951 0 7.565410681068897 4.857522569596767 21.77352949231863 0 0.9618411809206009 0 0.5862104445695877 0.2565967366099358 75.51910872012377 14.63558896631002 4.881163738667965 0.973252072930336 0 0.1215105503797531 0.1823422014713287 62.36712524294853 0 0 0 0.7848252058029175 0 0.346953272819519 0 0.6670868396759033 0 0 0 0.1470957696437836 1.556694746017456 1.246980406343937 0.5766466110944748 0 0 0 0 0 0 0 0 0 0 0.1269233524799347 0.4069240093231201 0 0 0 0 0.3482603505253792 0 0.1708130687475204 0 1.087910056114197 0 0 0 1.137679778039455 0 1.183448925614357 0.3747446686029434 0.6076309084892273 0 0.5562983900308609 0 0 0 0 0 0 0 0 0 0.3246638625860214 0.1507913619279861 0.2216944247484207 0 0 0 0 0 0 0 0 0 0 0 0 0 0 0 0.2529126405715942 0 0.8910543024539948 0.2931104451417923 0 0.29010409116745 0.8836243748664856 1.381552159786224 0 0 0.1746311783790588 0 0 0 0 0 0 0 0 0 0.3156338706612587 0 0.5639663934707642 0 0.1902808845043182 1.096424341201782 1.107332110404968 40.46910897642374 6.6535464823246 144.2103671655059 20.44443130493164 28.21158957481384 5.344215452671051 0 7.233840815722942 0 0.2216347903013229 0.1871110498905182 0.1017129719257355 0 0 0 0 1.581049144268036 0 12.25831351429224 1.561446473002434
13.34196776151657 3967.343986146152 2895.45591430366 70.79347969591618 6821.586587280035 0.5268286466598511 6252.741405725479 460.2069835364819 2182.803914263844 31.94463068246841 2461.099626213312 4.51954185962677 364.7970378249884 1659.899329319596 6.921989507973194 0.8527380973100662 0.2728074193000793 0 0 0 0 0 0 0 0 0 0 0 0 0 123.9977454319596 15.60229307413101 12.90385913848877 0 0.244133248925209 0 10.55953128635883 0 1.068540006875992 0 0 0.3137161880731583 0 0.2562765628099442 0.1338482648134232 0 16.45047996193171 1.185661219060421 0.2935296446084976 0 0 0 0 0 0.3629292398691177 0.9575635492801666 2.197564989328384 10.51308775693178 4.371101506054401 9.236704111099243 0.1459468454122543 0.3205393254756927 0 3.066279500722885 1.566656470298767 0.8301409259438515 0.1407587975263596 0.5184997245669365 0 0 9.693711012601852 0 0 13.36306598782539 9.793260417878628 16.08223524689674 6.226995013654232 0.8089989647269249 0.0958959087729454 132.129791021347 0.1531661599874496 1.156936325132847 2.514700293540955 0 0.9336516931653023 1.509676083922386 0.7755033671855927 0 0.8079245239496231 0 0.130136102437973 0 0.322472095489502 0 0 11.18075180053711 1.896855682134628 0 0.1603212952613831 5.947247043251991 0 1.288627147674561 2.759809151291847 3.835667476058006 0.5128955841064453 9.165184810757637 0 5.631412371993065 9.319224461913109 7.798604413866997 1.56082321703434 14.81599588692188 32.56699596345425 15.24427329748869 9.218168705701828 0 0 0 0 0 0 0 0 0 0 0 0 0 0 0 0 0 0 0 0 0 0 0 0 3.140517026185989 0 5.498996570706367 6.142611995339394 0 0 0 0 0 0 0 0 0 0 0 0 0 0 0 0 0 0 0 0 0 0 0 0.819371223449707 0 0 0 0 0 0 0 0 0 8.037587031722069 0.7310382723808289 0 0 0 2.693380087614059 0 0.4343267381191254 0 0.5025721192359924 0.1538190394639969 0 0 0 0 0.2523276209831238 0 0 0 0 0 6.974127188324928 1.659562692046165 1.713513940572739 94.78998255729675 2.121428668498993 87.62520704418421 10.42348524928093 29.46608489751816 5.379484251141548 0 12.56217941641808 21.58479784429073 0 0.6176345646381378 1.13209342956543 8.190509021282196 0 0 0.1589844822883606 54.0329591780901 0 21.2488329783082 13.71345511078835
1325.540051952004 488.1956728100777 40.69196107983589 2160.300715506077 35.52229239046574 342.3581167757511 1417.656685553491 15.93454110622406 31.94463068246841 1483.142245516181 45.62100894749165 2760.153730064631 10831.12020732462 1587.766948670149 7.781939536333084 0.8191261291503906 0 0 0.1282697021961212 0 0.08858879655599594 0.1369559019804001 0 0 0 0 0 0.1351536363363266 0 0 80.29756703972816 3.087043657898903 14.69820366799831 0 0 0 27.05660032480955 1.631344348192215 3.816612139344215 0.1006404682993889 0 0.2010074555873871 0.4828031957149506 0 0.1313735544681549 0 34.02630150318146 3.602045975625515 1.0195147767663 1.086033560335636 1.488399893045425 0.8377678394317627 0 0 10.00853326916695 11.78140144795179 92.21481486409903 134.4607164114714 75.3685265108943 27.86025787889957 0.6409794390201569 0.2321456000208855 0 21.14256379008293 16.61652274429798 10.16419672966003 1.985733598470688 3.269893959164619 0.6921893060207367 0.1077595949172974 124.5461884737015 2.336015745997429 0.7687347158789635 107.9693418219686 51.9955525919795 21.93460690975189 6.782528921961784 0.7769466638565063 0.1252836883068085 6.82077395170927 0.6343101859092712 1.517505206167698 26.71889505535364 0.1309098899364471 10.92511600255966 11.13595123589039 3.251838453114033 0 2.9500677511096 1.41431001573801 2.597442001104355 0.3830376267433167 1.333640612661839 0.5948985069990158 0.3606267347931862 297.826366789639 59.241554915905 1.004064738750458 12.55821622908115 1130.414614863694 4.206440210342407 18.60983145236969 32.70677118003368 111.2130951285362 3.443782307207584 68.13997108489275 20.09260931611061 33.69609921425581 97.20513871312141 65.17253834754229 0.9431757181882858 67.10571887344122 161.6709632501006 59.00001621991396 16.60113760083914 0.09631045162677765 0 0 0 0 0 0 0 0.1014755889773369 0 0 0 0.5437006950378418 0 0 0 0.1768238395452499 0.3430391848087311 0 4.205951020121574 1.758405193686485 0 0 0 12.9022052064538 0.1374630481004715 2.125254541635513 6.659042306244373 2.577680334448814 0 0 0 0 0 0 0 0.5064516663551331 0.8103456199169159 0 0 0 0 0 0.6891859322786331 0.5510792657732964 0 1.031258165836334 1.025532029569149 4.142061144113541 0 0 1.930267721414566 0.3490187227725983 0.3060327395796776 0.6006214618682861 0 0 0 0.1583930402994156 0 0 13.32560288161039 2.153312563896179 0 0 0.3359276354312897 3.097730003297329 0 3.11851541697979 4.063592970371246 1.823383063077927 1.0809006690979 0.2202904373407364 0 0.2750747799873352 0.1235094889998436 0 0 0 0 0 0 22.0777288377285 3.891713418066502 6.120669171214104 560.2415959686041 2.635897867381573 385.1912503838539 26.33522033691406 1297.836707167327 30.11315250396729 5.295593850314617 24.99088230729103 203.1057479679585 0 5.717359714210033 0.2985716760158539 116.1100501194596 0.2148431539535522 0.1331712305545807 0.8142359554767609 18.00040218234062 0 246.2010078653693 36.82773453742266
254.5779119282961 1558.767547823489 2511.853697992861 232.0588682293892 806.6752564385533 0.17784583568573 309.967709697783 5619.708606377244 2461.099626213312 45.62100894749165 3050.588901974261 37.69778998196125 703.5669109895825 4352.248425997794 46.74251929670572 22.2407213896513 5.053862869739532 1.357690721750259 0.2153366431593895 0.647254154086113 2.247521802783012 0 0.3083779066801071 0.104596808552742 0.5471075028181076 21.46097864210606 0 4.905520185828209 0.261726975440979 0 1497.83901014179 243.3397340849042 1203.438486732543 0.2381189614534378 0.1064332574605942 1.107016831636429 503.2141840010881 84.66843635588884 59.07222805172205 2.400951527059078 45.03915061801672 70.38602817058563 3.653053410351276 3.451581314206123 0 2.201454468071461 58.08390289545059 5.297797180712223 1.95600863546133 5.373002253472805 5.231615275144577 2.829024747014046 0.6330613046884537 9.542706698179245 3.913521662354469 3.412873990833759 23.09902638942003 157.4959097206593 39.10359887778759 23.77255646884441 2.534890122711658 127.811842225492 0.9784429147839546 44.33474746346474 7.68730966001749 6.027466394007206 1.625494323670864 3.74442857503891 5.315838441252708 19.11034752428532 163.931253939867 2.359525635838509 0 75.62995758652687 55.44834058731794 65.7836274728179 32.38711109757423 9.207991547882557 2.702419802546501 916.8488689959049 2.519268274307251 19.13529372215271 14.12388169020414 0 8.958960674703121 5.353783689439297 7.267238982021809 0.151232436299324 2.578745819628239 0 5.477318070828915 0.4832388907670975 84.18566364049911 38.46491138637066 11.77534378319979 13.09988903999329 0.7062058225274086 0 4.59408438205719 122.6185119897127 0 0.1376799046993256 1.307752020657063 2.013632282614708 1.22756040096283 4.427484832704067 0 3.220390528440475 5.503993153572083 2.700737282633781 0.4295564591884613 9.222704753279686 17.94899889826775 8.974098786711693 4.24541787058115 0.7911025136709213 0.1688680797815323 0 0 0.5523067712783813 0 0 0 0.1817305535078049 0.6284268498420715 0 0 1.326018899679184 0.1567676514387131 0.4985668361186981 0 3.525675237178802 1.052193976938725 0.7319060564041138 0.7623883783817291 0.2816248536109924 0 0 0 8.325979873538017 1.955876529216766 5.525643810629845 8.340341992676258 5.142774000763893 0 0.3701705634593964 0 0 0 0.2223779261112213 0.1636889278888702 0 0.1441155076026917 0 0.1852489560842514 0.6175946220755577 0.8558549582958221 1.013533920049667 0 0 0 0 0 0 0 0.3729186058044434 1.8275306224823 0 0 0 0 0 0 0 0 1.788899421691895 4.125261940062046 2.149493783712387 0.1628660708665848 2.078903049230576 1.729847334325314 0.3837108314037323 0 1.445833295583725 0 0 0 0 0.2930663228034973 0 0 0.1076151728630066 0 0 0.9048734456300735 0.4150327742099762 0.6474792435765266 5.70707980543375 4.134013086557388 8.084989279508591 186.1922753527761 10.29260048270226 242.8366301730275 56.69824812561274 61.30312222987413 12.89470779150724 0.6034477800130844 30.9623448997736 20.56567702442408 0.1077216118574142 1.077550783753395 1.540148437023163 4.915342479944229 0 0 0.5188462734222412 20.78815324604511 0 28.83720607310534 19.25475470721722
130.149269297719 38.0649823397398 6.230237945914268 344.5603017657995 12.76559576392174 188.3022696226835 155.4582784771919 3.669277340173721 4.51954185962677 2760.153730064631 37.69778998196125 153.0750449597836 1692.792914442718 446.0939959138632 8.572075575590134 3.453055143356323 0 0 0 0 0.3212576806545258 0 0 0 0 0 0 0 0 0 26.87210358679295 0.6113411784172058 13.52624939382076 0 0 0 95.40468761324883 6.754340544342995 6.079465001821518 0.1331545263528824 1.470033675432205 3.105555653572083 0.2229791283607483 0 0 0.2144854217767715 12.74545716494322 0.1736676841974258 0 0.1318070143461227 0.1305564790964127 0.3426073491573334 0 0.1490544974803925 1.204242840409279 1.648513987660408 12.09560868144035 5.947397917509079 6.186905823647976 5.829814180731773 0 1.418333537876606 0.1493576020002365 6.211572252213955 1.91023014485836 2.120534338057041 0.162806510925293 0.4728064984083176 0 0.1655520051717758 89.78182609379292 2.095258086919785 0 13.11883052438498 10.12859857082367 8.564834915101528 6.813231326639652 1.376740537583828 0 10.06014358252287 0 0.1537643074989319 2.455135449767113 0 1.84774836152792 1.369700528681278 0.1459814161062241 0 0.2994908094406128 0 0.1458481699228287 0.2430808693170547 3.932709544897079 2.194536983966827 0.9482599496841431 172.8020842298865 9.725196272134781 0.3047435879707336 22.79369059205055 128.3901210427284 0.3257526457309723 7.21736803650856 11.87292538583279 9.911004915833473 5.629573777318001 59.60039120912552 4.143876641988754 39.32790099829435 54.36638281494379 26.20945847034454 1.82353450357914 76.65337225794792 132.7523849308491 69.11076503992081 22.95067694783211 0.3243181481957436 0 0.1025695279240608 0 0 0 0.1621297895908356 0 0 0 0 0 0 0 0.1475022733211517 0 2.087253145873547 0.09992576390504837 0 4.690458461642265 1.098450198769569 0 0 0 22.98830986022949 1.492552250623703 9.636139988899231 10.69959701597691 3.615264907479286 0 0 0 0 0 0.1564868539571762 0 0.1183199360966682 0.9508501887321472 0 0 0 0 0 0.3014607727527618 0 0 0.5919211804866791 0.6370483934879303 1.300189793109894 0 0 3.20053967833519 0.3351462781429291 0 0 0 0 0 0 0 0 28.22987545281649 4.157768830657005 0 0.1458823829889297 0 4.346387103199959 0 6.22963410615921 0.1642894297838211 0.1036902070045471 0 0 0 0 0 0 0.1170618236064911 0 0 0 0 41.59505371749401 8.344822660088539 19.04173582047224 234.2766379341483 1.211412593722343 121.3256946578622 17.10201308131218 321.8634249120951 8.759604409337044 0 19.78350177407265 187.453097678721 0 3.525538995862007 0.5451172888278961 77.67827336490154 0.3113252818584442 0 0.3535726964473724 1.180336654186249 0 361.629164211452 121.0277989208698
190.7261676490307 1074.47497125715 148.5834915712476 1741.12033188343 353.9326340556145 123.0176233351231 7990.429001532495 84.82311757653952 364.7970378249884 10831.12020732462 703.5669109895825 1692.792914442718 2518.763791002333 5127.031296819448 65.31628464907408 29.17744552344084 1.27854085713625 0.4142694473266602 0.1297761350870132 0 0.5857129395008087 0 0 0.1120703667402267 0.2107087224721909 1.886920884251595 0.1172941327095032 1.433123134076595 0.4893529266119003 0 174.6866255328059 25.59543637186289 318.6999442279339 0 0.3882599771022797 0.2460926473140717 624.1541192084551 242.2828574329615 38.88219203054905 23.03217522054911 10.06601928174496 27.33306495845318 1.503192566335201 2.815764889121056 0.1771147847175598 1.600260481238365 93.47491159290075 3.839835412800312 1.490536987781525 1.357303440570831 2.298733174800873 2.390287183225155 5.884534381330013 6.225316412746906 0.8934687525033951 5.62523628026247 21.71011843532324 50.82822532951832 35.00345905125141 41.81761296093464 2.481575861573219 19.31990836560726 1.911456719040871 45.47889363765717 8.800266996026039 8.222566388547421 2.124801531434059 2.186818741261959 0.739252582192421 3.008058369159698 231.1185435280204 7.633885145187378 0 84.00861616432667 63.87456090003252 92.60906996577978 40.36527173966169 11.44783315807581 2.139268971979618 121.0621474012733 2.07509483397007 6.646698012948036 21.09975329786539 0 7.298185095191002 4.041564144194126 3.089170053601265 0.1113665625452995 2.981688506901264 0 2.230034522712231 0.8046248257160187 21.11657134443521 11.56373573839664 3.894887380301952 1348.446201786399 9.168507747352123 0.8174950778484344 5.84214836359024 157.8481560498476 2.694298960268497 22.87597014009953 39.20235054939985 176.9419426321983 14.18085412681103 245.5482636466622 35.2063328102231 132.4940404295921 457.1995482966304 136.3779728636146 12.55828326940536 356.8996934965253 514.5542642772198 346.4825278669596 113.7221480756998 1.461695931851864 1.123104140162468 0 0.2794831693172455 0 0.1624205559492111 0 0.1042729094624519 0.1269814074039459 0 0.4073780328035355 0.1200370639562607 6.764608591794968 0.1488586813211441 0.6944494396448135 0.1571363061666489 4.055484853684902 2.948662176728249 2.542190335690975 15.05303785204887 6.466596752405167 1.452644519507885 0.4869441390037537 0 89.05256406217813 4.732246205210686 36.45157212018967 48.23413444310427 21.03241530805826 0 0.25357885658741 0 0 0 0.79168601334095 0 0.7437489479780197 2.589226335287094 0 0 0.4584075063467026 3.932357102632523 0.6331611275672913 0 0.5092673748731613 0 1.051211178302765 0.9794404059648514 5.66257019340992 0 0.4983641505241394 15.88298142701387 0.2534684389829636 0.8390770629048347 0.1362067312002182 0 0 0 0 0 0.5239658951759338 96.38725033402443 17.51729926466942 0.3009911477565765 0.6029151231050491 1.345917105674744 18.59696977585554 0 17.22569005191326 1.90428552031517 1.296011500060558 0.85818100720644 0.806459829211235 0.4759960770606995 0 0 0 0 0.2188123390078545 0.3467692136764526 0.2887294888496399 0 143.8509673476219 30.18044602870941 83.93624424189329 820.6999286562204 12.2741087526083 552.5067375525832 116.032026514411 484.2053175643086 50.02552153170109 1.557355299592018 84.22877820581198 541.6066018790007 0.3537279069423676 10.51815754920244 4.051103062927723 186.1586047112942 1.911406084895134 0.1812605559825897 1.508398286998272 37.96627240628004 2.349945396184921 569.4531868025661 314.7035949677229
256.0396957919002 2886.619135677814 2007.329795718193 381.6427485644817 1693.124174579978 48.77559579908848 4718.843692354858 1849.348669052124 1659.899329319596 1587.766948670149 4352.248425997794 446.0939959138632 5127.031296819448 3175.932801939547 97.63481389731169 36.82181575149298 4.706097178161144 1.283481732010841 0.8296863958239555 0.4081523418426514 0.6634774655103683 2.127275139093399 0 0 1.247854270040989 3.327927947044373 0 1.395131900906563 1.631041578948498 0.2496290877461433 1011.679522298276 86.98664097487926 1577.316386803985 0 1.284903228282928 3.429305225610733 1054.243501253426 533.3206481710076 89.29225365072489 24.02882994711399 16.26649697124958 40.45820613950491 1.53937178850174 4.057857923209667 0.2933431789278984 2.112242341041565 131.2817493751645 3.824607133865356 2.140083834528923 3.625747248530388 3.158978246152401 0.920134961605072 5.188937351107597 8.635765701532364 7.598563641309738 6.109258882701397 24.92632626742125 98.49089009314775 42.5614857301116 59.66865403950214 4.444097466766834 117.2544291913509 1.013326555490494 63.47353430837393 9.983500026166439 6.436113223433495 1.49787050485611 6.070432648062706 0.6270612776279449 5.796422809362411 270.5571822747588 7.221680089831352 0 111.6996642500162 91.95613742619753 142.9793486073613 71.59853754192591 12.90320897102356 2.904506728053093 439.11768835783 1.585012644529343 11.9346349388361 28.5838621109724 0 10.82912747561932 7.406350143253803 4.311990685760975 0 2.342137202620506 0.3354072272777557 3.133605375885963 0.8783574402332306 42.68915524333715 19.40541335940361 7.421740233898163 290.457104742527 4.476409360766411 0 7.064654380083084 131.8860132470727 0.9268692433834076 6.101483911275864 19.55384562909603 16.62869501113892 7.352083958685398 123.7590472921729 9.685905694961548 59.77588623017073 114.96151702106 48.41563900560141 8.67214272916317 137.6263659447432 270.8624648600817 137.266995549202 64.92129658907652 0.994161568582058 0.3926834166049957 0 0 0 0 0 0 1.726543635129929 0 0.3793350756168365 0.1927575469017029 1.680277660489082 0.1217339113354683 0.1252370178699493 0.1876744627952576 6.844771042466164 2.372639425098896 1.509156860411167 16.34827966243029 3.171537771821022 0 0.5547430813312531 0 62.58015102148056 4.610064938664436 26.16972437500954 32.50876355171204 19.47942340373993 0 0.4015245139598846 0.3132057785987854 0 0 0.3124109357595444 0.1566803008317947 0 0.3366830050945282 0 0.1433635950088501 0.1194820776581764 2.567534118890762 0 0 0.3723785877227783 0 0 0.2966724634170532 1.847155690193176 0 0.7241887450218201 14.2396699488163 0 0.1658438593149185 0 0.1239944994449615 0 0 0 0.1726038157939911 0.1392243057489395 62.85733176022768 7.650852188467979 0.1531146913766861 0.3808255344629288 1.778379082679749 12.53988798707724 0 15.74643391370773 1.288184285163879 0.2719615995883942 1.549220323562622 0.143583819270134 0.2472012788057327 0 0.1283425092697144 0 0 0.4125034958124161 1.70537206530571 0.8324534893035889 0.248898059129715 92.60822536796331 19.56058741360903 53.8576288074255 727.6246500909328 15.35292065888643 670.1476806923747 124.7046341150999 250.1400049477816 49.63984849303961 4.903468012809753 108.4123638942838 265.2727740854025 0 6.890614748001099 2.254977904260159 115.1960521638393 1.41822050511837 0.2091303616762161 0.5243802070617676 24.75657184422016 0.91604945063591 260.6386795938015 188.7894626706839
