120.2856341227889 1213.834915846586 845.1701682955027 660.0006457716227 6.23169020563364 127.9325383454561 393.7450331822038 117.1618330106139 10.55092754215002 565.6059248298407 60.60575576871634 120.8581862747669 133.5722571089864 62.56733915954828 3.271795898675919 0.6586259603500366 0.3367352783679962 0.2641745358705521 0.1108884736895561 0.09611654281616211 0 0.6025046855211258 0 0 0.5105961561203003 0 0.53597541898489 0.1252826452255249 0 0 894.1730834394693 4.244543239474297 26.91182185709476 0.2937548384070396 0 0 12.70682941377163 2.379311680793762 4.44077841937542 0.3370867967605591 0 0.1043296903371811 0 0 0 0 80.66822779923677 3.920343644917011 1.328678548336029 0.3562253564596176 2.283820688724518 6.240308843553066 0.8614324182271957 0.141532689332962 21.39497878402472 17.79973970353603 174.2941015660763 486.8681350648403 94.46053785830736 20.01754848659039 0.9307193383574486 10.67986631393433 0.1621108204126358 19.21677283942699 8.232489876449108 3.81765516102314 4.248186580836773 3.949368380010128 0.304021991789341 0.7033756971359253 93.91381408274174 71.79130332171917 1.006171658635139 341.0408605188131 53.41880311071873 75.57739043980837 14.87818443030119 1.958118706941605 0.6210955530405045 27.11121149361134 1.160824529826641 9.724545247852802 29.63274328410625 0.3670427948236465 2.608536846935749 5.379199497401714 4.029693819582462 2.089591205120087 3.116472415626049 6.297356352210045 2.200468331575394 4.343202225863934 1.352180264890194 0.8820650950074196 0.9493966624140739 117.678928501904 75.61925320327282 9.618186488747597 6.894781470298767 1021.706560909748 0 0 6.531823873519897 2.331347942352295 3.328861176967621 16.93535631895065 2.644865721464157 6.95147705078125 15.55586642026901 13.38671830296516 7.432387158274651 30.27465815842152 18.32453465461731 20.10787781327963 16.76441158354282 0 0 0 0 1.010394334793091 0 0 0 0 0 0 0 0.3497593253850937 0 0.9091311693191528 0 0.1434118449687958 0.4090153723955154 0.2547253593802452 0.8166788220405579 0.1705836951732635 0 0 0 5.079974971711636 0.5439436361193657 6.910711385309696 3.197397634387016 0.7196890041232109 0 0 0 0 0 0 0 0 0 0 0 0.144483208656311 0.1671694964170456 0 0 0 0.07598401606082916 0 0 0 0 2.132558777928352 11.97979913651943 0 0 0 0.09012766927480698 0 0 0.2185360267758369 0 0 10.21386390924454 0.4381394684314728 0 0 0 2.801957026124001 0 2.863285094499588 0 0 0 0 0 0 0.3548219129443169 0 0.1123906970024109 0.1835314631462097 0 0 0 8.375398457050323 0.6621077656745911 1.700619384646416 126.138513892889 4.510293506085873 143.0683901309967 32.14683765172958 750.2982005625963 25.67285467684269 0.6683331578969955 8.517606973648071 0.6007257252931595 0 0.335747204720974 1.439059257507324 1.813888311386108 0.5309237837791443 2.780188098549843 0 1.323055744171143 0 185.8984977528453 6.308807179331779
1213.834915846586 3293.231598600745 3195.89930151403 326.4362719282508 1713.522603146732 55.22954800724983 1863.713658638299 2222.572654053569 2956.543111346662 230.6913809254766 2540.904459849 36.73955726623535 1008.128677427769 2005.940614834428 29.55383824557066 4.758730791509151 0.9856852814555168 0.7585854902863503 0.08966610580682755 0.9940612316131592 0.09278953820466995 0 0 0.1471505910158157 1.214927941560745 0.1270226836204529 0.3083245977759361 0 0.2391346246004105 0.1116147860884666 2493.65230089426 53.47444698214531 50.8530098721385 0.2313313186168671 0.6440313905477524 1.0194231569767 3.01473368704319 2.914881497621536 3.124892614781857 1.002051837742329 0 0.9555287733674049 0.1038842424750328 3.028421387076378 0 0.6634519025683403 349.4011978283525 12.7362410351634 3.712555781006813 1.726008906960487 6.729335099458694 0 0.1342191100120544 0.5477167367935181 48.79613648355007 45.54331641644239 227.3184435367584 819.8426317870617 136.5703053176403 61.67765003442764 0.8211737871170044 4.088240250945091 0.6108848601579666 146.5525705888867 16.14958486706018 10.69309281557798 9.741267487406731 10.95327953994274 2.046582423150539 3.61733715236187 8.763546779751778 0.4477233290672302 0 627.0259858965874 169.5532164573669 276.9118527919054 104.8087379410863 15.72939894348383 7.426759749650955 286.2587882429361 2.851782858371735 8.083421446382999 69.57137186825275 0.3724319860339165 8.598106615245342 12.17694263905287 6.041054591536522 0.2823081836104393 4.080476582050323 0.1127250269055367 4.749137729406357 1.408085666596889 3.05473592877388 1.409863121807575 1.600376978516579 28.31417594850063 0.142959251999855 0.4846391379833221 0.7828763425350189 703.2285282760859 0.1765677481889725 0 0 0 2.62404066324234 10.15018372237682 2.528754830360413 6.131867170333862 13.71670135855675 5.825831070542336 2.184701859951019 20.72111961990595 9.520669609308243 24.60144519805908 13.6959273442626 0 0 0 0 0 0 0 0.340641513466835 0 0 0 0 1.375445172190666 0 0.1355616450309753 0 0.1392222046852112 0 0 0.2113166451454163 1.272279769182205 0 0.2176571041345596 0 11.32720832526684 0.3600475117564201 5.437851265072823 1.329830072820187 0.5885069444775581 0 0 0 0.1456980407238007 0 0 0 0 0 0 0 0 0 0 0.1013779640197754 0 0.292313888669014 0 0 0.2700749039649963 0.1554466336965561 0.198394849896431 13.05070222914219 0.5081934332847595 0 0 0.09635114669799805 0.240477167069912 0.1052792072296143 0.09557400643825531 0.1340573132038116 0 18.56040762364864 2.041605085134506 0 0 0.1174784004688263 7.007468655705452 0 3.478657081723213 0 0 0 0 0 0.09281225502490997 0.1999774649739265 0.301496833562851 0 0.2703196033835411 0 0.6152852922677994 0 11.6276263743639 1.663246922194958 3.816331952810287 311.9715433716774 13.08618053793907 554.7529304176569 88.09957862645388 368.2621682286263 71.2982836291194 2.972954317927361 35.37814192473888 0.5010957345366478 0.07498820871114731 0.6282815486192703 1.031823977828026 0.444604679942131 0 0 0 0.442732572555542 2.811271190643311 157.3510242924094 3.667201399803162
845.1701682955027 3195.89930151403 612.1320928633213 5.101076602935791 337.7808620780706 0.6446452140808105 71.61600715667009 4231.563209049404 556.7899537831545 7.032601833343506 2190.126788653433 14.71690323203802 281.5232848003507 1387.664604723454 5.817584663629532 2.572066605091095 0.3551854491233826 0.2313349694013596 0 0.7441812232136726 0.1808529049158096 0 2.353245347738266 1.514298886060715 1.984320625662804 0 1.155593924224377 0 0.170433908700943 0.1564175933599472 3563.836609266698 422.6191420331597 53.14906540513039 0.3245673626661301 2.654105365276337 0.9755994454026222 11.99272029101849 4.986029207706451 4.414286106824875 1.245640620589256 0.6269840225577354 0.3860130682587624 0.5080133005976677 0.2754488289356232 0 0.2828029170632362 42.60617638379335 1.213888011872768 0.415429562330246 1.773856073617935 2.125661484897137 0.1667790859937668 0.1490202248096466 0 2.850314974784851 3.277852229773998 38.85978789627552 264.6202478334308 20.60583359748125 4.605032242834568 0.581267774105072 9.535681761801243 0 66.29247812181711 1.197070099413395 1.625336654484272 1.279634602367878 1.172117747366428 4.118566744029522 14.00870344042778 8.673861421644688 5.44081574678421 0 62.18966054171324 18.09578512609005 29.18005586415529 20.66804338991642 3.517362460494041 27.24159929156303 624.0483314096928 2.941975891590118 43.21087966114283 6.294298931956291 0 0.4348767399787903 0.653145506978035 1.310736946761608 0 0.6979318931698799 0 0.4861047118902206 0.1936174035072327 5.028630174696445 1.230365067720413 0.3836584016680717 13.41203154623508 0 0.2701413631439209 0.1487838625907898 75.18729224056005 0 0.3096831142902374 0.1549146771430969 0 0 2.426093518733978 0 0 2.564938202500343 2.311703763902187 0.7102757096290588 6.9789018034935 1.161390535533428 11.7693999633193 10.72056676447392 0.1193153336644173 0 0 0 0 0 0 0.2125589698553085 0 0 0 0 0.5872972756624222 0 0 0.11100172996521 0 0.2022588402032852 0 0.4314874112606049 0.1027398407459259 0 0.1308339834213257 0 15.76905426383018 1.831927970051765 12.90584100037813 4.044805012643337 3.006002984941006 0 0 0 0 0 0 0 0 0.1107492744922638 0 0 0 0.1196909248828888 0.5321436002850533 0 0 0.09078492224216461 0 0 0 0 0.4482586905360222 24.58576335012913 0.1288124024868011 0 0 0 0 0 0 0 0.1299422383308411 12.84947182238102 1.27952116727829 0 0 0.1295503824949265 3.743559464812279 0.8152459561824799 2.383132427930832 0.5995430648326874 0 0 0 0.1315086334943771 0 0 0 0 0 0.1017658933997154 0.2361462265253067 0 6.246646456420422 3.402775563299656 9.708614245057106 51.47832487523556 3.225355379283428 66.46274837106466 13.81480806320906 23.01787965744734 10.7906663864851 0.3721526935696602 10.01899470388889 1.819451496005058 0 2.127709001302719 0.6447241455316544 2.259119391441345 0 0 0.09717115014791489 1.460608243942261 0.6687023639678955 16.29718015342951 6.848859377205372
660.0006457716227 326.4362719282508 5.101076602935791 205.2746670693159 46.87307339906693 344.3955041021109 650.0549077689648 1.69071040302515 269.0096459984779 1707.741292327642 6.238567002117634 1034.795067027211 2138.234186589718 336.3745512738824 2.31816254556179 1.253966450691223 0 0.1206283047795296 0.08963654190301895 0 0 0 0 0 0 0 0 0 0 0 47.46688851714134 1.044292584061623 8.053091198205948 0 0 0 4.567964985966682 0 0 0 0 0 0 0.319948136806488 0 0 24.15898896753788 0.9935422539710999 0 0.5211438462138176 0.1056769639253616 0 0 0 3.528193019330502 3.906650982797146 19.48197446763515 33.66415721178055 8.380169279873371 4.132744781672955 0 0 0 4.132675409317017 1.176193229854107 0.6804999709129333 0.6307855397462845 0.5057990550994873 0.1135077625513077 0.3384493887424469 10.86029115319252 1.480512231588364 0 47.57467892020941 13.22295142710209 16.27225904911757 1.356140151619911 0 0.2447061985731125 0.4591822773218155 0 0.6526307910680771 5.290752254426479 0 0.2620310261845589 0.3751918226480484 0.1970976665616035 0 0.2906583175063133 0.1420774459838867 0.3073907420039177 0.2098839432001114 0 0.1671039164066315 0.1397068798542023 78.61908158659935 1.246687203645706 0 0 399.8138056397438 0 0 5.35528852045536 1.605968117713928 3.267154455184937 13.04684933274984 4.048809871077538 14.39745071530342 26.08625502884388 23.4266509488225 8.628663823008537 51.87788736075163 17.9678745418787 37.26268432289362 16.22926140576601 0 0 0 0 0 0 0 0 0 0 0 0 0.4708763360977173 0 0 0 0 0 0 0.9851135164499283 0.3648320734500885 0 0 0 4.440700888633728 0 4.172958828508854 0.1138127595186234 0.08413460850715637 0 0 0 0 0 0 0 0 0 0 0 0 0.123311311006546 0 0 0 0.1012557819485664 0 0 0 0 0.1069751530885696 4.945253565907478 0 0 0 0 0 0 0 0 0 14.42291727662086 1.097847178578377 0 0 0 6.58711801469326 1.089130878448486 4.829898446798325 0 0 0 0 0 0 0 0 0 0.2106348052620888 0 0 0 16.48251179605722 0.6063617765903473 0.2386071234941483 63.09529587626457 0.136565238237381 29.4083978831768 8.479327969253063 916.6123955473304 5.753413803875446 10.93931883573532 1.497875690460205 0.2821719944477081 0 1.985945895314217 0.2498062402009964 0.8337172418832779 0 0 0 0 0 122.4658154472709 10.60772880911827
6.23169020563364 1713.522603146732 337.7808620780706 46.87307339906693 2604.564685039222 0.2261532843112946 1838.750525556505 872.8928360044956 4607.438921093941 164.834254771471 1023.798862464726 20.84666998684406 345.0045458674431 143.7781433388591 14.64343875646591 4.004190526902676 0.237198494374752 0.100336417555809 0 0.1283581852912903 0 0.1237981021404266 0 0.1575047671794891 0 0 0 0.2052393853664398 0 0 204.9810724854469 30.94861389696598 19.66335867345333 0 0.1080134883522987 0.1474133729934692 2.984822541475296 1.071489408612251 0.3077094256877899 0.1130082979798317 0 0.1906215250492096 0.1683343574404716 1.026336506009102 0 0.1633665412664413 178.9602933898568 2.402105636894703 1.27627469599247 0.5854797139763832 0.7899265438318253 0.1035598069429398 0.3648878484964371 0.153833270072937 8.793441750109196 7.429532803595066 15.80938775837421 61.855054654181 11.4923238158226 15.18199948966503 0.417059138417244 0.8975862711668015 0 59.88966642320156 3.029133662581444 0.7151883095502853 2.617956958711147 1.80164348334074 1.528053775429726 0.4631296768784523 6.489148482680321 0.1500841379165649 0 79.24777254462242 36.34689359366894 88.01908168941736 53.83010433614254 13.36682455986738 1.257605515420437 42.71828331053257 0.8896438032388687 1.876729935407639 10.46390260756016 0.1983026266098022 1.371666252613068 2.117419146001339 1.207468297332525 0 0.9116475060582161 0.1247845515608788 0.2723414897918701 0.3230687454342842 0.4338500052690506 0.3487122654914856 0.2666201069951057 30.06898003816605 0.9939534068107605 0 0.1808077692985535 12.11869014799595 0 0 1.338040411472321 0.5503201484680176 1.076437801122665 4.831724628806114 0 2.586546391248703 10.53430479764938 8.44078316539526 2.099329173564911 23.81778612732887 6.590238958597183 24.18750292807817 19.9060356169939 0.1089008376002312 0 0 0 0 0 0 0 0 0 0 0 0.1598995625972748 0 0.2104373723268509 0 0 0 0 1.287919163703918 0.9975923597812653 0 0 0 13.02342950552702 0.1166140660643578 10.72947607189417 1.082224816083908 1.219441182911396 0 0 0 0 0.6471800804138184 0 0 0.4471326172351837 0 0 0 0 0 0 0 0 0 0 0 0 0 0 19.94208533316851 2.282876521348953 0 0 0.0916857123374939 0 0 0 0 0 21.97152498364449 0.9437368959188461 0.6640453338623047 0 0 9.011046186089516 0.114562951028347 1.550688058137894 0.1172511354088783 0 0 0 0 0 0.1161701828241348 0 0 0 0 0 0 13.02141880989075 3.026945114135742 3.474424414336681 192.7057483941317 5.068951800465584 286.0378985852003 64.84245705604553 89.06997983157635 53.31107435375452 0.6394021734595299 36.1104506328702 2.004115141928196 0 0.1913081705570221 2.035378947854042 1.787547267973423 0 0 0 3.566252559423447 0.2166895121335983 46.22446595877409 9.986896559596062
127.9325383454561 55.22954800724983 0.6446452140808105 344.3955041021109 0.2261532843112946 2.156597524881363 52.71836195886135 1.921652629971504 3.253206580877304 433.010337471962 1.207018107175827 65.65321798622608 109.5620926469564 32.52983190119267 0.8701874315738678 0 0 0 0 0 0 2.1137300953269 0 0 0.1525415033102036 0 0 0 0 0 35.79501348733902 1.391815274953842 43.55004657804966 0 0 0.3310598731040955 11.0131741464138 2.994875103235245 8.019481159746647 0 0 0 0 0 0.1371525228023529 0 1.738405123353004 0 0 0 0.1008738577365875 16.00320749729872 1.403642922639847 0.4678243547677994 0.7386042699217796 0.495294950902462 182.1535567939281 20.69402431696653 3.616211645305157 0.4501123130321503 0 10.62752729654312 0 0.2106718420982361 0 0.1048095971345901 0.134463295340538 0.1235430166125298 0.1175346896052361 0 134.2768721207976 180.1048614084721 3.47865891456604 6.177582755684853 1.297529712319374 0.8764951229095459 0.1502773761749268 0 0 18.39952801167965 0 13.57180687785149 0.7173599004745483 2.421192839741707 0.154675304889679 1.59206298738718 0 6.490952081978321 2.786262981593609 17.41846575587988 1.835708014667034 7.412741884589195 0.1032755449414253 0.7199789807200432 2.512351185083389 148.3244432359934 129.9143221452832 22.07701894640923 12.21158774197102 310.3032350540161 0 0 0.514697790145874 0 0 4.417498201131821 0.3534923940896988 0.4584746509790421 0.4767720997333527 4.138076439499855 0.1476701200008392 5.806695699691772 1.162713378667831 4.291153267025948 2.195356845855713 0 0 0 0 0 0 0 0 0 0 0 0 0.4070279896259308 0 0.1541136205196381 0 0 0.1572353392839432 0 0.1440728902816772 0 0 0.2549339979887009 0 0.9642788395285606 0.2475473806262016 1.534426212310791 1.358548685908318 0.9178976789116859 0 0 0.1112945452332497 0 0 0 0 0 0 0 0 0.1948979496955872 0.3534704148769379 0.1292490810155869 0 0 0 0 0 0 0 0 1.69232702255249 0.2766434326767921 0 0 0 0.1303490400314331 0 0 0 0 2.114440500736237 1.09521621465683 0.1266310811042786 0.1006954088807106 0.09814412146806717 0.1416478306055069 0 0 0 0 0 0 0 0 0 0 0 0 0 0 0 1.531362146139145 1.103551633656025 1.7851582467556 25.95009706914425 0.2229724228382111 5.553760752081871 0.4140859544277191 167.6265951693058 1.099554434418678 0 1.628014475107193 0.4876943305134773 0 0 0 0.1762981116771698 0 0 0 0 0.1872246861457825 61.68710049241781 3.342540755867958
393.7450331822038 1863.713658638299 71.61600715667009 650.0549077689648 1838.750525556505 52.71836195886135 986.1167815476656 32.54077169299126 1655.330602005124 1025.151452407241 327.3826036453247 111.2255679816008 4031.894383773208 1159.472309157252 13.69207910448313 2.716353669762611 0.6342010349035263 0 0 0.1587688028812408 0 0 0 0 0.5599823147058487 0 0 0 0 0 146.8513909578323 14.72546551376581 31.78734529018402 0 0 0.1211124509572983 4.068819120526314 0.1048954129219055 0.4138522148132324 0 0.4399560689926147 0 0.2583156079053879 0.4191598743200302 0 0.12942074239254 149.6916531771421 3.12276066839695 0.9215244427323341 0.1044594645500183 1.825856864452362 0 0.1085610166192055 0 12.42162349075079 11.52573660761118 33.67307177186012 100.1446316167712 21.30729433894157 20.25971236824989 0.1129611134529114 1.561282783746719 0.4748278856277466 50.4460216909647 4.037242859601974 2.446929708123207 2.804249487817287 2.553491249680519 0.3270363062620163 0.9917168468236923 9.671173080801964 2.39154601842165 0 141.6129573509097 56.20055625587702 99.80213062465191 50.41376543045044 15.53522513061762 1.472844511270523 20.3858346119523 0.4471332579851151 3.212822407484055 18.93290618062019 0 1.330175928771496 2.916538000106812 1.138447195291519 0 1.102782711386681 0.1064249500632286 0.4518312886357307 0.5636949092149734 0.5052156448364258 0.2653271034359932 0.5471018180251122 83.58756548166275 3.313172399997711 0 0 118.3041660711169 0.4529403299093246 0.1238141134381294 10.61876486241817 10.74991144239902 7.684250324964523 26.68780988454819 7.716663837432861 18.33489570021629 49.3240329772234 37.16655993461609 12.35994738340378 92.66163876652718 46.39760015904903 70.59694118052721 57.58341398090124 0.2624442875385284 0 0 0 0 0 0 0 0 0 0 0 0.7458790242671967 0 0 0 0 0 0 6.115104556083679 3.925879955291748 0 0.5249752998352051 0 20.90182509273291 0.214694082736969 20.8083463087678 3.897044807672501 1.433069705963135 0 0 0 0 0 0 0 0.2224872708320618 0 0 0 0 0.122216135263443 0 0.2898115441203117 0 0.101616345345974 0.6715032607316971 0.3122482597827911 0 0 0 31.13022146373987 0.4407042264938354 0 0 0.1216257885098457 0 0 0 0 0.4606962502002716 58.48755864799023 2.099546313285828 0.700438603758812 0.3411782383918762 0.1445901095867157 22.51655581593513 0.8648957014083862 4.399187177419662 1.008871212601662 0.2143844813108444 0.1420412063598633 0 0 0 0.1427658647298813 0.1397949159145355 0.09845282882452011 0.09096122533082962 0 0 0 37.39236839860678 3.932935476303101 5.466183468699455 223.0177274644375 4.776223786175251 264.9461988583207 62.0502921640873 274.7473262697458 43.29478846490383 3.98933882266283 31.57040801644325 2.08566477149725 0 3.608817480504513 0.5446133315563202 2.67867024242878 0.2278461903333664 0.1965323239564896 0 2.657256692647934 0 131.0846815407276 26.66129924356937
117.1618330106139 2222.572654053569 4231.563209049404 1.69071040302515 872.8928360044956 1.921652629971504 32.54077169299126 2113.793912008405 446.4442679286003 5.014561876654625 2938.308846913278 6.773639254271984 207.3106560856104 1901.022930718958 61.7889813259244 31.65026142448187 3.778177976608276 3.706354208290577 0.3381770104169846 11.1271715387702 6.937088459730148 0 39.66413884609938 34.2508347928524 10.85007493197918 0.119340792298317 6.143964245915413 0.5849832519888878 0.3730018585920334 0.2935071140527725 2190.429427668452 2902.282619252801 117.7759980261326 11.76976353675127 34.8424923568964 5.246287152171135 18.41598806530237 14.05028745532036 6.146535649895668 2.61483321338892 11.17565051466227 12.61223812401295 21.46113750338554 23.93820615112782 1.261398077011108 19.56366112083197 294.6380329802632 4.147260718047619 7.74813062697649 36.35874417424202 11.74635399878025 0.1384647190570831 0.2467588484287262 0.7183129414916039 9.490331716835499 8.469612829387188 42.21993421018124 267.2246279940009 22.72499306499958 15.83314028382301 151.782453276217 89.53773368149996 13.59895846992731 435.3766313642263 3.223565176129341 4.677350200712681 3.221162624657154 13.91861941665411 75.65673388540745 251.5634617060423 11.72250396758318 12.68447309732437 0 102.0781567245722 73.90860292315483 132.6768113747239 227.7584408447146 276.1401482224464 2324.13615462184 1585.358425207436 702.1774899214506 2064.589292570949 13.08402831852436 0 3.21277679502964 1.751106105744839 18.64204656332731 0 1.105237685143948 0.1994392946362495 2.11222767829895 2.23295097053051 99.94258108735085 14.18001595884562 10.39702329039574 25.88535246253014 0.917629212141037 1.018874332308769 1.777424171566963 22.93883845955133 0.2045546397566795 0 1.039340853691101 0 0.1871361136436462 1.627441197633743 0 1.536412671208382 5.403487741947174 2.81074857711792 0.5495003014802933 5.944935604929924 0.9936130493879318 10.60167594999075 21.15799379348755 0.6037895753979683 0.2310514822602272 0 0 0 0 0 0.2535238638520241 0 0 0.147048681974411 0 3.210126489400864 0 0.4177013337612152 0.2865343242883682 0.7519790530204773 0 0 2.232487909495831 0.5220421403646469 0 1.304845362901688 0.2236253023147583 30.56128882616758 4.547002725303173 29.07590015232563 8.832786358892918 6.381043091416359 0.2267158776521683 0.5751229524612427 0.2955561876296997 0.2587071657180786 0.6972216963768005 0 0 0 0.09055893123149872 0 0 0.5799307301640511 0.2947889491915703 0.6576121300458908 0 0.09337057173252106 0 0.3771966546773911 0.09648039191961288 0.1225638166069984 1.076938852667809 2.766830243170261 40.93448111414909 1.24643237888813 0 0 0.1434847638010979 0 0 0 0.2649466246366501 1.221823148429394 19.8996597006917 1.894742727279663 0.3043186664581299 0.1010843217372894 3.355464272201061 11.81458586454391 3.125307068228722 9.278773218393326 1.515493869781494 0.1212151721119881 0.1135541647672653 0.3342422619462013 0.1271689385175705 0.4166219010949135 0.08306187391281128 0 0.08879546821117401 0.1135391891002655 0.6919859200716019 1.197423279285431 1.11948961019516 4.489675037562847 9.270147688686848 19.71924151480198 416.0265930071473 24.10863234847784 416.0618144199252 143.9314347207546 77.66330425441265 70.95896702259779 1.830255180597305 95.82099398225546 7.646366961300373 0.4261381179094315 4.284785464406013 1.436678938567638 2.013732962310314 0.3131410479545593 0 0.3573271110653877 7.770271435379982 1.979200392961502 45.60777734220028 23.93660865724087
10.55092754215002 2956.543111346662 556.7899537831545 269.0096459984779 4607.438921093941 3.253206580877304 1655.330602005124 446.4442679286003 685.3390428721905 94.72533050179482 1185.194389976561 34.11494535207748 1249.945370048285 1132.690349057317 26.04791507869959 10.3096290230751 0.4604641050100327 0.1977486237883568 0 0.2042240351438522 0.1929182112216949 0 0 1.165649503469467 0.4566543847322464 0 0.483194500207901 0 0.5740393549203873 0 94.13307842612267 23.48437487334013 78.7376354932785 0.2785684168338776 0.1268005669116974 0 13.2203386425972 1.711200065910816 1.456228196620941 0.7498403415083885 0.3848765939474106 0.2270237281918526 0.2083798497915268 2.61997302621603 0.1291307508945465 0.4793077558279037 154.6176023557782 0.8384536877274513 1.060233257710934 0.7874358892440796 1.297267198562622 0 0.4979571402072906 0.1440887451171875 7.718883991241455 5.247726507484913 4.974443420767784 18.4651955217123 4.925770498812199 8.425932429730892 0.7752971574664116 1.165924891829491 0 27.50847496837378 1.023221880197525 0.7205998077988625 0.8437665030360222 1.156126528978348 0.8890397399663925 1.996762044727802 16.92084228247404 1.84505669772625 0 35.48811415582895 21.28638961911201 58.74847666174173 73.21280035376549 30.92003562301397 3.657972984015942 44.88069598376751 0.8937526345252991 4.88594762980938 5.642492383718491 0 0.5932527706027031 1.119520753622055 0.7201249450445175 0 0.4916936084628105 0.2549780830740929 0.4268422722816467 0.1957959979772568 1.450896345078945 0.1451162993907928 0.4919971227645874 113.0370990112424 4.412420883774757 0.129471629858017 0.8467826545238495 10.37159153819084 1.976652354001999 0.5671965926885605 7.146531105041504 3.558325782418251 7.981328904628754 30.35813491046429 5.914274156093597 14.7120815962553 38.46214050799608 29.19548564404249 12.19350181519985 84.24557776749134 42.70317221432924 99.55365301668644 86.39068154990673 0.4166310578584671 0 0 0 0 0 0 0.210922434926033 0 0.4230805635452271 0 0 2.549304373562336 0.1234196349978447 0 0 0 0 0 4.684966616332531 2.920273676514626 0 0 0.6212574020028114 55.56741310656071 1.636822462081909 39.61128880083561 4.693292357027531 3.824302233755589 0 0.669687420129776 0 0 0.1114324182271957 0 0 0 0.2750704512000084 0 0.1187510788440704 0 0.4642540812492371 0 0 0.1396285891532898 0 0 0.3664739727973938 0 0.9275906831026077 0.6012880504131317 71.26635900139809 1.001646980643272 0.110098585486412 0 0 0 0 0 0 0 91.06078893691301 4.726010784506798 1.067544184625149 0.1774702072143555 0.179979607462883 26.80866429209709 0.9599807113409042 4.876996360719204 0.3073572292923927 0.1075102910399437 0 0.4351369142532349 0 0.08410054445266724 0.1476861983537674 0 0 0 0 0 0 56.97720478475094 8.202580384910107 10.39570125192404 457.267442882061 7.584686495363712 325.54658177495 119.8069710507989 94.90314733982086 67.50643648207188 1.615114867687225 94.61177403479815 9.905971996486187 0.4172876998782158 3.56525095552206 1.248103573918343 2.648460537195206 0.5641184002161026 0 0.6118341982364655 5.323169440031052 1.126607060432434 85.0710202679038 39.23521145433187
565.6059248298407 230.6913809254766 7.032601833343506 1707.741292327642 164.834254771471 433.010337471962 1025.151452407241 5.014561876654625 94.72533050179482 1194.336993277073 17.54197354614735 1084.555116012692 6431.330911293626 818.2893008962274 2.39990945905447 0.6152951568365097 0 0.1066531538963318 0 0 0 0.1919949650764465 0 0 1.078927159309387 0.1110306978225708 0 0.2706068754196167 0.6124963760375977 0.113805815577507 20.12574429064989 2.969911232590675 92.81084504723549 0.1137594357132912 0.6983175575733185 0.3681415170431137 64.17298771440983 2.715950831770897 3.838807567954063 0.3795079737901688 0.4244281649589539 0.5525569096207619 0 0 0.2836011946201324 0.1150472015142441 16.09483989328146 0.7332131564617157 0 0.1040953993797302 0.6832331717014313 1.082571648061275 0.3577655106782913 0.5980516076087952 1.426443122327328 1.82386276870966 11.72388559579849 17.21400812268257 2.76150431483984 1.447767689824104 0.1878104358911514 3.034492269158363 0 4.095550194382668 0.2013360783457756 0.09840872883796692 0.3324078321456909 0.2074299678206444 0 0.3586907386779785 108.649256721139 14.92922201752663 0 23.31173925101757 6.854040257632732 11.61097162216902 4.569826863706112 1.060956656932831 0 8.808635912835598 0.6494462043046951 1.664972737431526 2.081164054572582 0.09958760440349579 0.1007004082202911 0.403251901268959 0.6275235489010811 0.5285405591130257 0.2157391607761383 1.751974754035473 0 0.706763282418251 1.135817140340805 0.7244401052594185 0.2633822411298752 434.1549288630486 56.77898752689362 1.809456557035446 2.180127710103989 294.1170280352235 1.54504382610321 3.345503605902195 38.67612478137016 67.78024819493294 15.9191777408123 152.32696197927 30.72133772075176 87.24075305461884 170.3869278505445 157.7332552298903 41.15204292535782 488.8234024569392 184.1020074784756 303.0187041312456 127.5659129917622 0.3352227956056595 0.3286142498254776 0 0 0 0 0 0.1272790282964706 0 0 0 0 0.1512470990419388 0 0 0.205944299697876 0 0.3350739479064941 0.122968427836895 4.149657219648361 8.659539878368378 0 1.318296432495117 0 37.59209452569485 2.174879565834999 28.20623299479485 2.766091287136078 5.553655028343201 0 0 0 0 0 0 0 0 0.2976829260587692 0 0 0.6289851814508438 0.1220471560955048 0.1608993411064148 0.2158668786287308 0 0.07585030794143677 0.5847545564174652 0.898438036441803 0 0.3880495727062225 3.261760458350182 52.64946711808443 2.333327285945415 0 0 0 0 0 0 0 0 130.8241301551461 12.97449637949467 1.048163510859013 0.556556411087513 0.2672524675726891 26.01847611367702 2.708010107278824 10.87916220724583 1.148723468184471 0.0927850529551506 1.908350199460983 0.1443638801574707 0.5643236264586449 0.1216120272874832 0.3312032595276833 0.1245714351534843 0 0.2549879103899002 0 0 0 110.8791688457131 7.351066559553146 10.26682788133621 285.23636713624 1.273461133241653 31.84204608201981 11.88680505752563 819.1320590376854 5.913338184356689 2.672016188502312 6.300580948591232 5.614394046366215 0.1327617764472961 8.61303786188364 3.870491147041321 19.91952001303434 0.1769810616970062 2.791802406311035 0 1.373100340366364 0 515.0423732921481 74.94781909137964
60.60575576871634 2540.904459849 2190.126788653433 6.238567002117634 1023.798862464726 1.207018107175827 327.3826036453247 2938.308846913278 1185.194389976561 17.54197354614735 673.9843919724226 26.85528603196144 669.9085567593575 3320.690163113177 22.91810251772404 13.25802127271891 0.2128905802965164 0.3940735533833504 0 1.227055579423904 0.3481315076351166 0 2.550097107887268 3.609577685594559 4.253556303679943 0 1.989897452294827 0.3152327537536621 0.3409574553370476 0.6828368157148361 257.4326102286577 116.3027596026659 204.3781909495592 0 5.333135485649109 5.126005187630653 47.43040629476309 15.01024854183197 8.301284126937389 4.809245876967907 2.84474615752697 1.938969396054745 0 2.266526915132999 0.1418031603097916 0.9863575100898743 84.56104213744402 0.7280467674136162 0.6128807738423347 0.813219390809536 1.462159693241119 0.2005380243062973 0.2395565286278725 0 2.008862912654877 2.955951310694218 6.405063055455685 19.94653649628162 2.897953540086746 4.812956616282463 0.7816662639379501 18.8681988120079 0.4998146668076515 17.36416045576334 1.132870890200138 0.9919598996639252 0.8314417526125908 1.258871212601662 4.378539629280567 9.745558105409145 35.92729006707668 1.04913841933012 0 18.96266593039036 10.53519224375486 41.30092789232731 50.03898872435093 21.9381797388196 49.84246443212032 658.6648284941912 2.860443115234375 96.15151004493237 4.333749823272228 0 0.2699694484472275 0.6407735273241997 0.7412464767694473 0.1029072925448418 0.3783734813332558 0.1062494888901711 0.4089247733354568 0.4471793100237846 6.725235484540462 1.117387235164642 0.4685869589447975 28.02316631376743 2.663890510797501 1.269442707300186 1.018627882003784 7.088470354676247 0 0 0.9722733795642853 1.094742774963379 0 5.189275056123734 0.6957900524139404 1.918649598956108 3.731459848582745 3.064525917172432 0.5001718997955322 9.185284234583378 7.499579817056656 14.62446728348732 10.68329390883446 0.1330373138189316 0.1052328124642372 0 0.1081257313489914 0 0 0.1410179436206818 0 0 0 0 0 1.359562985599041 0.183029443025589 0.09973779320716858 0.1411791890859604 0 0.2454753443598747 0.2520303353667259 0.5968418419361115 0.9541904479265213 0 0.9547195807099342 0.13630011677742 9.651114732027054 0.9488259851932526 9.53161197155714 4.399441063404083 3.395096302032471 0.2310489267110825 0 0 0 0.1194562390446663 0.1303953379392624 0 0 0 0 0 0.1335722953081131 0.2523024901747704 0.132301852107048 0 0 0 0 0.1400546431541443 0 0.3835350722074509 0.4168539568781853 15.4658617451787 1.580788820981979 0 0 0 0 0 0 0 0.1057955026626587 15.81113693118095 0.83232681453228 0.116678275167942 0.2466133162379265 0.3571242690086365 4.857585087418556 1.676219627261162 1.973556809127331 0.09636422991752625 0.4295675456523895 0 0 0.120173417031765 0 0 0.08315156400203705 0.1194703355431557 0 0 0.3078396618366241 0 10.08214474469423 1.899486549198627 4.993910431861877 241.7276434004307 4.808124147355556 159.6848697066307 64.82397438585758 35.42843993753195 28.6397011578083 0.3976964876055717 48.49045331031084 1.469525948166847 0 0.5752904713153839 1.910294398665428 0.5778682082891464 0 0 0.1174372285604477 4.651725888252258 3.467501580715179 16.41114514321089 8.380125939846039
120.8581862747669 36.73955726623535 14.71690323203802 1034.795067027211 20.84666998684406 65.65321798622608 111.2255679816008 6.773639254271984 34.11494535207748 1084.555116012692 26.85528603196144 86.82997612655163 1641.083265095949 219.2327000498772 6.873282834887505 5.280527926981449 0.8734585419297218 0.2634134441614151 0 1.119604624807835 0 2.336110606789589 0.8926637768745422 0 14.58006236702204 1.570750571787357 2.422848150134087 0.5601353645324707 0.8281075805425644 0.7740819454193115 4.054276578128338 6.735032841563225 245.6081255376339 0.6911463290452957 2.761150643229485 15.24491606652737 470.5321371108294 45.34948688000441 42.28551549464464 24.74732521921396 3.241894945502281 1.504253409802914 0.1004741936922073 3.665205486118793 0.5377391576766968 4.514154806733131 17.15881502628326 0 0.809130847454071 0.1016228571534157 0.5922236442565918 3.359973251819611 6.945038631558418 2.095571771264076 0.6798916682600975 0.3285476490855217 1.686236292123795 4.627999827265739 0.1193712204694748 1.060243681073189 1.328594297170639 44.31465272605419 0.7282295823097229 8.365530520677567 0.5036729872226715 0 0 0.5838734060525894 1.400607720017433 1.671847350895405 332.5127061158419 17.10569637268782 0 4.50565917044878 2.998326793313026 5.976962901651859 7.33361791819334 5.499810010194778 1.100802063941956 27.1020575761795 1.386252716183662 3.846340760588646 1.40275888890028 0 0.1304839998483658 0.109286941587925 0.09837584942579269 0.3134070560336113 0.4610600993037224 0.3181197792291641 0.2253861427307129 0.9288637712597847 4.544835843145847 2.797340646386147 2.32774106413126 632.8409725651145 56.96884781122208 4.461374819278717 26.83502804487944 36.65102618932724 1.020843401551247 0.2763257026672363 8.120363011956215 3.787366390228271 4.926586627960205 37.81617550551891 6.208650976419449 19.36331675946712 48.91167403012514 51.70329850912094 10.67659583687782 113.0349895060062 43.50976848602295 100.1530845686793 75.73443581908941 0.09462065249681473 0.5927877426147461 0 0.1236241385340691 0.1158216819167137 0 0 1.252940937876701 0.2179319560527802 0.280400812625885 0.4018223658204079 1.022871762514114 5.346264384686947 0.2850370407104492 0.3800771832466125 0.667286291718483 0.416681706905365 1.269648738205433 0.2925080135464668 6.211561158299446 3.825470820069313 0 3.502357304096222 0.1541934162378311 49.78922485560179 4.337549731135368 43.29686242341995 7.882180266082287 9.586853764951229 0.1697839200496674 0 0 0 0.9749885350465775 0.7078842222690582 0 0.6515919491648674 0.08301873505115509 0 0 0.1548023074865341 2.770990900695324 0.2922768071293831 0 0 0.1082371398806572 0.2157208621501923 0.1532266139984131 0 2.048803448677063 2.016803324222565 68.39603724330664 0.2647811621427536 0.4570632576942444 0 0 0.123545803129673 0 0 0 0.1173280701041222 82.80424697697163 10.14994733780622 1.629849135875702 0.8001321256160736 0.4220795556902885 30.97041215002537 0.8557396456599236 8.583120293915272 0.5129657313227654 0.5457160472869873 0.1281766444444656 0 0.2157689705491066 0 0.325146496295929 0 0 0 0 0.6050022169947624 0 66.01739273220301 11.73276676982641 23.32089956104755 129.0337367802858 1.076582238078117 39.96518917381763 18.19827552884817 110.2997160702944 4.468445144593716 2.687654733657837 13.72007454931736 8.67862007021904 1.415034756064415 5.919153869152069 2.330711603164673 6.494971960783005 0.1849499493837357 0 0.5060260891914368 2.39498507976532 3.150681093335152 276.8857886716723 51.36052586883307
133.5722571089864 1008.128677427769 281.5232848003507 2138.234186589718 345.0045458674431 109.5620926469564 4031.894383773208 207.3106560856104 1249.945370048285 6431.330911293626 669.9085567593575 1641.083265095949 3827.27552331984 2810.535617522895 35.20762595534325 21.3827765956521 0.9419444352388382 0.3469708859920502 0 1.105945006012917 0 3.572545945644379 2.194975227117538 1.474258527159691 26.44434852153063 0.9881370663642883 3.452368572354317 2.28593959659338 1.63930232077837 1.39846683293581 29.87856161594391 24.26050515472889 1184.036524184048 2.793072164058685 7.93256352096796 39.70592620968819 592.8881748467684 105.0639806836843 90.25033950060606 45.28949204087257 6.322597555816174 3.657315418124199 0.3560010343790054 4.106847904622555 2.240544877946377 3.657240003347397 119.3456160053611 0.5565190464258194 1.183176420629025 1.74243701249361 2.150510236620903 3.153643533587456 9.09655998647213 1.633732065558434 1.423662833869457 2.063568666577339 3.649045020341873 8.642593741416931 1.188873283565044 5.057249747216702 2.488899886608124 124.0914169326425 0.762173667550087 24.11595826596022 0.523603081703186 0.5982580184936523 1.095786817371845 1.512701809406281 2.76989970356226 8.765052564442158 733.0134752690792 19.62317305058241 0.3526223450899124 15.30826810747385 11.92642670869827 31.59856659173965 42.55210819095373 20.55023296177387 3.383093900978565 123.8383250012994 3.223259590566158 18.90375660359859 3.419454798102379 1.462644405663013 0 0.8882618844509125 1.295853279531002 0.3564039617776871 0.6486626043915749 0.6808416545391083 0.3463012352585793 1.524522565305233 14.50945264846087 5.639083065092564 2.775099940598011 2004.012206375599 77.97897331416607 7.250885762274265 29.28447943180799 44.3093411102891 4.474053278565407 0.9085124135017395 34.56054250895977 12.01467801630497 13.47571671009064 128.0812597498298 19.02791598439217 66.55219402909279 147.6448799446225 128.5041397884488 34.46928086131811 386.9237325713038 148.8219511881471 316.0094599053264 241.4891776069999 1.109869591891766 1.475271679461002 0 0.2609273642301559 0.1456914842128754 0 0 0.7843535840511322 0.4908159077167511 0 0.2228464633226395 0.2802330106496811 4.636649608612061 0.4324848800897598 0.5569096207618713 1.169068031013012 0.6610498055815697 2.234634704887867 0.2562802731990814 19.42754451185465 13.34041230380535 0 4.495224997401237 1.354813784360886 136.7686809450388 10.71944280713797 112.190583601594 19.68481650948524 15.35734965652227 1.418391428887844 0.4168850556015968 0 0.6806421279907227 2.09859362244606 1.682100526988506 0.2106497883796692 0.429910846054554 0.4915065541863441 0 0.09539394080638885 0.481926716864109 2.13277093321085 0.8489268720149994 0.927306167781353 0.2647795602679253 0 2.234152615070343 0.4367068707942963 0.1472843289375305 3.806388914585114 4.6104596555233 173.6851996481419 1.314489006996155 0.1404931247234344 0.1573572605848312 0 0 0 0 0.2319927141070366 0.8881295323371887 264.7291049063206 21.91691262274981 2.710534662008286 1.144484788179398 1.082927025854588 78.9160987958312 6.642181903123856 29.20799537748098 2.480801828205585 2.34476862102747 0.8693840801715851 0.4621001482009888 0.7891120314598083 0.2299880459904671 0.118057407438755 0 0.5224703177809715 0.387333944439888 0.4652305841445923 0.1056887581944466 0.1395787298679352 195.5710576400161 34.87359546869993 43.87193460017443 528.333952203393 6.697637923061848 210.012601710856 93.83065590262413 196.456844933331 32.038783185184 2.294605650007725 81.28396723419428 18.00253538042307 2.908716350793839 12.46325393021107 4.762764096260071 9.95761776715517 0.6087666600942612 0 0.9889402613043785 10.13575552403927 3.710539489984512 453.0094627663493 136.639226295054
