76.03039439767599 756.1855872422457 338.6659463569522 600.5972234085202 34.25657338649035 38.96265482902527 347.9449784010649 91.52080174535513 15.05424675345421 864.0125399380922 134.2543479576707 74.80555319786072 230.877584002912 93.04761774092913 2.742157004773617 0.7282443195581436 0.4555885195732117 0.09139162302017212 0 0 0 0 0 0 0 0.07181584089994431 0 0 0 0 1076.084880515933 4.693350523710251 24.59901698678732 0 0 0 0.6023182570934296 0 0 0 0 0 0 0.1811662241816521 0.1779156625270844 0.3522444069385529 21.99534695595503 0.442183181643486 0 0 0 0 0 0 1.187269672751427 0.08748343586921692 100.7001553550363 972.1633319333196 16.05657963454723 17.66187281906605 0.1709952503442764 0.6760165691375732 0.1605308800935745 11.03869850188494 0.08247292041778564 0.3339542299509048 0.08324038982391357 0 0 0 3.896262213587761 2.331137657165527 0 172.4848440513015 161.1850704029202 54.27939147502184 1.608374275267124 1.057687893509865 0.09796569496393204 85.34304558485746 0 3.189822658896446 4.739549577236176 0 0.2665538191795349 0.06894870102405548 0.171146921813488 0 0 0 0 0 0 0 0 15.78688962757587 1.542447805404663 0.5350495874881744 0.3001928329467773 949.5832271426916 0 0 0.6765245050191879 5.605025172233582 0 1.177262753248215 0.5437667965888977 0.4920044839382172 21.35052623599768 6.957911320030689 0.7494105398654938 2.18125919252634 5.624654442071915 2.972924090921879 1.844960041344166 0 0 0 0 0 0 0 0 0 0 0 0 0 0 1.255043148994446 0 0.4005076289176941 0 0 0.6980335265398026 2.591408923268318 0 0 0 1.198240160942078 0.3935194760560989 0.8481777161359787 0.7967291250824928 0 0 0 0 1.084609985351562 0 0 0 0 0.4634092748165131 0 0 0 0.4278564155101776 0 0 0 0 0 0.7424056529998779 0 0 0 1.625940576195717 0 0 0 0 0 0.1931705921888351 0 0 0 1.316013090312481 0 0 0 0 3.11803326010704 0.8709887564182281 0.1309184581041336 0.5103756785392761 0 0 0 0 0 0 0 0 0 0 0 0 1.123960494995117 1.444645375013351 1.745834402740002 121.9145560860634 2.165647804737091 54.98571470379829 9.665635615587234 534.8021799400449 24.13121566921473 0.2316407263278961 4.67487670481205 1.69635035097599 0 1.039053916931152 0 7.355767458677292 0 0 0.1075531542301178 0.5756892263889313 0.2046839743852615 203.4353963583708 5.377095267176628
756.1855872422457 1037.424450665712 1996.553857527673 358.5695786997676 1608.492213770747 39.42071112990379 1714.341947443783 294.2896576598287 1768.049253091216 491.4042688831687 1600.744402997196 45.82212773710489 1176.37355478853 2061.886174678802 24.05740208923817 7.566040620207787 2.054122060537338 0.1877524852752686 0.1012246087193489 0 0 0 0 0.3436565697193146 0 0.1062175557017326 0.2312938198447227 0 0 0 2106.004832670093 23.45179887861013 84.42256861925125 0 0.09883625060319901 0.1038134843111038 2.688138499855995 0.9800793528556824 0.5737155973911285 0.3300051987171173 0 0 0 1.435799680650234 0.9261558651924133 0.321335531771183 87.16996153444052 1.995104730129242 0 0 0.1157486438751221 0 0 0 1.575063951313496 0.5622224658727646 70.33300896733999 889.026755720377 27.67343784123659 39.90674337744713 0.1785918921232224 4.940445140004158 0.08459647744894028 46.84428890794516 0.4020544216036797 0.4394050091505051 0.2702786922454834 0.09939804673194885 0.09145697951316833 0.07455615699291229 13.96472609043121 0.378720760345459 0 281.1870994865894 389.9598166570067 192.3535035774112 18.81177295744419 3.009701460599899 0.1727821007370949 196.0232857316732 0 8.058245345950127 9.262324243783951 0 0.746727392077446 0.2518416494131088 0.25517488270998 0.09946715086698532 0.1796528398990631 0 0 0 0 0 0 13.14049434661865 5.030258774757385 0 2.893262438476086 1002.796179413795 0 0.2767525613307953 0.6568514108657837 0.1044470816850662 1.200928680598736 1.770215213298798 1.425345405936241 1.185199543833733 6.853876441717148 4.872858770191669 2.724828861653805 7.361074544489384 10.18781563639641 6.101887039840221 1.769912078976631 0 0 0 0 0 0 0 0 0 0 0 0 0.2413264513015747 0 0.187129870057106 0 0 0 0 0.840084120631218 0.5494388788938522 0 0.5295019745826721 0 2.99238595366478 0 3.009777419269085 0.5580867081880569 0.4049999862909317 0 0 0 0 0 1.137858808040619 0 0 0 0 0 0 0.7267835736274719 0.1828317940235138 0 0 0 0.1884951591491699 0 0 0.6440684497356415 0.3999426662921906 4.489390626549721 0.3062937259674072 0 0 0 0 0 0 0 0 4.537313275039196 0 0 0 0 5.165689960122108 0 0.6811890974640846 0 0 0 0 0 0.1277885437011719 0 0 0 0 0 0 0 3.050754241645336 1.789520144462585 2.792808964848518 310.683371335268 9.384061045944691 204.7006353139877 36.94445211440325 556.4314607232809 61.78265298902988 0.3608603924512863 42.19642969220877 11.11438853293657 0 0.6503075733780861 0.1024491190910339 8.335397340357304 0 0 0 4.193744234740734 0.4583561196923256 77.74294471740723 14.15040346980095
338.6659463569522 1996.553857527673 1440.760041430593 16.80100987106562 873.8521267920732 1.235881671309471 254.3077559992671 867.8117631599307 890.6728481054306 4.234403401613235 2492.632537633181 1.875860318541527 234.5161122605205 1494.813746184111 4.939530417323112 3.014388926327229 0.4090201035141945 0.2282522618770599 0 0.1270216703414917 0.2953086942434311 0 0 0.1035334318876266 1.348381750285625 0 0.8648996502161026 0 0.259000152349472 0 3118.215775854886 370.2812499850988 62.8071323633194 0.1416934430599213 3.312319338321686 2.873796969652176 6.144834257662296 2.194227956235409 1.849679253995419 0.4046549648046494 0.5234013944864273 0 0.1321494728326797 0.3098374903202057 0.8733419477939606 0.5420447587966919 13.70273432135582 0.5262986272573471 0 0.1744558960199356 0 0.156051903963089 0.2237897664308548 0 0.2964652925729752 0.08474469929933548 16.44420056045055 498.2644675150514 4.774052038788795 4.690895780920982 2.998280957341194 21.96886825561523 2.229002021253109 141.2193791791797 0.08653352409601212 0.08697844296693802 0.1021746918559074 0 0 0.1478058844804764 10.8348727747798 0.4649088829755783 0 45.34712540358305 147.2294524908066 32.28759991377592 41.12081705778837 57.37712185829878 23.71030907332897 330.3681204617023 0.7267503067851067 53.3579658344388 1.09562474489212 0 0 0 0 0 0 0 0 0 0 0.3041172325611115 1.081438913941383 13.07966224849224 11.06219168007374 0.7778452932834625 6.514289431273937 272.2692514881492 0 0 0 0 0 0.1273264437913895 0 0.4591385796666145 0.2511529624462128 0.4882544279098511 0.9836622849106789 0.5466822609305382 3.672251157462597 0.6979280188679695 0.3557935804128647 0 0 0 0 0 0 0 0 0 0 0 0 0 0 0 0 0 0 0 0 0.3792700469493866 0 0 0 0.4728095158934593 0 0.9769003093242645 0.6911389455199242 0 0.09936735779047012 0 0 0 0 0 0.1980983316898346 0 1.079460233449936 0 0 0.1487192660570145 0 0 0 0 0 0 0.2154652178287506 0 0.3444089293479919 0 1.806303575634956 0.7227005362510681 0 0 0 0 0 0 0 0 2.598849937319756 0.3171231746673584 0 0 0 1.87017834186554 0.7488976716995239 0.649082288146019 0 0.2441553622484207 0.1272673308849335 0 0 0 0 0 0 0 0 0 0 0.7699116393923759 2.082989022135735 1.395628653466702 49.58977650105953 1.272243395447731 30.21989205479622 4.88918424397707 51.80830761045218 6.027329757809639 0 5.869241200387478 2.394234582781792 0 0.146993413567543 0 0.5247581452131271 0 0 0 1.386687263846397 0 10.82155414670706 3.465711794793606
600.5972234085202 358.5695786997676 16.80100987106562 191.0909311026335 53.31243571639061 105.1954869478941 566.8178286850452 0.1457440555095673 9.987608909606934 1348.14168189466 2.122493982315063 340.3541201800108 730.1365286484361 73.97290592640638 1.171333886682987 0.318580724298954 0 0 0 0 0 0 0 0 0 0 0 0 0 0 47.95206937938929 0.3419538140296936 0.272401474416256 0 0 0 0 0 0 0 0 0 0 0 0.2217804417014122 0 9.676483750343323 0.1955972760915756 0 0 0 0 0 0 0.2214010581374168 0.2158154398202896 16.3245290145278 207.3371968865395 4.753209792077541 6.162811823189259 0 0.08499860763549805 0 2.951184675097466 0 0 0.08358437567949295 0 0 0 0.1322342306375504 0 0 47.59662488102913 52.94611267745495 23.3599332049489 1.027184210717678 0.09643325209617615 0 0.146925300359726 0 0.2038508951663971 0.8829870000481606 0 0.2302862629294395 0.08592376112937927 0 0 0 0 0 0 0 0 0 3.869677260518074 1.332279443740845 0 0 312.5921275392175 0 0.7695019245147705 1.476862162351608 2.683457851409912 0.09488477557897568 6.022588029503822 1.927237629890442 1.045445084571838 28.26911768317223 2.433108918368816 0.2629484683275223 1.655816070735455 2.252751506865025 1.78482161462307 0.435158297419548 0 0 0 0 0 0 0 0 0 0 0 0 0 0 0 0 0 0 0 0.4332451224327087 0 0 0 0 0.224265955388546 0 0.8315931260585785 0 0.6335172057151794 0 0 0 0 0 0.3726696074008942 0 0 0 0 0 0 0 0 0 0 0 0 0 0 0 0 1.428963780403137 0 0 0 0 0 0 0 0 0 1.041969083249569 0 0 0 0 1.438067518174648 0.2097517102956772 0.1791421175003052 0 0 0.1001279130578041 0 0 0 0 0 0 0 0 0 0 0.5805405974388123 0.1733685582876205 1.815680012106895 43.36572643369436 1.328244037926197 23.11456519365311 2.001999042928219 443.0939315780997 7.17717245221138 0.3592696636915207 1.779659956693649 1.590430080890656 0 0 0 2.702454462647438 0 0 0 0.2421420365571976 0 40.99075344949961 1.771206855773926
34.25657338649035 1608.492213770747 873.8521267920732 53.31243571639061 510.1461634635925 5.460952550172806 1030.615899860859 63.98508447408676 1968.619875565171 213.0901049971581 738.0207007154822 32.12695515155792 676.3238555043936 1565.039485372603 11.17324950546026 4.036927655339241 0.4045786783099174 0 0 0 0 0 0 0 0 0.1465641111135483 0 0 0 0 78.05579608678818 1.800558775663376 3.592191264033318 0 0 0 0.9250690042972565 0.270429939031601 0.1983208954334259 0 0 0 0 0.8037661090493202 0.2285474091768265 0.09650683403015137 27.24392607063055 0.4355008080601692 0.1131444051861763 0 0 0 0 0 0.5488392040133476 0.177972599864006 7.579774312674999 56.29130238294601 3.973227106034756 9.516022399067879 0.1828657537698746 0.6474732831120491 0 7.767366975545883 0 0.4144724234938622 0 0 0 0 10.09563945233822 0.2828508317470551 0 43.79466850310564 57.63901167362928 60.48592822253704 6.266945019364357 2.375114865601063 0.1756228357553482 9.397817678749561 0 0.2666354104876518 1.790667399764061 0 0.075941301882267 0 0.09667405486106873 0 0 0 0 0 0 0 0 16.14080792665482 2.863249599933624 0 1.438950046896935 7.707162335515022 0.1477932333946228 0.7782222703099251 0.2505693137645721 0.3516245782375336 0.6251862794160843 0.9841266423463821 3.52475905418396 1.991165608167648 6.176043801009655 6.948679514229298 2.577076978981495 4.185313507914543 18.84618476033211 6.454026482999325 2.148704841732979 0 0.1085029169917107 0 0 0 0 0 0 0 0 0 0 0 0 0 0 0 0 0 0.839089423418045 0.7561222612857819 0 0 0 1.91366670280695 0 3.286505021154881 1.075101390480995 0 0 0 0 0 0 0.598147451877594 0 0 0 0 0 0 0.8296531438827515 0 0 0 0 0 1.133860372006893 0.4307222366333008 0 0 4.225393868982792 0.2405521869659424 0 0 0 0 0 0 0 0 9.873650886118412 0 0.1453433036804199 0 0 8.440167427062988 0.4123050421476364 1.242196463048458 0 0 0 0 0 0 0 0 0 0 0 0 0 5.887327753007412 2.794642820954323 6.167906254529953 169.8665299341083 4.390132203698158 74.32913026213646 16.15249961614609 70.45151694864035 16.39827273786068 0.1225938573479652 25.1180058196187 6.552688591182232 0 0.8304915726184845 0 3.883996225893497 0 0 0.1437946557998657 3.340329296886921 0 37.94276779145002 20.21422666311264
38.96265482902527 39.42071112990379 1.235881671309471 105.1954869478941 5.460952550172806 5.605493053793907 29.68155537545681 10.07288171350956 1.257458180189133 228.1032572686672 4.306067392230034 82.47994002699852 63.00263497978449 18.40709967166185 0.3920785114169121 0.2214701920747757 0 0 0 0 0 1.13040691614151 0 0 0 0 0 0 0 0 6.399663262069225 0.7222172915935516 20.05997794866562 0 0 0 14.32581110298634 3.766953162848949 5.246705383062363 0 0 0 0 0 0 0 0.5681158304214478 0 0.1132544875144958 0 0 1.643363818526268 0 0 0 0.7475771680474281 119.8151995241642 10.14444191753864 0.9956932067871094 0 0 15.13086344301701 0 0.2754064574837685 0 0.1084388792514801 0.120273046195507 0 0 0 94.77481019496918 116.1642950475216 12.26083481311798 0.1306071132421494 0.7860822230577469 0.4902170449495316 0 0 0 8.218180470168591 0 8.054024174809456 0 0.3097649216651917 0.1057689487934113 0.3833890855312347 0 1.494537308812141 0.5201179459691048 4.030027717351913 0 0 0 0 0 503.1155513823032 249.1988400071859 2.998179882764816 32.17897073179483 225.2301163822412 0 0.7407312393188477 0 0 0.1150385215878487 0.7205519378185272 0.6319058239459991 1.794423803687096 1.594337955117226 5.994787663221359 0.5391692966222763 2.946356162428856 5.963440999388695 1.851706430315971 1.125766970217228 0.226098045706749 0 0 0 0 0 0 0 0 0.3084034323692322 0.1419588476419449 0 0.4307242035865784 0 0.2684922069311142 0 0 0.2956941425800323 0 0.1004694998264313 0.7751909643411636 0 0 0 0.3690668269991875 0 1.464930288493633 2.765639439225197 0.396258756518364 0.3923725783824921 0.4126727879047394 0 0 0 0 0 0 0 0 0 0 0 0.4897956997156143 0 0 0 0.2036049216985703 0 0 0 0 1.490125425159931 0 0 0 0 0 0 0 0 0.4279154241085052 2.805333092808723 4.771267116069794 1.056194067001343 0 0 1.792935080826283 0.569240927696228 0.3870252519845963 0 0 0 0 0 0 0 0 0 0 0 0 0 0.5247415229678154 2.281672835350037 2.386459156870842 17.60168904066086 0 2.19497175514698 0.5386340022087097 160.9784751236439 0 0 0.1511539816856384 1.853262767195702 0 0 0 5.944485545158386 0 0 0 0 0 109.1636130586267 25.45119974762201
347.9449784010649 1714.341947443783 254.3077559992671 566.8178286850452 1030.615899860859 29.68155537545681 187.0496612340212 12.62859807908535 690.4142575114965 1063.109727688134 363.3477459251881 198.2221988737583 902.5021181702614 699.6624654754996 9.863942444324493 3.711738355457783 0.8017297089099884 0 0.3223703280091286 0.147591233253479 0 0 0 0 0 0.1231447979807854 0 0.101482667028904 0 0 81.8891289010644 0.5325859785079956 12.41442836076021 0 0 0 1.688911981880665 0.2907866090536118 0 0 0 0 0.175716832280159 0.7069233730435371 1.016446739435196 0.09661325067281723 37.6832988858223 0.1441985219717026 0.0924411341547966 0.08777693659067154 0.1127718389034271 0 0.4215062335133553 0 0.3751702979207039 0 13.19420145452023 119.3867954686284 5.077863603830338 12.49387818574905 0 0.6084400415420532 0.1037716418504715 9.447343610227108 0.08423801511526108 0.07975412160158157 0 0 0 0 8.852510429918766 0 0 69.26452404260635 94.27032797038555 67.6498005092144 8.984110563993454 1.994189374148846 0.08614948391914368 2.463955365121365 0 1.063479624688625 3.815395548939705 0 0.3889041617512703 0.1842690110206604 0.08663493394851685 0 0 0 0 0 0.1268722862005234 0 0 49.53086768835783 4.857230506837368 0 1.605721063911915 42.09725231677294 0.303834356367588 2.949855461716652 8.43430220335722 17.10051798820496 1.879567936062813 14.17969067394733 7.085981979966164 4.442732878029346 28.10130464285612 16.60538718104362 2.721823990345001 17.17206162214279 30.13873159140348 17.58391437679529 6.19704607129097 0 0 0 0 0 0 0 0 0 0 0 0 0 0 0 0 0 0 0 2.544413313269615 1.965679466724396 0 0 0 4.134142883121967 1.433887839317322 4.984476216137409 1.413488365709782 0.3562836647033691 0 0 0 0 0 0 0 0 0.3409441709518433 0 0 0 0.5868650078773499 0 0 0 0 0 1.19048385322094 0.7275794744491577 0.2779050469398499 0 7.738549366593361 0.5010482668876648 0 0 0 0 0 0 0 0 9.904416307806969 0.5197593420743942 0 0 0 14.0005749091506 0.7029496282339096 2.594769939780235 0 0.3037217259407043 0.3416092097759247 1.262824058532715 0.1439071595668793 0 0 0 0 0 0 0 0 8.679056726396084 6.101528763771057 5.269073456525803 218.2657711207867 4.486412562429905 90.08444812148809 20.29052470624447 221.0054873675108 25.21006315201521 1.471958056092262 26.26745951920748 6.101434841752052 0.316207081079483 0.9444191977381706 0 8.920954033732414 0 0 0 3.647483624517918 0.5760856419801712 124.8372168391943 33.38291523605585
91.52080174535513 294.2896576598287 867.8117631599307 0.1457440555095673 63.98508447408676 10.07288171350956 12.62859807908535 940.6155290901661 128.2879395484924 4.740952521562576 1204.49980288744 4.161626771092415 36.69040586799383 429.6929021775723 17.33025968819857 16.58230419456959 2.52041132748127 0.1122348606586456 0 0.4205179587006569 1.754705414175987 0.3452231287956238 0 3.859120585024357 13.43514613807201 0.6425032243132591 8.396649651229382 0 0.3878324329853058 0.6505519673228264 1577.731899723411 1062.152259759605 106.2697781771421 3.408003903925419 16.78999537974596 39.91845905035734 48.77391227334738 40.29534979909658 8.515777245163918 5.546795301139355 1.132522836327553 1.786241769790649 0.844870388507843 32.85887578129768 4.355923675000668 28.22934022545815 25.05487330257893 0.2310834378004074 0.1193437054753304 0.1346527934074402 0.1387633830308914 4.720158845186234 2.694434553384781 0.8172163739800453 0.1767868846654892 0.2290701419115067 7.555727533996105 147.248959928751 2.263575151562691 3.456956014037132 103.3328411951661 247.4368546828628 19.76471528410912 358.1019666790962 0.1101830676198006 0.09182371199131012 0.104251004755497 0 0.8752909377217293 1.55576653778553 52.97125076502562 3.673784449696541 0.4848979860544205 23.32953283190727 118.3430223613977 35.40203443914652 232.5546807646751 526.443042345345 1484.187944680452 927.3315303772688 165.9509613588452 917.0919167622924 0.7599035874009132 0 0.09065946936607361 0 0.2866764888167381 0 0 0.2069772928953171 0 2.330024406313896 3.274277344346046 1.91911868005991 2.175355315208435 81.1770873516798 67.50924511253834 0.1293304562568665 52.29057240486145 42.32629206776619 0.3310847878456116 0 0.1395718157291412 0 0.2568787634372711 0.7788636162877083 0.4073769599199295 0.9565186649560928 1.346598319709301 3.826011314988136 1.696021616458893 4.168678514659405 4.677072167396545 4.328908793628216 1.497844874858856 0 0 0 0 0 0 0 0 0 0 0.1286457479000092 0 0.3307544589042664 0 0 0.1804887503385544 0 0.391190379858017 0 0.7346597164869308 1.294804997742176 0 0.286593109369278 0.1550870686769485 3.607053250074387 0.5047326385974884 4.911789938807487 4.047756768763065 0.8393724635243416 0.2304991036653519 0.09272253513336182 0 0.09695381671190262 0 0 0 0 0 0 0.2303657978773117 0 0.3289685249328613 0.9426444545388222 0 0 0 0 0.8341146111488342 0 0 0.6932871341705322 5.913064271211624 1.600044220685959 0 0 0 0 0 0 0 0 6.01231399923563 1.126709029078484 0 0 0 6.883904300630093 1.003723725676537 3.88417911529541 0.1525829285383224 0.3925217092037201 0.4813661575317383 0 0 0.09652091562747955 0 0 0.2313207387924194 0 0 0 0 5.407258130609989 10.33360321074724 6.386865712702274 185.9877823591232 2.455435767769814 51.37640676647425 23.26538989692926 22.48803540319204 6.031017862260342 0.2635643780231476 7.068592943251133 8.175305113196373 0 0.7659218609333038 0 3.72354181855917 0 0 0.1600589454174042 4.212085343897343 0 18.68831926584244 13.86195485293865
15.05424675345421 1768.049253091216 890.6728481054306 9.987608909606934 1968.619875565171 1.257458180189133 690.4142575114965 128.2879395484924 716.1377357691526 36.88843758404255 1204.285043224692 16.81794776022434 552.9531393051147 1085.397530518472 1.725046165287495 0.5984711572527885 0 0 0 0 0 0 0 0 0 0 0 0 0.1118059009313583 0 34.88826514780521 0 11.33282198011875 0 0 0 0.4653801918029785 0 0 0 0.08669033646583557 0 0 0.2219701930880547 0.06980311125516891 0 5.116962663829327 0.08803857862949371 0 0 0 0 0 0 0 0 1.351876579225063 6.743687339127064 0.730343297123909 1.18020923435688 0 0 0 1.0308952704072 0 0 0 0 0 0 2.131333269178867 0 0 4.104155868291855 5.890308745205402 6.125718474388123 1.270397983491421 0.7590065747499466 0 24.64715558290482 0 0 0.3800939917564392 0 0 0 0 0 0 0 0 0 0 0 0 8.501634255051613 0.4138182699680328 0 0.6807652711868286 2.342449590563774 0 0.2275715470314026 0.1244222074747086 0.09160422533750534 0.2311624214053154 1.127727061510086 0.8569799065589905 1.82422111928463 2.335583247244358 3.35589686781168 0.237406812608242 0.6735569685697556 4.58685265481472 2.739232547581196 2.17316023260355 0 0 0 0 0 0 0 0 0 0 0 0 0 0 0 0 0 0 0 0 0.631498321890831 0 0 0 1.166816368699074 0.2411417216062546 0.4958627074956894 0.5825294256210327 0 0 0 0 0 0 0 0 0 0 0 0 0 0 0 0 0 0 0 0 0 0 0 1.500244103372097 0 0 0 0 0 0 0 0 0 1.607414864003658 0 0 0 0 1.231027342379093 0 0.5976534485816956 0 0 0 0 0 0 0 0 0 0 0 0 0 2.967285923659801 0.4719818457961082 1.09387780725956 29.97261636704206 0.7838106602430344 6.502373792231083 1.608352534472942 8.520062617957592 1.897357650101185 0 2.952163405716419 0.7470061480998993 0 0.1171126067638397 0 1.199283167719841 0 0 0 0.543332651257515 0 17.64434190839529 4.153582230210304
864.0125399380922 491.4042688831687 4.234403401613235 1348.14168189466 213.0901049971581 228.1032572686672 1063.109727688134 4.740952521562576 36.88843758404255 1116.608756355941 16.06238286942244 997.3146632015705 2239.844984009862 234.0513547062874 2.619236625730991 1.564853303134441 0.07203488051891327 0.1329017281532288 0 0 0 0 0 0 0 0 0 0 0 0 24.2636209577322 0.2154376655817032 42.54283286631107 0 0 0 14.8733037635684 0.9412971660494804 1.15538077801466 0 0 0 0 0.5252200439572334 0.1575080752372742 0 8.875241234898567 0 0 0.2634797766804695 0 0 0 0 0 0.1002479642629623 44.57791268080473 119.1770400479436 2.456961870193481 3.072346523404121 0 8.234918139874935 0 2.092525891959667 0.08801954984664917 0 0 0 0 0.06731016933917999 577.1176986470819 7.74371999502182 0 29.01374977827072 32.62142480164766 15.16844905167818 1.488102287054062 0.87911157310009 0.2669580578804016 13.1206730902195 0.1307526528835297 2.175150133669376 0.3446613103151321 0 0.2412464320659637 0 0 0.592081107199192 0 0.2629022002220154 0.1570766717195511 0 0 0 0 453.2854199334979 116.546464510262 0 40.64124786108732 333.9038444384933 0.2162748649716377 5.457639575004578 9.266314148902893 13.88733940571547 1.929320193827152 5.346057936549187 19.71572832763195 10.53079858422279 47.2102933973074 51.63785427808762 5.087657660245895 46.46664649993181 102.7960492148995 42.18458768725395 9.635719835758209 0 1.034126400947571 0 0 0 0 0 0 0 0 0 0 0 0 0.9502034932374954 0 0.6788309216499329 0 0.2268544584512711 2.568437047302723 5.063400983810425 0 0.1779578030109406 0 5.21690322458744 2.419866301119328 8.025581583380699 3.232356168329716 0.1909012794494629 0 0 0 0 0 0.5137450098991394 0 0 0.2491221278905869 0 0 0 0.5045554637908936 0 0 0 0 0.0981205552816391 1.970848262310028 0.1280191391706467 0 0.122006356716156 16.43543978780508 1.243429906666279 0 0 0 0 0 0 0 0 24.05864865332842 0.2287361621856689 0 0 0 20.68796238303185 2.440935477614403 3.064843349158764 0.5250586867332458 0.780679926276207 0.5640019029378891 0.5127286165952682 0.5032910108566284 0 0 0 0 0 0 0 0 18.85091765224934 7.453395366668701 6.101630069315434 248.1926563605666 1.271639563143253 28.71312803775072 8.683438681066036 942.616352841258 7.30324287712574 0.7057917416095734 5.169425643980503 11.89857043325901 0 2.156609930098057 0.3627983629703522 40.89202236384153 0 0 0.8036002814769745 0.5079315602779388 0 1058.392443984747 108.2335666939616
134.2543479576707 1600.744402997196 2492.632537633181 2.122493982315063 738.0207007154822 4.306067392230034 363.3477459251881 1204.49980288744 1204.285043224692 16.06238286942244 1523.239749118686 83.42786403000355 1374.594528771937 2954.99294039607 22.92534442991018 14.19076941907406 2.79469183832407 0.08878425508737564 0.1043989285826683 0 0 0 0 0.1152554452419281 0 0.1006165519356728 0.1822812110185623 0 0.2695174217224121 0 832.1779762431979 101.5015257745981 369.3869284912944 0.09213944524526596 0 0.1526269316673279 70.76675570756197 14.20566913485527 2.432554915547371 0.3058429062366486 0 0 0.1197075098752975 5.304098524153233 0.9176823571324348 0.4825516268610954 46.86921852827072 0.6395658776164055 0.1395111382007599 0.1125083342194557 0 0 0.2796576842665672 0.1573376804590225 0.3706256747245789 0.1581083685159683 10.59411358088255 106.0768345966935 3.259643122553825 10.0873040407896 0.1139453798532486 73.26630637049675 0.1378195732831955 49.05236540734768 0 0.2954019457101822 0 0 0 0 205.5519233122468 1.142793498933315 0.1185154765844345 43.74166852235794 98.1050805747509 79.00908046215773 35.40760879218578 28.44482808560133 26.13249059766531 488.2192971408367 0.8643406331539154 79.0556502789259 2.315583176910877 0 0.3899198397994041 0 0.3080170154571533 0 0 0 0 0.1403764337301254 0 0 0 42.70927245914936 25.32257609814405 1.055548310279846 27.01856787502766 44.03232019394636 0 0.3309317529201508 0 0 0.2253181859850883 0.7891972661018372 0.3087893575429916 0.4390400946140289 0.5312270596623421 1.05332288891077 0.2020706683397293 0.9440839290618896 3.742211014032364 2.255047708749771 0.7976095750927925 0.1011222675442696 0 0 0 0 0 0 0 0 0 0 0 0 0 0 0 0 0 0 0.4670877456665039 1.025569297373295 0 0 0 0.5864975601434708 0.2183355391025543 1.867711655795574 1.058974750339985 0.1006179302930832 0 0 0 0 0 0 0 0 0.8478894233703613 0 0 0 0.6967794299125671 0 0 0 0 0 0.121409960091114 0 0 0 0.796454481780529 0 0 0 0 0 0 0 0 0 2.788282327353954 0.1228778436779976 0 0 0 3.697094105184078 0 0.4282959252595901 0 0 0 0 0 0 0 0 0 0 0 0 0 2.878330327570438 3.213219337165356 1.108663268387318 213.5174131542444 7.171536348760128 91.37181563675404 37.7571981549263 41.67677805572748 16.53290483355522 0.573784813284874 23.41648783534765 5.021041318774223 0.3025193735957146 0 0.9404630064964294 1.574569940567017 0 0.3116451799869537 0.4321343004703522 5.458191186189651 0.1752661913633347 18.67308600991964 5.479325890541077
74.80555319786072 45.82212773710489 1.875860318541527 340.3541201800108 32.12695515155792 82.47994002699852 198.2221988737583 4.161626771092415 16.81794776022434 997.3146632015705 83.42786403000355 130.8831545561552 1127.27889251709 315.8603501021862 16.16883563250303 12.93993107974529 1.729548126459122 0.117409847676754 0 0 0 0 0 0 0 0 0.12809157371521 0 0 0 4.236621588468552 0 183.0446745306253 0 0.1321407407522202 0 63.18541362136602 55.37500508129597 4.599807634949684 0 0.3800708949565887 0 0 2.159402869641781 0.1117228716611862 0.4061344861984253 22.83293007314205 0 0 0.110614612698555 0 0.151201605796814 0.7202554941177368 0 0 0 2.382142551243305 2.52415657043457 0.1733758673071861 0.843265637755394 2.366203315556049 39.85153885185719 0 0.6644316464662552 0 0.08120624721050262 0 0 0 0.1809419989585876 278.9001590907574 1.503907114267349 0 2.924373440444469 5.116254307329655 13.17605250328779 4.367773965001106 5.586051307618618 0.1099482774734497 92.05752788484097 0.1569181084632874 8.470962807536125 0 0 0 0 0.2233327478170395 0.1081088036298752 0.101612463593483 0.1182220503687859 0 0.2219930738210678 0 0 0 570.3849495276809 112.4181668236852 0 68.62669327110052 9.892163597047329 0.7359282821416855 1.711845472455025 4.989255227148533 1.604547992348671 2.241130776703358 3.876467682421207 11.96026168018579 8.622823379933834 28.0789368674159 33.7413267493248 6.25584938377142 39.65631729364395 65.99887575209141 36.58183485269547 11.72211148589849 0.5725947320461273 0 0 0 0 0 0 0 0 0 0 0 0.139579713344574 0 0 0 0 0 0 3.735103793442249 8.212527178227901 0 0 0 4.104074887931347 1.092659950256348 13.69213615357876 5.136374823749065 0 0 0 0 0.0955541580915451 0.8758940696716309 0 0 0.0898389145731926 0.08988984674215317 0 0 0 0 0 0 0 0 1.15848571062088 1.452118426561356 0 0 0 11.15660881251097 1.107901960611343 0 0 0 0 0 0 0 0 25.94502633064985 0.7207567542791367 0.09568669646978378 0 0 26.28064876049757 0.8181940913200378 4.225965522229671 0.298614889383316 0.390694186091423 0.2786541879177094 0 0 0 0 0 0 0 0 0 0 24.02298958599567 11.50643270462751 9.655245788395405 281.3152891248465 4.666261404752731 58.82333948463202 30.96675460040569 132.2015475481749 4.186661042273045 0 7.640001609921455 10.91919218748808 0 1.759617701172829 0.3302362784743309 27.48996744304895 0 0 0.6265047043561935 4.037409156560898 0 549.6787010058761 119.0645747482777
230.877584002912 1176.37355478853 234.5161122605205 730.1365286484361 676.3238555043936 63.00263497978449 902.5021181702614 36.69040586799383 552.9531393051147 2239.844984009862 1374.594528771937 1127.27889251709 2219.635190367699 4737.70889903605 32.99362237751484 28.79982072114944 4.04666555672884 0.3728587552905083 0.5475613102316856 0 0 0 0.2875639200210571 0 0.170110672712326 0 0.4365392476320267 0.09830450266599655 0.126990482211113 0.1268695443868637 36.10211403667927 1.680173583328724 1493.566291086376 0.2057574242353439 0.4059372991323471 1.889286331832409 267.2662495672703 403.37338026613 6.797834053635597 0.3013668954372406 0 0 0.1073881536722183 7.053236097097397 0.8615347519516945 0.6697065606713295 76.82218430936337 0.1592941433191299 0.6855571791529655 0 0 0 0 0.1229520067572594 0.2696461752057076 0 6.80456218123436 38.2126365378499 1.885295450687408 6.000614963471889 0.3275995925068855 175.8612230792642 0.1228331476449966 4.995293840765953 0.1019377931952477 0 0 0.1057416796684265 0.09696382284164429 0 514.3077922537923 2.301979690790176 0.1485971957445145 32.79107767343521 49.76605054736137 63.97064977884293 22.98042174428701 16.85507813841105 0.8859057947993279 468.6350689604878 0.5912951305508614 25.2903496325016 1.929770931601524 0 0.07133749127388 0 0.171670027077198 0 0 0 0 0 0.4123946949839592 0 0.6644744127988815 797.0222997739911 124.4071142598987 0.4817210510373116 148.8294746652246 19.28848853707314 0.9856355562806129 5.820164807140827 5.504931353032589 3.184109076857567 4.641785442829132 10.54464988410473 27.1768838763237 15.65703231841326 48.67115677148104 68.32605405896902 12.70733745396137 58.43359858542681 120.0213491171598 81.16616902500391 18.85900573432446 0 0.5361275672912598 0 0 0 0 0 0 0 0 0.1664800941944122 0 0 0 0 0 0.1042459532618523 0.4630699455738068 0 6.224799633026123 12.37352104485035 0 1.235639780759811 0.6074216216802597 16.8732934743166 2.801630862057209 24.76932146400213 11.47241748869419 0.8506651371717453 0 0 0 0 0 0.5643481016159058 0 0 0.9215281754732132 0 0 0.1899954825639725 0.6923882365226746 0 0 0.3412505090236664 0 0.4589875116944313 3.491333737969398 0 0.4394926875829697 0.692797839641571 34.32989088445902 2.785705730319023 0 0 0 0 0 0 0 0 61.91571097820997 0.5628905072808266 0.461095780134201 0.1245284527540207 0.1263842284679413 55.15302761644125 3.096374928951263 10.83802728354931 0.2151883989572525 0.8754977583885193 2.135129481554031 0 0 0 0 0 0 0 0 0 0 50.92768649756908 20.08349734544754 19.0350067615509 665.1247347295284 11.7051025480032 166.8340929299593 92.85381454229355 243.3432954847813 20.32201558351517 0.710331916809082 45.03466381877661 28.91862757503986 1.273075126111507 3.61383106559515 0.797638013958931 40.88053064793348 0 0 0.7149023711681366 15.17242895811796 1.452745616436005 614.7566849291325 177.5939313471317
93.04761774092913 2061.886174678802 1494.813746184111 73.97290592640638 1565.039485372603 18.40709967166185 699.6624654754996 429.6929021775723 1085.397530518472 234.0513547062874 2954.99294039607 315.8603501021862 4737.70889903605 1425.767273411155 51.98958222568035 38.64715078473091 7.465521924197674 0.4849979132413864 0.1869807913899422 0.1097954288125038 0 0.1696624457836151 0.1114915534853935 0.0946953222155571 0.4597654491662979 0.1526825428009033 0.09330777823925018 0 0.1289127618074417 0 255.4671462923288 27.83200850337744 1137.82411146909 0.1221292689442635 0.4570932015776634 0.4256761372089386 256.4462842494249 179.5100544989109 6.79145323485136 0.09187273681163788 0 0 0 14.17919452488422 1.881408974528313 0.634630411863327 133.89111674577 1.049345836043358 0.6461774930357933 0.1581588834524155 0 0.1515097171068192 0.4004296809434891 0 0.901290088891983 0.2652067393064499 13.54345651715994 92.66472122073174 5.468724392354488 19.826032333076 0.5611294284462929 150.6093695759773 0.2756946906447411 27.6757046058774 0.1625231802463531 0.5945292785763741 0.2134374603629112 0.3112524375319481 0 0 454.7124516740441 2.380207851529121 0.4332665950059891 73.80387137085199 127.4940174892545 165.0841852799058 52.04549834132195 40.24831254035234 11.15626423060894 651.2377486750484 0.5796491876244545 57.47979191690683 4.130545809864998 0 0.7812667489051819 0.279351532459259 0.09763289242982864 0 0 0 0.3403649032115936 0.1369602233171463 0.71955256909132 0.1039713472127914 0.3233587667346001 222.3074975162745 58.86448001861572 0.9830080643296242 54.85195368528366 21.70648834854364 1.226378783583641 1.439137667417526 4.808926537632942 3.46288438886404 2.588326707482338 7.475487075746059 10.15184248238802 12.28338643908501 27.71670556813478 36.6474007293582 9.112912856042385 34.558802254498 79.08785321563482 41.46588942408562 16.76277500391006 0.2088927924633026 0 0 0 0 0 0 0 0 0 0 0 1.007107377052307 0 0 0 0 0 0 4.111919201910496 8.554453939199448 0 0.8913179039955139 0 13.2012342736125 1.32934544980526 19.05577950924635 6.941147141158581 1.552496135234833 0 0 0 0 0 0 0 0.3925836682319641 0.1407657563686371 0 0 0.1138085201382637 0 0 0 0 0 0.07429604232311249 4.046188533306122 0 0 0.4797392785549164 20.10977373272181 3.442773818969727 0 0 0 0 0 0 0 0 48.77542800456285 0.5089436396956444 0.09890101850032806 0.1096085384488106 0 34.74895638227463 1.633840814232826 7.155376970767975 0.233810618519783 3.532562136650085 0.2895295917987823 0.1542322784662247 0.3845393657684326 0.2322819232940674 0 0 0 0 0 0 0 38.42905064672232 23.36579900234938 16.58698882907629 870.8347926437855 17.91257566213608 281.9933783859015 113.9254680424929 165.85962177068 46.76685331761837 1.472422301769257 92.70175720751286 28.68348796665668 0.8053606301546097 1.097686976194382 3.457940720021725 19.92763005197048 0 0.2121457308530807 0.7343633025884628 18.66687577217817 2.501988798379898 193.5730138793588 86.63056401908398
2.742157004773617 24.05740208923817 4.939530417323112 1.171333886682987 11.17324950546026 0.3920785114169121 9.863942444324493 17.33025968819857 1.725046165287495 2.619236625730991 22.92534442991018 16.16883563250303 32.99362237751484 51.98958222568035 799.2087503522635 2253.865644030273 585.8700977116823 11.86764239519835 72.12699218839407 2.861175782978535 1.861998923122883 0.1023435816168785 0.4406050890684128 1.453899420797825 1.205547444522381 1.072205908596516 1.449230283498764 0.2004129737615585 1.104814641177654 0.2912562191486359 6.381158173084259 0.7970758229494095 34.42498026788235 2.068139709532261 2.577367648482323 8.734039641916752 15.06993655860424 12.34095738828182 7.816291779279709 1.643272794783115 0.5506346449255943 0.5511546209454536 2.297197818756104 186.4102956578135 90.59168545901775 28.91707706451416 491.1147656068206 1.366185747087002 5.027528695762157 2.125228084623814 0.6950659528374672 2.505451649427414 4.182989746332169 0.9244385063648224 0.4437495172023773 0.2259848490357399 5.781827576458454 5.49442432820797 61.52604345232248 710.0084842965007 15.97906053066254 60.01041296869516 5.30915779620409 1.70913352817297 0 0.4068786352872849 0.2691379711031914 0.3094529956579208 2.365842416882515 1.859556615352631 20.39181112498045 1.841206699609756 0.1911616325378418 981.2779094129801 14.14700624346733 935.4041574522853 443.3020430207253 327.4918229877949 3.901983126997948 28.28865021467209 9.825515516102314 67.03323538601398 4.892739251255989 0.07955387234687805 0.6858091577887535 0 1.601438693702221 0.2212497666478157 0.0900585949420929 0.07386637479066849 0.3541167080402374 1.476924762129784 6.381847113370895 0.8372400104999542 1.420292764902115 12.32945682108402 12.84248436242342 0.9401814937591553 26.27270211279392 1.016020826995373 0 0 0 0 0.08959782123565674 0 0 0 0 0.1687188670039177 0.1243650689721107 0.2337749451398849 0.1145246177911758 0.4698767438530922 0.109759159386158 0.1570511311292648 0.2582389414310455 0 0 0 0 0 0.1631484031677246 0 0 0 0 0.165407195687294 0 1.165378972887993 0.3561832904815674 1.111806631088257 0.9732644557952881 0 0.4846276342868805 0 0 0.09479160606861115 0 0.4230401962995529 0.5972551852464676 1.569990433752537 3.590180829167366 1.802232824265957 0 0.09685306251049042 0 0 0 0.4155020713806152 0 0 0 0 0.09332705289125443 0 1.052353098988533 0.3819631636142731 0 0 0 0.1035366207361221 0.1091868653893471 0 0.3696379959583282 0.1968527585268021 1.575269378721714 0 0 0 0 0 0 0 0 0 0.30711829662323 0.9478632584214211 0 0.1178475320339203 0 1.062785141170025 1.085697203874588 0.8431194052100182 0 0.2171440422534943 0.1281985342502594 0 0 0 0 0 0 0 0 0 0 0.4606556445360184 4.000520661473274 4.733890689909458 86.44304762780666 5.970250815153122 240.4785114899278 60.22831824421883 9.351040042936802 5.74798770993948 0 3.856897242367268 4.311210088431835 0 0.2929074242711067 0.5006407499313354 2.083593130111694 0 0 0 4.067778594791889 0.2710063830018044 15.64334215223789 1.516680561006069
0.7282443195581436 7.566040620207787 3.014388926327229 0.318580724298954 4.036927655339241 0.2214701920747757 3.711738355457783 16.58230419456959 0.5984711572527885 1.564853303134441 14.19076941907406 12.93993107974529 28.79982072114944 38.64715078473091 2253.865644030273 2221.39818135649 1360.651711255312 150.6065306514502 318.8938177898526 14.55349892377853 3.78045891225338 4.875167585909367 1.061396665871143 2.33203249424696 11.33630678802729 2.081623144447803 8.153895795345306 2.291773222386837 6.467588923871517 0.5748583525419235 9.003659479320049 2.008557505905628 28.51539252698421 6.751113712787628 5.409663423895836 17.483482837677 26.93620945513248 24.96889684349298 29.32009527087212 15.67185869067907 0.44224663823843 2.550008952617645 9.050719603896141 1393.429364681244 512.4053243920207 123.044351734221 1385.340903908014 17.78827115148306 34.19473115354776 12.28583639115095 2.847820177674294 46.611043587327 25.3852439597249 5.35394549369812 1.496049001812935 0.7555318400263786 8.88225282728672 12.97882413119078 39.71221166104078 340.4381733685732 37.30573219805956 82.51394730061293 18.79407941550016 4.866359710693359 0.2639560326933861 2.134015254676342 0.7311853021383286 3.543403692543507 18.72651875764132 7.435452573001385 23.44969869405031 2.561192713677883 2.196551345288754 257.5928954929113 78.09905536472797 2185.519866161048 644.0610847622156 1942.850084125996 21.69319979846478 29.35370200872421 80.43716752529144 83.88206551223993 17.17951029539108 0 3.12692703306675 0.4289870634675026 8.516965731978416 0.5603603646159172 1.551370114088058 10.19882349669933 4.104914054274559 8.062979750335217 31.20270055532455 2.044991694390774 8.171152278780937 12.34190801531076 21.0893527418375 4.6532002389431 75.24166365712881 0.5993122607469559 0 0 0 0 0.09285841882228851 0 0 0 0.3926534652709961 0 0.1034720987081528 0.36686822026968 0 0.2305865883827209 0 0.1998114883899689 0.4876174032688141 0 0 0 0 0 0 0.1459846049547195 0 1.136424735188484 0 1.986779741942883 1.268563240766525 2.517132699489594 0.5697677582502365 2.535460866987705 1.035292476415634 1.240633144974709 0.1065016388893127 0.1220812797546387 0.1966436803340912 0.8847026526927948 0 0.1089034676551819 0.7531435042619705 1.83788376301527 5.795806191861629 2.718145422637463 0.1545765548944473 0 0.1632359325885773 0 0 0 0.1172028258442879 0 0.07766161859035492 0 0 0.3025416880846024 7.016063630580902 0.4831987544894218 0 0 0 0 0.4834510982036591 0 0.7010273411870003 0.3805773556232452 1.37926172465086 0.3891080766916275 0 0 0 0 0.4237917214632034 0 0 0 0.3874969333410263 2.703310407698154 1.727370917797089 0 0.3263159543275833 0.5083076506853104 0.612737737596035 1.055955424904823 0 0 0.2264117747545242 0 0 0 0 0 0.1798462122678757 0.1118989810347557 0 0 0.1834293156862259 0.5556797608733177 5.325008325278759 7.868239544332027 489.345916993916 25.57772994786501 1245.634416684508 393.5797725766897 85.28033840656281 33.17649655044079 3.145109876990318 20.28745682537556 18.33367158472538 0 1.808617196977139 0 2.238454282283783 0 0.4869080930948257 0.709788590669632 26.92963793128729 5.504445135593414 42.56457372754812 4.177888758480549
