628.2391520962119 2840.023616179824 669.2340842187405 1832.030551150441 16.20589280873537 159.1739373505116 239.2220568954945 286.4534676000476 2.97042029350996 1062.11964867264 97.64282534271479 114.9454945772886 139.5403034687042 258.5310257151723 0.2514387890696526 3.354255966842175 1.372476197779179 0.3027989938855171 0 0.1085308417677879 0 0.1466334760189056 0.1919289454817772 0 0.1387915313243866 0 0 0.241641491651535 0.16913703083992 0 1095.43715955317 6.033464357256889 45.11692580580711 0 0 0.2006842344999313 10.61077754944563 0.4400782212615013 1.339656442403793 0.1618647426366806 0 0.1925035268068314 0.3742961287498474 0.8813652023673058 0.2109485790133476 0.3765591457486153 11.92015568912029 3.423030972480774 0.536600761115551 0.15585657954216 2.643268443644047 0.6209030821919441 0 0 17.13378959149122 28.02619232982397 284.8147749528289 580.0781281366944 60.34646747261286 47.84835756570101 0.8901819512248039 14.73291771858931 0 65.58538424223661 15.52131630480289 10.65034726262093 3.154122360050678 1.144561693072319 0.203506126999855 0 25.40688665211201 7.720622397959232 0.4660200625658035 433.9719233289361 39.9621818959713 23.28197234869003 14.95167975872755 11.39171884953976 27.20653429627419 234.7490702271461 0.974321648478508 45.44353163987398 18.65694560855627 2.834287606179714 10.18609963357449 14.40336826443672 1.832161776721478 2.22333849966526 6.04873064160347 0.3973831012845039 4.596181876957417 0.6997426673769951 0.7821131348609924 1.66823735833168 0.5874269977211952 193.8459592312574 21.94871278107166 0.4437021762132645 3.739223413169384 1255.969087198377 0.09776937216520309 18.95821222662926 5.127677634358406 5.636258721351624 7.255104511976242 24.80313727259636 35.31055723130703 2.628496453166008 26.33470140397549 59.8069536909461 3.245436459779739 7.862949684262276 72.17304217815399 17.34487237036228 12.30874839425087 0.2039188072085381 1.034333318471909 0 1.8542295768857 0.115280419588089 0 0 0 0 0 0 0 1.593248844146729 0 0 0 0 0.2335340678691864 0.3194523751735687 2.147401802241802 2.217224419116974 0 0 0 3.223814740777016 0.6979059875011444 5.820891834795475 5.235293909907341 2.196105480194092 0 0 0.1190099641680717 0 0.1479491144418716 0.6484708040952682 0 0 0.8260553255677223 0 0 0.5306750386953354 3.486631169915199 0 0.2131894379854202 0 0.6091787964105606 0.1101630255579948 0.4893438592553139 4.539973095059395 0.8922112584114075 0.8036105632781982 13.60586798936129 0 0 0 0.3942602574825287 0 0 0 0 0.21597620844841 13.25872641056776 1.890770986676216 0 0 0 14.89965665340424 1.065026253461838 12.56247467547655 0 1.335744008421898 0.9194349348545074 0.3837111368775368 0 0 0.5763131976127625 0 0.1359385699033737 2.263815738260746 0 0 0 27.80607852339745 11.49274362623692 10.4453342705965 1090.382292978466 14.59891167283058 187.8535115644336 49.60505759716034 1143.02974485606 29.28607643395662 16.67140538990498 8.212150029838085 70.88250668346882 9.00256709009409 10.72591281682253 5.201433829963207 138.3383024856448 0 1.464141845703125 2.014961868524551 1.820520460605621 0.8336858749389648 624.051501750946 21.35743421316147
2840.023616179824 3858.352197006345 2089.296559043229 1875.802614457905 1924.015647120774 92.25298292934895 3856.305994577706 1054.052686072886 2052.453652985394 2415.827989429235 3188.925345949829 360.0982413589954 2052.646554499865 3419.69244799763 5.460964813828468 5.597307808697224 4.258935160934925 0.9750416427850723 0.2897047773003578 0.4975725263357162 0 0 0 0.09097660332918167 0.3042323365807533 0.2206614091992378 0.09177647531032562 0.1174064800143242 0 0.1089798733592033 1830.341392546892 65.13783054053783 77.02306534349918 0.2391764745116234 0 0.5768203884363174 8.614841096103191 0.7488755285739899 2.63908401876688 0.4640027731657028 0 0.2308834046125412 0.09528528898954391 4.878303408622742 0.4800635203719139 1.397149451076984 70.72798179835081 9.983417816460133 2.802509270608425 0.2415468469262123 9.636232897639275 0.2329373508691788 0 0 28.79536882042885 39.99924000352621 108.2449666261673 446.486960619688 47.5803616642952 170.3129042461514 1.681637078523636 14.11673907190561 0 424.1817991361022 25.75079533457756 19.00370048731565 8.879396997392178 5.417873412370682 0.5033039227128029 0.4081138446927071 19.79581698775291 1.154259726405144 0.1918091922998428 613.8200957328081 167.1796747520566 147.171136058867 81.55159245431423 40.03891878575087 15.68940401077271 613.434312812984 1.732192136347294 35.9465296715498 33.53826228529215 2.755913831293583 30.93842672556639 30.71012310683727 5.281595654785633 4.546844340860844 19.90719082206488 0.2815902084112167 8.205864623188972 2.543646216392517 1.34080033749342 4.752158664166927 1.096931122243404 37.94661010056734 5.835140272974968 0.1380774080753326 1.388133250176907 555.9791884049773 0.341128297150135 1.121048629283905 3.276283636689186 0.6398126929998398 1.100676625967026 13.17938580363989 1.479777708649635 2.117770373821259 20.72049076855183 12.80444642156363 0.8796665668487549 3.279053248465061 20.1913711130619 5.640111707150936 9.336567848920822 0 0.09408304840326309 0 0.8349360227584839 0 0 0 0 0 0 0 0 0.2550831511616707 0 0 0 0 0 0 1.286588311195374 1.099683947861195 0 0.6668387651443481 0 3.407155930995941 4.798325806856155 9.500060364603996 5.913669355213642 1.460310108959675 0 0 0 0 0.4519557952880859 0.3487373292446136 0 0 0.5828009247779846 0 0 0 1.119714684784412 0 0 0 0.2654566913843155 0.1436882466077805 0.9785007536411285 0 0.334001749753952 0 10.05361372977495 0.3309245780110359 0 0.1072933524847031 0 0 0 0 0 0 6.065246284008026 0.840224951505661 0 0.1298688501119614 0 9.22282388061285 0.9699451327323914 6.281715452671051 1.54701155424118 0.7384724915027618 0.6704072803258896 0 0.3103071227669716 0 0.08727439492940903 0.1306235492229462 0 0.2137454673647881 0 0 0 7.381318874657154 11.17909487336874 16.19357676804066 516.4474692866206 35.32879926264286 643.8997532948852 142.5533553808928 440.9627779573202 61.57654869556427 4.198136612772942 49.52642416954041 12.58270458877087 0.1247649341821671 3.763142287731171 0.6980417743325233 10.67300682514906 0 1.185452580451965 0 7.449686512351036 1.836335733532906 101.8690633550286 11.02831430733204
669.2340842187405 2089.296559043229 1314.422687128186 271.9100928753614 473.0015671774745 36.78601340949535 193.197174757719 2678.977741733193 831.2166854590178 40.01829262077808 1875.590345077217 44.36772698163986 264.6031292676926 1800.320879764855 0.8763525858521461 6.740380220115185 0.8849310353398323 0.1564166992902756 0 0.2705317437648773 0.2611548900604248 0 0 0 0.5663162022829056 0 0 0 0 0 5735.890944205225 211.8935861065984 108.3155291229486 0.3490094840526581 0.2933808267116547 2.454783827066422 18.03045488148928 6.889744907617569 3.549137279391289 0.4087373688817024 0.1557351797819138 0.1434351205825806 2.727638423442841 2.994355872273445 0.435140460729599 0.7537154778838158 17.96562311053276 2.907533474266529 0.2235422134399414 7.101069532334805 6.022697187960148 0 0 0 5.613070100545883 7.506789766252041 59.1870107576251 309.7511821761727 15.83457463979721 22.18150287866592 18.09935991466045 52.34276828169823 0.1020874828100204 588.8699090853333 5.593116849660873 3.601405076682568 2.785150848329067 4.288406148552895 31.00176758319139 1.98482945561409 23.62319162487984 10.96852619946003 0.3526425659656525 125.0052988901734 32.23207375407219 23.64539422094822 22.61002643406391 20.36974647641182 96.12913589179516 854.8652626499534 18.97606436908245 357.0955384746194 6.290690861642361 0.3589361757040024 7.774327352643013 4.870035842061043 5.206716425716877 0.9603487253189087 3.070319004356861 0.184973418712616 2.703682735562325 0.2541744038462639 7.011582061648369 2.599675826728344 0.6402315050363541 22.98057447373867 6.384352348744869 0 5.077738590538502 232.3142119497061 1.629571475088596 1.334996819496155 4.473073653876781 0.239439070224762 4.92366611212492 11.06799182295799 2.483064532279968 2.629821732640266 5.943743400275707 12.56824745237827 0.9202685728669167 6.357977174222469 16.17314270138741 5.45326641201973 12.37468378990889 1.003333233296871 0.5901699364185333 0.3882221877574921 0 0 0 0.309889018535614 0 0.1818017810583115 0 0 0 0.4153275787830353 0 0.1539341658353806 0 0 0.1698343902826309 0 1.67656272649765 1.425425700843334 0 1.174878403544426 0 15.61368189007044 2.269909650087357 19.05832886695862 14.36306241899729 4.013507127761841 0 0 0 0 0.1870441138744354 0.5230602025985718 0 0 2.371115915477276 0 0 0.1752800196409225 4.074679277837276 0 0 0 0 0.9964476004242897 0.4590649008750916 0 3.743727296590805 2.387860611081123 19.35227715969086 0.9857678934931755 0 0.08404078334569931 0.1298004537820816 0 0 0 0 0 8.853829137980938 8.408678844571114 0 0.09655245393514633 0 13.37968254089355 3.321894496679306 16.25398433953524 0.9320711642503738 2.208982206881046 1.971460983157158 0.8502741903066635 0.8030776008963585 0 0 0.14256751537323 0 0 0 0 0 2.770046032965183 18.11610081791878 31.55299393087626 125.3796808123589 6.850860610604286 95.13542848825455 23.93236540257931 162.8885086476803 10.00648923963308 0.4188917279243469 13.27197409421206 17.45545555651188 0 13.52425290644169 3.182340294122696 8.007239997386932 0 0 0 1.863168239593506 0.6097250282764435 20.83375427871943 6.960850566625595
1832.030551150441 1875.802614457905 271.9100928753614 1974.137263268232 22.63466376066208 238.7069049477577 721.622097864747 17.66262342780828 0.8393063545227051 4380.357648983598 17.47143983840942 1051.763279169798 1002.37970726192 28.31813945621252 0.2895453721284866 1.144217789173126 0.8707357943058014 0.2182073295116425 0 0.1075780838727951 0 0 0 0 0 0.2913902401924133 0 0 0 0 542.1423916295171 4.092127896845341 2.601347178220749 0 0 0 1.448290601372719 0.9787955582141876 0.1792108342051506 0.1329091042280197 0 0 0 0.331937775015831 0.09369047731161118 0 5.890868365764618 1.722127959132195 0.2901182174682617 0.5370217338204384 1.938932403922081 0.3077536150813103 0 0 11.40969613939524 11.11305160820484 70.06148514151573 168.6728905290365 24.92405224591494 39.3667613863945 1.246798031032085 0.503823809325695 0.2201330587267876 58.90631793439388 8.072764076292515 4.761967398226261 1.448434382677078 1.319913908839226 0.4750960618257523 0.1401005387306213 5.986376598477364 1.614186555147171 0.1461229473352432 227.2108893468976 30.37470246106386 19.0291605219245 11.10864121466875 1.364213027060032 1.001949623227119 3.588450118899345 0.2383587136864662 1.391202241182327 11.12746981531382 0.7428309321403503 8.315798714756966 8.546509124338627 0.7198180332779884 1.040497630834579 4.238427005708218 0.1298874914646149 2.151880711317062 0 0 1.172502763569355 0.09129312634468079 69.07069920748472 8.580563321709633 0.1717020720243454 0.5547246336936951 478.8856926187873 0.6076325178146362 3.804710634052753 3.141557827591896 6.368833556771278 0.4684819877147675 4.868445053696632 6.476032614707947 0.4904054999351501 16.50900335609913 16.06833972036839 0.7894021272659302 2.900720834732056 20.38720370084047 3.924231961369514 2.630347967147827 0 0 0 0 0 0 0 0 0 0 0 0 0 0 0 0 0 0.1344512850046158 0 0.3948737755417824 0.1443868279457092 0 0 0 0.8829748779535294 0 0.812959223985672 0.6780052185058594 0 0 0 0 0 0 0 0 0 0 0 0 0 0.3286295831203461 0 0.1656738817691803 0 0.1994476988911629 0 0 0.7047487795352936 0 0 2.440799310803413 0 0 0 0.09998799115419388 0 0 0 0 0 3.593977838754654 1.369486659765244 0 0 0 2.6712846159935 0.1560032516717911 1.346127137541771 0 0.3554957509040833 0 0.1469248682260513 0 0 0.08353108912706375 0 0 0.1480666249990463 0 0 0 8.874155402183533 1.870482936501503 1.349422112107277 132.1804568991065 6.91910695284605 129.5407855957747 22.58452309668064 391.2122577279806 10.36074479669333 0.6805261373519897 2.832800038158894 5.489602625370026 0 0.5672249495983124 0 24.81656768918037 0 0 0 1.326932847499847 0 159.9976524114609 7.225652918219566
16.20589280873537 1924.015647120774 473.0015671774745 22.63466376066208 3432.119789242744 1.015194788575172 2730.180067956448 101.4209235310555 8790.71746404469 146.0017105340958 1740.744524642825 23.8500313013792 951.6069661676884 2479.548588342965 0.4077838733792305 0.5643305703997612 0.7388044148683548 0 0 0 0 0 0 0 0 0 0 0 0 0 83.91174145787954 8.485043033957481 1.459080554544926 0.084335558116436 0 0 0.2886252701282501 0 0.263932503759861 0 0 0 0 0.1104694902896881 0 0.216545931994915 14.35094671696424 0.9193257242441177 0.1254214495420456 0 0.5751564279198647 0 0 0 1.399236090481281 3.07780659943819 4.6343679651618 19.28715534508228 2.103255048394203 16.30397126823664 0.1141403242945671 0.4301245212554932 0 49.7090347930789 1.826504461467266 1.629227086901665 0.3724948987364769 0.1961884945631027 0.1141392961144447 0 0.9847675487399101 0 0 35.01459794491529 15.46158019453287 16.0348934084177 12.46934649348259 6.66628136485815 0.1300852000713348 20.73370569199324 0.4586310088634491 3.009001567959785 1.605597458779812 0.6063401624560356 2.611611120402813 3.041633449494839 0.4520895853638649 0.2292247042059898 1.762602128088474 0 0.4933891221880913 0.1084688827395439 0 0.3960307687520981 0.2008529007434845 3.716663345694542 0 0 0 1.586786195635796 0.9348192811012268 1.448904782533646 0.175578773021698 0 0 1.482676953077316 2.735737532377243 0 1.855045780539513 2.685274988412857 0.9687992930412292 1.928509727120399 4.45161397755146 1.17455843091011 4.125083848834038 0 0 0 0 0 0 0 0 0 0 0 0 0 0 0 0 0 0 0 0.1231326311826706 0 0 0 0 3.121167555451393 0.2619492709636688 3.855944469571114 1.020663142204285 0 0 0 0 0 0 0 0 0 0 0 0 0 0 0 0 0 0.1215111240744591 0 0.1123382672667503 0.4169575273990631 0 0 3.690937653183937 0 0.680086076259613 0 0 0 0.08528539538383484 0 0 0 3.523918360471725 0 0 0 0 4.587874203920364 0 2.681504726409912 0.6169111430644989 0.8353432416915894 0 0 0 0 0 0 0 0 0 0 0 3.045787185430527 2.78327813744545 1.946267932653427 82.17343295365572 3.842194221913815 75.00544634461403 17.19897222518921 21.37588039785624 9.712384648621082 0 6.847951963543892 1.174137830734253 0 1.639316827058792 0.1310319155454636 0.8296422958374023 0 0 0 0.1806955188512802 1.832267314195633 6.752635940909386 3.249629527330399
159.1739373505116 92.25298292934895 36.78601340949535 238.7069049477577 1.015194788575172 6.073109284043312 47.17363598942757 14.20834730565548 0.4716757982969284 433.3035383224487 1.760453552007675 296.9584463834763 146.8006189912558 49.29469587653875 0.1213975548744202 1.324781835079193 0 0 0 0 0 3.063209980726242 0 0 0 0 0 0 0.2654114067554474 0 155.0082966536283 0.7035909816622734 33.0928765386343 0 0 0.4340313971042633 49.56445407867432 0.7311276644468307 4.677411392331123 0.1540074795484543 0 0.749714657664299 0 0.5912475883960724 0 0 2.029368825256824 0 0 0.1023515090346336 0.2578672766685486 13.76715105772018 0.6763364523649216 0.9388059973716736 0.1561190485954285 0.6744410470128059 61.57861340790987 34.68373549729586 5.564659170806408 3.810875967144966 1.156740382313728 5.003746852278709 0 0.7646415904164314 0 0.2610502541065216 0.368023008108139 0 0.123007744550705 0 158.6106069460511 229.4243720620871 20.0832050293684 19.10767240822315 0.7509663850069046 0.541644811630249 0.9285066351294518 1.807229459285736 0.5486854910850525 8.787910327315331 0.4893379807472229 5.299641966819763 0.3875257223844528 0.4551044851541519 0.1438331604003906 1.343366332352161 0 3.408137291669846 3.33517711609602 9.220562323927879 1.596658304333687 4.732106916606426 0 1.003780469298363 3.213182628154755 799.7294801324606 392.8017968833447 14.57429955899715 34.98512598872185 191.245874479413 0 21.78275787830353 8.803873658180237 5.591631695628166 0.4381447434425354 12.96437699347734 20.39191862940788 3.221364438533783 21.89684794843197 59.86103877425194 1.520345434546471 5.849797606468201 51.65612663328648 18.03825515508652 7.516769617795944 0.1424294263124466 0 0 0.163626566529274 0 0 0 0.3500900566577911 0.4892464578151703 0 0.1402172893285751 0 0.4963840693235397 0 0.6078427881002426 0 3.004463821649551 1.556521609425545 0.7476654648780823 0.8864315301179886 0.4162825047969818 0 1.403427809476852 0.4337508827447891 3.283586300909519 0 1.339266493916512 4.015264295041561 2.087271794676781 0 0 0 0.2192147374153137 0.341210812330246 1.001103326678276 0 0.2326024770736694 0.8798373937606812 0 0 0.4204638302326202 11.89455645531416 0.1630095094442368 0 0 0 0 0.3201851397752762 4.23468242585659 0 0 6.464255526661873 0 0 0 0 0 0 0 0.2257817089557648 0 9.59711566567421 15.31060242652893 0 0 0.4934507012367249 2.749421775341034 0 0.9905300736427307 0.1383396834135056 0 0.7263277769088745 0.1395008563995361 0 0 0 0 0 0 0.4449769705533981 0 0 24.89108373224735 7.360126838088036 9.385615944862366 461.5256088078022 6.041657336056232 11.20684426277876 7.90212931483984 121.4545682966709 3.133165210485458 3.971005171537399 1.133284069597721 31.85312248766422 0 1.372089169919491 0.1793808788061142 116.183456838131 0 0 0.1732865869998932 0 0.5149346590042114 152.2238136008382 31.37809251248837
239.2220568954945 3856.305994577706 193.197174757719 721.622097864747 2730.180067956448 47.17363598942757 1199.868655145168 17.07114496827126 3736.981110915542 2920.415907993913 1130.601499162614 305.1903280317783 4660.294021479785 4136.86068162322 1.212308079004288 1.396812543272972 0.8099357038736343 0 0.1325606256723404 0 0 0 0 0 0 0 0 0 0.2023094594478607 0 263.2033797875047 18.63378025591373 1.977008730173111 0 0 0 0.9839900732040405 0.2933368533849716 0.3760298490524292 0.3465837240219116 0.09854377061128616 0 0 1.907212525606155 0.1160434037446976 0.2995182424783707 27.55578415095806 2.543014116585255 2.107446610927582 0 2.741153210401535 0 0 0 8.130350634455681 10.27681954950094 20.55258549004793 84.47569231688976 9.461538217961788 45.2106968164444 0.4694508165121078 1.355099067091942 0 114.1035326272249 4.854285724461079 5.785463206470013 2.561263307929039 0.4550478979945183 0.1306423395872116 0 7.130545221269131 0.1187932044267654 0 142.6311575844884 43.50149876624346 39.88503827154636 25.3404666185379 12.25738373398781 0.2678030580282211 9.281073302030563 0.5720906779170036 5.9411576166749 9.476367697119713 0.1359123736619949 7.285875603556633 7.191551446914673 1.893938452005386 0.4830730184912682 3.656017437577248 0.2606152296066284 2.899304531514645 0.2521623745560646 0.09989877045154572 1.935960434377193 0.5768355280160904 58.94238305091858 1.200469762086868 0 1.174506865441799 18.90556706488132 0.972748763859272 8.040008217096329 152.5621856972575 145.355962574482 2.589810401201248 298.4670849367976 7.787348628044128 73.58369793742895 287.4722641259432 47.57695747166872 4.271653965115547 476.6354565620422 268.6356591582298 69.31719820201397 9.563075572252274 0.4558027386665344 0 0 0 0 0 0 0 0 0 0 0 0 0 0 0 0.5469153523445129 0 0 3.693341441452503 1.150290578603745 0 1.48720645904541 0 6.427880324423313 1.021842926740646 7.70534273982048 5.303096912801266 1.689849659800529 0 0 0 0.09626536816358566 0 0.1169783994555473 0 0.1173371225595474 0.8210482746362686 0 0 0 0.6960381492972374 0 0 0.4596510976552963 0.2177304849028587 0.4912068992853165 2.233549296855927 0.4568546414375305 0 1.62394717335701 14.24003392457962 0.623394787311554 0.1219861581921577 0 0 0 0 0 0 0 10.55851913243532 0 0 0.1435745060443878 0.1447575390338898 9.500228673219681 0.8621896803379059 8.143942058086395 1.029649719595909 3.834092624485493 1.372418560087681 0 0 0 0 0 0 0.1295888274908066 0 0 0 14.51658560335636 14.62541656941175 8.547231487929821 180.2100166007876 9.826890617609024 194.992431499064 49.75705785304308 121.7075513377786 23.80156464129686 1.964594960212708 26.18083764612675 12.02793207019567 2.192120157182217 5.32752288132906 0.4163884818553925 11.35512880980968 0 0 0 1.204071566462517 1.415405213832855 52.08224548399448 13.92818368971348
286.4534676000476 1054.052686072886 2678.977741733193 17.66262342780828 101.4209235310555 14.20834730565548 17.07114496827126 1252.016814127564 150.3994344696403 7.894566439092159 1988.784875363111 67.91913741081953 312.0319696068764 2991.424084849656 4.776492305099964 27.99553250521421 2.381382368505001 0.711371049284935 0.3064981326460838 1.223949186503887 3.373631864786148 0.716374397277832 0 0 2.330222599208355 0.1508056968450546 0.3335140943527222 0.1990175545215607 0.7957489788532257 0.2174766734242439 2821.970372013748 1085.179339163005 478.9201742708683 0.5438476800918579 0.1011726260185242 6.745587877929211 84.34781048446894 17.29531428962946 17.55472309887409 6.556855499744415 0.2549980878829956 1.717894703149796 10.98308271169662 16.91746564954519 0.2787727266550064 5.028804555535316 88.09373087435961 8.528175532817841 1.454358153045177 22.5147922039032 25.48088762909174 0.857063040137291 0.9946393370628357 0.422080859541893 5.644968837499619 6.9053810313344 26.12215550988913 162.9654678553343 10.78228615224361 61.5131504535675 192.1311678364873 364.2579260841012 2.200423493981361 391.8857381343842 5.26009177416563 13.62602258473635 9.188557803630829 21.67328970879316 135.8457741290331 8.817634031176567 118.7208501324058 27.22023638337851 0 136.5811440870166 64.74481158703566 73.2969084456563 110.6490148603916 221.6881805732846 1510.616583660245 5309.89858430624 469.1217574030161 3327.889005996287 12.26955834776163 0.6272723749279976 16.66588911414146 7.780612640082836 35.39667255431414 1.592695496976376 4.753030583262444 0.2307301759719849 2.565533399581909 0.9322506859898567 42.62805294245481 17.6636276319623 4.983473658561707 82.74051903188229 26.21885526180267 0 16.63455151021481 80.36787996441126 4.168108135461807 3.684941232204437 10.03706552833319 3.461929962038994 9.845135658979416 53.34361852705479 4.847470432519913 8.925232522189617 30.87209195643663 43.89233527332544 9.885292761027813 20.29928696900606 55.19041863828897 24.62853258103132 42.89224521815777 4.060069039463997 2.159803636372089 0 0.2404856011271477 0 0 0 0 0 0 0 0.1296009868383408 4.364543363451958 0 1.078283056616783 0 0 0.299831360578537 0.1055730730295181 8.567222386598587 8.272218637168407 0 14.1634749174118 0 67.64639813452959 17.72671046853065 88.46077859401703 75.43047945946455 8.166442178189754 0 0 0 0.1043593138456345 0.5205800384283066 5.902571998536587 0 4.524940818548203 8.677384197711945 0 0 0 9.510009437799454 0.1097568348050117 0 0.2019089311361313 0.07400950789451599 1.82425545156002 5.804735660552979 0.4637264907360077 1.848496779799461 5.356213912367821 73.69977014511824 2.571674644947052 0.8765578120946884 0.6915106028318405 0 0.1946779787540436 0.2669842913746834 0.1036558151245117 0 0.09927430748939514 44.0800948292017 27.69776482135057 0.4063807725906372 0.2448123767971992 0.4103010892868042 47.10040348023176 9.483809195458889 53.30376493185759 3.018247663974762 12.27045377343893 6.229731529951096 2.461559519171715 2.565325662493706 0 0.2423993349075317 0 0 0.254785843193531 0.5369791686534882 0 0.1218894273042679 17.82763113081455 79.88065738976002 146.9891049042344 587.421062707901 21.95458990335464 309.751292951405 97.11660995334387 199.0940253958106 39.77124703675508 4.026807710528374 66.97099589556456 81.3318981975317 0.859064444899559 37.50696208328009 12.72769079357386 58.8651100024581 2.486256062984467 0 1.997511215507984 8.612945131957531 6.516461372375488 41.00299751758575 39.89282333105803
2.97042029350996 2052.453652985394 831.2166854590178 0.8393063545227051 8790.71746404469 0.4716757982969284 3736.981110915542 150.3994344696403 1449.045933052897 36.11972403526306 1918.220205806196 13.75927832722664 1644.629653215408 1617.001659050584 0 0.2406683415174484 0 0 0 0 0 0 0 0 0 0 0 0 0 0 14.22054915130138 3.872387155890465 0.4147496223449707 0 0 0.1724217534065247 0 0.07972533255815506 0 0 0 0 0 0.1003645956516266 0 0 2.928610138595104 0.6680955141782761 0 0 0.1956775039434433 0 0 0 0.343350350856781 0.3465731218457222 0.7292459830641747 5.366369865834713 1.107206374406815 5.048788711428642 0.09971511363983154 0 0 10.53841552883387 0.3256935477256775 0.2510040625929832 0.1223008632659912 0 0 0 0.5742209032177925 0 0 7.570614315569401 2.610068120062351 4.951587058603764 5.079137034714222 4.063558988273144 0.3772345036268234 97.91423808038235 0 2.24918457865715 0.167141929268837 0 0 0.2094703614711761 0.3946322575211525 0.0981903150677681 0.1699329167604446 0 0.1726274192333221 0 0 0 0 5.926004752516747 0.2489819973707199 0 0 0 0 0 0 0.5855024456977844 0.6617007255554199 4.368229068815708 0.9140156209468842 0 0.2005055844783783 4.264559179544449 1.344331294298172 1.077562674880028 3.630835711956024 1.902492821216583 2.628271587193012 0 0 0 0 0 0 0 0 0 0 0 0 0 0 0 0 0 0 0 0.6544861346483231 0.7291864156723022 0 0 0 0.8061688989400864 0 1.771194130182266 0.1377181261777878 0 0 0 0 0 0 0 0 0 0 0 0 0 0 0 0 0 0 0 0 0.4344024360179901 0 0 2.507655769586563 0 0 0 0 0 0 0 0 0 0.7694996669888496 0.5885763168334961 0 0 0 4.76161490380764 0 2.250213637948036 0.1244886964559555 0 0 0 0.08879653364419937 0 0 0 0 0 0 0 0 2.13215146958828 5.967814140021801 3.839125670492649 24.04982072114944 2.699003532528877 19.18868719786406 6.530873492360115 4.466479383409023 4.382990226149559 0 2.164511039853096 1.11830835044384 0 0.2259197533130646 0 0 0 0 0 0 0 2.419911168515682 1.895301550626755
1062.11964867264 2415.827989429235 40.01829262077808 4380.357648983598 146.0017105340958 433.3035383224487 2920.415907993913 7.894566439092159 36.11972403526306 2235.789406016469 24.21856437623501 3228.426982432604 5361.285209521651 358.6123803853989 0.6433370113372803 1.252096213400364 0.2351817712187767 0 0 0 0 0.8231945484876633 0 0 0 0 0 0 0.1641539335250854 0 159.9743357524276 2.884671896696091 64.94454987347126 0.1070517301559448 0 0 63.6367659419775 0.877177357673645 1.497751042246819 0 0 0 0.4554815590381622 0.2472974509000778 0 0.1021677926182747 4.823989480733871 1.575037345290184 0 0 0.279544472694397 3.193848550319672 0 0.4926910400390625 1.683525934815407 3.335670121014118 24.96872381865978 45.61776605248451 8.090435326099396 15.28010376542807 1.916623048484325 4.196156695485115 0 30.43485306948423 2.138135775923729 1.666139587759972 0.8401273488998413 0.2960061058402061 0.1129757538437843 0 261.9988884925842 20.57934479415417 0.9045040756464005 58.1078707203269 11.01161754131317 10.78096379339695 6.987216524779797 3.756660044193268 0.816708892583847 4.091932661831379 0.1134642064571381 5.071810409426689 4.778234578669071 0.3785510286688805 1.573723196983337 2.81315042078495 0.6569156721234322 0.6727812588214874 1.684699781239033 0.8709200769662857 1.795848146080971 0.3535028249025345 0 0.1255046874284744 1.220165088772774 1038.229405283928 361.1963277459145 3.087694227695465 13.78190995752811 274.1922227442265 2.109904825687408 30.75457888841629 21.77955259382725 8.806792199611664 3.39841040968895 49.77887915074825 48.35601531714201 7.064824469387531 80.41108357906342 141.127596065402 4.76036836206913 35.13981845974922 216.4591513574123 99.81615030765533 29.40180987864733 0.1089431941509247 0.5536893010139465 0 0 0 0 0 0.2637458741664886 0 0 0 0 0 0 0 0 0.1200010478496552 0 0 1.518695324659348 0.43156548589468 0 0 0 7.64919900149107 1.129147298634052 6.654461853206158 3.890073515474796 0.7980320751667023 0 0 0 0.3312594592571259 0 0.3554768264293671 0 0 1.204083755612373 0 0 0.1296056509017944 2.984721839427948 0.1282905489206314 0 0 0 0 0.4574534446001053 4.194435149431229 0 1.321306705474854 16.48499013483524 0 0 0.7561942934989929 0 0.1862538754940033 0.4266241192817688 0 0 0 25.39000508934259 4.487678438425064 0 2.096899896860123 0.2533307373523712 23.27314203232527 3.502137713134289 9.452379211783409 2.922056667506695 0.6917200833559036 0.7454906105995178 0.4328446239233017 0.1167198941111565 0 0 0.4734377712011337 0.1140746623277664 0.08829061686992645 0 0 0 71.586665391922 17.77056801319122 11.28053193539381 280.8135307431221 6.740484617650509 51.22379303723574 12.52421054244041 279.8506700843573 5.98274802416563 9.424960896372795 3.312188029289246 44.04139816761017 0 2.634662501513958 3.031331695616245 150.8492189347744 0.1145836338400841 0 0.1828809529542923 1.080125644803047 0.2369160503149033 528.8375691622496 76.63068410009146
97.64282534271479 3188.925345949829 1875.590345077217 17.47143983840942 1740.744524642825 1.760453552007675 1130.601499162614 1988.784875363111 1918.220205806196 24.21856437623501 2073.405020453036 48.54959066212177 985.9424862787127 2955.073142632842 0.1320866793394089 0.5575541481375694 0.2199957370758057 0 0 0 0 0 0 0 0 0 0 0.1134282201528549 0 0 142.8596917688847 9.425226897001266 82.77409572899342 0.1069374158978462 0 0.1234957650303841 1.496515296399593 0.3134108260273933 0.3243442475795746 0 0 0 0 0.2662162259221077 0 0 6.153550289571285 0.6907596737146378 0.2210081741213799 0 0.7602165639400482 0.08842311054468155 0 0 1.073844760656357 1.21791423112154 2.292516402900219 13.61448062211275 1.829608060419559 7.693984962999821 0.2139464095234871 3.745187573134899 0 28.45921862125397 0.7867719680070877 1.225141547620296 0.09708182513713837 0.6567388996481895 0 0 3.285442866384983 0.3841958194971085 0 18.83700910955667 6.763275630772114 12.06742975860834 9.60490745306015 8.049253672361374 22.41620007902384 585.0764600336552 0.2587302029132843 20.11762717366219 0.9728692620992661 0 0.514938049018383 1.439947113394737 0.4185121580958366 0.1145737171173096 0.3171936944127083 0 0.3652236759662628 0.0906510055065155 0.1515460908412933 0.3289026618003845 0 1.360875368118286 0.8685708343982697 0 0.1282437145709991 11.78526817262173 0 0 0.2457389757037163 0 0.4215115234255791 0.6219029426574707 0.1248815283179283 0 1.723681434988976 1.429779067635536 0 0.6810050755739212 1.411884807050228 1.305417314171791 1.034258939325809 0 0.1621842235326767 0 0 0 0 0 0 0 0 0 0 0 0 0 0 0.1579094082117081 0 0 0.2296978682279587 0.7857716530561447 0 0 0 1.729929707944393 0.2593740820884705 0.9153404906392097 0.9932996779680252 0.1315899193286896 0 0 0 0 0 0 0 0 0.1538039445877075 0 0 0 0.2735799551010132 0 0 0 0 0 0 0 0 0.5593909621238708 1.788343608379364 0 0 0 0 0 0 0 0 0 0.8570828586816788 0 0 0 0 0.5551218688488007 0.1466098725795746 0.4812966585159302 0 0 0.1259488016366959 0 0 0 0 0 0 0 0 0 0 1.112942665815353 1.360835582017899 0.8784978687763214 38.0424385368824 1.897250026464462 31.48243527859449 9.831153228878975 14.22543690353632 1.740887872874737 0.2216564863920212 2.4388632401824 1.746514551341534 0 0.4296451956033707 0.3086548447608948 0.3962295353412628 0 0 0 1.477507203817368 0 2.670141845941544 0.3904538601636887
114.9454945772886 360.0982413589954 44.36772698163986 1051.763279169798 23.8500313013792 296.9584463834763 305.1903280317783 67.91913741081953 13.75927832722664 3228.426982432604 48.54959066212177 457.9392756521702 1142.112448744476 258.4839087575674 0.3467705175280571 4.654881902039051 0.1023981869220734 0 0 0 0 0 0 0.3468843996524811 0 0.1342504471540451 0 0 0.4157005473971367 0 19.36782743036747 4.136793166399002 53.59108294546604 0 0 0.9327401220798492 82.31624126434326 1.000584699213505 0.5948360413312912 0.1646804064512253 0 0 0 1.748358517885208 0.240077443420887 0.2033389955759048 11.0667285323143 0 0 0.1063774228096008 0.1134448051452637 0 0 0 0 0.7399617061018944 4.900178797543049 3.962816588580608 0.361724965274334 3.885155744850636 0.2307546138763428 8.90742652118206 0 12.96446261554956 0.4286361336708069 0.4635743871331215 0 0 0.266182117164135 0 106.2832797169685 7.513360545039177 0.1670573353767395 8.310066260397434 2.577328704297543 5.440813630819321 9.571850471198559 15.09523154050112 0.4412004351615906 13.89752455055714 0.751227967441082 13.51760326325893 0.2870031297206879 0.1125278174877167 0.220116525888443 0.1873327493667603 0.2189251706004143 0.3097465038299561 0.2599099576473236 0.4645383954048157 0.3296401649713516 0.4988251179456711 0 0 0 614.7895816490054 28.85503697395325 0.939051628112793 2.820095241069794 34.1500838175416 4.062133923172951 32.25870761275291 33.9927998483181 19.56047271192074 20.69420523196459 138.088535182178 67.61038984358311 24.52158490568399 129.7141778469086 228.062492698431 16.6819122582674 60.5748304054141 323.3026379048824 103.5481584668159 86.74095336347818 2.19955999404192 2.608446776866913 0 0.1076866984367371 0 0 0 0 0 0 0 0 3.04291021078825 0 0 0 0.168246328830719 0 0.1855532675981522 10.55947455018759 8.084563501179218 0.1161709427833557 1.004729881882668 0.4705221652984619 49.27982477098703 9.422856613993645 50.68823157250881 21.34196680039167 0.7504764348268509 0 0 0 0 0.6433023810386658 3.08763661980629 0.1464524120092392 0.9218257442116737 3.747529618442059 0 0 2.197870388627052 3.594973020255566 0 0 0 0 1.49827916175127 5.691218122839928 4.127816945314407 0.136776015162468 1.954036831855774 69.0351759493351 2.177501074969769 0.5125432014465332 0 0 0 0.255758173763752 0.1596603542566299 0.1208556890487671 0.1117866262793541 103.6689902171493 7.433243453502655 1.046709537506104 1.535646013915539 0.468290314078331 61.67420165985823 6.05364241451025 34.52722936868668 2.11045803129673 11.18670516461134 6.312222167849541 1.950136855244637 4.11854325979948 0 0 0.3866704925894737 0 0.270423412322998 0.3218808025121689 0.383392870426178 0 166.5430767983198 102.9722752347589 68.15823377668858 133.5689861252904 0.4113709181547165 29.6887170150876 11.08776493370533 63.93160210549831 4.622143268585205 0 7.109877027571201 66.86240796744823 0.1096684187650681 25.45435778051615 8.219361871480942 134.3533010110259 2.049426920711994 0.1161881387233734 1.304243631660938 1.903192929923534 1.069021299481392 429.6695492193103 162.4231055825949
139.5403034687042 2052.646554499865 264.6031292676926 1002.37970726192 951.6069661676884 146.8006189912558 4660.294021479785 312.0319696068764 1644.629653215408 5361.285209521651 985.9424862787127 1142.112448744476 2925.740454345942 4495.681128785014 2.186507552862167 13.87861625105143 0.7762843370437622 0 0 0 0 0.612704873085022 0 0 0.2511333823204041 0.1070737987756729 0 0 0.1402184069156647 0 85.11123301833868 26.21118418872356 344.4893044605851 0 0 4.22488734126091 325.3599725216627 8.102146647870541 6.042721264064312 1.229423359036446 0 0.5126408934593201 0 6.337976157665253 0 0.9696426838636398 37.57789555937052 0.5294236019253731 0.1284321695566177 0 1.069564677774906 0.6447975188493729 0 0 2.013144716620445 2.949531197547913 7.176601104438305 31.01643871515989 3.837469592690468 21.86695861816406 1.798016533255577 48.44270376116037 0.2180455550551414 94.61440170556307 2.953368842601776 2.168811790645123 0.2190026268362999 0.367502361536026 0.2736005410552025 0 760.5251115262508 16.04232542216778 0 45.16923943161964 26.5973836183548 29.57648143917322 50.83062025904655 69.65933542698622 6.117880083620548 102.989302739501 2.249144025146961 64.29813814163208 4.88232459872961 0.2477990612387657 2.500785946846008 3.185265332460403 1.108689799904823 0.5096870139241219 0.9483208432793617 0 1.773934662342072 0.1879419013857841 0 1.054575078189373 0.314557783305645 1022.081977248192 18.02942364662886 0.9895674586296082 5.381304837763309 27.8517273068428 3.867599599063396 27.85731175541878 42.7995520979166 24.06453058123589 28.29996824264526 169.4229192733765 62.93116460740566 32.42722941190004 193.3473040089011 338.2605146914721 23.9952422529459 92.24326574802399 338.735465310514 122.2082512974739 132.565410554409 3.392465181648731 3.847989358007908 0 0.495732881128788 0 0 0 0.2997901439666748 0 0 0 0 1.563179828226566 0 0 0 0.7843179404735565 0 0.1170840486884117 18.66913022100925 7.929572783410549 0 4.879787757992744 0 79.5266138240695 16.30273739248514 87.79074940085411 43.26347227394581 4.167255163192749 0 0 0 0.4601782187819481 0.3952845335006714 1.357921242713928 0 1.776375316083431 10.39137464016676 0 0 1.398506224155426 4.041956625878811 0.1574561297893524 0.3566380143165588 0.6918826997280121 0 0.7418896034359932 5.091312848031521 3.932053558528423 1.94119256734848 2.222877874970436 120.15922562778 2.407918080687523 0.1611105054616928 0 0.1078910529613495 0 0.3780045211315155 1.395125150680542 0.4634602144360542 0 140.0926182195544 12.97632676362991 0.851335272192955 1.518900036811829 0 106.0294689461589 9.211177214980125 65.42560636252165 5.332570187747478 16.33815071731806 8.370362728834152 5.372956611216068 5.48220506310463 1.001739889383316 0 0.776844784617424 0.1132502853870392 0 0.5430290997028351 0 0.1480164974927902 186.8253722712398 160.1357771605253 136.8929621651769 386.8536051660776 8.240635149180889 145.0072390958667 52.81680528819561 104.1604523137212 15.48420692235231 3.601501792669296 42.63967768847942 91.82924398779869 0.2807978689670563 36.82102734595537 10.0591676235199 137.1746222600341 0.9315675050020218 0 1.732564762234688 6.715598344802856 3.007391586899757 285.4168175309896 167.1082513853908
