333.2133854180574 4282.543109968305 980.9295245334506 994.3615148738027 49.57372133433819 206.409395724535 341.9269376024604 315.5747588500381 13.50476710498333 1003.600972019136 95.66632725298405 439.2186618149281 94.47033236175776 377.33222284168 9.090202547609806 2.625560991466045 0.3258427605032921 0.1605259776115417 0.1939037442207336 0 0.09871347993612289 0.8553410172462463 0 0.3256708532571793 3.230569869279861 0.6680333092808723 0 0.4005506336688995 0.1403341740369797 0.1160746067762375 1307.084211885929 10.88621251285076 188.1228034645319 0 0.2240594774484634 2.102203592658043 83.35796955227852 3.827423319220543 1.966039784252644 1.938191115856171 1.153967455029488 2.17716921120882 0 0.555811308324337 0.1792937591671944 0.3334420993924141 10.8725541383028 1.617545686662197 0.1148437261581421 0 0.796091802418232 0.9082092344760895 0.6302644163370132 0.9020693004131317 3.016357116401196 7.85622351616621 370.3440745025873 1262.348033443093 51.28508682549 14.72787296772003 0.23524159938097 1.711658515036106 0.2156120613217354 24.62971074134111 5.217394076287746 0.9718413203954697 0.6667771115899086 0.3924282714724541 0.6649602204561234 0.7709235697984695 66.70003624260426 4.000132471323013 0.2572880759835243 105.5605042129755 26.04318406432867 66.84059257805347 6.715476892888546 1.927494168281555 5.157903425395489 324.8228924125433 1.153533928096294 9.504601716995239 4.106689386069775 0.6422049999237061 0.9134590402245522 1.775939241051674 1.190998539328575 0.9841473996639252 1.293125569820404 0.4349746629595757 0.7436825111508369 1.075896322727203 0.3772637620568275 1.00561960041523 0.1450308859348297 46.34565155208111 10.79429087042809 0 5.825620114803314 1419.237675480545 0.2020408660173416 0.3075384199619293 1.410804748535156 2.807184636592865 0.7960229516029358 4.069324016571045 0 0.5129006505012512 4.006528675556183 4.197796031832695 1.487777888774872 0.5735214799642563 8.199327975511551 3.271000601351261 1.436398789286613 0.1013562679290771 0 0 0.3796592578291893 0 0 0 0 0 0 0.4018057733774185 0 0 0 0 0.1958914697170258 0.1363738477230072 0 0 0 0.4651207625865936 0 0 0 1.977697566151619 0 2.457041263580322 0.6596286073327065 0.1252555251121521 0 0 0 0 0 0 0 0 0.2156768888235092 0 0 0 0.1693452298641205 0 0 0 0 0 0 0 0.4687681347131729 0.3434810042381287 0 0 0 0 0 0 0 0 0 0 7.641174405813217 0.4021276459097862 0.2976746261119843 0.09790331870317459 0.1323733478784561 0 0 0 0.8000627458095551 0 0.1161348298192024 0 0 0 0 0 0 0.2500079944729805 0 0 0 5.2228864133358 4.429185330867767 3.230252757668495 373.8222877383232 7.796935059130192 55.7740735039115 10.79050730913877 434.4168825298548 6.811002790927887 0.9879832416772842 5.472916290163994 60.71523571014404 0 1.013946861028671 0.1199485138058662 28.65300865471363 0 3.253598690032959 0 4.898960925638676 0 144.0558117032051 13.2499847188592
4282.543109968305 1021.124146223068 466.8612518459558 2338.739873319864 1379.528805539012 318.8179824203253 2411.56160979718 215.9426010921597 856.7261339500546 1485.214428029954 1161.825325451791 390.1897461488843 1508.984411008656 3551.513456061482 88.3509029224515 9.44061690568924 1.24366582930088 0.3530199602246284 0.1881770640611649 0.3091583102941513 0.6736607626080513 0.4947921186685562 0 0.5645632296800613 2.038852840662003 1.174666114151478 0.3690920546650887 0.4820910394191742 0 0.1160089895129204 1460.664885058999 51.16619103401899 157.2353828698397 0.378012090921402 0.5565438643097878 1.15754284709692 115.9162959456444 4.81832280755043 2.357261404395103 1.09348326921463 0.9121192172169685 0.6033987924456596 0.2984552606940269 5.267673760652542 0.08578961342573166 0.5968671143054962 136.0851856917143 9.558785296976566 0.7034114822745323 0.7881733104586601 0.8231002613902092 0.5984913036227226 0.3024625927209854 1.155275747179985 20.50630316883326 42.04063805937767 333.146574318409 854.501174390316 84.83665102720261 115.1359869018197 0.7123339027166367 3.11811538040638 0.2155099883675575 218.1641545891762 20.37930423021317 8.763114415109158 3.574823640286922 5.28618236631155 0.8125900402665138 0.7112245038151741 102.445595189929 3.422470740973949 0.1244407072663307 254.1465049758554 177.3221741244197 274.2816373854876 82.6220401674509 16.93477607518435 2.098307013511658 173.7360394001007 2.984000287950039 12.51448652893305 30.49499640613794 3.635261014103889 14.19896513968706 11.00529789179564 9.532250426709652 7.880469024181366 7.570252038538456 1.241190060973167 2.504230342805386 1.727141797542572 0.8192046582698822 0.9981347247958183 0.4309877380728722 99.00012038648129 18.4260877892375 0 9.134937234222889 950.4366409406066 0.4932766705751419 0.1177560910582542 1.215186774730682 4.006731420755386 1.253816053271294 5.893277421593666 3.780021071434021 1.455989956855774 9.032263025641441 10.52518674731255 0 6.332190454006195 18.3559887856245 6.789480328559875 4.746556714177132 0 0.1183570623397827 0 0 0 0 0 0 0 0 0 0 0.1760363429784775 0 0 0 0 0 0 0 0 0 1.294541671872139 0.2140875905752182 3.27100770175457 0 5.99506813287735 1.395208030939102 0.2301700413227081 0 0 0 0 0 0.103461854159832 0 0 0 0 0 0 0.2124385461211205 0.1626059114933014 0.0809745192527771 0 0 0 0.1300412267446518 0 0.7819115519523621 0 1.71359995007515 0.1018252149224281 0 0 0.1116069778800011 0.09794671088457108 0 0.2308925911784172 0.09364891797304153 0 13.56430496275425 0.3531295955181122 0 0.1913037896156311 0.1961037963628769 1.368160933256149 0.3097554445266724 0.1787654012441635 0.1867864727973938 1.154797077178955 0.3911259695887566 0 0 0.0916704460978508 0.176956444978714 0.1072121188044548 0 0.6433423981070518 0 0 0 9.235438466072083 11.04791811853647 4.797971293330193 614.3346414715052 43.21556298434734 403.0025663003325 51.66498066484928 475.3261499330401 36.3520582690835 2.879420936107635 61.14093204587698 42.20517447590828 0.1875944882631302 0.8404716551303864 0 27.61920066177845 0 0 0.1556317359209061 5.459170624613762 0.9807789176702499 235.449342995882 30.48319432884455
980.9295245334506 466.8612518459558 773.0901975408196 28.86729814112186 343.8551953285933 105.1706404834986 21.68417881429195 3959.676325552166 198.5718332752585 11.19760312885046 2462.052937872708 76.04528411477804 112.1679638624191 1708.005503080785 7.682539276778698 4.2013925537467 0.4644911140203476 0 0 0 0.7505154833197594 1.051904529333115 0.0911945253610611 0.6341365277767181 6.405238524079323 1.469967797398567 0.5726294592022896 1.127263262867928 0.7996270060539246 0.2563871815800667 4994.030051030219 1318.044201225042 256.5418326854706 0.2105558514595032 2.441069930791855 6.741810038685799 88.5136986374855 7.383626282215118 3.947026915848255 4.270689271390438 5.090982675552368 3.914729878306389 0.09662234783172607 1.785234801471233 0 0.5986370742321014 12.44262350350618 1.042399547994137 0 0.7828475534915924 0.469198152422905 0.3948242291808128 0.4972849115729332 3.301754668354988 1.954139970242977 7.116529546678066 131.9349737986922 940.5452069267631 23.83146351575851 12.78778064250946 1.610633164644241 3.475334234535694 1.066802836954594 63.83649628609419 1.690008439123631 1.093336500227451 0.9250059723854065 0.1903966963291168 1.416541986167431 0.7981130182743073 68.92320388555527 3.239473558962345 0.5447949096560478 62.74926699697971 37.87382206320763 45.83227210491896 12.49435313791037 5.596528813242912 61.65008520334959 1403.944488510489 1.001636028289795 61.84259008616209 3.981309108436108 0.2144128531217575 1.875345900654793 1.821891359984875 1.402281723916531 1.155695229768753 1.341285847127438 0.07826921343803406 0.3624171540141106 0.6522815674543381 3.210441455245018 3.939443901181221 1.499355733394623 15.47754068672657 6.988123051822186 0 14.22099178284407 555.1149402633309 0 0 0 0 0 0 0.4115822315216064 0 0.4732811450958252 1.870068296790123 0 1.1334428191185 2.167157754302025 0 0.9760907292366028 0.3567399382591248 0 0 0 0 0 0 0 0 0 0 0 0.1814836263656616 0 0.1319824159145355 0 0 0 0 0 0 0 0 0 1.935586720705032 0 1.494836702942848 0.6097652167081833 0.2990493103861809 0 0 0 0 0.4105481803417206 0.2710826992988586 0 0 0 0 0 0 0.09203873574733734 0.157539427280426 0.1879896968603134 0 0.08078420162200928 0 0 0 0.138298511505127 0.1903297305107117 0 0 0 0 0 0 0 0 0 0 2.183914139866829 0 0 0.0908990204334259 0 0 0 0.1689418703317642 0 0 0 0 0 0 0 0.0841134712100029 0 0 0 0 0 1.788298763334751 1.166428476572037 2.651303768157959 83.59920808672905 5.115008823573589 49.62681810557842 11.23935940861702 156.8385956659913 7.076891705393791 0.3425629138946533 7.087122946977615 10.34781566262245 0 0.1549555361270905 0.1128319352865219 5.40007147192955 0 0 0.3822388350963593 1.800831168889999 0.5600318610668182 45.84621081501245 4.096023738384247
994.3615148738027 2338.739873319864 28.86729814112186 561.0153391808271 50.68577946722507 305.65558847785 692.827571131289 4.450640693306923 11.27478814125061 2049.56330832839 4.055940099060535 592.700735501945 270.9679438993335 30.52017963677645 7.327128194272518 0.4175537154078484 0 0 0.12314622849226 0.0805380642414093 0 0 0 0.2673461511731148 0 0.1622021198272705 0 0 0 0 55.72357529401779 1.554501660168171 2.679424732923508 0.1504186242818832 0 0 2.657075271010399 0.1020975410938263 0 0 0 0 0 0 0 0 20.50452928245068 1.762945808470249 0.210606224834919 0 0 1.347833879292011 0 0 4.074518345296383 6.773302845656872 138.1901505663991 333.6896151229739 36.26636107265949 25.88171868771315 0.1123229488730431 0 0 25.30876012146473 3.226586870849133 1.049510195851326 0.2610672563314438 0.7353827208280563 0.1079626604914665 0.0840553492307663 10.47526919841766 7.066396623849869 0 88.92380976676941 30.2626616731286 57.80475857853889 7.720257915556431 0.1423408389091492 0.4778875038027763 0.7137602120637894 0 1.112458221614361 5.875367812812328 0.694118358194828 2.651843585073948 2.691802032291889 1.511441774666309 1.741650342941284 1.545422241091728 0.302398182451725 0.4887323603034019 0.3738279715180397 0 0.1083427965641022 0.2376332804560661 55.82693168520927 5.624494537711143 0.7644282579421997 3.166758470237255 308.3750226199627 0 0 0 4.205876708030701 0 1.646657735109329 2.600106507539749 1.416246190667152 4.674772650003433 1.028765469789505 0 0.8384846448898315 5.562738329172134 1.645791262388229 2.457151383161545 0 0 0 0 0 0 0 0 0 0 0 0 0 0 0 0 0 0 0 0.2947753071784973 0 0 0 0 2.010594367980957 0 3.699050664901733 0 0.6390989422798157 0 0 0 0 1.352985501289368 0 0 0 0 0 0 0 0 0 0.09386967867612839 0 0 0 0 0 0 0 0 0 0 0 0 0 0 0 0 0 3.37618750333786 0.2798589468002319 0 0 0 0 0 0 0 0 0 0 0 0 0 0 0 0 0.1057896688580513 0 0 1.777192562818527 0.5422080755233765 2.227971941232681 185.9056995436549 6.80668643862009 74.4989277869463 4.03840085119009 365.654418207705 5.49957150220871 0.3127017319202423 4.172977149486542 22.74939699470997 0 0.2036902457475662 0 16.2629818469286 1.101615786552429 0 0 0.5125001817941666 0 209.3300298154354 13.99554650485516
49.57372133433819 1379.528805539012 343.8551953285933 50.68577946722507 735.9357157051563 10.35251502692699 1332.176021121442 182.9395526051521 2415.16261216253 204.1507978215814 2045.126046709716 134.6251207441092 540.0677532106638 3002.630373045802 45.74993320554495 4.613040834665298 0.5225817486643791 0.1001348271965981 0 0 0.3567521050572395 0.1177356392145157 0 0 0.08149377256631851 0 0 0.1281148344278336 0 0.1463044434785843 86.32669968158007 13.54764599353075 14.57833132147789 0 0 0.3574036061763763 19.09675061702728 0.252641573548317 0.08944389969110489 0 0.2880987823009491 0.280379518866539 0 2.229534111917019 0.4014019221067429 0.411346472799778 65.15787367522717 3.543692998588085 0.2679438665509224 0.1552706211805344 0.1060182601213455 0 0.1698032170534134 0.2933487892150879 4.344305850565434 7.892229966819286 39.94691956788301 84.49889007210732 14.94604417681694 33.8296936377883 0 1.507503069937229 0 71.79582361131907 3.926752112805843 2.03539277613163 1.338590212166309 1.851940020918846 0.4485287517309189 0.1050900295376778 28.83795364946127 1.722250610589981 0 43.85758718848228 50.62443526834249 58.88160206377506 42.49076231569052 9.632375501096249 0.434064619243145 3.965848527848721 0.6945491284132004 4.40562991052866 8.129888787865639 0.7217669934034348 3.936649143695831 2.278280794620514 2.460166566073895 2.964663505554199 1.35369049012661 0.2722184360027313 0.5570112243294716 0.342172883450985 0.3856745511293411 0.1611871123313904 0.3041646704077721 53.22275722026825 6.221924304962158 0 3.947958260774612 8.571763016283512 0.4635879993438721 0 0.4446291774511337 0.2428652197122574 0.4920720756053925 3.998206347227097 2.260882154107094 2.276547431945801 7.367055848240852 2.918201252818108 0.1497554928064346 5.70881612598896 12.283870883286 6.921463966369629 7.692062243819237 0 0 0 0.1477234661579132 0 0 0 0 0 0 0 0 0 0 0 0 0 0 0 0.6629713177680969 0 0 0 0 2.926199749112129 0 3.090198457241058 0.5212249159812927 0.1113858819007874 0 0 0 0 0.2066971659660339 0 0 0 0.3709777593612671 0 0 0 0 0 0.1025704592466354 0 0 0 0.2641779780387878 0 0 0 1.345466017723083 0 0 0 0.0834881067276001 0 0 0 0 0 12.14259289950132 0 0 0 0.1462035328149796 0 0 0 0.3914633989334106 0 0.4301146566867828 0 0 0 0 0 0 0.1426461786031723 0 0 0 11.10071474313736 5.516387462615967 3.536089912056923 269.1404754221439 12.41453950852156 182.9065060839057 31.47225901484489 46.28044543415308 18.59637562930584 0.7248295173048973 40.25052622705698 25.22784380614758 0 1.886477425694466 0.1505823880434036 17.95500433444977 0 0 0.2063163816928864 0.9538473784923553 1.083191737532616 65.37518297880888 29.16500668972731
206.409395724535 318.8179824203253 105.1706404834986 305.65558847785 10.35251502692699 29.49566991627216 78.20215663313866 26.49386689066887 3.256281644105911 728.0702054947615 4.444193229079247 319.3895459473133 79.81884187459946 31.73637764155865 0.5836662128567696 0.2452673614025116 0 0 0 0 0 0.1732692122459412 0 0 0.1061662435531616 0 0 0 0 0 28.73679640889168 0.1554491072893143 18.7394537255168 0 0 0.6079123616218567 20.09789723157883 0 1.808518894016743 0.4327152594923973 0 0 0 0 0 0.3351168781518936 2.031468689441681 0 0 0 0 7.018621653318405 0 0.1233273968100548 0.2973159551620483 0.4639914706349373 97.03067503124475 45.35289105027914 4.94142709672451 0.7202644348144531 0.1322909891605377 0.1757802069187164 0.185491681098938 0.1382851004600525 0.3734850287437439 0.1259979903697968 0.1180410236120224 0 0.2068808227777481 0 98.11505431681871 95.58325611054897 3.372052043676376 7.610686078667641 1.772160038352013 2.991830728948116 0.1389890313148499 0 0.1050479486584663 27.29815827310085 0.107638917863369 1.353865087032318 0.4366958811879158 0.3694622069597244 0 0.7026267424225807 0 3.194675162434578 0.364458940923214 6.84670053422451 1.446420446038246 2.190874867141247 0 0.9123890697956085 1.570334784686565 317.9888932108879 73.32237854599953 2.128470033407211 22.25634778290987 412.1383507475257 0 0 0 0.659346878528595 0 0 0.6535264253616333 0 0.410585343837738 0 0 0.2847828567028046 2.11516435444355 0.3111928403377533 0.2783247083425522 0 0 0 0 0 0 0 0.539483368396759 0 0 0 0 0.1441402435302734 0 0 0 0 0 0 0 0 0 0 0 0.2797694355249405 0.257404237985611 0.5533458516001701 0.1777579635381699 0 0 0 0 0 0 0.2854542136192322 0 0.1507303863763809 0.2153189033269882 0 0 0 0.1484649181365967 0 0 0 0 0 0 0 0 0 0 0 0 0 0 0 0 0 0 0 1.47855332493782 0.3358054310083389 0 0 0 0 0 0 0 0 0 0 0 0 0 0 0 0 0 0 0 0.8324705958366394 0.576870009303093 0.7184656038880348 32.78946260362864 0.6552666872739792 3.203816562891006 0.2759968787431717 95.18053807318211 2.76401849091053 0 0.7834965735673904 5.917675137519836 0 0.1254775077104568 0.3914861083030701 3.623261287808418 0 0 0 0 0 238.1037485748529 4.001110911369324
341.9269376024604 2411.56160979718 21.68417881429195 692.827571131289 1332.176021121442 78.20215663313866 539.4690100699663 26.80316423624754 712.7826681286097 2348.857263840735 118.2476843893528 927.9950053244829 5138.813021808863 2615.077739432454 44.53701274096966 7.586987547576427 0.7530774995684624 0.0774196982383728 0 0.1202283352613449 0.08896884322166443 0 0 0.249651163816452 0.3144101798534393 0 0 0.1252571940422058 0.2648955583572388 0 89.48013988137245 14.94764360785484 23.98564222455025 0 0.233677938580513 0.946443684399128 21.2169179469347 0.7090868353843689 0.5396390855312347 0 0.3101300820708275 0.274204432964325 0 1.418579988181591 0.08185940235853195 0 81.82217974960804 5.236821755766869 0.2263715192675591 0.09573502093553543 0.261694498360157 0.9790364950895309 0.1021330580115318 0.8938987329602242 7.629017166793346 14.56852667033672 89.97435742616653 179.7635556384921 31.67752626538277 46.83357183635235 0.1452237814664841 0.5345878899097443 0 81.62186466157436 7.81276898086071 3.386677451431751 1.553203471004963 2.6274658665061 0.5032306164503098 0 44.09044414758682 4.718764871358871 0 82.44275794178247 63.96867727488279 107.7546592578292 46.05536209046841 9.252832800149918 1.811258584260941 5.329535216093063 0.4126121327280998 3.928348690271378 11.83115923404694 1.345752269029617 5.912948697805405 3.677744396030903 4.188168980181217 3.66348621994257 2.160086266696453 0.3534973859786987 0.7886584773659706 0.101640559732914 0.2852024212479591 0.1733807846903801 0.1393716037273407 105.6156474202871 12.16882732510567 0.2072260677814484 6.451857380568981 51.2331430837512 1.00116403400898 0.4745414555072784 18.36200624704361 22.93192347884178 1.418818086385727 8.732882708311081 4.457670152187347 3.958854086697102 53.22947707772255 15.27144691348076 0.7944224178791046 9.34460024535656 29.48626798391342 10.66376058757305 11.27577823400497 0 0 0 0.2454676032066345 0 0 0 0 0 0 0 0 0.2739485800266266 0.5857194662094116 0 0 0.1534449905157089 0 0 0.7309316918253899 0.7828339040279388 0 0 0 4.706643901765347 0 8.706175118684769 0.4545147120952606 1.523198157548904 0 0 0 0 0 0 0 0 0.3729411661624908 0 0 0 0.1214642077684402 0 0.08228237181901932 0 0.08105643838644028 0.2035633698105812 0.8160483613610268 0 0 0 1.718019083142281 0.2598914355039597 0 0.07498353719711304 0 0 0 0 0 0 19.34268260002136 0 0 0 0.3773765340447426 0.7360166013240814 1.984073132276535 0.1980414986610413 0.9022788256406784 1.31750263273716 0.7136603891849518 0.3276665508747101 0 0 0.1096052750945091 0 0 0.1753462851047516 0.1804147586226463 0 0 15.81762890517712 7.160956099629402 7.83501224219799 353.7654399126768 19.01766891032457 215.2918056771159 29.86956821382046 98.53900982439518 22.39732875674963 1.784868307411671 42.65938985347748 41.89931567758322 0.1925369799137115 4.030475713312626 0.3507415354251862 35.04267309606075 0 0 0.2914336323738098 2.167069263756275 1.622289627790451 162.0267552509904 61.60895171761513
315.5747588500381 215.9426010921597 3959.676325552166 4.450640693306923 182.9395526051521 26.49386689066887 26.80316423624754 1296.525420747697 195.8339495360851 8.295510701835155 1261.926642671227 287.025859862566 279.0566652268171 1577.664832621813 19.92569699138403 14.37365914881229 0.8441653922200203 0.5032094419002533 0 0.4982242807745934 8.728925712406635 2.957477636635303 2.119671352207661 6.371492624282837 47.61195538192987 10.96139097213745 5.653133541345596 3.410679347813129 0.6953808292746544 2.240837335586548 2076.75777888298 2400.111060470343 369.1633967235684 3.423304796218872 25.48673675954342 58.03709989786148 147.1269343271852 30.96625560522079 9.425966627895832 15.4110989049077 33.05033012479544 20.26228208094835 1.653092809021473 17.4527867436409 1.280169107019901 4.814478933811188 34.77591247111559 1.193006128072739 0 3.172396093606949 5.464245297014713 1.832868784666061 1.755354568362236 4.781543642282486 2.767896883189678 4.566367395222187 55.99346962571144 300.5987040475011 12.11210878938437 16.16088587790728 17.39013841748238 35.17580854147673 4.483678482472897 212.9909654706717 2.531314857304096 0.8803369775414467 2.558028653264046 2.234248980879784 4.865754581987858 8.356285654008389 143.1305519416928 5.582724869251251 1.243401229381561 42.06473914533854 45.63811772316694 40.4499306678772 70.40110116451979 126.9946239590645 935.2473181784153 3461.236697725952 32.4706843867898 1318.132047764957 4.102901726961136 0.2994451746344566 2.419802434742451 3.982365109026432 2.457326821982861 1.970999225974083 4.783284336328506 0.3274696543812752 3.636333487927914 1.563529469072819 25.35984109342098 30.06057471036911 6.334909148514271 21.92536485940218 11.52483701705933 0.1564512550830841 27.2049927264452 227.5495629832149 0 0 0 0 0.2005917578935623 0 0 0.424454391002655 1.368671000003815 0.5375615656375885 0 0.8786843717098236 3.02863472700119 2.257325656712055 0.8425039872527122 0 0.1370253562927246 0.1627174615859985 0 0 0 0 0.246373251080513 0 0 0.4835570603609085 0 1.191987864673138 0 0.1442393660545349 0.5803518146276474 0.6642272472381592 0.1392929553985596 0.1670477241277695 0 0 0 0 0 3.265034087002277 0 1.839842170476913 2.540170162916183 1.85011176019907 0 0 0 0 0.2661352455615997 0.3644150495529175 0 0 0 0 0 0 1.620836682617664 0.3588910698890686 0 0 0.09697979688644409 0.1356809586286545 0 0 0 0.1789504587650299 0.3945798277854919 0 0 0 0 0 0.1286664754152298 0 0 0.2930991649627686 3.289774142205715 1.175261989235878 0 0.244594544172287 0.1544991135597229 0 0.5073504447937012 0 0 0 0 0 0.1187407523393631 0 0 0 0 0.1111705154180527 0 0 0.2789609134197235 4.196741081774235 2.078648574650288 4.663372457027435 136.0139097347856 9.451661288738251 71.86053398251534 28.2112777531147 72.72225158661604 10.61729227751493 0.3676418215036392 19.27408315986395 11.02724388241768 0 0.1440190821886063 0 4.677952498197556 0 0 0.501163586974144 4.221361547708511 0 20.47294541448355 5.927455320954323
13.50476710498333 856.7261339500546 198.5718332752585 11.27478814125061 2415.16261216253 3.256281644105911 712.7826681286097 195.8339495360851 271.5010831654072 106.0790794566274 507.6402819901705 138.4278964623809 395.4382016286254 1133.875431828201 36.47312118858099 7.774687267839909 0.09143164753913879 0 0.06998328119516373 0 0.3966067731380463 0 0 0.2810942381620407 0.1248886957764626 0.2077868282794952 0.1465668529272079 0.1357268840074539 0.3865154683589935 0 58.57303041219711 8.822898000478745 12.84561866521835 0 0.08230238407850266 0 14.81562008708715 0.7996417805552483 0.2974392473697662 0.1172652766108513 0.4135131612420082 0.2502796798944473 0.08112387359142303 2.882981657981873 0.08984089642763138 0.1058819741010666 44.83030208200216 2.003004431724548 0.4154214560985565 0.143398717045784 0.3028472065925598 0 0.171555757522583 0.1742757260799408 2.7025196403265 5.167940579354763 19.43769068270922 35.15832848101854 8.716416031122208 22.03783816844225 0.1682931110262871 0.4716639071702957 0 40.8115970864892 2.923772342503071 1.638112507760525 0.5068270266056061 0.9149755388498306 0.3700912147760391 0.1077721044421196 26.00008994340897 1.891422837972641 0 24.74243418127298 31.36546930670738 36.98813284933567 34.89402040094137 10.92023684829473 0.9003016874194145 17.48773615062237 1.931234091520309 3.368970297276974 4.682782769203186 0.2760662138462067 2.325961589813232 1.655664511024952 1.382592901587486 0.6365156024694443 1.129900097846985 0 0.4277932718396187 0.1695993691682816 0.1812187135219574 0.2065792232751846 0.123451329767704 53.52587629854679 6.314372353255749 0 3.037728443741798 6.02001841366291 0.09505024552345276 0.7754771113395691 1.563602015376091 0.2177707850933075 0.853137269616127 4.24136458337307 1.838846921920776 1.350863814353943 5.327238827943802 4.097013235092163 0.2638165056705475 6.439306676387787 17.03198738396168 4.043608427047729 5.945013359189034 0 0.2754524648189545 0 0 0 0 0 0 0 0 0 0 0 0 0 0 0 0 0 0.1343323439359665 0 0 0 0 2.832345515489578 0 5.869881704449654 0.2167865782976151 0.1484765410423279 0 0 0 0 0 0.1140146628022194 0 0 0.3829390704631805 0 0 0 0.2166323363780975 0 0.08373191207647324 0 0 0 0.4117653220891953 0 0 0 0.9982887804508209 0.2987998723983765 0 0 0.08083412796258926 0.08131835609674454 0.09281478822231293 0 0 0 12.16451462358236 0 0 0 0 0.1247677132487297 0.173078790307045 0.6035009622573853 0.08875922858715057 0.367181271314621 0 0 0 0 0 0 0 0.18105548620224 0 0 0 12.79861496388912 1.511304959654808 3.903683498501778 209.5945466905832 6.763109259307384 121.9020585790277 21.74609446525574 24.77055378258228 14.04393516480923 0.4397459924221039 32.26016685366631 25.22841216623783 0.09082796424627304 2.365976877510548 0.1444308757781982 17.67349132150412 0 0 0 0.930628165602684 0.6344495117664337 64.54457528889179 32.38324693590403
1003.600972019136 1485.214428029954 11.19760312885046 2049.56330832839 204.1507978215814 728.0702054947615 2348.857263840735 8.295510701835155 106.0790794566274 1469.69599518925 20.25392292439938 3764.92830760777 6498.472646854818 484.3233318254352 13.8082672059536 1.617199048399925 0.1120219528675079 0.07410317659378052 0.08948621898889542 0 0 0.4347697496414185 0 0.1145930513739586 0.1079891696572304 0.1722343266010284 0 0 0.128964439034462 0 28.45311107486486 4.729965798556805 119.9063109979033 0 0 0.377237930893898 161.1545908749104 1.934903353452682 3.042952455580235 0 0.5971469506621361 1.082944869995117 0 0.2291690036654472 0 0.2379944920539856 25.45016845315695 1.283396787941456 0.1116522550582886 0 0.1693146526813507 8.368452474474907 0.1706384867429733 0.5616497546434402 3.862036757171154 8.353288434445858 114.0449094846845 223.3756371513009 27.56581043452024 17.94946484267712 0.6530758589506149 2.548199780285358 0.1762545853853226 25.09559142589569 3.032146200537682 0.9420238435268402 0.7450991496443748 0.7251138761639595 0 0 600.5298435762525 81.32936596870422 2.368954136967659 69.05740519613028 25.46032097935677 53.22733401507139 12.05279691517353 1.93026826530695 0.3798272162675858 6.351063020527363 0.8680426925420761 0.7276425361633301 4.288928359746933 1.926537655293941 1.648506820201874 2.804204672574997 1.560809664428234 5.078578867018223 1.600855566561222 4.030089735984802 0.8686977103352547 2.810259982943535 0.08545859158039093 0 1.306295312941074 862.9931942075491 108.1597474813461 1.610256537795067 31.33855855464935 518.1514693498611 1.618741482496262 3.722897969186306 32.673672914505 45.77484095096588 0.7740617990493774 96.37439511716366 27.58667883276939 14.52218854427338 168.7822785973549 38.66779421269894 2.942644581198692 17.69462704658508 78.73205152153969 25.80486476421356 28.59137247502804 0 0.2445328682661057 0 0 0 0 0 0 0 0 0 0 0.4972256720066071 0 0 0.3818684816360474 0.2146480083465576 0.171144425868988 0 0.8939523100852966 0.4397725462913513 0.4538960456848145 0.1205675005912781 0 11.04461845755577 1.065114974975586 10.67725128680468 0.9410703033208847 0.2584365904331207 0 0 0 0 0 0.2138060331344604 0 0.1322353333234787 1.479250267148018 0 0 0 0.538041889667511 0.2559209167957306 0 0 0 0.08378244191408157 0.2398994714021683 0 0.135393038392067 0.7061856985092163 4.265562057495117 0 0 0 0 0 0 0 0 0 33.60354594886303 0 0 0 0 3.585432216525078 0.8503965735435486 0.1453000605106354 3.524037875235081 0.7189431637525558 0.2862820774316788 0 0 0 0 0 0 0.1087232828140259 0.2593288868665695 0 0 31.08558408915997 10.74372904002666 12.07842279225588 733.3284440040588 8.584098339080811 94.06107168644667 12.75176714360714 625.1470382362604 9.365334093570709 0.3329238891601562 17.72750583291054 181.5095036327839 0 5.789887137711048 1.035122230648994 177.309496730566 0 0 0 0.3446491733193398 1.079138681292534 1339.041757136583 195.5160090774298
95.66632725298405 1161.825325451791 2462.052937872708 4.055940099060535 2045.126046709716 4.444193229079247 118.2476843893528 1261.926642671227 507.6402819901705 20.25392292439938 1381.664331957698 581.7390094697475 1157.381554797292 3555.669952049851 27.58515561372042 12.66821462661028 0.4071096926927567 0 0 0.1205308958888054 0 0 0 0.1023165285587311 2.715040147304535 1.19428426027298 0 0.8617433309555054 0.6049124896526337 0.3571686148643494 533.6052748635411 14.50547957420349 633.3295798376203 0.08700521290302277 0.7269524857401848 3.997686214745045 307.7093301340938 5.754696667194366 2.594223208725452 2.147543139755726 1.061856552958488 0.8999700248241425 0.1971657425165176 5.216254815459251 0 0.3173685073852539 29.28754211217165 1.380892693996429 0.1073025688529015 0 0.5650133341550827 0.3015815764665604 1.841317847371101 1.825123846530914 1.337488904595375 2.950843378901482 11.77739940583706 33.99664985388517 5.349742069840431 10.14383959025145 1.220114395022392 1.517979077994823 0.1465058475732803 31.1936846897006 1.301555022597313 0.1711155846714973 0.1776899099349976 0.5171094313263893 0 0.3257746547460556 151.1768758222461 3.059126809239388 0.4767721593379974 15.06512573361397 21.60010793060064 27.48321665078402 30.59927409887314 15.09812317788601 10.34295880049467 446.6763185039163 1.929076313972473 13.45439373701811 2.85653317719698 0.28386490046978 1.026661358773708 0.5896259844303131 1.043437279760838 0.09195638447999954 1.01891140639782 0.3086238205432892 0.2057684436440468 0.1494314968585968 0.6405510902404785 0.8704735115170479 0.8700902462005615 43.72960358858109 7.161921128630638 0 7.651256456971169 22.61004114896059 0.3012915253639221 0 0.8283263891935349 0 1.035488188266754 2.773810736835003 0.21197210252285 1.05096660554409 2.995250999927521 2.556862458586693 0 1.42861707508564 6.337030425667763 3.126921363174915 5.506598271429539 0 0 0 0 0 0 0 0.33483025431633 0 0 0.208418220281601 0 0 0 0 0 0.1235257685184479 0 0 0.2224930226802826 0 0 0.109351322054863 0 2.39785648137331 0.4431829154491425 1.067482233047485 1.816381134092808 0.3788197860121727 0 0 0 0 0.1578765064477921 0.2907890826463699 0 0 0.5144616812467575 0 0 0 0.5716490969061852 0 0.1021363809704781 0 0 0 0 0.4407108724117279 0.2474332451820374 0.1894097775220871 1.075721979141235 0 0 0 0 0 0 0 0 0 3.699754700064659 0.1981052160263062 0 0 0.2145013362169266 0.187466561794281 0 0.3554093241691589 0.3019140958786011 0.6826645731925964 0 0 0.7967887222766876 0 0 0 0 0.07224238663911819 0 0 0 3.535976022481918 1.878450497984886 3.005922481417656 153.9216313883662 6.65584160387516 82.01497989147902 22.5918337777257 27.5069724842906 11.58978352695704 0.2253078520298004 28.14208018779755 19.53492386639118 0 2.102454662322998 1.550093173980713 12.89132744073868 0 0 0.390118196606636 2.043324381113052 0.3896319568157196 46.28242409974337 15.55233408510685
439.2186618149281 390.1897461488843 76.04528411477804 592.700735501945 134.6251207441092 319.3895459473133 927.9950053244829 287.025859862566 138.4278964623809 3764.92830760777 581.7390094697475 222.5552843511105 1550.348324529827 707.5385943576694 31.39986599981785 22.53555800020695 0.7046331912279129 0.5178508386015892 0 0 0.4874858185648918 1.793585821986198 0 0.7896778732538223 10.91672304272652 3.211250871419907 0.7481350228190422 2.074640206992626 0.5407764613628387 1.963612571358681 64.89162877202034 18.83548617362976 141.305382296443 0 3.244228914380074 7.634215950965881 336.9957604780793 21.42525950819254 5.09433101862669 8.553801745176315 3.420222535729408 5.384505212306976 0.4249211028218269 4.223142862319946 0.1324266344308853 1.165979839861393 35.09844149649143 0.6812391504645348 0.1100327298045158 0.2951644659042358 0.1102720275521278 2.580309182405472 2.382161736488342 4.571487158536911 1.056310154497623 3.498469084501266 14.62178498506546 34.86408531665802 7.316262878477573 12.36174574494362 2.673540830612183 6.05121498554945 0.9889028519392014 20.18291474878788 1.655534647405148 0.343900628387928 0.3274272680282593 0.5441128760576248 0.5392132923007011 1.28231006860733 322.4116502702236 20.4419804289937 0.5348809063434601 13.89470186084509 17.33605814725161 28.60760783404112 31.4645833298564 15.47900362312794 2.046493135392666 71.88732977211475 2.903854057192802 12.48935802280903 1.662644885480404 0.3774347528815269 0.5180947035551071 0.3399809747934341 0.8865599632263184 0.7121221870183945 0.3064195737242699 0.8983093947172165 1.022514782845974 1.046595208346844 2.066386118531227 4.79513218998909 3.135419830679893 886.5073323473334 81.14012034237385 0 39.98155356943607 40.84892309457064 0.3559222817420959 2.153298854827881 8.569368675351143 5.970199301838875 7.764935538172722 36.23002123832703 21.96548092365265 16.75317911803722 96.16451030224562 57.93460342288017 5.350539550185204 45.85444459319115 144.0457342192531 58.98648121207952 61.01889828592539 0.7881794422864914 1.621512293815613 0 0 0 0 0 0 0 0.5555061101913452 0.197548121213913 0 1.711166106164455 0.5219239443540573 0 0.4339074194431305 0.2243150621652603 0.1230185553431511 0.4872710332274437 1.146899193525314 2.890342503786087 0.1275254338979721 0 0 29.06626699864864 0.2004281133413315 33.07707760483027 4.573204934597015 1.871244736015797 0 0 0.1835423707962036 0.0991002693772316 0 1.112837947905064 0.3138164579868317 0.1388106048107147 0.4563142955303192 0 1.036091357469559 0 1.10361810028553 0.9621721208095551 0 0 0 0.237072229385376 0.8323487639427185 0 0 1.264590039849281 7.863395377993584 0 0 0 0 0 0 0 0 0.7455450892448425 75.69883198291063 1.009985163807869 0 0 0 4.508054971694946 2.747512005269527 2.936770781874657 1.914096906781197 0.9873410016298294 1.726655192673206 0 0.4027000740170479 0 0 0 0.3499513864517212 0 0.1033925786614418 0 0 73.47832334041595 28.63684158027172 29.63933850824833 440.2292026132345 7.386378094553947 116.0016683936119 56.17260367423296 153.2549803853035 16.48139093071222 0.5649302750825882 42.82474831491709 186.5969331637025 0 13.00849539041519 1.145764201879501 157.0364359915257 0.2791557013988495 0 2.031274944543839 2.435888141393661 1.020186841487885 844.2434939146042 275.0461709424853
94.47033236175776 1508.984411008656 112.1679638624191 270.9679438993335 540.0677532106638 79.81884187459946 5138.813021808863 279.0566652268171 395.4382016286254 6498.472646854818 1157.381554797292 1550.348324529827 4098.687767297029 3865.93679407984 66.34373661875725 27.00028827041388 0.5526569932699203 0.4023651331663132 0 0 0.1218919977545738 1.197629764676094 0 0.1077497005462646 6.890358120203018 3.159573420882225 0.6610941663384438 1.283484488725662 1.014196529984474 1.175577625632286 88.13583461940289 17.31738117337227 419.0031950175762 0.5553306862711906 1.51080296933651 4.861945115029812 1774.948630608618 34.08912661671638 23.2220711633563 12.5857498049736 0.8718478381633759 3.300489038228989 0.3196481242775917 7.713274203240871 0.09188497811555862 1.393182173371315 58.77089785039425 1.945009879767895 0.5360082611441612 0.2828621938824654 0.08534335345029831 1.09524343162775 6.62490151822567 4.092067196965218 2.826223023235798 5.05267883092165 22.47815780341625 59.02763390541077 9.697312824428082 25.99789536744356 2.588854566216469 11.29685615003109 0.6187002286314964 50.61100240796804 1.920308075845242 1.360376417636871 0.6994832903146744 1.52635832130909 0.7118210196495056 0.6633610054850578 904.9801598638296 15.59686894714832 0.5050616040825844 31.34483236074448 38.10812642425299 54.71188318729401 62.50644237548113 31.4952813833952 1.855159789323807 85.87182673066854 5.434071093797684 16.19603475183249 5.058014266192913 0.7026009932160378 1.475322730839252 1.595383644104004 1.545854121446609 1.109810598194599 0.6368067935109138 0.1324528753757477 1.46936608850956 1.202521078288555 0.6426038444042206 1.591868884861469 1.376657277345657 544.2858281880617 39.72012799978256 0.1630090326070786 81.75628922134638 19.02907471358776 1.072613917291164 0.5712063536047935 4.958521284162998 3.836400225758553 5.546247899532318 28.77804505825043 12.2035016566515 13.09654918313026 85.5654045343399 50.0505713224411 5.655400648713112 41.21268927305937 134.8275766819715 43.72128096222878 43.18771285563707 0 1.104567006230354 0 0 0 0 0 0 0 0 0 0 0.1423782110214233 0.7802557349205017 0 0.4366811215877533 0 0.1272444874048233 0.1126637607812881 1.441270910203457 3.889478445053101 0 0.1048954427242279 1.08743679523468 23.11612112820148 0.2388223707675934 25.35044196248055 3.449981339275837 1.297748044133186 0 0.1240632236003876 0 0 0.2931658029556274 0.9031404703855515 0 0.5824889168143272 0.4608506560325623 0 0 0 0.7991573959589005 0 0 0 0 1.171242624521255 0.5021291673183441 0.2445019483566284 0 2.219823107123375 2.45621545612812 0 0 0 0 0 0 0 0 0 70.20995056629181 0.5100666731595993 0.1001649349927902 0 0.1589619219303131 1.524073362350464 0.5514703541994095 3.207759276032448 1.752166993916035 0.7761266306042671 1.100019402801991 0.1076618134975433 0.3879767209291458 0 0 0 0 0.1062961593270302 0 0 0 69.07312216609716 26.98324344307184 20.69131729751825 459.8003332987428 15.05079621076584 201.2718712612987 64.40715346485376 102.7005313485861 24.95015448331833 0.9869167506694794 69.39394192397594 140.7349538952112 0.3060790598392487 6.761274412274361 2.096935898065567 129.0543484836817 0.8885767310857773 0 1.244627863168716 2.358015023171902 1.014680042862892 535.6367177888751 225.7933052182198
