181.8202564045787 2892.59420786798 375.7304567843676 2097.731308892369 40.4075129032135 19.91044391691685 261.6731894612312 194.8897122815251 6.694151788949966 1089.859328351915 94.20875089615583 1.46974304318428 12.99934649467468 59.34220593422651 1.025429889559746 0.1255934834480286 0 0 0 0.09763021767139435 0 0 0 0.1775945574045181 0 0 0 0 0 0 767.8034410849214 0.5359031707048416 40.56476946920156 0 0 0 1.930713564157486 0 0 0 0 0 0 0 0 0 4.487779133021832 1.185838222503662 0 0 0 0 0 0 4.088211886584759 7.608955085277557 129.5224907621741 946.5337350517511 14.20547986775637 16.23777039349079 0 0.3745278120040894 0 0.8186613693833351 1.092734985053539 0.09748025983572006 0.1021220162510872 0.2330453917384148 0.1025482267141342 0 24.02355213463306 0.5838118046522141 0 140.4699126854539 36.15755572170019 26.9245361238718 0 0 2.178562998771667 72.92565774917603 0.4869545176625252 19.1807205080986 6.867328330874443 0.1181270927190781 0.6851143017411232 1.142851538956165 0.1090167760848999 0 0 0 0.08973777294158936 0 0.09356752783060074 0 0 77.71887481212616 17.31521487236023 0 0.1453514695167542 1172.525643482804 0 0 0 0 0 0.5755229592323303 0.6764436662197113 0.6839192807674408 2.336431056261063 0.3995216488838196 0 1.631257593631744 2.044003710150719 0.4421554505825043 3.944035768508911 0 0 0 0 0 0 0 0 0 0 0 0 0 0 0 0 0 0 0 0 0 0 0 0 0 0 0 0 0 0 0 0 0 0 0 0 0 0 0 0 0 0 0 0 0 0 0 0 0 0 0 1.900713294744492 0 0 0 0 0 0 0 0 0 0.1825264096260071 0 0 0 0 0 0 0 0 0 0 0 0 0 0 0 0 0 0 0 0 1.125440955162048 0.2609558403491974 0 59.22707638889551 1.23528153449297 34.22114752978086 0.3953559249639511 875.0135018676519 3.829544715583324 0.4241368398070335 1.963423036038876 0.6167780160903931 0 0.4536096751689911 0 2.249479293823242 0 0 0 0.4151457250118256 0 230.1474787294865 2.563915640115738
2892.59420786798 2393.447813153267 882.9777372181416 1389.535809963942 1469.621791474521 79.32764572650194 2422.917202413082 689.0769451633096 819.6052398383617 1154.188242539763 1376.492928221822 9.648174270987511 429.0319075509906 1853.736144959927 30.29567364603281 3.830259755253792 0.7619812712073326 0 0.1551382094621658 0.09428119659423828 0 0 0 0 0 0 0 0 0.2624684795737267 0.09090746939182281 3401.294847987592 31.76292982697487 199.5440507680178 0 0 0 4.290964365005493 1.018036365509033 0.1687764003872871 0 0.3911173492670059 0 0.5738096088171005 0.3755764067173004 0.08672372251749039 0.1023458018898964 158.9305199086666 8.984811127185822 0.2240291461348534 0.3253839015960693 0.4531018286943436 0.1942178905010223 0 0.117178276181221 28.91700667142868 54.94553013145924 129.0334407761693 890.8298566713929 54.12046328186989 157.9430764988065 1.35713230073452 0.8765718415379524 0 67.28305021673441 10.78922664374113 5.452523909509182 1.273615717887878 1.706622093915939 0.4879044070839882 0 20.74853033572435 0 0 498.0451959744096 305.8995158299804 306.8704007677734 45.96308039873838 4.083177410066128 20.16454276442528 534.558602027595 1.431568913161755 61.59250497817993 39.1766630038619 1.952223613858223 8.688069544732571 6.769759342074394 2.362941741943359 0.2408422902226448 0.4731822609901428 0.09240157157182693 1.348729111254215 0.6272108405828476 1.461346104741096 0.6787080094218254 0.1938306614756584 91.03835729882121 10.35295704007149 0 2.359799548983574 991.365115813911 0 0 1.650938346982002 0.59537672996521 0 25.95233984291553 2.323154993355274 14.93630753457546 25.14431463927031 8.902979172766209 3.097630053758621 22.58894055336714 31.86666617542505 22.64996266365051 57.07648423314095 0.6191295981407166 0 0 0 0 0 0 0 0 0 0 0 0 0 0 0 0 0 0 0.4659913778305054 0.3523833155632019 0 0 0 8.632387951016426 0 0.5345844179391861 1.363337598741055 0 0 0 0 0 0 0 0 1.254976198077202 0.7833927348256111 0 0 0 0 0 0.1031183749437332 0 0 0.5707330703735352 0.4541895091533661 0.1856988370418549 0 0 4.477406516671181 0 0.5335690230131149 0.172259196639061 0.198861837387085 0 0 0 0 0 17.96103570610285 0.1451453119516373 0 0 0.07324384152889252 14.52378023415804 0 8.654228612780571 0.6299288272857666 0 0.1038681492209435 0.1375062763690948 0 0 0.3515429794788361 0 0 0.08036059886217117 0.09105533361434937 0.1084194481372833 0 28.07624918222427 6.913844533264637 5.605018310248852 369.1102863997221 14.21704892069101 467.3945449590683 15.41987719386816 909.5632382035255 39.12546713650227 4.40100222080946 45.37253388017416 12.667370416224 0.5583529993891716 1.952311106026173 1.513184279203415 18.19161675870419 0.2714326679706573 0 0.4209208264946938 9.002542540431023 0 152.864610478282 20.92872332781553
375.7304567843676 882.9777372181416 638.6994880288839 170.5272790417075 851.9992742836475 1.528349310159683 16.81177128851414 2424.599702939391 191.0774522423744 11.92407319694757 2747.625163048506 1.625303365290165 9.058462090790272 351.164044354111 11.88522104918957 3.440072350203991 0 0 0 0.09505333751440048 0.1650454699993134 0 0.182379350066185 1.239615865051746 0 0.464505523443222 0.3536324575543404 0.6286502629518509 0 0 3134.662346564233 277.7813908532262 106.3000177592039 0 1.116829670965672 0 0.4839196875691414 0 0.327792726457119 0 1.251679390668869 0.07273325324058533 1.185974389314651 0.7137163951992989 0 0 52.24487612396479 2.831988088786602 0.1667412370443344 1.818526059389114 0.7066354602575302 0 0 0.09744463115930557 6.775709815323353 11.88631350547075 34.969268463552 403.4026406258345 13.18072720617056 42.12756416201591 9.008955240249634 8.588201366364956 0 108.8390459567308 2.202615357935429 1.76836846023798 0.4283506199717522 0.9392385706305504 3.55307050049305 2.067218527197838 3.552116565406322 0 0 136.3621783070266 110.9504744708538 93.0503955334425 45.88126004487276 77.91374556720257 251.8609279543161 462.7753560170531 20.51193518936634 232.9044636189938 10.59707640111446 0.3896511197090149 2.085095584392548 1.83052509278059 2.155086673796177 0 0.5987375602126122 0 0.4909263253211975 0.1672122105956078 6.949862025678158 1.005219094455242 0.09118767082691193 4.584546979516745 2.79028482735157 0 0.663504347205162 121.1802936419845 0 0 0 0 0 0 0 0 0.420061782002449 0.2867597043514252 0.3410253822803497 0.5352139174938202 0.3616226613521576 0.2818432971835136 1.456735081970692 0 0 0 0 0 0 0 0 0 0 0 0 0 0 0 0 0 0 0 0 0 0 0 0 0.2593559622764587 0 0.2671423256397247 0.1133951619267464 0 0 0 0 0 0 0 0.2127908915281296 0 0.08271990716457367 0 0 0.112649604678154 0 0.1235492154955864 0 0 0 0 0 0 0 0 0.2448296248912811 0 0 0 0 0 0 0 0 0 0.2625237107276917 0 0 0 0 0.7338679581880569 0 0.1949490010738373 0 0 0 0 0 0 0 0 0 0 0.08626852184534073 0 0.1096092239022255 0 0.3810223042964935 0.5363389253616333 78.92181702703238 4.496849626302719 114.1266364529729 3.696911357343197 111.9068431183696 9.736618392169476 1.726230911910534 10.70113708078861 0.8360771164298058 0.09610488265752792 0.4458295479416847 0 0.205582469701767 0 0 0.1029949933290482 2.86353112757206 0 9.033753581345081 0.3764215111732483
2097.731308892369 1389.535809963942 170.5272790417075 259.5098332241178 99.14827853441238 331.626480653882 442.5835940390825 29.10651490837336 12.49505846202374 529.2872479707003 39.25741840898991 4.648149102926254 122.0344130024314 57.85897592455149 1.003764219582081 0 0 0 0 0 0 0 0.0902080312371254 0 0 0 0 0 0 0 68.57469680905342 0.09958693385124207 0.4060865864157677 0 0 0 0.07684457302093506 0 0 0 0 0 0 0.07500293105840683 0.08040393143892288 0 7.846903063356876 0.6710531488060951 0.09846299141645432 0 0 0 0 0 3.467362068593502 5.911213412880898 38.58816312253475 135.7452766895294 8.036991856992245 12.67230035364628 0.08001189678907394 0 0 4.763387493789196 0.9769519194960594 0.4676460102200508 0.1873106509447098 0.1729689836502075 0 0 0.9174786135554314 0 0 74.91177248954773 29.92135797441006 25.2097001299262 1.523769408464432 0.1658594310283661 0 1.738972023129463 0 0.351929247379303 5.628786124289036 0.3124222382903099 1.61695534735918 0.7599839568138123 0 0 0 0.1410831212997437 0 0.182030163705349 0 0.09334590286016464 0 5.796073921024799 0.5819227993488312 0 0 565.5558024421334 0 0.3639269769191742 0 0 0 3.190805703401566 0.3178171813488007 1.425136774778366 2.784217953681946 0.7623921036720276 0.8322299718856812 1.42495097219944 2.930015467107296 0.9969891160726547 1.088777795433998 0 0 0 0 0 0 0 0 0 0 0 0 0 0 0 0 0 0 0 0 0 0 0 0 0.2761300206184387 0 0 0 0 0 0 0 0 0 0 0 0 0 0 0 0 0 0 0 0 0 0 0 0 0 0 1.176810741424561 0 0 0 0 0 0 0 0 0 0.8067736253142357 0 0 0 0.09964127093553543 0.8515726625919342 0 0 0 0.7047270536422729 0 0 0 0 0 0 0 0 0 0 0 2.024996139109135 0.3365212082862854 0.1221868321299553 45.08071330934763 1.034789755940437 32.97505409270525 0.6999314278364182 582.2518858984113 2.353433288633823 0.8972165137529373 2.463807314634323 0.4221664816141129 0 0 0 2.503514587879181 0 0 0 0.8770231306552887 0 144.8944101631641 0.7547527775168419
40.4075129032135 1469.621791474521 851.9992742836475 99.14827853441238 1735.786674194038 1.717345267534256 1333.715467125177 752.4545503109694 1783.030862897635 426.4496103003621 1387.341536849737 0.8132688626646996 182.423458814621 721.7740370109677 10.07589262723923 1.325283691287041 0 0 0 0.08048524707555771 0 0 0 0 0 0 0 0 0 0 138.0417411029339 9.459235914051533 4.208347231149673 0 0 0 1.123970255255699 0.09318482875823975 0 0 0 0 0.07843150198459625 0.1616829633712769 0 0 62.91860689967871 1.12326892465353 0.08055167645215988 0.177063062787056 0.07857229560613632 0 0 0 4.656414270401001 6.76417264342308 12.68859266489744 60.60379468649626 9.40744087100029 32.30178522318602 0.2698458358645439 1.691992036998272 0.07727391272783279 18.78826349228621 1.887527652084827 1.417825609445572 0 0.2731422856450081 0.1874804869294167 0 8.95129257440567 0 0 64.20757116004825 55.21443532407284 65.40888845920563 19.97271403670311 2.831230998039246 10.87389478832483 7.016503050923347 0.7687161937355995 1.931949399411678 7.594748169183731 0.2705079689621925 1.921808861196041 0.5896669626235962 0.4664433002471924 0 0.1260279715061188 0 0.1764466241002083 0.09257586300373077 0.2503996267914772 0 0 38.3680687174201 2.077690944075584 0 0 14.75129669159651 0.1541529893875122 0.3973981142044067 1.181262493133545 0.3543045818805695 0 16.5795276761055 1.993386074900627 5.335600532591343 18.1066814288497 2.325692437589169 5.22832203656435 11.51807627826929 18.21841073781252 12.81316446512938 34.57186662405729 0.1054805144667625 0 0 0.1151914596557617 0 0 0 0 0 0 0 0 0 0 0 0 0 0 0 0.2266267389059067 0.5413224771618843 0 0 0 4.033944860100746 0 0.312523290514946 0 0.8037946224212646 0 0 0 0 0 0 0 1.068252921104431 0.3863528370857239 0 0 0 0 0 0 0.6611849069595337 0 0 0 0 0 0 3.826001212000847 0 0 0 0 0 0 0 0 0 8.310877896845341 0.1543563008308411 0 0 0 10.84173331409693 0 1.903471037745476 0.172707125544548 0.5089403986930847 0.7146358042955399 0 0 0 0 0 0 0 0 0 0 14.38321566581726 1.550112321972847 1.263326205313206 124.4258305877447 3.163124226033688 144.810901850462 5.932881720364094 84.01801831275225 11.95015402138233 0.8891667053103447 17.23522501066327 3.489054180681705 0.2980526983737946 3.307876423001289 0.5228224471211433 5.378905788064003 0.1619551479816437 0 0.15451979637146 3.664993584156036 0 39.49672974646091 8.60917803645134
19.91044391691685 79.32764572650194 1.528349310159683 331.626480653882 1.717345267534256 0.674550861120224 71.43911281973124 0.3831614628434181 3.115231946110725 702.1836535185575 0.1196618005633354 115.6256197243929 56.46445074677467 20.49504684656858 0.1077340096235275 0 0 0 0 0 0 0.9295963495969772 0 0 0 0 0 0 0.1117303296923637 0 8.451059482991695 0 1.010048061609268 0 0 0 4.029991790652275 0.3579875528812408 1.021892994642258 0 0 0 0 0 0 0 1.003230586647987 0 0 0 0 4.086302049458027 0.6110099703073502 0 0 0.189476266503334 38.84066265821457 2.484703600406647 1.031328976154327 0.1814736872911453 0 0.3233070075511932 0 0 0 0.1348546147346497 0 0 0 0 114.7044951915741 59.37852043658495 3.854602605104446 0.3100377544760704 0.2315449714660645 0.5225479379296303 0 0 0 0.3689488768577576 0 0.3615102916955948 0 0.462492048740387 0 0.1105028539896011 0 0.2210781797766685 0.8768618181347847 1.338831402361393 0.5746860951185226 0.2829039022326469 0.152550533413887 0.09193134307861328 0 273.1904696375132 293.8089345246553 8.055628463625908 13.09636508673429 130.3733525723219 0 0 0.8511486649513245 0 0 6.688090056180954 0.6839118599891663 2.16762013733387 3.636372216045856 5.862287417054176 0.7694654241204262 6.352270647883415 5.278302885591984 2.868237622082233 4.517683319747448 0 0 0 0 0 0 0 0 0 0 0 0 0 0 0.2740956246852875 0.1821196526288986 0.2016554027795792 0 0 0 0 0 0 0 0.5951633527874947 0 0.1394790261983871 0.9016168490052223 0.369627945125103 0 0 0 0 0 0 0 0 0 0 0 0 0.3388182446360588 0 0 0 0 0 0 0 0 0.4996433258056641 0 0 0 0 0 0 0 0 0 0 0.6799553260207176 0 0 0 0 2.378799006342888 0 0.593652069568634 0 0 0 0 0 0 0 0 0 0 0 0 0 2.588406525552273 0.8842757344245911 0.8153541833162308 29.17561097443104 0.1397510915994644 0.7604070901870728 0.4751705080270767 104.0417713224888 0 0 0 0.6034452319145203 0.1130656525492668 0.08902487903833389 0 5.467442139983177 0 0 0 0 0 137.337142214179 3.77489085495472
261.6731894612312 2422.917202413082 16.81177128851414 442.5835940390825 1333.715467125177 71.43911281973124 667.8071364611387 9.01548108458519 1739.423833630979 2358.322234913707 823.352930020541 23.11078429967165 2506.116300165653 1708.030471235514 14.08623334765434 4.599758461117744 0 0.1020767241716385 0 0 0 0 0.1941293105483055 0.2191780731081963 0.1451786309480667 0.08362528681755066 0 0.1931692212820053 0 0 65.59019305557013 4.104285970330238 12.86681478470564 0 0 0 3.827821634709835 0 0 0 0.2283061146736145 0 0 0.2596331685781479 0 0.07187333703041077 63.35821689665318 2.355342790484428 0 0.3016422912478447 0.1913263127207756 0 0 0 5.598965905606747 8.963761411607265 20.55379832535982 89.5512233376503 11.95886340737343 38.99813093990088 0.6343502104282379 0.6062498241662979 0 14.38589450344443 2.005966998636723 1.580368749797344 0.6713649332523346 0.9961158186197281 0.3379624411463737 0.2988452240824699 15.18344394117594 0 0 84.6877878010273 64.25195540487766 73.05135205388069 19.75131799280643 3.337728835642338 3.293217398226261 4.069500498473644 0.4735823422670364 4.340950094163418 8.038028761744499 0.3468005955219269 1.370518557727337 1.386250086128712 0.5937870442867279 0 0.3408579155802727 0 0.183680921792984 0.09096681326627731 0.990050345659256 0.08650530129671097 0.1039541736245155 88.73688943684101 4.962683200836182 0.1787804961204529 0.7387588769197464 104.3966614082456 0.689981609582901 0.1792249977588654 4.79752454161644 3.223409444093704 0.136737585067749 56.97317650169134 4.428810298442841 31.49301246553659 53.30431352555752 18.43806947767735 8.97620152682066 52.35996052622795 63.46462623029947 37.25529254972935 107.2450828626752 0.2723762318491936 0 0 0 0 0 0 0 0 0.107873447239399 0 0 0 0 0 0 0 0 0 0.7600108459591866 0.485688328742981 0 0 0 12.38395342230797 0 0.8711695820093155 0.5544289574027061 0 0 0 0 0 0 0 0 0.6874479278922081 0.6444215178489685 0 0 0.1044253706932068 0 0.09998997300863266 0.3405466601252556 0.2224082797765732 0 0.6509304642677307 0.3843775242567062 0 0 0 10.57187805324793 0.5167940706014633 0.2967708483338356 0.2866003587841988 0 0 0 0 0 0 25.5244263485074 0.247865803539753 0 0 0 31.49070482701063 2.143155060708523 7.498264744877815 0.6928946971893311 0 1.079816319048405 0 0.5063157230615616 0 0 0 0 0 0.1316625475883484 0 0 46.71623800694942 8.409904286265373 4.775984272360802 166.2041828483343 3.348903715610504 158.8596712201834 7.09490554779768 284.0235115885735 21.15600078552961 0.5006842017173767 26.3736667111516 8.911080367863178 0.2672279700636864 6.380429916083813 1.656041584908962 15.53054910153151 0.7037991881370544 0 0.3040505349636078 3.972035385668278 0 211.3635311350226 49.12214656174183
194.8897122815251 689.0769451633096 2424.599702939391 29.10651490837336 752.4545503109694 0.3831614628434181 9.01548108458519 454.3175826594234 114.2652259990573 1.019804500043392 1029.265708990395 0.9164220243692398 3.847363620996475 610.3081836923957 36.47583989053965 11.19915848225355 0.3949837684631348 0.6705796346068382 0.1548050791025162 0.349089540541172 0.9723381251096725 0 3.012550920248032 5.598064213991165 1.166648849844933 2.524437084794044 1.327093504369259 2.472021669149399 0.09323382377624512 0 1545.192454971373 952.559575997293 79.89796247333288 0 2.934533976018429 0.2996596097946167 0.8430544957518578 1.953345887362957 0.6433117911219597 0.3206629529595375 5.417941100895405 1.402419678866863 2.93132509291172 1.350295066833496 0.1034879088401794 0.08375106006860733 104.2194499373436 2.994810067117214 0.6837734878063202 3.957934029400349 1.094617135822773 0.2689577713608742 0 0.3890360593795776 5.558839313685894 8.303699284791946 18.48468046635389 165.381170719862 13.17345936596394 49.79927085340023 26.90208142250776 14.82565526664257 0 226.4181514233351 3.364026226103306 1.40735874325037 1.160290226340294 2.024297878146172 6.878903917968273 7.550018012523651 2.724794059991837 0 0 94.27257611975074 115.6364831253886 129.8872649520636 183.5046888366342 285.2435382530093 1291.201546497643 796.6227100044489 59.4225559681654 339.4456212669611 8.408449701964855 0.453839547932148 2.364860311150551 1.122517496347427 3.005036078393459 0.09221915900707245 0.6375953480601311 0 1.484414204955101 0.6650407239794731 28.97834965586662 4.564803183078766 0.488031379878521 2.346771478652954 1.87305798381567 0 0.7217426300048828 44.90608704090118 0 0 0.44780632853508 0 0 0.66883485019207 0 0 0 0 0.1902841031551361 0 0.3857398480176926 0 0.6459114849567413 0 0 0 0 0 0 0 0 0 0 0.207955613732338 0 0.1001357138156891 0 0 0.3458296656608582 0 0.564968429505825 0 0 0 0 0 0 0.25771564245224 0 0.1786797791719437 0.1462861597537994 0 0 0 0 0 0 0 0 0 0 0 0 0.09833311289548874 0.125060111284256 0.1501730680465698 0 0 0 0 0 0 0 0 0 0 0 0 0 0 0 0 0 0.2367891073226929 0.1223397776484489 0 0 0 0 0.8416556566953659 0 0 0 0 0 0 0 0 0 0 0 0 0.1368192434310913 0.122906357049942 0 0.3531953617930412 0.388692244887352 0.1170663759112358 147.5419734939933 6.761630430817604 193.7473962977529 8.528332591056824 62.02466502785683 15.24911677092314 0.9587168619036674 23.24592471122742 2.241923257708549 0 0.1423337757587433 0 0 0 0 0 5.104792349040508 0.1178831607103348 8.182316958904266 0.1357256174087524
6.694151788949966 819.6052398383617 191.0774522423744 12.49505846202374 1783.030862897635 3.115231946110725 1739.423833630979 114.2652259990573 628.0335781127214 181.7468914687634 715.4018693640828 4.072419248521328 1034.613790467381 414.4967716708779 17.88093071430922 5.355579413473606 0 0.1898517236113548 0 0 0 0 0.1511069089174271 0.0862262174487114 0.2267980426549911 0 0 0.2570431083440781 0 0 57.90315191447735 5.740828916430473 5.827738404273987 0 0 0 2.937142685055733 0.1662638336420059 0 0 0.09393474459648132 0 0.1252598762512207 0.2553684338927269 0 0 65.94365204870701 1.749688111245632 0.1115524023771286 0.2485921382904053 0 0 0 0 3.732015743851662 5.94064624607563 5.336544625461102 25.86411940306425 6.258798718452454 30.65552734583616 0.5806437134742737 0.3933416679501534 0.07011312246322632 15.66721957176924 1.558425709605217 1.102308563888073 0.1676298379898071 0.3109395131468773 0.4613817781209946 0.3198136910796165 11.99501859396696 0 0 44.68013641983271 41.5738682821393 60.20354966819286 23.68960262462497 4.613367594778538 6.425930038094521 11.13534718006849 0.5082812085747719 3.551601551473141 5.225450806319714 0.08472833037376404 1.602423049509525 1.153101980686188 0.3229428827762604 0 0.2129047214984894 0.1018669158220291 0.1844327598810196 0.07371754199266434 0.7843389883637428 0.08795896172523499 0 44.03580579161644 2.949596010148525 0 0.3093109205365181 8.752645641565323 0 0 2.841619804501534 0.8408727720379829 0 32.01556575298309 1.889639385044575 15.45734020322561 22.99349162727594 8.758613400161266 5.657458521425724 27.40654449909925 33.15554876625538 20.86017199605703 55.46501990407705 0.1643348634243011 0 0 0 0 0 0 0 0 0 0 0 0 0 0 0 0 0 0 0 0.6521490216255188 0 0 0 5.424517802894115 0 0.9722103551030159 0.7899040579795837 1.018492013216019 0 0 0 0 0 0 0 0.2320167273283005 0.8535840958356857 0 0 0 0 0 0.2646501436829567 0.09462102502584457 0 0.3991316929459572 0.283976674079895 0 0 0 7.025464445352554 0.1378768384456635 0 0.09405489265918732 0.1453481614589691 0 0 0 0 0 17.71985597908497 0.4573914334177971 0 0 0.09563364833593369 16.30178588628769 0.6443428546190262 3.53127471357584 0.1921932846307755 0 0.1734084337949753 0 0.2043386548757553 0 0 0 0 0 0 0 0 26.85542465001345 4.591407380998135 2.510320715606213 132.8604235649109 4.411182306706905 130.1334031298757 5.69784639030695 53.52430494874716 11.54038439691067 0.7006387114524841 23.86969550698996 7.277024731040001 0 3.627147600054741 0.4867420941591263 8.246823221445084 0.2166755795478821 1.696853041648865 0.4675834774971008 2.107125103473663 0 63.40686988085508 23.88558749854565
1089.859328351915 1154.188242539763 11.92407319694757 529.2872479707003 426.4496103003621 702.1836535185575 2358.322234913707 1.019804500043392 181.7468914687634 660.1727808266878 91.51024470478296 941.6950283050537 4543.456631973386 761.908632338047 9.272035330533981 2.482926867902279 0 0 0 0.07840631157159805 0 0 0 0 0 0 0 0.2057048231363297 0 0 39.32319721579552 1.783456318080425 21.86247259378433 0 0.095598503947258 0 10.76027607917786 0 0.6613692119717598 0 0.1930014416575432 0 0.1138406246900558 0.1616653278470039 0 0 30.54371511936188 1.535302028059959 0.07025707513093948 0.1071569547057152 0 0.1094107925891876 0 0 3.996587790548801 5.581475324928761 28.03349538892508 70.57505960762501 5.789396114647388 21.36590880155563 0.4137460961937904 0.5094975009560585 0 8.369164772331715 1.655118256807327 1.631970077753067 0 0.5270726308226585 0.5035106539726257 0.09632990509271622 32.00259979069233 0.1334716379642487 0 56.41700968891382 40.51338383555412 39.78657002002001 8.502099752426147 3.448262825608253 1.832999311387539 5.864503912627697 1.067286290228367 3.964604571461678 5.102493196725845 0.3475309759378433 1.660914711654186 0.5472137108445168 0.1835724115371704 0 0.1701501160860062 0 0.1099494397640228 0.1064908802509308 1.197422690689564 0.2574007585644722 0.1038233190774918 196.0743079259992 11.27116923779249 0 0.3921798020601273 503.6956222504377 2.36317078769207 3.090725779533386 17.31004492938519 14.22040966153145 0 191.4979140385985 20.95463723689318 77.44137678295374 170.4252137616277 75.10959725081921 24.20863801240921 133.7127419188619 196.9550536721945 99.06737218052149 237.5118746832013 0.6633234471082687 0 0 0 0 0 0 0 0 0 0.09207847714424133 0.1097484305500984 0 0 0 0 0 0 0 1.735935389995575 3.543324247002602 0 1.348094344139099 0 20.77807019650936 0.7123624086380005 2.567919246852398 1.106311440467834 0 0 0 0 0 0.4424169063568115 1.081737995147705 0 1.738224774599075 1.926362939178944 0 0 0 0 0 0.1099163219332695 2.175485387444496 0.1292569488286972 1.686511904001236 1.251443266868591 0.8754773139953613 0 0 29.96999898552895 0.2784234285354614 0.8446786999702454 0.07571160793304443 0 0 0 0 0 0.2755797505378723 55.11030329018831 1.06666499376297 0 0 0 89.92794655263424 0.7325687557458878 14.50264125317335 2.006505124270916 2.435218691825867 1.741741627454758 0 0.3950516283512115 0 0.105212964117527 0 0 0 0 0 0 136.5781949535012 17.14355598390102 10.41293438524008 278.2028948366642 1.213659390807152 84.36275355517864 2.684866473078728 1397.313159614801 7.884348034858704 0.6004758700728416 11.88059011101723 19.06289631128311 0.2174835354089737 15.27599453181028 0.8258183598518372 43.97353880107403 1.933837682008743 0.71038419008255 0.438942015171051 0.7811625599861145 0.2015703916549683 1545.261277787387 150.5796707123518
94.20875089615583 1376.492928221822 2747.625163048506 39.25741840898991 1387.341536849737 0.1196618005633354 823.352930020541 1029.265708990395 715.4018693640828 91.51024470478296 516.6727794259787 51.2851105928421 972.7986565679312 1024.493170119822 18.16525602340698 6.624611765146255 0.08017629384994507 0 0 0.1113911345601082 0 0.1039157658815384 0.6272022649645805 2.164226226508617 0.2951988503336906 0.617933988571167 0.4927925392985344 0.3567954301834106 0 0.1085611432790756 732.7117783427238 68.06766180694103 37.32883120328188 0 0.6728050783276558 0.3364930599927902 0.364663377404213 0.3965840190649033 0.2607375234365463 0.3306972980499268 1.116656325757504 0.2059701532125473 0.4205843880772591 0.3025522381067276 0 0 54.69928850233555 1.264683596789837 0.4855233207345009 0.97508654743433 0.5361798107624054 0.2822785973548889 0 0.103265069425106 2.435658603906631 5.953248463571072 8.626769714057446 57.05998470634222 6.040886402130127 25.89593625813723 2.831827573478222 2.162817366421223 0.1851096600294113 23.03618542104959 1.86407121270895 0.7280570641160011 0.08178408443927765 1.579032264649868 2.045317329466343 2.079413570463657 2.218995109200478 0 0 48.09322016313672 49.54998777806759 67.81923259049654 28.57354042679071 12.82339294999838 219.1068847104907 851.1210442557931 4.558314323425293 99.40089208632708 4.670200601220131 0 1.570097386837006 1.39031383395195 1.247916355729103 0 0.2121601551771164 0 0.655892550945282 0.2143029868602753 7.717704072594643 1.100838840007782 0.1057471260428429 10.64730759710073 0.5146826356649399 0 0.3651705086231232 21.27620492875576 0 0 0.5368096828460693 0.3473607003688812 0 2.589841037988663 0 0.4840635806322098 2.450128108263016 0.4718143567442894 0.4093639850616455 3.490450114011765 4.339201211929321 1.80401922762394 10.52804486453533 0 0 0 0 0 0 0 0 0 0 0 0 0 0 0 0 0 0 0 0 0 0 0 0 1.099301159381866 0.4705463945865631 0 0 0 0 0 0 0 0 0 0 0 0 0 0 0 0 0.09879700094461441 0 0 0 0.1177215799689293 0.1164706125855446 0 0 0 0.6880465000867844 0 0 0 0 0 0 0 0 0 1.834169037640095 0.1668054759502411 0 0 0.4946712255477905 1.243517339229584 0.126191645860672 0 0 0 0 0 0.2246033102273941 0 0 0 0 0 0 0 0 2.310251250863075 1.435672014951706 1.405818626284599 108.1398654952645 2.910954900085926 116.3967165350914 5.611431084573269 38.30546070635319 11.84262450784445 0.9577185288071632 20.6545047685504 3.163751624524593 0 1.082121700048447 0 0.3492396175861359 0 0.1461823582649231 0 4.446754194796085 0 7.452565081417561 2.440573453903198
1.46974304318428 9.648174270987511 1.625303365290165 4.648149102926254 0.8132688626646996 115.6256197243929 23.11078429967165 0.9164220243692398 4.072419248521328 941.6950283050537 51.2851105928421 39.07590001821518 757.2854328155518 376.5039718821645 16.94320484250784 13.60956876724958 1.211455389857292 0.2861189991235733 0 0 0.3295530378818512 0.1067313775420189 0.1207491457462311 0.7755225002765656 0.4594957828521729 1.579000823199749 0.2840223088860512 2.229536890983582 0.07581955194473267 0.1234991922974586 5.607813246548176 2.230956666171551 227.189150094986 0 0.4148154407739639 0.8328753411769867 23.31585410237312 10.89906723797321 5.739827677607536 4.281856134533882 1.626503050327301 2.462351195514202 0.5544769540429115 0.6699161306023598 0 0 27.76275704056025 0.7932997643947601 0.2601822167634964 2.535805940628052 1.045334152877331 1.425280958414078 0.658541813492775 0.4433251321315765 0.467080794274807 1.042375423014164 1.725045636296272 9.363115832209587 2.068559981882572 5.653131403028965 9.066471055150032 122.8843996673822 0 8.839131861925125 0.2569594904780388 1.667478680610657 0.913268506526947 1.525356665253639 3.447346515953541 0.7027589082717896 47.62536405026913 2.340188771486282 0.1451287567615509 8.632492505013943 13.11822603642941 16.19222091883421 13.72393528372049 5.059279538691044 2.299306228756905 40.58746889233589 1.291706100106239 50.57373060286045 0.9260661229491234 0 0.5198591575026512 0.5341613292694092 2.482558354735374 0 0.7020906656980515 0.5126663446426392 0.2434220388531685 1.148343026638031 12.316814661026 3.645807854831219 0.7176387682557106 160.7744450420141 8.543223485350609 0 5.970333099365234 22.39170437306166 1.060173898935318 0.8133202493190765 3.810452453792095 2.302590876817703 0.183762863278389 63.16976064443588 5.578933380544186 33.93736445903778 47.19353222846985 17.94950782507658 8.243901707231998 56.76007931679487 59.5637636333704 35.36143374443054 93.42819127440453 0.07360672950744629 0.104204960167408 0 0 0 0 0 0 0 0 0.1501845866441727 0 0.8686941415071487 0 0 0.372399277985096 0.2791578024625778 0 0 0.2930596172809601 1.245306812226772 0 0.3774743676185608 0 9.622978389263153 0 1.840992584824562 1.666389130055904 0.6902280226349831 0 0 0 0 0 0.6169188618659973 0 0.654752105474472 0.7938735708594322 0 0 0.2536842525005341 0.5223422646522522 0.4548403546214104 0.2773565277457237 0.8558833301067352 0 0.3319209143519402 0.409063845872879 0 0.1297893971204758 0.848553478717804 14.08899606019258 0 0 0.2490784823894501 0 0 0 0.08161816745996475 0 0.2724763154983521 24.46979820728302 1.597801446914673 0 0 0 23.69662038981915 0 3.316770069301128 1.69324054569006 0.2298037260770798 0.07851991802453995 0 0.6930662170052528 0 0 0 0 0.09459470212459564 0.1032957136631012 0 0.1198921576142311 52.94140250980854 11.83657333254814 7.16412877291441 129.5396255552769 1.480363965034485 64.06016356498003 11.77794118225574 180.7895346656442 5.397425070405006 0 16.76900661736727 9.26731089502573 0.1091445982456207 3.906529366970062 0.8741945251822472 18.34458281099796 0.8498573005199432 0 0.4573948308825493 2.811807483434677 0 439.4877109751105 66.14393754303455
12.99934649467468 429.0319075509906 9.058462090790272 122.0344130024314 182.423458814621 56.46445074677467 2506.116300165653 3.847363620996475 1034.613790467381 4543.456631973386 972.7986565679312 757.2854328155518 1177.038427919149 3460.970088876784 37.67648379504681 30.48004152625799 2.744041740894318 0.1820628866553307 0.1082935482263565 0 0.1910061538219452 0 0.8081925138831139 0.5612181127071381 2.733772039413452 0.5211233869194984 0.1579974591732025 2.726047098636627 0.5264843255281448 0.2693710029125214 20.61712422966957 4.759812913835049 1304.474318660796 0 0.4390844628214836 1.283779263496399 42.77095360308886 16.53222781419754 8.005437970161438 3.205337882041931 3.550188265740871 1.778223179280758 3.759173728525639 0.7018100544810295 0 0.1217793300747871 73.89441056549549 1.579046748578548 0.4606685042381287 3.370818793773651 3.365472920238972 0.8235068172216415 0.2449907809495926 0.5526385977864265 2.414397567510605 5.10699225217104 4.004779681563377 27.99435031414032 4.41889663785696 20.98762186616659 10.306500852108 155.819485321641 0.2264460027217865 18.88457565009594 1.393586501479149 1.012983784079552 1.186977535486221 4.517987087368965 8.047433406114578 2.144020110368729 86.30507159978151 3.441712856292725 0.1889946460723877 27.23066049069166 36.9806590154767 49.04738281667233 38.60659426450729 12.13843220472336 10.78842167556286 91.68174009025097 5.318223990499973 73.48392099887133 3.765978559851646 0 0.7380425930023193 0.7176955342292786 2.769550986588001 0 0.5198848247528076 0.5464521646499634 2.729562751948833 2.085680559277534 22.97530918568373 5.342954777181149 0.8889590576291084 764.8753756433725 25.99711970239878 0.1781767755746841 17.52845247089863 18.31832558661699 1.125734865665436 0.3642168939113617 3.755747877061367 2.673127382993698 0.3430960774421692 78.16289137303829 8.438799791038036 39.24890840053558 80.32505403459072 22.08298340439796 18.14460910856724 75.09833508729935 83.89249677211046 55.83412908017635 134.7919104918838 0.3990960642695427 0.257873147726059 0.07902724295854568 0.2867369651794434 0 0 0 0 0 0 0.1140253618359566 0 0.2770388126373291 0 0.106048971414566 0 0.4058086276054382 0 0 1.019825950264931 2.40541023015976 0 0 0 15.53850477933884 0.544114887714386 2.932350032031536 3.59659032523632 3.217852108180523 0 0.1783063262701035 0 0 0 0 0 1.87427082657814 1.095301821827888 0 0 0.1007537096738815 0.5624980628490448 0.4962596520781517 1.490094438195229 0.7954865545034409 0 0.4317653402686119 1.714179068803787 0.1423081755638123 0 0 10.92897760868073 0.883748322725296 0.6786163151264191 0.4783522263169289 0.2545193135738373 0 0 0 0 0 38.95653456449509 1.488255500793457 0.1670594066381454 0 0.07209310680627823 43.37163752317429 1.679094940423965 7.660652689635754 0.9120680540800095 0.9256017059087753 0.6357621774077415 0 1.145647674798965 0 0 0.09962860494852066 0 0 0.1917673647403717 0 0 84.76730059832335 17.60680881887674 11.65436568856239 255.4610374346375 4.090856991708279 181.4821542724967 21.07056070864201 168.0952249467373 11.60343119502068 1.180651821196079 37.76695618033409 19.9977508559823 0.2841845154762268 12.42814773321152 2.024673320353031 17.7946956679225 1.053600989282131 0 1.27458231896162 7.639938801527023 0 382.8316305205226 87.93970996141434
59.34220593422651 1853.736144959927 351.164044354111 57.85897592455149 721.7740370109677 20.49504684656858 1708.030471235514 610.3081836923957 414.4967716708779 761.908632338047 1024.493170119822 376.5039718821645 3460.970088876784 1301.134025476873 98.72213109582663 70.30230519920588 2.865613058209419 0.6196264773607254 0.08177261054515839 0.09706535935401917 0.3428625538945198 0.1300712823867798 2.065747447311878 3.790169209241867 2.333415076136589 2.914104551076889 1.800247505307198 3.966857068240643 0 0.1325309127569199 376.7038045302033 49.70667216181755 947.9789870381355 0.2103314027190208 2.809683188796043 1.534130893647671 45.74033177644014 14.72215028107166 4.269297569990158 4.132011473178864 8.430678226053715 4.489686168730259 4.422274954617023 1.016727037727833 0.2432635203003883 0.3805304989218712 216.2310421690345 4.417333886027336 2.080972969532013 6.779586419463158 5.587502285838127 2.377339832484722 0.9235342592000961 1.601621858775616 9.147266745567322 12.88618740439415 14.20674709975719 73.3862404897809 19.08211480081081 69.38685591518879 12.39950097352266 78.80325593054295 0.2990473136305809 69.20347648859024 3.133314579725266 4.21157643198967 3.07262908667326 8.672174125909805 22.46793720126152 7.56631438434124 75.37899955362082 2.643341034650803 0.0889282152056694 94.98237347230315 117.9332091733813 198.1263940706849 117.6926257014275 45.47939518094063 74.53788650780916 970.2567729502916 15.18303756415844 232.086450278759 13.65775096416473 0.7699449583888054 2.794756941497326 3.826488070189953 7.807053007185459 0.1305662840604782 0.9519048631191254 0.7925113290548325 4.720933631062508 2.698347732424736 48.10766316950321 11.93451339751482 1.079004622995853 234.9412910342216 21.97613513469696 0.3011966645717621 7.009872920811176 28.67312923073769 1.829420894384384 0.253444105386734 5.397001296281815 4.439026653766632 0.2427918910980225 67.36334382742643 5.496056370437145 27.41054513305426 53.00085845589638 16.05288374423981 10.71815498173237 50.10149390250444 84.98708561062813 50.4590003117919 139.4262202754617 0.214976966381073 0.2526025921106339 0.08794644474983215 0.1613685339689255 0 0 0.1463777422904968 0 0 0.2063904851675034 0.1135562434792519 0 0.1067324727773666 0 0.251888208091259 0.1372712254524231 0.2586051374673843 0.2112339064478874 0 0.3250689953565598 1.446419306099415 0 0.1083396598696709 0.4085695445537567 20.56324149668217 0.4863025695085526 1.915136277675629 2.620572909712791 0.7454381883144379 0.1847153306007385 0.1011869385838509 0 0.1298881471157074 0.4288867712020874 0 0.4113695621490479 1.205747343599796 1.44792577624321 0.1017525345087051 0 0.1142841801047325 0.3504418656229973 0.5089460462331772 0.08821732550859451 0.7162004932761192 0 1.438636966049671 0.4110126793384552 0 0 0.7610710114240646 19.41590350866318 0.6672535985708237 0 0.1479686051607132 0.1245774105191231 0 0 0 0 0.1251190453767776 47.25390318036079 0.7656513750553131 0.1392564475536346 0.2882112637162209 0.4438119232654572 43.11096704006195 2.454471498727798 10.06671231985092 1.508921273052692 0.3497263342142105 1.708006985485554 0.08672972023487091 0.6193938702344894 0 0.08815492689609528 0.06524220854043961 0 0 0.1967269778251648 0 0 72.10525980591774 22.40734758228064 14.37441748380661 560.3257716372609 12.75849017500877 495.0906961113214 44.00774575024843 170.8096115738153 29.87576462328434 2.055206038057804 93.87355999648571 16.9535321071744 0.3031288310885429 8.852897129952908 2.804339572787285 12.74013293534517 0.7986941933631897 0 1.255552917718887 19.50514851510525 0 180.7460773512721 68.61702018976212
1.025429889559746 30.29567364603281 11.88522104918957 1.003764219582081 10.07589262723923 0.1077340096235275 14.08623334765434 36.47583989053965 17.88093071430922 9.272035330533981 18.16525602340698 16.94320484250784 37.67648379504681 98.72213109582663 512.0053519010544 2313.574307173491 203.1142031848431 40.71188056468964 69.12569641321898 11.56831543892622 1.691719889640808 0.2920897603034973 0.7383745834231377 1.104273997247219 9.021417289972305 0.2028242647647858 1.127466812729836 1.573246590793133 1.236427843570709 0.07711019366979599 9.364898815751076 24.66230633854866 83.48386284708977 8.75053907930851 5.141032129526138 8.769917920231819 45.62527462095022 35.81182034313679 46.33442586660385 19.82996316999197 0.937625527381897 0.6649899855256081 34.68096847087145 394.2297000288963 56.94368037581444 80.17986455559731 299.8422311097383 16.28721116483212 60.11433705687523 84.8183468580246 0.3985050022602081 0.1794024109840393 4.009381480515003 0.7117483988404274 3.388052254915237 2.672248922288418 1.691939882934093 2.894302397966385 23.46285303682089 320.1722259372473 108.274792663753 42.41774226725101 37.1120627373457 18.76654113829136 1.559490516781807 1.493305042386055 0.307530976831913 2.512451343238354 13.45944829285145 6.538489989936352 93.26272939145565 1.136445194482803 0 514.9630719646811 13.12259396910667 1356.581117473543 797.0666296556592 587.9033518657088 14.55786482989788 59.63824468851089 105.0650270581245 119.8117540180683 12.20918290317059 0 2.427867874503136 0.7809877991676331 23.20048475265503 0 0.09227318316698074 0 0.6210207119584084 0.2332235723733902 12.47992669790983 1.532679557800293 0.5555453971028328 63.07625301927328 41.44611133635044 1.660048618912697 71.37180066853762 2.647579714655876 0 0 0 0 0 0 0 0 0 0 0 0 0 0.08635085821151733 1.696989864110947 0.1944732815027237 0 0 0.228971816599369 0 0 0 0 0.2511005103588104 0 0.09809963405132294 0 1.181646399199963 0 0 0 0.5982821807265282 0 0 0 0 0 0.9885164871811867 0.3469374477863312 0.8027527034282684 0.1710380464792252 0.933669812977314 2.025825805962086 1.508759386837482 0 0 0 0 0 0.401133306324482 0 0 0 0 0 0 1.605179227888584 0.08346273005008698 0 0 0 0 0 0 0.8427895978093147 0.3705485761165619 0.8319722265005112 0 0 0 0 0 0 0 0 0 0.8944768533110619 0 0 0 0.09833981096744537 0.6757990419864655 0.1906150132417679 0.6770442724227905 0 0 0.3065221160650253 0 0 0 0 0 0 0 0.09032184630632401 0 0 0.2544347420334816 1.628476977348328 2.705579362809658 29.5205963999033 4.78926707804203 237.6515074744821 45.65486847609282 10.09636258333921 7.380321614444256 0.255457878112793 4.400478281080723 3.196482963860035 0.5399245023727417 0.3955585658550262 0.2678463160991669 0 0 0 0 2.016930356621742 0 3.522399291396141 0.1022250130772591
