134.3159918114543 1719.544511020184 912.8284622728825 446.8584876954556 23.54834421724081 80.27536702901125 603.7741827219725 168.0822536721826 7.289625100791454 687.422629840672 145.2986158579588 158.8917209357023 129.6012997329235 206.876575127244 4.610862709581852 2.294930942356586 0 0 0 0 0.1589739769697189 0 0 0 0 0 0 0 0 0 1071.012741833925 32.42996813356876 12.91868221759796 0 0.1022176519036293 0 9.172407761216164 0.6282666847109795 3.687231495976448 0.9166477844119072 0 0.2535375207662582 0.2315733209252357 0.2239789664745331 0 0 18.35025099664927 0.9103870987892151 0.3628272712230682 0.2388428747653961 0 0 1.084553606808186 0 8.146759539842606 5.362294584512711 88.82581876963377 361.3468799814582 15.12114851176739 27.60628663748503 0.1275618672370911 2.336770623922348 0 3.440055966377258 1.801984496414661 1.100779511034489 0.08696116507053375 0.1628585085272789 0.1713075935840607 0 15.16302059590816 0 0 154.7973359078169 17.00390322506428 27.65590011328459 1.370394863188267 0.4065485894680023 0.5142736658453941 88.06558576226234 0.3055356293916702 1.021944232285023 13.31870631873608 0.4833075478672981 0.6787976995110512 2.744179889559746 0.6053870543837547 0.198784776031971 0.3821475654840469 0 0 0 0.2383114621043205 0 0.1329210102558136 183.605653129518 15.29531013220549 0 1.262564085423946 668.400722630322 0 1.186553150415421 0.4824407696723938 0 0 0 2.79049363732338 0 4.519397586584091 2.570305451750755 0 4.334267735481262 3.219186097383499 2.825279355049133 1.140380784869194 0.8845598697662354 0 0 0 0 0 0 0 0 0 0 0 0.8863406181335449 0 0 0.4323911666870117 1.263133883476257 0.1366940289735794 0.9104350805282593 0 0 0 0 0 1.257154032588005 0.2925244569778442 0.8673521429300308 1.333962194621563 0.09800304472446442 0 0 0 0 0 0.9468518495559692 0 0 0 0 0 0 0.6812903881072998 0 0 0 0 0 0.6061161756515503 0.7285818457603455 0.1130968928337097 0.306194931268692 1.549674153327942 0 0 0 0 0 0 0 0 0 1.50503259152174 0.8238683938980103 0 0 0 0.3040469288825989 0 0.7333832383155823 0 0 0 0 0 0 0 0 0 0 0 0 0 3.308384582400322 1.774992972612381 0.3056598603725433 217.7564111948013 1.668047778308392 46.03246457129717 13.94794979691505 339.6371489241719 5.112070001661777 1.275513082742691 0.8961270079016685 7.226890236139297 0 0.2045378535985947 0 17.01468935608864 0 0.1977658271789551 0 0.135493591427803 0 114.5475190505385 3.035859599709511
1719.544511020184 912.6028377711773 1058.457192450762 1071.55324909091 783.2107844948769 129.2356831803918 1546.209443941712 600.0275029614568 428.5979395061731 917.3575486503541 1058.044140167534 157.0250025466084 468.5380155220628 1171.740762129426 36.7260570153594 10.37504218518734 0.40577781945467 0.1774172857403755 0.188878670334816 0.1725743934512138 0.3722890838980675 0 0.1648443713784218 0.08975974470376968 0 0.5221840664744377 0 0.2989805340766907 0.1013328805565834 0 1241.92667260766 56.05419842898846 16.36921690404415 0.2779445871710777 0.1628206223249435 0.3112205266952515 10.55726280063391 1.440628334879875 5.202539496123791 1.111684158444405 0.811053492128849 0.1476447880268097 0.3270065262913704 0.9819414913654327 0 0.0785413533449173 156.3172053173184 6.796660549938679 0.5934468060731888 0.3935415968298912 0.8265788331627846 0 0.3746654242277145 0.3273764252662659 23.80578498542309 15.83620207756758 91.74230077117682 429.7906286492944 29.24668357521296 124.5544081628323 0.6054060906171799 2.806380696594715 0.6225364059209824 50.72306393831968 6.994781486690044 5.961959101259708 0.6755012571811676 1.173058323562145 0.1713606491684914 0.2923073023557663 4.734812945127487 0.9081922098994255 0 393.5409250855446 141.5472487658262 283.9262308254838 33.30398420989513 5.038329564034939 2.412825293838978 67.45826402306557 0.621700681746006 3.115205362439156 49.23223622143269 0.3881898820400238 4.815730452537537 7.376178339123726 2.336244903504848 0.1185837015509605 1.108048789203167 0.1031986847519875 1.265703275799751 0.2407090365886688 0.5247441679239273 0.0863594263792038 0.3808840215206146 24.74320697784424 2.521346814930439 0.9718852266669273 1.890773206949234 449.5214712619781 0 0.188832089304924 0.27943155169487 0 0 0 1.15916782617569 0.5262819528579712 1.768362283706665 0.9625234752893448 0.5834645628929138 0 2.604649066925049 0.474934995174408 0.7627947777509689 0 0 0 0 0 0 0 0 0 0 0 0 0.362743966281414 0 0 0 0.6366032361984253 0.4403699487447739 0 0 0.1780616343021393 0.105163998901844 0 0 0.7782754972577095 0 1.6761314868927 1.26424727588892 0.9782667011022568 0 0 0 0 0 0 0 0 0 0 0 0 0.3961167633533478 0 0.0822417289018631 0 0.08607608079910278 0 0 0 0 0 0.7307796627283096 0 0 0 0 0 0 0 0 0 0.9240599498152733 0 0 0 0 0.1806405782699585 0 0 0 0 0 0 0 0 0 0 0 0 0 0 0 0.9842400327324867 0.1110522970557213 1.166341528296471 257.3741166219115 10.8072761669755 225.0962773635983 44.22278521209955 145.488301999867 10.16678056120872 5.463091276586056 4.187399081885815 2.656651318073273 0.264605738222599 0.11090087890625 0 0.6719346046447754 0 0.4060880690813065 0 0.5005296394228935 0 85.2159363925457 0.417095310986042
912.8284622728825 1058.457192450762 1058.975559659302 3.716518417000771 745.1719190403819 9.036549732089043 384.5836489424109 3241.773156300187 876.5333713665605 117.5730188339949 2566.540564157069 63.97470456361771 372.7742519825697 1331.693593338132 12.33624109625816 10.61943437904119 0.4382212460041046 0.7535358145833015 0 0.1822754889726639 4.35062288492918 0.1446579098701477 1.36827490478754 1.041261106729507 0 1.457602925598621 0 0.1008697897195816 0.1055832505226135 0 3491.400147214532 622.695269420743 29.87311758846045 0.1358503103256226 1.642794013023376 1.323727652430534 16.09502228349447 4.560376241803169 2.577895648777485 0.9969636648893356 1.186520412564278 0.2260695472359657 1.657136186957359 0.4023987427353859 0 0.1465691328048706 25.24421121180058 0.5990176573395729 0.3665448948740959 0.3839651718735695 1.838403947651386 0 0 0.1474128216505051 1.884924806654453 3.012604311108589 16.10484098643064 168.854485116899 5.491901427507401 18.73159714788198 1.676366329193115 40.82996357232332 2.245805263519287 101.4458876401186 0.5353181958198547 1.1086595505476 0.6973874270915985 1.664976850152016 1.267793096601963 3.317731961607933 3.779651902616024 0 0 65.89466199278831 35.96005906164646 47.02621582150459 13.96002399176359 7.393488883972168 26.62519456446171 676.4447710961103 1.143883161246777 56.48900795727968 7.064380303025246 0.1101941168308258 0.1863845735788345 1.922775611281395 0.4858996123075485 0 0.374532088637352 0 0.09771156311035156 0.1368206143379211 5.040673062205315 0.6661525368690491 0.1085646227002144 4.407600939273834 0 0 0.744997076690197 273.2854859977961 0 0 0 0 0 0 1.047668471932411 0 0.1946189403533936 0.7210440188646317 0 0.3723424673080444 0.7060499787330627 1.046476677060127 1.161769434809685 0 0 0 0 0 0 0 0 0 0 0 0 0.1688350141048431 0 0 0 0 0 0 0 0.132299080491066 0 0 0 0.8183091580867767 0.6298742294311523 1.051875129342079 0.6799238696694374 0.4177706986665726 0 0 0 0 0 0 0 0 0 0 0 0.3968408107757568 0 0.3753862679004669 0 0 0 0 0 0 0 0 2.166321948170662 0 0 0 0 0 0 0 0 0 0.5198303014039993 1.037082314491272 0 0 0 0.6562362462282181 0.2379091680049896 0.4949549436569214 0 0 0 0 0 0 0 0 0 0 0 0 0 0.2821125313639641 1.738309741020203 1.136380463838577 58.81027992069721 3.189667575061321 47.39037849754095 10.01795890182257 34.24069267511368 2.305099286139011 0.6269900798797607 1.509354621171951 1.939181193709373 0 0.2805486768484116 0 0.2137006372213364 0 0 0 0.9588619917631149 0 12.45838584750891 0
446.8584876954556 1071.55324909091 3.716518417000771 194.6988605335355 10.83205890655518 211.8579713851213 870.8324817791581 0.5129525810480118 48.74710916727781 1544.97039821744 0.8732303306460381 418.6126978546381 469.358819052577 158.2105357721448 5.185540571808815 4.341402031481266 0.2912729680538177 0 0 0 0 0 0 0 0 0 0 0 0 0 25.2434763610363 0.7837104201316833 1.125860840082169 0 0 0 2.022742196917534 0 0.867272287607193 0 0 0.1138328835368156 0 0.100556880235672 0 0 18.86420898139477 0.4079362228512764 0.3857156857848167 0 0.2165051996707916 0 0 0 2.568095229566097 1.446936994791031 14.69974829256535 50.568882368505 3.880238875746727 11.32903815805912 0.09977352619171143 0.2357951477169991 0 2.353068292140961 0.6873618736863136 0.4557573348283768 0.1083379462361336 0.08359291404485703 0 0 5.634611457586288 0.3445464372634888 0 41.35572276264429 10.21082518994808 17.82824385911226 2.087751887738705 0 0.09765685349702835 1.800578504800797 0 0.1182056739926338 4.273445807397366 0 0.290055938065052 0.7455048784613609 0.1686554923653603 0 0 0 0.1013708338141441 0 0 0 0 41.16134272515774 3.064896002411842 0 0.9916853308677673 240.1319218054414 0 0.8924168199300766 0 0 0 0 1.577203050255775 0 3.3175098747015 2.43968403339386 0 2.554527565836906 1.526210606098175 3.537474930286407 1.11843129992485 0 0 0 0 0 0 0 0 0 0 0 0 1.273369520902634 0 0 0.965540885925293 0.8711245357990265 0.8481978178024292 0 0 0 0 0 0 1.125977277755737 1.09421718120575 0.9466390013694763 0.9903677701950073 0.5371684730052948 0 0 0 0 0 0.5007948875427246 0 0 0 0 0 0 0.3180553913116455 0.4463455379009247 0 0 0 0 0 0 0 0.4910772144794464 1.120940864086151 0.5062863826751709 0 0 0 0 0 0 0 0 0.9250640720129013 0 0 0 0 0.3976458609104156 1.18007481098175 0.9013941735029221 0.5734722018241882 0 0 0 0.2888127267360687 0 0 0 0 0 0 0 0 3.587929472327232 0.2498746663331985 0.9503869712352753 100.5190171822906 1.108158893883228 34.55996192246675 8.315138645470142 108.4431595206261 0.8921725675463676 0.3023990914225578 1.053669840097427 4.228405103087425 0.08859473466873169 0.7092768400907516 0 4.341331899166107 0 0 0 0.1665209233760834 0 21.73394522070885 1.632398188114166
23.54834421724081 783.2107844948769 745.1719190403819 10.83205890655518 1325.663608513772 4.24110996723175 1953.109134815633 220.1802071332932 3145.348991185427 1059.195848338306 1039.716414533556 179.9013451561332 321.1929447427392 333.3640337027609 69.75480500608683 36.96976990252733 1.363477304577827 0.2574343755841255 0 0 0.8685098439455032 0.2394531816244125 0 0 0.1939246952533722 0.6251948624849319 0 0.1961837038397789 0.2809069156646729 0 321.4901841804385 121.8154992833734 1.384892098605633 0.1780525967478752 0.1742547452449799 0.2730150446295738 3.733412988483906 1.385669402778149 2.262842290103436 0.8425448313355446 0.07878607511520386 0.07581586390733719 0.2984550520777702 1.01545324921608 0.1719100996851921 0.3375304713845253 158.2961361408234 4.124168574810028 0.9861949309706688 0.1769080013036728 1.163078732788563 0 0.1790925115346909 0.318407341837883 9.882225848734379 8.68946135789156 26.98369497805834 147.0120467022061 9.461950108408928 72.49890696257353 0.2489247918128967 3.470332264900208 0.3790077045559883 78.25397576391697 2.834326084703207 3.032491862773895 0.3818311840295792 1.135299645364285 0.4364935010671616 0.4540750235319138 3.86023523658514 0 0 155.0262388400733 108.0639665424824 248.7264488711953 50.06136771291494 8.629947759211063 0.5479152277112007 9.285396218299866 0.6038015261292458 4.362192764878273 22.58930379152298 0.4208509922027588 2.036275196820498 2.728329099714756 1.138169854879379 0.08071174472570419 0.5456761717796326 0 0.1422401964664459 0 0.370816670358181 0 0.3076178431510925 15.71934821456671 3.707181237637997 0 1.949046663939953 24.09629946947098 0.2384773194789886 0 0 0 0.3632861375808716 0.282681941986084 2.236350178718567 0.4175149947404861 2.764184027910233 1.206217795610428 0.6629059016704559 8.401343733072281 3.878261342644691 4.298341579735279 3.023944497108459 0 0 0 0 0 0 0 0 0 0 0 0 1.47976154088974 0 0 0 0 0.3030563592910767 0 1.064112961292267 0.1971200108528137 0 0 0 1.90161894261837 0.6776721179485321 3.357586100697517 1.523668348789215 1.054296806454659 0 0 0 0.2291399985551834 0 0 0 0 0 0 0 0 0.1231657937169075 0 0 0 0 0.2187141478061676 0 0 0 0.6575026214122772 2.394764289259911 0 0 0 0 0 0 0 0 0 2.240412823855877 0.3579983115196228 0 0.1190607100725174 0 0.9764867573976517 0 1.123317323625088 0.3666873276233673 0 0 0 0.1188874319195747 0 0 0 0 0 0 0 0 5.179830759763718 1.767930194735527 2.608829163014889 391.777716204524 7.585437417030334 235.9987851828337 58.68858304619789 22.93937356770039 11.94548583030701 0.8152619302272797 10.99153074622154 7.540072411298752 0.1437239646911621 1.047607213258743 0 3.562591195106506 0 0.1677145510911942 0 1.859767869114876 0 32.0400520414114 0.9529265016317368
80.27536702901125 129.2356831803918 9.036549732089043 211.8579713851213 4.24110996723175 3.102865815162659 38.26754829287529 4.26856953650713 7.632774293422699 700.9317804947495 4.562752865254879 114.366870701313 61.08964601904154 16.1206419467926 0.5466336905956268 0.2101790457963943 0.1308359354734421 0 0 0 0 0.8018000870943069 0 0 0.1267792582511902 0.1983231902122498 0.2044615745544434 0.1927429288625717 0 0.1495801955461502 31.60065150260925 1.793570876121521 11.57310403883457 0 0 0 21.62825149297714 4.575923517346382 34.36961971223354 1.87775132060051 0.1395468562841415 0.135136604309082 0.1765967160463333 0 0 0 0.2838039398193359 0.1670008897781372 0 0 0 4.07412151247263 2.471931770443916 0.3773728758096695 0.6492751985788345 0.7662107720971107 204.7422377318144 76.27898732572794 1.946294590830803 0.6473774835467339 0 0.9367605149745941 0 0.2667458355426788 0 0.1118387281894684 0 0 0 0 164.9581573829055 113.2800648808479 11.24599375575781 6.216709710657597 0.8312316760420799 1.51424252986908 0 0 0 5.291091680526733 0 0.1733229905366898 0.1997918337583542 1.517961107194424 0 0.3362635150551796 0 3.72498407959938 3.399123877286911 10.56920275092125 3.341367453336716 3.003857053816319 0 0.549667090177536 2.096686527132988 744.5834731608629 518.4808033183217 15.45455496013165 42.36049461364746 334.5272466689348 0 1.366210713982582 0.3672076165676117 0 0 0 5.064091950654984 0 6.38824000954628 1.059171751141548 1.195402383804321 5.700614914298058 1.631941646337509 4.30317410826683 2.791752651333809 0.1234515234827995 0.1057444661855698 0 0 0 0 0 0.1159433200955391 0 0 0 0 0.8944427967071533 0 0.749653548002243 0 0.9722582846879959 0.6045483946800232 0.7900199443101883 0 0.4794121235609055 0 0.4751484021544456 0 1.061074316501617 0.8295186161994934 2.051649935543537 2.613961659371853 2.417598724365234 0 0 0 0 0.1604636609554291 0.1311059445142746 0 0 0.1617324501276016 0 0 0 2.343496926128864 0.2988895177841187 0.1659159362316132 0 0 0 0 0.9826345443725586 0 0.2949842512607574 1.274553239345551 0.1872506886720657 0 0 0 0 0 0 0 0.1751994639635086 1.397001653909683 3.927747547626495 0 0 0.13422492146492 0.7619312405586243 0.7977245450019836 0.1859145015478134 0 0 0 0 0 0 0 0.1104252561926842 0 0 0.3338247090578079 0 0 9.443112418055534 1.122633300721645 1.848305776715279 196.2818899378181 0.6709633320569992 3.344879224896431 2.093714579939842 108.3141108453274 4.973876535892487 0 0.6033139228820801 7.321883171796799 2.410795599222183 1.877148509025574 0 33.53844106197357 0 0 0 0 0 57.57128818333149 5.220537438988686
603.7741827219725 1546.209443941712 384.5836489424109 870.8324817791581 1953.109134815633 38.26754829287529 155.2911094278097 12.96628467738628 1283.4432701841 2788.62564291805 343.6459469199181 798.9307581707835 1314.495564833283 1239.560912899673 60.24866183847189 35.5823618248105 1.398141860961914 0.1450223326683044 0.1540450155735016 0.1955343931913376 0.08330972492694855 0 0 0.1217660680413246 0 0.5114200413227081 0 0.27733214199543 0 0 326.3025234788656 47.71358378976583 1.921622976660728 0.1586999893188477 0 0.1642388254404068 4.723975017666817 0.8906870782375336 2.869314022362232 0.1526352092623711 0.3139767125248909 0.3555737659335136 0.7674440741539001 0.845243327319622 0 0.2959727197885513 170.8924318701029 5.585687339305878 1.07869265973568 0 0.4783431366086006 0 1.063460744917393 0.09308461099863052 18.30979543179274 11.41596453636885 51.11503574997187 228.1707088649273 19.93106631189585 89.94539441913366 0.685065433382988 1.524040959775448 0.3776125237345695 52.49417260289192 4.743089444935322 4.936421379446983 1.050321161746979 1.644407525658607 0.2668771296739578 0.6747201308608055 8.244579836726189 0.4174363017082214 0 261.6181680783629 113.2315446585417 228.9257532581687 40.44534423947334 8.839458458125591 0.4463981091976166 7.224171377718449 1.124102614820004 2.313903219997883 35.33787491172552 0.4344679415225983 3.419481709599495 5.75308495759964 1.887396216392517 0.1677498295903206 0.8800431042909622 0.0945880264043808 0.8141167908906937 0 0.0908082127571106 0.1734018549323082 0.1819408014416695 79.89165922254324 8.165695361793041 0 4.642935059964657 132.4121238663793 0 2.535136342048645 0.7626155763864517 0 0 1.367802441120148 8.155476897954941 1.128222122788429 4.933393761515617 5.285121724009514 0.35537189245224 15.54183200746775 20.71984500437975 13.62207544595003 10.20661060512066 0.1172166168689728 0 0 0.1362192183732986 0 0 0 0 0 0 0 0 1.399715110659599 0 0 0.2597852051258087 0.5981373190879822 0 0 0.2199480682611465 1.724009484052658 0 0.5564283132553101 0 7.774172686040401 2.053633533418179 4.21200405806303 2.126001432538033 5.190732859075069 0 0 0 0 0 0.388121098279953 0 0.1017935201525688 1.097204230725765 0 0 0 0.221993014216423 0 0 0.2061947733163834 0 0 0.2891989052295685 0.1280052363872528 1.053196549415588 0 6.996839836239815 0 0 0 0 0 0 0 0 0 7.693288423120975 0 0 0 0 1.864148303866386 0.828387513756752 4.253800541162491 0.6313951760530472 0.1400048285722733 0.6805899292230606 0 0.4269264340400696 0 0 0 0 0 0 0 0 14.96779476851225 3.581373766064644 2.321601018309593 452.2719414159656 10.08724884688854 255.6366612836719 68.78434070944786 62.9501521512866 14.38534105569124 3.586281202733517 13.35703539848328 17.21428611129522 0.2100152000784874 4.197626568377018 1.14450991153717 15.3622925132513 0.2404420524835587 0.2227229401469231 0 3.126603692770004 0.9274789690971375 72.06112442910671 6.019693359732628
168.0822536721826 600.0275029614568 3241.773156300187 0.5129525810480118 220.1802071332932 4.26856953650713 12.96628467738628 3447.552580699325 88.10978582501411 11.14365945756435 3490.556167043746 109.4084927886724 297.5841766819358 1009.249063141644 33.83368570357561 51.01421517878771 3.180783875286579 3.610961884260178 0.6629914939403534 12.48820026963949 71.66479244828224 0.6485345959663391 10.95130377262831 15.55135443806648 3.360637605190277 11.71360889077187 0.8817919492721558 4.473678484559059 0.7370676249265671 0.5190625190734863 1832.32785512507 2538.524016343057 321.0533397197723 2.98301388323307 11.87251458317041 17.74954530596733 99.41818086802959 51.52774842828512 16.31318784505129 12.90742603689432 11.47014863044024 7.085815839469433 28.42166773229837 8.139430746436119 1.013311259448528 2.05675433576107 53.27474796772003 2.987889371812344 3.267643243074417 8.666101545095444 19.04530643671751 0.3950673937797546 0.135579988360405 0.9033807516098022 1.415866002440453 2.477864272892475 13.09385844320059 126.6296264231205 3.194597795605659 15.61986114829779 184.5046874284744 656.9179325476289 10.38116931915283 372.6919747442007 2.336345233023167 9.636840015649796 11.34916963428259 12.96057673543692 15.63537532091141 54.82631231844425 21.77360021322966 1.080677717924118 0 56.05049801617861 55.08973832428455 65.04265643656254 180.2811721265316 544.016396574676 1829.803108416498 4046.512408278883 327.993118532002 1847.83840958029 6.476816229522228 0 1.929607599973679 4.900062017142773 7.963321931660175 0 1.46840001642704 0 1.078583888709545 0.2555166184902191 53.93504177778959 6.62409907579422 1.938010767102242 4.148302599787712 1.63565144687891 0.2000275403261185 4.057384185492992 93.03572137653828 0 0 0 0.2520370483398438 0 0 0.2773481607437134 1.174956142902374 2.455419942736626 1.092494323849678 0 1.458102613687515 1.905237704515457 3.092163614928722 2.517766401171684 0 0.3595671579241753 0 0 0 0 0 0 0 0 1.722489207983017 0 1.226885981857777 0 0 0 0.3199962228536606 0.4262386560440063 0.1158680245280266 0 0.7858359068632126 0 0.7484357953071594 0 3.446424804627895 0.614382341504097 1.735438764095306 1.240372203290462 1.328595362603664 0.1480005532503128 0.6316613405942917 0 0 0.1461855173110962 0.2992189675569534 0 0.1259627789258957 0.4747548550367355 0 0 0.2370169013738632 0.6827511340379715 2.246071577072144 0 0 0 0.1249868273735046 0 0 0 0.4431923478841782 2.964742302894592 0.1186385750770569 0 0 0.0994691401720047 0 0 0 0 0.316006600856781 1.438600651919842 0.9092670083045959 0.2895608842372894 0 1.057568170130253 0.4268146008253098 0.1854776591062546 2.555132672190666 0 0 0.1237373575568199 0 0.3315647840499878 0.1103747263550758 0 0 0 0 0 0.1539911925792694 0.09341751039028168 3.409971944987774 2.593602992594242 3.596055246889591 137.1436746269464 8.560377821326256 79.97036988288164 28.13472986966372 17.94983520358801 2.616668596863747 0.4119349345564842 3.390054970979691 3.48956561088562 0.615200936794281 0.2647373080253601 0.6270855069160461 2.211057007312775 0.3326072543859482 0.108169361948967 0 1.575070053339005 0.3977784812450409 12.22266848385334 1.786347523331642
7.289625100791454 428.5979395061731 876.5333713665605 48.74710916727781 3145.348991185427 7.632774293422699 1283.4432701841 88.10978582501411 1490.065210811794 660.5245648622513 1306.794241823256 187.7214949131012 425.9788406863809 1250.518207602203 79.81070306897163 55.30826228111982 0.7430540099740028 0.1252594292163849 0.3291810005903244 0.09678693115711212 0.1976309418678284 0 0 0.4033382833003998 0 0.3157298713922501 0.1144730225205421 0.2602530643343925 0.1137077361345291 0 85.30289100855589 66.95028506219387 8.591573044657707 0.2172352448105812 0.1415836215019226 0.1121176779270172 7.562511347234249 1.703014098107815 4.975474029779434 0.8551988527178764 0.1285744905471802 0 0.09627444297075272 1.262963220477104 0.3755837306380272 0.6853988394141197 89.52942984551191 1.651678085327148 1.45432323217392 0 0.5474512875080109 0 0.1432810127735138 0.1319391876459122 3.053839780390263 2.203606322407722 6.737480312585831 44.92642413079739 4.007122300565243 19.92337685823441 0.5002507045865059 2.454776406288147 0.3844832256436348 38.30318178236485 1.192896291613579 1.606425538659096 0 0.6237621232867241 0.1180218979716301 0.2180267125368118 8.585153073072433 0.4591122567653656 0 42.47299556434155 38.13888426870108 112.9159210696816 39.00746478140354 12.16303432732821 0.5398150309920311 29.7878140360117 1.093963816761971 3.824950113892555 6.106735892593861 0 1.099937126040459 0.8366491347551346 0.538095697760582 0 0 0 0.2612131088972092 0.1271074861288071 0.140953317284584 0.09370973706245422 0 38.27048511058092 6.566427446901798 0 4.239041611552238 5.557900033891201 0.1248897761106491 1.505418822169304 0.6578544601798058 0.5776804685592651 0.7047867774963379 2.434531912207603 5.769558846950531 2.144999772310257 6.671702846884727 7.305612400174141 1.173917323350906 16.24502240121365 13.78445232659578 10.17127805203199 10.75662891566753 0.3040767982602119 0.1426303833723068 0 0 0 0 0 0 0 0 0 0 2.75872015953064 0 0 0 0.5368020534515381 0.41806261241436 0 0.9389350265264511 1.892833650112152 0 1.391948103904724 0.6177381277084351 7.205197744071484 2.224389970302582 5.815026938915253 4.344484083354473 3.507825121283531 0 0 0 0 0.244003564119339 0.1272352039813995 0 0 0.1552586257457733 0 0 0 0.8871195912361145 0 0.1348854005336761 0 0 0.6761521697044373 0.5571752488613129 0.4667105078697205 0.7851822376251221 1.214499890804291 6.455833554267883 0.42305788397789 0 0 0 0 0 0 0 0 10.90122617781162 1.711177676916122 0 0 0 2.092266425490379 1.189219146966934 3.718627154827118 0.7712861821055412 0.5531926155090332 0 0.1342518776655197 1.071040719747543 0 0 0 0 0 0 0 0 17.13833582401276 4.377109184861183 4.627610579133034 433.7394178584218 5.472506083548069 173.8600722923875 55.23207887262106 14.20196107774973 8.742492817342281 0.1087086424231529 15.29118897765875 11.00755609571934 0 1.719375766813755 0.7956705018877983 17.03207057714462 0.3359817862510681 0 0 3.345087915658951 0.2547570243477821 26.35370019078255 5.314194090664387
687.422629840672 917.3575486503541 117.5730188339949 1544.97039821744 1059.195848338306 700.9317804947495 2788.62564291805 11.14365945756435 660.5245648622513 1505.93038996309 29.86404582858086 3377.27063010633 4559.337366901338 590.8542002737522 110.3910389989614 50.86202501505613 1.788227260112762 0.2830593883991241 0.1895297467708588 0.2101237177848816 0.5636898353695869 0.6214910745620728 0 0.2004503831267357 0.5760367065668106 0.08417460322380066 0.7271131202578545 0.8528328314423561 1.734534054994583 0.08774718642234802 164.9091198295355 26.40657585859299 36.72191762924194 1.043084517121315 0.7834869921207428 0.8467744886875153 63.38050032407045 10.9310489371419 43.83251443505287 4.08273983746767 1.090644635260105 0.9807267710566521 0.3565491065382957 1.568845555186272 0 2.894605778157711 409.0017033219337 10.45319767296314 2.905373923480511 0.693915419280529 1.958665184676647 0.149292066693306 0.9547693133354187 1.461801007390022 31.71139611303806 19.53155966103077 159.7704131826758 326.1347993537784 36.64886444061995 183.9371495619416 0.7616026252508163 9.859714306890965 0.6909269765019417 59.07319350540638 8.316980540752411 9.192492380738258 1.766677863895893 1.644829630851746 0.7657393887639046 0.314213939011097 180.1186572313309 15.37852881848812 0 437.5275754034519 161.089689463377 399.4265511482954 57.39420142769814 9.760908149182796 1.31571576744318 31.36966568976641 2.431381061673164 5.816099427640438 69.65731443464756 0.857552781701088 6.898244895040989 9.899400062859058 3.878709636628628 0.2755359262228012 1.858828000724316 0.2690567523241043 1.206190682947636 0.3622702360153198 0.4011551886796951 0.7046277821063995 0.7747069895267487 699.3858926147223 121.1099386662245 5.659537881612778 51.42841014266014 764.0227741897106 6.286479450762272 26.82690303772688 71.02540814876556 27.3394910544157 4.326946973800659 28.32514055073261 65.04450938105583 7.278117939829826 61.9209860265255 60.60347104072571 4.501405611634254 68.30523797869682 81.20763204991817 45.45319914072752 45.14440242946148 1.020072609186172 2.622700080275536 0.286702573299408 0 0 0 0 0 0 0 0.5883165597915649 0 8.323736220598221 0 1.581122204661369 0.3086092174053192 4.370296746492386 1.108140453696251 0 2.05283223092556 9.137949906289577 0 1.746198140084743 0.4385628700256348 26.0475210249424 4.714073836803436 36.14343647658825 18.3824013993144 15.30385098606348 0.3824048340320587 0 0 0.5203326344490051 1.560423791408539 2.384494632482529 0 0.7041811645030975 2.455424934625626 0 0 0.4635939598083496 0.7643557041883469 0.5638896822929382 0.5744993165135384 0.7338790893554688 0.1104954853653908 2.570065125823021 3.22465743124485 2.737064488232136 1.590270385146141 5.980704873800278 25.65568444132805 0.7759258300065994 0.09386166930198669 0.08514297753572464 0 0 0 0.09767560660839081 0 0 41.9944558814168 0.8197258412837982 0 0 0.2627186179161072 17.80609174817801 2.917283684015274 21.41451673209667 4.857296034693718 3.952523201704025 0.6480269059538841 1.5611826851964 0.3147442936897278 0 0.3036214485764503 0.1241343393921852 0 0 0 0 0 86.37308479845524 20.37159511446953 24.17162469029427 2230.821031332016 29.64536693692207 720.0365055277944 183.004003636539 657.6669787764549 44.10149429738522 15.5561488121748 44.92214883863926 73.41295175254345 0.646685816347599 22.34651261568069 3.712638132274151 159.9958994686604 1.970990002155304 0.8523198366165161 0.17807836830616 7.711955554783344 0.8988035321235657 559.8418481871486 52.07842565327883
145.2986158579588 1058.044140167534 2566.540564157069 0.8732303306460381 1039.716414533556 4.562752865254879 343.6459469199181 3490.556167043746 1306.794241823256 29.86404582858086 2350.327555336058 316.1273133307695 1910.238436311483 3989.973946705461 25.71832176297903 33.94102405756712 0.9284449070692062 0.5887195467948914 0 0.3860786184668541 0.8773049712181091 2.038476169109344 0.1473150104284286 0.5746570080518723 0.1102305725216866 0.2487348169088364 0.4170617163181305 0.8058030903339386 0.2403058409690857 0.751017838716507 711.3426787927747 131.4213833585382 435.6663966849446 0 0.5173317193984985 0.2312871515750885 298.220179066062 13.39711271226406 24.21825873851776 2.758090808987617 0.3978154957294464 1.522128999233246 0.2695469036698341 2.513968378305435 0.2093543335795403 0.8349961116909981 33.52210925519466 0.8483183085918427 0.6462939977645874 0.5840793997049332 0.3529285043478012 0 0.94660884141922 0.6681064963340759 2.689441189169884 0.3352754041552544 7.109548799693584 41.41687772423029 2.26807177811861 10.77462085336447 1.306148000061512 50.78636585921049 0.2166917622089386 15.83038854598999 0.492564782500267 0.945250116288662 0.534272413700819 0.4134150147438049 0.2317349687218666 0.5891198813915253 47.18510823696852 1.059699699282646 0 30.80031718313694 14.7362469509244 34.72522363066673 12.06722511351109 4.170938216149807 16.48419695347548 1175.408379778266 0.433454342186451 40.20902439206839 3.838181652128696 0 0.1848238483071327 0.5182412415742874 0.1738274246454239 0 0.1169590055942535 0 0 0 1.914008721709251 0.6830422580242157 1.019549369812012 11.25472063571215 1.374656565487385 0 3.496016405522823 42.68798073381186 0 0 0 0 0.1878073364496231 0.3940270096063614 0.3574619293212891 0.9180241376161575 0.8921241909265518 2.148222416639328 0 2.499976716935635 5.09340488910675 4.742516383528709 2.764571577310562 0 0 0 0 0 0 0 0 0 0 0 0 0.7861907780170441 0 0 0 0.549945130944252 0.1296812444925308 0.2067630887031555 0 0.9944698363542557 0.1434532850980759 0.4163376092910767 0 2.75863328576088 1.02820410579443 3.076150052249432 1.911327578127384 0.9794654101133347 0 0 0 0 0.176588386297226 0.1307866424322128 0 0 0.3071459084749222 0 0 0 0.25582405179739 0 0 0 0 0 0 0 0.473959356546402 2.543966472148895 1.976308390498161 0.1359317749738693 0 0 0 0 0 0 0 0 3.256745770573616 0.2405004426836967 0.1677150875329971 0 0.1839144080877304 1.37539991736412 0 1.785913184285164 0 0 0.2942572385072708 0 0.1214542835950851 0 0 0 0 0 0 0 0 7.109015993773937 1.454400397837162 2.502842210233212 131.4588069543242 1.86970891058445 51.93223975598812 17.71032635122538 11.27863572537899 2.150486059486866 0.5087946951389313 4.678865253925323 3.425885073840618 0 0.2164365202188492 0 2.167042657732964 0.1434295922517776 0 0.5226249098777771 2.653447270393372 0.5983031988143921 11.79460644721985 0.7553404271602631
158.8917209357023 157.0250025466084 63.97470456361771 418.6126978546381 179.9013451561332 114.366870701313 798.9307581707835 109.4084927886724 187.7214949131012 3377.27063010633 316.1273133307695 118.4081886485219 1896.02238496393 406.8886782750487 82.28645166754723 94.71733874827623 5.194737583398819 0.09944680333137512 0.09312427788972855 0.223590187728405 3.612597107887268 5.538011908531189 0.09657546132802963 0 1.755064457654953 1.772141993045807 0.1003023684024811 2.17796890437603 1.541344940662384 0.8768710196018219 133.9862465038896 22.31643833220005 104.3460996896029 0.1744865328073502 0.571349710226059 0.439490407705307 191.2525896728039 16.35132019966841 84.80493967980146 6.818907499313354 2.710105165839195 4.65159934014082 2.441906675696373 3.921098165214062 0 1.404473945498466 142.7134137451649 2.485161446034908 1.034393966197968 0.6197267025709152 1.242909096181393 0.5184407830238342 8.919182471930981 3.197726011276245 3.632507480680943 3.858202174305916 18.05631750822067 41.52825108915567 5.273783251643181 26.81488623470068 2.343986973166466 18.29333554953337 1.471980184316635 26.76045772433281 1.071896255016327 2.245734326541424 0.6197948753833771 0.6923903375864029 1.366029098629951 3.016815647482872 112.667257539928 8.479088634252548 0 56.83545897156 33.6337119564414 86.58305182307959 28.02632039785385 7.995200678706169 0.9275770112872124 75.65231788158417 1.126902371644974 20.36934336274862 12.30149334669113 0.2127015814185143 1.323841944336891 1.151088699698448 0.5926710590720177 0.1142804101109505 0.6972810849547386 0 0.6074764430522919 0.1164055317640305 2.788858309388161 0.3244748786091805 2.114882573485374 913.9433720260859 59.55807580053806 0.9181639850139618 37.6884058713913 39.37931381165981 0.4747504964470863 21.05286338925362 3.521961316466331 2.782530069351196 7.359957553446293 19.92972666025162 77.82091416418552 12.51876254379749 60.5873387157917 50.5880990177393 12.53896656632423 130.8196039870381 121.3039055019617 101.6359917744994 88.26842412352562 3.793281979858875 2.094810329377651 0.1875153183937073 0.3599220216274261 0 0 0 0 0 0 0.4182264432311058 1.251323819160461 10.90669865906239 0.3488941788673401 2.757536113262177 0 4.984805256128311 0.9645413905382156 3.40134371817112 3.670647621154785 16.77211864292622 0.1577802449464798 1.423705637454987 0 45.7833544537425 16.03140261769295 40.94195187836885 20.25874958187342 20.94861031323671 0.1545954048633575 0 0 1.805764138698578 2.526914678514004 2.194541841745377 0 0.2266861796379089 1.885300025343895 0 0 0.2589970529079437 2.704316884279251 1.444228529930115 0.471554309129715 0.3423246741294861 0 2.639176718890667 0.751357227563858 2.827534273266792 2.862184703350067 10.13877542316914 26.65920012444258 1.77350178360939 0.6384239792823792 0.2413157522678375 0 0 0.1205043271183968 0.2013070732355118 0 0.1316078305244446 74.83385912328959 3.527884766459465 1.043423935770988 0 0 15.53700941801071 3.912195712327957 30.21295396983624 1.774655468761921 2.923634484410286 1.830760516226292 1.147357076406479 0.3650496527552605 0 0 0 0 0.2038396745920181 0 0 0 144.1499555781484 30.43036418408155 32.81662230193615 1311.888484060764 13.67518640309572 353.3402075842023 128.5911783128977 94.17828787118196 21.23951123654842 6.746384873986244 30.80470925569534 85.76203681528568 1.694098144769669 23.08983763307333 4.522064954042435 158.315356567502 2.691032037138939 0.5983088612556458 1.277085363864899 8.398574337363243 3.867754578590393 348.874655239284 54.90281900763512
129.6012997329235 468.5380155220628 372.7742519825697 469.358819052577 321.1929447427392 61.08964601904154 1314.495564833283 297.5841766819358 425.9788406863809 4559.337366901338 1910.238436311483 1896.02238496393 3561.173924893141 3385.134306937456 149.4583923742175 183.1112135946751 8.260461859405041 2.181378081440926 0.4475951641798019 1.468525767326355 3.354971051216125 18.18437375128269 0.6875641494989395 0.6945579349994659 9.024272531270981 7.912962466478348 7.202901616692543 12.70976191014051 10.56668454408646 3.243046566843987 272.6978852450848 65.61754031479359 605.7020469680429 0.426305964589119 1.42241008579731 2.436584286391735 2215.35246373713 176.0839872285724 191.8983609452844 47.21081025898457 4.771830685436726 13.81323511898518 4.275057822465897 10.87931336462498 0.9698263481259346 3.168570190668106 165.112663641572 2.695206202566624 2.915502339601517 1.733493410050869 4.781790919601917 3.954394496977329 35.69657406955957 14.01581501960754 4.040036626160145 2.603352323174477 17.03366722166538 55.90919659286737 3.644190713763237 28.72172696888447 6.775094896554947 91.83251568675041 2.889626443386078 53.73681025952101 1.472504518926144 3.753207787871361 2.212485551834106 2.341689184308052 1.58958625048399 4.818508222699165 560.6151400431991 12.11584208905697 0.608030378818512 64.38837976753712 49.65845853090286 129.0805272981524 70.49181841313839 23.83415562659502 6.082047142088413 501.9400164559484 3.852235056459904 50.3016312122345 10.00974407792091 0.1217621341347694 0.5912472009658813 1.7974464148283 1.351054288446903 0.3626096025109291 0.5543684735894203 0.507539227604866 0.7424205914139748 0.6994277909398079 7.846077874302864 1.476912960410118 8.659594506025314 1678.602583952248 126.0903957113624 2.414341360330582 73.37206295132637 40.2503898665309 2.205497361719608 19.88175469636917 6.322979629039764 4.347009286284447 4.24699205160141 23.97074564546347 67.31736528873444 20.29234103113413 79.54918219149113 61.45490539073944 14.80347045511007 167.3926964923739 178.4508497416973 111.4431705325842 114.2361912056804 3.956391297280788 2.261580258607864 0 0.6811410263180733 0 0 0 0.5682014003396034 0.1350478380918503 0 3.61787936091423 0 18.80242378264666 0 6.966118104755878 0.8495721817016602 9.112068504095078 2.844510160386562 1.193645693361759 5.170733273029327 16.50698325783014 0.7338296622037888 9.816676430404186 0.1932929456233978 78.21372533589602 16.59410654753447 74.46706391870975 33.32548227906227 34.1626338288188 0.1742233037948608 0.348248615860939 0.1130866780877113 0.1154823526740074 3.168287381529808 4.811651863157749 0 0.496933326125145 3.235292479395866 0 0.4047473669052124 0 6.794693633913994 2.761673837900162 0.1025363281369209 0.2243195772171021 0 1.553179405629635 2.84906218200922 3.787235110998154 6.358582340180874 11.59330325573683 40.86615274101496 3.251679375767708 0.2420086264610291 0.3004302382469177 0.1177822574973106 0.1125451922416687 0 0 0 0.1432535946369171 102.0119517669082 4.423205234110355 0.3973318785429001 0.1479746699333191 0.4635585844516754 30.86949868500233 6.549765720963478 40.08189072459936 2.935820817947388 4.20627274364233 3.394788458943367 2.337655253708363 2.538084745407104 0 0.2534327208995819 0 0.1392796784639359 0 0 0 0.162903904914856 191.3116580247879 50.7904454767704 53.57191304117441 1264.211822472513 19.10101846605539 404.2887554615736 158.6965397447348 67.59516645222902 22.86974708735943 2.666644863784313 28.23282997310162 90.4023752361536 0.8005896359682083 26.86554423719645 5.994700759649277 156.0144261270761 1.996511824429035 2.268461465835571 1.253254696726799 14.86387151479721 2.825619712471962 282.9019088819623 66.723768055439
