479.8787228539586 4280.134117409587 1013.921280361712 1334.183320604265 277.0475158989429 194.776549577713 1181.119922436774 24.78440291434526 302.6118750199676 2241.485485568643 199.9527656137943 152.272792302072 441.004638697952 398.2262154109776 0.171969898045063 0.5727284625172615 0.4029081016778946 0 0 0 0 0 0 0 0 0 0 0 0 0 959.5850401520729 11.63793602585793 45.66897987574339 0 0 0 1.633689872920513 0.6722479462623596 1.628780461847782 0 0 0 0 0.2951458767056465 0 0.1164102405309677 27.32565395534039 4.498407065868378 0.2098972499370575 0 0.5267251208424568 0.1544599086046219 0 0 1.403345912694931 1.307227663695812 335.8807941041887 1345.476885005832 48.66870276629925 6.41665231436491 0.7160419002175331 2.526749946177006 0 7.851617783308029 3.226452521979809 0.7880612835288048 0.5285630598664284 0.3793862164020538 0.09894278645515442 0.1264069527387619 16.59673624485731 0 0 261.1427562087774 72.98770738020539 21.17525355517864 4.045292802155018 3.176959916949272 3.751694351434708 31.1759295836091 0.3927313238382339 4.71799985319376 3.393021248281002 0 2.317112363874912 2.048208028078079 0.7997375726699829 0 0.1073480322957039 0 0.2093629911541939 0 0 0 0.1055721640586853 22.5157895386219 8.796897575259209 0 25.61840297281742 397.1847070977092 0 1.735642373561859 0 0 0 0 0 0.4876808226108551 1.221778824925423 0.7634668946266174 0 1.366895854473114 3.190148502588272 2.136956185102463 4.76184007525444 0 0 0 0 0 0 0 0 0 0 0 0 0.7765035629272461 0 0 0 0 0 0 0 0 0 0 0.5940883159637451 1.737272977828979 0.6790265440940857 1.167352467775345 0.3656796813011169 1.177492737770081 0 0 0 0 0 0 0 0 0.75144362449646 0 0 0 0.6906753182411194 0 0 0 0 0 0 0 0 0.8389394283294678 0 0 0 0 0 0 0 0 0 0 0 0 0 0 0 0 0 0 0 0 0.6410687565803528 0 0 0 0 0 0 0.1288701742887497 0 0.1973061859607697 0 1.06464758515358 0.9240913391113281 2.262543618679047 54.45128241181374 5.937230430543423 139.8557341471314 12.69267648458481 169.2314248085022 1.073613613843918 1.241872400045395 5.641252271831036 7.409464716911316 0 0.563200056552887 0.6321266889572144 0 0 0 0 0.1675651669502258 0 22.60579659789801 11.40536634624004
4280.134117409587 2256.116965986788 1599.853981465101 2091.280201107264 1750.609308131039 264.1105973273516 2863.298226866871 504.6427746266127 2128.313049137592 1417.088968895376 2242.918893791735 53.27139559388161 753.1268867664039 1567.152080394328 6.277006700634956 7.736064799129963 1.555070891976357 0.1950965002179146 0.08611228317022324 0.1045866161584854 0 0 0 0 0.2341742813587189 0.1310700476169586 0 0 0 0 990.4111848697066 73.12808390706778 94.01501642912626 0.0942128449678421 0.1404893696308136 0.2123192101716995 3.482914924621582 0.09558092057704926 4.81194281578064 0.9843991622328758 0 0.09137484431266785 0.125118613243103 1.286654755473137 0 0.6350273415446281 63.87734942883253 5.045396842062473 0.2936239987611771 0 0.2790936753153801 0 0.3661240711808205 0 1.47595851868391 2.223260551691055 103.2371228151023 386.9746543355286 20.14623821526766 18.4343855753541 0.4175210148096085 1.364515338093042 0 84.92788778245449 5.48854935914278 0.971731036901474 1.663598097860813 1.877491503953934 0.3113287091255188 0.2120494171977043 33.91209392994642 0 0 173.7777566127479 167.395221542567 122.2207744382322 66.13863155990839 13.82748356461525 4.639491587877274 101.0095526911318 0.8185698390007019 6.356092870235443 4.023778863251209 0 5.089726388454437 3.8034383431077 1.364995904266834 0 0.9300153255462646 0 0.4587621837854385 0.1540926545858383 0 0.1021307110786438 0.1058304607868195 15.01048916578293 19.02852468192577 0 62.00562626868486 344.7006733343005 0 5.66978794336319 0.2918819189071655 0.1643084585666656 0 2.762429058551788 0 4.262694895267487 12.29541613161564 15.25472143292427 3.433135062456131 9.807821117341518 23.66139591485262 4.917823247611523 15.14498547464609 0 0 0 0.1124349609017372 0 0 0 0 0 0 0 0 0.6179821044206619 0 0 0 0 0 0 0.376798689365387 0 0 0 0.3782100677490234 5.128347523510456 3.070698529481888 7.17143627256155 2.71148406714201 1.666265368461609 0 0 0 0 0 0 0 0 1.303054831922054 0 0 0 0 0 0 0 0 0 0.3206043392419815 0 0 0.7725496888160706 0 0 0 0 0 0 0 0 0 0 9.505388341844082 0.4926853030920029 0 0 0 0.515044242143631 0 0 1.114800244569778 0.4972339943051338 2.132631957530975 0.902353048324585 0.1407773494720459 0 0 0 0.1134964600205421 0.2503126412630081 0 0 0 9.690084367990494 6.05194291472435 13.23460353910923 266.2062876224518 15.20188847184181 289.2952879145741 63.99150732904673 217.4373499304056 4.917966902256012 2.207941755652428 13.02048862725496 15.38561441749334 0.1422383487224579 8.1742769703269 1.594382733106613 6.151496469974518 0.8579688221216202 0 0.6143109500408173 6.280255302786827 1.085328504443169 30.00433618575335 9.53148403018713
1013.921280361712 1599.853981465101 1395.575232379138 101.2271740287542 97.26430343091488 16.29933765530586 40.69031210243702 1558.222441151738 339.7719878256321 37.74327171593904 1207.704160548747 14.14838493615389 235.4658387266099 2032.721036687493 0.5017024800181389 0.4425377398729324 0.5969341397285461 0 0 0.09007781744003296 0.2158364579081535 0 0.355686292052269 0 0.1966479420661926 0 0.1056562513113022 0 0 0 4289.785252898932 775.346652969718 474.4461940377951 0.6219505593180656 0.119034044444561 0.4386936947703362 2.362466715276241 0 1.480737589299679 0.3302965611219406 0.3138391673564911 0 0.09200293570756912 2.047918811440468 0.1325474679470062 2.361839972436428 19.21278996765614 3.087889134883881 0.2780019044876099 0.09756948053836823 0.09246838092803955 0 0 0 0.8119289577007294 0.6111279726028442 94.64132137596607 499.9378455206752 10.96196361631155 4.394885309040546 30.70098053663969 31.31238584965467 1.049038231372833 90.9042409658432 2.299684807658195 0.5181911364197731 0.5309176817536354 0.5340037643909454 0.5120530128479004 0.3194726333022118 1.167745903134346 0 0 94.12285787984729 78.02816884219646 21.65151770412922 6.702726930379868 14.8293446674943 186.4223853200674 1473.988992236555 11.28316139429808 210.6222353726625 1.316823691129684 0 1.934244312345982 1.517923228442669 0.650885246694088 0 0.4135932698845863 0 0 0 0.08598019927740097 0.2059197798371315 0 0.6051363497972488 0 0 0.5857337936758995 103.0060593411326 0 0.4603875279426575 0 0 0 0.09701799601316452 0 0 0.4300019443035126 0 0 0 0.4939069971442223 0 0.1193621084094048 0 0 0 0 0 0 0 0 0 0 0 0 0 0 0 0 0 0 0 0 0 0 0 0 0 0 0.1503631919622421 0 0 0 0 0 0 0 0 0 0 0 0 0 0 0 0 0 0 0 0 0 0 0 0 0 0 0 0 0 0 0 0 0.08401833474636078 0 0.129498153924942 0 0 0 0 0 0 0 0 0 0 0 0 0 0 0 0 0 0 0 0 0 0 0.1934674829244614 27.40159326046705 3.034888580441475 77.49827907606959 8.443706355988979 20.22638245671988 0.9672894477844238 0.7210170850157738 1.097093097865582 0 0 0 0 0 0 0 0 0.8360891938209534 0.1225628256797791 5.770147010684013 0.1315594166517258
1334.183320604265 2091.280201107264 101.2271740287542 1150.904370814562 166.3569300845265 244.9798421114683 623.6305439174175 0.9334219694137573 72.84745959937572 2085.846734911203 47.11389817297459 49.52733035385609 358.1063920482993 56.61713864654303 0.1303059458732605 0.1249066069722176 0.1244468837976456 0 0 0 0 0 0 0 0 0 0 0 0 0 16.77216967940331 0.4321169778704643 3.08361029624939 0 0.1280699968338013 0 0 0 0 0 0 0 0 0 0 0 2.618674948811531 0.4232736602425575 0.1172870248556137 0 0 0 0 0 0.2299599498510361 0 3.032441169023514 8.554846458137035 0.1906907707452774 0.5255029127001762 0 0.09119901061058044 0 3.660211659967899 0.09813989698886871 0 0.1450341194868088 0 0 0 1.007206693291664 0 0 7.258956260979176 5.05248336493969 4.539114564657211 2.394318789243698 0.5369777157902718 0 0.07419510930776596 0 0 0.2376898378133774 0 0.2158596813678741 0.06499243527650833 0.1819639354944229 0 0 0 0 0 0 0 0 5.680308848619461 1.614043563604355 0 6.768168993294239 105.531644962728 0 0.4886060655117035 0 0 0 0 0 0 1.440736293792725 1.73114413022995 0 0.8204197287559509 1.032467678189278 0.4716090112924576 1.239180698990822 0 0 0 0 0 0 0 0 0 0 0 0 0 0 0 0 0 0 0 0 0 0 0 0 0.1780017465353012 0 0.3875123262405396 0.1438005119562149 0.2360734343528748 0 0 0 0 0 0 0 0 0 0 0 0 0 0 0 0 0 0 0 0 0 0 0 0 0 0 0 0 0 0 0 0 0.584667757153511 0 0 0 0 0 0 0 0 0.5438452959060669 0 0 0 0 0 0 0 0.1061951890587807 0 0 0 3.818332448601723 0 0.270864799618721 11.15763144940138 0.3635856732726097 13.28105499595404 3.233958005905151 80.79952977597713 0.2125145494937897 0 0.2313409373164177 0.7264616042375565 0 0.613577738404274 0 1.662225782871246 0 0 0 0.5462767630815506 0 5.037258937954903 1.219468116760254
277.0475158989429 1750.609308131039 97.26430343091488 166.3569300845265 563.8128806352615 4.089411050081253 3342.822229236364 410.268962547183 3527.987807888538 197.8580421283841 1999.419943064451 79.53993338346481 451.2114327214658 832.0959237776697 6.094307199120522 6.126208677887917 0.2298161908984184 0.1848872154951096 0 0 0 0 0 0 0.09306018799543381 0 0 0 0 0 86.79734377563 27.22877766937017 8.011791452765465 0.162863627076149 0 0.152385026216507 2.217753648757935 0.07834513485431671 1.156666219234467 0.2306884825229645 0 0 0 1.803608186542988 0 0.2359792962670326 28.03927821666002 1.426861256361008 0.2724116146564484 0 0.2629546970129013 0 0 0 0.3796322718262672 0.4803660660982132 13.80453796312213 56.90055544674397 3.468545813113451 5.148636110126972 0.403901644051075 0.9281941056251526 0.1721301078796387 32.16238436102867 1.529644645750523 0.2330706939101219 0.423116959631443 0.3562768027186394 0.09204886108636856 0 11.34103421866894 0 0 39.05575527250767 41.72225108742714 43.38842853531241 30.3840627335012 10.40971295535564 1.997909530997276 8.388707481324673 0.1748781576752663 1.641887743026018 0.4374869987368584 0 1.127226732671261 0.7498047351837158 0.4981765002012253 0 0.2567995637655258 0 0.1802053302526474 0 0.06746760755777359 0 0 4.860884040594101 3.159151494503021 0 15.2414967007935 20.57394019514322 0.1720424592494965 0.4871753603219986 0.5178684145212173 0 0 0.5789432972669601 0.1760380119085312 1.620178520679474 4.968365177512169 5.007383480668068 2.475402161478996 2.915629312396049 6.953192040324211 1.619240015745163 4.838196881115437 0 0 0 0 0 0 0 0 0 0 0 0 0.2668958604335785 0 0 0 0 0 0 0 0 0 0 0 2.21184853464365 0.5946344882249832 3.186020694673061 0.1789401173591614 0.6210954487323761 0 0 0 0 0 0 0 0 0.6071378439664841 0 0 0 0 0 0 0 0 0.1372814774513245 0.264462947845459 0 0 0 0 0 0 0 0 0 0 0 0 0 3.452787756919861 0.5317278802394867 0 0 0 0.6894680708646774 0 0 0.1849309056997299 0.3001938760280609 0 0 0 0 0 0 0 0 0 0 0 3.362194053828716 1.255271226167679 3.28181417286396 95.11816046386957 3.892875768244267 80.56314348429441 20.87669656425714 19.2446941062808 1.853654377162457 0.3831485584378242 4.972153753042221 5.140361770987511 0.1663684695959091 2.53462865203619 0 4.531213447451591 0.3505310714244843 0 0.0957103967666626 4.087776690721512 0.5069822818040848 5.839629024267197 2.388188034296036
194.776549577713 264.1105973273516 16.29933765530586 244.9798421114683 4.089411050081253 26.69071444869041 49.07086977362633 0 2.202193006873131 864.6998406201601 4.696676820516586 527.3407701402903 97.07920889556408 8.82050359994173 0 0 0 0 0 0 0 0 0 0 0 0 0 0 0 0 43.63419054448605 0 13.30931416153908 0 0 0 1.170161738991737 0 0.2242242693901062 0 0 0 0 0 0 0 0.1681772470474243 0 0 0 0 2.092843741178513 0 0 0 0.1322066485881805 24.58467862010002 5.232306271791458 0 0 0 0.86379424482584 0 0 0 0 0 0 0 0 18.90235783159733 20.30400730669498 2.370251700282097 0.4710789620876312 0.5765949636697769 0 0 0 0 0.1303733885288239 0 0 0 1.057670950889587 0 0.2780905067920685 0 0.5304055958986282 0.159661278128624 1.567688509821892 0 0.2138958871364594 0 0 0.7444461137056351 138.4803340733051 162.6193865984678 7.656722262501717 16.35806499421597 410.3100368082523 0 0 0.9580628275871277 0 0 2.096442237496376 9.026003360748291 2.393198609352112 20.61290514469147 10.97402024269104 1.237348616123199 11.36419104039669 33.53039662539959 2.145612463355064 1.082509547472 0 0 0 0 0 0 0 0 0 0 0 0 0 0 0 0 0 0 0 0 0 0 0 0 0.2652973532676697 0 0 0 0 0 0 0 0 0 0 0 0 0 0 0 0 0 0 0 0 0 0 0 0 0 0 0 0 0 0 0 0 0 0 0 0 6.139437064528465 0 0 0 0 0.4247962534427643 0 0 0 0 0.5803444981575012 0 0 0 0 0 0 0 0 0 0 37.03689430654049 3.783370554447174 0.1677661240100861 30.70314233005047 2.645126774907112 0.8786137849092484 0 374.8123158961535 0 0 0 3.874324217438698 0 0.1251143664121628 0 38.6476241350174 0 0 0 0.3617377877235413 0 48.48451663553715 148.914188683033
1181.119922436774 2863.298226866871 40.69031210243702 623.6305439174175 3342.822229236364 49.07086977362633 185.223590567708 19.69459843635559 1378.782171621919 1630.666469410062 241.591124791652 664.3866015821695 1555.933702833951 2707.521865107119 12.84239654615521 14.84542315080762 0.6201864331960678 0.08984639495611191 0 0.176537923514843 0.1490544825792313 0 0.2743319943547249 0.08918293565511703 0.1663471534848213 0 0 0 0 0.08823172748088837 81.2961417734623 32.71959660947323 62.33905037492514 0.2853869721293449 0.2191689610481262 0.9692163467407227 4.054734673351049 0.09311339259147644 5.255483377724886 0.2052841782569885 0 0 0.09695944935083389 2.647807523608208 0.2009143978357315 0.2744453325867653 44.30410597845912 2.65736648440361 0.3629578649997711 0 0.2593367397785187 0 0.6402519717812538 0 0.4384448751807213 0.5611992925405502 23.94383819401264 76.95880179852247 6.208474226295948 7.307428486645222 0.9050061479210854 3.440716419368982 0 52.40416016802192 1.830973785370588 0.5080950297415257 0.3654235899448395 0.7841247320175171 0.2537562921643257 0 52.97589696198702 5.533453166484833 0 61.89663670584559 73.89928131923079 76.7166835218668 54.33905388042331 19.32249590754509 1.568036936223507 15.95954629778862 0.7280883938074112 4.439189292490482 1.081398531794548 0 1.449954241514206 1.695285573601723 0.6026524230837822 0 0.3125711232423782 0 0.2243626862764359 0 0.2515365332365036 0.2051371037960052 0 37.59309740364552 16.1936012506485 0 72.0497952029109 56.74644266813993 0.2309857755899429 7.667188227176666 0.5865609049797058 0 0 5.125625461339951 0.8505629897117615 9.059804230928421 21.64262096583843 19.70356523990631 6.981403827667236 13.58429894596338 41.63186287879944 4.090001925826073 18.85876136273146 0.5384993702173233 0 0 0 0 0 0 0 0 0 0 0 1.209415033459663 0 0 0 0 0 0 0 0.3038193583488464 0 1.014998227357864 0 5.342029556632042 5.886728428304195 13.50347049534321 4.070573002099991 2.243429340422153 0 0 0 0 0.1620185673236847 0 0 0 2.416652694344521 0 0 0 0.1450733989477158 0 0 0 0 0 0.970782071352005 0 0 1.313487768173218 0 0.9815313890576363 0 0 0.1161764711141586 0 0 0 0 0 15.53337015211582 0.7424051463603973 0 0 0 1.470281526446342 0.2855117619037628 0 0.5183544903993607 1.979160822927952 1.425737462937832 0.1309272795915604 0.4543849378824234 0 0 0 0 0 0 0 0 19.19926508516073 8.15640290081501 17.86820797622204 169.5304310917854 5.774985507130623 141.3268770687282 37.9170849993825 53.26923882961273 3.062456391751766 1.338379018008709 6.387490592896938 24.95126707851887 0.5881653726100922 6.191402144730091 1.703845895826817 19.93671271950006 1.187370106577873 0 0.2754957601428032 6.353638961911201 0.8730196133255959 36.32426633685827 15.94310764968395
24.78440291434526 504.6427746266127 1558.222441151738 0.9334219694137573 410.268962547183 0 19.69459843635559 1656.681469999254 505.1639203950763 6.213978037238121 1143.089797407389 42.08671539276838 422.6501084752381 2084.087062291801 0.8296424001455307 2.117753967642784 1.377009004354477 0.3232441991567612 1.14020137488842 0.6668763682246208 0.8516275882720947 0 0 0.1114399656653404 0.9941204115748405 0 0.2903220131993294 0 0 0 551.0952484831214 1205.588643446565 280.2430592849851 3.064752787351608 1.500729262828827 0.9588361531496048 38.60009171813726 1.69414909183979 5.680475682020187 0.1072271838784218 0.4001243859529495 0.1733837872743607 0 30.82679583132267 1.133971408009529 11.46776816248894 14.45482351630926 2.039729908108711 0 0.1062120646238327 0.3773093894124031 0 0 0 0.2424609586596489 0.1204278916120529 20.66437938064337 94.34156776964664 3.349217876791954 3.298119761049747 247.9647907689214 145.6619818732142 4.913564614951611 67.79089213162661 0.862878106534481 0.0793919563293457 0.186677061021328 0.5384467169642448 1.54950051009655 1.1186783015728 31.89289333671331 0 0 33.61541409790516 36.4379759952426 19.88644465059042 28.11335084959865 81.70819555968046 1177.831782415509 2179.788838095963 245.944831572473 767.1172207891941 0.6896132677793503 0 0.9962328970432281 0.494097888469696 0.2860710099339485 0 0 0 0.2186376303434372 0 0.6193335652351379 0.7058834955096245 0.1885847151279449 2.582590147852898 0.9152565896511078 0 5.262741468846798 10.93603068590164 0 0 0 0 0 0.2415403723716736 0 0.1410898417234421 0.1597991287708282 0.1949467808008194 0 0.1165522187948227 0.1198391243815422 0.1808105558156967 0 0 0 0 0 0 0 0 0 0 0 0 0 0 0 0 0 0 0 0 0 0 0 0 0 0.1352296769618988 0 0 0.1601982265710831 0 0 0 0 0 0 0 0 0 0 0 0 0 0.1038016676902771 0 0 0 0 0 0 0 0 0 0 0 0 0 0 0 0 0 0 0 0.2477858066558838 0 0 0 0 0 0 0 0 0.09074204415082932 0 0 0 0 0 0 0 0 0 0 0 0 0.1936897784471512 0 20.07211528345942 1.663346648216248 48.64445179700851 6.549745835363865 9.015770643949509 0.6027965247631073 0.5860496833920479 1.594261318445206 0.5259887278079987 0 0 0 0 0 0 0 0.222029983997345 0 3.850980661809444 0.3795299530029297
302.6118750199676 2128.313049137592 339.7719878256321 72.84745959937572 3527.987807888538 2.202193006873131 1378.782171621919 505.1639203950763 369.0022550225258 73.39837469533086 979.5317587330937 61.11460100859404 512.1387307979167 1480.332453534007 12.13272568210959 12.85706193372607 0.9382433071732521 0.08155149966478348 0.079806849360466 0.1475036963820457 0 0 0.06803259253501892 0 0.1753618791699409 0 0.2049473524093628 0.08638262748718262 0 0 170.3646748699248 55.33468447253108 30.8297702036798 0.1381838321685791 0.1007364019751549 0.7227841094136238 1.729218371212482 0.1446881666779518 1.566662907600403 0.2924488261342049 0 0.07843461632728577 0 2.766754873096943 0.1492430716753006 0.2571823969483376 38.02931484952569 2.200339116156101 0.3685527145862579 0.06938451528549194 0.2839836329221725 0 0.2307105250656605 0 0.6717462316155434 0.7679942660033703 26.96657483652234 99.80290783569217 6.036451913416386 8.928853079676628 0.4731059521436691 2.186676010489464 0.0905768871307373 54.49828283861279 2.14596913382411 0.3704274296760559 0.8087634146213531 0.7160846665501595 0.2729737535119057 0.1667301058769226 8.54361367598176 0.3776474893093109 0 69.08504367992282 79.94755914062262 79.08263367414474 55.8449137173593 16.17157644405961 6.147443436086178 24.95576234906912 0.4662759378552437 3.46880654618144 1.858112305402756 0 2.020429171621799 2.278828736394644 1.430109050124884 0.06601255387067795 0.2250428795814514 0 0.2235599532723427 0 0.07378052175045013 0.2191111817955971 0 1.652283929288387 3.869161419570446 0 13.00155958533287 23.3423726297915 0 1.404150731861591 0.1508764922618866 0 0 1.14310111105442 0.6333690881729126 1.764311924576759 5.512655332684517 3.390360355377197 1.567440330982208 3.703217849135399 7.705249443650246 1.024418585002422 5.169517025351524 0.1022449061274529 0 0 0 0 0 0 0 0 0 0 0 0.1967183500528336 0 0 0 0 0 0 0 0.2273532301187515 0 0 0.3675149828195572 1.719323098659515 0.5972824841737747 3.22579874843359 1.446632646024227 0.1810477524995804 0 0 0 0 0 0 0 0 0.3336381465196609 0 0 0 0 0 0 0 0 0 0.220554992556572 0 0 0 0 0 0 0 0 0 0 0 0 0 3.526491045951843 0.6130349710583687 0 0 0 0.1212684288620949 0.1117736026644707 0 0.2454903051257133 0.1718261390924454 0.8258113712072372 0 0.3831185102462769 0 0 0 0 0 0 0 0 3.089553214609623 2.088567495346069 2.599570401012897 158.2668691724539 9.312727078795433 140.2935915477574 41.0214030072093 32.24833844229579 2.973456665873528 1.710347160696983 9.162550248205662 4.279273986816406 0 2.225428208708763 0.3975836485624313 2.818321853876114 0.1548763364553452 0 0.7133359313011169 6.827173084020615 0.237685963511467 8.502967923879623 3.664350531995296
2241.485485568643 1417.088968895376 37.74327171593904 2085.846734911203 197.8580421283841 864.6998406201601 1630.666469410062 6.213978037238121 73.39837469533086 1905.483265534043 31.52215921133757 2330.749357350171 4131.932015009224 360.3790362775326 4.814744461327791 5.618445158004761 1.268454477190971 0.1084796413779259 0 0 0 0 0 0.08628672361373901 0 0 0 0 0 0 39.13617427647114 7.550999127328396 128.082196995616 0.1253730058670044 0 1.224926479160786 19.76732840389013 0.5840149223804474 2.981919318437576 0.2416451349854469 0.08040236681699753 0 0.08575344830751419 1.336152464151382 0.1019950583577156 0.241676427423954 26.65199656039476 2.055412419140339 0 0.1362737715244293 0.2638497725129128 0 0 0 0.3617740347981453 0.8018183708190918 25.01478049904108 55.29826787486672 5.248788580298424 4.615802228450775 0.380805678665638 4.425359487533569 0.07684126496315002 22.8826268017292 1.298501431941986 0.1869073361158371 0.2381699755787849 0.1628148928284645 0.2198861092329025 0.7373390346765518 135.0459088981152 5.471435129642487 0 41.51435472816229 47.47931125760078 31.9001661464572 27.11751570552588 6.152843289077282 1.689542345702648 14.2193321287632 0.8531836122274399 3.57685087621212 0.7513682171702385 0 1.380538836121559 1.051873996853828 0.4081096015870571 0 0.1955437362194061 0 0 0 0.07719851285219193 0.1334143280982971 0 319.0074382200837 23.6391189917922 0.2864205539226532 50.73207717388868 381.538651317358 0 4.00251105427742 3.233345061540604 0.5207610130310059 0 5.009558007121086 1.416221469640732 7.407140344381332 28.21197189390659 28.40567918121815 6.054286316037178 20.67214857041836 56.87383522838354 7.816061027348042 19.92753838002682 0.3704301863908768 0 0 0 0 0 0 0 0 0 0 0 0.8394645154476166 0 0 0 0 0 0 0 0.1534109562635422 0 0 1.133674621582031 3.999090105295181 3.903738871216774 8.465155847370625 2.610325790941715 2.394738025963306 0 0 0 0 0 0 0 0 0.8754304349422455 0 0 0 0.3556602895259857 0 0 0 0 0.1165366917848587 0.528283104300499 0 0 0 1.041698932647705 1.042000025510788 0 0 0 0 0 0 0 0 24.8101287856698 3.798189133405685 0 0 0 1.79196472465992 0 0.5681546330451965 0.5467997640371323 1.195472717285156 1.527141056954861 0.8139136135578156 0 0 0 0 0 0 0 0 0 31.48002087324858 9.153058283030987 13.2856297492981 107.5468951016665 3.514319717884064 93.74737775325775 22.02632889896631 511.5384315252304 1.423094592988491 0.8306593000888824 4.089443072676659 21.73008024692535 0.2844605445861816 8.348524674773216 0.6642315089702606 17.92448379099369 1.024175405502319 0 1.261438339948654 2.344123713672161 0.5168330669403076 366.4362356439233 84.32183556258678
199.9527656137943 2242.918893791735 1207.704160548747 47.11389817297459 1999.419943064451 4.696676820516586 241.591124791652 1143.089797407389 979.5317587330937 31.52215921133757 414.0112553834915 106.4713751077652 1207.638627804816 3615.423550203443 2.593384556472301 5.388316236436367 0.0767979621887207 0.09525536000728607 0 0 0.1342583149671555 0 0 0 0.2201679274439812 0 0.2978477403521538 0.08229453861713409 0 0 279.0978868603706 61.43756598234177 310.8550006076694 0.1718253269791603 0.246213786303997 1.482603669166565 11.33309840410948 0.536518320441246 1.954078890383244 0.07949662208557129 0 0.2167257145047188 0 1.417693689465523 0 2.049852274358273 12.10949339717627 0.9758374467492104 0.2222812175750732 0 0.3105241656303406 0 0 0 0.1984287351369858 0.06158869341015816 9.849500373005867 50.25211394205689 1.741854280233383 2.957101732492447 1.41712985932827 16.04526050388813 0.7958426997065544 19.41815620660782 1.054692946374416 0.2062808200716972 0 0.1675200164318085 0.6262483522295952 0.2202624008059502 7.63640608638525 0.08065789192914963 0 24.3597467392683 26.41960605233908 22.51749511808157 14.54730860888958 6.782346244901419 56.07626042515039 164.6773278564215 0.5590991154313087 49.67500696703792 0.5871509313583374 0 0.573153480887413 0.9035685583949089 0.09404745697975159 0 0 0 0 0 0.383129246532917 0.08846737444400787 0.125355526804924 0.7727828025817871 1.560913130640984 0 3.31634421646595 12.41657296568155 0 0.2258699238300323 0 0 0 0 0 0 0 0.3819876313209534 0.1371583491563797 0.3299477994441986 0.9341709762811661 0.3695021122694016 1.917358264327049 0.1212382763624191 0 0 0 0 0 0 0 0 0 0 0 0.2803042232990265 0 0 0 0 0 0 0 0 0 0 0 0 1.4259252846241 0.8847205638885498 0 0.226217657327652 0 0 0 0 0 0 0 0.2731142938137054 0 0 0 0 0 0 0 0 0 0 0.2235891222953796 0 0 0 0 0 0 0 0 0 0 0 0 0 0.3578965067863464 0 0 0 0 0.1783722341060638 0 0 0 0.4399627149105072 0 0 0 0 0 0.07804761081933975 0 0 0 0 0 0.3903601095080376 1.221593976020813 0.7120605856180191 42.26948989927769 2.310142301023006 47.5513016730547 10.37026506662369 9.06433280557394 0.5170237645506859 0.2864653915166855 2.559023655951023 1.589985311031342 0 0.1928835213184357 0 0.1471099853515625 0 0 0 1.214723497629166 0 1.914372488856316 1.382106453180313
152.272792302072 53.27139559388161 14.14838493615389 49.52733035385609 79.53993338346481 527.3407701402903 664.3866015821695 42.08671539276838 61.11460100859404 2330.749357350171 106.4713751077652 127.0181741714478 1392.789378602058 131.5578294657171 44.83256352320313 99.50125926733017 9.740494892001152 1.276974201202393 0.4901921153068542 0.5912180319428444 0.6449996158480644 0.1561849117279053 0.5637544989585876 0.3663838133215904 1.056861996650696 0.2931383401155472 0.1760704517364502 0 0.1816021427512169 0 10.85088548064232 6.665432251989841 192.2193066366017 2.462366946041584 1.657549373805523 30.13813605159521 57.68500772863626 17.2389563024044 22.71929270774126 1.522587224841118 0.7331340610980988 0.3086191192269325 0.2413578480482101 29.19143987447023 0.8588662892580032 14.70685422420502 69.15573494881392 1.209047123789787 3.544647641479969 0.3121783211827278 0.6147951558232307 0 0.1786325052380562 0 0.2013624981045723 0.1342985555529594 11.88657728582621 21.63217287510633 2.330303199589252 7.562369253486395 19.65863467752934 113.01750356704 3.000439122319221 21.56341782584786 0.8298245184123516 0.2370775192975998 0 0.9398689121007919 6.856881465762854 2.964607767760754 168.327126301825 14.78147768229246 0.1531985998153687 27.28509340435266 28.6464362218976 76.87221466749907 57.37343597412109 54.00831362977624 22.37099098414183 299.1945265382528 24.97919934988022 67.43903426080942 0.6690398082137108 0.1130633950233459 0.6667066439986229 0.813940167427063 0.1001123785972595 0 0 0.08411228656768799 0.6767692118883133 0 2.003316357731819 1.764414452016354 0.9605570062994957 1192.300836756825 89.2382223457098 0.4153126180171967 149.6454400978982 66.30146505683661 0.9412012100219727 31.55657112598419 9.858006402850151 3.048047691583633 0.4635825157165527 34.59356709569693 8.101962298154831 42.70091661065817 202.0278603062034 147.7191656380892 66.09670117497444 141.3852594867349 445.6331567913294 59.35462281107903 120.9135925471783 2.203171916306019 0 0 0.1235960647463799 0 0 0.1583268195390701 0 0 0 0 0 2.353710278868675 0 0 0 0 0 0 1.310614317655563 1.932523667812347 0 0.2729097306728363 0 41.24263072758913 12.74121526628733 57.32563559710979 4.481753848493099 7.918633185327053 0 0 0 0.1263849139213562 0.2884766757488251 0.5854687094688416 0 0.5409386157989502 5.114563845098019 0.2193213105201721 0.2268731743097305 0 2.068732216954231 0.08633638173341751 0 0 0.1267670542001724 0.80264662951231 3.983891323208809 0.1229519248008728 0 0.8099085837602615 2.459349066019058 1.674544528126717 0.2372440844774246 0.1849483922123909 0.07857438176870346 0 0 0 0 0.09933559596538544 138.3640801012516 14.99433322250843 0 0 0 9.386694729328156 1.626268640160561 2.033873721957207 4.722198233008385 8.551833555102348 11.42803882062435 3.388712733983994 1.509076967835426 0.3055838942527771 0.08898758143186569 0 0 0 0 0 0 238.7459922507405 57.88129782676697 56.6381034553051 168.6674668565392 6.00912531465292 126.0570996403694 39.08399386331439 412.3350776694715 3.325783148407936 2.800675101578236 6.664554536342621 79.84960911422968 0.527562215924263 38.54504565894604 6.538893572986126 118.3547935262322 4.352235645055771 0 4.26210543513298 12.48383753746748 1.543888106942177 697.9774576202035 431.375190846622
441.004638697952 753.1268867664039 235.4658387266099 358.1063920482993 451.2114327214658 97.07920889556408 1555.933702833951 422.6501084752381 512.1387307979167 4131.932015009224 1207.638627804816 1392.789378602058 3301.105068407953 4344.425317257643 125.1158421188593 241.3004812113941 15.20577975362539 2.335018381476402 1.021626867353916 1.417030550539494 0.7691753432154655 0 1.194067440927029 0.6703339591622353 1.576953381299973 0.5771550685167313 1.177243277430534 0.1777964532375336 0.1606254652142525 0.07642525434494019 158.473983719945 95.61376249417663 709.2445427104831 5.956258714199066 4.125107981264591 58.59907934069633 83.09929447993636 48.62599817663431 29.53808637335896 3.091957554221153 0.9414547756314278 0.9076618775725365 0.2950745522975922 57.63797497749329 1.310601577162743 26.8958664983511 213.5192180238664 4.776796255260706 6.7861043587327 0.6814758628606796 1.708738766610622 0.0998118594288826 1.296791255474091 0 1.100157402455807 1.3703368678689 40.63306714221835 114.580404728651 13.24137518554926 27.26919774338603 23.02699360996485 223.6873478852212 3.799990423023701 139.6656822972 2.812400810420513 1.203209832310677 0.8992702141404152 1.800168402493 9.072008140385151 5.383159376680851 362.7831065133214 16.53307089954615 0.1122918054461479 133.6665500700474 150.6804203949869 325.914735969156 253.3044396862388 201.3294249363244 38.68966553732753 667.1310851350427 25.04478188604116 116.0182478576899 2.623450558632612 0 3.173789959400892 2.365985725075006 2.462547142058611 0 0.5942397564649582 0 0.8945232927799225 0.3173229321837425 3.706408560276031 4.011015363037586 0.7938749976456165 683.640798330307 158.5877905264497 0 290.5869019031525 79.39632593095303 2.237106427550316 35.43134485185146 11.15743307769299 2.869481071829796 0.8070579469203949 25.07737808674574 7.655783653259277 39.35538000613451 138.4972524791956 109.6783695816994 55.43964259326458 108.1901995763183 278.2066691890359 37.7479877397418 138.7933024838567 2.209395326673985 0 0.3190854042768478 0.5735315829515457 0 0 0 0 0 0 0 0 3.158175967633724 0 0.2028637677431107 0 0.170231506228447 0 0 0.4529950022697449 1.21966578066349 0.1255003958940506 1.759699627757072 0.6360933184623718 44.32236466556787 17.98008993268013 78.66350390017033 13.20607776939869 13.50766462832689 0 0 0 0.8099117428064346 0.711772732436657 0.1416680663824081 0 0.309790164232254 5.477288208901882 0 0.2082315310835838 0 3.243948265910149 0 0.08562391251325607 0 0 1.147048473358154 4.376541167497635 0.09704408049583435 0 1.48214752972126 4.697719611227512 2.248076871037483 0 0 0 0 0 0 0.2638159915804863 0 106.2509512081742 6.791667349636555 0 0 0 8.962288171052933 1.463368430733681 4.059207305312157 4.148015648126602 7.378509514033794 11.38304643332958 3.857224836945534 1.458809219300747 0 0 0 0 0 0 0.0734739750623703 0 147.1868732273579 58.58039749413729 85.72296746075153 529.8799287900329 21.56423742324114 401.4785229042172 136.4794025458395 151.2820147611201 11.755740262568 3.544554367661476 27.63125544041395 75.76279993355274 1.567834742367268 43.53791073709726 7.988299153745174 91.79790183901787 5.739978283643723 0 2.96873378008604 38.83224365860224 1.862398788332939 243.4088281542063 174.3909778520465
398.2262154109776 1567.152080394328 2032.721036687493 56.61713864654303 832.0959237776697 8.82050359994173 2707.521865107119 2084.087062291801 1480.332453534007 360.3790362775326 3615.423550203443 131.5578294657171 4344.425317257643 1401.11191708222 80.00065782293677 137.5978017263114 7.76061862334609 0.5932269692420959 0.4214334860444069 0.3178238272666931 1.236178137362003 0 0.7763064205646515 0.3719230853021145 0.664863720536232 0.4602045789361 0.5309594497084618 0.2549965232610703 0.4865411072969437 0.07855314016342163 405.2116861864924 162.0389215238392 415.6339640803635 2.958845920860767 1.939846947789192 6.52144830673933 25.00667237862945 4.738225884735584 12.24435698613524 2.209373388439417 0.2017373815178871 0.5083603709936142 0.3037140965461731 35.9009035602212 0.804026622325182 14.90387299656868 142.7144096679986 5.269356869161129 3.695321906358004 0.3352495953440666 1.688782755285501 0.07986976951360703 1.159221485257149 0.06451383233070374 1.271579332649708 1.741934414952993 48.19211391732097 160.5278979279101 13.06307639926672 22.31415387988091 10.39058649539948 62.38396027684212 3.300668433308601 132.5969133265316 3.147046782076359 0.9839244186878204 0.7490472048521042 1.325191270560026 5.286314368247986 3.474802494049072 64.68754256516695 0.9227485284209251 0 128.0541758872569 152.4487237110734 261.3397293500602 186.7418760173023 128.7243184261024 70.58717124536633 713.6400148980319 9.944678261876106 135.1505902819335 2.723240867257118 0.06700035929679871 3.029814023524523 3.08501198142767 1.325197879225016 0 0.7145839035511017 0 0.4908187836408615 0.07058753073215485 2.046707987785339 2.185021240264177 1.246583480387926 45.25992754101753 35.94976599514484 0 56.6853125244379 45.33534191548824 0 7.914159879088402 1.570805862545967 0.3804624080657959 0 3.245342150330544 0 6.016361258924007 18.76842062920332 14.74470490217209 7.9594461992383 16.48949299752712 43.04310116916895 5.146354369819164 25.09922004491091 0.2414824888110161 0 0 0 0 0 0 0 0 0 0 0 0.8576504215598106 0 0 0 0 0 0.08959933370351791 0.1089397817850113 0.7918966710567474 0 0.3449211120605469 0.1282644420862198 7.171297788619995 5.271918132901192 12.48216745257378 1.807378843426704 2.345298454165459 0 0 0 0.2882617712020874 0.3221107721328735 0.1348493844270706 0 0 1.361210472881794 0 0 0 0.2761387154459953 0 0 0 0.1027648821473122 0.1183267161250114 0 0 0 0.5919260010123253 0 0.1638520509004593 0 0 0 0 0 0 0 0 17.62478557229042 0.8147324845194817 0 0 0.09137435257434845 1.574449740350246 0.2286044210195541 0.3571764528751373 0.6836134195327759 1.903021313250065 1.215914219617844 0.4804171174764633 0.4587958753108978 0 0 0 0 0 0 0.07307096570730209 0.2207734361290932 22.49198900908232 9.93344696611166 14.75390238314867 391.0615190714598 18.51148197054863 308.5709183625877 105.4151407591999 59.30590945854783 7.476977236568928 2.138875469565392 18.58366083353758 11.14868801087141 0.4508566111326218 6.193962909281254 1.693069443106651 11.03806870430708 0 0 1.031621433794498 24.82695885747671 1.913407884538174 26.57851136103272 18.90528911352158
0.171969898045063 6.277006700634956 0.5017024800181389 0.1303059458732605 6.094307199120522 0 12.84239654615521 0.8296424001455307 12.13272568210959 4.814744461327791 2.593384556472301 44.83256352320313 125.1158421188593 80.00065782293677 347.5364028811455 1801.766955073923 315.1561945006251 1.061826683580875 7.378947183489799 0.8921797573566437 0.5625937059521675 0.6967515349388123 7.907659433782101 2.477225609123707 14.80052899569273 2.082147836685181 14.75958702713251 0.4509021639823914 10.25154031813145 6.842042952775955 0.7372855320572853 2.387158632278442 60.89677527919412 7.494921080768108 12.66067431867123 12.47402399778366 27.3907688036561 5.534500107169151 93.87964510917664 18.16950795054436 0.935326486825943 0.9708695411682129 0.1384343355894089 340.5830630213022 3.876655139029026 29.41165781766176 285.5186352878809 1.332027949392796 28.65406224131584 0.8805086314678192 1.209536910057068 0.5162475109100342 11.00041544437408 1.358250319957733 0 0.112413264811039 2.62353228777647 0.9674919471144676 2.486329227685928 96.7065834030509 31.98218596726656 137.538719650358 2.74056763201952 10.1144495382905 0.1298052966594696 0 0.1019077897071838 1.419154211878777 12.83074083179235 6.360453903675079 50.49551624804735 6.500460535287857 0.1486169993877411 621.6098511368036 64.57084534317255 1241.103062808514 443.7637029401958 853.5052647963166 19.71314402669668 45.13625854998827 12.45987333357334 140.9272813089192 1.789347961544991 0 0.336030550301075 0.5344332680106163 0.4080288410186768 0 0.794739305973053 0.2777838706970215 2.297167241573334 0.7472938075661659 7.184179320931435 6.0326923802495 3.922143064439297 1.317527808248997 6.965683601796627 0 79.21329072117805 0.3667936027050018 0 1.991056144237518 0 0 0 0 0 0 0.6635081022977829 1.739031255245209 0.6467614769935608 0.1150665506720543 0.8801857233047485 0.2050850987434387 2.569494917988777 0 0 0 0 0 0 0 0 0.8491724729537964 0 0.1529364883899689 0.2368401437997818 3.367353446781635 0 1.235168591141701 0.5860589742660522 0.1171959713101387 0.7470792084932327 0.4056666344404221 0 0 0.156870037317276 1.533776476979256 2.522326201200485 0.5089160054922104 2.98486416041851 4.067991062998772 5.219481125473976 3.331039324402809 0 0 0 0 0 0 0 0 0.1688830107450485 0 0 0 3.656003557145596 0 0 0 0 0 0 0 0 1.643285542726517 0 0 0 0 0.1342278718948364 0.1463779509067535 0 0 0 0 1.047382153570652 5.264692276716232 0 0 0.1471328288316727 0.327730268239975 0 0 0 0 1.060098648071289 0.2867816090583801 0 0 0 0 0 0 0 0 0.1162211447954178 1.004048347473145 3.069449961185455 12.36609817296267 36.42836994677782 4.014839984476566 140.8359090313315 26.98927354812622 0.4676803350448608 0.1889412254095078 0.3190267086029053 0 8.21601565182209 0.2301715761423111 1.333137311041355 0.1415019035339355 5.824788480997086 0.2317257225513458 0 0.6966294050216675 1.09059739112854 0.338294118642807 2.890255369246006 0.9625173956155777
