465.9271390140057 2268.771147377789 444.0628238767385 1414.151250101626 142.7773789018393 180.0045923814178 1251.831617727876 10.69453108310699 14.65332627296448 1104.72871157527 34.65100409835577 27.54724533855915 121.8835072293878 27.61619544774294 1.246963374316692 2.270951204001904 0.376460462808609 0.1579706370830536 0 0 0 0 0 0.1007940769195557 0 0 0.08408743143081665 0 0.3202608525753021 0 440.2524607330561 16.66872624307871 7.666354984045029 0 0 0 1.141053214669228 0 0.08624128997325897 0.219485804438591 0 0 0 0.3018123283982277 0.1635039448738098 0.4166776835918427 22.585992179811 1.872625574469566 0.4011644124984741 0 0 0 0 0 27.25517830997705 27.49664409458637 157.1082297563553 667.5504608303308 38.85478948056698 33.24995750933886 0.6762289926409721 2.049485273659229 0.135855108499527 31.84157871454954 4.522032201290131 1.787551112473011 0.1995707601308823 0.4020086154341698 0.2916206791996956 0.212747760117054 9.249680645763874 0.6899459511041641 0.5180851817131042 177.6163974553347 19.00129955261946 25.40807938575745 11.43139762431383 3.050878331065178 0.2799175307154655 12.25252090394497 0.2407509014010429 1.640332356095314 21.96610839664936 0.1154500544071198 1.745117150247097 3.734599813818932 0.2989421561360359 0.2065887004137039 1.084104761481285 0 0 0.2536067068576813 0.4334985017776489 0 0 6.397248193621635 0.616274394094944 0 1.943709455430508 861.3884916380048 1.711972415447235 3.340747907757759 0.4323848485946655 0 4.479388721287251 0.6480379551649094 1.346315637230873 0 4.151259869337082 5.67036809027195 0.6429794430732727 7.813225507736206 15.95775809884071 6.179657369852066 9.258168362081051 0.2762833759188652 0 0 0.7158463001251221 0 0 0 0 0 0 0 0 0 0 0.1135308742523193 0 0 0 0 8.602037347853184 6.890903294086456 0 0 0 1.813923083245754 0.5775293409824371 3.537046521902084 1.313147962093353 0 0 0 0 0.6466919779777527 0 0.1123359203338623 0 0 0.2554719746112823 0 0 0 1.119414210319519 0 0 0 0 0.1340308338403702 0.4799073413014412 0.9925521910190582 0.3228303492069244 0 5.542732626199722 3.942328914999962 0 0 0 0 0 0 0 0 3.117026567459106 0 0 0 0 5.751958541572094 0 1.943618923425674 0.407568983733654 4.375647887587547 0.2234988585114479 0.7639999389648438 0.5626264810562134 0.2573365271091461 0 0 0 0 0 0 0 1.821270748972893 0.767833299934864 2.033377826213837 318.1786207333207 5.823143757879734 187.7965741381049 51.67873872071505 745.2977704331279 29.76243195682764 6.45079992711544 12.15109823644161 13.05945007503033 0.8371972441673279 1.377190604805946 0 23.14282603561878 0 2.642868474125862 0 1.438880503177643 0 240.2951557785273 9.731601513922215
2268.771147377789 1124.270431287587 1288.119376674294 224.1303294599056 913.0400620698929 51.19476926326752 1209.448341369629 460.0674471855164 680.3250938355923 394.3047742769122 1401.984150648117 23.71760284155607 320.3919050097466 525.8128224462271 3.044688709080219 4.3196856752038 0.4317181408405304 0.1563907116651535 0 0.07601964473724365 0.2501669898629189 0 0 0.2452300488948822 0.7084358930587769 0 0.5024945288896561 0.8644375801086426 0 0 1202.585479713976 15.88614074140787 63.98192782700062 0.2638387382030487 0.2259883657097816 1.151290811598301 4.482128530740738 0.6927397176623344 1.455699719488621 0.7266253158450127 0 0.1341768205165863 0.2461464628577232 0.8181644007563591 0.2296202257275581 0.6602926775813103 76.38470562547445 6.76875451952219 0.5989998877048492 0.7023672163486481 0.3300601318478584 0.116516225039959 0.1007873937487602 0.1256125569343567 59.89559350907803 69.9842092692852 118.7877321615815 876.2137618437409 82.73681040853262 81.99272169917822 0.8385875225067139 4.991477340459824 0.1936638578772545 74.54364342242479 14.17499940097332 4.362426869571209 0.686395175755024 0.5430341884493828 0.7656232565641403 0.5089118257164955 14.31510300934315 1.405037641525269 0 455.7680717110634 80.02853374183178 75.28566681593657 28.02524175494909 6.050878949463367 6.502067007124424 249.369110584259 1.497355625033379 34.16438999772072 57.6647355556488 0.8046858087182045 3.971156783401966 11.3419086933136 0.7068768367171288 0.5141207128763199 1.29270239174366 0.103482574224472 0.7949420511722565 0 1.048007614910603 0.1288805902004242 0.1222522333264351 4.412067733705044 2.775201685726643 0 2.516761153936386 876.0598479062319 0 2.939997732639313 0.456352710723877 0 2.344782516360283 0 0.3216488882899284 0.3427532613277435 0.995282769203186 1.413133770227432 0.6243372857570648 2.949893668293953 6.351518034934998 5.142563797533512 3.092717386782169 0.9080008044838905 0.2216691672801971 0 0.1081221550703049 0 0 0 0 0 0 0.1339402794837952 0 0 0 0 0 0.1101072579622269 0.1113031059503555 0 4.203024387359619 1.991762235760689 0.08952374756336212 0 0 1.894062213599682 0 2.8498659953475 0.5606615841388702 0.1323833018541336 0.1360984742641449 0 0 0 0 0 0 0 0.3979121074080467 0 0 0 0.9489739909768105 0 0 0 0 0 0.1820913478732109 0.2395399212837219 0 0.7047544866800308 7.274887196719646 4.414638064801693 0 0.08190339803695679 0 0 0 0 0.1261160969734192 0 1.953129947185516 0 0.1544577181339264 0 0.178512766957283 2.737037345767021 0 1.994744278490543 0.07817818969488144 0.3854828029870987 0.2176453173160553 0 0.3753943890333176 0 0 0 0 0 0.1760276108980179 0.2760445773601532 0 0.2126874774694443 1.619858913123608 2.472039863467216 367.2238335460424 12.62855003774166 450.5887525081635 90.75029623508453 309.0343781113625 60.56134122610092 11.36716563999653 19.20379368215799 4.869867667555809 0.5231555476784706 2.108981214463711 1.428977586328983 4.193154655396938 0 0.9358822926878929 0 5.399631947278976 0 236.3752252683043 3.638333976268768
444.0628238767385 1288.119376674294 500.5441187545657 3.875884957611561 1119.482068009675 2.465878449380398 209.6612182632089 4711.116226859391 950.1942506581545 14.4182708337903 3303.276076875627 5.586430259048939 283.3067341148853 1246.642626613379 6.799025923013687 9.501076139509678 0.1802575588226318 0 0 0.5679046958684921 3.5362478941679 0.3947819620370865 0.6790169328451157 0.1089704185724258 7.279928088188171 0.5263331606984138 1.074597343802452 0.6367629170417786 0.1346866488456726 0.1315146088600159 3622.049396686256 337.797243386507 258.0323778837919 1.970313012599945 4.728217788040638 9.526631087064743 14.78284883499146 9.698610305786133 6.39654541015625 5.813978247344494 1.53887864202261 0.9908410236239433 0.8649171441793442 4.133289106190205 0.1132904663681984 1.510126061737537 36.60177747160196 2.764456897974014 0.3175588026642799 1.874708421528339 2.565278269350529 3.413830675184727 1.290514275431633 2.472944609820843 21.15477291494608 19.10855523496866 42.47148426622152 496.7007812708616 26.39048240333796 36.28150874376297 3.166116654872894 27.59519828110933 3.167050562798977 171.3857184201479 4.825775757431984 3.430630050599575 1.127719283103943 4.064423963427544 4.882143020629883 4.086267232894897 33.29155553877354 6.859242886304855 0.1266195327043533 196.4063844010234 76.80064252018929 43.05403888970613 45.24546750634909 37.25594627857208 167.4666445329785 1483.133504807949 4.100216314196587 313.3393352553248 20.34267015010118 0.499331459403038 2.124043256044388 4.64012236148119 3.702535018324852 0.20181804895401 2.187306642532349 0.7765068411827087 3.482184253633022 0.6857356801629066 15.04415539652109 2.203665599226952 2.508743122220039 14.10518340021372 9.430294148623943 0.1269692480564117 6.886798985302448 404.3221105858684 1.68987137824297 0.09150102734565735 0 0 2.927715376019478 0.7377920150756836 0.4017044603824615 1.066830486059189 0.9205427616834641 2.007599987089634 1.80605486035347 5.495102740824223 6.068794228136539 6.777785390615463 5.033466704189777 0.7859775349497795 0.41879952698946 0.15008145570755 0.271999679505825 0 0 0 0 0.115614540874958 0 0.5090265572071075 0.2079871892929077 0 0 0.08940696716308594 0 0.5333305448293686 0 0.1021780669689178 9.151124343276024 3.491742581129074 0 0 0 6.426393069326878 0.1611863970756531 7.653926238417625 4.107979297637939 1.225370801985264 0 0 0 0 0 0 0.3317470550537109 0.09693575650453568 0.2863843739032745 0 0.1108733415603638 0 0.4364147782325745 0.1478369981050491 0 0.09744716435670853 0 0 0.35395248234272 0 0 2.292603462934494 7.504108101129532 2.792791463434696 0.284224271774292 0 0 0 0.4508988633751869 0.1569449603557587 0.1143783926963806 0 5.719203792512417 0.5512358471751213 0 0.2865962386131287 0.1040245965123177 6.170675434172153 0.2068611830472946 4.425512306392193 0.6009756326675415 1.988932512700558 1.05206111818552 0 0.2256799414753914 0 0 0 0 0 0.2659643739461899 0.3844150602817535 0 0.4615729376673698 4.185212031006813 8.061467982828617 122.0620818659663 6.227984204888344 151.1818244159222 41.73356369137764 42.62532417476177 17.27111065387726 3.649472057819366 6.356258675456047 3.411484472453594 0.8786401748657227 3.890623152256012 0.510011151432991 4.725364677608013 0.0933111160993576 0.5114529952406883 0 2.207301422953606 0 77.32841590046883 8.653266869485378
1414.151250101626 224.1303294599056 3.875884957611561 421.6317535489798 228.9735570549965 686.0035816133022 610.4261847734451 0.4708645343780518 2.752632983028889 1404.975052177906 5.110778018832207 68.95994877815247 67.27458533644676 2.38949529081583 0.1140028461813927 0.1070071831345558 0 0 0 0 0 0 0 0 0 0 0 0 0 0 59.80071286857128 2.868511021137238 0.4797672629356384 0 0 0 0.1009175404906273 0 0 0.1237897053360939 0 0 0 0 0 0 3.379006966948509 0 0 0 0 0 0 0 1.344830110669136 0.9978297278285027 14.50411062687635 42.7335953488946 1.672475002706051 2.924318514764309 0 0.8484618663787842 0 2.10649973154068 0.1938439607620239 0.1984136626124382 0 0.09782803058624268 0 0 1.809534065425396 0 0 11.57035341113806 1.639842584729195 2.104681216180325 0.6981123462319374 0.5971270650625229 0 0.8946207165718079 0 0 1.421468287706375 0 0.1016209498047829 0.3365407809615135 0.1230228692293167 0 0 0.2774361968040466 0 0 0 0 0 0.8316051140427589 0.443015068769455 0 0 477.0154685676098 0.1410193592309952 1.306287780404091 1.579173415899277 0 1.403634652495384 0 0.6075894832611084 1.552166551351547 0.16494320333004 3.037433564662933 0 1.102578595280647 1.567655138671398 0.7931551337242126 0.8822612464427948 0 0 0 0 0 0 0 0 0 0 0 0 0 0 0 0 0 0 0 0.3969472348690033 0.1305544376373291 0 0 0 0 0 0.6819742619991302 0.1478254646062851 0 0 0 0 0 0 0 0 0 0 0 0 0 0 0 0.1011030226945877 0 0 0 0 0 0 0 0 0.3180237114429474 0 0 0 0.08698402345180511 0 0 0 0 0.8208818733692169 0.6493999361991882 0 0 0 1.218173578381538 0 0.45494744181633 0 0.4621683061122894 0 0 0 0 0 0 0 0 0 0 0 0.1824653148651123 0.1527798622846603 0.5814588069915771 66.86322200298309 0.1564580351114273 26.47796294093132 5.01491454988718 294.6264897063375 4.614829316735268 0.587217204272747 1.481556355953217 3.312519989907742 0 0 0 9.382474601268768 0 0 0 0 0 75.71508364379406 0.5132663995027542
142.7773789018393 913.0400620698929 1119.482068009675 228.9735570549965 2601.667239159346 12.70697715133429 2350.468067266047 202.3859413042665 3370.816108129919 1104.133869923651 1710.950188189745 56.21220457553864 1860.195256769657 1492.253626994789 4.886204697191715 4.718477196991444 0 0 0.1039896979928017 0.1048141196370125 0 0.2932572662830353 0 0 0 0.1164314970374107 0 0 0.1172756925225258 0 176.2040888145566 12.34693286567926 38.29031047970057 0 0 0 3.104468695819378 0.0938582569360733 0.2143943384289742 0 0 0 0 1.093084365129471 0.09350217878818512 0.5565784722566605 43.14585503935814 3.462353616952896 0.4980699270963669 0.09332016855478287 0 0 0 0 18.01762674003839 17.65213935822248 15.03188242018223 76.10054928064346 17.81757164746523 26.40245336294174 0.2991195470094681 1.922826558351517 0.1281185746192932 39.87937970459461 2.929108761250973 1.545428819954395 0.08947307616472244 0.5214492380619049 0.09922581911087036 0 13.92211888730526 0.5748308449983597 0 92.99383600056171 25.45226393640041 35.89059532433748 21.13436141610146 8.337444677948952 1.817685268819332 18.78889380395412 0.2941338866949081 3.492275178432465 14.51241058111191 0 1.169782176613808 3.545427948236465 0.4946221336722374 0.1154713109135628 0.2812613770365715 0 0.3955568000674248 0.4619981721043587 0.1241742148995399 0.2104702740907669 0.1762136071920395 7.287185475230217 2.523972846567631 0 2.304819732904434 28.50636030733585 1.540306866168976 4.807063192129135 2.205608569085598 0 11.92905293405056 0.3580154478549957 1.955863617360592 1.173117436468601 4.215001747012138 6.052644595503807 2.882485680282116 13.00238338857889 21.01054005324841 13.16573824733496 8.691074222326279 0.5672467425465584 0.09592250734567642 0 0 0 0 0 0 0.11354960501194 0 0 0.5038391947746277 0 0 0 0 0 0 0 15.18748307228088 8.85908730328083 0 0 0 6.328675553202629 0.8992917686700821 5.667862303555012 1.489741988480091 0 0 0 0 0 0 0 0 0.1639773175120354 0.5478041023015976 0 0 0 0.9756769388914108 0 0 0 0 0.2800531312823296 0.8671913594007492 0.6714141666889191 0.1943727880716324 2.706577956676483 10.01243487000465 6.592565812170506 0 0 0 0 0 0 0 0 6.026287458837032 0.5550484955310822 0 0 0 12.82345970720053 1.438875496387482 4.891777142882347 0.2596946805715561 3.297444298863411 1.763726018369198 0.5845047533512115 0.2964035496115685 0 0 0 0 0 0 0 0 2.826777681708336 3.268059998750687 4.255224473774433 254.1054285764694 6.492404781281948 217.0036748945713 50.29408602416515 45.28167915344238 27.77209877967834 4.617842882871628 15.74200565367937 13.54950935393572 0.5193124413490295 1.638911865651608 0.3297261297702789 19.41795998811722 0.1506976038217545 0.1229097172617912 0 2.805156983435154 0 57.2953175753355 11.06840940564871
180.0045923814178 51.19476926326752 2.465878449380398 686.0035816133022 12.70697715133429 20.60114558041096 93.66013035178185 1.510064020752907 2.34370268881321 995.2212410345674 3.286657243967056 115.4665421545506 173.5237872824073 18.88709211349487 1.217571549117565 3.138528756797314 0.2380136251449585 0 0 0 0 5.041246637701988 0 0 0 0 0 0 0.3525874018669128 0 30.31445291638374 3.466385498642921 20.20591956377029 0 0 0.499990850687027 8.38481742143631 0.7526753395795822 3.120319925248623 0.2269771471619606 0 0 0 1.443821243941784 0 0 0.6916145980358124 0 0 0 0.3108118921518326 12.8518493399024 3.738873049616814 0.5944754034280777 0 1.218410737812519 116.1638457104564 17.37522342801094 0.4551580548286438 0.618078850209713 1.44993668794632 9.400435522198677 0.790968656539917 4.615561239421368 0.1374014616012573 0.6233464255928993 0.1114934012293816 0.2622910887002945 0.1204940676689148 0.1304492056369781 35.94640810787678 269.365821428597 33.15368046611547 3.179252333939075 0.6622136533260345 1.261406853795052 6.78949523717165 5.863451763987541 1.565507210791111 8.487492017447948 0.3030608743429184 7.840337164700031 0.4342686533927917 1.54740484058857 0 1.679024673998356 0 8.739750690758228 2.883405268192291 23.19695077836514 3.101469688117504 7.102859802544117 0 0 1.479408890008926 112.564317420125 381.8902072608471 52.12782965600491 11.28786209225655 259.252067618072 0 2.122727900743484 0.1981560736894608 0 2.422664165496826 0.1517405062913895 3.761037230491638 0.3387378752231598 1.544636964797974 2.405282199382782 0 4.403437122702599 7.174003943800926 2.892140164971352 1.166777417063713 0.1241678297519684 0 0 0.2680737525224686 0 0 0 0.9592059254646301 0 0 0.4146018028259277 0.4707452356815338 0 0.677972823381424 0 0.4977653622627258 0.4419506415724754 2.881965950131416 0.6712022423744202 2.085473120212555 0.5138091593980789 0 0 0.1124973595142365 1.516760900616646 0 0 0.9838861748576164 0.2187352329492569 0.1644427627325058 0 0 0 0 0.116863951086998 0 0 0.1122967898845673 0 0 0 2.049596689641476 0.209925651550293 0 0 0 0 0.4209411144256592 0 0 0.4007470607757568 0.2680803015828133 0.5439484119415283 0.2837741672992706 0 0 0.1680843085050583 0.1236698552966118 0 0 0 0.8115616142749786 7.874748826026917 0 0 0 0.7826081365346909 0 0 0.1895581558346748 0 0.1412702053785324 0 0 0 0 0 0 0.4342200309038162 0.2331427335739136 0 0 1.49481076002121 1.775460168719292 2.793761737644672 36.70717053115368 0 5.718264624476433 3.038598857820034 206.7221280187368 2.561225354671478 0 0.1215886846184731 7.963268756866455 0 0.7276719287037849 0.2038336396217346 28.25836654007435 0 0 0 0.2712039947509766 0 259.2704713195562 7.204618230462074
1251.831617727876 1209.448341369629 209.6612182632089 610.4261847734451 2350.468067266047 93.66013035178185 1200.623428113759 34.23073474317789 3186.579324737191 3657.468493998051 499.7130990326405 491.9459009319544 3802.811969354749 1984.206324443221 18.18903015553951 16.87083818018436 0.8550940603017807 0.1835141256451607 0 0.2973944544792175 0.3186487704515457 0 0 0 0 0.4599558860063553 0 0 0 0.1943020969629288 346.0327771827579 31.11143248528242 38.71568148583174 0.09345115721225739 0.1066754907369614 0.5716527253389359 9.826363667845726 0.9342633709311485 1.574329644441605 0.3440832495689392 0.2217282801866531 0.08635346591472626 0.1124370768666267 1.3252232670784 0 0.2912992015480995 104.2896493524313 4.511307835578918 0.8528394475579262 0.3338419944047928 0 0.09579551219940186 0.4288507178425789 0.08745114505290985 46.31941329687834 47.56812279671431 47.62370328605175 250.3930990621448 49.85970170795918 69.59215038269758 0.8735018447041512 5.985755011439323 0 90.74646974354982 11.66956359148026 3.805275343358517 0 0.5176156759262085 0.645505890250206 0.1620281636714935 42.79728964716196 2.71722998470068 0 262.0230122432113 61.09094998985529 98.0995926335454 73.60550305992365 20.58106684684753 6.623690240085125 14.99096087366343 0.9607091695070267 8.247575514018536 40.49051313102245 0.7772491052746773 5.298288531601429 9.565125279128551 1.144551113247871 0.2542601898312569 0.8400173410773277 0 0.4055570736527443 0.1017074882984161 0.3733996972441673 0.07701945304870605 0.6114337146282196 42.11241218447685 10.48217324912548 0 8.334824249148369 117.0295992270112 6.670508563518524 17.1991815418005 14.1857391372323 0.7842938750982285 58.03532553464174 23.09141294658184 14.46053870767355 8.78774032741785 30.52449464052916 43.85194298624992 9.607124619185925 76.14388293772936 101.1714937537909 83.37463984638453 42.85798090696335 3.887862764298916 1.825092300772667 0 0.2370854243636131 0 0 0 0 0 0 0.2238885909318924 0.1157056912779808 0.7368690371513367 0 0.5823924541473389 0 0.3567538633942604 0 0 81.12052743881941 36.29191975295544 0.3769750893115997 1.457418963313103 1.484771110117435 26.83526303619146 2.201334089040756 39.62568883597851 10.87514102458954 3.306293711066246 0.1102956682443619 0 0.1513651460409164 0.6273049041628838 0.1528284549713135 0.6870114803314209 0 1.225442431867123 2.49224317073822 0 0 0 5.094340838491917 1.058276295661926 0.4438707679510117 0.7857971638441086 0 1.881635159254074 4.20089864730835 2.082326583564281 0.9559865370392799 4.902752131223679 60.22865509986877 25.85611852258444 0.1971421986818314 0.08423128724098206 0 0 0 0 0.2533588111400604 0 30.47189527750015 0.2891787886619568 0 0 0.1223960295319557 41.87860585004091 4.486019752919674 21.88393490761518 3.805181570351124 17.32159550487995 6.307237289845943 2.088092155754566 2.626728773117065 0.248669721186161 0.1700275987386703 0 0 0.2172309532761574 0 0 0 14.1556583493948 11.98155359178782 22.77700089663267 750.0955591499805 19.37553454190493 574.4852530956268 137.183972209692 171.2736113965511 66.87843012064695 10.05289355665445 38.29874968528748 55.46635495871305 3.327794708311558 11.99052318930626 2.922799423336983 100.5247373357415 0.7618187889456749 1.262773118913174 1.285743989050388 13.40661609172821 0.1271984279155731 235.8233182653785 38.58114091306925
10.69453108310699 460.0674471855164 4711.116226859391 0.4708645343780518 202.3859413042665 1.510064020752907 34.23073474317789 1425.982777990401 125.3768482804298 3.216514065861702 2624.486421205103 4.995985195040703 192.4419495910406 1774.321635462344 39.18342035263777 57.40094425529242 1.376407198607922 0.9550247639417648 0.1344276815652847 6.543494425714016 22.78073707967997 1.433378264307976 5.407995909452438 1.535085693001747 16.14605110138655 1.264839008450508 3.344117745757103 1.407805822789669 1.401731960475445 0.3376890569925308 856.4426073282957 323.164869107306 323.6565338000655 17.35799290984869 25.01361569017172 26.19710616022348 13.60014379024506 15.90982819348574 8.850381180644035 10.3866533190012 2.965813674032688 3.290677517652512 5.543966509401798 13.40811167657375 1.954094983637333 18.50643667578697 110.620252572 8.0327517837286 1.953292146325111 8.840336531400681 7.197640180587769 6.231120392680168 0.9913785010576248 6.291266106069088 14.41226260364056 14.9584843069315 7.677182570099831 70.53595614433289 11.6657528206706 39.05487206578255 81.02913153171539 95.76748273521662 33.36902868747711 271.2670207843184 4.362073630094528 6.300499215722084 2.634326361119747 18.72894884645939 35.08573037385941 31.21875284612179 41.29783248901367 7.699633441865444 0.1349351108074188 73.22007638961077 41.94448927789927 103.1049267053604 121.3873337283731 101.2554367855191 688.1434303224087 2792.191040888429 83.31479988992214 1188.88011610508 16.51770505309105 0.3461532816290855 5.239869154989719 6.377172634005547 13.75031688064337 0.2354878410696983 6.817077241837978 0.9465789049863815 5.708919189870358 2.146819904446602 67.4333760663867 9.015035733580589 7.558578975498676 29.24867060780525 18.5797882527113 0 8.201641365885735 20.00923086702824 0.7331893444061279 2.318889260292053 0.2342280074954033 0 4.322243697941303 0 0.6449368000030518 0.5052871480584145 1.09816238284111 2.107995808124542 2.200156912207603 8.43867127597332 8.787760846316814 10.06983567029238 8.216785259544849 0.9599926918745041 0.8069037050008774 0 0.1382362395524979 0 0 0 0 0 0 0.1802634447813034 0 0.7215025424957275 0 0.1053116619586945 0 0.1068296134471893 0.113632045686245 0 12.03225179761648 4.317895732820034 0 0.4323737621307373 0 7.438772439956665 0.6393112689256668 7.63660915941 1.133617214858532 1.56529013812542 0.2761378586292267 0 0 0.261447936296463 0 0.6074203252792358 0 0.325640045106411 0.7608526572585106 0.1325988322496414 0 0.3526198267936707 0.09895069897174835 1.375593028962612 0.07931821793317795 0.08451730757951736 0.1647529155015945 0.1841793656349182 0.108361728489399 0 0.1293573677539825 1.194721639156342 15.2482228577137 6.577962055802345 0 0.1177473813295364 0.1211759150028229 0.4763278812170029 0.3278677836060524 0.6722808480262756 0.3473779633641243 0 7.799745157361031 4.020192325115204 0.236314132809639 0.3304489254951477 1.228568777441978 7.412530578672886 0 3.525558315217495 1.449626475572586 2.580602079629898 2.144949786365032 0.2858473137021065 1.499663688242435 0.68511863052845 0.1211403980851173 0 0 0.4501478970050812 0.5723851397633553 0.8509791418910027 0.1349331140518188 1.987002179026604 5.775901235640049 6.590848423540592 401.7618779838085 10.02880871295929 387.7627426832914 129.7965663745999 17.90197823941708 33.1646035015583 3.083607323467731 22.7450022995472 8.980204485356808 0.8257672339677811 3.707812964916229 0.7167780175805092 12.84992955625057 1.17382025718689 0.2209109738469124 0.3189681172370911 11.38714236021042 0.562436580657959 61.2930406704545 19.66442157328129
14.65332627296448 680.3250938355923 950.1942506581545 2.752632983028889 3370.816108129919 2.34370268881321 3186.579324737191 125.3768482804298 1080.868265241385 208.0062192305923 1010.735309906304 53.85300097614527 866.7322808280587 1449.39513233304 11.4982183650136 11.72330811619759 0.1037175357341766 0 0 0.1976130083203316 0 0 0 0 0 0.1041492968797684 0.1919660866260529 0 0 0 101.7000507041812 15.92967377603054 18.55736717581749 0.3840923458337784 0.08610420674085617 0 5.911840468645096 0.2136512473225594 0.6630411297082901 0.09455747902393341 0 0 0.203697457909584 1.474489077925682 0 0.1426635533571243 39.77183436602354 1.688716553151608 0.1006977409124374 0.1830330565571785 0 0.1455713212490082 0.3410554975271225 0.382935144007206 8.947065316140652 9.467531718313694 6.349322147667408 22.32718781381845 9.489501841366291 16.59547352790833 0.1089501678943634 3.241792917251587 0.3664977177977562 26.54200790077448 2.580831244587898 0.9046914875507355 0.09699051827192307 0.2770929932594299 0.2248177602887154 0 15.8364886790514 0.8883582428097725 0 45.04314957559109 19.75858963280916 43.04139488935471 31.78517988324165 14.18053001910448 3.983674414455891 18.56213323771954 0.3369139954447746 4.694647170603275 7.287448659539223 0.08491601794958115 1.093560971319675 2.411371923983097 0.2444234266877174 0.2410223260521889 0.1920218467712402 0 0.1065894514322281 0 0.08372354507446289 0 0.1258496344089508 12.55759607255459 4.867206640541553 0 2.862029053270817 7.35046923160553 3.669522769749165 7.759915977716446 0.7101936414837837 0 14.7524648681283 4.662092834711075 5.120685987174511 0.8890585526823997 5.940120339393616 10.25951011478901 2.754291109740734 21.52945829927921 32.70810259133577 20.59144780784845 17.94580624252558 0.9845386520028114 0 0 0.9089000374078751 0 0 0 0 0 0 0 0 0 0 0 0 0 0 0 22.88542143255472 11.24296564608812 0 0.3509984910488129 0.2560107111930847 8.633035272359848 0.7029179334640503 11.65623503923416 1.588141366839409 0.2190193608403206 0 0 0 0.4252232611179352 0 0 0 0.2587332203984261 0 0 0 0 0.5466223955154419 0 0 0.1705189645290375 0 0.5411048009991646 1.47018788009882 2.0018100887537 0 1.355151146650314 19.00501783192158 6.83356973528862 0.138477623462677 0 0 0.08293002098798752 0 0 0 0 9.879343584179878 0 0 0 0 13.9704076051712 2.974829971790314 5.3337027952075 2.121290519833565 7.67637961357832 3.559629745781422 0.2348325550556183 0.1380802094936371 0 0 0 0 0 0 0 0 4.34372103959322 6.184914574027061 6.613622285425663 262.7131300792098 7.172139920294285 180.0989034101367 49.2740275785327 21.3476814776659 22.61622458696365 2.15989626199007 9.621868595480919 19.79537282139063 0.1074355393648148 3.478217177093029 0.2729276865720749 20.12870448827744 0.4460616409778595 0.3693006485700607 0 6.512237727642059 0 41.65492791682482 14.9189690425992
1104.72871157527 394.3047742769122 14.4182708337903 1404.975052177906 1104.133869923651 995.2212410345674 3657.468493998051 3.216514065861702 208.0062192305923 2853.894323043525 34.24354082345963 1752.530900239944 5085.45201022923 888.0663102567196 2.584943726658821 3.592097193002701 0.1162149906158447 0 0 0 0 0.195107638835907 0 0 0 0 0 0 0 0.09629375487565994 62.49186754226685 4.914096340537071 186.891598276794 0 0 0 72.41591330245137 0 0.7522041723132133 0 0 0 0 0.7139091938734055 0 0 9.368100889027119 1.472463853657246 0 0.1235027387738228 0 0.1286005526781082 0 0 3.996166825294495 5.294294215738773 35.28811915963888 50.32955583930016 6.888634048402309 5.352100640535355 0 0.925366073846817 0 9.670618936419487 0.5861813649535179 0.223825566470623 0 0 0 0 27.8309323489666 12.72368144243956 0.5183169543743134 26.08676271885633 3.758135870099068 6.633519381284714 7.931978844106197 3.216906629502773 0.5354486554861069 0.4640837833285332 0.4022729098796844 1.013071171939373 4.164147131145 0.1540068387985229 0.1876607611775398 1.052747093141079 0 0.3989820629358292 0.2234509810805321 0.4266978204250336 0.1531188488006592 0.1290634572505951 0.96160988509655 0 0.1382376849651337 158.3144608959556 16.74235327541828 0.3231867849826813 3.048299573361874 527.3721070811152 14.37689288705587 80.2888562604785 41.8863802999258 6.095468625426292 75.28096587210894 40.78090436756611 75.735769957304 15.9850602671504 92.61526401340961 119.2377043962479 8.894608452916145 122.1395318135619 217.2127025052905 124.838039830327 37.9936118721962 1.030290991067886 0.426925040781498 0 0.2243347018957138 0 0 0 0.1274041831493378 0 0 0.151233896613121 0 0 0 0 0 0.1364953368902206 0 0 69.52774522453547 27.79530274868011 0 0 0 13.71095756441355 1.169521406292915 14.26000855863094 5.421201772987843 0.5000109672546387 0 0 0 0 0 0 0.9782386422157288 0.8419305458664894 0.4799382016062737 0 0 0 2.456774353981018 0 0.1116344854235649 1.061910629272461 0 1.486443802714348 5.349874787032604 5.012917950749397 0.5629417896270752 0.5999242067337036 38.55534148961306 19.87102407217026 0.1871715411543846 0.1871793419122696 0 0 0 0 0 0.1255394220352173 38.57062598317862 0.8323444277048111 0.2802343964576721 0 0 34.53165940195322 0.853584960103035 13.77792413532734 3.826783392578363 14.21239174902439 2.659465000033379 0.875035896897316 1.245086416602135 0 0 0 0 0.1024044379591942 0 0 0 31.51136682927608 5.538716427981853 9.174514561891556 433.5895383879542 1.267440557479858 58.64860991388559 16.55797685682774 625.8438558280468 7.774954535067081 0.9456419348716736 4.100066795945168 151.868330091238 0.3852055817842484 7.981719188392162 1.024842068552971 337.2568649724126 0.1125611960887909 0.1438664346933365 0.50863366574049 1.590220913290977 0 786.9414853602648 77.4422465711832
34.65100409835577 1401.984150648117 3303.276076875627 5.110778018832207 1710.950188189745 3.286657243967056 499.7130990326405 2624.486421205103 1010.735309906304 34.24354082345963 2060.622527092695 16.52207940816879 474.8102217838168 3460.189800910652 11.45692928135395 17.42993936687708 0.6463703066110611 0 0 0.3600769564509392 1.576997809112072 2.184739753603935 0.7858419045805931 0.4230901598930359 9.01404219865799 0.9756472781300545 1.307934641838074 1.44658238440752 0.7325348854064941 0.1151897981762886 219.7712918072939 51.05348309874535 249.7297327071428 0.4554092362523079 1.603178255259991 14.58012340217829 30.85688126087189 15.16236224025488 13.09922529757023 9.253548346459866 2.342723399400711 0.7116613835096359 0.6802680939435959 4.226383365690708 0.09818562865257263 0.5819774568080902 21.4750522300601 0.6884160041809082 0 1.535264074802399 1.133471466600895 6.025602467358112 1.817753873765469 7.169012375175953 5.348148882389069 7.043844394385815 6.913759343326092 36.40433806180954 5.890594206750393 11.61130687594414 1.569805324077606 21.19733136892319 1.321151435375214 39.75304060429335 1.339378453791142 0.7432781904935837 0.6178944632411003 1.247321516275406 4.099291801452637 2.663435839116573 63.71592146158218 4.654617823660374 0.2391078472137451 30.57491814345121 14.96223516017199 28.67670568078756 39.63083167374134 25.02854508161545 23.99110870063305 1062.576900012791 7.875827312469482 92.13492202758789 5.812812760472298 0 0.794711098074913 2.43127915263176 1.158913590013981 0.2057967036962509 1.274538062512875 0.9258576557040215 2.349983073771 1.859513401985168 8.753768555819988 1.172035351395607 0.4415990263223648 93.55392540246248 7.889159247279167 0.1900148838758469 4.960293456912041 27.03315491974354 2.893938586115837 3.644066616892815 1.386418662965298 0 11.98694425076246 1.596310161054134 2.230625376105309 1.393633738160133 8.378324992954731 11.71352377533913 3.215258501470089 26.9695728495717 31.54324412345886 26.82202634215355 17.90412831306458 1.164639808237553 0.8067417815327644 0 0.1019610464572906 0 0 0 0 0 0 0.294828474521637 0.139664351940155 0.1104395240545273 0 0 0.14213727414608 0.1134528443217278 0.3761018514633179 0.3755574151873589 28.82523845136166 13.25520562380552 0 1.133860789239407 0.1428869515657425 14.32204159349203 0.9726372361183167 12.35316501557827 3.206673808395863 0.4747763574123383 0 0 0 0 0.2368023544549942 0 0 0.570840060710907 0.7151232585310936 0 0.1403478682041168 0 1.350741632282734 0.5290014743804932 0 0.3689525797963142 0 0.5188612043857574 1.231434307992458 0 0.1540716290473938 1.080890536308289 28.98456761240959 11.00037687271833 0.1310285478830338 0.0916309729218483 0 0 0 0 0 0 20.71079634875059 1.182448625564575 0.1526844650506973 0.2567452490329742 0.1392796635627747 14.31479025632143 0.5697258338332176 8.638984777033329 1.403711058199406 6.233974903821945 1.879871249198914 0.4908103197813034 1.387716956436634 0.1084801331162453 0.07641077041625977 0 0 0 0.3835789412260056 0.2907135784626007 0 5.538228817284107 6.296267487108707 11.82613813132048 164.132556207478 2.324152499437332 85.84286614507437 35.45952398329973 12.83427818119526 11.57044766843319 2.250113800168037 8.608990862965584 14.37688916921616 1.071494705975056 3.462929114699364 0.3993356302380562 25.0397078320384 0.2354022264480591 2.467108011245728 0.1618183851242065 2.346151188015938 0.3505426198244095 89.05508176237345 42.37678133696318
27.54724533855915 23.71760284155607 5.586430259048939 68.95994877815247 56.21220457553864 115.4665421545506 491.9459009319544 4.995985195040703 53.85300097614527 1752.530900239944 16.52207940816879 58.06234236061573 2146.095664620399 542.8240520507097 4.230349004268646 9.04921505600214 0.2582700401544571 0 0 0 0 1.091832458972931 0 0 2.528260216116905 0.4091241508722305 0 0.6182286590337753 0.172646164894104 0.1109560504555702 11.19479542225599 5.61180504411459 91.40249660611153 0.4959356188774109 0.1369190365076065 4.648926369845867 177.5914362519979 9.200194083154202 18.08332742750645 7.08467148989439 0 0 0 2.030978366732597 0.1011405885219574 0.3376692682504654 3.673022754490376 0.131584644317627 0.1178971827030182 0.226097546517849 0.2470714151859283 3.838191747665405 5.71356588602066 3.650389939546585 0.8621116206049919 0.5890934988856316 1.767818704247475 4.446213930845261 0.2953515350818634 1.480032831430435 0.4990206360816956 8.337347716093063 0.1615659296512604 8.861202463507652 0 0.228099949657917 0.3841742128133774 0.2639955878257751 0.5661270394921303 0 157.9037787392735 20.03568106889725 0.5727056562900543 2.997392892837524 1.309339784085751 4.262212298810482 13.37197487801313 9.107376791536808 1.557381026446819 78.93077985942364 0.3455069810152054 20.81954455375671 0.7818520590662956 0 0.183277815580368 0.1688744872808456 0.4125573635101318 0 0.8260725289583206 2.012169495224953 0.6521013081073761 1.203728839755058 1.489528074860573 0 0.8988008797168732 748.6244970560074 78.34829399734735 1.93669505417347 18.47386260330677 27.85570888221264 5.100544095039368 19.84680962562561 11.1825138553977 2.373540595173836 30.50697457790375 14.32251945883036 12.3201063349843 8.070005439221859 29.61007200181484 45.18873546272516 9.923180736601353 93.98230228573084 127.0411348342896 156.7694891095161 30.22760256379843 1.543712250888348 0.9847431927919388 0.1050456389784813 0.1531350165605545 0 0 0 0 0 0 0 0.1279409229755402 0.801679827272892 1.448521882295609 0.8493079021573067 0 1.316925413906574 1.154671303927898 0 38.13350813090801 18.12909852713346 0 0.2496112138032913 0.1076336577534676 27.73663599789143 1.194481715559959 17.46486350148916 5.991633050143719 1.11028565466404 0 0 0 0.3773132339119911 0.2319577410817146 0.1079875603318214 0 0.6555386930704117 0.8154271617531776 0 0 0 1.099986933171749 0.3332915902137756 0.161903589963913 0.3515647202730179 0 1.600969791412354 2.560105681419373 2.074443951249123 0 1.975986890494823 40.64878613501787 13.45001391321421 0.260327011346817 0.09152030199766159 0 0 0 0 0.145361140370369 0 36.61591657996178 2.952263712882996 0 0 0.2516423016786575 28.46408143639565 1.48829997330904 11.3666904270649 2.49737574160099 7.097245536744595 4.601671397686005 1.544663161039352 1.272546388208866 0 0.2252391874790192 0 0 0.127660945057869 0.3138040602207184 0 0.0972517654299736 19.92025726288557 13.06732331216335 16.17230137437582 63.9735369682312 1.054886057972908 13.08355055749416 6.488978087902069 91.21505817770958 1.961486265063286 0 1.065791770815849 38.191351801157 0.3361995369195938 4.805042035877705 1.021720908582211 62.7577308267355 0.8593583106994629 0 0.3195823431015015 1.351765751838684 0.4013670384883881 449.1492634564638 102.9565450698137
121.8835072293878 320.3919050097466 283.3067341148853 67.27458533644676 1860.195256769657 173.5237872824073 3802.811969354749 192.4419495910406 866.7322808280587 5085.45201022923 474.8102217838168 2146.095664620399 4008.160660080612 3866.756917655468 42.04638419300318 70.19652693718672 0.3753680139780045 0.5028211250901222 0.1344916224479675 1.250695794820786 1.042959652841091 4.403213188052177 0.1089493408799171 0.1052572280168533 8.242231875658035 0.6293054893612862 1.097324706614017 1.700638704001904 1.6481057330966 0 114.4305114075541 45.53563202172518 956.1100751236081 1.155366189777851 2.8737857863307 11.58254294842482 765.3270862400532 49.40906750410795 40.59421718120575 23.56399293243885 1.100639894604683 0.5546661466360092 0 19.51250270754099 0.08389544486999512 1.094431176781654 56.43719065189362 1.733473874628544 0.1964616402983665 0.894757904112339 1.455000162124634 6.634585596621037 28.21505161374807 6.402233049273491 8.264451034367085 9.693670593202114 13.26902952045202 40.50556586682796 9.416966527700424 21.06005704402924 2.604759693145752 26.27998929470778 2.08304738253355 78.5748502612114 3.082737371325493 1.620813839137554 0.4249448403716087 3.053923472762108 3.433722570538521 2.670334562659264 242.5247933715582 25.23438344150782 0.320984736084938 53.53541753441095 27.7934318035841 93.21834543347359 126.2849463447928 83.05987063795328 19.84493079781532 101.5454974025488 5.590433850884438 38.46318184584379 8.559852994978428 0.2717234268784523 1.50479780882597 3.591853864490986 2.877005241811275 0.7947555333375931 2.197759419679642 2.194401971995831 1.660516113042831 0.8871473073959351 6.543870337307453 0.5754129588603973 2.450310029089451 1467.662629440427 69.50831523537636 1.785936400294304 30.54038096219301 46.55011539906263 24.55049037188292 71.46451406925917 20.34421371668577 2.839026585221291 144.2932680696249 38.91188413649797 55.6936811581254 18.48058773577213 84.77890856564045 114.4602600038052 29.31945061683655 231.9267286360264 373.0130130499601 270.7611837610602 144.8362457081676 7.381896540522575 2.710131786763668 0.08928995579481125 0.8780162110924721 0 0.09969616681337357 0.1053534671664238 0 0 0.2554298415780067 0.6342110335826874 0.2641284167766571 0.5459594801068306 0 4.179499037563801 0.2559812963008881 1.690561138093472 2.296345412731171 1.172147408127785 183.8443789184093 83.6996898278594 0.3281113356351852 0.7978008091449738 0.2118307203054428 73.10144418478012 6.643786072731018 70.57936564832926 17.00362499058247 6.017283700406551 0.1733629703521729 0.3790931403636932 0.3622704073786736 0.4864183068275452 0.3784116730093956 1.333082564175129 0 3.666708089411259 3.207126520574093 0 0.1413221061229706 0.2028917223215103 9.380352064967155 0.1449123919010162 0.9618640542030334 1.147896349430084 0 3.241326719522476 10.01087721437216 5.914204843342304 0.3730061501264572 8.78019292652607 141.0372158139944 53.44280099123716 0.6885754242539406 0.1888101920485497 0 0.07676337659358978 0 0.1649567633867264 0.1199681460857391 0.2057906463742256 126.6574498564005 4.708368308842182 0.6236803457140923 0.1620321124792099 0.2370923906564713 115.1319320201874 7.160886339843273 47.35090592503548 11.40641353279352 34.78907586634159 16.43958724290133 5.383696839213371 5.934378981590271 0.09161128848791122 0 0.3659044504165649 0 0.124114602804184 0.8533602878451347 0.25884860008955 0.1212107166647911 72.64288165420294 33.20006533712149 51.92660144716501 570.6727054566145 13.92116116732359 248.7337379381061 109.667543053627 205.8750709667802 33.66211467981339 3.808690123260021 24.96010582894087 136.8352927491069 1.459836341440678 20.43618288636208 2.883708775043488 237.4802411049604 1.857160061597824 0.706550769507885 1.13677479326725 9.391607627272606 0.9347677826881409 969.6472429633141 276.2918310016394
