424.3848302140832 4834.705288305879 222.0004540607333 1451.603684775531 340.8164605423808 181.1899999380112 1425.985802210867 31.63554096966982 247.3197516053915 1645.176260873675 183.8573854714632 198.9648297429085 389.9558687657118 601.6135042011738 0.6169432923197746 0.1729935482144356 0 0 0 0.1068661287426949 0 0 0 0 0 0 0 0 0 0 781.5158065110445 3.647203668951988 30.87295632809401 0 0.0850302055478096 0.1053553447127342 1.207567855715752 0 0.6361167281866074 0.8087615668773651 0.09690435975790024 0 0.09883895516395569 0.08762501180171967 0 0.09123262017965317 24.20309442281723 3.179611958563328 0 0.2038775607943535 0.9042149633169174 0 0 0 9.593719027936459 14.75508339703083 787.6460650637746 1381.203934900463 76.15280400216579 11.37516084313393 0.1710159629583359 0.8243889063596725 0 29.2621244341135 9.468764342367649 7.330717660486698 3.603183999657631 2.573191322386265 0.1321421414613724 0.08571840077638626 3.717562563717365 0 0 434.6612183526158 106.1610234230757 49.2724367082119 2.587842665612698 0.2659791558980942 0.1378235965967178 70.13568723201752 0 3.811006620526314 9.549772076308727 0.3946395218372345 6.477411814033985 4.778998672962189 1.11488238722086 0.3136322945356369 1.531112372875214 0.1478933990001678 0.7179088145494461 0 0.1260019838809967 0.265761062502861 0.1213008165359497 9.21140368282795 8.893656313419342 0 0.1510318070650101 646.4999456554651 0 0 0 0.4696438014507294 0 1.064662009477615 0.2399120777845383 0.3660497069358826 1.838413052260876 1.054080486297607 0 2.294673636555672 3.017293766140938 0.8375488668680191 0 0.1498794406652451 0 0 0 0 0 0 0 0 0 0 0 0 0 0 0 0 0 0 1.238585114479065 0 0 0 0 0.1921932697296143 0 0 0 0 0 0 0 0 0 0 0 0 0.1956902891397476 0 0 0 0 0 0 0 0 0 0 0 0 0 0 0 0 0 0 0 0 0 0 0 0 0 0 0 0 0 0 0 0 0 0 0.2753117084503174 0 0 0 0 0 0.3190508112311363 0 0 0 2.073668874800205 1.359929352998734 1.442762494087219 138.1384551376104 7.954367108643055 258.8771745935082 58.35766211152077 351.3891372680664 17.05508115142584 1.781465157866478 8.067548960447311 1.462522029876709 0 1.075796961784363 0.3385288938879967 6.940668821334839 0 0.3096678256988525 0 3.879319623112679 0 104.7285712584853 3.65635883808136
4834.705288305879 3675.822816051543 938.4354333952069 1206.186516143382 2109.948310606182 91.89592405408621 3182.539321094751 88.90483107417822 2821.096440091729 235.3895114958286 777.1405689269304 25.51354395598173 659.5713013410568 1465.260566972196 5.736131392419338 2.136730819940567 0.1733132749795914 0.1973174512386322 0 0.09882576018571854 0 0 0 0 0.1001866310834885 0 0 0 0 0 1093.246586188674 30.31436230242252 44.20947659760714 0 0.1061925068497658 0.1072858944535255 3.72388730943203 0.1437579244375229 1.109033674001694 0.3624494001269341 0 0.08115547895431519 0 0.8716276213526726 0.104094423353672 0.4497935399413109 52.08803757280111 4.492000840604305 0.2113302499055862 0 0.7153159752488136 0 0 0 6.580439813435078 8.106746226549149 242.0499083325267 416.0326502099633 20.23270233720541 28.52612088620663 0.1807635650038719 1.856606744229794 0.2115018218755722 104.538180872798 7.388290502130985 6.701152108609676 2.862280987203121 1.610658206045628 0.7622962221503258 0.08466894924640656 12.63156422972679 3.189547479152679 0 331.26896379143 132.9344137459993 99.15616436302662 22.23181391134858 6.747775107622147 0.8921027854084969 99.19403306394815 0.2917969599366188 4.338763721287251 8.629502907395363 0.4589280411601067 4.370921239256859 6.192472815513611 0.7424213588237762 0 1.530671484768391 0 1.196399353444576 0.2342335879802704 0.0854857861995697 0.3046228662133217 0 6.007688879966736 0.2105671763420105 0 0.6091528832912445 197.2292659208179 0.1063301265239716 4.044833049178123 0.2027212083339691 1.9710553586483 0.2238621711730957 10.01290647685528 3.098797306418419 11.45571010559797 25.26654164493084 10.39469434320927 1.117264427244663 16.81913454085588 34.3806479871273 20.47418636083603 1.448554500937462 0 0.7575531303882599 0 0 0 0 0 0 0 0 0 0 0 0 0 0 0 0 0 0.4741315543651581 0.4311723113059998 0 0 0 6.004156850278378 0 2.12545870244503 1.703899301588535 0.666083499789238 0 0 0 0 0 0.1271746158599854 0 0 3.314404740929604 0 0 0 0.8220894187688828 0 0 0.2590358853340149 0 0 0 0 0 0 0 0.5062354207038879 0 0 0 0 0 0 0 0 12.20794099569321 1.008001357316971 0 0 0 0 0 0 0.4949587732553482 0.839440643787384 1.607612080872059 0 0.7556365132331848 0 0 0 0 0 0 0 0 9.460122786462307 10.72953610867262 9.639181084930897 218.7164653614163 12.66982316225767 282.7282346338034 56.63263748586178 149.2872997522354 20.18793354183435 2.193697370588779 9.981980793178082 27.6411494165659 0.2900448068976402 6.657069340348244 1.658980809152126 8.705086305737495 1.820983082056046 1.29658979922533 1.951934158802032 6.207045368850231 0 49.38072848320007 12.30405396223068
222.0004540607333 938.4354333952069 2004.002826653421 4.948474951088428 805.7340209707618 7.107667244970798 154.5878415480256 2258.90211956948 1280.174050271511 6.276755593717098 2765.232151776552 5.589749321341515 203.8511515557766 1692.702802665532 3.604706577956676 5.957426019012928 0.3007695153355598 0.3803147003054619 0.585610143840313 1.238650195300579 0.6753527745604515 0 2.491305731236935 0.2194972634315491 2.676987655460835 0.2946167662739754 0.8501358479261398 0.09265676140785217 0 0 5013.84438714385 838.4410370141268 224.4784914180636 4.882473446428776 6.143488466739655 1.866142816841602 8.333400674164295 4.651056088507175 2.551320023834705 1.755007088184357 2.029419519007206 1.50612410902977 1.09059265255928 3.986177384853363 2.028879970312119 9.623441532254219 13.72678034752607 1.264165721833706 0.1006485149264336 2.106877975165844 0.3580704480409622 0 0.1237685903906822 0.2661005258560181 1.581684224307537 2.540649674832821 189.5560817644 415.1827963143587 15.94687732309103 6.451095648109913 15.72200369089842 69.02473717927933 7.069053113460541 71.54160556197166 2.536671124398708 1.356806956231594 0.2762360125780106 1.365994744002819 8.984871201217175 6.439326032996178 10.40352352708578 0.8631903082132339 0 119.2310729846358 49.77797821909189 28.85977173596621 9.522851146757603 15.02188951522112 92.78434134274721 2236.423487886786 13.86862555891275 389.4366701468825 1.711801663041115 0 1.805694572627544 1.555683270096779 0.5520781055092812 0 0.5933981537818909 0 0.1494379639625549 0.1863464564085007 9.697144575417042 0.3931312561035156 0.2482408881187439 1.14327172935009 0.8384256288409233 0 2.79205697029829 61.73391000181437 0 0.6084489524364471 0 0 0 0.282331645488739 0 0.468057706952095 0.1220651492476463 0 0 0.3801074475049973 1.109144195914268 0.1274528652429581 0 0 0 0 0 0 0 0 0 0 0 0 0 0 0 0 0 0 0 0 0.2191118150949478 0 0 0 0 0.2227679491043091 0 0.32416932284832 0.09299717098474503 0.102732315659523 0 0.0838652178645134 0 0 0 0 0 0.3928804099559784 0 0 0 0 0.09356153011322021 0 0 0 0 0 0 0 0 0 0 0 0 0 0 0 0 0 0 0.096131831407547 0.4991683810949326 0 0 0 0 0 0 0 0 0 0 0 0.1279555559158325 0 0 0 0 0 0 0 0 0.2335356920957565 0.3856125622987747 1.066362887620926 40.82954405248165 2.965756624937057 63.42026609182358 13.13499841839075 28.25462874770164 5.072939500212669 0 2.437191657721996 0.2746387869119644 0 0.5391890630125999 0 0 0 0 0.1831682920455933 1.481126710772514 0 4.95076322555542 0.6359343975782394
1451.603684775531 1206.186516143382 4.948474951088428 753.0447113662958 64.17562162131071 345.7402417957783 2131.525484219193 0.3919416815042496 18.34703508019447 2955.346164822578 2.180252060294151 857.4676023572683 1135.169416710734 32.55564457923174 0.1909965872764587 0.1011714488267899 0 0 0 0.1074592396616936 0 0 0 0 0 0 0 0 0 0 25.26483099907637 1.420912370085716 1.35579489916563 0.09083788841962814 0 0 0 0 0 0.4730083346366882 0 0 0 0 0 0 6.705156214535236 1.009761050343513 0 0 0 0 0 0 0.9461796283721924 3.392768085002899 32.60398159921169 38.22948653250933 3.16419829428196 2.359852254390717 0.1047296300530434 0.07631637156009674 0 12.04290308058262 2.097458519041538 0.7792118713259697 0.6938845440745354 0.08424854278564453 0 0 0.8169173896312714 0 0 52.41774673759937 17.89793460816145 10.38509227335453 2.276639617979527 0.1179251074790955 0 0.9912916496396065 0 0 1.05998282879591 0 1.123336285352707 0.7575079798698425 0 0 0 0 0.08490617573261261 0 0 0 0.1035244390368462 4.421814799308777 19.64097589254379 0 0 42.4874792098999 0 0 0 0 0 0 0.3120017647743225 0.634737491607666 13.6504792124033 0.8364661335945129 0 1.631776034832001 1.354622453451157 1.917705655097961 0 0 0 0 0 0 0 0 0 0 0 0 0 0 0 0 0 0 0 0 0 0.1316360384225845 0 0 0 0 0 0 0 0 0 0 0 0 0 0 0 0 0 0 0 0 0 0 0 0 0 0 0 0 0 0 0 0 0 0 0 0 0 0 0 0 0.1296099573373795 0 0 0 0 0 0 0 0 0 0 0 0 0 0 0 0 0 0 0 0 1.514147877693176 0.4047182202339172 0.4076058268547058 19.93676473945379 0.7372391447424889 50.7512704282999 5.607466906309128 206.126129463315 2.621762923896313 0 1.06439496576786 1.753506571054459 0 1.75690108537674 0.2051663547754288 0 0 1.7099848985672 0 0 0 22.7318222746253 0.8479186594486237
340.8164605423808 2109.948310606182 805.7340209707618 64.17562162131071 1227.845330499113 3.013463690876961 1186.383820466697 112.2903644219041 4378.458164013922 79.27670992910862 771.0246647521853 26.50554618239403 316.8332228288054 509.5412458851933 8.10564786195755 3.289292953908443 0.08266109973192215 0 0 0 0 0 0.09055646508932114 0 0.09582572430372238 0 0 0 0.2913980484008789 0 127.0849044173956 20.16179649531841 2.695337325334549 0.0880456417798996 0 0 2.361036352813244 0.1511868089437485 0.239380270242691 0.3539432734251022 0 0 0.2193214073777199 0.6614113673567772 0 0 36.28205405175686 1.055462710559368 0 0.1493201777338982 0.1931915357708931 0 0 0 1.679567880928516 2.948759831488132 30.94054978340864 60.78774405270815 3.897731609642506 14.24329873919487 0.08301897346973419 0.4516574740409851 0.09263845533132553 46.2747675254941 2.018750585615635 1.770984709262848 1.080600790679455 0.4824808612465858 0.1508987322449684 0 11.56746380776167 2.220274612307549 0 80.25628169625998 47.457992836833 50.55567444860935 20.44204384088516 6.13871968537569 0.3272136077284813 4.749509990215302 0.459898017346859 2.740460231900215 1.88885460793972 0 1.066189765930176 1.770027406513691 0.212423674762249 0 0.3539997488260269 0 0.1984831392765045 0 0.1491395309567451 0.086469367146492 0 9.382724761962891 2.007887959480286 0 1.954887196421623 21.92766930907965 0.6871855854988098 3.175550311803818 0.3393340259790421 0.9335910230875015 0.2433702945709229 7.121313355863094 4.254117578268051 7.266327992081642 23.38353756070137 6.884744897484779 0.106737807393074 14.70434970408678 42.19026078283787 15.9831448495388 1.820865534245968 1.479582913219929 0.3729881793260574 0 0 0 0 0 0 0 0 0 0 0 0 0 0 0 0 0 0.9161581695079803 0.4768914133310318 0 0 0 6.476216927170753 0 4.495061293244362 1.583677530288696 0.4172471761703491 0 0 0 0.2745029330253601 0 0 0 0 0.3995776176452637 0 0 0 0 0 0 0 0 0 0 0.4080260694026947 0 0 0 0 0 0 0 0 0 0 0 0 12.21640041470528 0.1659254133701324 0 0 0 0.8237957358360291 0 0 0.9611420333385468 1.257115989923477 1.61854600161314 0.7281405925750732 0.1509018391370773 0 0 0 0 0 0 0 0 12.82229889184237 7.061606682837009 13.73682055622339 128.337608024478 6.781957872211933 113.8371680304408 26.47127264738083 36.36784964054823 10.66151482611895 0.610665038228035 7.453519098460674 16.04699069261551 0.1031772941350937 5.531608074903488 1.748554036021233 6.138964965939522 0.6898862719535828 0 0 3.142986424267292 0.3549039214849472 29.67633181810379 13.70972488075495
181.1899999380112 91.89592405408621 7.107667244970798 345.7402417957783 3.013463690876961 8.245025992393494 138.0880095586181 0 1.26546236872673 753.1950417757034 2.042916730046272 98.85005688667297 101.7662547230721 10.14833252876997 0 0.1292481124401093 0 0 0 0 0 1.21638585627079 0 0 0 0 0 0 0 0 18.99807614833117 0.1419403702020645 2.371972069144249 0 0 0 2.180107653141022 0 0.8859771937131882 0 0 0 0 0 0 0 2.080207794904709 0 0 0.1312841325998306 0.3008797913789749 32.83800630271435 0.470048263669014 0 0 0.4257544130086899 188.7442672923207 29.89336320757866 3.590788811445236 0.1732899397611618 0 0.8607784062623978 0 0.9651511907577515 0.6259340941905975 0 0.353887714445591 0 0.135186031460762 0 45.2622387111187 157.0134558230639 11.24114546924829 15.45123506337404 6.321333460509777 1.165342852473259 0 0.1892618536949158 0 2.193419128656387 0 0.2156707048416138 0 2.929863899946213 0.2878356575965881 2.005936302244663 0 8.957690857350826 5.840657003223896 11.01531086117029 2.806856423616409 2.849123030900955 0 0 0 191.2291827350855 171.7662408649921 16.17320413887501 6.297024875879288 375.719235047698 0 6.615777522325516 3.767592877149582 2.270492643117905 0 10.86013506352901 49.30571605265141 7.352902799844742 34.64194138348103 19.43578139692545 1.094707623124123 19.94354353100061 51.09241314977407 11.92776235193014 0.5522371232509613 0.5336991548538208 0 0 0 0 0 0 0 0 0 0 0 0 0 0.3125865161418915 0 0 0 0 0 0 0 0 0 0.4790905565023422 0 0 0.2323460578918457 0 0 0 0 0 0 0.67631596326828 0 0 0.1312837153673172 0 0.5051005482673645 0 0.3140560388565063 0.1167983412742615 0 0 0.4756255149841309 0 0 1.158177331089973 0 0 0 0 0 0 0 0 0 0 0 0 4.049849212169647 0.5694512128829956 0 0 0 0 0 0 0.145067572593689 0 0.1338169425725937 0 0 0 0 0.1304822415113449 0 0.1283662021160126 0 0 0 22.85820384323597 0.977817103266716 0.150385320186615 25.1008218228817 2.287999153137207 14.36311253160238 2.604629307985306 231.0939235836267 3.895325571298599 8.064305603504181 0.1319680213928223 12.56786554306746 0 2.114835008978844 1.604957401752472 42.44038806855679 0 6.115770012140274 0 0 0 98.18701745569706 64.08917917311192
1425.985802210867 3182.539321094751 154.5878415480256 2131.525484219193 1186.383820466697 138.0880095586181 819.5353167802095 25.69163835048676 1676.122955605388 1914.614020384848 216.8276746198535 426.7755019068718 4060.052695907652 1456.191807068884 23.57722320407629 14.7060120627284 0.3287178799510002 0.1888876035809517 0.2004283592104912 0.1184250190854073 0 0 0 0.2574032545089722 0.08282478153705597 0 0.08881363272666931 0.1069757044315338 0 0 296.6072805821896 45.50163732469082 14.49615380913019 0 0 0 9.979684330523014 0.3185900449752808 0.8966374099254608 0 0 0.392842210829258 0.3535178378224373 4.009492479264736 0.2235581874847412 0.4385002106428146 109.0019902810454 4.109491281211376 0.6967098638415337 0.4358138665556908 0.2545273527503014 0 0 0 7.785007275640965 11.65135431289673 159.5968614518642 223.2246495485306 15.09305965900421 47.78338176012039 0.4407346993684769 2.611931666731834 0 145.3329882398248 9.073717802762985 8.141003482043743 3.159218035638332 1.875370904803276 0.4180141389369965 0.4828459322452545 47.42967324703932 11.86878696829081 0 330.7898462936282 165.4858342632651 172.8257763460279 65.5408828407526 20.96919890493155 1.857674792408943 14.0508618876338 1.025678046047688 3.123074918985367 8.46120373159647 0.2075309604406357 6.28261574357748 6.661622568964958 1.70943608880043 0 0.3502453491091728 0 0.988580197095871 0.456181101500988 0.5215738862752914 0.07332310080528259 0.280134528875351 52.6582136079669 16.56577879190445 0.2161329984664917 3.662290208041668 81.38498169183731 1.363385111093521 12.40258303284645 4.857922300696373 11.29196405410767 1.442286171019077 50.83701324462891 37.46731881797314 42.14576054364443 141.1902197450399 60.4236968755722 6.367392972111702 92.99131390452385 225.7307227998972 106.3212012127042 11.23191567510366 2.27132374048233 1.899072378873825 0 0.3923657089471817 0 0 0 0 0 0 0 0 0 0 0 0 0 0 0 2.712525919079781 2.533737316727638 0 0 0 24.45873212814331 0 11.39585787057877 3.725693091750145 3.177575752139091 0.1130283698439598 0 0 0.2780854552984238 1.428545072674751 0.4825978875160217 0 1.264694727957249 5.260337524116039 0 0 0 0.08627306669950485 0 0 0 0 0.7820549234747887 3.307103648781776 2.095797911286354 0.5671424865722656 0.5626971125602722 0.5757059454917908 2.004074111580849 0 0 0 0 0 0 0.1125604808330536 0 65.29149001836777 2.30050154030323 0 0 0 1.26511786878109 0.3198871910572052 0.2813332378864288 5.040764898061752 4.091570988297462 4.96608143299818 0.5797169208526611 1.09904608130455 0 0 0 0 0 0 0 0 79.68535203486681 49.3042598515749 44.51915070414543 477.3391293957829 25.81111254543066 426.5427797660232 92.39359563589096 240.8997863903642 38.32994493842125 8.222168736159801 18.71954962611198 84.00551583617926 1.436775170266628 35.53544779866934 9.828130193054676 51.51515138149261 4.55542203783989 4.462778881192207 8.256857737898827 14.80262935906649 2.218619644641876 182.1573276072741 87.01057361066341
31.63554096966982 88.90483107417822 2258.90211956948 0.3919416815042496 112.2903644219041 0 25.69163835048676 1557.970124691725 845.1744390949607 2.033761888742447 2734.336806386709 1.123838074505329 73.28481993079185 1065.399895705283 5.130177803337574 8.832230634987354 1.593302845954895 2.090431056916714 2.633676595985889 4.082181170582771 2.259733885526657 0 2.739577151834965 0.7918032854795456 2.966740161180496 0 3.206232868134975 0.2304115816950798 0 0 475.6094285622239 1218.577508270741 71.07370483130217 8.316525273025036 11.52176425606012 2.22815153002739 21.25827811658382 9.459356419742107 5.934391923248768 2.198537431657314 2.994763791561127 3.802026681602001 6.920225024223328 15.8999115973711 2.142754286527634 28.20409144461155 21.69200965762138 1.426464825868607 0.9187899827957153 10.05959125608206 0.28315519541502 0.296876072883606 0 0.2105751484632492 1.092386618256569 2.340830236673355 46.39997027814388 103.2003854885697 4.101777113974094 9.672335639595985 104.4745925441384 72.37976694852114 8.478179812431335 94.46942824870348 1.412292487919331 1.359525263309479 0.5779258012771606 2.605997495353222 18.95762783288956 17.37096068263054 19.93004408478737 0.4508404135704041 0 65.42463097721338 41.82474098354578 35.3801716864109 52.81662180274725 435.9548383280635 1004.195518478751 2289.492584489286 236.6350667625666 909.4610384851694 1.735802695155144 0 1.151536159217358 1.203099124133587 2.917523249983788 0 0.3185635656118393 0 0.4275347515940666 0.1867947578430176 16.72152492403984 0.9606665447354317 2.159627161920071 2.498272180557251 0.2861797660589218 0 3.668988533318043 12.70929289609194 0 0 0 0 0.6126131415367126 0 0 0 0 0 0.4009847939014435 0.8053486198186874 1.324811190366745 0.3851089179515839 0 0.1109171658754349 0 0 0 0 0 0 0 0 0 0.1353729218244553 0 0 0 0 0 0 0 0 0.1258337497711182 0 0 0 0 0 0 0.2317899465560913 0.4883836805820465 0 0 0.1078790202736855 0 0 0 0 0 0 0 0 0 0 0.1038573011755943 0 0 0 0 0 0 0 0 0.8190917074680328 0 0 0 0 0 0 0 0 0 0 1.136411890387535 0.576754704117775 0 0 0 0 0.2544862031936646 0 0 0 0.1154886484146118 0 0.2222429364919662 0 0 0 0 0 0 0 0 0.3352719470858574 0.93645029515028 2.291917338967323 59.49282565712929 4.562100321054459 63.48607505857944 15.78758940845728 10.14175265282393 4.447709791362286 0 2.199605010449886 2.963465817272663 0.5616884529590607 0.0976436510682106 0 0.7824586033821106 0 0.3706685677170753 0 3.640649028122425 0.6029946208000183 3.9378602206707 1.972083911299706
247.3197516053915 2821.096440091729 1280.174050271511 18.34703508019447 4378.458164013922 1.26546236872673 1676.122955605388 845.1744390949607 540.9007825702429 36.78510839492083 1392.786841675639 15.32432320713997 311.7113577947021 781.1725050806999 8.154358193278313 5.466912016272545 0.2155172750353813 0.08201610296964645 0.1598758846521378 0 0.1051008179783821 0 0 0 0 0 0 0 0 0 112.120565995574 18.86021138727665 5.230586282908916 0 0.195377953350544 0 2.285843163728714 0 0.1955858618021011 0.3883144855499268 0 0.1985267177224159 0 0.554232656955719 0.1944651752710342 0.3085796386003494 23.46074466407299 0.8981578946113586 0.1120950803160667 0 0.2520913779735565 0 0 0 1.275754041969776 1.421220757067204 26.42813386023045 50.41896809637547 3.82913788408041 14.22833759337664 0.09251964837312698 0.1592288315296173 0 31.744464404881 2.363470494747162 1.195018626749516 0.6619634702801704 0.5026034265756607 0.1331606805324554 0.06954935193061829 6.220832787454128 0.6904784142971039 0 62.96842066198587 35.58299735188484 48.2268723025918 21.41276687383652 7.486166827380657 0.4018153473734856 9.932672526687384 1.094516336917877 2.376640558242798 1.605966031551361 0.09843434393405914 1.115401893854141 0.9937349706888199 0.3668266087770462 0.07864157855510712 0.2802828624844551 0 0.1767517775297165 0 0.07931284606456757 0 0 4.200422428548336 0.9977424964308739 0 0.7328181490302086 17.53081672638655 0 1.760295152664185 0.8756069242954254 2.042434394359589 0.1337306052446365 7.183922968804836 6.138061605393887 4.719217672944069 14.17446654289961 5.641695752739906 0.499708965420723 6.299875140190125 26.35349912941456 9.424593076109886 1.937788166105747 0.4281919300556183 0.8381228595972061 0 0 0 0 0 0 0 0 0 0 1.025162577629089 0 0 0 0 0 0 0.4747814685106277 0.4876081570982933 0 0 0 3.245636343955994 0 1.191590040922165 0.8294412046670914 0.2896425873041153 0 0 0 0 0.1263323128223419 0.2542401850223541 0 0.2635329365730286 0.7611043229699135 0 0 0 0.1602334976196289 0 0 0 0 0 0.5098034143447876 0.9550623297691345 0 0 0 0.3066360354423523 0 0 0 0 0 0 0 0 7.029565341770649 0 0 0 0 0.1174990460276604 0 0 0.1166178658604622 0.2470689415931702 0.140004426240921 0.4837993383407593 0 0 0 0 0 0 0 0 0 9.068744719028473 5.925198212265968 4.26316837221384 105.1590568497777 8.474134773015976 83.75970480591059 24.4907068759203 23.3006374463439 6.771915592253208 0.162151500582695 3.844847641885281 5.325512774288654 0 3.299168080091476 2.64220854640007 6.544931173324585 0.5621340274810791 0 1.24119907617569 4.61535931378603 0.6481131017208099 14.33320598304272 5.336888000369072
1645.176260873675 235.3895114958286 6.276755593717098 2955.346164822578 79.27670992910862 753.1950417757034 1914.614020384848 2.033761888742447 36.78510839492083 3283.997498899698 4.65288121253252 3319.629995375872 4899.954826839268 310.1073710024357 1.217515602707863 0.9544199779629707 0 0 0 0 0 0 0 0 0 0 0 0 0 0 37.03667493164539 2.967179961502552 14.19860552996397 0 0 0.1612215936183929 8.104070924222469 0 2.089841991662979 0.1252271980047226 0 0 0.1962585002183914 0.2121021673083305 0.08997447788715363 0.1286555975675583 19.68934909254313 0.8334255144000053 0 0 0.0911906510591507 0.5703750252723694 0 0 1.619199149310589 5.348099902272224 42.091423869133 55.79665006697178 5.172672912478447 5.584897875785828 0.1563132107257843 1.640002928674221 0 25.72863961756229 3.440709002315998 2.014516294002533 1.029418058693409 0.2166705280542374 0 0.08729031682014465 97.62919087707996 11.22817477583885 0 93.1382412314415 41.48383029550314 25.45863465219736 7.280443727970123 1.615984924137592 0.2527081966400146 1.547184631228447 0.2245871424674988 0.2702797800302505 2.251966565847397 0.1845081746578217 1.680485472083092 1.080379962921143 0.3102735057473183 0.134018748998642 0.2241356670856476 1.207484364509583 0.7961887046694756 0.5099685490131378 0.08497520536184311 0.09690657258033752 0 302.6886925771832 118.0151273161173 0 2.90299279987812 63.4973106533289 0 12.54864145070314 3.321737200021744 13.1633900180459 0 37.452691860497 66.74708563834429 23.67210836708546 133.212124414742 126.6167774647474 1.182239696383476 67.2284424751997 156.6358652114868 63.25776064395905 5.287971615791321 1.988630443811417 0.178117424249649 0 0 0 0 0 0 0 0 0 0 0.5209949016571045 0 0 0 0 0 0 1.055224880576134 0.4157371446490288 0 0 0 6.830877304077148 0 4.912948295474052 2.08172208070755 1.033967778086662 0 0 0 0 2.413926750421524 0 0 0.2740124762058258 2.104996837675571 0 0 0 0 0 0.3485359251499176 0 0 0.3917334377765656 0 1.676352187991142 0 0.8844534158706665 0 0.3250730037689209 0 0 0 0 0 0 0 0 21.79407381266356 2.048127472400665 0 0 0 0 0.5864992737770081 0 2.304307393729687 0.9925171732902527 1.455527894198895 0 0 0 0 0 0 0.1745649874210358 0 0 0 70.93782765418291 8.950571469962597 24.05250225961208 144.1771592125297 2.820350490510464 107.5056769326329 21.3331802636385 692.9306977912784 6.893782116472721 11.58659026026726 2.132166124880314 76.70274268835783 0.7092253565788269 16.89801228046417 2.437679328024387 43.14247373491526 8.865937262773514 9.463438004255295 0.9391684830188751 2.114631235599518 0.5105306506156921 769.0703608989716 112.033057115972
183.8573854714632 777.1405689269304 2765.232151776552 2.180252060294151 771.0246647521853 2.042916730046272 216.8276746198535 2734.336806386709 1392.786841675639 4.65288121253252 926.8990437313914 9.414214238524437 617.642574056983 3141.061069857329 22.45696450769901 25.071812517941 0.5701539441943169 0.3794703111052513 0.450454518198967 0 0 0 0.7390452697873116 0 1.383882842957973 0 0.1943604201078415 0.3064755201339722 0.1321561336517334 0 358.2234976142645 92.08789616078138 111.3365125507116 1.082208730280399 2.185706816613674 0.6685999557375908 40.07359846681356 9.918067678809166 8.430725008249283 0.7821501940488815 0.586669385433197 0.4673050120472908 0.1096928343176842 6.617607727646828 0.09194096922874451 2.044398583471775 57.48633189499378 1.010093294084072 0 0.348802462220192 0 0.2179011851549149 0 0 0.9506573379039764 2.081402540206909 40.34845630824566 68.60352000594139 2.953842274844646 20.80009442567825 0.6021744683384895 58.79095933586359 1.810679964721203 71.28308513760567 1.217771008610725 1.295957453548908 0.5554007813334465 0.1888173967599869 1.076877623796463 0.8907063081860542 37.42648700624704 2.383175402879715 0 70.20995444059372 49.39308001101017 91.61973927915096 57.21389885246754 32.54637078940868 5.430494911968708 608.6084917858243 2.06880297511816 101.3408715724945 1.261720590293407 0.2130659595131874 1.218713819980621 1.039636738598347 0.1781840994954109 0 0.1699339225888252 0 0.09120118618011475 0 3.402344137430191 0.4602284356951714 0 6.583161264657974 1.139732152223587 0 5.963152177631855 28.68816965818405 0 1.00152575969696 0 0 0.154379740357399 1.141063578426838 0.6453416049480438 1.08754076808691 5.592073850333691 3.25935822725296 0.4606165289878845 2.335414670407772 8.414893321692944 5.733275137841702 1.335488304495811 0.3438009098172188 0.2609463334083557 0 0 0 0 0 0 0 0 0 0 0 0 0 0 0 0 0 0 0.3005349040031433 0 0.5032340884208679 0 0.6269549429416656 0 0.1782276332378387 0.3892957046627998 0.1570660322904587 0 0 0 0 0 0.159083753824234 0 0.1258466690778732 0.3091637790203094 0 0 0 0 0 0 0 0 0 0 0 0 0.2376563400030136 0 0 0 0 0 0 0 0 0 0 3.499728739261627 0.2577604055404663 0 0 0 0.1797279417514801 0 0 0.2908554971218109 0 0 0 0.1069700047373772 0 0 0 0 0 0 0 0 3.439679130911827 3.365406543016434 3.647728748619556 175.7600303441286 13.83138133585453 128.5157487243414 39.46434934437275 35.21736618876457 14.68378375470638 0.4197170734405518 10.40382605046034 5.338521003723145 0.1191121190786362 2.082978866994381 0.3101606667041779 0.2891434729099274 0.1033762767910957 0 0.1454591006040573 8.64976666867733 0.5323548913002014 6.783628940582275 4.011386886239052
198.9648297429085 25.51354395598173 5.589749321341515 857.4676023572683 26.50554618239403 98.85005688667297 426.7755019068718 1.123838074505329 15.32432320713997 3319.629995375872 9.414214238524437 231.8162225037813 1374.266439065337 110.1933789551258 13.17049648612738 20.77581366151571 0.4450444877147675 0.09824275225400925 0.07997069507837296 0 0 0.1192584708333015 0.1562917232513428 0 0 0 0 0 0 0 6.103030368685722 1.875557258725166 48.58675597608089 0 0 0.1181556060910225 65.67658300697803 4.209205903112888 3.875608280301094 0.1078241765499115 0 0 0 5.680461063981056 0.1088021323084831 0.2959074452519417 29.43617156147957 0.5833812803030014 0 0.3889770433306694 0.1274325102567673 0 0.1951138526201248 0 0.3822985291481018 0.6355215683579445 7.898105181753635 7.334716849029064 1.718937635421753 5.282744973897934 0.106395997107029 2.416653364896774 0.1155730709433556 13.4111864939332 0.707355760037899 0.5132844746112823 0 0.3410267606377602 0 0.1620522662997246 320.4202804267406 3.731647804379463 0 19.04788979142904 13.41017434000969 27.40942439436913 20.53042577952147 18.41228813678026 0.2107624933123589 32.78289432823658 1.295792564749718 1.182894971221685 0.5196943730115891 0 0.6519699245691299 0.209260918200016 0.3001507818698883 0 0.2213276326656342 0 0.3000767379999161 0.09441190958023071 0.2887785583734512 0.1327646672725677 0.08113366365432739 887.8389511182904 21.14905621856451 0 10.17715510725975 18.72356603294611 1.513103693723679 16.14502839744091 4.512261711061001 8.081647962331772 0.3264413326978683 61.07969909161329 76.73484323918819 42.75127919018269 142.496446788311 73.5901560485363 5.979081839323044 92.14705397188663 272.0781163573265 107.0982153564692 11.60449680685997 1.762290492653847 2.409999862313271 0 0 0 0 0 0 0 0 0 0 0 0 0 0 0 0 0 1.638748049736023 0.5103485137224197 0 0.4354197978973389 0 14.38130060583353 0 6.806052811443806 4.711829006671906 1.009617894887924 0 0.4645215272903442 0 0 0.7484350949525833 0 0 1.426303312182426 2.00142365694046 0 0 0 0.180332139134407 0 0 0 0.5032734274864197 0 3.13017500936985 2.489315569400787 0 0 0 0.2738893032073975 0.511763721704483 0 0 0 0 0 0 0 53.11524292081594 3.427110850811005 0 0 0 2.180980779230595 0 0.2299002259969711 4.742870286107063 1.667946234345436 4.72322665899992 0.1653106361627579 1.302689455449581 0 0 0 0 0 0 0 0 138.6346204131842 31.3863008916378 18.49127645045519 169.0876424461603 6.39602117985487 66.83874059468508 30.59982192516327 145.4447879344225 8.623478978872299 6.056071311235428 7.743137717247009 67.60383138805628 1.885349005460739 19.64129678159952 9.946047112345695 48.23611316084862 3.453980088233948 8.676485888659954 4.522394217550755 5.960134625434875 2.521873995661736 852.5288268253207 218.5013288557529
389.9558687657118 659.5713013410568 203.8511515557766 1135.169416710734 316.8332228288054 101.7662547230721 4060.052695907652 73.28481993079185 311.7113577947021 4899.954826839268 617.642574056983 1374.266439065337 5257.878959979862 4041.790008433163 81.51707036793232 102.2782997339964 2.527632758021355 0.3506344333291054 0.6529906615614891 0.1205869689583778 0 0 0.5386229753494263 0 0.8876208513975143 0 0.4104067161679268 0 0.549190416932106 0 119.1247851252556 35.91079700738192 781.7713252268732 0.3049331977963448 1.151785738766193 0.8329213485121727 563.7153530493379 36.81314540654421 47.76800392568111 1.564878590404987 0.3757453039288521 0.9388437792658806 0.2583626434206963 26.74938949942589 0.6336611360311508 3.425358146429062 185.6176648288965 2.239293605089188 0.4170758947730064 0.8028528764843941 1.090402282774448 0.1665169447660446 0 0.4194920808076859 2.737885192036629 5.24403828009963 55.64780695736408 75.29938115924597 6.433671973645687 57.9498527944088 2.655453607439995 53.67605107277632 0.9882993623614311 105.6979260221124 4.117115542292595 4.202372208237648 2.135633431375027 0.8484331071376801 0.8083553984761238 1.86305920779705 718.2299712896347 20.85698250681162 0 154.6600150875747 99.01252805441618 225.5131033286452 150.2165061831474 102.0838326737285 3.31546613574028 318.1427964009345 5.489529766142368 16.48687630519271 5.483183771371841 0.4807960540056229 3.034973837435246 4.427606903016567 1.71463692933321 0 0.4787667542695999 0 1.128215849399567 0.7199154123663902 2.114540249109268 1.188825108110905 0.4264841601252556 960.1609712094069 29.23441542685032 0 28.94917190819979 50.47838314622641 1.232186660170555 31.75966963917017 11.17369961738586 22.5074221342802 2.40437313914299 137.8596835508943 125.3455009758472 105.6860504373908 352.3027350232005 134.5760876461864 15.53370845317841 200.9169198796153 663.8015082404017 263.3784398138523 20.56916353851557 4.606925845146179 4.931914001703262 0 0 0 0 0 0 0 0 0 0 0.1104597300291061 0 0 0 0 0 0 7.068266004323959 4.910878464579582 0 1.04655459523201 0 41.75500693917274 0 12.90766655653715 8.853694476187229 5.433554008603096 0 0.5816008746623993 0 0.4085381105542183 1.370672225952148 1.429438956081867 0 0.4957821518182755 9.619672805070877 0.671776294708252 0 0.09019862115383148 1.282258167862892 0 0 0 0 2.272708334028721 3.716816887259483 2.623128972947598 1.020573116838932 2.095266580581665 1.538285218179226 2.014377549290657 0.7425113916397095 0 0.1350915133953094 0 0 0 0 0.4943653047084808 137.0120354518294 5.175692453980446 0.3839921280741692 0 0 1.993930481374264 0.1074584573507309 0.4504757598042488 7.548475675284863 12.12760058045387 9.462509356439114 0.7792449444532394 2.884877659380436 0 0.3405748009681702 0.1121655851602554 0 0.7189029306173325 0.2070158421993256 0 0 274.9654619321227 101.9748321697116 72.46518590301275 744.3677443638444 39.40520136058331 399.0633272901177 140.4844161495566 242.8031941503286 43.72002405673265 10.68194301426411 31.28993859887123 159.5460452884436 3.587305016815662 67.83442847430706 17.36871878802776 96.12017276883125 17.60988717526197 16.51557901501656 12.95258907973766 33.00595707446337 5.430042311549187 909.9354061335325 367.7786131203175
601.6135042011738 1465.260566972196 1692.702802665532 32.55564457923174 509.5412458851933 10.14833252876997 1456.191807068884 1065.399895705283 781.1725050806999 310.1073710024357 3141.061069857329 110.1933789551258 4041.790008433163 2115.087284311652 73.62793253362179 95.6597700715065 1.33475910872221 0.2567566782236099 0.3574515804648399 0.1095551028847694 0.1095845177769661 0 0.7688876837491989 0 1.399100594222546 0 0.4342880174517632 0 0.1106590032577515 0 391.8231509849429 69.90706907957792 903.5761904045939 0.5027354210615158 2.44059594720602 0.9702915847301483 260.9360256120563 43.83795116096735 26.09970369189978 1.424528151750565 0.7994502335786819 0.7452648654580116 0.3761264383792877 26.2311327829957 0.6237479448318481 2.372363716363907 151.3843245357275 2.345362529158592 0.3506285548210144 0.9031037017703056 0.6586214527487755 0 0.1144243627786636 0.5705080628395081 1.571565017104149 4.403347663581371 67.4342020265758 112.4182972870767 9.014037974178791 49.62905465811491 1.806608848273754 95.97913710400462 0.6447343528270721 114.2126507908106 4.773008845746517 5.243700109422207 1.265375897288322 1.955734170973301 2.240333408117294 1.863213963806629 271.6230984553695 7.392131082713604 0.1141390949487686 149.2565713226795 92.27893827110529 215.8962483257055 144.2884221151471 99.29811239242554 3.657310701906681 1160.859765063971 5.191984914243221 38.91954623535275 3.20728699862957 0.1780301705002785 2.661464132368565 2.232850335538387 0.8431066423654556 0 0.8853330537676811 0.1036616712808609 1.268954992294312 0.1882851496338844 4.465609721839428 0.4985197335481644 0.6132702976465225 167.263052508235 7.102470234036446 0 24.21545286476612 52.1777558401227 0.09934383630752563 11.45428588241339 3.406042441725731 6.102787591516972 0.2743339985609055 28.89676210284233 21.09058070927858 29.41873989254236 88.97219551354647 29.54320865869522 4.201893918216228 48.96307168155909 175.8987228944898 69.03204793483019 9.274466492235661 1.361618138849735 0.7143958136439323 0.1324768960475922 0.2140867114067078 0 0 0 0 0 0 0 0 0 0 0 0 0 0 0 1.740822479128838 0.8256627321243286 0 0 0 11.85491529852152 0 4.987175278365612 2.159044899046421 2.468413531780243 0 0.228351041674614 0 0.2207542359828949 1.204594820737839 0.4769402742385864 0 0.6896608471870422 2.258837051689625 0 0.2155861556529999 0 0.193347841501236 0 0 0 0 0 0.5257544964551926 1.57283915579319 0.7522156238555908 0 1.007403373718262 1.324136778712273 0 0 0 0 0 0 0 0 49.58588210493326 2.227975219488144 0 0 0.4763980507850647 0.5412413328886032 0 0.330983966588974 1.607912845909595 4.138156488537788 1.445179879665375 1.837325006723404 0.8360224589705467 0.2005202174186707 0 0 0 0 0 0 0 65.15385475754738 33.77235402166843 28.66655535250902 505.373460136354 33.88716267049313 329.5765483528376 111.8021258637309 114.9615757092834 37.03333162516356 2.449892312288284 28.62481004744768 35.78779229521751 0.268932119011879 16.41326099634171 5.852386012673378 18.49095665663481 2.968103855848312 1.160723723471165 2.775855384767056 23.84670954942703 2.686615198850632 153.4055120125413 91.58891838043928
0.6169432923197746 5.736131392419338 3.604706577956676 0.1909965872764587 8.10564786195755 0 23.57722320407629 5.130177803337574 8.154358193278313 1.217515602707863 22.45696450769901 13.17049648612738 81.51707036793232 73.62793253362179 738.101027816534 1228.659848831594 835.8371831327677 8.582314364612103 115.14282656461 2.18893613666296 0.3472761213779449 0.08437491208314896 4.464649140834808 1.152213610708714 5.328345499932766 0.4878829419612885 4.965476609766483 0 6.126899726688862 3.916075557470322 1.326140560209751 1.503915853798389 74.23195971548557 6.997609458863735 4.997955106198788 6.518520101904869 65.5029399394989 30.97896452248096 73.10051117092371 19.95548397302628 0.9635856375098228 1.405499577522278 1.725804679095745 99.98921775072813 58.33989474922419 34.28230321407318 484.409640237689 15.14690011739731 64.03517718613148 16.55709847807884 3.383655518293381 0.0778796598315239 5.649530038237572 0.8828796744346619 0.9898561388254166 0.3442993983626366 0.8948599174618721 1.222571477293968 0.3268450722098351 386.8242803737521 7.828574880957603 73.06882875412703 2.236932292580605 9.466877736151218 0.2587382644414902 2.342054776847363 1.66390959918499 5.808868944644928 6.585188671946526 6.528814323246479 106.5552565529943 8.5610306635499 0.08217082172632217 73.84952934831381 6.134773656725883 1223.60532888025 394.3189541399479 436.3611600548029 5.006398536264896 52.45123314857483 13.74910865724087 62.01565211638808 0.8362041264772415 0 3.538911946117878 1.374084919691086 8.678734451532364 0 1.681400150060654 0 3.955009683966637 0 5.820312768220901 0.7070171982049942 2.573552273213863 5.252679780125618 9.149079538881779 0.2286792173981667 69.99129907786846 0 0 0.4139832258224487 0 0 0 0.3636759966611862 0 0.2997217997908592 0 0.4892871379852295 0 3.140205971896648 1.395478628575802 1.794015698134899 0.3042901158332825 0.5757323130965233 0.644515335559845 0 0.4879739880561829 0 0 0 0 0 0 0 0.185850664973259 0.6324510872364044 0 0.2138725966215134 0 0.697111576795578 0 0.1396537274122238 0.09396926313638687 0 0 0.5040867626667023 0 2.37099664658308 0.4088485836982727 1.842816241085529 4.123387135565281 1.770801790058613 0 0.07490132749080658 0.09642244875431061 0 0.2418060600757599 0 0 0 0.2031893730163574 0 0 0 1.780399061739445 0 0 0 0 0 0.6207974329590797 0.1607904732227325 0.1340185850858688 0.7203555256128311 0 0.8610556721687317 0 0 0 0.09102847427129745 0 0 0 0 2.972440890967846 2.188415832817554 0 0 0.1264614760875702 0 0.1064868718385696 0 0 0.677449643611908 0.2337103933095932 0.2514362037181854 0.1222056746482849 0 0 0 0 0 0 0 0 0.5272245705127716 7.509512007236481 12.62883391231298 23.29506926983595 4.200392238795757 314.1103369817138 18.66385374963284 2.661948621273041 1.930969469249249 0 0.6316235661506653 6.180346742272377 0.1047110185027122 1.565531581640244 1.710031405091286 1.46881628036499 0.8794559836387634 0 0 1.438793897628784 0 3.724106252193451 3.731800906360149
