80.33373913913965 2178.60104251653 356.2321221902966 1644.316850289702 49.39666393399239 29.23111118376255 748.5191209167242 31.99286606907845 11.11450007557869 2149.822600394487 74.66196300834417 618.2162893041968 227.3752164617181 76.95998786389828 4.424589358270168 1.437828183174133 0 0.0939926877617836 0 0.1667460948228836 0 0 0.3148539513349533 0.09946752339601517 0 0 0.1336599141359329 0.2847684100270271 0 0 480.5464835613966 7.776982568204403 21.05878429114819 0 0 1.422117635607719 1.51987724006176 0.1349140107631683 0 0 0.7978299558162689 0.1164584383368492 0.6040963158011436 0.3885588198900223 0 0 16.72241858392954 1.174177289009094 0 0.2283803373575211 0 0 0 0 14.45520341396332 21.77307857573032 465.2953359559178 994.8656374067068 42.12778167426586 19.57316466420889 0 1.624170169234276 0.1046651974320412 42.48220612853765 3.800106659531593 1.14024993032217 0.9726956188678741 0.1183565631508827 0.09593789279460907 0 5.819867596030235 1.726765051484108 0.6723106503486633 120.7049938887358 47.2869720980525 25.6141911894083 4.595482148230076 1.695098012685776 2.032158114016056 37.37696772068739 0.3329500108957291 2.370920218527317 25.86902376264334 0.09957263618707657 1.654671162366867 3.17808773368597 0.329278439283371 0.09634711593389511 0.3595254346728325 0.4056585729122162 0.3960398584604263 0.3570234924554825 0.129387766122818 0 0.5584968775510788 36.70162138342857 0.8484730273485184 0 0 913.7243322953582 0.5946157574653625 1.823108106851578 0.7062412053346634 0.8063701987266541 0.8466921895742416 51.3940112888813 2.052772104740143 5.862409695982933 4.789690777659416 2.334277346730232 0.1402634382247925 8.584474585950375 3.214683726429939 4.016144774854183 0.7837795913219452 0.1395862251520157 0 0 0 0 0 0.4512487053871155 0 0 0 0 0 0 0 0 0 0 0 0 3.799045294523239 0.1453792154788971 0 0 0 2.416879683732986 0 1.663627311587334 0.3174899816513062 0 0 0 0 0 0 0 0 0.3593554794788361 0.5962036028504372 0 0 0 0.203886017203331 0 0.2319141551852226 0 0 0 0 0.4581812620162964 0 0.09735943377017975 4.561085969209671 0.6151924878358841 0 0 0 0 0 0 0 0 2.643158957362175 0.6668277084827423 0 0 0 0 0 0 0.4906244277954102 0 0 0 0 0 0.238377571105957 0 0 0.09369684755802155 0 0 0 1.029934749007225 0 4.063517168164253 109.0942673310637 6.678154028952122 89.29400266706944 8.761255159974098 1143.311804383993 26.73368623107672 2.842364370822906 4.796449266374111 0.1217019110918045 0.1250431835651398 2.725641429424286 0.6105032563209534 20.9352188706398 0 0.1040464341640472 0 1.308719873428345 0.1531993299722672 239.3547706156969 1.746841862797737
2178.60104251653 3368.75557654351 1015.707800455391 1345.832013495266 2024.858315847814 64.9062340259552 3887.659835353494 113.1101879030466 2038.698396831751 1246.32269654423 1832.60952155292 326.7465345188975 1696.731555685401 3127.704479008913 90.81331394612789 25.55515369772911 1.235015608370304 0.9201091676950455 0.1463939696550369 1.365644715726376 0.2581352367997169 0 1.88090480864048 0.5873600095510483 0 0.3712054938077927 0.4475291222333908 0.4631862491369247 0.3093037456274033 0.1664509326219559 2617.567656166852 105.8510078936815 175.1376824378967 0.3669616132974625 0.2745272219181061 3.338642664253712 19.82345927506685 3.017886027693748 1.413255624473095 0.2957646399736404 1.797504872083664 0.7104658335447311 1.876450970768929 2.120467811822891 0.8993810787796974 2.102671027183533 298.4377890229225 7.887164831161499 0.7511477842926979 2.264683693647385 0.7211872637271881 0.860661692917347 0.2789725959300995 0.5848149731755257 51.82931211590767 70.93931546062231 401.2050500363111 1271.099525086582 167.048147931695 202.8421398848295 2.219837442040443 5.371605709195137 0.8134769126772881 349.2262327447534 20.95889164507389 9.370011948049068 2.153858445584774 1.689620368182659 1.820269845426083 0.9308036416769028 43.34742154926062 6.168353818356991 0.1594330221414566 649.8893740475178 385.8992050215602 418.4146670848131 65.13930407911539 20.17529881745577 8.343769513070583 327.6625662669539 2.286102205514908 19.60353033989668 142.1938582882285 0.9055415764451027 11.60120400041342 16.97182091325521 4.700050480663776 0.389056570827961 4.390338212251663 0 2.320256739854813 1.399303652346134 3.411113701760769 0.6581293120980263 1.874347493052483 33.43365091085434 9.212470702826977 0 9.025807201862335 1414.891558267176 6.296810917556286 15.9762299284339 8.983235523104668 2.20892371237278 18.65511286258698 82.2882509380579 7.986261516809464 61.74885501712561 36.29121769964695 15.45628491044044 3.615098103880882 100.7617594823241 33.82946924865246 56.81793391704559 27.80907028913498 3.898381315171719 1.556266494095325 0.1869852393865585 0.892238438129425 0 0 0 0.136693149805069 0 0.1194892078638077 0 0 0.6695395559072495 0 0.1209000498056412 0 0 0.7364890724420547 0 52.10297069698572 5.218509785830975 0 0 0 58.21413512527943 4.70866759121418 27.49536442756653 4.118386916816235 2.987094007432461 0.1173462048172951 0 0.1965863853693008 0 0 0.4854222983121872 0 0.8953629210591316 3.048061072826385 0 0 0 0.676237665116787 0.386797159910202 0.7698768749833107 0.3657266199588776 0.4146240204572678 0.5152216330170631 4.257240064442158 0 0 10.40481529384851 29.72730872035027 3.050447687506676 0.1099455878138542 0.09594511985778809 0.09124960750341415 0.1703740805387497 0 0 0 0.1309731006622314 47.5115357413888 0.4149055555462837 0.5021306872367859 0 0 1.694096103310585 0 6.215756207704544 1.758506655693054 6.002570666372776 3.628262370824814 0 1.140299715101719 0 0.0928894504904747 0.1927458271384239 0 0.2772797420620918 0 0.1348942965269089 0 24.6048299446702 11.38602820783854 26.22478806227446 814.7131517454982 31.77436501532793 986.9810753837228 123.6985183060169 1070.805443607271 108.9225411042571 13.70518936216831 72.81099463254213 14.54939422011375 1.022873140871525 11.02576069533825 1.804726488888264 45.07944114506245 0.2057294398546219 0.4875457361340523 0.2286906391382217 34.48675317317247 1.634128868579865 276.7553749233484 17.21270030736923
356.2321221902966 1015.707800455391 1045.34318010509 23.48827058821917 417.2359793037176 1.411173433065414 36.53101988136768 921.2996299788356 499.39740870893 5.178368121385574 3412.856745883822 10.60088808834553 169.8689841032028 857.1814735010266 61.37314033508301 31.5172229334712 0.9123108014464378 2.526403836905956 0.4401729106903076 3.571189269423485 4.354820437729359 0.5662235766649246 8.594638913869858 5.36728323251009 0.8306923285126686 4.649549260735512 4.679172538220882 1.385336138308048 1.095153003931046 1.752019658684731 4816.121894344687 260.1698141470551 368.890330336988 0.6265123784542084 0.9816400855779648 6.629542149603367 40.7469888702035 10.39275381714106 10.80869614332914 1.761664792895317 19.4672664925456 9.179841607809067 7.761644713580608 2.573029868304729 1.156887896358967 1.316610708832741 113.9639044851065 3.038813017308712 0.6944824978709221 4.961487025022507 3.230760499835014 2.45196558535099 0.6900501847267151 2.323956243693829 20.02783434092999 22.95828231424093 139.5462795048952 844.3259030729532 53.56632585823536 63.99162782728672 2.43661692738533 45.57579635083675 0.7931718379259109 445.7572092339396 6.012297868728638 4.566621191799641 1.385719142854214 5.016590692102909 19.00707507878542 12.66205163300037 214.9384560212493 31.45065996050835 0 223.7647261992097 218.8946482241154 220.8828120231628 54.72663323581219 25.77019345015287 64.90521971136332 1441.2086135149 2.863594189286232 206.8663002103567 48.42623446136713 0.3914518430829048 3.593085840344429 5.321053698658943 7.476721413433552 0 2.895702391862869 0.1065254211425781 4.616968482732773 2.08877382427454 29.32787220925093 8.007559709250927 5.576173692941666 32.21505299210548 86.45259784162045 0 46.3247983455658 258.1628897935152 9.735104002058506 9.655573442578316 7.37936257570982 0.5784168094396591 12.66086865961552 46.97150727361441 1.714860379695892 36.33728371560574 12.52302013337612 3.950834110379219 5.140812367200851 59.53137274086475 24.41916958987713 45.9331968203187 34.81185518950224 10.82481481134892 2.91531066596508 0.3059775531291962 2.110353946685791 0 0 0 0.1355000138282776 0.1345363706350327 0.1016432046890259 1.159090109169483 0 0.8813367709517479 0 0.7149881049990654 0.5441235974431038 0.2790345698595047 0.7058028131723404 0.2938938438892365 69.84684336930513 7.29466150701046 0.20882748067379 2.872131526470184 0.531999334692955 111.5335281565785 6.144018895924091 43.82353698462248 9.27718248218298 3.190026059746742 0.6655400991439819 0.2923186123371124 0.1218544989824295 0 0.2911994159221649 1.149576835334301 0 1.175922825932503 10.49309533089399 0 0 0.7997486889362335 1.20667165517807 0.5775152295827866 0.9752880334854126 0 0 1.122270800173283 4.859851606190205 0 0.1050798296928406 10.86187366396189 59.50631532073021 3.634014740586281 0 0 0.09938345849514008 0 0.1739374399185181 0 0 0.4513623118400574 87.97437892109156 1.143394857645035 0 0 0.7274091243743896 2.215197846293449 0.6543912142515182 14.89994572103024 3.286004304885864 12.55506340414286 6.754197090864182 0 1.127889208495617 0.1778317391872406 0.3115292638540268 0 0 0.0887424498796463 0 0.3821059167385101 0 18.62995114177465 29.3241763189435 68.88701913505793 326.1539739742875 21.3999160900712 347.1500630751252 61.23793537914753 125.3548056855798 33.3341701105237 3.326774410903454 34.04768615216017 29.26711121201515 1.960136115550995 23.65441351383924 6.408933460712433 13.24019796401262 0.8526214808225632 0 2.041708998382092 18.65930822491646 0.8099340200424194 73.24378025531769 5.537096053361893
1644.316850289702 1345.832013495266 23.48827058821917 296.5806701928377 27.57255154103041 374.495691113174 872.8092688694596 1.000645332038403 8.932199023663998 2961.51771106571 4.245585769414902 3270.202130287886 1120.646182209253 34.80238264799118 3.440031863749027 0.5489330142736435 0.5733571648597717 0.5871329456567764 0 0 0.1026982143521309 0 0 0 0.2463630437850952 0 0 0.103450134396553 0 0.08795301616191864 120.2613272815943 4.491154499351978 0.9576168581843376 0 0 0.6789286136627197 0.2242714613676071 0 0.2237513959407806 0 0 0 0.1156659722328186 0.571737103164196 0 0.8239116072654724 24.13484160602093 0.9410799890756607 0 0.216007761657238 0 0 0.2532060220837593 0 11.54832972586155 13.52342409640551 176.7859511896968 344.1878762245178 29.82606729865074 25.36407690495253 0.6190237775444984 0.5178528428077698 0 34.12381054461002 3.260091111063957 1.246366418898106 0.3925404846668243 0.1995203271508217 0.3341688439249992 0.1580834239721298 3.870035082101822 2.109101474285126 0.1309955418109894 94.29000677913427 40.73888646066189 36.01330530643463 3.619928538799286 0.967220664024353 1.214013949036598 0.9802077561616898 0.2233973518013954 1.566320538520813 21.70946081727743 0.09453748911619186 1.234121359884739 3.468423828482628 1.397290989756584 0 0.9663384035229683 0 0.1811656951904297 0.1872614696621895 0.3340217173099518 0.2561132609844208 0 16.4628548771143 0.403500035405159 0 0.6389517411589622 538.0116474479437 2.657254777848721 21.04259289801121 62.49492420256138 17.47689473628998 0.2371289879083633 51.97714355587959 16.47946465015411 13.51558767259121 35.94847575575113 11.3959813117981 0.6038668155670166 29.30726818740368 14.23093144595623 5.458805426955223 0.3671355545520782 0.3620849326252937 0.2259817868471146 0 0 0 0 0 0 0 0 0 0 0 0 0 0 0 0 0 4.866665840148926 0.4843865633010864 0 0.5962644815444946 0 0.9660743027925491 1.381507515907288 0.4572267234325409 0.3060679584741592 0.3046988993883133 0 0 0 0 0 0.8600345849990845 0 0 0.7426296174526215 0.1123329102993011 0 0 0.1470216065645218 0 0.1071095690131187 0 0.07479260861873627 0.3436421826481819 1.166805759072304 0.1832486987113953 0 1.687248021364212 2.346076220273972 0.3964154422283173 0 0 0.09390223771333694 0 0 0 0 0 1.559799700975418 0 0 0 0 0 0 0.4754676893353462 1.51127864420414 5.084900550544262 0.1348808705806732 0.1371267735958099 0 0 0.1641190946102142 0 0 0.1108289062976837 0 0 0 3.615031525492668 0.172630712389946 0.5957584455609322 78.14829199016094 3.871120870113373 97.25275763869286 6.198629766702652 1202.826091863215 14.9912511408329 3.416828602552414 4.330428086221218 2.156822502613068 0.5552768036723137 3.690990060567856 0.1276982724666595 46.9907781034708 0 0.1012002229690552 0 9.642238341271877 0 267.2143090814352 11.02227263897657
49.39666393399239 2024.858315847814 417.2359793037176 27.57255154103041 778.4070112258196 2.792130619287491 2622.416254915297 16.49145481735468 2679.650105327368 69.74847539514303 1205.131616555154 22.05967663228512 782.1216842532158 2092.510749056935 31.28548578172922 10.78979168832302 0.2377846837043762 0.1454308032989502 0 0 0 0 0.1839835494756699 0.184893399477005 0 0.5670507550239563 0 0.6766670942306519 0 0.1944449096918106 120.7944491431117 23.16058390587568 16.95166882127523 0 0 0 2.636907145380974 0.9973587468266487 0.1422640681266785 0 0.4949799925088882 0.5706188082695007 0.30876474827528 0.6282185241580009 0 0.8037981986999512 71.48310221731663 0.950802244246006 0.2247972190380096 0.3532866165041924 0.3641261458396912 0 0 0.2430960983037949 4.769966676831245 5.46174082159996 19.24627491086721 38.06758353859186 17.41345357149839 32.87436359375715 0.2447325959801674 0.4500397443771362 0 52.75353239476681 2.056926056742668 1.279527485370636 0.1083153709769249 0.2071817964315414 0.1978239640593529 0.2112479954957962 14.85426900535822 0.2496102750301361 0 69.63451841473579 44.50633814930916 95.79177574068308 13.31262554973364 4.397752001881599 2.350887894630432 25.66349332034588 0.1198878586292267 2.925357982516289 16.05930619686842 0 0.9171072617173195 1.996140383183956 0.4333249554038048 0 0.3698572367429733 0 0.4096710160374641 0 0.1261544078588486 0 0 19.90472866594791 3.056503340601921 0 0.8001528680324554 11.77220315486193 3.36589203774929 1.171054169535637 12.72331020236015 2.850560545921326 14.03538551926613 34.78628000617027 5.760956555604935 42.61672126501799 15.77888461202383 7.885950833559036 2.284540995955467 57.32160422205925 22.06996387988329 39.44207199662924 20.04973537474871 2.445175103843212 0.7073199450969696 0 0 0 0 0 0 0 0 0.2092809677124023 0 0 0 0.09931377321481705 0 0 0 0 20.01914740353823 4.065554648637772 0 1.009847044944763 0 26.49592915177345 0.1702729314565659 17.4086427539587 2.444655805826187 0.9253867492079735 0 0 0 0 0 0 0 1.445191860198975 2.776186302304268 0 0 0 0.2155161201953888 0 0 0 0 1.238459214568138 2.182579480111599 0 1.406182765960693 2.053781270980835 24.20815777778625 3.187202572822571 0 0 0 0 0 0 0 0 34.7375053614378 0 0 0.2517733871936798 0 0.8931684643030167 0 4.19737583398819 0.2287406623363495 2.554182201623917 2.689313918352127 0 0.1528341025114059 0 0.1011742502450943 0 0 0 0 0 0 23.1621591001749 7.078195452690125 10.56710125505924 279.8819131702185 8.278511047363281 209.6037754416466 32.88301402330399 32.6790062263608 18.13173893094063 1.459483303129673 28.50075472891331 4.237235940992832 0.2966679930686951 5.873179852962494 2.815991267561913 13.23993225395679 0 0.1398033499717712 0.5940576195716858 14.21833257377148 0.2998030185699463 40.64789050072432 11.61136908084154
29.23111118376255 64.9062340259552 1.411173433065414 374.495691113174 2.792130619287491 3.588141590356827 87.12610070407391 4.335897013545036 4.607569217681885 1072.723419204354 4.097134545445442 410.0424173623323 173.8033163622022 17.34546709060669 5.655869521200657 7.422492057085037 0.2968625724315643 0 0 0 0 0.3035830855369568 0 0 0.407841831445694 0 0 0 0 0 17.5558850467205 0 9.803126901388168 0 0 0 8.432256951928139 1.839880406856537 0.936779111623764 0 0 0 0 0.180003896355629 0 0.1430195271968842 1.460347771644592 0 0 0 0.4259637594223022 3.193757243454456 0.4019094705581665 0.1282073855400085 0.1395906507968903 3.434180095791817 224.8701830729842 9.940803274512291 0.09329560399055481 0.2274736613035202 2.141949102282524 3.918536499142647 0.3408520668745041 1.296993836760521 0 0 0.3095206022262573 0.4113054648041725 0.1196725517511368 0 104.5323056280613 197.255272731185 26.26644746959209 0.3232353776693344 0.6418429389595985 3.826821558177471 0.9932135716080666 1.195230796933174 0.1718618422746658 6.988205522298813 0 4.38957154750824 0.4197043403983116 4.020220175385475 0 6.577314086258411 0.1184872835874557 6.654176905751228 7.178334929049015 12.92399488389492 2.457238905131817 2.432752765715122 0 0 0.4537912905216217 31.11451222002506 33.56021516025066 15.02862457931042 3.429327547550201 267.8876476734877 1.203676849603653 5.571565896272659 2.190484374761581 2.09060575067997 0.1551123261451721 12.56287375837564 4.278029873967171 8.751198947429657 11.32626494765282 8.113570891320705 1.190138816833496 29.42667984217405 12.33178296685219 7.923019699752331 0.5907953828573227 0.1195269450545311 0 0.1446007341146469 0 0 0 0 0 0 0 0 0 0.1069569960236549 0 0 0 0 0.1255818605422974 0.1692704856395721 0.7184042111039162 0 0 0 0 1.683407507836819 0.2764983475208282 0 0.6841453015804291 0.4484396874904633 0 0 0 0 0 0 0 0 0 0 0 0.1385931074619293 0.6898276060819626 0 0.2624438107013702 0 0.2390871867537498 0 0.1661418229341507 0.507185697555542 0 0.3305749893188477 0.5127710103988647 0 0 0 0.1245590150356293 0.1162996217608452 0 0 0 0 2.853797048330307 2.614722311496735 0 0.1855437904596329 0 0.8237447291612625 0 0 0.4497221410274506 0.0989743247628212 0 0 0 0 0.1102011948823929 0.1226580217480659 0 0 0 0 0 7.554641872644424 1.354424998164177 2.505629606544971 21.45155245065689 1.063038446009159 5.90979241579771 4.445670254528522 313.6243675947189 0.9487421065568924 0 2.418753698468208 1.273494616150856 0.152736485004425 0.5667506754398346 0.2663703411817551 26.3597429394722 0 0 0 2.479425683617592 0 147.83041780442 12.95265732705593
748.5191209167242 3887.659835353494 36.53101988136768 872.8092688694596 2622.416254915297 87.12610070407391 1682.50176884979 3.774489305913448 989.3476568832994 1611.55472124368 261.274440035224 388.63371501863 5362.483292527497 938.0131693333387 29.90426425635815 6.619855463504791 0.2322907298803329 0.1240502670407295 0.1390112191438675 0.3347909897565842 0.1651426255702972 0.1260448694229126 0 0 0 0 0 0 0 0 165.8079401627183 25.11568512022495 4.252886727452278 0 0.1494353115558624 0.9987911805510521 1.129781171679497 0.4237758368253708 0 0 0 0.146335244178772 0.2314328551292419 0.7633614391088486 0 0.6041435599327087 98.46069084107876 1.802660897374153 0.387828603386879 0.352525070309639 0.1027295216917992 0.2016459703445435 0.1049089878797531 0 12.27071732282639 18.32518077641726 97.84328638017178 240.6934852823615 48.38194842636585 70.32741312682629 0 1.255368605256081 0.7030652165412903 93.55936229974031 5.731246776878834 3.226705133914948 0.8817051202058792 0.3072579279541969 0.1066083908081055 0 14.09535645693541 1.138716608285904 0 178.366805806756 91.74804948270321 129.7554402351379 18.52428285777569 2.948722086846828 2.069433510303497 2.942946195602417 1.026587896049023 3.574033498764038 40.735202036798 0.6990309804677963 2.36116699129343 5.51434288918972 1.403451316058636 0.111932709813118 0.7423461079597473 0 0.7187606766819954 0.4209030717611313 0.7946173995733261 0.3895316570997238 0.3207011967897415 38.88225288689137 7.236948117613792 0 3.720970638096333 68.81094613671303 7.617167145013809 36.4384448826313 88.75714122503996 16.66923867166042 6.301511757075787 245.4315587952733 21.78825967013836 120.2912413179874 67.18348957598209 24.52847872674465 3.30463145673275 97.65902610868216 50.17296071350574 48.12223026156425 19.72851783037186 1.108778491616249 0.8581960648298264 0.5445132255554199 0 0 0 0 0 0 0 0 0 0 0 0 0 0 0.1009946539998055 0 30.15378325432539 3.528641477227211 0 0 0 20.91331705451012 0 13.19208584725857 0.4197574108839035 0.6241199523210526 0 0 0 0 0 0.9521035104990005 0 1.361698225140572 5.3157968968153 0 0 0 0 0 0.9737042337656021 0.1773066371679306 0.2087514623999596 4.358396127820015 7.639890983700752 1.106401801109314 0 2.046596348285675 10.74004946649075 2.822479858994484 0 0.1050941571593285 0.09350954741239548 0 0 0 0 0 34.03196005523205 0.1834003627300262 0 0 0 0.5479214042425156 0 3.002170085906982 5.325403705239296 10.10671505331993 6.810298778116703 0.5270683765411377 0.7565555572509766 0.1090507283806801 0 0 0 0.1945668086409569 0 0 0 30.53949081897736 3.469727650284767 6.789667122066021 325.1305023729801 11.15728898346424 345.7931193336844 41.17745552212 504.4089706614614 37.24141070991755 1.682074092328548 28.91689775139093 9.690867066383362 0 12.20658873021603 1.299048840999603 69.68413171172142 0.621680349111557 1.884820222854614 0 11.0417590290308 0.7260785102844238 164.0921637490392 29.17949288338423
31.99286606907845 113.1101879030466 921.2996299788356 1.000645332038403 16.49145481735468 4.335897013545036 3.774489305913448 451.0667810663581 15.11033344268799 0.5113861188292503 1705.408596716821 4.044369325041771 59.66412149369717 357.9248785227537 70.20666974037886 39.57820884138346 3.003028050065041 5.109710685908794 0.7188803479075432 12.17643959820271 19.27873207628727 2.345464140176773 31.985425978899 20.83064532279968 2.643376335501671 14.19578939676285 19.09151899069548 4.302646391093731 0.5978486835956573 10.63958066701889 1064.378998540342 1489.64341981709 685.4929318130016 1.703439578413963 3.687105640769005 33.43211784958839 68.05474545806646 29.9036785364151 16.81331635266542 2.870477721095085 65.75662173330784 17.50567027926445 24.95382929593325 6.360326446592808 1.875224843621254 3.633252695202827 100.6285326778889 3.021788254380226 0.6303387582302094 17.12801556289196 5.011962696909904 4.588039472699165 1.126997835934162 9.06351226568222 5.91200602799654 7.222468823194504 38.00704784691334 149.2107430920005 21.71557457745075 52.2343048080802 14.14153074473143 228.8772709593177 6.684019520878792 708.5365254357457 2.464242324233055 2.687738217413425 3.254004910588264 11.41669720411301 46.64666026085615 43.69655119627714 128.1178887411952 28.78124988079071 0.9934415519237518 115.906575627625 155.3864576816559 222.3564493954182 72.32859110832214 56.63116133958101 664.2407942637801 3592.693713612854 4.139474749565125 1556.833469264209 18.06836566329002 0 2.931450225412846 3.67722150683403 13.88528230041265 0 1.206070393323898 0.6304440423846245 7.345948934555054 4.446633033454418 88.95097075402737 16.53432935476303 17.22007838636637 27.8335185572505 28.10850261151791 0.1595377922058105 18.00437773764133 21.5004259198904 8.21488942950964 1.510345414280891 9.148597672581673 0 6.604389041662216 23.89260224997997 1.146121501922607 27.59488424658775 6.445449516177177 0.9438120573759079 3.300761193037033 35.24959904700518 11.30584767460823 26.63984175026417 25.69705420732498 9.662401430308819 4.542196303606033 0 0.2574959471821785 0.2472750470042229 0 0.1680465638637543 0.6216569244861603 0.4350226074457169 0.3607763797044754 0.7822932004928589 0.2317163124680519 1.627885803580284 0.9622744619846344 0.4496914893388748 1.633847370743752 1.840091355144978 4.46357573568821 0.5103429853916168 54.31232930719852 4.35298877954483 0 0.9197309166193008 0 68.13250887393951 2.192321702837944 26.84321505576372 12.90441210567951 2.982591405510902 0.2982146739959717 0.9791703671216965 0.800568699836731 0 0.09752438217401505 1.164512395858765 0.3078320771455765 0 7.934959135949612 0 0 1.812573492527008 1.608981050550938 3.932096295058727 0 0 0 1.119366608560085 3.909074865281582 0 0.2361226007342339 11.72979304939508 40.7714681327343 2.257629781961441 0.1176572144031525 0.09183360636234283 0 0.1125104874372482 0 0.2258870452642441 0.1149311512708664 0.8050501868128777 58.21021510660648 0.3935305625200272 0.3246825784444809 0 1.12768429517746 1.422793298959732 0 5.307706490159035 4.601682186126709 8.932828418910503 4.694907434284687 0 2.644319131970406 0 0 0.2611273974180222 0 0 0.6544276922941208 0.3858899176120758 0.5254043340682983 9.551125936210155 12.26420181244612 42.65052637457848 259.3618821501732 28.24987053871155 303.5992895886302 74.72143651545048 27.95501261949539 17.41899541765451 0.7578616961836815 25.91233785450459 20.25411182641983 1.856111310422421 26.42288835346699 4.11168035119772 7.223106145858765 0.1761624068021774 0 0 18.61949197947979 1.372162282466888 44.21293099224567 6.300856329500675
11.11450007557869 2038.698396831751 499.39740870893 8.932199023663998 2679.650105327368 4.607569217681885 989.3476568832994 15.11033344268799 1246.659652039409 47.85786689072847 947.7333542257547 27.76744218170643 1181.912078775465 1616.422636426985 12.75711144506931 5.527552798390388 0.101900190114975 0 0.1525354981422424 0 0 0.2479380518198013 0 0 0 0.3377188742160797 0.3321434259414673 0 0 0 30.69459751993418 6.425941415131092 11.4560209736228 0 0 0 5.944401800632477 1.048628926277161 0 0 0 0 0 0.1316283494234085 0 0.5337193757295609 15.94494906067848 0.09197593480348587 0 0 0 0 0 0 0.8676142692565918 0.7133383974432945 3.174439072608948 8.855042114853859 4.45209913700819 8.59155996888876 0 0.7604950815439224 0 15.23929652571678 0.4686072170734406 0.1861234977841377 0 0.1471273005008698 0 0 3.850627541542053 0.6958437561988831 0 14.66272266954184 10.74247886240482 29.59053349494934 6.327589474618435 1.512907795608044 0.3006296455860138 16.25461737811565 0.2580392807722092 1.154806837439537 3.100589744746685 0 0.3849060013890266 0.2886039838194847 0.5361867249011993 0 0.234405405819416 0 0.09791799634695053 0 0.3154723942279816 0 0.4103632867336273 23.32606464624405 1.116300135850906 0 0 2.924803882837296 3.227600887417793 2.143945395946503 5.504273116588593 0.2602740228176117 4.356087312102318 25.22976289689541 2.16727240383625 21.54080548882484 7.669002860784531 6.685067564249039 2.251718401908875 44.67230675369501 17.38123244047165 21.32129940390587 10.72003847360611 3.10849803686142 0.5510002225637436 0.1340894997119904 0 0 0 0 0 0 0 0 0 0 0 0 0 0 0 0 16.31349858641624 3.188437595963478 0 0 0 15.70555901527405 0 6.173154294490814 0.6509941294789314 0 0 0 0 0 0 0 0 0 2.207007437944412 0 0 0 0 0 0 0.1757708787918091 0 0.1573023349046707 1.525177493691444 0 0 0.9817936420440674 17.98653626441956 3.131872236728668 0 0.09353356808423996 0 0 0 0 0 0 12.39523181319237 0 0.170515388250351 0 0 0.7051428407430649 0 1.379624009132385 0.3171747773885727 0.7702403664588928 2.064518079161644 0 0 0 0 0 0 0 0 0 0 15.33689647912979 1.897603593766689 11.33825173974037 123.9757517948747 1.797325313091278 62.45792861282825 14.90675558894873 13.22569630295038 3.575125575065613 0 13.1963876709342 3.784255772829056 0 3.587303593754768 0.3359281718730927 7.957172065973282 0 4.926130294799805 0.3514590263366699 5.463947385549545 0.6071923971176147 28.32699628174305 7.568381190299988
2149.822600394487 1246.32269654423 5.178368121385574 2961.51771106571 69.74847539514303 1072.723419204354 1611.55472124368 0.5113861188292503 47.85786689072847 1643.34829005599 15.96051039546728 2900.495975084603 7660.401002064347 159.4006698653102 12.08870247751474 8.764154799282551 0.3953929394483566 0.1587567329406738 0 0 0.1708011031150818 0.2961183786392212 0 0 0.1774917095899582 0 0 0.09078655391931534 0 0 56.53173132240772 4.442613013088703 50.96164681017399 0 0.08166437596082687 0.9118065536022186 95.85147199034691 0.3150202557444572 0.3686947971582413 0.09734490513801575 0.3943156599998474 0 0 0.2426055371761322 0 0.5548403412103653 29.41284310817719 0.870181992650032 0 0.1265518814325333 0 0.2801049947738647 0.3632574379444122 0 6.534438244998455 8.234222106635571 152.1767637208104 213.1930781155825 17.2769468575716 16.30434530973434 2.178863689303398 6.470315158367157 0 26.11719855666161 3.159632749855518 0.5564330965280533 0.3004602864384651 0.1379144787788391 0.1630754768848419 0.1190213337540627 601.4286383539438 12.6092581152916 2.230437278747559 66.7447133436799 25.41697758436203 33.39529930055141 5.040399834513664 1.941588468849659 0.4941710978746414 6.698914982378483 1.036011576652527 4.780741408467293 16.66207049041986 0.3783320859074593 1.008611045777798 2.727466769516468 0.316404365003109 0.9513747841119766 0.6422061696648598 0.5021538138389587 0.4354913979768753 0.3683978915214539 0 0.2359763458371162 0.09330295026302338 410.940952822566 214.1097693666816 1.965741887688637 0 678.686015509069 7.335412248969078 117.2771113216877 100.1697108596563 57.65463906526566 10.62508085370064 198.1651592329144 93.4809355288744 157.2583767920732 206.7187368497252 109.8653590083122 4.678859122097492 320.0059327632189 206.7582852989435 124.4448784589767 16.82752195745707 1.772107660770416 0.5072328746318817 0 0 0 0 0 0 0 0 0 0 0 0 0.1186085343360901 0.1332947760820389 0 0 0 15.34188314527273 3.532210022211075 0 0.1583976745605469 0 19.85521146655083 0.1839528232812881 4.716455787420273 1.185750082135201 0.09228463470935822 0 0 0 0.1655638217926025 0.3701274245977402 1.069456934928894 0 0.2721303105354309 2.523985162377357 0 0 0 0.5965661257505417 0 0.3068719729781151 0.3120204657316208 0 1.825319342315197 7.011497020721436 2.953402683138847 0 3.571296170353889 19.03376643359661 0.9135183691978455 0 0.2354458421468735 0.1561709642410278 0 0 0.09445043653249741 0 0 33.69617459177971 0.6568668186664581 0.3415865451097488 0 0.376579076051712 0.6550852209329605 1.875095546245575 3.677203357219696 2.397032931447029 4.187321946024895 2.354678764939308 0 1.030980974435806 0.8990570306777954 0 0 0 0 0 0 0 92.45647622644901 3.936931967735291 4.156975045800209 209.320832028985 4.952565290033817 97.32413327693939 12.13049862533808 2333.883413404226 12.48911655694246 6.677735164761543 12.65287856012583 13.322196431458 0.1321322321891785 8.030111894011497 1.780347749590874 273.4319691956043 0 1.554003119468689 0.6579259634017944 3.641673713922501 0 1057.471313923597 145.2650318294764
74.66196300834417 1832.60952155292 3412.856745883822 4.245585769414902 1205.131616555154 4.097134545445442 261.274440035224 1705.408596716821 947.7333542257547 15.96051039546728 1319.850385978818 31.34782206267118 2536.866809077561 3724.237288065255 140.8962342813611 85.62697777152061 2.464616931974888 2.418335974216461 0.449003741145134 0.4184350371360779 0.9515657722949982 2.685978144407272 4.370710864663124 6.035343497991562 2.167931616306305 2.462912157177925 6.461311630904675 2.796229884028435 3.047508090734482 5.160485133528709 581.9562570750713 78.78948535770178 754.0865749567747 0.1217912510037422 0.2348433881998062 9.420812852680683 137.0874452143908 27.26897764950991 6.72694618999958 1.635177478194237 10.42815777659416 5.144348904490471 0.7911755815148354 5.692380540072918 1.165000855922699 2.227641120553017 143.6902637258172 1.77747581154108 0.1966765448451042 2.557326346635818 2.44570068269968 6.991817899048328 1.612099975347519 5.74137607216835 5.749481022357941 8.091114521026611 35.42857424914837 66.59890395402908 26.608945928514 56.94604712724686 1.555377461016178 30.50306225568056 0.7449750155210495 165.0129354298115 2.919370643794537 1.084898360073566 0.5461168736219406 1.917263671755791 6.203815102577209 4.694938242435455 148.6838016882539 10.49692481011152 0.4518930166959763 115.4996729940176 98.01376761496067 285.1044950857759 62.22919960319996 29.45564271509647 14.25059926509857 628.5723765715957 3.00889029353857 58.9082036241889 21.39847690612078 0.1020838916301727 2.398910462856293 3.532751157879829 2.529187172651291 0 1.651548571884632 0.5304578691720963 2.839727230370045 2.499654896557331 14.59296092391014 4.519671618938446 8.165940769016743 78.34168451279402 12.37696251273155 0 6.628228366374969 35.7869039401412 14.24597808718681 10.93202190101147 27.44671975076199 2.949503988027573 29.50490881502628 125.1787315681577 4.008889243006706 137.2305841296911 52.67708903551102 20.77988526970148 11.79604887962341 205.8707839176059 79.34569854289293 131.9289793968201 61.48392772674561 10.74668534845114 3.749777145683765 0.4796140193939209 0.4158136695623398 0.1371222883462906 0 0 0 0.2085092067718506 0 0.4183520004153252 0.1052814498543739 1.256227046251297 0 0.2347542867064476 0.3715756833553314 0.7096823379397392 0.9502665176987648 0.1504517197608948 90.68309306353331 14.39952130615711 0.1886306554079056 0.4003137201070786 0.6223404183983803 109.5355413779616 3.531853325664997 35.82695374637842 10.7914064899087 1.656246468424797 0 0.5695368349552155 0.3773547783493996 0.1067507565021515 0.8937616869807243 1.552323177456856 0.1443475782871246 0.7116080522537231 8.472681261599064 0 0.4030327200889587 0.4370665177702904 1.02681178599596 2.614095486700535 0.7524983733892441 0.2424719035625458 0 2.344803273677826 8.292872905731201 0.6834424734115601 0.5949060320854187 3.507476918399334 69.26579300314188 6.568943113088608 0.1457649618387222 0.1900632083415985 0 0 0 0 0 0 114.1312313452363 1.720106214284897 0.299050360918045 0.224932424724102 0.6077139228582382 3.273882001638412 0 13.32313814014196 2.588010586798191 14.38174333423376 8.959218494594097 1.786191023886204 0.9105980917811394 0 0 0 0 0 0.1196436658501625 0 0 70.66026650369167 22.49587959051132 48.24872676283121 693.4730003923178 15.57102808356285 452.1428680568933 127.1903269812465 54.08428250998259 27.64433995634317 2.486787185072899 87.59579703956842 18.50048672407866 0.766456201672554 20.7005560323596 4.072090715169907 37.6210036277771 0 6.034969806671143 0.860022284090519 45.6984601020813 2.703360557556152 95.77972549200058 40.87838431447744
618.2162893041968 326.7465345188975 10.60088808834553 3270.202130287886 22.05967663228512 410.0424173623323 388.63371501863 4.044369325041771 27.76744218170643 2900.495975084603 31.34782206267118 797.9972549900413 3321.992974027991 63.4724360704422 21.38007353246212 19.88547626137733 1.003930062055588 0 0 0 0 0 0 0.2189569026231766 0 0 0.5346261262893677 0 0.3295609354972839 0.1660997420549393 9.324451871216297 0.6298175305128098 47.07130044698715 0 0 0 78.06723171472549 0 0 0.7559700310230255 0.4738193303346634 0 0 1.277112424373627 0.3386515080928802 0.4639693349599838 12.40066599845886 0 0 0.3067707866430283 0.1791159212589264 0.5061785280704498 0.1552951782941818 0.1792370975017548 0.7391924038529396 0.7130142450332642 21.82803822308779 14.76883087307215 2.71787279099226 4.895198218524456 5.902984991669655 16.63066066801548 1.16842058300972 5.611775994300842 0.1313284188508987 0 0.1052457913756371 0.1233862861990929 0 0.2164867073297501 592.3027134537697 6.193485990166664 0.8950545787811279 7.396484419703484 6.041914433240891 23.34118983149529 4.815115347504616 3.228878699243069 0.4416511356830597 16.70157700777054 0.136866495013237 6.250746354460716 1.626606456935406 0.6939631029963493 0.1216877400875092 0.6880749017000198 0 0.8501025587320328 0.9113793522119522 1.867375068366528 0 0.4746847301721573 0.1874872595071793 0 0.2625981494784355 499.4919070899487 249.5981230586767 3.295258104801178 8.501510545611382 117.8644201308489 6.480850212275982 53.16303759813309 32.29402631521225 75.40036093443632 10.60648830235004 104.4880781620741 71.73021516948938 100.4965719655156 83.02413119375706 42.13677876442671 4.387048646807671 194.8734155520797 120.6748531758785 107.3139263391495 16.317990206182 2.015824772417545 0.7121835574507713 0 0 0 0 0 0 0 0.1448663324117661 0.2323446720838547 0 0 0 0.2646297290921211 0 0.1456816047430038 0.2670680433511734 0 19.39735716581345 4.714162290096283 0 0.208174854516983 0 22.17124924063683 0.4082776755094528 7.078002043068409 1.975418157875538 0.3970611244440079 0 0.1890299916267395 0 0 0 0.7510647624731064 0 0.5734903514385223 3.140095859766006 0 0 0 0.3303218707442284 0.1316900849342346 0 0 0 0.2754813060164452 1.158361069858074 0 0 1.485969960689545 7.067170977592468 1.118773818016052 0 0 0 0 0 0 0 0 34.32545315474272 0.9510892033576965 0.4626488536596298 0 0 1.018342673778534 0 3.806806117296219 0.6183353811502457 3.78149576485157 2.812988229095936 0 0.6799071580171585 0 0 0 0 0 0 0 0 83.21417822688818 7.813402190804482 5.426917470991611 109.5673815608025 2.837419167160988 44.63470296561718 16.61257095634937 517.2240653187037 2.533461607992649 0.152095764875412 19.55654067546129 6.094298258423805 0 5.179707907140255 4.050874650478363 83.27665756642818 0 0 0.3582476675510406 5.723948448896408 0.7296288013458252 641.8882811963558 104.2924985438585
227.3752164617181 1696.731555685401 169.8689841032028 1120.646182209253 782.1216842532158 173.8033163622022 5362.483292527497 59.66412149369717 1181.912078775465 7660.401002064347 2536.866809077561 3321.992974027991 2170.325259931386 3869.119403064251 235.4646581858397 173.9061882644892 7.130269847810268 0.669785737991333 0.7901665866374969 1.02608023583889 0.748615562915802 3.863692417740822 2.341667145490646 2.471879571676254 1.402192324399948 2.278680860996246 2.393710717558861 1.508146263659 2.743772119283676 1.805431306362152 81.74011782556772 17.83519982546568 505.7460391223431 0 0.09178569167852402 5.632385835051537 296.6492415890098 17.20506348460913 7.152687832713127 5.061108000576496 4.350228443741798 3.119333609938622 1.032297052443027 13.21192699670792 1.974836066365242 4.028225302696228 155.8322887420654 1.576495192945004 0.5228569507598877 2.176959522068501 0.899503156542778 6.048751331865788 2.458172611892223 3.011871322989464 2.298846885561943 4.35055211186409 31.01805188506842 33.07467547804117 17.40423672646284 40.82466120272875 27.36152091622353 147.9097323939204 2.784221023321152 84.31860867142677 1.435550861060619 0.9953040331602097 1.603599071502686 0.783414401113987 3.402262933552265 1.241475373506546 1034.252661958337 8.963084578514099 0.4598472118377686 73.00605961680412 81.84403789043427 296.9072975441813 70.92816840857267 45.32318974286318 5.289244435727596 329.7086306810379 4.414500549435616 85.32584423571825 15.35728990286589 0.1115132495760918 1.045343406498432 1.389533862471581 1.778188541531563 0.303968109190464 0.9123808890581131 0.9660892859101295 0.8090162873268127 2.053339377045631 5.837589159607887 2.269668743014336 4.949638143181801 1070.506645917892 131.3308738023043 0.6262710690498352 17.63526563346386 84.17159572988749 29.91529935598373 63.0032050833106 78.12469199299812 17.12456287443638 60.59349503368139 431.0181989446282 61.96625827252865 415.7987713888288 247.3147382885218 140.6022334545851 25.581692956388 781.0601665750146 353.0130165666342 432.4437057822943 121.9019134864211 11.85411719977856 5.869710400700569 0 0.8163550943136215 0 0 0.5549789294600487 0.2320100888609886 0 0.716847263276577 1.153009116649628 0 1.272858530282974 0 1.320083059370518 0.7399744242429733 0.7799508422613144 0.8079157173633575 0.1491617411375046 162.5177295207977 36.51867254823446 0 0.3906457126140594 0.1222235262393951 133.1914732158184 5.961202323436737 40.96380994468927 11.70457704365253 2.997608825564384 0 0.1108146831393242 0 0.7024312615394592 0.6106993779540062 0.6157101690769196 0 1.653637751936913 11.44579597562551 0.5324788093566895 0.6141878515481949 1.200445532798767 1.441912747919559 0.4087314009666443 0.3905354663729668 0 0.09147357940673828 3.567544654011726 12.24203927069902 1.154895141720772 0.870376393198967 2.732116736471653 88.50101566314697 9.67981468886137 0.2305600121617317 0.1932363957166672 0 0 0.1123923137784004 0 0 0.4742515683174133 195.3668712601066 2.763960942625999 1.272929131984711 0.3599260449409485 0.1386200934648514 5.863483548164368 0.3759025186300278 7.491180129349232 6.444901660084724 18.849868953228 13.15605130791664 0.4073945283889771 4.20408558100462 0.1262820959091187 0 0.178605854511261 0.1773464232683182 0.1057805493474007 0.195380374789238 0.3754794001579285 0 298.5568082556129 28.59777960926294 42.88626096397638 1131.484601303935 33.30394159257412 533.5781069993973 221.2440453842282 395.0783014968038 25.66045804321766 1.813244134187698 156.3768570125103 22.59860008955002 1.342664696276188 33.91448356211185 4.618683651089668 163.9563193544745 0.935352087020874 2.545574635267258 1.961306899785995 96.50896234065294 0.9796722233295441 891.2853833809495 296.3067190051079
