276.4011319726706 955.1544076129794 149.8964487984776 1507.274698957801 32.50642006844282 168.9301820099354 596.8505297228694 68.5945540741086 5.569108933210373 1968.903382912278 97.52539131045341 65.26211423426867 264.4398109391332 138.4371315091848 1.909216940402985 2.062027022242546 1.593362078070641 0.2448237389326096 0.3798523396253586 0.436044916510582 0.4174204841256142 0.2488715574145317 0.3700271621346474 0 0.5018262416124344 0.1484367549419403 1.002657391130924 0 0 0 997.636139690876 10.09397944062948 13.46814306080341 0.27724289894104 0.2599740624427795 0.226861484348774 4.377121672034264 4.590852677822113 1.136045083403587 0.5254966989159584 0.7095225229859352 0.355214849114418 1.204305551946163 1.027029246091843 0.2216444239020348 0.4871819391846657 34.08699379116297 4.868753254413605 1.586220651865005 1.623704127967358 0.5129838436841965 0.08794970065355301 0.568319633603096 0.2288901954889297 13.05142705142498 40.58651386201382 222.7126508951187 719.8005677312613 65.02085743844509 19.54846765846014 0.6565490663051605 5.266442522406578 0.2220688089728355 125.6044453606009 22.19261980056763 6.490726038813591 4.527042932808399 0.4293055161833763 0.4715026468038559 1.213526353240013 13.48880204558372 0.9625437408685684 0.1409044861793518 208.7596266195178 39.97618606686592 22.53180906921625 8.154603540897369 3.534494951367378 0.8038068115711212 18.99480972439051 0 4.685271061956882 21.52113633602858 4.237978361546993 3.486726626753807 23.38038045167923 2.549080714583397 3.094856239855289 2.428196735680103 0.3807847797870636 0.7438532710075378 0.120139367878437 0.662903755903244 0.5022749751806259 0.3116965591907501 69.69404669851065 13.41553361713886 0.3055044859647751 1.947453036904335 388.2567554712296 0.1562638580799103 13.48291465640068 7.271186947822571 17.62248825281858 1.615839272737503 33.13811656087637 26.95285293459892 13.51995748281479 67.25743938982487 33.98019862174988 0 12.98934797942638 14.79124979674816 6.126679606735706 0.4086497724056244 0 0 0 0 0 0 0 0.1339727491140366 0 0.3332894444465637 0 0 0 0 0 0 0 0 0 0 0 0 0.1186538189649582 0 2.044500902295113 0.1788013577461243 0.3743443787097931 0.2214454710483551 0.1166184842586517 0 0 0 0 0 0 0 0 0 0 0 0 0 0 0 0 0.4550479501485825 0 0.186843529343605 0.1772214323282242 0 0 2.422664307057858 0 0 0.1285625696182251 0 0 0 0 0.1091926619410515 0 2.335462495684624 0 0 0 0 0 0 0.4767316281795502 0 0 0.1998686343431473 0 0 0 0 0 0 0.2330080568790436 0 0 0 3.486502289772034 0.9839958325028419 1.164166145026684 819.6215451881289 8.588837467133999 243.9209062233567 15.84471161663532 406.1043939441442 27.41516005247831 4.472416378557682 9.625226855278015 116.2720333486795 0 1.234111055731773 0 48.26577199995518 0.5031023621559143 0 0.3197305798530579 1.564084880053997 0.1263321191072464 290.6175498515368 10.41116198897362
955.1544076129794 2545.942019127309 1472.498602211475 556.3163370117545 1690.615310713649 80.14965587854385 2572.048244521022 1197.095332525671 1332.790193349123 871.2438729703426 1510.550597846508 78.98813224583864 1421.674518704414 3074.710094124079 16.40881004184484 13.08765644580126 1.963052660226822 0.8809887021780014 0.6815841272473335 2.586003832519054 2.325353369116783 0 2.252692170441151 1.025870248675346 10.67433115839958 0.3575436845421791 7.596087425947189 0.8957392498850822 0.6093114838004112 1.481482818722725 2202.722767733037 119.7694473788142 119.4843814074993 1.457925483584404 13.10861019790173 12.61709362268448 29.96893189102411 41.73695659637451 6.784461639821529 3.77660183608532 5.888058185577393 2.080295868217945 4.868163593113422 2.653957784175873 1.138281255960464 3.899696387350559 160.91121596843 12.69795622676611 2.083417683839798 10.08585406839848 2.772048614919186 0.2485116049647331 1.170281328260899 0.974981963634491 23.23145414888859 51.34862441569567 252.5467786565423 817.0333414152265 118.201900228858 112.3113785907626 2.758071929216385 88.74360526353121 5.009004697203636 289.1913678050041 43.5575665012002 19.99165879189968 9.625943593680859 3.874252066016197 6.212335266172886 12.03044693171978 54.58790022879839 1.025410190224648 0.2386583313345909 425.0430170968175 166.1528556868434 135.2369360029697 85.62373289465904 16.77185480296612 3.544425532221794 254.9981113001704 3.086941815912724 66.15095989406109 43.34661294519901 5.399196319282055 16.87136252969503 42.68093015253544 15.53624335676432 4.722531490027905 8.629887416958809 1.286012209951878 2.42440927028656 0.2163850963115692 7.843526303768158 1.653852932155132 0.6119906231760979 32.37471178174019 6.168652527034283 0 4.012603640556335 200.2901240736246 0 5.95947203040123 3.953537955880165 3.271742731332779 4.977572977542877 30.89765015244484 2.56636106967926 19.73924945294857 46.55990257114172 16.04297938942909 1.751212745904922 18.09535427391529 22.20944929867983 12.02184299379587 13.22706191241741 0.1978857964277267 0.3890275880694389 0.1706000417470932 0 0 0 0 0 0 0 0.3689926117658615 0.7212913036346436 0.09936442971229553 0 0.5402212142944336 0 0.08572795242071152 0 0 0 0 0 1.516939640045166 0.1632953435182571 12.32458161562681 1.962181329727173 10.87105019390583 2.027071073651314 0.5458073243498802 0.4261123761534691 0 0.1181712299585342 0 0 0 0 0.3138188719749451 0.3994241952896118 0 0.2490016669034958 0 0.7747015506029129 0.2285345792770386 0 0 0.310664065182209 0 0.4199634492397308 0.1324548274278641 0.165064662694931 0.4511198699474335 9.069382682442665 0.1098943650722504 0 0 0.148447260260582 0.2295858263969421 0 0.0905740037560463 0 0 20.97622384876013 0 0 0 0.2361267879605293 1.890625461935997 0.9520004317164421 4.009643904864788 0.2073504254221916 0 0.125044971704483 1.368476815521717 0.2128372639417648 0 0 0 0 0.1067720130085945 0 0 0 14.01938409358263 8.988049492239952 7.678203858435154 280.1720507517457 22.90465480834246 701.2413441389799 79.89054737985134 376.4951811134815 141.9182654693723 6.528861850500107 33.12868767976761 22.97146941721439 0 4.902444861829281 0.8349019438028336 20.54590626806021 0.4191880822181702 0 1.463180229067802 9.075611129403114 0.6745989918708801 153.7329643368721 9.538508653640747
149.8964487984776 1472.498602211475 539.7580249458551 3.557300671935081 352.8484492003918 1.538324445486069 51.51318268477917 3451.608774989843 274.7166569903493 60.06667452305555 1697.01048297435 46.98207990825176 162.8650534600019 939.7841313183308 9.090607784688473 7.6148631721735 0.4173120781779289 3.229846522212029 1.156771197915077 16.93083436787128 8.672966420650482 1.158563584089279 11.13950834423304 2.421629585325718 28.46177689731121 1.01489132642746 18.01463285088539 1.315327659249306 1.437320671975613 0.6418293118476868 2237.527847036719 1027.79906091094 158.6121150404215 8.163934387266636 41.65392247587442 37.28305547684431 27.94987319409847 84.62082013487816 8.317235246300697 7.532384194433689 14.23176889121532 6.820307567715645 32.06563068926334 3.733670853078365 3.118501551449299 9.577571377158165 50.05491605401039 3.004912227392197 3.348605111241341 46.01154805719852 1.194942213594913 0.1404223591089249 0.3820973038673401 1.663631081581116 2.598159350454807 7.542427092790604 47.21816416829824 243.4152693152428 15.65658087283373 17.58454661816359 27.08869706839323 420.1797701716423 14.12435072660446 453.7630560845137 5.500725351274014 4.14885575324297 0.9643320888280869 3.541910342872143 20.46763812750578 53.36962554603815 47.09622870385647 1.421603873372078 0 59.85134057700634 30.27762898057699 33.68251488357782 24.6571686565876 18.86522404104471 27.18852760642767 1265.458468444645 8.34302531927824 543.0046850442886 6.95056189596653 0.2266601100564003 5.52883942425251 6.307435445487499 31.53646121174097 0.6360767856240273 0.9729031920433044 0 0.659101702272892 0.1838172227144241 26.59101206809282 4.439837977290154 3.302700474858284 11.8724130988121 6.209842965006828 0.1047086343169212 6.108142137527466 38.77349749207497 0 0 0.8742767870426178 0 0 8.056085504591465 2.507898658514023 7.049794673919678 17.27897745370865 2.249098092317581 0 5.749316245317459 3.857887119054794 2.509596489369869 3.332067310810089 0 0 0 0.3804044723510742 0 0 0 0.1054130420088768 0 0 0.982044480741024 0 1.088844254612923 0.4384668171405792 0 0.704213559627533 0 0.3374654352664948 0 0.1503823846578598 0.3012067377567291 0 1.540320605039597 0.499015748500824 1.568391397595406 1.607626982033253 5.03262959420681 1.998199686408043 0.6394129619002342 0.2862762808799744 0.2908337712287903 0 0 0 0.2583376467227936 0 0 0.4057521522045135 0 0.3491930663585663 0 2.174401670694351 1.348754778504372 0.2925991415977478 0 0 0 0 0 0.6319544315338135 0.7423016428947449 6.849516808986664 0 0 0.2677263915538788 0.1118413805961609 0 0 0.451079934835434 0 0 6.133837036788464 0.3863156586885452 0 0 0.1418206691741943 0.608080267906189 0.6281049996614456 0.8692289590835571 0 0 0.140558272600174 0 0 0 0.09534239768981934 0 0 0.08884198218584061 0.1625451743602753 0.4006970524787903 0.1967243030667305 3.534425720572472 2.750980690121651 4.991364270448685 85.99530737102032 12.81656551361084 149.650945648551 37.5019977837801 47.72974154353142 22.53893651813269 0.451000452041626 6.048686988651752 10.98224877566099 0.1957182437181473 1.018494725227356 0.6043843924999237 2.656144112348557 0.1205339729785919 0.1041546985507011 0 3.802346646785736 0 18.23893210291862 1.116104960441589
1507.274698957801 556.3163370117545 3.557300671935081 361.4911934584379 20.91136638820171 386.1820966154337 397.6896222755313 0.7580983638763428 3.399580404162407 4167.221732906997 1.573504321277142 332.5617131441832 919.9962189793587 173.1891472712159 0 0.7304211780428886 0.2173541113734245 0.08607205003499985 0.3366583362221718 0.1359937489032745 0 0 0 0 0 0 0 0.5269533097743988 0 0 61.37007564306259 2.99138680100441 0.4025849178433418 0.07619103044271469 0.1189032718539238 0 0.5837262496352196 0.119651734828949 0 0 0 0.1945479065179825 0.1156668588519096 0 0.08641786873340607 0 8.159492962062359 1.074031852185726 0.7248256430029869 0.2632617503404617 0.2577521204948425 0 0 0.09566168487071991 1.826024532318115 8.12526448071003 35.71143677085638 65.12528324872255 12.61983481794596 9.441800698637962 0.1191109642386436 0.7944226041436195 0 20.63416231423616 3.874740965664387 2.104449279606342 0.5437310934066772 0.4232798367738724 0.09808732569217682 0 1.744287326931953 0 0 55.24824661761522 12.8693003281951 5.690141782164574 3.306777276098728 1.474365025758743 0.3294750079512596 0.6065913140773773 0.09821018576622009 0.6839950829744339 5.721086673438549 0.9941625967621803 1.826143577694893 5.869485475122929 0.7696189060807228 1.287424892187119 1.584431327879429 0.1115278899669647 0.2130714431405067 0 0 0 0 33.32691882550716 0.195237010717392 0 0.2732299864292145 33.12905262410641 0.2498691231012344 11.2254197075963 13.53269044309855 24.72864419221878 0.797235980629921 26.65882632136345 15.1266308426857 8.341554805636406 64.05784513056278 18.43110725283623 0.4106162190437317 7.508042454719543 22.48656725883484 4.138122498989105 0.9469197392463684 0 0 0 0 0 0 0 0 0 0 0 0 0 0 0 0 0 0 0 0 0 0 0 0 1.724329009652138 0.7136124968528748 0.4395139515399933 0 0 0 0 0 0 0 0 0 0 0 0 0 0 0 0 0 0 0 0 0.480335533618927 0.1483213603496552 0.2322870790958405 0 0.6380788087844849 0 0 0 0 0 0 0.09566720575094223 0 0 2.755125313997269 0.2068056166172028 0 0 0 0 0 1.830069124698639 0.4735987186431885 0.1080880612134933 0 0 0 0 0 0.2670573815703392 0 0 0.1326591521501541 0 0 3.907913975417614 0.3512759357690811 0.1857529282569885 142.1661106646061 2.664212629199028 69.58510436862707 3.029988169670105 197.3053541108966 12.6227351129055 0.6396588534116745 1.773680455982685 41.04805225133896 0.9042875990271568 0.8327278345823288 0 24.50744653493166 0 0.1370643824338913 0 0 3.930589914321899 180.0986123755574 8.070597112178802
32.50642006844282 1690.615310713649 352.8484492003918 20.91136638820171 3167.554891496897 2.615334682166576 2595.088161088526 384.296410523355 4803.565173372626 565.3885965868831 2268.672987610102 36.30953267216682 990.8468993678689 3632.804863862693 7.808021768927574 2.514080435037613 0.7269650101661682 0.2952231615781784 0.2131348848342896 0.4624703750014305 0.2217609509825706 0.1271849870681763 0.1394287198781967 0 0 0 0.1806998699903488 0.3933007642626762 0.1250394433736801 0 204.2055089771748 58.37670695781708 9.224000237882137 0.250546470284462 0.1004188805818558 0.2263825833797455 4.139054596424103 2.431213520467281 0.9915067777037621 0.2356650456786156 1.653645157814026 0 0.6862101480364799 2.014838017523289 0.4929171949625015 0.6013194546103477 97.73693163692951 4.242349922657013 0.7052282691001892 1.092724978923798 1.189644411206245 0.1368536204099655 0 0.4356329888105392 6.453903712332249 15.42829975485802 57.84424307197332 138.7129282429814 35.5432123541832 51.97997496277094 0.9432557821273804 8.098545253276825 1.481522686779499 111.8656046688557 10.72762610763311 5.786940582096577 3.246628120541573 1.608122572302818 0.5645016580820084 0.08816206455230713 39.65441656857729 1.213269859552383 0.1116310656070709 143.9706944599748 71.8101252913475 69.31774888932705 36.88829703629017 4.511060073971748 1.334585502743721 5.82351092249155 0.8626311272382736 3.498792819678783 14.72185676544905 0.5010582208633423 4.938135139644146 15.16821876168251 3.503206253051758 0.5952571108937263 3.245053373277187 0.2076607644557953 0.6631563156843185 0.3067217916250229 0.1168549656867981 0.09510666131973267 0.3548790290951729 64.44828518480062 8.603326663374901 0 1.664740942418575 3.749340489506721 0 6.412832953035831 6.578648805618286 2.788460627198219 0.5750783681869507 64.82062879949808 9.61348520219326 26.45737288892269 79.49979305267334 27.60197433829308 2.749936461448669 43.06141405552626 35.39174795150757 19.946802303195 24.89801923930645 0 0.792597621679306 0 0 0 0.6357599496841431 0 0 0 0 0.09122681617736816 0.1145941838622093 0.1708484888076782 0 0 0 0 0 0 1.900398999452591 0 0 2.683099716901779 1.39739266037941 19.79517286270857 3.207249909639359 13.86546120792627 1.642695128917694 0.9055357277393341 0 0 0 0 0 0 0 0.1213803589344025 0.542810320854187 0 0.3717515170574188 0.1448833644390106 0.3822956830263138 0 0 0.515935093164444 0 1.216671898961067 0.1298214346170425 1.142415225505829 0.7385900020599365 2.014645650982857 19.0273020118475 0.2043092995882034 0 0 0 0 0 0 0 0 35.5344472900033 0.9544221162796021 0 0 0.3495242446660995 1.156805962324142 2.724341124296188 13.44133910536766 0.8015065938234329 1.525185316801071 0.1144821345806122 0.150856539607048 0 0 0 0 0 0.2061399146914482 0.1630068272352219 0 0 23.01738971471786 9.294189721345901 19.1579901278019 219.15915556252 8.648116514086723 367.0115733519197 57.25872845202684 135.6392866298556 90.61893133819103 2.782738633453846 26.28687731921673 51.80484525114298 0.2389773726463318 3.008961416780949 1.463557384908199 21.79810690879822 0.1424153596162796 0.2654912173748016 0 10.59638617932796 0 57.31446229666471 9.131260558962822
168.9301820099354 80.14965587854385 1.538324445486069 386.1820966154337 2.615334682166576 5.359466254711151 61.51742304861546 0.2579910904169083 3.381821565330029 638.4976467341185 2.449820414185524 122.2837392389774 62.31078813225031 12.83672489225864 0 0.0931694507598877 0 0 0 0 0.1606534719467163 3.14283761382103 0.1683585345745087 0 0 0 0 0 0 0 21.43259514868259 0.2924183458089828 13.1638043448329 0 0 0 8.10681863874197 4.217730343341827 7.69844151288271 0 0 0.2791580259799957 0 0.1207702308893204 0.1390029340982437 0.1369177252054214 5.544726222753525 0.3568249642848969 0.1286247074604034 0 0.435626357793808 45.65221300721169 5.843744941055775 1.371327146887779 2.035797536373138 8.885117426514626 98.52055263519287 134.1646184697747 10.57490877062082 4.306249931454659 0 2.360216721892357 0 8.482069559395313 1.624772287905216 1.411250829696655 1.092951327562332 0 0 0.107763446867466 178.3838299661875 214.2731138020754 28.27816008031368 30.13530725985765 2.742938689887524 1.851739972829819 1.327057987451553 0 0.8631324768066406 0.5586917102336884 0 0.2523406967520714 2.0785031914711 1.143739379942417 0.2494853511452675 4.307465940713882 0 24.62336681038141 8.581416584551334 33.06118211150169 4.010244876146317 15.65054271370173 0 0 8.241177394986153 420.2652249783278 757.3136351555586 57.11098816990852 82.38964662700891 288.5805844813585 0 12.41944994032383 5.568593308329582 5.54256796836853 0.1645409166812897 19.58319770544767 21.69521945714951 7.644859492778778 31.0375946611166 24.57524025440216 0.5101174712181091 8.763009920716286 6.240256518125534 4.016222253441811 0 0 0.1892473101615906 0 0 0 0 0 0 0 0 0 0 0.2513359859585762 0 0.1384691447019577 0 1.105037599802017 0.3192624002695084 0 0 0 0 0.2420116811990738 0 0.3030934631824493 0.317448116838932 0.5066993087530136 1.034905895590782 0.2184619382023811 0 0 0 0 0 0 0 0 0 0 0.1100396141409874 0 1.618663743138313 0.3047357797622681 0 0 0 0 0 0.1481794714927673 0 0 0.3692697584629059 0 0 0 0 0.1610571146011353 0 0.2781716287136078 0 0.9184101819992065 0.7599132210016251 0.5556888580322266 0.3068055808544159 0 0 0 0 0.39670729637146 0 0 0 0 0 0 0.1064233407378197 0.1259168088436127 0 0.09428445249795914 0.7928859442472458 0.1139895245432854 0.6652719527482986 2.625808030366898 0.9743164479732513 1.284676522016525 182.6722921803594 3.56903512775898 31.44406379759312 1.375462651252747 135.8656554371119 20.17937920987606 0.9391724169254303 1.280783295631409 61.98712895810604 0 0.332387387752533 0 31.69693852961063 0 0 0 0.1898810714483261 0 134.6939774230123 12.17772647738457
596.8505297228694 2572.048244521022 51.51318268477917 397.6896222755313 2595.088161088526 61.51742304861546 1516.380799539387 7.454558871686459 2100.621611222625 2198.799932010472 491.3096953704953 65.59253370016813 5351.276953451335 3289.728430755436 5.073119029402733 1.781068779528141 0.4768959209322929 0.1008429750800133 0.2125669792294502 0.2976932004094124 0.09135638922452927 0 0 0 0 0.1026781499385834 0.3549530506134033 0.272398978471756 0 0 194.7684554234147 14.22887758165598 8.080638639628887 0.1927149742841721 0.1713322401046753 0.1039013117551804 1.654505044221878 0.690573439002037 0.3532967269420624 0.09894516319036484 0.2071268707513809 0.102247841656208 0.6004903316497803 1.104160971939564 0.5866948068141937 0.3127320483326912 45.27193635702133 3.759474620223045 0.2437853291630745 1.557256430387497 0.3199106678366661 0 0 0 7.543296933174133 17.17338612675667 63.87946536391973 142.7901491299272 29.76884635537863 32.98053558170795 0.6377962529659271 3.735508136451244 0.5290883630514145 63.96939585357904 11.9516849219799 6.120495162904263 2.453487940132618 0.5794010162353516 0.6230123043060303 0.4157416895031929 13.03853720426559 0.4966749548912048 0.103066474199295 120.5487770363688 43.4624609798193 33.4490325152874 21.09834833443165 4.765325784683228 0.2633813321590424 5.354856088757515 0.193613737821579 3.279363483190536 12.51709834486246 1.331465423107147 3.752349592745304 14.43258641660213 3.595881529152393 0.5364054292440414 2.645699493587017 0.3877713531255722 0.7679917365312576 0.106374703347683 0.6149507239460945 0.3261320516467094 0.3414936810731888 49.27631767094135 2.292750418186188 0 3.535944171249866 16.52816899120808 0 4.336565583944321 9.409615829586983 5.356368020176888 0.5129802227020264 36.33875399827957 7.979093387722969 16.81995611637831 56.09278644621372 25.16767258942127 0.3217618763446808 35.8306051492691 21.43050469458103 16.93145775794983 11.27813608944416 0 0.5271352380514145 0 0 0 0 0 0 0 0 0 0 0 0 0 0 0 0 0 1.282303690910339 0.4390534162521362 0 0.7108904719352722 0 10.07537798583508 1.685021549463272 4.440827518701553 0.5762315690517426 1.272377252578735 0 0 0 0 0 0.1809278726577759 0 0 0.846622958779335 0 0.1332291960716248 0 0 0 0 0 0 0 0.2442515790462494 0.2599214613437653 0 0 10.78843756020069 0 0 0 0.1174405142664909 0 0 0 0 0.3530564308166504 14.01439391076565 0 0.1498642116785049 0 0 0.6766666173934937 0.3642888516187668 3.496901169419289 0.1038222461938858 0.7067333832383156 0.3792644739151001 0.1936906725168228 0 0 0 0 0 0 0 0.6727068424224854 0 12.09485173225403 5.511816918849945 8.464922808110714 147.3802764192224 6.274736024439335 224.5539869368076 26.2665808275342 126.4784595370293 47.14575492590666 1.01083593070507 15.67666009068489 38.92653078585863 0.4564554840326309 1.778543539345264 0 17.37196443229914 0.1184229776263237 0.1474838107824326 0 4.163498163223267 0 96.09261808544397 15.16271336376667
68.5945540741086 1197.095332525671 3451.608774989843 0.7580983638763428 384.296410523355 0.2579910904169083 7.454558871686459 1952.638736411929 198.6074247732759 7.913108065724373 2305.055917114019 93.61695751547813 237.707435593009 1055.301838368177 12.33368100225925 12.71924705058336 1.563315071165562 3.521193645894527 1.838470630347729 36.92701811343431 23.86597023159266 3.842415258288383 23.6781642138958 8.492662370204926 67.81123843789101 3.024050086736679 44.99110882729292 2.704402767121792 0.8649827837944031 2.663246631622314 1465.537884123623 2549.86224347353 292.7601277977228 25.87102187424898 99.26593502610922 74.42783742398024 72.18585281819105 179.5415607318282 8.652400642633438 16.58489605039358 39.26798182725906 11.80818095058203 62.79625634104013 17.46770542860031 10.57390838116407 27.39117206633091 74.72266852110624 5.06339980661869 7.482918851077557 80.87880256026983 0.5659026727080345 0.4767808169126511 0.7334825322031975 2.250037804245949 2.917320542037487 6.492169737815857 32.07432691007853 142.7225404903293 15.42837397754192 21.30285993218422 92.97121895849705 473.5070513263345 41.04477164894342 320.1177275553346 4.013178564608097 5.412103421986103 1.723833687603474 9.579680226743221 49.04476711899042 148.1066309660673 73.46535836160183 1.893305987119675 0 59.72327915579081 36.95466420799494 52.34101411700249 77.84653590619564 427.6700925379992 382.5838743522763 1727.409731037915 33.51731906831264 1209.025937862694 6.748208463191986 0 5.537589341402054 6.195498414337635 70.37491171807051 0.3389351218938828 1.770405732095242 0.1342968642711639 0.7378721162676811 1.27950331568718 74.86446156352758 7.855368807911873 5.627963736653328 8.942303009331226 6.664983108639717 0 5.651597522199154 38.18774288147688 0 0.4886666536331177 0.8020776957273483 0.1326539665460587 0 10.32696364074945 0 0.8788762092590332 7.662787184119225 1.844073563814163 0 5.465104624629021 1.901745945215225 2.692118033766747 3.427452713251114 0.4379525184631348 0 0.1741379052400589 0 0.1575370728969574 0 0 0.7466801404953003 0 0 1.35538138449192 0 1.800732545554638 0 0.1234443411231041 0.761975958943367 0.4582158401608467 0 0.1168860569596291 0.1725565791130066 0 0 0.870683029294014 1.214914306998253 2.024193115532398 3.270737044513226 4.150935292243958 2.568260550498962 1.506925001740456 1.584586508572102 0 0.1956317126750946 0 0 0.1521468907594681 0.2707367539405823 0 0 0 0 0.1278714090585709 1.319809198379517 2.639932580292225 0.09410815685987473 0 0 0 0.2720178365707397 0 0.2222805470228195 1.660066738724709 5.466959074139595 0 0 0 0 0.2273617684841156 0 0 0 1.463340595364571 3.15771659463644 0.2543671503663063 0 0 0.1167352274060249 0 0.2033933699131012 1.087900161743164 1.024044930934906 0 0 0.1268565356731415 0.94952292740345 0 0 0 0 0.1103652119636536 0.3925794064998627 1.058482423424721 0.1392680108547211 1.659955471754074 3.093147963285446 7.256075344979763 103.2594616562128 32.37705697119236 191.9097659140825 59.77286808937788 29.69967548549175 20.58582684397697 0.8361561447381973 6.675780162215233 11.45988074690104 0.9537447541952133 2.644805863499641 0.1021957993507385 2.286560893058777 0 0 0 2.261944390833378 0.8181628584861755 14.08013412356377 0.7457779496908188
5.569108933210373 1332.790193349123 274.7166569903493 3.399580404162407 4803.565173372626 3.381821565330029 2100.621611222625 198.6074247732759 1317.974587194622 362.256657063961 713.7033913508058 24.41332986950874 591.3596133738756 1394.458851277828 13.85187289118767 6.121014282107353 0.4779974296689034 0.4698478654026985 0.08818814158439636 0.09483247250318527 0.3708032220602036 0.154013380408287 0 0 1.695513866841793 0 0.2435489520430565 0.559004545211792 0.144930973649025 0.1610712558031082 63.15593851357698 61.25842330604792 18.93617976456881 0.348874032497406 0.850101962685585 0.7254245430231094 8.360222347080708 3.226825475692749 1.415990948677063 0.821201391518116 0.264810137450695 0.111390583217144 0.1631466597318649 0.7695832923054695 0.4532494470477104 0.4816157892346382 91.04220581799746 4.159765645861626 0.6152521669864655 0.9691717028617859 0.7192811369895935 0 0 0.07962489128112793 2.400494240224361 9.06506273150444 27.14891201257706 54.57911843806505 20.8901602178812 35.00608315318823 0.7111321240663528 9.450357176363468 0.2315928190946579 47.03201347589493 8.443696916103363 3.307232446968555 2.028731800615788 0.4804980158805847 0.2735525220632553 0.1359387338161469 34.28252924233675 0 0 78.6311901435256 47.34984847903252 63.91371148824692 37.71896882355213 6.45932162553072 0.7097587659955025 11.10971763730049 0.5065774098038673 1.991442292928696 7.208283603191376 0.906728096306324 3.993907198309898 5.229517348110676 3.446230128407478 0.6498335748910904 1.864415928721428 0 0.381308987736702 0.08728814125061035 0.5167421475052834 0.4816053882241249 0.1319494843482971 66.42916612327099 7.930194370448589 0 2.152479633688927 3.921183571219444 0 11.06413619220257 10.52971362322569 5.241592578589916 5.26752682030201 83.66413890570402 7.889623656868935 29.9556849822402 102.9118449687958 36.93270920962095 7.363327756524086 47.74187468737364 68.33071649074554 39.47648876905441 23.0390732884407 0.4219196289777756 1.13743469119072 0 0 0 0 0.3822365403175354 1.017070412635803 0 0 0.1595484763383865 0 0 0 0 0 0.7802504897117615 0 0 2.057726293802261 2.358917325735092 0 1.671886414289474 0 30.43459611386061 7.623804114758968 23.07727489620447 2.377831920981407 0.1723356544971466 0 0 0 0.1288545876741409 0.2985138297080994 1.340940654277802 0 0.5680983364582062 0.8575310632586479 0 0 0 0 0.1356966942548752 0.2373138219118118 0 0.2215144857764244 1.036713682115078 1.175037734210491 1.384525313973427 0 1.868647590279579 31.97588077187538 0 0 0.21796914935112 0 0 0 0 0 0.1149277314543724 47.07746965438128 0.3876623809337616 0 0 0.1961332261562347 3.447936452925205 4.545459032058716 12.42037554085255 2.177050366997719 0.6066530644893646 0.3651222884654999 0.6718962863087654 0.557711586356163 0 0.09837983548641205 0.2503407225012779 0 0 0.3273520171642303 0.6541377604007721 0 43.72165036201477 14.80165776610374 21.89148776978254 217.8767171725631 6.168774768710136 223.6227846369147 55.41391476988792 79.89204195141792 50.44158963859081 1.605360023677349 25.04858722537756 44.37634642422199 0.1415126323699951 4.673806004226208 1.632309801876545 20.41882202029228 0.3257374167442322 0.09713500738143921 0.1309546083211899 7.906917981803417 0.4325398653745651 46.43179618567228 16.38094767183065
1968.903382912278 871.2438729703426 60.06667452305555 4167.221732906997 565.3885965868831 638.4976467341185 2198.799932010472 7.913108065724373 362.256657063961 3229.556011945009 115.0178883671761 2678.57634472847 7045.70701572299 344.4312760010362 2.29290497303009 1.613729655742645 0.2530389949679375 0.2451201379299164 0.2641205191612244 0.09183010458946228 0.1426789164543152 0 0.2374693304300308 0 0 0 0.6719456315040588 0.08806486427783966 0 0 50.38005363196135 4.084557242691517 10.64708130061626 0 0 0.3576196432113647 9.640613347291946 2.46894234418869 2.690896183252335 0 0.2010791301727295 0.1762070804834366 0 0.6124151200056076 0.2151115387678146 0.1092507019639015 21.88236286491156 1.251807302236557 0.1986226066946983 0.5336990654468536 0.2242903560400009 0 0.1006487682461739 0 2.543412156403065 6.609037853777409 32.69627994298935 56.93432497233152 18.99728528410196 15.44679404050112 0.2289993390440941 3.504608184099197 0.196468785405159 24.25496666878462 5.485531494021416 3.087536014616489 2.275288075208664 1.095419809222221 0 0 114.4311786219478 2.608860313892365 0.2905029505491257 61.7136555314064 22.72873904556036 15.79604580253363 6.75639084726572 1.853688977658749 0 1.331307351589203 0.3619706928730011 2.010807156562805 4.788786083459854 0.1101637482643127 2.039715230464935 6.419232934713364 1.081635043025017 0.6703967303037643 0.7450649589300156 0.2697489857673645 0.3429489359259605 0 0 0.1185512095689774 0.131142720580101 323.8318516761065 63.88714171946049 0 2.40174400806427 218.1360939070582 0.8953865468502045 71.51153323799372 88.89860311150551 37.45671367645264 10.16822229325771 248.7704901695251 131.5187191590667 128.2359314188361 468.6609496995807 252.0161105617881 6.60974957048893 142.2428529635072 151.4615701660514 75.89298908412457 27.42601129412651 0.2062819004058838 0.1936882138252258 0 0 0 0.4052599668502808 0 0.5435064285993576 0 0 0 0 0.5483320206403732 0 0 0 0 0 0 3.2570581138134 1.281246446073055 1.264312505722046 0.1586084365844727 1.257938206195831 26.01517491042614 4.010366588830948 7.477708257734776 1.252618558704853 0.1792952716350555 0 0.7665554285049438 0 0 0 0 0.3454251885414124 0.2366926297545433 0.997313916683197 0 0 0.265773594379425 0 0.4434799551963806 0 0 0.1004735603928566 0 0.8769371882081032 5.672287046909332 0 0.8635885119438171 15.79247886687517 0.358796015381813 0.1239583641290665 0 0 0.114320419728756 0 0 0 0.3335666656494141 38.25203701853752 2.3499735891819 0.9921376407146454 0.1644526571035385 0 2.682540029287338 1.358428046107292 9.875544548034668 1.392550520598888 2.077933445572853 0.3803034424781799 0.4327356368303299 0.2386742383241653 0 0 0.1896108388900757 0.1146712601184845 0.1224215999245644 0.4441016763448715 0.2251661270856857 0 69.60332822799683 9.286676228046417 9.14743210375309 525.5182541459799 4.749755159020424 130.3926858529449 23.36080576479435 264.3055227845907 39.48169796913862 1.231622114777565 11.66731037944555 347.6518737375736 0.4914948642253876 4.246231600642204 0.8335247784852982 224.9939318150282 0 0 0.3862975835800171 2.78214293718338 1.554358467459679 476.553868971765 113.4782350212336
97.52539131045341 1510.550597846508 1697.01048297435 1.573504321277142 2268.672987610102 2.449820414185524 491.3096953704953 2305.055917114019 713.7033913508058 115.0178883671761 3143.071104958653 261.3265706449747 2616.874209582806 4767.185339048505 21.37807934731245 21.97355878353119 0.2661046981811523 0.846261739730835 0.09510890394449234 6.08210800588131 8.891732707619667 2.116479799151421 11.88263987004757 6.214124716818333 48.26348628103733 1.939255356788635 34.67715711146593 2.003344506025314 1.712720170617104 3.686449445784092 384.7872042730451 197.5539193600416 1064.64418040216 3.447074644267559 38.71564555168152 52.37860371917486 244.7352040410042 225.9538594409823 16.10316127538681 15.85602195560932 22.66102907806635 10.81908713281155 6.807579346001148 3.723393693566322 0.5691659674048424 4.580363877117634 88.79113381356001 1.61058471351862 0.7902474701404572 7.173517152667046 1.335872143507004 0.3807805404067039 1.293315291404724 1.784746430814266 2.648341618478298 3.468800373375416 16.54925844818354 53.01744668185711 13.74705947190523 28.59217058122158 1.61630716919899 409.2026959583163 7.081963203847408 41.44421891868114 4.495231628417969 2.84257660061121 0.8121230602264404 4.297305680811405 12.0524410828948 30.19012070447206 224.3708345293999 0.550590381026268 0 44.72464060783386 28.89444587379694 57.94099693745375 39.17585733532906 12.88419308513403 3.776594869792461 395.1961113661528 0.4074698239564896 76.89653942734003 4.610223077237606 0.5330728814005852 2.149894237518311 3.619779013097286 9.108194813132286 0.4224382191896439 0.8597110882401466 0.1319122016429901 0.08610031008720398 0.2228701859712601 25.00935275107622 3.473078936338425 0.9178280904889107 65.2709624543786 10.05502791702747 0.1658453196287155 4.576682239770889 17.31322326511145 0.153453066945076 2.752925217151642 5.088951870799065 1.411176711320877 2.416646018624306 37.30519466102123 2.920308217406273 13.59974040091038 44.86421111226082 13.14571744203568 1.62222458422184 21.48681438714266 29.73215652257204 17.81834624707699 11.77000918984413 0.3370976150035858 0.4783418849110603 0 0.1019807010889053 0 0 0.198897510766983 0 0 0 0.265836089849472 0.6894762516021729 0.5395769029855728 0.5412673354148865 0.3646860420703888 0.5920172333717346 0.3105038851499557 1.346402272582054 0.2058373540639877 0.922039270401001 0.3534450232982635 0 2.600303173065186 1.052802175283432 13.89428427815437 5.352150306105614 10.37650536745787 2.829100020229816 0.6594865620136261 0.3153745383024216 0 0.4012715220451355 0 0 1.103929966688156 0 0.9891101866960526 0.1057231053709984 0 0 0.6685022264719009 2.346749670803547 2.069016844034195 0 0 0 0.1585055738687515 0.1265043318271637 0 0.3007156401872635 0.4485864341259003 14.12638632208109 0 0 0.2186826914548874 0.4637996852397919 0.3920707702636719 0 0 0 0.7140698432922363 17.27269320935011 1.07029590010643 0 0 1.212307445704937 1.387124821543694 1.137512251734734 8.641435459256172 0.5921832472085953 0.133076086640358 0.6503689140081406 0.1629833430051804 0.7088649719953537 0 0 0 0 0.1171203628182411 0.08903878927230835 0.6392793357372284 0.1299558132886887 14.30649282038212 5.527740575373173 10.88717540353537 187.3151024356484 9.628784097731113 198.0892412364483 79.44861251860857 45.06781229376793 32.91375638544559 0.1499339789152145 21.52094687521458 28.78780365735292 0 4.594217292964458 1.405300304293633 8.947839424014091 0.5662596523761749 0.4121071100234985 0.9655569791793823 9.463749170303345 0.2852624654769897 47.3255472406745 7.699646845459938
65.26211423426867 78.98813224583864 46.98207990825176 332.5617131441832 36.30953267216682 122.2837392389774 65.59253370016813 93.61695751547813 24.41332986950874 2678.57634472847 261.3265706449747 415.1895304843783 1229.52423170954 222.7222260460258 33.70061926543713 39.14383322000504 2.081689983606339 0 0 1.392393812537193 1.773113176226616 1.461168751120567 1.425750806927681 0.3131695240736008 7.434758588671684 0.4432577937841415 10.26902440190315 3.485065154731274 1.220113292336464 0.4397255331277847 20.69274048507214 0.5999195277690887 344.8208232298493 0.1116253510117531 4.944482766091824 4.030955508351326 643.1318827271461 68.61847057193518 53.21697601675987 4.032189093530178 10.05562756955624 4.507199987769127 1.477193027734756 6.294092744588852 0.2188575193285942 1.942453861236572 81.89864250272512 1.240222774446011 0.4838321357965469 0.9664179757237434 0.3701133579015732 3.975334070622921 38.83944749087095 3.053306326270103 0.4977761134505272 2.967143476009369 8.737752042710781 7.939212262630463 5.298581764101982 10.95395993441343 0.7763688266277313 16.73886080831289 1.214279718697071 8.89765165746212 1.006981663405895 0.2219172716140747 0.949441947042942 0.7531242221593857 1.126363553106785 3.92500826716423 1091.951224274933 8.733378581702709 1.036269627511501 17.3096415027976 6.930175505578518 30.09926158189774 17.83523694425821 16.78335727006197 0.3102430403232574 21.17012207210064 0.3203938901424408 3.774991847574711 1.410820923745632 0 0.7241350412368774 1.044821426272392 1.810408115386963 0.3478197157382965 0.8463323339819908 0.4106937199831009 0.2110642194747925 0.5943198204040527 5.701699569821358 1.548133194446564 0.9745338931679726 1247.659605927765 240.1363766714931 11.15958771109581 125.4268496632576 58.82271809130907 1.053929775953293 21.93110318481922 32.93830181658268 16.5314224511385 5.466586776077747 218.4161514863372 45.01723896712065 94.65715067088604 294.1307821795344 121.6295221224427 10.57315446436405 124.5369711443782 121.1456064581871 77.03947212547064 50.02237559109926 1.415676653385162 0.9343176633119583 0 0.4897142723202705 0 0 0.3406273424625397 0.3902358561754227 0.6212799251079559 0 0 0 0.490811288356781 0 0.5091066360473633 0 1.197789311408997 0 0.4993014931678772 7.713947162032127 1.466994546353817 0.6618479341268539 3.663534432649612 1.751534849405289 56.17901331186295 8.902323871850967 30.32958998531103 6.708355322480202 2.381308034062386 0 0.1583738327026367 0.2506856098771095 0.9255674332380295 0 1.318602964282036 0 0.5349148958921432 1.525266550481319 0 0.3845089748501778 0.2439954727888107 2.579096265137196 1.212517283856869 0.6875509321689606 0 0.1736601367592812 1.188395410776138 2.186330914497375 3.670105375349522 0.6932500004768372 2.877805255353451 52.59041057527065 0.9912401586771011 0.1241384595632553 0.1008039191365242 0 0 0 0 0 1.239457167685032 84.89284604787827 2.57012939453125 0.3246451020240784 0 0.11764757335186 8.247331410646439 2.152971215546131 22.24889931827784 0.8842184394598007 2.511462308466434 1.468337655067444 0.4916001707315445 0.2128279507160187 0 0.216630220413208 0.1401070207357407 0 0 0.1327667087316513 0 0 72.49842540174723 33.99982223659754 47.16774572432041 487.231541544199 10.80113336443901 198.8603965863585 147.7991619035602 131.0757170394063 31.86580932885408 1.400823280215263 30.99338207393885 148.645122602582 0 13.08895978331566 1.936292767524719 82.07342920452356 1.054605036973953 0 2.740372210741043 16.03680743277073 0.9519933611154556 548.9445141479373 67.20682749152184
