196.1878538876772 2380.437907692045 78.80217196792364 906.8824362531304 174.698117043823 127.1096711829305 528.8305867239833 2.72513335943222 13.99446281790733 745.2619910910726 34.90093545988202 247.3426943235099 53.22383809834719 17.07552962005138 0.9359866604208946 0.2343031764030457 0.3703718259930611 0.223781906068325 0 0.1386878490447998 0 0 0 0 0 0 0.2270568534731865 0.2345385029911995 0 0 321.8534932285547 0.6535919681191444 0.5885071456432343 0 0 0.1015848889946938 0.1643132269382477 0.1707167848944664 0.2626660764217377 0 0 0 0.09445778280496597 0 0 0 40.48297397792339 6.015989318490028 1.561332874000072 0.2252815961837769 0.594457671046257 0.2629530802369118 0 0.1220153495669365 14.91744092479348 25.34289710968733 348.8414141200483 905.1383619718254 116.3445700705051 42.44656165316701 0.09686777740716934 0 0 1.814818497747183 2.443942628800869 3.655391782522202 0.4762055985629559 0.5094004571437836 0.07341006398200989 0 2.104370906949043 0.6680796891450882 0.1681621521711349 298.0014423020184 15.34102242439985 11.70966197550297 0.6549703329801559 0.1505437716841698 0.1848935186862946 2.10413009300828 0.2625917419791222 0.3787630461156368 22.63146407902241 2.174438189715147 3.025034096091986 4.789370860904455 1.196323983371258 0.2668639197945595 0.6899016499519348 0.1850903034210205 0.3760664314031601 0.1747465431690216 0.08046849817037582 0.6202102228999138 0.1052357405424118 12.33305110037327 0.4572919309139252 0.2121331095695496 0.2263475693762302 1080.023269958794 0 0 0 0 0 4.116062939167023 1.903629332780838 0 3.066246464848518 1.800724923610687 0 0 0.1059873774647713 0 0 0 0 0 0 0 0 0 0 0 0 0 0 0 0 0 0 0 0 0 0 0 0 0 0 0 0 0 0 0 0 0 0 0 0 0 0 0 0 0 0 0 0.1231098473072052 0 0 0 0 0 0 0 0.2173362374305725 0 0 0 0 0 0 0 0 0 0 0 1.178739130496979 0 0 0 0 0 0 0 0 0 0 0 0 0 0 0 0 0 0.1755082085728645 0 0 1.324546754360199 0 0.08673840016126633 172.8936478123069 3.137092299759388 124.0036985240877 1.995889008045197 817.5166157633066 12.02255668491125 2.944702088832855 0.6744501367211342 1.265157595276833 0 0 0 1.990805745124817 0 0 0 2.182545676827431 0 195.2871739119291 0.1410254091024399
2380.437907692045 2275.431988347322 449.5931317098439 1392.55552784726 2954.12220479548 62.83747428655624 1495.588784500957 95.07600822299719 1597.446039572358 2243.599516250193 861.0394574180245 96.96111303567886 296.2767457924783 834.8429759144783 13.76875272393227 2.4180688560009 4.936534732580185 0.844201996922493 0.2479940503835678 0.6319869309663773 0 0.2620685696601868 0.2970966100692749 0.2639397382736206 0.6657492965459824 0.5516655668616295 0.6108400970697403 0.1419743299484253 0.1558007746934891 0.1575933322310448 2309.774239841849 18.43441950157285 64.39143041521311 0 0.3960951864719391 1.956637427210808 8.518631562590599 0.6769730448722839 2.005450733006001 1.125501066446304 0 0.8542436510324478 0.2392120510339737 0.3137805312871933 0.1831117570400238 0.7578070610761642 230.5192277282476 17.16641095280647 3.562466688454151 0.7238677740097046 2.751190267503262 0.9132725447416306 0.361579030752182 0.3611242324113846 27.20263444632292 41.34391856566072 179.5458170585334 1062.23212665692 160.5811180770397 163.2963548190892 0.362898051738739 1.213571697473526 0 47.49117646366358 4.660026669502258 8.330996748059988 2.326609931886196 0.9076177999377251 0.7184850350022316 0.1688910722732544 49.98345154523849 8.991957806050777 0.1596255600452423 625.3904309943318 121.4975145161152 119.7279507890344 16.68300260603428 3.105736553668976 0.715296559035778 151.7071398794651 1.11666239798069 5.330722466111183 52.91426498442888 3.41398236528039 8.321133509278297 9.915086966007948 2.165974654257298 1.030726462602615 2.320960491895676 0.7221309468150139 0.9073299542069435 0.8640911728143692 0.6701133698225021 0.6003180965781212 0.8344305083155632 144.7777367979288 15.35957343131304 0.5144986510276794 5.172111950814724 815.2225544825196 0 7.119630426168442 0.2254296541213989 2.123422175645828 28.54836602509022 27.55912099033594 22.2488491460681 1.380941689014435 31.27178291231394 22.94777768850327 2.115080237388611 13.81502056121826 19.63517865538597 4.8896614164114 1.056568220257759 1.310749918222427 1.338491082191467 0.225664809346199 0 0 0 0 0 0 0 0 0 2.382849514484406 0 0.3907913863658905 0 0.8643273711204529 0 0 2.094595186412334 7.699231505393982 0 0 0 3.276336431503296 0 0 3.353599816560745 1.836270749568939 0 0 0 0 0.5027750730514526 0 0 0.359032154083252 0.7881732136011124 0 0 0 0.4954052865505219 0 0 0 0 0.07423138618469238 0 2.097544550895691 1.180932760238647 0 1.093832492828369 0.3574859499931335 0 0 0 0 0 0 0 0 13.75888274610043 0 0 0 0.4251380264759064 9.764739811420441 0.2364861518144608 0 0.2618738040328026 0.1805144995450974 1.968486770987511 0 0.8672957420349121 0 0.1181223094463348 0 0 0.2131760120391846 0 0 0 18.08152475953102 5.34829843044281 8.94864097237587 550.9264320060611 14.11532166972756 468.5324597172439 33.98007296770811 277.7743341326714 52.85571926832199 3.872766815125942 16.22520618140697 34.19071411341429 2.142987608909607 4.749948650598526 4.029862821102142 7.604000672698021 4.24844354391098 0 0.2966903448104858 23.4710029810667 1.65359203517437 143.9333882406354 28.77027452737093
78.80217196792364 449.5931317098439 1365.074715338647 2.932353392243385 153.1748095937073 2.57701388001442 13.16964279860258 3284.679952275008 193.9412048086524 11.61497662216425 3472.5002374053 6.508206270635128 23.22271327674389 298.7364978417754 4.731149740517139 1.670690193772316 5.551639720797539 7.309421353042126 0.4476189315319061 11.50876319408417 1.845981605350971 0.7669889777898788 0.6066240891814232 0.516033723950386 14.9656924828887 1.481067053973675 1.444117411971092 2.074603922665119 0.4758968502283096 0 3623.112001489848 263.0228769481182 161.3117306008935 6.663841739296913 7.672174789011478 52.25778727978468 18.8254437148571 29.83997504413128 19.7690044157207 8.686680734157562 3.117803461849689 6.138968989253044 27.37540353089571 3.169007763266563 2.953194007277489 10.15331496298313 71.21038424223661 8.118581153452396 5.375751227140427 21.73626774549484 2.55080808699131 3.062487229704857 3.163838416337967 1.356335170567036 5.218100935220718 10.21780556440353 85.34301169216633 789.8468838147819 43.4849798604846 45.76073762029409 35.98969519510865 41.68598481267691 11.93622368574142 179.4212393388152 1.961635686457157 2.377475686371326 0.4036906436085701 1.922889210283756 19.70752941817045 4.362747855484486 54.97948399186134 5.137054912745953 0.1171292290091515 263.934434376657 81.50346749275923 37.96284877508879 10.05049999803305 3.395925641059875 21.27813836932182 1465.513183813542 42.15181627124548 226.7951382398605 13.5362219363451 1.023650422692299 1.349824376404285 3.191803753376007 9.959490574896336 0.1663777977228165 1.077628389000893 0.8974743708968163 2.242895521223545 1.205629996955395 6.984867468476295 4.23531386256218 3.445036649703979 12.99722720682621 6.665262833237648 0.1206729114055634 17.66757634282112 57.1709158718586 0 0 0 1.33917498588562 1.075415700674057 0 1.328510798513889 0 0 7.657106518745422 0.1572596281766891 1.531129240989685 2.078473001718521 3.597479224205017 1.28795912861824 0.06930053234100342 0 0.0739678218960762 0 0 0 0.1243194565176964 0 0 0 0.400508925318718 0 0.09749308228492737 1.018594980239868 0.09900662302970886 1.335668325424194 0 0.4872249215841293 1.300426565110683 0 0.363634467124939 0 0 0 0 0 0.813117504119873 2.211084485054016 3.837857320904732 0 0 0 0 0 0 0 0 0.06438910961151123 0 0 0.4361124634742737 0.4708845838904381 0 0 0 0 0 1.002355434000492 0 0 0 1.20885181427002 0.512565053999424 0 0 0 0 0 0 0 0 0 0.3151098862290382 0 0 0.2467866837978363 4.78637421131134 0 0 0.6408044397830963 0.989111453294754 0.147982582449913 0 0.8511081337928772 0 0.08500959724187851 0 0 0 0 0 0.1253190487623215 3.592185690999031 1.300911545753479 1.056958846747875 145.770350664854 9.755491204559803 162.0490534752607 61.63716226816177 31.20402387529612 12.169483050704 0.8201711475849152 7.584095038473606 8.993662483990192 0 0.7620524615049362 0.9544515758752823 3.619953855872154 0 0 0 6.4421346783638 0 18.14184082299471 1.848517052829266
906.8824362531304 1392.55552784726 2.932353392243385 397.1979620829225 35.82001343369484 414.4959428757429 750.1613255292177 0.2038603723049164 14.5697113648057 2134.519892193377 1.745661776512861 1622.310004353523 268.592692412436 28.73253395408392 0.8343443050980568 0.07616528868675232 0.5147559642791748 0.06796351820230484 0 0 0 0 0 0 0 0 0 0 0 0 11.94563309848309 0 0.5900349393486977 0 0 0 0.6806353330612183 0.2278227806091309 0 0 0 0.07111765444278717 0.06185631826519966 0 0 0 25.14172372221947 2.223778560757637 0.4925306290388107 0 0 0.3665769994258881 0 0 4.028004221618176 4.242764171212912 50.75763634964824 120.2056938484311 27.63865878805518 22.81054548919201 0 0.1412862986326218 0 1.559460699558258 0.6539331674575806 1.027790807187557 0.1639666706323624 0 0 0 2.723524242639542 2.119551032781601 0.1424010545015335 86.26475157216191 8.534288212656975 7.702939845621586 0.6805940717458725 0 0.08513164520263672 0.3934644535183907 0.05809837952256203 0 8.854714184999466 0.202352873980999 1.01028860732913 1.351591356098652 0.1664306446909904 0 0.371014304459095 0.3017216175794601 0.06637862324714661 0.1631334125995636 0.09507100284099579 0.1613209769129753 0.1735812649130821 18.12275724112988 0.5536336824297905 0.1510544270277023 0.5632521584630013 419.0066958367825 0.262720562517643 0 8.903659269213676 5.96129634976387 3.648081541061401 26.58804847300053 1.073529973626137 0.8380187153816223 46.935387596488 1.577230058610439 1.694252848625183 1.640043541789055 6.669930905103683 0 0 0 0 0 0 0 0 0 0 0 0 0 0 0 0 0 0 0 0 0 0 0 0 0 0 0 0 0 0 0 0 0 0 0 0 0 0 0.09707571566104889 0 0 0 0 0.1282883882522583 0 0 0 0 0 0 0 0 0 0 0 0 0 0 0 0 0 0 0 0 0 0 0 0 0 0 0.5927038192749023 0 0 0 0 0 0 0 0 0 0 0 0 0 0.3322252929210663 0 0 91.16938016563654 0.3188931196928024 55.19346944242716 0.8719361871480942 403.7203345745802 8.574535697698593 0.4337176531553268 0.2830244600772858 0.9681294932961464 0 0 0 1.187825381755829 0 0 0 1.266170807182789 0 158.3892452344298 1.559282019734383
174.698117043823 2954.12220479548 153.1748095937073 35.82001343369484 4258.744983583689 1.794527351856232 1845.543220449239 188.1467335224152 6280.982413470745 358.6369197070599 1844.359339375049 65.59659970551729 923.247201949358 2176.408457688987 8.399479508399963 1.702768817543983 2.792640507221222 0.2654720172286034 0 0.2973869368433952 0.06764295697212219 0 0.08145216852426529 0.2790966108441353 0.7055328488349915 0.1560789719223976 0.3583558350801468 0 0.1972445324063301 0.08469425141811371 228.1239695101976 11.56164403259754 31.97915906459093 0.06777507811784744 0.07197153568267822 0.4452949911355972 8.603166215121746 0.7252605259418488 1.266745254397392 0.3776516243815422 0 0.07534446567296982 0.1102729886770248 0.2643159925937653 0.1498236954212189 0.327138677239418 96.21743924170732 4.698633924126625 1.440366387367249 0.5179797261953354 1.041630208492279 0.2953828424215317 0 0 7.545677006244659 11.21611587703228 34.08945367112756 164.9619950503111 37.94900097697973 54.03728216513991 0.3102812841534615 0.4883218854665756 0 26.20523189008236 2.062239110469818 2.200402952730656 0.6356702893972397 0.2262469232082367 0.07399009168148041 0.06693418323993683 61.02993708103895 6.732270695269108 0.3201326355338097 160.9370788522065 54.25310414284468 57.78150288015604 10.72661017626524 3.156209252774715 0.1536592692136765 50.16545449569821 0.3116691559553146 1.167015790939331 13.96899359673262 1.316648527979851 2.527546584606171 3.337286949157715 0.8498250097036362 0.06638110429048538 0.8300947919487953 0.3578145131468773 0.254675105214119 0.4166736379265785 0.1640679538249969 0.7610941827297211 0 118.0688293352723 17.03952343761921 0.1724841147661209 2.751978255808353 35.65012733638287 0 4.597758069634438 0.8161671161651611 0.2621051371097565 19.1496838927269 4.484893709421158 14.88943079859018 1.988665878772736 8.620145976543427 16.46200454980135 7.609383195638657 8.225241363048553 21.20510960370302 5.263049393892288 3.413202166557312 1.286502912640572 0.3622480630874634 0.6307188272476196 0 0 0 0 0.2116554081439972 0 0 0 0.1109473034739494 0.9789336919784546 0 0 0 1.241361930966377 0 0 4.876455664634705 3.446464568376541 0 0 0 0.873375415802002 0 0 5.010361641645432 0 0 0 0 0 0 0 0 0 0.5791910886764526 0 0 0 0.09133972972631454 0 0 0 0 0 0 0.1192227602005005 0 0 1.647728800773621 0.5880699157714844 0 0 0 0 0 0 0 0 10.76241020858288 0 0 0 0 4.152495428919792 0 1.33278477191925 0.1008835658431053 1.839438796043396 0.7356397211551666 0 0.8522716462612152 0 0 0 0 0 0 0 0 18.35460110753775 3.646917641162872 3.713853925466537 268.1063974127173 8.938829660415649 171.9180461913347 19.40146074444056 81.00977131724358 28.58387339115143 2.830596119165421 9.581013329327106 19.71836386620998 0 2.017997592687607 4.827850162982941 20.96774530410767 6.337716937065125 0 3.287923529744148 10.58418302237988 0 61.7727856785059 18.02016140520573
127.1096711829305 62.83747428655624 2.57701388001442 414.4959428757429 1.794527351856232 0.7603937536478043 29.12296098470688 0.1935974657535553 0 425.0758316740394 0.6484410613775253 164.0147006362677 20.33586060255766 2.979078486561775 0 0.1136783212423325 0 0 0 0 0 1.749399289488792 0 0 0.1334664523601532 0 0 0 0 0 1.431246183812618 0.181129515171051 1.447723716497421 0 0 0 2.916413106024265 0.1194169074296951 0.6911068484187126 0 0 0.1816629320383072 0 0 0 0.1359559297561646 0.1468903422355652 0 0 0 0.2050665318965912 7.362911053001881 1.491961032152176 0 0.06840553879737854 0.2007216438651085 105.8169391006231 7.340651333332062 2.220983155071735 0.2276927977800369 0.3371914625167847 0 0.1390599310398102 0.09727721661329269 0 0 0.1137561202049255 0.1975344121456146 0 0 44.28164008259773 87.85278732329607 4.650596983730793 1.160053707659245 0.1408155560493469 0.1855219081044197 0.08403400331735611 0.09914249181747437 0 0.3297696486115456 0 0 0.1023724600672722 0.8574251309037209 0 0.08716937154531479 0 1.716951608657837 0.6775407344102859 7.155255049467087 0.8800049871206284 0.1903000771999359 0 0.5077059417963028 0.1499498635530472 77.86715245246887 46.89898642897606 15.26456504315138 13.35191810131073 111.0291860848665 0 0.1790722012519836 0 0 1.323185801506042 0 0.8639866858720779 0 0.7029755115509033 1.067404627799988 0 0.2975806891918182 0.4527530670166016 0 0.4597213119268417 0.185207188129425 0 0 0 0 0 0 0 0 0 0 0 1.143397800624371 0 0.1043574064970016 0 0.09507907181978226 0.2268911898136139 0.2922969162464142 0 0 0 0 0 0 0 0 0 0.9538872763514519 0 0 0 0 0.1309669464826584 0 0 0 0.2071548029780388 0 0 0 1.155381351709366 0 0 0 0 0 0 0 0 0 0 0 0 0 0 0 0 0 0 0 0.1975855380296707 1.447348520159721 0 0 0 0 0 0 0 0 0.09257413446903229 0.1663451194763184 0.08388223499059677 0 0 0 0 0 0 0 0 1.215962275862694 0 0.4303121119737625 8.894523337483406 0.2515652477741241 0.8570569381117821 0.6016812324523926 113.5045529231429 3.511278197169304 0 0 2.584552131593227 0 0 0.6562784612178802 1.515765070915222 0.1236192137002945 0 0 0 0 99.97729563713074 2.194621816277504
528.8305867239833 1495.588784500957 13.16964279860258 750.1613255292177 1845.543220449239 29.12296098470688 847.8822332248092 5.18158758431673 1958.91264950484 2225.860868468881 211.1864599511027 438.7066390290856 2791.689562663436 2276.31182089448 9.365830533206463 1.970275171101093 1.298447981476784 0.2983250096440315 0.2786905691027641 0.1476931050419807 0.1647432968020439 0.2308605313301086 0 0 0.8145467713475227 0.08345180749893188 0.2824714481830597 0.1986614763736725 0 0.08849270641803741 43.74823095649481 7.273631937801838 32.1496077477932 0 0.07753240317106247 0.6803891360759735 11.54053623974323 1.229368634521961 2.718108542263508 1.009901657700539 0 0 0.1455919221043587 0.2458048984408379 0 0.1504790633916855 74.96851871907711 5.287300541996956 1.10936364531517 0.151050753891468 0.5652913600206375 0.1556533798575401 0.5405292138457298 0 6.214659139513969 10.93793904036283 32.49400606378913 102.9395041763783 39.40810852125287 48.27635594457388 0.1663247495889664 0.8415022045373917 0.1670323014259338 15.06917878240347 1.064061366021633 2.010651521384716 0.1744799166917801 0.194662481546402 0.07626183331012726 0.06508879363536835 72.7634245865047 13.45904599130154 0.1147513464093208 145.6493159532547 32.95699314028025 43.94985784590244 10.22914615646005 3.019398495554924 0.2013033851981163 3.442971426993608 0.3244000598788261 1.202603079378605 14.60901702940464 1.002149768173695 2.162222802639008 2.706523194909096 0.3235331401228905 0.07707038521766663 0.5859071612358093 0.3226345106959343 0.0710626095533371 0.4873866736888885 0.2738668248057365 0.2432257086038589 0.0699164867401123 285.4123226180673 9.288971625268459 0.07013919949531555 4.433755546808243 30.60603623837233 1.510509736835957 4.800600506365299 38.79978273063898 6.65955176204443 39.41642492264509 107.1782327890396 34.42316128313541 7.849345006048679 71.17843770235777 45.07418379932642 4.159952387213707 22.27789802849293 35.29247663170099 6.880614466965199 5.937991492450237 1.264173619449139 1.146112322807312 0 0 0 0 0 0 0 0 0 0 0 0 0 0 0 0 0 5.242077052593231 6.845726057887077 0 0 0 0.4566192626953125 0 0.4827033579349518 2.528573863208294 1.427783310413361 0 0 0 0 0 0 0 0 0.9162820726633072 0 0 0 0 0 0.08721684664487839 0.06948380172252655 0 0.6552752479910851 0.4378665238618851 0.5957925915718079 0 0.3428846597671509 0.1105149239301682 3.223234966397285 0 0 0 0 0 0 0 0 14.96544166654348 0 0 0 0 5.014064148068428 0 0.3810345381498337 1.374049916863441 0.5318690538406372 1.593640521168709 0.2558031380176544 0.811370275914669 0 0 0 0 0 0 0 0 25.0273472070694 11.03904508054256 8.529424205422401 282.6581457927823 5.536561824381351 150.7989132627845 16.42998244613409 118.0164414197206 21.23053452372551 0.1537136137485504 7.498850710690022 37.09495458751917 1.419968724250793 6.173551946878433 8.004159115254879 20.98372134566307 4.721907243132591 0 1.138445720076561 10.87765993177891 1.199561089277267 110.5025038868189 30.94389685243368
2.72513335943222 95.07600822299719 3284.679952275008 0.2038603723049164 188.1467335224152 0.1935974657535553 5.18158758431673 710.9773939177394 236.0482017919421 1.078320130705833 1320.699339225888 3.979397550225258 7.440790168941021 84.1564267501235 8.669672109186649 6.894747391343117 9.330630213022232 12.06351084262133 0.26292684674263 17.46599172055721 3.587262690067291 0.5480954051017761 2.474012829363346 1.486612908542156 30.08869053423405 1.95671621710062 2.743489392101765 2.730983845889568 0.8396953418850899 0.3281008675694466 655.8362060263753 1889.318765059114 52.9693251401186 11.88294857740402 15.57912605255842 150.5802550539374 28.76827712357044 80.35010261833668 27.35470437258482 18.59341084957123 7.216499008238316 6.91551098972559 31.29312054812908 20.71013949066401 6.555947497487068 38.8586602434516 65.7790505439043 6.397892042994499 7.387380786240101 27.48846904188395 2.786228261888027 4.624649174511433 4.655290991067886 2.412250369787216 2.626785308122635 3.531568862497807 25.89664371684194 216.7051858641207 14.2902622744441 30.97939742729068 98.94388312101364 247.3467463031411 22.58236020803452 808.4517797380686 0.5662845000624657 0.9229517802596092 0.5389358252286911 2.532170370221138 22.69901704788208 5.358578085899353 59.15092452615499 8.291501685976982 0.7267322093248367 136.8510967455804 237.2674852088094 93.11196289211512 180.6185005158186 70.37340199202299 422.9995477795601 1200.306374587119 205.7603584080935 1217.677363090217 4.896096728742123 0.3963152095675468 0.9201938509941101 0.9838936105370522 10.59396811574697 0 0.547441378235817 0.8007174953818321 1.605562776327133 3.163799434900284 5.64703955501318 7.631555609405041 4.213772192597389 8.947184458374977 7.609097868204117 0.9074979722499847 20.77755086123943 4.393403477966785 0 0 0 0 1.739347286522388 0 0.2051543742418289 0 0.5622596144676208 0.1537793725728989 0.6653128489851952 0.8475961089134216 0 0.3487398326396942 0 0.09778211265802383 0.6471845060586929 0 0 0 0 0 0.5505984276533127 0 0 1.603386208415031 0 0.2467608451843262 1.922177076339722 0.7251504883170128 0.8446115851402283 0.5530682504177094 0.4632739424705505 0.2367869168519974 0 0.4787737429141998 0 0 0 0.411148726940155 0 0 0.6769065111875534 0.8520627841353416 0 0 0 0.1824078410863876 0.1001648008823395 0 0 0 0.1015400066971779 0 0 0 1.065374881029129 1.022140026092529 0 0 0 0 0 0 0 0 0 0.06849297136068344 0 0 0 0 0 0 0 0 0.5085451900959015 0.8316259458661079 0 0 0 0.2288453429937363 0 0 0 0.07205339521169662 0.07906995713710785 0 0.3074104487895966 0 0 0 0 0 0.3535935580730438 0 0.6772601008415222 0.8244616389274597 0.4915441572666168 0.4967748895287514 106.4492243230343 12.45451154559851 124.7534057870507 63.82025020569563 13.69838502258062 9.072083212435246 0.3083479255437851 4.834692113101482 8.565930984914303 0 0.6273153498768806 0.2582099437713623 1.57011815905571 0.6993348002433777 0 0.3659386783838272 5.813300676643848 0.7592360526323318 5.947772964835167 0.4834913536906242
13.99446281790733 1597.446039572358 193.9412048086524 14.5697113648057 6280.982413470745 0 1958.91264950484 236.0482017919421 1016.788689158857 143.3066722080112 1467.457412350923 183.7501098886132 1037.267035014927 1691.233581598848 5.471518404781818 1.735873199999332 1.895460642874241 0.088023841381073 0 0 0 0.0938773900270462 0 0 0.2140631005167961 0 0.1632313057780266 0.07292231172323227 0.07839164137840271 0.1687837839126587 25.89627853035927 6.879074268043041 19.95685820281506 0 0.2497235313057899 1.351156108081341 7.53934732824564 0.4736038893461227 0.6371503099799156 1.038938894867897 0 0.1789817661046982 0 0.07811622321605682 0 0 38.04629348963499 1.219955109059811 0.232940211892128 0.07882216572761536 0.2098285481333733 0.4919843524694443 0.2205930352210999 0 1.393690809607506 3.429420679807663 5.858590323477983 25.11740680038929 7.32880350202322 16.88347651064396 0 0.4599370732903481 0 11.61130391061306 0.3498337045311928 0.4004072844982147 0.1237559020519257 0.1845567300915718 0 0 60.65997447818518 4.544008314609528 0.2056893855333328 38.03575228527188 18.51937825977802 23.20046655833721 8.654148533940315 2.397010333836079 0.2505629509687424 16.12020058184862 0.1669013947248459 0.5472114384174347 3.058006599545479 0 0.6576836407184601 0.5845467299222946 0.1430390998721123 0.2082209140062332 0.1685605198144913 0 0.1196438297629356 0.2480366379022598 0 0.2837620824575424 0.09413648396730423 91.58640403300524 6.073858417570591 0 3.030526839196682 2.698360182344913 0.840503416955471 1.231567598879337 0.130876287817955 0.258487269282341 14.17908497899771 3.419773072004318 24.62449029833078 0.3385522067546844 8.364195808768272 29.60268530249596 1.008824221789837 13.59504213184118 21.9345741122961 2.171049520373344 0.1487872302532196 1.532333746552467 0.420018270611763 0 0 0 0 0 0 0 0 0 0 1.695332646369934 0 0 0 0 0 0 8.071813695132732 2.439400136470795 0 0 0 0 0 1.107892602682114 3.197227396070957 0 0 0 0 0 0 0 0 0 0 0 0 0 0 0 0 0 0 0 0 0.3281015157699585 0 0 0 0 0 0 0 0 0 0 0 0 8.558387294411659 1.885162472724915 0 0 0 3.031216964125633 0 5.598047971725464 0.0918705016374588 0.956814631819725 0.3870733678340912 0.3047560453414917 0.2292521372437477 0 0 0 0 0 0 0 0 23.01635566353798 4.776689469814301 2.743789345026016 140.539666838944 3.770366340875626 63.7109152674675 13.24232942610979 31.29936815798283 9.627874635159969 0.2590247541666031 6.930491700768471 20.4987281113863 0 5.591008916497231 0.3236841559410095 5.809436589479446 1.185100555419922 0 0 3.780050657689571 0 46.07445202022791 12.84021932631731
745.2619910910726 2243.599516250193 11.61497662216425 2134.519892193377 358.6369197070599 425.0758316740394 2225.860868468881 1.078320130705833 143.3066722080112 2595.247010469437 15.01054342091084 4570.998471446335 1659.499389700592 516.1721562221646 5.405938617885113 1.55924765765667 0.3174584060907364 0.1768786162137985 0 0 0.2166601121425629 0.1903677135705948 0.104920856654644 0 0.3300787210464478 0 0.4690316170454025 0 0 0.07318822294473648 23.63127134740353 2.441679924726486 42.54944738000631 0 0 0.535492792725563 29.34780538827181 2.34574831277132 3.86887215077877 2.386329427361488 0 0.149709165096283 0 0 0.4126637876033783 0.2026136368513107 42.83277064561844 2.356481462717056 0.3647645264863968 0.1221906840801239 0.5484541654586792 2.674942947924137 3.282996751368046 0 3.600525118410587 6.887818142771721 84.07150415703654 116.5557595640421 30.69340093061328 27.44061475247145 0.6375171169638634 2.050066262483597 0.3232807740569115 4.657765693962574 0.6504696756601334 0.7756351977586746 0.5319333076477051 0.08547952026128769 0.07376454770565033 0 176.357512652874 67.15041100978851 4.149143397808075 101.7043699510396 10.50721354782581 17.41687268763781 4.661668337881565 1.54175777733326 0.1008374094963074 4.917961157858372 0.6644244864583015 2.519930385053158 8.711157619953156 1.49767354875803 1.174677602946758 2.057272158563137 0.9107408374547958 1.26402921974659 0.83986546844244 4.50125427544117 0.07062773406505585 0.2307453453540802 0.07645509392023087 0.8035952895879745 0.1920445188879967 584.4090821668506 57.52611875534058 8.854924358427525 14.01848927885294 455.5509395524859 2.693934418261051 28.35235683619976 18.42364729940891 9.738867171108723 35.92125367373228 49.01249364763498 122.6334570273757 8.086990870535374 53.42829237878323 135.0665777772665 9.630335949361324 40.66109075397253 84.23226822167635 18.06982788443565 6.079038836061954 0.7361537739634514 1.57532411813736 0 1.595081806182861 0 0 0 0 0 0 0 0 1.166461072862148 0 0 0 0.2248697355389595 0 0.1235165521502495 7.512472830712795 8.5715401917696 0 0 0 1.226637974381447 0 5.409864783287048 5.879574924707413 0.804010197520256 0 0 0 0.2826211750507355 0 0 0 0.8284055143594742 2.74735301733017 0 0 0 1.072238519787788 0 0.4382170438766479 0.09408481419086456 0 0.1991819068789482 0.08623340725898743 3.998970367014408 1.881462186574936 0 0.7843670248985291 1.506972253322601 0 0 0 0 0 0 0 0 18.22091229259968 1.266064330935478 0 0 0 8.693494886159897 0 3.885833382606506 3.451411366462708 3.460207551717758 3.04493560642004 1.411717392504215 1.75114107131958 0 0 0 0 0 0 0 0 72.71791891008615 6.589005962014198 9.386442705988884 698.9030111134052 2.09751308709383 98.6018403545022 10.52111148834229 686.9388099089265 12.10463085025549 11.68696610629559 7.167580157518387 34.57268104702234 0 9.110558204352856 6.078358136117458 104.7720522135496 9.002945512533188 2.073764085769653 2.794181250035763 5.623173549771309 0 988.4307303801179 57.67409797012806
34.90093545988202 861.0394574180245 3472.5002374053 1.745661776512861 1844.359339375049 0.6484410613775253 211.1864599511027 1320.699339225888 1467.457412350923 15.01054342091084 2416.567453511059 116.033204741776 438.7088488899171 1959.310046631843 27.65473045408726 9.851027574390173 5.804362669587135 0.4587383046746254 0.2747949436306953 0.6554013639688492 0.6535450965166092 0.4175350069999695 0.3151597306132317 0.4742612093687057 20.60367821156979 2.530896671116352 1.874965816736221 1.478772155940533 0.2993054613471031 0.1640349328517914 647.2352052927017 123.5116703808308 811.2297447025776 0.4038219600915909 2.981918163597584 41.89905682206154 158.0644524618983 72.63556101173162 44.14223944395781 35.46800023317337 1.51608332246542 1.317659743130207 1.821273654699326 0.592186514288187 0.165723904967308 0.2548678666353226 138.9987859614193 4.988921191543341 1.77843177318573 2.117587007582188 1.149874269962311 3.330992229282856 4.082827091217041 1.263422198593616 7.4195098541677 11.73923122510314 56.75402237102389 314.1067554652691 36.9348492026329 65.006336979568 1.939255774021149 122.602283783257 1.075360126793385 94.22915957868099 1.117351822555065 1.954521622508764 0.4005212560296059 0.4431183040142059 2.363612212240696 1.317454755306244 341.7044761627913 2.390046857297421 0.2125088572502136 218.5402963124216 102.9969622381032 109.5458654947579 48.35386384651065 15.37745183706284 5.549584522843361 615.1529198139906 1.189601838588715 86.54175820201635 13.53347122296691 1.054151829332113 1.789946895092726 2.171790294349194 0.9044644683599472 0.08514164388179779 1.353150647133589 0.5502859205007553 1.604601159691811 1.668703205883503 0.4016752913594246 1.890505708754063 1.449879474937916 55.50402498245239 9.554357223212719 0.2982932329177856 25.91725004464388 35.84300575405359 0.08551183342933655 0.4553846046328545 0 0.883024550974369 12.3919887766242 3.277845799922943 4.922372847795486 0 6.19607025384903 9.082943148910999 3.585481643676758 5.096088863909245 13.31785484403372 2.154554173350334 2.608043417334557 0 0.1851484477519989 0 0 0 0 0 0 0 0 0.4383993744850159 0 0 0 0 0.3394914269447327 0.1860376298427582 0.9093291312456131 0 6.450216524302959 2.536916166543961 0 0 0.1430858671665192 1.588316805660725 0 0.2801431268453598 1.878358580172062 0.8283964395523071 0 0 0 0 0 0 0 0.0631483718752861 0.08663227409124374 0 0 0 0.9401875436306 0 0 0 0 0.1964484378695488 0.1110632792115211 0.1196732074022293 0 0 0.8539822101593018 0 0 0 0 0 0 0 0 0 5.397611007094383 0 0 0 0.2858796417713165 3.748606964945793 0.400562971830368 0.1026885360479355 0 0.4563523381948471 0.07186421006917953 0 0.6297285556793213 0 0 0 0 0 0 0 0 12.9054052233696 4.923249281942844 4.137681424617767 255.8092335909605 9.103745121508837 198.5904033705592 48.29659225791693 49.83263848349452 25.12480046600103 1.755649924278259 13.38749162107706 19.03348422795534 0 2.583518423140049 1.094179235398769 5.980581298470497 3.353104367852211 0 0 16.13493184745312 0 29.04927818477154 7.324755981564522
247.3426943235099 96.96111303567886 6.508206270635128 1622.310004353523 65.59659970551729 164.0147006362677 438.7066390290856 3.979397550225258 183.7501098886132 4570.998471446335 116.033204741776 425.2486438751221 1809.308411598206 830.8260577321053 15.22009084373713 4.520546659827232 1.250696532428265 0.06395483762025833 0.09691264480352402 0 0 0.4440571814775467 0 0 4.433071419596672 0.08226799964904785 0.1571942344307899 0 0.1034178137779236 0 7.866569966077805 4.713624395430088 237.998880662024 0 0 4.284016795456409 289.3795390874147 19.96199532598257 12.3350293636322 11.68916410207748 0.2715883404016495 0.2521751746535301 0 0.1203150451183319 0 0 48.71155232936144 1.392096973955631 0.3776123970746994 0.1667202264070511 0.1859842166304588 0 1.174563199281693 0.07497964799404144 2.83331011235714 4.53415197879076 27.82143094018102 68.29299487918615 16.818499494344 19.16670592874289 1.317925624549389 14.44155091792345 0.5625080093741417 10.00599621981382 0.2689679637551308 0.715956412255764 0 0.1773451417684555 0 0 233.3088660985231 4.042215935885906 0 59.31111845374107 15.02679456025362 28.67503637820482 14.10788737237453 5.652958899736404 0.2150058001279831 27.9659936055541 0.6745099872350693 13.97531309723854 5.74692726880312 0.4900849014520645 0.8723320662975311 1.259067006409168 0.2995496317744255 0 0.44278933852911 0.3819130063056946 0.2067715525627136 0.4234534576535225 0 0.1386614106595516 0.1688524037599564 666.1936804875731 15.0190891623497 0.2440714836120605 13.47030136734247 86.12994930148125 1.217073671519756 5.497956283390522 3.72867938131094 0.4672542065382004 37.90984010696411 11.83498606830835 52.68010687083006 1.696774184703827 26.60267934948206 57.86397359520197 7.882078252732754 29.80761367082596 34.67292387783527 10.83978812396526 2.191349111497402 1.329386100172997 0 0 0 0 0 0 0 0 0 0 0 0 0 0 0 0.08941420167684555 0 0 8.379277259111404 3.771813251078129 0 0 0 0.3867365419864655 0 3.564857751131058 1.543352045118809 0.5797068476676941 0 0 0 1.271042108535767 0.3169148862361908 0 0 0.1547844484448433 1.039923459291458 0 0 0 1.133427262306213 0 0 0 0 0.6570184007287025 1.146443754434586 0.3947351798415184 0 0.3984458148479462 0.9113518595695496 1.20140815526247 0 0 0 0 0 0 0 0 18.09415069967508 0.2887560650706291 0 0 0 6.123249262571335 2.275357902050018 3.534955203533173 0.7654688954353333 0.9097641184926033 2.511747278273106 0.1861105114221573 1.234113648533821 0 0 0 0 0 0 0 0 48.21877585351467 6.126662872731686 5.117746412754059 245.6410542875528 4.858963415026665 99.63012603670359 23.90800447762012 213.2670131251216 18.86707882583141 0.6777428388595581 9.99203497171402 20.29093854129314 0 10.56501586735249 1.974307700991631 32.72072429955006 1.279940456151962 0 0.7441499903798103 12.68439488112926 0.3972682058811188 185.8720492050052 40.27342150360346
53.22383809834719 296.2767457924783 23.22271327674389 268.592692412436 923.247201949358 20.33586060255766 2791.689562663436 7.440790168941021 1037.267035014927 1659.499389700592 438.7088488899171 1809.308411598206 3617.129381112754 4595.833373852074 22.0072483047843 6.944464184343815 2.249414622783661 0.2352214194834232 0 0 0 0 0.1850699111819267 0 8.384756974875927 0 0.2309463992714882 0.3762426599860191 0.2588141113519669 0 22.5342089086771 14.59622745215893 390.8421875610948 0 0.2990176901221275 4.114953115582466 221.4978067055345 28.98888390511274 18.3693764321506 19.20137052983046 0.09129372239112854 0.4614664018154144 0.1258655339479446 0.1508761718869209 0 0.2055375874042511 93.51077307015657 2.044272884726524 0.335772305727005 0.1945862099528313 0.486291915178299 0.1813187003135681 7.766276769340038 0.3771411627531052 1.980246499180794 2.49591651186347 10.5611992739141 40.44289909675717 11.84894002601504 31.68371111527085 0.6889428123831749 18.15462063252926 0.2677339613437653 26.02171041071415 0.7071438580751419 0.9885334894061089 0 0 0.1233403757214546 0 341.8964715078473 2.927969634532928 0 69.83887743577361 32.70556158572435 63.32368835806847 30.17597625404596 12.38900730758905 2.170840218663216 55.89533045142889 0.7227762416005135 20.14328785985708 5.57871263474226 0.4486471116542816 0.6407791003584862 1.186651315540075 0.4094880819320679 0 0.1633842438459396 0.5083603113889694 0.4871160537004471 0 0.2599162310361862 0.3837962076067924 0 655.137390576303 13.55657707154751 0.8193539679050446 10.58094325661659 14.37400703877211 1.752653069794178 6.297888942062855 5.334851533174515 2.145823538303375 42.08981907367706 14.94039967656136 61.17123910039663 2.622014611959457 29.38940872997046 72.35730179399252 11.50385457277298 40.80197025090456 65.90593074262142 12.07618504017591 5.337354965507984 0.0978718101978302 0.5228756070137024 0 0 0 0 0 0 0 0 0 0 0.6505773663520813 0.2700103223323822 0.1251193135976791 0 0.6700422763824463 0 0 11.27876468002796 6.57672443240881 0 0 0 0.9405252933502197 0 0.6713058948516846 4.116874277591705 0.7303234934806824 0 0 0 0 0 0 0 0.2496695667505264 2.319824852049351 0 0 0 0.6657408252358437 0 0.1255818903446198 0.537783145904541 0 0.07560990750789642 1.929600663483143 1.12202837318182 0 0.1241919174790382 0.2251420319080353 0.4880824387073517 0 0 0 0 0 0 0 0 22.04687074571848 0 0 0 0 11.7284958511591 0.3745076954364777 3.72963473200798 1.012525580823421 1.783851645886898 3.001273423433304 0.1293467432260513 2.718900203704834 0 0 0 0 0 0 0 0 49.61097811162472 4.867171287536621 5.780907727777958 303.3001928403974 5.992368198931217 148.245493710041 42.41362070292234 74.1342296898365 23.62713424116373 1.028132364153862 12.68724604696035 34.04227995872498 0 12.88806446641684 2.197305053472519 31.24096705019474 3.678564690053463 0 1.127191632986069 16.29735618084669 0.4048757553100586 147.5428007468581 51.49426582455635
17.07552962005138 834.8429759144783 298.7364978417754 28.73253395408392 2176.408457688987 2.979078486561775 2276.31182089448 84.1564267501235 1691.233581598848 516.1721562221646 1959.310046631843 830.8260577321053 4595.833373852074 2711.27800218761 33.73956237733364 13.54576323926449 3.912156872451305 0.2109151929616928 0.08327160775661469 0.362287200987339 0.3151404187083244 0.09440056979656219 0.1484487801790237 0.1938812583684921 28.9400870166719 0.3126151114702225 0.7984873577952385 0.5856381729245186 1.371759854257107 0.1859731748700142 86.01905772835016 33.4520572796464 2353.96148724854 0.2531281486153603 1.297649964690208 33.6044816672802 822.7051942497492 161.7268117666245 92.74839137494564 102.6933370009065 0.8997230157256126 0.9866825267672539 0.07714070379734039 0.6950344443321228 0.3128999769687653 0.2616960257291794 129.4201627224684 3.070150025188923 1.186645656824112 0.5106085166335106 0.4338561147451401 0.8551974222064018 11.97617777436972 0.3245013058185577 2.638813808560371 5.678315233439207 16.78927591815591 74.45285484567285 21.03391424566507 53.76359285786748 1.926731400191784 235.1399132236838 0.7807389944791794 45.01718845963478 0.8203838840126991 1.414388727396727 0.3463069796562195 0.3067613691091537 0 0.08901813626289368 535.9520859271288 4.984913185238838 0.1295007020235062 111.2494901381433 62.22155777737498 88.08775258809328 46.84584350883961 17.14713565260172 3.120978012681007 455.3379982709885 1.528878688812256 157.2011267021298 8.218679383397102 0.2753097489476204 0.9353144317865372 1.59776209294796 0.7068835720419884 0 0.5467414483428001 0.453294038772583 0.2863501757383347 0.2708023339509964 0.2315073683857918 0.6980957239866257 0.6113849580287933 258.4447972252965 15.50476426631212 0.1124598905444145 25.19386993348598 6.411843061447144 2.924381107091904 7.254421129822731 1.606959149241447 0.901861235499382 31.90026751160622 7.545967243611813 19.61912373453379 4.608758240938187 24.96494924277067 38.46489854156971 5.047506049275398 24.8327522277832 39.00695909559727 10.01042041927576 5.067262180149555 2.073579080402851 0.6785464659333229 0.7859065234661102 0.07890058308839798 0 0 0 0 0 0 0 0 2.583721160888672 0 0 0 0.9081157445907593 0.4692082107067108 0 4.80760084092617 6.517214007675648 0 0 0 1.348851509392262 0 1.441130444407463 0.2398632988333702 2.633968234062195 0 0 0 0 0 0 0 0.5857667028903961 2.208663567900658 0 0 0.2286169975996017 1.103924289345741 0 0.1014845743775368 0.4202835857868195 0 1.546869307756424 0.5269692987203598 0.3309528231620789 0 0 0 0.5800396502017975 0.09299685060977936 0 0 0 0 0 0 0 18.13581899553537 0.1004404947161674 0 0 0 2.350419834256172 0 2.662848263978958 0.8210146427154541 2.15723143517971 1.42423390597105 1.077126979827881 1.941708818078041 0 0 0 0 0 0 0 0 38.03381283581257 7.320549458265305 6.867342740297318 401.092117369175 9.02257826924324 210.4698616340756 60.41070201992989 59.64744117856026 32.8638002127409 6.317769855260849 14.73433997482061 18.92667410522699 0.2871192693710327 7.867465257644653 2.941727310419083 13.00509715080261 4.872082456946373 0 1.068250179290771 24.18240223824978 1.730921059846878 89.05356980860233 34.48042488098145
