315.9233429804444 3077.929318882525 502.2209686711431 699.875338062644 327.8581024333835 9.713653117418289 303.5991906374693 106.5859129726887 25.16960819065571 283.8575221523643 85.35486280918121 92.30014006793499 133.2148761898279 59.07420889288187 2.384965322911739 0.619318500161171 0.2868250012397766 0.1362398862838745 0 0.1593843698501587 0.5373079776763916 1.068572193384171 0.2984680011868477 0 0 0 0.2736729979515076 0 0 0 431.2885067537427 9.033646784722805 12.78837616741657 0.1123330444097519 0 1.566833287477493 14.89441713690758 2.071379259228706 4.078006528317928 0.605190135538578 0.1942685544490814 0 0 0 0.08985390514135361 0.09507054090499878 13.1314115151763 0.3667687550187111 0 0 0.2259554415941238 5.64474880695343 0 0.5187286138534546 2.636880248785019 7.968744620680809 387.0556353256106 342.2260207086802 45.45806843042374 12.47221755981445 9.233960419893265 6.585558533668518 2.202875025570393 13.49372006952763 7.317010290920734 1.162009090185165 0.5053628236055374 0 0 0.09281130880117416 43.54329339414835 20.38459008932114 0.1202886328101158 79.42487262934446 20.11845105141401 6.869667038321495 0.9706932827830315 1.089584268629551 0.3977761343121529 28.74753924459219 1.890463262796402 5.688067339360714 6.934143558144569 0.2354878485202789 1.045779004693031 1.877235107123852 0.2255487367510796 0 0.4344371631741524 1.467232033610344 0 0.6021230518817902 0.2883136197924614 0.2929183542728424 0.1003165692090988 199.8254048153758 13.24741545319557 2.27495601773262 8.464665845036507 1283.890594467521 0 0 1.156290709972382 13.80356940627098 0.511850893497467 3.2520881742239 1.737264275550842 0.8125353753566742 0.7871338427066803 3.042820960283279 0.9671671837568283 1.236181646585464 2.884693115949631 1.984283193945885 1.875579804182053 0 0 0 0 0 0 0 0.1462868750095367 0 0 0 0 0 0 0 0 0 0 0 0.239958643913269 0 0 0 0.2324092239141464 0.9929363131523132 0 4.073113337159157 1.241999387741089 0.1051845401525497 0 0 0 0 0 0 0 0 0 0 0 0 0.3917903006076813 0 0 0 0 0 0 0 0.3102634847164154 0 1.599825575947762 0 0 0 0 0 0 0 0 0 4.54207906126976 0 0 0.1281835287809372 0 0 0.9186614155769348 0.4857225716114044 0 0 0 0 0 0 0.2010337486863136 0 0 0.1080560758709908 0 0 0 1.072050772607327 0.9594419151544571 1.120302706956863 70.067821636796 6.850033037364483 94.1527936309576 10.20845151692629 475.8550712317228 5.690571695566177 0.8266847282648087 2.271617330610752 14.80423002690077 0 0 0 7.190121352672577 0 0 0 22.70144958794117 0.1946908831596375 304.4550520405173 10.10110299289227
3077.929318882525 2689.541526980698 673.9614689052105 510.7049991711974 2098.358345627785 26.60126404464245 811.3972755372524 270.9125581979752 475.156036272645 747.3618079423904 400.2977764010429 32.12413449585438 109.3428765907884 224.9805014431477 6.108066573739052 0.4981382712721825 0.08397866785526276 0.3001780845224857 0.3217682689428329 1.076231002807617 1.118619613349438 0 1.123240955173969 0.3379269018769264 0.3772606179118156 0.5585793107748032 0.5154418721795082 0.6078038215637207 0.4526495933532715 0.9747268110513687 1258.218571059406 14.89805583655834 56.10308118909597 0.7612981498241425 0.3388367295265198 0.3897629678249359 16.71026384085417 2.622081309556961 3.484548881649971 1.547859832644463 1.249936044216156 0.2480302974581718 0.6098283380270004 2.56615361571312 0.702407643198967 0.7405573278665543 163.2625521495938 2.964248180389404 0.2138910368084908 1.403092257678509 1.787459544837475 0.1177352517843246 0.1628831028938293 0 5.995488107204437 32.09858791530132 450.3696139082313 863.451602011919 128.0808143094182 115.6545339301229 2.921395443379879 6.059476345777512 0.408692978322506 147.9707552418113 23.47088738530874 4.732546478509903 2.755983248353004 0.6175990849733353 0.4124062731862068 1.219576984643936 16.83772496879101 0.426850751042366 0 448.6488953903317 292.4752778112888 91.19015258550644 43.54668758809566 3.597156278789043 2.122799634933472 66.58551524579525 4.564371727406979 9.556866511702538 21.5211256891489 0.7664589062333107 5.299651436507702 10.00883154571056 1.909704968333244 0.1799880564212799 1.713816717267036 0.1004165261983871 0.8090420290827751 0 0.731362409889698 0.4107107147574425 0.5499604940414429 29.38043113797903 0.5997931808233261 0.4566089957952499 0.7530273795127869 879.7860966771841 0.1339607983827591 0.2414504438638687 0.6673834919929504 2.736636713147163 2.375472888350487 8.370927102863789 1.216614961624146 4.565817721188068 4.804082997143269 9.37320265173912 2.168274313211441 11.57785168290138 6.394637741148472 8.994629554450512 7.244329527020454 0 0 0 0 0 0 0 0 0 0.08656162768602371 0 0 0.5601412951946259 0 0.1125103607773781 0 0.2685250788927078 0.2614292874932289 0 0.7731671035289764 0.55165696144104 0 0 0 3.05057767033577 0.1132766529917717 3.587008014321327 1.098730154335499 0.4418635219335556 0 0 0 0 0 0 0 0 0 0 0 0 0.5922775939106941 0 0.1017052680253983 0 0 0 0 0 0 0 0.9942553788423538 0 0 0 0 0 0.1270713061094284 0.08509936183691025 0 0 8.37632792443037 0 0 0.1005204766988754 0.2089718729257584 2.045272976160049 0.569303572177887 1.29414214193821 0.1973733529448509 0 0 0 0 0.20760378241539 0.1695759519934654 0.2158196642994881 0 0.1861690208315849 0.4638326168060303 0 0 11.93218266218901 4.040762454271317 2.234844110906124 209.1461976096034 16.22704772651196 454.4582344591618 85.28293009847403 497.7252742424607 17.05938498675823 3.138316661119461 38.49888283759356 31.86625987291336 0 2.804085865616798 0.118689551949501 7.421095162630081 0 0 0 72.21581957489252 0.2691452354192734 394.4963918179274 25.49922382831573
502.2209686711431 673.9614689052105 542.2668786644936 0.6130250841379166 2127.560337156057 0.8834802955389023 24.82554043829441 2034.933199077845 248.8159216046333 0.8525015786290169 634.3738107085228 0.2438277900218964 6.609818212687969 230.3283989578485 16.09724915772676 2.578956581652164 1.002783127129078 0.5557578578591347 0.5522920191287994 2.945626281201839 2.000655867159367 0 7.196538977324963 1.752318620681763 6.13866201788187 1.659493133425713 7.254666328430176 1.102687649428844 1.809416875243187 6.086697123944759 4714.953737743199 1087.480252459645 65.29176295548677 0.1837103068828583 4.026309430599213 24.51244401931763 21.02780030667782 18.96533109247684 6.937700092792511 10.33378035575151 4.871508501470089 0.375569574534893 0.5524156391620636 0.7550783753395081 0.07499354332685471 1.502092957496643 129.1599836871028 1.388482674956322 0.1961584240198135 0.6207357943058014 1.067011743783951 0.9406480342149734 2.247790113091469 0.157648541033268 3.401992775499821 10.91986434906721 173.4385995939374 591.9365242570639 47.18638841062784 59.53170105069876 11.2667094245553 13.11784590780735 1.495276473462582 844.5124745592475 9.605285681784153 2.522658087313175 0.7622025385499001 0.3037269860506058 0.2512112781405449 1.828922279179096 7.456789150834084 2.42363528907299 0.1837963908910751 193.2033275291324 166.4927087500691 60.4651967510581 40.43000344932079 24.08809950947762 150.7687389776111 1117.42422773689 4.766171246767044 223.3775104209781 10.21128231287003 0.2079005762934685 2.387517645955086 2.878279156982899 0.5720999464392662 0 0.6011505275964737 0.09806116670370102 0.60517568141222 0.08903785794973373 1.137583337724209 0.5448169261217117 0.2101419046521187 5.778285175561905 0 0.2932431101799011 0.7611324265599251 295.708998426795 0.101873978972435 0 1.474127203226089 0 0.4365169405937195 1.664489820599556 0 1.255100011825562 2.345986634492874 1.033900782465935 1.652371555566788 1.675444602966309 1.005804449319839 0.9545804113149643 1.235804125666618 0 0 0 0 0 0 0 0 0 0 0 0 0.6711700186133385 0 0 0.5928496569395065 0.3160907924175262 0.3362259864807129 0.072254478931427 1.203118741512299 0 0 0 0 2.730868898332119 0.4713698774576187 3.192081891000271 2.683900728821754 1.130420848727226 0.2667040526866913 0 0 0 0 0 0 0.1374031156301498 0.1531766951084137 0 0 0 0.2453991994261742 0.3679376691579819 0 0 0 0 0.1889228075742722 0 0.4313347041606903 0.2913841903209686 2.234643995761871 0 0 0 0 0 0 0 0.1974811106920242 0 3.620873227715492 0 0 0 0.132581040263176 0.1780496537685394 0 0.7330763190984726 0.1277422159910202 0 0.140343964099884 0.1265879273414612 0 0.08045945316553116 0 0 0 0.2916989475488663 0.2307351976633072 0 0 1.621347539126873 1.94538938999176 3.610794678330421 145.5760374814272 11.40849538892508 217.7309409826994 58.33650325238705 12.97492782026529 6.039964504539967 0.9444521367549896 23.7773056179285 8.567206785082817 0 0.9103833436965942 0.4399156272411346 3.858379736542702 0.2667748034000397 0 0 2.894185796380043 0 18.75565763562918 6.168520987033844
699.875338062644 510.7049991711974 0.6130250841379166 630.9486907571554 177.5865601301193 164.4296134933829 1611.717693991959 0.1743940189480782 21.38656629621983 864.832687549293 0.9574917405843735 479.5901448279619 684.3994084075093 110.532602660358 0.1146580651402473 0 0 0 0 0 0.07950753718614578 0 0 0 0 0 0 0 0 0.4457506835460663 19.2663239762187 0.2059843465685844 8.53330834209919 0 0 0 10.89436103403568 0 0 0.1636136472225189 0 0 0 0.1686119064688683 0.07662703841924667 0 3.73026131093502 0.2004454806447029 0 0 0 0.2853521406650543 0 0 0.4713484570384026 1.708690263330936 46.60620369017124 44.37864516675472 9.041102170944214 3.102380812168121 0.1595231592655182 0.3328565433621407 0 6.008669443428516 1.164850421249866 0.1639605760574341 0.1720053479075432 0 0 0.06392832845449448 33.13788351416588 0.08883897215127945 0.1138520315289497 18.90087604522705 7.728375561535358 2.199977196753025 0.6217834651470184 0.2445274442434311 0.164896734058857 0.4416414797306061 0.3895768895745277 0.6895475387573242 0.5673239827156067 0 0.0998283326625824 0.6604352965950966 0.2062078565359116 0.1005055382847786 0 0 0 0 0 0 0 126.0568909868598 1.922159984707832 0 0.4062829613685608 361.6925361454487 0.5158795788884163 14.12034937739372 6.416880361735821 49.32592180371284 0.4743361324071884 23.43267498910427 31.67063151299953 1.06917891651392 17.12256869673729 23.89296587556601 0 5.161601722240448 34.89752812683582 15.31162665039301 4.786119818687439 0 0 0 0 0 0 0 0 0 0.215632438659668 0 0 0 0 0 0 0 0 0 0.3844311833381653 0 0 0 0 1.125965386629105 0 0.09197118878364563 0 0 0 0 0 0 0 0 0 0 0.1582946330308914 0 0 0 0 0 0 0 0 0 0.120934784412384 0.2641939222812653 0 0 0 0 0 0 0 0 0 0 0 0 1.763148725032806 0 0 0 0 0.1722401976585388 0 0.1255860477685928 0.4215921759605408 0 0.2144468128681183 0 0 0 0 0 0 0 0 0 0 3.046195551753044 0.4294912666082382 0 25.92172574996948 0.6965120211243629 16.76921568065882 1.885199956595898 684.8078619539738 0.5088867917656898 0.1138266995549202 0.5591803193092346 7.918002262711525 0 0.8026103749871254 0 6.075570687651634 0.5389746427536011 0 0 5.10908168554306 0 498.992638759315 8.490422643721104
327.8581024333835 2098.358345627785 2127.560337156057 177.5865601301193 1290.321795411408 5.325096562504768 1068.436119899154 1115.821336813271 2052.216782920063 558.3732186034322 1290.928306043148 12.00697296857834 336.9877157881856 955.9550982043147 19.29545860737562 1.730609208345413 0.4616049528121948 0.7699911594390869 0.1693582981824875 0.5368014723062515 0.2846073508262634 0.5444566607475281 0.5892979726195335 0.2576947212219238 2.047127857804298 0.5598332583904266 2.344140097498894 0.6308736503124237 2.73709200322628 1.917527124285698 495.0597862228751 11.05166077613831 120.4930813983083 0.1838467493653297 0.2559873089194298 2.976109951734543 46.80448459088802 8.667549327015877 8.655761316418648 3.969880618155003 1.18094240874052 0 0.2762653306126595 1.432545252144337 0.3412394672632217 0.7619339749217033 258.8796383291483 1.869375191628933 0.112759493291378 0.7632878571748734 0.8588133305311203 0.2644726559519768 1.205509409308434 0.8920022547245026 1.863967098295689 13.39692056924105 92.40287930518389 191.1217824444175 31.73465491086245 92.02313883602619 2.948571726679802 11.4011058807373 1.116564497351646 79.84013703465462 8.509609386324883 1.316970892250538 0.7510813698172569 0 0.1047396883368492 0.9390507712960243 50.6447654440999 2.910233348608017 0.1099424734711647 219.0679034143686 163.907384455204 86.9301133453846 44.72406152635813 4.28961044549942 2.370873086154461 152.7650719359517 2.201273076236248 12.99223355203867 9.414001032710075 0.3704751580953598 2.291447639465332 3.413984030485153 0.8869062289595604 0.1230630427598953 0.9226295500993729 0 0.1942710876464844 0.1988557577133179 0.4558204635977745 0.1717829704284668 0 85.44753812253475 1.465300351381302 0.2917095720767975 4.615853451192379 101.2176945507526 1.052671477198601 0.2899192944169044 2.390778586268425 12.19335520267487 3.101760566234589 19.6797269359231 1.465437605977058 7.518726468086243 6.240023449063301 20.84834472835064 9.01165197044611 17.09894627332687 10.66888226568699 21.86569914221764 16.96559363603592 0.3139557242393494 0 0 0 0 0 0 0 0 0 0 0 0.8482281714677811 0 0 0 0.2348333746194839 0.1721874624490738 0.2524021416902542 0 0.1442254930734634 0 0.3159178197383881 0.233874224126339 9.939348548650742 0.6786469966173172 8.669074922800064 3.231184795498848 0.4278305619955063 0.6144787818193436 0 0 0 0 0 0 0 0.251131683588028 0 0 0 0.2700255140662193 0.306964173913002 0.1075457856059074 0 0 0 0 0 0 0.1268047094345093 3.900486275553703 0 0 0.09347990155220032 0 0 0 0 0 0 26.50421949476004 0 0 0 0 5.634342879056931 2.391287133097649 1.190700098872185 0 0.6873026490211487 0.3031621873378754 0 0 0 0.09637513756752014 0 0 0 0 0 0 24.1231973990798 7.882872439920902 5.842172980308533 484.1164946854115 9.659336738288403 453.2456130087376 179.3928654119372 129.310375392437 13.97857395559549 1.475557208061218 92.28289951384068 78.47843287885189 0.2238979339599609 1.722823888063431 0 26.35862712562084 0.2908532321453094 0 0 17.2022950053215 1.431131526827812 213.877780392766 49.64932768791914
9.713653117418289 26.60126404464245 0.8834802955389023 164.4296134933829 5.325096562504768 0.4070345461368561 31.00116169452667 1.843953296542168 11.57668148726225 51.818453989923 5.600869804620743 27.60073827952147 56.128503061831 50.63991243392229 0.3553197607398033 0.1068237870931625 0 0.3046185970306396 0 0 0 3.06178879737854 0 0 0 0 0 0 0 0 4.692845538258553 0 28.03242763876915 0 0 0 29.26343710720539 0.9616790115833282 6.499327719211578 0 0 0.3835603296756744 0 0 0 0 0.8665521368384361 0 0 0 0 27.63389723002911 1.708894588053226 0 0 0.1486062407493591 128.8090606406331 1.476376727223396 7.854133456945419 0.11356021463871 0 0.402048647403717 0 0.1116836369037628 0 0.1401911377906799 0 0 0 0 206.5923979282379 172.7629787623882 8.795973248779774 0.7403923571109772 0 0.9700542837381363 0.1859257221221924 0 0 3.377645820379257 0 0.2181629091501236 0 0.387941837310791 0 2.510455541312695 0.1489330977201462 1.462714448571205 1.87321749329567 19.5178202316165 2.026236712932587 5.824416801333427 0 0 0.7839826196432114 243.7737776041031 148.8481724113226 27.54761858284473 75.92916952818632 573.4602737426758 0 0 0 1.308668181300163 0.2572917342185974 1.695044666528702 0 0 0 1.426249355077744 0.4582408368587494 0 0.4578551352024078 0 0.4431329518556595 0 0 0 0 0 0 0.4236251711845398 0 0 0 0 0 0 0.2933100759983063 0 0 0.1829627603292465 0.5709790587425232 0.221265971660614 0 0 0 0 0 0.4869237840175629 0 1.192009970545769 0.1134381294250488 0.145966649055481 0 0 0 0 0 0 0 0 0 0 0 0.1375114917755127 0.6500008478760719 0.1719664484262466 0 0 0 0 0 0 0 0 0.1492972075939178 0 0 0 0 0 0 0 0 0 0 0.1479957848787308 0 0 0 0 0 0.5144027471542358 0 0 0 0 0.1215596422553062 0 0.1156065389513969 0 0 0 0 0 0 1.109008267521858 0.6718244403600693 0.5686225146055222 26.52204674482346 0.1534398645162582 1.154529958963394 0.5705722197890282 145.0379837602377 1.731623336672783 0 1.341077089309692 1.9517862200737 0 0.2263056039810181 0 2.116052746772766 0 0 0 0 0 27.18707373738289 0.4908949807286263
303.5991906374693 811.3972755372524 24.82554043829441 1611.717693991959 1068.436119899154 31.00116169452667 1011.835736103356 18.84200564026833 826.9854699298739 3505.179440870881 128.0286355391145 179.4715732187033 1467.207647241652 914.961459428072 5.628641396760941 0.5542832762002945 0 0 0.09343623369932175 0.5858154147863388 0 0 0.1663797274231911 0 0 0 0 0.08517696708440781 0.2155729085206985 0.5354491695761681 60.27450144290924 1.621978051960468 60.48065117746592 0.2731318026781082 0.2331021279096603 0.09664246439933777 30.19640439003706 0.9870405122637749 1.476131021976471 1.143510565161705 0 0.1135105192661285 0 1.681524626910686 0.2053395807743073 0.3396356478333473 116.9813359677792 0.7982439324259758 0.7935005873441696 0.4348005801439285 0.5702392309904099 0 0.7113016247749329 0.1130095049738884 1.541549623012543 6.742590956389904 67.11364117264748 113.8036240562797 20.69452082365751 46.89118414372206 0.8709278181195259 7.765054784715176 0.07479742914438248 31.58544294536114 6.893752187490463 1.418975450098515 0.7991727069020271 0.3313798382878304 0.08773139119148254 0.4505747854709625 34.96181400120258 0.4415830075740814 0 120.4057072401047 83.01200859248638 42.00201939046383 18.39994601160288 2.389375053346157 0.7217010706663132 60.22393417358398 1.942252561450005 8.40443903952837 5.155507892370224 0.1094396933913231 1.10109881311655 1.491425894200802 0.3156008347868919 0 0.1652069687843323 0 0.3039006888866425 0.1002873107790947 0.1682794615626335 0.1104093715548515 0.2277253344655037 142.4123668000102 3.896248549222946 0 2.156856000423431 134.0395871624351 2.138660028576851 9.194512277841568 25.02988769114017 89.70869919657707 3.037381485104561 45.88189236819744 13.85938603430986 6.491084761917591 35.23194750398397 37.81707862764597 7.3062744140625 31.21986817568541 47.52080708742142 25.11149872094393 16.90433665364981 0 0 0 0 0.1221627071499825 0 0 0 0 0 0 0 0.2768537104129791 0 0 0 0 0 0 0.9554639607667923 0.7475997358560562 0 0 0 8.299593612551689 0 7.892393790185452 0.8883341923356056 0.1830784156918526 0 0 0 0 0 0 0 0.8043467402458191 0.9335050657391548 0 0 0 0 0 0.2351442277431488 0 0.09167652577161789 0.08960142731666565 1.281659044325352 0.42422965914011 0.2577778398990631 0 2.541874453425407 0 0 0.07350234687328339 0 0 0 0 0 0 22.40759152173996 0.09896135330200195 0 0 0 3.901309877634048 0.7835853695869446 1.172610729932785 2.219492122530937 0.6237533390522003 0.2895133048295975 0 0.2863898277282715 0.09973300993442535 0 0 0 0 0 0 0 25.98543206602335 10.06943002343178 3.006845816969872 268.3417768403888 7.378902345895767 220.4077352434397 75.44636974483728 326.3237990066409 9.413062170147896 2.453391693532467 45.83444782346487 52.05872313678265 0.2529790699481964 3.394526354968548 0.6338507086038589 27.73183305561543 0.3093665987253189 0.1665183901786804 0.1680129915475845 10.15821519494057 0 387.651577681303 62.01226875185966
106.5859129726887 270.9125581979752 2034.933199077845 0.1743940189480782 1115.821336813271 1.843953296542168 18.84200564026833 1634.270135387778 1377.518178299069 1.948355160653591 1822.037209168077 1.473327830433846 29.05409501492977 533.6156929805875 26.06351355463266 5.523818999528885 1.737816125154495 0 0 0.6116066947579384 3.552807204425335 0.5040899515151978 4.652014270424843 1.785454362630844 9.493189089000225 1.371882021427155 7.514003701508045 5.215413466095924 5.787628211081028 9.012108683586121 1372.519218549132 677.2293171957135 173.4372030869126 0.800450898706913 4.041319869458675 84.80568628013134 74.36558966338634 105.884528875351 35.92148309201002 24.99717207998037 5.536138467490673 1.339078038930893 0.2724115252494812 1.659166343510151 0.08132530748844147 0.5515141934156418 175.1954129263759 0.6169740483164787 0.32181715965271 1.663929559290409 0.6395176723599434 1.087989181280136 5.700917430222034 3.585173584520817 0.8771711140871048 3.945029929280281 46.47287201881409 152.681715503335 15.98930904269218 61.02913481742144 10.8196587190032 22.09045936912298 3.052144296467304 295.3641342669725 3.651953674852848 1.28281369805336 0.9897219017148018 0.3014376387000084 0.6992705091834068 3.722479790449142 25.43754532188177 7.285637959837914 0 112.3491209149361 90.09668213874102 72.83655238896608 43.27819031476974 30.65863295644522 262.3199769929051 1687.79066323489 12.30854883044958 280.2617985084653 4.221887230873108 0.2166768163442612 1.151084437966347 0.960871085524559 0.629160612821579 0 0.1027837619185448 0 0.1955151334404945 0.3482686877250671 2.730097487568855 0.1253135055303574 1.04757072776556 6.389553435146809 0.4413502216339111 3.182103842496872 11.95044592767954 56.44397079944611 0.249370850622654 1.149685770273209 0.6628456711769104 0 0.8957490622997284 4.516536071896553 0 0.5459480285644531 1.393757171928883 4.691289976239204 0.9368914812803268 5.535892948508263 3.628599368035793 5.042265996336937 8.404632098972797 0.1327538043260574 0 0 0.3813951909542084 0 0 0 0 0 0.369595468044281 0 0.1909818351268768 1.206468194723129 0.1363382339477539 0 1.4138118699193 0.5855157002806664 0.2272510379552841 0.1475884169340134 0.6745061129331589 0.9304224252700806 0 0.2207983732223511 0.2428861260414124 8.261063598096371 0.9929058700799942 8.126041814684868 5.429609671235085 1.610916078090668 0.4179621934890747 0 0 0 0.1608705222606659 0.813425101339817 0 0 0.1805964112281799 0 0 0 0.4066275954246521 0.6756089851260185 0 0.6382071077823639 0 0 0.2580051720142365 0 0.7473823428153992 0.4122776091098785 3.155915603041649 0 0 0 0.1092351078987122 0 0.1438886225223541 0 0 0 7.790185488760471 1.457708925008774 0.3479295670986176 0 0.1151203885674477 1.621052354574203 1.02397546172142 1.186064630746841 0.3314271867275238 0 0.1740225553512573 0 0.3178210258483887 0.08714685589075089 0 0 0 0 0 0 0 8.823432572185993 4.006563723087311 9.689359307289124 294.4423742815852 7.793904326856136 238.7670326977968 105.4735063910484 21.07346956431866 5.414022989571095 0.1615612953901291 53.24223057925701 24.32965901494026 0.1108313649892807 1.839914456009865 0.3862419724464417 11.51717647910118 0.1424806118011475 0 0.4343358278274536 6.674900695681572 0.15606889128685 19.66639544814825 10.92487072199583
25.16960819065571 475.156036272645 248.8159216046333 21.38656629621983 2052.216782920063 11.57668148726225 826.9854699298739 1377.518178299069 132.4329849034548 327.5956561565399 943.0218425244093 64.05681763589382 1192.647426471114 996.9323329627514 13.7882873415947 2.663396216928959 0.4539236426353455 0.1612197160720825 0.2313586100935936 0.2665064111351967 0.1289665549993515 1.358908370137215 0.3247404098510742 0.2500588148832321 3.947104007005692 0.2398503720760345 2.020824633538723 0.8684916347265244 2.955504015088081 1.13011223077774 44.59491545706987 5.05179725587368 188.9108649194241 0 0 5.980918258428574 77.00404224544764 10.39834553748369 6.960168287158012 6.081720165908337 0.7553998082876205 0 0.1917556822299957 0.5776393413543701 0.2784047573804855 0.2962491363286972 116.3355454877019 0.6526948139071465 0 0.1132692247629166 0.3135254755616188 0.687285527586937 4.903260216116905 0.2343975454568863 0.5041888505220413 3.055243104696274 13.45834274590015 19.54086050391197 4.147906325757504 29.96337539702654 1.14498732984066 8.676152929663658 0.6577667742967606 14.43645595014095 1.539397336542606 0.3136504143476486 0.5864688009023666 0.2136208117008209 0 0.7240389883518219 93.89072541892529 1.826671689748764 0.1349242776632309 47.32734566181898 22.54008162021637 33.96152608841658 14.08499582111835 3.752996020019054 0.7820694521069527 174.7611843273044 0.4503929913043976 8.577232785522938 1.376568928360939 0 0.5598299875855446 0.7017243728041649 0.2887170910835266 0 0.2077986374497414 0.1397864073514938 0.222332701086998 0.6087576448917389 0.8460729941725731 0.1364313960075378 0.5213760286569595 145.546746738255 1.155705444514751 0.3875174820423126 5.463157683610916 16.08786852657795 0.8636235296726227 1.925886213779449 1.117556154727936 7.716427236795425 3.369985796511173 26.9443848207593 2.209429264068604 9.208528243005276 9.208013333380222 27.0345901325345 7.892488680779934 28.42952657490969 17.18139801174402 29.85640030354261 30.12917616963387 0.2050666138529778 0 0 0.2078779488801956 0 0 0 0 0 0.3007343113422394 0 0 0.4377420321106911 0 0 0 0 0.2706789672374725 0 1.773720383644104 0.4342047125101089 0 0 0 13.29831255972385 0.1567077189683914 9.45838163793087 1.681104741990566 0.734792985022068 0 0 0 0 0.3115324378013611 0 0 0 0.3278480917215347 0.2591643631458282 0 0 1.818021640181541 0 0 0 0 0 0.0996832549571991 0 0.1202917024493217 0.4838245809078217 4.000756546854973 0 0 0 0 0 0 0 0 0 31.94284047931433 0 0 0 0 5.527408704161644 1.155890390276909 2.32192251086235 0.5455487743020058 0.1261812448501587 0.6691909730434418 0.2006651312112808 0.2822250723838806 0 0 0 0 0 0 0 0 34.31825727969408 12.92772597074509 9.567906372249126 306.0800521597266 3.586761750280857 152.7845355570316 81.10731341689825 46.93405631929636 4.995216310024261 0.117470771074295 44.62538592517376 62.49509104341269 0 2.494589641690254 1.826002292335033 22.76515384018421 0 0 0 8.679635345935822 0.1590120196342468 164.9904107451439 69.83863369375467
283.8575221523643 747.3618079423904 0.8525015786290169 864.832687549293 558.3732186034322 51.818453989923 3505.179440870881 1.948355160653591 327.5956561565399 811.4688725471497 22.55491913110018 2255.48524042964 6215.919538028538 1390.334633804858 0.2877784073352814 0 0 0 0.09632759541273117 0 0 0.4720024913549423 0.08219193667173386 0.3871180713176727 0.1900849193334579 0.1515069603919983 0.5156940519809723 0 0.4443438500165939 0 6.006504654884338 0.2891832292079926 163.8473241850734 0 0 0 148.9467096403241 0.3482666313648224 1.781190805137157 0.9671987593173981 0.1548402458429337 0 0 0 0 0 7.099476471543312 0.2680255025625229 0.1317087709903717 0 0.1652642711997032 1.471911616623402 1.102909192442894 0.1755713224411011 0.5636517554521561 0.7846067398786545 39.39140948653221 14.95676204562187 3.77249913662672 3.784361369907856 0.2632112354040146 1.732459262013435 0.1534213423728943 3.703650780022144 0.4093589559197426 0.4474057853221893 0.2359495908021927 0 0.08782213181257248 0.3892858773469925 378.4186217039824 5.404716432094574 0.6989025324583054 11.33355662971735 5.445125497877598 1.908317975699902 1.164006024599075 0.6313125863671303 0.1053061038255692 5.195006430149078 0 0.3253215178847313 0.4989430606365204 0.1196808740496635 0.1003863662481308 0.5830342099070549 0 0 1.186949834227562 0.7018488347530365 0.3755234852433205 0.4928579479455948 0 0 0.4172316342592239 377.3901536166668 25.64746981859207 3.951321497559547 9.109238550066948 309.6775100380182 1.93497309833765 23.95265074819326 33.24759644269943 74.30187573283911 3.742436148226261 161.8188252225518 52.13048054277897 9.117204308509827 46.94972928613424 103.1469747647643 10.74003460258245 82.9267183765769 91.17406749725342 54.57645104825497 33.77868370711803 0.1083371415734291 0 0 0 0 0 0 1.981160238385201 0 0 0 0 0 0 0.3503853976726532 0 0 0.4863545000553131 0 0.8980526328086853 0.7074709832668304 0 0 0 21.61233443021774 0.1896814852952957 6.579152084887028 3.560697495937347 0.4037478417158127 0 0 0.1055977568030357 0 0 0.09262541681528091 0 0.8439333885908127 0.8270892202854156 0.1191233769059181 0 1.916993126273155 3.757381469011307 0 0.3362814784049988 0 0.09247509390115738 0.8820251822471619 1.087452232837677 1.102546885609627 0 0 3.036432161927223 0.3355831503868103 0.09919312596321106 0.09499677270650864 0 0.2148590534925461 0 0 0 0 35.02060926705599 17.34791861474514 3.028281591832638 2.317566595971584 2.46608792245388 6.068217225372791 0 1.241594478487968 1.13429719209671 0.5415808260440826 0.69759501516819 0 0.4015400037169456 0.09639652073383331 1.200450569391251 0.322303369641304 0 1.660362593829632 0.541226290166378 0 0.1355771422386169 126.8058477938175 133.7098207548261 15.91111567616463 129.2140149325132 0.4360593557357788 18.27662239223719 4.958915010094643 341.9919159859419 0.5486295521259308 0 3.574595555663109 73.9299128651619 0 7.237611375749111 0.4486081898212433 41.79450636357069 0.4319284111261368 0 0 6.271311894059181 0.2064374983310699 793.2496220991015 195.6061054617167
85.35486280918121 400.2977764010429 634.3738107085228 0.9574917405843735 1290.928306043148 5.600869804620743 128.0286355391145 1822.037209168077 943.0218425244093 22.55491913110018 757.6325847655535 4.335499241948128 162.2183403074741 897.7088364511728 22.6573126912117 3.880890898406506 0.6959010809659958 0.2560755610466003 0 0.4535075649619102 0.7528325766324997 1.586620047688484 0.9487807080149651 0.07855767756700516 4.4803361967206 0.5990111082792282 3.870866909623146 0.8965151309967041 6.559304282069206 3.246684499084949 363.1720952838659 55.23903803527355 580.8155842199922 0.3982652053236961 1.345535345375538 31.2631711512804 205.2456337735057 73.41100220382214 40.69510077685118 22.32666476815939 1.372101135551929 0.9200804531574249 0.7321772351861 0.7947133332490921 0.1006707549095154 0.3034062758088112 121.9974317327142 0.8056096732616425 0.4019616916775703 0.3461690172553062 0.5140130743384361 0.554092675447464 9.746949419379234 1.073461920022964 0.6048772260546684 2.947892472147942 33.75012817978859 97.42335437983274 12.23721461743116 35.9225911423564 3.03583437204361 34.78596588224173 0.8564582839608192 70.21998534351587 2.938366688787937 0.5632917955517769 0.2670698761940002 0 0 1.635985560715199 107.1969710513949 6.644169121980667 0.2973832786083221 78.46902397274971 59.3174497410655 46.81566733121872 21.79532645642757 6.136676520109177 11.88077263534069 718.767741702497 2.908629074692726 119.9005123823881 4.123640835285187 0.1634477525949478 1.075493358075619 0.741427019238472 0.3958683758974075 0 0.3461564481258392 0.3340903371572495 0 0.3068012893199921 0.6461355462670326 0 0.1829745098948479 34.6764892488718 0.1245900318026543 2.313609138131142 12.82706917822361 36.17312200367451 0.5640489906072617 0.3721345067024231 2.700452968478203 1.095571845769882 2.943810895085335 10.90518394857645 1.071322485804558 5.130097292363644 3.065705381333828 11.60924188792706 4.020972110331059 14.42694059759378 8.450531356036663 14.96606922894716 19.618567712605 0 0.2286695539951324 0 0.2318765670061111 0 0 0 0 0.1355910301208496 0 0 0 1.145848587155342 0 0.1263199150562286 0 1.433662205934525 0.5871838703751564 0 0.3675641715526581 0 0 0 0 9.666093245148659 1.143738299608231 9.179438821971416 5.564500086009502 1.354146540164948 0 0 0.1401094794273376 0.1282692849636078 0 0.3036691173911095 0 0 0.2732735350728035 0 0 0.2200219333171844 1.95213121175766 0.3448007106781006 0 0 0 0.4489575922489166 0.2607020139694214 0 0.2274877578020096 0.3156491369009018 3.320421278476715 0 0 0 0 0 0 0 0 0.157157763838768 25.65509162843227 0.6340895146131516 0 0 0.08767471462488174 3.747402831912041 2.615876168012619 1.827598869800568 0.438958428800106 0.2831768095493317 0.3336284980177879 0.1258483380079269 0 0 0 0 0 0.09347108751535416 0.2304279059171677 0 0 21.66701164841652 9.034512490034103 11.01397737115622 223.0256463214755 6.191611215472221 177.058360978961 72.7121064811945 15.84936038404703 6.207779265940189 0.7864603996276855 29.29302805662155 46.0212317481637 0.3401937782764435 2.760382607579231 0.6650660485029221 11.44929674267769 0.3936931788921356 1.351395010948181 0 6.862050071358681 0.3274787217378616 44.82415270060301 29.82001302391291
92.30014006793499 32.12413449585438 0.2438277900218964 479.5901448279619 12.00697296857834 27.60073827952147 179.4715732187033 1.473327830433846 64.05681763589382 2255.48524042964 4.335499241948128 107.6163341253996 1025.696059823036 297.5518363118172 1.001894436776638 0.3963786885142326 0 0 0 0 0 0 0 0 0 0 0.4455104470252991 0.2211760282516479 0 0 2.331728301942348 0 18.83945459127426 0 0 0 149.1798837631941 0.1435562521219254 0.2969003915786743 0 0.3741841018199921 0 0 0 0 0 4.452113822102547 0 0 0.5398686826229095 0 0 0.6154734939336777 0 0.1585010141134262 0.3614142015576363 6.105821318924427 7.026420168578625 1.47248525172472 0.956764318048954 0.1632695943117142 0.1257900595664978 0 1.110031999647617 0.1569098830223083 0.07778590172529221 0 0 0 0 51.36112540960312 0.546009361743927 0 4.377835534512997 2.253997437655926 1.396769322454929 0.620270162820816 0.4170345440506935 0.1623500138521194 2.414694011211395 0.2599127739667892 0 0.1171655282378197 0 0.1616559028625488 0.1219689324498177 0.09757301211357117 0 0.2027845680713654 0 0 0 0 0 0 90.53217639029026 0 0.4245184361934662 0.4758625328540802 39.96027133613825 0.1517581045627594 0 1.512450903654099 0.2120328992605209 0.1980181038379669 2.544054538011551 0 3.719185069203377 4.424036934971809 5.323117643594742 1.129346519708633 6.106512486934662 2.056348145008087 1.621005237102509 4.783575944602489 0 0 0 0 0 0 0 0 0 0 0 0 0 0 0 0 0 0 0.3083959966897964 0.2685283124446869 0 0 0 0 2.880375973880291 0 1.449498310685158 0.1430836915969849 0 0 0 0 0 0 0 0 0 0 0 0 0 0.1223368942737579 0 0 0 0 0 0 0 0 0 0 0 0 0 0 0 0 0 0 0 6.160112470388412 0 0 0.3223493993282318 0 0.656706690788269 0 1.2386754155159 0 0.5956241488456726 0.08581521362066269 0 0.1324472278356552 0 0 0 0 0 0 0 0 6.049285419285297 2.114767633378506 1.570318005979061 23.66874487698078 0.4129396006464958 7.946869745850563 3.387608699500561 101.5930353999138 0 0 2.608440369367599 10.13818851113319 0 0.6993389800190926 0 8.218249052762985 0.1224362254142761 0 0 2.42325048148632 0 142.9900208935142 19.66636560112238
133.2148761898279 109.3428765907884 6.609818212687969 684.3994084075093 336.9877157881856 56.128503061831 1467.207647241652 29.05409501492977 1192.647426471114 6215.919538028538 162.2183403074741 1025.696059823036 1482.581125669181 2795.870634123683 8.919061683118343 1.304978273808956 0.2496241480112076 0 0 0.1541657745838165 0 0.1453553885221481 0.7096734344959259 0.287768691778183 0.9745461344718933 0.1906846761703491 1.048200629651546 1.155219048261642 2.682104170322418 1.652037367224693 13.21020293980837 2.998048558831215 200.9318565353751 0 0 0.8188502043485641 239.0411903634667 3.651024997234344 6.541418015956879 2.760482892394066 1.768598437309265 0.5462009310722351 0.2443479523062706 0.6211332231760025 0 0.09612369537353516 66.49185873568058 0 0 0 0 0.3683883249759674 1.731156647205353 1.361867308616638 0.3839638605713844 2.249427542090416 20.36971248686314 30.62718423455954 6.01406405121088 16.80848107486963 0.5518974959850311 6.37868058681488 0.4920078963041306 12.03861553966999 2.50555607676506 0.4090314209461212 0.1026131883263588 0 0.4708483442664146 0.1098093166947365 419.8395977467299 2.492494598031044 0 39.24751285463572 21.64002823084593 19.57382692396641 6.971305564045906 2.696053199470043 1.288653939962387 48.4812800437212 0.3011764660477638 9.405086427927017 1.636558458209038 0.1060048118233681 0.4494068622589111 0.8702144473791122 0.390748456120491 0 0.2492713928222656 0 0.259882926940918 0 0.4119122475385666 0 0.4262339696288109 1041.707247845829 11.6426165252924 0.8132730722427368 8.978030689060688 76.9057145267725 4.063193149864674 14.50125722587109 37.67323772609234 93.48170293867588 4.062144078314304 163.9281695410609 11.50978369265795 19.503004565835 89.12993468344212 75.87535824626684 10.6487647369504 366.758185878396 81.33268912881613 94.67381597310305 40.02906823158264 0.0963713750243187 0 0 0 0 0 0 0 0 0 0 0.1726406365633011 0 0.1397295296192169 0.1146522536873817 0.0998510867357254 0 0.1883842647075653 0.1211600750684738 1.327540688216686 0.6932207494974136 0 0 0 14.08287808299065 0.1767556071281433 9.403063237667084 2.495394490659237 0.8421466499567032 0 0 0 0 0 0.3746730089187622 0 0.9357945844531059 1.923756510019302 0.1123577430844307 0 0 1.055761501193047 0.1891490370035172 0.562019020318985 0.4412589892745018 0.2628792002797127 1.304680280387402 2.410269767045975 1.013634912669659 0.781271904706955 0.8793390095233917 3.713009648025036 0.127617821097374 0.3388340771198273 0.2719162628054619 0.1103778481483459 0 0 0 0 0.1849708408117294 50.11092638969421 0.1668082624673843 0.1308024674654007 0 0 8.953115798532963 2.467282891273499 4.661933705210686 4.263645492494106 2.226885251700878 1.197567991912365 0.2109396904706955 1.062839075922966 0.3005393743515015 0 0 0 0.155794158577919 0 0 0 67.42408638447523 21.49501093477011 10.27417571097612 260.3199364170432 2.073444895446301 100.1543029248714 46.64542811363935 243.1087986901402 1.85329732298851 2.935723304748535 26.46478506177664 95.73297689855099 0.1062818914651871 9.700077645480633 1.678432554006577 51.41314169764519 0.6465718746185303 0 0 4.828908905386925 0.4695399701595306 492.2256967127323 134.5112776234746
59.07420889288187 224.9805014431477 230.3283989578485 110.532602660358 955.9550982043147 50.63991243392229 914.961459428072 533.6156929805875 996.9323329627514 1390.334633804858 897.7088364511728 297.5518363118172 2795.870634123683 1961.190046146512 24.08548840880394 4.915827803313732 1.606311708688736 0.4161088317632675 0 0.5058143436908722 0.3074770122766495 3.981919929385185 1.48774915933609 1.249459341168404 5.996545508503914 0.8858021050691605 4.675778441131115 3.448544681072235 8.381246209144592 3.718085430562496 77.04322180896997 21.13707173615694 1857.648045770824 0.1712509393692017 0.2635922282934189 13.20164668560028 1153.290261976421 50.51841147243977 39.74825279414654 15.31713631749153 2.82244061678648 0.4594040513038635 0.9702820479869843 0.9038175269961357 0.1243176013231277 0.1244160160422325 122.5731340125203 0.1125859022140503 0 0.2859290540218353 0.1725254729390144 1.066762492060661 8.241600170731544 2.293830543756485 0.6882373243570328 1.510341547429562 14.96126597374678 36.57505977898836 5.287639230489731 23.61050168424845 2.820965453982353 67.68900004029274 2.613206818699837 29.72914929687977 1.556671261787415 0.6360623091459274 0 0.09599693119525909 0 0.562791034579277 971.0077268257737 7.583515144884586 0.1244804263114929 47.42760968953371 31.16094249486923 36.36453380435705 14.44917025417089 5.223646201193333 3.668412677943707 280.6999151483178 1.666397713124752 49.88573672622442 2.065064653754234 0 0.3180407285690308 0.5791836008429527 0.2848904207348824 0 0.3778200522065163 0.2896515429019928 0 0 0.3408621549606323 0.1824408546090126 0 783.3238793835044 4.913298547267914 2.838670194149017 30.2398644015193 47.51999820023775 2.241233922541142 1.757403969764709 5.745023593306541 29.69291865825653 9.242590561509132 60.41275864094496 4.784825563430786 19.84946647286415 22.64388253539801 58.11682602018118 19.37912596017122 61.65568995475769 47.74573293328285 70.71986524015665 66.63168878853321 0.2043145596981049 0.2834606543183327 0 0 0 0 0 0 0 0 0 0 0.4523756504058838 0 0.4281128346920013 0.2798430323600769 0.8719572126865387 0.1854233890771866 0.2998199164867401 1.055853955447674 1.395965278148651 0 0.9435416162014008 0.377247579395771 28.5421703979373 1.259729869663715 23.30722542107105 9.035004511475563 2.668648421764374 0.314077228307724 0 0 0 0.2127349153161049 0.4525858983397484 0 0.3802674189209938 0.5956095457077026 0 0 0 2.469927631318569 0.9118839800357819 0.2946315854787827 0.3771752566099167 0 0.9299268424510956 1.016493193805218 0.2903852760791779 1.596766628324986 0.6511858254671097 9.66623293608427 0 0.1182053089141846 0.4515672922134399 0 0 0 0.1540891230106354 0 0 91.33101916313171 1.522584199905396 0.3354232907295227 0 0.9877713322639465 10.99436803907156 3.124946966767311 8.835362821817398 0.9343205690383911 1.002378925681114 0.5749349966645241 0.2205840200185776 0 0 0 0 0 1.398452550172806 0 0 0 99.4338466823101 28.140371568501 22.63789116591215 382.5089178606868 4.8862159922719 170.5434294641018 97.40787369757891 88.7983516305685 7.733374744653702 1.812856435775757 46.68490099906921 150.3167323097587 0.2309330701828003 6.204575344920158 0.7061028927564621 45.84959083050489 0 0 0 8.510207146406174 0.8197662234306335 403.9441110864282 201.2462259680033
