55.64718283712864 2910.815606102347 389.9343249499798 835.7507922127843 248.6767565906048 8.480882003903389 430.8506608381867 105.9585866257548 104.2184342518449 292.6653331592679 100.1050578802824 8.109694674611092 37.90820083767176 179.744438663125 3.090569891035557 0.8625146523118019 0.3674811199307442 0.3197114616632462 0 0.3373189046978951 0.3001674339175224 0 0.1635324507951736 0 0.5233289897441864 0.6523984000086784 0 0.1818997040390968 0.3614532500505447 0.1842268705368042 265.5671016573906 9.522875003516674 5.9208108112216 0.09025783836841583 0 2.102516755461693 3.43129924684763 0.400344081223011 0.5300495326519012 0.106850691139698 0.544743999838829 0 0 0.5285918340086937 0 0 16.67200541496277 0.9314572438597679 0.4258574619889259 0.2002259790897369 0.4440971240401268 0.3111373037099838 1.133273661136627 0.09185834974050522 6.111348539590836 3.426800563931465 125.442774772644 436.8051478862762 136.1578526124358 46.4949048012495 0.6458199247717857 1.271781504154205 0.2581935971975327 4.289848439395428 1.579303942620754 1.367054760456085 0.3622341826558113 0.5483258590102196 0 0.09060321748256683 2.485432714223862 0.3632337749004364 0 285.9858318865299 14.28891328722239 64.38256091624498 4.260985799133778 2.042050421237946 9.579472377896309 32.73426277190447 0.4259411171078682 1.829857744276524 4.605218783020973 0.5865122452378273 0.8414807245135307 0.8847978636622429 0.1350833773612976 0.09931142628192902 0.3462185487151146 0 0.08213872462511063 0 0 0.0819912850856781 0.1704647094011307 2.149696722626686 0.3107597380876541 0 0.1401155740022659 596.3206531554461 0 0 0 0 0 0.2033810615539551 0.1855814754962921 0.6231177821755409 1.29021292924881 0 1.017023757100105 2.430827841162682 1.851114980876446 0.3233471065759659 0.8785869181156158 0 0 0 0 0 0 0 0 0 0 0 0 0 0 0 0.1411140412092209 0 0 0 0 0.1042794808745384 0.1748756021261215 0 0 0 0 0.6755351573228836 0.567101426422596 0 0 0 0 0 0 0 0 0 0.119143545627594 0 0 0 0.09279851615428925 0.1012574434280396 0.4399616867303848 0 0 0 0 0 0 0 0.1976556703448296 0.09550482034683228 0 0 0 0 0 0 0 0 0.9940913990139961 0.1845928281545639 0 0 0 0.4380392506718636 0 0 0 0 0 0 0 0 0.1017203032970428 0.1183801218867302 0 0 0 0 0 1.462415054440498 0.4909520819783211 0.9331380352377892 128.4810758307576 7.167601093649864 88.99792244285345 6.516284361481667 586.2942821234465 57.35557300597429 2.928276412189007 2.185851790010929 5.987074941396713 0 0.133550301194191 0 0.9354202002286911 0 0 0 144.0512532144785 0.3267016708850861 87.87820611149073 0.9593316316604614
2910.815606102347 1287.23715377599 139.3990396670997 923.7833654507995 1806.8497620821 92.28057241439819 3428.722372315824 366.4554978460073 2576.885710678995 3235.967207454145 2065.549120128155 217.9560003951192 1082.645246088505 3967.47263456881 6.905650250613689 5.411813497543335 0.5339649096131325 0.873623825609684 0.3333068341016769 1.072305142879486 1.721121653914452 0.09227608144283295 0 0.1050653234124184 1.60488111525774 2.65079615265131 0 0.7444813102483749 1.588927775621414 0.2813403159379959 616.8328328430653 34.63457183539867 27.01871879398823 0.109819121658802 0 3.6946627125144 7.177923180162907 2.436916023492813 2.015689507126808 0.7139507532119751 1.297838322818279 0.4056939259171486 0.2197203859686852 1.721351601183414 0.3424201458692551 0.3496387004852295 57.84597920626402 2.916279196739197 0.6591337844729424 0.1917220875620842 0.7960845753550529 0.07202708721160889 1.096254363656044 0.1163202226161957 11.1427566409111 6.828762575984001 85.0538352355361 291.8569881170988 123.4496306702495 113.1110396236181 1.801488228142262 5.012658320367336 1.064041376113892 25.58505905419588 3.80171337723732 2.758998602628708 0.7262123599648476 1.033168129622936 0.4455410614609718 0.4399239495396614 10.79938632249832 0.7352683246135712 0 336.0961954072118 35.60131888836622 120.1409150734544 22.58946947008371 6.926720559597015 31.67422951757908 96.42013134807348 2.072683498263359 4.849064357578754 9.787058882415295 2.501756519079208 1.446548618376255 1.664690591394901 0 0.107415646314621 0.9718689396977425 0 0.2764830365777016 0 0.3434181809425354 0.4265768676996231 0.6095378324389458 13.10001546144485 0.2501766830682755 0 1.310391709208488 354.3667610660195 0 0 0.3700516372919083 0.08738201111555099 0.2369250506162643 0.9795321822166443 0.8541760221123695 1.695071212947369 3.818991377949715 1.534413322806358 1.122156083583832 10.94743159413338 7.494903162121773 3.65764582157135 3.086889997124672 0.5107732191681862 0 0 0.3823356330394745 0 0 0 0 0 0 0.1036512404680252 0 0 0 0 0.1053645238280296 0 0.1078119650483131 0.3973552286624908 0.1405075490474701 0.4913482293486595 0 0 0 3.047983594238758 0.2558334693312645 1.977305814623833 3.083008676767349 0.2291883230209351 0 0 0 0 0 0.3026666939258575 0 0 0.2662299647927284 0 0 0 0.3921110481023788 0 0.6643244475126266 0 0.4915463477373123 0 0 0 0 0 1.797547601163387 0 0 0 0 0 0 0 0 0 7.426917687058449 0 0 0.1033265739679337 0.09613297879695892 1.60755317658186 0.0966109111905098 0.2495784759521484 0 0.1227553263306618 0.1512321084737778 0 0 0 0.1186106130480766 0 0 0.09306237101554871 0 0 0 4.532178416848183 4.145904295146465 3.725018389523029 216.913884177804 9.805672891438007 269.8043615743518 18.44354337453842 652.7955911532044 91.32395154237747 3.803552366793156 6.255856812000275 15.74609940499067 0 0.9300946071743965 0 1.658706516027451 0 0 0.3263517916202545 90.4704230427742 0.1353996843099594 182.8803056403995 8.690056391060352
389.9343249499798 139.3990396670997 516.7079040780663 87.64835558086634 81.94284002482891 6.368494018912315 61.93808563798666 2649.315913297236 235.9370460063219 376.0398467592895 1656.673941187561 9.22308174520731 59.97576278448105 1153.124897405505 15.35937942564487 15.63681551069021 6.389188677072525 10.77169670909643 1.999681554734707 15.10823518037796 24.58432006835938 0.352746270596981 0.4963553845882416 1.509694516658783 5.841593064367771 18.91333826631308 0.6848721727728844 8.172299690544605 4.972155682742596 0.2287258207798004 3834.705267861485 719.1918453872204 56.09292026609182 1.446135647594929 2.562693521380424 16.53857597708702 18.8615265712142 7.219585172832012 5.681255839765072 1.255380846560001 8.818957515060902 1.106775872409344 4.348380848765373 7.799241289496422 0.6978469043970108 6.309307396411896 143.9139489009976 6.410212188959122 2.922246299684048 1.676780715584755 1.832796029746532 0.6943493261933327 1.92471519112587 2.504164598882198 17.60891762375832 10.24847939610481 151.0170703269541 1024.177700795233 208.0560994334519 181.5204295143485 66.73348893970251 22.18118324130774 11.23384942114353 487.0638846755028 4.977293808013201 5.270038217306137 1.620645597577095 3.545703694224358 1.458041742444038 4.51413431763649 13.301165625453 1.270047269761562 0.09877796471118927 714.3065847344697 145.8032934218645 221.8791602514684 233.6603780016303 111.7101195305586 497.0804800540209 429.3811483830214 63.91241860389709 60.56687416881323 15.58970548212528 3.070582859218121 3.26811172068119 3.056337386369705 0.4114368483424187 0.4030389040708542 1.807485148310661 0 0.7589766904711723 0.5450629442930222 1.040705911815166 1.263612791895866 1.137430317699909 2.616219185292721 3.08791695535183 0 2.215069375932217 162.7965160757303 0 0 0 0.4395065009593964 0 0 0 0.3427793234586716 0.5146847367286682 0 0.8839492946863174 2.79343356192112 2.046753987669945 0.7950685918331146 1.093826927244663 0 0.1272253543138504 0 0 0 0 0 0 0 0 0.3728440552949905 0 0 0 0.106362022459507 0 0.1050024554133415 0.3925750553607941 0.2386607378721237 0 0 0.1082353070378304 0 0 0.7799869924783707 0 1.844229876995087 1.375394180417061 0.4882466793060303 0 0.1331466287374496 0.1914748698472977 0 0 0 0 0 0.1579653471708298 0 0 0 0.5861771404743195 0.3869996517896652 0.9476613327860832 0 0.3875671997666359 0 0.6084374785423279 0 0 0 0.8129628375172615 0 0 0.07977315038442612 0 0 0 0 0 0.3044100031256676 2.228886999189854 0.421671636402607 0 0 0.2155507802963257 0.3150107488036156 0 0.7369964867830276 0.1101934462785721 0 0.1606093645095825 0 0.1095037087798119 0 0.2824033573269844 0 0 0.5679732635617256 0 0.1146388575434685 0 1.917270287871361 4.132786057889462 2.113134451210499 226.6863305792212 19.65714405477047 528.5040231347084 39.29493317008018 235.2494786456227 147.6558349281549 7.129655383527279 10.1097866743803 5.124682202935219 0.2698920369148254 0.548701249063015 0 0.6762641221284866 0 0 0 34.33216707408428 1.293632611632347 120.8131881728768 1.668934136629105
835.7507922127843 923.7833654507995 87.64835558086634 246.9802999645472 180.8131097629666 228.3072290122509 1830.553701639175 1.642791979014874 243.4589508324862 1586.497727394104 6.880087941884995 204.3438627198339 418.3468536883593 266.0579097643495 0.8825577422976494 0.1029994264245033 0.06843987852334976 0 0.08797720819711685 0 0.104313500225544 0 0 0 0 0.1083496958017349 0 0 0 0 47.19964964687824 0.07587501406669617 0.6608496829867363 0 0 0 0.9780775606632233 0 0 0 0 0 0 0 0 0 15.99100355803967 0.6725842356681824 0 0 0.2106509134173393 0 0.5965564399957657 0 3.840524516999722 1.75633530318737 40.79996286332607 69.42807427793741 58.24284551292658 42.83910213410854 0 0.5583124160766602 0 4.356619566679001 0.4815641343593597 0.9843904227018356 0.2805401459336281 0.2708769291639328 0.07976984977722168 0 1.334453254938126 0.4155050218105316 0 128.9320428669453 9.895202644169331 36.2629319652915 3.368788450956345 0.2864276766777039 0.5311387330293655 1.247356683015823 0.2795265763998032 0.2990133464336395 3.382544077932835 0.7439519837498665 0.4927321076393127 0.1868631914258003 0 0.1349993497133255 0.1005800366401672 0 0.09473683685064316 0.09652692079544067 0.1934354305267334 0 0.09076686948537827 31.69844803214073 0.2296195924282074 0 0.2304518520832062 637.178101927042 0 0 0.4749486595392227 0 0.593547597527504 0.3225971460342407 0.2008199095726013 0.1581424921751022 2.861107304692268 1.18132633715868 0.8984276354312897 4.332619771361351 4.130516417324543 0.9287408590316772 1.847604669630527 0 0 0 0 0 0 0 0 0 0 0 0 0 0 0 0 0 0 0 0 0.1027429029345512 0 0 0 0.4969431757926941 0 0.8201109543442726 0.382229208946228 0 0 0 0 0 0 0.1570922881364822 0 0 0.334252342581749 0 0 0 0 0 0.2403057739138603 0 0.09893331676721573 0 0 0 0 0 0.3413931056857109 0 0 0 0 0 0 0 0 0 1.292161375284195 0 0 0 0 0.8050115704536438 0 0.2084684073925018 0.09832637757062912 0.1039680168032646 0 0 0 0 0 0 0 0 0 0 0 1.958768099546432 0.7017916664481163 1.60033506155014 170.1410221457481 3.651019185781479 83.48244497179985 3.763188913464546 2128.592624492943 40.72425388544798 1.039677910506725 0.5928629785776138 9.684084318578243 0 0.2016197144985199 0 2.038101747632027 0 0 0 16.08893541991711 0 348.3511913120747 2.754286453127861
248.6767565906048 1806.8497620821 81.94284002482891 180.8131097629666 649.1174034178257 15.06856799125671 927.6587161794305 104.5626199617982 2492.062598958611 1605.701203644276 365.6241149902344 117.0258615463972 442.2902111038566 2230.229608096182 5.365587763488293 2.426724798977375 0 0.1153041198849678 0.09491924196481705 0.1203133687376976 0.5123805031180382 0.707441046833992 0 0 0.09860857576131821 0.2223111316561699 0 0.2855053395032883 0.1211123540997505 0 60.37363751232624 4.680880948901176 10.49025285989046 0 0 0.6390049010515213 3.462821587920189 0.1541788280010223 1.018465101718903 0.3834278285503387 0.1058072149753571 0.09309086203575134 0 0.1127154529094696 0.07386548817157745 0 61.4327330365777 1.530067384243011 0.2384405881166458 0 0.7733837366104126 0 0.3535160794854164 0.08656053245067596 3.597069941461086 2.825137630105019 12.48887039721012 42.28189274668694 28.85294879972935 38.55402818322182 0 2.344014719128609 0.1280122101306915 17.02356044948101 1.009902656078339 0.7929999753832817 0.4241001009941101 0.318322591483593 0 0.09833690524101257 6.60216361284256 0.6742208451032639 0 79.81872889772058 18.65402738004923 49.32545041292906 18.04155271500349 1.362870775163174 4.497345596551895 11.59565575420856 0.1557213515043259 0.9039357379078865 4.379161365330219 0.2035948261618614 0.5299246162176132 0.897807277739048 0 0.1211596503853798 0.5001410767436028 0 0.4481503665447235 0.1791045144200325 0.2693549618124962 0.4304871633648872 0.4230154007673264 3.243555888533592 0.1619771271944046 0.238110676407814 0.2301744073629379 19.36619462817907 0 0 0.5350315347313881 0 0 0.3317310363054276 0.3647719249129295 1.961095735430717 3.592532582581043 3.35032569617033 1.602116286754608 7.14536801725626 8.974122285842896 2.90129866451025 3.021868959069252 0 0 0 0 0 0 0 0.1538192480802536 0 0 0 0 0 0 0.1263947486877441 0 0 0 0 0 0.09387540817260742 0 0 0 1.295411355793476 0.1653581112623215 1.69466307759285 1.465612269937992 0 0 0 0 0 0 0 0 0.1224398389458656 0.2094996869564056 0 0 0 0 0 0.2443500757217407 0 0.1794451922178268 0 0.4163378775119781 0 0 0 1.261133641004562 0 0 0 0 0.118869461119175 0 0 0 0 5.732286386191845 0.3243989050388336 0 0 0 0.8254345506429672 0 0.1557817161083221 0 0 0 0.273718535900116 0 0 0.1117246448993683 0 0 0 0 0 0 4.208482779562473 4.371730372309685 3.825900174677372 222.6952147781849 4.658979222178459 249.2075461149216 20.18720588833094 97.95422599464655 57.18033894896507 1.545950040221214 7.022439524531364 21.44534046202898 0.1643364429473877 1.029762908816338 0 2.388530641794205 0 0 0.137193500995636 52.95373126119375 0.1163426861166954 74.18244933336973 8.107241332530975
8.480882003903389 92.28057241439819 6.368494018912315 228.3072290122509 15.06856799125671 0.9374659657478333 98.58273120224476 1.192868113517761 8.268835991621017 253.385517641902 6.132650956511497 140.1775525212288 99.35054530203342 53.29655662924051 0.5912535041570663 1.119707882404327 0 0 0 0 0.1591426432132721 12.67938247323036 0 0 0 0 0 0.2998142540454865 0.2383949011564255 0 3.452722601592541 0.808647945523262 25.95317207276821 0 0 0 13.25893070548773 1.007157862186432 3.873849757015705 0.3995193690061569 0 0.2190152704715729 0 0.4204875826835632 0 0 1.882497131824493 0 0.1560914367437363 0 0.114965945482254 23.51028078794479 40.2022582963109 0.4116656184196472 0.1710473150014877 0.9500798881053925 19.09419643878937 1.55798327177763 0.5965181216597557 0.7350742593407631 0.4603264033794403 3.645989596843719 0 0 0 0 0.1381703019142151 0.1101844012737274 0 0 182.1156344041228 273.2343936786056 28.92267563939095 2.898035906255245 0.3200932070612907 0.6467207372188568 0.8649734035134315 0.3673644214868546 0.1438379138708115 13.53052608668804 0 0 0.2478229701519012 0.8366935551166534 0 0.2159333452582359 0 2.935932420194149 0.7367952689528465 3.200722694396973 0 1.048356674611568 0 0.1118995845317841 0.7406391277909279 456.6878830194473 395.8357061222196 230.7468213886023 33.8747258707881 45.45836874842644 0 0 1.021822713315487 0.2574802488088608 0.2812892645597458 1.261467315256596 4.11159685999155 2.976022720336914 7.617172420024872 3.150471314787865 1.333286859095097 11.51280577480793 11.30644324421883 2.949467591941357 3.12161973118782 0.08346311002969742 0 0 0 0 0 0 0.5803415477275848 0 0 0.1632704734802246 0 0 0 0.1221320927143097 0.284222275018692 0.6005053669214249 2.854008719325066 0.9436099231243134 0.4721650332212448 0 0 0 0.1016530022025108 1.545360699295998 0 1.165445081889629 1.936014212667942 1.137018047273159 0 0.2305502146482468 0 0 0 0 0 0 0.2874090746045113 0 0 1.373632282018661 3.49808844178915 0.7632536217570305 0 0 0 0 0 0 0 0 0.7043540179729462 0 0 0 0 0 0 0.1262538731098175 0 0.1407888680696487 5.179016262292862 9.853602088987827 0.4289832562208176 0.09756973385810852 0.6508401185274124 1.403879083693027 0 0 0 0 0.2777170687913895 0 0 0 0 0 0 0 0.100910097360611 0.1223840862512589 0 7.074933350086212 3.62085971981287 2.754482075572014 202.3741732239723 1.423894435167313 3.762724623084068 0.5682702660560608 77.49088282883167 0.3910364508628845 0 0 27.15254727005959 0 0.8828376159071922 0.09702596813440323 10.7929177954793 0 0 0 1.232238963246346 0 45.05983376502991 22.70277666300535
430.8506608381867 3428.722372315824 61.93808563798666 1830.553701639175 927.6587161794305 98.58273120224476 656.9324544668198 41.21587771177292 1596.937880590558 4379.56754270196 189.5135985910892 797.7860076278448 2811.907783560455 3789.072921961546 10.73724593967199 6.828278236091137 0 0.3904613479971886 0 0.2426521480083466 0.7673673257231712 0 0 0 0.08761274069547653 1.280549317598343 0 1.342967346310616 0.5473133400082588 0 86.3123424872756 3.105173856019974 29.27127385139465 0 0 1.441230975091457 10.62448233366013 2.454012341797352 2.636471852660179 0.1405416131019592 0.5045915767550468 0 0.2047311514616013 0.743175208568573 0 0.1424652189016342 87.04985168576241 2.784517370164394 0.5820673257112503 0.1192035973072052 0.6681443676352501 0 0.4872148782014847 0.2677846252918243 6.396742641925812 4.606977231800556 25.34681651741266 71.86139518022537 58.23007925599813 72.93589677661657 1.305485740303993 2.367431864142418 0 22.0419203042984 2.378122635185719 2.051056981086731 0.6110209599137306 1.567541524767876 0.510757140815258 0.09331202507019043 15.7444429397583 1.627025872468948 0 156.3865535333753 28.3442857414484 87.21640899777412 24.0172344148159 3.168532393872738 3.253930598497391 14.98344415426254 0.9220102578401566 1.891897581517696 6.654273889958858 0.7892839983105659 0.8715362548828125 0.722670890390873 0.09027906507253647 0.1509980112314224 0.6086256727576256 0.07949584722518921 0.3359126672148705 0.1681201830506325 0.5823619365692139 0.4300227388739586 0.1518188863992691 61.91933482140303 1.628767758607864 0.7349393218755722 2.047782301902771 54.43831777572632 0.1306261420249939 0.1554976999759674 3.948876671493053 1.408636085689068 1.802988737821579 4.437378168106079 5.148975573480129 9.818043902516365 24.56218767166138 12.35246846824884 10.14568740874529 45.07573957741261 41.14528501033783 17.48755197972059 15.76103621721268 0.4878115952014923 0.7616960406303406 0 0 0.1327954828739166 0 0 0.1008465066552162 0 0 0.107418067753315 0 0 0 0 0.2014905735850334 0 0 0 2.146397672593594 1.461678579449654 0.09004699438810349 0 0 10.81734162569046 0.6515945196151733 9.269399106502533 5.310182020068169 0.6750929206609726 0.1024082377552986 0.2262309566140175 0 0.1294597536325455 0.464492991566658 0.1033137738704681 0 0.1570946425199509 2.133778505027294 0 0.4065003022551537 0.2299187630414963 0.1439130008220673 0.2143891975283623 0.211189329624176 0 0 0.3902729824185371 0 0 0 0 8.577045008540154 0.5367072373628616 0 0.1415387392044067 0 0 0 0 0 0 26.20068451017141 0.1812725365161896 0 0 0 7.249302305281162 0 1.773634932935238 0.1735467314720154 0 0.381416529417038 0.9975649118423462 0.918472059071064 0 0.1800384670495987 0 0 0 0 0 0 25.88176156580448 13.46235068142414 13.7490775808692 477.3095075041056 7.324852615594864 365.6546509340405 28.76630894094706 380.2158055454493 84.79531762748957 1.928769282996655 12.00215588510036 83.11265434324741 0.3256206661462784 3.217591322958469 0.5797453820705414 18.18653129041195 0.1215287894010544 0 0.1384009718894958 253.0045277997851 0.9267614632844925 365.4472158551216 37.75423195958138
105.9585866257548 366.4554978460073 2649.315913297236 1.642791979014874 104.5626199617982 1.192868113517761 41.21587771177292 239.7004893571138 188.6343273371458 12.55766417086124 665.9669134393334 12.82347995042801 50.88374882936478 756.4721161052585 51.45819990336895 123.72775362432 11.36644265055656 17.04969236254692 2.664146363735199 25.98091381043196 60.51989256590605 1.763806626200676 5.585267975926399 13.27315065264702 57.93974620103836 122.3081280067563 4.762283317744732 35.80756559967995 18.88801811635494 3.795087188482285 2102.841084517539 444.9915999770164 298.389221534133 5.32188456505537 5.365367352962494 142.93853276968 73.39570911973715 44.39541937410831 19.11642700433731 12.61844101548195 47.72794023156166 4.297588229179382 8.731755748391151 35.61305278539658 3.683618500828743 4.965522103011608 160.1387829333544 3.941032789647579 4.474059611558914 3.187432266771793 1.468230538070202 2.825113214552402 8.445028699934483 7.120012134313583 5.267162188887596 3.761655047535896 44.81975766271353 225.1169072017074 54.14783291891217 59.5796866863966 208.4050658717752 251.854169331491 31.19152309000492 377.8621299639344 2.472331188619137 2.78429488837719 1.7193723320961 2.515508130192757 1.545184180140495 10.60025247186422 42.76598830521107 8.008464351296425 0.1207921281456947 211.7665003798902 66.85144231468439 157.999308116734 319.7032291293144 324.9972939640284 864.33158890903 1291.09344496578 163.2396572679281 1216.790338732302 10.29560696333647 0.8478306829929352 1.437152646481991 1.262411944568157 0.5349222421646118 0.3992124125361443 0.6366220861673355 0 0.7760096937417984 1.242026932537556 4.13728442043066 2.403152666985989 1.672401241958141 4.55591506510973 7.467878468334675 0.4519597813487053 7.564638212323189 29.71594461798668 0 0 0.2204288467764854 0 0.1827474236488342 0.2293250635266304 0 0.3712072819471359 1.057368874549866 0.2577315047383308 0.6846150085330009 4.345025137066841 2.324497491121292 2.410861432552338 2.878761634230614 0.2181973531842232 1.136672914028168 0 0.4058006107807159 0 0 0 0 0 0 0.5700976774096489 0 0.942843072116375 0.3242936432361603 0.4451682418584824 0.6547274217009544 2.088466040790081 2.334951736032963 0.1474268287420273 0.326597735285759 0.4592832028865814 0 0.6088987290859222 0.6820124685764313 3.388446904718876 0.1254546642303467 9.892385616898537 9.991833046078682 2.689396642148495 0.171750620007515 0.7479157745838165 0.1004068478941917 0 0.2655610218644142 1.503206208348274 0 0.08917376399040222 0.1454548984766006 0 0 0.5651225671172142 4.045036144554615 3.225242756307125 0.6535763144493103 0 0 0.1723541989922523 0 0.1015163064002991 0 0 1.812030836939812 0.4825820848345757 0 0 0 0 0.4751304388046265 0 0 0.6018938571214676 9.093695849180222 2.396738424897194 0 0 1.353203117847443 1.368436217308044 0.3895701915025711 0 0 0.1004890352487564 0 0.166568860411644 0.2709624841809273 0 0 0 0 0.08302567154169083 0.2901735231280327 0.2245727926492691 0.1668526530265808 4.320187859237194 11.2667119204998 13.30689525604248 508.6958393752575 22.62276094406843 559.7322349399328 135.1971183791757 63.44625505059958 76.86967447400093 3.471452541649342 16.32315164059401 10.5821837335825 0 0.9168591499328613 0.2909433916211128 1.143056109547615 0.4974655508995056 0 0 69.34184999018908 1.292716756463051 45.36286733299494 3.92912931740284
104.2184342518449 2576.885710678995 235.9370460063219 243.4589508324862 2492.062598958611 8.268835991621017 1596.937880590558 188.6343273371458 930.6305590420961 411.3880607485771 595.2769741117954 22.244414716959 231.3275461122394 2110.442163415253 5.003216192126274 3.334747783839703 0.1004765555262566 0 0 0.1186040267348289 0.6703828051686287 0 0 0 0.3965493589639664 0.8305012509226799 0.1279997080564499 0.2223097234964371 0 0 55.508499994874 13.57033920288086 25.5747197419405 0 0 1.382834486663342 5.169980458915234 0.3400538116693497 2.077128469944 0.4658508598804474 0.2875953987240791 0 0.2360891401767731 0.5497638061642647 0 0.2343497276306152 56.00053208321333 0.8239856585860252 0.09740730375051498 0 0.2196322754025459 0 0.5402520447969437 0.1480070501565933 2.947770267724991 1.305346481502056 8.275725439190865 30.96747972071171 16.81892196834087 26.15410390496254 1.502095758914948 1.774115644395351 0.4160914868116379 14.37046729028225 1.045802630484104 0.3559914976358414 0.7882024943828583 0.8063791245222092 0.1634195297956467 0.2103667482733727 5.192393571138382 0.339466005563736 0 57.32345153391361 17.18728594481945 38.30711941421032 15.8911414667964 4.060687601566315 6.102424167096615 67.00863675028086 0.4967418536543846 2.032341636717319 2.254288956522942 0.6800881922245026 0.4177616164088249 0.2417329624295235 0.08468023687601089 0 0.4661191552877426 0 0.3103077113628387 0.234814241528511 0.2461473196744919 0.4143484011292458 0.1139993071556091 5.971613571047783 0.1418708115816116 0 0 11.64299421012402 0 0 0.411970242857933 0.1250591576099396 0.1294617652893066 1.124739296734333 1.203357070684433 2.075436159968376 3.746086552739143 3.45742117613554 0.631574884057045 8.940090596675873 7.821435801684856 4.253188870847225 3.260890774428844 0 0.2054392546415329 0 0 0 0 0 0 0 0 0 0 0 0 0 0 0 0 0 0.09893205016851425 0.4232811629772186 0 0 0 3.619972057640553 0 1.121318891644478 1.217759877443314 0.2775604426860809 0 0 0 0.1065240129828453 0 0 0 0.4280465394258499 0.4118001013994217 0 0 0.1528713703155518 0.3811215832829475 0.3228156268596649 0.1665987074375153 0 0 0.1340243071317673 0.1834563165903091 0 0 0.4011040925979614 1.914886780083179 0.1361808925867081 0 0 0 0 0 0 0 0 6.54744365811348 0.132285088300705 0 0 0 1.619553163647652 0 0.387135237455368 0 0 0.09798639267683029 0 0.1010626703500748 0 0 0 0 0 0.0843491405248642 0 0 3.731977164745331 5.559618018567562 4.990620486438274 193.0614598095417 5.300339907407761 218.7136124223471 16.2072909027338 63.20646335929632 41.93921461701393 0.9604905545711517 6.735085628926754 20.85197334736586 0 1.297132007777691 0 3.96876110881567 0 0 0.09753542393445969 69.9496887549758 0.8374011814594269 65.31748208403587 7.52631339430809
292.6653331592679 3235.967207454145 376.0398467592895 1586.497727394104 1605.701203644276 253.385517641902 4379.56754270196 12.55766417086124 411.3880607485771 3342.545542269945 51.24790059030056 1176.237916991115 4558.95378343761 2217.625744327903 3.923359274864197 2.615661039948463 0.2040797472000122 0 0 0.09756523370742798 0 0.2159064561128616 0 0 0 0.4746766313910484 0 0.1289408206939697 0 0 30.44313605129719 0.744744099676609 57.72213277220726 0 0 0.1504750102758408 11.45642406493425 0 3.546723797917366 0 0 0.181145541369915 0 0.3687822818756104 0 0 68.68434579670429 1.280745111405849 0.2290383577346802 0 0.4534629881381989 0.3523100763559341 1.775256484746933 0 4.140159957110882 1.18515320122242 13.14566404372454 27.89701256901026 31.02014787495136 37.74949185550213 0 2.412198305130005 0 8.719591870903969 0.5781258419156075 0.9323401525616646 0.5013336762785912 0.3039233013987541 0.1001867949962616 0 125.2886749058962 12.94290453195572 0.4973089396953583 62.98667967319489 13.85163751989603 39.76561566442251 8.772823520004749 1.383465200662613 2.877232313156128 13.28473802655935 0.09914326667785645 0.8236220628023148 3.59685068577528 0.9280517175793648 0.3930138051509857 0.6140309348702431 0 0 0.2808499336242676 0.1336915194988251 0.1185568943619728 0.1639191061258316 0.2748235762119293 0.08198857307434082 0.5187968313694 237.5702114850283 154.6201512217522 8.63197086751461 6.407591074705124 182.8230254501104 0 0.2203553095459938 3.311982326209545 1.665566027164459 1.980109922587872 4.795330055058002 13.43682135641575 13.28894758969545 31.82373677194118 17.71548632532358 11.6309110969305 64.69583911448717 54.6484814286232 19.2229443192482 17.12665288150311 0.08713497966527939 0.09004385024309158 0.08030979335308075 0 0 0 0 0 0 0 0 0 0 0 0 0.1023531183600426 0.3969710767269135 0.244609147310257 0 0.4279038608074188 0.9752669930458069 0 0 0 7.662652656435966 0.5889593958854675 4.317272312939167 4.656732127070427 1.100610196590424 0.1715788692235947 0 0 0 0.1647017598152161 0 0.0882195383310318 1.361695431172848 1.81773429363966 0 0.1290303915739059 0 0.6872014850378036 0 0 0.1202533170580864 0 0.1011608839035034 0.2463191002607346 0.1020535752177238 0 0 5.260619029402733 0.6703146249055862 0.09536654502153397 0 0 0 0 0 0 0 24.66650505363941 0.1018185243010521 0 0 0 7.671508081257343 0.1469157785177231 2.119562268257141 0.2522473111748695 0.09949890524148941 0.8298842087388039 0.483009934425354 0.3098339512944221 0 0 0 0 0.1122078821063042 0 0 0 33.72773914039135 9.095390520989895 10.31339298933744 1027.460069417953 6.391038946807384 367.5643173232675 28.10381350666285 1080.137230351567 75.81126673519611 0.9306910932064056 13.34678100049496 141.2901788428426 0 3.891578927636147 0.166690394282341 41.60534033924341 0.550823450088501 0 0.8651393949985504 113.6780263632536 1.286266833543777 897.2948614358902 70.97708312422037
100.1050578802824 2065.549120128155 1656.673941187561 6.880087941884995 365.6241149902344 6.132650956511497 189.5135985910892 665.9669134393334 595.2769741117954 51.24790059030056 572.0621059238911 294.8238080888987 432.5721305981278 2223.447548292577 14.05516996234655 23.16825377941132 2.16094645857811 2.388643190264702 0.2083901166915894 2.697113521397114 5.99921590089798 1.097733937203884 0.1526026278734207 1.406718134880066 5.733634479343891 13.75800771266222 1.206496819853783 4.417803354561329 4.867013037204742 1.46044597029686 243.2259355410933 156.8157269060612 568.4801570102572 0.4617163687944412 0.4995339512825012 17.54837661981583 81.35850726813078 15.00816607475281 12.49935999512672 1.440402798354626 4.289842203259468 0.8154508024454117 0.8917284980416298 5.219047158956528 0.2061661705374718 1.361148081719875 71.92849142104387 1.07166350632906 0.1534604132175446 0.3419873043894768 0.5300976634025574 1.043983317911625 4.122560381889343 2.854425728321075 3.07232740521431 1.455825485289097 12.36799912899733 54.31710950285196 19.32435910403728 28.26606566086411 11.60210671275854 44.93410212546587 2.592645108699799 45.03770652413368 0.5183064416050911 1.251227002590895 0.6874315440654755 0.9439409449696541 0 1.376456268131733 115.8812302947044 4.648739576339722 0.1314823180437088 70.11468961462379 23.43303441256285 61.71570452302694 52.57721991837025 55.86283081024885 203.7480579018593 1289.551927037537 10.01658340543509 29.43368083238602 3.997112222015858 0.4009026512503624 0.5082541480660439 0.4112209752202034 0.256040558218956 0 0.2250673547387123 0.2496171817183495 0.2171802744269371 0.5242858752608299 0.4669003561139107 0.8088838532567024 0.8371893018484116 50.58613212406635 8.852584913372993 0.2391877621412277 11.82847896963358 8.603970803320408 0 0 0.3294992074370384 0.1035948097705841 0.2740338444709778 0.3978422433137894 0.9809545800089836 1.55146636813879 3.945707149803638 1.386107675731182 3.089375458657742 11.57724642008543 10.94153438508511 4.539104126393795 6.007095731794834 0 0.291815847158432 0.4449736997485161 1.02576532959938 0.1674409061670303 0 0 0 0 0 0.1018742620944977 0 0.3977921009063721 0 0.1267213672399521 0.1340540945529938 1.200442291796207 0.7282871976494789 0.8589372411370277 0.3886446952819824 0.1283007264137268 0 0 0.2631002068519592 3.48008731007576 0.4673105999827385 5.519213534891605 5.412913888692856 1.0479980930686 0 0.3709679469466209 0.09333804249763489 0 0.5540550351142883 0 0 0.1151653155684471 1.169015772640705 0 0 0 1.075386390089989 0.691182978451252 0 0 0 0.09261737018823624 0 0 0 0 3.917786724865437 0.4405261352658272 0 0 0.1098321154713631 0 0 0 0.1554622948169708 0.09476687014102936 11.09254647046328 0.4535963609814644 0 0 0.1024601981043816 2.308303907513618 0 0.4498719125986099 0 0 0.09895999729633331 0 0.08785474300384521 0 0.09568164497613907 0 0 0 0 0 0 6.895028881728649 6.530999146401882 8.114424429833889 271.6248061358929 5.68433140963316 243.431051209569 32.64723470062017 41.13130228221416 42.64979972690344 0.8566929250955582 10.46136400103569 20.62086600065231 0.4280168116092682 1.059757947921753 0.3037035763263702 3.081594496965408 0.1201317980885506 0 0 70.97399074584246 0.7553996741771698 62.84877375513315 10.08377367258072
8.109694674611092 217.9560003951192 9.22308174520731 204.3438627198339 117.0258615463972 140.1775525212288 797.7860076278448 12.82347995042801 22.244414716959 1176.237916991115 294.8238080888987 45.67572319507599 1323.503368109465 1283.58789293468 4.17394457757473 5.89258524030447 0.3816116377711296 0.2449623048305511 0.1134165078401566 0.303747370839119 0.7607757225632668 3.63704040646553 0 0.3354717940092087 3.138512507081032 1.443500511348248 0.4231525957584381 1.096713274717331 7.445665657520294 0.1433498859405518 8.558850228786469 5.105272404849529 199.1081742197275 0.1087987422943115 0.246454119682312 17.13935133814812 136.9762204289436 11.8521634042263 26.24887932837009 5.023179143667221 0.9173710718750954 0.6558356732130051 0.2299219220876694 0.9186010211706161 0 0 10.75060966610909 0.2117661163210869 0.08000458776950836 0.09959558397531509 0.1992384940385818 1.547081395983696 23.85654599964619 2.445942640304565 0.2796262502670288 0.2507266700267792 0.7734744399785995 2.520433537662029 1.308628402650356 2.446902580559254 1.439002141356468 44.28420870006084 0.4322139322757721 2.520277842879295 0 0 0 0.1092411279678345 0 0.1002863496541977 415.8072303757071 17.20288693904877 0.3203095644712448 2.727992080152035 1.714770324528217 7.641913078725338 3.738347515463829 3.214639082551003 9.034591376781464 160.2126404643059 1.097981259226799 3.830952823162079 0.297907292842865 0.5269615799188614 0.08585107326507568 0 0 0 0.1368942558765411 0.3111298307776451 0 0.3585857376456261 0.2206908389925957 0 0.3989908844232559 655.2455940842628 68.28355053067207 4.57864960283041 68.82799772918224 3.711707666516304 0.1794699132442474 0 7.265825621783733 2.511178053915501 2.418972849845886 10.82239940017462 14.89753390848637 17.31911241263151 54.45834844559431 22.69522526115179 24.75744409114122 111.2706970497966 106.8502806797624 45.04885943979025 42.94834380596876 0.9660011976957321 0.3006289750337601 0.1077373549342155 0.08222896605730057 0 0 0.2205308228731155 0.1051017194986343 0 0 0.1104051396250725 0.1472717821598053 0 0.3812080919742584 0.3912524282932281 0.5427985861897469 0.2355335578322411 1.366989701986313 0.5345494076609612 2.880421571433544 0.494832269847393 0 0 0.2368122786283493 22.81375843286514 0.8804541230201721 15.89099619537592 14.85810141265392 1.889420419931412 0.6830952912569046 0.1002243682742119 0.08642861247062683 0.3521169051527977 1.014761216938496 0 0 1.092751570045948 7.205881536006927 0 0.09337006509304047 0.09807075560092926 2.613009437918663 0.3795906603336334 0.2235898524522781 0.2184512987732887 0.08564694225788116 0.2380349114537239 0.6023485735058784 0 0.1759352087974548 0 21.84357166290283 1.868468374013901 0.08462613821029663 0.0841735303401947 0.07512274384498596 0.262482076883316 0 0 0 0.3510097935795784 96.25166960060596 3.359680235385895 0 0 0 18.21099044382572 0.3413135781884193 2.379205718636513 1.231324806809425 0.4088393971323967 1.354169718921185 0.3304969668388367 0.8378745838999748 0.08593004196882248 0 0 0 0.07665082067251205 0 0 0 68.93572229146957 24.53813986480236 32.59607927501202 333.6931906715035 2.781451836228371 63.44671042263508 15.26141683012247 70.3680027872324 11.41257876157761 0.1223733127117157 5.562488853931427 150.6586616635323 0.3832187429070473 11.20451322197914 1.074279464781284 24.88638863712549 0.1006291508674622 0 0.3878412619233131 13.96911305189133 1.866282716393471 899.552074290812 106.9934518486261
37.90820083767176 1082.645246088505 59.97576278448105 418.3468536883593 442.2902111038566 99.35054530203342 2811.907783560455 50.88374882936478 231.3275461122394 4558.95378343761 432.5721305981278 1323.503368109465 580.2784342989326 3973.229002170265 12.67430272698402 18.44962038099766 1.093678839504719 1.433562688529491 0.2685806900262833 2.119991935789585 5.677933722734451 3.096367716789246 0.09780652821063995 0.6203475520014763 7.860115312039852 9.31474344432354 1.472264096140862 3.933488987386227 13.19733960926533 1.034671522676945 17.68096738308668 11.89960616827011 1782.428966850042 0.3624623119831085 0 21.1596664339304 541.0134026631713 112.3328542709351 280.1565032824874 9.7027637809515 2.853811845183372 1.855660937726498 0.7607175707817078 3.456296846270561 0.2424984201788902 0.472885362803936 43.38651701062918 0.7372388988733292 0.4366986155509949 0.2187848389148712 0.3554255068302155 2.544155590236187 50.9573340639472 3.126636490225792 0.8522293791174889 0.1453078091144562 3.795372873544693 16.21053819358349 10.39307399094105 16.59563869982958 7.021494165062904 112.3827165514231 3.489504963159561 7.06853362172842 0.2602143436670303 0.6393699496984482 0.1025040298700333 0.1050115078687668 0.2832126095890999 0.9129366874694824 293.2757897973061 16.27849221974611 0.1259979158639908 23.82851366698742 8.44346809387207 31.39529579132795 18.13515102863312 11.95289178937674 41.91663978248835 221.2773607522249 2.847200147807598 18.24246390908957 2.239651702344418 0 0.3226046934723854 0.4365964382886887 0.3512593358755112 0 0 0 0 0.3988456428050995 0.4365332797169685 0.3123297840356827 1.32560858130455 895.0763696357608 33.20415589213371 1.538921222090721 40.15707973390818 6.793784618377686 0.5465226471424103 0.1257701367139816 5.377661325037479 3.887287378311157 2.15203120559454 11.715242177248 15.53174147754908 19.71788284927607 56.71407069265842 22.38859874755144 23.12651673704386 126.9694997370243 104.1560884714127 48.21586968004704 51.73060296475887 0.835342675447464 0.6815781220793724 0.6178156808018684 0.5938652753829956 0 0 0 0 0 0.09895423054695129 0.3479686453938484 0 0.9160430952906609 0.2562336698174477 0.6818941682577133 1.028801165521145 1.560190007090569 1.299919299781322 1.685521796345711 4.13117578625679 2.340868033468723 0 0.2240262478590012 0.2008651494979858 24.45340237021446 2.400527141988277 22.13103592395782 19.84907289594412 4.566137336194515 0.0874759629368782 0.08836564421653748 0.262052059173584 0.6784768253564835 0.6368130594491959 0.1569379419088364 0 1.915084309875965 4.91788562387228 0 0.5982864648103714 0.5969561710953712 3.400026872754097 1.059144228696823 0.08651261776685715 0.27413210272789 0 0.1768918633460999 0.3924528583884239 0 0.1698085069656372 0 22.01828265935183 1.865648336708546 0 0.08323439210653305 0 0 0.08290467411279678 0 0 0.2362440153956413 95.43951918929815 3.857103057205677 0.1034279018640518 0.1232562139630318 0.285283163189888 20.39138056337833 0.1440443396568298 3.510808899998665 1.29843133687973 0.5164918899536133 2.430575370788574 0.3289447724819183 0.3296001106500626 0 0 0 0 0 0 0 0.3153593987226486 68.46263356506824 31.04717891663313 41.65396215766668 654.7070316448808 4.646028250455856 187.2372823134065 41.09823497384787 78.92517944425344 32.67522533982992 1.084851063787937 11.98476598411798 204.665674045682 0.09058676660060883 13.21600885689259 0.8172930926084518 39.9483282789588 0 0 0.8581736087799072 58.70386236906052 2.790814340114594 777.916446454823 106.344880014658
