164.2342129796743 1856.746163614094 974.0277901887894 811.363821387291 331.1844146475196 169.6517870724201 168.1568230465055 76.28672057390213 115.8586277067661 575.1629812121391 172.8184448778629 168.6058059036732 217.0664138123393 83.9408535733819 1.883670970797539 0.1807851269841194 0.2186069190502167 0 0 0.1295493543148041 0 1.136554688215256 0 0 0 0 0 0.1743560135364532 0 0 42.03283271938562 0.2719419598579407 5.484604761004448 0 0 0 11.09463459998369 0 0 0 0.174564853310585 0.1283523589372635 0.2046613171696663 0 0 0 31.36699400097132 7.154572203755379 0.5714669749140739 0 1.056494876742363 0.6460139006376266 0 0.2443655952811241 9.43559792637825 10.09209315478802 191.7316559776664 673.7162381634116 4.392762005329132 20.12734081596136 0 0 0 8.255880765616894 16.87086466699839 9.526406683027744 1.83615642786026 2.989815220236778 0.6175480261445045 0 32.83891869336367 24.26939053833485 1.596516884863377 198.3281741961837 1.65922337770462 19.5562417730689 0.5762455984950066 0 0.1164407357573509 2.571184098720551 0.236965999007225 0.5659868121147156 19.57627734541893 0 8.016083128750324 10.82273162156343 0.7403751239180565 1.100955381989479 2.894572347402573 0.6196226328611374 1.491528995335102 0.9071756675839424 0.2676390409469604 0.6424853876233101 0.3490318208932877 120.1610289439559 9.868684224784374 2.66008797287941 1.735469542443752 868.7526157274842 0 0 0 0 0 3.800064638257027 0.1629666984081268 0 0.9967291951179504 0.9991664588451385 0.3967344760894775 3.657240577042103 2.026439070701599 4.31189439445734 0.995504342019558 0 0 0 0 0 0 0 0 0 0 0 0 0.1188026592135429 0 0 0 0 0 0 0 0 0 0 0 0.645378053188324 0 1.141768224537373 0.4210687130689621 0.1082961782813072 0 0 0 0 0 0 0 0 0 0 0 0 0.1452379673719406 0 0 0 0 0 0 0 0 0 0.2559010460972786 0 0 0 0 0 0 0 0 0 1.243635408580303 0 0 0 0 0.1966003924608231 0 0 0 0 0 0 0.1123798415064812 0 0 0.09661963582038879 0 0 0 0 0 0.6938726752996445 1.015955187380314 0.9117105305194855 115.3722883835435 4.810847595334053 174.4050756618381 6.473604947328568 617.7312162965536 25.76572202146053 2.558632269501686 4.229874268174171 12.42902128398418 0 0.1640383303165436 0 4.512765049934387 0 0.2689127326011658 0 1.33800482749939 0 235.3817175775766 0.5912111103534698
1856.746163614094 935.5340255498886 905.0297444611788 1466.673262499273 4207.570829197764 260.5821669846773 1535.633867926896 641.4309845641255 2797.688308551908 975.4349877685308 1554.751769393682 147.6579551994801 1283.169871158898 1166.02959164232 14.77771446108818 6.800915017724037 0.7866366356611252 0.5577885583043098 0.1491886824369431 0.1024232283234596 0 0.6902194619178772 0 0 0.9575390219688416 0.2068418338894844 0.1472406536340714 0.5177791714668274 0.2843578606843948 0 456.0497433245182 9.005819626152515 57.26572857797146 0.4599890410900116 0 0.8934241831302643 41.47818579524755 2.49925808608532 1.585200607776642 0.1096614226698875 0.3234685808420181 0.353412538766861 0.09357848763465881 0.5506111904978752 0 0.4331744611263275 215.2949924618006 18.81937521696091 1.67732360959053 0.6921007856726646 2.139838136732578 1.105915978550911 1.771145515143871 1.232322603464127 14.25747133791447 20.63451407104731 183.8567949831486 735.2572654783726 8.756174452602863 70.15785528719425 0.5135844349861145 1.585749395191669 0.169882670044899 90.98829513788223 30.6663606017828 26.66072534024715 3.046065233647823 7.430283106863499 1.37086283415556 1.043147519230843 24.61186592280865 2.642831981182098 0.7403926774859428 461.7042190432549 22.1237915828824 99.30957527458668 15.81737878918648 1.176816679537296 1.375470116734505 36.2166538760066 0.403745099902153 2.137610383331776 35.29703602194786 0.3441118001937866 17.7895610332489 24.37426656484604 2.721432968974113 1.028998255729675 8.565467484295368 0.7743725404143333 3.0939105078578 1.229640834033489 1.395744800567627 1.887584090232849 1.086456537246704 41.25659050792456 2.263798139989376 0.7547949403524399 2.423514142632484 1509.073389239609 0 0.09593284875154495 0 0 2.322592325508595 4.421366162598133 2.725697949528694 1.010662108659744 13.59953263401985 9.260467879474163 1.506129756569862 20.31163961440325 11.63122967630625 25.67460552603006 9.527544938027859 0.08027982711791992 0 0 0 0 0 0 0 0 0 0.6008769795298576 0 0 0 0 0.1336198449134827 0.5320478528738022 0.3512515276670456 0 0.2875810265541077 0.4129745960235596 0 0.7465170621871948 0 14.20374665409327 0.3026134371757507 11.59174610674381 2.734134688973427 2.390636086463928 0.2573573291301727 0.1083554849028587 0.5448087453842163 0 0.3104490637779236 0.4484560489654541 0 0 1.036384403705597 0 0.1056012883782387 0 0.3078879863023758 0.2009560987353325 0 0 0.09948631376028061 0 0.1985691785812378 0 0 0.9035483598709106 1.788316085934639 0.09824880212545395 0 0 0 0 0 0 0 0 20.5603210106492 0.9978581517934799 0.1931487172842026 0 0.09673803299665451 2.512820534408092 0 0 0.6056449636816978 0.2252767235040665 0.5884082913398743 0 0.09417247027158737 0 0 0 0 0.09731738269329071 0.2791707217693329 0 0 3.016492940485477 7.245278663933277 9.233668096363544 349.988554880023 8.821533724665642 586.4058578535914 42.2325487434864 540.6749413982034 49.84899252653122 3.635360352694988 47.29030488431454 45.86283978074789 0.3513878732919693 1.485087372362614 0.2119167447090149 7.122517056763172 0 0 0 10.41228185594082 0.4200991988182068 240.361879363656 3.914696753025055
974.0277901887894 905.0297444611788 1137.165795832872 183.5964519530535 187.1755027994514 31.71779619157314 8.304435670375824 3751.945392094553 474.0480805560946 114.8708240166306 2033.198016524315 210.8061753362417 439.0459945723414 612.3917293772101 20.62829112261534 15.78380070626736 1.61617673188448 2.95280560106039 0.09680343419313431 2.144566938281059 3.994978003203869 2.552850857377052 0 1.391906522214413 5.472427189350128 2.266404002904892 1.861657187342644 1.673602983355522 0.3002976924180984 1.011707410216331 3680.45167016238 313.8653009161353 180.096467204392 0.1307560503482819 0.2574963867664337 2.15169632434845 55.78905600309372 3.813739448785782 1.329434782266617 1.3995191603899 23.11013992875814 15.19442041963339 15.31835576146841 0.8120257630944252 0.2468752861022949 0.2107960358262062 111.7724031880498 9.858515925705433 2.031431421637535 5.69589863717556 9.253578908741474 5.752933479845524 3.791151255369186 6.053690612316132 5.987710371613503 11.76048645377159 116.1618910953403 1011.367222055793 6.278528310358524 30.59505403786898 2.643322460353374 29.39031581580639 0 634.7437948659062 16.360222004354 12.56228760629892 6.295097351074219 13.94190091639757 45.99380434304476 56.81613281369209 33.43151319772005 2.619001314043999 1.206694714725018 327.8138163611293 61.82906841486692 92.62163737416267 70.96285922825336 9.133664585649967 5.225924119353294 580.7861616536975 1.450725182890892 123.5651421546936 20.21892577409744 0.3499720990657806 10.86292105168104 14.05743085592985 3.941544108092785 0.2362515032291412 3.687521710991859 1.052973687648773 3.373994819819927 1.77846559882164 111.4975535050035 37.96517647057772 11.18615262210369 26.9783710539341 0.1759470254182816 1.113257773220539 1.613525107502937 372.2012744024396 0.09466899186372757 0.09780213236808777 0.2451704517006874 0 1.552596852183342 3.480467841029167 1.181715607643127 0.8478663489222527 1.149378873407841 6.085151486098766 1.021319203078747 13.9038650020957 7.334265813231468 20.61527723073959 6.988055482506752 0 0.2135643884539604 0 0 0 0 0.2026978135108948 0 0 0 1.65601359307766 0 0.6832118183374405 0.1648251563310623 0 1.216259717941284 0.1933061927556992 1.652146756649017 0.1442069858312607 1.404148317873478 0.4844179078936577 0 0.3576667010784149 0 12.60035798698664 1.485051736235619 11.00050039589405 7.02927815169096 3.023419514298439 0.1227984353899956 0.5927528813481331 0.5875606685876846 0 0 0 0.4688685536384583 0 0.1488254964351654 0 0 0 0.4336009621620178 1.947021797299385 0 0 0 0 0 0 0 0 2.398248687386513 0.09818566590547562 0 0 0 0 0.09543348848819733 0.233013927936554 0.3799666538834572 0.8430060744285583 19.00179749727249 1.083240494132042 0.5393800735473633 0.2114538550376892 6.098734483122826 1.61519131064415 0 0.1511271297931671 0.5748254358768463 0.232540026307106 0 0 0.1109197363257408 0 0 0 0 0 1.228963762521744 1.20343741774559 0.4444862306118011 3.075855031609535 9.838605292141438 10.41611205786467 240.067907743156 14.56899163872004 280.3659858927131 42.24594252556562 155.5351043045521 26.36369957029819 0.7964504063129425 24.89253958314657 25.30220260471106 0.2600975334644318 2.654201611876488 0 4.671102575957775 0.2103616893291473 0.489463746547699 0 5.351480886340141 0.3658565878868103 94.55495389550924 2.366561897099018
811.363821387291 1466.673262499273 183.5964519530535 538.7724568843842 1067.795151337981 638.9254305064678 1033.55320161581 6.439700745046139 117.2932536005974 1984.843015938997 169.9927399083972 1389.960228569806 2315.336502507329 116.0122975036502 0.7981859892606735 0 0 0 0 0 0 0 0 0 0 0 0 0 0 0 1.674936220049858 0 0.4102296382188797 0 0 0 1.226409554481506 0 0 0 0 0 0 0 0 0 7.527176812291145 1.162770837545395 0 0 0.5118592530488968 0 0 0 0.6160600334405899 0.7293214425444603 23.37571784108877 60.90640252828598 0.900344617664814 2.36465672403574 0 0 0 1.701660022139549 1.867285922169685 0.970620296895504 0.3455096259713173 0.4227331206202507 0 0 6.305737681686878 1.028109446167946 0 24.55555830895901 0.4054567515850067 2.59646213054657 0.2975373789668083 0 0 1.027357086539268 0 0 1.966569140553474 0 1.411612004041672 1.109836928546429 0.3360660374164581 0.1503407806158066 0.4122898429632187 0 0.226573184132576 0.1337648928165436 0 0.1635780185461044 0 43.51278544217348 1.426792830228806 0 0.156840443611145 338.1324676945806 0.4045659303665161 0.4330877065658569 0.9135380387306213 2.063577562570572 0.7477583289146423 45.41385087370872 0.919386625289917 0 34.15170533955097 5.578162118792534 0.1061331257224083 38.1948536336422 67.2783097922802 17.87919978052378 1.800544336438179 0.1990691870450974 0 0 0 0 0 0 0 0 0 0 0 0 0 0 0 0 0 0 0.1110410541296005 0 0 0 0 0.1257533729076385 0 0.2545080482959747 0.8459464758634567 0.1199191808700562 0 0 0 0 0 0 0 0 0 0 0 0 0 0 0.1344822198152542 0 0 0.3742068931460381 0 0 0 0 0.1373222321271896 0 0 0.1073284968733788 0 0 0 0 0 0 2.250629104673862 0 0 0 0 0 0 0 0.5817557573318481 0.5746057033538818 0.1129202842712402 0 0 0 0 0 0 0 0 0 0 0.4880462437868118 0.2642012238502502 0.3379193097352982 66.37177268415689 1.171407714486122 28.12802046537399 0.4885644614696503 256.9408291950822 4.576390638947487 0.4244874119758606 1.020910561084747 11.9384281039238 0 0.5128829032182693 0 5.377775430679321 0 0 0 5.566969692707062 2.238040924072266 146.5664720311761 0.1630682051181793
331.1844146475196 4207.570829197764 187.1755027994514 1067.795151337981 265.8079699203372 39.50209103524685 276.7560467869043 47.60092710703611 2513.561277642846 1983.207184523344 486.9540041908622 193.5055462121964 448.0431927144527 1635.817977920175 14.05322643369436 4.299574263393879 0.7944215461611748 0.2701969295740128 0.08078031241893768 0 0 0 0 0 0.1299422085285187 0 0.1329188048839569 0 0 0 88.62925626337528 12.71692501008511 35.23587566614151 0 0 0 20.17980783432722 0.586082398891449 0.3818848133087158 0.1539560556411743 0.4559019207954407 0.7556940317153931 0.2538638040423393 0 0.09918773919343948 0.1165333315730095 155.8595754951239 7.39146538823843 1.111883282661438 0.6203742027282715 1.800583936274052 0.284782737493515 0.1646630764007568 0.2557149678468704 6.787285670638084 7.306915536522865 43.42389094829559 146.7285257056355 5.839248828589916 44.35156605392694 0.612231507897377 1.488440953195095 0 79.50414229184389 14.92744687199593 9.835678420960903 2.31733063608408 2.94996540248394 1.008469954133034 0.3428831994533539 17.13881979882717 0.330390140414238 0 230.8762295693159 15.60944133996964 96.90091007202864 15.958709590137 2.294826366007328 0.6142898425459862 13.95651569217443 0.5061041861772537 1.648779012262821 15.88780327886343 0.3383847326040268 7.847990468144417 6.777775771915913 2.705029398202896 0.1205649003386497 4.084320552647114 0.09970999509096146 2.861625142395496 0.5254593938589096 2.778387024998665 1.49033097922802 0.4547401070594788 17.61478872597218 0.1198101788759232 0 0.110008716583252 49.89911970496178 0 0 0.347551703453064 0.1541274040937424 3.022406563162804 7.06440045684576 4.019586428999901 1.523937717080116 13.88201408088207 11.57524789869785 3.388334177434444 28.02591610699892 16.67700088024139 38.62455143779516 12.50835905224085 0 0 0 0 0 0 0 0 0 0 0 0 0.4330037161707878 0 0 0 0.1366668492555618 0.1811907738447189 0.4214531481266022 0.9642548114061356 0.3469925448298454 0 0 0 16.30117225646973 1.741588801145554 15.05872597545385 4.55436809360981 5.452987998723984 0 0.134149357676506 0 0 0 0 0 0 0.3107553198933601 0 0 0 1.099098682403564 0.1270112693309784 0 0 0 0 0 0.1372012346982956 0 0 4.010765589773655 0 0 0.1033008769154549 0 0 0 0 0 0 32.60447965562344 0 0 0 0.1004065945744514 3.222013130784035 0 1.401450142264366 0.1464002132415771 0.4034681171178818 0.5794399753212929 0 0 0 0 0 0 0 0.114478588104248 0.3442307412624359 0 6.267070688307285 10.57880467176437 8.787100553512573 385.5327261686325 7.960602596402168 377.6430888846517 50.79746876657009 115.0809825509787 35.34116675704718 3.204510971903801 48.70572728663683 61.13041779398918 0.08640462160110474 2.90174750238657 1.066481366753578 16.27274678647518 0.367133155465126 0 0.7156081199645996 8.612636610865593 0 109.7874974161386 2.67441500723362
169.6517870724201 260.5821669846773 31.71779619157314 638.9254305064678 39.50209103524685 32.61167393624783 83.07607520371675 5.01413232833147 9.964121527969837 597.5080763101578 14.72320482134819 225.9742878228426 164.5221518278122 34.78084459155798 0 0 0 0 0 0 0 1.010689571499825 0 0 0 0 0 0 0 0 0.9193156510591507 0 9.200359702110291 0 0 0 38.39111849665642 0.1494531631469727 1.316090255975723 0 0 0 0 0 0 0 0.1351112872362137 0 0 0 0 8.545014500617981 0.1597848832607269 0 0.324431836605072 0.9642249420285225 42.40897104889154 11.13411293923855 0.1428065598011017 0.2973926961421967 0 0 0 0.1534599512815475 0 0 0.3046368956565857 0 0 0 220.8827254623175 244.456116810441 21.69723482429981 1.337335884571075 0 0 0 0 0 0.8558347225189209 0 0 0 2.298241570591927 0.130846381187439 3.921678699553013 0 13.85943348705769 6.763282045722008 7.090445518493652 0.9436980038881302 1.000193260610104 0 0.259243480861187 0 195.343011200428 86.24063745886087 12.32715629041195 17.49552217870951 163.3565696179867 0.1786535531282425 0 0 0 0 2.194239169359207 1.964898765087128 0 0.2719543650746346 1.386290788650513 0.1336362510919571 2.202721491456032 1.108613155782223 3.160815306007862 0.5737254470586777 0 0 0 0 0 0 0 0.1689271777868271 0 0 0.1803619265556335 0 0.1792434006929398 0 0.6799611523747444 0 0.7063028514385223 1.147944003343582 0.694430448114872 0 0 0 0 0 1.136006593704224 0 1.210977599024773 0.9853106588125229 1.015535362064838 0 0 0 0 0 0 0 0 0 0 0 0 1.092648446559906 0 0 0 0.1261620968580246 0 0 0 0 0 0 0 0 0 0 0 0 0 0.2365985065698624 0 1.875617131590843 2.159769028425217 0 0 0 0 0 0 0.1560812145471573 0 0.142562136054039 0 0 0 0 0 0 0 0 0 0 0.6309422999620438 0.8524248152971268 0.4407158643007278 18.74024133384228 0.5553937777876854 1.789781786501408 0 74.34853665530682 0.1345522403717041 0 0.6651071906089783 7.570882722735405 0 0.0912816971540451 0.2376196533441544 1.887904867529869 0 0 0.1196669265627861 0 0.2938268184661865 99.32674621790648 1.022646367549896
168.1568230465055 1535.633867926896 8.304435670375824 1033.55320161581 276.7560467869043 83.07607520371675 221.1881114691496 3.449204459786415 557.1732542663813 2101.203639388084 34.4291322901845 842.783341139555 3386.586227416992 1573.557417042553 7.467167034745216 3.33553796261549 0.4549733549356461 0 0 0.09648282825946808 0 0 0 0 0.2166331112384796 0 0 0 0 0 27.82805424928665 2.642842061817646 7.54078733921051 0 0.1620569676160812 0 14.19692970812321 0.1461841911077499 0.197720006108284 0 0 0 0.3241806626319885 0.2695519179105759 0 0.1432500630617142 87.02414760738611 6.280580073595047 0.5687031224370003 0.109339065849781 1.184584975242615 0 0.1762899458408356 0 2.784036807715893 5.313135422766209 27.59642370045185 81.43927357345819 3.906120672821999 24.32037169486284 0.4101685136556625 0.3767138123512268 0 40.48127915710211 7.987802110612392 5.713801860809326 0.6254030242562294 1.693798765540123 0.4948947429656982 0.5428977608680725 6.369444996118546 0.7224633395671844 0.1306076794862747 124.2887106314301 9.333105854690075 52.1494250074029 8.04251791536808 0 0 3.594451047480106 0 0.5230904743075371 10.41186637431383 0.115726962685585 5.368181571364403 5.550032988190651 2.072185359895229 0.2197079956531525 2.533101141452789 0 0.8993439897894859 0.2963638454675674 0.6458727866411209 0.4414620101451874 0.3263712152838707 13.72727359831333 0 0 0.751452624797821 42.29314795136452 5.056593276560307 25.35243207961321 108.671526402235 190.8139516562223 1.551233038306236 178.8743914440274 37.33978648483753 5.633032523095608 115.7052550166845 51.79966259747744 1.774528965353966 161.2216556295753 114.0908160284162 55.51470280438662 13.56442239135504 0.2365553677082062 0.1293555647134781 0 0 0 0 0 0 0 0 0 0 0.4925202131271362 0 0 0.2644411027431488 0.2917231321334839 0.2390212863683701 0 2.278880685567856 0.3098696172237396 0 0 0 11.77829710394144 1.261736243963242 7.175072193145752 3.596333615481853 1.653732791543007 0 0 0 0 0 0.8458523154258728 0 0.4550246372818947 0.2592910528182983 0.08817163854837418 0 0 0.1202399879693985 0 0.2859767228364944 1.066279053688049 0.3554206714034081 2.361910283565521 3.049879349768162 1.944658905267715 0 0.8235580921173096 1.675554186105728 2.278418317437172 0.326269768178463 0.8259911835193634 0.1018196642398834 0.3678372874855995 0 0.1018389388918877 0 0 18.62017980217934 0.17096908390522 0 0 0 0.9589027091860771 0.08711565285921097 0.5059904605150223 6.260044634342194 2.823382146656513 2.067797794938087 0.2529566958546638 0 0.2944917306303978 0 0 0 0.3248382806777954 0 0 0 6.580734498798847 4.978309229016304 9.512592263519764 220.1943595409393 5.87137857824564 218.9113576635718 25.43452180176973 91.48452028632164 20.13233453035355 1.430134013295174 17.4177752584219 40.74465511739254 0.399419404566288 7.96237837523222 1.527315981686115 32.44391220808029 1.760808445513248 0 0.415953516960144 6.732315018773079 0.5340564846992493 91.3060300797224 4.680869482457638
76.28672057390213 641.4309845641255 3751.945392094553 6.439700745046139 47.60092710703611 5.01413232833147 3.449204459786415 1026.929568447173 29.18053495138884 22.40966843813658 1190.618366099894 109.5744730383158 351.5819721966982 637.162749491632 58.44447518140078 39.71785325556993 3.076458141207695 13.73910047113895 2.505115509033203 38.29310700297356 30.45559230446815 10.67327050119638 2.55257785320282 3.746147379279137 22.67030614614487 10.32145097851753 17.92435447871685 2.418417945504189 3.229112237691879 5.365706875920296 1793.996064923704 2536.234824679792 395.3240590617061 0.2236298099160194 2.039626225829124 17.27935606241226 104.8573674112558 28.56126126646996 7.357285149395466 10.46140725165606 59.25989601016045 37.53284145146608 140.3633888810873 6.775352150201797 3.800310134887695 6.664254456758499 156.5825608000159 10.3190033659339 4.556270390748978 32.89914949983358 21.4554415345192 15.38716232031584 6.301635630428791 19.84413766115904 5.606195896863937 5.502767816185951 56.22427803277969 450.1737912297249 4.37791396677494 34.43571254611015 100.0901184603572 132.0183789432049 1.857491470873356 1066.370374016464 10.03102274984121 21.02767109125853 10.33948300033808 29.22120817750692 94.02374263852835 179.3675586879253 24.9266247600317 4.995883636176586 2.753165446221828 296.2624753117561 106.5629399046302 194.356061257422 724.152082554996 409.645384259522 887.1590074002743 2774.602028720081 81.7249503210187 1868.206513941288 14.30150674283504 0.4695366099476814 9.145531326532364 10.79632571339607 9.425755441188812 0.3165510594844818 3.994422942399979 1.160207435488701 5.551242150366306 2.273534566164017 237.3912733644247 89.83038692176342 24.85514820367098 20.33332370221615 0.592010110616684 2.270874917507172 2.071083590388298 86.64365959912539 0.2423638701438904 0 0 0.2912387251853943 0.6207341179251671 1.936227612197399 0.9071143865585327 0.9461369961500168 2.45234902203083 2.153796352446079 1.056001059710979 11.02675621211529 6.657582961022854 17.05584479123354 11.59822542220354 0.0913209542632103 0.0929272323846817 0 0 0 0 0.1136177778244019 0.2178471907973289 0 0.1337906569242477 2.159290008246899 0 0.8883431851863861 0.2703664004802704 0.1155984103679657 2.487980023026466 0.4197308793663979 1.033481255173683 0.2094450891017914 0.8422606512904167 0.2569591552019119 0 0.5879060029983521 0 18.45751359313726 0.9590651020407677 11.18879864364862 5.753923483192921 4.050634168088436 0.3424981087446213 2.375958897173405 0.3174511790275574 0 0.4032843708992004 0.463744580745697 1.004558503627777 0 0.08899528533220291 0 0.1884797215461731 1.316422760486603 1.92816835641861 9.225916616618633 0.1589990109205246 0 0 0.2730511724948883 0.0891994908452034 0 0.9354110956192017 0 2.022259697318077 0 0 0.2773992344737053 0 0 0 0.1458292156457901 0.8751771152019501 2.550814047455788 18.90540648251772 0.4351741746068001 2.32724167406559 0.6389850974082947 9.91508611291647 1.187219075858593 0 1.303851962089539 0.1437817960977554 0.08559218794107437 0.1984763741493225 0 0.1365687102079391 0.3639973476529121 0.1697208881378174 0 0 0.193444050848484 2.489470034837723 0.8662046417593956 1.006334528326988 3.012767389416695 7.132835164666176 7.515349388122559 309.9659707844257 23.41243994235992 322.8398701772094 82.71826953440905 72.51125595718622 26.55022622644901 1.339426696300507 24.21991944313049 14.1711695343256 1.265260078012943 0.9743114113807678 0.661078155040741 3.961643524467945 0.2844833508133888 0 0 9.196863442659378 0.459136426448822 54.5484134554863 2.884958893060684
115.8586277067661 2797.688308551908 474.0480805560946 117.2932536005974 2513.561277642846 9.964121527969837 557.1732542663813 29.18053495138884 621.9829964488745 900.403308570385 736.7395783886313 270.8056634813547 1564.908615894616 804.959089756012 11.6706812158227 4.696811690926552 0.4207504764199257 0.1041424721479416 0.1713111847639084 0.108611136674881 0 0 0 0 0 0 0 0.1535560339689255 0 0.1185827031731606 73.05648237466812 6.742952339351177 20.98188505321741 0 0 0.2762043923139572 30.35896913707256 1.258189164102077 1.738432981073856 0 0.215036079287529 0.3667899817228317 0.5813587084412575 0.09700566530227661 0.2221679911017418 0.1107882335782051 113.0667350739241 6.011244237422943 0.226366825401783 0.5658382102847099 0.6650653406977654 0.13295878469944 0.3884259611368179 0.1704035550355911 3.404739111661911 4.988820686936378 29.6507918164134 106.0485506877303 3.318355843424797 31.34083020687103 0.2547944411635399 1.829583026468754 0 61.43661782890558 9.39726023375988 6.979554735124111 1.458567440509796 2.13461060076952 1.524842418730259 0.4609219133853912 17.30413258075714 1.246779918670654 0 153.6203531250358 11.0898549258709 68.91515083611012 11.03498826920986 0.4699526429176331 0.1054087430238724 8.92446380853653 0.4589216858148575 0.9467161595821381 11.28080109506845 0 5.62005477398634 4.457651123404503 0.7181637808680534 0.2543744146823883 3.081726752221584 0.4537460282444954 1.243491172790527 0.3746587932109833 1.442260153591633 0.592325285077095 0.09574519842863083 11.18447317183018 0 0.4648417234420776 2.321538276970387 33.6905864700675 0.7833331227302551 0 0 0.2849853932857513 3.97828297317028 10.06996392458677 4.814640805125237 1.832871466875076 4.279250793159008 16.96261917054653 5.098615072667599 40.00252940505743 23.48762938380241 50.67057572305202 22.66367325931787 0.07600604742765427 0 0 0 0 0 0 0 0 0 0 0 1.349001511931419 0 0 0 0.6490066051483154 0 0 1.134942732751369 0 0 0 0.4397964775562286 23.94203256815672 0.4607987701892853 10.97653470933437 5.930063590407372 2.431530334055424 0 0 0 0 0 0 0 0.5767438113689423 0 0 0 0 0.708829402923584 0 0 0 0.1005571931600571 0.5960334315896034 0.141717866063118 0 0 0 5.114567548036575 0.1136047765612602 0 0 0 0.2079262733459473 0 0 0 0 32.99860297143459 0 0 0 0.3185318410396576 3.6228888630867 0 0.2959542870521545 0.4551827907562256 0.1061496362090111 0.179355725646019 0 0.1021778732538223 0 0 0 0 0 0.1489301770925522 0 0 5.316153511404991 10.50848877429962 13.36364588886499 304.3076442703605 8.368045076727867 261.8184804469347 41.93289792537689 62.82113292068243 25.38472716510296 0.6909532845020294 33.48987875878811 62.73723547905684 0 1.843811981379986 0 13.76544827222824 0 0 0.1925923675298691 2.932046502828598 0.7832154631614685 97.83914568275213 3.364552937448025
575.1629812121391 975.4349877685308 114.8708240166306 1984.843015938997 1983.207184523344 597.5080763101578 2101.203639388084 22.40966843813658 900.403308570385 710.6236442476511 317.0024233162403 1708.734607502818 7564.344809770584 1035.416257433593 0.4569295644760132 0.8646484315395355 0 0 0 0 0 0.4914521723985672 0 0 0 0 0 0 0 0 3.618353113532066 0.12786965072155 18.16697929799557 0 0 0.3796107023954391 64.82629089802504 0 0.3873428702354431 0.1185748800635338 0 0 0 0 0 0 6.693151988089085 0.4726904258131981 0.1270142793655396 0 0 0.7925112545490265 0.6069865822792053 0.6266939043998718 0.7144026309251785 1.68739029020071 53.00088169425726 27.2151692211628 0.771623395383358 1.922770217061043 0 0.2190093696117401 0 1.227855332195759 1.628466464579105 1.196318238973618 0 0.3463031202554703 0 0 129.0609418451786 11.82642037421465 1.420760586857796 14.22486467659473 0 4.472206883132458 0.3160719871520996 0 0 1.55771279335022 0.1137985363602638 0.1516359895467758 0.9279792681336403 0.3258771896362305 1.043179146945477 0.6777793243527412 0.3784382864832878 0.4896893873810768 0.4897890239953995 0.9236999154090881 0 0 0 0 0 144.8471731469035 5.810343742370605 0.9518201947212219 3.068576440215111 517.7685521021485 0.6676075011491776 2.018178008496761 3.733162879943848 15.61721938848495 3.413836248219013 96.57512078434229 48.89018729329109 6.943686656653881 60.14915079623461 75.70909000188112 9.665869235992432 415.030656568706 165.5396652668715 169.7111981213093 37.95253200829029 0.1598654687404633 0 0 0 0 0 0 0 0 0 0.1281133890151978 0 0 0 1.114650011062622 0.1769226342439651 1.031262904405594 1.160255372524261 0.5285656452178955 3.678943030536175 0.1103967726230621 0 0 0 28.60114899277687 1.899948298931122 14.84234297275543 2.736287966370583 3.037812307476997 0 0 0 0 0.1201475560665131 0.722241997718811 0 0.8534549698233604 0.2283107787370682 0 0 0 0.8673042953014374 0.1095133870840073 0.1395288705825806 0 0 0.5671316459774971 0.2565940394997597 0.5521156564354897 0.7283301949501038 0 5.675777614116669 0.1150085404515266 0.3275716006755829 0 0 0 0 0 0 0 49.85555972903967 0 0 0 0.11020577698946 3.882738493382931 0 0.793016716837883 0.2350402548909187 0.5474758595228195 0.2533125653862953 0 0.2828353047370911 0 0 0 0 0 0.3752205371856689 0.5102094411849976 0 21.92989601939917 9.745809242129326 9.952724039554596 1134.43696885556 4.838958233594894 26.13207519799471 1.396867156028748 485.2487419322133 3.220597840845585 2.11540412902832 4.44800990074873 284.660814717412 0 1.96068212389946 0.1234106123447418 92.13723023235798 1.553052663803101 0 0 2.245111301541328 0 605.9271930530667 13.16108854115009
172.8184448778629 1554.751769393682 2033.198016524315 169.9927399083972 486.9540041908622 14.72320482134819 34.4291322901845 1190.618366099894 736.7395783886313 317.0024233162403 1056.55815114826 586.307642519474 4572.050683394074 3950.055310368538 56.20731294900179 37.21174377202988 1.637077704071999 1.520256139338017 0 1.489189058542252 2.43752233684063 9.047344163060188 0.1923975348472595 0.5388582646846771 8.91205120831728 1.442458510398865 7.377158805727959 1.348816752433777 3.436957187950611 3.102197706699371 657.4828046634793 175.7077830508351 615.859961412847 0 0.1466765850782394 10.65608224272728 311.0850373581052 31.14682550728321 11.63652737438679 6.299500182271004 10.74513886868954 8.030981749296188 5.162770070135593 1.514358930289745 0.6393243670463562 1.301123961806297 204.8991253823042 9.636172942817211 1.498209826648235 8.165238842368126 7.443038284778595 13.40090421587229 12.37192348390818 18.65912490338087 5.868960708379745 8.592709816992283 56.87549240887165 293.6500637084246 6.33810979872942 47.90351248532534 1.935279682278633 24.9929863512516 1.676898077130318 178.430355578661 16.02533627301455 14.46942669898272 4.682903841137886 6.470731653273106 13.78165630996227 14.30732877552509 92.93156721442938 7.564451225101948 2.04648645222187 289.7301837354898 39.41460110247135 175.1371399015188 43.2124725356698 13.0301830843091 1.709459580481052 1184.677384674549 1.037011794745922 36.09041003137827 15.01867884397507 0.2281842157244682 9.266967460513115 11.05585145205259 5.180404625833035 0.7818159759044647 4.663969784975052 1.197863638401031 3.133559159934521 3.720020793378353 51.49035422503948 29.1195721924305 8.813229769468307 60.52290078997612 3.56758688390255 1.604803919792175 5.608212843537331 90.72675745934248 1.263072118163109 0.3123916164040565 0.4672256112098694 0 4.315229810774326 13.07394342124462 6.127271354198456 3.036879323422909 8.142843283712864 18.54893664270639 7.320319689810276 45.42477989196777 37.0528891980648 67.98311980068684 35.32610119134188 0.2680108621716499 0.2864565178751945 0 0 0 0 0 0 0 0 4.714296318590641 0 1.409120365977287 0.2914251089096069 0.9425458312034607 2.099133543670177 0.8364151641726494 2.535522684454918 0.78569146245718 2.4092658162117 0.6638945415616035 0 1.17900013923645 0 45.70728617161512 3.682799637317657 29.41241347044706 14.69745774567127 9.058320485055447 0.9248207956552505 1.386126093566418 1.128107681870461 0 0.5124687999486923 0 0.3769316971302032 0.3188305050134659 0.6191592216491699 0 0 0.9382693320512772 3.649677336215973 5.493077091872692 0.09957999736070633 0 0 0.3350432515144348 0 0.09466218203306198 0.8640630841255188 0 7.128360383212566 0.8986655697226524 0 0.1374343931674957 0 0 0.1471567004919052 0.156940221786499 1.01009838283062 0.6692479699850082 65.92661963403225 1.537607505917549 2.856287613511086 0.3174233436584473 4.545440979301929 5.857334598898888 0 1.112774178385735 0.793207086622715 0.7887382656335831 0.7097872644662857 0 0.3909196555614471 0 0 0.4037816226482391 0 0.4625730291008949 2.227957017719746 0.9199054017663002 0 10.90942950546741 25.41370685398579 26.0293497517705 606.037987485528 15.26565849781036 438.8629056438804 110.5905516296625 114.3116587474942 42.9464568644762 4.124461881816387 54.27738127857447 87.77930110692978 1.029420636594296 4.955074116587639 0.9521966278553009 21.96515372395515 1.676584661006927 0 0.9425191059708595 9.506281554698944 1.691055536270142 163.6832708716393 8.612804487347603
168.6058059036732 147.6579551994801 210.8061753362417 1389.960228569806 193.5055462121964 225.9742878228426 842.783341139555 109.5744730383158 270.8056634813547 1708.734607502818 586.307642519474 66.09275445342064 1878.070789225399 265.9970284476876 4.285428211092949 4.182739317417145 0.1269979476928711 0 0 0 0 6.155834585428238 0 0 0 0 0 0.1336928457021713 3.29183005541563 0.3017490208148956 11.03993628174067 0.6639472022652626 8.206160172820091 0 0 0 69.2335367500782 0.4926169067621231 1.185855686664581 0 0.1199875622987747 0 0.1259183436632156 0 0.2529196292161942 0 10.89130926132202 0.5649729669094086 0.1543745100498199 0.507597804069519 0 10.49370867013931 18.67112498730421 3.449628815054893 0.1243238300085068 0.2712307721376419 8.973644427955151 12.52307350933552 0.4639484435319901 3.779545538127422 0.8123642206192017 0.542410746216774 0 3.076226264238358 0.4215786010026932 0.6328995302319527 0.09613423049449921 0.1033842712640762 0.08844348043203354 0 15.14659236371517 24.47976003587246 2.564957097172737 13.47738856822252 1.42621136456728 7.950768396258354 1.080535553395748 1.055002957582474 0.1052771210670471 5.013325944542885 0 0.5147978365421295 1.17317808419466 0.138712540268898 0.4943522289395332 1.305116519331932 0 1.316765606403351 0.5663174837827682 0.6698066219687462 0.3673017472028732 0.2747073322534561 0.1459899395704269 0.2827345430850983 1.220150075852871 211.7721734121442 11.8092815130949 21.53702147305012 15.33010752499104 76.89891346544027 1.031432911753654 4.439459845423698 7.730929546058178 48.76695117354393 8.585777938365936 27.89679610729218 28.68387583643198 11.46714261174202 32.37098571658134 101.6839574873447 11.16933300346136 96.19791612774134 79.92410328984261 132.8869978263974 38.56515794992447 0.1905584111809731 0.09280247986316681 0 0 0 0.3603657782077789 0.5890400409698486 0.1604833602905273 0 0 0.9911847561597824 0 1.227646723389626 0 0.2692854180932045 1.073594853281975 0.4043004438281059 2.275905698537827 0.1601765751838684 2.727547153830528 0.952844649553299 0 1.279324501752853 0.2632039785385132 38.58293031156063 2.494099915027618 23.14880386739969 7.057871371507645 5.610179968178272 0.1188936531543732 0.1195766180753708 0.1292206645011902 0 0 0.1400846242904663 0.1479778587818146 0.3433094024658203 1.237603291869164 0 0 0.2673602104187012 2.036559075117111 2.010173946619034 0 0.5009962692856789 0 1.358785465359688 1.609937578439713 0.1305574327707291 0.1913086473941803 0 5.749928690493107 0.356993280351162 0.2887982577085495 0.3287293240427971 0 0.09519892185926437 0 0 0 0 81.98249263316393 1.757848300039768 0.294714093208313 0 0.1531077325344086 5.134923852980137 0 0.8948636576533318 1.19511841237545 1.0449283644557 0.5182785615324974 0.1168370097875595 0.3662677779793739 0 0 0 0.0988323837518692 0 0.2691197469830513 0.2354575619101524 0.1596264243125916 20.22868856042624 22.85000395029783 18.15243474394083 169.034374691546 2.38004794716835 18.65592528879642 6.765939928591251 90.99914010614157 2.103436179459095 0.1186378076672554 2.47335509955883 106.0573533475399 0.1589301377534866 6.725646361708641 1.077883876860142 44.13631080836058 0.7960437685251236 0.2129942923784256 1.328118711709976 1.188062846660614 0 526.7883084490895 19.26211748272181
217.0664138123393 1283.169871158898 439.0459945723414 2315.336502507329 448.0431927144527 164.5221518278122 3386.586227416992 351.5819721966982 1564.908615894616 7564.344809770584 4572.050683394074 1878.070789225399 961.2715381011367 2642.314479887486 33.82935558259487 21.03833493590355 1.487601533532143 0.08481043577194214 1.41646222025156 0.2883093804121017 0.1538122296333313 15.95289417356253 0 0 0.7329999059438705 0.1070726215839386 1.551530942320824 0.3148156702518463 5.575333878397942 0.7331432104110718 42.51741939038038 5.150203675031662 445.6720230430365 0 0 0.6085185557603836 189.02050434798 7.731098599731922 25.02089689671993 1.64459590613842 0.3348273783922195 0.9835343584418297 0.7773995026946068 0.7551121786236763 1.168548330664635 0.7181676626205444 81.59819630533457 3.053868822753429 0.3286401331424713 1.03926420211792 1.269239254295826 13.08675669878721 27.36129019409418 9.788255453109741 1.169802784919739 2.575153723359108 20.14685718715191 52.63538880646229 3.192905187606812 18.65662088990211 0.6290320232510567 2.726807475090027 0.2864088118076324 30.02428708970547 5.741817682981491 2.903630487620831 0.635906770825386 1.405480094254017 2.008586630225182 0.4566252529621124 96.80634070932865 27.32816784083843 5.419248163700104 78.1720187291503 7.916652821004391 72.60156252235174 14.67584384232759 5.349025368690491 0.1934361830353737 50.39554118365049 0.2092067673802376 2.727965399622917 2.875314980745316 0 3.14063137024641 2.103861421346664 1.333748057484627 2.894933603703976 1.342115059494972 3.086105845868587 1.932711586356163 2.226359486579895 5.328356578946114 3.271534144878387 5.420012608170509 928.8119906038046 11.20931430906057 17.0599492713809 31.37099775671959 117.184158526361 3.604396432638168 2.712765254080296 4.658840224146843 17.86703375726938 21.00272846221924 75.72858184576035 35.28637734055519 17.73376125842333 70.29069546610117 170.0523710697889 36.41412537544966 362.2398030161858 181.6585533022881 369.3076483979821 120.3315823972225 1.303201653063297 0.3570189401507378 0 0.5001856088638306 0 0 0.1263499557971954 0.6117407381534576 0 0.2523909211158752 4.282234817743301 0 2.32262971252203 0.4611637890338898 0.381072424352169 2.920050799846649 1.64543728530407 3.07967235147953 0.926462322473526 8.20606990903616 2.968651510775089 0 2.632486552000046 1.284927263855934 128.8792017549276 8.19416244328022 80.50424627959728 34.97642692178488 22.70335533469915 0.5466253980994225 1.374292381107807 0 0 0.09433490037918091 0.3145242184400558 1.078330375254154 1.631827332079411 2.505227267742157 0.1296418756246567 0.1305693984031677 0.6498384699225426 4.915047019720078 6.01810172945261 0 0.8045677691698074 0 0.5238062888383865 1.397295445203781 0.2176708579063416 0.5031474828720093 0.8492840230464935 21.7966228723526 2.106616482138634 0.8619566708803177 0.4275542125105858 0.2205768078565598 0.3144829049706459 0.1065968424081802 0 0.1203481554985046 0.1380908936262131 261.3706521913409 3.556041523814201 1.751011081039906 0.5979782342910767 1.567690894007683 17.84092365950346 0 5.450509794056416 2.646675258874893 1.978684931993484 3.061700843274593 0.8535083904862404 0.447260357439518 0 0 0.3198546171188354 0 0.2352557703852654 0.4131159856915474 0.4601587206125259 0.6590714901685715 56.20317947119474 85.76303465664387 78.15739122778177 648.9821477010846 13.14146561175585 166.9685407802463 56.11132075637579 155.7677224576473 18.62664619088173 0.6523048281669617 32.25062936544418 307.7719551175833 0.3315527737140656 19.11893457174301 2.729054503142834 101.4699260890484 4.218394428491592 0 0.6988582760095596 4.309132725000381 0.623051792383194 919.8437382131815 43.96760929375887
