107.4604379236698 1158.952629420906 616.7742090448737 669.8997099325061 91.96131180971861 27.00742439925671 321.9485322907567 69.79010488092899 26.18489294499159 501.8253305107355 94.51837654411793 42.32151649147272 186.1162577047944 32.1193912923336 4.644719876348972 1.634427390992641 0.2707149311900139 0.1328637301921844 0.131611242890358 0.07640382647514343 0.2473733276128769 0 0.3213777989149094 0.5421771705150604 0 0.3947803378105164 0 0.08948992192745209 0 0 659.5539616197348 19.25589159876108 6.825108356773853 0.1048746258020401 0.2392294779419899 1.339549034833908 0.1468837708234787 0 0.08549945801496506 0.1041972860693932 0 0 0.09348364919424057 0.2845944911241531 0 0 43.90566562116146 9.822101637721062 1.260212957859039 0.3006662800908089 1.140854261815548 0 0.1272345036268234 0 8.86587005853653 10.404920399189 191.2682821527123 568.2047115340829 8.900097981095314 41.07815370708704 0.1181680411100388 0.3466714471578598 0.07400078326463699 12.95477466285229 6.956059977412224 4.849260687828064 2.838087536394596 3.47669955343008 0.9073421806097031 0.2153019234538078 0.4127175360918045 0.398374080657959 0 252.1979618668556 30.27627636492252 55.38459622114897 2.78759179264307 0.7341485098004341 1.979525804519653 10.87448319047689 0.6496346443891525 8.91578383743763 39.59636987000704 0 4.702611312270164 3.216293882578611 2.343028098344803 0.07739210873842239 0.8635012581944466 0 0.8809225037693977 0.1810911521315575 1.408509887754917 1.222841404378414 0.5557105913758278 2.755625605583191 0 0 0 611.3657619133592 0.2516247928142548 5.208091393113136 2.351323023438454 1.265070199966431 0 5.540419787168503 2.809224292635918 1.795782178640366 10.66156940162182 8.490539312362671 0.7339934408664703 9.484914600849152 7.3667261749506 0.8342652320861816 1.338497832417488 0 0 0 0 0 0 0 0 0 0 0.4237487018108368 0 0.3338184356689453 0 0 0 0 0 0.474949836730957 0.4015390276908875 0.5170532763004303 0 0.5233684778213501 0 0.154598280787468 1.728428721427917 0.3819247931241989 0.1529743671417236 0.07041202485561371 0 0 0 0 0 0 0 0 0 0 0 0 0 0 0 0 0 0 0 0.2270211726427078 1.153351783752441 0 0.462968572974205 0 0 0 0 0 0 0 0 0 0.7673273533582687 0.3132415115833282 0 0 0 0 1.658772945404053 0 0 0 0.1396121829748154 0 0 0 0.2896432057023048 0 0 0 0.07531716674566269 0 0 2.07614266872406 0 0.1311830282211304 70.67752891033888 3.761804461479187 167.1949368789792 10.91181088238955 474.2278483808041 7.592981815338135 2.07879351079464 1.286524049937725 8.185911014676094 0.2995423078536987 0.3028136938810349 0 27.97309426963329 0.09853918850421906 0.1414372324943542 0 0.178941935300827 0 194.7668110430241 3.78983037173748
1158.952629420906 1003.01480768621 1795.57459147647 523.4351104795933 1857.304165285081 126.0980369746685 3201.533599115908 238.3109645172954 915.9270123839378 690.0811019167304 509.1490997299552 210.3869400843978 1784.695102714002 1454.153375044465 42.37121161073446 9.420816950500011 1.330451227724552 0.5022178292274475 0.1550156772136688 1.028622969985008 0.1905132830142975 0 0.1363049820065498 0.8695335313677788 0.08190939575433731 0.1051861867308617 0.2900823727250099 0.2973780557513237 0.2392827868461609 0 1583.816067975014 38.32234433293343 31.53915675729513 0.1767136976122856 0.2338446974754333 0.2763670161366463 7.5355179682374 0.4438215643167496 0.7449088245630264 0.1476344019174576 0.08718785643577576 1.124252252280712 1.130170539021492 1.010452248156071 0.3883053734898567 0.3134650588035583 361.2589432671666 39.68111126124859 7.917521022260189 0.6911832764744759 3.612981885671616 0.1955687776207924 0 0.1083336696028709 26.18137217313051 30.93719134479761 172.2861011326313 758.0054948553443 15.08155604451895 145.2030209600925 0.765200175344944 2.618339389562607 0.1555576324462891 127.4268197342753 20.29377367347479 15.28999285399914 8.222699277102947 11.19188415631652 4.252412229776382 0.326669730246067 4.488812856376171 0 0 553.5261620879173 188.349831186235 380.6716373711824 62.94450651109219 12.98280693590641 3.619301907718182 16.77044800668955 1.609302245080471 6.830049753189087 119.3581064119935 0.07256322354078293 15.35259769111872 8.091857515275478 7.979606725275517 0 2.856614969670773 0 2.45838438719511 0.3455370962619781 3.966682523488998 4.661914639174938 2.150713056325912 16.66627711802721 0 0 1.417012214660645 633.2775239348412 0.8482787013053894 9.945067495107651 4.539072260260582 3.203008100390434 0 19.05992881953716 13.3126210719347 6.195193573832512 13.0272965580225 25.01938329637051 4.675650283694267 23.66074785590172 22.47285358607769 10.34111705422401 10.92115222662687 0 0 0 0 0 0 0 0 0 0 0 0 0.09092491120100021 0 0 0 0 0.1372756212949753 0.4618794918060303 1.82518994063139 1.782883301377296 0 0.2057371288537979 0 0.5858592838048935 0 1.676885150372982 0.2335421144962311 0.4827167093753815 0 0.08035106956958771 0 0 0 0.1174754276871681 0 0 0 0 0 0 0.07867689430713654 0 0.2024227008223534 0 0 0.1081924214959145 0.3807162418961525 1.082107484340668 0 0 0.6526049971580505 0 0.1801110059022903 0 0 0 0 0 0 0 3.578542672097683 0.1504440754652023 0 0.09694483131170273 0 5.423859983682632 0 0.9073954820632935 0.1183878034353256 0 0.5009702444076538 0 0 0.1771322935819626 0.1443656608462334 0.1803160533308983 0 0.06952022761106491 0.09248859435319901 0 0 7.92230898141861 1.473805949091911 0.5636099427938461 350.12276571244 18.55616897344589 795.708920031786 66.34627796709538 343.4209630787373 39.25191117823124 2.794186994433403 15.21135800331831 18.96532927453518 0 1.049231395125389 0.4986105486750603 48.42030800879002 0.09758271276950836 1.513665273785591 0.2101935893297195 0.8705575540661812 0.2888505384325981 230.9116932824254 13.88716891407967
616.7742090448737 1795.57459147647 872.6556733325124 51.77038418501616 967.3258771449327 30.1474351733923 192.7235638797283 2113.928876042366 571.825018234551 9.875274308025837 2056.501926288009 32.76529126614332 131.04539578408 904.639670856297 12.98103746026754 7.357292003929615 1.561711616814137 0.5376481488347054 0 0.3254003375768661 1.599602714180946 0 3.347721330821514 3.819425031542778 2.458342865109444 0.1334589123725891 1.150622211396694 0 0.1880057752132416 0.3485538065433502 2062.496738135815 286.08180693537 137.2622052952647 3.956832997500896 4.335449643433094 6.57605405151844 18.17192036658525 5.990104518830776 2.181924030184746 2.000625677406788 0.9942329898476601 0.4160868749022484 1.618525817990303 1.669133238494396 1.010082259774208 0.9332311600446701 52.61753657460213 7.840705715119839 1.234113328158855 1.422027111053467 1.352695420384407 0.09016948938369751 1.326732724905014 0.09981158375740051 3.671760968863964 6.572781391441822 66.20827838033438 546.6908396407962 2.305784992873669 27.79659224301577 0.8241240307688713 9.156029507517815 1.152292385697365 99.71445173025131 3.739261619746685 2.880280055105686 1.484530381858349 3.56291625648737 5.515134029090405 2.105937071144581 9.855739489197731 0.2578989192843437 0 140.0985609292984 74.24776224792004 92.78014098852873 18.03317301720381 7.466103978455067 78.09683656692505 489.0240638330579 2.577071972191334 69.00454425811768 22.33167446404696 0 2.220382362604141 0.9231165051460266 3.211691796779633 0 0.389328695833683 0.1550417542457581 0.3530757278203964 0.1594679951667786 6.815808728337288 1.340927332639694 0.879975289106369 4.632327228784561 1.093279391527176 0 1.503723129630089 341.0810792408884 0 0.2445172071456909 0.6477938890457153 0 0 0.7460868209600449 0.4508396983146667 0.1325378268957138 1.097706235945225 3.635839506983757 0.1408442258834839 0.6110437586903572 3.192915827035904 1.185115568339825 2.589436069130898 0 0 0 0 0 0 0 0 0 0 0 0.1593148410320282 0.1497936844825745 0 0 0 0 0 0.1431338340044022 0.5346933230757713 0.549642451107502 0 0 0 0.639076367020607 0.1120378896594048 4.100146748125553 1.258769482374191 0.4306374937295914 0 0 0 0 0 0 0 0 0 0 0 0.1289462149143219 0.4435509368777275 0 0 0 0 0 0 0 0 0 1.857783004641533 0 0 0 0 0 0 0 0 0.1639156937599182 2.036725334823132 0.1556130945682526 0 0 0 2.455952018499374 0 1.48838672041893 0 0 0 0 0 0 0 0 0 0 0 0.073891282081604 0 2.259559616446495 0.6654844135046005 2.364886313676834 37.89592774957418 3.176253519952297 93.89324606209993 11.30939424782991 39.36898077279329 4.100290983915329 0.7012705504894257 2.904804944992065 2.034960687160492 0 0.6410191059112549 0 1.361740827560425 0 0.1087616980075836 0 0.6050596833229065 0 17.05918922275305 2.442912384867668
669.8997099325061 523.4351104795933 51.77038418501616 274.5437788516283 80.32515896856785 173.1545250117779 699.6072515547276 1.260747671127319 7.89782702922821 1459.574163295329 1.223444595932961 862.4874079823494 1607.251405820251 77.55184436589479 1.013114660978317 0.09323029965162277 0 0 0.1230788081884384 0 0 0 0 0 0 0 0 0 0 0 59.98939751833677 3.291989125311375 32.25352101027966 0 0 0 10.16519266366959 0.7634536027908325 0.1818101108074188 0 0 0 0 0.1713091433048248 0 0 14.9293659850955 3.478296048939228 0.2029018253087997 0 0.1788712367415428 0 0 0 1.940670572221279 4.44853713363409 26.70275045186281 133.1017214134336 1.988372109830379 13.72784049808979 0 0.1739019751548767 0 3.844356961548328 1.706293895840645 0.7648415118455887 0.2989061251282692 0.6953949853777885 0 0.1562159657478333 8.052720174193382 0 0 54.73832432925701 6.658230915665627 14.07973320782185 0.9948423206806183 0.2306433990597725 0 0.1383868008852005 0 0.08549509197473526 13.49484244734049 0 0.9180537387728691 0.9720712453126907 0.4552146419882774 0 0.6416993886232376 0 0.1139000728726387 0 0.08228787779808044 0.2997996136546135 0.1817199215292931 8.847770720720291 0 0 0.1511064618825912 164.0952941775322 0.2598575353622437 3.222791895270348 23.54225914180279 7.14728744328022 0.3836572766304016 15.90405841171741 9.38299360871315 4.494266867637634 28.39156500995159 11.69541855156422 1.028097122907639 14.74421006441116 5.279064178466797 4.06396259367466 2.875077247619629 0 0 0 0 0 0 0 0 0 0 0 0 0.4067841172218323 0 0 0 0 0 0 0.5451331436634064 1.08618950843811 0 0 0 0 0 0.8698765635490417 0 0 0 0 0 0 0 0 0 0.3768665790557861 0.2430449351668358 0 0 0 0 0 0.07882536202669144 0 0 0.1884871199727058 0.4643413424491882 0.2765644490718842 0 0 0.3894856572151184 0 0 0 0 0.07606953382492065 0 0 0 0 1.21001960337162 0 0 0 0 1.222255781292915 0 0 0.1306313723325729 0.1872283220291138 0.2253562808036804 0 0 0 0.08754056692123413 0 0 0 0 0 0 0.869835838675499 0 0 53.57725559175014 2.095414683222771 64.29142182320356 4.166012473404408 338.6837679818273 2.843175403773785 0.6362153217196465 0.09413556009531021 6.35475567728281 0 0.6969304606318474 0.2713927328586578 15.04571942985058 0.2257388681173325 0 0 0 0 92.93130038678646 4.791630282998085
91.96131180971861 1857.304165285081 967.3258771449327 80.32515896856785 657.6652588993311 9.263007119297981 1441.979626432061 638.0270808339119 4544.480619817972 296.2861124202609 1153.188456475735 41.93104434013367 1076.055728383362 3083.89474311471 33.6450177282095 11.9649041891098 1.124858237802982 0.09850743412971497 0 0.1806002631783485 0.6137861236929893 0 0 0 0 0 0 0.1035810708999634 0.08779467642307281 0 261.3404135033488 48.68075309693813 28.33992422372103 0.1369120329618454 0 0.07486832141876221 6.165512904524803 0.6991424933075905 0.3530391901731491 0.6522466838359833 0.1574725657701492 0.7457862496376038 0.4529608562588692 1.733992256224155 0.1681394129991531 0.09283622354269028 187.4314317926764 9.475427098572254 1.593467906117439 0.4633959457278252 1.092128463089466 0.2022389024496078 0.1161368861794472 1.00786741822958 5.532907791435719 7.336886912584305 30.15432833135128 100.0557041317225 3.693859219551086 39.79778008162975 0.7224681749939919 1.919450409710407 0.1218836382031441 72.73758309334517 4.62619423866272 4.679427333176136 2.283112443983555 3.337093360722065 1.767324209213257 0 5.860248796641827 0 0 116.0992227196693 77.06343297660351 179.4424848034978 65.1902119666338 26.51571487635374 11.69253484904766 11.1654351875186 1.123080968856812 5.718187123537064 27.35179781913757 0.08828802406787872 4.25737489759922 1.492456756532192 2.462575625628233 0 0.7603327482938766 0 1.003795012831688 0 1.332156665623188 1.12271025031805 0.5719733461737633 15.18412011861801 0.4136990904808044 0 0.7127277851104736 32.01666591316462 0.2983107566833496 0.2860032916069031 0.7020235061645508 1.149415209889412 0.52320496737957 4.887598216533661 3.186150774359703 1.070456132292747 3.179435357451439 7.009348586201668 0.9773335009813309 10.57535689324141 9.697856388986111 3.721910238265991 5.930486224591732 0.1155667901039124 0 0 0 0 0 0 0 0 0 0 0 0 0 0 0 0 0.2422843426465988 0 0.1358397006988525 2.512915849685669 0 0 0 0 0.2382812350988388 2.865045577287674 0.7656605914235115 0 0.2993504405021667 0.1708487272262573 0 0 0 0 0 0 0 0 0 0 0.07831303775310516 0 0 0 0 0 0 0.9264779984951019 0 0 2.303934454917908 0 0 0 0 0 0 0 0 0 4.792029000818729 0.6617939323186874 0 0 0 4.560015082359314 0 0 0.09420697391033173 0 0 0 0 0 0 0 0 0 0 0 0 5.769446946680546 1.002547010779381 0.7977526634931564 265.2600024417043 9.986488625407219 316.3380353227258 52.90025949478149 39.43030764907598 23.60602737218142 0.8480716124176979 19.06917230784893 3.57374507188797 0 0.4007964953780174 0 10.7273039072752 0 0 0 1.092929005622864 1.530293688178062 31.02414924651384 5.641936466097832
27.00742439925671 126.0980369746685 30.1474351733923 173.1545250117779 9.263007119297981 1.106507182121277 79.9731357395649 0.5578732490539551 3.476036161184311 586.3156823590398 2.901878193020821 93.20975409448147 186.6335040479898 53.43225000053644 0.5575454086065292 0.1905026137828827 0 0 0 0 0 3.73949459195137 0 0 0 0.2558411359786987 0.1963769197463989 0.3366553783416748 0 0 185.1252241134644 13.52669031918049 27.20819406211376 0 0.1151885241270065 0 14.69243991374969 0.142705038189888 0 0 0 0 0 0 0 0 2.272146038711071 0.4094447642564774 0 0 0.09996405988931656 9.940080776810646 6.537419214844704 0 1.070678241550922 0.9458137452602386 84.84014943242073 72.81213777512312 3.291426070034504 3.160077951848507 0 0.4091407135128975 0 0.8526894524693489 0.6149066239595413 0.2711138874292374 0.3633566722273827 0.09577801823616028 0 0 30.78229768574238 53.86153879761696 8.241720706224442 20.64160591363907 2.764172941446304 3.07251164317131 0.2881530076265335 0.1384667903184891 1.528649494051933 0.1982006132602692 0 0 2.391317643225193 0.4133655652403831 0 0.2336691841483116 0 0.7309023663401604 0.7933840900659561 2.420023024082184 0.1925515830516815 1.260531514883041 0.2001117914915085 0.7146113067865372 1.083256363868713 263.5476803779602 51.39709635078907 20.53185957670212 7.793240383267403 173.8275275453925 1.494548365473747 13.20488062500954 8.281956434249878 7.535088315606117 0.6286619305610657 19.28762298822403 22.59689566493034 8.198639005422592 14.26172325015068 35.36973215639591 3.870047971606255 29.19450542330742 16.48357750475407 7.235476270318031 4.427791185677052 0 0 0 0 0 0 0 0 0 0 0 0 0 0 0.3451448678970337 0.3394492268562317 0 0 0 0.565232515335083 2.36292290687561 0 0 0 1.201969742774963 0 3.527703627943993 0 0.1630087196826935 0 0 0 0 0 0 0 0.1321075707674026 0 0 0 0 0 0 0 0 0 0.1388548463582993 0 1.136518359184265 0 0 0 0 0 0 0 0 0 0.1577463746070862 0 0 1.799461722373962 0 0 0 0.2173920273780823 3.782356351613998 0.4297523498535156 0 0 0 0 0 0.2072940170764923 0 0 0 0 0 0 0 0 3.464254230260849 0.1441702097654343 0 79.9790897667408 2.944070726633072 7.827848508954048 1.36698342859745 143.2094252705574 0.429121345281601 0 0.1412568986415863 15.29370072484016 0.3212473690509796 0 0.1184717118740082 68.3622190952301 0 0.1086497232317924 0 0 0 81.41283416002989 36.12263403832912
321.9485322907567 3201.533599115908 192.7235638797283 699.6072515547276 1441.979626432061 79.9731357395649 770.1591131910682 67.02903367578983 1822.06673926115 1812.288676150143 262.5708328336477 396.3341212272644 2366.1493717134 2604.447802647948 41.68572475016117 12.69775093346834 1.438200801610947 0.2619553282856941 0 0.4137440845370293 0.6281681954860687 0.2089294791221619 0.4021337181329727 0.4728142023086548 0 0.58602125197649 0.7274160608649254 0.7139871791005135 0.3526580035686493 0.5470224395394325 127.8600843921304 19.35094896703959 62.65408960729837 0.290498323738575 0.1736626774072647 1.480852656066418 25.88624071329832 1.95519582927227 0.5362828224897385 0 0 0.4303754419088364 0.1821304261684418 1.71093525737524 0.08487743884325027 0.3123411983251572 247.1470414400101 15.25070741772652 2.137906089425087 0.4539903625845909 1.070456273853779 0.4883167073130608 0 0.8979906067252159 8.02818439155817 10.9190868511796 39.53944654762745 116.8209297060966 5.474392846226692 58.46835188567638 0.5180803388357162 6.573653444647789 0 53.58877036720514 7.594708379358053 6.430936381220818 3.354747958481312 4.843284241855145 2.139820411801338 0.8549168780446053 15.73896273970604 1.109012439846992 0.2863664627075195 155.9585036709905 75.31492781639099 198.5135812088847 52.69157033413649 24.13963106274605 3.170793123543262 5.525933213531971 1.134264580905437 7.706234574317932 41.15222703665495 0.08033460378646851 5.19389583915472 2.915801972150803 3.050515547394753 0 1.129442624747753 0 1.66471092402935 0.08717761933803558 1.136907540261745 1.592950247228146 0.3493910506367683 67.63465279340744 1.48111854493618 0 2.757220581173897 57.69266027957201 1.418112620711327 10.6190001219511 5.748678743839264 9.007990136742592 5.286602839827538 34.94024643301964 23.45881091058254 17.82554806768894 40.76347514986992 48.61983489990234 12.76440008729696 111.4480103626847 56.87010785937309 35.34691423177719 35.39223830401897 0 0 0 0 0 0 0 0 0 0 0 0 0.2296174317598343 0 0.6301504373550415 0.1763895004987717 0.263215959072113 0 0.2547692954540253 1.635281309485435 9.61872898042202 0 0.4611994326114655 0 2.20170134305954 2.596329301595688 10.75221330672503 3.331473231315613 0.7415657937526703 0 0.6468904316425323 0 0 0 0 0 0.4735950157046318 0.1616028398275375 0 0 0 0.6139577329158783 0 0 0.1903974860906601 0 0.7363354861736298 0.3870427161455154 2.600300401449203 0.1997047066688538 0 11.24247372895479 0.5888799726963043 0.2063702195882797 0.09908927977085114 0 0 0 0.09290400892496109 0 0 17.58274526894093 2.730545729398727 0 0 0 18.91024009883404 0.914797306060791 2.885224014520645 0.2403228878974915 0.3752568438649178 0 0.2818506956100464 0 0 0 0 0 0 0 0 0.1856329143047333 34.36597780883312 7.100961849093437 6.34234356880188 466.6685652062297 15.45188481360674 492.9194809794426 89.72018653154373 166.8618248552084 47.70256424695253 2.889181852340698 33.78496128320694 18.3016007989645 0.1770382225513458 1.374138213694096 0.2133575081825256 62.50858785957098 0 0 0.9746462553739548 2.801122754812241 0.4124986976385117 233.5803502872586 52.30504338443279
69.79010488092899 238.3109645172954 2113.928876042366 1.260747671127319 638.0270808339119 0.5578732490539551 67.02903367578983 1726.527947634459 484.3492041528225 2.111958056688309 2323.133472837508 14.05948577821255 62.29765313118696 760.6150377392769 47.01620220392942 27.73253468424082 2.965845316648483 0.3772429823875427 0.2851643711328506 3.814257688820362 2.888176389038563 0.338647872209549 9.261748962104321 13.23098590970039 5.450172640383244 0.1929250359535217 3.934578716754913 0.1423583030700684 0.1019557490944862 0.6343845576047897 1035.259080916643 2350.900800988078 117.0382217764854 15.67417964339256 14.81287360191345 10.98596880584955 12.43198783695698 6.427643187344074 2.500509485602379 1.555821023881435 1.142812289297581 1.020056322216988 4.136951752007008 19.7299941405654 2.460911184549332 2.399584740400314 95.96388783305883 3.974944956600666 1.394986301660538 1.827853336930275 2.529925271868706 0 0.7613748162984848 0.2807609960436821 1.893211700022221 1.629193440079689 15.81001790612936 94.59450023621321 0.8432910218834877 14.20743247866631 6.60961589217186 30.27136221528053 3.442729808390141 226.4682420417666 0.8590766713023186 1.453297108411789 0.6232699528336525 2.959385514259338 11.61886367201805 4.980118475854397 5.128967396914959 0 0 48.83729632943869 70.68554470688105 122.845624178648 95.19603749364614 321.4467072635889 1594.769175603986 1405.827067598701 8.911162681877613 851.9251793324947 6.563726022839546 0 0.8665479198098183 0.3184230625629425 3.055727258324623 0 0.2954812422394753 0 0.6651436388492584 0.2245714664459229 18.76302015781403 3.05328730493784 0.8522480204701424 3.033241286873817 0.5609068125486374 0.0859973356127739 0.5709390044212341 36.72369255125523 0 0 0 0 0 0.5116607248783112 0 0 0.4250471219420433 0.2571186721324921 0.9233947172760963 0.5990135371685028 0.7682457268238068 0.3958132192492485 1.040617406368256 0 0 0 0 0 0 0 0 0 0 0 0 0.2723449468612671 0 0 0 0 0 0.235386036336422 0.1403759121894836 0 0 0 0 0.1098107323050499 0.1406241655349731 1.760764196515083 0.2030831426382065 0 0 0 0 0 0 0 0 0 0 0 0 0 0.1469814628362656 0 0 0 0 0 0 0 0 0 0.6711610853672028 0 0 0 0 0 0 0 0 0 1.147633254528046 1.552181750535965 0 0 0 0.6646884679794312 0 0 0 0 0 0 0 0 0 0 0 0 0 0 0 1.442981980741024 1.167979791760445 1.167728632688522 96.64484027028084 3.364923551678658 110.9168706685305 22.99667500704527 12.99708220362663 10.76513208448887 0.2683090716600418 8.613735966384411 0.6690643206238747 0 0.1031206101179123 0 0.358253225684166 0 0 0 1.215289175510406 0.3243606388568878 2.865587279200554 1.285675868391991
26.18489294499159 915.9270123839378 571.825018234551 7.89782702922821 4544.480619817972 3.476036161184311 1822.06673926115 484.3492041528225 515.3515411540866 77.43847888708115 887.8921589702368 14.10658447444439 724.5776771605015 1608.789487868547 11.18027232587337 2.74498637765646 0.1061622276902199 0 0 0.22427037358284 0 0 0.1411619335412979 0 0.1143854036927223 0 0 0.1199781149625778 0.2034708708524704 0.2001579701900482 62.94149973988533 17.97579884529114 19.61794757843018 0.07403574138879776 0.1532696038484573 0 4.621414110064507 0.6682548373937607 0 0.3194121196866035 0 0 0.09282001852989197 1.136536635458469 0 0.1678356379270554 39.46335148066282 1.414751797914505 0.3194120973348618 0.1146175116300583 0 0.08667813241481781 0 0.2155830562114716 0.6233053579926491 0.9462902545928955 5.172971151769161 9.355929985642433 0.7288205996155739 7.916427776217461 0.27806755900383 0.6939010173082352 0 15.17122044414282 0.346996508538723 0.5722066089510918 0.09934990108013153 0.6031425297260284 0.4248267859220505 0 2.818178057670593 0 0 18.78510266542435 14.00718076527119 36.23572182655334 18.72532923519611 11.65964289754629 3.729749232530594 9.704908892512321 0 5.13696775585413 4.589028611779213 0 0.3741516545414925 0.3516306206583977 0.1073300689458847 0 0.09932132810354233 0 0 0.0987040102481842 0.08431519567966461 0.2149668037891388 0 6.592882394790649 0 0.09223832935094833 0 5.067273408174515 0 0.6589918732643127 0.2354356199502945 0.6719773858785629 0.152644008398056 2.718040943145752 1.526198789477348 0.5440202504396439 4.646729335188866 4.306706771254539 3.193088054656982 3.527101442217827 6.104563929140568 3.29714934527874 2.797028742730618 0 0 0 0 0 0 0 0 0 0 0 0 0 0 0 0 0 0 0 0.2035391181707382 0.6342120766639709 0 0 0 0.1099522933363914 0 1.452621847391129 0 0.4549877643585205 0 0 0 0 0 0 0 0 0.1394316703081131 0 0 0 0 0 0 0 0 0 0 0.2018895745277405 0 0 1.332337647676468 0 0 0 0 0 0 0 0 0 3.600147426128387 0 0 0 0 4.592702060937881 0 0 0 0 0 0.1215481832623482 0 0 0 0 0 0 0 0 0 1.832885630428791 1.364228472113609 1.146347507834435 92.92308637499809 2.769892632961273 74.71210005879402 17.97103698551655 12.19986771047115 13.09363671392202 0.9287834167480469 5.708849839866161 0.8286821246147156 0.228926032781601 0 0.1064199432730675 1.506583839654922 0 0 0 2.291739344596863 0.2749938666820526 10.14278938621283 3.939814314246178
501.8253305107355 690.0811019167304 9.875274308025837 1459.574163295329 296.2861124202609 586.3156823590398 1812.288676150143 2.111958056688309 77.43847888708115 1274.380567900836 28.1761017292738 1836.99566436559 6667.419246397913 641.6719450578094 12.91538526117802 1.978347577154636 0.4028468057513237 0.3582283407449722 0 0.164912573993206 0.4479425624012947 1.334743767976761 0 0 0.8323577269911766 0.1190598607063293 0.8000518828630447 0.477512463927269 0 0 38.27679296955466 1.862051069736481 402.9691603183746 0.07967390120029449 0 0.2803042978048325 151.1433766484261 2.431327171623707 1.361549720168114 0.6950725764036179 0.6577502265572548 0.5003242939710617 0.08008567243814468 0.9111189991235733 0 0 76.13413877040148 4.77532010525465 0.6195924282073975 0.1603754460811615 0.3696034178137779 0.7984103560447693 0.5790345221757889 0.2172664254903793 3.876824058592319 3.089006446301937 28.37666614353657 101.4222488775849 3.522620268166065 19.88283018767834 0 3.036235556006432 0.07955565303564072 10.35223090648651 1.515327468514442 1.735198050737381 1.06642572581768 1.421028271317482 0.6984820440411568 0 122.3782607465982 13.61778512597084 0.559796929359436 66.83492876589298 15.51282892376184 45.96093033999205 7.116097651422024 1.787671804428101 0.6072365120053291 3.812789902091026 0 2.565742827951908 16.7648546397686 0 2.010988101363182 1.125031519681215 0.9829824343323708 0 0.416166827082634 0 0.3854238912463188 0.2659689411520958 0.5218711197376251 0.5748215392231941 0.7604596316814423 259.8902678638697 48.3620398491621 0.501517578959465 4.97932643443346 238.3554558083415 6.545119151473045 41.59464477002621 31.96761485934258 20.79881697893143 11.19146997481585 122.0867717191577 92.20266129076481 45.32511484622955 101.8893590942025 231.4994946196675 33.75807195156813 220.9401522651315 174.0974842980504 101.9986848086119 62.7709044367075 0 0.09576936811208725 0 0 0 0 0 0 0 0 0 0.5423831790685654 1.543161451816559 0 0 0 0.1435746699571609 0 0.3419328182935715 3.138295710086823 18.38108496367931 0 0 0 5.029718525707722 1.424754783511162 14.24945209175348 5.212928295135498 1.418433755636215 0 0.3084077388048172 0 0 0 0 0 0.1982001289725304 0.2977894172072411 0 0 0.54276442527771 0 0.3069556355476379 0 0 0 1.183363750576973 1.898482650518417 4.725612729787827 0 0 12.53250758349895 0 0.3012336492538452 0.2391604632139206 0 0.07784054428339005 0 0 0 0 45.10120416432619 4.569869622588158 0 0 0.120907336473465 41.16713088005781 0 5.695454612374306 1.099170014262199 0.6269905790686607 0.1057386174798012 0.4728664979338646 0 0 0 0 0 0.1098179370164871 0 0 0 79.9030663818121 5.448251590132713 7.223474487662315 406.6535059213638 4.968770049512386 180.8086045309901 28.79693370312452 494.8951497524977 20.89222597330809 0.753417007625103 23.85989581793547 65.57011885941029 1.382030099630356 1.485200867056847 0.4694211483001709 229.1789694726467 0.09494930505752563 0 0 3.297242790460587 0 1015.090785071254 204.2759178727865
94.51837654411793 509.1490997299552 2056.501926288009 1.223444595932961 1153.188456475735 2.901878193020821 262.5708328336477 2323.133472837508 887.8921589702368 28.1761017292738 1321.478343620896 110.6613085865974 710.2138530313969 2359.950349144638 55.71220777928829 22.82573806494474 1.82211822271347 0.6076095774769783 0.5046912133693695 0.9327787905931473 3.446846090257168 0 3.35490645468235 6.342405088245869 9.747983433306217 1.706817075610161 1.693114504218102 1.070879854261875 0.6784679889678955 0.8343462496995926 672.4171169623733 555.7639190927148 546.5065115243196 2.054714880883694 6.8155767172575 33.24823612719774 81.5371106415987 44.66554909199476 9.910352289676666 6.511796668171883 4.053606234490871 1.743212655186653 0.7512625306844711 9.258693374693394 0.4771407395601273 0.6278378069400787 118.3797513544559 4.221168167889118 2.514191187918186 0.2507399022579193 0.4131727367639542 0 1.796962812542915 0.2883099466562271 2.531096056103706 2.872863218188286 18.22257301211357 79.51968194544315 0.9823041930794716 21.11497856676579 1.822844758629799 92.00811048597097 1.199413888156414 64.15480871498585 2.125714220106602 2.148298338055611 0.9447583556175232 1.624903932213783 3.099332667887211 1.970882445573807 32.42901918292046 0.5488754585385323 0 66.41149795055389 52.71995461732149 129.6921470910311 65.32535678893328 60.33071564882994 337.2162181213498 991.1806357875466 2.694259613752365 296.7323709651828 10.1798082664609 0.08784728497266769 1.838010400533676 1.013234034180641 1.741681024432182 0 0.2818200662732124 0 0.3582631573081017 0 6.38511648774147 3.000139735639095 1.425519816577435 15.59951370954514 0.8963295519351959 0 4.437835246324539 31.50551010668278 0.4439556002616882 0 0.364646315574646 0 0.3122535794973373 2.124114565551281 0.9694018065929413 1.28200826048851 1.969991706311703 4.00151439756155 2.380145028233528 8.747499562799931 8.157642588019371 4.334693290293217 7.010003127157688 0.1365738660097122 0 0 0 0 0 0 0 0 0 0 0 0.9846514686942101 0 0.2502970546483994 0.3464978188276291 0.154067263007164 0.120699405670166 0.09885206818580627 0.1096624881029129 1.550759509205818 0 0.1963942348957062 0.1179775223135948 1.012323923408985 0.860142782330513 3.634782306849957 1.642794266343117 0.8674297481775284 0.3671165555715561 0 0 0 0.1629804372787476 0 0.1235291287302971 0 0 0 0 0 0.7183996587991714 0.2528219819068909 0 0 0 0 0.1549139320850372 0.273047149181366 0.1477299481630325 0.319328248500824 4.930998884141445 0 0.09915778040885925 0 0 0 0 0 0 0 6.125908352434635 1.193559214472771 0 0 0 4.184075362980366 0.6138439774513245 1.503731399774551 0 0 0 0 0.104170985519886 0 0 0.08397582173347473 0 0 0 0 0 6.749723114073277 3.120920911431313 2.746675238013268 201.3223922774196 5.401127800345421 175.5325386822224 48.21300575882196 19.87643035501242 17.90563880652189 0.271919846534729 21.42669791728258 7.921995103359222 0.2948096096515656 0.4310425668954849 0 4.668769031763077 0 0 0.1360615938901901 1.010349050164223 0.5763209313154221 9.977198019623756 6.371319591999054
42.32151649147272 210.3869400843978 32.76529126614332 862.4874079823494 41.93104434013367 93.20975409448147 396.3341212272644 14.05948577821255 14.10658447444439 1836.99566436559 110.6613085865974 124.6865613609552 1001.569227226079 326.2466615587473 26.02577566355467 10.50084211677313 1.317282982170582 0.3037180006504059 0 0.2681438475847244 0.6285273358225822 0.2334313541650772 1.606259919703007 1.260062366724014 5.05030495673418 1.462030485272408 1.081826277077198 1.723833099007607 0.647196039557457 0.1132792085409164 11.27886690944433 5.926500961184502 426.938812494278 0.1330547630786896 0.6822779849171638 7.254805579781532 487.7103946805 59.65190276503563 17.61144512146711 6.91628659516573 3.856628201901913 1.446811392903328 0 1.44081861525774 0.3123828396201134 0.2173795253038406 40.32053931057453 0.9082416594028473 0.7699986547231674 0.3198806717991829 0.241302102804184 0.2285043895244598 3.8422462195158 0.4789990186691284 0 0.6720743402838707 4.108440354466438 10.95265956223011 0.3788653388619423 3.449505992233753 0.2316988483071327 61.1610451489687 0.9439223408699036 6.108572006225586 0.451140321791172 0.1557653397321701 0.2717944011092186 0.3667728528380394 0.3880477398633957 0.8723583966493607 243.5476730838418 4.470579609274864 0.2621183022856712 11.37487870454788 6.34390427172184 23.07196240127087 13.45688035339117 5.081496372818947 0.9856615513563156 11.61053055524826 0.4953325316309929 17.11041107028723 1.496427647769451 0 0.5239639729261398 0.5145579129457474 0.4382872208952904 0.08453723043203354 0.08550279587507248 0 0.1087977066636086 0.1344309002161026 2.218773417174816 1.121075674891472 1.928314529359341 413.984083995223 59.92436110973358 0.178563192486763 44.04409182816744 24.90577679127455 1.955242685973644 3.647752784192562 4.622909121215343 3.240751892328262 4.229967854917049 40.57030609995127 16.44138099253178 14.59712637215853 37.91511531919241 51.15140778571367 28.31125092506409 101.6005237624049 81.18355179578066 51.46363934129477 69.86898019909859 0.6164354607462883 0 0 0 0 0 0 0 0 0 0.6422652751207352 0.2584281042218208 1.459369167685509 0.2484831511974335 0.2718759477138519 0.1281367093324661 0.2613953948020935 0.4601289853453636 0.2827485203742981 3.600366503000259 18.68971010297537 0 0 0 7.891101256012917 4.480473548173904 22.11878480017185 9.699352152645588 0.6052688509225845 0 0 0 0 0.1414079964160919 0.1739383488893509 0 0.320217177271843 0.9052086770534515 0 0 0 0.8137846291065216 0 0 0 0 0.6930206194519997 0.6198445484042168 0.7926067113876343 0.5073089599609375 0 22.61511231213808 0.11295535415411 0 0 0 0 0 0.08961453288793564 0 0 41.51623179018497 3.706214919686317 0 0.1383058279752731 0.3463815897703171 47.18587376177311 1.06999009847641 5.022743239998817 0.3948801383376122 0.6306466311216354 0 0.1730228364467621 0.3659380078315735 0 0 0 0 0 0 0 0 71.93008286505938 13.36522155255079 17.95549859851599 210.6295986101031 4.392581030726433 78.96348483860493 29.01220719516277 63.82138427346945 11.70837160944939 1.598723948001862 17.8819787055254 17.18086057901382 0.3834353089332581 1.452164694666862 2.879439398646355 48.14818655699492 0.2855974733829498 0.1396404653787613 0.1879177987575531 4.063067942857742 1.258480429649353 200.5807840079069 130.632291868329
186.1162577047944 1784.695102714002 131.04539578408 1607.251405820251 1076.055728383362 186.6335040479898 2366.1493717134 62.29765313118696 724.5776771605015 6667.419246397913 710.2138530313969 1001.569227226079 2037.789664514363 4376.592064261436 70.57308607548475 28.110789693892 1.838815577328205 0.2814647629857063 0.09909851849079132 0.7492056116461754 2.080217704176903 0 3.380898632109165 3.829235553741455 7.583344765007496 1.081248581409454 2.92947594076395 0.6091088801622391 0.7480020448565483 0.3898075222969055 71.60529037564993 26.1391343921423 961.9048125073314 1.418265357613564 3.360709741711617 9.397403560578823 437.5341858789325 30.89698389917612 10.6595017015934 6.393353320658207 4.14941743761301 1.488286294043064 0.8002259358763695 7.277831956744194 0.1512314826250076 0.3720005601644516 161.4416181445122 4.892553977668285 1.738611124455929 0.8013823926448822 0.6367132067680359 0.4076442420482635 1.098498702049255 0.9027721360325813 2.594795390963554 2.309263221919537 22.89828723669052 54.3113354742527 3.017031878232956 20.76540987938643 1.907540269196033 33.26853451132774 0.7454189136624336 28.79800801724195 1.748368814587593 1.491621740162373 0.8183790147304535 2.31792126595974 2.199583113193512 1.594965681433678 128.0801868364215 1.955705001950264 0 63.77949265390635 34.84011916071177 110.8605783805251 49.52085556089878 35.44768667221069 21.96069084852934 44.72274511307478 2.224425345659256 52.65562633424997 15.2171813249588 0 1.334250159561634 0.7595686838030815 1.499181494116783 0.1950255110859871 0.1995014622807503 0.1323707848787308 0.2602947726845741 0.08605536073446274 3.867656283080578 3.640310950577259 1.705528572201729 402.1418098062277 19.38046580553055 0.185648500919342 7.893931917846203 66.22216676920652 4.578179731965065 17.41468488425016 15.70848353952169 37.0413084551692 10.17632736265659 91.73035845160484 48.58916342258453 30.48978834599257 151.0726912394166 149.7196797057986 45.57532196491957 209.3159917518497 193.1195998936892 94.99294032156467 121.9834632948041 0.6214694231748581 0.2950348854064941 0 0.3818135261535645 0 0 0 0 0 0 0.813821442425251 0.9241537898778915 3.144647032022476 0 1.186996750533581 0.5018137097358704 0 0.8317518979310989 0.3365693837404251 6.097102425992489 29.89729009568691 0 0.8053673654794693 0 11.80348937213421 4.487424068152905 34.49507629871368 11.36455139517784 2.204889237880707 1.00277503579855 0.139160618185997 0 0 0 0 0 0.7159935981035233 1.064588479697704 0 0 0 0.185637041926384 0.2714727222919464 0.08163226395845413 0 0 0.3077070564031601 2.080747000873089 3.26897931098938 0 1.191693186759949 29.26596857607365 0.9488909989595413 0 0 0 0 0 0 0 0 71.68515162914991 7.222395017743111 0 0 0 78.53312331438065 1.97845333814621 7.628392294049263 0.6698164939880371 0.9522667601704597 0.2565877661108971 0 0.9258846864104271 0 0.09345900267362595 0 0 0.1211448386311531 0 0 0 128.6633794382215 15.75244408100843 18.08839969336987 475.0444634780288 14.08593282848597 303.1315662264824 89.20738069713116 159.4719702005386 43.20011167228222 0.8478506356477737 46.89174777269363 30.10122710466385 0 3.117985218763351 1.401679649949074 97.48130284994841 0.608199417591095 0 0.3267391324043274 6.380423434078693 0.857248917222023 444.6611690223217 179.2137545123696
32.1193912923336 1454.153375044465 904.639670856297 77.55184436589479 3083.89474311471 53.43225000053644 2604.447802647948 760.6150377392769 1608.789487868547 641.6719450578094 2359.950349144638 326.2466615587473 4376.592064261436 2099.41805845499 126.0381047129631 54.34724713116884 6.537400461733341 0.7600871175527573 0.5535205975174904 1.370212003588676 3.575640715658665 0.9925902634859085 9.296881482005119 11.17764205485582 25.23228117823601 3.388548940420151 8.056946448981762 3.830799639225006 1.307762444019318 1.375255137681961 231.7468527406454 126.4737552851439 1427.860459126532 4.190353386104107 10.17337435483932 56.88746728748083 670.5221953615546 134.2617067545652 24.53304028511047 16.96424096077681 7.065008796751499 7.277550466358662 1.683571808040142 14.00540581345558 0.8148051872849464 1.922309443354607 268.5296606197953 6.617788545787334 3.765008188784122 1.42827270179987 1.592114932835102 0.109006404876709 4.740763299167156 2.458896659314632 3.665305197238922 4.262640565633774 20.47407690435648 49.45684009045362 2.818017892539501 28.90237671136856 3.357069239020348 341.8962567970157 1.146133042871952 71.15004072338343 2.475686736404896 1.617425143718719 1.753908112645149 3.410625912249088 4.547404602169991 5.118600092828274 127.0597417503595 0.8627979755401611 0 74.67139450460672 65.9644026607275 210.2956170141697 108.8407972306013 86.89084757864475 195.2602247297764 424.402490362525 4.789094895124435 432.105413377285 13.47239833325148 0 1.927286699414253 0.5209411680698395 3.544314421713352 0.1139068827033043 0.5959480628371239 0 0.8127916157245636 0 12.62214985489845 5.776684291660786 3.286257967352867 155.0274923592806 7.536615423858166 0 22.85685200989246 28.71774259954691 4.103043809533119 8.035395883023739 7.783357299864292 4.365661397576332 7.760627783834934 50.35039668530226 24.84066182374954 16.52884108573198 53.12035828828812 69.55079937726259 26.56637370586395 113.378533795476 108.0143406018615 57.43159529566765 82.82622222602367 0.4015541598200798 0.5330753475427628 0 0.1082818582653999 0 0 0 0 0.1365579515695572 0 0.8185793608427048 0.5670891106128693 3.197931542992592 0.4699897915124893 0.501494012773037 0.7436382323503494 0.2034628167748451 0.5305845662951469 1.203163340687752 4.284868091344833 17.14580167084932 0 1.110169723629951 0 8.573228411376476 7.43244557082653 25.83591197431087 11.03671626746655 2.905703812837601 0.3209779560565948 0.4723858237266541 0 0 0 0.1887221038341522 0 1.946174748241901 0.6855187863111496 0 0 0.4378934502601624 0.7370378002524376 0.7200208157300949 0 0 0 0.08317052572965622 0.7363735064864159 1.843070358037949 0.4429295063018799 0.2924277782440186 28.18228642642498 0 0 0 0 0 0 0 0.2404438406229019 0 58.65563353151083 5.857280790805817 0.8163800835609436 0 0.1432894021272659 55.26541467010975 1.932510793209076 6.756595432758331 0.3252450227737427 0.09834488481283188 0.9514510780572891 0.1218926161527634 0.1772029846906662 0 0 0.1484904736280441 0 0 0.2609449550509453 0 0.4017648100852966 79.44106274843216 13.15812525898218 19.21099155396223 700.1145046725869 22.95725254714489 416.3697988316417 141.0274716392159 88.51177252829075 61.85554219037294 1.301156081259251 89.96381005644798 30.67232549190521 0.4365029484033585 1.524738818407059 1.205373622477055 58.81901276111603 0 0 0.362789660692215 9.119704529643059 1.724632665514946 163.1109503731132 114.0239553153515
