714.8087803944945 3333.901386387646 429.2723010927439 979.5821040049195 165.8658376038074 97.81542585790157 620.0238623097539 275.3195677250624 28.91114788502455 711.1958315595984 238.2437995672226 72.70620777457952 145.9472092539072 274.2959606572986 2.056238241493702 1.856643155217171 0.2271797508001328 0 0 0 0 0 0.2845346331596375 0.8851074725389481 4.740920878946781 1.734532341361046 1.102011919021606 0.5481967777013779 0.603581115603447 0 662.4504005014896 1.131824888288975 10.93278829753399 0 1.275146752595901 2.831427253782749 5.154935576021671 1.397681325674057 0.8080340921878815 1.639275744557381 1.288054846227169 0.3740154951810837 0 0.3384594172239304 0 0.2026518061757088 8.361622259020805 1.338484957814217 0.6475741118192673 0 0 2.088826879858971 0.4636439681053162 0 2.70389499515295 8.113552108407021 424.0831601694226 367.3872529566288 73.00144431740046 5.501686960458755 0.9480218887329102 1.404410883784294 1.769218571484089 0.6131268218159676 0.7335862517356873 0.5491156578063965 0.7780599147081375 0.3161753937602043 1.041448898613453 1.392139807343483 6.907541811466217 2.637262389063835 1.481829755008221 84.82653775811195 7.65905874222517 6.19133972376585 2.752518676221371 1.919857211410999 10.86982540786266 179.2546245530248 1.182938985526562 8.59276320785284 3.905898697674274 0.5691606104373932 0.5650015324354172 2.929132126271725 0.3949372172355652 0.3567921817302704 0.3279337882995605 0.6042684763669968 0.276585653424263 0.5348923951387405 0.3943590819835663 0 0.8631523251533508 28.10357497632504 6.967268824577332 0.1506513506174088 5.383316814899445 1474.480638153851 0.1406297832727432 0 0 0 0 7.222574353218079 0 0 1.769348904490471 0.5142756253480911 0 0.6879496574401855 0.8490988463163376 0.6224575042724609 0 0 0 0 0 0 0 0 0 0 0 0 0 0 0 0 0 0 0 0 0 0 0 0 0 0.2502444088459015 0 0 0 0 0 0 0 0 0 0 0 0 0 0 0 0 0 0 0 0 0 0 0 0 0 0 0 0 0 0 0 0 0 0 0 0 0.4085673540830612 0 0 0 0 0.1719656437635422 0 0 0 0 0 0 0 0 0 0 0 0 0 0 0 0.2519910931587219 0 0 25.8705672621727 3.850735008716583 34.90922961384058 3.963720314204693 1104.107547692955 2.016114927828312 1.356550090014935 2.536316730082035 2.482675209641457 0 0 0 0 0 0 0 0.5900530815124512 0.133569523692131 75.73988422751427 0
3333.901386387646 3607.61929423362 2960.431620165706 2679.531343497336 2302.357887580991 170.1848555505276 2474.470837548375 927.7161357402802 2445.629508778453 1000.417366117239 2233.619472406805 40.690155364573 1079.068393215537 2965.45671883598 25.82888068258762 6.314990490674973 1.19357181340456 0.8887675851583481 0.2682394683361053 0.3720159381628036 0.5494319275021553 0 0.3026141375303268 0.6140409857034683 10.62588794529438 2.303440600633621 1.876962423324585 1.144932806491852 0.4436222016811371 0.5884629189968109 1737.765001341701 13.30374763906002 20.24985218793154 0 2.355918534100056 4.961662404239178 5.772659920156002 1.199131056666374 1.490551143884659 1.904913939535618 2.348517678678036 0.8192182630300522 0.1916778162121773 1.23421923071146 0.2736731022596359 0.4116729870438576 152.4963547438383 13.14770855009556 4.179232724010944 2.712528102099895 1.147976711392403 0.608585961163044 0 0 31.06960444897413 86.48379800468683 601.2563710659742 691.2764126434922 321.5672378689051 58.13572762161493 2.708933271467686 4.4769167304039 1.593864239752293 6.480052575469017 11.0634942278266 8.001862093806267 7.974626012146473 1.54466699808836 1.575766459107399 1.276599049568176 9.59301533550024 0.5784925818443298 0 637.5347211025655 166.1806474924088 115.4581637531519 27.40035459399223 12.89320521056652 9.915589906275272 288.8179840222001 2.248492814600468 14.09638801962137 46.6064445823431 2.996126309037209 6.772330984473228 33.43201182037592 6.190970987081528 0.4073516726493835 4.804447539150715 0.7304893210530281 3.238073006272316 0.4648709744215012 2.021541178226471 2.154763832688332 0.6462349221110344 14.50006707012653 1.189775109291077 0.2995866239070892 2.415452197194099 1454.355407476425 0 0 0.3873250186443329 0 1.702738344669342 15.9561647772789 1.580314874649048 0.1573702394962311 77.4423995912075 1.711263716220856 0.4438496828079224 1.002514407038689 5.154863305389881 4.256079435348511 0.5664319545030594 0 0 0 0 0 0 0 0 0 0.230137437582016 0.155469223856926 0 0 0 0 0 0 0 0 0 0 0 0 0 2.532603979110718 0.2834541499614716 2.320076435804367 0 0 0 0 0 0 0 0 0 0 0 0 0 0.1530835032463074 0 0 0 0 0 0 0.1260085999965668 0 0 0 0.349244087934494 0 0 0 0.09325271844863892 0 0 0 0 0 4.626560524106026 0 0 0 0 0.5967249870300293 0 0.3445347547531128 0 0 0 0 0 0 0 0 0 0 0 0 0.09919563680887222 4.193340122699738 1.587544366717339 0.7374831438064575 537.2575240135193 31.40149722248316 719.2638896778226 54.15160612016916 629.0742639228702 73.79657283425331 13.53110048174858 64.6822654530406 11.35314421355724 0 0 0 1.662867844104767 0 0 0 13.88333271443844 1.233340814709663 241.7713456451893 11.50611109286547
429.2723010927439 2960.431620165706 1928.896893844008 60.63017774373293 2384.216934494674 3.210603125393391 35.38316206634045 4728.714672699571 2022.747535027564 5.227158091962337 4002.061292827129 4.126252442598343 98.76529637724161 1990.124549016356 15.27175164222717 7.056851372122765 1.106304362416267 0.1929198205471039 0.08580973744392395 0.1796631217002869 0.8939051777124405 0 0.1177021637558937 0.374138131737709 9.08130893856287 2.894388124346733 3.184600561857224 0.8454075381159782 0.2217085734009743 0.265164315700531 4123.606902115047 435.2689319401979 19.53003303706646 0.4404778853058815 3.603310003876686 7.30059577524662 4.20316307246685 2.393583260476589 1.802617646753788 2.320962563157082 4.136534333229065 1.038964070379734 0.8582303524017334 0.6783216223120689 0.2357189431786537 0.5284233167767525 49.84623268991709 4.019705049693584 2.30509027838707 1.875197678804398 0.3181853368878365 0.3690281808376312 0.1451723724603653 0.4796516299247742 9.035336270928383 24.93944584578276 243.2670075595379 646.4728867933154 88.48857952654362 18.08422599732876 3.151094317436218 8.300957478582859 3.0591731518507 123.1012576073408 3.02100095897913 2.853447653353214 2.787010587751865 0.1696159467101097 1.683171056210995 2.347685046494007 2.025591969490051 0.1617257744073868 0 233.3771328702569 116.1438019648194 64.88626827299595 18.38391603529453 8.692803651094437 66.29697595536709 529.101982884109 5.566956140100956 42.17934977263212 16.27760833501816 1.076859764754772 2.110644407570362 9.052200868725777 1.528478592634201 0.2152132168412209 2.158720120787621 0.08595387637615204 1.102713607251644 0.09153199195861816 1.720246262848377 0.9415768757462502 0.2630540132522583 2.911828190088272 0.1158274188637733 0 1.481834471225739 105.280426248908 0 0 0 0 0 0 0 0 0 0 0 0.200252503156662 0.2523088753223419 0.2517895698547363 0 0 0.3280712366104126 0 0 0 0 0 0 0 0 0.2218628972768784 0 0 0 0 0 0 0 0 0 0 0 0 0 0 0 0.1714514642953873 0 0 0 0 0 0 0 0.3261609971523285 0 0 0 0 0 0 0 0.1237015649676323 0 0 0 0 0 0 0 0 0.2432762384414673 0 0 0 0 0 0 0 0 0 0 0 0 0 0.1585696041584015 0.2540969848632812 0 0 0 0 0 0 0 0 0 0 0 0 0 0 0 0.5315362960100174 0.3052595555782318 0 115.2102619558573 12.81114593148232 177.5144051387906 17.00687380135059 42.16574282944202 16.75689091533422 3.576518513262272 10.50423155725002 2.116763666272163 0 0 0 0.1441998779773712 0 0.369103230535984 0 4.723369665443897 0.7877939715981483 49.91410434246063 1.324198052287102
979.5821040049195 2679.531343497336 60.63017774373293 676.2892075404525 47.95531814545393 332.1605639234185 1863.703363522887 0.2871619760990143 18.90072854608297 3985.568380117416 2.968184657394886 674.6458103433251 1153.774591431022 103.4139365926385 0.7846728414297104 0.240129828453064 0 0 0 0 0.1117660701274872 0 0 0 0 0 0 0.5861190110445023 0 0 48.09849091619253 0 0 0 0 0 0 0 0 0 0 0.3777479827404022 0 0 0.09987207502126694 0.1791400387883186 13.46868787705898 1.495667070150375 0.6884156540036201 0.4455394223332405 0.1025667190551758 0.2034428864717484 0 0 5.282268039882183 11.48266859352589 164.7632329314947 80.16836962848902 50.01882340759039 6.935830697417259 0 0.1409618258476257 0 0 1.402542397379875 1.141257405281067 0.8609280660748482 0.2422804683446884 0 0.1471244692802429 1.431580416858196 0.4439905285835266 0 81.96198131144047 15.27255386859179 8.328333958983421 0.5714940801262856 0.3610967844724655 0 0.7016184255480766 0.09721855074167252 0 6.408945739269257 0 1.091810949146748 4.355436071753502 0.3314725235104561 0.2056236043572426 0.8407097160816193 0 0.4102900624275208 0.1042249798774719 0 0 0.0909227654337883 14.29038947820663 4.063217952847481 0.3706267774105072 1.841833189129829 651.103303834796 0 0 0 0 0 10.97501939535141 0.4714974462985992 1.095716774463654 19.04983861744404 2.020151108503342 0 2.915628641843796 4.829941809177399 0.9859215319156647 0 0 0 0 0 0 0 0 0 0 0 0 0 0 0 0 0.1373402625322342 0 0 0 0 0 0 0 0 1.336575031280518 0 1.144335240125656 0 0 0 0 0 0 0 0 0 0 0 0 0 0.1686175167560577 0 0 0 0 0 0 0 0 0 0 0 0 0 0 0 0 0 0 0 0 0.3492650985717773 0 0 0 0 0 0 0 0 0 0 0 0 0 0 0 0 0 0 0 0 2.556656166911125 0 0 63.95165844261646 7.385174170136452 60.31021106988192 6.1496846601367 814.306725628674 8.700563788414001 1.42350909858942 4.130569450557232 1.805029034614563 0 0 0 0.8733281046152115 0 0 0 1.406414270401001 0 115.8299966305494 4.798984318971634
165.8658376038074 2302.357887580991 2384.216934494674 47.95531814545393 1565.716364212334 6.045134842395782 1499.915523454547 236.9220007732511 7354.71780308336 307.7981258481741 1572.354633055627 52.58174699544907 1378.108524039388 2336.347697637975 32.80134914070368 13.34438237547874 0.7809516042470932 0.4950475245714188 0.3005714863538742 0.4168425351381302 0.1017972007393837 0.205269530415535 0.1055059507489204 0.2438838630914688 0.5318764671683311 1.203227192163467 0.2508265301585197 0.3320674449205399 0.3664656430482864 0 71.37509620934725 6.134139396250248 5.188862755894661 0.0830351859331131 0.2491973638534546 0.1696765273809433 4.413947686553001 0.110641822218895 0.4159270152449608 0.4728386402130127 1.444348476827145 0 0 1.501984313130379 0.3322658017277718 0.2604396194219589 124.4780364111066 5.752543911337852 3.921566285192966 0.8854259848594666 0.921783834695816 0.09546174854040146 0 0.4157221242785454 13.98417564481497 28.55578557401896 93.21810369566083 94.65274352580309 89.32593223452568 37.53056487441063 0.1115807965397835 0.791808694601059 0.2387621402740479 12.18313934653997 4.290301710367203 3.377986937761307 5.941388159990311 0.4621122851967812 0.6664926931262016 1.190844245254993 29.44717891514301 0 0 203.7498819902539 101.6293075308204 97.30223663151264 43.98288094252348 23.86543152481318 0.4747895747423172 6.894981451332569 0.1020256951451302 4.308379024267197 28.3701549321413 0.8800316154956818 3.759723454713821 11.79957500100136 2.60263279825449 0 2.616267092525959 0 0.9349047765135765 0.48312658816576 0.1725557446479797 1.270163960754871 0.6343864127993584 45.90043729543686 3.968134805560112 0 2.821265414357185 22.68880671262741 0 0 1.229504287242889 0.6750724911689758 0.4504728317260742 3.747833028435707 2.33163546025753 0.1980482339859009 5.93034927546978 8.336142912507057 4.74996529519558 4.853502385318279 14.42681681364775 6.46157618612051 3.544813111424446 0 0 0 0 0 0 0 0 0 0 0 0 0 0 0 0 0 0 0 0 0 0 0 0 7.938135236501694 0 4.141551449894905 0.5786559283733368 0 0 0 0 0 0 0.4021123945713043 0 0 0 0 0 0 0 0 0 0 0 0 0 0 0 0 0.5473601818084717 0.1305919587612152 0 0 0 0 0 0 0 0 23.86604116857052 0 0 0 0 1.709354028105736 0 0 0.1518246978521347 0 0.3358015716075897 0.410425215959549 0 0 0.1128784418106079 0 0 0 0 0 0 12.50018844008446 3.254536062479019 3.054239429533482 596.0171465650201 20.34750600159168 544.6557981297374 61.61734755337238 49.16028326004744 70.50275216251612 3.269604906439781 88.77884976565838 19.85860307514668 0.1043493375182152 0 0 4.915972203016281 0 0 0.368409126996994 24.40124649554491 2.278826341032982 115.3044509738684 25.75685165077448
97.81542585790157 170.1848555505276 3.210603125393391 332.1605639234185 6.045134842395782 10.03529472649097 84.66327225416899 0.9402714222669601 3.464020363986492 1221.018309734762 2.303111270070076 234.0752567723393 123.1533255055547 25.60065963864326 0 0.241978608071804 0 0 0 0 0 9.692628145217896 0 0 0.2829276770353317 0 0 0 0 0 4.566130697727203 0 5.589546173810959 0 0 0 12.55854471027851 0.3699670433998108 4.922550335526466 0.8864836543798447 0.1824489533901215 0 0 0 0 0 0.421918123960495 0 0 0 0 63.69689873605967 6.250643149018288 0.4024898558855057 0 1.080077439546585 69.97116982936859 2.939203433692455 2.505028136074543 0 1.763359382748604 3.096907570958138 0.213363915681839 0 0 0 0.3574913144111633 0 0 0 77.34005669504404 77.11810104548931 16.05335944145918 1.490292385220528 0 0 0.1888900101184845 0 0 0.943982869386673 0 1.718148685991764 0.2079840749502182 2.653383135795593 0 1.979657508432865 0.1006373167037964 6.935617730021477 2.769170507788658 19.22378512471914 4.123258411884308 6.367736421525478 0 0 2.237006269395351 343.1523991450667 88.67378613352776 32.65329397469759 80.05848568677902 232.2106867283583 0 0 0 0 0 0.9045970439910889 0 0.1796099245548248 0.3436361253261566 4.946347028017044 0 0 3.171975702047348 0 0 0 0 0 0 0 0 0 0 0 0 0 0 0 0 0 0 0 0 0 0 0 0 0 0 0.1348729580640793 0 0.3428030908107758 0 0 0 0.1598799228668213 0 0 0 0 0.2006410658359528 0 0 0 0 0 0 0 0 0 0 0 0 0 0 0 0 0 0 0 0 0 0 0 0 0 1.224993973970413 0 0.1571054607629776 0 0.2928107678890228 0 0 0 0 0 0 0 0 0 0 0 0 0.3535601794719696 0.7720175832509995 0.1776738464832306 0 1.630662128329277 0 0 17.28667718172073 0.436210498213768 2.690631285309792 0.1054223477840424 157.7755321189761 4.896002694964409 0.1412359327077866 0 2.254966825246811 0 0 0 0.3027189373970032 0 0 0 0 0 54.59235556423664 2.891058921813965
620.0238623097539 2474.470837548375 35.38316206634045 1863.703363522887 1499.915523454547 84.66327225416899 1526.301488563418 4.573308952152729 4209.842618472874 4321.717886455357 91.44038764387369 302.9265010133386 7068.00161614269 3803.769906207919 20.75230314582586 8.873721316456795 1.332107529044151 0.530999444425106 0 0.149848073720932 0 0.1720584779977798 0.4130109548568726 0.3434036299586296 1.054240651428699 0.331692710518837 0.6846087947487831 0.1255046725273132 0.1052195951342583 0.1149513423442841 44.79137168824673 1.895223654806614 3.498098768293858 0 0.3150185495615005 1.419509992003441 3.853886321187019 0 0.9487288594245911 0.219942606985569 0.658961296081543 0.8565649315714836 0.1098622381687164 1.120170339941978 0 0.2304160222411156 110.2818482071161 7.043095596134663 2.945041440427303 1.139216795563698 0.7804834842681885 0.286300390958786 0 0.5322453230619431 14.80681347846985 34.02991230040789 148.6648106873035 101.8103690892458 113.659573674202 35.49431966990232 0.9547151997685432 4.818494200706482 1.402043297886848 4.698227152228355 4.818180114030838 3.044160254299641 4.223527044057846 0.4291379675269127 0.7054453864693642 0.4000595211982727 23.85728991776705 0.1095347553491592 0 234.4694968536496 81.40179452300072 70.84355066716671 23.91812235116959 12.01559153944254 0.3462573513388634 1.526498936116695 0.9282485246658325 4.397472262382507 22.55031271278858 1.15374705940485 6.771473310887814 14.14227665215731 2.352602675557137 0 2.610080741345882 0 1.311189226806164 0.2092369571328163 0.2061884701251984 0.7509253397583961 0.218896247446537 60.21451548486948 3.176541663706303 0 3.479017652571201 136.4993678182364 2.1206284314394 3.004463866353035 7.311771400272846 8.077232733368874 3.109406217932701 69.67856772243977 11.95717820525169 31.50793701410294 135.1418585330248 61.75291711091995 2.448446080088615 28.58921542018652 30.27862180024385 19.59432308375835 7.031407415866852 0 0 0 0 0 0 0 0 0 0 0 0 0 0 0 0 0 0.2585519552230835 0 0 0 0 0 0 11.44865388423204 0 3.756753325462341 0.8653856515884399 0 0 0 0 0 0 0 0 0.803948812186718 0.5330148488283157 0 0.1092998385429382 0 0 0 0.1112963333725929 0 0.3737864643335342 0.9429978281259537 1.469100572168827 0.4782574772834778 0 0 1.458103775978088 0.3714429140090942 0.4577623456716537 0 0 0 0 0 0 0 31.44387110322714 0 0 0 0 3.748113803565502 0.1517470479011536 3.424151130020618 3.440440401434898 1.492473229765892 0.2447347640991211 0 0 0.1047752350568771 0.469855859875679 0 0 0.09992771595716476 0 0 0 22.31465586274862 2.842015013098717 1.71592766046524 433.0065940245986 15.08237870037556 474.4512141123414 45.19155851751566 210.903242610395 53.64639015495777 9.014490656554699 58.83989872038364 28.46327878534794 0.1261071562767029 7.510727263987064 0.8275920003652573 6.057368963956833 1.640616193413734 0.1280542016029358 1.929799243807793 12.51603548973799 0.4152690172195435 162.2977783158422 47.21910157054663
275.3195677250624 927.7161357402802 4728.714672699571 0.2871619760990143 236.9220007732511 0.9402714222669601 4.573308952152729 3142.80023624748 1651.91079492867 0.9522793143987656 3785.012390695512 7.75469958782196 26.54573073983192 1661.392425142229 60.45095476508141 42.03548810631037 2.214172497391701 0.8435560092329979 0.1872134581208229 3.049403354525566 12.2777252048254 0.1373406201601028 6.836422339081764 9.667809642851353 80.54790532588959 24.45785149931908 21.90314964950085 9.697363927960396 2.230807147920132 1.509175091981888 2579.202414400876 3849.963272348046 49.10520762950182 1.193405106663704 43.62575586140156 47.3406210616231 17.07427117973566 9.815845623612404 5.770653985440731 12.54901921749115 38.33000805228949 4.378039203584194 6.49754524230957 49.44135604798794 0.7445280030369759 7.850824877619743 138.6723216474056 6.321377299726009 2.601141259074211 4.971951402723789 1.861908689141273 0.1270841360092163 0.4108036011457443 1.958161823451519 10.50531557947397 24.12036671489477 183.5865971595049 500.4478232935071 89.98719322681427 32.84496363997459 117.6419513821602 89.81940737366676 40.09537527710199 466.5682941302657 2.929748244583607 4.586429223418236 5.083396159112453 4.307888098061085 33.12188898026943 39.32023756951094 8.539983354508877 0 0 221.2885901033878 128.5875015109777 128.9647158607841 132.2590670064092 359.980377651751 1445.543871380389 2407.209972918034 416.1775113195181 1047.19477686286 18.7718345746398 0.4131656661629677 5.420141160488129 11.47025160491467 4.678499855101109 0.2173145115375519 2.917650364339352 0.2024124413728714 2.470805592834949 0.4390050396323204 26.56150516867638 3.434131965041161 0.5803928524255753 7.26138462126255 0.1206056177616119 0 3.997597470879555 68.48865639418364 0 0.2411980926990509 0 0 0 0 0 0.8755393475294113 0 1.208964943885803 0 0 0.8488679826259613 0.6203854084014893 0 0 0 0 0 0 0 0.4449047446250916 0.5952099859714508 0 0.924875870347023 1.724602818489075 0 0 0.1493344753980637 0 0.2252456992864609 0 0 0 0 0 0 0 0 2.107609987258911 0 0.612964540719986 0.3556636571884155 0 0.1585219502449036 0 0 0 0 0 0 0 0 0 0 0.1117366850376129 0.1514438390731812 1.425707504153252 0 0 0 0 0 0 0 0 0 0 0 0 0 0 0 0 0.2046032249927521 0 0.9871108531951904 0 0.1103822588920593 0 0.2935654073953629 0 0 0 0 0 0 0 0 0 0 0.1014885604381561 0 0 0.1423971354961395 0.1470200717449188 0 1.326969251036644 1.233833760023117 0.7323702424764633 320.0279850885272 14.71002828329802 384.4896980077028 51.17988593131304 44.00651202350855 33.98492852598429 3.327108792960644 51.52302650362253 2.442672744393349 0 0.4633745849132538 0.2136329412460327 0 0 0 0 12.66485495120287 2.363258197903633 55.58721026033163 3.205294422805309
28.91114788502455 2445.629508778453 2022.747535027564 18.90072854608297 7354.71780308336 3.464020363986492 4209.842618472874 1651.91079492867 2060.671915233135 71.56571065634489 2081.755756318569 29.01230989396572 1396.273943282664 3171.516447514296 24.98346108943224 11.69011975079775 1.697557613253593 0.1407168358564377 0 0.1650080680847168 0.09769494831562042 0 0.1531254202127457 0.2642214447259903 1.637623749673367 0.7851957231760025 1.257851183414459 0.9128481522202492 0.2805454134941101 0.1330321729183197 23.28353869915009 2.816624842584133 4.041836842894554 0.2356726676225662 1.180146068334579 1.049842149019241 3.855639517307281 0.3326003551483154 0 0.1201196536421776 0.6094110682606697 0.1143741235136986 0.1032557114958763 2.476231709122658 0.1296632140874863 0.3476955890655518 55.5263202637434 4.377318382263184 1.181564420461655 1.034624375402927 0.353278249502182 0 0 0.1090080738067627 3.422986157238483 8.765842601656914 26.97133877128363 22.93413288146257 30.66835708171129 14.87078709155321 0.6145987212657928 3.385372869670391 0.8798332363367081 5.538995191454887 3.360164456069469 1.486916661262512 1.797055818140507 0.1629350334405899 0.648176871240139 0.2795232832431793 23.75230877101421 0.7953754663467407 0 56.05755610018969 31.63203828781843 47.99626790732145 31.05231859534979 16.80380994081497 0.4358430430293083 6.575219847261906 0.298925869166851 2.140621773898602 7.345446363091469 0.5312025845050812 1.852734498679638 4.554596520960331 1.8663090467453 0 1.329824008047581 0.08828628808259964 0.573465920984745 0.109644316136837 0.1802454888820648 0.5456205680966377 0.1125208288431168 44.87758306413889 1.628278777003288 0 3.285685777664185 6.52158048003912 0 0.2855598032474518 0.444113090634346 0 0.3609034419059753 9.463623814284801 0 3.677719354629517 2.346775561571121 5.731030181050301 1.237600922584534 5.365666821599007 15.45370763540268 6.200555682182312 4.312244817614555 0 0.1228947937488556 0 0 0 0 0 0 0 0 0 0 0 0 0 0 0 0 0 0.8411294221878052 0 0 0 0 15.26448446512222 0 5.194823309779167 1.703738451004028 0 0 0 0 0 0 0 0 0.6103599071502686 0 0 0 0 0 0 0 0 0 0 0 0 0 0 1.062013238668442 0 0 0 0 0 0 0 0 0 17.71655048429966 0 0 0 0 0.5918733179569244 0 0.9338784366846085 0 0 0.4561662971973419 0 0 0 0 0 0 0 0 0 0 10.82305373996496 5.265467599034309 5.70063628256321 258.9036937505007 6.278912626206875 226.5140191912651 28.38254800438881 26.00356476008892 25.02311743050814 0.8182018026709557 40.24440155923367 11.90391185134649 3.933562874794006 0.2768642902374268 0 1.551367044448853 0.8918733298778534 0 0.5567951202392578 12.61872147768736 0.1783365309238434 55.15604565292597 25.16740737855434
711.1958315595984 1000.417366117239 5.227158091962337 3985.568380117416 307.7981258481741 1221.018309734762 4321.717886455357 0.9522793143987656 71.56571065634489 3838.352407597005 3.110160887241364 2887.55824624747 5737.018650576472 405.3100067749619 8.86527755856514 6.628718607127666 0.2466884404420853 0 0.1144476607441902 0.7090228796005249 0 1.070850737392902 0 0.8907294273376465 2.567104198038578 0.7817483991384506 0.8405854851007462 0 1.007690966129303 0 14.08499928563833 0 18.93083556741476 0.2143169045448303 0.5908351242542267 1.453152254223824 25.63939815759659 1.110576435923576 1.582209825515747 0.3373372256755829 0.2462502121925354 0 0.2257744669914246 0.1931288242340088 0 0 18.11467134952545 1.073002085089684 0.3486202955245972 0 0.1297616809606552 7.329046852886677 0.1883078217506409 0 2.993226535618305 6.02490857988596 162.4050109311938 30.73608025163412 23.48244275152683 3.983797967433929 0.5502238124608994 8.746102556586266 2.154048129916191 0.8101580888032913 0.5268447324633598 0.49647256731987 0.6581800803542137 0.1977942362427711 0.8769183754920959 0.2299513965845108 202.6104181110859 9.691447086632252 1.875015072524548 47.09469325095415 10.16635505855083 11.87323019653559 3.697571076452732 3.477710865437984 0.3670601025223732 0.8510494977235794 0.1941780969500542 6.04003344476223 2.756062373518944 0.6667366474866867 0.8704954087734222 1.939230360090733 0.1304495632648468 1.111533343791962 0.4286878630518913 3.090139254927635 1.447297222912312 1.093897446990013 1.10467654466629 0.4181917980313301 0.5665357559919357 1057.849042981863 120.6338488161564 3.243934333324432 28.23983299732208 955.5878414139152 1.401894763112068 4.082730323076248 9.238811731338501 8.323206946253777 4.781742908060551 85.66059237718582 18.96514241397381 52.58343347162008 210.4541019201279 98.99706533551216 22.02298514544964 69.28239516913891 170.7747873738408 85.4735072106123 21.25291627645493 0.2073572278022766 0 0 0 0 0 0 0 0 0 0.1981954127550125 0 0 0 0 0 0.8562605977058411 0 0 0 0.6644539833068848 0 0 0 47.69795612245798 2.214884459972382 17.32517380267382 2.498253434896469 0.9043461084365845 0 0 0 0 0 1.356653332710266 0 0 1.370736137032509 0 0 0 0.5832564234733582 0 0 0 0 0.1372739523649216 2.500499933958054 0.4762754142284393 0 0 6.184790626168251 0 0 0 0 0 0 0.1362460851669312 0 0.2029015719890594 117.7209805846214 0.3810329735279083 0 0 0.2438487857580185 10.05908216536045 0 2.124612703919411 0.3317893743515015 0.7098657935857773 0.1197302415966988 0 0 0 0 0 0 0 0 0.1199993938207626 0 101.3830104768276 12.73918026685715 9.263028413057327 522.2126036137342 7.45922064781189 78.80316866189241 13.88906457275152 1573.555165193975 25.73551491647959 3.571947865188122 15.98500839620829 241.3781474083662 0 3.357110798358917 0.7687606662511826 50.01982095837593 0.8659806102514267 0 0 9.70743602514267 0.7723366916179657 1157.80237095803 294.3956904411316
238.2437995672226 2233.619472406805 4002.061292827129 2.968184657394886 1572.354633055627 2.303111270070076 91.44038764387369 3785.012390695512 2081.755756318569 3.110160887241364 2215.461046472192 31.34010945260525 205.7908635288477 3559.581269413233 24.62595744431019 17.60271686315536 1.021208271384239 0 0.105207771062851 0.3409208282828331 0.3979040905833244 0.09727193415164948 0.6823977530002594 1.030086673796177 20.89282324910164 2.646067656576633 3.589204370975494 3.870084062218666 0.7800814285874367 0.5081922560930252 438.9006074294448 38.33656396716833 400.4989051669836 0.1982302069664001 6.214718744158745 11.04748266935349 114.856697909534 7.050682544708252 5.773826852440834 6.562352679669857 4.780945375561714 0.8902918547391891 0.3051745891571045 2.701069451868534 0 0.186638705432415 56.50188562273979 4.194494992494583 1.362550109624863 1.026688799262047 0.3305679634213448 0 0.654315322637558 1.138684652745724 4.77012837678194 11.03251162916422 69.51085113734007 87.70341651141644 38.327606536448 13.09230618923903 2.660973869264126 23.70128612220287 5.363837696611881 15.43980953842402 1.583467833697796 2.575424388051033 1.479234330356121 0.753617450594902 3.748875692486763 1.20690805464983 56.15090049803257 0.4648418724536896 0 88.29834163933992 41.90011145174503 51.63581969588995 30.51820810139179 20.35784577578306 62.15939659625292 1043.828812994063 5.207400821149349 40.12053297460079 8.326696775853634 0.3935150429606438 1.437870793044567 5.626563519239426 0.6936429813504219 0.1121927425265312 1.375539779663086 0.09335651248693466 0.6086713373661041 0.1360061019659042 1.850434370338917 1.236611917614937 0.3981294259428978 23.25782580673695 1.427075818181038 0 10.34282044321299 37.06867399066687 0 0 0 0 0.4681504666805267 0.5410893112421036 0 1.243412971496582 1.148179411888123 2.848927661776543 0 1.734365895390511 4.956625357270241 1.013835445046425 0.1629117876291275 0.1785721331834793 0.1376264542341232 0 0 0 0 0 0 0 0 0.1705289632081985 0 0 0 0 0.2134931683540344 0 0 0 0 0 0 0 0 2.614068426191807 0.3873996734619141 2.152993530035019 0.3248963057994843 0 0 0 0 0 0 0 0 0 0 0 0 0 0 0.2023335844278336 0 0 0 0 0 0 0 0 0 0 0 0 0 0 0 0 0 0 7.927357733249664 0 0 0 0 0 0 0 0 0 0 0 0 0 0 0 0 0 0 0 0 3.252424880862236 1.52201047539711 0.7978658676147461 203.447556771338 8.013066224753857 198.9684659168124 24.28892740607262 27.72376924753189 21.0683049634099 2.723529413342476 29.04452956467867 2.212586119771004 0.3120600879192352 0.1031666100025177 0 0 0 0 0 10.13159136474133 2.106815613806248 32.39262688159943 9.171823412179947
72.70620777457952 40.690155364573 4.126252442598343 674.6458103433251 52.58174699544907 234.0752567723393 302.9265010133386 7.75469958782196 29.01230989396572 2887.55824624747 31.34010945260525 131.6861439496279 890.8874389603734 349.5868365541101 26.21489050239325 30.63358385115862 1.578045181930065 0 0.5483490824699402 0.7130481004714966 0.8563329577445984 0.6077114343643188 1.759041577577591 2.742965325713158 43.00306238234043 9.956438794732094 9.625012412667274 7.320532634854317 3.070065416395664 2.159836187958717 1.595593318343163 0.2514638155698776 127.9668224602938 1.323918737471104 9.668008551001549 23.60343523323536 342.6715011298656 19.24669350683689 25.49539256095886 25.50109597295523 15.9957962334156 1.919697351753712 0.56681227684021 4.00838115811348 0.32784353941679 0.5339527130126953 36.03521791100502 0.847932405769825 1.114891186356544 0.6326885521411896 0.8951115906238556 1.171301335096359 3.080374106764793 5.8781868070364 1.22967579215765 4.501556232571602 20.52953467518091 8.95021179318428 9.34324673563242 4.667630173265934 5.110885500907898 57.21513026952744 13.17818866670132 6.584772333502769 0.6042813360691071 1.23521962761879 0.8098167255520821 0.4019594267010689 2.83374847471714 6.637935906648636 543.8411679193377 2.337339460849762 0.153154581785202 14.45865850895643 9.13186751306057 24.0381640419364 9.317322097718716 13.58361925929785 0.8996215388178825 19.82561075687408 2.291822426021099 22.53182798624039 2.736804760992527 0.2097379118204117 0.3305987119674683 1.158206477761269 0.6053118035197258 0.09481862187385559 0.2198152542114258 0.2677016258239746 0.8471948876976967 0.09290050715208054 2.759657487273216 1.140994288027287 0.1436866372823715 1177.299515590072 86.13847953081131 0 136.6590946465731 111.6815308630466 2.140173569321632 3.028772071003914 5.025073543190956 5.230636186897755 2.161673069000244 62.81486321985722 17.64566765725613 41.14763896167278 33.16281569004059 98.42432893812656 24.73072344064713 79.51256989687681 145.1209636032581 89.19460639357567 26.87033912539482 0.4901916235685349 0.7038048058748245 0 0.2830957174301147 0 0 0 0.5037010610103607 0 0 0.398510754108429 0 0 0 0 0.3058055639266968 0 0.2032731920480728 0 1.74760439991951 0.9587213099002838 0 0.1574757844209671 0 70.95248099416494 1.234712317585945 44.6298069357872 2.661860018968582 1.275510087609291 0.2316681444644928 0.1252245754003525 0.112730048596859 0 0.2343342304229736 0 0 0 1.393038749694824 0 0 0 0.9995198249816895 0.7153232842683792 0 0.1795180439949036 0 0.6705897599458694 1.660471871495247 1.346750050783157 0 0 11.67279198765755 0.0944223627448082 0 0 0 0 0 0 0.6619712710380554 0.2968740165233612 158.5086922347546 0.8134080767631531 0 0 0.3590947389602661 13.05721545219421 0.1918709725141525 6.128248617053032 0.5250183716416359 1.458104476332664 0.2662913501262665 0.1788493245840073 0.3951252922415733 0 0 0 0 0 0 0 0 125.3447309806943 29.54634583741426 19.75316350907087 447.2875943109393 8.482779607176781 125.6020977944136 32.42349214851856 271.7393920719624 19.40292204916477 6.248509079217911 43.20823132991791 187.1102370768785 0 6.525994949042797 2.047188647091389 52.8605455160141 0.6430162191390991 2.948174953460693 0.1391041725873947 7.762729026377201 0.3746600598096848 772.4565449878573 277.0240254849195
145.9472092539072 1079.068393215537 98.76529637724161 1153.774591431022 1378.108524039388 123.1533255055547 7068.00161614269 26.54573073983192 1396.273943282664 5737.018650576472 205.7908635288477 890.8874389603734 3373.754903174937 4254.394556470215 60.98617435991764 62.34628409147263 3.35513699054718 0.3215033039450645 0.5855347439646721 0.4902568459510803 1.372988946735859 0.8858781009912491 2.701437518000603 5.13446918874979 72.37823551893234 18.42026383429766 18.31301366537809 9.238977983593941 4.605801776051521 3.637642607092857 22.57437441498041 2.31768424063921 450.1175558269024 0.8080961257219315 17.09977388381958 35.92492999881506 1288.866418577731 44.01136509329081 123.9032208248973 65.90242825448513 24.13918678462505 7.272511921823025 1.881416335701942 6.719926051795483 0.09072034060955048 2.166417293250561 100.4698483273387 4.22477849572897 2.573270983994007 2.044477507472038 0.4356333091855049 0.8954993039369583 1.359941698610783 3.804581671953201 3.850324787199497 7.700423441827297 38.95293169468641 37.39349390566349 38.6871262639761 18.2982567101717 8.564988553524017 84.25844290852547 20.12131050229073 16.79980970174074 0.8239973485469818 1.772752091288567 2.000455468893051 1.27984731644392 8.19430148601532 9.52155364304781 764.0369083210826 4.390583544969559 0 60.84587524086237 27.84249551594257 73.68103674054146 32.47694947570562 34.8861276730895 2.529117703437805 53.79440370202065 5.368312776088715 53.12187751382589 9.697241604328156 0.2483125403523445 1.596109956502914 3.723757393658161 1.907403871417046 0.1024153977632523 0.5760863721370697 0.1056935116648674 0.7469532862305641 0.1830640584230423 9.621379166841507 2.207701690495014 0.6361921280622482 869.6299014016986 47.85426305234432 0 216.6789115518332 85.10677245259285 3.218253143131733 0.9661314785480499 7.674941673874855 2.103553049266338 5.069231182336807 55.14922733604908 9.346127554774284 36.8230120241642 46.85402296483517 82.95113459229469 20.94960196316242 75.10685053467751 140.8443136885762 75.9056491330266 34.37134076654911 0.3946632444858551 0.1345475912094116 0 0 0 0 0.1745197325944901 0.2126760482788086 0 0.8106034100055695 0.351431593298912 0 0 0 0 0.3905432224273682 0 1.227383941411972 0 1.871597394347191 1.093699723482132 0 0 0 71.95551542192698 2.469400733709335 40.05504118651152 2.65471938252449 0.8088003247976303 0.7717073708772659 0 0 0.2075287997722626 0 0 0 0.1965717226266861 0.7945051193237305 0 0 0 1.262781888246536 2.705545097589493 0 0 0 0 1.24785903096199 0.5689291059970856 0.1649367958307266 1.059815168380737 12.41091397404671 1.204308964312077 0 0 0 0 0.4710691571235657 0 0 0 176.6176863536239 0.704279936850071 0 0 0 21.9637176990509 0.4749530553817749 6.544819042086601 0.8644092828035355 0.9673199355602264 1.016300827264786 0.2650613114237785 0.7296499088406563 0 0 0 0 0 0.2106209397315979 0 0 107.0492041558027 34.0625289157033 19.34948536753654 650.4616564139724 8.936799451708794 331.3757738694549 66.26005022972822 165.8211345300078 35.57045331597328 1.165330603718758 82.40704916417599 166.8872777447104 0 4.695362411439419 1.627292022109032 37.2386032268405 1.47205550968647 0 0.6920140460133553 25.99119960516691 3.308887213468552 540.6040842533112 265.8641483932734
274.2959606572986 2965.45671883598 1990.124549016356 103.4139365926385 2336.347697637975 25.60065963864326 3803.769906207919 1661.392425142229 3171.516447514296 405.3100067749619 3559.581269413233 349.5868365541101 4254.394556470215 1881.128112487495 144.3571517020464 135.929556325078 9.439747020602226 1.38063944876194 1.305420249700546 1.562165044248104 4.255383208394051 0.6620087847113609 5.851615361869335 7.536278918385506 149.6312218904495 34.85079488903284 34.0228501111269 28.46822421252728 9.044235780835152 7.123186863958836 345.5918233543634 51.41407155990601 2497.495746098459 2.424214661121368 40.31261646002531 84.33700271695852 2141.345083117485 76.62387330830097 86.90319465100765 81.53537667542696 36.23924013972282 8.852223381400108 1.333124496042728 14.90707509964705 0.74420315772295 2.847167558968067 213.6411006972194 10.4510490372777 5.466428510844707 3.010582536458969 0.6873426660895348 2.108156532049179 3.180184379220009 8.68148946762085 9.086603745818138 26.57552726566792 97.732346534729 120.5812560096383 89.26791871339083 42.85368053615093 18.02127356827259 320.4074784368277 38.98643259704113 41.72927846759558 3.305227667093277 4.008965484797955 5.823167622089386 2.848365388810635 17.73009596765041 16.85962370783091 795.2348462939262 3.577521830797195 0 159.0288089439273 82.30380741506815 197.6687734946609 105.1579581648111 90.6311097741127 42.15939711779356 1695.546861618757 14.56719405949116 233.9263127818704 23.01130057126284 0.4599465951323509 5.587215438485146 11.59956534206867 4.940783888101578 0.09306231141090393 3.112564094364643 0 2.704656504094601 0.1410809755325317 19.26246722042561 6.143483132123947 2.721714958548546 395.3214711099863 31.16889303177595 0 200.5186950042844 51.18092835694551 1.678494073450565 1.686009988188744 2.940519869327545 3.279957421123981 3.437111169099808 34.98518631607294 8.523010067641735 20.80898094177246 21.73322801291943 42.13198961317539 11.34583801031113 37.16879317909479 96.93645310401917 57.42364994436502 23.59802823513746 0.6163657605648041 1.544340640306473 0 0 0 0 0 1.604706235229969 0 0.3300360441207886 2.376236125826836 0 0 0.3317728042602539 0 0.6001601815223694 0.6669720411300659 1.082889780402184 0.2953746616840363 0.9762562811374664 1.672792956233025 0 0 0 58.57001510262489 1.14874079823494 32.16924738883972 4.403967536985874 2.438688993453979 0.2497300058603287 0 0 0 0.1519076079130173 1.302762225270271 0.180171012878418 0 0.5824594497680664 0 0 1.05347141623497 1.947573840618134 1.707247227430344 0 0 0 0.2777068912982941 1.019628569483757 0.776306688785553 0 0.4467944502830505 11.52360542118549 0.1519263982772827 0.1812382638454437 0 0 0 0 0 0 0 125.2303652465343 0.5836689621210098 0 0.4564603567123413 0.2170471847057343 13.85842309892178 0 5.234532281756401 0.3883929774165154 2.68991956859827 0.3442668169736862 0 0.7472279295325279 0.2465166002511978 0 0 0 0 0.2220814302563667 0.1423598527908325 0 82.64052411913872 30.7763596996665 17.05562824755907 985.0542002096772 32.5126995369792 708.9449384287 138.5643827840686 76.35093778371811 59.10002472996712 4.546751111745834 162.3473131805658 77.1039674282074 0.2440510541200638 7.096862025558949 1.426012605428696 21.135029733181 0 0 0.1570528894662857 49.85811088979244 7.436049997806549 291.1285068467259 166.9031714498997
2.056238241493702 25.82888068258762 15.27175164222717 0.7846728414297104 32.80134914070368 0 20.75230314582586 60.45095476508141 24.98346108943224 8.86527755856514 24.62595744431019 26.21489050239325 60.98617435991764 144.3571517020464 969.1609796509147 2275.80942311883 638.7121682316065 6.652693003416061 35.56291071325541 17.45102148503065 6.753831334412098 0.1236090511083603 1.569987908005714 3.546418413519859 8.465026043355465 2.694786563515663 3.481281228363514 1.756723783910275 0.3589104115962982 1.132841996848583 16.28528130054474 8.773411862552166 24.12446335703135 18.73504816740751 5.741835951805115 3.940740220248699 39.95690692216158 4.053733669221401 23.25037828087807 3.899177953600883 6.155709251761436 3.377976976335049 21.3098102658987 276.7525159567595 111.0272583663464 174.798633351922 917.4122150614858 14.54945221543312 82.26875695586205 83.13606917113066 1.93044563382864 1.738010190427303 2.71323124319315 1.541229858994484 3.242636293172836 2.998867318034172 8.66366733238101 7.326374344527721 62.59415239840746 459.5995486453176 117.5757392197847 96.4990675970912 20.40770567953587 3.776788964867592 2.38337741792202 8.397007599473 2.620324142277241 11.24755737930536 39.70142353326082 20.25355582684278 36.13715155422688 3.338792324066162 0 956.3803096786141 6.238369047641754 2565.755038574338 227.8522779494524 258.5101852938533 24.5196308940649 77.31091868877411 38.09548917412758 123.7467342987657 12.87104137986898 0 11.89962251484394 2.103865444660187 34.82645654678345 0 2.632660776376724 0.3079966157674789 2.602519698441029 0.8077361583709717 8.997407197952271 2.297819718718529 1.821562804281712 13.66189193725586 20.01810109615326 0 29.79092276096344 1.940197519958019 0.08252257853746414 0 0 0 0 0 0 0 0 1.07497763633728 0 0.5260540693998337 0 0.09290529042482376 0.5901704654097557 0 0 0 0 0 0 0 0 0 0 0 0 0 0 0 0 0.1110146939754486 0 0 0 0 0 0 0 0.6047537624835968 0.2636955678462982 0.6095073819160461 0 0 0 0 0 0 0 0 0 0 0 0 0 0 0 0.1527186185121536 0 0 0 0 0 0 0 0 0.4685903489589691 0 0 0 0 0 0 0 0 0 0.7317724227905273 0 0.1379603743553162 0 0 0 0 0.6464018821716309 0 0 0 0 0 0 0 0 0 0 0.3101712614297867 0 0 0.3823927044868469 0.2954773008823395 1.19135469943285 11.44800648093224 5.084903165698051 209.6774835288525 14.59122112393379 2.302743010222912 1.959741376340389 0.2181815057992935 1.379712298512459 2.207842454314232 0 0.1310738325119019 0 0 0 0 0 2.634989567101002 0.1686858236789703 18.10346827656031 1.869965590536594
