738.5840681195259 4941.952447988093 2278.764716729522 813.5045432671905 278.8408770412207 139.0497612208128 600.556122072041 141.7542859390378 25.82347497344017 587.6283705160022 314.2431190609932 51.95047477632761 292.9999890327454 143.2572879642248 3.247238621115685 2.030391596257687 0.5741178765892982 0.2690310329198837 0 0.08490332216024399 0.6222726106643677 0.4936754032969475 0.787509486079216 0.1847994923591614 0.9713880121707916 0.418562650680542 0.4835656732320786 0 0 0.3888614475727081 2101.11615690589 8.282670848071575 21.10537929832935 0.1900786980986595 0.8072856962680817 1.428585976362228 5.58600902557373 1.158739596605301 5.302560403943062 0.2486636564135551 0.6093308180570602 0.4355384707450867 0 0.9380837604403496 0.1236793696880341 0 35.59729941189289 3.554291039705276 0.8530842363834381 0.1066919714212418 0.2864329442381859 2.093516334891319 0.4103345572948456 0 6.000466391444206 12.97897707670927 223.6052858680487 844.3090477511287 80.32751999050379 34.79812970012426 0.1189431250095367 0.490590900182724 0 54.52770289778709 4.075292013585567 1.199724949896336 0.7950537204742432 0.7893756851553917 0.2723211646080017 0.1828264445066452 10.60646279156208 9.874389052391052 1.82301864027977 62.24173592031002 32.56748296320438 14.42080923169851 1.301385618746281 1.727158904075623 12.36376515030861 70.76377242803574 0.4605537578463554 23.57850478589535 38.08274380117655 0.09781830757856369 7.219509139657021 3.873238280415535 2.108046427369118 0.2114635109901428 2.13361794501543 1.137081652879715 1.601597689092159 1.062076643109322 0 0.2060903757810593 0.2855661809444427 20.27961188554764 10.32558603584766 1.675184801220894 6.379032358527184 973.057327516377 0.1119190081954002 0 0.1117281392216682 0 0 8.829962283372879 0.9567405879497528 0.1584581434726715 6.587428987026215 1.227424547076225 1.297593668103218 1.28514863550663 3.436005108058453 2.223926611244678 1.11076121032238 0 0 0 0 0 0 0 0 0 0 0 0 0.8314255028963089 0 0.1947228908538818 0 0 0 0 0.791495569050312 0 0 0.1412917971611023 0.1123289167881012 0.7166455388069153 0.5109451115131378 0.8726706206798553 2.067555293440819 2.52531947940588 0 0 0 0 0.117593340575695 0.1127417907118797 0 0 0 0 0 0 0.2140771299600601 0 0.1903549581766129 0 0 0.2441219016909599 0 0 0.199829563498497 0 1.079245880246162 0.3363353610038757 0 0 0 0 0 0 0 0 1.878165349364281 0.3726342022418976 0 0 0.1134692281484604 0.725645050406456 0 0.3435966819524765 0 0.8527596443891525 0 0 0 0.1472073793411255 0 0 0.1224545910954475 0.3128095790743828 0.09959327429533005 0 0 0.6810604557394981 0.651815339922905 2.628740638494492 49.69063699990511 3.963983178138733 72.48338337987661 3.916929803788662 580.7471446171403 4.492835558950901 0.3393513485789299 0.6874512732028961 1.007931500673294 0 0.8332293629646301 0.1408457159996033 1.98293462395668 0 0 0 0.3718155771493912 0 94.81969639658928 3.938617914915085
4941.952447988093 4446.385952934623 3130.578861437738 1465.664836518466 2559.296990521252 72.04806392639875 2011.541529171169 599.9612103402615 1344.544500760734 2211.31232458353 1952.93226454407 104.4245635420084 2013.4599712044 2801.346798956394 48.89684798568487 10.44692421704531 1.184698469936848 0.6879915222525597 0 0.3436379879713058 0.2588283494114876 0.1618527621030807 1.653776198625565 0.7348290756344795 3.676926329731941 0.5253419578075409 0.2330160737037659 0.9542952477931976 0 0 2589.05919431895 42.86841312050819 89.10138063132763 0.3665491417050362 1.173880204558372 2.813219353556633 22.01969330757856 3.645791843533516 21.19950174540281 2.62634714692831 2.526843160390854 1.111795209348202 0.6988606825470924 3.842338040471077 1.036120094358921 2.863786913454533 342.9690944626927 16.80287121236324 1.753258533775806 0.8342644199728966 1.160788737237453 0.7944132760167122 0.6116111874580383 0.6204388588666916 15.24689999967813 38.81405439227819 244.9683075323701 879.9861920848489 153.8060997128487 156.3720313385129 1.635964803397655 8.64933193475008 1.025421991944313 256.8161074519157 15.2327036485076 9.685308806598186 3.493401564657688 3.998440496623516 0.9588581547141075 0.9516153931617737 41.12774496525526 5.184058830142021 1.012099169194698 181.8102671355009 197.0223841890693 187.5158141478896 35.29263915866613 11.85851296037436 15.54383801668882 222.6248622983694 4.773716516792774 53.96861568838358 127.1921653524041 0.1071548908948898 26.95228876918554 20.2523891851306 9.599702969193459 0.4242062047123909 9.18287055939436 0.8890803456306458 6.057342678308487 3.84658544510603 1.668271131813526 0.7925189509987831 2.044192619621754 28.80266834050417 9.268089078366756 0.4056337028741837 28.61252184212208 526.2367722839117 0.4263229444622993 0.6048509478569031 1.032996788620949 0.2436395436525345 1.486039116978645 54.32765685021877 1.526062607765198 2.649284914135933 6.254844143986702 5.527891151607037 2.474007457494736 7.165870010852814 28.65845980495214 17.51400524377823 3.420567646622658 0.3118862733244896 0.1728707700967789 0 0 0 0 0 0 0.138563334941864 0 0 0 1.878251127898693 0 0.8833533674478531 0 0 0 0.1575312167406082 3.867041923105717 1.50713612139225 0 0.1537554264068604 2.20766818523407 3.603355698287487 1.478747799992561 5.080618157982826 4.42448453605175 5.038266032934189 0.6244455575942993 0 0 0 0.132973849773407 0 0 0.2815588712692261 0.1342834383249283 0 0 0.4755584821105003 1.592641703784466 0 0 0 0.2212728559970856 0.5210747718811035 1.551455639302731 0 0 0.225769504904747 5.03735576570034 1.925002425909042 0 0 0 0.1847080662846565 0 0 0.1316241472959518 0 17.78989641368389 0.8507504910230637 0 0.2449324429035187 0.1924423947930336 1.512778848409653 0 4.973482862114906 1.978954464197159 3.271365962922573 1.154566131532192 0 0 0 0 0 0 0.9211321398615837 0 0 0 8.707099229097366 5.887636080384254 10.93471676856279 452.6475910842419 17.56441752612591 664.6275974735618 29.90874757617712 418.6034673452377 43.99121003597975 2.945900350809097 21.8310728520155 7.718006871640682 0.4403414279222488 2.84773488342762 0 8.638904973864555 0.5422366932034492 0 0 1.188675239682198 0 148.6616876125336 7.772291243076324
2278.764716729522 3130.578861437738 2421.048923335969 0.9577551633119583 714.1130177676678 1.180366337299347 16.70159762352705 3009.996469751 602.818645298481 3.614435002207756 3467.992588624358 41.5841703414917 69.04908739775419 1054.931650333107 39.42988953739405 22.8300801590085 1.814730487763882 0.6302485167980194 0 0.9988240748643875 3.72624496370554 0.902166560292244 7.717014789581299 2.936846628785133 6.202295161783695 2.149460703134537 4.832959406077862 0.777569554746151 0 0.4663087725639343 3975.35228638351 989.2020528614521 167.8633467257023 1.04157555103302 5.932393148541451 5.076642856001854 52.95680905133486 12.04706723988056 38.08080641925335 5.298274666070938 13.10641422122717 5.516298249363899 1.447981536388397 8.169961459934711 0.8712099343538284 1.971199534833431 84.86249410361052 3.617837123572826 0.107384480535984 0.9360761269927025 0.7344366684556007 1.399312317371368 4.373281016945839 1.184418931603432 3.509454928338528 8.129638873040676 63.54126357287169 399.2636939436197 36.11874815821648 29.86391184478998 3.363647185266018 19.3847082182765 0.8077349811792374 200.6154082268476 2.79078159481287 2.147018507122993 0.7381125167012215 0.8698133304715157 0.2865453734993935 8.762972913682461 67.73866760730743 4.360617533326149 0 45.48837178945541 68.45959172397852 46.65984629839659 21.51769515126944 27.59937414526939 331.6848339885473 1868.85824444145 51.8409136235714 677.142081104219 24.65777677297592 0.1930847316980362 4.896197527647018 3.397452749311924 1.619250819087029 0.07654470205307007 1.855062648653984 0 1.267910197377205 0.5165853202342987 2.768988609313965 0.3072129562497139 2.27314081788063 26.70806609094143 10.29784156382084 0.3750912994146347 28.29956677556038 145.7254266440868 2.271539270877838 1.346254214644432 3.273685589432716 0 1.051889047026634 6.593541279435158 0.5745777487754822 3.034628316760063 1.745157420635223 4.998720355331898 3.292988717556 9.547852396965027 25.81493321806192 14.06764966994524 5.79439714550972 1.99016322940588 1.289358235895634 0 0.3871603310108185 0 0 0 0 0.137850895524025 0 0.2148739695549011 0 3.4999780356884 0 0.5242716670036316 0.5276710391044617 0.9116094261407852 0.4527143687009811 0.1993256956338882 3.793789491057396 0 0 2.502323374152184 0.4742628857493401 8.120815776288509 6.372353315353394 13.41760092228651 12.88278036564589 5.656035132706165 0 0 0 0 0.1315411329269409 0.5375396460294724 0 0.1348694264888763 0.8772736489772797 0 0.2609100043773651 0 5.102499514818192 0.1716438829898834 0 0.3346067667007446 0 0.7698658183217049 2.056665882468224 0 0 1.791816182434559 11.45989184081554 0.9472102671861649 0.1606306433677673 0 0 0 0 0 0 0.4100437164306641 15.22624128311872 3.950959205627441 0.3511258214712143 0 0.3154147267341614 1.63728141784668 0.3044366240501404 9.798801124095917 2.261308945715427 3.111948117613792 0.4596555009484291 0.6553860455751419 1.195198401808739 0 0 0 0 0.4001712575554848 0 0 0.1524041593074799 6.06288156658411 12.73494565486908 28.50913564115763 237.2731323540211 5.854926437139511 164.5387201607227 28.39456890523434 22.77193596214056 10.82946027815342 0.2548897713422775 13.94197586923838 13.59861805289984 0.5666514188051224 7.103852286934853 1.520974665880203 5.703193858265877 0.44503303617239 0 0 1.485347248613834 0.4083457589149475 31.22341942042112 3.392968192696571
813.5045432671905 1465.664836518466 0.9577551633119583 406.7470400333405 87.0120832324028 413.3713937848806 1542.562706820667 0.3038683459162712 10.38364770263433 1572.299054317176 0.9382450953125954 530.4866286963224 1988.096795156598 30.27798583358526 0.2554392442107201 0 0 0 0 0 0 0.1259210109710693 0 0 0 0 0 0 0 0 43.11058548092842 0.1199898049235344 2.791387349367142 0 0 0 0.2902152836322784 0 2.625140450894833 0 0 0 0 0 0 0 13.11763674765825 0.2050958573818207 0.1173602566123009 0 0.251610204577446 0.7130590304732323 0 0 0.8632289990782738 1.718774192035198 17.31062269210815 53.55028405040503 10.7750149294734 8.914430044591427 0 0 0 11.55472075939178 0.8158722147345543 0.6516654193401337 0.08197342604398727 0.1227168142795563 0 0 6.875617846846581 9.46909024566412 2.218716941773891 8.28931950032711 9.724991053342819 6.570827461779118 0.3928233683109283 0.4180999845266342 0.2390238642692566 0.09484101086854935 0.4711267948150635 1.22220391780138 7.636409409344196 0 1.525124102830887 0.8350850567221642 0.6882193684577942 0.3799181878566742 0.2912024483084679 0.5566550642251968 0.4182453975081444 0.2274143844842911 0 0 0 19.16133141517639 15.63999000191689 1.292868338525295 4.00193852186203 206.3391178771853 0 0 0 0 0 17.2851827442646 0.3621952831745148 0.1517457365989685 5.107618227601051 0.2648861110210419 0 0.188990905880928 0.1548042893409729 1.131029888987541 0 0 0 0 0 0 0 0 0 0 0 0 0 0.3284016251564026 0 0 0 0 0 0 0 0 0 0 0 0.2808025181293488 0 0 0.2562708109617233 0 0 0 0 0 0 0 0 0 0 0 0 0 0 0 0 0 0 0 0 0 0 0 0 0 0 0 0 0 0 0.1186736226081848 0 0 0.2337780594825745 0.1507003009319305 0 0 0 0 0 0 0 0 0 0 0 0 0 0 0 0 0 0 0 0.4044826775789261 0.3439530432224274 0.5989144146442413 41.91429652273655 0.8442845046520233 23.6218399554491 1.072713941335678 673.966278731823 0.7928225994110107 0 0.3594387471675873 1.399870276451111 0 0 0 0.224945917725563 0 0 0 0 0 42.34639696031809 0.9606557488441467
278.8408770412207 2559.296990521252 714.1130177676678 87.0120832324028 2546.120709106326 6.449762761592865 511.3562402874231 417.8243977874517 4781.594815403223 307.9634895771742 2046.719119682908 67.35282641649246 690.735453568399 4551.823271289468 54.1590817719698 6.272737219929695 0.8533830344676971 0.4372710585594177 0 0.2066830545663834 0 0 0.1892808228731155 0.08678507804870605 0.9909819662570953 0.3144029974937439 0.5925718545913696 0.08796137571334839 0 0 192.2476212084293 28.62676422297955 41.73665631562471 0.1859329417347908 0.1819901615381241 1.119717255234718 7.256948485970497 6.287302896380424 26.06311950832605 3.222931936383247 0.1501697450876236 0.4288606271147728 0.3926295712590218 2.556073397397995 0.1173655316233635 1.551400393247604 229.1257994323969 7.157780423760414 2.238599210977554 0.2210203185677528 0.601478174328804 0 0 0 7.488909848034382 13.08834367245436 57.13394854962826 173.0061566531658 45.81705896556377 79.64472681283951 2.188254080712795 9.664993211627007 0.3340010643005371 106.9301968514919 6.297049343585968 6.091742716729641 1.079740837216377 1.628927566111088 0.3243070989847183 0.5013222694396973 28.21589421480894 2.392777562141418 0.2942353338003159 71.37178647518158 84.42504162341356 122.6859406083822 31.81931249797344 5.253462880849838 27.38416258990765 61.87412591278553 5.696882285177708 33.24245322495699 54.74768627434969 0 13.0723998695612 7.176547475159168 5.562887698411942 0.09569064527750015 3.698935650289059 0 3.284225776791573 1.441098175942898 0.2826401889324188 0.4782574996352196 1.335621021687984 23.52469231188297 9.021705031394958 0 32.36225963383913 38.08109397441149 0.1412451863288879 0.1764282286167145 2.958552911877632 0.383186936378479 0.8244564831256866 4.591484114527702 0.5727490335702896 2.852373972535133 3.324830204248428 5.628325246274471 1.311514988541603 9.254537761211395 21.3495924025774 16.60368485748768 4.259706676006317 0.4359230697154999 0.4009743630886078 0 0.3845607340335846 0 0 0 0 0 0 0 0 0.6738655269145966 0 0.1736514717340469 0 0 0 0 2.583585739135742 0.9475863873958588 0.3861899077892303 0.8009894490242004 0 4.561662413179874 3.445326149463654 7.711013376712799 6.871096909046173 2.063396342098713 0 0 0 0 0 0 0 0.7566863298416138 0 0 0 0 1.949449494481087 0 0 0 0 0.7687812745571136 0.3817681968212128 0 0 2.720879107713699 7.01338067650795 0 0 0 0 0 0 0.1064784526824951 0 0 10.50453213602304 0.7453099191188812 0 0.1924393177032471 0 1.410453587770462 0.3830384016036987 3.137180179357529 1.820724457502365 0.6696887016296387 0.5115183591842651 0 0 0 0 0 0 0 0.1018922999501228 0.2717673406004906 0 8.355866424739361 6.796222373843193 15.78175322711468 404.000758998096 12.15845164656639 488.5502594709396 32.06295699626207 105.1133440956473 46.58136733621359 1.400236889719963 26.87874586880207 3.577816523611546 0 2.972428098320961 0 11.18130539357662 0.2957132458686829 0.1060589030385017 0 0.4797849506139755 0.5643424987792969 79.69425552338362 6.257250405848026
139.0497612208128 72.04806392639875 1.180366337299347 413.3713937848806 6.449762761592865 11.65746378898621 45.49787199497223 0.2527737691998482 0.1947293132543564 312.7506902068853 0.5094414949417114 79.2011638879776 109.1957212612033 8.59531681984663 0.1057496219873428 0.1170585229992867 0 0 0 0 0 2.102119542658329 0 0 0 0 0 0 0 0 9.415245525538921 0 2.135620564222336 0 0 0 4.682737022638321 0 1.947240605950356 0.153916597366333 0 0 0 0 0 0 1.14094303548336 0.1588522493839264 0 0 0.1247635930776596 22.45690293610096 0.1283244490623474 0.1169995442032814 0.2793743312358856 0.9296709150075912 99.19099943339825 22.80795557051897 3.271351955831051 3.383319832384586 0 0.3829193860292435 0 2.180439352989197 0.09838848561048508 0.2020690739154816 0.1095479726791382 0.2340210899710655 0 0 78.85970778763294 183.6109013408422 43.62891355901957 1.869912810623646 0.9835709109902382 1.063881888985634 0.1371920853853226 0 0 0 0 0.1712608188390732 1.383715488016605 1.287603668868542 0.3450532630085945 0.2315610945224762 0 1.559861615300179 0.2358452081680298 13.61698948591948 0.530657060444355 5.124846778810024 0.2350878641009331 0.5130902230739594 1.287996366620064 177.3644192516804 354.5667062550783 46.33907947689295 49.70750814676285 325.7997768372297 0.1265014857053757 0 0 0 0 0.3885987102985382 0 0.5806018710136414 0 0.8329435586929321 0.3900531977415085 0.1974674165248871 0.7364144027233124 2.302106037735939 0 0 0.1390054672956467 0 0 0 0 0 0.1652550995349884 0 0 0 0 0 0 0.4926395267248154 0 0.2953752055764198 0.1406804472208023 0 0 0 0 0 0 0.212762251496315 0.4198542237281799 0.5938349664211273 1.276772908866405 0.6440473571419716 0 0 0.1195999085903168 0 0 0 0 0 0.1383495926856995 0 0 0.09899074584245682 0.8236741572618484 0 0 0 0 0 0 0 0 0 0 0 0 0 0 0.2021819353103638 0 0 0 0 0.8521706461906433 4.624693214893341 0 0.3295185565948486 0 0 0 0.3205902576446533 0 0.1523262858390808 0 0 0 0.156547337770462 0 0 0 0.09099696576595306 0.3718250319361687 0.1882065236568451 0 0.3245400488376617 0.6496333032846451 1.815584048628807 4.158839352428913 0.09399572014808655 2.59623509645462 0.2403726503252983 93.28996574878693 0.5333472490310669 0 0 0 0 0.3717750012874603 0 0.7928796112537384 0.1419633328914642 0 0 0 0 41.41327863186598 3.198072105646133
600.556122072041 2011.541529171169 16.70159762352705 1542.562706820667 511.3562402874231 45.49787199497223 680.6784302666783 12.73496694862843 1630.00648509711 2625.027268245816 454.1858768388629 364.5471041798592 3280.156924150884 3486.720938645303 21.21692893654108 2.158629581332207 0.2321871966123581 0.2388653382658958 0 0 0 0 0.188759371638298 0 0.2853815257549286 0 0 0 0 0 58.06945323199034 6.528823614120483 35.81429918855429 0.08044634014368057 0.1487568616867065 0.1169359087944031 15.50642774999142 14.1154542863369 32.74109638482332 1.354077771306038 0 0.1704395115375519 0.5387061014771461 0.9636952579021454 0.09578105807304382 0.1308549791574478 110.4160977005959 3.494341924786568 0.7469116672873497 0.1196427121758461 0.8494847342371941 0.3606847450137138 0.6489629819989204 0.3184923827648163 4.814188942313194 8.055261865258217 37.87993238866329 104.3572390899062 23.92353474348783 35.64735397696495 1.801347374916077 18.75464956462383 0.2480289787054062 53.54236448556185 2.954082310199738 3.162980251014233 0.6917261108756065 0.8058308735489845 0.3941754400730133 0 67.42217916250229 2.20545519888401 0.3846985176205635 34.72123219817877 39.95104063302279 53.80220061540604 10.14787194132805 2.745770655572414 2.91259627789259 75.75139481574297 1.107440046966076 37.20505300909281 28.73716884106398 0 5.743158511817455 4.757344245910645 2.624271772801876 0 1.616727560758591 0.1840743348002434 1.969548940658569 0.7606381326913834 0.09564226120710373 0.2092818468809128 0.2747284397482872 78.09956189990044 9.015207469463348 0.2730573415756226 54.71038888394833 64.10091789066792 2.455670528113842 2.945324391126633 54.74734711647034 16.18646161258221 2.660612791776657 33.17846025526524 6.366405203938484 11.45592732727528 22.71607293188572 18.17653138935566 4.399806246161461 55.645015001297 77.92726737260818 36.6201678737998 4.11399944126606 0 0.3062565624713898 0 0 0 0 0 0 0.9466167092323303 0 0 0 8.765693038702011 0 0 0.589316189289093 1.331270113587379 0 0 5.12939977645874 3.05732886493206 0 3.531775891780853 0 6.730634197592735 3.941743165254593 10.82192771136761 9.867909252643585 3.981989860534668 0 0 0 0 0 0.7459846436977386 0 0 0.119135670363903 0 0 0 1.133539229631424 0 0.08662526309490204 0.6628034710884094 0.0975031852722168 0.7509798035025597 1.616405732929707 0 0 0.5859957337379456 7.63175393640995 2.616403140127659 0.1184999197721481 0 0 0 0 0 0 0 25.85675681382418 1.149807870388031 0 0 0.1015881299972534 4.933403499424458 1.778302073478699 8.815739914774895 2.500229194760323 4.083332277834415 1.408172912895679 0 0.327226459980011 0.128616139292717 0.1772396713495255 0 0 0 0 0.163035660982132 0 19.15135567635298 13.13775904476643 22.63869263976812 325.7104063183069 8.636500686407089 231.4751193597913 19.19118194282055 194.4337188526988 27.16819450259209 3.564843781292439 21.22888763993979 15.18893855810165 0 8.211027547717094 0.1961202621459961 26.34096091985703 0.2853600084781647 0 0 1.116474017500877 1.192093431949615 133.3338842913508 20.40328489243984
141.7542859390378 599.9612103402615 3009.996469751 0.3038683459162712 417.8243977874517 0.2527737691998482 12.73496694862843 929.6213136836886 116.393400400877 1.402403458952904 3269.227108836174 33.23630048334599 53.72596603631973 756.9201115444303 86.08478417992592 36.38369479030371 3.012746885418892 1.81780057400465 0 4.775971695780754 13.7665096744895 0.9904754459857941 16.39917220175266 10.55919151753187 11.12915052473545 4.960862547159195 11.0414507240057 2.396699279546738 0.5963737517595291 1.052861347794533 988.9141365140676 1089.369629412889 256.9149882346392 2.489860996603966 16.15341833233833 9.450725920498371 72.20200412720442 18.63935197889805 55.27862081676722 8.234601512551308 37.86036606132984 13.82234876602888 2.834953166544437 14.08341034501791 2.107092633843422 4.158210784196854 150.0672545582056 3.16593325138092 1.662321515381336 2.964695073664188 0.3780400827527046 2.724379271268845 6.972218051552773 8.595088414847851 1.743522800505161 4.877291023731232 29.27631592005491 145.0778732225299 20.23931835591793 32.12589475512505 11.41320866346359 37.77011767029762 0.3404794856905937 152.7545037791133 1.320505380630493 1.423859089612961 0.8143329173326492 0.6689355820417404 1.672064498066902 21.25351475924253 77.60346875339746 6.602374784648418 0.4885229766368866 31.09523124992847 53.79138956218958 74.48095797747374 42.51253698766232 44.4874092489481 1203.969508074224 4195.644265271723 324.6049982607365 2120.479605533183 17.56925437599421 0 5.33024762570858 3.566990502178669 1.496619269251823 0 1.34050989896059 0.1023260429501534 1.239748761057854 0.6450094133615494 6.084186419844627 0.7329241782426834 5.454730495810509 30.68813766539097 16.6900991499424 0 46.28725891560316 20.46798128634691 1.602637358009815 3.461138553917408 2.582105666399002 0 1.241358041763306 1.531765446066856 0.7762144953012466 7.910451129078865 2.604900985956192 6.315240874886513 2.708706110715866 15.52419625222683 29.47693099826574 23.33891939371824 9.351489953696728 0.2602618336677551 1.293940186500549 0 1.059882342815399 0 0 0 0 0.9472276866436005 0 0 0 6.09431729465723 0 2.005130335688591 0.636433482170105 2.556795656681061 0.6861343160271645 0.5583668500185013 2.40884992480278 1.519585333764553 0 1.911438003182411 4.401683792471886 12.37181267887354 7.0072031468153 17.25690447539091 30.27174928039312 10.8371150419116 0.2620162442326546 0 0 0 0.1066070050001144 1.030280396342278 1.212247878313065 0.7829436808824539 0.8775091171264648 0 0.2256130874156952 0.9975137412548065 9.973757416009903 1.335306271910667 0 1.533500671386719 0 2.98286247253418 4.307692483067513 0 0.5568181276321411 2.126832857728004 11.36690077930689 0.6923482567071915 0.5323425084352493 0.1352594643831253 0 0 0 0 0 0.1274871081113815 26.41719216108322 6.292664125561714 0 0.3861959129571915 0.4600426703691483 1.467342719435692 0.401981309056282 8.881514474749565 4.243475824594498 3.478699594736099 2.612055949866772 0.4112824350595474 1.574376828968525 0 0 0 0.1030110716819763 0.2154076993465424 0.09412957727909088 0 0.1095947399735451 10.49674165993929 22.75422708690166 42.06564214080572 483.975941285491 11.14227841794491 327.6005728766322 64.38437025994062 28.59591079503298 32.05203054845333 0.3334419950842857 26.31963207572699 24.46430300921202 1.282799959182739 11.96867752820253 0.485197439789772 13.22251780331135 0.5979439914226532 0 0 2.664818152785301 0.4268815517425537 30.89393208175898 6.852917693555355
25.82347497344017 1344.544500760734 602.818645298481 10.38364770263433 4781.594815403223 0.1947293132543564 1630.00648509711 116.393400400877 510.0670790374279 54.42032766342163 1688.199469044805 34.3646398037672 144.7653934806585 2031.457016661763 8.563349574804306 2.005280338227749 0.0844949334859848 0.1000613421201706 0 0.2862938642501831 0 0 0 0 0 0 0.1784787178039551 0 0.3821840584278107 0 21.85199432075024 2.894508540630341 86.71437959372997 0 0 0.1548274755477905 8.434564083814621 0.9603782296180725 5.925385281443596 1.890305459499359 0 0 0.1076263636350632 0.3577276989817619 0 0.707427091896534 23.93193043768406 0.7667265087366104 0.107270285487175 0.1064606979489326 0 0 0 0 0.4589108601212502 0.8014156371355057 3.433443300426006 13.18318014591932 3.53817480802536 8.822046130895615 1.282953143119812 2.097225308418274 0.2498992532491684 7.022202268242836 0.3943152278661728 0.3054365068674088 0.08265063911676407 0 0.1145282387733459 0 12.55731847882271 0 0 4.90169969201088 6.148186087608337 15.24308418482542 5.357048042118549 0.7003064006567001 16.2819257080555 545.2692185640335 0.3165822625160217 5.962256789207458 3.979009911417961 0 0.9973392337560654 0.8273307606577873 0 0 0.1818000599741936 0.1853587329387665 0.3320775702595711 0.263655036687851 0 0 0.1281454265117645 10.73932789266109 2.446264743804932 0 9.359930887818336 2.368832856416702 0.3174633085727692 0 0.3303931355476379 0.4187368154525757 0.2035513520240784 2.57282654941082 0.5033412426710129 0.734544038772583 1.147549748420715 3.022882804274559 0.1440215408802032 5.73285761475563 10.41082926094532 6.623657286167145 0.3570359945297241 0.1559234261512756 0 0 0 0 0 0 0 0 0 0 0 0 0 0 0 0.1302514374256134 0 0 0.7120021134614944 0.5402249097824097 0 0 0 2.168405830860138 0.8983945250511169 1.342102557420731 0.7769776880741119 1.601526439189911 0 0 0 0 0 0 0 0 0 0 0 0 0.3863895237445831 0 0 0 0 0.8868202269077301 0.7627490162849426 0 0 0 1.372612029314041 0 0 0 0 0 0 0 0 0 4.42279389500618 0 0 0 0 0.6520382761955261 0 0.369362860918045 0.0994502380490303 2.245602533221245 0 0 0 0 0 0 0 0 0 0 0 2.409158550202847 4.315069302916527 2.540779769420624 67.63037043064833 1.280058622360229 54.74343657493591 5.363707169890404 6.995803162455559 7.212584897875786 0 7.93042891472578 0.8680558055639267 0 1.425786048173904 0 4.37533438205719 0 0 0 0 0 16.64725433290005 3.180258646607399
587.6283705160022 2211.31232458353 3.614435002207756 1572.299054317176 307.9634895771742 312.7506902068853 2625.027268245816 1.402403458952904 54.42032766342163 1642.183961495757 7.318460687994957 2823.146816581488 4072.60582613945 897.5029125213623 1.495545081794262 0.5092212036252022 0 0 0 0 0 0 0 0 0.1795458495616913 0 0 0 0 0.3132927715778351 32.47052231431007 0.4021597355604172 35.69817443192005 0 0 0 18.21038737893105 8.655900359153748 21.59689670801163 1.077939867973328 0 0 0 0.6684237718582153 0.1158413887023926 0.09388812631368637 18.42472329735756 0.5972393378615379 0 0 0 1.873828947544098 0 0 0.8445936739444733 1.812752418220043 25.74783034622669 50.81162418425083 10.58061823248863 10.10597763955593 0.1091155558824539 11.36177200078964 0.2935149073600769 13.04105853289366 0.6754846572875977 0.2785888984799385 0.1908241212368011 0.378571406006813 0.09216621518135071 0 80.46727220714092 12.37477724254131 3.599008142948151 11.60553908348083 11.86608567088842 9.456314787268639 0.8562220931053162 0.5664942860603333 1.907213091850281 7.959800720214844 0.1366900205612183 17.55049158632755 8.495009906589985 0 2.03302813321352 0.5946803912520409 0.5382154658436775 0 0.5735055208206177 1.347398802638054 0.3200954347848892 0.1767574548721313 0 0 0.1359765529632568 257.7657044753432 36.06078486144543 2.935634680092335 31.98201890289783 163.1284200847149 1.938993841409683 2.383336298167706 7.731803447008133 2.829423770308495 4.522300682961941 53.75190748274326 21.67761677503586 12.6268865019083 69.07184909284115 48.89835369586945 10.94457431137562 39.85883504152298 126.0971194654703 79.10929537564516 10.28434231132269 0 0 0 0 0 0 0 0 0 0 0 0 4.456518769264221 0 0 0.5689222812652588 0 0 0 4.293934494256973 0.3480155318975449 0 0 0 5.523842073976994 5.594437070190907 8.323842599987984 5.583639100193977 3.864952236413956 0 0 0.2721631526947021 0 0 0 0 0.1494861096143723 0.2454008385539055 0.1424111574888229 0 0 1.713185429573059 0 0 0.2197839096188545 0 0.549463301897049 1.232088342308998 0 0 0.6703170537948608 4.384852074086666 0.9639935940504074 0 0 0 0 0 0.1356519609689713 0 0.1031110212206841 40.42286875098944 0.4261185526847839 0 0 0 2.620557650923729 2.441240608692169 5.980503171682358 1.492271564900875 2.281449057161808 1.024074725806713 1.036320745944977 0 0 0 0.3680682480335236 0 0.3679632544517517 0 0 0 53.52085383236408 9.131178021430969 10.67650264501572 721.0681626051664 1.433785907924175 39.29799038916826 0.866722583770752 1030.330912679434 6.441184505820274 0 7.873920604586601 35.93437526375055 2.461876630783081 3.621275387704372 0.1909154653549194 93.03210455924273 0.6645901203155518 0 0 0 0 889.6693824231625 66.9516619220376
314.2431190609932 1952.93226454407 3467.992588624358 0.9382450953125954 2046.719119682908 0.5094414949417114 454.1858768388629 3269.227108836174 1688.199469044805 7.318460687994957 2197.328759819269 120.1537530571222 477.4024517089128 3369.637434750795 32.38419046252966 18.98603384941816 2.335580483078957 0.6582691222429276 0 0.4987684935331345 1.166818216443062 4.313097894191742 1.332695588469505 1.983686894178391 10.42271381616592 3.146773442625999 3.433523878455162 2.587716579437256 0.3654585033655167 0.3092725574970245 249.0734027847648 16.19646953046322 1422.541853174567 0.6830150336027145 3.219785451889038 8.337213739752769 256.2319062650204 43.29330618679523 85.61059685051441 13.86162043362856 11.8634325414896 7.155171483755112 1.16028655320406 5.101339817047119 0.6749477684497833 0.5818718522787094 63.64555545151234 1.099194832146168 0.3131906613707542 0.3138206750154495 0 2.143427036702633 6.478256687521935 3.941515251994133 0.8803594782948494 2.735370889306068 10.94729978591204 43.57956412434578 9.925617642700672 16.64470779895782 0.9011167362332344 157.0937734544277 0.2180023118853569 25.98722725361586 1.13348550349474 0.7807161211967468 0.1898593232035637 0.739753469824791 0.8257855176925659 1.980591148138046 182.8401298075914 5.774160042405128 0.2830444723367691 13.56640829145908 17.32838260382414 34.16007062792778 13.37415760010481 10.64180145412683 97.01562315970659 882.3552638217807 6.848682440817356 163.5636147931218 6.792802132666111 0 1.782553091645241 2.117501974105835 1.290398456156254 0.09981299936771393 0.3010738343000412 0 0.5292693674564362 0.5762791633605957 1.396564334630966 0.1234220191836357 3.026828967034817 80.67351986467838 17.200574696064 0.1848257035017014 25.82806600630283 17.03054918348789 1.742250680923462 1.871970236301422 2.832761391997337 0.4001200795173645 2.339104637503624 1.563840597867966 4.348126664757729 8.508006006479263 2.038438856601715 4.235064744949341 3.398034229874611 8.720650419592857 29.88452792167664 17.58541621267796 5.611322805285454 0.1138661131262779 0.957006573677063 0 0 0 0 0 0 0 0 0 0.3623404204845428 1.691781312227249 0 1.470994919538498 0 1.379600912332535 0.5368743538856506 0 1.182222701609135 0.5637190341949463 0.1008390113711357 1.018630817532539 0.4437949657440186 7.411509916186333 4.943422168493271 5.425393223762512 9.843441322445869 4.424073696136475 1.605136290192604 0 0 0 0.1859731078147888 0.9389894157648087 0 0.5709134936332703 1.021284580230713 0 0 0 3.526619739830494 0.2168076187372208 0 0.2255882769823074 0 0.9898570477962494 2.923089817166328 0 0 1.544485688209534 4.784275680780411 2.263535663485527 0.1777002662420273 0.3363505303859711 0 0 0 0 0 0 22.89124110341072 4.487483978271484 0 0 0 2.336081206798553 1.010612010955811 5.17676305770874 0.7641687989234924 2.508289620280266 2.000087469816208 2.011604972183704 0.416360929608345 0 0 0 0 0.1003130152821541 0 0 0 10.03057457506657 16.81935307383537 20.60930777341127 246.2428526580334 6.897863104939461 155.8713831305504 31.26802825182676 19.02355307340622 19.22434184700251 0.2364156320691109 18.64528386294842 15.72726020216942 0 5.455804988741875 0 3.400855332612991 0.1552539765834808 0 0 3.327631726861 0.925872266292572 26.4024945050478 7.824603900313377
51.95047477632761 104.4245635420084 41.5841703414917 530.4866286963224 67.35282641649246 79.2011638879776 364.5471041798592 33.23630048334599 34.3646398037672 2823.146816581488 120.1537530571222 253.2227564156055 2498.176107674837 923.6303442120552 6.870530545711517 2.515753820538521 0.1208774819970131 0.216042548418045 0 0 0 1.110465317964554 0 0 1.089521646499634 0.2776311635971069 0.3598682284355164 0 0 0 5.134285248816013 8.038563996553421 95.47960662841797 0 0.6733537912368774 0.9599387645721436 190.022471755743 11.80306945741177 90.25179130584002 3.007496044039726 0 1.046834886074066 0 1.209421493113041 0 0.1275679618120193 12.09315100312233 0.09317897260189056 0 0 0.1271059513092041 2.014424458146095 8.678988099098206 0.375336229801178 0.2690698429942131 0.109745554625988 5.821883454918861 8.368714950978756 2.876560598611832 2.125636875629425 0 7.497325837612152 0 8.756084367632866 0 0.216086246073246 0 0 0 0 307.3099713027477 5.951648980379105 0.1397770345211029 3.698235303163528 5.006447747349739 4.894005969166756 2.302582211792469 2.225870631635189 0 53.62367029488087 0 26.86886847019196 1.283078297972679 0 0.2032854706048965 0.4587563201785088 0.2594413161277771 0 0.211486890912056 0 0 0 0 0.5603178143501282 0.9606891572475433 936.3982973992825 58.21019923686981 1.091477811336517 64.52274060994387 22.2086661234498 5.856882244348526 1.846373431384563 11.85429586470127 0.6848876774311066 6.804191067814827 28.5250601619482 14.22990314662457 28.86097127199173 22.08511099219322 67.13451708108187 16.54583172500134 67.28939887136221 199.8144007250667 138.7453681975603 33.06581751257181 0.973603181540966 0.380418173968792 0 0 0.1265723258256912 0 0 0 0 0 0 0 1.428119048476219 0 0 0 0.2402816414833069 0.2372990697622299 0 7.749760791659355 2.419884666800499 0 1.390347629785538 1.961514592170715 21.07438220828772 11.2333590388298 22.88914031535387 8.697136402130127 4.539820618927479 0 0 0 0 0 0.8131307363510132 0 0.8158528432250023 2.638900145888329 0.302318811416626 0 1.094857215881348 2.438589692115784 0 0 1.452993556857109 0 1.778859674930573 6.529024481773376 0.1816362887620926 0 2.303541600704193 25.85411474853754 3.47523920238018 0.3078438118100166 0.4278977736830711 0 0 0 0 0 0 91.75250782817602 1.297323830425739 0 0 0 6.396888017654419 0.1773438602685928 21.09185630083084 5.927965700626373 8.59321416169405 3.255057714879513 1.486681789159775 0.2491680979728699 0 0.2579732239246368 0 0 0 0 0 0 80.75079384446144 35.98303028941154 35.30303999781609 382.9115446731448 0.6875959187746048 40.1287906318903 10.42636851966381 429.9200771078467 5.237063825130463 0 4.764408320188522 44.35832781344652 0.4842670857906342 13.08543080091476 0 113.5200818628073 1.282232642173767 0 0.1845722943544388 0.3805811256170273 0 700.5240967646241 77.6159797757864
292.9999890327454 2013.4599712044 69.04908739775419 1988.096795156598 690.735453568399 109.1957212612033 3280.156924150884 53.72596603631973 144.7653934806585 4072.60582613945 477.4024517089128 2498.176107674837 3231.032063931227 5078.205818586051 19.72750866413116 9.770212016999722 0.2879004627466202 0.1251920461654663 0 0 0 1.880306780338287 0 0.2914860993623734 8.030539900064468 1.675657078623772 0.714450404047966 0.3280637860298157 0.7961940914392471 0.8557331264019012 22.55042884498835 5.091342598199844 352.6883869171143 0.2029566466808319 0.6080666184425354 5.161887407302856 1465.000797718763 73.74203138053417 534.3035095408559 21.56335204094648 2.521067067980766 1.659458830952644 0 2.412762179970741 0 0.3191776275634766 39.99074454605579 1.01799039542675 0 0.2080494463443756 0.27767513692379 1.024529650807381 13.42373241484165 0.9347414001822472 0.6191811561584473 2.214471437036991 14.82624100893736 35.96389105170965 10.84429698437452 13.84084659069777 0.2021576017141342 30.79945138096809 0.2997379451990128 19.81840248405933 0.4112264141440392 0.1947090178728104 0 0.2622015848755836 0.4322417974472046 0.488553524017334 1006.735401138663 5.566942244768143 0.2423306182026863 11.16580553352833 15.67551525682211 19.85126522183418 5.178898371756077 9.567401424050331 3.391929067671299 108.9115318506956 1.62482625246048 46.21705750375986 7.358969695866108 0 1.694409936666489 1.236732669174671 0.2935072183609009 0 0.2026476711034775 0.1107760742306709 0.6260546520352364 0 0 0 0.6473092958331108 1101.496507197618 41.9091729670763 1.625242203474045 159.9632384777069 34.31543972343206 10.34415646642447 4.785188309848309 11.406230263412 1.451346337795258 8.533510878682137 44.58098936825991 16.74136613309383 30.54193682968616 71.11625911295414 73.82786769419909 21.62698410451412 80.63201323151588 234.9717554152012 159.0751774683595 30.46360111236572 1.407233960926533 0.5109887421131134 0 0.4416620284318924 0 0 0 0 0.1710244566202164 0 0 2.279534041881561 5.89318622648716 0 0.7540605068206787 0 2.230338357388973 0 0 14.7874112278223 3.262244895100594 0.1364889442920685 2.561270162463188 2.115304693579674 29.7555473446846 7.243288710713387 22.80756960064173 26.06587456911802 14.17691586911678 0.6827983856201172 0 0 0 0 2.821963295340538 0 0.835770308971405 1.289651207625866 0 0.1535180062055588 0 3.682188406586647 0.4932235479354858 0.4135488867759705 0.4623521864414215 0 3.630902163684368 11.76743903011084 0.6345043778419495 0.1074207425117493 8.903897538781166 30.41832882910967 5.180680200457573 0.3615133166313171 0 0 0 0.2715543806552887 0 0 0 105.110189370811 2.865530699491501 0.2863364517688751 0 0.1293973326683044 8.325892120599747 2.851455450057983 26.5317856669426 4.88582593947649 17.20694060623646 3.348944514989853 2.037741422653198 0.3105423822999001 0 0 0 0 0 0.1263663768768311 0 0 90.25027696043253 46.7658324688673 57.86346807330847 370.6107344552875 5.335735954344273 109.1748299002647 22.19738429039717 235.0460472851992 14.46727652847767 0.1458989828824997 12.9609497487545 40.00139873474836 0 20.63579255342484 0.9394198060035706 86.29859052598476 0.6333984509110451 0 0.3146122694015503 1.010651141405106 0 492.878453373909 93.17160511016846
