354.3882923200727 2805.547692380846 507.1794043630362 579.7052908837795 174.0223212316632 134.1053506135941 352.7229160517454 93.76265232264996 31.09491624683142 551.9162926524878 174.7506000623107 122.1023618876934 85.41499251127243 239.5783771127462 0.9681563749909401 0.659156359732151 0 0 0 0 0 0 0 0.1152826696634293 0.5526933073997498 0.2097670137882233 0.3198995292186737 0.2346777319908142 0 0 927.6627067178488 2.204190760850906 4.001621514558792 0.1642494201660156 0.1515931338071823 0 3.635270491242409 0.257977157831192 0.7264084219932556 0.3012585639953613 0.3125009089708328 0.7269143164157867 0 0.1263273954391479 0 0 9.498504437506199 0.6241095215082169 0.105114258825779 0 0.3607142344117165 0.2891307920217514 0 0 3.638484612107277 4.655082106590271 357.4963805451989 450.421715632081 30.24845910072327 18.81573320925236 0.3602064773440361 1.090017206966877 1.322566941380501 0.7423727363348007 1.271848358213902 0.9917906522750854 0.2428430989384651 0 1.138627931475639 0.1440149992704391 22.65663443505764 0.2369217276573181 0 145.3259169608355 10.88456063717604 13.43433772772551 0.6137896329164505 0.443538710474968 1.453339844942093 21.75351382791996 0.1668607071042061 0.8992154151201248 4.547541201114655 0.5039923191070557 0.7595708221197128 2.062951996922493 0.2870337218046188 0.2089278995990753 0.9022843837738037 0.4646917730569839 0.08224793523550034 0 1.310497783124447 0 0 219.1692813485861 25.47270692884922 0 3.091426819562912 1278.026168830693 0.1556515991687775 0 0 0 0.1402415633201599 0 2.92174968123436 0 5.020972520112991 0.3025385439395905 0 0 3.151744723320007 0 0 0 0 0 0 0 0 0 0 0 0 0 0 0 0 0 0.5233442187309265 0 0 0 0 0 0 0 0 0.2123046517372131 0 0 0 0 0 0 0 0 0 0 0 0 0 0 0 0 0 0 0 0 0 0 0 0 2.430967807769775 0 0 0 0 0 0 0 0 0 0 0 0 0 0 0 0 0 0 0 0 0 0.8699690699577332 0 0 0 0 0 0 0 0 0 0 1.073531657457352 0 0.408105343580246 51.24618877470493 3.416352175176144 59.11718073487282 8.150981403887272 1050.114539638162 9.617130771279335 0.4980227649211884 2.61442606151104 2.979989275336266 0 0 0 2.484109967947006 0 0 0 3.042270630598068 0 317.1165849640965 1.739352226257324
2805.547692380846 2439.959402516484 2324.412467882037 1817.88236746192 2328.686140120029 183.9427159056067 2833.500225268304 827.2984805926681 2052.635474793613 1262.455679580569 1757.210057601333 83.43563629686832 972.9593908414245 2770.838148422539 8.696506500244141 3.237960010766983 0.9512903988361359 0.4039581269025803 0.2170448526740074 0.4852959588170052 1.093029543757439 0 0.2078200131654739 0.2516572773456573 9.182787902653217 1.585915595293045 0.9414157643914223 0.1518304049968719 0 0 1523.01863515377 21.75029174983501 14.40554755926132 0.2492384165525436 2.138118848204613 4.060319326817989 4.459612369537354 1.062172710895538 1.55862683057785 1.977323703467846 4.728267088532448 1.582148358225822 0.6121842414140701 1.76356565952301 0.1239793300628662 0.9977354183793068 65.1742487102747 10.17984326183796 1.112033724784851 1.89920511841774 0.6887600421905518 0.09251131862401962 0 1.843864776194096 21.15207469463348 28.8827428072691 355.3891722112894 852.7959206700325 69.08411326259375 127.8895667046309 4.472703106701374 4.369694575667381 3.836187943816185 20.85162165015936 7.410344988107681 3.833379469811916 2.788839176297188 1.429038554430008 4.18195765465498 5.039837680757046 12.94098385423422 0 0.1349497884511948 604.0861250907183 98.59446175396442 133.7880879342556 8.297183208167553 2.627225324511528 7.743765138089657 185.0455958023667 2.555964544415474 16.92793844640255 26.45290999859571 2.130204848945141 3.578199796378613 22.44391707330942 3.551845148205757 0.6816564500331879 5.175504729151726 0 1.827113673090935 0.1037374809384346 4.210557237267494 0.6854671016335487 0.5362700670957565 24.94803184270859 6.30386283993721 0.0779610201716423 5.255229249596596 703.1107460707426 0.1292645037174225 0 0.864411473274231 0 0.2404023557901382 3.130145207047462 3.174083098769188 1.504112362861633 17.45463895797729 0.2449521571397781 1.25203749537468 2.940519824624062 5.777434319257736 2.312361039221287 0.4451651126146317 0 0.1581291854381561 0 0 0 0 0 0 0 0 0 0 0 0 0 0 0 0.1879208385944366 0 0 0.8117916584014893 0 0 0 0 0 2.583980873227119 0 0.938174694776535 0 0 0 0 0 0 0 0 0 0 0 0 0 0 0 0 0 0 0 0 0 2.128734111785889 1.315984189510345 0 0 0 0 0 0 0 0 0 6.993287280201912 0 0 0 0 0.8995837569236755 0 0.8535832911729813 0 0 0 0 0 0 0 0 0 0 0 0 0 5.369197592139244 1.926639407873154 0.4483924508094788 231.3020482063293 25.07531064003706 537.006456553936 57.87774688005447 635.3829022347927 39.11655646562576 3.559256084263325 46.08603420108557 10.39267958700657 0.2076770961284637 0 0 1.956952691078186 0 0 0 21.32885764539242 0 349.9308500140905 11.01491198688745
507.1794043630362 2324.412467882037 1844.522169351578 117.3533783480525 1536.429367803037 8.222540527582169 38.10432430356741 4010.961520411074 2353.965913869441 7.466396704316139 4914.40166144073 7.331261098384857 83.04408200085163 1839.798015899956 8.202632613480091 4.048649653792381 0.9408059492707253 0.340796209871769 0.2786357998847961 0.5726489871740341 0.9289421364665031 0 0 0 10.58054341375828 2.657000064849854 1.750113666057587 1.405038580298424 0.4594949185848236 1.021598815917969 3381.896132752299 896.9853091984987 26.73392119258642 0 3.833519443869591 3.35632236301899 4.757822811603546 1.981594309210777 6.420784398913383 2.317380823194981 2.212686277925968 1.429558351635933 0.351910836994648 1.380095981061459 0.153465211391449 0.7315080910921097 68.18263226002455 8.152483485639095 1.360241934657097 1.412567369639874 0.2418479546904564 1.473975300788879 0.1688457876443863 0.4018190577626228 16.30879738181829 18.79557134211063 143.3828410953283 694.4042694792151 38.51567927002907 100.4891022965312 9.829551033675671 9.532156743109226 5.209917217493057 166.6816138252616 7.820203892886639 3.201264940202236 2.738671496510506 0.4603452607989311 4.232577696442604 5.801910787820816 9.790128879249096 1.86558336019516 0 430.92277123034 134.9087773934007 134.5064671859145 25.66673523187637 4.110037997364998 74.41305632144213 1082.317908868194 4.228566959500313 59.65250334143639 24.29467579722404 1.429280489683151 4.159907169640064 17.30771329253912 2.965743616223335 0.7524570375680923 3.70434582978487 0.1899857372045517 1.436834037303925 0 4.797241196036339 1.054409481585026 0.3200584128499031 3.421901121735573 1.524506390094757 0 6.374073505401611 76.40621838718653 0 0.3532052338123322 0 0 0 0 0 0 0 0.3140283823013306 0 0 0.9817187190055847 0.1372899860143661 0 0 0 0 0 0 0 0 0 0 0 0.2692842483520508 0 0 0 0 0 0 0.4476809799671173 0 0 0 0 0 0 0.6446458101272583 0 0 0.9909613132476807 0 0 0 0 0 0 0 0 0 0 0 0 0 0 0 0 0 0.1276423037052155 0 0 0 0 0 0.3718083798885345 0 0 0 0 0 0 0 0 0 2.052299872040749 0 0 0 0 0 0 0 0 0 0 0 0 0 0 0 0 0 0 0 0 0.6418282985687256 0 0 160.3326095640659 13.27406918257475 388.1928982883692 31.2974414601922 118.7987660989165 17.0572621524334 1.074375808238983 36.53279914706945 0.8804190903902054 0 0 0 0 0 0.1140393987298012 0 15.87244036793709 0.9388341009616852 125.8359103873372 1.03482711315155
579.7052908837795 1817.88236746192 117.3533783480525 594.7324661165476 137.0934892445803 393.7967632263899 1913.153037622571 1.132285505533218 28.83003823459148 4254.038283511996 16.40503440797329 997.5254344791174 1334.771206587553 211.4952899217606 0.445813849568367 0 0 0 0 0 0 0 0 0 0 0 0 0 0 0 81.43199910223484 0 0.2466224431991577 0 0 0 1.01677143573761 0 0.2546446919441223 0 0 0 0 0 0 0 4.556628853082657 1.216649003326893 0 0 0.2579794228076935 0 0 0 2.019149586558342 2.607722327113152 69.13609250634909 66.57664228230715 5.630756057798862 8.171791851520538 0.1698631197214127 0.1135145351290703 0.07938723266124725 0 0.3605448603630066 0.1370767951011658 0.1167492344975471 0 0 0 4.163344070315361 0 0 53.6663625985384 7.111575648188591 7.387803070247173 0.7127497419714928 0 0.1548003405332565 0.6406064033508301 0 0.08972316980361938 2.726935505867004 0 0.2274086251854897 2.336864627897739 0.3620043843984604 0 0.4455099701881409 0 0 0 0.2493239194154739 0 0 19.3695881664753 7.39464545249939 0 0.4896283745765686 370.1327785104513 1.268722489476204 9.72477113455534 52.00492615997791 51.48931653797626 0.09514421224594116 124.1806307584047 22.93091648817062 62.08290399610996 121.8056048452854 94.41550260782242 1.169423282146454 220.7467166036367 99.16480433195829 7.776492215692997 0.5959290266036987 0 0 0 0 0 0 0 0 0 0 0 0 0 0 0 0 0 0 0 0.2864338904619217 0 0 0 0 0.1569745987653732 0 0 0 0 0 0 0 0 0 0 0 3.898874066770077 1.507004156708717 0.2583155035972595 0 0 0 0 0.4106921851634979 0.5672248005867004 0.7342251315712929 1.313063889741898 2.307817243039608 0.3993965536355972 0 0 1.030819863080978 0 0.1458972245454788 0 0.1104449033737183 0 0 0 0 0 1.466451331973076 0 0 0 0 1.195411466062069 0.1331334412097931 0 5.835506692528725 2.14934416860342 0.9961140602827072 0 0 0.1071043461561203 0.6351743340492249 0 0 0.1467597931623459 0 0 0 3.407952830195427 0 0 36.60832278430462 2.816668726503849 40.68843594193459 3.97603665292263 591.7471142783761 6.270714573562145 0 4.673822283744812 20.74743547290564 0 9.063365824520588 0.8845029547810555 11.57908081263304 1.080435901880264 0.3540093302726746 1.207014545798302 0.202349454164505 0 214.7446701005101 5.686103731393814
174.0223212316632 2328.686140120029 1536.429367803037 137.0934892445803 1743.954477734864 7.280803754925728 1277.208523519337 195.3381958901882 6108.721396021545 275.7011956200004 1461.46472106874 19.3267328441143 737.521097406745 1863.584332875907 11.84978228807449 1.77195467799902 0.3301057815551758 0.1415539085865021 0.1153900176286697 0.1928956508636475 0 0 0 0 0.6173711717128754 0.1859271377325058 0 0.7451670095324516 0 0 84.27859441190958 2.080403409898281 4.35798504948616 0 0.2924947440624237 0.3060682266950607 5.948182791471481 0.3207644075155258 0.0992344543337822 0.07122070342302322 0.5231799185276031 0.3596120998263359 0.08823781460523605 1.171654723584652 0.5314383283257484 1.087364919483662 100.9395997449756 9.169150553643703 2.365154847502708 1.651811465620995 0.6497779041528702 0.2298326641321182 0 0.1619832217693329 16.78228857368231 20.11680257320404 55.59273003786802 169.2747914344072 30.57145231962204 113.0478693023324 2.062762416899204 0.894578792154789 0.2351979911327362 16.00612145662308 6.45038228482008 3.032684296369553 2.47254091501236 0.7383000254631042 1.077492132782936 0.6019596606492996 39.32379045337439 0 0.1073739901185036 271.2236614972353 84.21040457487106 145.0356511324644 14.36049130558968 3.987790681421757 1.649915486574173 4.414185933768749 0.7861584573984146 1.734730407595634 27.30978162586689 1.312203362584114 3.320154756307602 13.36694507300854 2.263141691684723 0.7484537810087204 4.818662151694298 0 0.427395187318325 0.3119478449225426 0.6339365839958191 0.2874711975455284 0.09512781351804733 77.29506194591522 5.202435076236725 0 6.457198239862919 19.37213981896639 0 0 0 0.8087912797927856 0.9819024801254272 2.372100114822388 2.844172894954681 2.729572460055351 3.837507784366608 2.255444139242172 4.073372602462769 4.429505735635757 15.46631234884262 4.761086672544479 2.273396879434586 0 0 0 0 0 0 0 0 0 0 0 0 0 0 0 0 0 0.3422612845897675 0 0 0.5925984978675842 0 0 0 2.247946053743362 2.949366509914398 3.644019186496735 0.8330006301403046 0 0 0 0 0 0 0 0 0.3735652267932892 0 0 0 0 0 0 0 0 0 0 0 0.2689679265022278 0 0 4.692208528518677 0 0 0 0 0 0 0 0 0 17.49532145261765 1.126108646392822 0.3194836974143982 0 0 0.5779200196266174 0 2.032977640628815 0 0 0 0 0 0 0 0 0 0 0 0 0 13.75671325623989 4.257086619734764 1.894742950797081 445.143280915916 21.15383308380842 593.8336851522326 64.38573954254389 208.7335563898087 22.12001521140337 2.462713241577148 94.42572851479053 20.81854896247387 0.2915209829807281 0 0 4.702842131257057 0 0 0 30.84340281784534 1.756508320569992 152.3508616536856 30.14469222724438
134.1053506135941 183.9427159056067 8.222540527582169 393.7967632263899 7.280803754925728 4.352564722299576 74.21619889140129 0.2978509813547134 6.13913406431675 611.2388266921043 0.718931719660759 201.4689352214336 110.9383076876402 19.27638461440802 0.4695495069026947 0.6247531324625015 0.4269230663776398 0 0 0 0 3.39218507707119 0 0 0.5707211196422577 0 0 0 0.9411838054656982 0 5.519808560609818 0 8.507408291101456 0 0 0 10.80384746193886 0.3162223100662231 9.323169857263565 0.1924432814121246 0.3499301671981812 1.084248274564743 0 0.1453091204166412 0 0 1.215775668621063 0 0 0 0 16.42947755753994 3.906047910451889 0 0 2.311627440154552 263.0458279401064 3.951097279787064 8.115986317396164 0 4.082603216171265 7.605749160051346 1.242082297801971 0 0 0 0.2754786685109138 0.2078072726726532 0 0 177.9222382754087 272.8517356216908 33.12752734869719 0.5124578326940536 0.2720964848995209 0.5160932019352913 0 0 0 1.472137629985809 0 5.69660659134388 0 4.113524489104748 0 5.058461174368858 0 7.816833689808846 13.70564874261618 30.07567355781794 3.020447835326195 4.073039509356022 0 0.2815212607383728 0.1929890066385269 589.1961636841297 259.6475808620453 9.541131138801575 114.5202015340328 245.0943046063185 0 2.483586877584457 1.452763557434082 0 0 6.870575249195099 7.761744856834412 3.726410359144211 1.94138839840889 9.181325346231461 0.4656988531351089 5.292941480875015 14.37700133025646 2.944831937551498 0.5736285448074341 0 0 0 0 0 0 0 0 0 0 0 0 0 0 0 0 0 0 0.3537125885486603 0 0 0 0 0 1.569146871566772 0 1.956168994307518 1.96854841709137 0.2797552347183228 0 0 0 0 0 0 0 0 0 0 0 0 0.1780062615871429 0 0 0 0.3420412093400955 0.259731113910675 0 0.2664090394973755 0 0.2090521156787872 0 0 0 0 0.1430121064186096 0 0 0 0 0 9.599764660000801 0.4142776131629944 0 0 0 0 0 1.906317949295044 0 0 0 0 0 0 0 0.8401681184768677 0 0.5588886886835098 0 0 0 12.59460057318211 0 0 277.1099352687597 6.232670977711678 2.517149209976196 0 253.9674221724272 5.916270017623901 0.5470927357673645 0.5982301831245422 79.06140768527985 0.2757583856582642 0 0 20.77337068319321 0.3032693266868591 0 0 0.2585961818695068 0 76.48988827317953 20.77179263532162
352.7229160517454 2833.500225268304 38.10432430356741 1913.153037622571 1277.208523519337 74.21619889140129 1054.054540365934 5.076567649841309 2243.973136223853 4526.002171382308 136.5572254210711 153.4398963153362 5799.950921215117 3672.272869423032 12.32186413556337 2.255080468952656 0.6857240051031113 0 0 0 0.2935634553432465 0 0 0 0.4461240842938423 0.1110417395830154 0.2687724009156227 0.1788473278284073 0 0.1578242033720016 68.2535470277071 1.112785451114178 3.374409452080727 0.4705261886119843 0.5082965046167374 0.9452535808086395 2.691683530807495 0.1723708361387253 0 0.2317250892519951 0.3304522633552551 0.5704274624586105 0.1011878550052643 0.8053922429680824 0.1260611414909363 0.2183350175619125 75.05994883924723 8.823283202946186 1.660268560051918 1.172299213707447 0.4120941758155823 0 0 0.1933825463056564 15.31717678159475 20.11422626674175 83.77717460691929 192.9284733459353 36.48833384364843 111.0073496550322 1.259236745536327 3.372356250882149 1.254654221236706 8.283967941999435 6.382968716323376 1.346771493554115 2.978093855082989 1.152592107653618 1.738800868391991 0.2953323870897293 45.11774104833603 1.117443338036537 0 304.7285362556577 83.14384250342846 114.9036919698119 10.08743592351675 4.604095458984375 0.4992307722568512 6.303402923047543 0.9944409877061844 6.00645224750042 21.67270558327436 1.009282797574997 3.725408092141151 16.38926529884338 1.74940437823534 0.5201185643672943 2.357047200202942 0 1.149041518568993 0 1.242077112197876 0.5071598812937737 0.09581952542066574 100.5136408209801 12.35582610219717 0 1.48087640106678 85.9037476927042 0.432427316904068 1.373893439769745 14.72145386040211 10.66655775904655 2.192344427108765 52.09955410659313 10.7677214294672 65.41170260310173 119.8077248632908 29.90189495682716 8.861617475748062 43.16885252296925 44.58622436225414 14.75744856894016 1.153913468122482 0 0 0 0 0 0 1.227684497833252 0 0 0 0 0 0 0 0 0 0 0 0 1.752745985984802 0 1.096634030342102 0 0 5.531218066811562 0.9894801378250122 6.686477899551392 1.062312588095665 0 0 0 0.282445102930069 0 0 0 0 0.8541878163814545 0.1756889373064041 0 0 0 0 0.7940590977668762 0.6429806798696518 0.2869917899370193 0 0.5033172518014908 0.8686823397874832 0.6456128060817719 1.487886488437653 0.3167749643325806 9.326552227139473 0 0.1144785508513451 0 0.1173702850937843 0 0 0 0 0 43.47829166799784 0 0 0 0 4.034280836582184 0 0.7631359100341797 1.690277680754662 1.418224453926086 0.2913009524345398 0 0 0 0 0 0 0 0 0 0 29.47215750813484 2.210598677396774 6.949664399027824 437.8193052262068 17.21445558220148 583.1819179803133 49.10113334655762 391.3787219524384 26.04312671720982 2.766220986843109 70.09633315354586 74.77006602287292 0.2451467216014862 2.925035312771797 0.96035485714674 19.85196252912283 0.4440874606370926 0 0 28.79846316576004 2.835093960165977 280.9430182799697 46.83958020806313
93.76265232264996 827.2984805926681 4010.961520411074 1.132285505533218 195.3381958901882 0.2978509813547134 5.076567649841309 3184.929385669529 611.1860525161028 1.157417848706245 4728.960892125964 4.403744369745255 13.45859388262033 2271.506580635905 17.04599978029728 9.10516956448555 0.5932730063796043 1.261782273650169 0.09602220356464386 7.926396392285824 10.46534182876348 0 1.706133730709553 1.778862863779068 51.63465498387814 9.224578313529491 7.528846181929111 3.768799901008606 0.4631751924753189 0.9782216548919678 2570.203757911921 2444.02660151571 29.79548681527376 2.38576777279377 25.73954010009766 22.55291679501534 7.192215397953987 9.719986453652382 9.293350294232368 9.40572302788496 30.67276085168123 8.159799002110958 6.187990695238113 33.01561067253351 0.5412601679563522 15.02918981015682 85.5590096488595 5.213900610804558 1.882593750953674 11.06898087263107 5.248639419674873 0.1659069806337357 0.1620302498340607 3.008336134254932 8.25932876765728 9.441185384988785 63.60643219202757 407.7775633484125 22.1430422142148 74.59852876514196 211.157610245049 64.72703894227743 43.25337025523186 558.8131912723184 3.154951542615891 2.544033914804459 3.537698768079281 5.415074430406094 41.1626475378871 67.00722918659449 17.17725824564695 0 0.1087900921702385 221.31481461972 97.54791640490294 136.6570688709617 175.1136479228735 422.2934395000339 1794.716010175645 1659.15645506978 434.8423832133412 1261.870043568313 18.81647793203592 0.6524392142891884 2.435072861611843 9.073642738163471 5.610333032906055 0.1927318572998047 3.815271519124508 0 0.8977033421397209 0.6440436914563179 47.21398947387934 5.649018041789532 1.263553112745285 14.81379626691341 1.834955245256424 0 10.16009858250618 18.79258591681719 0 0 0.3628421425819397 0 0 0.3399346172809601 0.3685643970966339 3.324691697955132 0 0 0 0 4.383069142699242 2.432866483926773 0 0 0 0 0 0 0 0 0 0 0 0.5791539996862411 0 0 0 0 0 0 0.3221111744642258 0 0 0 0 0 0 0.5957539230585098 0 3.636454313993454 0.8100627958774567 0 0 0.1930893510580063 0 0 0 0.9262352585792542 0 0 0 0 0 0 0.439445972442627 0.9143277853727341 0 0 0 0 0 0 0.3736874163150787 0 1.991887331008911 0 0 0 0 0 0 0 0 0 4.926090717315674 0.9883240461349487 0.3299151957035065 0 0.2112394571304321 0 0 0 0 0 0 0 0 0 0 0.1079536229372025 0 0 0 0 0.143195316195488 1.044613420963287 0.4184658229351044 1.123213917016983 210.0166059806943 16.8296684846282 323.5286586508155 38.11989707499743 88.08173098415136 12.14708884060383 1.246709264814854 38.40322992950678 1.823033779859543 0 0.386249452829361 0 0 0 0 0 22.52588451653719 1.551633447408676 56.12340757250786 3.461933210492134
31.09491624683142 2052.635474793613 2353.965913869441 28.83003823459148 6108.721396021545 6.13913406431675 2243.973136223853 611.1860525161028 1271.301505386829 102.2442486584187 1965.876503862441 20.18599572777748 808.0601990446448 1989.523929588497 9.701776519417763 5.430113546550274 0.7678965106606483 0.09857039153575897 0 0.452190026640892 0.3749759793281555 0 0 0 2.419175654649734 0.1423085480928421 0.1864123344421387 0.3967327773571014 0 0.2276998907327652 33.24096158146858 2.447363004088402 9.557115845382214 0.2747098505496979 0.8210846707224846 1.41268265247345 3.263572126626968 1.106180027127266 0.8492518812417984 0.225642554461956 1.328280217945576 0.8805151954293251 0.2440820038318634 1.285959124565125 0.2680118381977081 0.4049126654863358 52.93883971869946 2.774000100791454 0.2930532842874527 0.4477381035685539 0.5503764748573303 0 0 0 4.250487171113491 5.871782951056957 14.64548505097628 42.23970184475183 12.00915431976318 48.07355854660273 0.5809618085622787 4.503642037510872 1.193192690610886 6.883136801421642 1.847584493458271 0.9945164695382118 0.9181067198514938 0.5246485248208046 1.425428859889507 1.329052090644836 34.11844503879547 0 0 82.96650112420321 32.27768824249506 73.558719009161 13.89409433305264 8.066140063107014 4.240747228264809 20.63829874992371 0.5470766574144363 2.478483207523823 7.058546431362629 0.7079067677259445 2.13363803178072 4.00167752802372 0.7543771341443062 0 1.219249121844769 0 0.5266914740204811 0.08801443129777908 0.6460147351026535 0.806756891310215 0.2159863337874413 85.91725787520409 6.219405308365822 0 5.030690938234329 5.369463808834553 0 0.567549541592598 1.247718282043934 0.9017527401447296 2.021375119686127 6.558819308876991 3.773170188069344 7.342594549059868 9.04171721637249 16.62532079219818 7.815214976668358 8.723344773054123 32.03913208097219 13.76074032485485 2.721446081995964 0 0 0 0 0 0 0 0 0 0 0 0 0 0 0 0 0 0 0 0.2386476099491119 0.5008327960968018 0 0 0 7.089837297797203 1.521000325679779 8.868032053112984 2.009618788957596 0 0.3684474229812622 0 0 0 0 0 0 0 0 0 0 0 0.3059717118740082 0 0 0 0 0.1876769661903381 0.3866483718156815 0 0.148210808634758 0 2.824415937066078 0 0 0 0 0 0 0 0 0 36.6667180582881 0.6577567905187607 0 0 0 1.711622357368469 0 1.781959250569344 0 0.1359836161136627 0 0 0 0 0 0 0 0 0 0 0 20.93153089284897 7.200610309839249 5.5438212454319 254.0838132500648 8.385582648217678 251.2568814456463 28.52885492146015 76.62305300682783 10.39641862362623 1.850759074091911 58.46634423732758 35.59944036602974 0 0.1119691804051399 0 12.76485715806484 0 0.3770101070404053 0.7513009309768677 11.3416348323226 1.464791521430016 65.3589748814702 36.20976737141609
551.9162926524878 1262.455679580569 7.466396704316139 4254.038283511996 275.7011956200004 611.2388266921043 4526.002171382308 1.157417848706245 102.2442486584187 3895.692618399858 5.548808127641678 3775.763970479369 8084.4733812958 586.1780816018581 1.512460097670555 1.334927007555962 0.4072903394699097 0 0 0 0.299528568983078 0 0 0 2.108706474304199 0 1.343949407339096 0 0 0 9.219363667070866 0 42.53229507803917 0 0 0.3213034719228745 40.86508998274803 0.2489762306213379 1.343309432268143 0.4358652234077454 0.450702041387558 0 0 1.178473070263863 0 0 12.14534847438335 0.5688712000846863 0.1133758276700974 0.1182622164487839 0.09737648069858551 0.1777476817369461 0 1.599799707531929 3.703239127993584 2.793397694826126 111.7946310117841 16.94303772598505 6.763115584850311 9.447937741875648 0 8.38033352792263 1.44721220433712 1.190212517976761 0.6371607482433319 0.4562670886516571 0 0 2.029622912406921 1.234603643417358 210.3042950332165 1.295531570911407 0.1543799340724945 27.80500070750713 4.037593603134155 9.560615234076977 1.684046521782875 2.071385204792023 0 3.845244646072388 0 2.381391391158104 2.071371637284756 0 0.5649852752685547 1.196692109107971 0.0935133770108223 0 0.6137164756655693 0 0 0 0.3510935306549072 1.552689082920551 0.4257219135761261 332.7911028712988 52.97930780053139 0 9.582500770688057 345.6137931719422 1.390428304672241 5.25088819861412 17.34683886170387 19.35914655029774 11.99166122078896 66.37431812286377 55.79786463826895 70.44161923229694 206.2226932421327 111.8633354604244 29.9499469101429 89.65912093222141 206.6967284977436 54.83122610300779 6.661923766136169 0 0.7118419408798218 0 0 0.7299715280532837 0 0.4052461683750153 0 0 0 0 0 0 0 0 0 0 0 0 1.310759201645851 2.595316767692566 0.8801782727241516 1.403826713562012 0 15.60085550695658 0.9804573059082031 26.15610004961491 3.08658292889595 3.916825354099274 0.2436724603176117 0 0 0 0 0 0 1.016209423542023 0 0 0 0 0.9126494526863098 0 0.1235876381397247 0 0 0.3658089339733124 0.3981340005993843 1.275818154215813 2.117088675498962 1.595313668251038 10.70081785321236 0 0 0.1243539229035378 0 0 0 0 0 0.9752225875854492 121.2729763239622 0.5813055634498596 0.1843607127666473 0 0 6.431047722697258 0.5680554509162903 2.105025738477707 1.264349289238453 0.5898551046848297 0.5443443655967712 0.1899110674858093 0 0 0 0 0 0 0 0 0.1354281455278397 97.24054625630379 10.17317102849483 15.11048819124699 468.0180342644453 5.120138242840767 62.89864709228277 4.914857909083366 1341.061774812639 10.36169148981571 0 13.28573271632195 398.3649921119213 0.4429938048124313 3.032684408128262 0 142.0665255784988 0.7092471867799759 0 6.517606765031815 3.791614830493927 0 1167.882369466126 214.6555844247341
174.7506000623107 1757.210057601333 4914.40166144073 16.40503440797329 1461.46472106874 0.718931719660759 136.5572254210711 4728.960892125964 1965.876503862441 5.548808127641678 2820.537376828492 33.34877942502499 393.9834653735161 4892.774320095778 8.491788357496262 6.55777720361948 0.2822883129119873 0.5418269038200378 0.1469124853610992 0.898873895406723 0.8010107278823853 0.2058608829975128 0.4434565603733063 0.6384295225143433 15.23272337019444 4.615566074848175 2.6168212890625 0.7609001100063324 1.488061025738716 0 691.3726089447737 82.65020179003477 317.1750687360764 0.09205982834100723 4.021223902702332 6.375390335917473 67.9694998562336 5.737334802746773 15.48060943186283 3.406883172690868 6.534117266535759 4.012335412204266 0.2483892217278481 2.027343541383743 0 0.4727871790528297 43.86394948512316 4.702604807913303 1.411297872662544 0.2882885932922363 1.153003506362438 0.2875329852104187 0 0.9896327778697014 4.594015687704086 6.611530885100365 44.21868719905615 149.4494309797883 15.65591701120138 44.39518742263317 7.171450570225716 35.29628247022629 4.136975526809692 18.2416578233242 2.586434945464134 1.25347264111042 1.283812761306763 0.8279250785708427 4.531370259821415 5.935613736510277 75.80731047689915 0.3611303865909576 0 126.5305535271764 41.42666696757078 67.46227814257145 13.05630654841661 6.91708616912365 299.3837180361152 1063.501215539873 3.653326570987701 128.6135968491435 7.085318394005299 0.3187488093972206 1.315590254962444 6.890584774315357 1.140165612101555 0.2264388799667358 1.509792134165764 0 1.04354003816843 0 6.390370815992355 1.737292982637882 0.326992005109787 20.92664504051208 0.6296269595623016 0 25.0889994353056 26.99722020328045 0 0 0.3386114314198494 0 0 2.307646796107292 0 0.9690259546041489 0.1871559470891953 1.823265433311462 0.4317253828048706 1.813454657793045 4.338208019733429 0.5244799852371216 2.277982592582703 0 0 0 0 0 0 0 0 0 0 0.7330496162176132 0 0 0 0 0.651868999004364 0 0.9931715428829193 0 0 0 0 0 0 1.219369880855083 0 1.767176017165184 0.6469575166702271 0.1534030437469482 0 0 0 0 0 0 0 0 0 0 0 1.396117806434631 0 0 0 0 0 0 0 0 0 0 0.3694880306720734 0.1956930011510849 0 0 0 0 0 0 0 0 9.660212710499763 1.153967916965485 0 0 0 1.812097012996674 0 0.3859832584857941 0 0 0 0 0 0 0 0 0 0 0 0 0 2.913735941052437 0.7752828001976013 1.383678048849106 160.728740811348 9.877571254968643 178.0366906449199 23.06574147194624 60.68085278570652 4.086547240614891 1.314748279750347 26.41789045929909 1.550114631652832 0.3980710208415985 0 0 1.588980630040169 0 0 0 10.97144630551338 0.7968014776706696 41.41973093897104 4.898452937602997
122.1023618876934 83.43563629686832 7.331261098384857 997.5254344791174 19.3267328441143 201.4689352214336 153.4398963153362 4.403744369745255 20.18599572777748 3775.763970479369 33.34877942502499 219.845033749938 1027.369448840618 528.2339542508125 6.764442071318626 9.669036440551281 1.848910473287106 0.6722396612167358 0.5648409128189087 1.88264000415802 1.396444335579872 0.5278363227844238 0 0 35.59075471758842 2.66162520647049 8.731601402163506 5.121489286422729 7.766397386789322 0.2264088541269302 5.27606475353241 0.373201996088028 163.3219788223505 0.2605297565460205 6.537105977535248 11.53180536627769 304.9713576734066 15.59742768108845 62.81278803944588 29.47908474504948 4.504222199320793 10.38444317877293 0.4811438620090485 0.9632301405072212 0 1.98491694778204 19.82850009948015 0.8066472113132477 0 0.3214776813983917 0.5859870314598083 0.1391398012638092 3.404900759458542 8.989065334200859 0.230481430888176 0.5999469682574272 9.863611117005348 5.881373845040798 2.340968534350395 6.610468290746212 2.585170939564705 59.21911522746086 3.872418567538261 4.832473710179329 0.5084711462259293 1.309690192341805 0.5225566104054451 1.83692492544651 8.723521187901497 5.742373690009117 772.0765767842531 3.802632883191109 0.1405721604824066 13.11235109716654 6.412731729447842 19.52987308055162 6.819823384284973 5.404088720679283 1.559912890195847 24.61106967926025 0.133819654583931 24.34592767059803 1.203583620488644 0 0.2035191059112549 0.1914375275373459 1.388715803623199 0 0.3127495795488358 0.3695606291294098 0.6808261722326279 0.6853681206703186 15.44449029862881 0.6204315423965454 2.371698155999184 1208.826984882355 74.9994120746851 1.94324779510498 175.8425920307636 30.55182448029518 1.553140550851822 2.582797110080719 6.368399620056152 6.075809434056282 8.250609800219536 38.20735112577677 30.64452104270458 56.80392174422741 38.6401053071022 40.93165124952793 34.92506847530603 49.53673954308033 125.5407113805413 65.50182708352804 13.47542436420918 0 0.7659390866756439 0 0 0 0 0.6823679804801941 0.8013923764228821 0 0 1.418930307030678 0 0 0 0 0.8166593462228775 0 0.7764743566513062 0 0.1480342745780945 0.4869344085454941 0 0.8839571177959442 0 31.52490270137787 3.983571454882622 19.20932905375957 5.901103213429451 3.486761495471001 0 0 0.6726081967353821 0 0 0.3410610854625702 0 0.6365053504705429 0.658161886036396 0 0 0 0.1909442692995071 2.469053566455841 0 0 0 0.908045157790184 0.522776298224926 0.7053426504135132 1.492026031017303 2.142856135964394 27.60485033690929 0.5342550277709961 0 0 0 0 0.1589843183755875 0 0 0 128.8147584199905 0.9398626536130905 0 0 0.693850576877594 8.144342683255672 0 9.668944224715233 0 0.7789788246154785 0.1764647364616394 0 0.4342173933982849 0 0 0 0 0 0.3136435747146606 0 0 94.2717742100358 12.73462638258934 14.59077396988869 299.2143494337797 6.226373083889484 86.07657781243324 11.03738555312157 300.3168907612562 6.788638457655907 0.6937721073627472 32.36365416646004 224.9229798391461 0.7755139768123627 1.961826846003532 0 92.85900013148785 0 0 4.700360491871834 13.35076531767845 0 566.730857051909 218.3974209874868
85.41499251127243 972.9593908414245 83.04408200085163 1334.771206587553 737.521097406745 110.9383076876402 5799.950921215117 13.45859388262033 808.0601990446448 8084.4733812958 393.9834653735161 1027.369448840618 4525.482975274324 5359.379251413047 20.38167532533407 21.72264717519283 1.581137783825397 2.501710250973701 0.1471958607435226 2.660158112645149 3.430423811078072 0.9225836098194122 0 1.148020163178444 50.66944574564695 3.690321356058121 8.436843663454056 3.219597175717354 3.638928160071373 0.893651619553566 21.59789724647999 1.780418381094933 390.7990972548723 0.4559129402041435 12.08287381380796 12.29007595032454 943.4977969378233 22.95689377188683 76.92737245559692 33.86048459261656 14.52132087945938 9.519671320915222 1.509355053305626 4.517339132726192 0 2.204215794801712 57.78436717391014 1.948261186480522 0.8110304400324821 3.652576252818108 1.574627205729485 0.2448011934757233 2.61872823536396 4.356244340538979 4.906317323446274 2.498395048081875 18.16544615477324 35.4320902749896 9.165850721299648 26.68291497975588 12.21527789533138 38.4129893630743 10.23197522759438 8.611515216529369 0.968078687787056 0.5779383555054665 1.792119927704334 2.270982623100281 20.91676661372185 11.75291830301285 901.3286450952291 4.486074790358543 0 55.71689116209745 22.05230966955423 66.80753085017204 21.85048390924931 18.80036377906799 1.391212493181229 40.14229661226273 1.254453413188457 45.19849875569344 5.049571737647057 0 1.73880472779274 2.010114796459675 3.607640333473682 0.1233042031526566 1.232675105333328 0.3826851770281792 1.414032511413097 0.347206249833107 29.48973198235035 2.471323758363724 0.2518718540668488 1068.37489682436 54.94514273107052 0.3540681600570679 108.917218953371 28.44491447508335 1.103645637631416 1.294004306197166 8.793730914592743 6.616927616298199 15.65795738995075 47.23432919383049 28.27397567033768 56.95767432451248 61.60227400064468 62.5693371295929 29.84117913246155 54.21103108674288 155.3963776230812 72.2503974288702 15.56824456900358 0.4674676805734634 1.531793639063835 0 0 0 0 0 1.664502322673798 0 0 0.6067754924297333 0 0 0.1850514113903046 0 0 2.868288367986679 0.1387044340372086 0.8422431349754333 0.6791977286338806 0 0 0.9550492167472839 0 25.12854188680649 5.310241460800171 36.69844754040241 7.952818334102631 2.091124564409256 0 0 0 0 0.3346550464630127 0.2867187261581421 0 0.4048926383256912 0.1589323878288269 0 0 0.7806589603424072 1.144678995013237 0.920836329460144 0 0 0 0 0.7415986880660057 0.7007693871855736 0.1959153264760971 2.564158260822296 26.05579970777035 1.026516884565353 0 0 0 0 0 0 0.1000873371958733 0 182.125727057457 3.408118918538094 0 0.1371558904647827 0 12.36928278207779 0.2407377511262894 5.129758834838867 0 0.5851794108748436 0.2627082020044327 0.1182297244668007 0.2052823454141617 0 0 0 0 0 0.1275936961174011 0 0.1661451607942581 123.107819467783 17.68207132816315 19.54758532345295 586.3066814690828 11.59150578826666 244.7183641344309 45.8277173936367 234.9643722102046 10.14061916619539 3.43045462667942 44.34638023376465 230.7603678777814 0.1560043543577194 2.331698454916477 0.2808523774147034 62.65668131411076 0 0 2.558469593524933 33.37623472511768 2.672135055065155 440.0307995975018 223.8746973648667
239.5783771127462 2770.838148422539 1839.798015899956 211.4952899217606 1863.584332875907 19.27638461440802 3672.272869423032 2271.506580635905 1989.523929588497 586.1780816018581 4892.774320095778 528.2339542508125 5359.379251413047 2146.331912562251 57.23909372091293 65.2877075523138 3.679447330534458 1.840320490300655 0.5524966195225716 7.572962611913681 5.764689885079861 1.477952718734741 0.3694915026426315 2.081250183284283 124.9601647183299 17.97490827739239 17.66626476496458 15.43929359316826 12.28008655458689 3.39398916810751 554.9142573699355 43.59426114708185 2863.772274084389 0.7603965252637863 31.42093879729509 44.28013133257627 1944.033900305629 39.81225021183491 208.975174613297 62.06348941475153 42.79623504728079 28.86614697426558 5.933320991694927 16.00186520814896 0.8076906874775887 3.581090599298477 210.3527843952179 12.11790958046913 3.825472235679626 7.803928092122078 9.218230076134205 1.516249611973763 6.536811903119087 12.63307882100344 12.06641142070293 14.23119577020407 69.19300681352615 208.7951832041144 35.61730421334505 138.5680636540055 36.86226226389408 219.3594559431076 30.85479846596718 44.95611897855997 5.658421188592911 4.910410299897194 4.962014555931091 5.594231605529785 43.89762830734253 34.53838518261909 1417.512793399394 5.339688628911972 0.08016711473464966 246.1038097068667 97.80393758416176 284.6676671802998 75.97711575031281 68.41545201092958 52.96971516311169 1494.975566633046 6.399902395904064 458.4285539165139 23.35265122354031 1.142217241227627 3.234859004616737 13.47380985319614 6.863213941454887 0.1012011095881462 5.434128366410732 0.6927721947431564 4.650154381990433 0.9434224367141724 60.18003220111132 9.471660554409027 2.711249902844429 544.6326651573181 56.61252658069134 1.137888073921204 298.4738107696176 39.99009318649769 2.063261739909649 0.9414674043655396 9.912217848002911 4.737857304513454 8.991266794502735 30.50816486030817 16.71986109018326 48.65631229430437 37.26091083139181 36.83061864972115 21.63249425590038 41.42687962204218 124.0886520221829 50.69028669595718 18.87287420034409 0.7560140937566757 0.2738849669694901 0 0 0 0 0.460375040769577 0.5191968083381653 0 1.187988817691803 1.920015662908554 0 0.2210694253444672 0.770755410194397 0 2.678884088993073 0.4169581979513168 1.163793653249741 0 1.450273022055626 0.6088540852069855 0 2.175405502319336 1.399293780326843 33.57928428798914 4.845285147428513 36.84829457104206 8.45046204328537 1.855366960167885 0.1155889928340912 0 0 0.2588846683502197 0 0.2725672721862793 0 0.4706653952598572 0.4519238770008087 0 0 0.1366158574819565 1.713581711053848 2.508950218558311 0 0 0 0.1441307216882706 0.7204153835773468 0.5129363238811493 1.137272089719772 9.675443828105927 20.64415994286537 0.315011665225029 0 0 0 0 1.128932237625122 0 0 0 183.4350606501102 4.263951510190964 0 0.9002956449985504 0.2476335167884827 7.826437622308731 0.458888903260231 3.262317731976509 0.9564175754785538 0.1687445491552353 0.4216794371604919 0.1610884070396423 0.1428052186965942 0 0 0 0 0.427839994430542 0.6428471356630325 0.1514901369810104 0.706495463848114 90.93666069209576 30.71394182741642 29.98837670683861 1208.850896410644 38.47914545983076 749.4444170370698 103.3835551142693 235.5726951360703 21.4388917312026 2.002040557563305 178.5356897860765 152.474979929626 1.154972806572914 1.093770451843739 1.477129578590393 51.24392479658127 0.4913242757320404 0 3.541890054941177 84.19413232058287 6.145562693476677 283.9219839274883 174.276221640408
0.9681563749909401 8.696506500244141 8.202632613480091 0.445813849568367 11.84978228807449 0.4695495069026947 12.32186413556337 17.04599978029728 9.701776519417763 1.512460097670555 8.491788357496262 6.764442071318626 20.38167532533407 57.23909372091293 485.5093435570598 2697.575950101018 575.0125135928392 8.933198854327202 124.1571411043406 8.768693663179874 3.653721503913403 0 0.7655172422528267 1.137014701962471 0.7239553779363632 0.564142256975174 2.027746438980103 0.4472277462482452 0 0 9.13546446710825 2.651883810758591 8.836071573197842 3.824466340243816 0.5086817145347595 0.7938501536846161 13.81631746888161 0.8633231595158577 15.05974417924881 0.4105463325977325 1.689944960176945 4.034646354615688 10.82880335301161 266.7569926306605 121.2883488386869 92.10989369452 678.2616619989276 15.75223287194967 43.97907420247793 69.66982147842646 2.486543856561184 0 0 1.770023658871651 4.019981950521469 3.491211824119091 4.628402568399906 5.228786267340183 20.87012355029583 374.9295651391149 43.21103622019291 47.03721819072962 7.665111482143402 1.670789197087288 1.64051503688097 5.285058155655861 2.640200726687908 7.108858153223991 15.01110687106848 12.25365590304136 12.01214560121298 1.31725961714983 0 255.7224703654647 16.82515599578619 2264.657617516816 276.018987044692 202.9163329973817 8.488272316753864 33.06025189906359 18.96403346955776 59.96932607889175 20.50827165693045 0.348899319767952 4.54894807934761 4.989029638469219 27.0891819819808 0.09938338398933411 2.684439487755299 0 10.37372647970915 0.6371922418475151 3.40266328305006 2.158496610820293 1.569996356964111 8.167504891753197 7.332183130085468 0 16.40194603800774 0.09267466515302658 0.1119162514805794 0 0 0 0 0 0 0 0 0 0 0 0.3944173455238342 0.1434859186410904 0.2646233588457108 0 0 0 0 0 0 0 0 0 0 0 0 0 0 0 0 0 0 0 0 0 0 0.1782348603010178 0 0.7866059243679047 0.3887884616851807 1.434709034860134 1.076501898467541 0.25529845058918 0 0 0 0 0 0 0 0 0 0 0 0 0.1250878274440765 0.3282937332987785 0 0 0 0 0 0 0 0 0.4139999598264694 0 0 0 0 0 0 0.14346744120121 0 0 1.448582589626312 0.4670551270246506 0 0 0.1278763115406036 0 0 0 0 0 0 0 0 0 0 0 0 0.2995774522423744 0 0 0 0.3958990573883057 0.9232100993394852 1.939045391976833 23.38535468280315 8.790434382855892 617.544545263052 28.6485108807683 18.2476324737072 4.432657465338707 0.5366048514842987 5.299968257546425 0.5273462384939194 0 0.3262305557727814 0.09709188342094421 0.238203376531601 0 0 0 7.116223782300949 0.7916668057441711 27.42878430336714 2.07881398499012
