429.9988092631102 3866.691126748919 853.5405776575208 870.0410988181829 199.6480985805392 162.2166908532381 804.4392623305321 72.67335348576307 61.63995007425547 647.6515535339713 208.3659909293056 381.7173057496548 330.456158824265 78.0694649592042 1.612510122358799 1.766969718039036 0.3009099662303925 0.1080411300063133 0 0.2030244842171669 0 0.2391858845949173 0 0.1291529983282089 0.4770090132951736 0.4707131534814835 0 0.6553478688001633 0 0 956.2679950147867 3.799845688045025 24.38712224364281 0 0.1648163050413132 1.34460761398077 7.606659956276417 0 2.111416071653366 0.34218979626894 1.476368889212608 0.3349076882004738 0 0.1937722712755203 0 0.8448089435696602 11.03902760893106 0.6104744002223015 0 0.194062314927578 0.1334234327077866 0.3190509676933289 0.126600444316864 0 9.310484938323498 13.18327575922012 46.63780307769775 927.6398357376456 67.27397631853819 21.95201516151428 1.916356027126312 0.9235610365867615 0.9316623210906982 5.828259848058224 2.42582643777132 1.096364244818687 0.2496592849493027 0.1454205513000488 0.646058976650238 0.7999222576618195 23.81220388412476 5.012608408927917 0.1064326837658882 137.5594848915935 9.961947225034237 7.637255854904652 3.723933227360249 0.8558498024940491 0.4005772098898888 16.74509210139513 0.4225298836827278 5.435621112585068 13.54150159657001 1.55974768102169 0.9433089420199394 3.306436039507389 0.2415492758154869 1.347352027893066 1.761831864714622 0.3175330460071564 0.3199895769357681 0 0.8306085914373398 0 0.08800195902585983 39.61236093193293 8.012971505522728 4.349713064730167 1.285054549574852 738.7807721793652 1.233123555779457 8.821289509534836 9.861300021409988 5.794638380408287 0 24.77782300114632 8.835425093770027 10.58592504262924 5.216636419296265 17.74978610128164 0.446276992559433 8.612428978085518 12.90944288671017 4.814873307943344 6.278637111186981 0 0 0 0 0 0 0 0 0 0 0 0 0 0 0 0 0 0 0 0 1.64890530705452 0 0 0 4.547116942703724 0.6555981040000916 0.1889980733394623 0 2.270543068647385 0.2151345908641815 0 0 0 0 0 0 0 0.1888941377401352 0 0 0 0 0 0 0.1866600513458252 0 1.813533879816532 1.106846615672112 1.054876990616322 0 0 2.256019964814186 0.7915115058422089 0 0.3856887221336365 0 0 0 0 0 0 10.35623420774937 0 0 0 0 0.8641480505466461 0 0 0.5008242130279541 1.066656485199928 0.1743228584527969 0.3799285888671875 0 0 0.1042642444372177 0 0 0 0 0 0 2.384540602564812 0.9267158508300781 1.426508091390133 450.1837585791945 6.223194733262062 87.10970417410135 19.38431083410978 623.7652192637324 34.50267674028873 1.61859717965126 2.501351594924927 119.6246740818024 0 0.970354750752449 0.1441003978252411 74.7154291421175 0.4815303534269333 0 0 8.858938649296761 0 633.0607013329864 7.67713850736618
3866.691126748919 2174.357580013573 1717.458051279187 368.520790874958 1986.687965922058 112.6909098997712 3435.128222934902 139.4088103249669 820.9034401848912 608.8732714578509 975.899525642395 81.00719265639782 1601.43179859221 880.7862952724099 17.70172322541475 5.09460861235857 0.4827230721712112 0.1971344649791718 0 0.8644349649548531 2.126025125384331 0.4442563354969025 0.2578961998224258 0.1426161676645279 0.912940539419651 0.3593097180128098 0 0.7431200444698334 0.139486700296402 0 2659.174486413598 7.645669020712376 84.38226749747992 0.08563956618309021 0.1482379585504532 2.477541647851467 26.81664188951254 2.104200601577759 1.912165775895119 0.8763293996453285 3.683948688209057 0.8783672451972961 0.151317372918129 1.356909900903702 0.1957039907574654 0.6635007858276367 68.8347369581461 2.038354180753231 0.9412929117679596 0.4562029093503952 0.1042738035321236 0 0.128844141960144 1.349457815289497 33.47691486030817 37.99729604274035 42.55578088015318 751.4913208037615 130.071799710393 62.66688861697912 4.589990429580212 4.677984237670898 0.7901996672153473 30.35367345064878 7.405768230557442 3.548632211983204 1.02357541769743 0.0841597318649292 0.3632573559880257 2.574522331357002 12.91873840987682 0.1232065632939339 0 345.4351196140051 27.9685041308403 53.61396676301956 39.38213196396828 4.872499205172062 0.7578156366944313 26.67169871926308 2.297968655824661 6.314469739794731 46.37759217619896 4.00851096957922 4.217433989048004 17.52453681826591 1.425829701125622 1.755882166326046 3.822703130543232 0.7186846435070038 0.3088734671473503 0.2132621705532074 1.137593120336533 0.09962420910596848 0.3353273868560791 7.919062189757824 2.691185802221298 0 0.8888406902551651 598.5158284977078 0.3190200328826904 1.586856722831726 1.757304966449738 1.895413056015968 0 55.00456635653973 1.447283834218979 3.184906557202339 5.591941490769386 3.625244051218033 0 4.458659112453461 5.627809256315231 2.784549884498119 2.417895063757896 0 0 0 0 0 0 0 0 0 0 0.2337929606437683 0 0 0 0 0 0 0 0 0 0.7619939297437668 0 0 0 1.01365090161562 2.095981225371361 2.868747472763062 1.015287689864635 1.745922863483429 0.1036508977413177 0 0 0 0 0 0 0 0 0 0 0 0 0.1322891861200333 0.100043386220932 0 0.1233899667859077 0.1096858158707619 0.3725601434707642 0 0 0 1.459366917610168 0 0 0.2142740935087204 0 0 0 0 0 0 7.416998811066151 0 0 0 0 1.013742178678513 0 0.4335967898368835 0 0 0 0 0 0 0.4617630541324615 0 0 0.1416662782430649 0 0 0 5.096033439040184 1.246411368250847 2.598694369196892 250.9515520632267 22.5244432836771 321.4543536752462 54.32631304115057 339.5179358944297 80.98934660106897 4.018561705946922 11.17618654668331 29.95960347354412 0 0.1160174682736397 0 21.18761600553989 0 0.1103126034140587 0.4804804921150208 10.02341057360172 0 304.5123356729746 2.324888341128826
853.5405776575208 1717.458051279187 1381.597678236663 19.86183040589094 935.6279521435499 17.40202104300261 112.3555908203125 3058.324726641178 1086.577606640756 14.06901960074902 2910.816431947052 16.78382158279419 265.0366446897388 1696.199514888227 30.63878168910742 37.44564821571112 2.049935542047024 1.210490807890892 0.433634951710701 5.951752066612244 56.6481055021286 2.402994617819786 13.61940694600344 2.087955422699451 9.410062290728092 8.498151712119579 0.5559258460998535 3.666398949921131 1.047903299331665 0.3150361999869347 6331.462690360844 1025.447584956884 398.3809018135071 10.68014609068632 7.779133081436157 17.58652140945196 72.95469301939011 14.48344691097736 14.90195614099503 4.693062104284763 78.3355141505599 36.18236510455608 4.417565248906612 7.293073438107967 2.938076302409172 13.23708576709032 69.22610561549664 4.095488592982292 0.9413894936442375 9.353777259588242 4.276472516357899 4.049501329660416 2.061967261135578 4.936488494277 26.04255620390177 27.73599158972502 36.34236010909081 1214.297340601683 132.8505067974329 57.82341492921114 86.71061932295561 47.03130596131086 9.144563719630241 409.2507121562958 7.01713839918375 4.242493823170662 2.293362259864807 2.848326034843922 39.07068178057671 78.017423376441 96.37745685130358 0.140305370092392 0.1128832772374153 375.6942837536335 78.74202475696802 63.3458247333765 93.27406668663025 22.5247293561697 106.4983171373606 676.270055770874 99.58862180262804 355.8605499714613 36.52237763255835 2.647018633782864 2.731292173266411 11.38657683879137 7.207025937736034 2.265395268797874 5.532443188130856 0.933990553021431 1.297292217612267 0.4196478277444839 37.94628562778234 2.398039162158966 7.353787675499916 25.06264067441225 26.98218666017056 0 16.90252058207989 222.117941595614 1.397969245910645 1.863943420350552 0.7997490465641022 1.474485963582993 0 2.908738002181053 2.490801334381104 2.920494884252548 2.535346314311028 3.055973023176193 4.114766895771027 9.055609218776226 14.92001916468143 6.483133025467396 8.555185616016388 0.5803255885839462 0 0 0 0 0 0.288608193397522 0 0 0.3351470530033112 2.232643395662308 0 1.465704038739204 0 0 0.649883896112442 0 2.497941344976425 0.5876752436161041 1.257149323821068 0 0 1.472717463970184 0.8035591840744019 8.183656051754951 15.82629156112671 21.49799383431673 9.286913633346558 4.820145159959793 2.272299289703369 0.1350681334733963 0.1272473037242889 0 0 0 0.7150937765836716 0 0.8999910801649094 0 0 1.056727841496468 1.573804378509521 4.67761766910553 0.2172552347183228 0 0.09833353012800217 0.3311028778553009 0.2948513552546501 0 1.030758142471313 3.494646221399307 10.04200743883848 1.244093731045723 0 0 0 0 0 0 0 0 34.82098417729139 1.030683308839798 0.6688523292541504 0 0.1479614824056625 6.171857267618179 0.8051333427429199 16.95751586556435 0.2472738474607468 0.5012255311012268 0 0.2698147296905518 0 0 0.2101643532514572 0 0.2055769413709641 0.5439973399043083 0.3525639474391937 0 0 10.10993921756744 8.983363389968872 16.3388245627284 235.6198407933116 19.03524646162987 243.1788491532207 76.40549345314503 86.31700547039509 58.83424220234156 2.678899146616459 29.58666457235813 16.09749887883663 0 2.069614119827747 1.177269250154495 11.55970658361912 0.6304000541567802 0.2560912817716599 0 5.250888422131538 0 151.0851496309042 3.1087556630373
870.0410988181829 368.520790874958 19.86183040589094 310.6940800845623 35.86915591359138 363.2090665251017 398.2183165475726 5.184276431798935 1.053440108895302 903.6292636394501 5.40708077698946 2216.214258119464 856.0166416019201 43.66348504275084 0.8161635249853134 0.5347396582365036 0 0 0 0 0 0.4336907267570496 0 0 0.1705645769834518 0 0 0 0 0 39.40781002491713 0 14.87295114994049 0 0 0.1642674803733826 32.38535252213478 0.2698275446891785 0.3031015694141388 0.5024666041135788 0 0.259652316570282 0 0 0 0.166001558303833 6.196917697787285 0 0 0 0 0 0 0 3.005214966833591 5.029187805950642 6.105883337557316 104.163512147963 11.33147248625755 5.770741552114487 1.295527622103691 0.8477113395929337 0.2065361440181732 1.382541216909885 0.6384689435362816 0.3827953413128853 0 0.147491842508316 0 0 104.5967509374022 0 0 26.51260872930288 1.01847230643034 4.068466953933239 2.7839285582304 0 0 0.6462700515985489 0.3235317468643188 0.1833820641040802 4.2390181645751 0.1196618601679802 0.1010663211345673 1.552721723914146 0 0.1299894750118256 0.4760836064815521 0.1663849204778671 0 0 0.2900649011135101 0.1199300289154053 0 22.0345718562603 2.947881072759628 0 0.2813136577606201 195.1323111653328 0.4969488680362701 0.9743513017892838 0.9333075433969498 3.805176913738251 0 12.86578986793756 1.851198092103004 0.5317418575286865 2.54526524245739 2.03535121679306 0.1360431909561157 6.014848649501801 17.27539072185755 1.099936783313751 1.774052187800407 0 0 0 0 0 0 0 0 0 0 0 0 0 0 0 0 0 0 0 0.6595305800437927 0 0 0 0 2.208518281579018 0 0.5177575945854187 0 0 0 0 0 0 0 0 0 0 0 0 0 0 0 0 0.1074479147791862 0.332403838634491 0 0 0 0.1814927011728287 0 0 0.2563414573669434 0 0 0 0 0 0 0 0 0 5.656474202871323 0 0 0 0 0.7213264107704163 0 2.072431236505508 0 0 0 0 0 0 0 0 0 0 0 0 0 2.410456150770187 2.37627013027668 0 60.33366106450558 2.43490444868803 31.44491556286812 5.697193756699562 149.8686706721783 8.830575235188007 0.1127431616187096 2.806792795658112 37.2658074349165 0 0.2906583398580551 0 23.76347693800926 0 0 0 6.478531271219254 7.840074107050896 197.3366476744413 4.664327278733253
199.6480985805392 1986.687965922058 935.6279521435499 35.86915591359138 1782.331956803799 5.171838119626045 708.31104888767 76.08898546546698 2671.656830132008 50.9833047837019 456.1612397953868 8.774883024394512 1150.112699106336 1853.850527726114 35.42587729543447 12.6820802539587 1.215729512274265 0.2853482961654663 0.09407249093055725 0.3027315139770508 0.1989185065031052 0.2876175865530968 0 0 0.2939164042472839 0 0 0 0 0 167.8556822389364 10.52417586743832 14.44930676370859 0 0.08738142997026443 0.1217416077852249 8.887038350105286 0.2241041511297226 0.5332434251904488 0 0.2430809289216995 0.2191080823540688 0.3994589895009995 0.3895406126976013 0.1001511812210083 0.0790666863322258 94.90328095108271 0.7761195525527 0.3829262852668762 0.1888326928019524 0 0.1108682528138161 0.1553545445203781 0 21.17452336847782 19.59660287201405 12.62399649620056 113.9959299936891 57.51624094694853 45.43931382149458 0.7707345709204674 0.5451518893241882 0 25.35438092797995 5.713047929108143 3.086745135486126 0.4914860799908638 0.1861050352454185 0.501754954457283 1.103955410420895 9.545341439545155 0.65891994535923 0 165.9751222655177 16.77884745597839 65.12665361166 56.6737338155508 8.965530835092068 0.2104132398962975 2.369996249675751 0.4301491975784302 0.2466414868831635 28.12360871583223 1.905176803469658 2.294044837355614 7.312330462038517 0.4816378206014633 1.35846009105444 2.67204137891531 0.1947830244898796 0.3030911386013031 0.345962755382061 0.112946517765522 0.3441783115267754 0.2859068587422371 3.935421422123909 3.728853657841682 0 0.4514639973640442 29.34446281194687 0 0.1486515700817108 0.3404356092214584 1.055161237716675 0.546191930770874 0.1358398497104645 0.35235595703125 0.6169666051864624 0.4347988069057465 0.9511968791484833 0.1511117219924927 0.1171524599194527 1.185321465134621 1.179835677146912 0 0 0 0 0 0 0 0 0 0 0 0 0 0.300350159406662 0 0 0 0 0 0 0.2414747476577759 0 0 0.2560035884380341 0 0.3727314025163651 0 0.8619980216026306 0.5966088473796844 0.5723691582679749 0 0 0 0 0.09397239983081818 0 0 0 0 0 0 0 0 0 0.6018148884177208 0 0 0 0 0 0 0.4959942400455475 0 0 0 0.101474903523922 0 0 0 0 0 0 3.925829164683819 0 0 0 0 0.3399340212345123 0 0 0 0 0.09115242958068848 0 0 0 0 0 0 0.1044261157512665 0 0 0 2.073740124702454 0.2797340154647827 0.09558995068073273 250.4305973351002 13.97062510251999 316.8907744437456 80.7339940816164 93.14002502709627 51.03330603986979 1.402553334832191 18.28126495331526 5.213816568255424 0 0 0 2.345743954181671 0 0 0 0.3625391870737076 0 80.0335426479578 1.221902847290039
162.2166908532381 112.6909098997712 17.40202104300261 363.2090665251017 5.171838119626045 8.789033517241478 88.54663869738579 2.544931024312973 1.921252466738224 250.1686054468155 4.251728191971779 239.3521469980478 83.76606431603432 4.12042560428381 0 0 0 0 0 0 0 2.454557955265045 0 0 0.158325731754303 0 0 0 0 0 57.26181626319885 0 3.28371025621891 0 0 0 8.610780470073223 0.5485597848892212 3.486394226551056 0.1439012289047241 0.1208561807870865 0 0 0 0 0 0.9268048107624054 0 0 0 0 14.98660147190094 0.9954876601696014 0 1.907072223722935 2.512506745755672 88.22522507607937 59.62827649712563 5.091335140168667 1.370339304208755 0.1989869922399521 0.9665928930044174 0 0.79849573969841 0 0.650162398815155 0.3882489800453186 0 0.2295059263706207 0 44.6362119615078 294.0123922377825 2.598488241434097 8.918513059616089 0.6644662171602249 0.8137620389461517 0.2466962486505508 0.1070380806922913 0 0.9907680153846741 0 0.2407900243997574 0.8823162838816643 3.317729234695435 0.1029889062047005 0.5574058517813683 0 12.58432098478079 6.691662035882473 18.82614934444427 0.3624217212200165 6.630014389753342 0 0.3502339422702789 0.9702006727457047 61.91678054630756 140.1800811439753 51.37107515335083 26.23702443391085 416.1807415634394 0.1462156921625137 4.125664412975311 4.827155411243439 1.16084648668766 0 3.907703429460526 1.703366234898567 0.6495649963617325 2.028817653656006 4.030141845345497 1.927292540669441 6.738495603203773 6.775634422898293 1.410502046346664 0.5687698423862457 0 0 0 0 0 0 0 0 0 0 0 0 0.1083107739686966 0 0.2715863734483719 0 0.970565065741539 0 0.213115930557251 0 1.128793060779572 0 0 0 0.643038883805275 0.2706888169050217 1.307496502995491 1.185962609946728 0.6041318252682686 0 0 0 0 0 0 0 0 0 0 0 0 1.650958962738514 0 0 0.276791512966156 0 0 0 0 0 0 0.7783434391021729 0 0.3404793441295624 0.2278445661067963 0.1464213579893112 0.1676113307476044 0 0 0 0 3.990209326148033 3.824590474367142 0 0.1205312088131905 0 0.4397563636302948 0 0 0.6516389548778534 0 0 0 0 0 0 0 0 0.427495539188385 0 0 0 3.53174877166748 2.683261781930923 7.045973517000675 18.60648057609797 0.9938233122229576 5.655809581279755 1.391805455088615 310.8841587603092 2.611785590648651 0 0.2717727720737457 28.08816863596439 0 0 0 21.88536031544209 0.1438782811164856 0 0.1678460538387299 1.162648648023605 0 58.5213165730238 5.746476784348488
804.4392623305321 3435.128222934902 112.3555908203125 398.2183165475726 708.31104888767 88.54663869738579 909.9999723285437 30.64934799820185 1413.069322302938 1150.843231901526 70.90814424306154 522.274295553565 6082.669236786664 3137.753287099302 49.35244587063789 15.16940022259951 0.1988882645964622 0.3375692814588547 0 0.1729640141129494 0.593852125108242 0.2700847685337067 0.2625598460435867 0 0.1071621999144554 0 0.1046095341444016 0.6915430426597595 0.8154582977294922 0.09876912087202072 101.7854725793004 9.329430520534515 91.50860487669706 0.07220720499753952 0 0.1322565674781799 104.8445060774684 1.207412838935852 1.747431024909019 0.511471189558506 1.358691543340683 0 0.3424423187971115 0.9898218214511871 0.2730058953166008 0.315417192876339 135.5674554780126 3.255787715315819 0.6380762681365013 0 0.3909572958946228 0.1056844964623451 0.07810589671134949 0.3946336209774017 32.45052163302898 31.23759105056524 31.70653460174799 267.0673981159925 90.90995848178864 74.49961314350367 0.5900862514972687 5.165340706706047 0.5231302380561829 33.08729967474937 6.222136087715626 5.660591602325439 1.651706874370575 0.1025907471776009 0.373295284807682 0.8368749096989632 63.10543439537287 0.0842677429318428 0.09275728464126587 290.9306928515434 23.64285386353731 82.48742265999317 66.71322985738516 11.80631873756647 0.1110101565718651 3.863500759005547 0.8913780748844147 5.202909201383591 43.0970291569829 5.884805448353291 4.184772655367851 13.09102264046669 0.6739710047841072 4.098674535751343 5.14486014097929 0.2183672934770584 0.5563256815075874 0 0.5068529695272446 0.6177675798535347 0.4016869813203812 13.62919227778912 0.4877614080905914 0 2.410482846200466 88.12046367675066 3.182162083685398 4.726169355213642 45.16069342941046 28.27339698374271 2.270375870168209 71.62612298876047 10.79076538980007 64.68728986382484 97.97321080416441 11.26656132936478 1.622701615095139 166.3126750737429 42.48846636712551 4.923432409763336 8.610193826258183 0.1131758168339729 0 0.2014578729867935 0 0 0 0 0 0 0 0 0 0 0 0 0 0 0 0 0.7720609307289124 0.967210978269577 0 0 0 2.711227923631668 2.873012855648994 3.263079479336739 0.1171771958470345 0.5679329186677933 0 0.3116636574268341 0.1112558171153069 0.07965047657489777 0 0.2489288449287415 0 1.255248829722404 3.875716775655746 0.2405499219894409 0.1052280962467194 0 0 0.08692554384469986 0.6198700070381165 1.574579447507858 0.1044111028313637 2.314855873584747 6.202015243470669 0.4486098513007164 0 0.3189910352230072 1.107808396220207 2.685765482485294 0.9673713371157646 0.9438133910298347 0.1067830771207809 0.1263479441404343 0 0 0 0 15.66394507884979 0 0 0 0 0.7430312633514404 0.8416122421622276 2.642257079482079 6.076914593577385 6.540101997554302 4.966395244002342 0.2342599928379059 0.350676640868187 0.1252300292253494 0.657490111887455 0 0 0 0 0 0 16.16437623649836 2.210074901580811 2.405309461057186 407.4339245930314 20.06086131185293 493.2875169143081 106.6418600827456 238.7706216424704 96.1614742577076 2.501700177788734 28.0806558355689 55.51267698407173 0 26.84454821795225 2.732412025332451 37.59430061280727 3.47825675457716 0 0.5502859055995941 4.232415378093719 0 286.324408993125 11.52761881798506
72.67335348576307 139.4088103249669 3058.324726641178 5.184276431798935 76.08898546546698 2.544931024312973 30.64934799820185 2283.552040673792 176.8910042271018 3.305730096995831 2162.501253277063 112.9762171730399 356.1967394128442 1367.511556945741 73.60610149800777 68.09433644264936 3.439262330532074 7.167367771267891 0.9001278802752495 32.87502331286669 113.3998367413878 2.537041917443275 34.63391160219908 5.744547538459301 13.71033779531717 14.75764187425375 1.227473087608814 9.729055859148502 0.3130699992179871 0.4659934788942337 372.1687784418464 2253.81775187701 251.1835308670998 49.29768092185259 17.14967618137598 21.27232906967402 93.26158528029919 11.47487962990999 11.90243352204561 4.867325618863106 140.4820889756083 59.84427637606859 53.33073414117098 73.77337478846312 15.8535133227706 53.99217912554741 110.2848267331719 10.25654049217701 5.838855884969234 35.2154464200139 12.10775566846132 4.148303925991058 1.923483453691006 6.481617793440819 10.78004226833582 11.81531319022179 8.013214379549026 134.2747601643205 36.17343086004257 39.84358074516058 316.7054111659527 47.84600454568863 8.780125483870506 92.25760078430176 3.554567493498325 3.59314026683569 3.414508372545242 7.226380154490471 79.07147859036922 247.4495069906116 96.69927309453487 0.8130621910095215 0 146.6133201122284 29.10348080098629 89.3754602894187 141.9359190687537 373.3318011462688 1938.224248282611 1453.503305979073 1042.1562057212 1358.142887994647 24.21494564414024 1.301282651722431 6.986638009548187 6.665868483483791 18.10793963819742 1.558022134006023 7.53685861825943 0.1334620714187622 2.352540537714958 0.4876273274421692 74.32003097236156 5.283286012709141 21.15072936564684 23.60932779312134 13.3480030298233 0 9.209013484418392 20.36932996660471 0 0.286819726228714 0.5079220533370972 2.386737301945686 0.9924055933952332 1.347837023437023 0.1164030432701111 2.322388544678688 0.9094914346933365 1.248106628656387 0.4947925209999084 3.53785540163517 6.755711555480957 6.16828503459692 8.09975528717041 0 0 0 0 0 0 0.391879141330719 0.7107074111700058 0 1.524182021617889 5.641194261610508 0 0.6350325047969818 0 1.095882833003998 0.4256638586521149 0.7602433040738106 2.515333622694016 1.398241356015205 0.623573899269104 1.174556978046894 0 0.6201311498880386 0 4.509064242243767 4.171150773763657 9.493765808641911 4.444515258073807 3.803045779466629 3.165666922926903 0.8631066679954529 0 0 0 0.4807927310466766 0.1931754946708679 0 0.11003677546978 0 0 1.2453992664814 1.690505549311638 3.453183546662331 0 0 0.08737047016620636 0 0.2226171270012856 0.353687584400177 0 2.219555221498013 7.680267930030823 1.682227730751038 0 0 0 0 0 0 0 0.3119641616940498 27.28866076469421 0.1190163046121597 0 0 0.4240765869617462 4.010133139789104 1.000782206654549 7.320464104413986 0.8312314823269844 0.09168331325054169 0 0 0 0 0.1043406501412392 0.1042736023664474 0 0 0.3814425766468048 0 0 9.6444441229105 3.148106321692467 9.743061751127243 236.8442446142435 13.12966571003199 261.0701901912689 83.49559058994055 20.8342504799366 30.0305764824152 1.400876805186272 38.21317507326603 12.21593281626701 0 1.022989749908447 0 6.852883696556091 0 0 0.6251191943883896 1.948682978749275 0 42.04776950925589 3.137332946062088
61.63995007425547 820.9034401848912 1086.577606640756 1.053440108895302 2671.656830132008 1.921252466738224 1413.069322302938 176.8910042271018 1147.12317058444 8.441122300922871 555.2432058900595 11.66938443481922 1914.89870942384 2145.434053905308 27.36327042430639 13.87628342211246 0.7588646337389946 0.1675873920321465 0.1105823293328285 0.108214259147644 0.2191621661186218 0.1827532052993774 0 0.09435020387172699 0.9393091350793839 0 0.07220926880836487 0 0.2748415395617485 0 57.54288484156132 10.34372217208147 29.01406132429838 0.1178476512432098 0 0.745391808450222 24.99434051662683 0 0.4761713594198227 0.8763065934181213 1.249406695365906 1.123919956386089 0 1.165984719991684 0.3607580959796906 0 50.06974562257528 0.1815641894936562 0.3150773495435715 0.08594075590372086 0.3505295068025589 0 0 0.160200834274292 7.657226510345936 7.678935378789902 5.992754340171814 34.93608336150646 18.09948875755072 22.43463874608278 1.226122446358204 3.729562655091286 0 15.13051737099886 3.001248620450497 0.7323048189282417 0.200646735727787 0 0.100724995136261 1.180800288915634 17.29068256914616 0 0 65.90020025148988 8.57548625767231 37.83401694148779 39.17059370875359 12.17215215414762 0.3017173632979393 31.14408820867538 0.6152434498071671 0.9815483763813972 9.489301487803459 1.148521840572357 1.073132202029228 3.098448634147644 0.08860106021165848 0.5671996995806694 0.7335737273097038 0.1642189919948578 0 0.1215125247836113 0.5849084332585335 0.6135194227099419 0.5288017094135284 10.8591430336237 4.133985161781311 0 1.853751331567764 7.895133055746555 0.1238425821065903 0.778022825717926 0.5773642957210541 0.3517464399337769 0 5.154143512248993 0.6970787644386292 1.633732855319977 2.263086587190628 2.080472737550735 0.5790038108825684 4.896092474460602 3.73327149450779 1.513403996825218 3.304642662405968 0 0 0 0 0 0 0 0 0 0 0 0 0.2673113644123077 0 0 0.2345123738050461 0 0 0 0 0.5121771097183228 0 0 0 2.995836943387985 0.4394126832485199 3.387572810053825 0.6358863413333893 0.6833915561437607 0.1011389791965485 0 0 0 0 0 0 0 0 0 0 0 0 0.2624097466468811 0 0 0.09474965929985046 0 0.1707951128482819 0 0 0 1.379274487495422 0 0.09963583201169968 0 0 0 0 0 0 0.2094681411981583 10.72590605169535 0 0 0 0 0.6445304751396179 1.719975471496582 5.657785266637802 0 0.1845978051424026 0 0 0 0 0.1181318536400795 0 0 0 0 0.1444096863269806 0 5.05288989841938 0.1298269182443619 2.310217812657356 214.5957256183028 10.39257809519768 182.6982316896319 56.2664407864213 27.15511906147003 37.60024441033602 1.250263355672359 17.61712093651295 5.04030829668045 0 0 0 2.858301416039467 0 0 0 1.32180817425251 0 30.62507323175669 1.446131691336632
647.6515535339713 608.8732714578509 14.06901960074902 903.6292636394501 50.9833047837019 250.1686054468155 1150.843231901526 3.305730096995831 8.441122300922871 643.7426871061325 10.10384347289801 3966.70455172658 3854.012376353145 231.2962836623192 1.26272926479578 1.437678098678589 0.1239706426858902 0.2302887439727783 0 0 0.1345937550067902 0 0.1368158906698227 0 0.4934987425804138 0 0.26388930529356 0 0 0 31.09154953807592 0.514595165848732 87.78690880537033 0.1404065042734146 0 0 148.5452453047037 1.103975653648376 0.9041940569877625 0.3297643959522247 0.5943121910095215 0.5518985688686371 0 0 0 0 6.509254045784473 0 0.1074106618762016 0 0 0.6400538086891174 0.2802633345127106 0 2.719045646488667 3.965265490114689 33.57543314993382 85.57823375612497 13.63892506062984 7.710570685565472 0.6395399868488312 2.01551865041256 0.5287538766860962 1.680606171488762 0.1558491438627243 0.4286007359623909 0.1057867333292961 0 0 1.198121905326843 740.7921571433544 0.2362462431192398 0 30.21025368571281 3.062795981764793 3.053140908479691 1.937596403062344 0.6347663551568985 0.1660324782133102 0.407381683588028 0 0.3551672846078873 3.634920537471771 0.3913772255182266 0.298301137983799 1.563178718090057 0 0.4384342506527901 0.7178051397204399 0.1105299144983292 0.1020719259977341 0 0.2988035976886749 0 0 214.5969679504633 10.0968616604805 0 1.596160061657429 303.7499453723431 6.409117192029953 77.9013454541564 166.4350051805377 94.02787604928017 5.967291973531246 157.9429094642401 95.47305105626583 66.11883594095707 162.933329641819 173.3749569132924 15.44750539958477 122.2342533171177 430.0106974765658 73.87428713589907 37.01226665824652 0.1253025084733963 0.2606728672981262 0 0 0 0 0 0 0 0 0 0 0.2782266139984131 0.203278660774231 0 0 0.47590172290802 0 0 3.973623141646385 8.525705263018608 0 0 0 23.71088364720345 1.589440286159515 9.282131038606167 0.2977131903171539 0.351982444524765 0 0 0 0 0 0.3644402921199799 0 0.4968635514378548 1.926586709916592 0.2184122055768967 0 0.8175193667411804 0.2144360244274139 0 0.6794147565960884 0.9567006975412369 0.1618575006723404 4.514213904738426 7.983788684010506 4.520319245755672 0.09397952258586884 0 9.98902191221714 0.7195312231779099 0.490170493721962 0.5599378049373627 0 0 0 0 0 0 97.88521571457386 0 0.1770174354314804 0.1714973598718643 0 16.13737527281046 1.58499538898468 14.80448631942272 6.031627915799618 4.238621808588505 1.557905495166779 0 0 0 0.3876292109489441 0 0 0 0 0 0 73.7859668135643 7.406453087925911 4.875765189528465 214.151057690382 1.782342210412025 35.74128641188145 7.545995280146599 308.5283357128501 12.60802138596773 10.32838678359985 2.640607848763466 461.3212017714977 0.1251473873853683 14.0664179623127 2.231699652969837 430.590699441731 1.880975097417831 0 0.2581380158662796 2.690388441085815 0.8235240876674652 1006.790882892907 138.7364179566503
208.3659909293056 975.899525642395 2910.816431947052 5.40708077698946 456.1612397953868 4.251728191971779 70.90814424306154 2162.501253277063 555.2432058900595 10.10384347289801 617.7478769347072 118.5468763187528 878.5557773411274 3577.534498929977 59.26171843707561 33.02435508370399 1.063960939645767 0.6539257615804672 0.2344016656279564 1.370338790118694 15.50192611664534 3.19664891064167 2.301956057548523 0.7843910306692123 8.439494349062443 4.521992355585098 0 4.81706852465868 0 0 340.33791359514 110.1213734298944 363.6520102545619 1.603215359151363 2.713939338922501 23.40446232259274 142.461990468204 23.67162699252367 13.19891184568405 7.090752750635147 16.06205554306507 7.877834610641003 1.719652608036995 3.262556314468384 0.4334369599819183 4.088683269917965 99.96347536891699 1.913374789059162 0.4843522012233734 1.218178063631058 1.104188986122608 0.2270668372511864 1.603234767913818 0.9901891946792603 10.8711347207427 16.21933192759752 8.489339716732502 99.19196017831564 41.3741537258029 46.0843857973814 45.24009151756763 71.34349774569273 7.716284334659576 49.73530028015375 3.8721589371562 2.00194838643074 0.5551772341132164 0.3035077825188637 4.838614463806152 13.09719636291265 63.57829694449902 0 0 163.3038240596652 22.02072359621525 86.18072562664747 94.92276782542467 31.68794242292643 13.40134308487177 520.14767896384 12.34902186691761 104.8959305882454 21.78617602586746 1.422543622553349 3.827971249818802 8.035637468099594 2.367344066500664 1.242010094225407 2.924581192433834 0 0.7446206733584404 0.1014196053147316 5.391220666468143 1.099075362086296 2.455344721674919 11.50741743296385 8.59244741499424 0.2099488526582718 4.997129037976265 29.34618817269802 0.1258725076913834 0.4570188000798225 1.797923564910889 1.507328599691391 0 1.394901558756828 1.442845977842808 1.294422745704651 1.834811300039291 2.737985506653786 1.680251553654671 7.421184301376343 8.08365374058485 3.823072999715805 4.038230553269386 0 0 0 0 0 0 0 0 0 0.478656142950058 1.591259978711605 0 0.51250921189785 0 0 0 0 0.6002286672592163 1.045469120144844 0.8321423828601837 0.7829103171825409 0 0.2700853943824768 0 6.074716284871101 2.783490538597107 6.984049446880817 0.9919435530900955 2.560605645179749 0.2740524411201477 0 0.1019474864006042 0 0 0 0.3401962220668793 0 0.3565738201141357 0 0 0.8082940578460693 0.4757793992757797 0.9579914212226868 0 0 0.09681805223226547 0.2448636144399643 0.2866447865962982 0 0 0.9813493192195892 3.496261477470398 0.7337952256202698 0 0 0 0 0 0 0 0 22.74099173396826 0.1794989854097366 0 0 0 3.123398631811142 0.1513898521661758 6.771696612238884 0 0 0.2589093148708344 0 0 0 0 0.113600492477417 0 0 0 0 0 8.982987940311432 6.390582986176014 4.713858358561993 270.988770827651 11.60960611701012 291.8457408696413 85.83590947836637 32.82891402393579 43.77301459759474 0.9360118806362152 27.42495775967836 9.113215878605843 0.9274695813655853 1.462985962629318 0 7.12192802131176 0 0.09737010300159454 0 0.7804620862007141 0 60.14105189591646 2.838140338659286
381.7173057496548 81.00719265639782 16.78382158279419 2216.214258119464 8.774883024394512 239.3521469980478 522.274295553565 112.9762171730399 11.66938443481922 3966.70455172658 118.5468763187528 662.6102970540524 1630.962264701724 222.9993337243795 11.81780284643173 11.02507562935352 0.4424967169761658 0.07486286759376526 0 0.7472419962286949 4.404170632362366 3.576989024877548 0 0.4025702178478241 2.154424175620079 0 0 0.1477398276329041 0 0 11.9834598377347 13.28836965560913 89.91750697791576 0 0 4.187379345297813 351.7949017584324 5.109748698771 4.476573325693607 2.123807273805141 5.390799276530743 3.268485449254513 0.2268095687031746 1.723200738430023 0.1460799425840378 0.1725955903530121 15.65437275916338 0.1128261834383011 0.08673256635665894 0.1218637526035309 0 0.259855717420578 1.390039011836052 0.9850416257977486 0.5889748334884644 1.947580687701702 3.764591671526432 31.98031106591225 5.007948331534863 5.209222726523876 13.50730289518833 21.51470991969109 3.008338019251823 7.83824846893549 0.08510685712099075 0.4685532823204994 0.1738085150718689 0.3670337945222855 1.118821784853935 5.696306206285954 455.1230209171772 1.088770195841789 0 15.69490364193916 1.92622247338295 8.67209217697382 8.692339263856411 5.566111482679844 0.8006506264209747 15.90018013119698 5.656000897288322 11.87444391101599 2.253028549253941 0.2046556398272514 0.1781846582889557 0.9969184622168541 0.4681510925292969 0.1096703633666039 0.141570508480072 0.09019183367490768 0 0.1273166090250015 2.946451880037785 0 0.5794063061475754 408.6051651090384 52.1027629673481 0.1530885547399521 3.269682049751282 41.8647498562932 4.980735994875431 26.94516533613205 29.88689170777798 27.50419640541077 1.226134613156319 42.50011955946684 25.11229991912842 31.0864440202713 61.71245090663433 80.10439401865005 17.06738405674696 87.07326232641935 145.778629258275 56.48462262749672 51.12980125844479 0.09916587173938751 0 0 0 0 0 0 0 0 0.1123274564743042 0 0 0.855487048625946 0 0.2606306970119476 0 0.3355574607849121 0 0.4129858314990997 5.682497255504131 4.896558530628681 0.2503245770931244 0.9634201526641846 0 33.23232641816139 14.02671225368977 31.01465052366257 9.660773850977421 9.156390964984894 0.9296877682209015 0.1182524189352989 0 0.53605055809021 0 0 0 1.261041581630707 1.742588564753532 0 0.2183471173048019 0 2.318197071552277 0.344824492931366 0.1050481349229813 0.3304477035999298 0 2.483445018529892 2.833490155637264 2.734168171882629 0 2.474822163581848 20.60018183290958 3.058402806520462 0.7533566951751709 0 0 0 0 0 0 0.8459562733769417 132.12809150666 1.131268754601479 0 0 0 28.75042709708214 4.094780176877975 27.27057059109211 0.6196502670645714 2.668776787817478 0.699810653924942 0 0 0 0 0 0 0 0 0 0 82.74151431024075 13.07252740859985 22.75847790390253 141.5545316934586 3.357829265296459 44.86996573954821 28.41261868178844 59.88067509233952 14.40305978804827 0.2901761829853058 12.63339726626873 226.1718930155039 0 5.111100591719151 1.480198621749878 154.2159871309996 3.491573013365269 0.1115589812397957 1.432472139596939 10.00262106955051 0 397.9106140956283 69.25434792786837
330.456158824265 1601.43179859221 265.0366446897388 856.0166416019201 1150.112699106336 83.76606431603432 6082.669236786664 356.1967394128442 1914.89870942384 3854.012376353145 878.5557773411274 1630.962264701724 4286.914385735989 5895.797044806182 85.31033248454332 73.88168906420469 2.998527020215988 0.9642997905611992 0 1.508461833000183 10.51767104119062 16.24716126918793 1.11040847748518 0.8581297695636749 12.39140154421329 5.474520362913609 0 4.138014823198318 0.3648132830858231 0 64.58138845860958 53.58613949269056 506.8486763685942 1.504223883152008 2.063334420323372 16.98068087548018 1027.037341721356 28.45463959872723 31.48110068589449 11.24043621122837 17.53805416822433 8.862280391156673 0.627701923251152 6.471226543188095 0.7573604136705399 2.789905488491058 138.6683773621917 1.378755964338779 0.7889164164662361 0.7597140744328499 1.999651588499546 5.879483565688133 7.183193005621433 6.589721649885178 12.94140263646841 16.76255812495947 14.75357913970947 93.79715368151665 49.887501090765 47.97757555544376 41.76851557195187 64.30339977890253 11.29374721646309 44.20157617330551 4.019380502402782 2.485081546008587 0.9637549743056297 0.3303858414292336 4.957928903400898 12.66479828953743 574.0770264789462 2.296825416386127 0.1513070613145828 156.738479860127 20.44339691847563 95.84762586653233 104.8874226361513 41.2595586180687 2.5313615873456 81.07483242452145 8.594212561845779 47.53860019147396 20.52481225132942 1.573197640478611 3.071161739528179 9.779613517224789 1.135515674948692 1.64079288393259 2.296390749514103 0.5901891440153122 0.8608629703521729 0.5133371874690056 7.673547357320786 0.6137444525957108 2.162922590970993 502.5211900919676 61.71024009585381 0 20.2581674978137 48.74318282306194 6.650308206677437 37.22907739132643 73.77967274934053 61.12601475417614 6.709173932671547 242.4814595505595 45.58832056075335 66.35428847372532 178.8185967281461 156.2809283584356 33.8425562530756 206.0531055778265 322.6979969590902 113.9176204502583 117.7546150684357 0.7819159775972366 0.490428239107132 0 0.2928737103939056 0 0 0 0.1526498645544052 0 0.5444848090410233 0 0 2.166440784931183 0 0.1250420957803726 0 0.8291957303881645 0.3952291905879974 1.021075591444969 11.2379496768117 17.72843204438686 0 5.795178949832916 1.325748473405838 76.67778170108795 30.03803935647011 70.45966935902834 13.35626028478146 18.82971509546041 0.7995588332414627 0.09227242320775986 0 0.582572728395462 0 0.2725846171379089 0.2131989896297455 0.4270565360784531 2.523695528507233 0 0 0.1533435136079788 2.601279318332672 1.190870702266693 0.09519947320222855 1.525505304336548 0 2.338576503098011 8.634755596518517 4.502268970012665 0 9.584051758050919 45.53123704344034 5.284381039440632 0.5751040726900101 0.1107000783085823 0 0.1012343168258667 0.1351601630449295 0 0 0.6421075016260147 301.3674273565412 1.107497178018093 0.6130770444869995 0 0 46.68382229655981 10.38713122159243 53.4608549028635 3.456139527261257 7.718364648520947 1.135929249227047 0.793131023645401 0.7545268535614014 0 0.09436313062906265 0 0.140117347240448 0.2485323995351791 0 0 0 171.6667489781976 38.60292368382215 54.4667202308774 658.9577978625894 25.01438410580158 455.6716534793377 184.6949292942882 118.1077581569552 100.074916601181 1.645164273679256 80.8897420912981 304.4771507456899 0.9507339000701904 8.657126076519489 3.445905305445194 306.2715162485838 3.247994974255562 0 3.749103277921677 11.5378724783659 0.3647036403417587 524.1687139943242 137.8595032319427
