660.6431032791734 2576.830888219178 410.3708375394344 600.8947261869907 106.6787407919765 73.88186047226191 787.1847534328699 46.28467424958944 9.648469999432564 948.7592817991972 62.58426012098789 697.1827075779438 400.0898607298732 27.31734887510538 2.099589556455612 0.5891453549265862 0 0.1185641437768936 0 0.1789291799068451 0.2472969889640808 0.4737606197595596 0.100847527384758 0 0.6560003161430359 0 0 0.261175662279129 0 0 525.9992759600282 2.586457781493664 13.27964272350073 0.3732202425599098 0 0.6207732483744621 9.293935880064964 0.865201972424984 1.550290241837502 0.2085013836622238 0.8939504027366638 0.2569586038589478 0.07879354804754257 0.4254685714840889 0.2619525045156479 0.08499161899089813 19.75474143773317 1.210686944425106 0.08188346773386002 0.624765545129776 0 0.5385524034500122 1.756967723369598 0 21.60342822223902 27.04202572256327 165.1765302047133 532.5832121819258 36.22899976372719 12.00078762322664 0.9048913419246674 2.041571743786335 0.6378819867968559 8.563336275517941 3.775111608207226 1.870139732956886 0.6777610927820206 0.422253355383873 0.377891480922699 1.207351498305798 14.73186522722244 17.54961997270584 0.3449736535549164 189.1632873564959 7.567883662879467 13.62471205741167 6.740841209888458 1.617803804576397 1.437774531543255 8.133631341159344 1.112560227513313 1.018957570195198 18.38462176173925 3.67911846190691 2.695636309683323 9.940939240157604 0.6511809155344963 5.783034339547157 2.729740105569363 0.5003719478845596 0.3309662416577339 1.01755066215992 1.058207668364048 0 0.5202679261565208 37.85956814885139 6.650953248143196 1.331848606467247 1.324972562491894 1085.457807198167 0.2877353727817535 31.72925111651421 9.536393031477928 13.42843142151833 1.077588304877281 12.32476286590099 17.39199420064688 10.92568550258875 18.62806113064289 16.35624971985817 1.307976678013802 17.00308236479759 20.89922215044498 8.818470329046249 11.0819865912199 0 0 0 0 0 0 0 0 0 0 0.1599200516939163 0 0 0 0 0 0.6022014617919922 0 0 2.2444948554039 2.341889560222626 0 0.1472807228565216 0 1.82368291914463 1.31693160533905 6.123378463089466 0.8733045607805252 0 0 0.1531065106391907 0 0 0 0 0 0.264129102230072 0 0 0 0 0.09305129200220108 0 0 0 0 0.7224069610238075 0.4207346364855766 0.9006396979093552 0 0 6.801021836698055 1.124254748225212 0 0.2792819887399673 0 0 0 0 0 0 19.15980169922113 0.6221176907420158 0 0 0 0.8189755082130432 0.6026325821876526 1.891403950750828 0.3706733286380768 0.2418673187494278 0.2832087427377701 0 0 0 0 0 0 0.08304213732481003 0.1086564809083939 0 0.1242631301283836 7.684157893061638 0.8871601670980453 2.34296877682209 449.2248713821173 6.633063197135925 140.2091496363282 8.866903394460678 1364.421303041279 39.76787641644478 2.55614797770977 3.654447935521603 320.8312764465809 0 1.600510932505131 0 112.271179959178 0.636913999915123 0 0 0.1603043675422668 0 665.3759487718344 5.449834756553173
2576.830888219178 1821.89287853241 1848.870058812201 208.7239156961441 2402.630030333996 42.52295322716236 2874.530480891466 206.2362702786922 479.8629739955068 1146.210045769811 414.1561342403293 291.4098968729377 3465.951862599701 1418.985335282981 16.95390287041664 5.199439719319344 0.9571133926510811 0.3251450434327126 0.1602591425180435 0.678346298635006 0.8785983547568321 0.556061364710331 0.2264231219887733 0.7673789411783218 1.61163879185915 0.2258648127317429 0.1813064888119698 1.579193629324436 0.2391588762402534 0 1304.938422605395 12.6698777154088 122.3102115318179 0.4288725629448891 0.3099134787917137 2.511304803192616 75.46362755447626 4.21418896317482 5.284459158778191 1.432213954627514 3.474961705505848 0.8218102604150772 0.8030068725347519 1.863914363086224 0.3623335510492325 1.758280448615551 108.6131947636604 6.389944665133953 0.4272856414318085 1.333211399614811 0.3799353465437889 1.436212196946144 3.772425688803196 0.2592080235481262 49.37853664159775 73.76883813738823 155.8229849487543 681.701408945024 77.07308771461248 39.12353641539812 3.443881064653397 7.894063405692577 2.064441479742527 49.55652581900358 10.92758972197771 6.953570917248726 1.445029646158218 1.487294539809227 0.7396072819828987 2.546713106334209 74.64298252016306 0.3864206075668335 0.1582088619470596 477.744351554662 35.52528784424067 100.7387996315956 53.16417790949345 10.87844287604094 3.659137666225433 36.61330983042717 1.771196067333221 7.438142284750938 56.21405098587275 10.29040838778019 7.841512598097324 31.17929401248693 3.099189668893814 13.4283329769969 9.56855658441782 0.4913626536726952 0.3715792819857597 0.7310192286968231 2.14865880459547 0.7230004221200943 0.2043012529611588 69.60838490724564 4.920563757419586 0 9.393094204366207 1162.891282118857 1.580549709498882 2.604574978351593 2.277003683149815 10.5588980615139 0 27.35218180716038 1.818794049322605 1.246287941932678 9.246600553393364 1.238691933453083 1.41656468808651 2.954810701310635 6.725963480770588 3.741525836288929 5.845670074224472 0 0 0 0 0 0 0 0 0.1748397648334503 0 0.2824020683765411 0 0.4773971438407898 0 0.2313412129878998 0 0.1242486163973808 0.1628750264644623 0 0 0.5597309544682503 0 0 0 1.915394596755505 1.6598801612854 4.080951139330864 2.465933121740818 2.556912057101727 0 0 0 0 0 0 0 0 0 0 0 0 0 0.4155208021402359 0.09384620934724808 0.2015461325645447 0.09516171365976334 0.1319273710250854 0.5048836693167686 0 0 0.4119250029325485 2.557735063135624 0 0 0 0 0 0 0 0 0.1135001182556152 9.34410747885704 0.2783821672201157 0 0 0.2106965929269791 1.637215495109558 0.4752784371376038 5.175643317401409 0.1233132556080818 0.1114867925643921 0 0 0 0.1155398488044739 0.1941858232021332 0.09621202945709229 0 0.2064480409026146 0 0 0 1.766972556710243 4.399210304021835 5.787453301250935 450.2550042867661 22.43328039348125 474.3303849548101 69.10621058940887 817.5456350073218 116.2186697423458 5.29026335477829 25.15614779293537 25.35482978075743 0 0.2651513814926147 0 9.215035676956177 0.6346651911735535 0 0.2697679102420807 1.439667619764805 0.1308992952108383 269.0177920609713 2.219832822680473
410.3708375394344 1848.870058812201 1968.531404815614 11.11775273829699 2351.899352960289 2.353970430791378 256.9355154335499 3750.397035069764 348.1709693484008 8.515285447239876 2419.930460959673 49.95348471403122 318.8590259775519 1527.72777171433 31.58170548081398 15.43526921421289 0.816623218357563 2.408569797873497 0.2435731440782547 10.94744705408812 33.79953682422638 11.1334996894002 15.26273258030415 6.689596094191074 14.54174152761698 3.199102230370045 0.6381963938474655 4.988601200282574 0.283195361495018 0.08917520940303802 4277.801544398069 2041.715122833848 335.1011525541544 7.044749423861504 3.805617846548557 21.52389182150364 169.5606778115034 22.64371696859598 31.49209878593683 9.85904411226511 55.79206369072199 16.23498141020536 5.564017161726952 7.766957342624664 1.202253632247448 5.439678996801376 86.02267779409885 5.965304277837276 1.103040836751461 7.91599402576685 1.105058588087559 5.136003047227859 8.142029941082001 4.715050801634789 37.14611602574587 54.97050753980875 111.5081522539258 926.9049892127514 60.66098965704441 34.27824708074331 105.9206551387906 62.38429717719555 9.5218465924263 375.4967136010528 7.293011210858822 5.296036876738071 1.521428294479847 2.691787205636501 14.82907420396805 58.48652032017708 162.3849853798747 1.83570571243763 0.1288663595914841 414.9673158675432 93.5846060141921 116.0672401785851 103.123636931181 38.90018390864134 240.4175299480557 696.8048809096217 100.7561296895146 355.810856923461 43.04568781703711 6.762994468212128 5.490415342152119 21.51334348320961 5.163176871836185 6.06548798084259 7.28637620061636 0.3034869283437729 0.5405591651797295 0.1790971085429192 46.23543485999107 8.878798387944698 3.410373985767365 117.6095000430942 32.65489721298218 2.018431052565575 58.82042867690325 294.1600451916456 0.7667587697505951 2.589115306735039 1.482727855443954 0 1.088696271181107 2.90155902504921 3.07474323362112 3.345671057701111 2.101874455809593 1.017738096415997 6.077999524772167 6.497312933206558 9.607329457998276 5.379327580332756 16.63815703988075 0 0 0 0 0 0 0 1.068446710705757 0 0.09596231579780579 0.5845156162977219 0 1.346802033483982 0.1301762163639069 1.590593747794628 0.6305059194564819 0.3013900518417358 0.1914860606193542 0.8182418644428253 0.8441043645143509 1.421425126492977 0 3.269406914710999 0 9.120687253773212 15.09652433544397 31.97238437086344 14.13590043783188 15.45172732323408 0.8798432797193527 0.3830861896276474 0 0.3404855728149414 0 0.596410870552063 0 0.08354631811380386 0.1096555143594742 0 0 0.7542189732193947 1.755327440798283 0.8914563059806824 0.1774648874998093 0.1335524618625641 0 0.7183086052536964 0.9141398072242737 0 0 0.2311912924051285 15.40708573907614 0.1377081274986267 0 0 0 0 0 0 0 0.09605256468057632 32.45120859146118 2.009928464889526 0.3283174633979797 0.1478160321712494 0 6.772870786488056 4.349040016531944 21.55444683134556 0 0.7297645807266235 0 0 0 0 0.5077155381441116 0.09032886475324631 0 0.09682589769363403 0.1741865575313568 0 0.1017307415604591 13.88695420324802 19.21904500573874 29.00826068222523 230.0841398760676 18.46466346085072 275.8156884014606 48.63774031400681 179.617407925427 48.2654250189662 2.121261827647686 31.66810857504606 16.9393872320652 0.3717109560966492 0.2521522864699364 0.2473298460245132 8.294606126844883 0.1117267608642578 0 0.2164101153612137 3.489223629236221 0 145.8678549900651 9.112736962735653
600.8947261869907 208.7239156961441 11.11775273829699 170.6451212614775 18.73068948090076 172.1078535765409 231.4947930276394 2.872511595487595 1.325452372431755 830.7029421627522 8.786583296954632 2838.616474628448 977.481543213129 35.63818108290434 0.6007677689194679 0 0 0 0 0.3782405033707619 0.3048422336578369 0.1655501872301102 0 0.1256420314311981 0 0 0 0.139648362994194 0 0 70.51781015098095 0.1445112824440002 10.69355088472366 0 0 0 27.95264877378941 0 0.158523365855217 0.3173877224326134 0 0.1914794892072678 0 0.1924600303173065 0 0 2.50228226184845 0.1518274545669556 0 0.08156416565179825 0 0 0.4667491614818573 0 0.9267302304506302 1.780105210840702 8.057231888175011 23.77147783339024 2.834690071642399 1.228270068764687 0.2294283211231232 0.1569063663482666 0 0.4790933728218079 0.229642242193222 0.09027846157550812 0.2286679744720459 0.1172760352492332 0 0 50.18115894496441 0.1891034543514252 0 12.39258646965027 0.9319479912519455 1.454306825995445 0.8813728988170624 0 0 1.24010381102562 0.1918575763702393 0.1951663047075272 1.032327130436897 0.1898181140422821 0.2104100808501244 0.7193357422947884 0 0.2431667298078537 0 0 0 0.3550082743167877 0 0 0.1090582236647606 29.99656103551388 0.4721883982419968 0 0.7844335287809372 150.2589308097959 0.103359766304493 3.363807380199432 0.8646229654550552 6.721954748034477 0 3.678437158465385 1.752048462629318 2.391129359602928 4.217415601015091 0.8507148325443268 0.4922313615679741 3.451069340109825 16.45608191937208 5.779907144606113 3.134083636105061 0 0 0 0 0 0 0 0 0 0 0 0 0 0 0 0 0 0 0 0.2005991041660309 0.212189182639122 0 0 0 2.165141485631466 0.6565864980220795 0.1584137082099915 0.4519662261009216 0.3567627370357513 0 0 0 0 0 0 0 0 0 0 0 0 0 0 0 0 0 0.4599716812372208 0 0.3184962272644043 0 0 0.2593895345926285 0 0 0 0.2214236259460449 0 0 0 0 0 4.031964853405952 0 0 0 0 0.2188227027654648 0 1.322496697306633 0.09451873600482941 0.09122954308986664 0 0 0 0 0 0 0 0 0 0 0 3.4288280159235 0.9724249243736267 0.5662241727113724 52.26203028857708 1.273263536393642 14.57106795907021 3.367266744375229 197.7722632661462 3.143064260482788 0.1453330218791962 0.3777100741863251 50.28325822949409 0 0 0 28.23369182646275 0.2335219830274582 0 0 1.501774191856384 0 150.263769544661 1.381505414843559
106.6787407919765 2402.630030333996 2351.899352960289 18.73068948090076 2066.906382739544 6.222887441515923 1207.289013937116 111.3673989623785 2789.316037252545 97.89637703448534 569.8734911158681 30.72372451424599 1689.622530721128 2224.231929659843 19.83912996947765 4.699547119438648 0.8112045526504517 0.2562719658017159 0.4756123572587967 0.06346668303012848 0.1662265211343765 0.1258609443902969 0 0 0.1304458677768707 0 0 0 0 0 106.4814602658153 12.88560139387846 15.68129147589207 0 0 0 11.71422637999058 0.9221635535359383 0.8891435489058495 0.2525260448455811 0.3550852909684181 0 0.1426879614591599 1.275635927915573 0 0.187849685549736 67.96947533637285 3.791995659470558 0.2293732538819313 0.07841206341981888 0.2820050716400146 0 0.190794512629509 0 15.58932001888752 24.27842552214861 23.10611619800329 64.9988472238183 20.5304141305387 17.99879035353661 0.2003677636384964 1.04645387083292 0 17.8231098651886 3.946785017848015 3.334082417190075 0.6826602295041084 0.6362480223178864 0.4359917938709259 0.8479133397340775 14.24647222459316 0.09751324355602264 0 135.758235193789 12.1549726575613 71.00108163803816 41.14859650284052 17.81179917603731 1.561901688575745 2.162984482944012 0.6065464988350868 0.5174283534288406 20.40779474377632 3.749420277774334 3.116388134658337 11.76742658764124 2.243044532835484 4.633588269352913 4.270676776766777 0.08599875867366791 0.6736715659499168 0.2501827329397202 0.5256281942129135 0.3948030173778534 0.248561717569828 15.11089114099741 3.249497696757317 0 2.350792288780212 40.50083528459072 0 0 0.7766254246234894 0.8996864706277847 0.7112546563148499 7.810555577278137 0.1964209973812103 0.7443753480911255 0.993141308426857 0.2215313464403152 0 1.193688236176968 3.124005392193794 0.9188003242015839 1.619709044694901 0 0 0 0 0 0 0 0 0 0 0 0 0 0 0 0 0 0 0 0 0 0 0 1.189766526222229 0.3593735098838806 0.1692330688238144 1.219816192984581 0 0 0 0 0 0 0 0 0 0 0 0 0 0 0 0 0 0 0 0 0 0 0 0 1.079514294862747 0 0 0.09976160526275635 0.1060526445508003 0 0 0 0 0 0.4957074522972107 0 0 0.09250024706125259 0 0 0 1.960258901119232 0 0 0 0 0 0 0 0 0 0 0 0 0 1.206597469747066 0.9982107356190681 0.9715909957885742 353.1046606302261 12.69239919632673 273.6544063314795 64.34269931167364 271.3336557373405 75.41581901907921 1.533756107091904 24.82865219563246 8.133370295166969 0 0 0 1.06034517288208 0.143135666847229 0 0 1.594591736793518 0.2299204170703888 68.68064955621958 1.386323973536491
73.88186047226191 42.52295322716236 2.353970430791378 172.1078535765409 6.222887441515923 0.2760656476020813 67.36775924265385 0.4720873907208443 0.1932350695133209 246.5151026695967 1.084768578410149 119.5828567445278 66.96259393543005 2.861396938562393 0.1238817200064659 0.1111981049180031 0 0 0 0 0 3.617708638310432 0 0 0 0 0 0 0 0 32.53192972391844 0.2158403545618057 2.878436163067818 0 0 0.7726981639862061 11.09027368575335 0.5319653898477554 1.027454122900963 0 0 0 0 0 0.2218629196286201 0 0.1168381422758102 0.09151015430688858 0 0 0.2177021056413651 22.2889187335968 3.122219622135162 0 1.005468010902405 3.209034271538258 78.31210516393185 46.35012904554605 3.221935540437698 0.6237617656588554 0 1.031555950641632 0.1628853380680084 0.439868301153183 0.08545172214508057 0.4640882089734077 0.3041723594069481 0.263652004301548 0 0.08330321311950684 105.5565955191851 325.1857943236828 27.02276995778084 13.91127375513315 0.5662693828344345 0.4914003908634186 0.1087416708469391 0.2598266750574112 0 0.08117546141147614 0.178154930472374 0.1354275792837143 1.029594078660011 1.209705889225006 0 0.6222016587853432 0.2540780752897263 15.19526745378971 16.81460407376289 36.70333527773619 3.252832338213921 14.13473190367222 0.1257817000150681 0 2.796865925192833 95.96615850925446 290.9086418300867 125.7851850241423 34.04472769796848 359.1318019106984 0.1555661410093307 7.868479534983635 2.25841049849987 1.149061977863312 0.5289587080478668 2.943963274359703 3.090629905462265 7.134463012218475 4.5227912068367 5.814987748861313 0.5913065746426582 5.713739864528179 10.55102910846472 2.818547323346138 3.493298262357712 0 0 0 0 0 0 0 0 0 0 0 0.3045171201229095 0.2398354411125183 0.8622278124094009 1.416693814098835 0 2.786353968083858 0.2535886317491531 0.7311646714806557 0 0 0 0.3117947280406952 0 1.512039244174957 0.9946432560682297 1.890705153346062 2.325962096452713 1.841651529073715 0 0 0 0 0 0.1349615603685379 0 0 0 0 0 0 10.3661390915513 0 0 0 0 0.3321710526943207 0.08080297708511353 1.316471673548222 0 0.8460377752780914 1.461728245019913 0 0 0.1923998445272446 0 0.117473766207695 0 0 0 0 4.018583476543427 10.13361124694347 0 0 0 1.614294335246086 0.1433535814285278 0.5466174334287643 0.1054764688014984 0 0.1755905747413635 0 0 0 0 0 0 0.1188675910234451 0 0 0 4.736037164926529 5.927545696496964 7.95079417526722 5.664937384426594 1.111809566617012 9.711233451962471 0.2935815379023552 410.9435506314039 5.10274350643158 0.8131169304251671 0 47.72420087456703 0 0.4648194462060928 0.2778143882751465 24.33849430084229 0.2605190277099609 0 0 0 0 119.4258955344558 12.51750761270523
787.1847534328699 2874.530480891466 256.9355154335499 231.4947930276394 1207.289013937116 67.36775924265385 1023.689865082502 28.1589762493968 1939.743540711701 1108.26276487112 203.2754483520985 527.1074244976044 4693.369720131159 2130.829175114632 9.762215971946716 1.736369550228119 0.366543747484684 0.07323365658521652 0 0.07833607494831085 0.1431388258934021 0.1108198612928391 0.1402478516101837 0.2507593929767609 0 0 0 0 0 0.1303061991930008 41.34215421229601 3.81618258357048 50.13521730154753 0.2914738953113556 0 0 37.73226188123226 0.09871344268321991 0.4547247588634491 0.3635530173778534 0.4061928912997246 0.1005815491080284 0.2722864076495171 1.758633129298687 0.1938799396157265 0.5538409873843193 49.79974351078272 2.433075986802578 0.2406438142061234 0.2292942851781845 0 0.2257595285773277 0.1150268837809563 0.08656235784292221 14.25166700780392 18.83127903193235 30.12683662772179 75.05620339512825 21.69743858277798 15.60873364657164 0.4937018752098083 1.178140535950661 0.07997983694076538 15.3085515871644 3.838283710181713 2.623306207358837 0.274587981402874 0.5091907307505608 0.3356523960828781 0.5169549733400345 29.39929993450642 0 0 135.1397742554545 12.35568782687187 51.65335858613253 28.03174202144146 10.41834267228842 1.29936345666647 4.987999215722084 0.439843624830246 0.8962592408061028 19.90384137630463 1.841726884245872 2.619238004088402 10.39230649918318 1.166510991752148 2.878873385488987 2.824657745659351 0.0796954408288002 0.09052643924951553 0.3847184553742409 1.348614104092121 0.2903417646884918 0.6650134697556496 46.80526649951935 1.970872759819031 0.3789203464984894 7.18427336961031 61.43317709863186 0.3633972853422165 5.479771956801414 13.52295196056366 26.51516880095005 0 36.82215355336666 5.047219946980476 20.97026959061623 13.48987667262554 5.32071353495121 1.256554111838341 42.03668527305126 9.27933295071125 0.7247119545936584 4.195422291755676 0.1399323642253876 0 0 0 0 0 0 0 0 0 0 0 0 0 0.2221052199602127 0 0 0 0 0 0.3960763216018677 0 1.761428713798523 0 1.081264182925224 0.9554255604743958 1.629261404275894 0.5525556802749634 0.2351044118404388 0 0 0 0 0 0 0 0.08420020341873169 0.2464324161410332 0 0 0 0 0.6538715362548828 0 0.3394525572657585 0 0.5390559881925583 0.2400169149041176 0 0 0 1.232452288269997 0.1074715703725815 0 0 0 0 0 0 0 0 5.659662239253521 0 0 0 0 0.1410569101572037 0.7051889896392822 1.040281385183334 0.3788535073399544 0.8101581260561943 0.6295199915766716 0 0 0 0.1057062298059464 0 0 0.1028059348464012 0 0 0 1.915326654911041 0.3147792592644691 0.8080925196409225 290.3579530268908 8.838920913636684 214.8582898303866 52.64141417294741 382.0628933012486 59.57337866723537 1.008250303566456 22.35649197548628 32.35971205681562 0 2.625194281339645 0 13.95306219160557 1.766379877924919 0 0 0.8136619031429291 0 132.4899373948574 1.575358241796494
46.28467424958944 206.2362702786922 3750.397035069764 2.872511595487595 111.3673989623785 0.4720873907208443 28.1589762493968 3150.538638532162 228.2567337602377 3.030218616127968 2905.307500757277 105.4072041511536 356.8281009942293 2067.760259531438 40.93712981045246 18.62867041677237 4.71429493278265 18.08746363222599 0.9809128642082214 67.69162802398205 73.41929689794779 6.749110922217369 47.10568991303444 16.48365114629269 12.23896257579327 3.958086878061295 1.936120383441448 6.004926130175591 0.4503316879272461 0 505.3883949965239 1713.613683521748 155.9192676618695 60.45358318090439 10.94358282536268 37.44707872718573 92.13749324530363 15.23490861058235 19.70066304504871 6.231256611645222 97.59323543310165 34.66234032809734 57.81312275677919 146.5537242293358 16.50158364325762 50.03637567907572 76.67515717446804 19.55537547916174 2.852339699864388 47.89238765090704 4.735944867134094 5.132898762822151 7.245793268084526 5.066617727279663 10.44358713179827 15.42528469860554 16.72703728079796 89.75875942409039 14.93917641043663 14.79846736043692 294.6258619055152 88.45092310756445 37.08264604210854 49.48676306009293 3.507914818823338 3.085588246583939 0.1176538541913033 4.912152446806431 43.23994735628366 254.689283259213 60.91411246359348 1.795609548687935 0 107.7381737083197 26.70513162761927 79.53871040046215 69.76629511266947 886.1852399408817 1562.919400773942 2001.763144865632 783.0946802124381 1040.367506839335 25.83098129183054 1.208127617835999 6.662198916077614 6.120018623769283 17.71138969063759 3.072708509862423 2.64932756125927 0.6307097226381302 1.093173421919346 0.7864571958780289 91.82562173902988 16.48412743210793 14.76846192777157 12.07255892455578 8.446693509817123 0.8275923728942871 43.91035146266222 35.87974639236927 0.1101486682891846 1.872932128608227 0 0.9001908898353577 0.140618234872818 0.7887391373515129 1.398164324462414 0.3127696812152863 0.389828160405159 0.1413953602313995 1.47570762783289 0.705021545290947 1.184659272432327 1.245053462684155 3.615547597408295 0 0 0 0 0 0 0 0 0 0 0.3193059638142586 0 2.858414322137833 0.6138092279434204 0 0.7965296506881714 0.2146556824445724 0 0.8835461437702179 0 0.1195884570479393 0 1.611396670341492 0 4.366862431168556 7.101039931178093 7.271857529878616 3.703802324831486 5.551450632512569 0.6295751929283142 0.1827781498432159 0 0 0 0 0 0 0.176256388425827 0 0 0.8317964226007462 1.945318967103958 0.7795131057500839 0 0 0 0.3138796091079712 0.4424234330654144 0.1112307459115982 0 0 8.288195557892323 0.2714412212371826 0 0 0 0 0 0 0 0.201550766825676 11.77201683074236 0.6662269681692123 0 0 0 1.873234026134014 0.378379225730896 6.941301442682743 0 0 0.4431590810418129 0 0 0 0 0 0 0 0 0 0 3.902709417045116 11.5579294487834 11.6514839977026 211.5592781826854 15.3337517157197 183.5379690825939 58.41371864825487 63.47258401662111 27.54160739481449 0.5761669352650642 25.2036426961422 5.817165940999985 0 1.1472557336092 0.3027732372283936 2.280650362372398 0 0 0 1.724605664610863 0 33.29994913935661 3.397887170314789
9.648469999432564 479.8629739955068 348.1709693484008 1.325452372431755 2789.316037252545 0.1932350695133209 1939.743540711701 228.2567337602377 756.9860835373402 2.034883856773376 1216.768734753132 28.47546114772558 1405.28749140352 2198.124105013907 8.883820630609989 2.069559447467327 0 0 0 0 0.5991816222667694 0 0.1277163624763489 0 0 0 0 0 0 0 20.52078247815371 5.109977722167969 33.65715695917606 0 0 0.1102791950106621 19.20595967769623 0.7797739803791046 1.458153516054153 0 0.4587474763393402 0.1607929319143295 0.1291532218456268 1.280969195067883 0 0 20.69843947887421 1.04482589662075 0 0 0 0 0.1083054170012474 0 2.014587730169296 4.203174024820328 3.036815859377384 11.30269785970449 5.892198845744133 4.299765586853027 0.1351745873689651 2.085599184036255 0 4.126022785902023 0.5422941297292709 0.3986844643950462 0.1002335771918297 0.300334595143795 0.0818827822804451 1.191160067915916 18.666075758636 0 0 30.01400734484196 2.887978166341782 21.18788415938616 11.59517925977707 9.762164510786533 0.3633935078978539 11.18702270835638 0.6411292180418968 1.452538818120956 3.737819567322731 0.4950480684638023 0.5774629563093185 2.72344983369112 0.2972570955753326 0.6887620687484741 0.3873621746897697 0 0.2515429258346558 0 0.4748351275920868 0.1098572835326195 0.5347247272729874 11.38609124720097 6.116548091173172 0 1.722076959908009 4.19038450717926 0 0.1142777353525162 0.5734604597091675 0 1.204323649406433 0 0 0.5151345133781433 0.1217469796538353 0.2854897081851959 0 0.3212438225746155 2.885886669158936 0 0.7757399082183838 0 0 0 0 0 0 0 0 0 0 0 0 0 0 0.2158439308404922 0 0 0 0 0 0 0 0 0 0.3714141249656677 0.6328878700733185 1.231489226222038 0 0.544955849647522 0 0 0 0 0 0 0 0 0 0 0 0 0 0 0 0 0 0 0 0 0 0 0 0 0 0 0 0 0 0 0 0 1.512062579393387 0 0 0 0 0 0 0.4234309196472168 0 0 0 0 0 0 0 0 0 0 0 0 0 0.7099112570285797 0.1673667728900909 1.099751226603985 118.294404938817 4.534182205796242 63.9942474141717 21.80318075418472 44.16831818223 20.55760030448437 0.3859036415815353 8.963169120252132 2.69506661593914 0 0.338624119758606 0 2.51826836168766 0 0 0.9819802045822144 0 0 12.98473992943764 0.6688833832740784
948.7592817991972 1146.210045769811 8.515285447239876 830.7029421627522 97.89637703448534 246.5151026695967 1108.26276487112 3.030218616127968 2.034883856773376 816.3958167880774 4.297801367938519 3286.888867907226 3067.12911221385 84.87719777226448 0.09369499981403351 0 0 0 0 0 0 0 0 0 0 0 0 0 0 0 12.68894468992949 0 25.21921859681606 0 0 0 51.33516810834408 0.2562823891639709 1.163426697254181 0 0 0 0.09861098229885101 0 0 0 3.039686352014542 0.2608295306563377 0 0 0 0 0.7051084935665131 0 2.311109647154808 2.17088957130909 26.98644459247589 17.28850290924311 3.423371262848377 2.076361447572708 0 0.9486418962478638 0 1.011725544929504 0.3742520213127136 0.3826241344213486 0.3726086542010307 0.1310462802648544 0.08906282484531403 0.2474727407097816 202.2357740551233 13.54204672574997 0.6715421080589294 19.1944370418787 1.226466901600361 1.996150933206081 1.914763011038303 0.3451836258172989 0 0.9526871964335442 0.08706556260585785 0.3125166296958923 1.796004883944988 0.5317614749073982 0.1864498779177666 1.765698097646236 0.2250028550624847 0.6719274073839188 0.9748223870992661 0.5262928456068039 0 0.3095742464065552 0 0 0 300.722308754921 10.30164970457554 2.194029211997986 6.244931787252426 248.1347114890814 6.411005660891533 75.00112088024616 111.3097931146622 57.55851249396801 4.749718144536018 71.36779630184174 64.41955240815878 35.70140877366066 77.57526040822268 69.49767403304577 17.3685625270009 45.94908208400011 145.4065064787865 32.37453186511993 63.13404273241758 0 0 0 0 0 0 0 0 0 0 0 0 0 0 0 0 0 0 0 3.239891238510609 5.853156328201294 0 1.318513512611389 0 15.42166738212109 9.660192295908928 13.54061184823513 1.113993316888809 1.088874116539955 0.4722448512911797 0.3782292604446411 0 0 0.2016009390354156 0 0 0.1305368393659592 0.4314703568816185 0 0 0 0.3325374871492386 0 0.1167478635907173 0.8040902242064476 0 2.478258699178696 2.326025746762753 6.722453467547894 0 0 20.57442964613438 0.8550986871123314 0.293730229139328 0.5356603190302849 0 0 0 0 0 0.1358398646116257 60.23789598047733 1.193172082304955 0 0 0 24.321243904531 6.576983213424683 11.36225907504559 1.250825554132462 0.522595226764679 0.4913534075021744 0 0 0.4626996591687202 0 0 0 0 0 0 0 48.48029224574566 3.762078404426575 5.526589877903461 182.2959939911962 0.4136631116271019 20.58888770639896 3.155306816101074 348.7322936728597 5.062947191298008 0 0.1535487771034241 554.4490317329764 0 1.660298757255077 0.7874800860881805 226.2654311209917 0.7092051953077316 0 0.5971724987030029 0.774543821811676 0 1205.128924295306 30.12388069182634
62.58426012098789 414.1561342403293 2419.930460959673 8.786583296954632 569.8734911158681 1.084768578410149 203.2754483520985 2905.307500757277 1216.768734753132 4.297801367938519 821.0587926730514 285.9433981180191 1125.465165548027 4095.854740135372 32.23567892611027 8.022695511579514 0.3457135632634163 0.3217612579464912 0.07592781633138657 1.216021232306957 7.746537491679192 10.57963141798973 2.58309543132782 0.8931524902582169 11.19467122852802 0.4493334144353867 0.0836915597319603 5.42251393944025 0 0.1671068668365479 318.4166144058108 60.09207212924957 336.4746677950025 1.383336044847965 1.769134022295475 18.26971344649792 202.2058788836002 33.77798695117235 19.95433192700148 8.799677535891533 12.11640383303165 2.470726802945137 0.2906761914491653 4.319435298442841 0.2393764480948448 0.9691973999142647 74.81454822421074 3.47827984392643 0.08485648036003113 0.8661730214953423 0.3294930309057236 4.801398314535618 8.129868380725384 3.155766367912292 8.874176733195782 14.86733931303024 15.89675685018301 66.33223026245832 14.55184403806925 15.58539762347937 40.47703783214092 113.66282312572 11.04698407649994 27.48385874927044 2.736859738826752 1.86558772623539 1.063003048300743 0.8193718269467354 1.699210427701473 9.287811025977135 88.71229541301727 1.31726710498333 0 99.7927261069417 16.25164800882339 72.54664025455713 56.35126000642776 53.44635863602161 15.08064190298319 231.6501206830144 18.52772160619497 122.6183675006032 14.1275701597333 1.563286155462265 1.783852480351925 8.500604599714279 1.309849388897419 3.048088423907757 2.448385499417782 0.1117620393633842 0.2955306768417358 0.3172794431447983 6.562973901629448 2.712344646453857 0.4884551241993904 55.41022151708603 9.25645038485527 1.066726982593536 18.89562681317329 35.86564970016479 0.1009394973516464 0.9741043969988823 0.2581429332494736 0.6834310367703438 0.3054251596331596 1.833119541406631 1.918224811553955 0.8725383281707764 0.7019454091787338 0.2736679464578629 2.518615990877151 0.7576919496059418 6.064371548593044 2.067934259772301 8.845384232699871 0.09452318400144577 0 0 0 0 0 0 0.4393429160118103 0 0 0 0 0.6022851318120956 0 0.66105055809021 0 0.9774849563837051 0 0.4651499539613724 0.4239006713032722 0.4464281797409058 0 0.782492458820343 0 3.132122576236725 2.514866665005684 10.85686920583248 4.964056260883808 5.117551788687706 2.242809474468231 0 0 0 0.1380015164613724 0.1848606020212173 0 0 0 0 0 0.4051346778869629 0.568274512887001 0.2329206317663193 0.08056564629077911 0 0.09545198082923889 0 0.2369760274887085 0 0 1.949379146099091 5.989699006080627 0 0 0 0 0 0 0 0 0 9.993537589907646 1.188246697187424 0 0 0 2.837830200791359 0.4286713823676109 6.849497348070145 0 0 0.1936555653810501 0 0 0 0.1098291203379631 0 0 0 0 0 0 4.73971238732338 7.426009595394135 16.35048528015614 299.0215247273445 10.43512365967035 190.8165062814951 55.86673786491156 107.4659294858575 47.06183306872845 1.980419754981995 27.44039358198643 10.10285690426826 0 0.1921936869621277 0 2.398152105510235 0 0 0 3.694112241268158 0 36.98534814268351 3.456883616745472
697.1827075779438 291.4098968729377 49.95348471403122 2838.616474628448 30.72372451424599 119.5828567445278 527.1074244976044 105.4072041511536 28.47546114772558 3286.888867907226 285.9433981180191 328.8107120096684 1321.153967179358 304.8362695872784 9.176288917660713 4.457964465022087 0.5998758673667908 0.09257034957408905 0 0 1.572161376476288 2.418803602457047 0.3252306580543518 0.1158971562981606 1.553670257329941 0 0 1.073705330491066 0.1535437554121017 0 15.08075126260519 1.107144013047218 88.67180286347866 0.4698018506169319 0.1018014922738075 1.73343588411808 359.7549044266343 3.980074524879456 10.65429851412773 3.237905636429787 4.757613778114319 0.9290643185377121 0.3106091246008873 0.7438428327441216 0 0.2841347754001617 12.51351010799408 0.1022974923253059 0 0.2720307856798172 0 1.318754225969315 3.687332093715668 0.9351867735385895 1.33201365172863 1.743566408753395 4.977070443332195 10.68332018703222 1.296223007142544 2.274691924452782 10.13941642642021 15.25942985713482 3.492572724819183 4.836572699248791 0.8231809139251709 0.6690682992339134 0.09276095777750015 0.2036809995770454 0.7307650968432426 1.433861523866653 367.2945063412189 6.81056909263134 0.9690068811178207 12.22435890883207 2.331148058176041 9.026557929813862 10.60996191948652 8.890029080212116 2.964453086256981 35.49936993420124 5.074537292122841 15.55988405644894 1.983505733311176 0.09780533611774445 0.168729692697525 0.9488832354545593 0.3006491512060165 0.8859576359391212 0.4109975695610046 0.2552126049995422 0 0.8680606707930565 1.926286056637764 0.8826831132173538 0.2892218306660652 681.5273082256317 58.20989163219929 0.8186584860086441 46.30910392850637 30.86208187043667 2.053220994770527 50.62659128755331 16.67632475495338 66.03409759700298 10.11036051809788 41.25469180196524 44.41535461694002 28.3223247975111 42.82818409055471 40.36803352087736 15.95601916313171 51.22551535815001 70.27767602354288 34.81462345272303 75.10573694109917 0 0 0 0 0 0 0 0.1990374475717545 0 0 0 0 1.927004307508469 0.2295390963554382 0.1969154626131058 0 0.7196227014064789 0.2107124328613281 0 3.720508232712746 7.430886410176754 0 0.9518762081861496 0.8333055078983307 29.08372688293457 15.47819182276726 40.7367622628808 6.825817003846169 16.00389786809683 0 0.4161438941955566 0 0 0.3812633752822876 0.8228713870048523 0 0.1474726796150208 0.2401108592748642 0 0 0.6157741546630859 2.07645682990551 0 0 0.16424261033535 0 1.964077413082123 2.088483259081841 5.524673335254192 0.2336941510438919 3.720389157533646 39.82184629887342 1.143725328147411 0.381230816245079 0 0 0 0 0 0 0.1214401721954346 108.0972456485033 1.13769257068634 0 0 0 28.23363891243935 16.37552885711193 43.04525292664766 1.444927930831909 1.56703682243824 0.780563585460186 0 0.859363853931427 0 0 0 0 0 0 0.09742120653390884 0 52.41082187741995 20.98088771104813 34.92930943518877 172.2414000704885 5.167852155864239 33.68103763461113 18.96685918420553 75.89837598800659 5.987088993191719 0.38836270570755 15.68205627799034 237.9408280327916 0.1227152869105339 2.469120025634766 1.513286851346493 105.9658572971821 0.7721272930502892 0 0 1.020983785390854 0 420.8683238551021 38.60342944413424
400.0898607298732 3465.951862599701 318.8590259775519 977.481543213129 1689.622530721128 66.96259393543005 4693.369720131159 356.8281009942293 1405.28749140352 3067.12911221385 1125.465165548027 1321.153967179358 3933.598478123546 6815.442995063961 53.30227373540401 17.76070816814899 0.5063406676054001 0.3715703412890434 0 0.4624789357185364 3.520662471652031 8.20290794968605 1.131051138043404 1.419584974646568 2.919528126716614 1.243403427302837 0 1.410135686397552 0.768630176782608 0 63.75623349100351 15.23224912583828 458.353719457984 1.540425732731819 0.2582128420472145 2.84156359732151 911.7071919739246 14.94303231686354 31.35467326641083 3.995579496026039 8.74939864128828 1.496793612837791 0.6860565990209579 5.028391532599926 0 0.7993054240942001 88.77430199831724 3.223035499453545 0.2385264411568642 0.9673265442252159 0.9131009429693222 1.157288581132889 8.362857639789581 1.132668562233448 9.717139095067978 18.36705235391855 21.39296443760395 49.27375096082687 17.18963168561459 19.30582365393639 16.11037842184305 46.43532440811396 8.987573035061359 29.52008683979511 2.95581878721714 2.023681879043579 0.5991783887147903 1.447329804301262 1.608811929821968 8.020852796733379 605.6722018197179 7.445512712001801 0.3510217815637589 114.2801094204187 10.582405410707 85.28161173313856 67.79205667227507 51.54928675293922 6.917904525995255 71.11777804791927 6.486711144447327 28.6056055277586 16.3102757781744 2.419490121304989 3.323350053280592 7.779010206460953 2.006966449320316 3.747595570981503 3.283281266689301 1.708588309586048 0.2705777809023857 0.846684142947197 6.017734214663506 1.354113191366196 0.7036108672618866 788.7908776924014 87.88886742293835 3.78675851225853 98.11311786621809 51.20091763138771 3.468941390514374 62.11489317566156 31.56043890863657 95.56199383735657 6.453747391700745 134.9903203696012 59.33190415799618 38.84679155796766 66.24887826293707 49.11032247543335 19.74997169524431 65.48826912790537 109.9693019017577 40.58519521355629 90.13541562110186 0.5259351134300232 0.08322897553443909 0 0 0 0.6103094518184662 0 0.1319029182195663 0 0.1693640500307083 0 0 6.245159685611725 0 0.4641240909695625 0.2729977518320084 0.12392358481884 0.1709664165973663 0.128104567527771 3.233494006097317 8.911525025963783 0 0.6575782895088196 0.1549021750688553 47.85033971816301 12.63601457327604 58.58529461920261 17.16434010863304 20.58151553571224 0.2802778631448746 0.1705656945705414 0 0 0 0 0 0.1301260441541672 0.6820416450500488 0 2.259307384490967 0 2.180659219622612 0 0.3943248093128204 0.2778855413198471 0 1.426553964614868 2.006332196295261 9.767051853239536 0.2995093464851379 0 50.63671987503767 1.195389240980148 0.3528706282377243 0.1371631175279617 0 0 0.1150558218359947 0 0 0.3887059390544891 132.9989666640759 1.398877397179604 0 0 0.1362549662590027 30.85018051415682 14.45046946406364 55.49524486809969 1.219088703393936 0.5209349915385246 0.7862979993224144 0 0.1304565221071243 0 0.1466564387083054 0 0 0.127675473690033 0 0 0 74.53021746873856 29.27688610553741 43.80371968448162 690.577819429338 27.60162874311209 284.363465577364 107.3776205778122 277.284636311233 73.05533640831709 2.017824247479439 62.7164843454957 303.20510276407 0.7292109131813049 2.46877621114254 0.1182741522789001 143.3458864614367 1.605822920799255 0 0.9790227115154266 4.368613444268703 0 549.2730392813683 47.91240296512842
