479.5040753260255 4836.909502014518 349.9195582270622 1063.000869326293 1082.13828894496 196.5074070096016 1072.272957988083 78.5529795512557 25.93741438537836 1218.388823822141 175.7895887643099 152.3911960050464 179.0833950787783 111.3946319445968 1.258513405919075 1.349806495010853 0.1443524360656738 0 0 0.09401842206716537 0 0 0.3838633894920349 0 0 0 0 0 0 0 655.0848340243101 0.4209247231483459 7.072215542197227 0 0.1374177783727646 0.1681186258792877 5.280579075217247 0 1.010289020836353 0 0 0 0 0.6385947093367577 0 0.1842836067080498 11.08489561080933 1.542807549238205 0.1282866895198822 0 0.1019456461071968 0 0 0.08771688491106033 4.453958317637444 3.060134366154671 350.7641708776355 1185.876547664404 73.21978490054607 10.85187517106533 0 0.4492567554116249 0 2.393183663487434 5.494558617472649 4.84522295743227 2.060951687395573 0.2550967037677765 0.07646655291318893 0 13.43971269577742 2.989684581756592 0 138.9025256633759 24.34587974846363 26.25413417071104 0.4874942228198051 0.3285736441612244 0 4.592283554375172 0.09047006815671921 0.8811573833227158 13.25538237392902 0.277279295027256 6.241801865398884 8.344567768275738 0.8281629830598831 0.09089251607656479 3.113726086914539 0 0.6861010193824768 0.115426704287529 0 0 0.1254121512174606 16.89999301731586 14.38497920334339 0 4.518309742212296 1316.608538135886 0.1564368903636932 2.190200626850128 0 0 0 9.867590859532356 4.579836159944534 0 10.79296854138374 1.277234315872192 0.9805300235748291 11.08533097803593 18.17620560526848 5.417257606983185 2.148952394723892 0 0 0 0 0 0 0 0 0 0 0 0 0 0 0 0 1.271931290626526 0 0 1.200995445251465 0.2941928207874298 0 0 0 2.0108997002244 0.4194734990596771 3.717089228332043 3.939161568880081 0.5399295091629028 0 0 0 0 0 0 0 0 0.1464012861251831 0 0 0 0 0 0 1.380415201187134 0 0 0 0 0 0 2.29053607583046 0 0 0 0 0 0 0 0 0 10.18070910871029 0 0 0 0 0 0 0 0.7346702218055725 0.1490628123283386 0.9716541171073914 0 0.1397305876016617 0 0 0 0 0.08135105669498444 0 0 0 7.471658036112785 2.867360204458237 12.25172448158264 145.9471633285284 2.24064189940691 60.72032111883163 3.439979180693626 847.0596608519554 4.885146506130695 0.7842277437448502 0.915703296661377 4.742689713835716 0 7.613555490970612 0.6151537299156189 19.38558232784271 0.7335663437843323 0 0.4635323286056519 1.055153205990791 0 170.4048169255257 10.89600110054016
4836.909502014518 2979.845983780921 944.9606785103679 374.6459662988782 4326.569335006177 101.5079279839993 5644.048641450703 299.7599177062511 1586.430812135339 705.2479567378759 1420.156649127603 130.266439512372 566.4479595050216 789.8429358303547 12.08368639647961 3.735328234732151 0.6076904609799385 0.1281493604183197 0 0 0.1028870493173599 0 0.1956421285867691 0 0 0.273523285984993 0 0 0.2925593256950378 0.2315090447664261 2472.928945533931 10.17202746123075 23.60441439598799 0.08163264393806458 0.4249090775847435 0 19.8211562782526 0.7598371654748917 1.117263905704021 0.2517325431108475 0 0 0 1.42676268517971 0.07999890297651291 0.3347282186150551 100.8142787367105 5.042436771094799 0.3110066279768944 0.2138140648603439 1.049281351268291 0.09061523526906967 0.1183627173304558 1.240956895053387 12.24752841889858 11.66650093346834 349.664338208735 1241.578786537051 105.797041580081 49.0545609369874 0.6658124476671219 1.587436527013779 0.9461586698889732 27.53720657527447 18.51304399967194 19.86675280332565 7.965786918997765 1.46099341660738 0.2561545073986053 0.09910207986831665 13.96321845054626 0 0 394.5734615549445 111.5997651442885 96.03766390681267 3.842691078782082 4.630570739507675 0.1737627312541008 42.7989684343338 0.975111685693264 4.741201937198639 47.84228305518627 0.2434259057044983 17.9182139262557 29.314617395401 3.571087062358856 0.8200941830873489 13.77279853075743 0.2501954808831215 1.220823429524899 0.194925419986248 0.1165774092078209 0.2912100702524185 0.1568530201911926 7.776730507612228 6.706786334514618 0 4.205802068114281 836.7650351375341 0 0 0 0.6039116978645325 0 3.87148705124855 2.120984375476837 1.138975530862808 1.609915286302567 1.02018840610981 0.4040347337722778 7.415022060275078 6.582904160022736 5.982461392879486 1.957772061228752 0 0 0 0 0 0 0 0 0 0 0 0 0 0 0 0 0 0 0.2346639782190323 0 0 0 0 0 3.649922110140324 0 1.533220186829567 0.7775501012802124 1.054284691810608 0 0 0 0 0 0 0 0 0.3054996058344841 0 0 0 0 0 0 0 0 0.4624758362770081 0 0 0 0 0.1370400637388229 0 0 0 0 0 0 0 0 0 6.899776265025139 0 0 0 0.1188745349645615 0 0 0 0 0 0 0 0 0 0 0 0 0 0 0 0 3.459675796329975 0.9444434642791748 1.714506953954697 379.7198307514191 7.37757084518671 340.0785144492984 19.87934452295303 437.916773378849 34.35378676652908 3.332204066216946 4.984989643096924 1.622111648321152 0.1225871741771698 2.616197347640991 0 6.075806230306625 0 0 0.9778550863265991 7.455409362912178 0 305.3276415914297 6.185466855764389
349.9195582270622 944.9606785103679 2597.615080848336 5.875612176954746 624.9715520963073 0.4733482897281647 60.04001712799072 2676.348790459335 176.3636808693409 11.44056916236877 1264.766098357737 61.58373744785786 215.1922069266438 466.5968099981546 17.10470923781395 16.11837588250637 0.3419086113572121 0 0 0.2800206243991852 1.558720663189888 0.6594416871666908 4.372101619839668 1.87322361767292 0.6634665876626968 1.13124792277813 0.7939429581165314 0.1750583350658417 0 0 5290.898036286235 224.6658350378275 201.11534512043 0.9818503260612488 4.117865324020386 6.842847555875778 148.7820145711303 8.42786131054163 10.39665945619345 2.157635219395161 0.5437703728675842 0.1279405802488327 0 2.88655348867178 0.4873679280281067 0.2844489216804504 38.02762773633003 1.401780441403389 0.7626964300870895 0.0957769975066185 5.852735407650471 0.6940334290266037 0.08740482479333878 1.508684873580933 3.851850382983685 3.247194357216358 168.5164228007197 943.4102338030934 59.74867123365402 13.76413146406412 11.29651026427746 32.62177098542452 4.172676496207714 55.48725768923759 5.119896173477173 5.575914531946182 3.766924560070038 1.553829602897167 0.9608689770102501 1.404154390096664 57.9309855774045 0.6800389587879181 0 154.1910097002983 60.13786593824625 38.42321950942278 5.272879980504513 8.65866456925869 104.2072757706046 1476.273316137493 3.502500966191292 314.5979398712516 13.77432744950056 0 6.838667571544647 8.156956121325493 1.260628797113895 0.1245887726545334 4.154324755072594 0.2446231544017792 1.265468053519726 0.4673493057489395 1.748563885688782 1.792558223009109 1.419341519474983 2.176745429635048 4.90724965184927 0 2.659992292523384 110.1827430576086 0 0 0 0 0.2538686394691467 0.5259076952934265 0.624066025018692 0.4531665146350861 0.274979293346405 0.3634229600429535 0.3126851320266724 3.903454378247261 3.703041478991508 3.150935858488083 1.012943997979164 0 0 0 0 0 0 0 0 0 0 0 0 0 0 0.1205722168087959 0 0 0 0.3708382844924927 0 0 0 0.221102848649025 0 4.606152087450027 0 3.123051166534424 0.7371557205915451 0.125928208231926 0.1388636976480484 0 0 0 0 0 0 0 0.5401043742895126 0 0 0 0 0 0 0 0.09298926591873169 0 0 0 0 0.3118439614772797 0.2772943079471588 0 0 0 0 0 0 0 0.2222282439470291 0 5.535367399454117 0.504306972026825 0 0 0 0.4908222705125809 0 0 0.8028497099876404 0 0 0 0 0 0 0.09466635435819626 0 0 0 0 0 2.171067252755165 1.51863594353199 3.325791545212269 115.7886329889297 4.091807886958122 104.2467257380486 12.49935349076986 35.65468265861273 8.692845202982426 0.5135063827037811 2.841444596648216 1.191369950771332 0 2.886636272072792 0 1.741450518369675 0 0 0 1.750699326395988 0 71.94637157022953 5.664638757705688
1063.000869326293 374.6459662988782 5.875612176954746 481.2147532626987 141.2955307140946 232.471426486969 2096.91591476649 1.343836538493633 11.31338015198708 2011.675489298999 5.417840853333473 449.9137276187539 626.6975450441241 22.4038595110178 0.6930748894810677 0.216416671872139 0 0 0 0.1180751174688339 0 0 0 0 0 0 0 0.108114942908287 0 0 4.744016587734222 0.1086504384875298 1.016838192939758 0 0 0 1.510072186589241 0 0.1997939795255661 0 0 0 0 0.1916993707418442 0.1346926391124725 0 6.337506718933582 0.2206636816263199 0.1289346218109131 0 0 0.1252064555883408 0 0.09085788577795029 1.137244574725628 0.9486212134361267 117.5824043080211 216.9774091690779 19.07255946099758 5.047520138323307 0 0.1154954805970192 0.1877306401729584 0.958028107881546 1.964590318500996 1.886159107089043 0.4990908578038216 0.2191328033804893 0 0 11.10704329609871 0 0 53.34958051145077 7.893299594521523 12.35387213528156 0.1218547746539116 0.1088240593671799 0.08621682226657867 0.305042564868927 0.1013966947793961 0.8016445264220238 6.606579408049583 0.08936616778373718 2.048807561397552 4.280674487352371 0.6647199019789696 0 0.6019318699836731 0 0.1025867164134979 0.152183786034584 0 0 0 25.15251097083092 15.27105368673801 0 2.46016376465559 748.9947995916009 9.783344261348248 58.42466397583485 128.2454617395997 99.4338816255331 0.4249225407838821 142.3304149210453 52.35822120308876 7.345194637775421 134.2963233441114 20.33337672054768 0.1382961720228195 97.09634646773338 139.2599292695522 30.39900720864534 4.315709859132767 0 0 0 0 0 0 0 0 0 0 0 0 0 0 0 0 0 0 0 2.29372775554657 0 0 0 0 3.952690541744232 0 3.650141507387161 4.983224540948868 0.667930543422699 0 0 0 0.1162827908992767 0 0 0 1.24677586555481 4.497758157551289 0.1386472433805466 0 0 0 0 1.206450931727886 1.84004308283329 0.342921070754528 4.054790981113911 3.456585712730885 0.5060908198356628 0 0 1.661798715591431 0.2025717347860336 0.8959275186061859 0.2961728572845459 0 0 0 0 0 0 14.43013934791088 1.969261765480042 0 0 0 0 0.08507642894983292 0.4187359213829041 6.80944935977459 4.251861087977886 0.7348644435405731 0.3534808754920959 0 0 0 0 0 0 0.1166099160909653 0 0 10.99223400652409 2.879068538546562 6.433640047907829 107.9542383775115 0.6507415398955345 27.39695877581835 1.402886755764484 663.827656365931 2.129169255495071 0.1420136839151382 0.8064964190125465 12.67203928530216 0 10.35357759147882 0.552685409784317 28.41329343616962 0.7619545310735703 0 0 0.1680801063776016 0.7868513464927673 167.8374528288841 14.36242490261793
1082.13828894496 4326.569335006177 624.9715520963073 141.2955307140946 1985.611834309995 31.57048234343529 2291.149108618498 374.1446584388614 3151.302931800485 585.6238867044449 1468.533197820187 201.8085328266025 534.1864807903767 1130.641565158963 41.14751127362251 8.818260051310062 0.4394468292593956 0.6857722997665405 0.109470471739769 0 0 0 0.2679469585418701 0.1160047650337219 0 0.1695829480886459 0 0.4432486519217491 0 0 397.2310649976134 7.844775572419167 15.45071894675493 0.1375440508127213 1.136654376983643 0.6419184058904648 14.20872785151005 0.7196475863456726 2.703121796250343 0.1519692242145538 0 0.380203403532505 0 1.701085932552814 0.1080779060721397 0.230351448059082 174.271598353982 4.792977914214134 0.09501008689403534 0.1006602793931961 0.9705513790249825 0 0.3270697742700577 0.4089668840169907 8.386813089251518 10.2565181106329 120.5027505755424 365.006705366075 52.39156150072813 52.74402611702681 0.944645993411541 0.4575515240430832 0.8318456411361694 40.84591660648584 16.00049992650747 14.9125494286418 8.401897214353085 1.084013022482395 0.5009215250611305 0 21.47494455426931 1.098133563995361 0 210.1128001660109 87.98711258918047 94.89796506613493 16.167919293046 17.90333652496338 0.8990382477641106 29.20098226517439 0.6716573089361191 4.653325892984867 35.2570528537035 0.08842278271913528 20.08283627778292 25.40729265660048 3.291284300386906 0.501212939620018 10.46232630312443 0.1089775264263153 1.858336962759495 0.7117995470762253 0 0 0.1687884628772736 5.924573644995689 25.46694715321064 0 4.736138612031937 57.68120634555817 0 1.685210585594177 0 0 0 6.333208978176117 0.7977538257837296 1.162378430366516 0 3.740520536899567 0 11.14996390044689 12.88014176487923 12.58775573968887 6.001248612999916 0 0 0 0 0 0 0 0 0 0 0 0 0.1025147587060928 0 0 0 0 0 0 0 0.3723756670951843 0 0 0 8.568448349833488 0 4.203787639737129 0.7386224120855331 0.7201796770095825 0 0 0 0 0 0 0 0 0 0 0 0 0 0 0 0 0 0.7207340002059937 0 0 0 5.445602416992188 3.709064349532127 0.2418241500854492 0 0 0 0 0 0 0 0 17.95967970043421 0 0 0 0 0 0 1.560892999172211 0.4191129952669144 0.9049001783132553 0 0 0 0 0 0 0 0 0 0 0 2.658843576908112 7.825521931052208 11.48363961279392 614.3682333528996 11.19380467385054 524.4528194665909 59.22945761680603 115.6465603485703 60.7912617996335 7.167206972837448 14.03907479345798 12.86707999557257 0 7.024824306368828 1.097163364291191 5.671333193778992 4.808890879154205 0 0.1580978184938431 6.217233926057816 0 190.5431411787868 7.244652532041073
196.5074070096016 101.5079279839993 0.4733482897281647 232.471426486969 31.57048234343529 0.4813868254423141 110.8974217325449 0.3589798733592033 8.15489087998867 1154.964784368873 6.702005609869957 306.1130421459675 135.8994118869305 14.82989523559809 0 0.1465442776679993 0 0 0 0 0 1.008622765541077 0 0 0.1415686756372452 0 0 0 0.1332132667303085 0 1.550842463970184 0 1.426122605800629 0 0 0 7.024083778262138 0.9285769164562225 4.182151511311531 0 0 0 0 0 0 0 2.032515481114388 0.1175986602902412 0 0 0.293587900698185 16.16319716721773 3.401518672704697 0.1075053364038467 0.1366963386535645 0.5400402694940567 333.1881479024887 11.54160740971565 1.099966861307621 0.2651972696185112 0 0.3996192663908005 0 0.1011655256152153 0.3900058567523956 0.1654932498931885 0.1116573140025139 0.1695027053356171 0.2389044910669327 0 138.6163783743978 101.6774232834578 15.87455129623413 1.965768337249756 0.1004014611244202 1.528645858168602 0 0 0 0.6350962519645691 0 0 0.665136530995369 1.428908914327621 0.2326161861419678 0.6695645526051521 0.470131941139698 3.335147134959698 1.642910107970238 9.593611605465412 0.9930529966950417 4.717358633875847 0 0 0.3744918406009674 162.4856012314558 157.3658381402493 21.33602300286293 58.85747285187244 384.172584541142 0.142780140042305 3.770208016037941 1.347460940480232 1.178068041801453 0.2577294409275055 1.739276707172394 20.40261790156364 0.9510640501976013 5.017982244491577 5.372383207082748 0.1926686465740204 22.18489907681942 23.88601171970367 15.83095341920853 5.081432685256004 0.4597771763801575 0.3154297173023224 0 0 0 0 0 0 0 0 0 0 1.197432488203049 0 0 0 0 0.237707793712616 0.3287499248981476 0 0 0 0 0 5.645847707986832 0 7.354983642697334 2.738988906145096 1.53871214389801 0 0 0 0 0 0 0 0 0.9674690961837769 0 0 0 0 0 0 0 0 0 0 0.7000149488449097 0 0 3.913605004549026 0 0 0.8133291602134705 0 0 0 0 0 0 23.72190888226032 0.2126522064208984 0 0 0.1022346466779709 0.3496399372816086 0 0.2690469920635223 0.7983431220054626 0 0.128009244799614 0.1236071363091469 0 0 0 0 0 0 0 0 0 27.89147979021072 8.292264759540558 10.61370207369328 74.09725417196751 0 4.890510752797127 0.6772119700908661 205.2449119985104 1.372299000620842 0 0.2146745622158051 2.027897864580154 0 9.939428865909576 0 45.15818621218204 4.211852073669434 0 0 0 0 224.5746612325311 48.40649273991585
1072.272957988083 5644.048641450703 60.04001712799072 2096.91591476649 2291.149108618498 110.8974217325449 1983.19285851717 70.79628777503967 3411.809105239809 2874.032870873809 352.8130219429731 824.9467914327979 5761.644680775702 4769.042548887432 37.22382814437151 11.93572320044041 0.1841259002685547 0.1009333208203316 0 0 0.09543173760175705 0.1345062851905823 0.1012737080454826 0 0.09449522197246552 0.08393201977014542 0 0 0.09375041723251343 0.07926841825246811 88.65991592407227 4.972387611865997 4.651553340256214 0 0.5895130932331085 0.09376396238803864 10.78765381872654 0.2086230888962746 2.638211570680141 0.1016879454255104 0.1325560659170151 0.1103404462337494 0.0881994217634201 3.019937381148338 0.08521681278944016 0.1742468550801277 135.1914221942425 4.122000239789486 1.191094808280468 0.2029276490211487 0.8378153070807457 0 0 0.2455000728368759 11.41165053844452 7.852763816714287 173.9608608186245 394.0519825965166 59.71114440262318 47.61267886310816 0.9891795590519905 1.927379660308361 0.5862905755639076 27.15101803094149 14.99701909720898 11.59934458881617 7.065881460905075 1.124144695699215 0.1120193377137184 0.2339737415313721 32.23713545501232 0.7106634974479675 0 220.5183105021715 74.58881060779095 90.59710536897182 12.77877853065729 17.3686061128974 0.5205642059445381 2.820626817643642 0.8910559937357903 4.895777218043804 35.79379731416702 0.1743209958076477 16.57720768451691 22.98644173890352 4.000186927616596 0.1955310627818108 9.448925204575062 0.225503146648407 0.7901770621538162 0.4908197298645973 0 0.183129146695137 0.647654689848423 36.90956856310368 41.634097866714 0 14.67327711731195 307.6606009751558 4.53058435022831 11.31911626458168 69.56311406940222 33.86207343637943 0.3058628290891647 74.21083900332451 14.04710169136524 19.14985693991184 100.2718802839518 8.756879284977913 1.878401383757591 62.08982501924038 55.89673137664795 41.9568023532629 30.34387584030628 0.5280575752258301 0 0 0 0 0 0 0 0 0 0 0 0 0 0 0 0 0 0 2.588752955198288 2.98288606107235 0 2.164353132247925 1.342045545578003 16.69870188087225 1.695520043373108 18.67364130914211 8.743107974529266 2.216998785734177 0 0 0 0.2416498064994812 0 0 0 4.011357679963112 6.501171492040157 0 0 0.08190800994634628 1.001343011856079 0 0.3684962913393974 1.090230040252209 0.25651516020298 2.242066763341427 3.407557390630245 0 0 1.396962590515614 14.55223685503006 0.8670183122158051 1.198056876659393 0.2259384989738464 0 0 0 0 0 0 62.91672956198454 0 0 0 0.1994329392910004 4.412077493965626 0 1.921982266008854 6.665997810661793 5.32428015768528 2.612484887242317 0.1906466037034988 1.445948049426079 0 0 0 0 0 0 0 0 21.41661596298218 16.38506770133972 23.36618377268314 582.8607677444816 10.24669677019119 392.9039314985275 46.07511859387159 435.0943004265428 39.34393671154976 3.676354572176933 10.9754331111908 26.18790989369154 0.1621287316083908 22.65500423312187 6.005872189998627 28.1562752276659 5.52784352004528 0 0 12.74050603806973 2.151141881942749 273.0458302721381 35.11932335048914
78.5529795512557 299.7599177062511 2676.348790459335 1.343836538493633 374.1446584388614 0.3589798733592033 70.79628777503967 247.3498088493943 624.2044139355421 6.539093308150768 1814.553697325289 31.61674147844315 279.5467256307602 1716.080715551972 34.95598734170198 17.93539822101593 1.250796183943748 0.2380546480417252 0.09063779562711716 2.943715393543243 11.96484938263893 0.261423647403717 8.545184701681137 7.917858064174652 3.798577651381493 0.3825051784515381 3.266305431723595 0 0.2073165774345398 0.1524362117052078 1882.658573232591 828.3372042030096 104.3705187514424 0.9610104262828827 12.04563144594431 5.591408051550388 73.71460205316544 5.304753303527832 5.675817623734474 0.2770961970090866 0.8143711537122726 1.067022293806076 1.490560367703438 63.83655622601509 0.7937975749373436 0.8444702252745628 90.21306749433279 1.069884240627289 0.7777479216456413 1.40065261721611 12.83788511157036 0.2243900448083878 0 0.7379683405160904 3.816813439130783 3.082808099687099 74.82660254836082 449.8797032684088 26.59650371968746 18.84931095689535 92.14138960838318 61.62245324999094 3.74883060157299 339.6572519540787 4.956989236176014 4.792379707098007 4.696732901036739 4.682329505681992 15.71117811650038 5.513792395591736 27.58509197086096 0 0 94.38003066927195 100.0806119069457 47.80421358346939 29.74806827306747 283.1007070839405 1244.739629805088 995.7290823608637 437.7989587858319 679.9330007433891 13.62789338827133 0 6.913377970457077 10.4501127153635 3.350509032607079 0.1159448623657227 4.165035702288151 0.1555192023515701 2.067014671862125 0 5.250824227929115 3.436241403222084 0.7358642518520355 3.629481881856918 1.271478891372681 0 1.266623474657536 10.15701670199633 0 0 0 0 0 0 0 0 0.544831395149231 0 0 0 0.2718529179692268 0.5158350467681885 0.3800329267978668 0.1818306148052216 0 0 0 0 0 0 0 0 0.3757202327251434 0 0 0 0 0 0 0.2617165446281433 0 0 0 0 0 0 0 0.2339660674333572 0 0.2361476570367813 0.5433262810111046 0.1379530131816864 0 0 0 0 0 0 0 0 0 0 0.2173933088779449 0 0 0.3247690796852112 0 0 0.1162645667791367 0 0 0 0.9900835752487183 0 0 0 0 0 0 0 0 0 0 0.3718904852867126 2.391092047095299 0 0 0 0.1929510533809662 0.407560259103775 0 0 0 0 0 0 0 0.2702475786209106 0 0 0 0.3835726976394653 0 0 0 0 0.9032923877239227 0.790696769952774 135.8201850876212 2.139752134680748 166.6300306618214 21.3577772974968 17.68937996774912 10.74686709046364 1.372727014124393 4.919356033205986 0.6026706099510193 0 0.7641916871070862 0 0.7789703905582428 0 0 0.2379365712404251 1.02823731303215 0 52.0147096440196 0.9127273857593536
25.93741438537836 1586.430812135339 176.3636808693409 11.31338015198708 3151.302931800485 8.15489087998867 3411.809105239809 624.2044139355421 581.1442474722862 92.11012051999569 1347.60450155288 64.18897393345833 516.4872547462583 1038.855711869895 20.17561317980289 7.927531488239765 0.1387327462434769 0 0 0 0 0 0 0 0 0 0 0 0 0 37.76213780045509 1.462768509984016 9.119536556303501 0 0 0 9.162990249693394 0 0.1342330127954483 0 0 0 0 1.744048714637756 0 0.1183487325906754 38.80467841029167 0.4917548298835754 0.188182920217514 0 0.1526014655828476 0.3664297461509705 0 0.1449477970600128 0.8263900429010391 0.8158640116453171 10.97275390475988 32.27226547151804 4.794850140810013 6.593009799718857 0.6110637784004211 0 0.252104640007019 8.661575205624104 1.845741055905819 1.171784475445747 0.9057239443063736 0.2984170019626617 0.09223473817110062 0 14.60355388373137 0 0 21.93261451274157 12.98129262030125 18.31399577111006 6.576474837958813 10.34590605646372 0.2760375291109085 1.297713302075863 0.09211886674165726 1.893629632890224 3.923942230641842 0 1.705123253166676 2.960850834846497 0.4155902490019798 0 1.323029577732086 0.1066171005368233 0.3004012107849121 0.1048185750842094 0 0 0 10.47476050257683 11.80729705095291 0 1.901387631893158 2.506358712911606 0 1.768605798482895 0 0.9391595721244812 0 5.693083524703979 1.13198110461235 1.841425895690918 2.620069414377213 1.935715958476067 0 9.515605106949806 19.62201565504074 11.79361933469772 5.575885862112045 0.3110690414905548 0 0.316251128911972 0.179784968495369 0 0 0 0 0 0 0 0 0 0 0 0 0 0 0 0.1378924995660782 0 0 0 0 4.042135328054428 0 6.052085027098656 1.925560906529427 0.7823761999607086 0 0 0 0 0 0 0 0.4079623818397522 0.3979332149028778 0 0 0 0 0 0 0 0 0 0.5123223066329956 0 0 1.107585772871971 0.4354596883058548 0 1.368010640144348 0 0 0 0 0 0 0 14.33865489065647 0 0 0 0 1.567764535546303 0 0.5592774152755737 0 1.33772611618042 0 0 0 0 0 0 0 0 0 0 0 4.832813382148743 7.921594008803368 11.79635798186064 161.6296823620796 3.129155278205872 109.1636015027761 22.72138706594706 22.55389991402626 12.03431867808104 0.7688359394669533 4.937508553266525 3.900183022022247 0.8684520125389099 4.255300492048264 0.6794901490211487 13.06947016716003 0 0 0.313414067029953 7.274222999811172 0 36.29049701988697 8.963379859924316
1218.388823822141 705.2479567378759 11.44056916236877 2011.675489298999 585.6238867044449 1154.964784368873 2874.032870873809 6.539093308150768 92.11012051999569 2106.280737787485 36.96489733457565 3763.040100619197 6590.019551254809 193.8596309944987 16.24255856126547 5.281478434801102 1.230869628489017 0.1714271157979965 0 0.3659011274576187 0 0 0.1025701984763145 0 0.1003695949912071 0 0 0 0.4427611753344536 0.2016852200031281 24.80585902929306 0.3656868040561676 10.5501062721014 0 0.2412761524319649 0.2574603259563446 33.22151160240173 0.9591706395149231 13.27186348289251 0.1052121669054031 0 1.110267639160156 0 0.6197662353515625 0.1975084468722343 0.1325572729110718 102.2460426017642 4.546454519033432 0.1990015879273415 0 0.9774586334824562 0.5717476904392242 0 0.1186234652996063 10.39559733122587 9.611930906772614 254.6942704319954 344.1559247002006 50.96028135716915 37.21604034304619 0.9644470885396004 15.51829327642918 0.7535828351974487 10.59711416065693 13.11850833892822 11.15637436509132 8.574972935020924 0.8595485389232635 0.3509687706828117 0.1399872452020645 293.3823581188917 14.76586927473545 0.7605942562222481 215.0138704553246 46.95717577636242 68.54692203551531 6.190129674971104 5.810883693397045 0.4100003242492676 7.395725466310978 0.2391064390540123 12.99878910928965 35.92564648389816 0.07860769331455231 17.02193545550108 23.21722856163979 4.309902511537075 0.09094641357660294 9.508385494351387 0.8250885903835297 1.462503150105476 0.9504528418183327 0.2158162966370583 0.2515410110354424 0.512543149292469 222.1153956502676 295.7635967731476 3.352244436740875 82.5562291815877 831.3206191733479 1.033515334129333 17.36862313747406 13.07665173709393 16.31767135858536 0.2904651165008545 36.19797667860985 36.72951351106167 12.7021451741457 66.88247565925121 26.66127182543278 7.326878890395164 128.6154515296221 125.1638143286109 95.88217728585005 40.54824794828892 2.165190801024437 0.8444232419133186 0 0 0 0.2676051259040833 0 0 0 0 0 0 1.564771801233292 1.011828780174255 0 0 0.4723806381225586 0 2.362587809562683 1.575641289353371 1.261117964982986 0 5.091147005558014 0 37.87021823227406 2.576840877532959 50.81621097773314 17.93157539516687 7.631226658821106 0 0.6386229991912842 0 0 0 0 0 1.39411985874176 8.831883549690247 1.034008383750916 0 0 2.301399528980255 0 0.2038859128952026 1.258188188076019 0 1.578624241054058 1.135899916291237 0 7.049361824989319 4.94930624961853 28.16644005477428 0.6926231384277344 0.1314826160669327 0 0 0 0 0 0 0 126.8146620243788 0 0.2163283824920654 0 0 5.276170209050179 0 2.370655432343483 4.88486684858799 3.917190887033939 3.003432869911194 1.816658034920692 3.231652185320854 0 0 0 0 0 0.09158125519752502 0 0 84.70988234877586 50.54643294215202 68.86213014274836 971.9873785227537 11.26536633074284 373.2889776229858 36.05314203351736 1671.72685123235 54.01300223916769 12.35242918133736 17.34779489785433 43.3781703338027 0 39.56334345787764 11.49233365058899 138.9303204268217 9.24338573217392 2.088598966598511 1.645873367786407 7.964148953557014 0.5267072319984436 879.4960093125701 113.5443379878998
175.7895887643099 1420.156649127603 1264.766098357737 5.417840853333473 1468.533197820187 6.702005609869957 352.8130219429731 1814.553697325289 1347.60450155288 36.96489733457565 1005.254469431937 178.6406368389726 1049.495981059968 2646.475905761123 61.1285500228405 37.56573990732431 2.005465023219585 0.1621572822332382 0 0.4406963288784027 0.8177000880241394 1.82873909175396 1.30078249424696 0 1.031378611922264 0.1181169748306274 0 0 0.1357211321592331 0 344.3254404291511 19.50149539858103 967.2584176510572 0 3.850976310670376 9.049112647771835 401.3793264776468 11.34289100766182 16.92188166081905 1.570114314556122 0 2.786956071853638 0 9.006136238574982 0 1.141172736883163 93.27936274558306 0.6918135285377502 0.843081533908844 0.455900639295578 3.795176140964031 1.450999721884727 0.5718187689781189 1.351751998066902 2.278239727020264 2.61091934889555 41.025759331882 144.3096959665418 15.84707409888506 20.68823879212141 2.538280338048935 143.3231211230159 4.542061135172844 29.41317524760962 3.500035367906094 4.29281297326088 2.411507345736027 0.9569219350814819 0.2687910348176956 0 178.0427655950189 0.9399258941411972 0 66.28787533938885 39.52497347444296 43.81289244443178 17.08133193850517 33.5442746207118 14.22632498294115 335.4888485744596 0.3391040563583374 129.1702234521508 9.801855392754078 0.1368128806352615 6.485970832407475 7.763304628431797 1.4163463935256 0.1989964321255684 3.655601501464844 0.6037806868553162 2.155353620648384 0.9072527885437012 0.6107702255249023 2.446719869971275 0.4420346319675446 8.993384793400764 6.100725531578064 0 7.142673432826996 16.26292052865028 0.6005130410194397 1.182654425501823 0 0 0 0 0.7565504312515259 2.374209523200989 3.389076054096222 0.3980008959770203 1.480675905942917 6.333421379327774 6.27830445766449 12.48559670895338 3.648302048444748 0.179592102766037 0 0.1391905844211578 0 0 0 0 0 0 0 0 0 0 0.4165510237216949 0.2222971767187119 0 0 0.2240939438343048 0 0 0 0 0 0 1.855314567685127 0 3.146908827126026 0.4133525192737579 0 0 0 0 0 0 0 0 0.2812396585941315 0.1942140758037567 0 0.1640327125787735 0 0.5400533974170685 0.3325766026973724 0 0 0 0 0 0 0 0 1.36043456196785 0 0 0 0 0.1680918484926224 0 0 0 0 8.271032191812992 0.1858173757791519 0 0 0.1360061913728714 0.7980623245239258 0 0.6437996327877045 0.7224946022033691 0 0 0 0 0 0 0 0 0 0.2072659581899643 0.875167191028595 0 5.124479174613953 5.069822043180466 3.271549187600613 314.0577759891748 7.039378210902214 220.202198266983 39.14658222347498 38.23181780427694 19.61997009813786 3.032111957669258 11.71572997421026 5.099536217749119 0 3.46684692054987 0 0.2983849346637726 1.150404691696167 0 0.1991589814424515 8.223563522100449 0 56.96560989320278 9.26442676782608
152.3911960050464 130.266439512372 61.58373744785786 449.9137276187539 201.8085328266025 306.1130421459675 824.9467914327979 31.61674147844315 64.18897393345833 3763.040100619197 178.6406368389726 103.2025913819671 1468.123412683606 146.8727094829082 85.24816120415926 71.52584736049175 6.344910629093647 0.5822384655475616 0.2084147855639458 0.2375884279608727 0 0.5594916343688965 0 0.1032856851816177 1.210646979510784 0 0 0.5080005526542664 0.5927154868841171 0 35.76984041184187 2.034641467034817 25.34707487374544 0.5172465443611145 5.457781732082367 4.996732674539089 265.929633140564 4.985876448452473 60.83606421202421 2.239641524851322 0.8518158942461014 4.107358001172543 0 17.3801254183054 0.4783726036548615 0.1741557717323303 115.8706337660551 1.768339745700359 2.110209986567497 0.3545722365379333 3.146321773529053 2.195324510335922 2.629398956894875 2.201672866940498 1.750721991062164 1.21794044226408 26.96815434843302 45.18710640072823 9.581165343523026 15.71502330899239 3.733052082359791 4.842991374433041 4.502621039748192 13.22369343787432 3.325893193483353 2.929499134421349 2.040758833289146 1.855452872812748 0.7209189683198929 0 388.115282535553 8.132922306656837 0.2959261387586594 51.1673743352294 21.92373303323984 36.67319275438786 13.25455403327942 39.84196826815605 2.677323877811432 38.39676899462938 1.670335464179516 6.831381365656853 8.632591180503368 0.1102000772953033 3.743436090648174 5.22310658544302 0.738269716501236 0.1748680770397186 1.366209670901299 0.7409346103668213 0.4730503782629967 0.2699730098247528 1.158006511628628 1.393319763243198 0.9976865500211716 1143.825071886182 174.4300090223551 0.3449749350547791 35.60442195832729 34.36185352504253 0.5050376355648041 17.10234317183495 3.488090604543686 3.96398838609457 1.743962824344635 36.49395479261875 41.55749678611755 23.89676403999329 25.15708370506763 17.84431763738394 3.42764388024807 152.2388636991382 180.9621654376388 134.273674197495 70.30444243550301 3.344537012279034 0.347913421690464 0.3775694668292999 0 0 0 0 0.6098586320877075 0 0 0.6547089219093323 0 4.280211329460144 0 1.417820647358894 0 0.2911748141050339 0.4372733384370804 0.2443332821130753 1.263979658484459 1.800514087080956 0 3.321005240082741 0 49.09864291548729 1.790168479084969 48.44275043904781 15.98745546489954 8.318219974637032 0 0 0 0 0 0 0 1.081386268138885 7.96202264726162 0 0 0.2473047524690628 1.782896354794502 0.6916213482618332 0 0 0.4956600069999695 3.43385823816061 3.168850809335709 1.107733398675919 2.355552703142166 4.205321311950684 29.36934435367584 0.1513879001140594 0.8811582326889038 0 0 0 0.3404680192470551 0 0.1123704463243484 0.334405206143856 197.1328052431345 3.417275950312614 0 0 0 8.868676215410233 0.9296261668205261 5.844466492533684 4.046340346336365 2.90212232619524 2.206991001963615 0.5910460129380226 1.50327380001545 0 0 0 0 0 0 0 0.1680296957492828 99.28945325314999 53.4014950543642 59.65008234232664 614.940342694521 5.101647816598415 249.6521288752556 72.04739832878113 290.7900702059269 30.85627953708172 2.362371385097504 9.846868388354778 34.97566919028759 0.6219286769628525 42.70396729558706 14.18841490894556 98.80427211523056 11.53367722034454 0 4.196657255291939 8.983934350311756 0.9803049713373184 733.6756056919694 194.1330584436655
179.0833950787783 566.4479595050216 215.1922069266438 626.6975450441241 534.1864807903767 135.8994118869305 5761.644680775702 279.5467256307602 516.4872547462583 6590.019551254809 1049.495981059968 1468.123412683606 4549.842554837465 2870.18849080056 240.7863636538386 179.8185649588704 5.783544555306435 1.112714543938637 0.2465491741895676 0.4310197383165359 1.442388504743576 2.301021963357925 0.7290617674589157 1.331996880471706 1.985683515667915 1.340372920036316 0.5153134763240814 0.3411354348063469 0.4420468360185623 0 138.2360592111945 10.7138672247529 193.6417930349708 0 5.455153152346611 10.68744809180498 815.7677681297064 13.48724834620953 67.61467557400465 4.5109678581357 1.182673610746861 2.740795791149139 0 43.66571985930204 1.027090467512608 0.9512773752212524 307.2728110179305 4.291467376053333 1.083042599260807 0.1838469281792641 5.77856981754303 2.258077412843704 2.769343674182892 3.499568499624729 4.522083379328251 4.9247942045331 57.15104105323553 133.8529964610934 20.79017385095358 41.27639111876488 4.053592890501022 8.398671515285969 7.846853040158749 46.40569675713778 6.588325254619122 8.001473434269428 4.677827723324299 1.795706316828728 2.503747336566448 1.119433559477329 383.9541369527578 9.952516540884972 0.4829160794615746 102.8721188083291 58.67004754394293 110.3787862285972 45.05253207683563 138.5473980382085 3.52828498929739 127.3374041542411 4.632042989134789 14.80526141822338 22.45013988018036 0.09746177494525909 9.105435028672218 13.29760504513979 3.364449046552181 0.1733800992369652 5.527499660849571 0.09885063767433167 2.086865209043026 2.036597989499569 1.512458890676498 2.748427540063858 4.606912419199944 863.2089986056089 80.28332013636827 0.3475883007049561 31.41716390103102 47.82003457844257 3.120875217020512 22.59715676307678 10.5661743581295 13.70757010579109 5.383033826947212 72.92433294653893 60.66791376471519 44.33683712780476 62.76220484822989 24.62886168062687 15.6721600368619 258.4940621629357 284.7923218905926 230.4720948338509 132.5502900630236 4.454682573676109 1.818369016051292 0 0.6821263432502747 0 0 0.1441874504089355 0.3389045298099518 0 0 1.0007264316082 0 0.5510522723197937 0.7459655106067657 1.352853417396545 0.6961547285318375 0.3996468335390091 1.986256971955299 0.4142134115099907 0.991202138364315 4.08315809071064 0 2.225299715995789 1.24863001704216 85.44253987818956 3.990242540836334 90.70119707286358 24.16645801067352 9.069694504141808 0.9781648814678192 0 0 0 0.7153714299201965 0 0 1.305535800755024 15.95669641345739 0 0 0.1346273720264435 2.339648276567459 0.2848849222064018 0.1395739763975143 1.579719483852386 0.1239441856741905 5.388099700212479 2.830972269177437 0.7089508175849915 5.412735924124718 0.8003584444522858 62.92901913821697 0.7342909201979637 1.406606331467628 0.1579569876194 0 0 0.2380106449127197 0 0 0.1442298144102097 302.4091052040458 2.785947933793068 0.2199503630399704 0.1323791444301605 0.5365816876292229 16.0552060380578 0.37958624958992 5.266362063586712 4.43804108351469 4.616197757422924 4.253319799900055 0.9606824964284897 1.854942791163921 0 0 0.1264201104640961 0.1535001546144485 0 0 0.1340984702110291 0 158.770120434463 98.62308605015278 101.8434263467789 1248.559083096683 19.57765615731478 599.1726441010833 147.834672100842 271.8512145504355 55.4438039213419 5.095027424395084 26.01261039078236 57.0653403326869 0 57.57244327664375 16.78740999102592 110.4963832199574 14.25189080834389 0 3.294207587838173 28.58548018336296 2.398315995931625 613.8629578277469 249.6779287755489
111.3946319445968 789.8429358303547 466.5968099981546 22.4038595110178 1130.641565158963 14.82989523559809 4769.042548887432 1716.080715551972 1038.855711869895 193.8596309944987 2646.475905761123 146.8727094829082 2870.18849080056 471.6185986921191 136.4512240886688 80.77537582069635 3.17099092155695 0.609025813639164 0 0.4572666361927986 0.1423659920692444 0.6469147503376007 0.552373930811882 0.104214146733284 0.8098143339157104 0.6962873861193657 0 0.1127930209040642 0.2249221727252007 0 176.9650917723775 9.656018108129501 450.3950524479151 0.1893328130245209 3.825277961790562 7.583243638277054 676.8921805694699 15.94592671841383 26.40313505381346 1.573696702718735 1.169898390769958 2.082058720290661 0.603349506855011 18.98808222264051 0.4235116690397263 1.199147664010525 172.6671671494842 2.983002588152885 1.506775915622711 0 3.897800289094448 1.001853689551353 1.463737607002258 3.846368163824081 4.270451508462429 3.747707396745682 40.81767922639847 127.732432551682 18.96720308810472 31.11760866641998 2.535782434046268 106.899526335299 4.527367442846298 39.83560269325972 6.046976201236248 4.706796988844872 3.337885834276676 0.8193611428141594 0.7857803106307983 0 174.7292978391051 2.204633727669716 0 80.89516372978687 46.33461885899305 80.46641302108765 31.66836359351873 79.8777619227767 7.178384393453598 109.0571980029345 2.270480774343014 53.34350333362818 13.20620439946651 0 6.585813149809837 10.10941843688488 1.959901437163353 0.4963826462626457 2.642151974141598 0.08848463743925095 1.899262703955173 0.6344869434833527 0.7292887195944786 1.896257981657982 1.101762801408768 42.51685056090355 31.53033612668514 0 8.640599101781845 12.62926936149597 0.4845669120550156 7.025253266096115 0 2.628493413329124 2.928714141249657 9.378075107932091 14.11849666386843 9.789361923933029 11.83153086900711 8.236705511808395 4.253005005419254 49.93826301395893 57.44181492179632 47.8223450705409 41.72267815470695 0.4850023686885834 0 0.1348885297775269 0 0 0 0 0 0 0 0 0 0.6133958473801613 0.1828356385231018 0 0 0.8627914786338806 0.1592493951320648 0 0.1575982719659805 1.951613411307335 0 0.9441141039133072 0 17.01956479251385 1.70932212471962 22.25769256800413 7.612172409892082 1.825416505336761 0 0 0 0 0 0 0 0.3550460636615753 3.449090451002121 0 0 0.3328950107097626 1.189932562410831 0.312052845954895 0 0 0 0.7910560965538025 0.08639848977327347 0.8040032237768173 0.9130786061286926 0.8097850978374481 21.05137304961681 0.3525234460830688 0 0 0 0 0 0 0 0.1334364265203476 68.09371516853571 0.1822124272584915 0.3014946281909943 0 0.3688289374113083 7.185288593173027 0 1.596482336521149 0.5746708735823631 0.9948480129241943 1.845681890845299 0.2819611579179764 0.2804636359214783 0 0 0 0 0 0 0 0 36.08342912793159 22.40300293266773 28.86168069392443 651.4796579182148 11.62516291439533 382.2543937787414 85.10036285221577 72.76093679666519 36.38417685776949 2.993873693048954 18.93933992087841 11.68033127486706 0.2173167914152145 20.31417456269264 4.077339224517345 25.09936591982841 1.885604619979858 0 1.714974820613861 19.07230211049318 0.1038699001073837 114.0539533421397 42.62293038517237
