328.2016735523939 1774.743776872754 112.5869096666574 943.801751755178 141.3810281828046 237.8554626181722 614.5717026293278 2.722789376974106 6.4452188834548 397.2627727240324 13.85345493257046 45.35920516401529 224.8615022003651 34.37959402054548 8.546785615384579 0.864847220480442 0 0 0.1092711612582207 0.2165103331208229 0.1089152321219444 0.1077252849936485 0 0 0 0 0 0 0 0 278.6516183614731 1.257118344306946 1.427189841866493 0.1433600932359695 0 0.220012329518795 1.047590643167496 0.2319451496005058 0.5757385119795799 0 0.2675600573420525 0.1368373483419418 0.1142936646938324 0 0.1496033221483231 0.2285458520054817 49.7282887622714 0.3083945140242577 0.1161605268716812 0.4333989545702934 0.1648432314395905 0.3059692531824112 0 0.1076858565211296 5.937480568885803 9.45907761156559 146.876990377903 426.3087749555707 51.88974928855896 24.90822074562311 0.1198545768857002 0.5047974064946175 0.1271276473999023 7.095336750149727 0.7306850999593735 0.4360901862382889 0.4727124199271202 0.115791879594326 0 0.1211113110184669 2.18966393917799 0.5693114250898361 0 216.6092174500227 11.74612727016211 55.5834106951952 1.166518859565258 0.5421513691544533 0.1226819828152657 2.22466616332531 0.9967068135738373 1.152678668498993 7.407345049083233 0.9291218817234039 0.428041398525238 3.903259485960007 0.6266947686672211 0 0.9471236169338226 0.1243987008929253 0.7227711826562881 0.1774205267429352 0.1327444314956665 0.1095044910907745 0 16.09792129695415 3.070179089903831 0.2467806562781334 3.600803054869175 641.9278284460306 1.832240730524063 3.075143173336983 33.36665688455105 0.4182036072015762 4.327681213617325 13.69016221165657 8.767692744731903 11.24977886676788 32.46878582239151 42.27481277287006 2.932015269994736 14.9053598344326 32.4350877404213 5.573131717741489 5.886511296033859 0 0 0 0 0 0 0 0 0 0 0 0 1.062065601348877 0 0 0 0 0 0 0 0 0 0 0 1.025431245565414 0 2.05962173640728 1.003802135586739 0 0 0 0 0 0 0 0 0 0 0 0 0 0.2624432742595673 0 0 0 0.1111356317996979 0.7182846367359161 0 0 0 0 5.62230883538723 0 0 0 0 0 0 0.1423017084598541 0 0 3.688392132520676 0.2192826867103577 0 0 0 0.9407724887132645 0 4.072083219885826 0.4945040941238403 0.5012995004653931 0 0 0 0 0 0 0 0 0 0 0 3.741521611809731 0.5828496664762497 0.259168803691864 177.3712291195989 2.618220008909702 111.0312438756227 18.53040066361427 794.2925570830703 19.1070843487978 5.341939613223076 2.255894392728806 8.512624427676201 0 0 0 83.20648598670959 0 0 0 1.304765850305557 0 303.887002967298 4.543964736163616
1774.743776872754 2039.101848460734 1082.46163251251 642.6443598419428 1954.539455525577 270.1416458934546 1007.584654070437 29.10813481360674 500.6389569416642 426.6876150220633 242.9495753645897 55.90465119481087 221.4102782607079 435.6063554883003 66.02556304633617 11.9543272703886 0.103971540927887 0.3295324891805649 0 1.078110232949257 1.151711992919445 0 0.1112312823534012 0 0.2263519838452339 0 0.1053667291998863 0.08712214976549149 0.1287686675786972 0 1596.429173216224 18.9960652589798 14.07093612104654 0 0.1052389889955521 1.101038925349712 9.015918970108032 3.121804475784302 5.254049725830555 0.3371464014053345 0.2218289077281952 0.3263898715376854 1.174713425338268 1.031600616872311 0 0.4505435153841972 244.9530810713768 1.002340964972973 0.355817012488842 0.956598624587059 1.11330907791853 0.2502483651041985 0.3060185015201569 0.1141233593225479 14.42090540379286 36.99718441069126 149.9371791034937 775.4954912737012 117.3087550252676 112.1322874873877 1.395808361470699 4.57197217643261 0.473210021853447 54.21164091676474 3.439386129379272 2.913408555090427 2.110132738947868 0.2004978656768799 0.7167789936065674 1.579174049198627 13.50431811064482 2.773871414363384 0 610.0942190438509 52.88012710213661 317.9408494755626 29.54873245209455 13.07577887177467 2.51616320759058 11.79256394505501 3.487089611589909 16.0841973721981 20.46391648054123 3.467418678104877 1.84667357057333 12.61192636936903 1.816645346581936 0.8378389328718185 2.322937943041325 0.08948682993650436 0.9943296313285828 0.1541176736354828 3.856552079319954 0.6607178971171379 0.7584144175052643 14.67633777856827 20.77384757250547 0 22.42018742114305 1316.718854390085 1.650998175144196 8.792248159646988 17.38532586395741 1.468949019908905 0.5893202945590019 58.20658551156521 8.229902565479279 8.947122186422348 53.47268684208393 29.54630568623543 8.070165321230888 13.72224007546902 45.77558187395334 6.98522137850523 8.368746906518936 0.1646199524402618 0 0 0 0 0 0 0 0 0 0 0 0 0 0 0 0 0 0 1.32737135887146 0.1402571350336075 0 0 0 5.460086330771446 1.168452180922031 8.733818911015987 2.363554880023003 3.1197469830513 0 0 0 0 0 0 0 0.3873310089111328 1.351378113031387 0 0 0 0 0 0 0 0.1867071539163589 0.5372756123542786 0.4887765645980835 1.593479156494141 0 2.483058482408524 8.54119710624218 0 0 0.1027378961443901 0 0 0 0 0 0.1066654473543167 3.79096270352602 0.3246621638536453 0.1169149056077003 0 0.2636846601963043 8.182813890278339 4.698401033878326 16.55158793181181 0.3333349004387856 1.296509131789207 0.4999738186597824 0.2004390954971313 0.128255233168602 0 0 0 0 0 0.1082193404436111 0 0.2348800301551819 9.098965927958488 7.432567305862904 4.958898909389973 370.924315854907 10.09543904662132 500.978946313262 65.42267296463251 712.0563272461295 50.4368065521121 14.74821812659502 8.830028370022774 7.588045552372932 0 3.365294560790062 0.7674629092216492 40.13882952928543 0 0 0 3.003413707017899 0.2736301869153976 285.662726610899 6.282909587025642
112.5869096666574 1082.46163251251 1310.852201536298 3.118170231580734 1049.907228983939 17.84900522232056 83.97603573650122 2464.692475646734 377.2811937853694 17.7531161531806 2128.595207862556 41.29256793111563 136.2355849891901 564.6208412051201 137.8412701189518 97.42932756245136 2.560201458632946 2.999886550009251 0.1294374316930771 16.69381522387266 42.98925317078829 0.60090172290802 1.363292090594769 1.401243381202221 7.841225206851959 3.146267451345921 0 0.5444767326116562 1.516533836722374 0 3319.728461571038 383.4240926653147 81.28816457092762 2.774278029799461 3.833292163908482 18.41941361129284 102.7792077884078 47.16422490775585 59.28370304405689 2.247601188719273 6.698704041540623 6.937209367752075 37.9485427364707 3.598405994474888 0.5330759882926941 4.698339588940144 125.0134985819459 3.652860872447491 1.979469768702984 8.659224666655064 8.764193542301655 2.134504802525043 0.7902847230434418 3.235771395266056 3.050637722015381 6.324559450149536 63.02446779608727 711.9871039688587 39.53852420300245 25.98711827397346 19.95490368455648 82.92844241857529 4.300173498690128 381.6309147551656 2.246861577033997 2.85871396958828 3.624036230146885 1.846879258751869 20.14841708540916 87.61959485709667 67.53831107914448 46.49165976047516 0.5569146201014519 179.772282063961 48.38556644320488 161.9913463965058 68.12133833765984 79.14519998431206 253.9537365287542 820.6108578443527 89.91595055907965 917.1277494877577 8.785334207117558 1.630277276039124 2.26856429874897 3.899905107915401 6.266543872654438 0.3043353110551834 4.143327452242374 0.3282412514090538 6.423693872988224 1.345638439059258 89.50586933642626 13.10904816538095 6.985392957925797 54.58922588825226 222.3051644712687 1.719241470098495 163.7171764746308 300.1488535776734 1.137248180806637 2.593546845018864 2.425191581249237 2.165068924427032 8.011525757610798 17.87739890068769 0.1442921459674835 15.49831187725067 17.28877513110638 25.02919170260429 31.81394465267658 39.11669512838125 78.80182153731585 16.88768810033798 36.95984494686127 4.052801787853241 0.4683729559183121 0 0 0 0 0 0 0 0 0.1248411163687706 0 3.540017083287239 1.264836609363556 0.206304520368576 0.9843813180923462 0.2824442461133003 1.288972139358521 0 6.167340822517872 2.509991869330406 0 1.21625804901123 0 43.09276179224253 20.13539585471153 110.1389065086842 39.0934327095747 16.39521423727274 0.2600351125001907 1.961815543472767 0.2358706742525101 0 0 0 0.1391030550003052 1.929182350635529 6.659743793308735 0 0.1242425441741943 1.613658294081688 1.285387441515923 2.37935683131218 0 0.1601680815219879 0.09546434134244919 0.8204246461391449 0.4150931090116501 0.1361196488142014 1.650780081748962 36.5489609465003 63.11770069599152 0.4245468527078629 0 0.5916829332709312 0 0.1259645819664001 1.122359208762646 0 0.3787553235888481 3.667163327336311 39.61918208003044 4.549476452171803 1.442061729729176 0.43886798620224 4.334523275494576 57.95667956769466 26.84242622554302 148.6904483139515 2.278251454234123 0.6053608283400536 3.265635699033737 0 0 0.2693392634391785 0.1067241653800011 0.2054881453514099 0.1306205689907074 0.1438854187726974 1.230902180075645 1.256723523139954 1.194436103105545 14.18146373331547 76.17593489587307 58.90034163743258 343.5061345472932 6.980882689356804 259.7894616723061 78.20726065337658 112.0211978033185 24.40805345028639 4.217389270663261 7.655791826546192 32.02681137621403 4.852575987577438 33.07138223201036 10.50938773155212 6.738034896552563 0.9813756942749023 2.411400079727173 0 11.32024010270834 1.352756597101688 92.29596719145775 85.80957138538361
943.801751755178 642.6443598419428 3.118170231580734 503.083629488945 39.21248961240053 804.9264542907476 959.2692093253136 0.8137211203575134 8.679081231355667 1333.948989138007 1.352548226714134 212.3106892630458 874.0113241523504 47.27153588086367 2.720381356775761 0 0 0 0 0 0 0 0 0 0 0 0 0 0 0 10.9426713809371 0.286650575697422 1.070965364575386 0 0 0 0.9981471449136734 0 0.1766599118709564 0 0 0 0 0 0 0 18.89604073762894 0 0 0 0 0.2961490899324417 0 0 0.3764258027076721 0.8165190517902374 33.79036480933428 59.59875282645226 10.06412566453218 4.540363118052483 0.313776433467865 0 0 0.5297211930155754 0.1034816354513168 0.1019722297787666 0 0 0 0 3.300465777516365 0.7642867267131805 0.1044659093022346 49.20588292181492 1.9763313382864 10.02364765107632 0.8679900318384171 1.335870668292046 0 0.6742266118526459 0.3132295906543732 0.2615269869565964 2.547696299850941 0.3028899878263474 0 1.143354006111622 0 0.1019661650061607 0.1228403374552727 0.118328258395195 0.1226260811090469 0 0.1131261959671974 0 0 19.49386179447174 3.747886538505554 0 2.088833123445511 543.6959281638265 2.325770556926727 3.598120450973511 16.98664844036102 1.866802856326103 2.761462032794952 37.00925582647324 9.883766412734985 8.476588129997253 14.3584008961916 24.68197128921747 0.8948748409748077 10.64189292490482 27.18155132979155 6.214910253882408 3.53394116461277 0 0 0 0 0 0 0 0 0 0 0 0 0 0 0 0 0 0 0 1.270901322364807 0 0 0 0 0.8424694985151291 0 0.7861928790807724 0.1176155135035515 0 0 0 0 0 0 0 0 0 0.1445740163326263 0 0 0 0 0 0 0 0 0 0 0.3580515682697296 0 0 0.7031671702861786 0 0 0 0 0 0 0 0 0 2.454730480909348 0 0 0 0.128075510263443 3.406875595450401 0 1.371758341789246 0.2451342046260834 0 0 0 0 0 0 0 0 0 0 0 0 3.784571006894112 0 0 56.97856437414885 0.1498690545558929 29.59292683005333 5.299344100058079 414.0011147037148 6.050029911100864 0.2419911772012711 0.7085678428411484 8.195722222328186 0 0.272276371717453 0 55.04992210865021 0 0 0 0 0 272.8294825181365 5.539927214384079
141.3810281828046 1954.539455525577 1049.907228983939 39.21248961240053 1835.721406467259 13.04839704185724 1106.70224904269 54.70769081264734 3207.855192042887 87.73606069386005 876.9607435166836 28.38604213297367 480.1522365435958 981.8901798278093 53.15739989280701 10.61350407451391 0.2416537702083588 0.2611053511500359 0 0.4249014183878899 0.8346537724137306 0 0 0 0 0 0 0 0 0 258.6399947553873 14.88594642281532 6.440449565649033 0.1981596946716309 0 0.1258532106876373 11.39958854019642 2.34433563798666 1.719357416033745 0 0 0 0.7034696042537689 1.308459617197514 0 0.4949210658669472 137.4118621349335 0.09045547246932983 0.3823580518364906 0.2571772187948227 0.7996907085180283 0.1958737149834633 0.5273945555090904 0 6.122005790472031 9.806768342852592 30.52168345451355 152.6590342447162 22.89897319674492 41.48272147774696 0.3198982924222946 2.673727191984653 0 34.21328886598349 1.342299394309521 0.6569913402199745 0.3155853152275085 0.2096267193555832 0.3544062152504921 2.894349880516529 9.489707633852959 0.8494126945734024 0.119352824985981 165.2679768055677 24.82628385722637 180.5519516095519 30.09264712780714 21.83950061351061 2.965844832360744 11.02066658437252 3.114872500300407 21.24488703906536 6.738077983260155 1.136465579271317 0.924542024731636 4.67430966347456 0.5568111911416054 0.1031291857361794 1.15036603808403 0.09383364766836166 0.2792111113667488 0.6385229006409645 2.1343057975173 0.5830238088965416 0.2509374693036079 6.863432019948959 23.37150885909796 0 14.7690192013979 49.54694801568985 0 0.2940063700079918 3.977172449231148 0.6687725186347961 3.605442732572556 13.41964811086655 0 4.754638820886612 9.854055717587471 10.08850841224194 3.820077106356621 12.92263123393059 24.17041569203138 3.974772572517395 8.74254834651947 0.2086798399686813 0 0 0 0 0 0 0 0 0 0 0 1.241995215415955 0 0.1832056790590286 0 0 0 0 1.339337408542633 0 0 1.623860359191895 0 5.887086018919945 0.4937646985054016 4.296963207423687 0.9752727299928665 0.9556744694709778 0 0 0 0 0 0 0 0.233375295996666 0.145800992846489 0 0 0 0 0.2634406611323357 0 0 0 0.6393917202949524 0.882564902305603 0.5470642745494843 0 0.9762373566627502 8.042016044259071 0 0 0 0 0 0 0 0 0 9.145502880215645 0.403479665517807 0 0.1599056273698807 0.4610595405101776 8.696714475750923 2.627346158027649 8.663912743330002 0 0 0.08754321187734604 0 0 0 0 0 0 0.09620022773742676 0.1221919804811478 0.1126621961593628 0 1.987127140164375 6.681731253862381 7.368400260806084 205.4336612969637 5.902799509465694 236.2075536847115 33.82925899326801 45.08967962861061 19.7407248839736 2.648951947689056 4.874195322394371 2.952476501464844 0 1.525301694869995 3.673054367303848 1.801839858293533 0 0 0 3.550493001937866 0 52.27590505033731 6.542068481445312
237.8554626181722 270.1416458934546 17.84900522232056 804.9264542907476 13.04839704185724 0.9299559742212296 217.4456994608045 2.587363585829735 4.370786115527153 769.3007060587406 6.340787455439568 313.6998361721635 333.8013159930706 38.78437075018883 0.5777517631649971 0.1685647964477539 0 0 0 0 0.1411019265651703 6.513410031795502 0 0 0.1215832829475403 0 0 0 0.1456589549779892 0 12.57236136496067 0 7.065222904086113 0 0 0 15.53219123929739 0.9679836630821228 6.872570112347603 0 0 0 0 0 0 0 2.147145807743073 0 0 0.1262960880994797 0 30.11391507834196 3.779821828007698 0.3033934533596039 0.2418280690908432 1.045009657740593 192.7733482718468 39.93570081144571 8.763846576213837 0.6364497691392899 0.1700928211212158 0 0 0 0.2435763999819756 0.08078856021165848 0.2321573495864868 0 0.1764702647924423 0.1060182005167007 56.70156352221966 83.16054943203926 15.2314056456089 8.728144489228725 0 1.578541085124016 0.7626102268695831 0.1574806272983551 0.1525244116783142 0.8108788430690765 0 0.404401883482933 0.1844857931137085 0.8122217729687691 0 0.7632774859666824 0 5.688045628368855 2.727208390831947 14.59941742569208 1.590887859463692 8.604827582836151 0.1583134829998016 0 1.654401294887066 348.449303239584 239.506504997611 17.48828598856926 81.53012333810329 200.2489811703563 0.1989976167678833 5.312572419643402 13.25618423521519 4.940429255366325 0.7492740452289581 7.567136451601982 11.64103928208351 3.596578612923622 16.43790075182915 43.71551896631718 0.3913649022579193 12.04287143796682 25.36451954394579 6.576170243322849 1.280879303812981 0 0 0 0 0 0 0 0 0 0 0 0 0.1169119849801064 0 0 0 0 0 0 0 0 0 0 0 0.5459819957613945 0 2.677127793431282 0.2107543870806694 0.152899369597435 0 0 0 0 0 0 0 0 0 0 0 0.2757649421691895 0.1292805969715118 0 0 0 0 0 0 0.8421096205711365 0 0.3495708405971527 0.5931732505559921 0 0 0 0.08703350275754929 0 0 0.1118950247764587 0 0 4.392920613288879 0.1646157205104828 0 0 0.1215772554278374 0.3363391309976578 0 0.6461825519800186 0 0 0 0 0 0 0 0 0 0 0 0 0 5.640379846096039 0.5553528293967247 0.826921671628952 13.13865333795547 0.09570604562759399 6.279432535171509 1.875763773918152 150.9048576876521 1.029040969908237 0 0.3688376992940903 9.559042602777481 0 0 0 44.70837616920471 0 0 0.6954264044761658 1.029947832226753 0 33.08698520064354 12.38307840377092
614.5717026293278 1007.584654070437 83.97603573650122 959.2692093253136 1106.70224904269 217.4456994608045 845.1242150440812 15.53029763698578 4481.076402232051 2117.689556702971 157.1258170455694 593.4916825369 3147.231731854379 2518.157782621682 81.62376058101654 17.46059168130159 0.104208342730999 0 0 0.9092570096254349 0.3556000366806984 0.1388925909996033 0.1274340897798538 0 0.4559889137744904 0.3325876817107201 0 0.1304290443658829 0.2537801936268806 0 126.2210322320461 11.19037514179945 9.522543027997017 0 0.1055222600698471 0.1930931955575943 24.90250591188669 6.081285424530506 7.0037677064538 0 0 0.3590429127216339 0.7784334868192673 1.230584569275379 0.09109936654567719 0.4558329805731773 217.9328145831823 0.6573329195380211 0.3583556413650513 0.2151139229536057 0 0 0 0.2397985234856606 7.832189314067364 17.31716115772724 43.98871276527643 155.7324034795165 35.67747613787651 73.12761743366718 0.7447896078228951 8.392056308686733 0.09502661228179932 27.58642325550318 1.852199770510197 1.613072194159031 0.9123825058341026 0.1232295781373978 0.9716640263795853 1.523788399994373 48.4569508805871 3.20417557656765 0.1098325401544571 249.8956287875772 26.2922702729702 254.6562507078052 42.01133252680302 25.2391521781683 4.268868878483772 11.29575347155333 3.609361194074154 11.14208973944187 11.11815463006496 0.9196704179048538 1.0651850476861 6.498181246221066 0.4647786393761635 0.6397955119609833 1.990475960075855 0.1094938814640045 0.1292787939310074 0.09975674003362656 1.469465874135494 0 0.4444298222661018 79.35337594151497 34.62968929111958 0 46.49402589350939 107.0108189433813 6.312616817653179 18.91015818715096 386.2220199033618 38.42554214596748 9.160743072628975 114.9684236049652 20.31670892238617 113.1577457934618 260.4884211868048 89.8386999592185 9.469386994838715 58.49980986118317 88.63046702742577 14.78703621029854 22.82515050470829 0.3498806059360504 0 0 0 0 0 0 0 0 0 0 0 0.7536658644676208 0 0 1.228498116135597 0 0 0 4.339896447956562 0.5882705748081207 0 0.1449955552816391 0 8.058597087860107 1.030850291252136 15.28856388479471 4.221158102154732 3.829936102032661 0 0 0 0 0.66734778881073 0 0 3.271203689277172 17.67519395798445 0 0 0 0 0.705906867980957 0.9301258474588394 1.034728497266769 0.1165791451931 5.895457819104195 5.205974586308002 2.771460741758347 0 5.718274742364883 25.27737301588058 4.28219136595726 3.175148397684097 2.347273707389832 0.2497957125306129 0 0 0 0 0.1246088668704033 22.12627120316029 0.7930087745189667 0 0 0 25.08718497306108 2.861283123493195 28.81168986111879 7.393663890659809 6.501698836684227 6.697210311889648 2.567095376551151 0.4386125653982162 0.1066786274313927 0 0.1581131666898727 0 0.5684340074658394 0.2526658549904823 0 0 13.38306052982807 4.6131332218647 9.338116459548473 359.429472707212 8.838526055216789 373.050100684166 58.47182000428438 188.9713581800461 31.86418267339468 5.689592108130455 10.65127287060022 12.33074830472469 0.1968952268362045 57.44337400048971 8.915746726095676 48.77245385944843 1.219018802046776 2.001735091209412 0 5.93949593603611 2.976624369621277 183.9714451208711 19.99539023637772
2.722789376974106 29.10813481360674 2464.692475646734 0.8137211203575134 54.70769081264734 2.587363585829735 15.53029763698578 1011.194284297526 459.6308328956366 7.471381954848766 1865.192443601787 77.61108986288309 258.8047795817256 1393.868421733379 147.2254725918174 102.6597044467926 4.596267834305763 3.771689020097256 0 27.19264422357082 60.12944420427084 0.5586926639080048 2.459031388163567 1.971780464053154 15.09617679566145 4.44938163459301 0.1194067224860191 2.114062435925007 1.693241000175476 0.3963783830404282 363.0292522385716 375.3313460499048 151.6495166197419 1.957084603607655 6.566316172480583 37.54745075106621 89.03723111748695 38.01957304775715 30.70857214927673 5.484007231891155 11.6385331377387 15.8800180926919 51.08011478930712 3.987114682793617 0.3662782460451126 7.817665114998817 108.9398620948195 4.564360685646534 0.9910356104373932 7.777051910758018 9.352360814809799 3.459269367158413 1.404881983995438 3.933380328118801 1.326527632772923 3.166194215416908 8.210233263671398 103.3045730888844 8.907834485173225 18.50166030228138 55.94882020354271 73.49672738462687 4.739031933248043 159.500178642571 1.26157808303833 2.680088609457016 3.649986252188683 1.740109540522099 18.80831384658813 105.8179955556989 60.07983416318893 11.16209468990564 0 62.90164788067341 39.60497873276472 142.7136125415564 71.97393690794706 144.8500551059842 792.3733027279377 1167.271202288568 400.0525518655777 1162.359223082662 4.220886960625648 0.4865868240594864 1.351308964192867 3.525321058928967 8.310544788837433 0.3150193840265274 3.517011098563671 0.8626550957560539 6.126620925962925 0.6973815783858299 97.47030581533909 9.992684930562973 10.00939178466797 11.80565328150988 41.66979224234819 0 50.70069649815559 6.272880382835865 3.023907743394375 0.1178598552942276 7.100692331790924 0.4223237037658691 3.608989238739014 16.66540989279747 0.5597852617502213 6.544538453221321 7.741256386041641 11.96342907845974 9.488055229187012 26.89272464066744 47.81169521063566 11.14713136851788 20.06747376173735 0.8877348378300667 0 0 0 0.1531173139810562 0 0 0 0 0 0 0 1.117494270205498 0 0 0 1.342081278562546 0 0 5.423769541084766 0.3826693743467331 0 1.300294756889343 0 19.39418166130781 4.263065338134766 34.72531361877918 12.77887567132711 3.098774313926697 0.2622916698455811 2.990120530128479 0.8486437201499939 0 0 0.5569226443767548 0.2181025892496109 0.7847622632980347 4.396076038479805 0 0 0.6477712839841843 0.5651944279670715 2.012907311320305 0 0.4415923953056335 0 1.095851272344589 0.5936667323112488 0.3966542184352875 0 3.268750883638859 16.35162679851055 0 0 0 0.2321635037660599 0 0.1723698526620865 0.1311018615961075 0.2828436195850372 3.590699963271618 19.05616577714682 0.5960962176322937 0.2453431040048599 0.5582263469696045 7.877839371562004 17.955217435956 5.837294816970825 33.55915343761444 0 0.8368277326226234 1.865570873022079 0 0 0.09899509698152542 0 0 0.1457601934671402 0.2234391570091248 0.8500220850110054 2.534371189773083 0.6434026062488556 9.375198647379875 14.3076795488596 14.07919985800982 249.6381443664432 4.807046733796597 214.2999496534467 60.98036694526672 6.924843467772007 13.0831451267004 4.017021998763084 7.18266336619854 9.892374113202095 0 7.900806345045567 10.4985985904932 5.280584841966629 0 1.193556904792786 0 9.463289618492126 3.325789719820023 37.72522098571062 16.74246786534786
6.4452188834548 500.6389569416642 377.2811937853694 8.679081231355667 3207.855192042887 4.370786115527153 4481.076402232051 459.6308328956366 916.3191559910774 100.1233305856586 2308.559957958758 45.50785188376904 689.7535234242678 2670.408254429698 59.88539530336857 22.20997925102711 0.530528262257576 0.1066020876169205 0 0.4017591401934624 1.24061531573534 0.1326672285795212 0.2126265168190002 0.1117070391774178 0.5385328680276871 0.137054979801178 0 0.2710545361042023 0.2468942999839783 0 106.9931510984898 17.49787209182978 21.39200608432293 0 0 0.2193928062915802 18.47100599855185 3.041565850377083 5.666847556829453 0.2424612864851952 0.1001554057002068 0 1.05726907402277 1.724866889417171 0.5211269482970238 0.202496662735939 103.9759832397103 0.4368223920464516 0.151295930147171 0.2435178384184837 0 0.2279455810785294 0 0 3.264656439423561 5.263038218021393 11.17572954297066 57.93978974223137 9.651959210634232 28.22195509076118 0.5185433402657509 2.80673959851265 0.2211917489767075 25.93276225030422 0.9323407411575317 0.2910663187503815 0.455013670027256 0.1091428250074387 0.6828247681260109 1.915792196989059 27.11218048632145 0.3691445142030716 0 83.06553769111633 19.48404882848263 153.2596239671111 38.19446732103825 29.41129290312529 7.982214577496052 43.5225278660655 4.737915180623531 20.11558847129345 4.255106911063194 0.6100351214408875 0.3998434469103813 2.491440713405609 0.5657062083482742 0.1315459311008453 1.174294047057629 0.0943266972899437 0.1356090307235718 0 3.228531561791897 0.1374249458312988 0.2295887842774391 12.719885379076 39.67509496957064 0 43.11771436780691 9.259830988943577 0.192031592130661 2.227894574403763 1.393917441368103 0 3.394439354538918 9.024435460567474 2.006952434778214 5.61757992208004 8.606290221214294 19.97117148339748 10.41853074729443 10.63321626186371 31.53505139797926 6.353167876601219 11.32293297350407 0 0 0.1497168838977814 0 0 0 0 0 0 0 0 0 0.09588443487882614 0 1.478384852409363 0 0 0.3060897290706635 0 3.804099917411804 0.3873966708779335 0 0.8824633359909058 0 7.020024009048939 1.346153408288956 11.34405917674303 3.200026661157608 4.707435980439186 0 0 0 0 0 0 0 0 0 0 0 0.3745691180229187 0 0.4193001613020897 0 0 0 0 1.445357143878937 0 0 3.408626891672611 21.88423052430153 0 0 0 0 0 0 0 0 0.1033693999052048 10.09273563325405 0 0 0 0.1267122030258179 14.34741654247046 2.450086772441864 17.20868535339832 0.3226730227470398 0 0.7168540805578232 0.2564016282558441 0 0 1.518107414245605 0 0 0 0 0.159771203994751 0.263408899307251 5.953549101948738 7.234309323132038 8.376478426158428 157.1473238170147 3.755664706230164 160.8570309728384 26.69003569334745 13.88428577780724 12.44827145338058 2.212246716022491 6.376881986856461 1.869009047746658 0.6418524384498596 1.280132949352264 0.4439645707607269 5.593253314495087 0.3429283201694489 0 0 3.544197238981724 0 41.93292128294706 11.15963019430637
397.2627727240324 426.6876150220633 17.7531161531806 1333.948989138007 87.73606069386005 769.3007060587406 2117.689556702971 7.471381954848766 100.1233305856586 2111.29032933712 40.8547390550375 1611.21358551085 5036.504352547228 698.8994419053197 6.044651873409748 0.4094226807355881 0 0 0 0 0.1303114891052246 1.895246237516403 0 0 0.6679795831441879 0 0 0 0 0 13.49653267115355 2.106095410883427 12.60926388204098 0 0 1.14343823492527 22.16878180205822 2.017869651317596 9.955410748720169 0.7487973272800446 0.1299601495265961 0 0.1415822058916092 0 0 0 24.56045752763748 0 0 0 0 5.31198550760746 0.7123737186193466 0.1511757075786591 1.330892585217953 1.706820487976074 31.28107481449842 41.52467021346092 9.549863830208778 9.530080266296864 0 6.143525384366512 0 1.067017510533333 0.1204263344407082 0.1056593358516693 0.1083448603749275 0 0 0.09955838322639465 54.24737130105495 18.48948281258345 3.633048556745052 44.13276019692421 1.465330712497234 20.87320803105831 4.615213081240654 2.083743251860142 0 0.1278194934129715 0.5777909755706787 3.027926824986935 1.662855811417103 0.6124017760157585 0.1188990920782089 0.6933166235685349 0 1.301350429654121 0.6576544195413589 3.438321501016617 0.8002115115523338 1.336936332285404 0.4114600718021393 0.316472053527832 0.290390357375145 437.5764978975058 112.0804444402456 3.028516829013824 59.74323955923319 294.5730941072106 6.825714588165283 44.89156272262335 230.7534607797861 33.95213593542576 10.5675036907196 133.1098407655954 111.8781937211752 58.76084759831429 164.304313108325 343.9269962012768 29.49386106431484 345.4830990731716 438.9171131402254 60.60111127793789 40.16881553828716 1.762650318443775 0.1281806081533432 0 0 0 0 0 0.1734205782413483 0 0 0.1468654423952103 0 2.73251473903656 0.4399099349975586 0 0 0 0 0 6.483864143490791 1.683249577879906 0 0 0 22.66500094532967 0.3290009796619415 35.89324240386486 8.09460175037384 2.55629225820303 0 0 0 0.1813440769910812 0 0.08507884293794632 0 1.478057190775871 1.91821701079607 0.2256457656621933 0 0 0.9382606148719788 0.1574716120958328 0.6520164757966995 0.8952323421835899 0 1.476108938455582 4.230876229703426 7.686061754822731 0 8.256371051073074 36.8009771630168 0.9566961675882339 1.096411488950253 1.468752980232239 0 0 0 0 0 0 47.37913268059492 2.096091940999031 0 0 0 41.6097518876195 6.326611936092377 49.62143008410931 5.871420815587044 1.905535005033016 4.117605045437813 1.754887446761131 0.1113630905747414 0.1107780039310455 3.271454334259033 0 0 0 0 0 0.1456906944513321 62.37727373838425 13.18778575956821 10.98002074658871 137.9788783490658 0.221652165055275 44.03229965269566 7.970306508243084 464.3881738260388 7.071900650858879 14.82051478326321 1.455542579293251 48.56877177208662 0 16.31702464818954 6.664619795978069 312.4871609061956 1.624755337834358 5.694271489977837 0.9368346929550171 0.3735967427492142 0.7120012640953064 888.5717453807592 96.27273148298264
13.85345493257046 242.9495753645897 2128.595207862556 1.352548226714134 876.9607435166836 6.340787455439568 157.1258170455694 1865.192443601787 2308.559957958758 40.8547390550375 1020.459460765123 303.272948384285 1546.089696489275 3890.186897173524 97.68370228260756 86.32072610408068 4.449735023081303 1.820788875222206 0 2.336457803845406 11.02855280786753 4.347125619649887 1.389614894986153 1.25056380033493 37.81970301270485 9.026161968708038 0.1987904012203217 3.654309913516045 7.202718786895275 0.1639488637447357 283.427906639874 47.30162660777569 1973.275504082441 1.12256170809269 3.417407527565956 78.78936846554279 585.0850906074047 158.7820453941822 107.1714836359024 15.02152021974325 12.47244312614202 17.46394545584917 6.889496617019176 3.210107155144215 0.3640508577227592 2.886900424957275 65.51017932593822 1.012890383601189 0.4691575765609741 2.981369264423847 4.137666508555412 7.760906398296356 5.36860254406929 10.19761562347412 1.390255488455296 1.886475183069706 5.891567714512348 47.01034393906593 5.75244940072298 11.56437719613314 18.29395605623722 302.2253768891096 9.651265971362591 31.01881571114063 0.1516374051570892 0.6626921147108078 1.507943049073219 0.4470791593194008 6.326753132045269 24.7081114500761 281.7535710558295 8.832971088588238 0.4523645788431168 31.93329181522131 10.31901154667139 83.84447532892227 33.69398324936628 60.2453091070056 67.25638815015554 461.2734178453684 25.4712402895093 133.1990313455462 1.380169861018658 0.1968372687697411 0.3472000285983086 2.195932969450951 0.6634376347064972 0.2723704800009727 1.743019282817841 0.3672869801521301 5.424649432301521 1.20953494310379 32.38514460623264 12.95723091810942 6.557310029864311 29.95832796394825 72.11076576262712 1.603661060333252 91.57762391865253 18.15811304003 4.045131996273994 1.471823021769524 7.914825469255447 0.2197219878435135 6.744012422859669 14.94158709049225 1.07498936355114 20.68984432518482 13.17561140656471 23.35408920049667 19.53068547695875 35.62759795039892 70.22959715127945 12.38613168895245 25.79084219783545 1.600351266562939 0 0.2933206111192703 0 0 0 0 0.1839578747749329 0 0 0 0 0.2755300104618073 0.5839255899190903 0 0 0.09506996721029282 0.1114865466952324 0.1062560752034187 6.671028912067413 2.211953043937683 0 0.1091703996062279 0 26.50414139777422 4.697916656732559 45.96763455867767 12.63021233677864 4.185438759624958 0.741051584482193 1.625194564461708 0.1672295182943344 0 0.1426746100187302 0 0 0.6432210206985474 2.98026730120182 0 0.2837120592594147 0.4211665019392967 0.1212439835071564 1.631829455494881 0 0.5106923580169678 0 0 0.5135250389575958 0 0.8538616895675659 7.990490347146988 35.19494216144085 0 0 0.08868984878063202 0 0 0.6583103537559509 0 0.2673697024583817 2.311327241361141 37.04202359169722 3.009796559810638 0.9713080823421478 0.1350086182355881 2.944092705845833 36.62619056552649 3.868692204356194 55.77021436393261 2.392995171248913 0.2630103230476379 1.815952219069004 0.640082061290741 0 0.4615237712860107 0 0 0 0 0.4379958212375641 1.038565367460251 0.3092485666275024 12.35192811489105 20.11241593956947 19.92586166411638 243.5264024361968 7.24761239439249 170.8952042385936 57.68207932263613 16.27212183177471 10.75044811517 3.168225899338722 6.765734165906906 14.16075085103512 0.3923483788967133 9.72374439239502 4.677549436688423 7.607994645833969 0.3133584558963776 1.828492879867554 0 11.93810882419348 0.7803651988506317 59.57208032160997 33.37723531574011
45.35920516401529 55.90465119481087 41.29256793111563 212.3106892630458 28.38604213297367 313.6998361721635 593.4916825369 77.61108986288309 45.50785188376904 1611.21358551085 303.272948384285 94.90097813308239 1105.924856729805 323.8147764876485 29.24336167424917 24.94850573688745 0.2769545763731003 0.1446476131677628 0 0.7505358904600143 1.745805203914642 2.062126785516739 0 0.5543892681598663 18.27058251202106 2.949392065405846 0.2415028214454651 1.362656727433205 3.6772590726614 0.9167086631059647 21.4368064776063 5.837512068450451 58.3511838465929 0.5733467489480972 1.765697225928307 32.81345507502556 103.0227338448167 21.29697833955288 37.16495761275291 4.545715868473053 7.12305873632431 14.12505440413952 0.174735426902771 0.4533115476369858 0.1508882194757462 1.001521915197372 21.77831580489874 0 0.6225961446762085 1.212240993976593 0.8159400373697281 2.383809506893158 4.969069018959999 4.631148740649223 0 1.972083166241646 18.7171131297946 13.63462325930595 2.818916007876396 2.130857802927494 9.705298140645027 10.54949790239334 2.449091166257858 8.407734788954258 0.1162985861301422 0.1219131350517273 0.7119071111083031 0.1094367355108261 0.6734449118375778 3.627034611999989 131.4967558979988 4.198812142014503 0 10.34020905941725 3.360623300075531 17.42908324301243 7.199014015495777 19.69345115125179 2.159774154424667 13.79887523502111 5.192664094269276 3.488549403846264 0.1004532873630524 0.1210767030715942 0.09620517492294312 0.3383661136031151 0.4240656048059464 0 0 0.1999326720833778 1.899262577295303 0.9187321066856384 9.286705516278744 4.020205944776535 2.214650735259056 1386.454504474998 278.666777908802 0.1573531180620193 81.19153165817261 72.78585067391396 7.519107080996037 10.04498708993196 38.31978550553322 6.234136089682579 13.43831437826157 63.07497699558735 15.44603715091944 47.53261908888817 64.67257536947727 153.8539133667946 38.60917238891125 157.8542920947075 311.6556813642383 48.87602978944778 61.93108649551868 0.9674185812473297 0.2955123484134674 0 0 0 0 0 0.1393274217844009 0 0 0 0 0.3437325358390808 0 0 0.4491963982582092 0.5640015602111816 0 0.4060462266206741 11.4373200237751 5.388593688607216 0 4.08173194527626 0 42.52311266213655 3.670121878385544 47.13497267663479 7.833178155124187 4.233108006417751 0 0.415462888777256 0.318499356508255 0 0 0 0 0 3.145176164805889 0 0 0.4077311307191849 0.4044333398342133 1.471687883138657 3.04992938041687 1.142243042588234 0 1.188747271895409 0.7210461497306824 1.119686141610146 0.6728881299495697 4.730469554662704 42.01537919044495 0.4652925431728363 0.6724191382527351 0.213421493768692 0 0 0.2705464959144592 0 0 0.2795437574386597 77.22814264893532 7.772134065628052 1.480376318097115 0 0.7237130701541901 53.80387403070927 6.479684591293335 46.24053753912449 3.541333928704262 0.7252689003944397 1.156504191458225 0 0.6432347893714905 0 2.697287797927856 0 0.1810046434402466 0.2705471441149712 0 0 0.760068342089653 64.60948217660189 23.57448705285788 9.508554331958294 129.4536337703466 0.1303349584341049 56.53134711831808 25.37569271028042 130.5019126534462 6.390611119568348 1.875048696994781 1.565796986222267 17.64658900350332 1.266690939664841 11.22318892925978 5.190874747931957 46.67884781956673 1.017716884613037 0 0 4.561142414808273 1.942724347114563 619.7139861956239 113.4600055664778
224.8615022003651 221.4102782607079 136.2355849891901 874.0113241523504 480.1522365435958 333.8013159930706 3147.231731854379 258.8047795817256 689.7535234242678 5036.504352547228 1546.089696489275 1105.924856729805 4062.341218963265 4208.626542307436 91.21309696137905 68.72299975901842 2.025712877511978 0.1132925450801849 0 0.2477919831871986 2.527091659605503 6.044223196804523 0 0.1750641912221909 34.7726926356554 4.515390038490295 0.1322911381721497 4.271055765450001 7.915052518248558 0.205922394990921 68.60561779886484 18.33917624503374 565.4817472398281 0.3920137956738472 1.699429742991924 42.90677350759506 932.2690286040306 212.0256072357297 308.4345815777779 11.39324957877398 4.260330408811569 11.73876813799143 1.659100793302059 2.324841365218163 0.9546656236052513 1.998322330415249 77.25246492773294 0.209735631942749 0.9629976078867912 0.7658758461475372 1.128996856510639 5.579001903533936 5.916206806898117 7.879944168031216 0.8209288939833641 2.930324450135231 22.25947476178408 49.75018872320652 10.59167637676001 13.31386023014784 9.548671722412109 70.22030267864466 4.56302360445261 25.54474184662104 0.2595654055476189 0.7766601368784904 0.1802252680063248 0.4641482904553413 2.533214159309864 5.687000185251236 610.6539031267166 8.713098913431168 0.4727132543921471 48.91431045532227 12.68722900748253 90.94920950382948 30.51438241451979 47.97492875158787 8.735696248710155 52.4072887301445 12.74668328464031 19.70911160111427 2.774255461990833 4.77065784484148 0 1.445810049772263 0.4957743287086487 0.11402727663517 0.3189714178442955 0.5104153007268906 1.519037507474422 0.4885222017765045 7.579915255308151 4.100411981344223 2.882719837129116 1038.269630216062 307.4036092758179 1.80968451499939 187.0002163425088 85.36738047003746 9.275262728333473 17.42666698247194 58.38660592585802 8.115578413009644 30.70913683623075 120.2415899187326 21.88981595635414 84.10853383690119 179.0263981595635 220.0376318544149 84.26369106769562 199.966457657516 476.2080424651504 88.32056361436844 116.9213805571198 2.201330587267876 0.7659877985715866 0 0 0 0 0 0.134643167257309 0 0.6929653882980347 0.3415947407484055 0 5.070137441158295 0.3600224256515503 0.4822376370429993 1.337755769491196 0 0.211057111620903 0 13.31396763026714 4.509872525930405 0 2.606423705816269 0 71.41337524354458 11.20130912959576 99.22650706768036 14.66319766640663 10.54458309710026 0.1062139347195625 0 0.1203525736927986 0 0.3473004102706909 0.5631589144468307 0 2.221869543194771 3.418704099953175 0.4134737551212311 0 0.8873558565974236 0.1897594183683395 2.496189661324024 0 0 0 3.98579640686512 1.357118740677834 3.312067076563835 3.641546383500099 18.4533901065588 119.3174069002271 0.5189948678016663 0.7309528291225433 0 0 0 0 0.1174405813217163 0 0.1640779227018356 146.2397713512182 8.05750684440136 1.12469057738781 0.4418792724609375 1.978075109422207 104.5678179040551 19.6035317927599 153.8768057823181 2.652877867221832 4.180883258581161 6.24705483019352 1.535446427762508 0.2671892791986465 0.1527099311351776 2.891994893550873 0.1613485366106033 0 0 0.1264444589614868 0.1181281805038452 0 95.9964343085885 54.95886932313442 31.38237942010164 289.8785771429539 5.565096229314804 188.8680689334869 67.62974342703819 145.1067492738366 10.80113965272903 2.184943057596684 8.29374835640192 23.32377523183823 2.197290182113647 28.84606543183327 15.07876086235046 57.33605244755745 3.893446937203407 0 0 7.604367040097713 1.571415290236473 526.4340896606445 140.8550118133426
