166.4018798321486 1941.030791342258 177.3360512554646 1455.705127596855 25.86770896613598 71.33367013931274 409.130158893764 40.84701635688543 5.001007296144962 1335.787941001356 39.28161122649908 46.48651424050331 90.90452665090561 30.54489786922932 0.1102627217769623 0.3052303120493889 0.4754343256354332 0.4621315561234951 0.1665847525000572 0.0802236869931221 0 0.1080103889107704 0 0.1908047050237656 0 0 0 0 0 0 884.324984177947 58.41488956660032 5.377287723124027 0.5815859362483025 0 0.1278178095817566 1.585928872227669 0.418150894343853 0 0.3361227512359619 0.2732829079031944 0.07557913661003113 0 1.082804895937443 0.3502897173166275 0.4116550236940384 11.71153522282839 6.683042995631695 2.650329582393169 0.7484839409589767 3.525394961237907 0.3378098234534264 0.1010973826050758 0.1658570915460587 13.81684619933367 38.3548776358366 615.3331092223525 1261.745878137648 96.31646621972322 13.72269960492849 0.1201818212866783 1.17326907068491 0.9108600318431854 98.56700087338686 19.97322505712509 6.546677127480507 1.954730816185474 6.574514791369438 1.869234696030617 0.3164282888174057 4.02275125682354 0 0.09832147508859634 406.6756153926253 168.1593005955219 23.76177639514208 2.679934531450272 4.491916559636593 1.906842641532421 8.291261546313763 0.3696973547339439 2.719754464924335 31.41959775239229 1.355617679655552 8.321763284504414 11.77093770354986 3.696460723876953 0.4077012836933136 4.068377815186977 0.1768878772854805 2.13616881519556 1.041698828339577 0.5722599178552628 0.9327419400215149 0.09542408585548401 73.72925103455782 8.401737719774246 0.8264316767454147 1.457541301846504 1156.985539287329 0 5.186980754137039 1.128522008657455 0.1698718518018723 1.302623495459557 7.917720012366772 2.41788737475872 9.078084841370583 1.095053791999817 3.454113394021988 0 12.29042053967714 5.057154387235641 2.017187878489494 0.4682922512292862 0 0 0 0 0 0 0 0 0 0 0 0 0 0 0 0 0.1932644546031952 0 0 0.1326111853122711 0 0 0 0 0.1262750923633575 0 0.09433800727128983 0 0.08856116980314255 0 0 0 0 0 0.1246147826313972 0 0 0 0 0.0878024697303772 0 0 0 0 0 0 0 0 0 0 0 2.368502378463745 0 0 0 0 0.09468835592269897 0.07828232645988464 0.1047621592879295 0.09245797991752625 0 0 0 0 0.432855412364006 1.01988772302866 0 0 0 0 0 0.1469853818416595 0 0 0 0.2114717364311218 0 0 0.4184708371758461 0.6403958573937416 0.09470869600772858 0 1.0816400796175 0.2663595080375671 0.1873779818415642 169.8301020264626 35.10446550697088 232.2431817725301 53.41893274337053 625.0645190402865 64.99342661350965 23.65803496539593 5.916675612330437 3.091798946261406 0.3011501282453537 0 0.1010696887969971 17.05521936714649 0 0 0 2.018578290939331 0 303.7415091469884 6.134103901684284
1941.030791342258 2903.971110485494 1452.03775177151 1304.760624304414 2360.40817990154 272.56644359231 2629.036888860166 1236.107698373497 1727.69265408814 1257.723649732769 1620.351187102497 182.6635516434908 969.8366896435618 1692.384328655899 5.022298119962215 8.054157271981239 0.7411091849207878 2.027849622070789 0.4233557730913162 0.9738953560590744 0 0.08077323436737061 0.1138136833906174 0.1890410780906677 1.996982283890247 0.1915815696120262 0 0.2253300473093987 0.5293866321444511 0.4474085941910744 3501.453962989151 379.4594747945666 139.5342611074448 1.253602229058743 0.4696010649204254 5.896210946142673 9.690341256558895 5.719440445303917 2.441162191331387 0.8718197345733643 0.5028491318225861 1.580536656081676 0.9780149757862091 2.389397196471691 1.72724711149931 1.20176574587822 105.396282851696 14.28267303854227 3.380240298807621 2.921196892857552 7.582681395113468 0.8830790519714355 0 0.301041454076767 15.71796365827322 46.43932357430458 249.6120846793056 984.5068940073252 83.28830777108669 65.76707448810339 0.2558300420641899 8.07430525124073 1.237707309424877 481.2187595665455 27.7821979150176 15.57548882067204 4.752491630613804 13.55726683139801 7.141684979200363 2.072656624019146 16.76738093048334 0.2038807049393654 0.1850040107965469 385.3532563224435 401.5976194515824 231.8660387545824 49.35517166554928 38.24410592764616 11.25183755904436 270.1473378911614 1.321585610508919 25.03219671547413 55.30119235813618 2.175670079886913 11.66621986031532 15.6165423989296 10.79096349328756 0.3066539242863655 6.394861325621605 0.7426611483097076 4.345361970365047 1.022570312023163 10.519182741642 2.135035306215286 2.592025004327297 28.70467122644186 1.428558617830276 0.09869774430990219 5.358702883124352 685.8907246366143 0.4825827330350876 6.700935319066048 6.523665323853493 1.721426069736481 0.8659665435552597 30.0315224006772 4.178535111248493 28.35264350473881 14.54373396933079 16.24592383950949 5.919101908802986 47.8961238488555 29.85174564272165 30.25467946380377 14.32592654973269 0 0.4575204625725746 0 0 0 0 0 0 0 0 0 0 0.2222268506884575 0 0 0 0 0 0 1.966569736599922 0.2726970613002777 0 0 0 2.321258783340454 1.245736956596375 9.377439707517624 0.5702176094055176 0 0 0 0 0 0 0 0 0 0.5129984021186829 0 0 0 0 0.1434464007616043 0.08676736801862717 0 0 0 1.049571789801121 0.2176457941532135 0 0 19.08103606849909 0.3193483278155327 0 0 0 0.07700507342815399 0.1807331740856171 0.3438868001103401 0.6595854908227921 0.09947815537452698 2.979973085224628 1.269290685653687 0 0.4425336718559265 0.4347395300865173 7.614245288074017 1.299091100692749 7.402007654309273 0 1.261813923716545 0.09432881325483322 0 0 0.1965495273470879 0.6230035722255707 0.3007602393627167 0.08761416375637054 0.6527893245220184 0.3551454544067383 0.298491045832634 0 6.73440420627594 2.610509663820267 0.1997382789850235 309.3310938030481 38.11883200705051 524.9083127975464 96.00913062691689 600.3106684014201 81.44969134777784 16.682497151196 22.17566806077957 8.638187117874622 0.3954165130853653 2.452563017606735 0.4508161172270775 31.1372512280941 0 0.1086675897240639 0.2107230126857758 4.395954266190529 0.8746205866336823 428.5259152576327 29.01500657945871
177.3360512554646 1452.03775177151 1125.509410195053 141.9832348376513 624.5603666380048 10.172024294734 59.52782073616982 2387.833700165153 449.36379481107 18.99082206189632 1480.34934412688 80.62359318137169 213.9123684540391 973.6573384702206 3.663092985749245 8.507907912135124 0.9920628219842911 5.158461824059486 0.9473478645086288 1.528675965964794 0 0 0 0.2410835921764374 9.493805512785912 0.530019536614418 0 0.07578695565462112 0.8337605893611908 0 2382.394649028778 591.4502005428076 210.3454573303461 3.085958212614059 1.155925959348679 16.411381483078 4.342270515859127 8.400418944656849 1.806389264762402 1.05673310905695 1.247654549777508 1.578508175909519 4.282452762126923 4.870831117033958 2.674608685076237 3.248105756938457 43.12457956373692 7.360300250351429 4.84049629420042 7.179500237107277 2.091965310275555 0.4502772092819214 0 0.9268453195691109 3.002769701182842 7.64252508431673 49.12506522238255 292.4445972517133 17.75511818379164 17.09531801939011 6.645321540534496 31.68085221201181 0.1247831284999847 282.5462653487921 5.427106328308582 5.781572468578815 2.079561479389668 10.7010118663311 26.71698316186666 4.838277414441109 11.02873445302248 0 0.2654252499341965 82.66848362982273 123.6600254848599 84.43046065419912 33.65591751784086 63.40617850422859 32.24451811611652 800.9060389176011 7.093885451555252 151.9930081143975 13.49696228653193 0.3156512156128883 3.324143566191196 4.073067724704742 5.249329544603825 0.3183356896042824 1.878680475056171 0.07126772403717041 1.620558731257915 0.7375780567526817 27.33033537119627 1.728580728173256 2.599174112081528 10.84383788704872 1.777377352118492 0 1.326517768204212 48.24048093706369 0 0 0.9365701079368591 0.161559596657753 0 0.8391501158475876 0.1289453506469727 2.619095459580421 0 0.5685170441865921 0.4074561148881912 2.961594551801682 4.366916447877884 5.051821336150169 1.461520791053772 0 0 0 0.1809404790401459 0 1.250123381614685 0 0 0 0 0 0 0.119028314948082 0.1485650539398193 0 0 0.1951197683811188 0 0 0 0 0 0 0 0.4961601346731186 0.1853917986154556 4.548681080341339 0.1890270486474037 0.2912373840808868 0.6123395562171936 0 0.08427246659994125 0 0 0 0 0 0.2047848403453827 0.1089535355567932 0 0 0 0.2362887114286423 0 0 0 0 0.3452233374118805 0 0.09631197899580002 0 3.858915947377682 0.1135413870215416 0 0 0 0 0.09705217927694321 0.2572889924049377 0 0.2286119014024734 0.9535138010978699 0.1402229815721512 0 0 0.379805400967598 1.194837987422943 0 0.6816094741225243 0 1.141922622919083 0.3320187628269196 0 0.2058815136551857 0.08537346124649048 0 0 0 0.08876656740903854 0.155156746506691 0.07960622012615204 0.09072922915220261 2.551519520580769 0.4575454443693161 0.3066598773002625 95.06043664366007 9.730671256780624 136.3222882524133 28.77147743850946 53.13789899647236 20.88957037031651 1.977073930203915 6.575670517981052 1.332858711481094 0.1004661992192268 0.4768705517053604 0.08667301386594772 5.928395450115204 0 0 0 2.312882840633392 1.339261412620544 27.12035194039345 2.468616336584091
1455.705127596855 1304.760624304414 141.9832348376513 409.8975963741541 30.55186143517494 326.8571319803596 785.6110928431153 3.580412335693836 5.462639473378658 936.5000374168158 16.52697333693504 106.04717682302 458.7232735082507 56.40818780660629 0 0.2823294997215271 0.2873919755220413 0.1061787009239197 0.08134482800960541 0.2345898449420929 0 0 0 0 0.1238708794116974 0 0 0 0 0 192.9891866520047 30.26260784268379 3.426325045526028 0.2441527396440506 0 0.3300376236438751 0.3837499171495438 0.100577637553215 0.08239419013261795 0.07288027554750443 0.1150781437754631 0.344210259616375 0.135361984372139 0.6435723528265953 0.1986308544874191 0.4596250355243683 11.11308860778809 4.198177605867386 0.4143668487668037 0.5193898007273674 2.23973686248064 0.4179012030363083 0 0.1982105821371078 7.18097622692585 18.99601853638887 100.8117092400789 225.840192168951 34.25365578383207 12.71984776854515 0 0 0 65.81815741956234 11.60870988667011 5.047198213636875 1.613254323601723 3.233205705881119 0.8020357936620712 0 1.069085329771042 0 0.1319061368703842 167.6813136339188 96.22534880042076 25.171561434865 1.959501437842846 1.861925557255745 1.045171141624451 1.578315190970898 0.1089307516813278 0.8221802115440369 17.92500352859497 1.213218599557877 2.867850124835968 5.562830716371536 2.280803859233856 0.08620288968086243 1.909703321754932 0 1.175667099654675 0.2763979732990265 0.1259222775697708 0.3369806036353111 0.9477481469511986 1.467845238745213 0 0 0 387.5103400200605 0 1.493847191333771 1.804708950221539 1.674826465547085 0.7968121618032455 14.08610758185387 2.798571906983852 10.21510428935289 5.693394802510738 8.874862179160118 0.800217866897583 19.73262025415897 9.245422467589378 8.92948254942894 1.547151461243629 0 0 0 0 0 0 0 0 0 0 0 0 0 0 0 0 0 0 0 0 0 0 0 0 0 0 0.5075409486889839 0.1721526086330414 0 0 0 0 0 0 0 0 0 0 0.1068627163767815 0.08211295306682587 0 0 0 0 0 0.1470826864242554 0 0.106254369020462 0.1487191021442413 0 0 1.012022711336613 0 0.1772371083498001 0 0 0 0.08363376557826996 0.08812032639980316 0 0.07761944085359573 0.227654717862606 0 0 0 0.1861099675297737 1.095263130962849 0 0 0 0 0 0.2974255383014679 0 0.07528830319643021 0.1060871407389641 0 0 0 0 0 0.1031749695539474 1.049955368041992 0 0 63.01943492144346 12.85989074409008 136.9418387264013 31.1179648116231 411.7170767337084 32.06482680886984 8.710825346410275 3.01458390802145 0.962620735168457 0 0.1050062254071236 0.7240366786718369 13.51849208772182 0 0.1349010318517685 0 0.4142495393753052 0.4345762729644775 275.1676894202828 12.26235239207745
25.86770896613598 2360.40817990154 624.5603666380048 30.55186143517494 990.7126869261265 7.866909392178059 769.2137139439583 321.7340946048498 1492.643107563257 637.4197142422199 1125.552482061088 53.26293337345123 350.3084519580007 1104.068255223334 3.042051993310452 5.170399062335491 0.2391364648938179 0.08809173852205276 0.3959471583366394 0.1684571206569672 0 0.09457548707723618 0 0 0 0 0.1891915649175644 0 0 0 159.5729501023889 70.28296539187431 32.85345899313688 0.5416844934225082 0.2452102154493332 0.1768210008740425 1.528134122490883 0.08081384003162384 0.2994152158498764 0 0.08002461493015289 0.5748457983136177 0.07065614312887192 1.05635517090559 0.5083339735865593 0.3238666728138924 53.85910823941231 4.483688578009605 0.9791636168956757 0.5080228820443153 1.318115100264549 0.336121141910553 0 0 3.705957226455212 9.883210711181164 24.74321415275335 90.43199767172337 14.45359659940004 22.81805762648582 0 4.438028924167156 0.1239837408065796 161.9507781267166 6.845558181405067 4.067575983703136 0.9168154448270798 3.652456931769848 1.193291135132313 0 12.26222722232342 0.278453141450882 0.2761915475130081 73.62298027426004 113.1440615132451 121.6960765644908 32.74868942797184 12.82607379555702 2.723114870488644 28.1018059104681 0.5622785687446594 3.879041813313961 15.06397093087435 0.4008775055408478 4.338914923369884 3.273854799568653 1.853051498532295 0.0826820507645607 2.263639777898788 0.3014368861913681 1.050133243203163 0 0.8769788965582848 0.1865947395563126 0.4820500239729881 63.81497303396463 11.56880870461464 0 3.219247192144394 4.661002114415169 0.171320453286171 0.6764224767684937 6.237319007515907 2.01574544608593 2.399666383862495 30.72133680433035 3.631015576422215 28.02311723679304 10.25876569002867 17.12357139587402 10.96775318682194 65.28508462011814 48.590820774436 60.42182113975286 26.65683843195438 0 0 0 0.423871785402298 0 0 0 0 0 0 0 0 0 0 0 0 0 0 0 1.332811415195465 0.7521205395460129 0 0.1532890051603317 0.230126366019249 7.750966414809227 4.124154940247536 27.4090098887682 1.641463130712509 0.4597909599542618 0 0 0 0 0.2120873928070068 0.3987043499946594 0 0 1.897245898842812 0 0 0 0 0 0.1959780156612396 0.4548095464706421 0 0.3820173665881157 0.1902077943086624 0 0 1.777821116149426 59.47406916320324 3.791182607412338 0 0.08839006721973419 0 0 0.1115938574075699 0.2669716700911522 0.07517749071121216 0 8.880926355719566 1.65678184479475 0 0.08642391860485077 0.09608425945043564 26.50444824248552 5.290400758385658 17.41022501885891 0 3.321991324424744 0.6312225162982941 0.7526203989982605 0.1888301968574524 0 0 0 0 0 0.1015976220369339 0 0 24.87834454327822 10.16690292954445 4.389844514429569 153.3689398244023 11.37104940414429 200.2057665213943 45.3936677351594 44.8037262186408 29.72694449871778 2.158832930028439 12.41565900295973 7.003201380372047 0.4739096462726593 11.74173234403133 2.372088015079498 12.37249256670475 1.400670319795609 0 0 1.735931508243084 0.7210632264614105 86.54424015432596 32.42664059996605
71.33367013931274 272.56644359231 10.172024294734 326.8571319803596 7.866909392178059 7.135967805981636 135.5332723110914 0.998565748333931 2.39914770424366 853.4990983977914 2.01640610396862 165.1700165495276 161.170173831284 71.88525084406137 0.3649791479110718 1.575590401887894 0 0 0 0 0 6.395123712718487 0 0 0 0 0 0.5026339739561081 0.4547202885150909 0 50.98245160281658 0.3104821741580963 45.90858624875546 0 0 0.1253992915153503 19.30593465268612 1.498748332262039 5.083534702658653 0.1455073207616806 0.2707425057888031 0.6678780987858772 0.4402622282505035 0.1267958283424377 0 0.3483599126338959 2.455825760960579 0 0 0.1336224377155304 2.088152036070824 12.19198548048735 4.788306728005409 0.8939218819141388 1.05024516582489 1.31606636941433 48.83054180443287 25.03173368424177 4.38418685644865 0 0.6449572890996933 11.69704746454954 0 0.3144718259572983 0.6516923755407333 0 0.1492040157318115 0.4816153421998024 0.4639951437711716 0.1394471228122711 88.46747994422913 117.3445116281509 6.46291184425354 9.302934162318707 1.328715577721596 2.157755427062511 1.151922300457954 0.6050682291388512 0 7.038928873836994 0.2504652142524719 1.318535566329956 0.8523112684488297 0 0 0.4554387032985687 0.3120615780353546 2.654754154384136 2.103583104908466 6.824872113764286 7.347515001893044 4.597952179610729 0.7869230508804321 0.4450992196798325 1.657407447695732 283.7640469819307 343.8897722437978 25.75589698553085 47.66819234192371 172.9714035987854 0 0.09803589433431625 0 0.1426997482776642 0 1.935542598366737 0.4225312024354935 2.022914052009583 0.1422184407711029 0.4591197073459625 0 1.665182791650295 0.3623033240437508 0.8848592042922974 0.1441115885972977 0 0 0 0 0 0 0 0 0 0 0 0 0 0 0.0964268371462822 0 0 0 0.1202100589871407 0 0.08899638056755066 0 0 0 0 0 0.8631045147776604 0.3685105592012405 0.08415861427783966 0 0 0.1331805437803268 0 0 0 0 0 0 0 0 0.1262252032756805 0.1100715324282646 0 0 0 0 0 0 0.1200068295001984 0.1481947004795074 0 1.020235992968082 0 0 0 0 0 0 0 0.0876033753156662 0 0 0.5084362924098969 0 0 0.1370610445737839 0.1351777315139771 0.0981983095407486 0.2881072014570236 0 0.1228823661804199 0 0 0 0 0 0 0 0 0 0 0 0.1243413314223289 0.1072715297341347 0.3085505589842796 13.678162753582 0.3636388331651688 5.880361050367355 1.703992024064064 154.1307862699032 0.7748533487319946 0 0.127870038151741 0.2219477295875549 0 0 0 0 0 0 0 0.1505525410175323 0.9981954097747803 29.75114262849092 1.721478097140789
409.130158893764 2629.036888860166 59.52782073616982 785.6110928431153 769.2137139439583 135.5332723110914 1263.849462687969 9.132758788764477 2175.501752659678 3413.147754460573 152.3481426760554 337.4172966852784 1818.989663884044 1858.169526718557 1.511735796928406 1.997629471123219 0.214735709130764 0.519974522292614 0.113352932035923 0.1846878752112389 0 0 0 0 0.1010421365499496 0 0 0 0 0 142.7653475701809 38.61247862875462 20.63007540255785 0 0 0 1.708236038684845 0.1778576523065567 0.1647711098194122 0.09984547644853592 0 0.1540076285600662 0.08350230008363724 0.7517485469579697 0.1605841666460037 0.2214822769165039 27.1145603954792 2.55180636793375 0.7865162491798401 0.4342638850212097 1.457240179181099 0.2170756608247757 0 0 3.909743890166283 11.26335439831018 31.6515889018774 100.0628532469273 18.48777252435684 15.45080678164959 0 1.727787651121616 0 97.26968640834093 5.314409114420414 2.757733345031738 0.8884199112653732 1.737289302051067 1.099021390080452 0 5.179498910903931 0.2202392667531967 0 71.27103110402822 88.72002111375332 51.20848598331213 9.302559874951839 6.407545022666454 1.291729941964149 4.774480126798153 0 3.698979258537292 11.96750850230455 0.5725228041410446 3.010195419192314 3.207322470843792 1.167172037065029 0 1.829211816191673 0.1905464455485344 1.020398661494255 0 0 0.2691208943724632 0.6398142874240875 48.1752291098237 3.026540994644165 0 1.500046744942665 34.28243125230074 1.252303540706635 6.083598867058754 29.75344429910183 11.88660369068384 9.651485569775105 74.57416926324368 11.75416588783264 72.6419634744525 33.47108954191208 42.19204928725958 16.34693922102451 150.022301748395 79.749417565763 115.52303186059 39.3074055314064 0 0.3300409093499184 0 0 0 0 0 0 0 0 0 0 0 0.1049791648983955 0 0 0 0 0 4.395476557314396 2.43797118216753 0 0 0 6.06844287365675 3.155586056411266 25.92839498072863 0.1931512951850891 0.2246355712413788 0 0.09756667166948318 0 0 0.3539694845676422 0 0 0.1896158903837204 2.283450394868851 0 0 0 0 0 0.08720263093709946 0 0 0.1481845080852509 2.489782854914665 1.390721626579762 0.9064802527427673 0.5049838423728943 68.10931730270386 3.337776720523834 0 0.4378171861171722 0.1724770665168762 0.07731766998767853 0.07891761511564255 0 0.09721790254116058 1.008503265678883 10.65146017074585 0.1529749184846878 0.7490034103393555 0.08506696671247482 0.1667559519410133 34.80789192020893 0.7651337906718254 18.23153690248728 0.4775908440351486 7.70549912750721 1.0755500420928 0.5044269636273384 0.3971621990203857 0.09084365516901016 0 0.1962136998772621 0 0.07914970815181732 0 0 0 43.39074537158012 9.612300664186478 1.751398861408234 91.62640075385571 5.460236996412277 129.8726497069001 23.05315290391445 154.6996562182903 22.60398416221142 3.968360185623169 9.727854691445827 10.69805799424648 0 10.39772232621908 1.633615352213383 61.55640405416489 0.408970445394516 0 1.033947706222534 0.8356910049915314 0.182933047413826 348.5993731692433 73.08323879539967
40.84701635688543 1236.107698373497 2387.833700165153 3.580412335693836 321.7340946048498 0.998565748333931 9.132758788764477 1788.194031454623 157.9270598813891 5.144590996205807 2402.479683049023 136.0302162915468 337.2405145615339 1910.163082011044 8.628455340862274 21.26125509291887 2.048267871141434 9.818718746304512 2.203931517899036 5.66320563107729 0.09110099822282791 0.1094140037894249 0.734926164150238 0.44276512414217 15.01491865515709 0.7568144053220749 0.1069156900048256 0.2816480174660683 0.9609868004918098 0 809.7533780857921 1162.46608672291 423.1193355619907 13.02439500391483 2.901629276573658 22.88395029306412 7.400471746921539 12.97406756132841 1.747594468295574 0.9826351925730705 1.138023354113102 2.821327239274979 10.75821298360825 31.08636447042227 11.98301701247692 10.30666767060757 129.955035597086 5.925306506454945 5.102066949009895 16.69621041417122 5.425922878086567 0.261892095208168 0.2613652944564819 0.5469091683626175 2.55985064804554 9.710223995149136 24.90356765687466 145.6223099455237 18.87515086680651 33.92196152359247 12.21231078356504 77.15809912979603 3.061288982629776 575.9139768257737 7.00535424798727 9.781957369297743 2.716878391802311 14.64129707962275 39.49779266864061 6.765559807419777 11.70561897009611 0.319315105676651 0.7472062632441521 97.28714656829834 200.6886910274625 223.2481682449579 201.3108601123095 789.1081278249621 977.8859000653028 2551.294780217111 42.65475913137197 1086.916963115335 13.22678691893816 0.3848704546689987 4.127005137503147 4.33554644882679 9.714178748428822 0.1844797506928444 2.256446361541748 0.1982419490814209 1.87620384991169 0.6481579542160034 41.86742160469294 1.884385138750076 3.802407339215279 7.530103586614132 1.338643118739128 0 4.459400817751884 9.574222944676876 0 0 0.5741132199764252 0 0.1305184960365295 0.3601248264312744 0.2637095749378204 0.9847797155380249 0.1002166271209717 0.9200343117117882 0.2017100006341934 2.402462288737297 1.517362512648106 3.459201775491238 1.722119636833668 0 0 0 0 0 0 0 0 0 0 0.3743212819099426 0 0.08567868173122406 0 0.08752532303333282 0 0 0 0 0 0.2509526759386063 0 0.1040536090731621 0 0.3393392041325569 0.1267163753509521 2.834239803254604 0.9539860337972641 0.4555931240320206 0 0 0 0 0 0.1344722211360931 0 0 0 0 0 0 0.2226530984044075 0.3967600911855698 0 0 0 0 0.4322924986481667 0 0 0.23844875395298 2.609698817133904 0.545317716896534 0 0 0.09573537856340408 0 0 0.291360154747963 0 0.3971978053450584 0.764616422355175 0.1167179495096207 0 0 0.7728078737854958 0.1366670280694962 0 0.6547928377985954 0 0.2074049711227417 0 0 0 0.09113320708274841 0 0 0 0.08347301185131073 0.3680978566408157 0.4203670471906662 0 0.5938834622502327 0.1628554314374924 0.6571118012070656 180.6226238831878 13.40197906643152 242.7893327474594 55.82174849510193 40.05677677690983 35.20047125965357 1.646387822926044 17.25993975996971 2.221235901117325 0.6432997286319733 0.6103636398911476 0 0.1149692535400391 0 0 0 2.290593937039375 0.9868445098400116 21.5679634436965 2.505771949887276
5.001007296144962 1727.69265408814 449.36379481107 5.462639473378658 1492.643107563257 2.39914770424366 2175.501752659678 157.9270598813891 653.2287070453167 286.3458142951131 1112.034457974136 34.78537219017744 359.4144702777267 1291.25236992538 1.173230543732643 2.972913973033428 0.1041578128933907 0.2899674847722054 0.08579570800065994 0 0 0 0 0 0 0 0 0 0 0 29.36035390943289 23.115911655128 20.58117993921041 0.08338810503482819 0 0 3.956343285739422 0.6713940352201462 0 0.2045907229185104 0 0 0 0.4765141829848289 0.3557645231485367 0.08531982451677322 23.01899522542953 1.055876143276691 0 0 0.4519992992281914 0 0 0 0.950437031686306 2.416847951710224 4.378816217184067 17.23169798403978 3.682273417711258 8.459342814981937 0 3.525240898132324 0 57.33624944835901 1.999665908515453 1.159100905060768 0.558535985648632 0.9379296153783798 0 0 6.467818669974804 0.4282389283180237 0 17.35250169783831 29.19018415361643 45.93329248577356 19.99433157593012 8.742311649024487 0.8601089343428612 10.51350471377373 0 1.681161098182201 2.865671671926975 0.08505938947200775 1.106685489416122 1.054249733686447 0.5525824427604675 0 0.5642808750271797 0.2980095967650414 0.1463643461465836 0.1871398314833641 0.2118775323033333 0 0.08695336431264877 42.937853962183 5.022003784775734 0 3.725142940878868 2.438149839639664 0.3348981663584709 2.49460069835186 4.89868576079607 4.385433465242386 4.343531966209412 32.9151963442564 4.872317537665367 40.41032084077597 16.81775303930044 18.93337338417768 10.6482859402895 66.58822102844715 48.37438084185123 78.25738909095526 25.78884728252888 0.1183577552437782 0.4870994687080383 0 0 0 0 0 0 0.1309070438146591 0 0 0 0 0.1727911233901978 0 0 0 0.1016259044408798 0 2.364245489239693 0.8025623857975006 0 0.1431308686733246 0 5.485573180019855 3.018576502799988 27.53852473944426 0.1319907009601593 1.056321077048779 0 0 0 0 0.11128069460392 0.4631237089633942 0 0 0.5790850818157196 0 0 0 0 0 0 0 0 0.2465274333953857 3.398981213569641 0 0.2073658108711243 0.2276611477136612 52.64169282466173 4.68752820789814 0 0.0773477703332901 0.06825046986341476 0 0.08223499357700348 0 0.08987938612699509 0.2770654335618019 8.564757145941257 0.7371332347393036 0 0 0.1643417924642563 25.27101678401232 2.461239740252495 10.10721922665834 0.4506945312023163 1.529070183634758 1.107516035437584 1.148442342877388 0 0 0 0 0 0 0.07543439418077469 0 0 32.40841872245073 7.662725865840912 1.49713559448719 72.93908251076937 3.340366967022419 71.08586919307709 17.8221677839756 19.10435780882835 12.06738137453794 0.4111102521419525 8.738399960100651 11.81761056929827 0 11.63768941164017 1.448821291327477 10.68791396170855 0 0 0.4325141608715057 0.9317153468728065 0.7977526783943176 60.21107067167759 38.68736622482538
1335.787941001356 1257.723649732769 18.99082206189632 936.5000374168158 637.4197142422199 853.4990983977914 3413.147754460573 5.144590996205807 286.3458142951131 1182.093485638499 27.3914996534586 804.5998968556523 4762.756765425205 982.4763743504882 0.1772485822439194 0.7347486764192581 0 0.7091123536229134 0.1395561099052429 0.2321833521127701 0 0 0 0 0 0 0 0 0 0 69.14002704620361 11.86116905510426 96.90995992720127 0.09081289172172546 0 0 8.020071901381016 0.4992184638977051 0.5099073573946953 0.197086289525032 0.2464673519134521 0.8638181090354919 0.7785378694534302 0.08727879822254181 0 0.09164353460073471 9.220603980123997 1.408063523471355 0.2801989391446114 0.2122943177819252 0.6200262010097504 0 0 0.1424644142389297 3.103969819843769 6.659329369664192 61.02315827459097 78.76628719270229 17.3821736946702 5.156970553100109 0 1.366668835282326 0 32.27064970135689 3.122303403913975 2.891092099249363 0.6746552586555481 0.9101138561964035 0.2115608081221581 0 22.99524816125631 0.2134535759687424 0 64.15917164087296 45.99378418922424 11.43094688653946 3.303332425653934 1.565910279750824 0.1310688406229019 7.559077270328999 0.2730531245470047 3.396493621170521 8.817814894020557 0.2617690488696098 1.52146714925766 2.418880023062229 0.5474886447191238 0 0.9351193010807037 0.07624389976263046 0.8096664994955063 0 2.394580282270908 0.2952772453427315 0.4163887724280357 80.64501781016588 19.2347217798233 0 2.907554894685745 315.8635926023126 2.682358153164387 26.05301274359226 98.69186703115702 39.82828721404076 12.90159209817648 217.4298266097903 52.0053084641695 163.7855170369148 228.7421677559614 132.2765718922019 20.71714666485786 352.5943166017532 209.2507046163082 236.3496498987079 43.753966152668 0 0.1937109604477882 0 0.1107546761631966 0 0 0 0 0 0 0 0 0 0.3368620499968529 0 0 0 0 0 4.653074741363525 4.442280977964401 0 0 0 7.939557425677776 3.160549096763134 21.70140679180622 0 0 0 0 0.1776696965098381 0.1021782085299492 0.2991234213113785 0.9667062759399414 0 0.2162876948714256 1.04876621812582 0 0 0 0 0.2055430337786674 0 0.3007373511791229 0 0.5579878687858582 4.204670898616314 4.225161470472813 0.4228148832917213 0 60.53072487562895 2.869174540042877 0.1179232373833656 0.3363237082958221 0 0.105092816054821 0 0 0.1145670861005783 0.2879661917686462 12.53654641658068 0.1081407219171524 0 0.08335982263088226 0 28.85456009954214 4.992896378040314 14.27802945673466 1.842958696186543 8.558206535875797 0.3968311324715614 1.839078195393085 0.8701922297477722 0 0.0927598774433136 0.2428794056177139 0 0 0 0.09158207476139069 0 75.34564868360758 15.74385257810354 2.584232121706009 54.21650360524654 5.843189731240273 59.62410642951727 12.78108274936676 564.0082596689463 17.06491520255804 2.136086598038673 1.240254558622837 11.08828672021627 0 13.42530522495508 1.426360972225666 110.7974334731698 0.651809386909008 0.1197505071759224 6.39615985751152 0.6235337853431702 0.253821462392807 1285.831079207361 254.8739839419723
39.28161122649908 1620.351187102497 1480.34934412688 16.52697333693504 1125.552482061088 2.01640610396862 152.3481426760554 2402.479683049023 1112.034457974136 27.3914996534586 2023.980165168643 154.5669761672616 982.6384171545506 4267.721955060959 11.96752868592739 26.10047282278538 0.5703393667936325 2.573296889662743 0.6523656100034714 1.189854957163334 0.4942691922187805 0 0.3057311326265335 0.4219202250242233 18.96362558752298 0.693960890173912 0.1156016141176224 0.4707859084010124 0.4660265892744064 0 184.082377910614 144.4696546345949 259.6388096213341 2.47042191773653 2.667145363986492 38.97191936522722 69.65403901040554 43.41421043127775 7.594849333167076 1.823014013469219 3.255488499999046 4.697319433093071 2.526245050132275 4.827181473374367 1.790813215076923 0.8903498500585556 94.08451356738806 4.021959513425827 3.1506003215909 5.990389406681061 5.080931149423122 0.2313304468989372 0 2.317332059144974 1.444257639348507 5.661768414080143 12.71399561315775 54.57577197253704 12.64787058532238 22.00084570795298 1.039687260985374 40.01175020635128 2.873920269310474 203.8633643984795 3.446529895067215 3.530488550662994 1.815534710884094 6.76455394923687 22.16974037513137 8.895437762141228 62.55645128339529 1.09896083176136 0.834748849272728 50.96792487055063 99.30440980941057 177.5514681860805 110.4439797922969 77.54979114234447 183.7742568105459 398.2122183218598 0.7247892469167709 179.1717771068215 9.436033070087433 0.1751892939209938 1.898568965494633 3.527977973222733 4.067891269922256 0.1872256323695183 2.020488724112511 0.3016975075006485 1.735091656446457 0.6111194491386414 43.90618093311787 2.393281705677509 1.579189412295818 22.39295985549688 5.590305760502815 0.1172664314508438 12.60516318678856 6.123509854078293 0 0.8868527412414551 0.3114973306655884 1.460983991622925 0.2662256062030792 3.515559926629066 1.302693262696266 4.993605613708496 3.505574859678745 4.415992192924023 3.078129224479198 14.07320810109377 14.22694750130177 18.37416905909777 8.731018103659153 0 0.1375095248222351 0 0 0 0 0.3233422935009003 0 0 0 0.2779824137687683 0 0.2838911116123199 0.09592652320861816 0.09174135327339172 0 0 0 0 1.254653811454773 0.425847977399826 0 0.1002091392874718 0 3.376058958470821 2.195472538471222 12.88869395852089 0.2773439511656761 0.06429062783718109 0.1450997442007065 0.1037881746888161 0 0.1120516583323479 0.1250742971897125 0.1882234141230583 0 0 0.1793721318244934 0 0 0.205805629491806 0 0.5211818367242813 0 0 0 0 0.2965213656425476 0 0.24962268024683 0 20.18004187196493 1.004666358232498 0 0.1827700734138489 0 0 0.09049208462238312 0.08759104460477829 0 0.08527357131242752 4.202389262616634 0.9722837284207344 0 0 0.4318700209259987 8.55455270409584 1.140940420329571 5.653464213013649 0 1.303121790289879 0.3764142915606499 0 0 0 0 0 0 0.2644620090723038 0.07818984985351562 0.4268866255879402 0.1137565895915031 8.889827817678452 4.200843900442123 2.09093601256609 235.2496140450239 7.284854061901569 214.9474045485258 65.55536753684282 45.48531746864319 39.12293171137571 1.554971687495708 30.9138594865799 8.628178179264069 0.2370255440473557 5.950481198728085 1.852910690009594 2.732528358697891 0 0 0 6.742633946239948 2.799510151147842 26.42895852774382 10.31929820775986
46.48651424050331 182.6635516434908 80.62359318137169 106.04717682302 53.26293337345123 165.1700165495276 337.4172966852784 136.0302162915468 34.78537219017744 804.5998968556523 154.5669761672616 179.0267296433449 2566.951879486442 821.8132610246539 11.55319646000862 22.67962191998959 0.8992258161306381 0.638878121972084 0.2794896811246872 0.09764999896287918 0 0 0 0.9590723514556885 1.781145423650742 0.5578836798667908 0 0.9622586667537689 0 0 8.760583519935608 6.352447360754013 363.3864680752158 1.082582131028175 1.089250177145004 3.765912339091301 146.9846934080124 13.91122556477785 12.74011681973934 0.5388597100973129 7.674852803349495 4.573043882846832 0.3308687955141068 3.021067038178444 0.179733581840992 0.109147235751152 34.58650235086679 1.133466936647892 2.222642794251442 3.185766227543354 1.390181094408035 0 0 3.279064953327179 1.104330517351627 1.411899365484715 10.65999247133732 9.124302253127098 3.22103076428175 4.109227694571018 0 16.11831871420145 0.5345391631126404 26.44096375256777 0.224715031683445 0.6223380267620087 0.09469732642173767 0.6769812703132629 2.646316595375538 5.807229965925217 238.3760010749102 9.057298325002193 0.2390123605728149 7.550197206437588 14.327406860888 47.31021244823933 37.99545888602734 22.48875652253628 0.7093666642904282 41.41041122376919 0 3.783520497381687 2.667996823787689 0 0.6712464019656181 0.3319027051329613 0.3869434744119644 0 0.1419330090284348 0 5.363901786506176 0.1718688458204269 28.39979761838913 3.876248419284821 2.627355985343456 489.1336140185595 128.6840586736798 0.1064715161919594 90.73731487244368 67.49387599527836 0.1197763681411743 3.979807205498219 6.196792080998421 4.893677808344364 4.483059003949165 49.13397519290447 5.982857748866081 48.21233984082937 34.63900798559189 40.36285556107759 10.92341931164265 117.5542455613613 86.55806275457144 133.7533441781998 35.89947587251663 0.123205840587616 0.3230151608586311 0 0.4808207303285599 0 0 0 0 0 0.1130491271615028 0 0 0.2387264370918274 0.3211624920368195 0.1345271319150925 0.2282926440238953 0 0 0 4.394893176853657 1.420867569744587 0 0.118407741189003 0 11.97965113818645 3.894970156252384 33.75737695395947 0.5273814871907234 0.4390356913208961 0.3696059882640839 0.1377104222774506 0 0 0.1993472799658775 0.227802038192749 0 0 1.499392919242382 0 0 0.225673496723175 0 0.1104220524430275 0.0941791832447052 0.1953384131193161 0 0.3452933132648468 1.873012758791447 0.09842251986265182 0.2549253553152084 0.2245409339666367 56.32211701571941 4.487747564911842 0 0.09319292008876801 0 0 0.3033133894205093 0 0.2729231417179108 0.3949046283960342 16.58221203833818 1.968264654278755 0.1626362204551697 0 0 28.00463909655809 1.08131343126297 10.11491031944752 0.2331174314022064 4.946363545954227 0.491143174469471 1.957430996000767 0.1101632490754128 0 0 0 0 0 0 0.2476335763931274 0.1131693795323372 71.92621268332005 40.61919890344143 3.780751004815102 197.0623582005501 3.538793668150902 80.83610648661852 35.31459172070026 89.8852753341198 12.11816032230854 0.3124218508601189 17.12045799940825 11.25370284169912 0.1822173595428467 9.258685402572155 1.900072425603867 17.57191167026758 0.8115725219249725 0 0.7565561532974243 4.406011402606964 0 429.1825243383646 143.8119713068008
90.90452665090561 969.8366896435618 213.9123684540391 458.7232735082507 350.3084519580007 161.170173831284 1818.989663884044 337.2405145615339 359.4144702777267 4762.756765425205 982.6384171545506 2566.951879486442 2886.801829509437 4263.212114170194 14.75380712002516 26.20102704316378 1.512071847915649 0.8511904403567314 0.4021908789873123 0.8128478080034256 0 0.9831426590681076 0.2833094224333763 0.328270323574543 3.364924311637878 0.1320478767156601 0 1.770673722028732 0 0 26.71868231892586 20.22027488797903 1704.857392087579 0.7348665669560432 0.8017106950283051 6.291547752916813 1089.835370659828 26.66025476157665 59.64667616039515 1.064579397439957 5.290894106030464 6.167333163321018 0.6738220602273941 3.574209563434124 0.5305752605199814 0.6777723282575607 58.16381998360157 1.312210902571678 2.211795926094055 2.570023916661739 2.785178020596504 0 0.112986646592617 2.605807036161423 1.000323876738548 4.580382093787193 15.43228387832642 22.91650097072124 5.340222522616386 10.91888073086739 0.1049675568938255 34.68662576377392 1.583044067025185 65.61243245750666 2.69643945991993 1.691905252635479 0.5211964845657349 2.579328693449497 8.359184190630913 8.552307933568954 729.6586479991674 2.34440803527832 0.6723823621869087 24.50183089822531 37.60227527469397 78.9524861946702 54.5769320204854 30.41366467624903 3.384881354868412 93.77569749206305 0.4479030221700668 7.222737945616245 4.121676169335842 0.2105434685945511 0.9707005694508553 0.9561022073030472 0.9663519486784935 0.1152231022715569 0.1672375351190567 3.497190237045288 0.9298200979828835 0.243211530148983 40.10304970294237 3.071717388927937 1.718276299536228 586.2188892140985 77.41734244674444 0 181.1738462597132 56.65085380524397 1.101532116532326 13.82832744717598 28.480523891747 14.74218185991049 11.88657422363758 163.1375702396035 23.28221194446087 166.5887014865875 97.32866048812866 110.7771655470133 30.43895450234413 367.4319243431091 231.7656432837248 327.4899595454335 88.23509139567614 0.6229062303900719 1.177180208265781 0 0 0 0 0.1630597561597824 0 0 0.1773997694253922 0 0 0.2117633298039436 0.3891810178756714 0 0 0 0.4056040719151497 0 9.637727901339531 6.229221858084202 0 0.2061964198946953 0 22.38542664796114 8.330400846898556 72.77390259504318 1.593330524861813 0.6161024868488312 0.1528593599796295 0.4833398759365082 0.119272768497467 0.1449363678693771 0.5214770883321762 1.17403207719326 0 0.87055604159832 2.908413618803024 0 0 0.2506335079669952 0.1242617890238762 0.1401285380125046 0.3682463765144348 0.1039632186293602 0.7214258536696434 1.424338117241859 5.291187830269337 1.053533837199211 0.2622151747345924 1.363012909889221 151.0321433544159 5.318106360733509 0.1783502101898193 0.2899969443678856 0 0.1562604308128357 0.09195335209369659 0 0.2587890475988388 1.327265098690987 39.97053225338459 4.27445849776268 0.5421035885810852 0 0 70.32795187830925 4.16246385872364 28.66311348974705 1.107050433754921 10.95684698969126 1.643781751394272 1.361298710107803 0.2016698718070984 0 0 0 0 0.1135179176926613 0.4021396487951279 0.1974053084850311 0.5648853182792664 143.0231180042028 38.5451462417841 4.713726289570332 285.1671504229307 4.525951743125916 139.0941024795175 47.97060649096966 129.3165017440915 27.95051936805248 2.161313571035862 25.46035192906857 24.62136689573526 0.9419960379600525 28.08645037561655 2.75325345993042 84.09095185250044 0.689330130815506 0.4046015068888664 0.461684912443161 5.608657702803612 1.481902778148651 643.4123234152794 285.2749877795577
