144.9165658503771 2612.881858117878 489.408163048327 1192.384163029492 131.2482395097613 95.66028589755297 470.9081057310104 8.148819357156754 35.47882708162069 831.9653918519616 218.8987537771463 152.3165984153748 38.46034730225801 91.09903965890408 4.224685460329056 0.476117305457592 0.138091117143631 0.09418081492185593 0 0.1184238940477371 0 0.6092099249362946 0 0 0.982318788766861 0 0.1475116312503815 0 0.1757832467556 0 438.0248174443841 2.908333048224449 6.350634478032589 0.2327259406447411 0.1569922119379044 0 2.808865122497082 1.118918590247631 1.103042908012867 0.2799938395619392 0 0 0.07524445652961731 0.741041861474514 0.0966615229845047 0 39.01299041509628 2.991077534854412 0.109099917113781 0 3.061437651515007 3.354732401669025 0.1205112934112549 0.1123495176434517 11.71662028133869 12.83978938311338 354.1114039421082 965.6853702142835 66.69586265087128 42.3328942656517 2.607335537672043 3.180118277668953 1.064573541283607 13.15966319292784 15.45566074550152 7.27839694917202 3.976457864046097 1.342314057052135 0.5583557263016701 0 26.26012798398733 43.39657665789127 2.416073441505432 294.9912155196071 50.99670493602753 77.585554048419 1.66120819747448 1.408623188734055 0 44.62385942786932 0.4794346243143082 2.600608430802822 24.34567261487246 0.3737373277544975 7.40350379794836 19.37748519331217 0.4658530056476593 2.484700225293636 6.587280429899693 2.236991867423058 5.444006390869617 1.837578311562538 0.3802192211151123 1.056781128048897 1.484805509448051 109.460896782577 33.97340619564056 3.698081567883492 5.480076342821121 1237.388472408056 0 0 0 0.7303428053855896 0 6.242309764027596 3.864688098430634 1.316823303699493 53.35274590551853 10.68786124885082 0.3636486679315567 5.431285008788109 3.729101970791817 1.981374636292458 0.4357245862483978 0 0 0 0 0 0 0 0 0 0 0 0 0.1484380960464478 0 0 0 0 0 0 0 0 0 0 0 1.009305000305176 0 1.428802847862244 0.7005549073219299 0 0 0 0 0 0 0 0 0 0 0 0 0 0.3649152964353561 0 0 0 0.4525809064507484 0 0.1075573563575745 0 0 0 0 0 0 0.2499145790934563 0 0.08950278162956238 0.1533239036798477 0.4799310639500618 0 0 0.4797040522098541 0.8838867992162704 0.2611599564552307 0 0.5094882175326347 0 0 0 0 0 0 0 0 0.1278092414140701 0.1059177219867706 0.1025297492742538 0 1.021046280860901 0.4315370619297028 0 0 1.933093056082726 0.4606008380651474 0.1183583214879036 48.39795000851154 9.981272734701633 212.7173892334104 28.9426968768239 956.59949747473 5.718480698764324 1.446117907762527 1.484031908214092 1.861654594540596 0 0 0 28.43957144021988 0 0 0 7.159486636519432 0 633.9783848002553 5.296748034656048
2612.881858117878 2795.035095199943 1363.973653007299 634.4595679342747 1252.45244359225 60.75444683432579 2637.712396927178 97.25188783556223 1837.201587215066 574.4055127725005 1170.013445742428 50.26796065270901 428.368018604815 1478.396798536181 80.37784884124994 26.28409062325954 1.652033388614655 0.5192599818110466 0.157479390501976 0.8835166767239571 0 0.3989880383014679 0.3201608210802078 0.1451829075813293 1.521045304834843 0.1545080095529556 0.9196339324116707 0.2715192288160324 0.5171896368265152 0.3566300719976425 1379.855730846524 100.937774322927 54.67918400466442 0.3747383058071136 0.7180185317993164 1.863378517329693 9.033537872135639 6.101679615676403 2.934031657874584 2.836560450494289 0 0.7667387723922729 0.7787007167935371 5.12297610193491 0.7074969932436943 1.16269226372242 360.4850752949715 7.538244768977165 1.943485200405121 0.3176350444555283 5.215667530894279 0.5758610367774963 0.5875793099403381 0.6703981831669807 24.01651504635811 34.04731522500515 127.4683197289705 970.4880536645651 93.91670664399862 154.6532503217459 5.510054484009743 13.87486842274666 2.507533513009548 193.8394587114453 42.28043576329947 21.07461182028055 9.099828206002712 5.442247956991196 1.15944579988718 0.09446128457784653 14.82757381349802 0.5914430096745491 0.2301492467522621 608.4473158493638 224.6917286887765 541.6858960166574 88.13824511319399 21.53870525956154 0.9346417933702469 130.8354484662414 2.788036212325096 5.351371429860592 62.78979727625847 2.066251277923584 15.88541087508202 51.75737089663744 3.210348896682262 2.799678660929203 23.31277900189161 0.6212927103042603 9.521357037127018 1.063134968280792 1.235947333276272 1.21554983407259 1.675354845821857 29.07517516613007 1.49818966537714 0 1.345156617462635 1012.775360897183 0 0.7602438926696777 1.768584012985229 0.5938068628311157 4.805612996220589 38.81037773191929 4.589842677116394 0.1523058712482452 114.217447206378 16.24464674293995 2.738194197416306 8.071471825242043 11.24504490196705 5.675176680088043 4.00846928358078 0 0.2692423760890961 0 0.3986650705337524 0 0 0 0 0 0 0.09254166483879089 0 0 0 0.299583911895752 0 0 0.1426950991153717 0.4846786558628082 0.336376279592514 0 0 0.2962735593318939 0 5.659448035061359 0.4881504476070404 4.476621747016907 1.876871220767498 0 0 0 0 0 0 0 0 0 0 0 0 0.3041845262050629 0 0 0.08452405780553818 0 0.2141190618276596 0 0 0 0 0 3.438939452171326 0 0.2931265234947205 0.1711694821715355 0.203922763466835 0.2526316270232201 0 0.4122594147920609 0.1039659306406975 0.1832917481660843 12.58989904820919 0.3297779262065887 0 0.2026542648673058 0.1168165504932404 2.724748857319355 0 0 0 0 0.1948963701725006 0 0 0 0.08591738343238831 0.08312302827835083 0 1.368046961724758 0.2006712481379509 0 0 14.95643606036901 1.542928770184517 4.033375814557076 434.4206692650914 27.02500019222498 1050.172532446682 121.1747908219695 815.8602724820375 50.57231058180332 6.429448142647743 35.17272625118494 21.69938915967941 0.3115276694297791 1.910354733467102 0 32.86236107349396 0.4533356726169586 0 0 12.32107263803482 0 339.4290365278721 10.70412949472666
489.408163048327 1363.973653007299 1542.889570593834 12.49736662954092 458.7849608138204 2.868684887886047 187.4859943538904 1326.263627663255 1091.501458026469 0.5629882290959358 2386.942649565637 5.50385806709528 180.3338558152318 1477.89184269309 23.64774623513222 29.54121147841215 1.934514567255974 0 0.4602484852075577 3.975022695958614 3.478232428431511 0.3810904920101166 16.56948567181826 12.7539691850543 15.33395025134087 0.4366235062479973 26.98480805009604 0.1574799716472626 3.807522505521774 1.772969342768192 3260.308373086154 445.6537253633142 65.49804728478193 3.247458048164845 10.58819343149662 25.48823492974043 14.50258901715279 47.44573939591646 12.79236926883459 16.41948153823614 0.4822978079319 0 2.928271435201168 7.975703112781048 2.636717237532139 1.751275643706322 78.49713994562626 4.315926849842072 1.210648961365223 1.407296225428581 20.08984272927046 1.563539169728756 3.867462113499641 0.3559675216674805 8.085787802934647 9.711979053914547 40.20291946828365 770.4082911685109 41.39217462390661 40.26669728755951 14.09741346538067 139.2405311763287 10.04146140813828 347.8728322982788 14.04742320626974 17.81514075398445 22.52898970991373 37.62080790102482 27.55357972532511 5.049105204641819 13.74956803023815 0.1317117065191269 0.1160708144307137 269.4035782516003 106.2981210052967 154.8165451735258 25.57079463452101 18.52246984094381 15.56793439388275 1140.423512458801 4.086102299392223 158.4459752961993 20.10159307718277 0.5647150576114655 7.341963216662407 21.07738988101482 9.850997440516949 1.445986971259117 12.66431170701981 0.2006978169083595 4.580000258982182 1.407472796738148 36.19800124317408 4.76644017547369 0.4087797477841377 5.475207485258579 0.1611650288105011 0 2.691386796534061 172.2526548951864 0 0 0.3823272883892059 0 0 0.363276332616806 0 0 0 0 0 0.5401076525449753 0.8860472440719604 0.2022540122270584 2.748859524726868 0 0 0 0 0 0 0 0.340107649564743 0 0 0.4295448362827301 0 0 0 0.3357079476118088 0 0.3641252815723419 0 0.09650512784719467 0 0.2583531141281128 0 1.045754671096802 0 0.9334779232740402 0.3666443303227425 2.446274794638157 1.182107158005238 0.1481185853481293 0.4649585634469986 0.1458586901426315 0 0 0 0.3804216459393501 0 0 0 0 0 0.1270756423473358 0 0.3563306033611298 0 0 0.2980412542819977 0 0 0 0 0 0.3918241858482361 0 0 0 0 0.1030170619487762 0 0.2080863118171692 0.1884997338056564 0.3045777380466461 2.584324419498444 0.530413456261158 0 0.2156849727034569 0.8690754771232605 0.5788103938102722 0 0.5823923349380493 0 0.1549187451601028 0.1074387580156326 0.1280298233032227 0 0 0 0 0.09763636440038681 0.4125869572162628 1.016602583229542 1.732224397361279 0.2247405201196671 0.2647382020950317 0.3327259421348572 1.55837507545948 80.38045486062765 11.10028426349163 251.7083217129111 28.83450850844383 73.81841085851192 9.031538121402264 1.810432530939579 5.787901230156422 2.35893502086401 0.3495971187949181 0 0 0.5521230697631836 0 0 0 0.9868993237614632 0.337060272693634 53.95858343690634 1.773287050426006
1192.384163029492 634.4595679342747 12.49736662954092 607.6834621354938 19.37146606296301 221.1715438067913 372.7467155307531 0.3709621876478195 4.244204014539719 1484.828029595315 4.799818940460682 636.2443007528782 177.784163698554 5.024035751819611 3.043534517288208 0.4173224121332169 0.1106888651847839 0.09689891338348389 0 0 0 0 0 0 0 0 0.157480463385582 0.1381311267614365 0 0 7.211036965250969 1.593053758144379 1.135951489210129 0 0 0 1.218791134655476 0.09502971172332764 0.5069145709276199 0 0 0.3535723388195038 0.1357944011688232 0.1117456555366516 0 0 28.22473251074553 1.543592274188995 0 0 0.8322999998927116 0.8880075290799141 0 0.1626902669668198 4.926971696317196 6.954007208347321 71.21788560599089 167.160108089447 19.24880199879408 23.00880136340857 0.7116745635867119 0 0.6093618273735046 6.102013044059277 7.441028207540512 3.81365180760622 2.112179398536682 0.3175045400857925 0.0855197086930275 0 3.594865053892136 2.308347418904305 0.3801331967115402 122.7396261319518 17.47635325789452 50.71594475209713 1.984023563563824 0.8144685998558998 0.3071348965167999 0.1871738433837891 0.2477560862898827 0.181479699909687 10.69636291265488 0.198821522295475 3.217058762907982 10.3592923283577 0.3449234887957573 1.000128827989101 4.399054795503616 0.09342633932828903 1.811882451176643 0.2038283348083496 0.3764624893665314 0.6492051035165787 0.457257404923439 39.87776799499989 2.413852363824844 0 1.267719641327858 386.1375605612993 0 0.5985497832298279 1.891501322388649 1.104993999004364 0.1629624515771866 22.19381712377071 10.29527093470097 2.047637432813644 108.2951218932867 28.22667689621449 1.224886149168015 17.03441175073385 12.68268716335297 5.221279092133045 3.214678600430489 0 0 0 0 0 0 0 0 0 0 0 0 0 0 0 0 0 0 0 0.5246366262435913 0.1590633988380432 0 0 0 2.111799277365208 0.4620153605937958 0.2618796229362488 0 0 0 0 0 0 0 0 0 0 0 0 0 0 0.2285250127315521 0.6392560005187988 0 0 0 0 0.08923230320215225 0.8582766652107239 0 0 0 0 0 0 0 0 0 0.1075663417577744 0 0 1.529864594340324 0.4585819989442825 0 0 0.1144485920667648 3.144879937171936 0 0 0 0 0 0 0 0.1180311143398285 0 0 0.1670437604188919 0.1068610921502113 0 0 0 13.16024826467037 0.1238149106502533 0 39.29860527068377 3.964108377695084 119.692130304873 16.19673981517553 844.3887218385935 3.682774104177952 1.026747941970825 0.4432946592569351 5.271080985665321 0 0.5906489491462708 0 92.33693323284388 0.1222642809152603 0 0 4.463109359145164 0 410.1616468727589 4.417921990156174
131.2482395097613 1252.45244359225 458.7849608138204 19.37146606296301 1192.262942805886 1.391660138964653 1345.714615978301 85.46304792165756 3379.412327975035 30.72331967204809 1056.556535951793 3.918500863015652 164.8929599970579 494.280264750123 47.86924938112497 23.74370785802603 0.4935005009174347 0 0.1047986447811127 0.2566254958510399 0.3025060892105103 0 0 0.3291055262088776 0.4344632923603058 0 0.2051074504852295 0 0.3654715567827225 0 117.597675152123 73.24601727724075 2.054336778819561 0 0 0.6574399769306183 2.823961518704891 0.6994762271642685 1.447148710489273 1.17500439286232 0.08314003795385361 0.5999328121542931 0 3.219877474009991 0 0.2516951933503151 125.7161534205079 1.035862527787685 0.4310649260878563 0.124607041478157 1.594082608819008 0 1.134870618581772 0.3738272488117218 2.904344379901886 5.291936211287975 10.44956360012293 76.11044276505709 12.98349796235561 32.60274793952703 1.684282124042511 3.047061331570148 0.8682107031345367 58.69158220291138 5.821831449866295 2.731913663446903 1.536934852600098 0.9975232258439064 0.4343499019742012 0.1240449175238609 13.69845499843359 0 0 85.48953822255135 42.11903245002031 176.2946334034204 63.16647647321224 16.74137166887522 0.5711913406848907 12.54076284170151 1.186951704323292 0.8358695358037949 8.660974003374577 0.4602492600679398 2.726163439452648 7.862596668303013 0.2685018479824066 0.5538912937045097 4.805166214704514 0.1037079617381096 1.75206945091486 0.0919104740023613 0.1053244769573212 0.3206269890069962 0.1804368793964386 16.06106705963612 0.3039897084236145 0 0.7539007440209389 12.71733190864325 0 0 0 1.018328309059143 0.3874465227127075 8.859100192785263 0.2369918376207352 2.676189452409744 8.231815710663795 4.339520215988159 3.860431998968124 15.01124614477158 12.66303269565105 6.863797679543495 10.42428225278854 0 0.5724564492702484 0 0 0 0 0 0 0 0 0 0 0 0 0 0 0 0 0 0.4240830838680267 0 0 0 0 4.702230498194695 0 6.232148051261902 1.697001121938229 0 0 0 0 0 0 0 0 0.4001718163490295 0 0 0 0 1.738565400242805 0 0.2785102725028992 0 0 0 0 0 0 0 2.807600438594818 0 0 0 0.0904281809926033 0.1148012056946754 0 0 0 0.5275852680206299 8.344520792365074 0 0 0 0.09146565943956375 7.850081145763397 0 1.211809277534485 0 0.8984450101852417 0.225994274020195 0 0.7177192568778992 0 0 0 0.1194835901260376 0.1054586097598076 0.1007187366485596 0 0 7.090388372540474 4.017243340611458 4.912374526262283 211.4685876145959 6.840431377291679 303.2272541224957 46.24450428783894 63.40347757935524 23.47116084396839 2.40182563662529 30.99390309303999 11.76545910537243 0 0 0.1628222614526749 11.09737351536751 0 0 0.3339456915855408 5.241668991744518 0.1813564002513885 37.22376199066639 4.158584281802177
95.66028589755297 60.75444683432579 2.868684887886047 221.1715438067913 1.391660138964653 1.421489223837852 32.48191159963608 0 0.8506323099136353 206.9783841148019 2.055058009922504 42.78066546469927 12.43616823107004 3.927322119474411 0.3054326474666595 0 0.2477896064519882 0 0 0 0 1.080960988998413 0 0 0 0 0.2767122089862823 0 0.4830751717090607 0.2988016307353973 12.43551869690418 0 0.4426016807556152 0 0 0.1848492026329041 4.502160727977753 0.89304518699646 3.920266889035702 0.1171163469552994 0 0.1448593735694885 0 0 0 0.1126620247960091 2.859216466546059 0.2355184704065323 0 0 0.6523988991975784 17.18540167063475 1.888251334428787 1.303618684411049 1.905691169202328 2.805326893925667 227.6834110021591 216.0249763727188 20.12223768979311 5.535476975142956 0.6004956364631653 0.6295946836471558 0 0.1729337573051453 2.685288608074188 1.171068660914898 0.6958135440945625 0.2098836898803711 0.3503410369157791 0 110.9946163147688 155.8197376206517 30.77547285705805 49.26550906151533 2.786459922790527 9.604308985173702 0 0.1131911054253578 0 0.4554174840450287 0 0 4.908469796180725 1.961975365877151 0.8762891441583633 4.145780116319656 0.6772174462676048 12.74062605202198 4.262391142547131 11.75179413706064 2.68743808567524 3.576779745519161 0 0.143351674079895 2.896491758525372 140.3224106281996 147.6994575858116 15.11963032931089 27.11800196766853 332.766912817955 0.3878054097294807 2.226941376924515 1.45222482085228 1.032021880149841 0.6362037360668182 11.58687077462673 9.709270805120468 3.331379577517509 21.8006254285574 26.27212120592594 1.526804745197296 15.28802612423897 20.67228925228119 5.832133561372757 2.659668229520321 0.208058774471283 0 0 0 0 0 0 0.3196632564067841 0 0 0 0 0 0 0 0 0.7126515656709671 0 0.2754119336605072 0 0.4199697077274323 0.1661315262317657 0.4330957531929016 0 1.148140400648117 0 1.594754219055176 1.730979181826115 0.305939644575119 0 0.5731405466794968 0 0 0.1257580518722534 0 0 0 0 0 0 0 1.917574465274811 0 0 0 0 0 0 0.7309559285640717 0 0 0 0 0 0 0 0.1022581905126572 0 0 0.2923324778676033 0 6.179206252098083 4.648725554347038 0 0.4505920261144638 1.331578142940998 1.673185974359512 0 0.241763100028038 0 0.3334928154945374 0 0 0 0 0 0 0 0.1046206876635551 0.3761242777109146 0.3966765999794006 0 19.88691712915897 0 1.1529750674963 42.27011752873659 1.898959025740623 27.133415594697 7.337830752134323 314.1715295910835 2.623003020882607 1.120560646057129 0.6282578706741333 0.4327268153429031 0 0.6709897667169571 0 50.53182247281075 0.1182431504130363 0 0 0.465986430644989 0 157.5592027455568 9.216872170567513
470.9081057310104 2637.712396927178 187.4859943538904 372.7467155307531 1345.714615978301 32.48191159963608 909.2574914619327 22.75824188441038 1875.505690082908 852.5888411402702 608.7842344865203 87.93012069165707 1572.835200309753 1997.158860705793 40.29354248940945 26.27734100818634 1.598370060324669 0.1112364530563354 0 0 0 0 0.3200179785490036 0 0.3637547492980957 0 0.1101139485836029 0.1764451563358307 0 0 56.80017531663179 32.87276042252779 5.226303063333035 0 0 0 1.274676889181137 0.577992245554924 1.193750970065594 1.337611630558968 0 0.1497005224227905 0 4.957841314375401 0 0.8871966749429703 131.8422456309199 1.535386346280575 0.5253297239542007 0 0.4922438636422157 0.350276917219162 1.029563277959824 0 4.029383026063442 7.683965168893337 26.65115789324045 114.419503249228 16.40701209008694 42.8910963088274 2.686542019248009 1.247212812304497 0.6183112189173698 41.96456097066402 11.01060657948256 3.714099854230881 2.491190828382969 2.526759378612041 0.5493681728839874 0 18.25438617169857 0.5079805105924606 0.1494572460651398 115.2918923050165 45.8856008797884 192.5743788406253 54.96867448836565 18.07358672469854 1.274988725781441 4.084723882377148 1.016544215381145 2.096026994287968 12.5441583096981 0.2759018763899803 3.397734895348549 11.54508355259895 0.7347106486558914 1.149095252156258 5.241170465946198 0.180596336722374 2.579425841569901 0.6292064487934113 0 0.3746694326400757 0.9746337756514549 62.83067700266838 4.580868795514107 0 1.075930915772915 73.11810059100389 2.28152447193861 0.7393786311149597 54.20171482861042 21.14897634834051 3.929027743637562 97.11566037684679 13.05760057270527 15.36210806667805 81.94561153650284 35.53914853930473 4.916049495339394 38.29135929048061 55.20662745833397 19.0590842962265 17.21786865592003 0 0.4146158993244171 0 0 0 0 0 0 0 0 0 0 0.2850994765758514 0 0 0 0 0 0 0.8072618395090103 1.841240078210831 0 0 0 11.58146217465401 2.300268679857254 17.11920355260372 11.8317007869482 3.502773493528366 0 0 0 0 0.2042714357376099 0 0 0.3811743184924126 0.4909692406654358 0.1087447702884674 0 0 2.152851104736328 0.2625806927680969 0.09189195185899734 0.1185325980186462 0.08717820048332214 0.09552386403083801 1.156759843230247 0.14271280169487 0 0 16.12139776349068 0 0 0.1896276473999023 0 0 0 0.08912573009729385 0 0 35.0491037517786 3.926662385463715 0 0 0 24.49267983436584 0 0.4089211821556091 1.438448540866375 1.408533595502377 1.369570657610893 0.1397461444139481 0 0 0.08908819407224655 0 0 0.1354771554470062 0 0.09822468459606171 0 39.07773980498314 5.98468691110611 10.49778506159782 273.1807926222682 8.766725696623325 356.5618414804339 62.72215926647186 295.3766459077597 30.73217037320137 0.9335353970527649 35.131567068398 20.3914495781064 0.1299047470092773 5.996280267834663 0.5493438988924026 49.56534238159657 2.21075177937746 0 0.9376995861530304 2.260935723781586 0.1808044761419296 176.6723910570145 23.40747694671154
8.148819357156754 97.25188783556223 1326.263627663255 0.3709621876478195 85.46304792165756 0 22.75824188441038 1013.123090870678 223.3766453564167 0 3556.42396030575 7.624106377363205 64.64060348272324 1443.892851278186 32.61192787438631 54.64866235852242 3.041172944009304 0.760008916258812 0.9661979079246521 25.07113914191723 22.27916544675827 0.3183773308992386 72.73306176066399 48.01288463175297 44.52305282652378 1.652791894972324 88.94465721398592 1.983889296650887 7.569866321980953 8.725971706211567 596.4776271879673 2020.074293471873 117.3730188980699 20.50703848153353 48.55700520426035 112.0061714500189 34.62896450608969 147.27246209234 25.37520286440849 52.71552640199661 3.151159636676311 0.3958383947610855 17.6081834807992 12.05945196002722 18.71449221670628 2.985533088445663 52.12331613153219 8.407789655029774 2.288389548659325 11.99078055471182 52.16934152692556 2.469444394111633 10.04540469497442 1.942570388317108 0.5250162184238434 0.9612431824207306 3.285796768963337 86.57341989129782 3.913822412490845 7.285574309527874 101.2188864350319 461.6312662363052 38.64176222681999 209.4633351936936 2.608316399157047 46.07959081232548 62.31125117093325 145.843823492527 112.9639254063368 16.96338851004839 24.0773334056139 0 0.2608128935098648 32.70150323212147 31.09482669830322 68.02318290621042 56.41706894338131 52.42982765287161 168.7929059192538 3307.180058985949 34.49912080913782 1076.847091495991 6.389390744268894 0 9.295415855944157 13.74360621720552 35.55338033288717 0 10.29034010320902 0.9452601745724678 8.307739324867725 0.8311114832758904 137.7665924429893 7.701670184731483 3.388732887804508 4.192925281822681 0.352951854467392 0 7.120145857334137 2.502153314650059 0 0 0 0 0 0 0 0 0.3121641576290131 0.3273595571517944 0.2176893949508667 2.041524201631546 0.6116523146629333 0.6584185510873795 0 0.1043663397431374 0.3803687989711761 0 0 0 0 0 0 0 0 1.527799814939499 0 0.1140647158026695 0 0 0.9678530842065811 0.1070795208215714 1.29935285449028 0 0 0 0 0.2008648812770844 0 0.1220387890934944 0 2.589248672127724 0.748538076877594 0 0 0.342272624373436 0.1207137480378151 0 0 0 0 0 0.2366169840097427 0 0 0.7325152382254601 0.5217826664447784 0.948016993701458 0 0 0.4285487532615662 0 0 0 0 0 0.4880958795547485 0 0 0 0 0.2405693829059601 0 1.272688739001751 1.026461161673069 0.8862804397940636 0.8363880515098572 0.4917219802737236 0.5067249312996864 0.4217595607042313 3.006138406693935 0 0 0 0 0.4205002188682556 0 0 0.2966587543487549 0.2425685897469521 0 0.2740809470415115 0.1118487343192101 0.3151131421327591 1.950295746326447 2.606517776846886 0.3914890363812447 0.2171848937869072 0.3032815754413605 2.476817913353443 75.88945528864861 17.48552310466766 95.49352750182152 34.61402539908886 6.562332607805729 7.13398153334856 0.7814451307058334 8.200257383286953 3.169994428753853 1.087231054902077 0.7443104460835457 0.1002704501152039 2.314571857452393 0 0.3597495853900909 0.5005575567483902 1.987075865268707 0.9908388257026672 6.17802169919014 0.7752004712820053
35.47882708162069 1837.201587215066 1091.501458026469 4.244204014539719 3379.412327975035 0.8506323099136353 1875.505690082908 223.3766453564167 802.3818004131317 113.633758187294 1403.076837420464 13.49816344678402 307.2815628945827 502.2247366607189 28.62191651016474 28.16657465696335 1.159104682505131 0 0 0 0 0 0 0.1227652058005333 0.4895892739295959 0 0.5969406813383102 0 0 0.2703492715954781 30.39654593914747 19.4726632758975 3.465677723288536 0 0 0.3001697659492493 2.249278575181961 1.175340913236141 1.529215924441814 0.2205410301685333 0 0 0 3.165866434574127 0.1469975709915161 0.4160555377602577 39.27814170718193 0.4955918043851852 0.1191225498914719 0 0.6808866858482361 0.1102214977145195 0 0 0.7002861797809601 0.7450978383421898 3.332801580429077 21.08351401239634 3.964169509708881 8.048791043460369 0.2255741432309151 2.208476349711418 0.2804541289806366 12.66940247267485 1.599844247102737 0.5510734990239143 0.49075897783041 0.331508606672287 0.4653476849198341 0.09623636305332184 12.05102940648794 0 0 20.07696037739515 13.21762554347515 77.14024515450001 35.15522135794163 16.00524179637432 0.4809692203998566 16.25209198892117 0.2412743121385574 0.9510351791977882 1.265308685600758 0.08321569114923477 0.7591405957937241 2.107566200196743 0 0.09336712956428528 1.054582521319389 0 0.4384850114583969 0.2293649315834045 0.1450814753770828 0.2638109028339386 0.08416761457920074 43.35235561430454 5.667937785387039 0 0.69720858335495 4.006822682917118 0.2200648039579391 0.2194169461727142 1.936341792345047 0.3991850763559341 0.8145187199115753 32.6716760545969 3.987352900207043 6.220577299594879 18.20954076945782 12.11927266418934 4.143830969929695 30.91757223010063 37.79860768467188 18.16857846081257 12.23236268758774 0 0 0 0 0 0 0 0 0 0 0 0 0 0 0 0.2123807221651077 0 0.4405508041381836 0 0.4024180173873901 2.06023371219635 0 0.7269999384880066 0 11.2599186077714 1.554592981934547 21.67149499058723 6.816190257668495 2.812251433730125 0 0.5767102241516113 0 0 0 0.8893075883388519 0 0 0 0 0 0 0 0.8370756953954697 0.5293508172035217 0.9769353270530701 0 0 0 0.1580990850925446 0 0 2.950831979513168 0 0.1236036345362663 0 0 0.08224159479141235 0 0 0 0 26.72186009585857 3.265036702156067 0 0.1917189955711365 0 16.32413257658482 0 1.763040333986282 0 0 0.5713933557271957 0.5496562123298645 0 0 0 0 0.09855726361274719 0 0 0.1161996573209763 0 40.33436098694801 4.763511449098587 10.74055488407612 138.481063991785 1.626464687287807 113.3573281690478 24.1529031470418 24.57698328047991 14.24911005049944 0.3177902847528458 22.31766376644373 12.05978664755821 0 4.443102240562439 0 22.64363466203213 1.345754146575928 0 0 2.466521523892879 0 33.83735910058022 14.59305426478386
831.9653918519616 574.4055127725005 0.5629882290959358 1484.828029595315 30.72331967204809 206.9783841148019 852.5888411402702 0 113.633758187294 2247.335867643356 15.17555609345436 3670.386010199785 3895.227070897818 254.2474572211504 2.376733377575874 2.852528542280197 0.08770441263914108 0 0 0 0 0.2732673585414886 0 0 0.1704050004482269 0 0.3982390165328979 0 0.1521179974079132 0 4.898494407534599 0.1225401684641838 47.82238046824932 0 0.1407392472028732 0.3917248249053955 33.90899463742971 1.207294583320618 7.348462536931038 0.7098071128129959 0 0 0 0.1287287622690201 0 0.3207829296588898 27.29986223578453 1.139525070786476 0.1130112409591675 0 0.8627002909779549 2.052732586860657 1.678617216646671 0 3.582333073019981 2.39562039077282 76.25317533314228 105.6921427920461 10.62113463878632 17.50139737129211 0.5729652643203735 1.22015992552042 0.6217454671859741 5.673752956092358 5.54283893853426 1.31442116945982 1.400354668498039 1.635077834129333 0 0 269.0290675610304 23.97197557985783 2.47358300536871 65.26836214959621 11.5094188824296 26.8850319236517 4.803133770823479 1.267022259533405 0 0.3496746569871902 0 0.2039362788200378 7.072323575615883 0.195550762116909 1.246747754514217 4.566295646131039 0.1032594367861748 0.7708737999200821 2.774414829909801 1.234673395752907 1.150633543729782 0.2774190977215767 0.2011469155550003 0 0.2713845744729042 304.5701551884413 106.085468120873 3.916237786412239 20.08576990664005 292.1856862157583 2.488859236240387 15.99276150763035 47.17183199524879 47.0106778293848 14.32187429070473 187.957656621933 97.53389972448349 55.79269790649414 334.5589642077684 360.6140806078911 39.51751551032066 260.575905226171 345.8823354169726 135.152281716466 85.17764787375927 0.4300269037485123 0.6644405424594879 0 0.9777415990829468 0 0 0 2.187128305435181 0 0 0.2228105664253235 0 0 0.2906571328639984 0.1261330246925354 1.46981555223465 0.1754853874444962 0.1753586232662201 0.1835313588380814 3.578269727528095 7.631645292043686 0 1.847235769033432 1.045130491256714 64.26315841078758 3.890539437532425 65.96874031424522 15.32111392915249 4.69940248131752 0 0.4734558165073395 0.144593134522438 0.4931825399398804 0 1.072289705276489 0 0.7692024633288383 1.772714555263519 0 0 0.6421761512756348 3.672559678554535 1.20808370411396 1.283838473260403 0.5178901553153992 0.2225316166877747 1.224082626402378 1.256618022918701 1.633874148130417 0.1340878009796143 0 34.55149812996387 2.003928422927856 0.2184845209121704 1.363856852054596 0.09732571244239807 0 0 0.1121922358870506 0.1827634871006012 0 171.8982885181904 16.39248582720757 1.001502066850662 0.476679265499115 0 82.82409475743771 0 4.422008618712425 2.45173367857933 1.289571344852448 2.208885699510574 0 0.1466824114322662 0 0 0 0 0.541620746254921 0.1271481812000275 0.7587843537330627 0 338.2253556773067 9.941518798470497 26.0893619954586 82.43723035603762 1.545744679868221 90.11658130586147 15.45052973926067 773.5496149212122 2.906090512871742 4.162427753210068 7.173325210809708 29.43624365329742 0.6253256797790527 15.30013132095337 2.645492970943451 650.1839494630694 4.938305079936981 0 0 4.111716151237488 2.174308300018311 1286.577957361937 167.7178047075868
218.8987537771463 1170.013445742428 2386.942649565637 4.799818940460682 1056.556535951793 2.055058009922504 608.7842344865203 3556.42396030575 1403.076837420464 15.17555609345436 826.0394773855805 61.5506380200386 1219.403433732688 3557.992986947298 82.94926238805056 129.8502892628312 0.7970163822174072 0 0.3520532995462418 0.6082068681716919 1.195152163505554 0.1975730359554291 11.44939489662647 10.89793936908245 19.97879927605391 1.420931130647659 27.92340502142906 1.250476136803627 4.809136860072613 4.634292051196098 362.1907986998558 228.496667265892 705.550031542778 1.210482880473137 9.988325729966164 28.84476436674595 271.0100156441331 134.8745993822813 41.93722528964281 40.78763823211193 1.652576357126236 1.917135342955589 0.7271077111363411 29.27224916964769 1.011547595262527 1.274036459624767 115.7177671939135 1.697990626096725 0.9362443163990974 0.2192571610212326 8.933899663388729 0.3991532325744629 9.091701202094555 0.7418772578239441 2.728262878954411 3.481347911059856 10.57638623565435 122.4791329205036 16.18768671900034 22.54173850268126 4.706909567117691 206.6872082352638 12.92826676368713 74.20156982541084 3.981784045696259 6.097152464091778 9.874523922801018 12.58859158307314 6.897687651216984 3.874765574932098 139.8065163940191 0.1521755456924438 0.09798910468816757 87.17008208483458 45.77512542903423 180.2985972762108 100.7215173840523 59.52368712425232 1.576532252132893 529.2651915997267 1.258446499705315 62.58662557601929 7.18836734443903 0.2670422047376633 2.972141981124878 6.442264020442963 3.758041724562645 0.8594517707824707 4.469477042555809 0.1919532120227814 3.266359977424145 0.4752107784152031 21.95812625437975 1.673719629645348 1.070378936827183 13.72729796171188 0.6674226522445679 0 15.65040212124586 37.31929966062307 0 0 0.3101608157157898 0 0.2451912462711334 2.731060057878494 0.1785622537136078 0 3.703776851296425 1.446327894926071 0.265052855014801 2.363438442349434 4.75876322388649 1.568714067339897 6.464908272027969 0.6491760909557343 0.5705867409706116 0.9902593493461609 0 0 0 0 0.1929228454828262 0 0 1.633885383605957 0 0.1237064898014069 0 0 0.1726388335227966 0.1155615448951721 0.3387046456336975 0 0 0.1703824400901794 0 0.6451802849769592 0 8.160729467868805 0.1144261658191681 6.57762087136507 4.922402173280716 0.5763428658246994 0 0 0 0 0.22693732380867 0.2794628441333771 0 0 0 0 0 0.2087491452693939 0.7256850600242615 0.4374672323465347 0 0 0 0 0.09903011471033096 0 0 0 2.06146015226841 0.3094078004360199 0 0 0.1269729733467102 0 0.2600603848695755 0.2119792699813843 0.5246155187487602 0.5489423424005508 15.49137488007545 1.001340642571449 0 0 1.453316621482372 5.247592896223068 0 1.599984169006348 0 0.7979208379983902 0.2956790179014206 0.2409014403820038 0 0.1402390003204346 0 0 0 0.2706638872623444 0.4098469540476799 1.081208534538746 0 7.330097511410713 2.874025911092758 3.369855612516403 258.9938048049808 12.43637529760599 256.6887416243553 72.94832178205252 55.3852587044239 29.31141079962254 0.7248462438583374 39.37468216568232 21.23045424371958 0.1694819927215576 1.027108177542686 0 7.709352374076843 0 0 0 4.268182873725891 0 23.82575730979443 5.638958662748337
152.3165984153748 50.26796065270901 5.50385806709528 636.2443007528782 3.918500863015652 42.78066546469927 87.93012069165707 7.624106377363205 13.49816344678402 3670.386010199785 61.5506380200386 441.9187626242638 1200.196354836226 147.4302166253328 35.58206811547279 59.96510751545429 0.9478495866060257 0.1925484240055084 0 0 0.7360444962978363 0.1294385641813278 2.411034733057022 3.218161672353745 3.906175494194031 0 9.657703936100006 0.4423223733901978 1.460134103894234 1.39559231698513 3.744109585881233 1.602299407124519 126.9406311884522 0 2.243722230195999 2.422538936138153 152.5780309438705 11.07291503250599 20.00552268326283 14.50140526145697 0 0 0 12.67081788927317 0.1098468229174614 0.5148509219288826 42.87708315253258 0.3580635115504265 0.337928332388401 0.1154232174158096 1.650711335241795 1.257932066917419 4.760813668370247 0.2585132271051407 0.4724922329187393 1.269531190395355 7.654413886368275 9.845190234482288 6.37167102098465 5.747241042554379 0.8419012278318405 24.68039193749428 5.156955793499947 10.04987226426601 1.132041454315186 0.6557230800390244 2.583913311362267 1.983887188136578 2.221408754587173 0.5514458417892456 245.793282687664 0.4392714500427246 0.146681010723114 17.32933393865824 9.187257759273052 42.1170482635498 26.84166770428419 24.80374051630497 0 8.687752090394497 0.2512494251132011 0.8179856613278389 0.815398283302784 0.2757540717720985 0.3151247054338455 2.336308114230633 0.4328864365816116 0.09273388236761093 0.7540090754628181 0.09669308364391327 0.3451120182871819 0 4.106627725064754 0.1248856335878372 0.4464452266693115 230.3857825398445 17.38620527088642 0 9.836018979549408 28.3810363188386 1.03158774971962 0.4385488480329514 3.25534700602293 0.4148956090211868 3.786659091711044 23.47640769183636 7.496358849108219 10.522326156497 186.9152269661427 30.78291642665863 12.94082337617874 53.1122348383069 60.74136435240507 30.50831756740808 20.38593246042728 0 0.4228425323963165 0 0.7708265334367752 0 0 0 0 0 0 0.2337897717952728 0 0.106408879160881 0 0 1.869787290692329 0.2251586616039276 0.4982933700084686 0 1.874601393938065 1.740165218710899 0 1.009763091802597 0 34.67835149914026 3.664253935217857 37.25079096853733 15.52771423757076 3.197616904973984 0 0 0 0 0 0.1783806085586548 0 0 0.9638226926326752 0 0 0.1443544924259186 3.439504697918892 1.515766814351082 0 0 0 0 0.6227349787950516 0.1752539277076721 1.151724576950073 0.9975851774215698 16.64027486741543 0 0.6222940236330032 0 0.3120862543582916 0 0 0 0 0.1979721933603287 53.31438817083836 5.413479566574097 0.2960456013679504 0 0.4021264165639877 43.10473693162203 0 5.968043312430382 1.228824615478516 1.159129768610001 0.4441071748733521 0.9256218373775482 0.5044465810060501 0 0 0.125187948346138 0 0.08983118832111359 0.6182937324047089 0 0.1868574023246765 83.59827423840761 9.771708771586418 21.72979608178139 190.6058573275805 4.0682103484869 108.8927804082632 36.5728856548667 113.2209134325385 14.45929180085659 0.6567249670624733 23.51375857740641 20.78673715889454 0.9192090034484863 5.094901084899902 0.3496727049350739 64.32657054066658 1.72745655477047 0 0.8265935778617859 5.403767496347427 0 133.762583874166 55.58793239295483
38.46034730225801 428.368018604815 180.3338558152318 177.784163698554 164.8929599970579 12.43616823107004 1572.835200309753 64.64060348272324 307.2815628945827 3895.227070897818 1219.403433732688 1200.196354836226 1372.62063267827 3458.437141105533 82.92295360565186 132.035988137126 1.763710968196392 0 0.2265138626098633 0.3129521310329437 1.343719512224197 0.8341359496116638 3.605068273842335 2.518362700939178 4.757596097886562 0.5755244567990303 10.75572822988033 0.5384820848703384 2.982394129037857 0.6952821612358093 15.8608513623476 9.060061484575272 618.4272118136287 0.1033227816224098 2.367614075541496 4.921617515385151 288.8633495867252 37.00877134501934 39.58621264994144 17.94655872136354 0.2804750204086304 0.120852567255497 0.5228127390146255 22.62936420738697 0.7723142355680466 1.565914116799831 91.85394508391619 0.5230026394128799 1.027001589536667 0.10549496114254 2.894990019500256 0.927451878786087 7.131850861012936 0.6677443981170654 0.5331659018993378 2.1277130022645 9.078944072127342 15.06271626055241 6.847358398139477 9.455066315829754 1.116937778890133 65.5860218629241 2.343410886824131 13.07466128468513 1.663292676210403 2.636842824518681 2.168355897068977 4.999700024724007 2.795355089008808 1.025026440620422 318.9047199338675 0.6107189357280731 0.3055156171321869 31.05456127226353 16.68327117711306 130.0659597292542 83.16328280419111 55.66045739501715 0.8196872919797897 60.18351054191589 0.9360451400279999 2.567805483937263 1.854878984391689 0.08652126789093018 1.224703587591648 2.687271885573864 0.6765597239136696 0.2824647203087807 1.141634225845337 0.1040442883968353 1.310313209891319 0.5363402664661407 9.221881903707981 0.3766150549054146 0.4237677603960037 1093.716919139028 37.09697264432907 0 18.12935853004456 12.42417781800032 1.930026806890965 4.603334523737431 10.81969652324915 4.741233542561531 12.41107167303562 87.30765737593174 14.02602650225163 39.31941221654415 159.2894088178873 79.4088681563735 29.66029182821512 143.0292254164815 169.8688601851463 56.60068562626839 64.7098733112216 0.6440755873918533 3.284796267747879 0.1812892109155655 0.9832461699843407 0 0 0 0.5206206440925598 0 0 0.1355022192001343 0 0.7167524099349976 0 0 2.455795839428902 0 0.4346133917570114 0.169964998960495 7.686435483396053 9.904125362634659 0 0 0 60.17831909656525 5.708794623613358 69.51655472815037 31.08495841920376 3.149442419409752 0 0 0 0 0.4744986295700073 0.643892228603363 0 1.301996663212776 2.516251139342785 0 0 0.8596577942371368 8.882140025496483 3.393334925174713 1.071029335260391 0.8673949241638184 0 1.217067211866379 2.351016335189342 0.3145630061626434 0 0 40.11752831935883 0.3873585909605026 0.8198463320732117 1.130123049020767 0 0 0 0 0 0 128.1716438904405 7.578981295228004 0 0.1509145349264145 0.4968866482377052 74.45766225457191 0.5426151528954506 9.104849711060524 1.289583310484886 1.366524368524551 2.422800920903683 0.6176079958677292 0.9761754274368286 0.2639116942882538 0.5676014125347137 0.2599625661969185 0 0 0.1178478226065636 0 0.1241157799959183 161.2197163328528 16.14509245753288 38.71038237214088 391.0303473472595 8.268324002623558 232.7624816447496 75.73352708667517 87.62324693799019 33.02744399011135 4.414858102798462 52.04475094377995 35.00978791713715 0.2056626379489899 17.04547713696957 0.6380517035722733 112.7171252518892 6.046479016542435 0 0.2804854586720467 4.296384990215302 0.7498511672019958 160.0424409136176 98.22415212541819
