347.8436610847712 2697.641030587256 276.7118631601334 618.8558117374778 78.71656538546085 94.34099097549915 355.0660198479891 10.97255827486515 2.788230009377003 1262.548019848764 59.0994189530611 155.1197900474072 377.951468989253 30.89586859196424 2.126249641180038 0 0 0 0 0 0.1091717481613159 0 0 0 0 0 0 0.09555596113204956 0 0 190.2871544212103 0.2039189264178276 1.47663126885891 0 0 0 0.6058725416660309 0.08994279056787491 0.1515760123729706 0 0.1068256571888924 0.1600982993841171 0 0.1544083207845688 0 0.1180794537067413 15.35000055283308 1.405896335840225 0.2605280354619026 0.1097318455576897 0.3246352523565292 0.3608808815479279 0 0.1076956912875175 6.489320784807205 4.462298892438412 158.0337931662798 189.5080681741238 4.977374330163002 6.663988165557384 0 0.2713749408721924 0 5.023411124944687 1.36050933599472 1.728540070354939 0.09157050400972366 0.2725681960582733 0.1036999002099037 0 2.597640737891197 12.24098625779152 0.2496277838945389 68.38969101756811 2.161010660231113 33.27453253418207 0.7550745233893394 0.4079630449414253 0.3489675521850586 0.09974096715450287 0.2183067500591278 0.352100595831871 3.166084349155426 0.2203345969319344 2.177585154771805 2.098076164722443 0.9976641535758972 0.4534639120101929 0.6171815022826195 0.3368421196937561 0.4975053369998932 0 0.3070987090468407 0 0 24.18181128799915 1.525303281843662 0.5276897549629211 0 843.1513410136104 1.006196260452271 24.32878795266151 8.373705863952637 12.80174499750137 7.910648435354233 1.67777019739151 34.15683790296316 1.314796254038811 7.786109030246735 29.20204849541187 1.59944649040699 8.743862807750702 27.4836507588625 11.97874191403389 8.238757193088531 0 0 0 0 0 0 0 0 0 0 0 0 0 0 0 0.2743057608604431 0 0 0 3.114387378096581 0.8238804340362549 0 0 0 2.051962569355965 0 0.2776721715927124 0.1200726628303528 0.5028355717658997 0.2226130813360214 0 0 0 0 0 0 0 0 0 0 0 0 0 0 0 0 0 0.5160344839096069 3.979389831423759 1.597039341926575 0 0.3847306370735168 0 0 0 0 0 0 0 0 0 19.4084225744009 0.4886704087257385 0 0 0 1.7929847240448 0 0 0 0 0.6202195584774017 0 0.1105613708496094 0 0 0 0 0 0 0 0 53.75460929423571 6.189946949481964 0.7290061116218567 257.4441477283835 2.860262885689735 75.68736032396555 7.288150124251842 705.7817790210247 4.064333438873291 0 0.4880554378032684 42.1152164041996 0 0.1771632134914398 0.6753509044647217 166.38313549757 0 4.478727340698242 0 0 0 265.4846146479249 60.8125806003809
2697.641030587256 3009.439064927399 1671.648870669305 266.3549233302474 2943.788521409035 74.3244983330369 1644.592289499938 297.6331406533718 137.1422690600157 777.3668771609664 1196.722829163074 62.40773362666368 543.7055289372802 830.5184078961611 48.36742205917835 4.909424178302288 0.9581232219934464 0.7647593542933464 0.08921074867248535 1.314790934324265 15.39647271484137 0.2470237165689468 3.357883654534817 5.078028291463852 4.122705645859241 7.745630398392677 2.854025088250637 4.48675013333559 0.5452330410480499 0.5864411517977715 1308.42448182404 51.87621335685253 105.2695401012897 0.4073934182524681 2.457841828465462 2.384962029755116 6.480799421668053 2.346529088914394 2.100633077323437 2.614494919776917 14.1102392077446 0.9505467340350151 3.072192497551441 1.895068287849426 0.6052407324314117 1.223923780024052 149.3147595599294 14.60802328586578 3.164020054042339 4.617477878928185 1.352085135877132 1.112706564366817 1.001880198717117 0.6698547974228859 32.02449099719524 29.62766966223717 546.6759789809585 733.3501990810037 15.81478469073772 52.37797898799181 6.171191737055779 5.425877831876278 0.125777393579483 150.9469274505973 12.84977900236845 15.0515596345067 1.573928438127041 2.701299637556076 16.90835286676884 9.140072204172611 4.56041020154953 0.9261850565671921 0 501.3108971267939 57.33787624537945 392.9325299933553 32.92764912545681 29.51685196906328 29.91097097098827 109.5443165898323 10.18968426436186 40.45628800243139 40.23909946531057 1.328361220657825 23.40496426448226 15.32474800944328 6.614468976855278 0.4683432653546333 2.84081843495369 0.09937261044979095 2.855334065854549 0.2484683841466904 11.48481146991253 0.536935493350029 0.6462019234895706 7.233443967998028 1.566870473325253 0 0.8496314138174057 1236.148940458894 0.5500251278281212 3.581176772713661 3.128092855215073 0.8034508675336838 0.557098925113678 0.550105556845665 1.798946857452393 1.229564934968948 1.813667856156826 4.296510219573975 1.808748751878738 3.014618739485741 6.57354249060154 4.095397509634495 5.904873602092266 0.1748607158660889 0 0 0 0 0 0 0 0 0 0 0 0 0.1154662072658539 0 0 0 0 0 1.382429070770741 1.384454429149628 0 0 0 1.835286803543568 0 1.912333726882935 0.1508840471506119 1.311297483742237 0.458547979593277 0 0 0 0 0 0 0 0 0 0 0 0 0 0 0 0 0 0.1710827499628067 0.2620918154716492 0 0 2.654567673802376 0.6198488771915436 0 0 0 0 0 0 0 0 13.55490482598543 0 0 0 0 0.6808574795722961 0 0.8271269500255585 0 0 0.4895516932010651 0 0 0 0 0.2089088335633278 0 0 0 0 0 17.84419061243534 2.508273102343082 2.689494512975216 249.2099970579147 18.04910521954298 518.1841081976891 71.94717220962048 461.6278655529022 14.70320328325033 1.170822493731976 14.4667606279254 5.431956022977829 0 0.4026355743408203 0 14.1692274287343 0.2929278314113617 0 0 6.61827751994133 0.5372659415006638 132.1772914677858 9.602383032441139
276.7118631601334 1671.648870669305 295.3040658906102 0.832294225692749 293.5704485997558 0.6434455811977386 23.29455875605345 1891.623560100794 7.998606525361538 13.54844315350056 2542.925485737622 18.54676491767168 75.835942722857 506.6994611695409 37.77194787561893 15.24917784333229 0.8086021542549133 2.255825042724609 0.4983295351266861 8.185620665550232 108.8709222227335 1.420240461826324 22.73005153983831 36.78070667386055 16.26448544114828 56.04974851757288 12.82363747805357 30.75839253515005 1.651778101921082 3.241912297904491 3426.966487243772 623.2680506184697 788.0477542728186 2.795991092920303 14.0443986877799 7.670318901538849 4.617797642946243 14.54670435190201 6.069047413766384 14.19929695129395 106.8666852265596 5.151165038347244 12.53635357320309 3.104435496032238 0.416284866631031 1.613700062036514 60.13530580699444 4.496751703321934 4.620428748428822 6.407414965331554 1.231876477599144 4.100632593035698 7.602715820074081 4.299344919621944 12.39624118804932 10.78860744088888 204.3026261851192 619.0271130725741 5.546847507357597 11.100715957582 19.65243513137102 35.88745415955782 0 148.6248536482453 4.151557348668575 5.122881971299648 0.6145205795764923 2.164752930402756 71.9217349216342 38.62422036379576 13.84255077689886 2.928301855921745 0 173.796485722065 31.55877480655909 146.5702022984624 33.70435109734535 39.43201731145382 225.4904152229428 1492.207137726247 56.80076915025711 374.6868774443865 14.33820255100727 0.5722074285149574 7.46486259996891 7.053044185042381 8.350815363228321 0.1268572062253952 0.9818677753210068 0 0.6654135882854462 0 55.45626646280289 3.041679330170155 1.383848108351231 11.02909171581268 2.302972391247749 0 4.366440556943417 206.1895735487342 0 1.154346525669098 3.618984431028366 0.5116186738014221 4.083803251385689 0.219091385602951 3.093537360429764 0 3.931522235274315 7.853855639696121 3.303353823721409 4.650789134204388 13.81086996197701 9.015953958034515 10.86508288234472 0.7400927692651749 0 0 0 0 0 0 0 0 0 0 0 0 0 0 0.8774277865886688 0 0.1863398402929306 0 3.939782775938511 1.326435454189777 0 0 0 6.491438709199429 1.913966789841652 4.610024109482765 1.542693600058556 0.7723886519670486 0.3379980027675629 0.4720092117786407 0 0 0.3174352943897247 0 0 0 0.230967789888382 0 0 0.8331557512283325 0 0.8337211906909943 0 0 0 0.8848041146993637 0.5228437781333923 0 0.8625785857439041 0.8712153434753418 3.028778403997421 1.110724925994873 0 0 0 0 0 0 0 0 22.09712421894073 1.026695385575294 0 0 0.5578443706035614 4.084285587072372 0 1.395506903529167 0 0.9928522109985352 0.2856999933719635 0 0 0 0 0 0 0 0 0 0 27.29363024234772 8.283764898777008 9.011638179421425 158.9326878488064 10.05857377499342 220.8666400685906 60.59079834073782 31.25740757584572 4.289812296628952 0.3018019944429398 10.67638429254293 6.177394606173038 0.1050873473286629 1.211094096302986 0.7238982617855072 12.00654047727585 0.4623416364192963 0 0 13.07539540529251 0 29.22851473838091 14.55298981815577
618.8558117374778 266.3549233302474 0.832294225692749 324.1484923660755 9.543618835508823 188.3663478568196 1255.016259402037 0.1012560427188873 2.264866665005684 1616.623394109309 4.356756016612053 466.8968569636345 504.8803020343184 20.77007215470076 2.318118870258331 0.1004941761493683 0.08566253632307053 0 0 0 0.2271434515714645 0 0 0 0 0.1279148310422897 0 0 0.1609151512384415 0.1376308649778366 9.985719978809357 0.08397345989942551 0 0 0 0.1212280690670013 2.051928400993347 0.1563084274530411 0 0 0.1686967611312866 0 0 0.1472834795713425 0 0 6.893250115215778 0.2024244070053101 0 0.2345755472779274 0.0854061171412468 0 0.1477309316396713 0 1.196446053683758 1.549838341772556 22.81250160187483 13.83227761089802 0.7417585998773575 2.339876487851143 0 3.300263606011868 0 3.515373587608337 0.3414167463779449 0.6261425763368607 0 0 0.194020189344883 0 2.937123477458954 1.481887876987457 0 17.41131485253572 1.59268606454134 14.85947155207396 0.7095447927713394 0 0 0 0.3046579882502556 0.09425797313451767 1.416596248745918 0 0.6047312021255493 0.4849294573068619 0 0 0.09227515757083893 0.3311119377613068 0.1804817244410515 0 0.09173583984375 0.1097336038947105 0 3.136417731642723 0.2187322825193405 0 0 381.8708894997835 0.1447577625513077 2.60516782104969 1.244355328381062 0 0 0 3.572933286428452 0 0.7577996701002121 2.505344226956367 0.9632145762443542 2.059221267700195 0.8086281791329384 1.503474414348602 0 0 0 0 0 0 0 0 0 0 0 0 0 0 0 0 0.4948996305465698 0 0 0.1872329264879227 0 0 0 0 0 0.1824240535497665 0 0.1201678663492203 0 0 0 0 0 0 0 0 0 0 0 0 0 0 0 0 0 0 0 0 0 0 0 0 0 0 0 0 0 0 0 0 0 0 1.288134679198265 0 0 0 0 0.4286722242832184 0 0.1153755560517311 0 0 0 0 0 0 0 0 0 0 0 0 0 4.886543728411198 0.1468866616487503 0 48.00371479988098 0.8808394074440002 28.14128389954567 5.358742535114288 321.4372087344527 2.153147041797638 0 1.133279047906399 3.469998612999916 0 0 0 13.69375962018967 0 0 0 139.855395808816 85.54237876832485 147.7858877405524 6.944285854697227
78.71656538546085 2943.788521409035 293.5704485997558 9.543618835508823 1233.711458258331 5.494398809969425 1762.267856530845 1440.708003334701 4546.325263358653 189.7089670076966 3222.483094163239 17.78431485593319 1644.845500282943 5859.784601390362 23.83353363722563 1.662294588983059 1.167383477091789 0.2055553197860718 0.2105563431978226 0.9301337972283363 7.744982182979584 0.3282697200775146 1.458112880587578 4.121871292591095 0.2154324501752853 4.887621112167835 0.4276635497808456 2.101389169692993 0 0.5231686234474182 205.1758927851915 42.23057127743959 56.06985680758953 0.4358364269137383 1.552228175103664 1.220244109630585 3.495057262480259 1.530140027403831 1.379767365753651 0.2617283463478088 6.471735507249832 0.7869705483317375 1.601597636938095 1.684284746646881 0.9122468307614326 0.6450315490365028 65.77135796099901 4.531130313873291 1.929473847150803 2.714299581944942 0.5832947939634323 0.3096923679113388 1.357006318867207 0.9403379261493683 7.471942357718945 7.739625073969364 82.47009678930044 162.3447095230222 2.396910056471825 20.89339679479599 4.103421941399574 3.020755626261234 0 89.58883313834667 4.092995323240757 3.019862614572048 0.1748031824827194 1.06255429238081 9.068995781242847 3.919896632432938 1.400595262646675 0.9327799454331398 0.235413059592247 134.2370960712433 30.62536265701056 148.4771563708782 23.72035883367062 24.83709091693163 8.095530554652214 69.87580672651529 7.891267985105515 18.19601234793663 9.794427022337914 0.3470050096511841 6.313863299787045 3.443898409605026 3.751800127327442 0.4793225303292274 1.166188858449459 0.07929492741823196 0.5367170721292496 0.09455547481775284 7.227315865457058 0.659993551671505 0.8114043325185776 2.803363658487797 0.3844657391309738 0 0.5546497106552124 68.42507288604975 0.1382070183753967 0 0.6190273761749268 0.3937365040183067 0.4860496744513512 0 0.5468804240226746 0 0.1520721763372421 1.389034800231457 0.989469587802887 0.7426941841840744 2.620383605360985 2.613822087645531 4.145989805459976 0 0 0 0 0 0 0 0 0 0 0 0 0 0 0 0 0 0 0 0.5855355858802795 0 0 0 0 1.092791005969048 0 0.5523123443126678 0 0.122792936861515 0 0 0 0 0 0 0 0 0 0 0 0 0 0 0 0 0 0 0.2900474369525909 0 0 0 0.7159028649330139 0.2459202259778976 0 0 0 0 0 0 0 0 2.507864870131016 0 0 0 0 0.2531865239143372 0 0 0 0 0.1484463810920715 0 0 0 0 0 0 0 0 0 0 5.20404264330864 0.8516158163547516 0.6974552273750305 110.4179892092943 6.147179409861565 191.3640102669597 33.22021239250898 63.66432030498981 8.778824433684349 0.3937524110078812 6.892620757222176 1.647794410586357 0 0.1878259181976318 0 4.060418084263802 0 0 0 2.838697709143162 0.394025057554245 17.49562978744507 2.465156003832817
94.34099097549915 74.3244983330369 0.6434455811977386 188.3663478568196 5.494398809969425 14.71265694499016 58.55587931722403 1.386106863617897 1.06534855812788 643.2868331000209 2.273672208189964 117.5862978473306 112.5381259471178 19.0482470318675 0 0 0 0 0 0 0 0.4826615154743195 0 0 0 0 0 0 0.1797822117805481 0 0.7150200605392456 0.9609742164611816 1.209015727043152 0 0 0 0.1889117807149887 0.2026757299900055 0.5895430073142052 0 0 0 0 0 0 0 0.7489046454429626 0 0 0 0 15.04549470543861 2.445562928915024 0.1612308472394943 0 0.4852200970053673 34.76305115222931 0.7953663319349289 0.4848250895738602 0 0 0.3527126014232635 0 0.799468606710434 0.09683004021644592 0 0 0 0 0 11.0569077283144 298.1677162945271 11.51750686764717 0.9026961177587509 0 1.372185885906219 0 0 0 0.2887512743473053 0 0 0 0.2174131199717522 0 0.1001567840576172 0 1.118713729083538 0.5922108814120293 9.399845078587532 0.6940992996096611 1.307499743998051 0 0 0 97.23971638083458 70.62607032060623 36.83161124587059 1.708974875509739 178.1468075960875 0.3527187705039978 9.195926576852798 2.633419930934906 1.305776998400688 0.3227236270904541 2.053806304931641 5.228591904044151 1.587763085961342 4.658958785235882 9.339241340756416 0 1.794324435293674 9.478856153786182 2.043625235557556 1.781164184212685 0.7578563690185547 0 0 0 0 0 0 0 0 0 0 0 0.3801253437995911 0 0 0.5455100163817406 0 0 0 0.358963668346405 0 0.124019131064415 0 0 0.5140997767448425 0.1834728419780731 1.22953674197197 1.762896500527859 1.084310136735439 0 0.2340948283672333 0 0 0 0.1209490075707436 0 0 0 0 0 0 1.056167677044868 0 0 0 0 0 0 0.2079526782035828 0.2516372501850128 0 1.282617658376694 0 0 0 0 0 0 0 0 0 7.865088477730751 3.639283686876297 0 0 0 0.2788725197315216 0 0.6086132079362869 0.1879064291715622 0 0.3705107569694519 0 0 0 0 0 0 0 0 0 0 19.09374518692493 4.522485569119453 6.382476031780243 5.969909578561783 0.2151151746511459 3.683455407619476 0.5559383034706116 98.48010174185038 1.221343502402306 0 0.5239536762237549 8.968762740492821 0 0.8501550108194351 0.9972018450498581 21.00394527614117 0 0 0 0 0 56.56883200258017 31.82877992093563
355.0660198479891 1644.592289499938 23.29455875605345 1255.016259402037 1762.267856530845 58.55587931722403 838.6779598072171 181.1077399998903 1852.276804320514 2810.236629322171 1804.916052848101 278.9286971092224 2805.795289508998 4408.842351965606 46.25826635211706 5.491131477057934 0.1129331290721893 1.263133108615875 0.2297283858060837 1.37048465013504 9.085358791053295 0.3211600929498672 1.609051756560802 3.188904777169228 1.45234689861536 4.293830454349518 0.8737757503986359 2.901560805737972 0.4184462204575539 0.3309216275811195 130.8310970813036 40.34806957840919 39.62737517058849 0.5901863947510719 2.060592249035835 2.001993477344513 4.713905513286591 1.906814113259315 1.811523899435997 1.431711971759796 10.35938390344381 0.3671503439545631 4.148063972592354 1.552333869040012 0.4961327314376831 1.265072681009769 121.4972308650613 7.215747818350792 2.497851312160492 3.371737524867058 0.95975112169981 0.7190817818045616 0.4939533397555351 0.7544137984514236 11.49081719666719 9.132680237293243 128.3005316108465 165.6383657306433 3.113772965967655 32.01589363068342 7.192754596471786 5.989426739513874 0.2928847298026085 105.5212710723281 4.683007828891277 4.748189747333527 0.9603427425026894 1.409793920814991 21.75428428500891 5.102519489824772 8.416709095239639 0.6791152432560921 0.1585800349712372 201.4300416409969 35.09829110652208 232.4542409703135 39.0303121432662 29.96016689389944 11.24906761944294 27.79621455073357 9.672053039073944 30.40115215629339 14.94846852868795 1.293081469833851 8.069487191736698 5.689014986157417 4.254216402769089 0.4681867510080338 0.6308974474668503 0 1.538875080645084 0.1572714522480965 9.878491379320621 0.4834262877702713 0.60615374147892 14.55618405342102 1.667833276093006 0 1.052748277783394 238.5596176832914 0.2050289958715439 2.663870863616467 0.9132381230592728 3.720788404345512 2.020153298974037 3.173921197652817 5.07826329022646 0.414591908454895 4.539203934371471 5.13571859151125 2.24968833476305 34.26565086096525 11.06963079422712 4.835165567696095 8.549374550580978 0 0 0 0 0 0 0 0 0 0 0.1194574907422066 0 0 0 0 0 0.1455130279064178 0 0 2.026801154017448 0.1785468608140945 0 0 0 1.600258857011795 1.158152341842651 1.30352795124054 0 0.2210239917039871 0 0 0 0 0 0 0 0 0.5102797746658325 0 0 0 0.224749967455864 0 0 0 0 0 0.563150018453598 0.6492069959640503 0 0 0.8256183713674545 0.1406438648700714 0 0 0 0 0 0 0 0 16.77579322457314 0 0 0 0 2.686162032186985 0 0.3900218307971954 0.2437993139028549 0.1773815453052521 0 0 0 0 0 0 0 0 0 0 0 20.13281632214785 3.570048548281193 3.178221307694912 282.8550200983882 9.76813481003046 338.425947278738 69.91036181896925 227.3118596971035 15.74228262901306 0.1550667136907578 16.06310029327869 7.010847702622414 0 0.2008422911167145 0.4834121465682983 10.9639103859663 0 0 0 7.450310654938221 0.3472879827022552 74.08055847883224 12.30858568847179
10.97255827486515 297.6331406533718 1891.623560100794 0.1012560427188873 1440.708003334701 1.386106863617897 181.1077399998903 2287.863507956266 615.421532638371 8.289989858865738 4491.693714752793 21.19762714207172 129.4849336817861 1947.843990810215 33.74793933331966 9.949350118637085 1.308298021554947 3.716547675430775 0.6084464266896248 9.566002309322357 134.9812360480428 1.26264364272356 32.87427312135696 44.81589013338089 34.57277939468622 83.45517162978649 23.10132591426373 45.25795613974333 2.79137909412384 5.09799662977457 535.3616118878126 711.0815226435661 908.7469890788198 6.688846714794636 27.67328843474388 21.27966457605362 17.20119985193014 33.08315543830395 7.494440376758575 21.3924238756299 140.294511757791 5.141968734562397 16.5432153493166 8.823913380503654 2.650789283216 3.331441290676594 55.29953089356422 3.466781243681908 4.750386491417885 13.46106562763453 2.615036889910698 5.328608721494675 10.82914618402719 6.474704176187515 4.022143304347992 3.164408519864082 42.02641747891903 183.6851210966706 0.9241371005773544 9.334001407027245 55.17196376621723 133.105930916965 1.252171114087105 147.4509299919009 1.165956854820251 1.998641520738602 0.3756305649876595 2.792371824383736 101.7840185984969 47.65286105871201 9.549723729491234 4.25862418115139 0 67.45791387557983 31.74750716984272 105.8220810890198 57.26099669933319 381.6126067265868 1202.682668186724 1866.053253695369 132.0003251731396 1068.228332236409 6.67151964455843 0.2529911920428276 3.258952267467976 2.330445766448975 14.87716185301542 0 0.5081180930137634 0 0.4768580496311188 0 62.29617029428482 3.05426386743784 1.175397872924805 5.297388240695 1.308701753616333 0 1.495936557650566 2.746453173458576 0.4607758522033691 1.575242877006531 0.6188553497195244 1.213320165872574 0.4648231416940689 0.1699831038713455 2.608061254024506 0.6831047534942627 1.656399309635162 2.117268830537796 1.765699654817581 3.169398501515388 8.459764920175076 5.058373555541039 8.410702556371689 0.3587614521384239 0.1448517292737961 0 0 0 0 0 0 0 0 0.2839344143867493 0 0 0.1987344026565552 0 0.1873934119939804 0 0.1419660747051239 0 2.719553336501122 0.3157359063625336 0 0 0 3.994401283562183 0.7850468307733536 2.875560358166695 0.9780050665140152 2.523886121809483 0.7462290227413177 0 0 0 0 0.09753814339637756 0 0.4581312537193298 0 0 0 0.9084196388721466 0.766968347132206 1.667916513979435 0 0.2735026478767395 0 0 0.2917859554290771 0 0 0.1923936754465103 2.10036638379097 1.483655378222466 0 0 0 0 0 0.09168718010187149 0 0.145255908370018 11.21674488484859 0.2204509526491165 0.3225365579128265 0 0 3.088110283017159 0 0 0 0.1292894184589386 0.1419845521450043 0 0 0 0 0 0 0 0 0.09748568385839462 0 13.2440469712019 3.984280169010162 7.761766962707043 105.1558226570487 2.218306481838226 143.2084166035056 38.90686997026205 14.85766480863094 6.915763519704342 1.067489370703697 7.211432039737701 9.186950869858265 0 0.5760941803455353 0.660130500793457 6.165477737784386 0 0 0 7.414533592760563 0 13.77765240520239 5.148213684558868
2.788230009377003 137.1422690600157 7.998606525361538 2.264866665005684 4546.325263358653 1.06534855812788 1852.276804320514 615.421532638371 1909.309069022536 63.38894828408957 1426.751907020807 14.675621047616 614.9212871864438 2569.029323980212 11.25770349800587 2.564726322889328 0.1019624322652817 0 0 1.038593374192715 7.090343602001667 0.1317433714866638 1.760553114116192 2.854677937924862 1.914766699075699 4.043634198606014 1.199713662266731 1.829521022737026 0.4772177711129189 0.4053699672222137 6.097411654889584 9.094372980296612 33.04266836494207 0.2742506116628647 0.8420122340321541 1.032793268561363 6.763014085590839 1.021125130355358 0.3432142436504364 0.7615691795945168 7.799082517623901 0.2603766024112701 1.161343969404697 0.4845335781574249 0 0.1144622042775154 14.93986733257771 0.6429047212004662 0.3908421844244003 0.8310193344950676 0 0.2838993966579437 1.576282791793346 0.3644176051020622 0.9676460549235344 0.4763712882995605 5.920821845531464 9.675602279603481 0.09898120909929276 3.575433284044266 2.333706229925156 0.5835861191153526 0.1311851590871811 8.040186636149883 0.0836433619260788 0.2410977706313133 0 0 7.668947398662567 3.133349992334843 3.187267430126667 0.4557478129863739 0 10.26124288886786 5.310994081199169 24.67113767564297 7.446645215153694 5.689121626317501 11.48631911724806 46.70350692421198 4.867056623101234 11.42241527885199 1.560322418808937 0 0.6283331885933876 0.1168112456798553 0.7607406601309776 0 0.17874675989151 0 0.1384948790073395 0 6.311600022017956 0.08759478479623795 0 8.064832404255867 0.125764936208725 0 0 4.763231717050076 0 1.790002480149269 0.3677534162998199 0 1.208909586071968 0 0.7463871836662292 0.4292229562997818 1.366117641329765 1.925714120268822 0.158663809299469 1.412160351872444 9.505133412778378 3.201781563460827 2.872504666447639 0 0 0 0 0 0 0 0 0 0 0 0 0 0.1948179602622986 0 0.2344644889235497 0 0 0 1.254885047674179 4.337301149964333 0 0 0.1679666638374329 1.594715386629105 0 1.544188372790813 0 0.1997725665569305 0 0 0 0 0 0 0 0 0 0 0 0 0.2267540544271469 0.110806867480278 0 0.1525907814502716 0 0 0.6264287829399109 0.3806556463241577 0 0 1.747679144144058 1.045001238584518 0 0 0 0 0 0 0 0 10.46582403033972 0 0 0 0 1.298567563295364 0 0.6347458064556122 0 0 0.2807939946651459 0.1335833221673965 0 0 0 0 0 0 0 0 0 13.78986606001854 2.071507163345814 1.860267572104931 39.10768155753613 2.184872664511204 35.12825191020966 11.54213243722916 8.629947990179062 2.035924918949604 0 2.286928981542587 1.577946782112122 0 1.106362208724022 0 2.948455572128296 0 0 0 2.111531816422939 0 11.407281011343 6.188367038965225
1262.548019848764 777.3668771609664 13.54844315350056 1616.623394109309 189.7089670076966 643.2868331000209 2810.236629322171 8.289989858865738 63.38894828408957 1992.853067718446 62.22432640939951 2171.180846020579 6164.0764888376 698.4144879803061 53.72637164592743 5.722528256475925 0.4019758552312851 0.208480142056942 0 0.5587204545736313 7.197264708578587 0 1.371701434254646 1.238167360424995 0.7535400912165642 4.623767718672752 0.8584310263395309 1.652102068066597 0.315384566783905 0.1142789945006371 16.48621952533722 10.80354163050652 40.44687478244305 0.4852824062108994 0.1442553550004959 0.5748699009418488 23.9464953020215 1.961694613099098 2.785214342176914 1.068994276225567 4.020857147872448 0.8272451460361481 1.248137570917606 1.224718615412712 0.1966834217309952 0.4802566319704056 124.7585318982601 2.333013474941254 1.588006995618343 1.30953861027956 0.5724384412169456 3.092850640416145 0.8787375316023827 0.5634107887744904 5.174524940550327 2.531871192157269 89.23736396431923 39.04285216331482 1.723727658390999 21.42644862085581 3.597083121538162 26.14927925169468 0 29.65906205773354 1.6302255615592 2.02433954179287 0.2595874294638634 0.8271809667348862 11.8326066955924 2.622387520968914 51.07990752160549 60.75284303724766 2.010272651910782 94.18326938152313 15.2200096398592 148.4864033833146 29.95017590373755 9.037764623761177 4.690673597157001 15.37405683100224 6.226833209395409 30.26044450700283 6.014706343412399 0.3640976995229721 2.46152675896883 2.262815400958061 2.947859339416027 0.2540731132030487 1.176842659711838 1.923652946949005 0.7070739641785622 0.6417783200740814 6.728851266205311 0.7543083727359772 1.298703014850616 121.1457926779985 12.55120403319597 2.719456061720848 9.55505807697773 802.9803293794394 3.539155296981335 80.38933700323105 63.32749273627996 45.38561723381281 17.71467655152082 20.8562954813242 68.5286478176713 4.11366905272007 49.6231564283371 124.7198425829411 13.73232249170542 45.8775587901473 140.7611064165831 63.45169240236282 39.6248591914773 0.09373163431882858 0.2453120201826096 0.130699560046196 0 0 0 0 0.1189616918563843 0 0 0 0 0 0.7027761340141296 0 0.4176352769136429 0 0 0 11.45012222230434 7.090193331241608 0 0 1.821769237518311 12.89180862903595 1.451480358839035 6.482146851718426 0.8284920901060104 3.721157997846603 0.158580094575882 0.2347021400928497 0.2400413900613785 0 0 0 0 0.5802149325609207 0.2952486425638199 0 0 0 1.041856899857521 0 0 0.1949180066585541 0 2.106887586414814 1.829930767416954 3.635684043169022 0.5329820662736893 0.1130075454711914 5.211181424558163 3.589705750346184 0 0.4038126468658447 0 0 0 0 0 0.1508179008960724 106.1877928897738 0.4152086675167084 0 0 0 5.520049870014191 0 0.9529381096363068 0.8585812747478485 1.381638713181019 0.3738159760832787 0.5336045622825623 0.523125946521759 0 0 0 0 0 0 0 0 288.2393300458789 29.71491155773401 8.060413472354412 834.0292138382792 17.47244216501713 397.9854687899351 143.426632091403 977.7992372661829 30.72927827388048 0 42.08739903569221 82.80961465835571 0 2.4115389585495 0 258.3818982765079 0 0 0 29.55376762151718 1.097093790769577 1094.737102687359 260.4371731579304
59.0994189530611 1196.722829163074 2542.925485737622 4.356756016612053 3222.483094163239 2.273672208189964 1804.916052848101 4491.693714752793 1426.751907020807 62.22432640939951 2276.870738819242 170.0307830870152 1162.703392498195 3183.735981047153 51.37448205053806 16.9613404199481 1.865942843258381 2.865591116249561 0.301889181137085 4.475290738046169 101.1645817309618 2.576704919338226 19.15864304453135 33.31482722610235 46.65020714700222 92.88589780777693 27.01999037712812 59.31180656701326 8.12417097389698 9.673275820910931 90.84829015284777 54.86556078493595 949.0946277230978 1.674630627036095 17.01628864556551 14.91709389537573 171.1661603376269 53.35332597792149 28.22902365028858 52.34852553904057 164.8392192199826 9.530593410134315 11.4820608496666 2.636573784053326 0.6053384095430374 0.8520860373973846 51.69384609162807 1.831267409026623 2.656713865697384 2.985727302730083 1.927247978746891 9.941369637846947 35.03824944794178 14.2281236872077 1.921306058764458 1.269684888422489 24.29847991466522 61.56488512456417 0.5434911772608757 7.742689594626427 8.973931722342968 103.465038985014 0 44.97951863706112 1.854046300053596 2.324132792651653 0.5256329104304314 1.775168485939503 36.45094249397516 25.33312188088894 46.70149612426758 6.354664772748947 1.025881633162498 46.68331098556519 13.90387796610594 84.18349423259497 31.38356705009937 24.42493399232626 242.0773206874728 1009.698929466307 20.25614421069622 643.6840121671557 4.483725354075432 0 2.210067376494408 1.452865853905678 4.389543026685715 0.1107424423098564 0.2879000753164291 0.09266606718301773 0.1769644320011139 0.2658281475305557 54.31575416773558 2.189022645354271 0.8086104094982147 58.77267648279667 8.948680639266968 1.24375456571579 3.997821047902107 15.86386399716139 4.247849710285664 6.869507528841496 8.027150325477123 1.357999667525291 3.623647712171078 3.783785998821259 6.84026276320219 1.037649899721146 5.915124371647835 16.07468446344137 6.73903002589941 10.08768703043461 48.33885191380978 22.47001591324806 27.81070848554373 0.2124318033456802 0.1301763951778412 0.1387704908847809 0 0 0 0.1085091829299927 0 0 0 0 0 0.3947935551404953 0.1040207520127296 0.0950697660446167 2.229894496500492 0.308568924665451 0.4133022427558899 0.3969300985336304 8.444792807102203 4.160164557397366 0 0.1593206971883774 0.21341722458601 10.73394218087196 1.861607052385807 9.858730033040047 2.803152747452259 5.836971960961819 1.034184664487839 0.8312730863690376 0 0 0 0 0 0.472209244966507 1.759635105729103 0 0 0.9380650371313095 1.470088727772236 0.4120015054941177 0 0 0 1.171557486057281 0.4853438958525658 0.1507253795862198 0.6214509904384613 0.422045961022377 6.730697490274906 3.547674059867859 0.5836944580078125 0 0 0 0 0 0 0 70.01855516433716 2.105375237762928 0.8862141072750092 0 0.121312752366066 10.6028286293149 0.8136052265763283 3.331443883478642 0.09308577328920364 2.74534173309803 0.472671777009964 0.2941705882549286 0.6974871456623077 0 0 0 0 0 0 0 0 82.01729972660542 29.26899030059576 17.48705589771271 134.8922878205776 5.279920786619186 133.2256875038147 46.25175069272518 15.56248886138201 3.731502667069435 0 8.834786124527454 20.49639624357224 0 3.583234570920467 0.7376791536808014 38.51782740652561 1.017302662134171 0.6679289937019348 0.4341291189193726 9.19022124260664 2.006123155355453 64.16387236863375 39.73079747706652
155.1197900474072 62.40773362666368 18.54676491767168 466.8968569636345 17.78431485593319 117.5862978473306 278.9286971092224 21.19762714207172 14.675621047616 2171.180846020579 170.0307830870152 120.25263646245 2882.339637681842 670.6405750736594 31.72750914096832 21.74791447818279 9.379017129540443 0.8381731957197189 0.6363576501607895 0.3439918234944344 28.60861400514841 28.01728238165379 2.905267342925072 7.028950542211533 20.42462339252234 26.06606936454773 9.248090758919716 48.73762843757868 23.09736109524965 3.947154648602009 4.120222166180611 10.139424495399 217.1331634745002 0.3645696640014648 0.6201119422912598 4.467647477984428 386.7085473388433 45.71105968207121 120.0554088354111 53.07573749125004 104.1016999408603 11.0702965632081 3.483460515737534 2.941239938139915 0.2845798134803772 1.411397248506546 33.93034459650517 0.7443367466330528 0.9027150869369507 1.569368414580822 0.2642627879977226 47.98807787895203 294.0609930232167 34.30069196224213 0.6967854350805283 0.7904643341898918 6.638918198645115 5.263831853866577 0.3415610492229462 2.356489464640617 2.300955325365067 86.81928300112486 0.3347412049770355 11.11929430812597 0.07918430119752884 0.3352929875254631 0.1289122253656387 0.2173257321119308 6.382827781140804 4.66524688154459 228.9091376140714 149.4222133606672 4.062777161598206 14.63261368125677 4.199363298714161 38.5873746946454 13.54919821023941 4.624990075826645 2.319910876452923 58.99228336662054 1.113070160150528 15.67384886741638 0.5993316024541855 0.6518224701285362 0.7620864734053612 0.3887656331062317 1.05034252256155 1.714009813964367 1.399165697395802 13.473806604743 0.7555013000965118 2.734854102134705 13.19439297169447 0.7694954574108124 1.365323409438133 1115.755265370011 128.3081889748573 53.49858401715755 84.24578357487917 31.88484621793032 6.83943685144186 30.96691532433033 24.14480497688055 13.73595000803471 29.10342501103878 7.365540735423565 30.6219237446785 4.349502414464951 74.02384467422962 155.1323125064373 25.57516119629145 48.32124742865562 158.5362437963486 79.61408953368664 84.97909384220839 3.508569471538067 0.6519435420632362 0.3349852561950684 0.5359202176332474 0 0 0 0.5061007738113403 0.1369318068027496 0 0.3899145871400833 0 1.741887032985687 0.80757936835289 0.985034242272377 4.663157358765602 1.264341056346893 0.7486613616347313 0.9591850936412811 27.38616360723972 17.8055414557457 0 0.1401302218437195 0.4063607230782509 29.75332223623991 7.098140776157379 29.23769940435886 16.2155127376318 15.63894802331924 1.625093393027782 1.160256922245026 0.3178152740001678 0.2299594134092331 1.499565660953522 2.085121147334576 0 2.47992093116045 4.050032176077366 0.104780301451683 0.2814826816320419 0.4324993789196014 13.29660239815712 1.173140846192837 0.1949618607759476 0.5684811472892761 0.2296405732631683 1.639146462082863 3.444683991372585 1.308046258985996 5.364817261695862 3.327813789248466 13.62122620642185 10.74987011402845 0 0.1420667916536331 0 0 0 0 0 0 211.5677945911884 12.31648489832878 0 0 0 24.7692601159215 0.9433921575546265 4.446467101573944 1.267616756260395 1.9318662956357 1.881247363984585 0.4276470765471458 1.473507434129715 0 0 0 0 0 0 0.111465185880661 0 315.6880602091551 83.72210945188999 51.2887864485383 160.8354635834694 1.964174143970013 98.1938763037324 58.41692274808884 101.6666953638196 5.626563481986523 0.1901086270809174 6.87246435135603 66.31256409734488 0.3046688437461853 10.8513652831316 4.868072293698788 140.3327911347151 1.603654444217682 0.2263360619544983 2.56448569893837 9.769699260592461 2.019015043973923 654.3303671330214 252.2374286726117
377.951468989253 543.7055289372802 75.835942722857 504.8803020343184 1644.845500282943 112.5381259471178 2805.795289508998 129.4849336817861 614.9212871864438 6164.0764888376 1162.703392498195 2882.339637681842 8034.637296028435 5883.459126420319 60.6077584028244 24.88956218212843 5.372616030275822 2.385579496622086 0.3605551794171333 2.873163975775242 54.04640515893698 9.380096361041069 7.167187377810478 11.5528024956584 24.78362981975079 35.51175975799561 8.520028732717037 38.58428984135389 10.88914266228676 3.953475281596184 18.64747563004494 30.59199361503124 1467.41982126981 0.7292401865124702 3.265708550810814 11.6991378441453 1235.097840435803 69.35496903955936 200.2171415984631 59.52554922550917 95.75080669671297 9.121180415153503 6.603258028626442 1.782400734722614 0.8153763264417648 0.1527507305145264 80.91818105429411 1.470124170184135 1.590068928897381 5.06988050788641 0.9360024705529213 18.96687177568674 127.7124931588769 21.61358080804348 2.181399792432785 2.365014210343361 29.08528253436089 37.44943825155497 1.200856767594814 11.67085701972246 9.097535751760006 184.3509362339973 0 41.19281742721796 1.058318786323071 1.317166194319725 0 1.278135702013969 36.84386010468006 16.15909034013748 335.7661770433187 33.53309901803732 0.856891542673111 54.67508067190647 14.29756663739681 109.1620439216495 32.09080083668232 19.33694252371788 14.12612746655941 124.2175147011876 17.17203030735254 58.74638499319553 2.778949491679668 0.4037727117538452 0.9183435291051865 1.549119770526886 3.938272923231125 0.7618509083986282 0.2331652343273163 2.51247725635767 0.6788329184055328 0.2340118065476418 36.0257021188736 1.350829169154167 1.168233290314674 638.508421652019 32.82658825814724 6.918670371174812 64.17401897907257 93.52640987932682 9.522638581693172 28.20592481642962 28.13360032439232 43.39891187101603 21.79525224864483 59.50265267491341 34.60900449752808 7.869763568043709 118.701151534915 103.8069313690066 28.10987810045481 200.1848854646087 166.1866598948836 87.1758466437459 79.96312279999256 0.8128706216812134 0.5804780200123787 0.2512655183672905 0.1169291436672211 0 0 0 0.4451553523540497 0 0 0.5776512920856476 0 0.5820285826921463 0.5638881623744965 0.366111695766449 3.319913133978844 0.767073854804039 1.558071255683899 0.2538080960512161 34.73818282037973 16.3126612752676 0.1068867817521095 0 0.168019101023674 34.74492015689611 2.942212752997875 25.84606869518757 7.241998881101608 9.914988294243813 0.1856159418821335 0.3340099304914474 0 0 0.6248579472303391 2.074456840753555 0 1.317029714584351 1.606675289571285 0.26458939909935 0.1065415516495705 1.625520199537277 6.167757146060467 1.69516222178936 0 0.4130043387413025 0.1234905123710632 1.537920787930489 5.595755495131016 2.345018774271011 2.472968533635139 1.463211357593536 10.78068402409554 8.941183120012283 0 0.1862539649009705 0 0 0 0 0 0.3070540130138397 198.5026571005583 2.89481845498085 0 0 0.5130720138549805 24.78492684662342 0.1347942352294922 5.287672057747841 1.692538142204285 0.8683527559041977 0.8680790141224861 0.4151238948106766 1.406277731060982 0.3392893075942993 0 0.3906820118427277 0 0 0 0 0 325.1735798045993 66.60042154043913 35.06828218698502 273.1731100529432 7.821633331477642 233.3328462913632 87.75584310293198 145.0554079785943 13.63436515629292 2.279802247881889 20.56806717813015 60.49243127554655 0.2624052762985229 10.4931023940444 2.053149998188019 139.2070062756538 3.002347052097321 0 4.195354551076889 20.46131897717714 2.190604969859123 391.715919598937 196.0415883436799
