348.9864043593407 2037.9827112481 310.867497548461 1431.65387943387 39.54672361910343 50.05756795406342 492.9834969118237 43.11969394236803 4.562787733972073 462.8378022685647 64.20084366947412 11.69737087190151 74.50685641169548 48.19890969246626 1.836120903491974 0.5050815567374229 0.3683307319879532 1.183259233832359 0 0.6271457001566887 0.5093099176883698 0 0.3292428553104401 0 0.7017783373594284 0.2775760143995285 0 0 0 0 1784.551131635904 61.2769016250968 9.891066536307335 0.1154926791787148 0 0 5.32585620880127 0.4050695076584816 0.07175858318805695 0.1701575145125389 0.320316419005394 0.5150787383317947 1.058941431343555 0.1096995398402214 0.7600910067558289 0 67.75469209253788 4.52525556832552 0.5224679484963417 1.66084399074316 0.7735892534255981 0 0.3471571654081345 0 1.145155712962151 1.950483337044716 200.7267771959305 670.8438890278339 18.88175910711288 9.466193549335003 0.5915148854255676 3.925742730498314 0.229152500629425 56.70305477082729 3.706240370869637 4.653932459652424 1.10994366556406 1.038743637502193 1.742586217820644 0.4409495815634727 18.82304643839598 34.46672824025154 1.161996856331825 411.4627047553658 67.67025399208069 26.94012805074453 7.321929104626179 1.646674074232578 1.035528920590878 16.38351108878851 0.6974950358271599 3.819682985544205 15.58974097669125 0.3032751604914665 5.187147609889507 2.385561406612396 1.437937423586845 0.437899112701416 0.937861368060112 0.4254183620214462 0.6273506060242653 0.1120114102959633 0.2460784912109375 0.4084332436323166 0 156.412893936038 87.01523652672768 2.686201483011246 2.153584331274033 832.8326591327786 0 9.361238896846771 14.13180264830589 4.348405420780182 1.84161426872015 7.004987739026546 5.904287323355675 9.382959738373756 12.91168233752251 20.87798758596182 2.329626739025116 12.79300975799561 8.980502679944038 3.091475240886211 1.222404286265373 0 0 0 0 0 0 0.1118407696485519 0 0 0 0 0 0 0 0.08896037191152573 0 0 0 0 0 0 0 0 0 0.7616317123174667 0 1.251424610614777 0.1782053261995316 0 0 0 0 0 0 0 0 0.1214573159813881 0 0 0 0 0 0 0 0 0.1591992080211639 0 0 1.967581629753113 0.2956149876117706 0 0.718164250254631 0 0 0 0.1225923746824265 0 0 0 0 0 2.852154918015003 1.361738324165344 0 0.3156609982252121 0 0.8179589807987213 0 0 0 0 0 0 0 0 0 0 0 0 0 0 0 0.6956662312150002 0.3267029225826263 0.8651857227087021 85.13596334308386 7.350919887423515 138.0514048784971 37.0124044790864 581.2672188580036 10.58610934019089 2.260842755436897 4.867812842130661 5.305064916610718 0.1964765936136246 0.4809100329875946 0.1698438674211502 119.7416230142117 0.5680294334888458 0 0 2.30545698851347 0 189.7860802486539 9.565953694283962
2037.9827112481 1901.041618533432 1329.243842422962 1670.199568651617 1735.091531567276 245.807807803154 1723.272084549069 249.4526897743344 1174.01064286381 1263.914993613958 1543.651075921953 101.6321915090084 1298.736857801676 1150.702913068235 25.07197409123182 4.375233575701714 1.318275056779385 1.66009159386158 0.3271765112876892 3.401321664452553 2.782356671988964 0 0.3440067768096924 0.1775482147932053 1.253269270062447 0.7301889434456825 0.3049306347966194 0.2457518130540848 0.2457593604922295 0.07518935948610306 3739.506501875818 202.6071321368217 47.11956219375134 0.6071396693587303 0.5560947805643082 1.37249256670475 19.5078171864152 2.706435471773148 1.516810059547424 2.266589477658272 3.467002525925636 1.546014957129955 6.815689399838448 2.161311909556389 0.6064317971467972 2.133635312318802 237.2674296945333 5.985851414501667 1.472063921391964 3.334078133106232 0.9970669075846672 0.3706898838281631 0 0.1628458648920059 0.8398687988519669 1.745634473860264 139.7922254428267 434.0940435156226 15.0373312830925 44.13683236390352 4.432069011032581 10.71967778354883 0.6750836819410324 260.7001935765147 3.547520026564598 6.339671462774277 1.874620907008648 2.498270288109779 6.379634499549866 2.56910414993763 13.5179835408926 0.3989252969622612 0 506.6682258695364 221.9329127520323 190.0550953373313 82.72310202568769 9.339845575392246 5.571329168975353 68.90185814350843 2.799118243157864 13.24587228894234 17.2086678519845 0.09829723834991455 6.860692217946053 2.842159725725651 3.600322477519512 0.6249301061034203 1.715607710182667 0.4925520941615105 0.9358417838811874 0.08783826231956482 1.937923535704613 1.285344041883945 0.3963161185383797 27.18135683983564 5.517949067056179 0.253091037273407 2.701128154993057 570.0650258734822 0.09716957807540894 3.743764445185661 8.440845809876919 2.289104402065277 6.603988237679005 24.07906256616116 3.511050403118134 17.32921093702316 10.29905123263597 11.42440991103649 1.669033363461494 30.79971227794886 17.95382340997458 25.37714022397995 15.02457723766565 0.1289761662483215 0.1184018850326538 0 0 0 0 0.3107121288776398 0 0 0 0 0 0.2923499345779419 0 0.08998144418001175 0 0.346073217689991 0 0 1.317264825105667 1.467284232378006 0 0.3735377788543701 0 10.25058878213167 0 4.779353968799114 1.274420708417892 0.116548202931881 0 0.333802118897438 0 0 0.1273434460163116 0.2094706520438194 0 0 0.3299243450164795 0 0 0 0.8368662223219872 0.6358894556760788 0 0 0 0.6133825853466988 0.3591725826263428 0.6948616206645966 0.6038177013397217 0.09190817922353745 3.683882497251034 0.2049058154225349 0 0.0990414172410965 0 0 0.2247137501835823 0.0837387889623642 0 0.1234783232212067 13.98268752545118 0.5442376285791397 0 0 0 7.900385342538357 0 1.37649443000555 1.01498632133007 0.5869848132133484 0.5966118201613426 0 0.08579170703887939 0 0 0 0 0.1531451195478439 0 0 0 13.90426775068045 2.549712993204594 5.255235262215137 287.7568492740393 14.48645395040512 340.5786783844233 105.5647422224283 442.195628285408 34.73884883522987 2.105616092681885 44.05759713053703 7.345279775559902 0 1.866824850440025 0.1841250956058502 42.73303934931755 1.94545841217041 0.6025096699595451 0 11.89902898669243 0.147400289773941 121.2811564281583 14.69932975620031
310.867497548461 1329.243842422962 1903.649716719985 180.4990536123514 827.6798748672009 27.44997416436672 88.82461266964674 1777.592058598995 761.855918250978 46.2404527887702 3440.472584098577 79.5078526288271 333.2499060705304 1431.580462150276 18.17333383858204 7.115799658000469 2.665421910583973 1.736319929361343 0.4801451042294502 6.740587309002876 14.36256315559149 0.2797961980104446 5.581773728132248 0.4453067258000374 7.677419498562813 3.666540637612343 0.5286361426115036 1.096253246068954 0.801878958940506 0 3771.651272013783 448.1986979842186 181.2204817906022 2.830381229519844 5.151370637118816 7.557847127318382 50.5040807723999 10.00205166637897 3.202673621475697 4.735455892980099 11.85925824940205 7.329965092241764 12.80339726060629 2.120772331953049 0.7503120750188828 1.087439388036728 78.97207009792328 0.6004485636949539 0.8852090761065483 4.531702965497971 1.032563880085945 0.1374956667423248 0.8913455232977867 0.5250631421804428 0.3902997523546219 0.5506963506340981 42.19388914108276 155.0370076522231 3.10860151052475 9.415295854210854 7.627840220928192 49.13357232511044 4.854030400514603 146.5486924052238 0.6592021957039833 1.955903619527817 0.5269887000322342 3.541122600436211 16.16045641899109 16.62258990854025 27.60969069600105 2.352503970265388 0.2459516972303391 126.3094194158912 71.26945070177317 64.01634080708027 49.53582290560007 11.32817325741053 15.35975866764784 595.0682228580117 1.257449321448803 120.7608261182904 4.051238983869553 0 1.686006374657154 0.6818743720650673 3.192015327513218 0.2259983271360397 1.040979877114296 0.415526494383812 0.7827135175466537 0 14.1726476624608 4.107457190752029 1.104777038097382 23.36949514597654 8.629119008779526 0.7456507682800293 5.361374452710152 109.8748440444469 1.30131546407938 2.229353964328766 4.116198860108852 0.1217950135469437 3.237315580248833 7.139808624982834 0.2517043277621269 7.472894199192524 2.578636981546879 2.388898178935051 1.635743223130703 11.39813502877951 9.132075764238834 10.57742127031088 8.354558058083057 0.2103948444128036 0.2603805810213089 0 0.1109826564788818 0 0 0 0.08397764712572098 0.1044900342822075 0 0.09685811400413513 0 0.1069494858384132 0 0.2271507531404495 0 0.1311630606651306 0 0 0.3471157997846603 0.5496149361133575 0 0.1019489020109177 0 10.68685945123434 0 6.030343696475029 2.283596903085709 0.9623037129640579 0 0.1059847921133041 0.1803058683872223 0.2877416014671326 0.3887773454189301 0 0 0.4237470030784607 0.3533696010708809 0 0.1551971435546875 0.4450664967298508 0.370978906750679 0.1495441496372223 0 0 0 0.5353884473443031 0.8435228615999222 0.4608632326126099 0 0 3.343273721635342 0 0 0.5771710276603699 0 0 0 0.09417667239904404 0.1276260763406754 0.3990010246634483 10.53361785411835 0.6783952638506889 0.107838362455368 0 0.1265160590410233 5.948164850473404 0.1098496243357658 1.730212263762951 0.8498803377151489 0.8431117758154869 0.8618423789739609 0 0.09141449630260468 0 0 0 0 0 0.1039652451872826 0 0.5166102573275566 6.444672748446465 3.305702961981297 7.699109345674515 157.3004460334778 4.399250812828541 119.6417343467474 62.70547425746918 64.88911075145006 9.910300366580486 0.5658636316657066 16.21343372017145 8.472600549459457 0.6595424339175224 2.980921618640423 0.3859595954418182 6.58454255759716 0.5084446892142296 0.398622989654541 0.8803058713674545 10.28782971203327 0.9867482781410217 21.76246713846922 4.825523503124714
1431.65387943387 1670.199568651617 180.4990536123514 568.6981614083052 82.3978875130415 168.6880311518908 925.7129454985261 2.673769146203995 22.14784224331379 1837.392991930246 38.3379635065794 151.2461584359407 1491.254321612418 88.21999778598547 1.159265071153641 0.204290509223938 0.8812994509935379 0.5125116929411888 0 0.519892044365406 0.2345642372965813 0 0 0 0 0 0 0 0 0.3567906618118286 421.868818603456 9.043772086501122 1.326569177210331 0 0 0 0.130291223526001 0.1127588450908661 0 0 0 0.3448976576328278 0.457806870341301 0 0 0.09110631048679352 45.49591426551342 1.371600314974785 0.1791478544473648 0.6528160572052002 0.6347165480256081 0 0 0 0.874907098710537 0.2145236432552338 69.9160026460886 174.5346694141626 4.027215220034122 6.399254843592644 0.4755942597985268 0.3818516656756401 0.1251127421855927 30.23326475173235 1.687419220805168 1.066206984221935 0.4772017076611519 0.2951175272464752 0.3051240146160126 0.2446611076593399 2.264368265867233 1.0292649269104 0 204.6489837169647 41.08085160702467 18.970623023808 4.641247414052486 0.6377585008740425 0.7770455926656723 0.770574726164341 0.5581881031394005 0.8005620539188385 10.1348228007555 0 2.133294135332108 1.003993190824986 1.061737306416035 0 1.134644344449043 0 0.2201162055134773 0 0.1524264365434647 0.7066416293382645 0.0964910164475441 9.472113326191902 2.503322586417198 0 0 675.6574295610189 0 3.027889907360077 37.88861680030823 8.311995297670364 1.524145245552063 40.16037280857563 6.692622497677803 5.50462332367897 16.74211908876896 7.80904957652092 0 9.419274874031544 11.47145333141088 10.31442791223526 1.078947484493256 0 0 0 0.4536090195178986 0 0 0 0 0 0 0 0 0 0 0 0 0 0 0 0 0 0 0 0 1.157184198498726 0.1708006411790848 0 0 0 0 0 0 0 0 0 0 0 0 0 0 0 0 0 0 0 0 0 0 0.13003209233284 0.4990559220314026 0 0 0 0 0 0 0 0 0 0 0 0.3136461451649666 0 0 0 0 0.1196022108197212 0 0.3136126101016998 0 0.1407713145017624 0 0 0 0 0 0 0 0 0 0 0 1.592458680272102 0 0.7773626446723938 32.06853659451008 4.824246346950531 80.71427670121193 20.73893354833126 569.0169333070517 7.290234975516796 0.7767346054315567 4.42819856107235 2.261454463005066 0 0 0 26.88867008686066 0 0.2300477549433708 0 0 0 191.9317058324814 7.242673113942146
39.54672361910343 1735.091531567276 827.6798748672009 82.3978875130415 1331.199900366366 6.676936134696007 1377.564487181604 152.451204739511 2769.17914634943 408.9853966012597 1413.491233214736 50.40996764600277 1158.417759150267 1651.97386995703 21.07043639570475 3.491465598344803 1.195777848362923 1.187237828969955 0.3158984556794167 0.8656421154737473 0.5199988558888435 0 0 0 0.6455883011221886 0.518577978014946 0.09486646950244904 0.1144943237304688 0 0 318.0311175808311 145.2926006913185 14.82545068114996 0.3016593009233475 0.104811929166317 0.1167037263512611 5.475828483700752 0.6273245140910149 0.1137292608618736 0.2357428222894669 0.4868275225162506 0.3742857947945595 1.158276930451393 1.332849062979221 0.4265177994966507 0.7219482064247131 156.4013403877616 1.514119207859039 0.4503853097558022 1.186816342175007 0.7845042496919632 0 0.1447485983371735 0 0.1122780442237854 0.732248567044735 23.78197188675404 79.55713613331318 7.937825471162796 32.29866397380829 1.888454027473927 3.565025240182877 0.4490845426917076 116.4797077402472 1.546261839568615 1.576186299324036 0.465540423989296 0.3468292951583862 2.658102586865425 0.3868613913655281 6.002312004566193 0 0 183.2691097408533 84.68145789206028 137.7579780891538 69.37172441929579 9.059158228337765 2.478614911437035 13.97734415531158 1.008829787373543 5.686425566673279 5.278628438711166 0.08219802379608154 1.99548452347517 1.163627348840237 0.9752185046672821 0.25213822722435 0.6517018973827362 0.08799682557582855 0.3980804681777954 0.102669395506382 0.1820777207612991 0.1880354434251785 0.1038628444075584 31.69133741408587 3.566141039133072 0 1.236833088099957 10.43687978386879 0.240344874560833 2.777655377984047 12.01524652540684 4.271286517381668 14.35283939540386 41.39492162317038 5.209543973207474 38.38736147433519 11.30704385787249 15.82549858093262 5.00849499553442 46.65596307069063 32.76498475670815 39.3205269575119 21.99392578750849 0.5459364131093025 0.09405075758695602 0 0.1089427620172501 0 0 0 0 0 0 0 0 0 0 0 0 0.112272784113884 0 0 3.305396191775799 1.118628121912479 0 0.1261518895626068 0 12.71012090146542 0.2196638062596321 5.483069434762001 0.5535153150558472 0.3144761845469475 0 0 0 0 0 0.5199381113052368 0 0.1023614332079887 0.1423040777444839 0 0.3464246690273285 0 0 0 0 0 0 0.5491382330656052 1.640745341777802 0.2250602394342422 0.09238152205944061 0.1089797466993332 5.384305395185947 0.1553227752447128 0 0 0 0 0 0 0 0 16.25977019965649 0.231896385550499 0.114428274333477 0 0 17.04300367087126 0.09343049675226212 1.86653196811676 1.718630105257034 1.245216280221939 0.4796855673193932 0.09836415201425552 0.2710462659597397 0 0 0 0 0 0 0.08895654231309891 0 22.20358910411596 1.528256133198738 3.974064566195011 274.8989501819015 7.69398707151413 207.722628891468 77.3286974132061 73.69397664070129 24.76866041868925 0.4213674291968346 44.72954707592726 6.457318991422653 0 4.858806073665619 0.8264431208372116 35.98623947799206 0.2865839898586273 0 0.8059510290622711 17.07611620426178 0.8221496641635895 41.4616848602891 10.19619861245155
50.05756795406342 245.807807803154 27.44997416436672 168.6880311518908 6.676936134696007 4.805354371666908 93.30323199927807 0.7103359699249268 3.181355401873589 340.9795634299517 3.922087162733078 60.22545187175274 127.9146103039384 23.01313240081072 0.6910730674862862 0.3199107944965363 0.2919303774833679 0 0 0.2446729987859726 0.113476075232029 0.9260409027338028 0 0 0 0 0 0 0 0 84.56094828248024 0.9495404660701752 5.979630924761295 0 0 0 5.886184491217136 0.1428775638341904 0.1699448525905609 0.2619170546531677 0.2854484170675278 0 0.2852805256843567 0 0 0 4.618867196142673 0.2703889533877373 0.1155539527535439 0 0 0.3794494718313217 1.849016755819321 0 0.1368452310562134 3.618108816444874 46.20527164638042 31.46465416252613 3.82367505133152 0.1938560903072357 0.1254530251026154 1.219820335507393 0 2.326916217803955 0.2158724665641785 0.516029417514801 0.2004163414239883 0.1051036790013313 0 0.2737196609377861 92.66208969056606 268.048866763711 8.258400246500969 33.62708333879709 5.3657216578722 2.436036355793476 0.9584964215755463 0 0 1.319014020264149 0.382570818066597 1.356116265058517 2.52956698089838 6.006905376911163 0.09560954570770264 2.494088649749756 0 6.675296351313591 3.200542941689491 4.391550645232201 0.4371945559978485 0.1512417793273926 0 0 0 374.9800720661879 379.3892704099417 21.25029104948044 27.97589346766472 240.3674270063639 0 0.4083792567253113 1.711382538080215 1.127384632825851 0.3198206126689911 2.653171233832836 0.583750307559967 2.870398998260498 2.152874305844307 1.410827226936817 0.5055358856916428 4.536857269704342 3.02237544208765 1.73215152323246 0.9329224154353142 0 0 0 0 0 0 0 0 0 0 0 0 0 0 0 0 0 0 0 0.1483950763940811 0 0 0 0 1.065982818603516 0 0.5091861188411713 0 0 0 0 0 0 0 0.1302136182785034 0 0 0 0 0 0 0 0 0 0 0 0 0.1379058659076691 0 0 0 0 0 0 0 0 0 0 0 0 0 0.0988059788942337 0.1178492456674576 0 0 0 0.1068853512406349 0.3518826067447662 0 0 0 0 0 0 0 0 0.4415837228298187 0 0 0 0 0 0.4727183356881142 0.2242584228515625 0.1741063296794891 30.94851434975863 2.474611096084118 19.19111075252295 3.325800955295563 73.23149915784597 1.466774366796017 0.5195356756448746 0.1043048202991486 0.0995345413684845 0 0.2959950268268585 0 11.06773392856121 0 0 0 0.5157132148742676 0 58.26931534707546 1.897155828773975
492.9834969118237 1723.272084549069 88.82461266964674 925.7129454985261 1377.564487181604 93.30323199927807 548.9702554345131 9.003466509282589 747.1752458363771 2037.288444928825 70.10303186625242 186.3972558677197 2257.145471520722 810.7110624238849 12.71304472535849 3.008449956774712 0.4660417661070824 1.13387355953455 0.1038419157266617 1.122063726186752 1.091395616531372 0 0 0 0.3106552362442017 0 0 0.1319709867238998 0 0 349.8729442209005 55.21235030889511 9.123226627707481 0.4157949611544609 0.1006873324513435 0.3654302209615707 3.220767498016357 1.197835549712181 0.6968043372035027 0.6075050309300423 0.6743061020970345 0.3627444803714752 2.635158017277718 0.684203676879406 0.1016202941536903 1.31368088722229 149.7633999437094 3.764007806777954 0.424772322177887 1.137450233101845 1.055409923195839 0 0 0 0.4476406797766685 1.074630789458752 54.40806474536657 163.6773563995957 8.774943873286247 24.51946999132633 1.781098216772079 1.711322017014027 0.4490740671753883 106.0961112082005 1.604312859475613 2.33687973767519 0.7409844994544983 1.473651669919491 2.313299402594566 0.5677473172545433 7.185416057705879 0 0 263.7332204729319 101.6999611184001 113.6873492971063 42.21101741492748 6.425824977457523 1.429232999682426 6.269544646143913 1.334806248545647 4.12994946539402 7.42989132553339 0.1902315318584442 2.833264514803886 2.059688530862331 2.113321147859097 0 0.7136588022112846 0.2325556576251984 0.4181932955980301 0 0.3159490823745728 0.3260990008711815 0.1095894277095795 43.30525191128254 1.764396339654922 0 0.753427766263485 56.73801624029875 1.527509763836861 6.05940467864275 33.924988925457 17.11568279564381 14.50854322314262 80.45036090910435 12.55103749781847 58.60223531723022 40.28492494672537 38.87295359373093 8.063857406377792 113.7377437055111 64.66586061567068 87.31610692292452 27.48147987574339 0.3598405942320824 0.1901194229722023 0 0.1885869055986404 0 0 0 0 0 0 0 0 0.09741371870040894 0 0.1121002063155174 0 0 0 0 3.713443353772163 0.8986004069447517 0.2050408571958542 0.1037201285362244 0.1379961371421814 18.09257790446281 0 6.657949186861515 0 0.7813630551099777 0 0 0 0 0 0.1843404993414879 0 0.4577174782752991 1.460439682006836 0 0 0 0 0 0 0 0 0.8467464298009872 2.463444955646992 1.018918961286545 0.1159075945615768 0 8.233735427260399 0.4333286285400391 0 0 0 0 0 0 0 0 29.20227087289095 0.3209474980831146 0 0 0 22.26516624540091 0.209369421005249 2.442015051841736 2.869920402765274 1.131344087421894 1.042292594909668 0.1975470781326294 0.08207403868436813 0 0 0 0 0 0 0 0 41.43802488595247 2.817953892052174 4.842726312577724 226.0704746991396 9.85480659455061 205.1358001381159 77.32486777752638 154.0485782027245 23.52037499845028 1.039700984954834 32.01700584590435 8.96678376942873 0.1236542612314224 3.396461598575115 0.2690059691667557 64.44318891316652 0.7622729390859604 0 0 10.34496802091599 0.4369630068540573 122.6910255327821 28.14630943536758
43.11969394236803 249.4526897743344 1777.592058598995 2.673769146203995 152.451204739511 0.7103359699249268 9.003466509282589 1293.36668471992 146.5915776714683 4.252147905528545 3177.888334237039 27.18887216597795 109.3369449749589 676.0482158139348 18.47872024029493 8.052169017493725 2.737947165966034 10.85974108427763 1.612894035875797 48.43405734747648 56.984519995749 0 11.05048568546772 0.7393261045217514 13.34490504860878 5.663476124405861 1.273068055510521 0.7819271460175514 1.026628285646439 0.3609847128391266 1017.731520742178 2419.8949091658 249.3273742422462 11.82513720542192 13.75957652181387 17.18405448645353 45.68326764553785 13.67367836087942 7.127376139163971 5.634119644761086 16.2376404106617 10.66514226794243 70.77573006600142 6.595136597752571 3.889875024557114 3.45713721960783 78.71359074115753 1.433066487312317 1.531066663563251 16.73900611698627 2.218635030090809 0 0.9343055561184883 0.3200475051999092 0 0.2618385329842567 23.01629640907049 118.6261508911848 2.257998339831829 9.038148880004883 119.197970084846 136.5474045202136 20.82338525354862 999.9598673060536 1.112236224114895 5.582496181130409 0.674426332116127 6.785358600318432 49.75231286138296 31.07825783640146 22.26302321255207 1.59955757856369 0.2390053942799568 91.6209364309907 106.2942612841725 68.74273981899023 185.3060814216733 31.09721482545137 1778.233339890838 2275.666034646332 44.42722660303116 1452.940996743739 2.037254966795444 0 2.925636775791645 0.1654681861400604 7.242523901164532 0 0.3501882255077362 0.3579506129026413 0.4393655955791473 0.5637574568390846 19.11064957082272 4.802574500441551 2.178181380033493 12.19088115543127 3.351778708398342 0.7767695039510727 7.04127874225378 16.58954258263111 0.2025972381234169 0 0.5489771664142609 0.1338235437870026 0 1.152003027498722 0.1606904417276382 1.482758119702339 0.6987223699688911 1.922119691967964 0.0902024507522583 4.100011900067329 2.808326736092567 4.779247224330902 5.708932861685753 0 0.1007953807711601 0.08893121033906937 0 0 0 0 0.09975133836269379 0.1167447865009308 0 0.4166969209909439 0.6872193664312363 0.4284192025661469 0.1732795983552933 0.110673226416111 0.09679876267910004 0.2020098567008972 0 0 0.7491176724433899 0.1019387915730476 0.1286125183105469 0.2086384072899818 0 7.122466422617435 0.5137123167514801 4.87341246753931 1.308141887187958 1.019872739911079 0.3567028120160103 0.1111480519175529 0 0 0.1736583262681961 0.08628063648939133 0.3981232941150665 0.1455136090517044 1.628361962735653 0 0 0.2169729918241501 0.09007984399795532 0.2799892798066139 0 0 0 1.483742713928223 0.4927914291620255 0.3148863017559052 0.8548506200313568 0.1045419350266457 4.088153868913651 0 0 0 0 0 0 0.1566245406866074 0 0 6.240282267332077 0.3184022307395935 0 0.5620583519339561 0.1015720441937447 3.394998669624329 0 2.236175164580345 1.022563204169273 0.3170021399855614 0.9618128538131714 0 0 0 0 0 0 0 0.1168138980865479 0.3348046392202377 0 2.733236640691757 2.90369489043951 7.170149676501751 123.9079309627414 4.818093545734882 104.4298214688897 55.20122276991606 29.73077913373709 9.94821572303772 0.1404108554124832 14.78721714019775 5.207277297973633 0.2934799641370773 3.56705978512764 0.3131321966648102 2.777721621096134 0.7036958634853363 0 0 7.871262744069099 0.6323830485343933 12.96563202142715 1.777869589626789
4.562787733972073 1174.01064286381 761.855918250978 22.14784224331379 2769.17914634943 3.181355401873589 747.1752458363771 146.5915776714683 1135.891413785517 160.4810708239675 1037.383673377335 33.47176583111286 1002.940957441926 1635.472032263875 7.599336713552475 2.58408211171627 0.5119653567671776 0.5151517614722252 0 0 0.3204974010586739 0 0 0 0.1049708425998688 0.2436904013156891 0.1546472609043121 0 0 0 65.7032773271203 59.74309460818768 9.091680467128754 0.09853638708591461 0 0.231971375644207 4.19736985117197 1.107664927840233 0.1563776135444641 0.09262512624263763 0.5504797995090485 0.2231530472636223 0.4398917630314827 0.3267413675785065 0.6133042424917221 0 66.21446635574102 0.1127871349453926 0.3059042692184448 0.6615970730781555 0.1154365167021751 0 0 0 0.1333159208297729 0.08330321311950684 5.897842280566692 16.34898722171783 1.644773364067078 9.96503683924675 0.3609388768672943 1.07024197280407 0.123833455145359 28.77858702838421 0 0.3711561858654022 0 0 0.3718558773398399 0 2.623710960149765 0.3049100488424301 0.09528541564941406 48.82942386716604 23.13595327734947 45.43279235810041 25.61510116606951 5.236477598547935 0.2759165987372398 27.69456221163273 0.2580696567893028 1.069941014051437 0.606846421957016 0 0.2730198204517365 0 0.3260862231254578 0 0 0 0 0 0.2197869271039963 0.2894522398710251 0 17.64254885166883 1.692586153745651 0.1698848456144333 0 1.983606114983559 0.4887206703424454 1.049789994955063 7.884418986737728 1.608850389719009 8.055163607001305 27.37380554527044 3.166109718382359 21.32782678306103 7.711889646947384 13.77114388346672 4.15006535500288 35.0062418654561 24.06885166466236 30.51859236508608 14.85875584930182 0.5028283968567848 0 0 0.09875858575105667 0 0 0 0.3808050006628036 0 0 0.154301717877388 0 0 0 0 0.1051480174064636 0.09533250331878662 0 0 1.463861599564552 0 0.2677940130233765 0.09356584399938583 0.4988841414451599 8.427508987486362 0 2.45237497985363 0.3769289255142212 0.2517548650503159 0 0 0 0 0 0.1028462797403336 0 0 0.1677013635635376 0 0 0.1073720529675484 0 0 0 0 0 0.7237378805875778 0.319374293088913 0.3203541338443756 0 0 2.898673571646214 0.1434989869594574 0 0 0 0 0 0 0 0 13.46617132425308 0 0 0 0 12.52780644595623 0 1.017141960561275 1.189202807843685 0.1511567831039429 0 0.1762999594211578 0.1332126259803772 0.5165743827819824 0 0 0.1338596493005753 0 0 0 0 18.63762211054564 1.583557225763798 0.9075582772493362 152.7381590753794 4.445193208754063 72.40014939755201 40.52208102494478 28.87062866985798 12.24662472307682 0.1224381476640701 18.73799138516188 4.149795413017273 0.7885933369398117 3.430698394775391 0.3465037643909454 22.75841142237186 0.1122283563017845 0 0 9.597742170095444 1.105797052383423 27.26952151954174 8.627331428229809
462.8378022685647 1263.914993613958 46.2404527887702 1837.392991930246 408.9853966012597 340.9795634299517 2037.288444928825 4.252147905528545 160.4810708239675 1442.229116857052 29.83703045547009 445.7564858347178 5411.733549356461 492.0893127471209 4.028462208807468 0.7442965805530548 0.245696097612381 0.4750757589936256 0.6310210376977921 0.3855671361088753 0.4986750930547714 0 0 0 0.09982352703809738 0 0.09566409885883331 0 0 0 129.8305156156421 8.155493654310703 10.16473483294249 0 0.1161569133400917 0 5.167185015976429 0 0.1980398744344711 0.1419858187437057 0.2458688765764236 0.3616483137011528 0.9365166649222374 0 0.1187271252274513 0.1177928820252419 52.17933002859354 2.188446760177612 0 0.3013233914971352 0.3400582745671272 0 0 0 0.1128000169992447 0.6408917978405952 33.14280540496111 78.82510038465261 4.251369148492813 8.740072421729565 0.4621192067861557 0.3877481073141098 0.2334144338965416 35.47853556275368 1.249131254851818 1.116092942655087 0.7833350971341133 0.1912796199321747 0.4876321330666542 0.116172656416893 15.45681782066822 1.545044362545013 0 110.8571057990193 30.35523203760386 27.95242872834206 12.9354722648859 1.261681862175465 0.6240448355674744 3.25118213146925 0.9712536409497261 1.563127994537354 3.856833688914776 0.2744134068489075 0.5271129161119461 0.7442052736878395 0.4482385739684105 0.1850435137748718 0.1036719456315041 0 0.2114832848310471 0 0.1071997433900833 0 0 134.9094895347953 36.43704275786877 0.2029374688863754 3.397166326642036 314.1773055568337 1.173326425254345 26.55179523676634 65.1800129711628 30.31138445436954 33.86011306196451 168.9227761402726 37.77160420268774 136.2374877855182 86.80353278666735 130.7068534716964 5.772059425711632 200.705203935504 137.1325815171003 144.7754888609052 37.95847269147635 0.1482377648353577 0 0 0 0 0 0 0.1015187948942184 0 0 0 0 0 0 0 0 0 0 0 8.275048159062862 2.29454755038023 0 0 0 16.60827765613794 0 8.020859725773335 0.5213893875479698 0.09556277841329575 0 0 0 0 0.09660160541534424 0 0 0.3958697095513344 1.129670657217503 0.07765980064868927 0 0.2462228015065193 0 0 0 0 0 0.7719217836856842 1.651272714138031 4.772635325789452 0 0 5.798325568437576 0 0.459429457783699 0 0 0 0 0 0 0.08260723203420639 33.20650435239077 1.579110622406006 0.2453703135251999 0.323913611471653 0.09182651340961456 23.72839558124542 0.08881673961877823 2.44194770604372 0.8784134089946747 3.584277629852295 0.889823243021965 0 0.1912541761994362 0 0 0 0 0 0 0.08085968345403671 0 80.77034847438335 4.025656022131443 3.517748326063156 116.6604229733348 2.144596442580223 84.41319091618061 32.36054538190365 487.5954361706972 9.051572866737843 0.2683593779802322 11.03456749022007 12.07036998122931 0 3.023227609694004 0.4141102880239487 304.710692204535 0 0 0.4006665796041489 4.449471339583397 0.2664909660816193 537.415963768959 119.0068709626794
64.20084366947412 1543.651075921953 3440.472584098577 38.3379635065794 1413.491233214736 3.922087162733078 70.10303186625242 3177.888334237039 1037.383673377335 29.83703045547009 2541.419654399157 111.8441637903452 913.991287983954 3038.168072231114 18.22864326089621 8.594382204115391 2.574491865932941 1.189877212047577 0.9478604942560196 1.941981747746468 4.696222297847271 0.4854511693120003 0.8615391254425049 0.3163537383079529 8.653288088738918 4.597995899617672 0.3165232241153717 1.7959825694561 1.121265918016434 0.4815275743603706 641.9534036144614 648.0865017548203 268.0390413925052 0.7964737936854362 1.527879118919373 8.638212293386459 83.84996452182531 11.33188448101282 4.810355052351952 5.604181081056595 8.835710912942886 6.293038256466389 2.684750482439995 2.11415857821703 0.4577533900737762 0.7097152397036552 105.3195705786347 1.374564439058304 1.170940726995468 2.202525414526463 0.5501100122928619 0.7514573261141777 0.4924857765436172 0.4753069579601288 0 0.5474135726690292 17.67673449963331 46.80515748262405 3.012077376246452 13.71617476642132 3.933449260890484 51.44758604466915 2.177209436893463 74.42485493421555 0.7265936508774757 0.691593661904335 0.4587541669607162 1.412593148648739 7.090678028762341 8.071413986384869 39.61479470133781 2.71432026475668 0 83.72991420328617 53.95064127445221 86.29705101251602 62.86762940138578 13.35678269714117 133.8577678278089 810.1074856743217 2.372702591121197 45.35321532934904 1.930613912642002 0.1315988898277283 0.792588010430336 0.2989423871040344 1.359699785709381 0 0.7349834740161896 0.2694719582796097 0.5432163849473 0.1543059498071671 7.640882901847363 2.341410659253597 0.8407189548015594 39.23469614237547 7.564750768244267 0.4190732464194298 6.230572663247585 14.56264940649271 0.4513146728277206 0.2454975619912148 3.17650306224823 1.008830070495605 4.070193879306316 8.82678396999836 0.2293536886572838 9.25868771225214 3.022355601191521 4.400770165026188 0.9171610847115517 9.48449969291687 10.98259571939707 14.57121286541224 12.22925648093224 0.08992449939250946 0.3354645520448685 0 0 0 0 0 0 0 0 0.0930890366435051 0 0.1032727360725403 0.12001683562994 0.4783887341618538 0 0 0.1139130741357803 0 0.2903470098972321 0.6515823975205421 0.07915333658456802 0.1327221244573593 0 9.702249392867088 0.2531917914748192 6.130606204271317 1.187108218669891 1.130041539669037 0.3631530180573463 0 0 0 0.519300788640976 0.6365297883749008 0 0.2573685348033905 0.4058556333184242 0 0 0 0.3400036320090294 0.113394558429718 0 0 0 0.7445396482944489 1.852080427110195 0 0.7164087519049644 0 6.08644400537014 0 0 0 0 0 0 0 0 0 13.751051209867 0.2378022968769073 0 0 0 6.122591428458691 0 2.715400964021683 1.246796756982803 1.144632689654827 0.6273505762219429 0 0.2127236425876617 0 0 0 0 0 0 0.124604269862175 0 12.30485747009516 3.869378671050072 7.057122997939587 218.0229265391827 7.967007592320442 123.1557486057281 76.6200088635087 39.42797503620386 15.6907102689147 0.2657040730118752 25.44141431897879 6.287293806672096 0.1742725670337677 3.803113214671612 1.182824328541756 6.952637270092964 0.1277763694524765 0 0.2521646320819855 11.90981819480658 2.72772740572691 15.95981089770794 6.631485618650913
11.69737087190151 101.6321915090084 79.5078526288271 151.2461584359407 50.40996764600277 60.22545187175274 186.3972558677197 27.18887216597795 33.47176583111286 445.7564858347178 111.8441637903452 54.81723567098379 1501.496572040021 297.3477013632655 14.12740660458803 6.775950483977795 2.253578022122383 0.775133490562439 0.3247991651296616 0.7881152927875519 0.8947741612792015 0 0.1272158026695251 0.2293959483504295 3.059593439102173 2.491355873644352 0.5995637252926826 1.417640864849091 1.625524207949638 0.1903508454561234 29.8556447327137 8.915768288075924 152.838875092566 0.4017243683338165 0.6870512217283249 2.866389311850071 329.0003025531769 4.54114343225956 2.479436106979847 3.260818369686604 5.266613826155663 4.966093845665455 1.442200675606728 1.18523108959198 0.3341022580862045 0.5991326048970222 58.60800723731518 0 0.2814756706357002 1.682986207306385 0.5449550375342369 0 3.201219201087952 0.138259619474411 0 0.08743742108345032 4.309888407588005 17.41036336123943 0.6452640220522881 5.829087160527706 3.432172656059265 16.62728812545538 0.9576177000999451 11.68740677833557 0.128937691450119 0.4292679354548454 0.09547089785337448 0.7614312246441841 3.216861613094807 4.959865987300873 161.0182744190097 12.4495068192482 0.142783060669899 28.17009892314672 19.64551990479231 30.95664295554161 26.14345612376928 5.980935797095299 0.3227950185537338 15.72885335981846 1.27864358574152 7.366935722529888 0.4707141518592834 0 0.3068629503250122 0.08023212850093842 0.5645694956183434 0 1.748236119747162 0.1647729724645615 0.710681639611721 0.9120754897594452 3.783551841974258 1.750336304306984 1.495509125292301 658.7988053411245 157.2977618798614 4.377423018217087 8.267931737005711 9.935441307723522 2.744619965553284 3.51740587502718 16.14655673503876 6.253560550510883 26.2192881628871 76.36911346018314 8.058357551693916 65.27095218002796 34.06363075971603 55.95845730602741 10.39770451933146 120.6579650491476 97.37466008216143 139.8581791892648 68.88395771384239 1.317478127777576 0.4307771995663643 0.2263950407505035 0.351566344499588 0 0 0.1265376955270767 0.1245755851268768 0 0 0.09646593779325485 0 0.204332135617733 0 0.2312935590744019 0.09486676752567291 0.1073853448033333 0.2564567252993584 0.4671378806233406 6.461885705590248 1.983407080173492 0 0.104264460504055 0 55.44851154088974 0.1555945575237274 22.5341956987977 2.758030816912651 1.328879818320274 0.08862365782260895 0 0 0.08024521172046661 0.497356578707695 0.1990074440836906 0 1.117539264261723 4.478473611176014 0.1439761072397232 0.1674797385931015 0.2606976255774498 0.38986486941576 0.100252203643322 0 0.4298438131809235 0.2051301300525665 1.893622882664204 1.976842530071735 1.250593826174736 0.5844233930110931 0.5915782377123833 26.43044075369835 1.188187375664711 0.3724799454212189 0.1009683534502983 0 0.2392216324806213 0 0 0.1393887847661972 0 84.35471065342426 2.539145119488239 0.4020478874444962 0.3220831006765366 0.4186507984995842 36.59030123054981 0.1081956475973129 8.000484742224216 3.039175391197205 4.414810061454773 1.697747848927975 0.09166654199361801 0.1879120990633965 0.09161876142024994 0 0 0.1298242062330246 0 0 0.263057142496109 0.1223331317305565 113.8320280909538 17.1648583188653 20.08096220344305 227.9550662487745 5.09773863106966 85.21665742248297 60.813889503479 50.29869159311056 10.68003835529089 2.001440063118935 13.40834785997868 16.64202352613211 0.4586256071925163 12.42632566392422 2.201214745640755 45.29788479208946 1.430141665041447 0.2857499718666077 0.8900840729475021 10.67869102954865 1.799396649003029 145.8892351463437 71.87308869510889
74.50685641169548 1298.736857801676 333.2499060705304 1491.254321612418 1158.417759150267 127.9146103039384 2257.145471520722 109.3369449749589 1002.940957441926 5411.733549356461 913.991287983954 1501.496572040021 2364.255139485002 1974.294095546007 45.91749040782452 18.88299672305584 5.675131425261497 1.617940954864025 1.19130115956068 1.362788312137127 5.044224686920643 0.2742326036095619 2.247691303491592 0.4842209294438362 10.80708526819944 4.339755594730377 0.9654914066195488 2.361129082739353 3.715755090117455 0.4168391525745392 118.4010549858212 59.91148145496845 748.9107489660382 1.685126103460789 2.676258027553558 8.905298613011837 854.8504508733749 24.22239952534437 6.751080267131329 7.910929173231125 9.298712484538555 9.958484716713428 5.36991598457098 4.649149812757969 0.2657762244343758 0.4937809631228447 163.5115433707833 1.117935717105865 0.7018056884407997 3.800458192825317 0.6595219448208809 0.391822949051857 3.661765649914742 0.7878914102911949 0.2023091167211533 0.4472390487790108 16.10318149626255 53.78987714648247 4.171141065657139 18.66572295129299 7.666800864040852 155.9177746027708 2.926341898739338 53.01091976463795 0.3970943093299866 1.548340350389481 0.2496692016720772 2.389233514666557 5.525253847241402 11.64212603121996 446.6126488894224 12.28197901695967 0.6808260455727577 98.48090769350529 62.81877207010984 114.870184533298 91.65349188446999 18.1445831656456 2.466396026313305 82.08046977967024 1.923974014818668 17.54882112890482 2.250947818160057 0.139103502035141 1.999731227755547 0.6218635141849518 2.384073317050934 0.1301555782556534 1.40173864364624 0.5344617366790771 0.9013038352131844 1.255622327327728 11.00819221138954 3.108982212841511 1.931995339691639 1069.369795203209 108.5949483066797 2.333707302808762 26.74975599348545 29.5822190195322 5.65651673823595 14.8691298738122 63.58810067921877 20.58566846698523 51.39095599204302 221.6390385851264 27.80732003599405 195.1608562022448 90.23387367278337 131.7712127268314 31.66410039365292 298.0207015872002 223.7068008184433 300.4606321081519 132.9860682040453 1.744716644287109 0.4506124034523964 0.2073002830147743 0.2035350203514099 0 0.234057255089283 0 0.1358136683702469 0 0 0.8884203284978867 0 0.8079227134585381 0.2128529995679855 0.7412346825003624 0 0.3733735978603363 0.09878185391426086 0.1419269591569901 14.29200178384781 2.441407948732376 0.0822196900844574 0.4146064892411232 0.2092847377061844 89.42285133898258 0.4904823005199432 44.55388479679823 3.621893726289272 2.975563488900661 0.0828743502497673 0.09824081510305405 0.1079139113426208 0.09583451598882675 0.8891791254281998 1.167216435074806 0 1.714423440396786 7.932593710720539 0.4109620749950409 2.362847745418549 0.8279095962643623 0.9298404380679131 0.4727965965867043 0.1308586448431015 0 0 4.521931998431683 6.325628347694874 3.202460400760174 2.094285488128662 0.5123383030295372 50.76075591146946 2.716945849359035 1.227488815784454 0 0 0 0.4126017689704895 0 0.1422231644392014 0.4068252891302109 147.2845785692334 5.398379378020763 0.5089026764035225 0.136724129319191 0.1324310004711151 83.54430743306875 0.6950982436537743 19.22949968278408 6.23705055564642 9.94852676987648 3.912289313971996 0.6309024319052696 0.8252071067690849 0 0 0.1446796953678131 0 0.0996873676776886 0 0.1023306399583817 0.1479631811380386 208.5640621036291 32.79870226979256 37.88590786606073 604.1633092463017 13.07700741291046 257.1738242134452 193.7638943865895 121.1516662463546 30.04942714422941 0.2827898263931274 47.3183181732893 40.57273150980473 0.7600147575139999 18.83208624273539 6.496893920004368 190.2604708448052 4.833817631006241 0.4232921898365021 1.694958470761776 27.05035153031349 5.228536337614059 352.0316034853458 141.7818165123463
