667.8475258424878 2659.28847104311 188.6388374119997 1798.254539631307 87.51228771358728 244.2473866641521 1034.715589508414 10.53731895238161 22.67633256316185 1759.398887351155 54.66783761233091 443.1313248202205 1431.649504743516 45.03632367402315 0.6257555037736893 1.068380393087864 0.2688075453042984 0.2701200246810913 0.1222788691520691 0.5611007288098335 1.711438000202179 0 1.361589379608631 0.1034659072756767 0.3413599133491516 0.1292744725942612 0.6080360114574432 0 0 0 1834.816957205534 3.106778055429459 4.750642895698547 1.472752682864666 0.6000007390975952 0.1194241717457771 5.73341017216444 0.8798291683197021 2.102831564843655 0.2924342453479767 0.5277339667081833 0.113880567252636 0.7355537265539169 0.5418327674269676 0.1346734613180161 1.49968083947897 41.16266316175461 5.07466034591198 0 0.9706700071692467 1.352855309844017 0.3899312987923622 0.237850233912468 0.1033800467848778 16.16078215092421 16.47136695683002 104.7534203380346 745.8886933103204 16.59805578738451 15.46052518486977 0 0.6074573844671249 0.5586686357855797 15.91046145558357 29.23689484596252 20.25607618689537 7.019198454916477 2.146251611411572 4.1830103546381 3.527869060635567 21.0492214858532 0.4701941758394241 0.1150847226381302 271.7402902618051 63.78171885758638 30.6888597086072 7.147443197667599 1.837585099041462 0.3087433278560638 9.03483197838068 0.6015374287962914 8.32415397465229 24.8681755438447 1.079994164407253 20.61518160998821 14.02364585548639 1.886723145842552 3.636112608015537 6.541781857609749 1.491367094218731 0.9765974581241608 0 6.692672774195671 1.404692217707634 0.3559236377477646 67.51411681622267 2.179463461041451 0 1.835779011249542 1624.451060533524 0 1.060873955488205 3.823928445577621 1.563416123390198 2.143048375844955 5.483585149049759 0.4513523727655411 5.726348161697388 12.96885754168034 5.441895008087158 5.556453764438629 12.34479029476643 15.02683591842651 4.091065540909767 9.147024169564247 0 0.1287064850330353 0 0 0 0 0 0 0 0 0 0 0 0 0 0 0 0 0 0 0.4847320914268494 0 0 0 0.8327969014644623 0 0.4441012367606163 0 0 0 0 0 0 0 0 0 0 0 0 0 0 0 0 0.5973166152834892 0.1167171001434326 0.4622725918889046 0 0 0 0.07822199165821075 0 1.315841972827911 0 0 0.3091860562562943 2.058933839201927 0.620062492787838 0.230764776468277 0.2815317213535309 0 0 1.152260303497314 0 0 0.0881914496421814 0 4.655517727136612 0 0 0 0 0 0.1504713743925095 0 0.4240367263555527 1.077585779130459 1.359952859580517 0.1088947355747223 1.770521201193333 0 0.1372585743665695 0.1610286235809326 2.848600402474403 0.1197123825550079 0.1728672608733177 80.79814057052135 19.14120385050774 267.9150007143617 30.85585560649633 1001.979514852166 23.63613621145487 2.016934186220169 4.301251962780952 0.474687471985817 0.8455674573779106 0.4807932674884796 0.1900148391723633 8.870185643434525 0 0.2434638813138008 2.534971952438354 0.8218904435634613 0 337.8315119445324 39.9461210295558
2659.28847104311 4797.110873475671 2244.687810912728 1798.137055508792 2693.871369808912 237.951929628849 6036.696324795485 351.8760990425944 1652.234870351851 2177.480601541698 1767.479585170746 222.3975255861878 2341.532368227839 1562.771613523364 15.51166949421167 14.27577459067106 0.9917022436857224 1.076921626925468 1.116442754864693 1.68362895399332 17.37121275812387 0 9.433610409498215 3.190964713692665 3.697406895458698 0.2393338829278946 4.522738009691238 0.6021216660737991 1.007538057863712 0.4066797271370888 3026.901735857129 66.02334515750408 45.33352678269148 12.6524536088109 5.324316620826721 2.051424793899059 30.44464460760355 5.276037566363811 3.595817722380161 4.153471134603024 4.612153969705105 4.4045779556036 4.079856932163239 4.412937112152576 1.519901379942894 4.112014815211296 213.9674460664392 18.62369399517775 1.328409068286419 3.886108495295048 6.139029905200005 0.942235916852951 0.4403492137789726 0.3019962310791016 32.25415734946728 25.90983504801989 111.0876287147403 916.1921501979232 37.96389373391867 84.13787743449211 1.66538842767477 8.596556626260281 4.75284656137228 175.2946945279837 76.78388752043247 58.92946174740791 24.79914157837629 8.065729901194572 16.28885078430176 25.74873679131269 28.33514591306448 1.029833488166332 0.1241632178425789 648.5883933529258 398.471744261682 321.8451508283615 95.93524941802025 46.90951066464186 2.887695841491222 55.94443167746067 5.024778544902802 22.48567947000265 56.09223852306604 2.162734389305115 59.54424822330475 37.08252894878387 7.946706779301167 11.44820247590542 15.13115710765123 3.547162622213364 3.614252611994743 2.142412707209587 58.00309935212135 7.83010471612215 1.411981992423534 86.68241892755032 2.22186554223299 0.6179693266749382 2.476124383509159 1223.628574237227 0.1712204366922379 1.66008073091507 16.95789502561092 2.151607185602188 1.913558334112167 31.13427126407623 3.823669537901878 25.6036325097084 31.43523408472538 22.92088241130114 55.95767743140459 51.3308604285121 59.88391126692295 36.28676624596119 84.52650463581085 0.7217087149620056 0.6888842135667801 0 0 0 0 0 0.2322086691856384 0 0 0 0 0 0 0 0 0 0 0 2.843713581562042 5.801527068018913 0 0 0 6.488325595855713 0.1308216154575348 18.08585008978844 2.246409744024277 0.08251200616359711 0 0 0 0.1091803312301636 0.2715622782707214 0 0 0.1387842148542404 0.9431028291583061 0 0 0.5101698637008667 0.1949129924178123 0 0.9993549510836601 0.678152859210968 3.466689303517342 0.3773495256900787 0.5877186059951782 0 0.3032147586345673 0 13.28897357732058 2.32430212199688 0.1186518892645836 2.201496049761772 4.001565307378769 2.452150478959084 0 1.418218076229095 0 0.1481730043888092 18.70658710598946 1.180246144533157 0 0.9834829643368721 0.52004674077034 9.928994163870811 0 0 0 0.1256885081529617 1.651543296873569 0.27950569242239 1.344916202127934 0.9758665338158607 1.697623804211617 2.537186779081821 0 3.856291182339191 0.3441361039876938 0.1366594731807709 0 30.27077762782574 2.339742608368397 7.061484470963478 638.3389927297831 70.35003665834665 1184.276567526162 167.0147434994578 976.1843720972538 124.0436035320163 4.642891697585583 38.70740112662315 9.353668175637722 1.25311516970396 4.009467586874962 5.716168992221355 1.657210908830166 1.144018605351448 0.1277545988559723 0.1918170601129532 6.490537896752357 2.984186381101608 408.9837405383587 77.28456800431013
188.6388374119997 2244.687810912728 2787.873948469758 7.072807416319847 971.0153065621853 11.34144811332226 68.41940433532 2210.081530809402 778.6356311291456 13.88339941203594 3650.808532871306 37.0080155134201 488.9410830587149 1543.138084955513 4.960010185837746 7.271411158144474 0.4621429443359375 1.004045993089676 0 5.994945235550404 58.99028191715479 0.1178964227437973 28.44985835254192 6.4700623229146 10.37503110617399 1.560949765145779 9.958528406918049 0.4467071890830994 0 0.7996945530176163 4810.94058971107 845.3423465564847 53.20233301073313 36.00131437927485 20.11060532182455 6.067660979926586 28.36490536481142 12.37480571866035 2.33740970492363 4.685120858252048 10.41051714122295 6.600355990231037 9.529987551271915 4.130628183484077 2.653292112052441 17.8311001136899 60.68352410197258 3.689398072659969 0.823887936770916 7.255069278180599 9.505024097859859 0.2216937765479088 0.244195319712162 0.2405604273080826 6.959928393363953 6.504828430712223 35.32112199813128 582.9430600851774 11.42052383720875 20.68311163783073 9.322252631187439 19.13940767198801 19.18820790946484 137.8114386424422 14.94785735011101 18.86797258257866 5.573537014424801 12.13917551934719 69.24230162799358 81.84114372730255 8.502104222774506 0.3864710852503777 0.1086962446570396 169.7463795468211 174.6063130423427 108.4937257841229 55.36650487035513 36.49429484456778 11.46371638029814 277.3893273100257 5.480139814317226 159.3118693605065 12.7088229060173 0.1105936169624329 12.9375377446413 8.088038943707943 3.169698566198349 1.550630614161491 2.853143848478794 1.310737155377865 1.263981886208057 0.2133757621049881 141.2171778455377 14.54777394235134 4.149399019777775 11.77772026509047 2.069507926702499 0.1096858307719231 2.413673758506775 79.24123748391867 0 0 1.616910457611084 0.4286618828773499 0.6816500425338745 0.1402386426925659 0.3590796589851379 0 1.776415511965752 1.219461277127266 3.428244069218636 1.537649661302567 2.212813317775726 1.707939982414246 4.528381235897541 0 0 0 0 0 0 0 0 0 0 0 0 0 0 0 0 0 0 0 0 0 0 0 0 0.5956147015094757 0.1112144961953163 1.051035076379776 0.1393449455499649 0.1781166642904282 0.1881185919046402 0.1160097271203995 0.08666856586933136 0 0.1444349735975266 0 0 0 0.09352441877126694 0 0.1079704239964485 0 0 0 0.3650915548205376 0.1800338327884674 0.4162592068314552 0 0 0 0.1054339855909348 0 1.353207297623158 0 0 0.2964544743299484 0.5198741108179092 0.2947821542620659 0 0.493522934615612 0.1258531361818314 0.5954521745443344 0.6387481242418289 0 0.1223333030939102 0.2905316948890686 0.9672469794750214 0.8429307490587234 0.1034740582108498 0 0 0.1530160307884216 0.09227722138166428 0.1471837311983109 0.1170448511838913 0 0.4905931651592255 0.6742766350507736 0 1.643328122794628 0.1278424113988876 0.3941935449838638 0.2926075160503387 1.251472994685173 0.4782798737287521 1.307102486491203 95.17252126336098 19.30269307643175 234.8781201019883 34.78173086047173 78.66956684738398 16.98747339099646 0.834224671125412 9.501696325838566 1.789250887930393 0.3192897662520409 0.4486429542303085 0.2273229509592056 0 0 0 0.2826111614704132 1.821896225214005 0 28.11406641453505 1.55399302393198
1798.254539631307 1798.137055508792 7.072807416319847 390.0583086311817 11.04827785491943 506.7041788846254 1174.125229038298 0.775417298078537 6.09199196100235 1820.496931284666 0.4741913601756096 701.7145469635725 2548.646321550012 9.048595406115055 0.2686525657773018 0.2359146475791931 0.1123783141374588 0 0 0 0 0 0 0.1392622441053391 0 0 0.2797155678272247 0 0 0 184.8794702589512 0.5430916771292686 1.128312945365906 0 0 0 5.0794917345047 0 0.4249623268842697 0 0 0.5235610008239746 0 0.1234402731060982 0 0.233682669699192 10.10436848551035 1.363487415015697 0.1316461116075516 0.1469356864690781 0.1535746604204178 0.1093383505940437 0 0.1592021882534027 2.922454051673412 3.655472926795483 16.16954983025789 68.38374683260918 2.545083813369274 4.601091325283051 0 0.511747419834137 0 4.186033792793751 6.700137704610825 5.189211338758469 1.002565838396549 0.3689657747745514 0.1179429739713669 0.09284757822751999 8.257671259343624 0.278251975774765 0 53.35274333506823 12.36539412289858 10.25125258415937 0.9494280740618706 1.30031943321228 0.1133786216378212 0.1176265329122543 0.1936837807297707 0.1116397380828857 4.125133544206619 0.1062426194548607 4.400544583797455 2.590585373342037 0.4001258090138435 0.5112484395503998 0.788268156349659 0.2725587040185928 0.3730454966425896 0.2648730725049973 0.09829260408878326 0 0.1082835048437119 25.50393910706043 0 0 0.2771787643432617 508.3818356096745 0 1.161823779344559 12.97405010461807 49.39352296292782 3.002148002386093 13.59474647045135 5.757200419902802 3.601621732115746 19.84549333155155 4.489086017012596 5.361238539218903 8.280643954873085 16.06595841050148 5.121266961097717 6.896417781710625 0 0 0 0 0 0 0 0 0 0 0 0 0 0 0 0 0 0 0 1.020267188549042 0 0 0 0 0.2476130872964859 0.4555330276489258 0.3146697282791138 0 0 0 0 0 0 0 0 0 0 0 0 0 0 0 0 0.407776415348053 0 0.6632055789232254 0.1093579232692719 0 0 0 0 0 0 0 0.3074542135000229 0.5470189303159714 0.1029241308569908 0 0.1144585907459259 0 0 1.470174521207809 0 0 0 0 1.846040189266205 0 0 0.3017962947487831 0.8528157472610474 0 0 0 0.09593719989061356 0.112600676715374 0.4219255745410919 0 0.1009607315063477 0.1016868129372597 0 0 3.626155987381935 0.2681849300861359 0.1704435497522354 28.81464744359255 4.053294122219086 77.91056396067142 7.176028676331043 492.8192661777139 6.429337069392204 0.2896910011768341 0.9335755035281181 0.09424582868814468 0.3738354742527008 0.4266993030905724 0.4233344197273254 0.2522884011268616 0 0 0 15.64858269691467 3.224228233098984 223.0401615947485 26.03984728455544
87.51228771358728 2693.871369808912 971.0153065621853 11.04827785491943 4096.94313146174 5.90139003098011 1831.942488662899 272.4807532727718 6581.856378003955 145.6945625692606 1399.876943036914 40.83094039559364 731.4999073296785 1930.998617686331 5.756254896521568 1.876564703881741 1.036799512803555 0.1307986676692963 0.1718532294034958 0 0.9290847852826118 0 1.650636978447437 0 0.1192935705184937 0 0.379657968878746 0 0 0 299.7485219165683 8.378906011581421 11.34296963363886 0.4222651124000549 1.033408619463444 0.1253912299871445 8.597747333347797 0.6362316682934761 1.025828219950199 1.58321737498045 0.5077133029699326 0.2455352246761322 0.1364876627922058 1.933310136198997 0.1324508786201477 0.4893752634525299 52.48140245676041 2.871368885040283 0.4664747267961502 1.174806743860245 0.6348877772688866 0 0 0 3.652084782719612 4.797687061131001 11.75014548003674 83.21950470656157 7.951227895915508 21.48129812628031 0.150206446647644 1.21511398255825 0.2588196992874146 31.47754028439522 10.32348699867725 9.68565508723259 5.410889156162739 1.782824538648129 2.077386915683746 1.849379844963551 10.76446341723204 0 0 100.9314704760909 76.43550346791744 90.40591906011105 29.50115301460028 15.93831465393305 0.2782973721623421 4.540977142751217 0.9632628187537193 1.616681285202503 8.968766458332539 0.1363744288682938 9.324233651161194 5.523535043001175 1.391045145690441 1.731872580945492 1.722554795444012 0.9888269007205963 0.472803957760334 0.3964716270565987 4.691644765436649 0.7327352911233902 0.9829553365707397 56.38709709793329 1.196338668465614 0 0.4515386521816254 16.50741555541754 0.3032498359680176 0.9224221706390381 6.596559211611748 0.7992399334907532 4.05048580467701 12.24574580788612 2.534726873040199 21.47123977541924 9.107412166893482 16.9811495244503 40.58630186319351 36.6541381701827 40.39218720048666 23.26699723303318 52.75081777572632 0 0.8222103416919708 0 0 0 0 0.2019979208707809 0 0 0 0 0 0 0 0 0 0 0 0 0 5.232291832566261 0 0 0 6.180571779608727 2.229868769645691 6.027515061199665 0.4304852485656738 0.1122953742742538 0 0 0.2320266216993332 0.1549451798200607 0 0 0 0.1966283321380615 0.4794714599847794 0 0 0 0 0 0.228400856256485 0 0 0 0.1895657032728195 0 0 0 4.960506215691566 0 0 0.3012921586632729 0.8362254351377487 0.3555991351604462 0 0.3555690050125122 0 0 13.19646438956261 0.2820044606924057 0.1278087645769119 0.352757915854454 0.470750629901886 12.93122287094593 0 0 0.4384354054927826 0.9407097026705742 1.111718766391277 1.440485596656799 0.6755153089761734 0.1117396950721741 0.1119990944862366 0.402379147708416 0 0.7870605438947678 0.1142929494380951 0.3772257417440414 0 23.19652873277664 1.674793757498264 4.335780277848244 213.1487745568156 17.012296192348 282.0148698911071 53.58894757181406 106.0829728543758 35.35669990628958 2.287502840161324 13.96089798957109 4.553691864013672 0.119472473859787 3.683870241045952 2.476358957588673 1.128872066736221 0.5583270490169525 0.110612116754055 0.9627172350883484 2.714774444699287 0.2996874451637268 62.89186358451843 47.64995105564594
244.2473866641521 237.951929628849 11.34144811332226 506.7041788846254 5.90139003098011 8.934577539563179 53.15311414003372 1.336105048656464 3.128624051809311 674.3052341639996 5.336783103644848 191.030510418117 251.2658205106854 11.92846082150936 0.5085623040795326 1.043511390686035 0.1572526097297668 0 0 0 0.1424208432435989 0 0 0 0 0 0 0 0 0 85.51600872725248 0.3740032166242599 6.11730645596981 0 0 0.1354460567235947 17.7421732544899 1.624590858817101 2.5799271017313 0.5057454705238342 0 0 0 0.3203208148479462 0 0 2.688926294445992 0.3804698809981346 0.282837837934494 1.797028727829456 2.358835086226463 19.66788471490145 0.9648687094449997 0.3995672762393951 0.3586967140436172 1.556606017053127 192.364880785346 26.10045397281647 3.146202251315117 0.7769249454140663 0.2103135287761688 1.902800843119621 0.1114865690469742 1.683284722268581 0.9313464760780334 1.470244638621807 2.15382282435894 0.750107005238533 0.5770351886749268 0.1535421460866928 312.9067669585347 274.9375162497163 10.61998909711838 7.543866112828255 2.354063749313354 3.474864989519119 0.983535073697567 0.9361789897084236 0 0.877302348613739 0.1685316860675812 1.225316077470779 0.4527579918503761 5.095001049339771 0.5746828466653824 3.104475617408752 0.3342694640159607 2.824691280722618 3.618187375366688 11.71907891333103 2.008488610386848 4.198736816644669 1.822409942746162 0.9521030634641647 1.61187307536602 387.5027979016304 121.011153191328 11.94731269776821 45.16133417934179 421.0067114382982 0 0 0.7264032363891602 0 0 0 0 0.7183954417705536 0.8044474124908447 5.386298462748528 1.863803148269653 3.678010702133179 1.304767802357674 0.7618234753608704 0.8110162168741226 0.1125199198722839 0 0 0 0 0 0 0 0 0 0 0 0 0 0 0 0 0 0 0 0 0 0 0 0 0 0.259357675909996 0.1844762340188026 0.09825409948825836 0 0.1654231250286102 0 0 0 0 0 0 0 0 0 0 0.1523755937814713 0 0 0 0.1003335192799568 0 0 0 0 0 0.2839116454124451 0 0 0 0 0.1105744689702988 0 0 0 0 0.3245251625776291 0.3845150917768478 0.2437902539968491 0 0.2795364558696747 0 0 0 0 0 0 0 0.4466923773288727 0 0 0 0 0 0.1337095201015472 0 0.2404934763908386 1.148744128644466 0 0.402694046497345 6.731392875313759 0.9732903093099594 12.62255358695984 1.729655154049397 293.9233322963119 2.628879629075527 0 0.1736693382263184 0 0 0 0.8921781405806541 1.268139719963074 0 0 0 0 0 59.48281758278608 5.812061131000519
1034.715589508414 6036.696324795485 68.41940433532 1174.125229038298 1831.942488662899 53.15311414003372 2456.4019716084 21.76686429232359 1453.584249891341 2660.261755429208 141.834553450346 564.812963321805 6862.480083085597 3200.626795895398 6.760695904493332 8.251800432801247 0.8439418077468872 0.369429424405098 0.2668083235621452 0 0.669948011636734 0 1.680391430854797 0.1379816234111786 0.3463124185800552 0 0.4982960596680641 0.391137458384037 0.1097576171159744 0 202.2597291320562 10.25277355313301 11.75709654390812 0.5767048448324203 0.7253602221608162 0 23.48466578871012 0.5412437543272972 0.7187236994504929 0.8015730902552605 0.9688834249973297 1.578994981944561 0.1247902438044548 4.54790573567152 0.2910297140479088 0.743976965546608 97.34207934886217 7.635478787124157 0.1209708079695702 0.8362030535936356 1.930069483816624 0.2070196121931076 0.1963933184742928 0 8.939872421324253 6.745034262537956 26.8130314424634 140.1552245020866 14.34662302583456 43.97243449091911 0.2239615023136139 0.9867438301444054 0 52.77370843291283 22.49446342140436 18.82819299399853 7.414841704070568 1.874577432870865 1.442869894206524 2.527994446456432 42.55200003087521 1.589466288685799 0 223.2046601548791 121.4644753709435 155.0709728375077 59.70728289335966 68.55629961937666 1.503839172422886 4.436187893152237 1.220825083553791 4.389010325074196 18.86986876279116 0.1307009905576706 19.83985600620508 11.27475499361753 2.533674262464046 3.53851905465126 5.122931301593781 0.719923660159111 1.803130865097046 0.6090585440397263 3.911704570055008 0.5781585350632668 0.8062989786267281 253.9734110757709 1.910516068339348 0.1046799570322037 1.394884534180164 88.918532140553 4.021047204732895 3.118198662996292 166.4472108781338 122.7475148141384 25.15792625397444 110.5481511130929 23.93794901669025 87.3753564953804 158.2123477905989 119.3581243976951 182.9260106235743 291.7629990950227 280.2361075729132 171.6922216787934 247.5519988015294 1.566476717591286 1.16783407330513 0 0 0 0 0 0 0 0 0.7852814346551895 0 0 0 0 0 0 0.08635984361171722 0 3.022504799067974 10.56130954623222 0 0 0 21.39419943094254 1.630175799131393 37.39813643693924 5.292521566152573 1.413073226809502 0.1525723487138748 0 0.1775902956724167 0.7380008101463318 0.953480452299118 0 0 0.7488144040107727 3.30607295781374 0 0.3672612607479095 1.124508187174797 0.15558160841465 0 0.7057279795408249 0.7948833703994751 1.75272436439991 0.2370831295847893 1.407500065863132 0 0 0 27.63405802845955 3.762713253498077 0.1428092867136002 0.7257687747478485 1.652739889919758 0.4125075489282608 0 0.6945284232497215 0.1378974914550781 0.6374543905258179 53.22174557298422 2.391936212778091 0.9857181459665298 0.1339177638292313 0.1344861686229706 58.07061076164246 0.8573568314313889 2.801230370998383 1.25263999402523 4.197976998984814 6.282766871154308 2.559165082871914 5.74587757140398 0.486525647342205 0.5001552775502205 1.415412917733192 0 2.065303295850754 0.1138041913509369 0.2901265621185303 0 154.7822189480066 6.07313571870327 14.41080088913441 375.1316384449601 30.83522797375917 544.2233586832881 102.6074990108609 385.7134894132614 63.49765509366989 1.990273863077164 23.49690873175859 13.763960711658 0.5851908624172211 23.14051569998264 15.04576815664768 16.42309058457613 3.541152164340019 0 2.742037422955036 4.961262971162796 0.7916704714298248 477.8456795886159 252.8436922132969
10.53731895238161 351.8760990425944 2210.081530809402 0.775417298078537 272.4807532727718 1.336105048656464 21.76686429232359 2566.263916105032 1036.074675172567 0.9167031943798065 4453.257194392383 19.92832276970148 269.8339129984379 1638.068930238485 6.355149708688259 14.28021970391273 4.89729056507349 26.78186106681824 0.6692240089178085 44.18044909089804 147.3473213538527 0 50.2453872859478 10.12682041525841 18.09236818552017 3.06895399838686 18.48390036821365 1.797412723302841 1.162864118814468 2.21327693015337 1163.074718877673 2393.388153672218 71.03593461215496 99.59784132987261 45.82110119611025 14.0531810298562 30.89267198741436 25.03595867007971 3.546136856079102 8.652845337986946 22.5415820479393 23.84378284960985 114.4616238176823 17.21028608828783 11.31182802468538 104.7638097405434 31.6367265433073 2.557362958788872 6.452279061079025 94.18655110895634 17.96949883550406 0.6850941851735115 0.5081174746155739 1.486552380025387 1.82663918286562 1.548543751239777 9.500307016074657 137.451000675559 3.247793197631836 12.69372568279505 258.4454444423318 69.58203026652336 70.52524520456791 264.44977927953 5.815487593412399 16.13961913436651 4.021534703671932 59.50092247128487 318.169895902276 304.5013933479786 11.17051661759615 0.2555121704936028 0 58.88338945060968 160.2637894302607 107.4316131025553 273.4157334119081 142.2397048100829 2962.794709466398 3255.043813414872 669.3787439018488 4118.342010237277 4.551291972398758 0 6.279773980379105 2.62153735011816 11.33406805992126 0.8013690412044525 1.56659235060215 0.2376151159405708 10.42105410248041 2.486265033483505 298.9012081921101 32.03701908141375 28.14040477573872 6.107956558465958 0.7491448000073433 0.5334625244140625 2.558246247470379 9.284176394343376 0 0 0.1739366501569748 0 0.467141717672348 0 0 1.572608456015587 0.2788687124848366 0.2685763835906982 0.5601956844329834 0.5359993577003479 0.5785983502864838 0.883277103304863 1.829405710101128 0 0.6291415244340897 0 0.1134932935237885 0 0 0.1173242852091789 0 0 0 0 0 0 0 0 0.1552133858203888 0 0.1409423351287842 0 0 0.2472024410963058 0 0 0 0.5609119832515717 0 0.9558984488248825 0.6191563010215759 0.3132816627621651 0.1690336614847183 0 0 0 0 0 0 0.1867058724164963 0 0 0 0.1385549753904343 0.1152053475379944 0.1307574063539505 0.1004067435860634 0 0.101594977080822 0 0 0 0 0.7242677211761475 0.4547362476587296 0.1231150403618813 0 0.2253296300768852 0.3640084266662598 0 0.2518889978528023 0.3339069485664368 0.461422398686409 0.6749241054058075 0.4473743885755539 0.4636439681053162 0.2276397123932838 0.1202879995107651 0.8729405999183655 0 0 0.09697496891021729 0 0 0.08818630874156952 0.09935314208269119 0 0.1481743901968002 0 0.09822770208120346 0 0.3754797205328941 0.2172132879495621 1.264536648988724 0.3283179402351379 0 0 1.056440345942974 47.18216881901026 19.86829923838377 113.4971643388271 17.00997070223093 12.57600852847099 4.64473694562912 0 4.943418174982071 1.411038853228092 0.09146647900342941 0.9624028429389 1.559304721653461 0.5951640605926514 0 0 0 0.6249491572380066 0.1316282600164413 6.488330014050007 0.6951232850551605
22.67633256316185 1652.234870351851 778.6356311291456 6.09199196100235 6581.856378003955 3.128624051809311 1453.584249891341 1036.074675172567 1457.36242954433 129.7086777612567 1960.939408026636 53.90640630573034 624.2766501531005 2352.531776063144 9.028232462704182 7.952445335686207 0.3543467000126839 0.2130114808678627 0.1497578471899033 0.1117152646183968 1.857426866889 0 0.9587232619524002 0.124623104929924 0.2229842841625214 0.1603813022375107 0.4079208448529243 0.2915593087673187 0.1954649165272713 0 129.811213247478 10.5297068208456 21.08520985394716 0.7301097735762596 0.6229858472943306 0 12.00081840157509 0.994274914264679 1.346978060901165 0.4360465183854103 1.400765359401703 0.5564874410629272 0.1365682631731033 2.666987143456936 0.4444130063056946 0.2263116985559464 60.79093428701162 2.411633379757404 0.1564891785383224 0.4065937474370003 1.236437536776066 0.5683802589774132 0.3231386467814445 0 2.316566497087479 1.265676110982895 7.842469558119774 35.68877816945314 6.389703162014484 22.78077872097492 0.1127734184265137 2.290242120623589 0.8486522138118744 36.57904491573572 5.482849299907684 6.509433977305889 2.390663765370846 1.011007808148861 2.434021584689617 1.773461014032364 22.62383348494768 0 0 69.86052404344082 64.38527948409319 102.7879631519318 47.52017685770988 47.88875907659531 1.882002055644989 90.47525864839554 1.963696531951427 1.707339480519295 4.950036004185677 0 6.025536581873894 2.766012914478779 1.605950638651848 1.23774104565382 2.226624511182308 0.3645924180746078 0.9124316647648811 0.1353611797094345 7.342423066496849 0.5028545707464218 0.5239647626876831 86.68292605876923 0.1628075689077377 0.09578216820955276 1.752581335604191 7.992555409669876 1.102001577615738 1.379869788885117 13.28457394242287 1.726029515266418 7.060404039919376 36.13526880741119 2.525164626538754 34.41688766330481 19.09843836724758 32.42959023267031 70.25487315654755 56.92728770524263 77.41383942961693 47.18974873423576 111.7665737345815 0.2584924623370171 3.020634613931179 0 0 0 0 0 0.3162306547164917 0 0 0 0 0 0 0 0 0 0 0 3.136354058980942 3.808576539158821 0 0 0 14.12662342935801 0.1569533497095108 15.75521107017994 1.160583980381489 0.1119180098176003 0.1978058815002441 0.1259627491235733 0 0 0.318099707365036 0 0 0.1059009209275246 0.423418253660202 0 0 0.1236577332019806 0.1142167299985886 0 0.196995884180069 0 0 0.4973627030849457 0.2414542585611343 0 0 0 17.65123754739761 0.5408972948789597 0 0.2145026847720146 0.2310813516378403 0 0 0 0 0.1843003928661346 21.31290923058987 0.2265785858035088 0 0 0.2105846405029297 25.43897031247616 0.3619885891675949 1.605897426605225 0.6139099225401878 0.3224991858005524 1.311559699475765 0.4729836583137512 1.388498313724995 0 0.1078806445002556 0.2145084664225578 0 0.4230793938040733 0.0947980061173439 0.242039293050766 0 47.60613959282637 2.277512177824974 5.349034160375595 219.0279527232051 13.89463701099157 230.5100724324584 57.5679025426507 57.40111616253853 27.79493896663189 1.051123954355717 18.45127004384995 5.972979761660099 0 4.94768250733614 2.753345586359501 4.711133718490601 2.514245048165321 0 0.9790676832199097 2.626617103815079 0.5026806592941284 92.36110317707062 66.46468243002892
1759.398887351155 2177.480601541698 13.88339941203594 1820.496931284666 145.6945625692606 674.3052341639996 2660.261755429208 0.9167031943798065 129.7086777612567 1082.951134562492 7.898805275559425 2142.145669005811 6406.489379756153 136.6864962652326 0.9242834746837616 3.346792615950108 0.2248167768120766 0.5615930110216141 0 0 0.1223151907324791 0.2950956523418427 0 0 0.3473920673131943 0.1118064373731613 0.2423394173383713 0.1372779905796051 0 0 169.7582772746682 1.019823729991913 15.24753022193909 0.3429031223058701 0 0 29.54645116627216 1.451953649520874 1.726529531180859 0.09624455869197845 0.1681090891361237 0.1158981695771217 0 0.6373105123639107 0 0.6036594212055206 19.55434311926365 1.499758422374725 0 0.608529195189476 0.9359804317355156 1.63873615860939 0.1574036478996277 0.1249709576368332 2.748266935348511 4.469764336943626 87.13516800105572 81.90458927303553 5.650569766759872 5.711061477661133 0.2222499921917915 6.419533431529999 0 9.422545664012432 9.504708059132099 6.897866763174534 2.65595743060112 0.1139466390013695 0.6028418242931366 0.4937913492321968 270.9671348705888 23.01413621753454 0.3229116797447205 78.87005297839642 22.23349473625422 24.08525811135769 4.948173336684704 4.354856550693512 0 6.056705318391323 0 5.597813226282597 6.787586778402328 1.134660139679909 5.102409109473228 5.609553746879101 0.808701291680336 1.098057299852371 1.50372426956892 0.7647024989128113 0.362113893032074 1.038601748645306 1.613220870494843 1.838447511196136 0 396.4109058454633 39.67902699112892 0.6098796129226685 11.37533564865589 1060.008636161685 3.875004060566425 7.431901603937149 67.64885213971138 137.3259449154139 16.55873972177505 109.2719868123531 33.57044449448586 83.56695930659771 121.3854867964983 140.9422398135066 111.9348358213902 162.6316685527563 217.1701803430915 139.4244614616036 128.1713750511408 0.7731552943587303 0.9169251173734665 0 0 0 0 0 0.2582786381244659 0 0 0 0 0 0 0 0 0 0 0 2.091868013143539 4.065857574343681 0 0 0 6.186571419239044 0 9.741318546235561 0.4314242005348206 0 0 0.1141219139099121 0 0 0.2544420808553696 0 0 0 1.033467970788479 0 0.1123170778155327 0 0 0.1552244573831558 0.1048493385314941 0.2751678451895714 0.3789528831839561 0.2583057582378387 1.710989266633987 0 0 0.1109443753957748 6.981487289071083 0.2979975342750549 0 0.2193862572312355 0.7544450908899307 0.3172959834337234 0 0.2122605741024017 0 0.2407755851745605 22.31291553378105 0.9491049274802208 0.2735677808523178 0.1626201719045639 0.1444834172725677 19.61778652667999 0 0 0.443447083234787 0 0.4175771549344063 0.1991499215364456 0.5571541041135788 0 0.5299952179193497 0.1315930187702179 0 0.7589050009846687 0.1876534223556519 0.3604007959365845 0 95.34079760313034 2.876404896378517 4.573065973818302 68.86757553368807 8.346124596893787 132.5881085172296 22.48127935826778 1359.556415513158 16.19172218441963 0.7036076709628105 6.052575811743736 2.580242238938808 5.511094018816948 7.967924334108829 1.92868135124445 5.099577233195305 3.488450467586517 0 0 0.5234942883253098 0 1420.364167556167 583.3559334054589
54.66783761233091 1767.479585170746 3650.808532871306 0.4741913601756096 1399.876943036914 5.336783103644848 141.834553450346 4453.257194392383 1960.939408026636 7.898805275559425 1998.835275806487 88.91750314086676 1271.972598776221 3339.164354428649 11.15016316622496 25.25595299899578 1.752090349793434 0.7853135615587234 0.7535796463489532 4.492946185171604 65.25971451401711 0 36.60480922460556 7.250982642173767 32.52397152036428 3.786673963069916 26.26362570375204 3.288130566477776 0.6374749317765236 1.849354773759842 1266.222564674914 688.7551589235663 622.1630477532744 33.1669996380806 33.97633218020201 17.92868539690971 172.4265871867537 57.9885700494051 19.9050765261054 25.57037817686796 36.27444995939732 19.65220046788454 8.636745072901249 14.44906532764435 1.726147763431072 13.57234913855791 55.03200155496597 1.736695513129234 1.512590005993843 5.239963583648205 15.45545022189617 0.5084736943244934 0.1023986488580704 0 1.601136274635792 2.05293944478035 12.19963388890028 141.6475488170981 6.233702935278416 16.02955432236195 4.061428256332874 65.49437154084444 14.96986842155457 100.6304778084159 5.961253114044666 7.2059515863657 3.550374656915665 12.38140065968037 43.7690648958087 67.61462430655956 33.61263138800859 0 0 72.04667416960001 110.7278916686773 123.2291087955236 87.11613351851702 120.0278557091951 81.04406900703907 1102.149696834385 7.304547816514969 153.0224196910858 3.578066438436508 0.1044501885771751 4.684743128716946 2.700094185769558 1.208264842629433 0.7120501473546028 1.416821330785751 0.7267517149448395 1.882710531353951 0.6494353488087654 208.4794497415423 28.4151766449213 3.322995744645596 25.07086869329214 3.174783334136009 0.108193650841713 6.049893736839294 21.65263730287552 0 0 0.93328957259655 0.1238732263445854 0.6434929370880127 0 0 0.3606486171483994 1.283023715019226 0.844203770160675 4.018573865294456 2.271364666521549 6.433568641543388 3.595883004367352 9.819821357727051 0.09518744051456451 0.240302287042141 0 0 0 0 0 0 0 0 0.6414564996957779 0 0 0 0 0.14037024974823 0 0 0 0.0804784819483757 0.1679175496101379 0 0 0 3.507247544825077 0.1000495478510857 2.49705196171999 0.3887272030115128 0.07837139815092087 0 0.4589147567749023 0 0.1075286865234375 0.3111417070031166 0.09889154881238937 0 0.1186619997024536 0.4023724794387817 0 0.1193630397319794 0 0 0.5717681273818016 0.1048670560121536 0 0.08815394341945648 0 0.1062845438718796 0 0 0 0.9840323999524117 0.1191857233643532 0 0.1029087230563164 0.5079158991575241 0.09346120059490204 0.3577083647251129 0.09768279641866684 0.4726861268281937 1.572210967540741 3.042864620685577 0 0.2150657325983047 0.09350715577602386 1.100691929459572 1.738627061247826 0 0.2784306704998016 0 0.3164714872837067 0 0.254752054810524 0.5951007977128029 0.2117993533611298 0.1703713163733482 0 0 0.3062312230467796 0.4952973201870918 0.9355601519346237 0.1198379322886467 1.63745079934597 0.7889265865087509 1.73217149078846 87.71148420125246 13.71837594360113 155.8398697078228 32.93818005174398 29.34177107363939 9.22770594805479 0.4850673601031303 7.437978200614452 1.539233572781086 0 0.8450225740671158 0.2256128713488579 0 0 0 0.1632689237594604 0.4247753620147705 0.2216624021530151 14.85317466408014 4.596002787351608
443.1313248202205 222.3975255861878 37.0080155134201 701.7145469635725 40.83094039559364 191.030510418117 564.812963321805 19.92832276970148 53.90640630573034 2142.145669005811 88.91750314086676 166.4033759906888 1101.275148496032 214.1101178079844 20.8408640474081 33.33593981713057 0.939020499587059 1.144501835107803 0.5519844591617584 0.3294360488653183 14.4778795465827 0.6965379118919373 5.7964021936059 1.763200648128986 4.72552053630352 1.922024555504322 8.063003964722157 1.389055013656616 1.682896189391613 0.3339137881994247 57.16497714072466 8.598440729081631 77.47663676738739 3.391609705984592 3.113862991333008 1.428237326443195 294.5116107314825 22.08265276253223 41.87393794953823 10.96936013549566 10.46760457009077 6.603805266320705 2.166724368929863 17.44884423911572 0.8921128362417221 1.55313191562891 58.52351331710815 1.081211999058723 1.031353779137135 3.991714879870415 12.0112075433135 0 0.09062721580266953 0.2752917185425758 1.179408840835094 0.8803399577736855 11.26184347271919 35.6889881119132 3.84654688835144 13.26300600916147 1.79956030100584 29.07910912483931 1.547463998198509 69.91257540881634 3.466929465532303 2.860062204301357 1.999154292047024 5.426457494497299 15.70922515541315 17.28082301467657 530.2523972168565 5.223970085382462 0.1727809011936188 38.96702766418457 56.92360643297434 99.12802559882402 56.84810508042574 101.0530322864652 4.271217942237854 36.03697580099106 5.010508425533772 34.50581778585911 2.606705628335476 0.2545130774378777 2.313547775149345 2.339374534785748 1.116342537105083 0.9988371357321739 0.2843401432037354 0.1048756465315819 1.458884492516518 0.1183561682701111 84.31768360733986 12.88323646038771 1.019190914928913 1252.780766375363 115.9975809752941 0 43.26633481681347 95.43907850235701 0.9792038202285767 2.254487864673138 22.75780984014273 5.067516185343266 11.4724236279726 58.63180170953274 6.15316816419363 48.94518298655748 48.2144834920764 59.9528094381094 85.88932103663683 105.6465255022049 152.4502125382423 99.19221127778292 161.8448017314076 2.157291799783707 2.483040057122707 0 0 0 0 0.1809341311454773 0.1352253407239914 0 0 0 0 0.1936988681554794 0.2344181686639786 0 0 0.1258987337350845 0.2890908122062683 0 4.896096929907799 6.14598847925663 0 0 0 26.65390365570784 2.999900281429291 34.23185130953789 5.229124046862125 0.7406077906489372 0.5224492698907852 0.3703819513320923 0.4229200929403305 0.6813242062926292 0.9952577352523804 0 0 0.3564371988177299 2.280998207628727 0 0.3640829473733902 0.4354089647531509 0.2560470625758171 0.137810006737709 0 0.3327106833457947 0.2139817699790001 0.3009915128350258 1.380603313446045 0 0.3862960785627365 0.1761927604675293 18.80551644414663 4.377890422940254 0.3291804417967796 0.1094718128442764 0 0 0.3279359936714172 0.1510253548622131 0 1.189032822847366 38.92651780694723 5.010799385607243 0 0.8490711748600006 0.4087243378162384 22.46503718197346 2.191699974238873 3.314766265451908 1.796674855053425 3.213896751403809 3.835652075707912 1.923317596316338 1.693306371569633 0.1829224228858948 0.2073153927922249 0 0.2153221517801285 0.4964823126792908 0 1.263785660266876 0.1392782628536224 108.5873934477568 13.28666777908802 19.42280460894108 176.0984371751547 12.26095080375671 197.2041698470712 62.1201007142663 218.2571273744106 14.85245317220688 0.1454100608825684 11.38294098526239 14.62955910712481 0.3814120069146156 16.27772308140993 9.915718711912632 8.473023019731045 4.487912766635418 0 1.514402560889721 3.528431162238121 1.160974696278572 803.176355458796 248.347506172955
