188.7911572158337 3146.686131171882 372.7899633124471 993.0660789161921 81.55352459847927 171.3379973620176 498.9135176464915 60.53338994830847 4.741042546927929 1261.839577540755 150.6321704462171 127.5338997244835 113.3233559578657 199.2647283896804 2.391129113733768 1.765672832727432 1.071519941091537 0 0 0.151701033115387 3.355253882706165 0 1.084826394915581 0.3521338924765587 0.7648218497633934 0.7134106159210205 0.2845545932650566 0.1294817328453064 0 0 661.5214150026441 28.37250804901123 54.29110680520535 0 0.8565262109041214 0.6695392951369286 17.40325995534658 4.592790208756924 3.37221122533083 0.9124724939465523 0.7276611998677254 0.2423369437456131 0.5181553512811661 0.109035886824131 0 0.6146388202905655 17.10492247343063 0.9265793412923813 0.2241493463516235 0.1264934837818146 0.7444840595126152 0.2375036478042603 0 0 0.4090799614787102 1.160969763994217 39.14863476902246 317.3000304326415 26.98490380495787 5.214991308748722 0 6.186316274106503 0 9.303761787712574 2.301197089254856 0.1263287514448166 0.2313398495316505 0.7516308054327965 3.367435328662395 9.122322954237461 20.40307594835758 1.416225790977478 0 35.49031857401133 9.362866953015327 12.95202066749334 8.496867083013058 1.23030137270689 0.2516744956374168 108.2537456974387 0.4229384884238243 7.588570050895214 2.176429256796837 0 0.2133504822850227 1.56852650642395 0.3112819865345955 0.3888893648982048 0.1683910936117172 0 0.340997077524662 0 5.367283143103123 0.6454617083072662 0.4951862543821335 67.1372404396534 17.67587890475988 0.4340731799602509 7.218958877027035 906.7426014766097 0.5301256477832794 0 0.6237460076808929 7.804602801799774 0.3727522045373917 1.978545308113098 2.659418448805809 0 15.73042011260986 4.696608498692513 1.688725382089615 0.8257128149271011 5.504655286669731 4.632077351212502 1.479117780923843 0 0 0 0 0 0 0 0 0 0 0.2343249171972275 0.1114216297864914 0 0 0 0 0 0 0 0.9486817568540573 0.1600897759199142 0 0 0 0.5592836961150169 0 0.1405878365039825 0.1240719482302666 0 0 0 0 0 0 0 0 0 0 0 0 0 0 0 0 0 0 0 0 0.1700728088617325 0 0 0.4474728405475616 0.407752588391304 0 0 0 0 0 0 0 0 2.95831960439682 0 0 0 0 0.09680823236703873 0 0.1190987154841423 0 0 0 0 0 0 0 0 0 0 0 0 0 2.277774341404438 0.3899410218000412 0.2459600493311882 26.68422251939774 0.3537073582410812 61.53560448437929 5.690608218312263 258.312728241086 4.353070840239525 0.1100087612867355 3.036757260560989 11.26771505177021 0 0.3165045157074928 0 18.4989285171032 0 0 0 0.4635001122951508 0 126.6485716998577 7.945973262190819
3146.686131171882 3511.33494155854 1986.736667275429 1070.533981814981 875.2553453370929 218.6792862713337 2732.58311124891 227.7798051461577 308.6518172696233 1216.067940227687 781.6283769607544 72.30476287007332 1447.527928568423 1252.158188767731 13.50805765390396 8.140772096812725 21.88439513742924 0.1151593700051308 0.2460979968309402 0.1338180005550385 6.175670862197876 0 2.595149055123329 0.939484216272831 2.8318190574646 1.679957054555416 0.9447997957468033 0.2312148660421371 0.535850465297699 0.4701719060540199 1878.13502061367 57.57575379312038 124.8730511441827 0.2349364683032036 3.313165493309498 1.026885792613029 42.20879420638084 10.82748856395483 6.380849339067936 1.215881086885929 1.948440231382847 1.413204103708267 2.795447997748852 2.226326495409012 0.4515721872448921 1.120418205857277 178.2819097340107 7.637657545506954 2.213401131331921 2.26998332887888 3.87303826212883 0 0 0.6644933149218559 4.500863716006279 10.78062003850937 137.5498428940773 552.3046919777989 110.4001309350133 78.06799406558275 2.370739005506039 13.16538519412279 0.1054348945617676 143.2774836719036 13.78520615398884 3.080375224351883 5.684892028570175 3.673945114016533 6.938780650496483 21.29043087363243 33.79899175465107 0.2264920398592949 0 406.5031766891479 142.3840822800994 217.7913071885705 58.65810029953718 8.591470763087273 2.411523595452309 226.292798884213 1.028085775673389 13.97675109654665 16.14358195662498 0 5.150900527834892 12.95717974752188 1.333182759582996 0.2157241106033325 5.049014054238796 0.3071926087141037 2.226219914853573 0.9454267472028732 13.44007689505816 1.246873520314693 1.000084303319454 26.85551839321852 5.407456494867802 0.4536017775535583 5.016653969883919 1605.880785152316 0.1657425761222839 1.085258916020393 1.16629558801651 0 0.3521662354469299 8.502571642398834 1.297088086605072 0.3176921904087067 13.70824797451496 7.020292319357395 0.5387675166130066 4.465377077460289 7.363141410052776 5.113738626241684 5.211447857320309 0 0 0 0 0 0 0 0 0 0 0 0 0 0 0 0 0 0 0 1.996344722807407 1.594158068299294 0 0 0 3.942262418568134 0 0.9895466417074203 0 0.1000896543264389 0 0 0 0 0 0 0 0.1286131143569946 0.5376518964767456 0 0 0 0 0 0 0 0 0.2519256472587585 0 0 0 0 0.7193262428045273 0.1434355825185776 0 0 0 0 0 0 0 0 5.218661434948444 0.3370111286640167 0 0 0.1399883329868317 2.204093456268311 0 1.111403107643127 0.1186127886176109 0 0 0.4910746216773987 0 0 0 0 0 0 0 0 0 4.156818144023418 0.4138164520263672 3.3327721580863 192.3273991271853 12.00748117268085 783.1981689184904 52.96183305233717 347.1453363373876 57.42655870318413 1.451799273490906 15.47384557127953 7.769621416926384 0.1324503272771835 1.683861628174782 0.4799818992614746 14.26954423636198 0 0 0 4.662123933434486 0.2694302201271057 97.88910213857889 6.31029200553894
372.7899633124471 1986.736667275429 2068.422710366547 28.70766574144363 401.9458283856511 2.754540033638477 234.5607836991549 2004.631958566606 431.1573699489236 12.32622208446264 2230.095914959908 21.22833295166492 525.0121438279748 1829.614481911063 16.17106805741787 7.486223600804806 10.12176094949245 0.5599313676357269 0.7989471331238747 1.893750190734863 32.44098873436451 0.1107630357146263 8.880538649857044 2.32479652017355 10.24801246076822 3.664133310317993 2.71929244697094 1.580553993582726 0.4073463082313538 0.2496921643614769 2628.876316919923 481.3077703639865 220.7771439701319 1.160359367728233 12.86408392339945 5.031514577567577 76.66309417039156 26.19267725944519 15.92269749939442 4.773293629288673 10.11855805665255 5.106687441468239 33.1981922313571 2.840165987610817 2.045034505426884 3.329577572643757 81.13776371628046 3.808007389307022 2.156512804329395 15.12355163693428 10.39983708411455 0.2468663081526756 0 2.024341806769371 0.702224999666214 3.156402342021465 39.85732406377792 169.5621200874448 33.08113246411085 33.5595069155097 8.167692467570305 42.31605245918036 0.3439635932445526 178.3480798602104 4.558899492025375 4.578985631465912 2.552508942782879 12.10358604043722 43.74562147259712 110.4739242121577 46.17070793360472 1.713375180959702 0 161.820007994771 64.30182450264692 100.1751598268747 51.41506791859865 9.32640178501606 16.47150335460901 1031.85519053787 8.614995762705803 94.10865452885628 5.093186981976032 0 2.018410667777061 3.084159515798092 4.84111712872982 0 1.554171241819859 0 1.658254519104958 0.389542356133461 51.49943523854017 4.387579560279846 2.606591805815697 21.70644383132458 2.158918865025043 0 9.670416101813316 211.6553422063589 0 0 0.1426058858633041 0 0 0.3944042921066284 0 0 1.380835384130478 0.7648714929819107 0.1647408008575439 1.064665973186493 4.21049789339304 2.140442825853825 3.418113827705383 0 0.1055112108588219 0.09549028426408768 0 0 0 0 0 0 0 0.1345221102237701 0 0 0 0 0 0 0 0 0.3409184664487839 0.8015409111976624 0 0 0 5.134184628725052 0 0.960655964910984 1.30974630266428 0.2289719060063362 0 0 0 0 0 0 0 0.1167766079306602 0 0 0 0.5840365588665009 0.1077608540654182 0 0 0 0 0 0.5926705300807953 0 0 0 1.445648267865181 0 0 0 0 0 0 0 0 0 5.798457510769367 0.1561478525400162 0.1898710578680038 0.2491124868392944 0 0.7640572339296341 0 0.6444938033819199 0 0 0.1209901794791222 0 0.1045293807983398 0 0 0 0 0 0 0.2663279101252556 0.1436098217964172 4.976950213313103 2.44193097949028 2.322346299886703 95.30415991693735 8.057923331856728 282.2434598430991 26.6116394624114 74.28884238749743 21.34844198822975 0 9.649595305323601 1.280457124114037 0.4574283063411713 0 0 0.8059723973274231 0 0.2656887769699097 0 1.560481905937195 0.3622654378414154 19.01431128382683 8.72766675055027
993.0660789161921 1070.533981814981 28.70766574144363 248.712875187397 18.75698393583298 477.8534075766802 375.4984368756413 0.1425827592611313 0.9187052547931671 3361.460129663348 0.9897574633359909 726.5909658968449 746.9705659523606 6.358200252056122 1.090055108070374 0 0 0 0 0 0 0 0 0 0 0 0 0 0 0 217.9580217450857 0 5.583801358938217 0 0 0 3.562950506806374 0.1899226158857346 0 0.1612864434719086 0 0 0 0.4716218858957291 0.2763932943344116 0 14.91167314350605 1.198436714708805 0.1239809766411781 0 0.2103696838021278 0 0 0 0.7347786724567413 1.456489063799381 34.2794206738472 142.4008561000228 22.31289997696877 4.310354843735695 0.321089580655098 0.3457149863243103 0 2.246611803770065 2.698849886655807 0.5228941664099693 0.3745495155453682 0.3928965255618095 0 0 8.320823639631271 0.1667899340391159 0 41.91157922148705 10.76727253198624 17.51194423437119 0.3458174467086792 0 0 1.104083105921745 0 0.3518917262554169 2.360654413700104 0 0.3043957650661469 1.432504899799824 0 0 0.5896758884191513 0 0.9407168254256248 0.2213154137134552 0.1376147568225861 0 0 39.00032718479633 2.484831780195236 0.2145454287528992 0.4931184202432632 507.2913769632578 0.3426283001899719 0 14.0898399502039 13.72594587504864 0.530516192317009 2.9938775151968 3.450471177697182 0.470017671585083 18.39093964546919 16.59989577531815 1.479151889681816 7.206251710653305 13.35475986450911 9.686577945947647 4.257412970066071 0 0 0 0 0 0 0 0 0 0 0 0 0 0 0 0 0 0 0 0.8628828078508377 2.257987447082996 0 0 0 1.700459726154804 0 0.7673981934785843 0.2674205005168915 0.3643427491188049 0 0 0 0 0 0 0 0 0 0 0 0 0 0 0 0 0 0.1069956719875336 1.024751901626587 0.3408200591802597 0.4569461941719055 0 0 0.3537754416465759 0 0 0 0 0 0 0 0 2.578664384782314 0 0 0 0 1.233797632157803 0 0.1189831793308258 0.4001288339495659 0.3774111494421959 0 0 0 0 0 0 0 0 0 0 0 2.397013209760189 0.4876229092478752 0.3841805383563042 13.13182958960533 0 65.72683971375227 1.816179499030113 497.6558147519827 1.493427969515324 3.763484001159668 0.5558509826660156 12.27292132377625 0 0.9494852125644684 0.5811847895383835 33.95600475370884 0.3663991689682007 0 0 0 0 181.8441141247749 7.866511210799217
81.55352459847927 875.2553453370929 401.9458283856511 18.75698393583298 753.6956108361483 2.158799901604652 1122.210759721696 58.83099144697189 1232.209435328841 71.98504963517189 270.8912163898349 14.58896485716105 1040.488905139267 2142.923006005585 5.609201297163963 3.322432950139046 4.796566545963287 0.1349817663431168 0 0.1330276727676392 1.417262807488441 0 0.4676951542496681 0.2436619475483894 0.6325593143701553 0.450408972799778 0.1016511619091034 0.3576614633202553 0 0 95.29092294722795 7.032477527856827 18.93772917240858 0.1278688311576843 0.2463374361395836 0.2044827789068222 8.671611115336418 1.656149588525295 1.433928459882736 0.4572270289063454 0.264164075255394 0.4064068347215652 1.566482409834862 1.307977683842182 0.2607482373714447 0.4877288416028023 50.69017826020718 1.617229446768761 0.7670602947473526 0 2.043150998651981 0 0 0 0.1739882603287697 0.9446491748094559 17.68290039151907 51.64460191875696 14.73611311614513 22.48066329210997 0.4738544002175331 2.1458400785923 0 35.69485112279654 2.210994094610214 0.1805200725793839 0.7059009522199631 0.5959298089146614 2.546372935175896 6.021129235625267 16.47377979010344 0.8151731491088867 0 83.77347458899021 26.4919193610549 52.66872965544462 27.93256410956383 4.43836984783411 1.676522895693779 11.48345413058996 0.4214100241661072 2.694145604968071 2.585074923932552 0 0.6288538947701454 2.633333712816238 0.429834857583046 0 0.7642379254102707 0 0.1999605000019073 0.1138986423611641 2.299781650304794 0.3262378498911858 0.2371194437146187 15.11574994772673 0.8195722252130508 0 3.695751614868641 99.1567073687911 0.1508762091398239 0 0.4399797022342682 0 0.5006804466247559 1.970466062426567 1.103121280670166 0 2.093662887811661 1.133613169193268 1.073202192783356 2.348935663700104 1.672471851110458 3.105410724878311 3.569501295685768 0 0 0 0 0 0 0 0 0 0 0 0 0 0 0 0 0 0 0 1.334305673837662 0.5560311377048492 0 0 0 2.736575096845627 0 0 0 0 0 0 0 0 0 0 0 0 0 0 0 0 0 0 0 0 0 0 0.200798898935318 0 0 0 1.122136265039444 0 0 0 0 0 0 0 0 0 2.752871856093407 0 0 0 0 0 0 1.30906980484724 0 0 0.292342483997345 0 0.1070030108094215 0 0 0 0 0 0 0 0 2.774884954094887 0 0.3857207968831062 97.10167394578457 1.959191158413887 216.3583521917462 30.28084729611874 80.81521961092949 25.51975631713867 0 11.55467494577169 0.9841208457946777 0 0.8221541419625282 0 4.080153912305832 0 0 0 2.471723355352879 0.1508658528327942 19.07161834090948 8.17940416932106
171.3379973620176 218.6792862713337 2.754540033638477 477.8534075766802 2.158799901604652 7.902767568826675 26.93742906302214 0.8040643557906151 3.379594936966896 727.7494088560343 0.459507629275322 156.1098219379783 100.0737677812576 3.19064025580883 1.067012242972851 1.389612473547459 0 0 0 0 0 0.4276899844408035 0.3176566660404205 0 0.4672934710979462 0 0 0 0.1309912800788879 0 17.50821509957314 0.261718288064003 36.06285108625889 0 0 0 27.9243828356266 0.9979252964258194 10.97577765583992 0.2148456424474716 0.4733837842941284 0.3835376799106598 0 0 0 0 3.248853884637356 0 0 0.1312038451433182 0.1582256257534027 8.271671488881111 0 0 0 0.2500031292438507 12.60965941846371 14.30809862911701 1.798496522009373 1.421782903373241 0 2.136963903903961 0 0.4992292374372482 0 0 0 0 0.6184282898902893 0.7891433238983154 105.2633694559336 163.0207609832287 19.75269228965044 2.385497257113457 0.1564470529556274 1.320645652711391 2.050979614257812 0.5394477099180222 0 3.227236896753311 0 5.388020887970924 0 1.747568614780903 0.1067293062806129 0.6160911396145821 0.1539469957351685 2.617650531232357 2.108691237866879 11.14020945131779 0.595008410513401 3.258751884102821 0.3419031500816345 0.7658916413784027 0.5310458540916443 226.1564742773771 225.2849049568176 64.1224289983511 87.84144645184278 260.1875533014536 0.7973621040582657 0.6104381382465363 2.733242750167847 6.540159970521927 1.08511383831501 9.932733878493309 9.630193628370762 0.8735778778791428 29.14171569049358 20.48123437166214 4.171861469745636 10.38593603670597 23.15137675404549 14.76984682679176 7.844647862017155 0 0 0 0 0 0 0 0 0 0 0 0 0.1196161508560181 0 0 0 0.2075109928846359 0.3692906498908997 0 3.476264089345932 3.773395895957947 0 0 0 4.938464507460594 0 1.9143395870924 1.856507010757923 0.8142581507563591 0 0 0 0 0 0 0 0.3975073397159576 0 0 0 0 0.7339915186166763 0 0 0 0 0 0.7791426628828049 0 0 0 0.1723400950431824 1.207578778266907 0 0 0 0 0 0 0 0 6.43688627332449 1.374723717570305 0 0 0 1.517740800976753 0.2810668349266052 1.132059067487717 0.1203713342547417 0 0 0 0 0 0 0 0 0 0 0 0 5.748837314546108 0.1608021259307861 1.400771208107471 67.72393082082272 0.8538811802864075 8.649816572666168 2.17184304445982 189.2618836164474 2.283349797129631 5.350330948829651 0.6286150813102722 28.96109615266323 0.2029536366462708 8.664435856044292 0.114099532365799 79.53685431927443 0 11.76575326919556 0.2409243583679199 3.570063233375549 0 31.12614037841558 14.48446609079838
498.9135176464915 2732.58311124891 234.5607836991549 375.4984368756413 1122.210759721696 26.93742906302214 331.7167563736439 26.71276357769966 775.4136267155409 1091.084683820605 96.35163842141628 160.6078763157129 3572.038420192897 1317.943479910493 10.35452523827553 3.767216987907887 9.177949354052544 0.1611201763153076 0.3977121859788895 0 1.840212464332581 0 0.5967591404914856 0.2356649041175842 0.4645965248346329 0.5721468031406403 0.1039605885744095 0.1455052047967911 0.404558464884758 0.2616485208272934 139.0510175302625 8.502833902835846 37.79300702363253 0.1044529303908348 0.3320903778076172 0.1036172807216644 18.93554183095694 2.390174075961113 2.203663356602192 0.5379885286092758 0.900663360953331 0.8910241425037384 1.516139067709446 1.323427565395832 0.112436555325985 0.1293485313653946 79.75504649430513 2.747800841927528 1.228320218622684 1.196069240570068 1.810086458921432 0 0 0.224618948996067 1.905796647071838 2.289361163973808 30.32159283012152 104.9261670038104 28.80458150804043 37.26991782337427 0.234369583427906 2.325160384178162 0 51.57878346741199 4.5537204220891 0.9565801620483398 1.798714056611061 1.319773845374584 2.01465680450201 5.861044406890869 29.76625455915928 0 0 126.1538340821862 45.04459942877293 89.74377872794867 43.69089597463608 4.348257966339588 0.292798675596714 6.699383899569511 0.6452500894665718 1.984826438128948 4.846817784011364 0.09216704964637756 0.8469931930303574 3.532799191772938 0.5035931393504143 0 0.5692482516169548 0.2051354348659515 0.4510692209005356 0.1195747181773186 3.067687474191189 0 1.084365911781788 33.41747941076756 3.730411812663078 0 4.061331197619438 221.7248828709126 0.4199539721012115 0.4980479925870895 7.092386603355408 0 1.739974021911621 17.04450821876526 2.545714423060417 6.406281672418118 15.73913872241974 6.600095547735691 0.5575836896896362 9.408342987298965 5.691591612994671 7.166695021092892 9.310980349779129 0 0 0 0 0 0 0 0 0 0 0 0 0 0 0 0 0 0 0 1.512229114770889 1.105496525764465 0 0 0 4.710351139307022 0.5859530419111252 1.572332546114922 0.1467988938093185 0.8526687026023865 0 0 0 0 0 0.5028709173202515 0 0 0 0 0 0 0 0.1003491580486298 0 0 0 0 0.5617828369140625 0 0 0 0.5400592237710953 0 0 0 0 0 0 0 0 0 7.325520753860474 0 0 0.1178758889436722 0.1132869496941566 2.15482559800148 0.3772637546062469 1.304794669151306 0.1748927235603333 0.1724804192781448 0 0 0 0 0 0 0 0 0 0 0 9.931114137172699 2.257931523025036 2.190123870968819 142.6590269729495 4.867116555571556 346.4238028824329 46.58639097213745 145.1233664005995 40.11535622179508 0 10.86584641039371 4.147432997822762 0.153341144323349 0.2725157514214516 0.8825120404362679 16.35480321198702 0 0 0 0.6541094928979874 0.2549105286598206 62.41499206423759 18.84998799115419
60.53338994830847 227.7798051461577 2004.631958566606 0.1425827592611313 58.83099144697189 0.8040643557906151 26.71276357769966 1524.806607678533 77.38454718142748 3.102332636713982 2472.398317411542 14.48397611826658 172.0185945034027 1014.564992941916 9.905937843024731 7.450747445225716 32.89088974893093 3.018866457045078 5.880176939070225 4.527407385408878 57.53826856613159 0 12.98271217942238 3.864458732306957 15.77958630025387 9.90669709444046 5.498946115374565 2.92085961997509 1.605598941445351 0.3436101153492928 1230.349322482944 2549.319647870958 253.3419650271535 2.669871851801872 24.13926025480032 15.97326634824276 101.5927029177547 63.76760125160217 29.08573779463768 7.156070701777935 21.1418035402894 9.069705799221992 115.9309652149677 35.20722562819719 19.71522358059883 24.18843650817871 36.16251307725906 7.229195080697536 15.48519691079855 61.65411242097616 16.25815629959106 0.2793616354465485 0.4617125913500786 5.387477174401283 1.131634414196014 1.014985844492912 17.71281331777573 67.81867297738791 13.45767323672771 13.39453218132257 75.92692674696445 85.80869076400995 3.146103344857693 468.6873044371605 4.223691813647747 9.188440836966038 5.902859725058079 39.02327701449394 89.05872198194265 205.010227009654 53.2586999759078 1.384185090661049 0 55.96253891289234 39.27706403285265 40.18671010434628 100.4098521620035 117.9319153577089 607.6221562176943 2444.950607776642 192.1476454734802 1021.637395560741 1.856986314058304 0 4.519801311194897 4.052816085517406 18.64755787700415 0 0.9970248118042946 0.08802472054958344 2.165254861116409 0.5138300731778145 78.00195927917957 8.797403767704964 4.629737839102745 17.02649436891079 2.618490032851696 0 13.43493093550205 40.3661704659462 0.1287932395935059 0 0 0 0 0.4484566897153854 0 0.330159604549408 0.2881345003843307 0.5326658338308334 0.167129710316658 1.371712699532509 2.006889417767525 1.003137536346912 1.933367878198624 0 0 0 0 0 0 0 0 0 0 0 0 0.2574425786733627 0 0 0 0.08442307263612747 0 0.1106338948011398 0.8273008018732071 1.219805851578712 0 0 0 1.883833304047585 0 1.143588230013847 2.262223817408085 0.2273808047175407 0 0.1142210811376572 0 0 0 0 0 0 0 0 0.1331444680690765 0.1644228845834732 0 0.2331711053848267 0 0 0 0 0.09459277987480164 0.2902621626853943 0 0 0.2730619609355927 0 0 0 0 0 0.4227720499038696 0 0 0 2.320658378303051 0.2968180477619171 0 0.7293816953897476 0.6964763626456261 0.3529334962368011 0 0 0 0.2845556139945984 0 0 0 0 0 0 0 0.143347442150116 0 0 0 0.677065297961235 1.451346829533577 2.857104137539864 44.15456876158714 10.89145772904158 99.06756430864334 16.39669401943684 23.60315140336752 8.158470720052719 0 3.634900949895382 1.786054462194443 0 0.9809416979551315 0 1.953523300588131 0 0 0 0.7779978513717651 0.5018786638975143 5.505322031676769 2.757608272135258
4.741042546927929 308.6518172696233 431.1573699489236 0.9187052547931671 1232.209435328841 3.379594936966896 775.4136267155409 77.38454718142748 355.6213346421719 74.7338579595089 360.2334771752357 57.39036141335964 1919.107713207603 1434.071372233331 7.794303178787231 4.274758517742157 3.49591851234436 0 0 0.2323474735021591 1.863438211381435 0 0.3450101539492607 0.3528824672102928 0.6268023103475571 0.4240159541368484 0 0.144231304526329 0 0 22.15215189754963 4.162960954010487 41.66973208636045 0 0.5092630460858345 0.4006206318736076 19.01779787242413 2.613005667924881 2.609616957604885 0.9278842583298683 0.5532573238015175 0.4876784533262253 1.499966144561768 1.294341444969177 0.09844424575567245 0 27.5562356710434 1.031686253845692 0.7246273532509804 0.8669846579432487 1.301905065774918 0.09272822737693787 0 0.4667154252529144 0.3196704536676407 0.5340087413787842 6.298326313495636 18.07408004254103 5.073514342308044 10.9983921572566 0.5089009627699852 1.537262879312038 0 19.99005340784788 0.9755333065986633 0.2300685048103333 0.8922330141067505 0.4597788453102112 3.449691452085972 7.712241061031818 13.62269137054682 0.1149353981018066 0 34.46372231096029 11.44106239825487 31.44053716212511 21.43299774825573 1.899469651281834 0 13.66452909260988 0.2818534448742867 1.872996345162392 1.012589432299137 0 0.2062589228153229 0.8655895814299583 0.09525556862354279 0 0.4046390727162361 0 0.1120201200246811 0 3.916797660291195 0.3849017918109894 0.3674928247928619 11.03024131804705 1.313651248812675 0 3.629648268222809 23.60385237634182 0 0 0 0 0.7964885234832764 1.240404024720192 0.9916179478168488 0 1.109906300902367 2.15521864593029 0.3583892583847046 1.499501913785934 2.589258141815662 2.937152698636055 4.757606893777847 0 0 0 0 0 0 0 0 0 0 0 0 0 0 0 0 0 0 0 0.9338015764951706 3.315819896757603 0 0 0 2.401750840246677 0 1.875361368060112 1.196199163794518 0 0 0 0 0 0 0 0 0 0 0 0.240333653986454 0 0.1236448287963867 0 0 0 0 0 0.7548086941242218 0 0 0 1.417061805725098 0.6553532481193542 0 0 0 0 0 0 0 0 5.643463261425495 0 0 0 0.08996901661157608 0 0 0.5401322841644287 0 0 0 0 0.4480924606323242 0 0 0 0 0 0 0 0 4.428039602935314 0.7811442464590073 1.644323602318764 59.02766678482294 1.10383540391922 106.1990691795945 15.50566650927067 28.33978892117739 12.73345502465963 0 3.560661680996418 5.058892294764519 0 0.1340182274580002 0 6.70539066195488 0 4.008843421936035 0 1.616415530443192 0 14.49835897237062 9.202751338481903
1261.839577540755 1216.067940227687 12.32622208446264 3361.460129663348 71.98504963517189 727.7494088560343 1091.084683820605 3.102332636713982 74.7338579595089 2746.208288490772 10.76976525783539 2833.956447467208 5409.175404883921 79.723140001297 1.054181173443794 0.6490497589111328 1.734889775514603 0 0.4327972531318665 0 0.1912565529346466 0 0.5045485347509384 0.1041562035679817 0.8037247061729431 0 0 0.1216874420642853 0 0 45.52634907513857 0.1630756556987762 199.3926320895553 0 0.1567833125591278 0 139.3828505501151 6.427888721227646 8.61070940643549 0.3367848843336105 0.1440359801054001 0.4787068217992783 0.6767140030860901 0 0.1369131952524185 0.2308916226029396 9.26043227314949 0.2408538907766342 0 0 0.5533207431435585 0 0 0 0.1428535133600235 0.1616840064525604 9.607331313192844 34.40741930156946 4.909853368997574 1.817037671804428 0 4.38795493543148 0 2.107281923294067 0.5865009352564812 0.4191044047474861 0.205282635986805 0.4636276885867119 1.853140473365784 4.470850303769112 354.1451602503657 6.33165967464447 0.1353025138378143 13.97592581808567 2.448194608092308 5.561761863529682 4.646404936909676 0.5256181210279465 0 2.844393149018288 0 3.315035298466682 0.6904502809047699 0 0.11422248929739 0.1137499660253525 0.2421212941408157 0 0.1233759373426437 0.1591958552598953 0.1039786711335182 0 1.620439276099205 0.7959548979997635 0.134745866060257 648.6286128014326 67.41648069024086 2.209252551198006 43.85827902704477 297.2917548716068 3.550247795879841 4.985308550298214 30.91849551349878 25.59267960488796 5.657623179256916 16.53445106744766 26.17813105881214 4.138196714222431 63.4433111473918 60.24037060141563 6.358946993947029 41.21979739516973 83.4126136302948 57.01443941146135 37.26500578224659 0 0 0 0 0 0 0 0 0 0 0 0 0 0 0 0 0 0 0 7.250069998204708 9.502439171075821 0 0.3599976897239685 0 20.62876749038696 0 4.277177385985851 2.761218532919884 0 0 0 0 0 0 0 0 0 0.2478454262018204 0 0 0 0.119663842022419 0 0 0 0 0.9053482264280319 5.385823398828506 0.1721128672361374 0.5282687544822693 0 1.386247485876083 0.1774433553218842 0 0 0 0 0 0 0 0 20.89702260494232 0 0 0 0.2776584252715111 3.765813566744328 1.957254208624363 0.8611612170934677 1.372530229389668 0.3776257932186127 0 0.6538118720054626 0.1559823602437973 0 0 0 0 0 0 0 0 24.4377105012536 1.597447097301483 5.993649162352085 32.1688068062067 2.436373546719551 28.31137679517269 7.79820328950882 525.8053767085075 5.524113610386848 4.225780308246613 3.142878770828247 65.93128913640976 0 8.779375307261944 1.582761101424694 163.4483324438334 0.3445696979761124 14.48454427719116 0.2490915805101395 0 1.602904319763184 612.7175762280822 47.76402726769447
150.6321704462171 781.6283769607544 2230.095914959908 0.9897574633359909 270.8912163898349 0.459507629275322 96.35163842141628 2472.398317411542 360.2334771752357 10.76976525783539 1306.433601923287 53.96647891402245 1545.623586930335 3406.398048564792 12.57720199972391 6.051392056047916 5.104159198701382 0.09213162213563919 0.5494677126407623 0.9137647449970245 8.274490065872669 0.1552848219871521 2.548319213092327 1.304331198334694 3.839691609144211 2.086285561323166 0.8645318076014519 1.143770702183247 0 0 345.0453204363585 106.1138174533844 520.3948710933328 0.6805844381451607 3.840957581996918 1.958646439015865 168.1872930899262 22.09259010851383 12.11239952594042 1.733006238937378 6.020863704383373 2.127861112356186 5.903437629342079 1.495261289179325 1.212860465049744 1.320835277438164 37.44768716394901 1.690935127437115 0.6470129266381264 1.168902114033699 2.555408865213394 0.1088604554533958 0 0.333386056125164 0.4984487518668175 1.032792955636978 10.5630868524313 42.12187129259109 13.693100258708 18.2309821844101 1.48398145288229 39.64348085969687 0.5989646092057228 33.81235568225384 1.000217705965042 1.264637552201748 1.314601115882397 2.235525272786617 10.24318520724773 31.15319886803627 75.5117492005229 0.3819373548030853 0 58.27199200540781 18.71106407046318 41.34215074777603 26.327482663095 4.939013987779617 3.116661481559277 622.3799865022302 1.770983852446079 34.63021516054869 1.609376490116119 0 0.6164493411779404 1.048519089818001 1.603599801659584 0.09500056505203247 0.5265675708651543 0 0.1778615340590477 0.07934322953224182 16.77616582810879 1.180011846125126 0.6053269952535629 14.041883289814 0.8071433752775192 0 9.74638120085001 53.30296009778976 0 0 0 0 1.410860016942024 0.158079594373703 0.7142089009284973 0 0.3011294603347778 0.9095713943243027 1.273333892226219 0.444705568253994 2.346771202981472 1.868626989424229 3.566487155854702 0 0 0 0.09619142860174179 0 0 0 0 0 0 0 0 0 0 0 0 0 0 0 0.8314682692289352 0.1402173638343811 0 0 0 2.21747250109911 0 1.402472212910652 0.4780753701925278 0.279632955789566 0 0 0 0 0 0 0 0.198585718870163 0 0 0 0 0 0 0 0 0 0.4799155592918396 0.2343525290489197 0 0 0 0.6524020060896873 0 0 0 0 0 0 0 0.1235738918185234 0 2.415327809751034 0 0 0 0.3115210235118866 0 0.2176932021975517 0.6226148456335068 0.1308006793260574 0 0.13443922996521 0 0 0 0 0 0 0 0.1415275484323502 0 0 1.348660066723824 0.6876702532172203 2.129823684692383 79.62279430031776 3.816094078123569 131.391186773777 21.95429604500532 30.83325926214457 13.82598201185465 0 3.402862399816513 0.9047306180000305 0 1.551953986287117 0.1088500395417213 4.829829260706902 0.2826475203037262 0 0.796458899974823 2.244131535291672 0 10.04433277249336 3.614729970693588
127.5338997244835 72.30476287007332 21.22833295166492 726.5909658968449 14.58896485716105 156.1098219379783 160.6078763157129 14.48397611826658 57.39036141335964 2833.956447467208 53.96647891402245 341.6115174740553 1159.580511629581 145.6735273450613 9.024510093033314 4.26051227003336 2.910434618592262 0.3506291806697845 0.1287824958562851 0 3.767567008733749 0 0.6730604469776154 0.1750132441520691 2.666347168385983 0.8863983005285263 0.4117372035980225 0.8573083132505417 0.7552858889102936 0 4.242686584591866 1.332100130617619 284.0844313055277 0.1544743925333023 0.9365909099578857 0.8824848607182503 354.69931165874 31.41784874349833 26.97299343347549 3.061540402472019 2.101935133337975 1.034469492733479 1.068281546235085 0.4170483350753784 0.4734311997890472 0.3523946404457092 15.6544521972537 0.4068053662776947 0.2563354298472404 0.2280076593160629 2.202145576477051 0.378263421356678 0 0.9974438399076462 0 0 2.54824224114418 4.510046876966953 1.61849944293499 4.917652890086174 0 22.97847708314657 0.2510556429624557 4.407575063407421 0.5938159972429276 0.4611843749880791 0.6409387290477753 1.916886553168297 9.01336458325386 15.88332093507051 304.9911481961608 2.446591272950172 0.1170899793505669 9.8969781473279 2.631362982094288 13.51215454936028 11.96678134053946 1.143434062600136 0.1530501246452332 39.35428816080093 0.4757032841444016 13.41276773810387 0.3298667371273041 1.946442484855652 0 0.1846471652388573 0.4937537536025047 0 0.7137589380145073 0.09121987968683243 0.4623680636286736 0.3292274326086044 9.996103137731552 1.333660192787647 0.6201647371053696 521.7202285528183 12.4717721119523 0 27.61357446759939 19.49084865301847 2.778704665601254 2.750455550849438 5.948186740279198 1.846531108021736 6.885000467300415 16.60357963293791 18.64959555119276 3.652077049016953 54.31433354318142 56.72295544296503 7.706030286848545 47.72513362020254 71.23234987258911 84.75441374629736 55.59325851500034 0.2147531732916832 0 0 0 0 0 0 0 0 0 0.5653224587440491 0 0 0 0 0 0 0 0 14.46076807379723 10.07697704434395 0 0 0 32.82901895791292 0.6379946321249008 9.484001986682415 3.759716987609863 0.1294632703065872 0 0 0.1839187890291214 0.1291969418525696 0 0.7899961471557617 0 0 0.2848385721445084 0 0 0.1110216155648232 0 0 0 0 0 0.8606342449784279 7.189777128398418 1.22398966550827 0 0 8.723525568842888 1.460270829498768 0 0 0 0 0 0 0 0 42.53418583422899 0.3396700173616409 0 0 0 5.172228395938873 2.081372864544392 5.369547560811043 0.3187779933214188 0.7708012163639069 0.9324865192174911 0 0.237098291516304 0 0 0 0 0 0 0 0 44.45876573771238 6.49491460621357 11.21410401165485 65.5881681740284 5.401646465063095 59.41818711906672 21.17599385976791 71.6131261959672 10.70213708281517 0.4185448586940765 8.837990403175354 37.069137185812 0.3594724535942078 10.11743628233671 2.443258598446846 153.2294318601489 0.1855684369802475 0 0.5546731278300285 0 0.2268836051225662 464.8108149468899 79.20915974676609
113.3233559578657 1447.527928568423 525.0121438279748 746.9705659523606 1040.488905139267 100.0737677812576 3572.038420192897 172.0185945034027 1919.107713207603 5409.175404883921 1545.623586930335 1159.580511629581 4709.797302678227 4701.97350294143 38.31877925246954 21.88915330171585 11.61737007647753 0.3232002407312393 0 0.8188010975718498 13.92644712328911 0.1021515727043152 5.231209434568882 1.142374433577061 6.561807446181774 2.788585752248764 1.786557115614414 0.8570720851421356 0 0.08843901008367538 36.53498394787312 7.248109199106693 979.2880107536912 0.5536468029022217 5.634268946945667 3.368994630873203 498.8286832198501 44.2666787058115 48.53258388489485 3.782513312995434 9.160041734576225 4.868918567895889 9.276162631809711 2.938459306955338 0.3790415227413177 0.5289074406027794 100.1268477514386 1.380873210728168 1.503501377999783 3.412239134311676 6.564270325005054 0.254617877304554 0 1.752526663243771 0.6845924556255341 1.584638245403767 16.38507885485888 36.22074730694294 13.31929115206003 37.80056823790073 1.065582729876041 50.44565162062645 0.2614766061306 55.82318653166294 1.914875835180283 1.016637951135635 2.797834053635597 6.51147136837244 21.15938232094049 54.11306101083755 422.2477337270975 3.218395307660103 0 87.68550930917263 30.38916492462158 96.65255472809076 67.57603000104427 11.88548063486814 1.709800250828266 143.6076226755977 0.5507123172283173 29.57104893773794 1.862362593412399 0 0.9548201486468315 2.437227353453636 3.078766815364361 0 1.060498036444187 0.1093451753258705 0.6095717325806618 0.4569620341062546 33.6990642696619 2.918909631669521 2.625451259315014 766.6330333948135 19.95731510221958 0.2451512217521667 50.33621153980494 98.00920233130455 7.186330959200859 8.046139590442181 6.89430408924818 3.041895687580109 18.37458282709122 27.13753073662519 26.95616879314184 7.957949116826057 102.4655539467931 89.74584951251745 11.61232350766659 74.91844955086708 124.6467235609889 127.5488468334079 104.4285853728652 0.8854701220989227 0.112056702375412 0 0 0 0 0.1245930045843124 0 0 0 0 0 0.1444801390171051 0 0 0 0 0 0 22.02121745049953 22.7552602738142 0 0 0.2218104898929596 66.71077216416597 2.132227852940559 14.02519676089287 5.308905206620693 0.1435345113277435 0 0.1030968353152275 0 0.8434902429580688 0.2801524698734283 0 0 0.6962907463312149 1.411324940621853 0 0 0 0.4462240934371948 0 0 0.2178807109594345 0 0.7645068392157555 7.18174409866333 0.9138004183769226 0 0.3453041911125183 15.00495721399784 6.933511316776276 0.2834545969963074 0 0 0 0 0 0 0.1206612512469292 84.4171871766448 0.09851032495498657 0 0 0.5008699744939804 6.998645938932896 1.599016092717648 8.511112302541733 0.2219004407525063 2.210447661578655 1.396721608936787 0.8168654441833496 0.3001163005828857 0 0 0 0 0 0.2201709598302841 0.2392314299941063 0 81.4534879848361 11.06175645440817 22.32777271419764 311.8272589668632 11.46293983608484 348.1790666431189 81.63974393904209 155.3608305379748 53.90934740006924 2.089491754770279 31.51592726260424 67.95070484280586 1.237409219145775 19.14466489106417 4.454497128725052 231.044062435627 3.265625432133675 2.083291530609131 0.4221166223287582 4.947163075208664 2.725609749555588 664.4536906853318 170.8769773319364
199.2647283896804 1252.158188767731 1829.614481911063 6.358200252056122 2142.923006005585 3.19064025580883 1317.943479910493 1014.564992941916 1434.071372233331 79.723140001297 3406.398048564792 145.6735273450613 4701.97350294143 1636.361437082291 12.98518730700016 5.962942205369473 6.783592261373997 0.3679546788334846 0.1764030307531357 0.5572575479745865 10.06920243054628 0 2.197495356202126 0.4738883376121521 7.759020365774632 3.474671386182308 0.830380767583847 0.5810771435499191 0.7031922042369843 0.303026095032692 169.9155673906207 17.86200516670942 1987.357816062868 0.7986662313342094 4.099625423550606 6.584764942526817 976.785266533494 80.99015268683434 50.95537056773901 5.424933478236198 5.867335997521877 3.609528824687004 4.53359018266201 0.8996622562408447 0.3207884356379509 0.9031943753361702 48.07663462311029 0.9527478516101837 0.5293108522891998 2.8554527759552 3.272319436073303 0 0 1.233100958168507 0.6411751955747604 1.88745840638876 16.2190847992897 49.96514891088009 10.99992657452822 16.84240497648716 0.6985294073820114 190.8587440177798 0.1215483173727989 22.42879182845354 1.313013963401318 1.781779564917088 0.9987222999334335 4.545563913881779 9.142875269055367 33.3334348872304 359.8501887694001 0.9849138632416725 0 67.07318127155304 21.4317369312048 42.70539648830891 30.34907559305429 5.016309477388859 0.6184323951601982 948.3613440990448 0.2653757482767105 98.25711660832167 2.185650400817394 0.111815333366394 0.941937267780304 2.465775713324547 1.260141015052795 0 0.2367676049470901 0.2667962089180946 0.2700790464878082 0.3354782462120056 21.40852241963148 2.353354595601559 1.211084313690662 70.09437830746174 6.460049904882908 0 22.29326496273279 71.73090027272701 1.128826856613159 0.2423036769032478 0 0.2672385647892952 1.834334805607796 1.439117506146431 0.7555856332182884 0 10.74823682755232 7.53158838301897 1.716884315013885 9.431114718317986 13.89680980145931 12.5557905882597 12.96505982428789 0 0.1299865990877151 0 0 0 0 0 0.2765150666236877 0 0 0 0 0.116879403591156 0 0 0 0.293964572250843 0 0 1.203435182571411 2.664376199245453 0 0 0 6.847988970577717 0 2.766039557754993 1.234572477638721 0.338721789419651 0.2588275074958801 0 0 0 0 0 0 0 0.2218836545944214 0 0 0 0 0 0 0 0 0.2401707619428635 0.3793900907039642 0.1209127902984619 0 0 3.514888554811478 0.1462807208299637 0 0 0 0 0 0 0 0 12.88305371254683 0.1333163678646088 0 0 0.1291172206401825 1.680689975619316 0.2861844003200531 0.5422781482338905 0.6628061681985855 0 0.2208256721496582 0 0 0 0 0 0 0 0 0 0 10.10873474180698 2.385165937244892 4.016631357371807 109.9777581393719 4.475134655833244 151.954226270318 28.07379587739706 40.57737158983946 19.99274913221598 0.5218907967209816 12.55296714603901 11.37941026687622 0 2.368131719529629 0.2504347264766693 12.76413923501968 0.1972065418958664 0 0 4.481980696320534 0.1448447555303574 47.34344380348921 15.97472937405109
