175.6390568390489 2753.111540921032 186.4387400373816 992.1904572620988 178.0205701887608 23.85060466825962 501.9083084389567 11.33682557940483 16.71852666139603 1119.962954603136 229.4590847492218 136.1912882104516 77.85552640259266 124.066863104701 2.611794531345367 0.9172946810722351 0 0.08368773013353348 0 0.09011226892471313 0 0 0 0 0 0 0.1553909033536911 1.294838845729828 0 0 733.3350330665708 0.5064098387956619 14.52795165032148 0 0 0.5738348066806793 2.553816303610802 0.2902217954397202 1.153363272547722 0.3580086827278137 0 0 0 0.2198243886232376 0.1330853849649429 0.1118517071008682 15.39908687025309 2.898087047040462 0.7735095545649529 0.09325167536735535 1.246524095535278 0.1783252656459808 0.7842845916748047 0.1992218643426895 5.835084542632103 2.632555738091469 132.6359376609325 597.7770563289523 22.15574330091476 11.07418496906757 0.1703121215105057 0.4215485751628876 0 33.27128045260906 4.2735695540905 4.144315451383591 0.3926191851496696 0.7379786968231201 0.08269167691469193 0.2867127060890198 9.978076033294201 0.4226256310939789 0.1200719773769379 239.6562056913972 39.31746932864189 49.28842427581549 1.562966570258141 1.053518578410149 1.417744502425194 10.68727799504995 0.09342093020677567 0.7071778848767281 11.24979301542044 0.6591909229755402 2.285271175205708 3.313488513231277 2.350254148244858 0.2954769432544708 1.298749975860119 0.1280992478132248 0.5487258359789848 0 0.1097530797123909 0.3641647025942802 0 67.42339597642422 27.52678497135639 0 6.669096723198891 672.9757925011218 0 0 0 34.89268021285534 0 60.21477769315243 0.2248003929853439 0.6255790591239929 0.9065266773104668 1.320122078061104 0 1.916835203766823 0.958140105009079 1.068692117929459 0.4109335541725159 0 0 0 0 0 0 0 0 0 0 0 0 1.375896513462067 0 1.079868197441101 0 0 0 0 0 0.5130875408649445 0 0 1.092512369155884 0 0.8522426784038544 0.1379640102386475 0.6354512274265289 0 0 0 0 0 0 0 0 0 0 0 0 0 0.1460114717483521 0 0 0 0 0 0 0 0 0 2.14290426671505 0 0 0.3860340714454651 0 0 0 0 0 0 2.675619229674339 0.1236335933208466 0 0 0 2.091923177242279 2.591434180736542 0.7775756418704987 0 0 0.6666913628578186 0 0 0 0 0 0 0.2047123908996582 0 0 0 0.658568412065506 0 0 176.195704780519 5.774164155125618 102.8259175047278 14.14609976112843 308.4921990782022 8.772986680269241 10.12885804474354 3.64453386515379 0.9488527327775955 0.1464759260416031 0.09872879087924957 0 7.298327893018723 0 0 0.7671746015548706 1.663173094391823 0 107.3510781601071 0.7377804219722748
2753.111540921032 3439.350581794977 1379.063778929412 518.7163408696651 3984.085743680596 14.25434847176075 3143.177156746387 39.00568597763777 803.0617465078831 1127.480864994228 2256.657363638282 158.4605908766389 569.964940905571 1970.223190426826 33.07429306209087 3.514769241213799 0.940628670156002 0.7187478020787239 0.1535768955945969 0.1055778935551643 0.8855922669172287 0.4462271332740784 0 0 0.3155400305986404 1.58812852203846 0.2702991962432861 1.482486538589001 0 0.09329778701066971 2043.252335652709 18.72117790579796 56.55828819423914 0.3247484192252159 0 0.392931193113327 15.23478760570288 2.08881688117981 2.477664947509766 0.8496079966425896 0.7726829946041107 0.9385698661208153 0.5305182039737701 1.519334897398949 0.3786926344037056 0.4789526909589767 119.496940381825 14.74999118596315 2.808520473539829 0.6833619102835655 4.82170208543539 0 0 1.155376076698303 26.1684563010931 13.19641584903002 85.05466201156378 710.7277743369341 22.56513101607561 71.09606973081827 0.1661447584629059 2.435682713985443 0.2083398103713989 219.8367538675666 15.11553751677275 18.94954370707273 4.171590551733971 2.793915547430515 1.293985173106194 1.035224810242653 36.6682608500123 0 0 567.4130427800119 215.5086704194546 327.7091316357255 39.417774759233 2.945097170770168 6.995935216546059 65.73035633563995 0.8935871720314026 12.78510475903749 51.88118742406368 1.486714385449886 14.27080132812262 18.64533212780952 13.23104263842106 0.3301457613706589 4.874104276299477 0 2.313803054392338 0.476553201675415 0.9526382088661194 1.726117961108685 1.215636685490608 13.53458463400602 0.7973699048161507 0 3.145515009760857 518.6019517220557 0.1628618240356445 3.57258228957653 1.601384311914444 83.35149576514959 0.2069513499736786 195.2595157623291 1.396051317453384 0.7783893346786499 3.728889867663383 7.895908586680889 1.386969059705734 4.905744500458241 7.741826005280018 2.537272118031979 9.586744591593742 0.1403727382421494 0 0 0 0 0 0 0.1816223859786987 0 0.4080158472061157 0.2855406105518341 0 0.5879931449890137 0 0 0 0 0 0 0.9988325908780098 2.118343845009804 0 0 0 3.511444911360741 0.2455631271004677 0.2936205118894577 0.7468872517347336 0.3199757039546967 0 0 0 0 0 0.8997367024421692 0 0 0.1875312328338623 0 0.3442240580916405 0 0 0 0.1672707945108414 0 0 0.4466490522027016 0.2074627131223679 0 0 0.56194007396698 11.20004636049271 0 0 0.1032214611768723 0.116134025156498 0.09495080262422562 0.1063631251454353 0.3054637163877487 0 0 7.938128270208836 0 0 0 0.3062434643507004 3.822442144155502 2.089269444346428 3.673127666115761 0.3702497780323029 0.3149565905332565 0.2639614641666412 0.09636788070201874 0.3982638716697693 0 0.1784607768058777 0 0 0.7634239122271538 0.1073167324066162 0.5558571442961693 0.1261776834726334 8.747321955859661 3.203066527843475 3.240020036697388 535.5486194118857 27.1516640484333 482.5636640563607 44.27745831757784 183.5033913403749 46.14159605652094 8.557521462440491 24.83191825449467 3.734152719378471 0 2.94584421813488 0.5102042257785797 9.131328374147415 0.8547986149787903 0.1639580428600311 0 8.109295196831226 0 135.7566149234772 5.79333683848381
186.4387400373816 1379.063778929412 1629.625151142478 7.427168555557728 374.5656812563539 0 58.05989583581686 1534.250788763165 92.18795803189278 9.685946732759476 3822.580001525581 24.4126608595252 55.92648110538721 576.4912098050117 30.38317316770554 13.14837740361691 0.7044625207781792 1.089186944067478 0.4861437082290649 0.9541716352105141 17.50866281241179 4.250432416796684 0.364505223929882 0.1274000853300095 3.935147814452648 7.626464456319809 0.593547061085701 5.089588031172752 0.9078860580921173 0.2674949765205383 6461.481541309506 263.7104987204075 160.7228171005845 4.987384706735611 4.012668378651142 4.641348160803318 33.1963460072875 20.12715024501085 7.126333840191364 9.136975988745689 17.17018485069275 17.20922105759382 6.517828278243542 8.470421768724918 2.595233164727688 1.856955021619797 59.72391186654568 9.734671771526337 3.194858804345131 11.68960160762072 11.3249970600009 2.620042517781258 0.4041275158524513 8.927066273987293 8.931033931672573 4.820573009550571 43.65231246873736 1003.855514608324 12.04441388696432 26.33639311045408 3.909430302679539 43.65400393307209 2.160782419145107 778.405560143292 6.654049851000309 8.584436394274235 5.420734293758869 13.22482963651419 29.09391862899065 27.6364770680666 34.75379349291325 1.108346819877625 0.07361365109682083 386.8106336295605 167.2413897439837 154.6485310792923 38.45405925810337 18.49844483286142 638.7677867338061 1129.868126802146 29.87549018859863 967.8252465426922 19.09066271781921 0.9985219314694405 6.538353465497494 6.192992523312569 6.183418832719326 0.1270088106393814 4.153102442622185 0.3165579214692116 1.882922425866127 0.3247281014919281 20.87782830744982 8.949595563113689 4.678812950849533 27.17815707623959 11.45477994531393 0 6.532642781734467 37.51627589762211 0.2295994237065315 0.9895514845848083 0.8945219293236732 0.3154124170541763 0 3.022239312529564 0.1305154114961624 1.062526494264603 1.850488841533661 3.689641833305359 0.5055736601352692 3.121337532997131 4.43946884572506 2.99619933962822 7.171030677855015 0.1452376693487167 0.1223741546273232 0 0.1531229317188263 0 0 0 1.063999652862549 0.1588588804006577 0 1.947259157896042 0 3.238293819129467 0 3.215657286345959 1.886734455823898 0.7667306661605835 0.6135733276605606 0.6427326202392578 2.503335826098919 1.594608053565025 0 1.617950022220612 2.855718687176704 4.796689733862877 3.196051448583603 2.152383580803871 5.454220965504646 3.272401928901672 0.4459233283996582 0.2830048203468323 0 0 1.060650624334812 0.3876554146409035 0 0 1.133605524897575 0 0 1.132749244570732 2.182242587208748 1.976478196680546 0.171191394329071 0.08961759507656097 0 0 1.063810169696808 0 1.479451864957809 3.243377029895782 19.46408769488335 1.072526499629021 0 0.1529534906148911 0.2288407683372498 0 0.2479272335767746 0 0 0.1055772751569748 7.235058344900608 0.5299429595470428 0.1057427152991295 0.3112700656056404 0.9656518027186394 6.592352688312531 1.013494968414307 5.916024655103683 0.446172684431076 0.3688533455133438 0.6831708699464798 1.547479793429375 0.6665996462106705 0.171962782740593 0.08977991342544556 0 0 0 0.1882109344005585 0.4808373227715492 0.1041723936796188 5.731125347316265 5.057981409132481 9.854504704475403 188.022614762187 17.19114308804274 191.0255142524838 36.94713001698256 28.83357276022434 15.50272865593433 3.219582594931126 12.65148124843836 6.425008736550808 1.00797301530838 4.872784286737442 0.686570793390274 5.542555496096611 0 0 0.6303107142448425 6.216790333390236 0 41.26184077560902 3.235778458416462
992.1904572620988 518.7163408696651 7.427168555557728 150.0286489054561 278.0967370271683 144.994088113308 413.7400316223502 2.23498247563839 10.02237541973591 1031.593448624015 42.51540694385767 561.02048253268 412.5774942412972 33.10364086180925 5.021291688084602 0 0 0.09243515133857727 0 0 0 0 0 0 0 0 0 0 0 0 68.9682569205761 0.2140355706214905 0.2424179166555405 0 0 0 0.09162890166044235 0 0.7258045077323914 0.0826612114906311 0 0 0.2152951955795288 0.3649650663137436 0 0 18.41241020709276 2.706727728247643 0.5724092200398445 0.2330944836139679 0.8218385279178619 0 0 0 6.867921233177185 2.899627432227135 24.33367667347193 75.49463777989149 4.428796872496605 11.18492773920298 0 0.4049867242574692 0 28.24169597029686 3.688106045126915 4.316864751279354 0.6674543768167496 0.3547197058796883 0.3203787803649902 0.323587030172348 0.6041645407676697 0 0 120.0920472480357 37.65947958081961 59.88501846790314 1.87362776696682 0.1773107275366783 0.3009614571928978 0.1617329120635986 0 0.6363349184393883 13.74608868360519 0.4188476428389549 3.473316378891468 2.61997464299202 2.017206192016602 0.09802769869565964 1.625726319849491 0 0.6059096977114677 0.1255174279212952 0 0.2061906456947327 0 2.950727894902229 0.09326557070016861 0 0 503.0471998900175 0 0.6472364664077759 0.3921286016702652 28.83009519428015 0 37.07126572728157 0.5990240573883057 0 1.049741014838219 1.360339254140854 0 0.9074851050972939 1.791245505213737 1.392430551350117 0.4001063257455826 0 0 0 0 0 0 0 0 0 0 0 0 0 0 0 0 0 0.2281333357095718 0 0.7096782177686691 0 0 0 0 0.4645653814077377 0 0 0 0.4154034554958344 0.1263840198516846 0 0 0 0 0 0 0 0 0 0 0 0 0 0 0 0 0.09350673109292984 0 0.5035130083560944 0 0 2.237116619944572 0 0 0 0.1156034171581268 0 0 0 0 0 0.9621916860342026 0 0 0 0.1015316098928452 0.2904393970966339 0 0 0 0 0 0 0.1370805501937866 0 0 0 0 0 0.1837012395262718 0 0 0.6824360862374306 1.118445247411728 0.4986116290092468 97.97513470053673 4.608531288802624 95.74949325621128 8.416029721498489 439.0369545146823 6.464961417019367 3.534652628004551 3.217356652021408 0.1828274875879288 0 0.5534774661064148 0 3.395522922277451 0 0 0 0.7635475099086761 0 81.9327248185873 3.508528038859367
178.0205701887608 3984.085743680596 374.5656812563539 278.0967370271683 1817.893840767443 2.521276004612446 3229.618098318577 91.90003198385239 4316.568272463977 677.6551214903593 1298.733041040599 115.4947662875056 604.5827726274729 1370.797137610614 39.24800795316696 5.559121556580067 0.766977034509182 0.5945105776190758 0 0.08252561837434769 0.1353636384010315 0 0.1097748503088951 0.3522180914878845 0.09526947140693665 0.2397361919283867 0 0.1198341101408005 0 0 171.4288673475385 33.71225099265575 28.01255749166012 0.08488569408655167 0.1027892380952835 0 4.84717583656311 0.1962334513664246 1.698868282139301 0.1700685992836952 0.1172636970877647 0.342965841293335 0.487528957426548 0.4574535042047501 0 0.1810278370976448 108.1584542393684 10.1859904229641 1.229089751839638 0.5808673277497292 1.762383408844471 0.3119735047221184 0.2791027128696442 0.6446913108229637 11.52081330120564 5.010763645172119 10.30601715296507 126.7072967812419 5.211312163621187 46.1658878698945 0 1.688128791749477 0.1752126663923264 182.1823131665587 7.642493411898613 10.15692113339901 2.233601361513138 1.800410129129887 0.3356831893324852 0.9721663594245911 24.65488548576832 0 0 188.0675918906927 142.126373924315 239.3175951689482 55.78498439490795 4.733260102570057 15.05955233424902 19.65406800061464 0.5916295573115349 19.16559749096632 21.82118958234787 0.5821410790085793 8.218471586704254 6.421826139092445 6.704946860671043 0.3994460329413414 3.555003024637699 0.1622094437479973 2.545910999178886 0 0.2854173481464386 0.9206198677420616 0.7640850469470024 27.05085171014071 4.909304201602936 0 0.9221540465950966 20.33233766257763 0.6337863355875015 4.374885499477386 1.620205447077751 6.452148951590061 1.198652058839798 25.291893273592 1.437080569565296 2.169912703335285 7.851086258888245 19.18923908472061 1.669568836688995 11.39100829511881 15.40531791001558 5.844282992184162 17.93343446403742 0.1247387155890465 0 0.1825403571128845 0 0 0 0 0 0 0 0 0 0.6016421020030975 0 0.502968430519104 0 0.2809438705444336 0 0.5394280552864075 3.432829208672047 1.894493773579597 0 0 0.3938064277172089 5.532930970191956 1.258541077375412 2.210369437932968 1.019151031970978 1.5936648696661 0 0 0 0 0 0.5542265176773071 0.1157651171088219 0.8951429426670074 0.4280482530593872 0 0 0.09441837668418884 0.2824804484844208 0 0 0.5044080018997192 0 0.4573727548122406 0.6133719086647034 0 0.8230955600738525 0.8458728194236755 12.48995781689882 2.406950041651726 0 0 0.2784512639045715 0 0.08054318279027939 0.2245999947190285 0 0 12.12761206924915 0 0 0 0.2858105227351189 7.723322182893753 1.059428319334984 5.818989381194115 0 0.4109998792409897 0.9227283746004105 0.09555774927139282 0.2179767489433289 0 0 0 0 0.09412361681461334 0.08930465579032898 0 0 12.48230113834143 2.945579528808594 4.520680829882622 632.8613268360496 15.69501616060734 376.0460565313697 33.90891703218222 94.87844179570675 50.04589506983757 3.093230068683624 40.16007688641548 9.490123569965363 0.112763874232769 3.451410122215748 0.8212127685546875 11.23611572384834 0.1752476394176483 2.206032037734985 0.585419774055481 9.278592705726624 0 81.71736833453178 10.8189432322979
23.85060466825962 14.25434847176075 0 144.994088113308 2.521276004612446 1.282791972160339 42.88943905383348 0.7068489789962769 3.058404311537743 215.5593162328005 0.967021644115448 63.90713211894035 47.05975314974785 13.91937370598316 0.4089015871286392 0.1108884289860725 0 0 0 0 0 5.84398115426302 0 0 0 0 0.1990309655666351 0 0.202257513999939 0 0.2525800764560699 0.4027726128697395 9.104066014289856 0 0 0 7.370503887534142 0.3033059686422348 7.388994425535202 1.225149631500244 0 0 0 0.1257815062999725 0 0 0.7849074080586433 0 0 0 0 33.80831525474787 3.181266292929649 0.1109689921140671 0 1.020243562757969 25.59909389913082 3.689218059182167 0.428513765335083 0.2162318080663681 0 0.3472301661968231 0 0.4009315967559814 0.1070555001497269 0.09557677805423737 0 0 0 0 40.0213795825839 306.1538183838129 43.72659820318222 0.5855295211076736 0.1276775598526001 0.4953101873397827 0.3011224865913391 0 0 0.7825833708047867 0 0 0 2.437232457101345 0 1.859743990004063 0 19.65133905410767 8.673439294099808 44.2366371974349 4.557041443884373 7.858233869075775 0 0.9115976765751839 2.339755102992058 219.0324862152338 477.202674344182 52.69896770268679 83.17557494342327 68.42603634297848 0.1416258066892624 0.3016610741615295 1.327620014548302 0.6732784360647202 0 3.296444490551949 0.4781729429960251 0 0.9022604823112488 2.270745880901814 0 1.001105979084969 3.337854251265526 0 0.6623827591538429 0 0 0 0 0 0 0 0 0 0 0 0.1527193486690521 0.4343888312578201 0 0.3503396660089493 0 1.03081352263689 0.8249323144555092 0.1993956565856934 0.1228205487132072 0 0 0.3408574759960175 0 0.4002917855978012 0.4394751787185669 0.2349848821759224 0.8908124938607216 0.7259145751595497 0 0 0 0 0 0 0 0.1869597733020782 0 0 0 0 2.193602956831455 0 0 0 0 0 0 0 0 0 2.478121191263199 0 0 0 0 0.1209258586168289 0 0.2610687464475632 0.1033495515584946 0.1120432689785957 0.8589872419834137 0.7235258519649506 0.1023863330483437 0 0 0.2559822723269463 0 0.9057593941688538 0 0 0 0 0 0 0.139152780175209 0 0 0.1401632875204086 0.5373638570308685 0.115790955722332 0 1.741022303700447 0.39124496281147 1.323325112462044 32.97690072655678 0.2869385927915573 2.187746219336987 0.635335735976696 22.41951268911362 0 0.1232104450464249 0.166303962469101 0.3127324879169464 0.5570670440793037 0.1153394505381584 0.2883108109235764 4.736036092042923 0 0.1522189825773239 0 0 0 10.81614535301924 1.955313593149185
501.9083084389567 3143.177156746387 58.05989583581686 413.7400316223502 3229.618098318577 42.88943905383348 1275.826178707182 21.17091199755669 2444.560574665666 3103.390908159316 515.9136414304376 562.0118619278073 5099.496630966663 4030.090987063944 41.15273784846067 7.413741879165173 0.7739486396312714 0.08782524615526199 0 0.09125376492738724 0 0.1829768717288971 0 0.1778853535652161 0 0.1147502139210701 0 0 0.1874860674142838 0.114811934530735 99.68746159225702 23.80430950969458 40.30565885454416 0.1950930133461952 0 0 10.32347348332405 1.353699818253517 1.568579345941544 0.5569115877151489 0 0.8232656866312027 0.3618313446640968 0.6179391071200371 0 0.1453364193439484 112.5811109766364 8.950079679489136 1.094814606010914 0.3941108360886574 1.830471366643906 0.1064840033650398 0.1221743300557137 0.1176474094390869 12.3629060536623 8.947695590555668 15.68411599099636 115.5533958077431 5.582694560289383 47.27487049996853 0 3.470626808702946 0.1751473248004913 140.6198381334543 9.334352649748325 11.85624793171883 1.05098807066679 2.27570266276598 0.3522278964519501 0.1300262957811356 45.45968616753817 0 0 204.1548157781363 150.3229649141431 247.5477574542165 52.70932302623987 6.161759816110134 22.91458525508642 23.61610282957554 0.4210630506277084 20.98612290620804 27.96328125149012 0.5946651324629784 7.914494976401329 9.800841867923737 6.501074701547623 0.08104829490184784 2.930031634867191 0 1.58157779276371 0.108153335750103 0.09342170506715775 1.457128316164017 1.126484237611294 109.6189350783825 11.11354033648968 0 6.721800900995731 158.2987358123064 10.88934354484081 21.39630675315857 33.01706665754318 38.56051940470934 3.300228267908096 110.022189386189 16.34206781536341 26.93132281303406 161.072386905551 104.8899928554893 12.11572304368019 57.05040007084608 90.76009200513363 35.97636575996876 60.5688983052969 0.9660614281892776 1.514485776424408 0 0 0 0 0 0 0.1120686903595924 0 0 0 1.600176341831684 0 0 0 0.19151271879673 0.5743522047996521 0.8207234144210815 18.20252287387848 7.452091246843338 0 1.914251983165741 1.260248094797134 23.93901790678501 4.422213219106197 7.168684877455235 3.890644550323486 4.087069012224674 0 0 0 0 1.138978689908981 1.201875030994415 0 0.6669025272130966 2.471955746412277 0.4730207771062851 0.6794383525848389 0 0.3425450772047043 0 0.9818142950534821 0.4318450465798378 0.3616179749369621 1.234950520098209 5.438794545829296 2.351413108408451 1.671790659427643 2.858972623944283 55.00701034814119 7.124288193881512 0 0.7135118842124939 0.1492990255355835 0.1317721158266068 0 0.3086463734507561 0 0.1716081500053406 60.06851398199797 0 0 0 0 33.57111153006554 4.845950812101364 27.42157276719809 4.623081870377064 10.5910292044282 6.722902491688728 2.778655119240284 1.808662191033363 0.144596204161644 0.1644376441836357 0.09774297475814819 0.09160447120666504 0.4134571850299835 0.2839439362287521 0 0 70.6032018661499 13.55204129219055 15.58911545574665 786.6706025078893 21.41019312292337 412.0597692653537 39.48827084153891 271.4239523261786 60.68811918795109 10.49165736883879 43.1505209505558 29.6070678383112 0.3698590621352196 22.68734928965569 2.72130773961544 53.83881007134914 0 3.643418461084366 1.019754201173782 11.7150955721736 0 328.2523070573807 62.40280496329069
11.33682557940483 39.00568597763777 1534.250788763165 2.23498247563839 91.90003198385239 0.7068489789962769 21.17091199755669 1135.909991592169 25.8279871493578 5.449714243412018 4313.602221488953 17.5685261040926 27.41978589445353 399.8636137992144 25.5553574860096 10.1578685939312 1.458271436393261 3.708437077701092 0.1053067892789841 3.100631155073643 37.24034098535776 4.795504808425903 0.7031635642051697 2.539286382496357 5.813644051551819 10.66161912679672 0.6426092609763145 6.055221065878868 1.14851438999176 0.1273020058870316 320.8027060106397 288.7048221156001 119.5245272666216 7.756122753024101 3.550878375768661 10.00533248484135 17.0132469907403 19.65080673992634 5.380302004516125 8.375366821885109 29.4375883564353 19.88291861861944 14.85824117809534 46.22063065320253 2.387146502733231 2.255357317626476 59.10435520857573 5.600440375506878 4.521716363728046 14.81109458208084 17.04240991920233 1.914004102349281 0.7980384156107903 7.309472538530827 2.678027741611004 2.176758460700512 2.970346719026566 100.2271812409163 1.171190813183784 13.72155272960663 9.665945038199425 37.52821414917707 5.210491076111794 254.3442890197039 1.809232026338577 5.755160205066204 6.958862535655499 20.32769561558962 42.47309493273497 59.70277650654316 23.65487167239189 0.4507576525211334 0 65.561722651124 78.53058086335659 89.3367742523551 56.89449149370193 427.5049978494644 1785.305282153189 2311.770408548415 85.47703413665295 2491.823604382575 5.84243993461132 0.1602966114878654 1.964371517300606 3.268512196838856 5.218366540968418 0.08996681123971939 1.66865798830986 0 1.201260320842266 0.2651565819978714 32.87216648459435 10.84873097389936 8.096365973353386 10.05850979685783 2.080668792128563 0 3.426199674606323 2.063673220574856 0.362954244017601 0.9089959859848022 0 0 0.8879334107041359 0.2411317601799965 0 0 0 3.336561165750027 0.2040719836950302 3.001759067177773 2.162790030241013 0.6212742924690247 3.071563884615898 0 0.2259947955608368 0 0 0 0 0 0.4973128587007523 0 0 1.655444234609604 0 1.713581830263138 0.3077762424945831 2.744078703224659 1.513346403837204 0.2275427877902985 1.882315158843994 0.1058792620897293 1.349698536098003 0.4585613161325455 0 1.135224595665932 0.9529376477003098 1.848315969109535 2.376863352954388 1.09736156463623 5.211407721042633 3.795988328754902 2.326859638094902 0.2930511981248856 0 0 0.7274282872676849 0.7098201438784599 0.2357418090105057 0 0.4014513790607452 0 0 2.594118259847164 1.497028104960918 2.364898756146431 0 0 0.1490421742200851 0 0.3946337401866913 0 0.349209375679493 2.012567192316055 8.808332346379757 0.1240948662161827 0 0.0849975124001503 0 0 0 0 0 0.474302776157856 2.077730901539326 0 0.2134937196969986 0 1.851695895195007 3.846194535493851 0.8725780844688416 3.450081430375576 0.7792646735906601 0.1549951583147049 0.6701936721801758 0.4095135629177094 1.020338036119938 0.09926339983940125 0 0.1147490367293358 0 0 0.310306690633297 0.8946110159158707 0.1976942718029022 3.763930529356003 2.640791170299053 4.324671342968941 191.5802282169461 13.39056757092476 162.9764819890261 34.20343007147312 28.12044761329889 23.46808063983917 1.106319785118103 15.99078365415335 6.445975959300995 0 1.72249947488308 1.338834255933762 4.083282798528671 0 0 0.5038084387779236 7.966016225516796 0 11.80209429562092 4.199957385659218
16.71852666139603 803.0617465078831 92.18795803189278 10.02237541973591 4316.568272463977 3.058404311537743 2444.560574665666 25.8279871493578 1821.291887804866 143.4824222922325 985.2102381959558 62.91555965691805 1845.840581670403 2477.808337002993 10.88899847120047 2.863808818161488 0 0.1666387692093849 0.0884358137845993 0 0 0 0 0.1345781832933426 0 0.2707178592681885 0 0 0 0 17.51957526057959 12.00930757820606 26.56355667859316 0 0 0.09412892907857895 7.550445318222046 1.206472754478455 0.3603190556168556 0 0.1536481231451035 0.4700393527746201 0.200055792927742 0.3085171356797218 0.09584783762693405 0.1936960443854332 24.1865993142128 1.511425688862801 0.3400513380765915 0 0.4514633566141129 0.1441537439823151 0 0.3995676413178444 1.441668607294559 0.9977212101221085 1.359092339873314 16.34637488424778 0.8905373215675354 8.025208078324795 0 0.4256320223212242 0 33.21070105582476 1.182419948279858 1.253086552023888 0.2807868272066116 0.3647029027342796 0 0.2964562922716141 17.13337048888206 0.3113643825054169 0 24.35714545100927 22.07960272580385 46.89938565343618 13.48721217364073 4.86248292773962 8.70154894143343 28.45381196588278 0.1099702194333076 7.493029430508614 3.267691776156425 0 1.258740462362766 1.63798276335001 0.6126032546162605 0 0.4492858499288559 0 0.4229962453246117 0.09418866783380508 0 0.1878056302666664 0.2057414054870605 23.45381481945515 2.29301655292511 0 0.8777038604021072 5.974234990775585 0.6847621724009514 3.218989580869675 2.646811589598656 2.497346088290215 0.585500456392765 9.597547955811024 1.148186698555946 1.924621894955635 7.276905946433544 13.01131435483694 2.330672949552536 7.201235271990299 19.52212370187044 4.343116290867329 13.33057849109173 0 0 0 0 0 0 0 0 0 0 0 0 0 0 0.5049581527709961 0 0 0.158411055803299 0 2.642167076468468 0.579168438911438 0 1.037139296531677 0 5.758838169276714 0 1.187646344304085 2.604011088609695 0.2626245468854904 0 0 0 0 0 0 0 0 0.4313479661941528 0 0 0 0.281002551317215 0 0 0 0 0.1184059232473373 0.1193434149026871 0 1.983676970005035 1.064123272895813 11.48019676655531 1.11225837469101 0 0 0 0 0 0 0 0 13.49557404965162 0 0 0 0.1137340068817139 9.207439169287682 1.095844358205795 6.417388513684273 0.7360018789768219 1.243532069027424 0.6362614035606384 0.4080577194690704 0.1353785842657089 0 0 0 0 0 0.09795328974723816 0 0 12.21913800388575 2.850440889596939 3.365419074892998 140.784490570426 3.153490401804447 74.96150510013103 10.40421196818352 31.00648584961891 10.62923830002546 0.7623024359345436 7.268779136240482 4.741340041160583 0 3.886951342225075 0 6.337190553545952 0 0 0 2.629703253507614 0 53.6115073338151 9.193800136446953
1119.962954603136 1127.480864994228 9.685946732759476 1031.593448624015 677.6551214903593 215.5593162328005 3103.390908159316 5.449714243412018 143.4824222922325 3083.091982588172 77.33863145858049 3949.81635299325 6057.694420672953 1276.661714032292 7.362396575510502 0.5849639102816582 0.3503262475132942 0 0.1902407929301262 0 0 0.1185728535056114 0 0 0 0 0 0 0.2784950137138367 1.366623818874359 39.68089583516121 1.460055567324162 91.81339218467474 0 0 0 32.45074118673801 1.386953517794609 3.672714576125145 0.7237850874662399 0 0.1528348475694656 0.1981294900178909 0.1018560007214546 0.08428239077329636 0 30.97868364304304 3.561080150306225 0.4033628702163696 0.1112012565135956 0.5737524554133415 0.5016782954335213 0.6960467100143433 0.1446865499019623 5.723186276853085 2.154503107070923 54.59787836670876 55.1631632745266 3.533787034451962 14.71276818960905 0.1242616176605225 1.740231215953827 0 35.27393209189177 4.085040174424648 4.104948207736015 0.5877645015716553 0.8755353093147278 0.07923756539821625 0.09440089017152786 301.1104302331805 2.107574671506882 0.1208423003554344 87.75605960190296 49.0486813634634 66.6537317186594 7.423112332820892 1.232498951256275 2.655373483896255 12.99370937049389 0 5.463033400475979 9.365675367414951 0.5610929951071739 3.179091714322567 2.849542289972305 2.103105299174786 0.3297930210828781 0.8340828344225883 0.1190118715167046 0.4310922026634216 0 0 0.3082169592380524 0.205844447016716 264.9789951443672 82.00207365304232 0.5627452433109283 22.08308917284012 1096.763331189752 4.184837438166142 41.22899328917265 32.78916253894567 61.47420653700829 2.695710197091103 144.4083388820291 24.94702355563641 24.44861514866352 83.29813185334206 151.5420042648911 9.498281128704548 80.09499210119247 108.2808385640383 38.22830348461866 50.34956455230713 1.375065371394157 0.6016146540641785 0.1915146708488464 0 0 0 0 0 0 0 0 0 2.578196346759796 0 0 0 1.894371062517166 0.1408107876777649 0 9.960274808108807 7.761359184980392 0 4.049049377441406 0 17.35230069607496 3.333407089114189 2.505743898451328 4.508000709116459 4.369548328220844 0 0 0 0.1484716385602951 0.4171764552593231 0 0 0.5023003220558167 1.48593220859766 0 0 0 0.9153354614973068 0 0.09422679245471954 1.14863133430481 0.09831686317920685 0.4612916558980942 2.090404845774174 1.533999487757683 0.4490760862827301 3.846286058425903 39.96506624668837 4.052573680877686 0 0 0 0 0 0.08712322264909744 0 0 59.12025484442711 0 0 0 0 22.50559204816818 2.400214910507202 25.10319724678993 1.614961862564087 6.673459060490131 1.15725552290678 0.1331582814455032 1.199688903987408 0.2080825120210648 0 0 0 0.1414404213428497 0.2306836619973183 0 0 75.4093366637826 9.464275352656841 5.875859923660755 564.8327337875962 6.161049202084541 135.2528735250235 19.69060046970844 855.5258097201586 23.3646547049284 4.915283545851707 16.31063648313284 28.16588784009218 0.8906288743019104 7.922833003103733 1.446825787425041 129.624337553978 2.100773364305496 1.101991891860962 0 4.667798757553101 0 540.5456956326962 112.7035472616553
229.4590847492218 2256.657363638282 3822.580001525581 42.51540694385767 1298.733041040599 0.967021644115448 515.9136414304376 4313.602221488953 985.2102381959558 77.33863145858049 1841.128514237702 508.0770130008459 1094.001328773797 4440.51921672374 61.60606395453215 25.8322464004159 2.530321389436722 1.472919560968876 0.3130900859832764 0.1971687972545624 6.493798866868019 10.56208093464375 0.09506035596132278 1.164450906217098 10.70044203102589 22.3074721172452 1.03483447432518 28.53961395472288 2.761250071227551 0.3815964311361313 470.2138344421983 91.80230996012688 1209.138639308512 0.6145935505628586 0.8170646280050278 14.85924116522074 202.8660250380635 73.79581984132528 25.35400427132845 28.40338701754808 14.45401148498058 8.956669233739376 1.33878156542778 3.329067438840866 0.4142215400934219 1.587880589067936 111.4996504932642 6.491091340780258 2.386219151318073 2.5655282959342 4.621444590389729 4.794852644205093 2.521543502807617 16.31431271880865 5.348702438175678 5.281485795974731 13.40979170054197 157.0184996053576 5.078379154205322 37.54654821753502 0.3771138787269592 104.5087711140513 0.09485846757888794 190.7806546762586 5.477940686047077 6.624433189630508 2.825573951005936 2.63798176497221 3.995040133595467 11.99181986600161 332.3044409528375 3.576720826327801 0.1700559705495834 166.0372508391738 127.5784291028976 227.2860910519958 87.69321770966053 26.71040412783623 159.4909811243415 793.4151452705264 1.145097896456718 130.5442521572113 15.47927385568619 0.3665792047977448 5.463754720985889 5.725279487669468 5.58803802728653 0 1.804360903799534 0 2.993781082332134 2.113548792898655 7.924895517528057 5.387227840721607 5.977010823786259 74.57666458189487 7.257044516503811 0 12.26509437710047 18.28241656720638 1.093739837408066 3.000048324465752 2.46457301825285 2.176019251346588 1.02917967736721 9.28955140709877 1.230863273143768 3.277812451124191 8.620715409517288 19.19661515206099 3.459014542400837 19.90043201297522 21.62274923175573 12.12978930026293 23.78447531908751 0.8678858280181885 0.4854464828968048 0.2582206726074219 0.1195292323827744 0 0 0.5922499895095825 2.434155762195587 0.2770752906799316 0 2.572949960827827 0 1.809851281344891 0.5210762172937393 1.360100798308849 1.506828248500824 0.969481572508812 1.759945124387741 0.3643741607666016 6.336867891252041 2.982654042541981 0.4031544327735901 3.332659184932709 1.530842185020447 12.88726859539747 4.431411892175674 4.442653276026249 5.893546350300312 3.977302350103855 2.336220115423203 0 0 0.1321793496608734 0.9861696511507034 0.7746377214789391 0 0.7448302730917931 0.6401144862174988 0 0 1.146273791790009 2.297049641609192 2.164999209344387 0.4412993341684341 0.2027755752205849 0.4979556202888489 0 1.648536093533039 1.23578280210495 0.6534309983253479 3.340721398591995 39.00566747039557 2.437819443643093 0 0.2139755487442017 0.3035609722137451 0 0.113951675593853 0.102959081530571 0.2095649838447571 0.7495158016681671 28.96668446809053 0.785868227481842 0 0.2756648808717728 1.006469115614891 20.31660653650761 5.078183636069298 17.2821561768651 2.659026734530926 3.689382344484329 2.088416837155819 0.3376779034733772 0.5797302946448326 0 0.07359896600246429 0 0 0 0.7618879079818726 0.1407189071178436 0.5217130929231644 24.5978045091033 8.486669018864632 10.47515716403723 472.6099713593721 14.6450103148818 325.7949821725488 52.72712320834398 60.4147724956274 41.06989203393459 5.675045169889927 39.5639091283083 19.05565756559372 0 8.823238648474216 2.473697170615196 9.852976277470589 0.2394620329141617 0 0 8.010572791099548 0.2873798459768295 61.00566472113132 11.41148416697979
136.1912882104516 158.4605908766389 24.4126608595252 561.02048253268 115.4947662875056 63.90713211894035 562.0118619278073 17.5685261040926 62.91555965691805 3949.81635299325 508.0770130008459 273.9684838727117 1390.813984505832 747.9537884294987 11.30992520600557 6.113193869590759 0.2414983734488487 0 0 0 0 4.265348300337791 0 0 0.8215036541223526 3.101464539766312 0.6363296508789062 1.802861645817757 0.8514732271432877 0.2045372426509857 9.567384034395218 9.205524258315563 87.17754739522934 0 0 0.3097138106822968 98.05886621773243 5.858784668147564 4.650116294622421 3.357563547790051 0.5981120318174362 1.184341549873352 0.3593203350901604 0.6684388518333435 0 0 20.24924965202808 0.803723618388176 0.1101383715867996 0.09393230825662613 0.4860904216766357 0 1.948036000132561 1.753058284521103 2.400136813521385 0.3864030614495277 6.34039356559515 10.94032190740108 0.9556486234068871 6.292435839772224 0.09932229667901993 15.44556701183319 0 18.21654822677374 1.34824250638485 0.8545344471931458 0.1760409697890282 0.1682730689644814 0.128580242395401 0.3352441415190697 117.9158777371049 1.647715166211128 0 22.28456922620535 17.22989903390408 27.66450601071119 12.29363843053579 5.304300710558891 3.771066151559353 18.79597506672144 0 10.92769477516413 2.945601567625999 0 0.8327871859073639 0.5144755765795708 1.056456260383129 0 0.08540628105401993 0 0 0 0.2007518410682678 0.2832199558615685 0.08250091969966888 736.7446085065603 8.603677377104759 0 6.366103008389473 78.20541590452194 4.495641656219959 21.42350582778454 13.47154803574085 22.71479366719723 3.288814298808575 63.75738687813282 14.55124270170927 23.87211688607931 52.12152799218893 114.4541229531169 13.69068771600723 87.46259490400553 110.3482033535838 47.49396532028913 78.98121535778046 0.6980253532528877 0.6488587930798531 0.7935232520103455 0 0 0 0 0.6293601989746094 0 0 0 0.1337092816829681 2.028722532093525 0.4702356457710266 0.9357096254825592 0 0.5445037633180618 1.333792299032211 0.6459312438964844 14.77292439341545 8.278884157538414 0 0.7622787952423096 3.568721428513527 30.84772862493992 5.669880375266075 5.945388644933701 3.909478567540646 2.933786384761333 0 0 0 0.2689536213874817 0.5410422086715698 1.769228905439377 0 0.2738233655691147 1.156486198306084 0.1012797132134438 0 0.6282374262809753 0.5978619754314423 0 0.102175660431385 0.2473983243107796 0.07703601568937302 0.08155667036771774 2.735424257814884 0.1799461543560028 4.577888086438179 2.105873435735703 69.38800974190235 5.392902471125126 0.3417906612157822 0.08739808201789856 0 0 0 0 0 0 81.46100425720215 0.4568383693695068 0 0 0 34.52050483971834 8.873009443283081 28.59888803213835 1.529067449271679 3.635904513299465 3.892446093261242 1.20381210744381 1.067804895341396 0.1294402629137039 0.1020320504903793 0 0 0 0.1294019818305969 0 0 103.5936036035419 17.62404119223356 12.51976999640465 256.5431947186589 1.84296403080225 76.5826354175806 14.66368009150028 232.4469790756702 12.41528572142124 8.863995954394341 9.908472314476967 41.62400142103434 0.2698556631803513 9.774088487029076 2.401535555720329 64.74669091403484 0.9162322878837585 4.208322882652283 1.784612476825714 3.129453629255295 0.1462662369012833 563.7103855758905 97.62767441570759
77.85552640259266 569.964940905571 55.92648110538721 412.5774942412972 604.5827726274729 47.05975314974785 5099.496630966663 27.41978589445353 1845.840581670403 6057.694420672953 1094.001328773797 1390.813984505832 3000.797217108309 5059.854154117405 38.8473874554038 18.23405319452286 1.104868121445179 0.3081739991903305 0 0.2348517626523972 0.3009405508637428 8.219167098402977 0 0.1828957200050354 3.756833359599113 3.935399115085602 4.382654249668121 6.786447331309319 15.47115415334702 3.900968015193939 20.3167280703783 26.24721769988537 277.4971318989992 0 0 0.7937866076827049 439.950298987329 46.26545784622431 160.2677464708686 32.178776063025 1.037387788295746 2.514880634844303 0.5384787246584892 2.314725197851658 0.4303675293922424 0.08677319437265396 57.96247714757919 2.137948997318745 0.7601113989949226 0.3814490139484406 1.103138223290443 0.6656816676259041 13.45509248226881 4.751088887453079 1.931490913033485 1.688622236251831 4.331671498715878 18.01947035640478 1.161301702260971 11.85310657322407 0.2536336630582809 53.41310343146324 0.09687303006649017 40.20360412448645 1.359507210552692 2.696257255971432 0.3061794117093086 0.6449516639113426 0.2142423391342163 1.721988782286644 436.4822243005037 6.765229977667332 0.1376902014017105 39.62657500058413 36.80974338948727 82.57259238511324 46.22101457417011 14.5346483066678 20.82305447012186 82.02757787704468 0.2856101766228676 34.74086952954531 5.282906875014305 0.07818614691495895 2.550964437425137 2.042004264891148 2.257316596806049 0 0.4832666292786598 0.4792515784502029 0.1781710609793663 0.8277979493141174 1.012875705957413 0.6851490214467049 2.821104101836681 729.498132891953 15.91320799291134 0.4638177305459976 73.5339779406786 57.32982709258795 7.242799155414104 22.77919097989798 17.82330761104822 40.16028095781803 5.011812500655651 102.8328395858407 23.04465257376432 28.8167300671339 97.81619571894407 152.6069998070598 17.39212121814489 108.3026150465012 154.6758078783751 64.88191138207912 111.5083825215697 0.6987173780798912 1.510879755020142 0.1039460226893425 0.390754796564579 0 0.3745891451835632 0.127584233880043 0.3476976454257965 0.1215768605470657 0.1088676974177361 0.6070816740393639 0.09962495416402817 6.116077236831188 0 2.329824298620224 0.4256476014852524 1.034079201519489 0.5014813244342804 0.6772826686501503 23.9699592217803 15.94460617750883 0 5.390467047691345 3.170124560594559 52.25059700757265 13.0916370972991 15.58534350991249 10.9585418254137 8.895925559103489 0 0 0.09900467097759247 0.2681395709514618 0.8556972220540047 3.079020000994205 0.1424103677272797 0.6255463063716888 3.918106608092785 0 0 0.3609252870082855 2.49807295948267 0.3018873706459999 1.179381631314754 0.5732869654893875 0.1770114004611969 1.12108638137579 4.559814535081387 2.636449180543423 4.230701342225075 5.315113969147205 121.9157067909837 9.123987965285778 0.1959344744682312 0.565798707306385 0 0 0.2277292683720589 0 0 0 129.8487008437514 0.5495755225419998 0.2115215510129929 0 0 73.6797894090414 10.95773782581091 57.84434404969215 3.028434403240681 9.936671622097492 6.045034326612949 2.134684972465038 2.101814366877079 0 0 0.08396507054567337 0 0.0864560604095459 0.1135349944233894 0.1075733229517937 0.117387056350708 140.9951545372605 36.45856122672558 34.56118914484978 341.1160316392779 8.42225980758667 158.2054166644812 27.8286951854825 152.152142688632 24.3229631409049 8.782186605036259 20.49736769497395 41.19312924146652 0.6130042374134064 23.16328337043524 3.213498294353485 68.91037448495626 0.1175410002470016 3.229550182819366 0.449558898806572 6.42631121724844 0 556.4827068224549 116.0040836930275
