139.1743720918894 1894.270517684519 786.8558539226651 715.4575526714325 237.4936492368579 24.01020424813032 1174.90140029043 166.015149846673 58.53095461428165 1201.195134811103 213.9297418370843 234.2638479992747 500.794400498271 381.8883382305503 3.09939943999052 0.8829725757241249 0 0 0 0 0 0 0 0 0 0 0 0 0 0 347.0533901304007 14.26381355524063 42.45732267946005 0 0 0 1.651556126773357 0 0.3540759682655334 0 0.100748211145401 0 0.08401300758123398 0 0 0 29.85246543586254 0.9962438270449638 0.119616337120533 0 0.3003764674067497 0.2808524519205093 0.2592334374785423 0 3.227960549294949 6.449968606233597 212.9519425109029 119.1274460628629 74.7790682092309 27.45143710821867 0 0.09234442561864853 0 8.198577977716923 1.117417946457863 1.245932944118977 0.6524233520030975 0.7349265068769455 0.1765593811869621 0 1.374887183308601 10.3521723151207 0.2410616874694824 47.96864587813616 13.37061438709497 13.84519396722317 1.189167022705078 0 0 39.88509315997362 0 0.1029129698872566 4.283215381205082 0 1.16895517706871 1.399643324315548 0.6014795079827309 0.3236839324235916 0.221028558909893 1.592549219727516 0.2599489614367485 0.3798191547393799 0.1041155382990837 0 0.193085104227066 73.0434458553791 17.67313647270203 0.6149837374687195 0.6566923931241035 1263.474735617638 0 5.836791098117828 10.57305103540421 4.524509057402611 1.33596009016037 54.45116649568081 2.698426365852356 13.12055370211601 60.31434419751167 10.20973414182663 2.666219353675842 29.27636396884918 45.82445457577705 15.04305329918861 5.238994792103767 0 0 0 0 0 0 0 0 0 0 0 0 0.1828054934740067 0 0 0 0.1571237295866013 0 0 0 0.7029346227645874 0 0 0 0.6187406778335571 0.5873298645019531 0.4782014489173889 1.166275978088379 0 0 0 0 0 0 1.173219442367554 0 0 0 0 0.1782988607883453 0 0 0 0 0 0 0 0 0 0 0 0 0.1239630132913589 0 0 0 0 0 0 0 0 4.970444351434708 0 0 0 0 6.071650564670563 0 3.364229500293732 0 0 0 0 0 0 0 0 0 0 0 0 0 2.104123428463936 0 0.7283951640129089 431.5080281049013 0.8790539875626564 41.06272044032812 0.7804304286837578 838.8909840509295 11.17000593990088 2.02060130238533 1.033854834735394 2.359467774629593 0 0 1.673051834106445 23.14801061153412 0 6.050005912780762 0 0.3323885500431061 0 573.0478772222996 11.49527963995934
1894.270517684519 1091.448686227202 1129.84894298017 1469.037434332073 1220.272023715079 39.15235817432404 2201.175925984979 321.4549494311213 720.003244638443 1599.344708353281 601.8031806722283 116.0565863102674 1944.554295323789 1565.664149552584 13.36871945858002 0.8356859311461449 0.08948630839586258 0.1037094295024872 0 0 0 0.1042951643466949 0.09017572551965714 0.08901509642601013 0 0 0 0.1764147877693176 0 0 1161.779469788074 11.79874906688929 38.04598783701658 0 0 0 0.164276547729969 0.09809105098247528 0.3936303183436394 0 0.4059398770332336 0.312399834394455 0.09837988018989563 0.3693768531084061 0 0 152.3133119419217 2.756589092314243 0.1425618678331375 0.0806625708937645 0.4738601967692375 0.2388444319367409 0.2273360714316368 0 4.52640987187624 13.03906142711639 94.97722368687391 130.4474184662104 92.27420000731945 72.4617807045579 0 0.1311705410480499 0 36.21907087415457 3.582963302731514 4.021943509578705 1.209421388804913 3.084790296852589 0.4468524008989334 0.08416612446308136 1.980508640408516 1.366322457790375 0.3458789214491844 104.5081325992942 91.03476175665855 60.32047641277313 25.00361888855696 0.4760188162326813 0.1095665842294693 48.50161185115576 0.3872112557291985 0.08854679018259048 10.86982449889183 0.09358835965394974 2.274654164910316 2.850986614823341 2.066013522446156 0.1075507327914238 0.6005248203873634 0.5998802483081818 0 0 0.07297878712415695 0.2876396775245667 0.3206886425614357 19.52899643778801 4.761279866099358 0.1063910722732544 1.618883371353149 907.9172326028347 0 1.113461971282959 5.433083936572075 3.340795561671257 1.511309027671814 29.07060516625643 0.367027074098587 8.399234458804131 70.03358656167984 4.27286633849144 3.048892349004745 16.50384664535522 19.45600020140409 12.21316937357187 6.436788983643055 0 0 0 0 0 0 0 0 0 0 0 0 0.3778002262115479 0 0.3683055341243744 0 0 0 0 0.5113707184791565 0.2111615538597107 0 0 0 1.689739227294922 1.808197982609272 0.3373064696788788 0.08726491779088974 0.0816989466547966 0 0 0 0 0 0.2692123651504517 0 0 0.3530318960547447 0 0 0 0.0834793820977211 0 0 0 0.08487915992736816 0 0 0 1.08785617351532 0.1268239468336105 5.608782291412354 0.3030530214309692 0 0 0 0 0 0 0 0 4.974966295063496 0 0 0 0 3.636856988072395 0 6.475830800831318 0 0.2267675548791885 0 0 0 0.3930980563163757 0 0 0 0.1122780442237854 0 0 0 3.646381057798862 0.5352422520518303 1.244502976536751 288.1941742375493 3.199177868664265 229.3543870598078 29.6417763531208 688.1401802301407 68.25556353479624 3.123457245528698 32.74803274869919 6.701465629041195 0 2.810926884412766 1.22062423825264 6.215561226010323 0 6.654981136322021 0 2.419938653707504 0 271.3777381926775 5.31920412927866
786.8558539226651 1129.84894298017 452.5804985910654 161.4716760143638 792.4348695650697 10.98290927708149 213.1823640689254 1948.025849975646 835.600848197937 8.154438257217407 2005.008166454732 0.6966009736061096 16.62390484660864 1466.978275634348 28.27426121383905 3.47421208024025 1.027121759951115 0 0 0.5007388815283775 1.033635027706623 0 2.581197530031204 1.581734538078308 0.3881287276744843 0.2211365103721619 0.3079786896705627 0.3445066288113594 0.1858329772949219 0.5747004151344299 3568.935994893312 365.3967813700438 85.56620644032955 0.2911933213472366 1.256661608815193 0.2755479291081429 2.161155462265015 0.7626248523592949 2.684346057474613 1.137975595891476 3.121478751301765 1.830031931400299 0.2766423001885414 0.5157228410243988 0.2156222835183144 0.2349145039916039 231.3933220729232 5.10062525421381 0.3056676834821701 0.6305523589253426 0.9510973170399666 0.2495799958705902 1.019406393170357 0 8.90870788693428 26.435766518116 133.8802080899477 345.3485125377774 155.2711990103126 121.5555243343115 0.2052926272153854 5.073316760361195 0 287.9057319015265 4.603978537023067 6.528254099190235 1.50427757948637 4.911331035196781 1.108411602675915 2.848332144320011 13.87749338895082 3.220973677933216 0 193.4814424142241 234.1720993667841 125.8394635245204 94.03466828912497 3.622329123318195 4.61940909922123 333.9520580694079 1.092806480824947 10.15123351663351 20.20169080793858 1.071629203855991 5.068176977336407 5.342246949672699 5.120172865688801 0.1155894994735718 0.6568732783198357 0.3113454282283783 0.7733812257647514 0.3573200479149818 6.148433059453964 4.077976249158382 0.9646854922175407 11.56803098320961 12.70793551206589 0.3952808082103729 12.76931590586901 852.6042992696166 0 0.1549141258001328 1.557476907968521 1.245618984103203 1.974877312779427 13.64009710401297 0 2.507379293441772 5.65556538105011 0.6633382961153984 0.7508157342672348 9.408785156905651 6.636489570140839 7.321792557835579 7.168632701039314 0 0.1502245366573334 0 0 0 0 0 0 0.1438716053962708 0 0 0.1799681037664413 0.3754079937934875 0.1395708173513412 0 0.1378674805164337 0.1087404638528824 0 0.150918111205101 0.1836153417825699 0.6427515968680382 0 0.1480100005865097 0 2.564850181341171 2.220485627651215 3.538958668708801 1.126283742487431 0.8720255494117737 0 0 0 0 0 0.1846746876835823 0 0 0.5887825712561607 0 0 0 1.088952004909515 0 0 0 0 0 0.3504637479782104 0 0 0.2013726010918617 5.910246789455414 0.4886003285646439 0 0 0 0 0 0 0 0.1128982231020927 5.72993965446949 0.9351097568869591 0 0 0.2048255205154419 4.019479125738144 0.5017483830451965 4.202979162335396 0.06490463018417358 0 0 0 0 0 0 0 0 0 0 0 0 1.852515041828156 1.290197737514973 4.576217532157898 292.4110964983702 6.286839202046394 300.3737966120243 30.70426327735186 437.4940024018288 73.18228592723608 3.275644265115261 23.6335838213563 9.565586321055889 0 3.636631011962891 0.6312660500407219 6.110362276434898 0.5594605058431625 0.1516641229391098 1.195286683738232 4.266465172171593 0.5716402530670166 157.6925110518932 4.746460795402527
715.4575526714325 1469.037434332073 161.4716760143638 111.1716068834066 105.1949775367975 195.3855916783214 672.5849156528711 0.3464362472295761 20.86435234546661 1066.328112140298 1.264479637145996 1254.724233523011 1779.042383767664 98.71115881204605 0.9261535927653313 0 0 0 0 0 0 0 0 0 0 0 0 0 0 0 22.99292258918285 0 1.245780825614929 0 0 0.08747142553329468 1.55676181614399 0 0 0 0 0 0 0 0 0 6.851058050990105 0.07785683870315552 0 0 0.08846861124038696 0 0 0 1.396855525672436 0.7202561572194099 19.91834972798824 15.32118389010429 11.26775757223368 5.625145234167576 0 0 0 1.221814826130867 0.3829102292656898 0.2782068252563477 0 0.1838698461651802 0 0 0 0.4886455535888672 0 8.811686873435974 6.065778784453869 2.506744109094143 0.7906019613146782 0 0 0.1148774027824402 0 0 0.5573045536875725 0 0.2999617382884026 0.2137245163321495 0 0.08792205154895782 0 0.09831572324037552 0 0 0 0 0 27.5851741284132 8.113503977656364 0 0 266.4032169207931 0.3178600966930389 1.264036729931831 0.8848332166671753 14.73752047121525 0 27.71076403558254 20.55447848141193 1.364357173442841 52.30553208291531 14.10709044337273 0 51.8307092487812 43.07689261436462 39.36518274247646 0.5938085913658142 0 0 0 0 0 0 0 0 0 0 0 0 0 0 0 0 0 0 0 0 0 0 0 0 0 0 0 0 0 0 0 0 0 0 0 0 0.1903425306081772 0 0 0 0 0 0 0 0 0 0.312539666891098 0 0.7562723755836487 0 0 0 0 0 0 0 0 0 0 0 0 0.1496564596891403 0 0 0 0 0.2413383424282074 0 0 0 0 0 0 0 0 0.1917973160743713 0 0 0 0 0 0 1.804690599441528 0.2178997397422791 0 13.31634501367807 0.1170583292841911 11.16047322750092 0.9253114834427834 126.101395174861 1.392093122005463 0.1459001451730728 0.4552453458309174 0 0 0 0 4.549448192119598 0.1407546550035477 0 0 0 0 116.8674412369728 1.472615122795105
237.4936492368579 1220.272023715079 792.4348695650697 105.1949775367975 631.3825572058558 7.328221142292023 668.4919723197818 332.3764325901866 1067.28337213397 260.3288315981627 554.7842161655426 0 127.4251690581441 874.4688749536872 5.358310513198376 0.5526914447546005 0.1338302195072174 0 0 0 0.1160929724574089 0 0 0 0 0 0 0.1552051901817322 0 0 84.74995749443769 4.152748383581638 7.471680045127869 0 0.1974439322948456 0 0.5787774324417114 0.1045231372117996 0.113586500287056 0 0 0.0913916602730751 0.1141944006085396 0.3078662604093552 0 0 75.17045195400715 0.3006308376789093 0 0 0.108323335647583 0 0.1045919731259346 0 1.442139998078346 3.590827308595181 16.37413224577904 21.10375316441059 22.57466726005077 22.36381859332323 0 0 0 14.19331627339125 0.9672623947262764 1.097515165805817 0.1716324463486671 0.6864886730909348 0.1784722805023193 0 1.945486575365067 1.142231933772564 0.2121734619140625 29.69292058050632 30.84030772745609 24.97551696002483 11.1957453340292 0.5867249295115471 0.2246109321713448 1.21629623323679 0.2467448338866234 0.1874695792794228 3.585674792528152 0.1224199905991554 0.7754784598946571 0.6867048516869545 0.2849583923816681 0 0.1101755872368813 0.09526493400335312 0.08929656445980072 0 0.4471219033002853 0.1149498224258423 0.1124323457479477 22.7188912332058 1.254767641425133 0 0.2022128701210022 90.34960386902094 0 1.76437896490097 5.551619201898575 0.4537820667028427 3.589545115828514 24.17405182123184 0.8115156143903732 7.415872946381569 15.7790052741766 5.521762415766716 1.92072531580925 22.21332417428493 18.54026664793491 16.35449374467134 6.619041204452515 0 0 0 0 0 0 0 0 0 0 0 0 0 0 0 0 0 0 0 0 0.4150849580764771 0 0 0 1.633256196975708 0.4279885813593864 0.2111136019229889 0.7392842024564743 0 0 0 0 0 0 0 0 0 0 0 0 0 0.1086276173591614 0 0 0 0 0.1023435145616531 0 0 0 0 7.12476521730423 0 0 0 0 0 0 0 0 0 4.729703694581985 0 0 0 0 2.210708037018776 0.9985802173614502 4.241199404001236 0 0 0.1768254339694977 0 0 0 0 0 0 0 0 0 0 3.347641080617905 1.008059620857239 0.5058827623724937 227.0482361912727 1.012092627584934 121.5196953639388 27.39010409265757 152.2892704829574 42.90824107080698 3.012625694274902 29.62410317361355 6.226066671311855 0 1.455928981304169 1.123915255069733 8.875670462846756 1.485928297042847 0 0.5766656398773193 4.827339977025986 0 90.0491783246398 9.62845978140831
24.01020424813032 39.15235817432404 10.98290927708149 195.3855916783214 7.328221142292023 1.760316252708435 56.68094708025455 0.7002509385347366 5.432162635028362 462.3595445230603 0.9467805624008179 295.7726609185338 132.1277266144753 21.56741885095835 0 0 0 0 0 0 0 0.6964095085859299 0 0 0 0 0 0 0 0 0.5596084743738174 0 2.551876664161682 0 0 0 0.4888201057910919 0 0.3230924308300018 0 0 0 0 0 0 0 0 0 0 0 0.09504765272140503 3.006372392177582 0.2864420413970947 0 0 0 52.23800690472126 0.2916384339332581 0.3725607395172119 0.1875932216644287 0 0 0 0 0 0 0 0.1550130397081375 0 0 1.836079001426697 40.25646702945232 3.152105562388897 0.1028308793902397 0 0 0 0 0 0.9130439907312393 0 0 0 0.1191148683428764 0 0.3256349489092827 0 0.9523894563317299 0.3358503133058548 3.672712452709675 0.6234452649950981 0.4632674753665924 0 0 0 60.4084937274456 36.89134801924229 2.985751643776894 0.8141215145587921 104.6619284749031 0 0 0 0 0 0.1315434277057648 0 0 24.16643072664738 0 0 0 0 0.4519661962985992 0.1576129496097565 0 0 0 0 0 0 0 0 0 0 0 0 0 0 0 0 0 0 0 0 0 0 0 0 0 0 0 0 0 0 0 0 0 0 0 0 0 0 0 0 0 0 0 0 0 0 0 0 0 0 0 0 0 0 0 0 0 0 0 0 0 0 0 0 0 0 0 0 0 0 0 0 0 0.1245777159929276 0 0 0 0 0 0 0 0 0 0 0.3519425243139267 0.1368294656276703 0 0.09848260134458542 0 58.34255000948906 0.348889172077179 0 0 0 0 0 0 0 0 0 0 0 0 23.75533586740494 2.513669013977051
1174.90140029043 2201.175925984979 213.1823640689254 672.5849156528711 668.4919723197818 56.68094708025455 411.5282965749502 32.76032422482967 337.8756855353713 1069.003761127591 139.9679252356291 29.00303934514523 1767.161410473287 375.6669049859047 8.995781913399696 0.8254283219575882 0 0 0.08139780908823013 0 0 0 0 0 0 0.3552458584308624 0.07974250614643097 0 0 0 156.1036305055022 2.58233555406332 14.37130022794008 0 0 0.0912938192486763 2.84766311943531 0.07630095630884171 0.2557891607284546 0.5667598396539688 0.178173266351223 0.09538834542036057 0.3278145119547844 0.1448970437049866 0 0.1005925685167313 86.64319130033255 1.662166647613049 0.09761013835668564 0 0 0.4553641676902771 0 0 4.226105734705925 10.3497127443552 52.60075969994068 59.81720000505447 53.68380037695169 40.08956205844879 0.1997038945555687 0.4825533330440521 0 17.75787410885096 1.584004372358322 2.298379369080067 0.7005877271294594 0.8617826104164124 0.466017097234726 0 5.240633219480515 3.565937876701355 0.5305074006319046 58.36908395588398 45.32749429345131 33.50749523937702 14.11399602144957 0.7220545709133148 0.4604713916778564 1.970097102224827 0.2031972035765648 0.5905265212059021 6.882525190711021 0 2.332451745867729 1.00182931125164 1.693836875259876 0.1012191846966743 0.1790023818612099 0.7642178609967232 0.08577142655849457 0 0 0.09968636184930801 0.6422399803996086 37.78086024522781 3.333107583224773 0.1471511870622635 2.28465212136507 309.278008595109 0.8706435412168503 20.78460489213467 82.43469259142876 191.9890189915895 9.164322100579739 138.0826166197658 19.59868486225605 83.5905953347683 127.8336981832981 67.03976107388735 4.103453919291496 191.2500321045518 135.6208052560687 65.6829856261611 12.89276286959648 0.09222691506147385 0.4430919289588928 0 0 0 0 0 0 0 0 0 0 0 0 0 0 0.1347141116857529 0 0 2.483814060688019 0.1081004366278648 0 0 0 2.520546436309814 0.7633024454116821 2.293459832668304 0.9873452261090279 0.708115816116333 0 0 0 0 0.1127781420946121 0 0 1.27846060693264 1.175520122051239 0 0.1546213179826736 0 0 0 0.3342095240950584 0.446307934820652 0.1082725003361702 1.947140127420425 0.6746936663985252 1.133687198162079 0.09363002330064774 0 14.08228932321072 1.986869543790817 0.321692556142807 0.3062720224261284 0 0.1006763428449631 0 0.1785075291991234 0 0 11.71327539533377 0.3555409014225006 0 0 0 5.86975010484457 0.6111385822296143 8.398916363716125 1.278919719159603 0.2269159480929375 0.3958512991666794 0.2795037403702736 0 0.1210306137800217 0.08497735857963562 0.1384664326906204 0 0 0 0 0 9.918791569769382 0.1522965431213379 2.366293117403984 236.4132875651121 3.108704783022404 134.5608566403389 19.16941183805466 395.6420185640454 41.60298737883568 6.307672791182995 20.84023104608059 15.1426131054759 0 16.29493098706007 2.620072148740292 31.41133768111467 2.867439642548561 0 0.9454969763755798 2.661754459142685 0.1826667934656143 258.7287902086973 27.89571930468082
166.015149846673 321.4549494311213 1948.025849975646 0.3464362472295761 332.3764325901866 0.7002509385347366 32.76032422482967 1657.838572867215 775.0372730791569 6.052453890442848 650.9453539028764 8.217466048896313 77.56039042770863 1593.289065368474 81.90079011768103 43.70359305292368 4.061372607946396 3.686656206846237 0.3468517363071442 24.01719066500664 54.53653015196323 0.107564240694046 85.128209233284 54.11183293908834 3.453347489237785 22.48168902099133 12.06727409362793 2.151420243084431 3.433832421898842 7.594517268240452 1237.88623033464 2535.237743891776 148.104657061398 43.90708317607641 43.83384861052036 0.9096110165119171 20.30613112449646 3.124096177518368 18.84235330671072 4.799726352095604 103.2122509032488 44.17616884410381 42.45279313623905 22.36121224611998 9.19810189306736 20.69025720655918 334.3163217976689 3.557369895279408 1.582253202795982 14.40691566467285 9.010751336812973 0.8465698882937431 8.046138390898705 6.538884088397026 4.107123665511608 11.906887575984 31.56399312615395 102.894586622715 47.89370514452457 65.30625323951244 53.85977855324745 192.3368399962783 6.240273803472519 391.5894728079438 3.007515706121922 6.099789373576641 3.655797153711319 12.11794850230217 37.59794990718365 190.390158765018 66.43535871058702 19.6963637471199 0.5244889110326767 105.5333372280002 185.2065102458 164.8932212591171 317.8863986879587 183.1046760752797 1415.777974270284 2778.575230300426 228.728622533381 1287.843878902495 8.602148719131947 0.3750553727149963 4.669810727238655 4.323486045002937 13.32917963713408 0.1694737672805786 2.667165346443653 1.503728181123734 10.75049883872271 1.567055650055408 229.325682990253 70.8959051668644 14.83662894368172 31.74666083604097 63.24728016555309 3.165366344153881 62.17487914115191 101.9255901128054 0.3436526656150818 0.5903534889221191 5.210683837532997 1.253924205899239 4.032069109380245 18.21559815853834 1.086723521351814 3.699129775166512 3.529782846570015 2.986561052501202 2.501806266605854 20.04567638784647 16.20837497711182 15.02568158507347 16.31931991130114 0.4089182540774345 0.0975663959980011 0.08972039818763733 0 0 0 0.4746502861380577 0 0.8639666363596916 0.1102787330746651 0.6896184384822845 1.022362381219864 3.13514119386673 0.4182122275233269 2.862646713852882 0.4679161533713341 2.724486976861954 1.895459838211536 2.129533134400845 2.477659940719604 6.547480963170528 0.2577245384454727 1.892161786556244 0.2101986557245255 12.35343758016825 6.762488923966885 15.50680112093687 13.68601999431849 7.383696630597115 0.2705651968717575 0.2228978350758553 0 0.0969957709312439 0 1.504282183945179 0 0.9065018817782402 1.639995060861111 0.105339802801609 0 1.618567645549774 7.86727686226368 1.343286424875259 0 0.1849053129553795 0.1066325008869171 1.096678219735622 0.1820147857069969 0.2608980163931847 3.362344056367874 3.704234234988689 30.68762519955635 1.504810430109501 0.1117140203714371 0.2031462639570236 0 0 0 0.0946153998374939 0.09280190616846085 1.245911993086338 18.42611933499575 7.149960316717625 0.2256757542490959 0.3085847720503807 2.790424585342407 13.08404828608036 2.201471410691738 25.32618318498135 0.1556127071380615 0.2268170639872551 0.3626825362443924 0.0989450141787529 0.3132637217640877 0 0 0 0 0 0.3173811212182045 0.6526565700769424 0.1081023216247559 7.00344567745924 8.930107310414314 27.06195087730885 461.3775226995349 17.09329318255186 463.7394208982587 117.4607989937067 83.02701879292727 95.70452796667814 2.377928771078587 74.41510178893805 25.3360568434 0.2637286260724068 13.63383688032627 3.519918352365494 16.51711684465408 5.528335630893707 0 3.584926977753639 19.57141350209713 1.922520577907562 56.12207877635956 21.01912244409323
58.53095461428165 720.003244638443 835.600848197937 20.86435234546661 1067.28337213397 5.432162635028362 337.8756855353713 775.0372730791569 134.0896539986134 566.0986514911056 651.4511312693357 23.57751742750406 488.8357952386141 174.0350420847535 8.02004374563694 1.856748841702938 0.1282197386026382 0 0 0 0 0 0 0 0 0.2710056379437447 0 0 0.1355039328336716 0 42.64663401246071 3.380493402481079 44.09830541163683 0.08091233670711517 0 0 1.131929017603397 0 1.401377320289612 0 0 0.3409763723611832 0 0 0 0.09308686852455139 55.91947773844004 0.7315693572163582 0.2169146165251732 0.09927485138177872 0.09542880207300186 0 0 0.3422677516937256 1.292888551950455 3.207596257328987 4.553130514919758 5.96741309762001 10.63628955930471 13.1989124417305 0.09190176427364349 0.1853791624307632 0 6.362808495759964 0.2422448471188545 0.7627228647470474 0.07362265884876251 0.1104389876127243 0.18187365680933 0.09250824898481369 4.305515818297863 0.1835374236106873 0.1474904865026474 20.04690939933062 17.98375993967056 23.30425921082497 8.841015167534351 0.7898792922496796 0.1101354360580444 3.289722956717014 0 0 1.904787786304951 0.1249491199851036 0.2554827705025673 0.6690799221396446 0.7159218266606331 0 0 0.09260912984609604 0.08501804620027542 0 0.1028292626142502 0.1837876886129379 0.09384046494960785 35.54223164916039 3.702118426561356 0 0.3550398796796799 32.47134532034397 0 0 4.296721637248993 3.346489861607552 5.996956199407578 45.16923621296883 0.9889663904905319 17.77677272260189 17.27097208797932 7.659371465444565 2.882913738489151 29.92654775083065 38.09767092764378 24.33467076718807 16.15176168084145 0.1255066096782684 0 0 0 0 0 0 0 0 0 0 0 0.4470821619033813 0 0.6412311792373657 0 0 0 0 1.912922590970993 2.410665884613991 0.1190955713391304 0.3715550005435944 0 1.530579477548599 0.4518038332462311 1.996667414903641 0.8275475651025772 0.2331540435552597 0 0 0 0 0 0 0 0 0 0 0 0 0.9642256498336792 0 0 0 0 0 0 0 0 1.448472499847412 9.38038569688797 0 0 0 0 0 0 0 0 0 11.08837556093931 0.2026792168617249 0 0 0 9.644844211637974 0.6985799074172974 7.941825091838837 0 0 0 0 0 0 0 0 0 0 0 0 0 10.56155113875866 0.5215164050459862 1.818887077271938 194.849414601922 3.213351629674435 89.61488919705153 17.92289405316114 61.8423492833972 28.95241103321314 0.1321523487567902 23.83833635598421 4.539470478892326 0 0.4847314730286598 1.035087957978249 13.48724044859409 0 0 0.1466325521469116 1.711111932992935 0 79.10501645505428 16.46432936191559
1201.195134811103 1599.344708353281 8.154438257217407 1066.328112140298 260.3288315981627 462.3595445230603 1069.003761127591 6.052453890442848 566.0986514911056 741.5174590274692 117.5571981221437 1232.418042771518 2863.0079735443 776.3903605267406 2.349518224596977 0.13128861784935 0 0 0 0 0 1.33423163741827 0 0 0 0 0 0 0 0 18.68901935219765 0.203502431511879 20.65562407672405 0 0 0.2864592373371124 8.919517144560814 0 0 0 0 0 0 0 0 0 13.51878757029772 0.442879281938076 0 0 0 1.138850532472134 0 0 1.61989014595747 3.570773556828499 52.5396411716938 21.61124945431948 24.03660733252764 13.20016570389271 0 0 0 3.334526486694813 0.4779674261808395 0.9104064106941223 0.1667911931872368 0.5605114474892616 0.08144733309745789 0 16.42398062348366 20.08467747271061 1.249644853174686 21.19909449666739 7.733639292418957 8.973317235708237 1.566597901284695 0 0 1.094368815422058 0 0 2.284372977912426 0 0.6349522173404694 0.751414380967617 0.2188058272004128 0.4838824197649956 0.189003050327301 2.417101480066776 0.1315182596445084 0.08739244937896729 0 0.09741675853729248 0.3041099011898041 149.8130994588137 42.94270122051239 1.298182286322117 2.537769824266434 412.5170621573925 0.4456725716590881 6.44020976126194 61.970642760396 104.9622287154198 5.946028247475624 80.21098370850086 28.47014928609133 12.58180309832096 65.631931014359 73.47637825459242 2.331316947937012 78.09502555429935 186.2219089493155 92.17363028228283 22.00088816136122 0 0 0 0 0 0 0 0 0 0 0 0 0 0 0 0 0 0.1562584489583969 0 1.368129968643188 0.1312609016895294 0 0.9433782696723938 0 1.91341095417738 0 1.424731403589249 0 0.2975028529763222 0 0 0 0 0 0 0 0 0.1659869253635406 0 0 0 0.1165658608078957 0 0 0 0 0.3615593090653419 0 1.843481883406639 0 0 3.894855573773384 1.641086101531982 0 0 0 0 0 0 0 0 15.23783608525991 0.5892796888947487 0 0 0 7.194726958870888 0.2456754297018051 0.9521454125642776 0.3510328680276871 0 0 0 0 0 0 0 0 0 0 0 0 14.98438341170549 0.3169386610388756 0.4630957990884781 93.73147650063038 0.8441764190793037 20.58392057567835 1.011180683970451 471.716851696372 5.055577948689461 0.3601474165916443 1.837391309440136 5.917554333806038 0 4.398335121572018 0.5448957979679108 29.52464371919632 0.4434255808591843 0 0.1356714069843292 0 0 694.5896005257964 55.69721928238869
213.9297418370843 601.8031806722283 2005.008166454732 1.264479637145996 554.7842161655426 0.9467805624008179 139.9679252356291 650.9453539028764 651.4511312693357 117.5571981221437 285.1268428117037 25.46556746959686 355.0812017694116 2018.216899372637 65.93561700731516 20.9403138384223 1.741428650915623 0.4392506703734398 0 0.4230022802948952 0.9791040942072868 0 2.907261192798615 3.184806644916534 0.2781050950288773 1.557567588984966 1.333876579999924 0.11357232183218 0.4974588304758072 1.297844730317593 658.6589655205607 291.6206233873963 174.8026557713747 0.08603816479444504 0.6632780134677887 0 22.59679208695889 0.677705243229866 1.907667547464371 0.3867190331220627 5.061145044863224 3.870308302342892 0.3220359832048416 1.011109054088593 0.2722781300544739 0.3991527035832405 255.6642216220498 1.371058903634548 1.000057697296143 0.2474408820271492 1.088934846222401 0.1201524063944817 0.7337825521826744 0.8356188610196114 4.593265287578106 12.16577760875225 17.46874875575304 34.30910485237837 35.17170586436987 59.64991815388203 0 2.827697396278381 0.1397827863693237 51.79845960438251 3.22896046936512 2.856643870472908 0.5267380774021149 2.66859894245863 0.741239920258522 1.594174049794674 48.33101071417332 2.394015148282051 0 78.15261127799749 104.687450632453 141.1356430351734 75.20388050377369 9.266476854681969 12.5032305419445 212.9797810316086 0.649643786251545 8.570308409631252 7.278058104217052 0.1105125993490219 1.984450973570347 2.886526942253113 2.266794227063656 0.2912759929895401 0.209531806409359 0.1818291842937469 0.2109120190143585 0.1359969079494476 5.360873356461525 5.238414853811264 1.764720268547535 105.8030233159661 31.17613773792982 0.1721998006105423 17.04739796370268 72.02314347028732 0.2539105638861656 2.975816391408443 9.973222151398659 2.673064604401588 5.478869915008545 55.83721137046814 2.516659267246723 22.38510166108608 18.4026841968298 10.59731291234493 6.728740818798542 44.91661298274994 51.4972318559885 39.70062563568354 33.34224478155375 0.1270798146724701 0.134321540594101 0.08237482607364655 0 0 0 0 0 0 0 0 0 0.6185475587844849 0 0.1699445694684982 0.498704805970192 0.4338795691728592 0 0.09035256505012512 0.09281030297279358 1.653535239398479 0 0 0 6.751068286597729 2.373477146029472 6.518591977655888 1.975317977368832 1.165310621261597 0 0 0 0 0 0.08717261254787445 0 0 0.6698515340685844 0 0 0 0.4282844364643097 0 0 0.5871068835258484 0 0.5594291314482689 0.2348988056182861 0 0.6800884380936623 1.066037908196449 27.31692727655172 1.020917773246765 0 0 0 0 0 0.09419066458940506 0 0 23.08313376456499 1.286092340946198 0 0 0.1696927770972252 21.95271997898817 0.9097042828798294 19.36212170124054 0.2183892130851746 0 0.08976899832487106 0.1232161819934845 0 0 0 0 0 0 0 0 0 16.24741265922785 2.014456927776337 10.09354776889086 641.6852186992764 12.49877912551165 428.6003537625074 106.9774100035429 110.7414250746369 119.3840556070209 4.94787734746933 102.5500526055694 25.38710566610098 0 2.824778735637665 2.53713570535183 13.35675530135632 0.6029660999774933 0 2.632348380982876 22.22442074120045 0.3464171886444092 72.42302143573761 28.62200325727463
234.2638479992747 116.0565863102674 0.6966009736061096 1254.724233523011 0 295.7726609185338 29.00303934514523 8.217466048896313 23.57751742750406 1232.418042771518 25.46556746959686 106.1014707684517 1176.105834797025 143.3700355142355 4.818689934909344 5.200965024530888 0.1920387148857117 0 0 0 0.1154433190822601 0.6868535727262497 0 0 0 0 0 0.1648942083120346 0 0 1.758440144360065 0.9401008784770966 44.74159224331379 0 0 0 89.58978506177664 2.920590877532959 0.4852197095751762 0 0.5083903223276138 0.667419508099556 0 0 0 0.1450489461421967 11.52727549523115 0.1812290176749229 0 0 0.3221608251333237 0.5330409407615662 0.2438618317246437 0.9263455793261528 0.2219580635428429 0.7161055281758308 8.831924140453339 5.312664814293385 4.744122624397278 2.836208656430244 0.6947698965668678 9.332697741687298 0.1358284056186676 2.361218243837357 0.07903271913528442 0 0.1041447147727013 0.4573414847254753 0 0.1763782724738121 66.84577565640211 9.263190217316151 0.887663871049881 6.650095112621784 3.867570072412491 6.781011700630188 6.435182109475136 1.919932201504707 0 12.48352691531181 0.3192434012889862 0.5325656905770302 0.9362455755472183 0 0.08847904205322266 0 0 0.07724499702453613 0.3917273357510567 1.245520815253258 0.09534728527069092 0.09531500935554504 0.1983811557292938 2.527942210435867 0.3050479292869568 439.9261245727539 81.08474487066269 0.2624748274683952 5.531006060540676 77.64440992474556 0.1155423820018768 14.60967674851418 32.87636733800173 17.31539182364941 14.05401652306318 188.3167844861746 6.983791440725327 49.17368089407682 82.38227612525225 43.73806767910719 12.66892813891172 152.4625862762332 160.5293188914657 115.7969014719129 70.25963075459003 0.1055130809545517 0.2350323125720024 0.1807640641927719 0 0 0 0 0 0.1334390044212341 0 0.2824167013168335 0 1.547878324985504 0 0 0 0 0 0 1.960002057254314 10.58002208918333 0 0 0 13.84607730060816 4.522208899259567 6.106188014149666 1.716558843851089 1.495443351566792 0 0 0 0 0.1231616586446762 0 0 0.1379016041755676 0.1902869269251823 0 0 0 0.1101784557104111 0 0.5630578547716141 0 0 0.6502374112606049 0.08014320582151413 0 0 1.940088734030724 32.04124822467566 0.2437971532344818 0 0 0 0 0 0 0 0 62.25852178782225 0.4754487574100494 0 0 0 32.78694658726454 1.412875190377235 24.62150710076094 0.1528478860855103 0.1039873883128166 0.221912607550621 0 0 0 0 0 0 0 0 0 0 54.58919855207205 3.230190046131611 11.79336716234684 92.92486204952002 1.270591601729393 23.64473643898964 9.419633142650127 255.9182526469231 5.667879246175289 2.023206457495689 11.89803352206945 11.80319831520319 0 5.281696870923042 1.326351568102837 35.08113272488117 0.2589095160365105 0 1.644688069820404 0.6086495816707611 0.4629180729389191 790.7410311475396 125.6091875582933
500.794400498271 1944.554295323789 16.62390484660864 1779.042383767664 127.4251690581441 132.1277266144753 1767.161410473287 77.56039042770863 488.8357952386141 2863.0079735443 355.0812017694116 1176.105834797025 1152.027433723211 1652.284669004381 58.74259572476149 33.88137051463127 2.310549929738045 1.14935214817524 0 0.1119022220373154 0.522845558822155 0.2833653315901756 0.2464559897780418 1.960428670048714 0.1246155723929405 0.3591115698218346 0.8014122694730759 0.101026639342308 1.509454779326916 0.4357103854417801 43.41060953587294 19.46613210439682 305.1270309910178 0.0858769491314888 0.2469087392091751 0 89.50932391732931 0.5083695352077484 35.59063884615898 0.1494397073984146 2.85153229534626 4.330745071172714 0.08940873295068741 1.464043438434601 0.5317947864532471 1.044894434511662 171.6242052391171 0.5581445246934891 0.8051262721419334 0.2139580547809601 0.6375833973288536 1.938747234642506 1.601066455245018 0.8376831784844398 1.702751480042934 4.909832507371902 31.74632802605629 36.44983770698309 32.07769922167063 27.82361416518688 0.6008047983050346 27.16153924912214 0.2305372431874275 24.6191068738699 1.304528549313545 2.011014819145203 0.5442377999424934 1.057784140110016 0.3233043700456619 0.9200351983308792 251.1232604756951 14.56990425288677 1.585264950990677 49.31271815299988 51.93457119911909 69.98957463353872 59.16701448708773 11.89632107317448 0.8925037235021591 66.21243687719107 1.267539143562317 7.976783595979214 3.744689732789993 0.08269897848367691 1.621531404554844 1.037611588835716 1.427024126052856 0.4014096632599831 0.480321429669857 1.715452864766121 0.6736248582601547 0.3294997066259384 2.312245711684227 4.287455677986145 2.324948027729988 1101.943171240389 161.1014062538743 1.132519200444221 21.24299504607916 218.1515889316797 1.727759003639221 16.04141742736101 79.40023470669985 31.77235502749681 52.95046359300613 509.3791333585978 15.6783209592104 145.5172471478581 221.5426266416907 90.7472868040204 39.78129835426807 393.7753638774157 395.9967130720615 284.7088094130158 181.9197010546923 0.6704015210270882 0.5732489749789238 0 0 0 0 0 0 0 0.678211122751236 0.246769517660141 0.4934655725955963 1.01721178740263 0 1.236563980579376 0.09359322488307953 0.6800910606980324 0.146609753370285 0.3358252868056297 3.967836163938046 16.24935187399387 0 0 0.1457221210002899 35.29066973179579 6.770843155682087 22.93005368113518 7.329656288027763 3.269024834036827 0 0.1289210319519043 0 0 0.2264028638601303 1.324875339865685 0.26365926861763 1.124492555856705 1.951314449310303 0 0.1842649579048157 0.0828322172164917 2.440868176519871 0.249515026807785 0 0.4598392844200134 0 0.6748030409216881 1.146665148437023 1.900097757577896 1.867699883878231 3.780871883034706 93.53584218025208 1.166001722216606 0.08037887513637543 0.09170559793710709 0 0 0 0.08345679938793182 0 0 162.3572640642524 3.07383768260479 0 0 0 106.9707392454147 4.958377212285995 65.52704218029976 1.432304494082928 1.154274962842464 0.6257401704788208 0.3361440151929855 0.2859957069158554 0 0.07040037959814072 0 0 0 0 0 0 123.216546677053 7.464800842106342 30.27399711310863 628.0618376359344 13.18315365165472 278.1412223353982 116.198460586369 559.3668080791831 79.88368345797062 5.569273389875889 79.84306135028601 43.32198176532984 0.964494526386261 16.3461097329855 7.634318083524704 115.2632251754403 3.168395757675171 1.519267082214355 1.163846962153912 19.2233088389039 1.273731485009193 1202.928037874401 244.4933003634214
381.8883382305503 1565.664149552584 1466.978275634348 98.71115881204605 874.4688749536872 21.56741885095835 375.6669049859047 1593.289065368474 174.0350420847535 776.3903605267406 2018.216899372637 143.3700355142355 1652.284669004381 669.6359837651253 79.51451751589775 41.58390694856644 3.239078663289547 0.5684708654880524 0 0.4998332783579826 1.85807953029871 0.8620856553316116 4.109766311943531 5.956495217978954 0.536380909383297 2.987581863999367 3.420135527849197 2.189094856381416 3.272700108587742 3.520155839622021 762.9467875808477 250.0421657413244 642.9196684285998 0.5568189695477486 1.985464811325073 0.6104847192764282 117.2903114929795 7.361049331724644 41.1758721023798 1.349066682159901 14.09751655906439 12.08277131617069 0.5671206340193748 1.444005444645882 0.1388906389474869 0.4588039219379425 233.0762784034014 1.313366532325745 0.7613149136304855 0.112156942486763 0.8370210230350494 1.848614618182182 1.691523768007755 1.282438687980175 2.986908458173275 7.95880863815546 20.56467658281326 41.92853651195765 30.59156441688538 48.64183432608843 0.4808315709233284 82.64179465174675 0.5612631142139435 52.37514981627464 2.23767626285553 2.511655189096928 0.5603553056716919 1.843401350080967 0.9097962751984596 1.945481240749359 227.2746647074819 15.30914763361216 0.3661001026630402 67.95986294746399 84.50900264084339 126.3648775219917 91.40569307655096 15.67609611153603 16.93428667634726 227.6119413897395 1.569814205169678 25.53387417644262 5.044219590723515 0.4037396982312202 2.088466666638851 0.9930917024612427 1.681580021977425 0 0 1.857303887605667 1.028218694031239 0.2405072972178459 7.796056114137173 14.49638564884663 8.338683553040028 420.8161486536264 134.8656117618084 1.295286506414413 63.21433079987764 142.7410437762737 0.2810466140508652 5.996935084462166 43.11407223343849 16.17235019057989 26.29508864879608 221.9924639612436 7.837853908538818 80.78182341903448 86.91343683749437 45.00951485335827 23.19196603447199 181.6884573474526 180.6072729229927 144.0129973366857 104.5993987098336 0.6788158491253853 0.09699945896863937 0.08791157603263855 0 0 0 0 0 0.1560491025447845 0 0.283195823431015 0.1561135351657867 1.140572875738144 0 0.177793562412262 0.1123956814408302 0.9814705923199654 0.8504930809140205 0.8066832572221756 3.893548630177975 12.98943358659744 0 0 0 27.46804109960794 10.55461147427559 20.38765705376863 6.858323976397514 5.8442562520504 0.2425026297569275 0.2974689081311226 0 0 0.1418897956609726 2.514059223234653 0 0.775085911154747 1.721723556518555 0 0 0 3.936725497245789 0.9228949099779129 0.1588017642498016 0.1815310642123222 0 1.352855905890465 0.0977419912815094 0.257918618619442 2.155098229646683 2.177898772060871 67.56393198668957 2.716185614466667 0.2816551476716995 0.2432796657085419 0 0 0 0.0853726714849472 0 0 103.0363117530942 4.751550942659378 0 0 0.101181797683239 70.66111315786839 2.280160009860992 61.48714565485716 0.9247314110398293 1.459403865039349 0.5826643481850624 1.341794162988663 0.414276510477066 0.1771281063556671 0 0 0 0 0 0 0 56.65463995188475 8.179850488901138 30.10968895256519 693.0796057283878 12.24273581802845 395.2236136049032 143.1488561406732 207.6611443385482 105.1576632484794 1.243282943964005 120.9313189312816 40.44142781943083 0.4115299880504608 16.96145364642143 5.755753397941589 57.72822238504887 1.537977792322636 0 1.691270142793655 23.35787861049175 2.351807922124863 363.6550297662616 118.9900911450386
