147.1446550637484 1407.423639409244 254.863709628582 926.2147886008024 47.42996037006378 51.00073684751987 405.100957468152 64.06329704076052 5.060551710426807 680.0416868254542 23.71217063069344 172.5663075894117 103.6994382813573 51.96877574175596 6.988239072263241 2.249344862997532 0.2827601656317711 0 0.09916370362043381 0.561245009303093 0.124141663312912 0 0.605511412024498 0.208662174642086 0.6681839972734451 0.9935828745365143 0.1052654683589935 0 0 0 899.0395360440016 7.528261162340641 14.90852931141853 0.1100805178284645 0 1.796684630215168 9.292820014059544 1.349405907094479 0.114261083304882 0.6674910187721252 0.3700679317116737 0.6436137482523918 0.3394297808408737 0.7722442597150803 0.5004975274205208 0.7094304785132408 34.72110585123301 3.463312268257141 0.5032079666852951 0.203807644546032 3.35204540938139 0.5898587107658386 0.1549193561077118 0.2262882143259048 11.43318225443363 10.14957072585821 172.9521684795618 1126.830335080624 25.49938190728426 52.23484749346972 0.9894156903028488 4.169079326093197 0.5227808952331543 101.3554089218378 8.083861760795116 3.264283701777458 1.372220404446125 1.536919966340065 0.1145411729812622 2.252598315477371 12.00724298506975 3.133675038814545 0.09445847570896149 248.5719809383154 56.85374858230352 67.45666516572237 7.709717929363251 0.9903585910797119 0.6844090968370438 49.05434124171734 0.7381090372800827 7.510951928794384 25.73579713702202 0.08697418123483658 8.323028258979321 5.811514385044575 0.4022049009799957 0.1155482605099678 4.559280708432198 0 1.687438018620014 0.781953401863575 0.7155900597572327 0.4825286269187927 0.2295420989394188 33.66849701106548 0.85210020840168 0 1.046632885932922 1217.856315903366 0 0.2590042650699615 0.8166548013687134 0 0.6640418320894241 1.495372995734215 0 3.593788258731365 24.78801465034485 0 1.135354727506638 2.623981446027756 3.525538489222527 0.6063135489821434 0.2517447024583817 0.142864465713501 0 0 0 0 0 0 0 0 0 0.1227467805147171 0 0 0 0 0 0 0 0 0 0 0 0 0 0.577787734568119 0.1048504114151001 1.031762517988682 0 0.4201073497533798 0 0 0 0 0 0 0 0 0 0 0 0 0.1126738935709 0 0 0 0 0 0 0 0 0 0.5352902784943581 0 0 0 0.2311011105775833 0 0 0 0 0 0.2350572347640991 0 0 0 0 0.5907222330570221 0 0.8125770092010498 0 0 0.3569525852799416 0 0 0 0 0 0 0 0.08481690287590027 0 0 0.119296059012413 0.113321453332901 0.3481511250138283 89.47371579706669 3.727996110916138 178.9625485390425 29.24938368052244 667.7363912016153 13.67378190904856 1.045068241655827 2.801191926002502 6.466184973716736 0.1095737740397453 0.12088742852211 0 3.023939095437527 0 0.2903474569320679 0 0.4777001142501831 0 151.1108077019453 2.050797417759895
1407.423639409244 1766.858528010547 909.0451159924269 623.0174034312367 1280.038670569658 110.1269982680678 1135.251272819936 618.2402926385403 775.8505310788751 825.8785005956888 705.2581757977605 427.513254635036 1405.942156352103 1864.079847678542 26.20768055319786 6.09030120074749 2.534732945263386 0.543991319835186 0.2351909801363945 0.7453548833727837 0.4894782230257988 0 0.4718499779701233 0.4488728791475296 0.9438320398330688 0.74014051258564 0.3032494187355042 0.1260226517915726 0.08951352536678314 0 2436.42403947562 31.56621485948563 38.42720504850149 0.4666524007916451 1.028068870306015 2.339701622724533 25.25382900238037 5.940146490931511 1.054014801979065 1.228401385247707 1.133227467536926 0.3181647062301636 0.5358716174960136 2.450613409280777 0.3131804689764977 1.110654346644878 204.0181272178888 7.548593901097775 1.191566072404385 0.6939504966139793 9.193775750696659 0.2924147248268127 0.3543707728385925 1.294429048895836 14.80905841290951 16.3294048383832 84.09805756062269 642.4592139795423 24.28915450721979 109.1694058328867 2.685972265899181 13.67409494519234 0.8843720629811287 283.0801454558969 13.41091842204332 6.641185447573662 2.116216830909252 2.953818500041962 0.5848344042897224 4.191109500825405 22.10796140879393 0.6737343147397041 0 371.0334603488445 159.130076803267 192.6964824646711 43.93368856608868 4.606868878006935 4.954217053949833 160.5436003431678 1.643330402672291 32.35935700684786 42.22290308773518 0.1840814426541328 17.07568570971489 8.932679057121277 0.9099179282784462 0.09237171709537506 8.551566503942013 0 3.761525809764862 1.882970809936523 1.414302460849285 2.313147507607937 1.085517391562462 25.45746131241322 1.422357186675072 0 0.7203539162874222 479.196985527873 0.1032614335417747 0.09990601241588593 4.076036661863327 1.560974329710007 7.1505486369133 23.39729471504688 0.2934369444847107 45.22221855074167 13.81599539518356 4.800401784479618 15.44546937197447 42.87292926758528 14.87818799167871 11.8400579765439 9.0329884365201 0 0 0 0 0 0 0 0 0 0 0 0 1.132874645292759 0 0.1027177050709724 0.1676102876663208 0.2645643651485443 0 0.344143234193325 0.2512915730476379 1.963806852698326 0 0.193474292755127 0.1557306051254272 5.201602920889854 1.052419602870941 9.354816682636738 0.5421177744865417 0.6079012602567673 0 0 0 0 0 0 0 0.1992809474468231 0 0 0 0.3960453942418098 0.1211923360824585 0 0 0 0 0.119509369134903 0.09413537383079529 0 0.2218752503395081 0 12.78917140513659 0 0 0.1276471018791199 0 0 0 0 0 0.166152760386467 6.937083952128887 2.022471249103546 0 0.1068999022245407 0 9.821522451937199 1.325348645448685 4.4754948168993 0 0 0.1057227775454521 0.6264658570289612 0 0 0 0 0 0.1326707750558853 0.4134967029094696 0 0 4.665308460593224 1.900420375168324 3.194140575826168 221.5782729610801 6.72763304412365 435.732247531414 57.27655480057001 639.3523195758462 29.56653571873903 1.043722994625568 18.34532476961613 60.90452973544598 0.2297214716672897 1.258886985480785 0.1879112794995308 23.04670552909374 0 0.1201596856117249 0.3624862432479858 1.25221898406744 0.1795958131551743 254.4254310131073 25.42833495885134
254.863709628582 909.0451159924269 879.3243095427752 21.8055664151907 356.0825326666236 4.600157260894775 71.8159831315279 3143.870726756752 300.0460911020637 5.160904377698898 2132.395685829222 24.1574951261282 272.5451775491238 2285.679616823792 18.54646138101816 11.96110405027866 3.363142646849155 1.409015171229839 0.3348459377884865 0.8695408850908279 4.786361806094646 0.1051422357559204 5.440932229161263 3.927939184010029 3.173851937055588 4.402537494897842 0.5757497251033783 0.7079921513795853 0.320527121424675 0.1259514987468719 2286.13548951596 185.7078440412879 118.2035957351327 1.390304811298847 2.087102949619293 11.52728199213743 43.28957240283489 15.40645732730627 4.679048322141171 3.901842072606087 3.101423822343349 0.8267547711730003 1.647575706243515 5.108642898499966 0.5113996639847755 3.564787037670612 60.05743529647589 1.705354534089565 0.3362012282013893 0.3334826305508614 0.6231588423252106 0.2046718373894691 0.1739926487207413 0.6494934260845184 1.86293401569128 0.7453834041953087 13.21645586937666 194.4033719524741 2.483112990856171 12.78427808731794 4.983494192361832 39.04469391703606 6.41014402359724 147.9413205608726 0.9910641759634018 0.7310865074396133 0.4786403924226761 0.6696214079856873 2.249897450208664 11.30576694756746 38.77972785383463 1.736465133726597 0.0945032611489296 42.41031548380852 29.70938121527433 44.73416788130999 23.66914059966803 4.351312294602394 17.5424106195569 851.3733111992478 1.991571396589279 147.2532208859921 3.70078781247139 0 0.4465870186686516 0.561031199991703 1.042312286794186 0 0.3141934424638748 0.1329450905323029 0.5043309181928635 0.1195980757474899 4.255894109606743 1.40889784693718 0.6035693511366844 5.966541618108749 0.7120570689439774 0 3.7278853058815 82.64510085433722 0.1206048056483269 0 0.3516057431697845 0 0 0.2868041694164276 0 1.069541826844215 1.872490607202053 0.4296664595603943 0.1256236582994461 1.676849856972694 0.546384871006012 0.6721015647053719 0.5994796305894852 0 0 0 0 0 0 0 0 0.133919820189476 0.1918564885854721 0.1179513782262802 0 1.522776551544666 0 0 0 0.1162116602063179 0 0 0 0.2006055414676666 0 0 0.4290721118450165 0 1.37306946516037 2.675806798040867 1.011494338512421 2.286355890333652 0 0 0 0 0 0 0 0 0 0 0 0 0.6564630791544914 0.1216048821806908 0 0 0 0 0 0 0 0 1.935328543186188 0 0 0 0 0 0.09391844272613525 0 0 0.2129254043102264 0.9167340993881226 0.2938213273882866 0 0 0.2334180548787117 1.266505099833012 0.4365338087081909 0.9359780102968216 0 0 0 0 0 0 0 0 0 0 0 0 0 1.293861821293831 1.001809678971767 1.187255576252937 60.78715977072716 2.185536995530128 89.10300190001726 24.94379857182503 52.65698384493589 7.127857491374016 0 7.082442164421082 1.408805072307587 0 0 0 1.203708291053772 0 0 0 1.963609308004379 0 14.5554376989603 2.312239214777946
926.2147886008024 623.0174034312367 21.8055664151907 574.194015905261 119.5108671933413 316.1704565063119 1188.552848525345 5.902084328234196 26.47698371857405 1968.163222953677 6.617626905441284 1703.471897698939 1383.664144925773 92.71656857430935 2.011295415461063 0.09511551260948181 0.144653782248497 0 0 0.09173551201820374 0.3274062275886536 0.1174075081944466 0 0 0 0 0 0.1572812795639038 0 0 73.96925833821297 1.498247109353542 6.492295369505882 0 0 0 18.00754570960999 0.1151720806956291 0 0 0 0 0 0.1423279196023941 0.1698827147483826 0 22.50425862520933 1.118407942354679 0.1724821627140045 0.08364797383546829 1.574442788958549 0.1354764699935913 0 0 2.263141080737114 1.414814434945583 25.32432755827904 127.2667136862874 4.076121747493744 16.25274036824703 0.1447780877351761 0 0 33.04778666049242 2.574102118611336 0.3142251223325729 0.455794595181942 0.3171298205852509 0.1134069040417671 0.1539650708436966 13.51066987216473 0.3367340415716171 0 63.48703940212727 16.16552397608757 22.62627623230219 2.503447309136391 0.2581227496266365 0.4407758712768555 0.572137326002121 0 0.1621429920196533 5.674004502594471 0 2.363240733742714 1.371915891766548 0.2584881708025932 0 1.150195084512234 0 0.3892837464809418 0.192834198474884 0.1094520688056946 0.09363213926553726 0.1321084648370743 63.80505642294884 0 0 0.127945140004158 603.0060443282127 0.1033242419362068 1.148819327354431 1.144619479775429 3.358040131628513 2.69660909473896 8.985034853219986 0.3271358013153076 14.14487385749817 138.4525441303849 0.6397177577018738 6.061229892075062 7.566739112138748 8.619900681078434 2.289589568972588 1.428607739508152 0 0 0 0 0 0 0 0 0 0 0 0 0 0 0 0 0.2433907091617584 0 0 0.1599211543798447 0.2631051540374756 0 0 0.1307851374149323 0.2966290265321732 0 2.293956249952316 0.5221514701843262 0 0 0 0 0 0 0 0 0 0 0 0 0 0 0 0 0 0 0 0 0 0 0 1.946640998125076 0 0 0 0 0 0 0 0 0 2.967113941907883 0 0 0 0 2.577714085578918 0 0.5206237435340881 0 0 0 0.1120704114437103 0 0 0 0 0 0 0 0 0 0.9322130382061005 0.150352954864502 0.3715534210205078 76.44548643380404 0.7480611205101013 67.17042057961226 8.418637745082378 606.9123101979494 3.194178320467472 0 1.780231364071369 17.49228167533875 1.456875562667847 0.1357769817113876 0 7.614798881113529 0 0.1090636923909187 0 0 0 157.8996410369873 11.4877900108695
47.42996037006378 1280.038670569658 356.0825326666236 119.5108671933413 849.0664427578449 12.44134514033794 1350.320872299373 520.6684335246682 2700.387303814292 161.3145519793034 835.6456587985158 46.00268472731113 558.8930544257164 1574.099780268967 19.08763032406569 1.751861408352852 0.4601853564381599 0 0.1041975021362305 0 0.380591981112957 0 0 0 0.09183234721422195 0.240428626537323 0 0.1396081745624542 0 0 263.1090345084667 25.0158770903945 4.570164889097214 0.0993112325668335 0.1303991228342056 0 5.65073075145483 0 0.09820493310689926 0 0 0.6407239809632301 0.315017506480217 0.4948529154062271 0.1017419770359993 0.1659673973917961 170.8679389804602 3.940762005746365 0.4217511489987373 0.4086671248078346 4.305304989218712 0 0.1751807034015656 0 5.487372644245625 7.488100916147232 26.35069286078215 147.6424718946218 11.12667948007584 57.52009370923042 0.7166329920291901 1.343927755951881 0.2159178704023361 147.9620847329497 5.91891822218895 1.71077823638916 0.7464159727096558 1.899519346654415 0.07701752334833145 0.8787581622600555 10.22947578877211 1.100258603692055 0 140.142831414938 75.31362868100405 123.18097961694 41.54406221210957 2.084134101867676 0.30464256554842 5.421989157795906 0.250571608543396 0.898565985262394 16.42884082347155 0.1715936809778214 5.714356891810894 3.794651724398136 0.5996242761611938 0.2183312326669693 2.972547680139542 0.1084682196378708 3.020096749067307 0.1348592936992645 0.08067304641008377 0.7853540703654289 0.1865690499544144 32.80732326209545 1.112982630729675 0 0.9763321578502655 16.7760254368186 0.1182206347584724 0 6.284348383545876 4.467376030981541 17.32099774479866 26.43108731508255 0.5655611827969551 84.36067712306976 22.55948725342751 7.29603935033083 25.73617492616177 77.57722330093384 31.24478659033775 26.83237098157406 13.23178393393755 0.0893341600894928 0.3949776589870453 0 0 0 0 0 0 0 0 0 0 0.1799655109643936 0 0.11766317486763 0 0 0 0 1.473326995968819 2.720775172114372 0 0 0 12.86837428063154 4.729970805346966 24.45709766447544 1.726954326033592 1.250816777348518 0.2936018407344818 0 0 0 0 0 0 0.4480290710926056 0.3307174742221832 0 0 0.1942426860332489 0.5025486052036285 0 0 0.4417636394500732 0.207087367773056 0.525671124458313 0.3579817414283752 0 0 0 28.70099214464426 0.3934866264462471 0.106885202229023 0 0.2271794527769089 0 0 0 0 0 15.80111843347549 0.4855806827545166 0 0.1387122273445129 0 27.93895690888166 2.057278349995613 9.79342982172966 0.5057368874549866 0.4599951803684235 0.6620775684714317 0 1.090538576245308 0 0 0 0 0 0 0 0 13.26475709676743 2.10360049456358 10.08868418633938 130.1557319685817 2.192457243800163 320.2767783850431 34.59592124074697 95.69815527647734 31.80836889147758 1.001181997358799 22.90599569678307 83.32014897465706 0 1.863983601331711 0.1393329650163651 33.59123226255178 0.6714822947978973 0.1080568954348564 0.3427032232284546 3.864072695374489 0 184.8501761928201 60.36182576417923
51.00073684751987 110.1269982680678 4.600157260894775 316.1704565063119 12.44134514033794 0.6411541700363159 147.7058959156275 1.414741024374962 10.62881723791361 623.0497557297349 0 254.9791103675961 115.617350757122 15.4137415215373 0 0 0 0 0 0 0 1.94881958514452 0 0 0.3943872451782227 0 0 0 0 0 10.10170203447342 0 13.38331589102745 0 0 0 14.9862644225359 1.770649030804634 0.8801242262125015 0.45534648001194 0 0 0 0 0 0.1990912407636642 1.630493879318237 0.1839304566383362 0 0 0.2097166255116463 24.17060305923223 0.9456507563591003 0.1512366235256195 0.1566944867372513 0.7281056940555573 68.1541572958231 68.80908039212227 3.800159201025963 1.869408771395683 0 1.988468445837498 0 1.834481358528137 0.1068069487810135 0 0 0 0 0 96.74914890527725 124.0895574316382 7.798544459044933 10.53443239629269 1.889727711677551 1.991791695356369 0.1526997536420822 0.1008275374770164 0 0.1773288995027542 0.1086011156439781 1.273944348096848 0.8075204640626907 0.7993530854582787 0 2.267249561846256 0 5.180427223443985 6.758166022598743 14.32930734753609 1.725291050970554 4.296441338956356 0 0 2.439798690378666 89.59043822437525 35.78326245397329 13.49318528175354 5.035678148269653 282.9136008992791 0 0 0 0.220783457159996 0 0.3728498816490173 0 1.485776819288731 12.81187175214291 0 0.2322941273450851 1.425640568137169 0.9653025269508362 0.4868699908256531 0 0 0 0 0 0 0 0 0 0 0 0.11687833070755 0 0 0 0 0 0 0.1336064040660858 0 0 0 0 0 0 0 0 1.251128435134888 0 0.5079702585935593 0 0 0 0 0 0 0 0 0 0 0 0 0.204423263669014 0.3770860731601715 0 0 0 0 0.5658826231956482 0 0 0 0.6615630686283112 0.3649914860725403 0 0 0 0 0 0.1334561854600906 0 0 0 0.2548385262489319 0.1445285975933075 0.1092536598443985 0 1.10549108684063 0 0 0 0 0 0 0 0 0.3592290878295898 0 0 0 0 0.1103433519601822 0 0.3991833031177521 0.3463539481163025 0.6704195067286491 6.238044306635857 0 5.28871151804924 0.6157942861318588 171.2620186284184 3.344589367508888 0 0 1.321896553039551 0 0 0 0.9804908335208893 0 0 0 0 0 140.012715280056 1.951585739850998
405.100957468152 1135.251272819936 71.8159831315279 1188.552848525345 1350.320872299373 147.7058959156275 646.87272439152 24.94536206871271 869.0263143181801 1498.889759339392 158.2817566841841 642.0897334143519 1944.753375895321 1409.901279620826 21.8176690787077 3.599391579627991 0.5719791427254677 0.1513378769159317 0.1164103299379349 0.2444488704204559 0.2439155057072639 0 0.1187830865383148 0 0.2515965402126312 0.1418359726667404 0 0 0.2018801793456078 0 172.9024183228612 18.09138666838408 10.62023624777794 0.2190898954868317 0.2633508443832397 0.2401635721325874 10.70755115151405 0.3444629684090614 0.4437312632799149 0.2800204157829285 0.4587511867284775 0.3952457010746002 0.4610784724354744 0.7875877171754837 0.08982443809509277 0.221410796046257 162.8539598584175 5.076287850737572 0.4137237295508385 0.43477513641119 4.300398603081703 0 0.3050021976232529 0 8.182338677346706 9.809395089745522 33.54313391447067 199.4951725304127 11.39112573117018 69.01612544059753 0.1769939064979553 1.52245470136404 0.6794619783759117 131.4247927069664 6.38847104460001 2.634744830429554 1.234619051218033 1.84874214977026 0.1917299702763557 0.8370858579874039 23.39599936455488 2.916466556489468 0 180.3925633653998 78.33082474023104 134.4262209609151 40.52251109480858 2.218676380813122 0.299541100859642 4.266031414270401 0.2941816598176956 1.251866899430752 23.15786216408014 0.07889940589666367 8.219903029501438 4.502999804913998 0.8633449748158455 0 3.51842799782753 0.188837930560112 1.995650269091129 0.2673205435276031 0.3869368210434914 0.9533877596259117 0.4486192092299461 151.642926774919 2.87221123278141 0.1102797761559486 0.628253348171711 96.85661092400551 0.9168039038777351 0.8165968805551529 17.04225182533264 10.5824623927474 36.86638241261244 88.42883098125458 1.622139893472195 209.3567798137665 62.81677072495222 18.67906069755554 66.45891651511192 168.1706390604377 77.65306754410267 64.93920285254717 37.24933513253927 0.435420848429203 0.1200559660792351 0 0 0 0 0 0 0 0 0.1743363440036774 0 0.5303956419229507 0 0.683952122926712 0 0 0.186397522687912 0 2.405219182372093 3.342152081429958 0 0 0 22.91998113691807 6.668159328401089 41.37562339752913 4.045070514082909 3.850052356719971 0 0.1770225614309311 0 0 0 0.5636905431747437 0 0.7535646110773087 1.888553313910961 0 0 0 1.364544898271561 0 0 0 0.1047363057732582 1.414574548602104 1.555206447839737 0 0 0 48.65823051333427 1.140404969453812 0 0 0 0 0 0.1123467236757278 0 0 35.51644195616245 0.142444983124733 0.5900405645370483 0.1065509244799614 0 41.38828310370445 1.092430949211121 9.658424712717533 0.09117435663938522 0.658444732427597 0.1683483421802521 0.398840494453907 0.3678133115172386 0 0.1817953065037727 0.1670031845569611 0 0.2809566557407379 0 0 0 27.51478739827871 3.724017284810543 19.82323051989079 329.3341948762536 5.76380193978548 334.7887312695384 45.97814846783876 552.6278708353639 29.93354111164808 0.4746411144733429 26.58931891620159 159.2904827222228 0.1324196606874466 5.836041897535324 1.115407019853592 75.09252969175577 0.8966006487607956 0.4550015330314636 0.4711427092552185 4.084156185388565 0 661.5595136582851 153.0591639131308
64.06329704076052 618.2402926385403 3143.870726756752 5.902084328234196 520.6684335246682 1.414741024374962 24.94536206871271 1083.108999483287 254.612901635468 2.057413697242737 1300.737054720521 18.93135792016983 197.8351432010531 1281.282685041428 65.17302480340004 46.08210211247206 10.54176085442305 5.049486540257931 0.4890936985611916 10.56355929374695 39.19034163653851 1.001605704426765 29.46115901321173 17.33998208492994 17.40542306005955 20.30255489051342 2.127277001738548 3.587053947150707 0.5390269979834557 0 1226.661292389035 3270.607409805059 624.0643707960844 12.648442260921 13.91758079826832 48.3701810836792 204.9706314876676 80.59985196590424 15.45948084443808 16.66679428517818 16.27923944592476 3.801268361508846 8.55053872615099 22.57792236655951 2.16015513241291 16.7602738365531 155.5039925351739 1.752844780683517 3.991609111428261 5.102558746933937 1.617180928587914 0.9141859859228134 3.203584432601929 11.14632845669985 1.787597045302391 1.526137374341488 13.60037780553102 155.9395592063665 4.685191988945007 30.22272326797247 132.4036946520209 320.5484039112926 37.90444578975439 356.5653839185834 1.049024105072021 1.559359811246395 0 3.299669854342937 6.219911113381386 68.82232362031937 138.3630795404315 6.020791903138161 0 71.36911452561617 60.11195225268602 121.6777597665787 216.933153681457 259.4262892752886 768.8510353267193 1767.562970280647 122.8308798372746 2064.085771910846 5.142374962568283 0 3.246763214468956 0.6492714136838913 5.494776986539364 0 1.026607602834702 0.1981066837906837 0.9995443820953369 0.403805673122406 20.43184213340282 2.698949821293354 4.570009909570217 9.479492679238319 1.752572245895863 0.1490138471126556 15.02623690664768 26.64710518717766 0.2712357342243195 0 0 0 0.3317597806453705 1.077811762690544 0.1014053747057915 3.086692631244659 0.2127209007740021 1.020081080496311 1.199193879961967 3.975038900971413 2.186665490269661 1.964587226510048 2.281130492687225 0 0.1246973648667336 0 0.5406835079193115 0 0 0 0 0.1584161967039108 0 0.2512640357017517 0 3.176048189401627 0 0.139662966132164 0 1.343235515058041 0.2663876712322235 0.1196810230612755 0.2250205427408218 0.8069205284118652 0.1259361505508423 0 0.4548421055078506 1.437834478914738 2.770501241087914 7.282813258469105 3.47916965931654 4.121880143880844 0.247458852827549 0 0 0.2393502742052078 0 0.5901298522949219 0 0 0.565134733915329 0 0.2633444666862488 0.5864273011684418 2.340039655566216 1.614259697496891 0 0 0 0 0 0 0 0 4.612802214920521 0.1061830744147301 0 0 0 0 0 0 0 0.6709905713796616 2.358831211924553 1.479779295623302 0 0 0.2447545528411865 2.319078624248505 0.4713790416717529 2.930424973368645 0 0 0.09131424129009247 0.2184329628944397 0.265234686434269 0 0 0 0 0 0.09675735980272293 0 0.2612276002764702 0.6415006220340729 1.09385484457016 7.134705238044262 178.8849075734615 6.207127586007118 218.5159119367599 66.3126757144928 29.33196487277746 18.27920112013817 0 21.86908949166536 7.974884361028671 0.8037161901593208 1.029693461954594 0 0.1435006111860275 0 0 0.4868448078632355 4.414920546114445 0.9397383034229279 17.32153565436602 5.30624208599329
5.060551710426807 775.8505310788751 300.0460911020637 26.47698371857405 2700.387303814292 10.62881723791361 869.0263143181801 254.612901635468 169.5182151794434 89.8124827593565 610.478437282145 25.48420813679695 986.9620689898729 656.0794716477394 28.96078980714083 5.473881408572197 0.3993532285094261 0.2839697003364563 0.11731868237257 0.09313478320837021 0.3296703472733498 0.1205812618136406 0.1093308925628662 0 0 0 0 0.3071619644761086 0 0 78.88771682977676 23.93923334777355 11.9859324619174 0 0 0 7.457143031060696 0.09611661732196808 0 0.1145336329936981 0.4474171102046967 0 0.2244576662778854 0.690530501306057 0.08270008116960526 0.4108187332749367 133.717214718461 2.686960577964783 0.4097345173358917 0.4086201190948486 1.544641830027103 0.2058434709906578 0 0.08477111160755157 2.793611094355583 2.824198700487614 8.934324145317078 37.3569984510541 4.240029953420162 42.52690286189318 0.3098695278167725 1.541327714920044 0.1212337613105774 51.73276539891958 2.452184289693832 1.418881423771381 0.5734687596559525 1.299173288047314 0.1347290128469467 0.5017132312059402 14.07866046577692 1.963080294430256 0 65.89857514947653 42.52477120608091 101.4985976740718 51.77866399288177 2.851703159511089 0.1062126532196999 5.147564873099327 0.4653916954994202 1.757496267557144 8.457241721451283 0 3.057827465236187 1.589444167912006 0.6362801417708397 0.1026732325553894 1.542068742215633 0 0.4588835388422012 0.5202229619026184 0.1773406490683556 0.555984690785408 0.1014384627342224 48.83815927058458 1.854600161314011 0.09368272870779037 0.7063872590661049 8.945085175335407 1.794795580208302 0 10.05531834810972 6.785788513720036 26.12104288488626 52.70668495446444 0.8089672550559044 105.8743577748537 33.19620326161385 13.67483817785978 36.7898441106081 82.4857579767704 46.72839329391718 38.19820191711187 26.26650631427765 0.5390139743685722 0 0 0.2695068418979645 0 0 0 0.1556681245565414 0 0 0.2013055831193924 0 0.8992197588086128 0 0.4190106689929962 0 0 0 0 1.223952397704124 4.049789398908615 0 0 0 16.91067804396152 8.940500527620316 30.06412994116545 2.028258763253689 1.193856820464134 0 0.1452844142913818 0 0 0.7703992128372192 0 0 0.1572199761867523 0.6211123466491699 0 0 0.2478019967675209 0.9762443825602531 0.1502943336963654 0.2199971228837967 0 0.1282332092523575 0.9434576034545898 0.1513886004686356 0 0 0.433130070567131 33.22590558975935 0 0.09248644113540649 0 0.2160112708806992 0 0 0 0 0 25.491614356637 1.443428575992584 0.3071060180664062 0.1297886818647385 0.1177413165569305 28.49843592196703 0.662297710776329 5.675876744091511 0.3366828560829163 0.7629388868808746 0.220416247844696 0.4451813101768494 0.2612308412790298 0 0 0 0 0.09638136625289917 0 0 0 22.32589201629162 4.894286066293716 9.502795115113258 200.2212847992778 5.71331699937582 255.0070918947458 45.7316627278924 59.27880129218102 34.35517627745867 1.166098356246948 33.3611933812499 64.56804037839174 0 2.737031824886799 1.824959777295589 37.11357995867729 0 0 0.3068539351224899 5.763121053576469 0 185.3731829151511 87.7579445913434
680.0416868254542 825.8785005956888 5.160904377698898 1968.163222953677 161.3145519793034 623.0497557297349 1498.889759339392 2.057413697242737 89.8124827593565 748.9705685153604 3.362427309155464 1663.101988308132 2119.405207440257 239.5529326424003 4.623491153120995 0.9832417294383049 0.4891170039772987 0 0 0 0 1.128437869250774 0.1257924437522888 0.1232767924666405 0 0 0 0.1572872698307037 0 0.08909356594085693 18.6442254409194 1.216549761593342 108.0970037505031 0.169490173459053 0.5434770137071609 0 138.7212530970573 1.812324553728104 0.7735369056463242 0.6243185549974442 0.2512194663286209 0.1497449725866318 0 0.3451130837202072 0.1041377559304237 0.1410812884569168 19.36869902908802 1.037772089242935 0.1324679255485535 0 0.465068981051445 3.149548009037971 1.18743734061718 0.211776502430439 2.098222874104977 2.088712573051453 28.48435324430466 45.19882293790579 2.869774743914604 9.658938989043236 0 2.962553679943085 0 20.2039579898119 0.751507580280304 0.4000423476099968 0.2358973175287247 0.5701818913221359 0.2971496284008026 0.3665380403399467 170.6084842607379 8.568648941814899 0.6321073919534683 29.22538663446903 11.71178873628378 18.36890807747841 6.164142586290836 0.6393587663769722 0.09777899086475372 1.271107584238052 0.3343158438801765 0.7588078305125237 3.728324145078659 0 0.8878225013613701 0.9106570184230804 0.1577547490596771 0.3608096688985825 1.425240159034729 1.320644184947014 0.4257881194353104 0.5048390403389931 0 0.09003665298223495 0.4576797634363174 212.7997631281614 7.926226988434792 2.304128788411617 5.399688482284546 533.7103542238474 0.6353569477796555 0.09797292202711105 9.674587242305279 2.778870590031147 17.24048107862473 46.36435185372829 0.2071207612752914 110.6295191198587 32.21316036581993 8.636185824871063 27.07555259764194 75.57359056919813 33.61630292981863 23.79021761566401 15.66436959058046 0.3616478443145752 0.6825537756085396 0 0 0 0 0 0 0 0 0 0 0.1379903852939606 0 0 0 0.2393743917346001 0 0 0.2940061688423157 0.4460778087377548 0 0 0.1303587257862091 4.251370511949062 2.37590180337429 11.12685658782721 0.3827784955501556 0.4100893884897232 0 0 0 0 0 0 0 0.08814169466495514 0 0 0.1871988773345947 0 0.2711509764194489 0.137595534324646 0.1712500900030136 0 0 0.6368847638368607 1.370982795953751 0 0 0.546950101852417 11.24535930156708 0 0 0.1075203344225883 0 0 0 0 0 0 13.43199256807566 0.4373816400766373 0 0.1165951192378998 0 11.23367688804865 0.4439885020256042 2.722692556679249 0.1080264747142792 0 0 0 0.1082777455449104 0 0 0 0.1398868411779404 0 0 0 0 8.769306495785713 2.054677471518517 4.904125340282917 176.9216392636299 2.046157866716385 54.63554261624813 11.38805282115936 685.4058849141002 4.044497184455395 0 3.543047308921814 72.47301118075848 0 1.352833971381187 0 36.34683330357075 0 0.6104414463043213 0.6393103003501892 0.8795000463724136 0 542.2052304297686 120.5009013861418
23.71217063069344 705.2581757977605 2132.395685829222 6.617626905441284 835.6456587985158 0 158.2817566841841 1300.737054720521 610.478437282145 3.362427309155464 538.7651903927326 22.51749196648598 516.5971004217863 1712.343438059092 26.91174019873142 10.5865708142519 1.683043405413628 0.196379579603672 0.1142353862524033 0.4784985259175301 0.1288495808839798 0.3497809171676636 0.7700901329517365 0.3183901757001877 3.997930288314819 3.193944960832596 0 0.3740049973130226 0 0 276.4399527832866 46.94853189587593 501.3380454555154 0.5797442123293877 0.9283344745635986 5.235550284385681 194.1658130213618 37.27764714509249 7.027143523097038 8.240237712860107 2.274154551327229 1.408313892781734 0.6359040960669518 2.985166773200035 0.9788031280040741 1.096024185419083 88.2618288397789 0.7803187072277069 0.3353608623147011 0.1134388819336891 1.299920059740543 0.8147929459810257 3.354628518223763 2.007896758615971 1.517144620418549 1.6258180513978 5.660398989915848 41.38022544980049 2.703932426869869 20.43304593861103 1.811580061912537 87.08060667663813 1.838436886668205 48.3717690333724 1.593310743570328 0.9841837882995605 0 0.6086575239896774 0.2342070639133453 1.427590653300285 88.05863270163536 1.229549966752529 0 39.45016624033451 30.89268258213997 72.62961201369762 42.28772154450417 4.422691904008389 42.28316913545132 586.2165980860591 1.827479004859924 229.2866946831346 2.984454400837421 0 1.266622804105282 0.4900682121515274 0.3917235508561134 0.1929962784051895 0.9608490839600563 0.09729228913784027 0.2476053312420845 0.2123545929789543 0.6957017108798027 0.8587758243083954 0.2442388907074928 10.48707412183285 1.132566012442112 0.3145190924406052 14.24617027491331 9.53919730335474 0 0 0 0 2.617269665002823 2.807940483093262 0.1177061051130295 5.903553977608681 3.091827683150768 0.3326782286167145 3.108170256018639 5.696124278008938 2.226584181189537 2.107846096158028 2.214483991265297 0 0 0 0.6196305155754089 0 0 0 0 0 0 0 0 0.9453749656677246 0 0.2544425949454308 0 0 0.4075368046760559 0.09852267801761627 0 0.5902971923351288 0 0.2547487914562225 0 2.269576281309128 0.9241773709654808 2.482928782701492 1.597867265343666 1.360680244863033 0 0 0 0 0 0 0 0 0 0 0 0 0.7693706825375557 0.1065317466855049 0 0 0 0 0 0 0 0 3.637527815997601 0 0 0 0 0 0 0 0 0.2109162360429764 2.267501339316368 0.6042983159422874 0 0.09982013702392578 0 4.421823211014271 0 1.748671062290668 0.0977717861533165 0 0.1084489375352859 0 0.1110114902257919 0 0 0 0 0 0 0 0 3.037568114697933 1.829876415431499 2.637444712221622 115.6004337742925 3.576688341796398 142.7653216943145 37.02912447601557 23.68057242035866 19.26555948704481 0 15.30701766163111 6.835789516568184 0 0.8905303329229355 0 0.493038147687912 0 0 0 4.091782197356224 0 16.31360225379467 9.272111535072327
172.5663075894117 427.513254635036 24.1574951261282 1703.471897698939 46.00268472731113 254.9791103675961 642.0897334143519 18.93135792016983 25.48420813679695 1663.101988308132 22.51749196648598 183.5148510485888 767.0477462783456 121.3751929625869 20.25269730389118 14.4139936491847 2.993133418262005 0.2241461351513863 0.2643140703439713 0.4439021274447441 0.7072009295225143 0.4879692420363426 1.020297214388847 2.479004800319672 0 3.45005065202713 0 1.398187845945358 0.2097924649715424 0 7.722509056329727 0.4491335973143578 111.534746453166 0.2493003606796265 0.3783654272556305 1.357011452317238 195.9656978547573 5.980698242783546 2.656525112688541 1.118820644915104 1.954013735055923 0.1090846657752991 0.4985714852809906 3.803354986011982 0.641809344291687 1.995631791651249 50.01284402608871 0.5852664858102798 0.3615349978208542 0 0.09892874956130981 2.106207832694054 5.659866020083427 1.432155929505825 1.333792984485626 0.8392431437969208 7.179355256259441 14.90639006346464 2.268622793257236 6.65222592651844 1.597525611519814 9.829648442566395 1.470641791820526 4.089112564921379 0.7826638445258141 0.2364805489778519 0 0.305622972548008 0.5128946006298065 3.098311550915241 187.8809767514467 12.58893875032663 0.254673182964325 16.53311734646559 8.262133970856667 33.54196291416883 21.01235997676849 3.461114495992661 0.2181572616100311 15.78482478111982 0.9921938180923462 2.180478803813457 1.131143435835838 0 0.218122310936451 0.4477603510022163 0 0 0.882927417755127 0.2610808834433556 0.3933301419019699 0.3807044699788094 1.200899243354797 1.344347544014454 1.079434938728809 459.9581177011132 10.07499563694 1.345618046820164 21.73069752007723 117.9070395901799 0.7884642854332924 0.1990539953112602 7.48867554962635 3.30514532327652 16.89442799240351 36.1187883913517 0.9977235421538353 89.25694337487221 26.87556518614292 8.020569674670696 29.25851164758205 79.53388424962759 36.36507507413626 30.56240049004555 18.00627642124891 0.2325484976172447 0.09952867031097412 0.1064207702875137 0 0 0 0.09535170346498489 0.1119482889771461 0.8956568241119385 0 0.3160150051116943 0 1.109148889780045 0 0 0 0.4044116288423538 0.1301312893629074 0.1012716740369797 0.9413469880819321 3.232528552412987 0 0 0.2486051246523857 14.04166027158499 1.929302409291267 21.85812410712242 1.870545841753483 2.692285850644112 0.1506310999393463 0 0 0 0 0.1449243277311325 0 0.4789754003286362 0.3062928020954132 0 0 0.2865463048219681 0.6723287105560303 0.2479608058929443 0.2471822798252106 0 0 1.22076903283596 0.8037674278020859 0.1122587993741035 0 0 21.36025124043226 0.3988076746463776 0.375050887465477 0 0 0 0 0 0 0 18.02249770611525 1.134755253791809 0.3370761871337891 0.3676605820655823 0 18.81415405124426 1.220562845468521 6.927111014723778 0.9026638343930244 0.8956601023674011 0.4422653540968895 0.2377506643533707 0.1043346673250198 0 0.1230565309524536 0 0.1401814222335815 0 0 0 0 13.26052141189575 4.20829289406538 11.22406236082315 198.9482206702232 4.087088011205196 104.2120919823647 41.28405398875475 253.4857009649277 12.66711410135031 0.4613249003887177 15.65327217429876 36.97045961022377 0 2.704047821462154 0.4846971780061722 25.36296404898167 0.1675728410482407 0 0.1822581440210342 3.612427040934563 0.377234935760498 684.2757868766785 128.4381315112114
103.6994382813573 1405.942156352103 272.5451775491238 1383.664144925773 558.8930544257164 115.617350757122 1944.753375895321 197.8351432010531 986.9620689898729 2119.405207440257 516.5971004217863 767.0477462783456 2639.656635060906 3811.457007676363 78.29031348228455 29.89249992370605 4.018624894320965 1.214297004044056 0.4270701557397842 0.892282135784626 2.854712672531605 0.9994946718215942 2.623504623770714 2.727690100669861 3.042726747691631 3.675974979996681 0.1388619244098663 3.358133107423782 0.1626655906438828 0.8023080825805664 52.07945767790079 13.51053285598755 497.1171197295189 0.5647668689489365 0.8090962097048759 2.283480167388916 345.0639139935374 11.80184548348188 12.00597093999386 3.636135175824165 2.153710454702377 1.2306047976017 1.185839213430882 6.039956405758858 0.8238470852375031 3.3164297118783 194.9189169928432 1.145339585840702 0.4921943843364716 0.6066327467560768 1.192585870623589 1.239288382232189 11.8524616509676 1.956894047558308 1.940510988235474 2.107237376272678 10.81480024755001 29.09842597693205 4.338700152933598 31.20948391407728 1.813767418265343 36.22304498404264 2.044333651661873 23.66140932589769 1.57987354695797 1.179212301969528 0.3583110347390175 1.169917680323124 0.92955032736063 5.1373271048069 275.3378181084991 7.775721326470375 0.2030569016933441 60.26701108366251 34.84881445765495 153.6191825717688 78.87281902879477 10.11713618040085 1.132956020534039 95.68793544173241 3.713316686451435 14.44409712404013 6.247485652565956 0.1792691946029663 3.350578851997852 1.194991588592529 0.6211091279983521 0.3983145877718925 1.374621674418449 0.1494890451431274 0.7796754240989685 0.3049993738532066 2.218536451458931 1.507411785423756 1.462296009063721 615.9749655351043 10.23287434130907 1.421508356928825 47.90737327933311 67.08163634687662 1.804730460047722 1.81424880027771 16.52669186145067 5.008961260318756 43.13026324659586 73.31975816935301 2.092357136309147 179.3870710656047 60.85694132745266 17.30567438900471 57.66275587677956 169.5467490777373 67.36076916754246 71.12020543962717 40.28533332049847 0.636112853884697 0 0 0.1633466482162476 0 0 0 0.155063271522522 0 0 0 0 3.511803023517132 0 0.2332281246781349 0.9466326683759689 0.6962110325694084 0.1539190709590912 0 4.662055365741253 5.46328516304493 0.1083469465374947 0 0.2427472919225693 24.08023601025343 6.020971745252609 44.79506488889456 5.596358612179756 2.155648395419121 0 0.2060069590806961 0 0 0 0 0.7078684568405151 1.787469401955605 0.8060785531997681 0 0 0.1519486904144287 2.404518634080887 0.3600594103336334 0 0 0.2188467234373093 2.478267170488834 2.735322616994381 0 0 0 57.23690212517977 0.4952308237552643 0.3116092905402184 0.1893923580646515 0 0 0 0 0 0 45.59500306099653 2.414076738059521 0 0.4544436484575272 0.2144630774855614 43.35794772952795 2.592193275690079 20.16811463236809 2.029875345528126 0.8991041779518127 0.3169665560126305 0.2490270957350731 0.1263264566659927 0 0.2866034805774689 0 0 0.1329636871814728 0 0.5594747066497803 0 35.81564731150866 8.703144960105419 21.41923402249813 528.4942485913634 12.30265072733164 338.9553770273924 106.2248843237758 267.8392994776368 39.56045347452164 1.796012431383133 49.80391575396061 107.3857345953584 0.3211251646280289 5.074546203017235 1.035728394985199 56.3503608033061 1.571595057845116 0 1.280758261680603 14.67533592879772 0.9299018979072571 726.7217770963907 202.3427442312241
