224.221823848784 1692.963807910681 359.1409766823053 903.4205359742045 17.0700731575489 1.814501374959946 124.4943418577313 108.3469582051039 5.633986100554466 567.735831014812 50.19958951324224 17.03407947719097 12.09248225390911 54.25051898509264 2.906620360910892 1.962505087256432 0.8957936018705368 0 0.1021734699606895 0 0.1379925012588501 1.242360591888428 0.7705527245998383 0.3077942430973053 0.270457535982132 0.09225565195083618 0.5916628241539001 0.103072501718998 0.3466229364275932 0.506395235657692 720.1426421105862 11.51632122695446 17.78619838505983 0.2096535786986351 0.8154564574360847 0.2731295824050903 3.487115606665611 1.291065566241741 0.4308939054608345 1.192872099578381 0 0.3553158789873123 0 0.1849697381258011 0.1002397835254669 0.3299863338470459 48.50197513401508 1.159857138991356 0.1128280758857727 0.2557165995240211 0.15667425096035 1.810473755002022 0.9895149096846581 0.1288412362337112 11.53723451495171 29.93459183722734 240.2553814388812 979.9364224150777 107.4540262669325 22.6257492005825 2.617050364613533 2.058018498122692 0.3320364132523537 6.536436036229134 5.176223509013653 2.805124022066593 0.5313657522201538 0.2726928144693375 0.1007919013500214 0.09023623168468475 17.09110304713249 40.26541358232498 3.277939386665821 177.8367653340101 28.53602394461632 31.74646151065826 4.30188824236393 1.449314817786217 4.532652325928211 70.50549459457397 1.29792645573616 1.728075601160526 23.82390353083611 3.760821469128132 1.945222027599812 12.41927375271916 0.7779182344675064 1.140702605247498 2.038164794445038 1.439200863242149 0.8100044727325439 0.4871476739645004 0 0.1935481429100037 0.2781646922230721 108.0840491503477 54.87855942547321 12.26698940992355 2.985503308475018 934.9869483485818 0 29.32718902826309 34.93137255311012 28.71576453745365 0 6.241432219743729 30.57488757371902 4.1991261318326 38.36685302853584 38.54954513907433 6.263916790485382 6.323984742164612 3.618578016757965 1.390514269471169 0.899926021695137 0.2269307821989059 0.1454481035470963 0 0 0 0 0 0 0 0 0 0 0 0 0 0 0 0.1304700821638107 0 0.1986086666584015 0 0 0 0 1.361421562731266 3.644379787147045 5.616145417094231 0.1254536807537079 0.2042142003774643 0 0 0 0 0 0 0 0 0.1173202395439148 0 0 0 0.8685796409845352 0 0.07999108731746674 0 0 0.2008875608444214 0.7130517959594727 0 0 0 5.307379141449928 0 0 0.1326608806848526 0 0 0 0 0 0 3.66699007153511 0 0 0.1835354566574097 0 3.852668792009354 0 1.151312083005905 1.014823377132416 0.593102864921093 0.2867013216018677 0 0 0 0 0 0 0 0.1214693188667297 0 0 8.059719957411289 0.500182032585144 1.820885762572289 22.2045334354043 10.69194111227989 125.6131884381175 10.49561891332269 355.0185129269958 68.97059842199087 9.980079360306263 5.00325221568346 94.65605310350657 0 0.8446093648672104 2.972158432006836 0.6338820904493332 2.605462789535522 0 0.5749128460884094 0 0 330.0245100185275 116.6791703104973
1692.963807910681 1567.120742194355 1240.889798440039 1138.580566518009 909.0802090838552 15.46274065971375 1994.495115995407 1960.182873312384 1816.077215746045 1365.794143624604 2801.607738479972 234.2155534923077 818.3960443511605 2518.556811653078 33.09738913923502 28.42857909947634 1.493349678814411 0.09384283423423767 0.5145819783210754 0.1295356452465057 0.3891233280301094 1.469991773366928 4.430478014051914 2.341268576681614 1.604048110544682 0.7718000635504723 2.0473513007164 0.5355487540364265 1.303825348615646 2.520095631480217 1728.648576579988 95.4027057364583 78.74827097356319 2.142367631196976 3.514144524931908 2.146903239190578 12.52301624417305 6.068939290940762 2.545025683939457 5.881166942417622 0.7893079817295074 1.85286046564579 0 2.43833115696907 0.4557517617940903 2.10853136330843 310.7944091558456 2.719751231372356 1.685179263353348 0.1916835010051727 0.1029482036828995 1.382669448852539 2.318680092692375 0.417838491499424 16.40859167277813 51.04948630928993 211.3413353003561 742.0031172782183 121.0826942548156 77.26398699730635 8.37097605317831 6.437334775924683 2.049956858158112 108.8904290869832 11.37612707912922 5.227624505758286 0.5902416631579399 1.368767224252224 0.7975968718528748 0.6791902035474777 23.05327738076448 13.46163172274828 0.4293551445007324 291.7528936937451 102.9546061232686 157.6079766899347 38.51222384721041 9.393602110445499 32.18998884409666 350.9377006441355 7.241066738963127 13.86119600385427 43.49399015307426 6.217417031526566 5.07396674901247 21.03307113796473 2.198056146502495 1.716288223862648 5.332213364541531 1.083794914186001 1.753961861133575 0.7932193949818611 0.1243879422545433 0 0.8970199301838875 169.3711655288935 3.247164897620678 1.035948365926743 2.629470258951187 1348.751417055726 1.560459896922112 2.540373235940933 8.423071071505547 123.6990482956171 0.3191993832588196 12.90941950678825 8.884844243526459 14.84443504363298 63.54749133437872 69.39502849429846 11.02595110237598 24.60712230950594 17.1019404232502 8.275200240314007 9.691128648817539 0.5317952632904053 0.5568769872188568 0.09546316415071487 0.130912184715271 0 0 0 0 0 0 0 0 0 0 0 0 0.3130425363779068 0 0.6240492761135101 5.138852082192898 0.3237108290195465 0.1404265016317368 0.9194978475570679 0 13.94346411526203 7.296333201229572 22.63159808516502 4.136599712073803 2.706104822456837 0.2363531589508057 0 0 0 0.3337016329169273 0 0 0.1363077163696289 1.30452099442482 0.1964191421866417 0.7036381661891937 0 3.83372999727726 0.09668981283903122 0.5718808770179749 0 0.1452421396970749 0.2205028980970383 1.2055444419384 0 0.1360078006982803 0 32.08343341201544 2.021165296435356 0 0.1600894555449486 0.07668223977088928 0.06954194605350494 0 0 0 0 21.37824241816998 0.7093334272503853 0.1774803251028061 0 0 55.67844621092081 0.7181201577186584 14.76488235592842 1.388291284441948 4.084429621696472 1.169935554265976 0.2828952744603157 0.5701187252998352 0 0 0 0 0 0.1015436202287674 0 0 29.86619674414396 9.298342272639275 12.57666050642729 218.4331191927195 23.47364867478609 685.5269267931581 103.1163007169962 397.0886407271028 194.0822597295046 12.64368276298046 50.28586389124393 17.86774481087923 0.1715925931930542 4.790356978774071 2.194414645433426 0 0 0 0 1.357919320464134 0.4041867479681969 346.7982537671924 23.87804623693228
359.1409766823053 1240.889798440039 1304.725744113326 53.61484601348639 991.6204665228724 8.111590817570686 80.67300724238157 3883.447720699012 257.9740096703172 9.170228958129883 1934.598972260952 6.957240268588066 40.05780387669802 1451.238382168114 24.60428135097027 21.98945356160402 3.687123954296112 1.231411792337894 0.2825321778655052 3.240932732820511 5.389434158802032 4.608089685440063 10.93186569958925 10.8976733982563 4.114412188529968 1.545132733881474 8.193579778075218 0.9829103946685791 3.393719024956226 8.538395471870899 2976.0128242746 302.0606565065682 126.7692531347275 7.170885354280472 13.35893467068672 5.63664848357439 13.49423722922802 13.21612314879894 4.931206330657005 11.85276946425438 2.995330817997456 2.542878225445747 1.793365858495235 3.850628271698952 0.6596356853842735 6.997058652341366 62.84711045026779 1.585181176662445 1.195281848311424 2.196164727210999 0 2.39384862780571 8.189993321895599 0.8566257581114769 3.875216722488403 9.142483726143837 67.9524397328496 385.3664745092392 24.61232843995094 12.38971219211817 45.20197565108538 22.31826132535934 10.33462847024202 49.80074102431536 2.037359695881605 2.04624842852354 0 2.441301539540291 2.167438872158527 0.742254912853241 32.77153342217207 40.95504885166883 2.15307030826807 59.71921774744987 31.99785806983709 35.38489789515734 15.50613362342119 14.03854475170374 193.8015664815903 865.1627276986837 42.28018371760845 96.54875920712948 9.021714206784964 1.000742338597775 1.863729126751423 3.383405931293964 4.227431334555149 0.2317226305603981 0.9690433070063591 1.005215793848038 0.5846173688769341 0.608511708676815 0.1005795076489449 0.5206135809421539 1.156994387507439 182.4851479530334 4.766477040946484 4.372306518256664 4.862671695649624 107.36960657686 0.2649021446704865 0.4407974183559418 2.106964528560638 1.304133296012878 1.437129408121109 6.460324481129646 2.487198159098625 11.58163657039404 17.9324666261673 25.80062694847584 18.73903964459896 14.87309196591377 8.912126332521439 5.532001592218876 8.471377864480019 0 0.7832794338464737 0.09646695107221603 0.2562260925769806 0.3662510514259338 0 0.1565115302801132 0 0.4785864651203156 0 0 0 0 0.753048837184906 0 0 0.5489747673273087 0.5959612429141998 1.089220255613327 4.617497518658638 1.402124017477036 0 0 0.6306585967540741 18.4186892285943 13.3148834630847 22.46528835594654 13.57169030606747 9.020065099000931 0.2228449881076813 0 0 0 0.6846451237797737 0 0 1.18871247023344 0.3754486441612244 0.0849514901638031 0 0 10.59748645871878 0 0 0 0 0 1.0230448320508 0 1.608063876628876 0 58.5359953045845 5.356890060007572 0 0 0 0 0 0 0 0 21.94471188634634 1.09359647333622 0.357824295759201 0 0 58.91661070287228 1.185720384120941 27.21762334555387 0.4856324344873428 2.901532612740993 0.1095388829708099 1.676805227994919 2.200354896485806 0.3730630949139595 0 0 0 0 0.3100572824478149 0 0 33.97883686423302 5.478616327047348 26.38331373035908 146.329696059227 5.863361179828644 159.792278714478 61.31126296520233 46.48987993597984 43.01815177500248 2.14837496727705 34.38018668442965 14.99584521353245 0.3187911212444305 9.145019382238388 2.273098357021809 0.5843385308980942 0 0.8773115277290344 0.3681407570838928 2.456085152924061 0.1807383224368095 64.01145750284195 12.13109079003334
903.4205359742045 1138.580566518009 53.61484601348639 196.6632179915905 7.937073022127151 44.90375742316246 653.5029475912452 7.926687933504581 5.454456456005573 1695.562008798122 7.409983262419701 1860.197275012732 855.7935056984425 21.85275790095329 1.082493513822556 0.4843220785260201 0.3828982710838318 0 0 0 0.08574396371841431 0 0 0 0 0 0 0 0.08721107244491577 0 83.92852742224932 1.62161622941494 4.374256566166878 0 0 0 4.500558018684387 0.1689909547567368 0.5026094913482666 0 0 0 0 0.1452736556529999 0 0.08638377487659454 28.2623892351985 0.4006336852908134 0.1992439180612564 0 0.08722065389156342 0 0.1775451600551605 0 2.192993447184563 8.56886825710535 43.34967114776373 113.4053568169475 21.45439141243696 10.00521065294743 0.1199573799967766 0 0 3.033563055098057 1.246055379509926 0.7255348153412342 0.1251977682113647 0 0 0 3.610391676425934 1.60176719725132 0 50.5542191490531 11.0690370798111 17.50824508070946 2.232653044164181 0 0.2941832542419434 1.093566581606865 0 0.2050561755895615 7.430131047964096 0.4577134400606155 0.2811155915260315 4.220366157591343 0 0.09097447246313095 0.6574208065867424 0.2970705181360245 0.116506889462471 0.104560911655426 0.08381322026252747 0 0.121214784681797 56.95241466909647 0.7000674456357956 0.2848481833934784 0 379.9451223686337 0.2094199508428574 43.77904486656189 38.02893728017807 47.48199728131294 0.3513045608997345 16.24228771030903 40.24724361300468 9.99815545976162 74.9598995745182 87.77064689993858 8.980596408247948 12.83711861073971 13.57023954391479 5.695015348494053 6.151032567024231 0 0.3987416326999664 0 0 0 0 0 0 0 0 0 0 0 0 0 0 0 0 0 0.5514479130506516 0.4599752426147461 0 0 0 0 0 0.5423478484153748 0 0.2352405935525894 0 0 0 0 0 0 0 0 0 0 0 0.4802547991275787 0.1031636893749237 0 0 0 0 0 0.5362430363893509 0 0 0 1.796748220920563 0 0 0.0932062640786171 0 0 0 0 0 0 5.103596165776253 0 0 0 0 5.621564865112305 0 2.075571537017822 0.1209540441632271 0.960526242852211 0.4230589270591736 0 0 0 0 0 0 0 0 0 0 10.16071870923042 0 0 11.72935232520103 2.721796095371246 62.51742495596409 7.391349777579308 335.850329220295 22.11822488903999 1.498234480619431 2.967588186264038 21.79455773532391 0 0.1703281104564667 0 1.634695827960968 0 7.997014045715332 0 0 0 578.5910234823823 133.7382717579603
17.0700731575489 909.0802090838552 991.6204665228724 7.937073022127151 1251.420491807163 0.5319702327251434 1040.812467865646 1681.312385901809 4550.152421012521 134.3667903542519 2471.847354315221 55.2014677003026 1056.347952708602 4525.576488554478 20.73606538772583 17.96901473402977 0.7911138311028481 0.2398287951946259 0.101786382496357 0.5310762226581573 0.4493020176887512 0.8778801113367081 1.474352270364761 1.645489037036896 0.952810637652874 0 0.4861121699213982 0.2204753831028938 0.3425508439540863 0.5326999351382256 76.32769160717726 37.19673810899258 66.30548650026321 0.2977551594376564 1.375957310199738 0.2410924285650253 19.49423972517252 3.861606061458588 4.79149055480957 2.723119139671326 0 0.4502809643745422 0.07326190918684006 0.8686009868979454 0.2718209102749825 2.557844340801239 88.18796193599701 0.4790722504258156 0.4124947413802147 0.6909255683422089 0 1.109580345451832 4.119787395000458 0.4612693041563034 2.038333520293236 6.527047671377659 14.83833410218358 30.77515545859933 12.27098544687033 12.39995895326138 3.34534265846014 1.064812690019608 0.612058661878109 45.32969448715448 1.311478234827518 0.6664295494556427 0.1646307706832886 0.2739664912223816 0.3235557973384857 0 20.85676599293947 9.082583531737328 0.6669013500213623 38.87994537129998 26.24091647565365 41.01005504280329 19.44600436836481 7.447832398116589 31.32856083661318 38.09618124365807 3.141872994601727 3.128484226763248 6.056132055819035 0.3715794384479523 0.7383796498179436 2.587292335927486 1.078032895922661 0.07958997786045074 0.4402005299925804 0.6661603525280952 0.08505161106586456 0.4816272556781769 0.07706171274185181 0.2250537574291229 0.2584499344229698 156.4049785062671 2.272618740797043 0.8512004837393761 3.500167191028595 18.8555149808526 0.8960562571883202 0.2850943505764008 1.967537574470043 0.8829996287822723 0.2187087386846542 6.979789227247238 6.60019750893116 9.403601557016373 18.85304723680019 52.53509292006493 14.93647151440382 22.28814078122377 17.23827260732651 6.727949276566505 5.474362850189209 0.09833238273859024 0.4418355971574783 0.1122952178120613 0 0 0 0 0 0 0 0.1229513138532639 0 0 0 0 0 0.1185119301080704 0 0 4.014360889792442 1.472562789916992 0 0 0.3632257580757141 7.043676257133484 3.741854228079319 11.63258899003267 2.725554227828979 1.536739081144333 0 0 0 0 0.1440577656030655 0 0 0.3701236620545387 0.1457721292972565 0 0 0.1509730666875839 0.2998965233564377 0 0.2203449457883835 0 0 0.117768831551075 0.5602022409439087 0 0 0 22.90523387491703 1.116832926869392 0.3683668375015259 0 0.2701467573642731 0.133015438914299 0.1465232521295547 0 0 0 17.15088985860348 0.1089481860399246 0 0 0 32.34093566983938 0 3.010204821825027 0.2370331510901451 0.5074711740016937 0.5968350768089294 0.7876587808132172 0.1363274902105331 0 0 0 0 0 0.1828778237104416 0 0 25.94967494159937 2.824281737208366 9.406008772552013 117.809892244637 6.472069919109344 201.84698895365 54.92653781920671 52.27313996106386 62.34161733835936 1.803207993507385 32.53969887644053 5.806246630847454 0 1.993428900837898 1.597550451755524 0.7276058495044708 0.1602820605039597 0 2.238132521510124 1.121599301695824 0.1571385413408279 43.18877790123224 9.850641429424286
1.814501374959946 15.46274065971375 8.111590817570686 44.90375742316246 0.5319702327251434 0 16.867382183671 2.553942807018757 1.259063199162483 217.3927269726992 1.401404231786728 24.18357346951962 11.74879485368729 10.88836880028248 0.3304388150572777 0.3398338556289673 0 0 0 0 0 5.365907549858093 0 0 0 0 0.1291200369596481 0 0 0.1569807827472687 1.838869571685791 1.759300149977207 10.44349282979965 0.6855835914611816 0 0 6.615562930703163 0.7479189187288284 3.397884510457516 0.3972165957093239 0 0 0 0.09250784665346146 0 0 1.052280262112617 0.09643232822418213 0.1116061508655548 0.09831494092941284 0 14.61554647982121 16.02250464260578 0.115245021879673 0 0.3198378756642342 20.77060440182686 3.950099088251591 0.4110153764486313 0 0 1.527647383511066 0.2831344306468964 0 0.06566964089870453 0 0.2295190840959549 0.314305804669857 0 0 50.48199392110109 298.0534618794918 23.26158187538385 0.08856016397476196 0.1714284420013428 0.4791452288627625 0.09257367253303528 0.5785398930311203 0 5.751253738999367 0 0.8406061232089996 0.6548246741294861 0.5434294119477272 0 0 0.09656606614589691 1.077211335301399 0.7347300946712494 7.377772510051727 0.3545378223061562 2.550842113792896 0 0 0.7255521938204765 75.91488788276911 290.9764762893319 90.32062713056803 17.30812182277441 157.9772239029408 0.2305776849389076 27.83122378587723 21.31994763016701 18.99515734612942 0 7.645122841000557 30.7162342518568 12.57802288234234 38.45047914981842 71.06705610454082 4.087665051221848 8.414979353547096 11.77267691493034 4.706449046730995 3.396203458309174 0 0.2135425508022308 0 0 0 0 0 0 0 0 0 0 0 0 0 0 0 0 0 0 0.1437408626079559 0 0 0 2.935206562280655 0.4772905856370926 0.258546382188797 0.7599769979715347 0.1483445912599564 0 0 0 0 0 0 0 0 0.1719957739114761 0 0 0 0.8765174746513367 0 0 0 0 0.1382339149713516 0.7467443123459816 0 0 0 3.481062456965446 0 0 0 0 0 0 0 0 0 2.126874625682831 0.2610813677310944 0 0 0 5.589568793773651 0 3.159909874200821 1.082672700285912 0.5647459104657173 0.5990400314331055 0 0 0 0 0 0 0 0 0 0 13.39714507758617 0.3026376068592072 2.210237041115761 2.394274443387985 0.2119087874889374 5.08143837749958 2.492145702242851 131.6456856429577 0.9344776049256325 0 0.294691726565361 10.34696622937918 0 0.9733864814043045 0.171625092625618 0.4633174389600754 0 4.703304409980774 0 0 0 40.54580599069595 64.75975587964058
124.4943418577313 1994.495115995407 80.67300724238157 653.5029475912452 1040.812467865646 16.867382183671 532.2333472967148 93.55612833797932 1593.911088906229 1567.504231497645 325.5592047199607 258.6217320263386 4510.619269907475 2842.300132639706 14.9250453710556 12.19216103106737 0.3459158465266228 0.2518395185470581 0 0 0.1898506730794907 0.1183602809906006 1.206896588206291 0.5946857333183289 0.4906752556562424 0 0.7871783524751663 0.2917566448450089 0.4624268710613251 0.6054767593741417 137.1994328275323 26.02619943022728 72.78754499554634 0.1429694294929504 1.326930537819862 0.3065224289894104 37.32445975393057 2.694796666502953 3.453977920114994 3.225927300751209 0 0.3895299732685089 0 0.690026544034481 0.281763955950737 0.8358411863446236 130.5585699379444 1.765957273542881 0.8067401945590973 0.07268117368221283 0 0.2736829072237015 3.134679213166237 0.2198225632309914 3.415658675134182 9.179299410432577 24.57661173865199 63.01280369609594 23.7338535785675 22.60397416353226 2.141862317919731 1.196219451725483 0.1476070880889893 44.06658907979727 2.203368805348873 0.964279793202877 0.3701490759849548 0.1288152933120728 0.09200423955917358 0 30.88427507132292 8.141993246972561 0.2519173473119736 66.73860215395689 32.12530638277531 58.88604822009802 18.29205360263586 4.603760816156864 15.60656760632992 12.19731479883194 1.367771707475185 1.599851042032242 10.1228341460228 0.938192330300808 1.50323449075222 4.33812015876174 0.9423721134662628 0.4967021867632866 0.5874935761094093 0.08352329581975937 0.2307880446314812 0.08627169579267502 0 0.09423717111349106 0.1032136827707291 178.5653187632561 1.565027609467506 1.909707881510258 3.949241921305656 63.2704725638032 2.047716192901134 6.317172348499298 77.16524462401867 217.3448927402496 3.441983371973038 32.59726106375456 11.5026423484087 14.13065894693136 209.4879062473774 58.22566054016352 11.08800332993269 28.00409039109945 13.36436465382576 6.941868245601654 2.707354187965393 0.09299140423536301 0 0 0 0 0 0 0.5626301765441895 0 0 0 0 0 0 0 0 0 0 0 3.71777006238699 0.5775990635156631 0 0 0 6.083623513579369 0.9338149353861809 9.068300671875477 2.833933308720589 1.218999527394772 0 0 0 0 0 0 0 0.1890592873096466 0.3932833299040794 0.08824414014816284 0 0 1.277280211448669 0 0.08068174123764038 0 0 0.5941865518689156 2.113498911261559 0.09498146921396255 0.1107572019100189 0 20.42807520180941 1.286530703306198 0.171100489795208 0 0 0 0.09992129355669022 0 0 0.212837740778923 18.0534535869956 0.4057474136352539 0 0 0.1578260660171509 21.3818052560091 0 5.478531949222088 1.791240721940994 2.032945163547993 0.6369241252541542 0.08234643936157227 0 0 0 0 0 0 0 0 0 27.6156984642148 2.474054500460625 4.692708306014538 79.42470896989107 5.919134430587292 263.4528999775648 45.40628584474325 100.9123063758016 80.58620489388704 3.934413120150566 23.31715755164623 3.728190332651138 0.3227610290050507 3.716306313872337 0.6962950974702835 0.9746798872947693 0 0 0 1.966573797166348 0.6231663227081299 90.41153048723936 17.70909348875284
108.3469582051039 1960.182873312384 3883.447720699012 7.926687933504581 1681.312385901809 2.553942807018757 93.55612833797932 1715.497753828764 541.2130195945501 8.998578317463398 1234.583627864718 3.670701272785664 22.93640294671059 1077.470346540213 64.95424337685108 58.75772476941347 9.500301480293274 2.817236341536045 0.116328589618206 5.386191360652447 11.0286268889904 9.822086602449417 29.1013518050313 29.60807541012764 11.90745469927788 6.191456198692322 19.49012848734856 4.345377139747143 7.921490840613842 21.96110924333334 1040.183683410287 574.3435392603278 289.5897555500269 20.78525490313768 40.47989401221275 21.92786542326212 14.19025510549545 34.85465674102306 8.67931591719389 36.22656413167715 8.955846384167671 3.599994532763958 3.242016173899174 30.72464682161808 3.507534496486187 36.76394259929657 205.757472038269 4.581292115151882 3.731338828802109 7.951305247843266 0.9308038130402565 7.891235925257206 19.85853162407875 4.546786084771156 4.546653158962727 13.90994319692254 62.0182031467557 166.0619114041328 31.25500037521124 30.42235704511404 168.8922703936696 258.5746036395431 32.24351381510496 203.9101457893848 4.275956355035305 6.956062905490398 0.736936055123806 8.328393317759037 9.51658720523119 4.354642629623413 44.69678173959255 74.67090233415365 3.498673118650913 97.66500141844153 80.7769625633955 104.6403352618217 67.61612458527088 180.0605075582862 1343.898955270648 2716.626207791269 122.489970818162 971.8898909687996 14.91615185886621 1.684257492423058 5.493477776646614 10.29343458637595 12.83075402677059 0.5322016701102257 2.343403808772564 1.125979818403721 2.416026875376701 3.952376082539558 1.551197990775108 2.198035463690758 3.696338839828968 137.7255893945694 5.482784867286682 9.111060529947281 7.770556032657623 49.72272720187902 1.850248724222183 0 1.862258471548557 0 0.178442046046257 3.016770958900452 0.7931130826473236 7.274139985442162 8.400769114494324 26.04054276645184 6.916941851377487 13.12861385196447 4.224777236580849 3.731361515820026 3.530938811600208 0.6605851352214813 1.743907548487186 0.6485137343406677 0.3680031895637512 0.1080707982182503 0 0 0 0 0 0.3785178959369659 0 0.3997766375541687 0.6116952449083328 1.683570295572281 0.4564466178417206 1.473783761262894 0.08184748888015747 1.207007944583893 8.257525786757469 2.550811633467674 0 0.134234681725502 0.3636185824871063 14.46170408278704 19.37945590168238 28.69636197388172 12.85610652714968 7.584337845444679 0.9917001724243164 0 0.1623847782611847 0 0.6658990830183029 0.5428850799798965 0 0.4000494778156281 0.3766655623912811 0 0 0.9258587062358856 17.23388551920652 0.9507723599672318 0 0 0 1.794919386506081 0.3407969772815704 0 1.061370640993118 0.1744162291288376 52.00031264871359 3.163928344845772 0.1161680594086647 0.5638963282108307 0 0.09196572005748749 0.2760166600346565 0 0 0 18.40429549664259 4.830937407910824 0.2569918781518936 0.183943584561348 0.1223631203174591 37.31328286230564 1.300607949495316 18.1250868588686 0.8752271234989166 3.677508175373077 3.219461001455784 0 0.3148923963308334 0.1812640130519867 0 0 0 0.5156807452440262 0.1425259113311768 0 0 16.56196609139442 16.26536860316992 37.51238241791725 329.1871874853969 14.64639849960804 449.4004936218262 138.0661564469337 78.0338642001152 102.2521073147655 1.959659285843372 99.16021894663572 29.99138374626637 0 12.00789156556129 8.788707599043846 3.857879847288132 1.287930592894554 0 1.785911031067371 2.770880334079266 0.2501665055751801 64.90750989317894 7.545033656060696
5.633986100554466 1816.077215746045 257.9740096703172 5.454456456005573 4550.152421012521 1.259063199162483 1593.911088906229 541.2130195945501 212.5530679523945 15.10494607686996 823.5633459761739 22.73173077404499 257.3811282888055 1009.336822845042 8.693676985800266 7.726433388888836 0.3438979238271713 0 0 0.1176879853010178 0 0.2057598307728767 0.5744398534297943 1.215905964374542 0.311970941722393 0.3750754147768021 0.3858788385987282 0.2902530804276466 0.6145784556865692 0.3989175111055374 37.27341546863317 16.1935021057725 62.72761392593384 0.2961099892854691 0.3097821474075317 0.3290188834071159 17.5149534419179 1.806062243878841 2.166698165237904 2.578918427228928 0.302768886089325 0.1681682243943214 0 0.7231122627854347 0 0.8494871407747269 39.62054555863142 0.8854250386357307 0 0.1155867725610733 0.2341831922531128 0.5545536205172539 2.038358591496944 0.3182211965322495 1.182351797819138 3.030318040400743 7.682842634618282 11.0412435606122 6.574335388839245 8.089337430894375 1.214360967278481 1.45375344902277 0.5784212350845337 23.17715185880661 0.6174904555082321 0.6318766996264458 0.1941302865743637 0.2465947866439819 0.2600154206156731 0 16.03369638323784 4.721931949257851 0.3745091632008553 21.07454239577055 12.69204042851925 21.6792916432023 10.58737538009882 2.487725101411343 12.41868770867586 38.10720886290073 3.190478719770908 2.613836787641048 2.326029241085052 0.2066724672913551 0.4992503896355629 1.131855003535748 0.3870369121432304 0.08191364258527756 0.2823632955551147 0.1159256100654602 0.09036535024642944 0.07164948433637619 0 0 0.08030951023101807 43.22525807470083 0.3830887600779533 0.5040023624897003 1.800492264330387 3.751278385519981 0.5661400556564331 0.9718661308288574 2.549377307295799 0.4025412201881409 0.687051072716713 3.430260643362999 0.3115662038326263 4.76402336359024 10.35620012134314 13.34094849228859 1.753134429454803 4.701955586671829 4.851240664720535 3.012077033519745 1.637528389692307 0.1221658512949944 0.1264045983552933 0 0 0 0 0 0 0 0 0 0 0 0 0 0 0.2305944859981537 0 0 1.058802276849747 0.7612562403082848 0 0 0 3.188016839325428 1.204904422163963 3.816938042640686 0.2733194902539253 0.1298452764749527 0 0 0 0 0 0 0 0.09981738775968552 0.402208611369133 0 0 0 2.433024391531944 0 0 0 0 0 0 0 0 0 4.499102622270584 1.597457081079483 0 0 0 0 0 0 0 0 5.142817057669163 0 0 0 0 13.4121660888195 0 5.236316293478012 0 0.2711314335465431 0.2166557908058167 0 0 0 0 0 0 0 0 0 0 3.78879489004612 1.200861856341362 1.619375750422478 52.50734289735556 3.807194039225578 77.63482243567705 24.93068423122168 25.28698656708002 22.07441112399101 1.467188291251659 17.12933316081762 0.3907162547111511 0 1.623376287519932 0.2013521492481232 0.3502756655216217 0 0 0.1912623643875122 0.8001736477017403 0 14.56484742462635 1.926268689334393
567.735831014812 1365.794143624604 9.170228958129883 1695.562008798122 134.3667903542519 217.3927269726992 1567.504231497645 8.998578317463398 15.10494607686996 718.9467866122723 13.1894289702177 767.8744404166937 5181.109990380704 285.6821202486753 2.85023394972086 2.38093750923872 0 0 0.09745756536722183 0.3262601792812347 0 0.4162429794669151 0.5680476203560829 0.6522578746080399 0.1251803040504456 0.2855799198150635 0.5198099613189697 0.1368208080530167 0.7699058651924133 0.6880687698721886 11.70417782664299 7.852566465735435 104.8921653181314 0.5319054424762726 1.393483199179173 0.2739770859479904 98.80731335282326 2.469389706850052 1.747196473181248 2.684825845062733 0.1157283931970596 0 0 0 0 0.09789163619279861 8.183845400810242 0 0 0 0 1.460112221539021 4.37729087471962 0.2067322432994843 0 1.331727281212807 5.957863517105579 13.14489507675171 2.468273960053921 0.7103137299418449 1.87326093018055 3.73044054210186 0 5.185142241418362 0.1126199886202812 0.1825366914272308 0.3040703237056732 0 0 0 124.8054544627666 21.96941223740578 2.069717802107334 6.725341983139515 3.228179186582565 1.977932572364807 1.167708091437817 0.2606340870261192 1.356049455702305 5.182452395558357 1.003143057227135 0.489765390753746 1.099158316850662 0.09114817529916763 0.1950845867395401 0.4423578158020973 0 0 0.1012987121939659 0.3871853277087212 0 0.3569042235612869 1.129940032958984 0 0 608.499686434865 65.5966844856739 6.320265956223011 7.416230902075768 77.91236715018749 2.900464817881584 63.41445730626583 198.6341589018703 150.1699097752571 2.152078121900558 116.4430304467678 134.1486642807722 62.75290262699127 230.5592199862003 382.7760051339865 29.53535356372595 79.29271378368139 64.99365349113941 32.4599549844861 11.04758477210999 0.2266786247491837 0.8885651826858521 0.1088390648365021 0.1484207808971405 0 0 0 0.3716597557067871 0 0 0 0 0 0 0 0 0.3179961144924164 0 0 5.700004734098911 2.811054639518261 0 0.4156626164913177 0 15.84881161898375 7.402881868183613 13.92053592950106 1.694967210292816 1.975043654441833 0 0 0.1412360072135925 0 0 0.3374619483947754 0 0.6259593442082405 0.3654284104704857 0 0.1109543517231941 0 1.618585214018822 0 0 0.5420855283737183 0.08468705415725708 1.289861954748631 3.095072343945503 0 0.2041073963046074 0 39.9187616109848 2.550014190375805 0.09892463684082031 0 0 0 0 0.1005261614918709 0 0 38.62451443076134 1.214705571532249 0 0 0 65.63914851099253 0 20.02980685979128 2.397241093218327 3.851577028632164 1.228186503052711 0.4939652383327484 0.1213941052556038 0.09838492423295975 0 0 0 0.3237792328000069 0 0 0 129.2758853435516 2.655945375561714 9.499421805143356 25.45301897078753 0.329726830124855 20.50191983580589 6.790713123977184 134.5660331919789 4.060197785496712 0 4.164099775254726 36.82703293114901 0.2916553020477295 4.777853913605213 2.541385464370251 4.26786195486784 1.07167761772871 7.717766523361206 0 0.3238606601953506 0 689.4881511479616 192.7734847813845
50.19958951324224 2801.607738479972 1934.598972260952 7.409983262419701 2471.847354315221 1.401404231786728 325.5592047199607 1234.583627864718 823.5633459761739 13.1894289702177 604.749247610569 30.80175281316042 154.4354496821761 1368.237342685461 10.64086902141571 11.1344221457839 1.577608160674572 0 0 0.1200375854969025 0.5375885590910912 2.524178870022297 4.097091570496559 3.652154251933098 3.60348317027092 0.9327229708433151 2.556950427591801 1.14022333920002 2.081176936626434 3.613318033516407 101.6594295576215 35.74393833428621 224.6622531414032 1.828539617359638 4.224360190331936 4.295154586434364 45.27576243877411 21.07544598728418 9.667673289775848 13.35399869084358 0.6381362676620483 1.073225736618042 0.3994660675525665 0.717914029955864 0 2.694548398256302 31.30173469334841 0.3341111093759537 0.3698588684201241 0.5628805533051491 0.110007181763649 2.65285886824131 6.786567032337189 0.4373981505632401 0.5455724373459816 2.43714164942503 7.844535656273365 17.0341521948576 4.515248741954565 5.885968200862408 8.565853729844093 28.04256931692362 3.104480169713497 20.54913499206305 0.4867698475718498 0.529585599899292 0.2087936401367188 0.6614828929305077 1.206939838826656 0.1076273992657661 46.65061995387077 18.29229490458965 1.197344839572906 10.69125526770949 8.819056175649166 15.55395959317684 7.576498821377754 4.896106421947479 99.46820482611656 470.1231912225485 5.495676316320896 22.49841747432947 1.663412638008595 0.3176873177289963 0.8316807225346565 1.155675929039717 1.349408768117428 0.1939551904797554 0.3773216083645821 0.4802246615290642 0.07020479440689087 0.7428821176290512 0.4283226802945137 0 0.5095729008316994 59.05390924960375 1.384572491049767 2.619531661272049 4.260815098881721 10.74499921500683 0.5724652111530304 0.1190279349684715 0.4965718388557434 0 1.641908138990402 3.565944708883762 0.3122573643922806 3.274004563689232 3.505712255835533 12.5811929255724 6.088284499943256 8.551242895424366 4.029474541544914 1.864573411643505 2.235069870948792 0.1271518468856812 0.5006151720881462 0.1209325343370438 0.3930104747414589 0 0 0 0 0 0 0 0 0.1363842338323593 0.3205256164073944 0.2773207128047943 0 0.5972838699817657 0 0.1552293747663498 2.885368436574936 2.77899232506752 0 0.3525838851928711 0.1402409225702286 6.649940028786659 1.895412258803844 14.55731239169836 4.67501524835825 1.667246885597706 0 0 0 0 0.2253288626670837 0.1507986336946487 0 0.4816145971417427 0.6704933121800423 0 0 0 3.772823289036751 0.5765586197376251 0 0 0 1.151358172297478 1.01823204010725 0 0.4844343662261963 0 17.41312549263239 3.050550729036331 0 0 0 0.1264289915561676 0 0 0 0 9.246624387800694 1.297127515077591 0 0.1100708246231079 0 15.31988780945539 0.6553912758827209 6.956227362155914 1.368867211043835 1.264037035405636 0.9512688964605331 0.2527225017547607 0 0.1405703276395798 0 0 0 0 0 0 0 7.20275653898716 5.147724404931068 11.97751934081316 85.25135263800621 2.779019117355347 72.68271980434656 23.88099574297667 17.28183872997761 20.77818769961596 1.198406115174294 18.5890740826726 7.793147072196007 0 4.023776903748512 1.206288352608681 3.426873907446861 0 0 0.2935521602630615 0.1224097460508347 0 10.53858521580696 3.153578892350197
17.03407947719097 234.2155534923077 6.957240268588066 1860.197275012732 55.2014677003026 24.18357346951962 258.6217320263386 3.670701272785664 22.73173077404499 767.8744404166937 30.80175281316042 50.70910847187042 1472.571901217103 310.8897246867418 6.52568718791008 5.967750065028667 1.013823814690113 0.1207281425595284 0 0.2672274932265282 0.143105685710907 4.076890327036381 2.652647890150547 2.359947308897972 2.162473313510418 0.7340881526470184 1.217771455645561 0.835880421102047 3.977669663727283 1.827177189290524 2.358194299042225 6.558527559041977 164.1041562110186 0.8508064299821854 2.933018587529659 1.897478953003883 341.1468952819705 16.96396724134684 51.84374998509884 30.17617349326611 2.032645173370838 0.5623589903116226 0.131755992770195 0.4288619086146355 0 0.3664268925786018 11.32001955807209 0.1693334430456161 0.124914675951004 0 0.1723987609148026 4.146841190755367 25.04718984663486 0.9361845776438713 0 0.4276701584458351 0.9923299476504326 1.850541472434998 0.1194729954004288 0.2643634527921677 4.319699846208096 10.69156773388386 1.408629268407822 5.692620560526848 0 0 0 0.08446816354990005 0.1078758463263512 0.6223610639572144 155.0720167383552 50.60115056484938 2.460384637117386 2.924401044845581 1.867863915860653 3.53015711158514 2.687976971268654 1.86960069835186 4.283937878906727 17.07485237717628 0.5652760714292526 2.912369191646576 0.3475186750292778 0 0.1812768504023552 0.5002224966883659 0.3231999054551125 0.3239559382200241 0.5484845414757729 1.337416358292103 0 0.8068627640604973 0.3412907123565674 0.1129819229245186 1.194338217377663 598.8621188551188 17.65597257018089 6.88460835814476 50.51070069521666 6.301582314074039 0.5685672610998154 3.445245504379272 4.488750204443932 30.54422646760941 1.183497846126556 14.80747373402119 17.07831026613712 15.23153158277273 57.72129572182894 97.70832946896553 23.61654995381832 36.6864797025919 24.86877723038197 15.02962349355221 11.10054153203964 0.08429483324289322 0.1150747090578079 0 0 0 0 0 0.1416634023189545 0 0 0 0 0.1318402886390686 0 0.3040763437747955 0.1087407544255257 0.6455539762973785 0.1223806440830231 0 5.842568822205067 1.719951808452606 0.0890967845916748 0.355511263012886 0.2104802876710892 16.85538113117218 11.73127429932356 27.50148758292198 6.257641792297363 3.581265524029732 0 0 0.103655144572258 0 0 0 0 0.1396546512842178 1.102320194244385 0.09410293400287628 0.1221460402011871 0.7593024373054504 4.757431820034981 0 0.2531782984733582 0 0 0.1065751016139984 1.267296239733696 0 1.459020309150219 0.2487809807062149 41.52465006709099 4.621415734291077 0 0.1635248810052872 0 0 0.2248823419213295 0 0 0 29.14462675899267 1.993481308221817 0.1510178595781326 0 0 58.01883977651596 0 14.04714827984571 2.092676274478436 2.331285111606121 1.350364603102207 0.6519300788640976 1.044646829366684 0 0 0.409086138010025 0 0.07287053018808365 0 0 0 51.19950237125158 5.186019651591778 17.35621930658817 29.23472281545401 0.6528825908899307 28.55601754039526 14.81847279518843 7.068712458014488 3.854116097092628 0.1226668953895569 4.461497776210308 13.08284120261669 0.6835098266601562 6.799784734845161 3.025144129991531 0.1954421252012253 0.4571336507797241 0 1.326369315385818 0.3886881023645401 0 98.63537188619375 25.96426820009947
12.09248225390911 818.3960443511605 40.05780387669802 855.7935056984425 1056.347952708602 11.74879485368729 4510.619269907475 22.93640294671059 257.3811282888055 5181.109990380704 154.4354496821761 1472.571901217103 2761.317600056529 1858.346907697618 14.09102411568165 15.11091017723083 1.829109951853752 0 0.09546161442995071 0.4901814609766006 1.009942218661308 5.44092746078968 3.712079882621765 3.878018923103809 3.282292060554028 1.322426326572895 4.672084160149097 1.794786475598812 4.712316319346428 3.778156496584415 6.509512044489384 16.71510548144579 695.9641755223274 1.475345976650715 4.178743802011013 3.497103177011013 934.6741243079305 31.35125726461411 94.7685157880187 51.36247956752777 1.466364294290543 0.102357991039753 0.2169268429279327 1.229423694312572 0.4055506661534309 2.38206922262907 21.95128654688597 0.1579250544309616 0.3277759253978729 0 0.1169062554836273 7.299792051315308 40.99678536504507 1.346091479063034 0.3706522807478905 0.921694066375494 1.08452345430851 1.915966756641865 0.8203131034970284 1.70392319560051 6.318648293614388 11.45298032462597 3.009888038039207 15.54553189873695 0.2344214022159576 0.4957637265324593 0.2923594638705254 0.4926731586456299 0.7684990167617798 0.7403235137462616 376.9459557011724 48.1561276242137 7.382364146411419 5.423919200897217 4.906765691936016 7.141447104513645 7.250265657901764 2.788051962852478 8.910853795707226 44.77441285550594 2.750037856400013 5.099634222686291 1.115590237081051 0.1064322218298912 0.4336821883916855 0.5170272663235664 0.7395462915301323 0.06019134446978569 0.2031886875629425 1.735044874250889 0.3309357240796089 2.284988850355148 0.1233018413186073 0.1869075819849968 0.6019194200634956 1205.00236427784 17.56842745840549 10.16381300985813 112.766791574657 7.821766078472137 2.05522383749485 6.600355327129364 11.78778056800365 25.19812798500061 4.360549710690975 56.9389770925045 34.09935905784369 53.6536328420043 152.6013589799404 191.4744595363736 49.55355400592089 97.51102486252785 85.43630610406399 32.55460520088673 27.50735350698233 0.1937285289168358 0.8713988959789276 0.0997767373919487 0 0.1359144598245621 0 0 1.444826915860176 0.4735742062330246 0.1199494004249573 0 0 0.6353041455149651 0.09975451231002808 0.191571518778801 0 0.8349578678607941 0 0.6794792860746384 9.625560186803341 6.005076870322227 0 0.8936160057783127 0.7553384304046631 26.54548318684101 16.03468723595142 42.88252640515566 11.97461662441492 6.511533960700035 0.2444173097610474 0.339118704199791 0 0 0.4195643365383148 0.4599723443388939 0 0.7770613729953766 1.013198621571064 0 0 0 7.925389312207699 0.1794185191392899 0 0 0 0.6670972853899002 1.146469615399837 0.3416992574930191 0.4045468047261238 0.5630541294813156 80.8406743183732 6.262762434780598 0 0.1968342661857605 0 0.1210632994771004 0 0 0 0 46.34149911254644 2.105721078813076 0.1607797890901566 0 0.1298699676990509 116.4440791681409 2.600532457232475 21.13089282810688 0.8391117379069328 2.638909317553043 2.594781704246998 0.8653545379638672 0.8677130937576294 0.1298406422138214 0 0 0 0.6885775476694107 0 0 0 103.3727382048965 7.563158147037029 28.87874794751406 63.16232261806726 1.915235839784145 54.75210988521576 27.84066019952297 14.39910713583231 10.20663418620825 0.08787292242050171 11.00516637414694 18.95339956879616 0.2181152105331421 9.248624473810196 5.132670991122723 1.06999483704567 0.1815082728862762 1.88723361492157 2.54631482064724 0.870292492210865 0 111.7253977060318 47.21937485039234
