354.8054799810052 1049.378371015191 816.2462965101004 545.6123068109155 13.87496372312307 295.9261942505836 34.40883536636829 54.21470598876476 3.936889827251434 546.8733433932066 21.23954316228628 75.01299917697906 50.96273059397936 50.03347156941891 0.7082286030054092 3.018888063728809 0.5265496894717216 0 0.08953370898962021 0.1730044260621071 0.5745858997106552 0.3321192860603333 0 0.4322286546230316 0.2337094396352768 0 0.506704568862915 0 0.1471157819032669 0 1265.664321668446 15.62968896329403 43.05248020589352 0 0.5436682924628258 0.2289195284247398 1.182625532150269 1.015361502766609 1.380619674921036 0.1004802212119102 0.584426686167717 0.5690408572554588 0.3801347762346268 0.4634143635630608 0.1120878607034683 1.011958591639996 12.66583347320557 0.3662903383374214 0.1006835401058197 0.125652402639389 0.07856990396976471 2.344342760741711 5.388272136449814 0 0.9541529715061188 1.352941185235977 62.47283063828945 376.3588787987828 6.333562843501568 7.921278946101665 2.350198276340961 5.618694178760052 1.520871996879578 34.94835614413023 0.6183081865310669 0.4492012783885002 0.2705026790499687 0 0.4484160169959068 0.7184834405779839 29.96267519146204 56.00370918214321 0.8226281553506851 45.92176946997643 25.65782893449068 22.44599202275276 9.06992357224226 0.500787116587162 6.509377211332321 92.09138944745064 1.090619325637817 13.94596643000841 2.260971963405609 0.1068272441625595 0.3923139497637749 0.4876692146062851 0 0.123619057238102 0.223455399274826 0.221364751458168 0 0.5655847266316414 0.1802852004766464 0.256850354373455 0.2748164236545563 293.0809894651175 89.98520995676517 9.234751790761948 5.146304614841938 791.5912191942334 1.175087779760361 6.139044359326363 15.7263343334198 7.055367305874825 3.302575215697289 42.52228388935328 73.92600485682487 4.065298162400723 42.48287966102362 78.81118134409189 4.124139055609703 27.40001670271158 31.00871152430773 3.700650721788406 6.854754440486431 0 0 0 0.09053504467010498 0 0 0 0 0 0.2038973122835159 0 0 0 0.1269215196371078 0.1363766342401505 0 0.1986811608076096 0 0.08476467430591583 2.428460940718651 6.449319869279861 0 0 0 0.08902180194854736 0.7667333483695984 0.6666601300239563 1.282692201435566 0 0 0 0 0 0.8200835585594177 0.3780913949012756 0 0 0.2123927101492882 0 0 0 0.106713205575943 0.1119148135185242 0.1082585230469704 0 0 0.1467554271221161 0.2326934859156609 0.365260124206543 0 0.2790008783340454 2.470112442970276 0.9363136887550354 0 0 0 0 0 0 0 0 5.207403913140297 0.3012601435184479 0 0 0 3.057559631764889 1.324119180440903 7.121717609465122 0.1964681148529053 0.4885507375001907 0.864935576915741 0.9943035244941711 1.300272278487682 0 0 0 0 0.1099280789494514 0.1235244572162628 0 0 12.77284729480743 0.4466705024242401 2.215499818325043 99.83245410770178 1.754300683736801 55.36036074906588 2.291437596082687 511.8712225183845 16.39980271458626 0.09707953780889511 3.16479004919529 5.95099712908268 0 2.872381262481213 0.3448660224676132 36.92213040590286 0 0 0 0 0 369.8398961126804 50.07707161456347
1049.378371015191 2081.705971673131 1784.84433375299 692.0328528285027 1844.235739395022 336.5880538076162 2685.915512219071 432.1984541490674 946.9563954621553 2119.615779675543 2071.45556730777 253.4664057046175 1077.494855798781 2090.501495160162 6.56175434589386 16.23529727011919 2.438403464853764 0.1160863414406776 0.4393010288476944 0.2070688232779503 3.83207793533802 0.2192921042442322 1.348354749381542 1.612430483102798 0.7770636826753616 0 0.2162987664341927 0.2526530846953392 0.1049284338951111 0.2261964976787567 2263.513550259173 83.31355797499418 378.1170630455017 0.1288460940122604 4.135498061776161 2.701647207140923 20.479587264359 2.392998158931732 4.311474308371544 0.3204646483063698 3.03840010613203 1.200182758271694 1.730625733733177 2.930913098156452 0.1825272440910339 1.142190285027027 59.18498302996159 1.735091559588909 1.37064228951931 0.2688051983714104 0.700185127556324 0.2663382291793823 0.3612265139818192 0 4.250077642500401 4.099494844675064 102.0652016028762 389.5640109106898 22.32226987928152 32.61729799211025 8.414483807981014 42.04373501241207 1.607397571206093 162.0391425043344 2.504046723246574 1.678156979382038 0.3602877631783485 0.4684781059622765 1.387770742177963 5.864790759980679 21.80682156980038 6.045236468315125 0.2390546426177025 126.0856353715062 98.74494967609644 123.3559149764478 60.53727366775274 8.634305782616138 37.81359928101301 1006.785071946681 9.097078457474709 76.97330296039581 4.763461604714394 0.4539146646857262 0.6849973499774933 1.638603739440441 0.4384979084134102 0.09379163384437561 0.8132192939519882 0.2471667006611824 0.911581389605999 0.3451755121350288 1.832500919699669 0.5080439895391464 0.3087864890694618 77.2450058683753 12.29503595083952 0.7735306322574615 6.683107227087021 621.9996056109667 1.466235242784023 0.8194119781255722 5.484506361186504 2.871151976287365 3.821878403425217 21.24502252787352 28.34651277959347 1.63476425409317 25.04432385414839 35.86749173700809 6.982376031577587 24.5993050262332 20.03246611356735 4.20603209733963 10.27700105309486 0.6216147094964981 0.08036036789417267 0 0 0 0 0 0 0 0.2111658751964569 0 0 0.296408474445343 0 0 0 0.08910354971885681 0 0 6.038941293954849 3.565716907382011 0 0.8942460045218468 0.2266570329666138 1.410875454545021 0.08159370720386505 2.162891194224358 0.7329283207654953 0.1696736365556717 0.3583144545555115 0 0 0 0.1174491122364998 0 0 0 0.9360375702381134 0 0 0 0 0 0 0 0.07352452725172043 0.131426066160202 1.209471307694912 0.3146070465445518 0 1.471242770552635 3.420663021504879 1.166603729128838 0 0 0.1577471643686295 0 0 0 0 0 5.863025061786175 0 0.1198375597596169 0 0 4.764883480966091 1.996337652206421 1.872818350791931 0.2003325149416924 0.9109622091054916 1.587264679372311 0.5930491760373116 1.935622923076153 0 0 0.1609191447496414 0 0 0 0 0 13.18114750087261 3.374595060944557 2.318059541285038 229.3293865695596 5.405420154333115 223.6747402697802 7.55818410217762 346.5843148976564 49.78750242292881 1.433900564908981 11.03238108754158 4.693681247532368 0.07885237038135529 3.243331477046013 0.6960344910621643 9.310731753706932 0.1530065834522247 0 0 0.8357640728354454 0.2172397077083588 108.836496822536 20.32634569704533
816.2462965101004 1784.84433375299 946.0654478296638 95.0013929232955 1049.124791890383 12.59362545609474 220.2585208341479 1809.473938204348 766.5733347088099 447.3480447381735 1250.058253087103 68.37556780129671 204.2455556988716 1107.360110335052 9.256452575325966 28.84939513355494 1.125799909234047 0.2074216678738594 0.1921434998512268 2.401494011282921 11.14721748232841 0 2.877569377422333 3.425817206501961 1.658131211996078 0.435933917760849 0.7891120761632919 0.4415618479251862 0.09309867024421692 0.9961661845445633 3457.2839730829 494.1013953089714 363.7643636986613 0.2400266155600548 6.391544610261917 5.395334012806416 14.30850818008184 5.148922562599182 6.203553527593613 0.2182489708065987 6.648485198616982 1.334861196577549 4.832480810582638 3.172541335225105 0.1787201687693596 2.52941008657217 34.6214856877923 1.189559824764729 0.8378600180149078 0.7751887142658234 0.9265353307127953 0 0.4724790304899216 0.4112826287746429 1.356382094323635 2.525480650365353 54.81373976916075 361.6197154894471 11.36948117613792 15.86122650653124 18.82543721795082 82.19502916932106 3.464489407837391 328.7675329968333 0.9784909412264824 0.6645909547805786 0.6018516719341278 0.452417366206646 3.56801188737154 15.04696952551603 18.15762079507113 2.521184749901295 0.1392848342657089 69.20129792392254 78.5352429151535 74.07318507134914 54.70555017888546 50.65444760769606 223.4687025994062 1456.375356547534 29.4580944776535 398.1241936832666 3.928374879062176 0.1677970066666603 0.7777581736445427 1.244417406618595 0.4181342795491219 0.1668421402573586 0.4944740310311317 0 0.5543743297457695 0.3653516545891762 4.29051847755909 1.599274486303329 0.3178787901997566 10.33336565643549 5.6645747423172 0.09067749232053757 6.665117882192135 298.839966468513 1.34171062707901 0.09285924583673477 0.3396777510643005 0.2711342871189117 0.478289783000946 3.220700137317181 1.401210986077785 0 1.728768281638622 3.100164107978344 1.016689620912075 4.688888415694237 2.788291938602924 1.660061798989773 5.378754250705242 0.1878762990236282 0 0 0 0 0 0 0 0 0.1495887637138367 0 0 0.1971981078386307 0 0 0 0.08861130475997925 0 0.08699317276477814 1.526707403361797 0.5891060531139374 0 0 0.07072697579860687 1.632407061755657 0.4011757150292397 0.8610762134194374 0.8007196262478828 0 0 0 0 0.1814282089471817 0 0.2260293439030647 0 0.3255664557218552 0.6587701961398125 0 0 0 0.1988502219319344 0 0 0 0.09800233691930771 0 0.5437831282615662 0.5836629271507263 0.1271906793117523 0.7177465185523033 1.398061886429787 1.10189076513052 0.08552080392837524 0 0 0 0 0 0 0 3.485650546848774 0.1970959529280663 0 0 0 0.7736694365739822 0.8437259942293167 1.399280607700348 0.1815178245306015 0.280254915356636 0.4902981817722321 0.1118626520037651 1.230184003710747 0 0 0 0 0.09155125170946121 0 0 0.1206038668751717 2.823332324624062 3.44424219429493 2.975969396531582 117.3167953193188 4.512849353253841 119.1897810548544 8.255300089716911 56.76542901992798 26.37795116752386 0.7380721792578697 9.757570646703243 1.701124764978886 0 2.87919308245182 0.1748349964618683 4.930101096630096 0 0 0 0.1167907118797302 0 15.89334680885077 1.886669673025608
545.6123068109155 692.0328528285027 95.0013929232955 54.00209464877844 143.1744838804007 175.3311398625374 151.1939813122153 3.873834028840065 45.97019418329 556.2625293657184 141.7688404470682 77.30324530601501 140.9516995325685 58.63944755494595 0.509165994822979 3.747097209095955 0.3512949869036674 0 0.08513230830430984 0 0.08715008944272995 0.1927220076322556 0 0.1432640254497528 0 0 0 0 0 0 108.3502223268151 7.203376747667789 2.080443501472473 0.4788901135325432 0 0 0.4324418753385544 0.2548883333802223 0.1167042255401611 0 0 0 0.1969868913292885 0.3812111914157867 0 0.180441714823246 12.24558343738317 0.2492225095629692 0 0.08243849128484726 0 0 0.388883575797081 0 0.1926052197813988 0.8310115858912468 12.85954937338829 38.32758968323469 3.661428399384022 5.627950988709927 0.4877418726682663 1.999860994517803 0 27.11742367595434 0.2444035187363625 0.07844112068414688 0 0.1011575534939766 0.315681055188179 0.1834735795855522 1.003716193139553 1.144547238945961 0 23.53459245711565 14.09051074832678 19.35019547492266 12.37642867863178 0.78926882147789 0.8208796009421349 5.569523349404335 0.4545988440513611 2.187691114842892 1.107183761894703 0 0.3149516880512238 0.3980480283498764 0.0791277214884758 0 0.2505227625370026 0 0 0.1252268254756927 0.08450239151716232 0 0 24.39065258204937 2.411905102431774 1.073898062109947 0 89.54776950925589 0.2640525698661804 1.877608776092529 2.387641318142414 1.990601792931557 0 10.20549871772528 12.6965644583106 0.7441107481718063 14.54144835472107 18.38599126785994 0.8366784900426865 9.653330378234386 10.09417826682329 1.508225165307522 1.094414070248604 0 0 0 0 0 0 0 0 0 0 0 0.09460308402776718 0.1157903522253036 0 0.1412866860628128 0 0 0 0 0.3766288459300995 1.335483178496361 0 0 0 0 0 0.3475899696350098 0 0 0 0 0 0 0 0 0 0.2327998727560043 0 0 0 0 0 0 0 0 0 0 0.2565342262387276 0 0 0 0.6353164538741112 0 0 0.08694806694984436 0 0 0 0 0 0 0.6913605406880379 0 0 0 0 2.232582874596119 0.1327077150344849 0.6894574165344238 0.109378956258297 0.2138032615184784 0.3539203926920891 0 0.273219108581543 0 0 0.09517623484134674 0 0 0 0 0 3.336677677929401 0.6457595825195312 0 48.90733606368303 0.8100947439670563 41.82121264189482 1.231150820851326 103.276413872838 7.713774256408215 0.2280870452523232 2.445326179265976 1.409461468458176 0 0.5399812161922455 0 6.375263810157776 0 0 0 0 0 38.43148584663868 8.362016431987286
13.87496372312307 1844.235739395022 1049.124791890383 143.1744838804007 1006.566754877567 2.92690148204565 1682.257412999868 66.66423280537128 1023.52699521184 663.0925278738141 2652.842339672148 118.6502990871668 562.815524213016 1135.130507044494 7.5854122787714 21.6086205765605 0.5558511391282082 0.3634873479604721 0.09674816578626633 0.07801970839500427 2.502293862402439 0 0.09454342722892761 0.3291748613119125 0.2762265726923943 0.2863988280296326 0 0 0 0 70.98460035026073 24.71012869477272 47.42725706845522 0 1.212165549397469 0.5373930484056473 5.795210756361485 1.191747590899467 1.491450503468513 0.1172529757022858 1.517335996031761 0.09750960022211075 1.000393636524677 1.148543119430542 0.08865447342395782 0.6024562865495682 29.97841264307499 0.7938717603683472 0 0.1849282756447792 0.468300573527813 0.1300138086080551 0.1049781069159508 0 0.5792950317263603 0.4509809948503971 8.143127404153347 23.17323195934296 4.213069133460522 10.37134320288897 2.103024609386921 14.0869078412652 0.288486659526825 25.33579513430595 0.4029690399765968 0.2415418699383736 0.06294295191764832 0.275790199637413 0.9921790659427643 3.623704887926579 29.83221759647131 0.8170024156570435 0 20.90195073187351 17.39874757826328 44.15152423083782 23.77525950223207 6.616655215620995 22.09604377299547 71.34863708913326 5.172294728457928 21.66167078912258 1.381934136152267 0 0.2885506451129913 0.3782489597797394 0 0 0.07220058888196945 0.08841457217931747 0 0 1.11186720430851 0.3203800097107887 0.183402881026268 72.91639525443316 12.76228938996792 0 4.025941878557205 14.56527657061815 2.209532380104065 0.1657917499542236 2.314367018640041 2.248389378190041 4.827422052621841 29.22884736955166 8.806266397237778 3.097794659435749 24.39161442965269 25.62546133995056 11.10121505707502 37.10939653962851 41.35139906406403 8.701378114521503 29.81537549942732 2.146275192499161 0.2599352300167084 0.1191532239317894 0 0.110136553645134 0 0 0 0.08801180124282837 0.08700898289680481 0.113425612449646 0.3553769290447235 0.086036317050457 0 0.227508470416069 0 0.1876165419816971 0.2155643329024315 0.3249326422810555 6.659125290811062 9.36163891851902 0 0.1477282643318176 0.3327074572443962 4.659833528101444 1.997826457023621 2.967530466616154 2.258877098560333 0.3258279263973236 0.0997680127620697 0 0.1755626946687698 0.2318927198648453 0.2992247566580772 0.4393454194068909 0.07764799147844315 0.3556593731045723 1.792822182178497 0 0.3995501771569252 0 0 0 0.3110335022211075 0 0 0.8305608630180359 3.024183943867683 0.6381906643509865 1.081795513629913 3.039707720279694 9.15435990691185 2.112812228500843 0 0 0 0 0 0 0 0 19.86996772885323 0.8845304846763611 0 0 0 10.71977495402098 5.996995232999325 11.51848964393139 0.6899241954088211 1.346971146762371 2.780623890459538 1.14909565448761 2.151336714625359 0 0 0 0 0 0 0 0 25.77590597420931 7.10759062319994 7.369087629020214 93.0242673009634 3.558231301605701 81.82084068655968 6.402072235941887 19.08416002243757 12.5489240437746 0.1838415414094925 6.983897894620895 3.952001795172691 0.2820422351360321 13.67990284413099 0.8114228099584579 18.90194495767355 0.9854711145162582 0.4782275855541229 0.4125505909323692 0 0.2115221321582794 15.09822916984558 15.4399905577302
295.9261942505836 336.5880538076162 12.59362545609474 175.3311398625374 2.92690148204565 10.19631218910217 6.39659221470356 0.7175876498222351 0.4002427011728287 349.7906357645988 1.537701696157455 37.8545149564743 12.85535405576229 3.46925400942564 0 0.3861586451530457 0.1440481692552567 0 0 0 0 0 0 0.2955347299575806 0.3192308098077774 0 0.2962736487388611 0 0.3691879957914352 0.4684422761201859 76.10455085337162 0.1097240671515465 3.574812106788158 0 0.2041725516319275 1.288513943552971 2.870666116476059 0.8187030106782913 1.531104244291782 0.1754590719938278 0.5551336109638214 0.3020653128623962 0 0 0 0 0.1250628530979156 0 0 0 0 3.429065816104412 8.79402531683445 0 0 0 3.678402163088322 10.55917403101921 1.017916806042194 0.7794393673539162 0.1952589899301529 4.257284075021744 0 1.853988438844681 0 0.09680859744548798 0 0 0 0 53.09714938700199 105.4276359975338 1.665190368890762 4.182996101677418 0.433976411819458 0.7199937403202057 0.2272211387753487 0 0.2994356155395508 2.184266343712807 0 0.1689393222332001 0 0 0 0 0 0 0 0.1531884521245956 0 0 0 0 0.2117974609136581 275.3844341412187 150.7613379955292 19.62977878749371 12.92489702999592 156.691857278347 0 5.175304129719734 5.656102403998375 5.234964594244957 1.984846696257591 13.72503634542227 35.065852612257 4.021052330732346 18.44469279050827 45.47215940803289 1.686596855521202 12.22318100184202 14.37725848704576 1.815879628062248 1.68034378439188 0 0 0 0 0 0 0 0 0 0 0 0 0.2393143773078918 0 0 0 0 0.132799819111824 0 1.541646018624306 1.481268659234047 0 0 0 0.2175120264291763 0 0.2044520527124405 0.1259679794311523 0.1657766699790955 0 0 0 0 0 0 0 0 0 0 0 0 0 0 0.1435210853815079 0 0 0 0.1777618527412415 0 0 1.205757021903992 0 0 0 0 0 0 0 0 0 0 1.644448809325695 0.615629717707634 0 0 0 1.643827229738235 0 0.8394866287708282 0 0 0.9960610121488571 0 0.2749684154987335 0 0 0 0 0 0 0 0 8.546322531998158 0.4791493564844131 0.1376376897096634 10.85863322019577 0.6163479834794998 4.842226691544056 0.2230391576886177 51.06539018452168 3.285696223378181 0 0.4986522197723389 0 0 1.264460802078247 0.1016434580087662 14.49111407995224 0 0 0 0 0 37.68614558875561 30.12498670071363
34.40883536636829 2685.915512219071 220.2585208341479 151.1939813122153 1682.257412999868 6.39659221470356 362.9571244940162 70.10544244199991 467.7012633606791 1463.720537435263 813.1250869855285 453.4330857545137 1771.713085390627 1052.852754823864 7.762541696429253 22.63733518868685 1.561525084078312 0 0.06252479553222656 0.5255012586712837 4.039021372795105 0 0.3201089799404144 0.6972581520676613 0.6737094894051552 0.1016683802008629 0.1061476767063141 0 0 0.7552346140146255 73.77441462129354 24.29105876386166 73.42237775027752 0.07012326270341873 2.578576065599918 2.300933845341206 8.316758275032043 2.302117027342319 3.189218930900097 0.4721177667379379 3.561545476317406 0.5562374293804169 0.8119914829730988 1.409627500921488 0 0.6826958358287811 27.79537949711084 0.2445922568440437 0.3375037536025047 0.2382174283266068 0.150969460606575 0.1312510073184967 0.08963817358016968 0.2006930261850357 0.2225496247410774 0.5262198224663734 10.41000730544329 20.77187673002481 4.531461261212826 8.724085211753845 7.190845869481564 17.73515251278877 0.482368215918541 23.26845287531614 0.4019660726189613 0.2468072175979614 0.07091169059276581 0 1.598208159208298 5.460732907056808 32.64795114845037 2.224943064153194 0 22.60905368626118 19.54084067046642 42.58056367188692 27.42230768501759 7.825536079704762 31.02698346227407 22.02808790653944 8.218938440084457 31.7105198726058 1.888053640723228 0 0 0.5517823547124863 0 0.07890073955059052 0.2375235185027122 0 0.3178744614124298 0 1.548931732773781 0.4698724895715714 0.3194315060973167 104.0752972736955 11.38886868953705 0 6.10569204390049 15.81478786468506 4.741940006613731 1.163289822638035 7.59979423135519 2.724178090691566 4.436341315507889 31.55862629413605 10.37118623405695 12.31052172929049 35.39023148268461 31.9751875475049 10.76089330762625 41.60977494716644 47.75203977525234 10.61332906037569 34.9047470241785 2.469099521636963 0.3588110357522964 0.4019197300076485 0.08516473323106766 0 0 0 0 0.09784861654043198 0.3594795614480972 0 0 0.1876318082213402 0.09616708010435104 0.2119747549295425 0 0.1992397010326385 0 0.394292838871479 6.925340905785561 13.01128395646811 0.2191973477602005 0.06757583469152451 0.1683864295482635 5.926984637975693 1.08763499557972 4.689536221325397 2.421484209597111 0.7382159009575844 0 0 0 0 0.8075246214866638 0.8462953865528107 0 0.0912732258439064 2.09847791492939 0 0.1500514149665833 0 0.2253330647945404 0 0.1035981774330139 0.08911092579364777 0 0.6488465815782547 4.28342878818512 1.417922019958496 0.107707604765892 3.101727306842804 6.914242602884769 2.838902465999126 0 0.08404617011547089 0 0.08768998831510544 0 0 0 0.08020055294036865 23.55046369880438 0.4885395243763924 0 0 0.1047614365816116 12.38713415712118 7.211041882634163 7.684188082814217 1.845722578465939 3.012057699263096 2.504478260874748 1.092353507876396 5.081875823438168 0.4039300680160522 0.08112229406833649 0 0 0 0.08521392941474915 0 0 36.96322382986546 8.239117830991745 9.746929682791233 83.4369735494256 1.991509079933167 79.14795082062483 6.235894881188869 17.80854426324368 13.26697273552418 0.7403512671589851 9.298851877450943 5.799450196325779 0.2006117850542068 12.59115473926067 1.657027892768383 19.99288590252399 0.4825300574302673 0.1441258937120438 0.1203313022851944 0.1001944467425346 0.3107449114322662 16.61018912494183 17.81065840274096
54.21470598876476 432.1984541490674 1809.473938204348 3.873834028840065 66.66423280537128 0.7175876498222351 70.10544244199991 994.8162454068661 99.48191989958286 100.9439790472388 1107.523072950542 158.3374415636063 352.06798581779 1654.684642471373 18.67298373579979 59.78644786030054 4.794694840908051 0.7737859487533569 0.7310782894492149 9.22016765922308 26.66866399347782 0 3.315995655953884 4.156691916286945 1.437940776348114 0.90926343947649 0.4310766831040382 0.5258503630757332 0.3441481590270996 0.2617853954434395 769.1204035207629 1858.640951476991 470.4485223069787 0.6667645871639252 12.15555658191442 5.781274542212486 11.05584628880024 6.565770253539085 4.650196634232998 0.3043294176459312 11.64433564245701 3.423076279461384 23.69800552725792 25.40813184529543 0.5754560008645058 13.34077718108892 48.35305549949408 0.413280725479126 1.769696973264217 3.065143801271915 0.6232660859823227 0.8519018515944481 0 0.7965968698263168 0.5726248472929001 0.7589457556605339 13.48252704739571 66.40454355627298 4.118009120225906 11.71145085990429 78.54842894524336 164.5805662795901 5.92434798181057 190.1423949673772 0.2488812655210495 0.6646694988012314 0.8945033699274063 0.87274169921875 12.86573902517557 50.74047754704952 25.56595063954592 2.575941346585751 0 26.1502782702446 41.56775611639023 60.4504503980279 134.621499620378 308.3814108222723 1418.335525743663 2237.112346552312 214.2592987194657 1417.657321438193 0.894159696996212 0.1039224565029144 0 0.3881325572729111 0.5798144638538361 0.2705710679292679 0.6847942620515823 0 0.1925913095474243 0.2883245050907135 11.56748097389936 2.692544654011726 0.8956995457410812 18.00137498229742 8.282848849892616 0 7.765588693320751 28.37706136703491 0.3909900337457657 0 0.1695528477430344 0 0.09488439559936523 2.260255552828312 1.434125870466232 0 1.299257464706898 1.600896939635277 2.847047574818134 5.159027606248856 3.248994179069996 1.274548441171646 6.774151995778084 0.3377353996038437 0.1930466666817665 0 0 0 0 0 0 0 0 0 0 0.6646136045455933 0 0.106037862598896 0 0.09305685758590698 0 0 1.583671599626541 0.6452577114105225 0 0 0.6426171958446503 1.382390141487122 0.6528880298137665 1.704844824969769 1.323866672813892 0.1924861818552017 0 0 0 0 0 0 0 0 0.8170465081930161 0 0 0 0.1163859888911247 0 0 0.1495120078325272 0 0.09609654545783997 2.166865572333336 0.6068746447563171 0.08068754523992538 0.9870617389678955 2.92379292845726 1.195858344435692 0 0 0 0 0 0 0 0.1072783246636391 2.382349014282227 0.2381249517202377 0 0 0 3.518158435821533 1.729484021663666 1.565907202661037 0.3778969198465347 0.9592775329947472 0.2913645207881927 0.468708336353302 1.556420646607876 0 0 0 0 0 0 0 0 3.546238452196121 3.567844457924366 4.77674276381731 113.4493185728788 4.165062971413136 112.2817409336567 11.55772380530834 25.19647809863091 22.55333023518324 0.4303430393338203 15.68229299783707 3.742404870688915 0 3.031641431152821 0.8738181889057159 7.965456493198872 0 0 0 0 0 6.044518083333969 1.872900649905205
3.936889827251434 946.9563954621553 766.5733347088099 45.97019418329 1023.52699521184 0.4002427011728287 467.7012633606791 99.48191989958286 174.0266811847687 127.3216651156545 2208.015082001686 17.37202399969101 181.6148178651929 1194.952415786684 5.738751970231533 17.63043313473463 0.3273789286613464 0.08959772437810898 0 0.9317240640521049 2.69289243221283 0 0.1876366659998894 0.9473113417625427 0.1906403005123138 0.1090545430779457 0.09646964073181152 0.2254486903548241 0 0.2921989858150482 23.38259297609329 14.27166546881199 41.16322555392981 0.09611096978187561 1.219871304929256 0.8664637133479118 5.377744026482105 0.5491417273879051 1.414048716425896 0.08543089777231216 1.231878101825714 0.4765395820140839 0.6787759587168694 1.127722695469856 0.2278545349836349 0.4363197684288025 16.95893559604883 0.2518306970596313 0.153800293803215 0.1596517041325569 0.1651889756321907 0.2064778730273247 0.1291834861040115 0 0.1679292842745781 0.2170851603150368 3.614231869578362 6.228073127567768 2.562267817556858 5.635533288121223 2.742003738880157 10.94651183485985 0.3901395723223686 10.12562545388937 0.07479730248451233 0.06511911749839783 0.298016645014286 0.08012284338474274 1.084032379090786 3.043310478329659 11.57433003932238 0.7504425793886185 0 11.53200949728489 8.706226482987404 19.66387733817101 15.31822301447392 6.609139978885651 26.40487851947546 34.97898676246405 4.712652295827866 21.28537970036268 0.6305658966302872 0 0.08240963518619537 0 0.2433773651719093 0 0.4034148156642914 0 0.07345626503229141 0.09959140419960022 1.556791566312313 0.1902121976017952 0.1110703647136688 28.23927949368954 4.460793763399124 0 2.079394817352295 4.974390402436256 0.9832867681980133 0.4732832163572311 1.359080143272877 0.3515405356884003 0.8991152867674828 9.027113176882267 2.261712610721588 1.07517247647047 7.713295608758926 11.75079561024904 3.725248910486698 14.04347618669271 16.46841506659985 4.351900674402714 11.91847692430019 0.2961627617478371 0.0994441956281662 0 0 0 0 0 0 0 0 0 0.188847541809082 0.06893856078386307 0 0.1067299544811249 0 0.1204414740204811 0.1889526024460793 0.08676830679178238 1.903772458434105 3.955143056809902 0 0 0.2910709381103516 3.79681745916605 0.286329872906208 1.909784860908985 1.73578292131424 0.2414586469531059 0 0 0 0.2293727248907089 0.1111030057072639 0 0 0.09745998680591583 0.6445988193154335 0.1358953565359116 0 0 0 0 0 0 0 0.3761970102787018 1.749625533819199 0.2578466460108757 0.08887724578380585 1.145927965641022 3.51887197047472 2.114599898457527 0.1537319123744965 0 0 0 0 0 0 0 10.86357061564922 0.09646383672952652 0 0 0 5.47642707824707 1.315886914730072 2.874804489314556 0.5928825661540031 1.166692070662975 1.775553569197655 0.4094946384429932 2.450438112020493 0.06721346825361252 0 0 0 0 0 0 0 14.11047887057066 3.910604067146778 4.066931664943695 48.39440214633942 1.720567740499973 42.24531107395887 5.006444983184338 10.00077304244041 6.988962821662426 0.1206323951482773 5.172141432762146 2.688856922090054 0.2082299962639809 4.480726920068264 0.5121782347559929 7.252980589866638 0 0 0.08204598724842072 0 0 7.556104943156242 6.65791329741478
546.8733433932066 2119.615779675543 447.3480447381735 556.2625293657184 663.0925278738141 349.7906357645988 1463.720537435263 100.9439790472388 127.3216651156545 1354.949945054948 862.2100845500827 1294.360883422196 3688.17037961632 616.4276939630508 12.11350119113922 40.10873664170504 1.988701000809669 0.2636080533266068 0.3867846503853798 0.4981006756424904 4.329104900360107 0.3952075988054276 0.7415933832526207 1.399032682180405 1.128373734652996 0.09712342917919159 0.862778477370739 0.3730617165565491 0.2886712327599525 0.8864011913537979 248.9470056071877 43.12625075131655 180.7132481113076 0.08261284232139587 3.317178696393967 5.286324553191662 31.38120047003031 4.493271574378014 9.845283396542072 0.3385665491223335 5.872402399778366 0.8082912117242813 1.196101248264313 2.300322070717812 0.2110719978809357 1.262082293629646 75.54967072606087 1.628029182553291 0.5257073566317558 0.3745614439249039 0.514963373541832 1.301984369754791 4.899331234395504 0 2.625257767736912 1.96682583540678 40.20275112986565 91.81294602155685 13.12738482281566 30.24892488121986 8.147380404174328 73.73536895215511 1.516723915934563 88.07165656983852 1.616905577480793 0.8253861591219902 0.4217145070433617 0.4846733957529068 1.712905026972294 7.402608811855316 184.2032270357013 64.17348504811525 0.8755696266889572 75.28852551802993 55.98130071908236 114.9995247423649 60.63313033431768 9.69344375282526 22.63828001916409 44.39874264597893 7.922640532255173 65.46893265098333 4.973810598254204 0.3033934235572815 0.6581582352519035 0.9334011897444725 0.4398542791604996 0.2342502102255821 0.5194800198078156 0.1052797734737396 0.5109444558620453 0.09777525067329407 3.024715170264244 0.9132305085659027 0.6619026064872742 895.0675556659698 134.0438778325915 7.719733268022537 29.35356119275093 328.0093769580126 20.56544160842896 14.93150693178177 70.63224900513887 32.989711381495 33.02813240885735 301.9874598458409 216.4645382389426 48.69468059390783 281.6961712315679 412.147612079978 58.63954250514507 301.9387298375368 341.3866276144981 59.9733649045229 142.0979953855276 6.799108080565929 0.9558712914586067 0.385064460337162 0 0 0 0 0 0.08609829843044281 0.1647706255316734 0 0.9135963842272758 2.353305079042912 0.3618738949298859 0.566371314227581 1.01628302782774 0.3024289309978485 0.199879877269268 0.9454823806881905 44.45750016719103 53.59845503419638 0 1.435848772525787 1.917499169707298 15.19716946780682 4.510397091507912 17.43394426256418 7.418685577809811 1.482833087444305 0.1525947898626328 0 0 1.048497028648853 0.2153266593813896 0.488855853676796 0.2482024505734444 1.70976073294878 10.39181721955538 0.09737536311149597 0.5541200563311577 0.3205120861530304 1.597728401422501 0 0.1226076930761337 0.3449835032224655 0.2895963191986084 1.920629300177097 19.26654624193907 2.246141016483307 2.544002823531628 11.33605743199587 33.23771040141582 12.04370139539242 0.2192008495330811 0.2880475446581841 0 0 0.1093794703483582 0 0.1620882153511047 0.1149315163493156 91.88385127484798 3.028815984725952 0.7321338504552841 0 0 56.30217383801937 13.25920806080103 31.37327362596989 5.592510379850864 16.06298518925905 15.7944405823946 8.830493040382862 14.29690946638584 0.1165164932608604 0.08434375375509262 0 0 0.229348748922348 0 0.1205488294363022 0 228.58989880234 23.7779558300972 23.56984301656485 317.6394112184644 9.35863734036684 209.2878313809633 16.55413153022528 413.7764355540276 50.66525515913963 0.4607568234205246 31.05080793052912 22.56648331135511 0 66.24350637942553 5.919934794306755 110.9338520392776 3.676127016544342 0 1.16667677462101 0.3351468592882156 0 573.8573616221547 273.8167639002204
21.23954316228628 2071.45556730777 1250.058253087103 141.7688404470682 2652.842339672148 1.537701696157455 813.1250869855285 1107.523072950542 2208.015082001686 862.2100845500827 1584.378559991717 219.2132065817714 671.8835364952683 2213.894621163607 9.725378580391407 29.25126972794533 0.7748316302895546 0.2084624618291855 0.08135395497083664 1.694027729332447 11.43765358626842 0 2.542753629386425 2.529690906405449 3.04666194319725 0.1140369102358818 0.2209616750478745 0.4315410032868385 0 0.3131738752126694 114.8996781855822 102.7441965714097 272.1076242476702 0.3248385041952133 8.433012001216412 5.230032801628113 17.04154647886753 4.929114103317261 4.477597467601299 0.509716771543026 5.939782805740833 2.726898334920406 3.947253324091434 3.32136345654726 0.09372265636920929 0.828440360724926 28.69271200150251 0.2472242563962936 0.5664355084300041 0.7315551713109016 0.08044475317001343 0.399530366063118 0 0 0.2450426742434502 0.3105975463986397 5.856865406036377 14.2520857155323 2.901199251413345 6.61727038025856 15.10958261042833 55.10899919271469 1.823065407574177 25.84628741443157 0.2311279699206352 0.1673877760767937 0.1805115416646004 0.278220571577549 3.918108552694321 16.23935989290476 37.43339990824461 3.039772048592567 0 13.00982705503702 14.35619527101517 37.16586549580097 31.61753918230534 14.52264282852411 142.3022571131587 763.3193026036024 23.17635397613049 157.6384762376547 0.7236072197556496 0 0.09951967000961304 0.1434353291988373 0.4340298399329185 0 0 0 0.0915072038769722 0.1140605062246323 3.419201366603374 1.25209716707468 1.102179065346718 63.89568981528282 11.3898915424943 0 9.853355303406715 12.73908662050962 2.098536670207977 0 1.203107416629791 0.9442547634243965 2.686091676354408 12.74065043777227 3.152203656733036 1.247587330639362 16.06851404160261 12.92640768736601 6.262915134429932 24.1083465218544 24.35793201625347 6.115777164697647 20.11688563227654 1.043236218392849 0.41740532964468 0.09425517916679382 0.07861603051424026 0 0 0 0 0 0 0 0 0.4903680309653282 0 0.1216806694865227 0 0.3103348314762115 0 0.09066683799028397 2.26988373696804 4.560127876698971 0 0.2084409296512604 0.1064871773123741 2.805523850023746 0.5090597942471504 4.831171780824661 1.235667578876019 0.2069272920489311 0 0 0 0 0.329728938639164 0 0 0.6554897055029869 3.504445500671864 0 0.1011362671852112 0.1451143175363541 0 0 0 0 0.1449763402342796 0.09677779674530029 2.77596465498209 1.168532133102417 0.1378772556781769 1.364788770675659 7.322258897125721 4.152765184640884 0 0 0 0 0 0.08443672209978104 0 0 15.43103456497192 0.1474709659814835 0 0 0 8.75762515515089 3.985715761780739 4.414202034473419 1.301121532917023 3.224863849580288 1.935278974473476 1.117185235023499 2.822956666350365 0 0 0 0 0 0 0.1760513484477997 0 21.39000315219164 5.332433879375458 6.832549974322319 89.97857419401407 2.905058473348618 67.67201172560453 9.52599710226059 17.91483329981565 15.23244092613459 0.1213043406605721 9.39220666885376 5.706762999296188 0.1186342760920525 10.04649306088686 0.9704117253422737 9.060333423316479 0.5927647426724434 0 0.1642089337110519 0.5844140648841858 0.1424304842948914 11.20553471893072 8.779153436422348
75.01299917697906 253.4664057046175 68.37556780129671 77.30324530601501 118.6502990871668 37.8545149564743 453.4330857545137 158.3374415636063 17.37202399969101 1294.360883422196 219.2132065817714 194.2586447671056 1321.233937233686 458.6573798581958 3.561816833913326 10.46679180115461 0.4095635041594505 0.3271528407931328 0 0.8825923874974251 9.91720961779356 0 3.064180538058281 5.02925069630146 3.443518035113811 0.6999008357524872 1.795047178864479 0.5046835020184517 0.2488094344735146 1.479134924709797 20.55086271464825 18.73860031366348 468.1079281643033 0.3450487703084946 9.418475218117237 13.58906584978104 141.023559756577 34.47201706469059 35.43676781654358 0.7459984347224236 7.664590686559677 2.79739523679018 1.928747691214085 1.793914072215557 0 0.9794859066605568 8.932161599397659 0 0.4887946397066116 0.6597749963402748 0.1051647812128067 0.635659322142601 1.015981301665306 0 0.203150562942028 0.1421100497245789 3.597108535468578 6.464551277458668 0.8779575452208519 1.270304068922997 9.305011175572872 109.6758044883609 1.750190533697605 11.32305815070868 0 0.08589635789394379 0.1162287220358849 0.5149085074663162 1.881154552102089 15.5779722109437 211.5486429855227 13.49632491916418 0 6.120281003415585 5.534276783466339 10.77529252320528 16.06743913143873 4.131504014134407 27.1689805239439 188.3896788209677 13.91558675467968 59.43919125199318 0.3504008948802948 0 0 0 0.08938904851675034 0 0.1903550997376442 0 0.2438203021883965 0.3282348662614822 4.971696935594082 1.848553471267223 0.3597322031855583 752.6042458415031 83.12028440833092 0.4182765781879425 55.33145086467266 13.10321567207575 9.372973889112473 2.389648616313934 15.19811955839396 27.61012896150351 10.08435418456793 103.0433984324336 53.44462670385838 11.36516950279474 102.3816872835159 114.4501737132668 24.26616731286049 120.4654350280762 118.398250900209 26.08799400180578 75.55513567477465 2.953186981379986 0.5182048007845879 0.2756330296397209 0.2238665372133255 0 0 0 0 0.116767629981041 0 0 0.6407175362110138 1.278326451778412 0.5299737602472305 0.6248559206724167 0 0.602504201233387 0.1116128712892532 0.8813668936491013 17.73974306881428 17.95677572488785 0 0.1001917496323586 0.5275445580482483 9.453724637627602 2.129941441118717 9.958496958017349 3.305413015186787 0.6728074848651886 0.1480817645788193 0 0 0.5379156991839409 0.5836008191108704 0 0 0.4026948884129524 3.650263726711273 0 0 0.2072198092937469 0.3312744796276093 0 0.1212851330637932 0.2645134031772614 0.08871107548475266 1.557156048715115 7.902590572834015 0.8423712030053139 0.4862845093011856 3.426063261926174 12.60369919240475 10.46490935236216 0.1770990490913391 0.157923236489296 0.2954288125038147 0 0 0 0 0 46.75647055357695 0.7004522234201431 0.1303211152553558 0.1028654500842094 0.2213406413793564 23.04615647345781 5.43899729847908 11.47649217396975 1.801928922533989 4.821266114711761 7.146817266941071 1.21312465518713 9.651803001761436 0.09299037605524063 0.1272022128105164 0 0 0 0 0 0 100.2850070521235 15.02223818004131 14.97403749078512 32.50110957026482 1.564191922545433 27.40751171112061 6.321897819638252 21.5798846706748 4.251389339566231 0 3.259115152060986 9.188718438148499 0 29.9995034262538 4.182265967130661 44.0314961001277 1.399425074458122 0 0.5846517756581306 0 0.1240569278597832 124.4509872123599 83.16627663373947
