725.2288588881493 2244.500217542052 397.4833244234324 2299.373668469489 74.81034915149212 356.4285233095288 1063.517203845084 186.565101608634 39.96333063393831 1530.011120647192 364.7983051389456 62.22663284093142 378.9364484101534 242.0848708450794 3.212773099541664 2.638816311955452 0.2317402511835098 0.1396583765745163 0.208593413233757 0.2016754597425461 0.9472462981939316 0 0.6028323993086815 0.9216222241520882 0.731611356139183 0 0.4546407759189606 0.2451453059911728 0.1125232502818108 0 1544.306261561811 46.11149580776691 9.11658588051796 0.2993610799312592 0.3427610173821449 0 2.554828099906445 0.5846641063690186 0.7614381611347198 0.1419156938791275 0.4601161554455757 0.1331549286842346 0 0.9336233511567116 0.5439294874668121 0.4708660915493965 57.87646224349737 1.101080566644669 0.2132379487156868 0 0.7819037511944771 0 0 0.1628367975354195 1.885834611952305 0.7230430394411087 84.77609366178513 790.5396843254566 10.59972563385963 23.00085533410311 0.5460109859704971 2.894485279917717 0.3860419690608978 104.6739245355129 2.662915863096714 1.248875893652439 0.6045817211270332 0.5913468822836876 0.08791394531726837 0.1885750889778137 12.06411672383547 6.642661958932877 0 158.0590904057026 101.5313270688057 44.25991299003363 8.941255882382393 2.443351306021214 2.438359968364239 61.88410449028015 0.5956292748451233 4.544478602707386 12.07941979169846 0 1.937294274568558 0.4382209554314613 0.31166972219944 0 0 0.1278118640184402 0.4147811010479927 0.1201792433857918 0.7172656506299973 0.3552332669496536 0.0992577001452446 129.2777943760157 49.84576012194157 1.513614490628242 3.977959595620632 1224.42640889436 0.1115959361195564 3.439023911952972 2.126388400793076 2.287760868668556 0 5.884194597601891 15.61940051615238 3.374546974897385 7.925393402576447 10.65435533970594 0.2322225272655487 20.13059577345848 14.59937999397516 6.233128920197487 4.167720697820187 0 0 0 0 0 0 0 0 0 0 0 0 0.2680465877056122 0 0 0 0.2281555533409119 0 0 0 0 0 0 0.1654016971588135 1.025277204811573 0 2.004788190126419 0.5498064234852791 0 0 0 0 0 0 0 0 0 0 0 0 0.1059159934520721 0.3860142901539803 0 0 0 0 0 0 0.3389034867286682 0 0 1.244532614946365 0 0 0 0 0 0 0 0 0 1.640156030654907 0 0 0 0 2.974012576043606 0 1.29190406948328 0.5170981884002686 0 0 0 0 0 0 0 0 0 0 0 0 5.335559017956257 0.3991249650716782 0.869371086359024 303.479707300663 3.860767729580402 77.03640864044428 14.64304300397635 746.6579076573253 3.241800919175148 0.3510307297110558 2.03296335041523 46.4518606364727 0 0 1.081648826599121 79.27768887579441 0 0 0 1.119314834475517 0.5084851384162903 203.0143577754498 20.1468309238553
2244.500217542052 2062.697154313326 2827.041016444564 1113.636180736125 1323.085157319903 283.019068479538 2932.692293003201 361.7538550421596 1097.485958099365 1471.982382789254 2126.67681401968 638.5898701772094 944.5358664765954 1544.558258928359 12.68641965091228 6.713647574186325 0.7648181393742561 0.2169361039996147 0 0.3293626084923744 2.541822142899036 0 0.9832864850759506 1.536835864186287 1.692065954208374 0.5866735279560089 1.113558918237686 0.1188566535711288 0.4694155603647232 0.1032178923487663 1438.868049703538 83.9616757184267 24.30175402760506 0.4749231562018394 0.5805612877011299 0.1777636334300041 5.628042250871658 0 1.412471279501915 0.3440141230821609 0.9392277747392654 1.00893746316433 0.6453155502676964 1.583232291042805 1.068448815494776 1.52122850716114 125.7275086268783 1.209389179944992 0.2099317386746407 0.5040674731135368 1.270635440945625 0 0.2427863478660583 0.1850683689117432 1.595156028866768 1.416162431240082 38.34652253985405 479.8068450540304 12.52796925604343 34.72261539846659 1.750430002808571 4.262604147195816 0.391164131462574 258.3135287761688 2.12533175945282 1.770807109773159 0.358649730682373 0.5702142342925072 0.3814374879002571 1.257459528744221 7.833767667412758 5.858919203281403 0.07025263458490372 168.1544632166624 233.3408064395189 119.2994788214564 72.9488178268075 10.16660419851542 6.777256913483143 112.2231815978885 2.808167494833469 10.50559391826391 10.0016126409173 0 2.032333508133888 0.4623395726084709 0.9054476991295815 0 0.1896456554532051 0 0.6675683781504631 0.0871528685092926 0.9178351312875748 0.4693116992712021 0.345347560942173 27.13277342915535 3.839280985295773 0.3567759692668915 1.404397822916508 780.9035243466496 0 1.28040237724781 2.070305287837982 0 0.2456310242414474 6.165335163474083 4.16721385717392 3.411581858992577 6.022908844053745 3.471162527799606 0.8577890247106552 23.94126891344786 21.48094422370195 11.0549044907093 9.534319818019867 0.1726278513669968 0 0 0 0 0 0 0 0 0 0.27503702044487 0 0.1382929384708405 0 0 0.736221969127655 0 0.8607954978942871 0 0.9430636614561081 1.68095213919878 0 0.1264891624450684 0 4.759122893214226 2.335676237940788 5.688150517642498 1.99626986682415 0.4885235354304314 0 0 0 0 0 0 0 0.2040428072214127 0.1990588158369064 0 0.2145727276802063 0 0.3318309634923935 0.1043018847703934 0 0 0 0 0.3341605365276337 0.6019173562526703 0.6656628251075745 0.6979788541793823 4.000105209648609 0 0 0 0 0 0 0 0 0 4.742804944515228 1.151226833462715 0 0 0 5.314914301037788 0.1623157560825348 1.254716500639915 0.5372166633605957 0.1697822213172913 0.3224212229251862 0 0 0 0 0 0 0 0 0 0 6.192103639245033 2.180206261575222 2.673438519239426 232.9248244017363 4.558626405894756 124.6313816979527 26.29722104221582 342.2723837569356 4.556396760046482 0.3761968463659286 5.68338280916214 9.79682594537735 0 1.120589882135391 1.063301682472229 12.67562180757523 0 1.623119831085205 0 4.031149886548519 0.6739646792411804 66.36479001492262 25.78356569260359
397.4833244234324 2827.041016444564 1998.720695823431 12.71124279499054 684.6499100849032 3.828463658690453 239.9214008376002 2206.943692758679 1419.515257790685 40.6823962405324 4074.55447011441 24.78596962988377 216.879167355597 1805.942553646863 2.785178251564503 4.82272719591856 0.2568514347076416 0.7268921658396721 0.1858308464288712 1.827369555830956 15.62169855087996 0 16.93768316507339 13.24539518356323 9.192114733159542 7.091033615171909 4.007916137576103 0.8837488368153572 0.224223755300045 2.125643193721771 2357.784922942519 310.1689343675971 74.82692642509937 1.627485185861588 6.587402381002903 2.468168683350086 7.048850245773792 1.544936642050743 2.650622844696045 1.593253783881664 8.574182994663715 2.655239962041378 1.01051889359951 1.020720221102238 1.13869696110487 0.830599881708622 18.30213426798582 0 0.5996692776679993 0.4765229821205139 0.33910221606493 0.0824488177895546 0.1085416600108147 0 0.1316564083099365 0.1766103580594063 6.67464392632246 160.1224533542991 2.202957294881344 4.90859566628933 2.355634219944477 17.65579100698233 0.5469045042991638 68.596728913486 0.5937967747449875 0.2790334224700928 0.1473168283700943 0 0.9442658796906471 5.249276891350746 10.4048738181591 18.87551857531071 0.08527091145515442 25.92949476093054 30.5471485555172 21.59922693669796 15.25520028918982 5.049448326230049 33.65235134959221 723.1699072867632 3.762571290135384 41.93618737906218 1.754744075238705 0 0.3180312961339951 0.1657865718007088 0.222113162279129 0 0.1000858321785927 0 0.1699580252170563 0 8.100431181490421 1.598882377147675 0.24045230448246 23.10831338167191 0.5267569422721863 0 1.960266523063183 185.1588835865259 1.384797759354115 1.700532078742981 3.982873097062111 1.579065680503845 1.452124953269958 7.558101408183575 2.783712685108185 4.329167947173119 8.903818964958191 5.460535228252411 4.11678808182478 29.52099107205868 28.95497484505177 20.01133824884892 22.82375611364841 0.1922264099121094 0.990456722676754 0 0 0 0.09070037305355072 0 0 0 0 0.2186880111694336 0 1.315753720700741 0 0 0 0.1181521937251091 0 0 0.6844762563705444 4.142458632588387 0 0.948697604238987 0.3850736990571022 15.02785113453865 1.581552408635616 15.7481067404151 11.03061701357365 2.374694414436817 0 0.113799199461937 0.3869659006595612 0.2485779523849487 0 0.1299073398113251 0 0 1.521260276436806 0.1414817124605179 0 0.1169122308492661 0.9138186424970627 0 0 0.09508636593818665 0 0.467317707836628 2.836335979402065 0.3858596384525299 0.1000906303524971 0.2266529500484467 15.09375855326653 1.403284028172493 0 0 0 0 0.09811022877693176 0 0 0 11.37779904156923 2.169495403766632 0.6788026243448257 0 0 14.34072041511536 0.1055425032973289 5.497017152607441 0.2949905246496201 0.4151516407728195 0.6438011899590492 0.3851913809776306 0.1363789737224579 0 0 0 0 0 0 0 0 8.059188604354858 7.341794423758984 8.490879036486149 49.97393648326397 0.3951141238212585 28.27859115600586 7.572855032980442 25.20908343791962 0.8991995081305504 1.971781373023987 1.328096590936184 15.37951727211475 0 3.842490166425705 2.153769202530384 6.631083510816097 0 0 1.18810673058033 0.7034742757678032 0.1144362986087799 18.5456917360425 30.34651777148247
2299.373668469489 1113.636180736125 12.71124279499054 557.5758774131536 27.53458812832832 577.330396130681 667.8753646314144 23.89416763186455 26.39366675168276 2054.533938497305 8.269433341920376 108.4189544171095 956.5712806209922 229.309437699616 0.7372047826647758 0.09309040755033493 0.2863103151321411 0 0.1315813362598419 0 0.3478582501411438 0 0 0 0.1744339019060135 0 0 0 0 0 174.0991395264864 6.795600704848766 0.2996308878064156 0.0729307159781456 0 0 0.2032848000526428 0.1470091044902802 0 0 0.387342631816864 0 0 0 0 0.2225048243999481 19.3716136738658 0.4053034409880638 0 0 0.1539257764816284 0 0 0 0.2117806375026703 0.1885410249233246 8.219735503196716 82.19263859093189 1.905516125261784 5.667997814714909 0.1128489673137665 0.2254345268011093 0.1269110590219498 33.46766410768032 0.1186864972114563 0 0 0.1446057260036469 0 0.1172619983553886 4.160918854176998 2.743400707840919 0 33.13071791082621 45.84992976486683 15.04633405059576 6.454013109207153 0.5219328701496124 0.5246511176228523 15.90776516497135 0 0.9567111507058144 1.468291349709034 0 0.2642871290445328 0.2902672216296196 0 0 0 0 0 0 0.3041270151734352 0.2383860275149345 0.1555134057998657 47.85731145739555 1.918601959943771 0 0 407.8635240793228 0 0.5031898617744446 0.3021904826164246 0 0 1.031312257051468 0.9685318768024445 2.159065499901772 0 3.736152842640877 0 1.749032199382782 3.351057529449463 2.527504310011864 2.202506303787231 0 0 0 0 0 0 0 0 0 0 0 0 0 0 0 0 0 0 0 0 0.5083248019218445 0 0 0 0.5195387601852417 0.4661886096000671 0 0.477817490696907 0.2089906185865402 0 0 0 0 0 0 0 0 0 0 0 0 0 0 0 0 0 0 0 0.6347169280052185 0 0 0 0 0 0 0 0 0 0 0 0 0.6943116933107376 0 0 0 0 0.6499913334846497 0 0.419732540845871 0 0 0 0 0 0 0 0 0 0 0 0 0 0.737311452627182 0.7199458479881287 1.094172179698944 48.96371160447598 0.5802198201417923 17.24039374291897 3.606968440115452 406.4632004052401 0.9975203275680542 0.2480458319187164 0.1905680149793625 5.422359108924866 0 0.4402220547199249 0 5.09223248064518 0 0 0 0.6443544924259186 0 64.0443170517683 6.20541313290596
74.81034915149212 1323.085157319903 684.6499100849032 27.53458812832832 1483.618932828307 4.913549855351448 1405.14430333674 136.4890421107411 4361.152391776443 93.68385034054518 1570.487544476986 23.7201364710927 267.7903000935912 1485.817004591227 6.757971748709679 2.523917488753796 0.8326538950204849 0 0.1132783517241478 0 0.8231456354260445 0 0.5490773394703865 0.1180487126111984 0 0 0 0 0 0.3390365540981293 147.8318901956081 35.82235011458397 3.598840497434139 0.2328597456216812 0.08724977076053619 0 0.7810932993888855 0 0.4554390758275986 0.09663502126932144 0.2335881069302559 0 0.3292490541934967 0.8602627292275429 0.1855790913105011 0.642304040491581 43.63363929092884 0.8414345681667328 0.1698043495416641 0.2661022394895554 0.3289760053157806 0 0 0.264467678964138 0.1205865517258644 0.3072446063160896 6.417900063097477 76.35832660645247 2.970005102455616 11.90720009058714 0.3232249096035957 3.002492263913155 0.08534111827611923 90.23509612679482 0.6533562988042831 0.607618659734726 0.1634442657232285 0.1790293827652931 0 0.4349567145109177 0.8637770935893059 0.3580644950270653 0 46.49552495032549 86.43759223818779 52.70487000048161 32.86395654827356 4.321854189038277 2.726877629756927 19.24239052087069 1.127036057412624 3.033381767570972 3.269752748310566 0 0.7942563891410828 0.08565231412649155 0.1044531911611557 0 0 0.09969059377908707 0.1101249828934669 0.2060384303331375 0.7911472320556641 0.1874253153800964 0 1.882318541407585 0.2109098434448242 0.0856226459145546 0.1442267745733261 33.00649489462376 0 0.5768319964408875 0.1610920578241348 1.003565222024918 0.12733094394207 1.776081711053848 0.194622278213501 0 1.993664935231209 0 0 9.968780897557735 5.214377403259277 5.338759243488312 1.974248088896275 0 0 0 0 0 0 0 0 0 0 0 0 0.1304495334625244 0 0 0 0 0 0 0.2760932892560959 0.4689400047063828 0 0 0 1.615237675607204 0.1246354728937149 0.937574528157711 0.3687755540013313 0.1154519096016884 0 0 0 0 0 0 0 0 0 0 0 0 0 0 0 0 0 0 0 0 0 0 2.131680257618427 0 0 0 0 0 0 0 0.09490948170423508 0 3.266265399754047 0.202381893992424 0 0 0.1066745668649673 0.6053381413221359 0 2.236544542014599 0 0 0 0 0 0 0 0 0 0 0 0 0 1.656346157193184 0.6543952375650406 1.40434517711401 91.87935101240873 1.244501955807209 43.82364724576473 8.821212343871593 41.79237420111895 1.722069531679153 0.2151986360549927 1.785891316831112 1.722801089286804 0 0.5417851805686951 0 4.313161224126816 0 1.541082501411438 0 2.112645655870438 0 11.38098904490471 7.555529981851578
356.4285233095288 283.019068479538 3.828463658690453 577.330396130681 4.913549855351448 35.43943549692631 77.82045163959265 9.552510306239128 5.48973610252142 791.366001650691 4.073567755520344 104.6071720719337 130.2932609021664 44.4400739595294 0.5219002887606621 0.2302289456129074 0 0 0 0 0.1249568462371826 11.37902867048979 0 0 0 0 0 0.1157620176672935 0 0 80.58755318820477 4.265342399477959 23.06765425205231 0.06221502646803856 0.08258582651615143 0 16.46330936253071 0.9381357431411743 6.799683898687363 1.374830693006516 0 0 0 0 0.08105653524398804 0 5.381512805819511 0.4281885698437691 0 0.1058149784803391 0.1355086714029312 14.87897609174252 1.283907771110535 0.5503807812929153 0 0.2459096610546112 85.74795400351286 40.45173646509647 5.220090605318546 0.9989463984966278 0 4.900607720017433 0 6.622496768832207 0.08632821589708328 0 0.3128927871584892 0.0918884351849556 0 0.2551536709070206 159.5929601937532 136.7137106508017 4.917340286076069 14.24561145156622 10.26615566760302 2.323835261166096 0 0 0.2612697407603264 7.298759326338768 0 2.981890313327312 0.979423776268959 0.6434907615184784 0 0.6482993885874748 0 0.7032261863350868 0.5369038209319115 1.679285734891891 1.383843436837196 0.9527444764971733 0 0 0.9342325776815414 479.7663137167692 494.8298450112343 29.17754438519478 38.84914301335812 637.8099187687039 0.4917257130146027 8.0996173620224 2.224506974220276 1.209011614322662 0 7.170892313122749 18.72569733858109 4.943722203373909 5.659284338355064 9.476896226406097 0 13.59319065511227 16.06571567058563 8.361103273928165 1.089195340871811 0 0 0 0 0 0 0 0 0 0 0 0 0.1962364614009857 0 0 0 0.1433287113904953 0 1.183909550309181 0 0 0 0 0 0 0 0 0 0.5888490974903107 0 0 0 0 0 0 0 0 0 0 0 0.1380895972251892 0.8465863838791847 0 0 0 0 0 0.1126213446259499 0.9707592129707336 0 0 0.3827951848506927 0 0.2252877205610275 0 0 0 0 0 0.1217338293790817 0.2947568297386169 0.826228454709053 1.093789950013161 0 0 0 1.061888039112091 0 0.1451903879642487 0.1796149611473083 0 0 0.1220939755439758 0 0 0 0 0 0 0 0.1150320991873741 0 7.058594927191734 0.2958513498306274 0.5654787123203278 92.21216963231564 0.1484152674674988 6.148343592882156 1.101081289350986 315.4206420853734 0.9169431328773499 5.19537815451622 1.096481271088123 20.61525785923004 0 0.3385744392871857 0 52.16461205482483 0 0 0 0.1193241998553276 0 142.6434118822217 58.95133915543556
1063.517203845084 2932.692293003201 239.9214008376002 667.8753646314144 1405.14430333674 77.82045163959265 566.1465881764889 114.5504950508475 1162.911409847438 2118.701017476618 170.7421436794102 343.9862320646644 3925.726454816759 3670.739586405456 22.31492540985346 9.842329248785973 1.519495360553265 0.1631887629628181 0.4945704936981201 0.682252049446106 1.778234787285328 0 0.6414516791701317 0.295681320130825 0.4476313143968582 0 0.1945104748010635 0 0 0.2589142918586731 426.9484617561102 88.92232091724873 14.23319762200117 0.4452053382992744 0.2946555316448212 0.6128338128328323 1.495044112205505 0.3239662796258926 0.2391848564147949 0 0.67696363478899 0.5832593441009521 0.6185723841190338 2.857792414724827 2.112081587314606 1.557109050452709 138.6005216315389 2.071611858904362 0.5810645818710327 0.4788952320814133 1.436086565256119 0 0.09509130567312241 0.1891855597496033 1.083904288709164 2.204493716359138 30.2152851074934 283.8206539154053 11.31852512061596 37.39737551659346 2.078597575426102 7.674684435129166 0.8683473095297813 246.0414693057537 2.386237099766731 3.299883395433426 0.9472063481807709 0.7412229478359222 0.4284453317523003 1.275947548449039 4.847353756427765 6.943174071609974 0 156.4317048937082 268.7208415269852 169.2874834015965 99.6286456361413 15.34124154597521 8.331831686198711 46.18497067689896 3.172842413187027 12.08183432370424 11.84029624611139 0 2.803790085017681 0.6161794140934944 0.7678222581744194 0 0.08013596385717392 0.2713188976049423 0.5722358971834183 0.5264939814805984 1.852518752217293 0.7473171055316925 0.08757831901311874 29.69196126610041 1.616304181516171 0.09374468773603439 1.378077529370785 128.0606666505337 0.09467831999063492 6.184500232338905 7.697613336145878 1.100958809256554 0.2585482969880104 15.42777779698372 7.671930715441704 10.6519900560379 18.88461059331894 11.31907910108566 1.708010539412498 38.30158042162657 46.06452683359385 30.08443069458008 19.63702242821455 0.1253535747528076 0 0 0.1077538803219795 0 0 0 0 0 0 0 0 0.5065231695771217 0.3094879984855652 0 0 0 0.2903745472431183 0 1.089188471436501 2.18197925388813 0 0.136553555727005 0 13.08603329956532 0.1930937021970749 8.286086566746235 5.448164544999599 1.068916253745556 0 0 0 0 0 0.1405857056379318 0 0 0 0 0 0.3245199620723724 0.2249103039503098 0.2611909210681915 0 0 0 0.2597489953041077 1.136720851063728 0.7579583823680878 0.09003711491823196 0.8831159472465515 6.548267044126987 0.3203754127025604 0 0 0 0 0 0 0 0 10.02066043764353 1.006324291229248 0 0 0 10.30877909064293 0 3.432082086801529 0 0.5834833085536957 0.5362842381000519 0.6790860146284103 0.1178690269589424 0 0 0 0 0 0 0 0 14.57697007060051 4.194318436086178 7.523217871785164 294.1212277859449 7.07780198007822 160.7818622067571 26.37094160914421 177.5118939429522 6.420155704021454 0.8194841966032982 4.931188754737377 20.55467749387026 0 3.882303565740585 1.365541614592075 19.1212168559432 0 0 0 6.453624129295349 0 67.68615882098675 32.7842943072319
186.565101608634 361.7538550421596 2206.943692758679 23.89416763186455 136.4890421107411 9.552510306239128 114.5504950508475 1928.683987386525 308.2868671119213 13.19669759273529 3447.358115449548 10.76138679683208 160.9982503801584 1500.312623433769 6.109962023794651 12.61843650043011 0.6742420867085457 1.145216554403305 0.501152902841568 5.99574913829565 30.02359267324209 0 40.99772572517395 30.52005542814732 34.6730935126543 15.91331271082163 12.87697483599186 1.937644712626934 2.244146734476089 4.601113595068455 1793.311706490815 1067.229220107198 160.7002721428871 4.389097779989243 22.72462065517902 7.801119960844517 17.29479567334056 8.190708659589291 9.936166912317276 7.740615181624889 23.00086564570665 8.281783245503902 2.107122056186199 4.610789477825165 1.493537336587906 2.229311898350716 47.95916247367859 1.087376169860363 1.699765413999557 1.030877821147442 0.4201391413807869 0.1838311180472374 0.4710004553198814 0.9592818319797516 0.7562557905912399 0.3540506809949875 16.45560070872307 208.835271731019 4.335044242441654 9.747950367629528 6.415441378951073 8.177686773240566 0.9214010238647461 232.4904180690646 0.8528723195195198 0.5102474242448807 0 0.08165870606899261 0.7780938670039177 11.20631857961416 17.27480115741491 8.26602715998888 0.2468244284391403 54.65009995549917 94.63043365627527 46.95590064674616 89.8091781064868 47.65109486877918 639.7977688014507 3992.169624626637 11.88408969342709 144.6976737976074 3.086029388010502 0 0.527227595448494 0.450284406542778 0.6531710475683212 0 0 0.0873577669262886 0 0 13.22761721909046 2.919851489365101 0.3985329791903496 14.59680268168449 2.307848051190376 1.045165807008743 5.795091986656189 137.8473825603724 0 0.1757265329360962 1.253318265080452 0.4191583022475243 0.3549391031265259 4.388629302382469 1.753294259309769 3.748597636818886 6.780899368226528 2.928608976304531 1.119832523167133 15.46809703856707 17.53785061836243 6.771770715713501 9.207720004022121 0 0.6197701096534729 0 0 0 0 0 0 0 0 0 0.545648992061615 0.1407756209373474 0 0.1598375886678696 0 0 0.1243295818567276 0 0.958084374666214 1.380760751664639 0 0 0 7.118855178356171 0.7926900535821915 5.943290717899799 4.808388642966747 0.745050273835659 0.1427308171987534 0.2363868355751038 0.09546086192131042 0 0 0.1295678019523621 0.1021908521652222 0 0.2920046672224998 0 0 0 0.743384025990963 0.4049749597907066 0 0 0 0.230566069483757 0.784242756664753 0 0 0 5.481979675590992 0.2313732132315636 0 0 0 0 0 0 0.09320633113384247 0 5.630645290017128 1.162100717425346 0.2451353073120117 0 0.1191586181521416 5.284058675169945 0 3.22901164740324 0.2994121685624123 0.6954936757683754 0.7112506777048111 0.1280867010354996 0 0 0 0.1376083195209503 0 0 0 0.2456207424402237 0 5.600154168903828 4.383328601717949 4.918648310005665 102.4138009473681 1.497758015990257 52.33520435541868 14.2130050137639 41.64226412028074 2.382548496127129 0 0.9352734833955765 4.37496542930603 0 1.450968906283379 1.502652831375599 5.357655972242355 0 0 0.9388184398412704 1.122760117053986 0.7120038419961929 15.29189228266478 15.59096809476614
39.96333063393831 1097.485958099365 1419.515257790685 26.39366675168276 4361.152391776443 5.48973610252142 1162.911409847438 308.2868671119213 803.8445844203234 54.61584760248661 1327.052066758275 16.23839511722326 437.4549209848046 2111.617202363908 10.82419016957283 6.581312268972397 0.5489962548017502 0.09119297564029694 0.1183507516980171 0.07779926061630249 0.5713262781500816 0 0.08879367262125015 0.2299745380878448 0.2764355838298798 0.201448455452919 0 0.09637270122766495 0 0 107.8640580698848 47.01666262000799 12.65126767009497 0.2497845813632011 0.2138770893216133 0.2182952612638474 1.862290799617767 0.6475400403141975 0.2966018095612526 0.09237466007471085 0.1753743961453438 0.1228379458189011 0.2648049220442772 1.066676117479801 0.2551415637135506 0.8537451177835464 60.6568995192647 0.4966107457876205 0.6253335997462273 0.4255545660853386 0.3980049416422844 0 0 0.06931065022945404 0.5702546611428261 1.093240827322006 8.958042167127132 74.40982433408499 4.101641125977039 15.93379440903664 0.9891626834869385 2.980218641459942 0.09339857846498489 102.332523457706 1.108106166124344 1.102335914969444 0.3175904899835587 0.2577317953109741 0.1718287020921707 0.3892862945795059 1.741415932774544 2.249099522829056 0.08368914574384689 54.09686990082264 110.7437544688582 82.28570261597633 59.37189726531506 7.608805991709232 4.71405403316021 57.61478435248137 1.46232683211565 5.349521316587925 4.512459576129913 0 1.191497437655926 0.1789710447192192 0.2463513538241386 0 0 0.0907747820019722 0 0 1.402678593993187 0.3563817963004112 0 3.97610517591238 0 0.2424492090940475 0.3034119978547096 25.47800892591476 0.1278883069753647 0.6865791082382202 0.4972472786903381 0.8707356452941895 0.236116349697113 3.009880922734737 3.030170351266861 1.149458929896355 3.96328841149807 5.300187893211842 2.874823309481144 12.38941372185946 10.88937563449144 7.484564751386642 8.116812586784363 0 0 0 0 0 0 0 0 0 0 0 0 0 0 0 0 0 0.1673118472099304 0 0.1897913366556168 1.992675796151161 0 0 0 3.575657308101654 0.1699676066637039 3.418635047972202 2.230785027146339 0.3985880762338638 0 0 0 0 0 0.1230719983577728 0 0.314957469701767 0 0 0 0 0.9801561683416367 0.1135772615671158 0 0 0 0 0.3842843025922775 0 0 0 1.716368287801743 0 0 0 0 0 0 0 0 0.3389466404914856 3.707049652934074 0.6174360737204552 0.1193879842758179 0 0 4.882388815283775 0 2.209523469209671 0 0.3146585449576378 0 0.434945672750473 0 0 0 0 0 0 0 0 0 4.241803966462612 1.485196322202682 2.414533287286758 149.3488101735711 2.24339371919632 70.37475759536028 11.91368813067675 55.57032493501902 4.277078747749329 0.3745926320552826 3.109155759215355 7.996066629886627 0 1.368595391511917 0 6.583304196596146 0 0 0.6675815433263779 3.069691218435764 0 11.370395578444 8.371847189962864
1530.011120647192 1471.982382789254 40.6823962405324 2054.533938497305 93.68385034054518 791.366001650691 2118.701017476618 13.19669759273529 54.61584760248661 1475.495685987175 15.76044056937099 1469.331718035042 6154.98873899132 706.1191312968731 3.539444588124752 1.337016679346561 0.1090686172246933 0 0 0.08841408789157867 0 0.2485207617282867 0 0.4932551681995392 0.331190399825573 0 0 0 0.270778477191925 0.1307425200939178 135.5550886914134 20.19247655570507 48.14984315633774 0.08890324085950851 0 0 22.03544913232327 0 0.8467885851860046 0.2210635840892792 0 0 0 0.3460452482104301 0.3629571944475174 0.3650960028171539 34.36579461395741 0.2675143629312515 0.2219170108437538 0.09326501935720444 0.4396281912922859 0.4521813839673996 0 0 0.4452023729681969 0.4236207753419876 14.20414415001869 74.8528663739562 2.265555195510387 5.012393616139889 0.3169560357928276 11.5293133109808 0 45.54531122744083 0.4184781685471535 0.2893863245844841 0.1943045780062675 0.1863238289952278 0 0.8311150148510933 94.02501695603132 8.636293478310108 0.4912449419498444 36.46988294273615 52.29114999622107 24.5672185793519 11.94135762751102 1.88012271374464 1.500261470675468 14.40805118530989 0.4051503464579582 10.21762380003929 1.759887404739857 0 0.5867343246936798 0.1533618718385696 0.1022469848394394 0 0 0 0 0 0.1124847084283829 0 0 196.5953668951988 22.2593998759985 0 4.008431971073151 315.6672193780541 0.1240551173686981 11.07325827330351 9.10795459151268 4.423166453838348 0.5944585651159286 32.17374571412802 15.17305986583233 8.338952243328094 31.42804316431284 25.76333604753017 5.009859278798103 57.03220528364182 63.55171927064657 36.5162502899766 19.62421690672636 0 0.5487630516290665 0.1395560652017593 0 0 0 0 0 0 0 0 0 0.5788245350122452 0 0 0 0 0 0 1.43094964325428 0.9496292471885681 0 0.5808213353157043 0 7.631502695381641 2.201441131532192 6.47301173210144 3.98843989521265 2.366794399917126 0 0 0 0 0 0 0 0.5114820599555969 0.8453514128923416 0 0 0.1704324781894684 0.4338570386171341 0.2572078108787537 0 0 0 0.4549116939306259 1.442483834922314 1.314081624150276 0 0 4.661048948764801 1.35924756526947 0 0 0 0 0 0 0 0 8.66595309227705 0.6980108022689819 0 0 0 10.3819575458765 0 3.000404678285122 0.3054449409246445 1.042985767126083 0.1112560033798218 0 0 0 0 0 0 0 0.1512467116117477 0 0 22.09380248934031 5.268844395875931 2.709123410284519 126.7698951214552 0.529979482293129 35.93004635721445 7.022348754107952 576.9041740223765 1.961760796606541 0.39822718501091 1.528914824128151 41.98276022076607 0 3.033660501241684 0.5486072972416878 53.94971960037947 0.2544807493686676 0 0.6034285575151443 0.3813969492912292 0 473.1124770119786 101.9315115138888
364.7983051389456 2126.67681401968 4074.55447011441 8.269433341920376 1570.487544476986 4.073567755520344 170.7421436794102 3447.358115449548 1327.052066758275 15.76044056937099 2053.28475496918 25.41223552078009 948.0769943520427 3830.350967675447 12.80652359127998 24.54710858315229 1.025842502713203 0.5872486084699631 0 1.249387860298157 6.375840246677399 0.4518591910600662 11.1467325091362 12.06318973749876 21.79731027781963 8.581959873437881 7.85943216830492 2.020512126386166 2.062972418963909 3.95704148709774 924.5049181431532 209.5773221105337 216.3395515158772 0.6192648187279701 9.775889001786709 4.568001173436642 58.32505694031715 5.986374422907829 12.00583905726671 4.316434428095818 8.625664725899696 5.442295290529728 0.1274410933256149 5.377533264458179 0.6745013743638992 1.336837619543076 44.65309719741344 0.414851687848568 2.031225085258484 1.070773959159851 0.3813993632793427 0.1092104464769363 0.1388148218393326 1.217296421527863 0.4363380968570709 0.8119410946965218 8.718688629567623 137.3662675842643 2.99946428835392 10.89810135215521 0.9553752914071083 3.382841296494007 0.1370378285646439 98.81397503614426 0.6594463065266609 0.450761690735817 0.1625065729022026 0.4633873105049133 0.1822560429573059 2.494565226137638 43.43170384317636 2.466622844338417 0 45.2007374688983 72.1323771700263 64.93986994028091 63.57841023057699 17.84835408627987 29.52127893269062 1069.399116449058 4.953407518565655 21.31006333976984 4.319277755916119 0 0.6513426005840302 0.3075842410326004 0.1655304357409477 0 0 0.09965019673109055 0.3528154790401459 0.167399637401104 2.521505564451218 1.708251275122166 0.3249710500240326 12.47945085167885 3.37717093527317 0.2579622268676758 9.042863070964813 151.8571781516075 0 0.6922460943460464 0.3040076047182083 0 0 0.7285204380750656 0 0.5724245309829712 1.084143131971359 0.4968455135822296 0.5314616113901138 4.590366020798683 5.123647078871727 4.552677422761917 3.153326220810413 0 0.2945791184902191 0 0 0 0 0 0 0 0 0 0 0.09740574657917023 0 0.4566416591405869 0.2668464183807373 0.4101162329316139 0 0 0 0.1135533303022385 0 0 0 2.216721706092358 1.269850693643093 1.631822273135185 1.011448353528976 0.4509830921888351 0 0 0 0 0 0.2477756291627884 0 0.1903434097766876 0.1360968798398972 0 0 0 0.1067908331751823 0.6208658292889595 0 0 0 0.2264894396066666 0 0 0 0 1.084482684731483 0.1014601290225983 0 0 0 0 0 0 0 0 2.41102509945631 0.3818322941660881 0 0 0 0.8063886538147926 0 1.420185886323452 0 0.1834633499383926 0.07747869193553925 0 0 0 0 0 0 0 0 0 0 3.169636435806751 1.389964275062084 1.538011007010937 125.2692977786064 3.172362431883812 61.70101915299892 11.74872852116823 42.67260897159576 2.476337432861328 0.1893562152981758 2.073703482747078 1.584266856312752 0 0.392996072769165 0 1.060862720012665 0 0 0 3.333959177136421 0 7.524211414158344 6.841097183525562
62.22663284093142 638.5898701772094 24.78596962988377 108.4189544171095 23.7201364710927 104.6071720719337 343.9862320646644 10.76138679683208 16.23839511722326 1469.331718035042 25.41223552078009 111.2319261059165 1455.911022886634 193.8995382860303 12.01318894326687 32.07125831395388 1.374616242945194 0 0.1020522713661194 0.5339742675423622 2.14682998508215 0 1.029663145542145 3.458730518817902 2.90296632796526 1.847705528140068 1.852678440511227 0.3428957164287567 0.1391361355781555 1.355213209986687 27.88532127439976 13.10830055177212 244.4578376039863 0.1095284149050713 0.7882417440414429 1.997217603027821 274.6214327812195 2.587129481136799 7.205822594463825 1.768528684973717 3.289961203932762 0.74492247402668 0 5.352076150476933 0.4347696751356125 0.9975332394242287 42.95723400264978 0.1168558821082115 0.9688132256269455 0.6466379165649414 0.1738840043544769 0.369450718164444 0.1029215902090073 0.2517226934432983 0 0.1053959503769875 3.522718541324139 13.91926430165768 1.091484546661377 6.143942907452583 1.039409168064594 11.93630695343018 0.2319420501589775 23.49715985357761 0.1879189908504486 0.1932159066200256 0 0.2245332077145576 0.08529867231845856 1.350169785320759 106.4251901656389 3.992176853120327 0 19.5676983371377 33.81042186915874 49.4202990680933 36.72961384057999 13.28104995191097 0.6197508275508881 52.41929664462805 1.241577483713627 9.3664730489254 1.734049379825592 0 0.1136722937226295 0 0.1396317034959793 0 0 0 0.1025634407997131 0 1.575690940022469 0.3949500620365143 0.1269606351852417 496.4543377459049 16.58511915057898 0.2858457267284393 5.116520792245865 17.90392919629812 0.3012280762195587 10.18801125884056 8.894588105380535 5.9776955768466 2.284653231501579 29.88249433785677 25.70873117446899 28.5624231249094 43.3252160847187 31.96853438019753 12.67492060363293 115.4085571542382 111.8491021692753 72.54016641527414 50.62042562663555 0.7716090083122253 0.1131169050931931 0 0.2815900295972824 0 0 0 0.1582354605197906 0 0 0 0 1.246195986866951 0 1.174501799046993 0.7432840466499329 0.299331322312355 0.5048777461051941 0 2.319382637739182 3.695455588400364 0 0 0 19.9188466668129 1.150505885481834 13.56300244480371 7.655115030705929 0.9045464172959328 0 0 0 0 0.1028630957007408 0.08619722723960876 0 0.2090711146593094 0.84678915143013 0 0 0 0.9499264061450958 0.1852466017007828 0 0 0 0 2.291942544281483 0.3071646392345428 0.4893464744091034 0 11.12984558939934 0.4845131561160088 0 0 0 0 0 0 0 0 20.6420166939497 1.781863376498222 0 0 0 20.99721247702837 0.2564095258712769 5.717122934758663 0.2040038555860519 1.964781671762466 0.8963078856468201 0.3317805156111717 0.2502955496311188 0 0 0 0.1158407032489777 0 0 0 0 43.52566293627024 7.577519401907921 7.998687192797661 208.7040235921741 1.862826034426689 63.3005186393857 15.11091370880604 100.5302213430405 4.975251421332359 0.3490430414676666 3.64602342247963 51.74625138193369 0 3.031278222799301 1.93738216906786 92.13089981675148 0 0 0.1663069874048233 4.882858619093895 0.2542623579502106 461.0453874841332 185.2780281603336
378.9364484101534 944.5358664765954 216.879167355597 956.5712806209922 267.7903000935912 130.2932609021664 3925.726454816759 160.9982503801584 437.4549209848046 6154.98873899132 948.0769943520427 1455.911022886634 4458.921758070588 5209.870195806026 44.40332543849945 62.30932876467705 4.147251069545746 0.4754135385155678 0.4416077136993408 0.5379592776298523 6.186468042433262 0.9693803042173386 6.367959812283516 4.961151674389839 10.2525077983737 4.597264096140862 3.745001919567585 0.8070101737976074 2.445757918059826 2.519211083650589 169.4517369121313 78.58615912497044 1283.189832344651 0.4456780925393105 2.801154434680939 1.411955364048481 743.3717571645975 4.971550159156322 14.31591719388962 4.230678923428059 6.500131152570248 2.463668413460255 0.5734663233160973 8.789250105619431 1.881171151995659 2.148783318698406 163.4719686731696 1.219728380441666 3.214571200311184 0.6069600656628609 0.594290129840374 0.2406888008117676 0.8450382947921753 1.425538614392281 1.260288409888744 0.6956379562616348 15.95473957806826 114.8373609632254 7.332678787410259 28.48408412188292 3.016090624034405 22.95177078992128 0.563310019671917 141.1528028249741 1.254136830568314 1.084611944854259 0.5195841491222382 0.8125638142228127 0.5334521234035492 2.324148617684841 155.7295156270266 13.49708487093449 0.07770992815494537 95.25938519090414 184.3537094965577 192.2790483012795 129.3080889508128 33.70289245992899 6.874577663838863 136.4601415842772 5.234798319637775 16.5461912676692 6.186709471046925 0 1.73367977887392 0.3706163316965103 0.2932684719562531 0.09943472594022751 0.1510894298553467 0.1981359198689461 0.4724826067686081 0.3221962153911591 4.118484765291214 1.49247869104147 0.5804093331098557 763.6739636734128 4.641837425529957 0.5459817871451378 10.91067902743816 62.06107971072197 2.507311768829823 23.81318506598473 22.77955967187881 8.955805614590645 5.67786718159914 70.34394366294146 41.87389388680458 44.86475133895874 120.8063669428229 66.78531709313393 29.15108755975962 271.1350097730756 257.7833844274282 173.2118489220738 92.11674974858761 0 0.2716588079929352 0 0.1597961634397507 0 0 0 0.09273284673690796 0.1237372756004333 0.2319460958242416 0.1454361528158188 0 2.297107398509979 0 0.7164841517806053 0.2406995743513107 0.3999346867203712 0.136532723903656 0 7.610272750258446 16.15106019377708 1.073462128639221 0.1553258150815964 1.993790574371815 52.97074329853058 4.08919670432806 33.96919324994087 18.09677413105965 4.643252603709698 0 0.3278050273656845 0 0.1146700382232666 0.8607707619667053 1.184000730514526 0 0.4251036047935486 0.8508468493819237 0 0 0 4.069071173667908 1.807584002614021 0 0 0 0.4068010002374649 1.702437981963158 1.007225871086121 0 0.4820310771465302 29.46091030538082 1.459642678499222 0 0 0 0 0 0 0 0 44.80265249311924 2.005164913833141 0.1339237987995148 0 0 37.53905756771564 0 15.485212482512 0.4520331472158432 1.253252163529396 1.96549791097641 0.3143063560128212 0.2371523380279541 0 0 0 0.1023160964250565 0 0.07946818321943283 0 0 83.46908175200224 15.4001689106226 19.64101861417294 534.9893410131335 10.61479011178017 202.6902235522866 48.00736016780138 215.0588517710567 11.34284669160843 0.3936949670314789 10.60625794529915 105.3273403868079 0 7.112140439450741 1.65945153683424 160.2889525070786 0 1.412741661071777 1.018610790371895 8.617284789681435 0.7483150437474251 549.252857632935 306.3309716284275
242.0848708450794 1544.558258928359 1805.942553646863 229.309437699616 1485.817004591227 44.4400739595294 3670.739586405456 1500.312623433769 2111.617202363908 706.1191312968731 3830.350967675447 193.8995382860303 5209.870195806026 2591.798043206334 46.80688304454088 59.04639578610659 4.187453724443913 0.946976974606514 0.2954253256320953 1.029410272836685 8.671630717813969 0.09927855432033539 8.236485674977303 9.057085901498795 15.1665049046278 8.812029585242271 9.210439242422581 3.480096809566021 2.368855081498623 2.294291004538536 350.1031334251165 160.1398148611188 826.5442013218999 1.269750162959099 6.3909642547369 4.454898953437805 835.9021512791514 8.366807386279106 13.73863395303488 5.168862774968147 11.22214360535145 3.531504757702351 0.1725062355399132 11.10890237241983 1.403725847601891 3.442592196166515 173.1417439356446 0.6046537533402443 3.462167307734489 0.6681355163455009 0.816751629114151 0.1045855060219765 0.5805486142635345 1.388359203934669 0.6802485883235931 1.100274920463562 16.17060021311045 140.3053718283772 6.725925393402576 35.40096224844456 2.094739228487015 14.90376717597246 0.9102519005537033 205.0609716996551 1.577429115772247 1.956043280661106 0.2642987221479416 0.6272013559937477 0.4654667004942894 2.630015261471272 151.187509521842 7.979855068027973 0.09119618684053421 106.8573012501001 221.9825455918908 226.5801451951265 180.2809872105718 40.29829597473145 39.03691527247429 1380.806921929121 5.770871557295322 32.90136153250933 8.740364298224449 0.1919684410095215 1.098985455930233 0.545538030564785 1.04865175485611 0.09683102369308472 0.1635663956403732 0.09310934692621231 0.5751527324318886 0.3311012461781502 3.458769582211971 1.298799373209476 0.2522657066583633 148.3900136202574 4.128776915371418 0.2099437490105629 15.39385041594505 83.69731373339891 2.168728962540627 12.38336771726608 6.075603611767292 2.501453422009945 1.581622511148453 24.17294212430716 18.94634804129601 20.84232526272535 31.60355023294687 19.66514327377081 14.65276988595724 97.15906139463186 97.37974663823843 63.74023173004389 51.0236399769783 0.9321004897356033 0.8277696371078491 0 0 0 0 0 0.2190429717302322 0 0 0 0 1.890027701854706 0 0 0.2610813081264496 0.1723218113183975 0.127471387386322 0 1.678406350314617 5.542433530092239 0 0.7322489842772484 0.2201840355992317 27.26191318035126 2.546380676329136 15.5579679235816 12.14131546020508 3.134616181254387 0.2232160270214081 0 0.3715452551841736 0 0 0.2288869619369507 0 0.593180350959301 0.6006941422820091 0 0.2593314945697784 0 1.421984940767288 0.6672942936420441 0 0.5186060667037964 0 0.5307893007993698 1.623528204858303 1.982674822211266 1.484967522323132 0.7950221598148346 18.3171259611845 1.25846129655838 0 0 0 0 0 0 0.1108826249837875 0 24.36493013054132 1.836575508117676 0 0.09676818549633026 0 26.47974771261215 0.1113991662859917 10.023352868855 0.6345528438687325 1.330851517617702 0.6302932798862457 0.4281779229640961 0 0 0 0 0 0 0 0 0 35.36847871541977 12.49182529002428 14.04261195659637 511.5892740935087 9.816309109330177 223.4240985810757 44.78704166412354 154.9784642159939 15.06057550758123 1.447110533714294 14.40169306099415 43.08998095244169 0 4.823201388120651 0.5565211474895477 58.46479891985655 0 0 1.344400405883789 10.59491918236017 0.9415432661771774 153.9710185080767 114.4847210347652
