582.1680574417114 1960.891509227455 670.1519339084625 1759.125804193318 73.32765320688486 264.6609824895859 525.5614924952388 46.7694288790226 42.49249098449945 621.3324450701475 165.0861294418573 99.47223277390003 155.8311157152057 44.91919358074665 0.1498676091432571 0.5336349382996559 0.4656064510345459 0 0.09839887171983719 0.1047310158610344 0 0 0 0 0 0 0 0 0 0 1361.123800382018 13.35392583161592 3.473135478794575 0 0 0.15081587433815 2.336895033717155 0.5039671659469604 0.3423929661512375 0 0.1750355660915375 0.213037796318531 0 0.5888371765613556 0.07501378655433655 0.4290233179926872 21.15802831202745 0.5211860910058022 0.1364282071590424 0 0 0.7387121766805649 0.5082568526268005 0 13.59680917859077 4.347303085029125 109.4711594954133 989.1998826786876 78.39558179676533 10.318833142519 0.9184985160827637 0 0.1532820612192154 16.9259363040328 3.222741685807705 0.7730299606919289 0.6945076957345009 0.2014961466193199 0 0.5628184676170349 24.07812666893005 11.22158089280128 1.849193014204502 233.1316939592361 37.89869523048401 8.688292250037193 2.006410881876945 2.110900938510895 0.4460518956184387 7.361823633313179 2.637394078075886 1.490602880716324 9.660335421562195 0 0 1.618114948272705 0.08302376419305801 0.213255874812603 0.4252843856811523 1.187442608177662 0.18416927754879 0 0.2616299092769623 0.08661442995071411 0.07838849723339081 210.5088671147823 46.76691374182701 3.171197414398193 3.741672784090042 1373.208669520915 0 1.515335187315941 2.742257431149483 0.6534068733453751 0 8.696601763367653 4.548096105456352 1.825361683964729 7.275401994585991 7.762616217136383 0.3534554094076157 2.981713280081749 13.92298384010792 3.346246838569641 0.7890000343322754 0.1420603841543198 0.1745812594890594 0 0 0 0 0 0.12859807908535 0 0 0 0 0 0 0 0 0.2784601747989655 0.2768157124519348 0.1335454732179642 0 0 0 0 0 1.194913968443871 2.487568452954292 1.541511319577694 0.3731499761343002 0.2458337172865868 0 0 0.1128179728984833 0 0 0 0 0 0 0 0 0 0.2318130806088448 0 0 0 0 0 0 0 0 0 1.468945562839508 0 0 0 0 0 0 0 0 0 2.516645580530167 0.160284087061882 0.3041544556617737 0 0 1.461840152740479 0 0.633164644241333 0 0 0 0 0 0 0 0 0 0 0 0 0 10.88955733925104 1.13284957408905 0.5215551480650902 315.3654606491327 9.919837564229965 97.6184035167098 12.57997039705515 782.9550759270787 21.49860009551048 1.699246436357498 0.7383565753698349 45.47615790367126 0 0.9513449668884277 0.151036411523819 41.96377864480019 0 0 0.6305958032608032 5.429747819900513 0 254.2610386237502 0.3350751399993896
1960.891509227455 2483.070258356631 3212.949629113078 1157.414502836764 3398.399582520127 55.15267381072044 2793.577151015401 279.0419330522418 4447.837563373148 623.0815836787224 1865.835088655353 87.00360898673534 965.6010615602136 843.2676115185022 1.259858444333076 1.892074406147003 0.8782622814178467 0.2022005915641785 0.136350691318512 0.608522891998291 0.2928564101457596 0 0.3276697397232056 0 0.09691783040761948 0.2611470520496368 0.1233959496021271 0 0 0 2544.527218639851 43.33152260631323 12.78200120478868 0.7096568048000336 0.4454761296510696 0.789653867483139 1.525746770203114 0.1390584260225296 0 0 0.2739799618721008 0.6693316474556923 0.4175926148891449 1.993237435817719 0.4369615688920021 0.7311143763363361 90.58303693681955 2.944292895495892 0.1009515672922134 0.2055339440703392 0.1860534772276878 0.1511383205652237 0 0.1153459623456001 27.73410102725029 10.73691446334124 109.4735479056835 483.8701247647405 151.6632023528218 37.29635650664568 1.219218797981739 1.739134579896927 0.2900950461626053 99.05109341442585 9.578176744282246 2.547331012785435 0.9616371840238571 0.5474469736218452 0.6693394109606743 1.181645549833775 5.187041819095612 1.589569568634033 0.1190090104937553 334.7766424044967 144.4627155959606 41.32782977074385 19.70385644584894 4.885977707803249 0.4766876772046089 31.57059065252542 3.168998450040817 6.445540763437748 21.76543229073286 0.3160436749458313 0.8665771707892418 4.902222782373428 1.055579870939255 0.09731389582157135 0.7401144951581955 0.1588254868984222 0.1717207208275795 0 0.2475307509303093 0.4016783982515335 0.7166712433099747 18.74791806191206 0.5215668976306915 0.247721940279007 0 597.6855728700757 0 0 0 0 0.2008974254131317 22.94070480763912 0.790556788444519 0.2730583250522614 11.01109448075294 0.1870389580726624 0.1348386406898499 0.8620552867650986 5.142175227403641 0.7333990037441254 0.2044129967689514 0.09622961282730103 0 0 0 0 0 0 0 0.1091963946819305 0 0 0 0 0 0 0 0.1424423456192017 0 0 0 0 0 0 0 0.1182549074292183 0.8011992424726486 0.4943383038043976 0.5651860386133194 0.56097561866045 0 0 0 0 0.1235544234514236 0 0 0 0 0 0 0.1950334459543228 0 0 0 0 0.1024582982063293 0 0 0 0 0.2800314724445343 0 0 0 0 0 0 0 0 0 0 0 0 0 0 0 0 0 0.2946835905313492 0 0 0 0 0 0 0 0 0 0 0 0 0 2.443791121244431 0.3602427542209625 0.6724328622221947 67.95410635322332 15.60324907302856 470.0473201721907 23.65438408404589 281.0518142208457 96.78620630502701 3.389238983392715 6.147331930696964 5.340970635414124 0 0 0.1341462433338165 1.895454421639442 0 0 0 3.341728754341602 1.438704967498779 97.32043571770191 0.3106811940670013
670.1519339084625 3212.949629113078 730.8773581460118 292.020177513361 409.9014220461249 2.29974576830864 132.4231034889817 2033.741635337472 2285.207560859621 130.1470398530364 1833.322880528867 7.619764849543571 189.40364561975 588.5627095922828 1.738112412393093 5.347134545445442 1.695027276873589 0 0.8445790857076645 2.909076511859894 5.741482131183147 0 0.1269111484289169 0.1682651489973068 0.8553914576768875 0.3204057663679123 0.1710460186004639 0.2391092553734779 0.1612397134304047 0 3683.992974810302 522.9198995232582 79.39453907310963 3.619073621928692 1.817560851573944 3.875443041324615 1.477302819490433 2.051390253007412 0 0 2.14297104626894 1.469017527997494 4.539995178580284 3.228835634887218 1.499270156025887 7.698816604912281 49.65500055626035 1.470091253519058 0.244349479675293 0.8818315044045448 1.309061348438263 0.7624268233776093 0 0.1113832518458366 11.15890048444271 4.681861743330956 31.6139682084322 201.3328501209617 59.78667298704386 24.08210677653551 2.580610372126102 11.3108321428299 5.339299693703651 256.4002470821142 4.449568390846252 1.830131724476814 1.011960677802563 2.367323592305183 13.54100569337606 9.574570268392563 3.747270464897156 0.9714865386486053 0 158.2718494683504 137.7689185068011 34.39210847020149 33.31100358068943 4.671856753528118 12.37784219533205 380.4322924241424 6.365323275327682 119.934476301074 10.82509426772594 0.08328412473201752 0.5392582267522812 2.626515775918961 1.417777121067047 0 0.6400757879018784 0.4345361590385437 0.7432480975985527 0.1447496712207794 6.19504152983427 2.210545845329762 2.017267625778913 5.336229428648949 0.4694563448429108 0 0.09327580034732819 78.027164041996 0 0 0 0 0 0 0 0 1.214490860700607 0 0 0 0.369695246219635 0 0.3712109625339508 0 0 0 0 0 0 0 0 0 0 0 0 0.6389976814389229 0 0 0 0.1421675682067871 0 0 0 0 0 0.2450025677680969 0 0.2436342164874077 0 0.50344118475914 0.338388666510582 0.7006081566214561 0 0 0 0 0 0.1166169047355652 0 0.2277015000581741 0 0 0 0 0.12612584233284 0.278450720012188 0 0 0 0 0 0 0 0 0.8315558433532715 0 0 0 0 0 0.1371415108442307 0.2256094664335251 0 0.3385805785655975 0.2960621267557144 0 0 0 0.3559942841529846 0 0 0 0 0 0 0 0 0 0 0 0.1697723567485809 0 0 0 0 0.1510413587093353 0.3515780568122864 0.4007139056921005 29.02348172664642 8.355136141180992 211.2315447628498 12.25570799410343 88.54804223775864 31.4881769195199 0.4192001298069954 5.858055014163256 0.8238345980644226 0 0 0 0 0 0 0 1.905277356505394 0 32.23850827664137 0.3933869898319244
1759.125804193318 1157.414502836764 292.020177513361 563.6525186747313 31.71820407360792 322.916317358613 381.4859233796597 3.155556216835976 28.27413775026798 1147.214139640331 80.55266534537077 1345.491768077016 1639.243927195668 41.42438808083534 0.1155700832605362 0 0 0 0 0 0 0 0 0 0.121999554336071 0 0 0 0 0 236.2145565152168 0.8870454430580139 0.850105032324791 0 0 0 0.6691205650568008 0 0.1292532533407211 0 0 0 0.104314848780632 0.0767228752374649 0 0.117876335978508 7.54259130358696 0.07513552904129028 0 0 0 0.1787019371986389 0 0 2.699622057378292 1.060818620026112 21.23140793293715 128.9775811359286 12.22946719825268 2.837484292685986 0.360842652618885 0.3402226567268372 0.129449725151062 4.378509394824505 1.15175623446703 0.3246562927961349 0.1053264066576958 0.1059621423482895 0 0 7.69035530090332 5.088454529643059 1.492775164544582 44.30301835387945 10.14719226956367 3.21678964048624 1.295088790357113 0.9960765689611435 0.1224236488342285 0.5365230292081833 0.1710988208651543 0 2.238964095711708 0.2318697422742844 0.08774879574775696 0.4586212188005447 0 0.2505442574620247 0 0.3951930850744247 0 0 0 0.1040333136916161 0 162.4260841310024 6.553349807858467 1.898026168346405 0.8957741856575012 363.4225771650672 0 1.241216897964478 0 0.1468832939863205 0 8.068578749895096 4.716745123267174 0.7940101027488708 6.894318342208862 3.709493100643158 0.8385662436485291 1.661330655217171 6.849392518401146 3.189434349536896 3.256499618291855 0.1355844885110855 0 0 0 0 0 0 0 0 0 0 0 0 0 0 0 0 0.1074087619781494 0.1372337639331818 0.2258609533309937 0 0 0.3396351337432861 0 0.3856198266148567 0.6069779992103577 2.526587344706059 0.24629295617342 0.280262291431427 0 0 0 0 0 0 0 0 0 0 0 0 0.103720061480999 0.1413974761962891 0 0 0 0 0 0.2025218456983566 0 0 0.156541109085083 0 0 0 0 0 0 0 0 0 0.7658531963825226 0.1856653243303299 0.351189523935318 0 0 0.5088316053152084 0 0 0 0 0 0 0 0 0 0 0 0 0 0 0 5.604802191257477 0.4689209014177322 0.5411812961101532 102.1741611659527 2.919027648866177 45.6897554770112 2.984215602278709 547.7864907607436 9.600891552865505 0.1942737028002739 0.5992379188537598 23.48938491940498 0 0 0.6838580220937729 20.6270517706871 0.1541867107152939 0 0 10.58539073169231 0 107.4681808128953 1.589799985289574
73.32765320688486 3398.399582520127 409.9014220461249 31.71820407360792 2193.747785754502 0.5236928910017014 1012.052883811295 24.80387606471777 4166.621174156666 59.45360232889652 285.3358558565378 13.43656757473946 466.0907479524612 404.4992913752794 0.6666101589798927 3.38379167765379 0.2810083031654358 0 0 0.1108408421278 0 0 0 0 0 0 0 0 0 0 213.9045671448112 28.11006461828947 0.5356931984424591 0 0 0.1508012115955353 0.301891952753067 0 0 0.09422957897186279 0 0.1495499759912491 0 0.5658326148986816 0.2015054151415825 0.09028531610965729 57.50858868658543 1.100052431225777 0.0916190892457962 0.08537892252206802 0.08495967835187912 0 0 0 10.08303824067116 3.067149788141251 29.42848032712936 72.62853281199932 51.48620197176933 19.0317090600729 0.3507480248808861 0 0.1817499846220016 49.395965911448 2.205187864601612 0.9740533754229546 0.1176840364933014 0 0.09500456601381302 0 0.753581166267395 0 0 88.11221377551556 64.90890650451183 36.37544451653957 20.78472429513931 2.23302248865366 0.4422797858715057 2.57395601272583 0.4804874211549759 1.438224501907825 9.853668235242367 0 0 1.892515540122986 0.2593133673071861 0 0.1857479736208916 0 0.1102019399404526 0 0 0 0.08298693597316742 13.03440886735916 0 0 0 18.95470908284187 0 0.580366849899292 0 0 0 11.13859152793884 0 0 0 0.933667004108429 0.1099274531006813 0 0.6188816279172897 0.8331723809242249 0 0 0 0 0 0 0 0 0 0 0 0 0 0 0 0 0 0 0 0 0 0 0 0 0 0 0 0.1377497613430023 0 0 0 0 0 0 0 0 0 0 0 0 0 0 0 0 0 0 0.1190822571516037 0 0.1492845565080643 0 0 0 0.5631517767906189 0 0 0 0 0 0 0 0 0 0 0 0 0 0 0.1511972397565842 0 0 0 0 0 0 0 0 0 0 0 0 0 0 0 1.176314070820808 0 0 46.28096459060907 4.577804744243622 270.2605222538114 15.60092615708709 154.1831375807524 55.3194914534688 0.5858850032091141 7.473645105957985 0.6293284147977829 0 0 0 0.6099174022674561 0 0 0 0.7391024827957153 0 29.6158175393939 0
264.6609824895859 55.15267381072044 2.29974576830864 322.916317358613 0.5236928910017014 6.288257762789726 35.03111091256142 0.5765986442565918 2.180795013904572 628.8267897963524 5.886914849281311 114.2063520699739 140.6727480143309 23.78703963756561 1.082930572330952 1.513166666030884 1.542589247226715 0 0.1820654422044754 0 0.166096955537796 2.06245468556881 0 0.1420692354440689 0 0 0.6030460596084595 0 0.1442916244268417 0 124.7360401004553 0.4306635558605194 10.37028069794178 0.5809136182069778 0.8150066882371902 0.1801609545946121 38.58378748595715 3.516600087285042 4.805172353982925 0.8277782201766968 0 0 0.2504813745617867 0.1490056216716766 0.4647017121315002 1.352506577968597 1.544822543859482 0 0 0 0 14.69080130755901 6.019468069076538 0.1000728830695152 0.3276760429143906 0.7013201415538788 59.4206407815218 71.27954222261906 2.497900240123272 0.3874451518058777 1.403011634945869 5.862142533063889 0.5675453543663025 0.4187869131565094 0 0 0 0 0 0.3549811094999313 301.1347432509065 694.0691182017326 83.37606547027826 9.700415015220642 2.971985563635826 0.2226855233311653 0.3317021653056145 0.1717546284198761 0.1225421577692032 3.086065992712975 0.2326655089855194 4.270249739289284 0 4.164957515895367 0 0.2606177255511284 0 15.42224545031786 0 57.65255984663963 0 0 0 0 0.1699669808149338 842.2425237149 462.9210657030344 115.7709391564131 63.02051162719727 597.5755367130041 0 1.066908001899719 0.816834956407547 0 0.7637225985527039 2.302716046571732 4.943818986415863 0 2.682228803634644 2.658010959625244 0.2509057819843292 0.4792221039533615 6.950614854693413 2.06258425116539 2.225261822342873 0.4768299907445908 0.2111228927969933 0 0.1288433521986008 0 0 0 0.9292585924267769 0 0 2.582436382770538 0.1428747177124023 1.494983568787575 0.8247349709272385 2.17890028655529 1.396890930831432 3.62330387532711 11.60641499608755 4.289441093802452 0 0 0.1531083583831787 0.170427218079567 0.4254970997571945 1.535779476165771 1.681644722819328 2.09536599367857 3.797931209206581 3.138347551226616 0.1728622764348984 0.1865361779928207 0 0 0 0.3460028469562531 0 0 0.2431655451655388 0 0 0.8945036083459854 10.75498227775097 0.9538478031754494 0 0 0 0.1601068079471588 0.711290717124939 0 0.1113940253853798 0.1740624755620956 0.1536220610141754 0 0 0 0 0.09494047611951828 0 0 0 0 0.6114623099565506 14.15508040040731 4.896385371685028 0.3935105502605438 0.7280285805463791 0.1705546230077744 0.1271210759878159 0 0.4242486655712128 0 0 0 0.1194896772503853 0 0 0.3944644033908844 3.604738906025887 0 0 0 0 6.029448933899403 4.164665378630161 3.259800717234612 98.45605870336294 0.3141089230775833 6.119046032428741 1.654757276177406 123.1582360118628 3.608462810516357 0 2.759281888604164 21.85329508781433 0 0.9971208199858665 0.6806286051869392 17.27464884519577 0.4296759068965912 0 0 2.061287343502045 0 59.80417690426111 12.00819224119186
525.5614924952388 2793.577151015401 132.4231034889817 381.4859233796597 1012.052883811295 35.03111091256142 1134.257085807621 35.08539851009846 3949.125282771885 881.615648791194 400.1318593993783 302.2704574614763 3628.726906716824 2435.121582455933 2.927487753331661 5.322172850370407 0.4662019014358521 0 0 0 0.20107601583004 0 0.4129093289375305 0 0.1512428671121597 0 0 0.2828409522771835 0 0.07000194489955902 323.0833423659205 19.04535932838917 9.911522038280964 1.048717670142651 0 0.2937234044075012 6.937806025147438 0.9032943546772003 0.5777528285980225 0 0.7452252507209778 0.1905769854784012 0.2318184673786163 1.002848491072655 0.1070747897028923 0.6783663928508759 67.18830546736717 0.796210341155529 0.2924491092562675 0.1319959312677383 0.7999731302261353 0 0 0 17.20423126220703 4.585431732237339 50.27147196978331 164.4104317948222 67.65544708818197 22.80440149456263 1.2652577906847 1.292324617505074 1.183117240667343 50.54325747489929 4.294429637491703 1.415885478258133 0.4985807687044144 0.07792510837316513 0.4377211183309555 1.201435789465904 36.17565064877272 2.91708305478096 0 145.560759998858 84.71501305699348 40.96472629159689 26.54838410764933 3.194037109613419 0.1751082465052605 10.47789620608091 1.383275389671326 5.005668364465237 12.54270792007446 0.3774067088961601 0.6382066830992699 2.278664700686932 0.1067105531692505 0.08612906187772751 0.1928281038999557 0.1168134585022926 0 0 0.7022562995553017 0 0 203.3904479593039 0.3582695573568344 0.2574566006660461 0.6501110345125198 77.47154985368252 0 0.5935188382863998 5.697001725435257 3.880595713853836 0.2695742398500443 27.54760387539864 3.299975022673607 3.845459029078484 29.39625917375088 7.379743933677673 1.835023671388626 17.92503567039967 22.29276183992624 4.6847765147686 4.934422008693218 0.5497746020555496 0 0 0.3965185061097145 0 0 0 0 0 0 0 1.140357613563538 0.6621957570314407 0 0 0 0.1661158949136734 0 0 0.3939666450023651 0.4399538636207581 0 0 0 3.129861377179623 9.287134081125259 9.806867331266403 2.173355154693127 1.29402082413435 0.2663922905921936 0 0 0 0 0.1289245039224625 0.1150641292333603 1.516242124140263 1.011745318770409 0 0 0 0.1182782649993896 0 0.1044664829969406 0.2385384738445282 0 0.3722797036170959 0.1543610394001007 0.1305229067802429 0.3344749063253403 1.938563868403435 2.800651833415031 0.1310981214046478 0 0 0 0 0 0 0 0 7.616166546940804 0.573911726474762 0 0 0 1.395491063594818 0.4276887625455856 0 0.5247066244482994 0.3238924443721771 0.3283076584339142 0 0 0 0 0 0 0 0 0 0 13.32170144468546 5.740394793450832 2.66363450884819 103.5023700818419 12.50875544548035 378.2872725948691 30.10341433435678 290.1802176162601 90.0750282779336 1.30422880500555 11.28353848308325 15.22560787945986 0.1532172858715057 0.7411984279751778 0.2375314384698868 16.82426451146603 0 0.1557798236608505 0 3.624106198549271 0.3493220210075378 78.29237653315067 6.028227627277374
46.7694288790226 279.0419330522418 2033.741635337472 3.155556216835976 24.80387606471777 0.5765986442565918 35.08539851009846 459.7093691676855 198.3690656349063 3.868675887584686 1827.301678530872 3.294930800795555 117.264167137444 893.4374003782868 5.276240259408951 6.318535074591637 10.03510788083076 3.481328248977661 5.942364349961281 17.57047709822655 47.36408174037933 0.254742719233036 1.23904350399971 0.9417837634682655 2.546176761388779 0.6399190723896027 0.5256785452365875 1.734259925782681 0.4801482260227203 0.830647885799408 1466.041245624423 1693.321431495249 170.8460092619061 9.076944723725319 3.904768645763397 21.39334061741829 12.79734430462122 4.281863018870354 0.5639358758926392 1.210163414478302 15.17308161407709 18.10539600998163 40.86939165741205 14.73753426223993 17.29253206402063 54.60020445287228 62.95689468085766 4.394288435578346 4.370079733431339 8.659708298742771 8.871858157217503 2.305045895278454 0 3.069613888859749 6.935520581901073 1.626250505447388 17.35194826871157 113.7026331797242 34.13633996993303 21.66031881421804 29.06615317612886 58.88930416852236 16.0527545362711 362.1331144571304 3.064579084515572 3.240597642958164 2.915995992720127 12.22941761463881 84.27853356301785 65.78226977586746 6.728887930512428 0.416226401925087 0 91.00199380517006 126.650603108108 45.41201642155647 66.54006237536669 54.11443381756544 323.9901535138488 1839.420129299164 98.32518794387579 1090.755281358957 8.027023985981941 0.0852525606751442 0.6724571287631989 2.804985128343105 14.04713845252991 0 2.142004616558552 0.9616889730095863 4.58252178132534 1.702905476093292 37.28454414010048 12.1753991022706 11.63099300861359 4.435921743512154 1.208227373659611 0 0 9.244649156928062 0 0 0 0 0 0 0 0 0 0 0 0 0 0 0.1727077960968018 0.211380735039711 0 0 0 0 0 0 0 0 0 0.1171947568655014 0 0.287699855864048 0 0 0 0.123022772371769 0 0.1277711540460587 0 0 0 0.3308372795581818 0.6062717884778976 0 0.4909948408603668 0.6819281354546547 1.415283501148224 0.4211536794900894 0 0.1176200807094574 0 0 0 0.3920454382896423 0 0 0 0 0 0.6539308056235313 0.3693652078509331 1.458678677678108 0 0 0 0 0 0 0 0.3575584590435028 0.5127950310707092 0 0 0 0 0 0 0 0 0.1902638524770737 0 0.242569237947464 0 0.1191317737102509 0.1274109184741974 0 0 0 0.7684430480003357 0 0 0 0.3591541051864624 0.1007099077105522 0 0.3356989249587059 0 0.420451745390892 0.1604265868663788 0 0 0.1259056329727173 0.9834889099001884 0.4423332959413528 62.85828045010567 19.47598508745432 214.1719792410731 32.61522547155619 87.13639130443335 33.21979591995478 0.5088546872138977 7.294031120836735 1.153390064835548 0.1842779070138931 0.5012451931834221 0.1020507737994194 0 0 0 0.2943981885910034 1.829516656696796 0.2028740793466568 20.78053220361471 1.253654822707176
42.49249098449945 4447.837563373148 2285.207560859621 28.27413775026798 4166.621174156666 2.180795013904572 3949.125282771885 198.3690656349063 1570.453609243035 79.68729610741138 2047.830624476075 24.47165770083666 1089.89309271425 1919.841043457389 3.223982155323029 4.790406100451946 0.1865193620324135 0 0 0 0.2128603160381317 0.1828818619251251 0 0 0 0 0 0 0 0 165.2626274302602 33.8791877925396 10.42267167568207 0.397537499666214 0.562729999423027 0.7167549133300781 2.116503208875656 0 0 0.3571721315383911 0.1384295970201492 0.07008703798055649 0 0.9292393624782562 0 0.1300010085105896 52.16725870966911 0.919526182115078 0 0 0.06638592481613159 0 0 0 6.513682380318642 1.890890061855316 23.98960019648075 54.90460462868214 43.73878362029791 18.1226551681757 0.2813454419374466 0.4967457801103592 0.2489838898181915 51.24551349133253 2.850554898381233 0.9074395820498466 0.3543084487318993 0 0.2150123119354248 1.20087431371212 16.10403177142143 0 0 73.39128742367029 58.82274218648672 35.38704518973827 31.49400285631418 2.817999556660652 0.2475802078843117 12.54836706072092 0.4941781461238861 5.008194774389267 7.203134134411812 0 0.3433138951659203 1.896706186234951 0.1045919358730316 0 0.2898890972137451 0 0.1093190908432007 0 0.3159036040306091 0.6408400610089302 0.4458094388246536 61.18232460319996 0 0 0.306256890296936 10.98408459872007 0 0.4684822112321854 0 0 0.2306398078799248 0.490718811750412 0.9847965911030769 0 3.109930962324142 0.4697130024433136 0.2826654464006424 1.792240150272846 4.567216381430626 1.714472129940987 2.815656468272209 0.5213478356599808 0 0 0 0 0 0.1390035599470139 0 0 0 0 0 0 0 0.1703032404184341 0 0 0 0 0 0 0 0.1527566313743591 0 1.780227214097977 2.539902344346046 5.829864606261253 1.711227536201477 0.6888771802186966 0 0 0 0 0.1057737618684769 0 0 0 0.1262502819299698 0 0 0.1197428554296494 0.1135885715484619 0.1309086233377457 0 0 0 0 0 0 0 0.9417718946933746 1.770033843815327 0 0 0 0 0 0 0 0 0.1633170545101166 3.223478533327579 0.8771159052848816 0 0 0 0.1540211886167526 0 0.6344556212425232 0.5438317731022835 0 0 0 0 0 0 0 0 0 0 0 0 4.483719982206821 1.700686439871788 2.792827188968658 65.57017390429974 5.699521511793137 228.7667880430818 19.11468797922134 162.0034166425467 64.09770913422108 0.1525505185127258 7.099490374326706 5.426703669130802 0 0.1144233494997025 0.1132188737392426 3.022769577801228 0 0 0 0.7214877903461456 0.2260989844799042 24.40166565030813 2.437271639704704
621.3324450701475 623.0815836787224 130.1470398530364 1147.214139640331 59.45360232889652 628.8267897963524 881.615648791194 3.868675887584686 79.68729610741138 904.7538339346647 53.79734712839127 3671.537843689322 6419.843412309885 210.776999220252 1.084033042192459 1.006123274564743 0 0.1510836035013199 0 0 0.1599029004573822 0.5539695769548416 0 0 0 0.2728806734085083 0 0 0 0 46.84808745235205 0.7965954169631004 8.593244075775146 0 0 0.1903802454471588 10.41226859390736 0.341905489563942 0.8751878440380096 0.2232708185911179 0.4623469710350037 0.253039076924324 0 0.2931515872478485 0 0.386539600789547 4.32847499102354 0 0 0 0.1105946525931358 2.828085601329803 0.4783711284399033 0.6208418905735016 0.8585553839802742 0.1846500486135483 9.615222468972206 21.21124024689198 5.899078659713268 1.993764735758305 0.1891967207193375 0.3694207072257996 0.4317346066236496 2.134915165603161 0.09314906597137451 0.2200293689966202 0 0 0 0.1862000972032547 121.3808006942272 49.57978372275829 8.006321027874947 13.7617424428463 4.056476727128029 2.143901258707047 2.196983940899372 0.5164769664406776 0 0.7427683472633362 0.3484148234128952 2.8653933852911 0.843998059630394 0.337945856153965 0 0.2799955233931541 0 1.110102973878384 0 7.386731199920177 0 0 0 0 0 575.1417592167854 127.6509032547474 17.2982624322176 11.69535647332668 311.166862539947 0.6210824474692345 9.905449733138084 37.25767885148525 7.583371505141258 2.28566151112318 15.20182670652866 41.05680883675814 5.806867435574532 27.13715876638889 31.31876243650913 4.77751000225544 16.59844718873501 61.65209279209375 26.9744239449501 10.70152042806149 1.754018887877464 0 0 0.1676196604967117 0 0 0 0.1293306201696396 0 0 0.1410025656223297 0 0.2580501139163971 0 0 0.1174743846058846 0.8120582401752472 1.303499661386013 0.7495642974972725 0.76242346316576 0.1919339150190353 0 3.528861314058304 0.2793365120887756 7.016363501548767 9.534076675772667 14.043985709548 3.046431168913841 2.124070219695568 0 0 0 0 0.385152205824852 0.1753237992525101 0.09208181500434875 0.6094828099012375 0.8071519285440445 0 0 0.5416993498802185 0.8311938270926476 0.1907469034194946 0 0 0 0.4500876739621162 0 1.866215065121651 2.435974597930908 0.3764512985944748 4.260140880942345 0 0 0 0 0.1043706685304642 0 0 0 0 12.77584987878799 1.007398933172226 0 0 0 4.128535881638527 0 1.342646442353725 0.493631474673748 0.2501199245452881 0.655434638261795 0 0.370414599776268 0 0 0 0 0 0 0 0 58.8760821223259 6.676145799458027 3.457213006913662 250.5716578811407 2.229899503290653 29.76133889704943 7.83110348880291 560.474233828485 5.819263190031052 0 0.9558335840702057 96.65736600756645 0 0.9554982483386993 0.2303024381399155 130.0280803591013 0 0 0.2441540658473969 10.18528726696968 0 373.721938803792 9.551474660634995
165.0861294418573 1865.835088655353 1833.322880528867 80.55266534537077 285.3358558565378 5.886914849281311 400.1318593993783 1827.301678530872 2047.830624476075 53.79734712839127 1308.229615241289 160.3853896707296 2011.962564259768 4063.127857089043 13.50146442651749 25.50748151540756 2.744588620960712 1.51879657804966 1.256168469786644 5.456406764686108 18.38610568642616 0.1340257972478867 6.649778425693512 0.6248739361763 4.908311173319817 1.115631721913815 0.4978222250938416 1.074954152107239 0.3669566214084625 0.6632171273231506 1397.368870407343 267.637329004705 471.2064971923828 13.63601119816303 15.21020248532295 37.85116785019636 145.6712656095624 25.70850817859173 1.77684111893177 3.458215728402138 9.338479273021221 7.069771744310856 3.422247387468815 5.809961147606373 3.497077658772469 12.67585262656212 90.47040400654078 1.383891202509403 1.243476562201977 1.008161179721355 1.983443096280098 1.379361420869827 0.2799704819917679 0.9706244319677353 8.386243186891079 3.331626944243908 27.05393451452255 95.79127345234156 54.50796428322792 29.53523743152618 9.384003847837448 21.57934188097715 29.16213950514793 137.291212208569 4.731534503400326 2.49216802418232 0.5070792138576508 3.292462661862373 18.6494460478425 22.19711048156023 77.89994551241398 2.854211613535881 0.140154242515564 118.4941160827875 111.0036446601152 74.92327226698399 78.50520092248917 15.92404241114855 16.34999914467335 763.3058834001422 3.181817464530468 363.5381164327264 12.1243024840951 0.09085781872272491 0.1998257786035538 3.148867841809988 3.557838946580887 0.1247409507632256 1.042159467935562 1.247423596680164 0.7755395472049713 0 15.10252156853676 6.591130323708057 2.588766261935234 45.42389860749245 7.369900085031986 0 2.740457519888878 30.16676227003336 0.1048708111047745 0.363096684217453 0.3871988281607628 0.1302009522914886 0 0.5298590660095215 0.955851174890995 0.1211143285036087 0.6425456404685974 1.080976970493793 0.1076258271932602 0.6218250617384911 7.08513555675745 1.596600040793419 3.239182710647583 0.5161465108394623 0 0.1294589042663574 0 0 0 0 0 0 0 0.4100384116172791 0.5408148393034935 0.8240920752286911 0 0 0.4586709588766098 0.5540622249245644 0.3842470645904541 0.2347603067755699 0 0 0.1218706741929054 0.7373913899064064 0.1472928524017334 2.737319648265839 3.126205824315548 6.61539389193058 3.9502042979002 2.608849547803402 0 0 0 0 0 1.442528143525124 0 0.337296336889267 0.1419865787029266 0 0 0.8797668665647507 2.276757135987282 0.9465508237481117 0 0 0 0 0 0 1.253389693796635 2.332686461508274 1.527945995330811 0 0 0 0 0 0 0 0 0 2.895162217319012 0.6117753684520721 0.1443798840045929 0.3964504301548004 0.2239793986082077 0.976573184132576 0.1932200789451599 0 0.1187355294823647 0.3909579813480377 0.1467134654521942 0 0.7035890221595764 0 0 0 0 0 0 0 0.8422459363937378 4.056442461907864 5.707229726016521 3.60983095318079 115.985409475863 19.16916894167662 344.0640403479338 63.68078904598951 203.5903089493513 71.7008705586195 1.146118558943272 13.80046831071377 5.40221956372261 0.178470566868782 0.7349969819188118 0.550160139799118 3.079747475683689 0 0 0.8838896229863167 4.142641589045525 1.309679448604584 35.98698096722364 5.1725964397192
99.47223277390003 87.00360898673534 7.619764849543571 1345.491768077016 13.43656757473946 114.2063520699739 302.2704574614763 3.294930800795555 24.47165770083666 3671.537843689322 160.3853896707296 103.378637611866 2365.935730665922 219.5472331345081 14.23891981691122 21.89345299452543 1.612683534622192 0.3604722023010254 0.2587452530860901 1.140957906842232 2.067653223872185 1.442826792597771 1.151262491941452 0.8736836314201355 2.400600910186768 1.894670888781548 0.5743908584117889 4.337523743510246 0.9262659400701523 0.9706908762454987 9.900601543486118 4.595744796097279 103.9472360908985 4.107086479663849 3.970290161669254 10.22117902338505 246.171908646822 31.63969105482101 51.97342963516712 7.75194987654686 4.811853602528572 2.715280026197433 0.1416583955287933 5.269731067121029 1.739598713815212 1.687441110610962 31.24807073175907 0.2118789628148079 0 0.3736322224140167 0.2285681813955307 1.3365768045187 0.7966354340314865 1.012983590364456 1.556094162166119 0.5875950828194618 6.417428150773048 10.92861070483923 9.755747228860855 7.199791744351387 11.38590011000633 55.2799344882369 10.00560492277145 12.04199952632189 0.6543505862355232 0.3996620327234268 0.1052380502223969 0.491976834833622 0.6895026862621307 0.7711555659770966 411.9517912492156 16.62810353934765 0 20.83909256756306 13.53454221785069 21.05558731406927 20.97412077337503 6.811980918049812 0.1266406327486038 25.9233216792345 2.386572942137718 38.28736303001642 1.379305526614189 0.1028433963656425 0.2483256086707115 0.1673578768968582 0.1987698152661324 0 0.09892948716878891 0.1949805915355682 0 0 1.999771416187286 2.721618011593819 0.2998986393213272 962.8332489430904 88.08659845590591 0.4066808819770813 119.0799180716276 18.95684541761875 0.72249586135149 7.389172434806824 5.756551913917065 1.544192582368851 2.540614411234856 5.040803827345371 27.60648030787706 5.217768520116806 37.47351141273975 30.24394761770964 7.937564082443714 20.97819794714451 82.56636829674244 40.50244882702827 25.13894087821245 1.507252767682076 0.157292515039444 0 0.6010377705097198 0 0 0 0.6035338044166565 0 0 0.4025518894195557 0 0.7326571121811867 0 0.4162801653146744 0.1388427019119263 0.206837922334671 0.2772606760263443 0.4004622772336006 2.00504732131958 1.125683084130287 0.8945440798997879 3.182264938950539 0.4849946945905685 19.35499551147223 35.06357890367508 59.7525382116437 13.35235786437988 11.62592786550522 0 0 0 0.1400039792060852 0 2.87826731801033 0.2954908013343811 1.198171555995941 1.43279942125082 0 0 0.1234667599201202 3.929251551628113 0.1070859581232071 0 0 0 2.608096577227116 0.5314818248152733 0.9895319491624832 1.914922267198563 7.769163183867931 20.39293576031923 0.1287330985069275 0 0 0 0.1329993605613708 0.3139302283525467 0 0 0.305238276720047 29.84888795018196 3.484029561281204 0 0.08744782209396362 0 6.781099237501621 0.7759025320410728 2.782145753502846 3.249578177928925 1.966536320745945 1.781976670026779 0 0.9378527030348778 0 0 0 0 0 0 0 0 81.87141378223896 23.81666393578053 17.96992560476065 223.0242129638791 6.042024254798889 146.5128999724984 59.28146196901798 257.5582797452807 40.3394927456975 0 22.20287745445967 76.50654030591249 0 6.446612723171711 1.910779878497124 83.40579804778099 0.9383562579751015 0 0.3822864145040512 23.03002072125673 0 223.3934163674712 31.42359421402216
155.8311157152057 965.6010615602136 189.40364561975 1639.243927195668 466.0907479524612 140.6727480143309 3628.726906716824 117.264167137444 1089.89309271425 6419.843412309885 2011.962564259768 2365.935730665922 4748.392042301595 6377.664252027869 43.91666013747454 67.64828091859818 4.899705350399017 0.7696775794029236 1.931091733276844 1.9530880600214 13.44858524948359 2.045192763209343 5.504351750016212 2.308112502098083 10.75928238034248 3.360559701919556 3.634876504540443 7.440604098141193 2.494440615177155 1.967877835035324 95.39441418647766 34.82709170877934 988.1103905886412 16.50609022378922 14.83467724174261 33.37773935496807 586.1701754033566 149.7333633825183 92.57741745561361 15.0412278547883 8.952122732996941 5.184152625501156 3.651104480028152 16.67656376212835 3.686135277152061 10.89106237888336 136.5918999090791 2.002809256315231 1.059219382703304 0.8793829828500748 0.6616174206137657 1.762585647404194 1.595518544316292 2.92175766825676 9.9055485278368 2.60862024128437 22.80082973092794 53.66453754156828 44.05409475415945 34.06750861555338 30.59075404703617 204.8866966888309 37.618258677423 72.28983452916145 3.540803536772728 2.100649006664753 0.5893153548240662 1.333242684602737 4.209722965955734 9.116765558719635 988.4239017516375 28.4492876753211 0.8647520542144775 95.32100433111191 84.56148839741945 98.33821744471788 96.7525799125433 29.7908133789897 0.5733921825885773 195.6091599091887 6.604591719806194 108.5064827352762 9.05701307952404 0 0.3556841537356377 1.082062862813473 0.9408785253763199 0.124811552464962 0.8924438506364822 1.138175308704376 0.4418626949191093 0.2823761850595474 9.941029116511345 2.553471706807613 3.18045337498188 3264.343212284148 107.309397444129 1.024914532899857 128.0203702300787 29.98606561124325 2.325553685426712 9.293806649744511 7.162424713373184 1.608708307147026 4.521875508129597 31.00173962116241 35.10572774708271 8.8414616137743 62.78086671233177 38.79359959810972 13.57990974187851 28.79088167846203 138.4256738871336 47.52647176384926 63.96267370134592 3.844993874430656 2.322595782577991 0.5277235507965088 3.643022909760475 0.1279731392860413 0 0.7569745108485222 0.3062160313129425 0.4349002540111542 0.3149836659431458 0.402382031083107 0 4.252598367631435 0 0.3441611379384995 0.7038174271583557 1.83473177999258 0.7006333470344543 0.4239294230937958 3.354033388197422 2.654137045145035 0.322259783744812 8.370899096131325 2.899100378155708 49.08378200232983 68.24508648365736 125.5059133395553 25.50356321781874 17.69481759518385 0.7114617973566055 0 0.2355529591441154 0 0.9400260224938393 4.578374825417995 0.107975959777832 4.70439387857914 5.495090998709202 0 0 1.627794221043587 8.289910800755024 0.2858106344938278 0 0.1191541850566864 0 3.360981687903404 0.9022727683186531 1.675028793513775 8.806252606213093 13.74186518788338 31.48510031402111 1.160397090017796 0 0 0 0.1354949176311493 0.09457205235958099 0 0 0.4434176608920097 62.9575559720397 6.692934520542622 0 0.2500010654330254 0 16.86030378937721 1.731626458466053 4.460887141525745 8.350760117173195 3.013320438563824 6.362528614699841 0.520257480442524 0.7195631414651871 0 0 0 0 0 0 0.2407383471727371 0.2427640184760094 143.3778577670455 52.75513821840286 44.71921940892935 495.7629441693425 13.38077479600906 543.9012341499329 194.4861616566777 657.7480050846934 151.1499627307057 1.045741148293018 46.88205249607563 115.4888503104448 1.213143609464169 13.37226533889771 5.453745178878307 120.9562462642789 2.346079707145691 0.4753857851028442 2.081677138805389 26.80055227130651 1.002524375915527 339.2433825209737 62.4116568416357
44.91919358074665 843.2676115185022 588.5627095922828 41.42438808083534 404.4992913752794 23.78703963756561 2435.121582455933 893.4374003782868 1919.841043457389 210.776999220252 4063.127857089043 219.5472331345081 6377.664252027869 1807.693087697029 24.59594950079918 44.46222212165594 3.390798658132553 0.2598953992128372 1.539307042956352 3.816293954849243 17.31155250221491 0.2967755347490311 5.113336399197578 2.176982223987579 15.47302021086216 3.928462043404579 2.389503829181194 5.414707064628601 2.12667553126812 0.5015605092048645 266.7547630444169 108.0873987600207 1831.292263142765 19.21482216566801 17.68386191874743 48.08664374053478 750.2142436951399 200.9788246676326 40.03624919056892 12.63793802261353 11.75062960386276 6.83367308229208 4.396701037883759 10.60669830441475 5.410343497991562 12.48397010564804 130.0399333462119 2.076074987649918 0.9667329788208008 1.069283001124859 1.877889275550842 1.176708817481995 0.1778179854154587 2.057291850447655 9.422530241310596 3.695756487548351 25.55123484134674 55.74496024847031 47.35574492812157 35.28817818313837 10.84374511241913 186.250701636076 37.37461890280247 91.09336176514626 3.298205450177193 1.182614333927631 0.6878316327929497 1.952472023665905 14.57585256546736 18.70651887357235 511.0013928189874 11.82757736742496 0.3980954810976982 107.7382065355778 93.76444925367832 98.67189205437899 103.8127288520336 26.05145078152418 28.28851785510778 579.785224430263 4.263386875391006 579.1052562966943 10.56302031874657 0 0.0951734259724617 4.147293940186501 2.287261135876179 0.3308624103665352 1.242665611207485 0.3255599439144135 1.031704872846603 0.6774038150906563 13.26733820140362 7.331833809614182 2.630376107990742 303.8087916970253 12.95572450757027 0.6617372334003448 29.33512247353792 15.46800833940506 0.1693567708134651 2.024816580116749 0.8451885282993317 0.6369364634156227 0.8033762723207474 4.820133373141289 6.997361853718758 1.628453060984612 5.675834126770496 10.00534460693598 4.364119008183479 8.896166078746319 38.59978945553303 16.68600510060787 17.46967306733131 0.9814640209078789 0.7418189868330956 0.9840846359729767 0.4049409851431847 0 0 0.2988385856151581 0.1397805064916611 0 0.1487881392240524 0.8518049344420433 0 2.969930619001389 0 0.6804355084896088 0.468111664056778 1.005947656929493 0.6484436094760895 0 1.303088285028934 0.29390649497509 0.1627857834100723 3.114884696900845 0.3991901576519012 12.62337484955788 18.48992336541414 39.5937686637044 12.44652082771063 6.455793298780918 0.5247956067323685 0.3329305499792099 0 0 1.250663876533508 3.018348231911659 0 1.592741400003433 1.562629610300064 0 0 0.1712568551301956 2.529973678290844 0.5280052721500397 0 0 0 0.6077006459236145 0.4760197401046753 0.3728547021746635 3.690379105508327 6.188678361475468 10.92786245793104 0.5859283283352852 0 0 0 0.2907439768314362 0 0.1143224015831947 0 0.259389340877533 17.91835555434227 3.23283377289772 0 0.1186751872301102 0.1580832898616791 4.003137499094009 0.81118243932724 1.841889463365078 0.9886559993028641 1.95313087105751 2.741086393594742 0.2193139418959618 0.3019343391060829 0 0 0 0 0.1079495921730995 0 0 0 31.89585379511118 20.82970474660397 15.38618846982718 235.1075201630592 15.9094695225358 435.1893074810505 106.9544205516577 380.3155777975917 109.7164226993918 0.5949942395091057 29.59905108064413 28.83921691030264 0.2381160855293274 5.390741422772408 1.655454874038696 26.38217440247536 1.794041275978088 0 0.6416288688778877 12.12949106842279 0 79.90106399357319 22.24905416369438
