606.6759375035763 1961.289565011859 343.6983365416527 1474.63529638201 33.26971207559109 62.22860723733902 353.7420940622687 131.3164094984531 19.11049909889698 772.0000343024731 83.40914365649223 46.0422832146287 132.7230336517096 101.1428902968764 0.5245453789830208 0.2976339608430862 0 0.1171125546097755 0 0 3.104190170764923 0 0 0 0.1111753359436989 0 0 0 0 0 647.6605414897203 1.150631576776505 4.605540245771408 0.1949643790721893 0.0947260707616806 0.1591523736715317 10.38155930489302 1.648835100233555 3.000221878290176 0.3061009645462036 0.526202917098999 0.509375274181366 0.1664977818727493 0.2847845256328583 0 0.1116489097476006 27.5622259452939 1.283213756978512 0 0.1339750289916992 0 0.6649950295686722 0 0 7.061318136751652 9.122611291706562 105.2280139923096 414.0209354013205 42.15969556570053 15.15093587338924 0 7.045685932040215 0.547100231051445 1.10299226641655 1.959868475794792 0.3264063820242882 0.7144021168351173 0.8982412591576576 3.057873196899891 2.48401203006506 13.2090836763382 9.34932079911232 1.635715365409851 223.8067383542657 0.2682246193289757 4.183281220495701 0.4742836505174637 1.542665630578995 0.1840022206306458 39.38637912273407 0 8.158734157681465 11.67497277259827 0.5973006188869476 2.181027434766293 3.210271723568439 1.429459288716316 2.65483820438385 1.519084520637989 1.318675026297569 0.2206333130598068 0.3353766351938248 1.143561199307442 0 0.2789085879921913 70.25855375826359 4.681389987468719 0.2916921973228455 2.000437095761299 1060.059495471418 0 1.391564726829529 0.3675512671470642 1.469993233680725 0 11.60560728609562 0.3727408349514008 0 11.66314709186554 5.843042775988579 0 7.326830357313156 18.29353374242783 8.558532312512398 4.267448857426643 0 0.8856120705604553 0 0 0 0 0 0 0 0 0 0 1.588603019714355 0 0 0.1454943269491196 0.8783800154924393 0.1646678745746613 0 0 0 0 0.3749925494194031 0.155187800526619 4.922837391495705 0 2.695328384637833 1.728726297616959 1.171849772334099 0 0 0 0 0 0.3298462480306625 0 0 0.7951729297637939 0 0 0 0.4152698591351509 0 0 0 0 0 0 0.4135772734880447 0 0 1.646430969238281 0 0 0 0 0 0 0 0 0 2.298444852232933 0.5006120353937149 0 0 0 0.1875451058149338 0 0 1.788775384426117 0.3076988160610199 0.2470587491989136 0 0 0 0 0 0 0 0 0 0 1.702869683504105 0 3.615330830216408 243.0477504879236 2.663050077855587 33.09273988753557 3.8020299077034 696.5071095526218 3.46848776191473 0.1478686928749084 1.666580080986023 47.32596608996391 0 2.531929671764374 2.498541802167892 17.74693712592125 0 0 1.532663941383362 0 0 129.3351343721151 4.954479575157166
1961.289565011859 4422.385720841587 1456.820013329387 603.7879736870527 3272.293865785003 43.34599514305592 4389.083945795894 311.0142541378736 4409.039110518992 2101.643898583949 1012.998457290232 155.5168613642454 2637.52357441932 3105.597743883729 8.511166594922543 4.945205576717854 1.626343749463558 0.5574955195188522 0.4100733697414398 0.2768375724554062 2.505951508879662 0 0.1500936597585678 0 0 0.1617534458637238 0 0.1193505451083183 0.1046360731124878 0.2768568396568298 2292.726467370987 41.18786969035864 8.281903617084026 0.1030952855944633 0.1237257048487663 0.4160198271274567 9.656220644712448 0.2989993095397949 0.7750032618641853 0.1669305562973022 0.2073796391487122 0.4765193238854408 0 0.6946847289800644 0.4680186659097672 0.1882771849632263 265.7570137232542 13.11566005647182 0.9937974438071251 0.2896728813648224 0.3949233442544937 0 0.1494361013174057 0.1135244593024254 29.98193395882845 19.8646892234683 109.3710196465254 500.2289538383484 81.89428935199976 122.6808547377586 0.1203492656350136 0.1465239077806473 0.1015732735395432 13.21430891752243 8.970070771872997 3.190444566309452 2.275182589888573 3.512663133442402 1.122450985014439 1.683171615004539 3.545978792011738 4.431216731667519 0 774.6358351632953 37.15157822519541 68.91159065067768 15.42179500311613 12.566679649055 0 66.50916440784931 0 0.3979505896568298 56.87263148277998 0 12.84249527007341 6.884303212165833 4.668429955840111 0.383842259645462 0.6578427627682686 0 1.279789611697197 0.6246356144547462 0.9454831704497337 0.501908004283905 0.8065111711621284 50.69522375613451 3.751169383525848 0 0.821380540728569 743.8009673506021 0.9212073981761932 1.87848274409771 2.390847861766815 1.209539383649826 0 47.21089692413807 1.284673318266869 3.964318722486496 40.33934973180294 11.60531875491142 0.7569854855537415 19.65876804292202 50.12163162976503 18.96657655388117 10.77547954022884 0.1996396481990814 0 0 0.113849975168705 0 0 0 0 0 0 0 0 0.1954217702150345 0 0 0 0.3484136462211609 0 0 0.3430043160915375 0.4137929081916809 0 0.7046960592269897 0 12.38452833890915 3.189927071332932 4.561826132237911 5.731865271925926 0.6860877200961113 0 0 0 0 0 1.214709304273129 0 0.5015994980931282 3.647039696574211 0 0 0 0.799394279718399 0 0.6291069984436035 0 0 0.4049944579601288 0.595838338136673 0.1370638459920883 0 0 1.28353163599968 0 0 0.1184856370091438 0 0.1740234345197678 0 0 0 0 14.59059377759695 0.1545403599739075 0 0 0 1.063277587294579 0 0 2.731111817061901 0.6510143876075745 0.8311156183481216 0 0.2804365158081055 0 0.1098852306604385 0.188582643866539 0 0.1632707566022873 0 0 0 5.315636441111565 2.816840410232544 10.21374873816967 383.5187784582376 9.517968498170376 303.8286744728684 42.71483159065247 576.6186355724931 25.03284979611635 0.6494224295020103 33.83205340057611 61.81490883231163 0.1805220991373062 13.11689230054617 0.8187768086791039 26.96093362569809 2.7122992426157 0 0 0.919906884431839 0 198.8281882330775 18.25053073465824
343.6983365416527 1456.820013329387 892.4056187942624 51.70400879532099 571.8182461410761 5.177570521831512 148.0984931364655 1657.406621471047 1380.559392683208 126.0947156250477 1888.007795833051 21.38869160413742 419.2448493540287 1746.436037220061 4.015527948737144 2.011293455958366 0.4202286973595619 0.2611088752746582 0 1.596970677375793 6.682356327772141 0 0 0 0 0.6340704560279846 0.1914320886135101 0 0 0 3685.512720733881 248.7510432675481 14.00337702780962 0.1299027651548386 0.2708795219659805 1.232451066374779 6.459174476563931 1.566182971000671 1.431655928492546 0.2648392617702484 0.8629622906446457 0.2430402934551239 1.794856376945972 0.3118761256337166 0 0.3077993765473366 61.39182414114475 3.94155341386795 0 0.09791464358568192 1.021381407976151 0 0.1229833140969276 0 6.408443316817284 4.710004568099976 36.61529457569122 304.6935579553246 23.16295851022005 27.02692853659391 0.3186209127306938 17.12890861928463 1.132949247956276 99.37154333293438 2.33143775165081 0.7733931541442871 1.028448410332203 3.146361790597439 7.744734868407249 3.028317734599113 1.429820775985718 1.39870548248291 0 356.4002755656838 46.05190026015043 20.45480791479349 13.53929667174816 8.782069213688374 0.7247161567211151 207.960433639586 0.3023518100380898 19.29001285135746 16.60804881900549 0 3.762825600802898 1.243549846112728 2.644275687634945 0 0.2410183325409889 0 0.2410471886396408 0 4.308734215795994 1.2944350913167 0.1022680774331093 22.47202754020691 4.259642541408539 0 0.2385486662387848 105.8401415720582 0 0 0.8890312612056732 0.4228982329368591 0 3.04024612903595 0.3754592686891556 0.7504339218139648 8.149962976574898 3.090388834476471 0.5894803702831268 9.242035746574402 16.14542455971241 11.67739135026932 3.00114518404007 0 0.09658539295196533 0 0 0 0 0 0 0 0 0 0 0.4260650277137756 0 0.2594803869724274 0 0.1264634877443314 0 0.2045610100030899 0 0 0 0.8133064806461334 0 8.48230517655611 2.943376779556274 3.087694562971592 1.952032260596752 0.4304835200309753 0 0 0 0 0.1525855362415314 0 0 0.6410608738660812 0.8969889283180237 0 0 0 1.252564430236816 0 0 0 0 0 0 0.8452910780906677 0 0.196562871336937 0.1615104526281357 0 0 0 0 0 0 0 0.2371526435017586 0 8.053803533315659 0 0 0 0.1153246387839317 0.5274436771869659 0 0 1.957794651389122 0 0.641525112092495 0 0.3124673664569855 0 0 0 0 0.1109860837459564 0 0 0 2.7053012996912 2.269095800817013 7.790341407060623 78.406126126647 3.835687182843685 65.42546068876982 13.61222452670336 70.10707350075245 6.592286847531796 0.2834819853305817 10.76143519580364 16.02389477193356 0 4.966346099972725 2.897515088319778 8.097918123006821 2.336855679750443 0 0.8671122193336487 1.25031179189682 0 53.50085347145796 6.804900601506233
1474.63529638201 603.7879736870527 51.70400879532099 211.4137681797147 52.23435660451651 309.5533668994904 578.3853185325861 4.406843028962612 49.02650380134583 4685.769753329456 13.29306103289127 285.0656598284841 1113.531797297299 253.2409900724888 2.64864182472229 1.023159310221672 0.4982778206467628 0 0 0.1302624046802521 0.09430063515901566 0 0 0 0 0 0 0 0 0 154.7631864100695 4.16928543150425 2.735263526439667 0 0 0.3804577887058258 10.28502647578716 2.484451800584793 2.444013133645058 0.1161542981863022 0 0 0 0.232041098177433 0 0 75.9747926145792 4.72044899314642 0.6010492220520973 0 0.3834169283509254 1.157681375741959 0.2274811863899231 0.3151621744036674 7.65082661062479 5.306247904896736 50.11093211174011 102.5414091795683 24.02533963322639 34.67603144049644 0.1203626692295074 0 0 2.325693443417549 2.853312455117702 1.188175179064274 0.5878902301192284 0.3490413948893547 0.4228283539414406 0.2775682359933853 12.54561156779528 5.096693381667137 0.2647367492318153 218.6186576634645 5.398934580385685 13.54318955540657 6.16813812404871 5.508187584578991 0 2.910713404417038 0 0.2048366963863373 18.83184791356325 0.3248123675584793 3.815591685473919 3.406224198639393 1.162925288081169 1.657411403954029 0.9398361369967461 1.673977412283421 0.1635482460260391 0 0 0 0 105.4970273450017 3.655886963009834 0.4499588012695312 1.205002054572105 631.9105253815651 1.819765157997608 4.870200097560883 31.01650765538216 3.925435721874237 1.495007321238518 36.10550338029861 2.917883291840553 11.78970628976822 44.62636835873127 14.64162789285183 1.630074128508568 33.98531457781792 70.15977940708399 27.63674820959568 8.685171276330948 0.3336067199707031 0 0.2448187321424484 0 0 0 0 0 0 0 0 0 0 0 0.3307600021362305 0 0 0 0 0.8253380060195923 0 0 0 0 17.68653909862041 3.893116936087608 10.28355824202299 8.741988644003868 3.303592845797539 0 0 0 0 0 0.331858217716217 0 1.827818036079407 5.716404050588608 0.2168461531400681 0 0 1.645416051149368 0 0.5570484548807144 0.2574297487735748 0 0.5805241167545319 0.4403555914759636 1.872768610715866 0.2836366891860962 0 2.639807626605034 0.1462973356246948 0.8443803936243057 0 0.1044481545686722 0 0 0 0 0 15.48927527666092 0.7424665838479996 0 0 0 2.449666678905487 0 0 6.186334706842899 0.4968948811292648 1.768056243658066 0 0.3375182747840881 0 0 0 0 0.113563172519207 0 0 0 6.284901216626167 3.814054295420647 14.11557368189096 470.265821814537 4.209968432784081 98.1889727935195 17.5602450594306 1092.869722209871 9.089919470250607 0.1365552544593811 21.11054447293282 131.2001952379942 0 17.08548542112112 4.681835100054741 72.22811089456081 3.751054316759109 0 0.7885892391204834 0.8730891346931458 0 231.7012344300747 29.8676098883152
33.26971207559109 3272.293865785003 571.8182461410761 52.23435660451651 1507.217774525285 3.395839154720306 1806.728350251913 39.53923341631889 4426.907754063606 443.572194032371 585.2745019495487 49.32321368157864 769.034972794354 2250.468594036996 6.818176001310349 2.321017928421497 0.9008413180708885 0.6372286528348923 0 0.1284515708684921 0.5819987133145332 0 0 0 0 0.1715216785669327 0 0 0 0 163.7512055486441 41.88665808737278 1.573705717921257 0.07753069698810577 0 0.232654370367527 2.445693217217922 0.1067428961396217 0.9846085160970688 0.15746109187603 0 0 0 0.3309886157512665 0 0.1003995165228844 93.97251154482365 3.40936066955328 0.518410436809063 0.1012628152966499 0.1026617810130119 0 0.12435282766819 0.1388742178678513 3.902377098798752 3.65607513487339 5.051396042108536 39.11895697563887 9.186947226524353 28.5763466656208 0.1541417241096497 0 0 10.29853597283363 1.743070736527443 0.2033487036824226 0.6763892844319344 0.7099491506814957 0.2402592152357101 0.1207400858402252 1.080118104815483 0.1295470148324966 0 109.0358360409737 16.96608386188745 26.66652040928602 10.80262698978186 5.753193348646164 0 2.37586110830307 0.306199386715889 0.5935693979263306 11.10071686655283 0 2.550028316676617 1.341727450489998 0.7802299782633781 0 0.3708908930420876 0 0.23957309871912 0 0 0 0.3334571644663811 16.7653476446867 0 0 0.3595759570598602 9.488446898758411 0 1.157595366239548 0.9030792266130447 1.165205717086792 0.1559194475412369 7.19050532579422 0.452558845281601 3.284196868538857 12.6023170799017 7.542251005768776 0.1687811017036438 4.047889605164528 19.112304225564 6.451390109956264 4.731011487543583 0 0 0 0 0 0 0 0 0 0 0 0 0.4771600365638733 0 0 0 0.7336093783378601 0 0 0 0 0 0.6279948353767395 0 7.311214916408062 1.571684643626213 1.854917824268341 1.734418839216232 1.189865291118622 0 0 0 0 0 0 0 0.1455783694982529 1.361107841134071 0 0 0 0 0 0 0.7791083753108978 0 0 0 0.1768783330917358 0 0 0 0 0 0 0 0 0 0 0 0 4.492285497486591 0 0 0 0 1.037744760513306 0 0 1.803859263658524 0.8401471972465515 0 0 0.4504998922348022 0.2381637245416641 0 0 0 0 0 0 0 1.722059980034828 1.237540230154991 7.424200721085072 121.9365723058581 4.457837738096714 112.7637916281819 15.91965581476688 45.79545223712921 12.51370994746685 0.1247087046504021 17.04777716845274 28.38779944181442 0 5.362523011863232 1.184085234999657 9.753438830375671 0 0 0 2.279338151216507 0 52.99669526517391 7.869771681725979
62.22860723733902 43.34599514305592 5.177570521831512 309.5533668994904 3.395839154720306 5.5037931650877 35.40132016688585 9.785643637180328 6.408371925354004 332.6103099361062 14.15148842334747 371.1442105025053 240.6678398028016 19.09550193697214 0.7239538729190826 0.8049605488777161 0.517748236656189 0 0.2903594374656677 0 0.5694753900170326 2.361451029777527 0.1282052844762802 0 0.5187199860811234 0 0 0 0.227870762348175 0 8.718501299619675 0.7312905043363571 11.68830959498882 0.1479166150093079 0 1.859389945864677 81.00666472315788 13.88409116119146 57.7635383233428 3.076530545949936 0.1244521737098694 0.1359735280275345 0 1.477615170180798 1.131927959620953 4.005388237535954 4.217885062098503 0 0 0 0 39.12824739515781 2.883985705673695 0.4833410680294037 1.008014649152756 9.701142340898514 86.46934486180544 9.19022998213768 4.701789245009422 1.728861384093761 2.985412485897541 4.080881848931313 3.654455594718456 0 0.675268329679966 0.8120051100850105 2.758232645690441 0.4138262867927551 0.09651351720094681 0.2099981904029846 261.0304867476225 564.001864656806 50.8573425412178 10.7269945666194 2.717006348073483 1.238107748329639 2.876941829919815 1.585885345935822 0.8438114076852798 16.31187846511602 0 7.291827753186226 1.513665646314621 26.47809232771397 0 36.43838752806187 0.4839640557765961 74.27172155678272 50.59288923442364 61.57681407779455 4.038316026329994 6.936521410942078 0.2360068187117577 0 2.488360598683357 336.6740910559893 152.8315556049347 19.86599646508694 80.83904274553061 106.3962025493383 0.4650430977344513 0.5540014803409576 0 0 0 2.85019850730896 0.1980330646038055 0.8431431949138641 2.391379624605179 1.989185899496078 1.595797061920166 2.806253284215927 3.336122587323189 0.6251695901155472 1.254893347620964 1.456772990524769 0.3312653303146362 0 0.8818728029727936 0 0 0 0 0 0 0.1524178832769394 0.309837818145752 1.023114189505577 0.2860894650220871 0.8706518858671188 0 11.10163082927465 6.082034796476364 1.597500212490559 0 0 0.3945366516709328 1.241424635052681 0.2957032322883606 2.082755655050278 1.684424206614494 1.62359094619751 8.549372538924217 4.897974140942097 0 0 0 0 0.3617821335792542 2.065190225839615 0 0.3844630122184753 0 0 0 0 12.17768744379282 0 0.1761989444494247 0 0.1084093675017357 0 0.1561594903469086 0.14047010242939 0.2126471847295761 0 0.1895942986011505 0 0 0.3817516416311264 1.05978199839592 0.1074904352426529 0 0.7717541083693504 0 0.2000627219676971 0.3998829200863838 19.83682024478912 0 0 0 1.136736914515495 0 0 0.2784446477890015 0.3644971251487732 0.1409971714019775 0 0 0 0 0.9655881971120834 0 1.187620982527733 0.5661228597164154 0 0 0.3073755502700806 2.949710994958878 7.950026869773865 56.85564181208611 1.569408893585205 9.862765833735466 3.485346749424934 88.39301414787769 0.9210487753152847 1.240289092063904 2.77118618786335 16.49456912279129 0 3.148560374975204 0.5832348838448524 7.375287443399429 1.346310287714005 0.1675153374671936 0.8431447148323059 0.312644898891449 0.6687791347503662 33.75908797979355 6.701109603047371
353.7420940622687 4389.083945795894 148.0984931364655 578.3853185325861 1806.728350251913 35.40132016688585 1271.600567415357 18.59215739369392 3669.381092146039 1768.620316825807 137.4129952639341 116.1925125718117 8261.198828697205 2474.857028521597 13.35401510447264 4.710496544837952 1.113339006900787 0.1435109078884125 0.1245941668748856 0.4614023044705391 1.583484709262848 0 0.1418276727199554 0 0 0 0.3492904305458069 0 0 0.1291307955980301 336.7350590974092 61.44881515949965 5.740364104509354 0.2112766206264496 0 0.1787920296192169 6.932845711708069 0.1065300777554512 1.495197236537933 0.2229069620370865 0.4346407204866409 0.2366875633597374 0 0.9650481566786766 0.2053811699151993 0.2062854692339897 257.0357900634408 12.39155034720898 0.8400565758347511 0.5891110748052597 0.8873106837272644 0.1128265485167503 0 0.2479425221681595 19.95599007606506 13.60318545252085 38.36423218995333 140.9238835051656 44.07216800004244 90.20944984257221 0.9308500587940216 0.5376093909144402 0.7514159753918648 23.80298811942339 7.100076720118523 1.69780607521534 1.092575497925282 2.202745638787746 1.93415179848671 1.087017349898815 1.788052156567574 1.882662691175938 0 424.5467984974384 38.13004743307829 71.6215998083353 23.01245982199907 18.3662536367774 0 4.024884559214115 0.141826719045639 0.1107344254851341 45.95788764208555 0.1249844133853912 13.5573783069849 4.309595853090286 3.003941372036934 0.2220099568367004 1.303582474589348 0 0.5344753116369247 0.407871887087822 0.8125986903905869 0.3108567371964455 0.1086292117834091 51.26997870206833 2.83590430021286 0 0.5445922017097473 107.5283565223217 5.00400085747242 3.757493622601032 27.87125085294247 13.61857553571463 0.7398227453231812 94.97704796493053 4.584015443921089 17.27120745182037 112.9895660281181 23.61008553206921 1.606228709220886 223.7267259284854 118.9462253674865 39.36394468694925 14.13363064825535 0.7846148312091827 0.7628396078944206 0 0.4296974688768387 0 0 0 0 0 0 0 0 0.8753629922866821 0 0 0 0 0 0 4.47135092318058 0.4916903525590897 0 0.6509066820144653 0 14.93907260894775 4.884393021464348 7.809454813599586 5.975549772381783 3.461901277303696 0 0 0.142026275396347 0.5113303661346436 0.3128553330898285 0.8876352906227112 0 3.293222948908806 6.091679163277149 0.2322927787899971 0 0 0.2794165015220642 0.1930429637432098 0.1130680441856384 0.413894347846508 0.2438886016607285 2.94181714206934 5.642608061432838 1.16196246445179 0.1520514786243439 0.3512799739837646 0.6966899931430817 0.6559124439954758 0 0.09820370376110077 0 0 0 0 0.113889105618 0 15.61715247482061 0.417206734418869 0 0.3856309354305267 0.1133797168731689 1.291341990232468 0 0.1147429198026657 6.919785611331463 2.265652269124985 3.381486617028713 0.7525040358304977 1.592243179678917 0 0 0.1672615855932236 0 0 0.1316264569759369 0 0 9.110287584364414 3.665835276246071 12.09327511489391 426.4251991733909 9.9001090452075 323.4694944322109 36.66771624237299 364.1633586585522 26.14793767780066 0.6652009636163712 48.73289190232754 72.52893628925085 0.1149205341935158 16.98182727396488 2.884229823946953 44.70567689090967 5.154594913125038 0 1.017059415578842 3.000993609428406 0 191.4803994745016 30.24244610220194
131.3164094984531 311.0142541378736 1657.406621471047 4.406843028962612 39.53923341631889 9.785643637180328 18.59215739369392 1228.639412567019 74.15003551542759 8.930611483752728 1017.789770416915 1.667639717459679 75.32258098572493 331.1611822172999 22.74560365080833 21.70626760274172 8.896415859460831 13.69215552508831 1.380952410399914 64.02834268659353 353.561022117734 0.6930129081010818 12.64730509370565 5.62219774723053 2.927825346589088 16.70868670940399 8.752093635499477 1.825648240745068 0.6055108457803726 3.122288875281811 1482.545979224145 1917.575054258108 152.2619560658932 18.29492887109518 12.17410484701395 58.60284062474966 146.3301393613219 120.6967345550656 13.27125208824873 1.47875139862299 59.22141446918249 11.43657046556473 64.54590445011854 21.98188558220863 13.45607287436724 50.27888879925013 104.0704638287425 10.46935676038265 3.352635756134987 43.63347496837378 6.893065631389618 2.437042959034443 0.743951290845871 1.60007119178772 4.146402388811111 3.217251405119896 12.09103258699179 117.127578727901 7.58568249642849 31.28132521361113 342.4721823856235 901.460176974535 55.88703221082687 719.0296697840095 9.788488373160362 12.15135480463505 9.365229211747646 99.07720101624727 313.5173618793488 167.6033470109105 43.97644317150116 4.985382609069347 0 171.0585712939501 116.1627676188946 54.53142596781254 495.8583717942238 311.085711620748 379.1132494136691 1782.113990873098 132.6297767907381 1618.775845140219 10.32799388468266 0 11.52315171808004 9.240618117153645 70.3291781693697 0 2.870511263608932 0.09739162027835846 9.121926493942738 3.85605376213789 102.8693591803312 10.77755457907915 11.72897934913635 29.78826934099197 7.844320327043533 0.3378295004367828 1.344739280641079 27.36698704212904 0 0 0 0.3935093283653259 1.219171240925789 1.864323809742928 0 0 1.31614875793457 1.448827177286148 0.4118082523345947 3.130165815353394 10.43557065725327 3.298660323023796 2.75108240544796 0.3831015825271606 0 0 0.1785051822662354 0 0 0 0 0 0 0.9197186231613159 0 0 0.21401646733284 0.1724867820739746 0.5585346072912216 2.007411278784275 0.1215943470597267 0.9040926843881607 0.7661502957344055 0 0.1327066272497177 0.681057795882225 0 7.262988433241844 1.18383264541626 2.247425459325314 5.310809306800365 2.372120007872581 0.5100705027580261 0.7301053032279015 0.3412808030843735 0 0.172318235039711 0.1258717924356461 0 0.1953434944152832 0.2319644764065742 0 0 0.6251533180475235 1.314896047115326 1.008444309234619 0 0 0 0 0 0 0 0 1.401779919862747 0.2345240116119385 0 0 0.1153082773089409 0.2462737411260605 0 0.1625053435564041 0.1323351562023163 0.1131772100925446 4.426750503480434 1.15949435532093 0.189196914434433 0.1200855821371078 0.3914286270737648 0.1451585739850998 0 0.1392603516578674 0.5346817746758461 1.3065345287323 0.1908927261829376 0 0 0 0 0 0 0.3709720149636269 0.1132126301527023 0.8895046338438988 0.2717699632048607 3.717260748147964 5.118663422763348 11.87958659231663 127.8747666701674 23.46215469390154 129.5061311274767 49.45551688969135 27.87750840187073 8.591262675821781 0.3231956660747528 17.41111400723457 10.27432476729155 0.1215842738747597 3.357151985168457 2.383882701396942 1.833320736885071 0.8398059010505676 0 0.5527219325304031 2.470463499426842 0.7555697560310364 35.17814081162214 12.24223352968693
19.11049909889698 4409.039110518992 1380.559392683208 49.02650380134583 4426.907754063606 6.408371925354004 3669.381092146039 74.15003551542759 1882.333303719759 184.4390872493386 1069.241649746895 20.67204321920872 1450.608323380351 1844.295851051807 4.511425614356995 2.176172405481339 0.114548534154892 0.373333714902401 0.207615926861763 0 0.4809607639908791 0 0.1788234114646912 0 0 0.1502917259931564 0 0 0.6347832679748535 0 88.34058830887079 29.02293437719345 3.634149476885796 0 0 0 1.783028922975063 0 0 0 0.5479260832071304 0 0 0 0 0.383586972951889 54.18666856735945 0.5877001732587814 0.3161854073405266 0 0 0 0 0 1.540891125798225 1.717132791876793 3.156713798642159 16.74331354349852 5.462172567844391 18.35148210823536 0.2608886361122131 0 0 10.22169978916645 1.175204001367092 0.2083524465560913 0.2575407773256302 0.4586984738707542 0.2795122936367989 0.5078053995966911 0.4021640121936798 0 0 51.87836869060993 9.645563453435898 21.39867639541626 14.20242834091187 11.28706335276365 0 3.010840490460396 0 0.1227625161409378 6.77368700504303 0 1.990892015397549 0.8825566321611404 0.6775624379515648 0 0 0 0 0 0.4058831334114075 0.1167087703943253 0.1123798564076424 19.4219556376338 1.180894434452057 0 0 5.949863836169243 0 0.1839741915464401 1.17674657702446 1.003691703081131 0 5.796861961483955 0.4549131393432617 2.482375919818878 6.383488163352013 4.687662735581398 0.3354710191488266 7.859001487493515 14.86950087547302 7.555302456021309 4.357318259775639 0.3975418359041214 0 0 0 0 0 0 0 0 0 0 0 0 0 0 0 0 0 0 0 0 0 0.5772397518157959 0 5.46989781409502 1.943463176488876 1.392268776893616 0.9715027585625648 1.956145986914635 0 0 0 0 0 0 0 0 1.621972113847733 0 0 0 0.2436248511075974 0 0 0 0 0 0.2376015186309814 1.380320191383362 0.1838953346014023 0 0 0 0 0 0.1226833388209343 0 0 0 0 0 1.740270510315895 0 0 0 0 0.7150519043207169 0 0 0.1946106404066086 0.2687428295612335 0.180722787976265 0 0.1325603872537613 0 0 0 0 0 0 0 0 2.664446339011192 0.8962084874510765 6.88003895431757 87.20512098819017 2.107324354350567 78.50472609698772 11.79932994395494 28.87866065651178 7.674057699739933 0 12.32484096288681 16.5286869853735 0.4501610398292542 2.284994035959244 0.9467485547065735 8.396529503166676 0 0 0 0.6777598857879639 0 33.97014846652746 6.203288003802299
772.0000343024731 2101.643898583949 126.0947156250477 4685.769753329456 443.572194032371 332.6103099361062 1768.620316825807 8.930611483752728 184.4390872493386 7153.766255356371 37.72164775431156 2908.523377932608 12319.93641608208 315.2509153485298 22.21423285454512 10.61485803127289 2.110733680427074 0.8436600640416145 0.1188699454069138 0.1683956980705261 1.332792028784752 0.2950339317321777 0 0 0.247792661190033 0 0 0 0.4856048747897148 0 200.693439155817 44.68864952027798 7.159863233566284 0.1205461770296097 0.7091591358184814 0 112.6875311508775 4.158745504915714 6.679124712944031 0.6129673421382904 0.3397738039493561 0.2535682767629623 0.2061709985136986 2.015862815082073 0.5712198689579964 1.846875615417957 362.439751856029 12.42957034707069 1.381922885775566 0.4807822853326797 0.3046261891722679 1.663534320890903 1.079583697021008 0.3217840045690536 22.48049663007259 14.97549090534449 90.61505832523108 104.1514344215393 43.97986348718405 108.9539034292102 0.7693086341023445 0.8193829655647278 0.8157103955745697 26.81653122603893 8.640643894672394 2.816241785883904 1.249770320951939 4.234238490462303 0.8960144147276878 1.009150348603725 63.26309806108475 15.48712401092052 0.4237807467579842 386.9513223543763 32.50212295353413 89.01829258352518 39.64495028555393 33.31807680428028 0.3932250440120697 3.206058070063591 0.4197104871273041 0.3558568507432938 46.48977106809616 0.211890920996666 9.67689610272646 5.040551826357841 3.942978009581566 1.242488548159599 2.240065343677998 2.326346978545189 0.4983104169368744 0.4327717646956444 2.010853216052055 0.3605688661336899 1.38553324341774 666.1386762559414 23.90210318565369 0.6738877892494202 7.5457628890872 664.4943531230092 1.515938311815262 18.45073162019253 24.46619687974453 31.74824094027281 1.53641913831234 153.4109358415008 15.80946542322636 44.36345537006855 246.1253539174795 113.3200282454491 5.789561852812767 171.7651529461145 405.2440497130156 173.4068685472012 58.67122052609921 2.88414990901947 5.944963075220585 0 0 0.2558208405971527 0 0 0 0 0 0.33976149559021 0 1.466498747467995 0 0 0 2.641662046313286 1.173666000366211 0.1145571619272232 0.9178028404712677 2.645129412412643 0 5.371363639831543 0.1710711419582367 96.82065913081169 16.92472377419472 42.17968954145908 33.80483026057482 8.309755608439445 0 0 0 0 1.98045739531517 0.3679338693618774 0 11.7396871522069 20.22275073081255 0.134009912610054 0.2967164516448975 1.590280994772911 3.660065852105618 0 2.345856413245201 3.641325980424881 1.013596057891846 8.726204946637154 7.680517762899399 5.222292870283127 2.231349721550941 2.331863790750504 5.507075533270836 0 0.7370168566703796 2.754659540951252 0.1099841892719269 0 0 0 0 0 83.83185406029224 3.45090688765049 0 0 0 6.826636746525764 0.1414881199598312 0.2633514702320099 20.18646349012852 3.608585387468338 5.977180428802967 0.4086135029792786 4.017068654298782 0.4973279610276222 0.2092255353927612 0 0.1035762429237366 0.1421811878681183 0.514613151550293 0 0 40.32369545847178 22.65508282184601 72.1543986722827 1469.768172897398 16.31511615216732 550.2817131057382 92.74232695251703 1244.789488069713 55.01646033674479 0.8411359563469887 120.5708735063672 452.9134682416916 0.3765419572591782 71.52266431599855 19.29067625850439 278.7796389907598 21.20915883779526 0.2499574720859528 2.728480204939842 9.728257775306702 0.1687546521425247 1265.008302763104 165.9647238999605
83.40914365649223 1012.998457290232 1888.007795833051 13.29306103289127 585.2745019495487 14.15148842334747 137.4129952639341 1017.789770416915 1069.241649746895 37.72164775431156 1531.828969173133 13.63131245225668 1117.399970985949 4505.979984872043 32.53805287927389 29.47621728479862 4.428840085864067 1.2948979139328 1.04116952419281 6.326272532343864 65.55574253201485 3.078991204500198 5.845329381525517 3.510737113654613 1.478010669350624 7.632812604308128 4.331165283918381 4.718554675579071 0.3906761258840561 0.9648414701223373 733.8335943669081 159.2916492968798 745.6993062496185 3.432230591773987 3.742781408131123 3.541422449052334 352.1895677745342 14.52821262925863 23.3777774348855 1.296273797750473 36.00524625182152 8.808616645634174 3.87269015610218 3.384298607707024 5.565194711089134 4.155720993876457 126.0138114094734 3.101903297007084 0.9330277666449547 1.546553298830986 3.190115600824356 5.751461178064346 0.7216275781393051 3.210532866418362 3.400845229625702 1.892404742538929 9.160856418311596 62.82795517146587 8.333616256713867 27.33530373871326 6.002254009246826 15.5560317710042 7.429563827812672 58.72546287626028 1.996828898787498 1.801279775798321 2.154217049479485 14.96063977479935 46.27111805230379 39.33653482049704 148.8823746442795 6.654015995562077 0 120.4091166183352 42.04620249569416 75.65736278146505 74.43740550428629 77.00933276861906 12.29787723720074 299.4292410835624 0.6422063931822777 51.33918645977974 8.247844785451889 0 2.868465721607208 2.642894931137562 4.327284723520279 0 1.455851525068283 0.2866695523262024 1.28471102565527 1.21524153649807 54.24948997050524 3.986393965780735 8.502363555133343 89.80813052505255 17.50555299222469 0.3381040990352631 6.801636084914207 25.01605515182018 0 0.8563543260097504 0.5678672343492508 0.559344157576561 0 7.826229728758335 0.4705101102590561 1.387385353446007 14.84733758866787 6.163750074803829 0.9946077913045883 7.150673925876617 29.00477174669504 11.77656310796738 7.180857494473457 0.7700358554720879 0.4922007173299789 0.1169344708323479 0.4906072542071342 0 0 0.1594873517751694 0.2515455782413483 0 0 0.833687886595726 0.1131437122821808 1.424978159368038 0 0.5618919283151627 0.8990111202001572 4.167538605630398 0.8592142686247826 0.5819781869649887 0.182154506444931 0.3685253411531448 0.143884003162384 0.5827830955386162 0.1295847743749619 11.47259699553251 1.943092823028564 5.47577665746212 7.500917069613934 3.478722654283047 0.8134972453117371 0.5044822543859482 0 0 0.3984744176268578 0.6151760816574097 0 1.316890597343445 0.8469271585345268 0 0 0.4297532439231873 3.084981113672256 1.135920718312263 0 0 0.1727852374315262 1.560667060315609 0.3882800787687302 0 0.8351378440856934 1.067789971828461 0.6298041343688965 0.1046634241938591 0 0.792911171913147 0 0 0 0 0 0.3291387856006622 11.38716236501932 0.7802556455135345 0 0 0.1255670934915543 0.8763949349522591 0 0 1.756642371416092 0.2676055058836937 1.40943605452776 0 0.2360521331429482 0 0 0 0 0 0 0.2462904825806618 0.2770680785179138 6.126151464879513 4.1152503490448 13.33121424913406 252.4449409469962 9.601222731173038 205.8314254358411 67.32749707996845 46.00359109044075 15.37304868549109 0.2159958928823471 54.45493493229151 19.25435126572847 1.056224793195724 6.369211040437222 3.303313404321671 8.528642445802689 0.9029134437441826 0 0.2735445573925972 5.924972549080849 0.8904618620872498 63.55019578337669 13.54594476521015
46.0422832146287 155.5168613642454 21.38869160413742 285.0656598284841 49.32321368157864 371.1442105025053 116.1925125718117 1.667639717459679 20.67204321920872 2908.523377932608 13.63131245225668 184.0562952309847 3306.819275043905 56.20164403319359 26.9690435603261 19.97652088105679 4.181197918951511 1.019096195697784 2.262044101953506 0.8716402649879456 6.984839834272861 13.57204991579056 0 0.579235315322876 0.7559534311294556 0 0.2849588692188263 0.6066016852855682 0.1037775203585625 0.6498710215091705 10.08062905073166 2.221898004412651 19.02166271209717 0.9995394498109818 0 1.26708048582077 320.6677010655403 3.36023274064064 37.59373952448368 0.834296390414238 5.669375605881214 0.6282615214586258 0.3672519773244858 1.645737156271935 2.0638322904706 3.634545356035233 77.62441049516201 0.4768933355808258 0.883510485291481 0 0.3949067294597626 27.82806941866875 26.88180882483721 6.416593432426453 0.8874371498823166 1.648132964968681 31.43846362829208 5.437376573681831 2.799308463931084 6.499654643237591 2.14555835723877 0.4122419580817223 1.832024276256561 7.651939168572426 0.9976188391447067 0.3528042212128639 0.5987984538078308 2.130373403429985 2.756112575531006 2.614919610321522 453.8510493785143 95.82589165866375 2.473177172243595 19.19785784929991 5.945409312844276 19.1927298232913 21.60095734894276 15.06113763153553 0 3.591040045022964 0.2892290353775024 0 3.250698626041412 1.311695016920567 0.2603889629244804 2.840859316289425 0.4271658733487129 7.229027628898621 7.100357055664062 15.86993565410376 0.9419167637825012 3.137873247265816 6.598068423569202 0.9638429135084152 6.811294466257095 4929.79256746918 931.5724108964205 27.49013222754002 83.62232020497322 196.9099280834198 0.5932454019784927 2.500095665454865 3.673207193613052 8.459070399403572 0.6959606185555458 34.10625785589218 5.063437342643738 10.59874877333641 61.42355713993311 41.52457488328218 3.70214968919754 37.60872364044189 135.6110047847033 45.93901764601469 23.01424126327038 2.66020904481411 2.509876944124699 0.2650276571512222 0.5232227519154549 0 0 0 0.2644460499286652 0 0 2.070013038814068 1.283254042267799 4.893893182277679 0.3689922690391541 2.476476848125458 0.3165704905986786 16.18360738456249 7.243165001273155 1.386044003069401 0.6034659743309021 1.25607568025589 1.962405107915401 3.819974720478058 1.457625672221184 51.655159547925 9.421114459633827 15.75785328447819 25.48315963149071 17.06136976927519 1.102079749107361 0.164379209280014 0 0 1.776428997516632 1.55959302932024 0 3.945493966341019 5.352574475109577 0 0.6011292189359665 0.8458747565746307 22.13070571422577 0.931048683822155 0.1914736479520798 0.7971206903457642 0.1688806116580963 2.894399791955948 2.665555343031883 1.547354683279991 0.818235769867897 0.8520880043506622 2.159868627786636 0.3246123492717743 0 0.8773588910698891 0 0 0 0.1105000972747803 0 0.1336257010698318 39.85052999854088 15.10964648425579 0 0 0.3045928403735161 3.573488764464855 0 0 5.230615377426147 3.051632151007652 2.534421227872372 0 1.367977850139141 0.1165289208292961 0 0.184781551361084 0 0.1262392699718475 0 0 0 26.08353066444397 21.34790595620871 51.84620399773121 585.4080380275846 6.231487065553665 159.7642339766026 70.32808715105057 213.4131250232458 12.81734684109688 0.1257006824016571 77.29271471500397 76.68529349565506 0 20.88317937403917 5.448787219822407 45.0972908064723 3.673431076109409 0 1.595658034086227 10.99129474163055 1.112238600850105 898.4547655433416 91.12233586609364
132.7230336517096 2637.52357441932 419.2448493540287 1113.531797297299 769.034972794354 240.6678398028016 8261.198828697205 75.32258098572493 1450.608323380351 12319.93641608208 1117.399970985949 3306.819275043905 7007.624698743224 3502.970235571265 137.0377071201801 136.0636820271611 15.85132646560669 3.842146597802639 2.569987319409847 5.232308879494667 56.56583125144243 10.68842862546444 2.84060038626194 1.796973705291748 0.9305075630545616 5.112536653876305 2.602331548929214 3.391053587198257 1.703594662249088 2.732619151473045 242.6652509793639 60.63271666318178 243.1884256824851 5.544706992805004 2.090551748871803 6.082063786685467 1156.614244006574 3.93078426271677 85.11149524152279 2.415511183440685 24.39157978445292 7.292996801435947 5.029981151223183 16.06475574523211 8.465956039726734 9.569311507046223 460.7864452525973 8.557443581521511 1.265084996819496 1.962622806429863 5.235627688467503 16.34133526682854 13.12041048705578 4.732155531644821 10.20206797868013 11.4787640273571 45.31594081968069 100.5266885012388 27.31638840585947 81.6784453317523 5.118028752505779 3.850927449762821 6.092550851404667 97.05960387736559 6.315756350755692 2.967490114271641 3.511348754167557 15.70468513667583 52.10868217051029 33.30518981814384 977.3892608061433 41.9820913374424 0.4346499443054199 307.2674377262592 87.49074985086918 204.5478357970715 210.5083290487528 238.763259768486 0.7909225597977638 103.4580330327153 2.400379531085491 3.138113141059875 26.64251211285591 0.6747469082474709 6.910092420876026 6.020972721278667 4.583269685506821 2.540184870362282 4.061351165175438 4.097391121089458 3.67977474629879 3.040593385696411 48.49596760421991 5.70192513614893 14.38927771896124 2257.675912186503 297.1001270189881 3.441623479127884 63.49922087043524 194.2427050471306 1.541433110833168 16.55797780305147 20.45925988256931 33.31426005065441 3.295141473412514 157.8786758184433 20.03158633410931 31.24080779403448 283.8447183519602 135.1804247424006 12.1816143617034 154.582169495523 504.6055558845401 186.619891308248 78.94491665810347 6.426432646811008 5.087854065001011 0 1.112754851579666 0 0.1076261624693871 0.1201744750142097 0.1871332079172134 0.6650071516633034 0 1.205618530511856 0.7934214174747467 5.537276789546013 0 1.653399094939232 0.7437953799962997 15.31277874857187 5.097282037138939 2.265832141041756 2.748814776539803 2.329943001270294 0.9347384199500084 5.021174520254135 2.110229440033436 128.3477237671614 14.54981501400471 45.89082106202841 37.10436869412661 20.00862771272659 0.5522205829620361 0.3225608468055725 0.2580357566475868 0 0.9537175372242928 4.964588969945908 0 6.958466231822968 16.92794090509415 0 0.1566802710294724 0.3772208839654922 20.17480479180813 1.157492138445377 0.6766548454761505 2.844944261014462 0.382947064936161 7.646294198930264 5.769164770841599 8.972066275775433 1.751960873603821 3.089607998728752 3.706693157553673 0.3670358657836914 1.87637110054493 0.3358761966228485 0 0 0.1486275494098663 0 0.5324962735176086 0.4023793041706085 116.7980273067951 8.711562059819698 0.2132747918367386 0 0.7944200187921524 8.35905946791172 0 0.8197242319583893 17.55275535583496 4.495121754705906 5.630360960960388 0.2840166464447975 4.80540344119072 0.2783496528863907 0 0.4456537514925003 0 0.2444257363677025 0.1164961755275726 0 0 68.60586128383875 35.24965187907219 106.8802641928196 1944.144676215947 31.14473064988852 796.2416748479009 308.8082274571061 481.7338944897056 70.93748696148396 2.04291345924139 310.5350562855601 270.4793135970831 0.9423843771219254 65.02266025543213 23.38732319325209 200.2051183432341 16.33728445321321 0.5439537912607193 2.68752234429121 38.6897805929184 3.772765040397644 1455.813987612724 235.970725081861
