341.4501790106297 1994.832241103053 942.9527688920498 1429.396460283548 30.17904929816723 77.30161371082067 214.0811954215169 60.38243440538645 18.86706756055355 1025.858252614737 54.09140391647816 55.71341727674007 82.05416126549244 99.87488424777985 1.873055092990398 1.051740542054176 0.1082836240530014 0.2545063197612762 0 0.2977878227829933 0 0.6607786864042282 0.1169341653585434 0 0.3122329711914062 0 0.1101506799459457 0 0.1702513992786407 0 596.9425195753574 194.7021242305636 58.21129592508078 0 0.2242405638098717 0.261627271771431 10.11573748290539 3.756477326154709 5.698965311050415 0.3089154362678528 0.1795121431350708 0 0 0.4300469979643822 0 0.09653478860855103 47.07225363701582 3.265457734465599 0.3144163861870766 0 0.7584342733025551 0.1205606162548065 2.196465454995632 0 7.491290763020515 12.62395749986172 130.9076014682651 615.9726600274444 83.28358155488968 67.23255998641253 1.088410049676895 7.809277839958668 0.543651819229126 3.907516688108444 4.440417468547821 6.139510929584503 2.152078688144684 1.229317933320999 0.1838293373584747 0.1576904952526093 29.82443434745073 1.285708121955395 0.1355903297662735 214.3249203488231 43.23504249751568 21.29704973101616 1.611213840544224 0.5685842335224152 2.37349671125412 117.1478187516332 0.6399028971791267 20.92964289337397 19.58528015762568 0.7689092755317688 4.148175776004791 7.833638474345207 0 0.300242692232132 0.2777684107422829 0.2979612797498703 0.5814816132187843 0.2404366880655289 0 0.4280493333935738 0.1119809672236443 149.3697605729103 49.96896835416555 0.4223714172840118 8.211485840380192 648.8167417496443 0 0.3785676509141922 3.13490404188633 1.659504279494286 0.4890968799591064 0.9310101717710495 2.041200250387192 0.3591737151145935 10.33261297643185 4.907675310969353 0.3437877893447876 3.403838776051998 21.96322216838598 4.814375691115856 2.560323879122734 0.230485811829567 0 0 0.8434211611747742 0 0 0 0 0 0 0 0 0.5414495468139648 0 0 0.6622773408889771 0.508501410484314 0 0 0 0.4724023938179016 0 2.7784783244133 0.4215746819972992 0.9821373298764229 5.647935338318348 2.293013781309128 1.701801717281342 2.461195483803749 0 0 0 0 0 0 0 0.1345699578523636 0.1610465347766876 0 0 0 0.1297263950109482 0 0 0 0.2906865626573563 0.5363196134567261 1.374284043908119 0.5337700843811035 1.654330551624298 4.340099275112152 3.836650997400284 1.31886887550354 0 0 0 0 0 0 0 0.2541781216859818 2.976270839571953 0.1163410395383835 0 0 0 2.651060231029987 0 2.220373377203941 0.1456474512815475 0 0 0 0.1468321979045868 0 0 0 0 0 0.1586158871650696 0 0 1.528310783207417 0.3246921598911285 1.429298967123032 370.4865007176995 6.343264132738113 120.9033737406135 27.24394662678242 845.7152083441615 3.398961514234543 4.561424985527992 5.161630652844906 7.281807795166969 0.07527050375938416 1.341776803135872 0 16.97508896142244 0.3502276241779327 0 0 5.472048036754131 0 379.1803322434425 2.012334063649178
1994.832241103053 2512.300225496292 1377.675714351237 2000.767230391502 1493.679906673729 456.476278282702 1874.563114121556 432.9074928760529 903.9433907046914 2364.458871930838 803.7358093708754 150.4482739195228 1938.395506579429 1049.742439262569 15.03563176840544 3.203744530677795 1.204002402722836 0.0605473518371582 0 0.07628002017736435 0.5126821771264076 0 0.09563983231782913 0.08924633264541626 0.1696976721286774 0.1575211733579636 0.3500825017690659 0 0.2157339006662369 0.142243817448616 960.6735750511289 46.63022939860821 103.5575316697359 0.09485126286745071 0.1440075784921646 0.4467048868536949 20.81088837236166 5.866979360580444 7.172596268355846 0.6156391948461533 0 0.3329185992479324 0.9088707342743874 2.597016662359238 0 0.3026895821094513 287.3027578666806 15.16149585694075 1.383677184581757 0.2213723659515381 2.892285570502281 0.1904478445649147 0.2188116833567619 0.4103889465332031 16.8270623460412 33.71635362505913 130.4857033528388 725.1527884975076 111.0069301053882 175.1279231384397 2.352807462215424 7.203809954226017 0.5591736733913422 91.24521994590759 21.83961104229093 21.0151769220829 7.922278936952353 6.1718993447721 0.7792795598506927 0.2940786182880402 43.78661746531725 0.1505783945322037 0 401.5915257297456 284.6901103332639 182.8062234893441 16.63761974871159 2.854875132441521 3.274956569075584 199.865555934608 0.5521881207823753 14.81443372368813 55.61953703314066 1.182275786995888 19.36782103776932 26.11354064568877 1.479911096394062 2.615608081221581 3.452441189438105 0.1668280214071274 3.41114691644907 0.7183697372674942 0.3293803632259369 1.71155010163784 1.095154620707035 34.0211326032877 7.434467196464539 0.6056639552116394 5.203564822673798 597.2141588553786 1.130880922079086 2.470861725509167 12.8993780836463 4.850158728659153 2.821406155824661 4.65760800242424 7.941492810845375 8.68050716817379 41.82410358637571 25.07524723559618 2.598718702793121 13.61025958508253 59.58981834352016 16.27587960660458 16.48947584629059 0.5271294116973877 0 0 0 0 0 0 0 0 0 0 0 3.472793161869049 0 1.535253137350082 0 0 0 0 0.8458136320114136 0.3403095752000809 0 3.787101447582245 1.065866351127625 7.451991461217403 6.118189916014671 12.29409946501255 3.336221918463707 4.247728750109673 0 0 0 1.10845610499382 0 1.455214440822601 0 0 0 0 0 0 1.75128535926342 0.419865757226944 0.1675550043582916 0 0.2071606442332268 0 0.7984021902084351 0.6019656807184219 0.6260516047477722 4.60749788582325 12.03583192080259 4.025870487093925 0.2655167579650879 0 0 0 0.5350483655929565 0 0 1.206030949950218 9.804672181606293 0.1626648753881454 0.09424026310443878 0 0 14.0022486448288 0.4399514347314835 8.068121820688248 0 0.553819052875042 0.4368769526481628 0.5762044489383698 0 0.07469772547483444 0.09564854949712753 0 0.1843481957912445 0.06761558353900909 0.3820869624614716 0.1374363899230957 0 9.83645087480545 0.5202747210860252 5.772674530744553 1000.34144975245 13.65977191179991 441.9935028478503 83.66322370618582 1246.903181128204 5.485872074961662 5.96222298592329 32.1002402305603 29.19009470194578 0.3112365305423737 1.940313063561916 0.4350284039974213 47.90197115391493 0.2292782515287399 0.09710855036973953 0 19.24394623190165 1.191095754504204 443.597934640944 8.503187477588654
942.9527688920498 1377.675714351237 1621.322825752199 63.63143037259579 363.2870286107063 65.77265870571136 26.02561755478382 2204.157099112868 248.0575366467237 165.2931111603975 1838.8241090253 101.1930062621832 256.1741263195872 1733.989644862711 16.24373984336853 7.686707869172096 1.227257490158081 0 0 0.4024034738540649 0 0.2702256441116333 0.2391199693083763 0.09688405692577362 1.620722733438015 0 0.1340983957052231 0.1215436607599258 0.4229834824800491 0.2773780226707458 2380.057329967618 892.0776630714536 331.7811918631196 0 0.5106142237782478 0.5295255780220032 54.29965159296989 20.9302077293396 20.64291679859161 2.606727674603462 0.2534711956977844 0.3087765425443649 0.1562255248427391 3.673333242535591 0.09934622049331665 1.17646112293005 91.72002996504307 3.224953897297382 0.7686924263834953 0.3997579514980316 0.712113231420517 0.3966075479984283 1.117269225418568 0.1062358245253563 5.90315268188715 7.536213383078575 44.77409469336271 547.6926227137446 33.74200605601072 50.08269252628088 5.029386676847935 40.2197932600975 0 62.58243035525084 5.170195899903774 4.19642636552453 2.081309549510479 1.454576916992664 0.5611091479659081 0.7152778431773186 73.5045403316617 2.415010951459408 0 115.784653570503 100.2731088399887 49.97286591678858 7.150952994823456 10.83478523045778 43.92961494624615 1069.457557294518 3.997355721890926 153.5316063538194 15.74034990370274 0.4759440496563911 4.483754687011242 6.604411646723747 0.4067400023341179 0.6547655686736107 1.236180029809475 0 0.9080442264676094 0.1749464422464371 1.177944973111153 0.4024671316146851 0.4871702045202255 21.90787672251463 7.401213496923447 0 12.49164655059576 260.4540962949395 0.2146876454353333 0.476881742477417 3.092727243900299 1.701693713665009 0.5148827582597733 1.655552417039871 2.081406958401203 6.980774767696857 8.420085057616234 7.062784664332867 1.250277668237686 9.124837271869183 31.07406619936228 10.22701851278543 9.599820218980312 0 0 0 0 0 0 0 0.1050263792276382 0 0.5610382556915283 0 0 3.767405472695827 0 1.752253226935863 0.242268905043602 0.30319944024086 0.1360598504543304 0 0.8895821273326874 0.209355890750885 0.6198029518127441 0.9356177747249603 0 3.869731321930885 4.769946187734604 6.396874606609344 0.6881934478878975 3.451244488358498 0 0 0 0 0 0.1082039847970009 0 0 0.2716493681073189 0 0 0 0.2070405259728432 0 0 0 0 0 0 0.1092786490917206 1.308228485286236 6.045529454946518 6.197527289390564 1.035255253314972 0 0.3631656765937805 0 0 0.3200758397579193 0 0 0.3371870517730713 7.697759032249451 0.09268320351839066 0 0 0 10.85657384991646 0.1734225749969482 4.259993553161621 1.134137533605099 1.328021019697189 0.4633198380470276 0 0.4630540907382965 0.2682400047779083 0.1905416995286942 0 0 0 0 0 0 6.124766543507576 1.7919687256217 2.965946599841118 313.8376310169697 3.387561440467834 130.9126105085015 33.09914517402649 374.0955833867192 1.409725606441498 1.994506128132343 13.79317021369934 8.516907960176468 0 0 0 20.80405966937542 0.2341328114271164 0 0.1184293702244759 6.841975890100002 0.5284038186073303 110.4499243125319 5.847651496529579
1429.396460283548 2000.767230391502 63.63143037259579 203.7956418097019 25.25616510957479 374.8420716151595 426.3281484469771 1.533289864659309 29.12585145607591 3683.926377810538 9.164534024894238 146.1555109769106 728.8232397213578 29.95059914141893 0.2514040544629097 0.09642640501260757 0 0.2099724784493446 0 0 0 0 0 0.104613333940506 0 0 0 0 0.08964786678552628 0 116.1567893773317 3.742172427475452 5.012608543038368 0 0 0.1533728688955307 1.012043297290802 0.250696949660778 1.327043958008289 0 0 0.1011824831366539 0 0.09331397712230682 0 0 58.79797252267599 5.142408065497875 0.09224500507116318 0 1.275510713458061 0.3540191352367401 0 0 4.975924633443356 13.67437142878771 58.47041506320238 298.6770258173347 59.70770176127553 71.7915483340621 0.648836724460125 1.708916559815407 0 6.480174206197262 6.910145193338394 7.489843301475048 2.580749809741974 1.582827739417553 0.2365463003516197 0.330090269446373 2.50665283203125 9.819526076316833 0.8269460275769234 183.9700759090483 78.29175836592913 40.48600648343563 2.639549411833286 0.283732645213604 0 1.964576467871666 0.1436981409788132 0.4931351616978645 24.25320900976658 0.5476375892758369 6.54381338506937 7.757782783359289 0.783965602517128 0.6261245980858803 1.116281434893608 0.09934954345226288 1.392888329923153 0.1957074925303459 0.166022501885891 0.4155370369553566 0.2936282157897949 3.819175377488136 8.062701120972633 0.1840704381465912 2.764864265918732 269.7833750024438 0.718168705701828 2.644530773162842 10.62890076637268 23.67129401862621 0.3096401691436768 20.08149260282516 57.86447812616825 2.586063519120216 50.21183079481125 43.24254976212978 0.2896437644958496 5.888287931680679 24.90758504718542 3.656795687973499 4.611276805400848 0 0.09959395229816437 0 0 0 0 0 0 0 0 0 0 1.320648580789566 0 0.1979484558105469 0 0 0 0 1.163398802280426 0 0 0.6054345369338989 0.6725595146417618 0.3778220191597939 2.568099766969681 1.003545306622982 1.854072131216526 1.721135899424553 0 0 0 0 0 0.9373648762702942 0 0 0.3365379497408867 0 0 0 0.351533442735672 0 0.08849865198135376 0 0.2282571792602539 0.4046428129076958 1.105278611183167 0.6117245256900787 2.730291426181793 2.995539546012878 2.82994569838047 2.045985788106918 0.2694664224982262 0.08495893329381943 0 0 0 0 0 0.3327292501926422 1.893474481999874 0.1810120493173599 0 0 0 2.478868678212166 0 0.9344865828752518 0.6363592594861984 0.7790527939796448 0.7068133875727654 0 0.4150194227695465 0 0 0.1067029684782028 0 0 0 0 0 4.161469340324402 0 0.2461797147989273 439.6769753545523 5.108021214604378 119.596148468554 17.98992818593979 532.4204622507095 1.452679723501205 2.19702310860157 3.597593620419502 17.79765409976244 0 0.892048753798008 0.6592139303684235 34.49931412190199 0.09528566151857376 0.1252488344907761 0 3.820101283490658 0 164.7695826515555 2.19029276072979
30.17904929816723 1493.679906673729 363.2870286107063 25.25616510957479 883.1240895092487 5.943088389933109 2587.215194538236 133.6232308149338 3178.926796808839 2367.704495642334 1821.617430977523 116.8680219501257 951.6719481423497 1557.597239479423 9.535296507179737 1.470591843128204 0 0 0 0 0 0 0 0 0.5987110733985901 0 0.1115624457597733 0.08323371410369873 0 0 39.9147083312273 5.567598521709442 8.330673575401306 0 0 0 2.062451794743538 0.3488798439502716 0.2835111767053604 0 0 0.1973950415849686 0.1236134320497513 0.6502013653516769 0 0.2994808554649353 90.7054734826088 1.610733456909657 0.103926494717598 0 0.3407872095704079 0 0.5741752684116364 0 1.27576882392168 2.627748101949692 5.684060767292976 25.03393135219812 5.052851609885693 16.71007025241852 0.109912283718586 0.6220303326845169 0 21.48281207680702 1.892344199120998 1.651462838053703 0.5736080855131149 0.8999026045203209 0 0 7.159248128533363 0 0 23.68228771537542 30.36847399920225 30.30724139511585 5.030166395008564 0.3304988220334053 0.3669014871120453 16.03452996909618 0 1.509009763598442 6.546570107340813 0.1902483031153679 1.324141927063465 3.763821195811033 0.1594626307487488 0.08213871717453003 0.3401796966791153 0 0.1006213128566742 0.09196233004331589 0.08914997428655624 0.1856799051165581 0.100681409239769 13.69635461270809 4.216714799404144 0 0.4602148830890656 4.99368391931057 0 0.252114474773407 3.817025914788246 0.7838928997516632 0.3598755896091461 1.298819899559021 1.98239603638649 2.765289723873138 6.292610019445419 9.999093666672707 0.6837044209241867 7.35306865721941 20.96929281949997 6.667431004345417 8.021428763866425 0 0 0 0 0 0 0 0 0 0 0 0 0.1245315372943878 0 0 0.3050487041473389 0.6799652576446533 0 0 0.6674941182136536 0.4457136392593384 0 0.1729481667280197 0 3.320257738232613 2.680300340056419 2.621001496911049 0.45919069647789 0.4931177198886871 0 0 0 0 0 0.8408945202827454 0 0.5141245126724243 0.6543002873659134 0 0 0 0 0 0 0 0 0 0.1030153706669807 0.2460523396730423 0 0.3905686438083649 5.196217462420464 0.487570732831955 0 0.09857211261987686 0 0 0 0 0 0 5.187756732106209 0.4233328104019165 0 0 0 7.117952734231949 0 2.646521598100662 0 0.4975763708353043 0.3710616827011108 0.3600634932518005 0 0 0 0.0957719013094902 0 0.07638245820999146 0 0 0 3.785280004143715 0.4333429336547852 0.9515598714351654 162.3195001706481 2.777388490736485 104.417755395174 32.37109253555536 33.81857647746801 2.127508938312531 0.1911479011178017 11.65006241202354 8.593161463737488 0.1113200634717941 0.6817105114459991 0.2134911566972733 11.8373692035675 0 0.09366621077060699 0 5.260547757148743 0.1147749796509743 33.42363903671503 1.596949502825737
77.30161371082067 456.476278282702 65.77265870571136 374.8420716151595 5.943088389933109 20.43930704891682 54.69215644150972 2.462901137769222 9.049817003309727 543.8117427974939 18.48741418123245 55.34081027656794 26.20276755839586 17.82277036458254 0.1108113005757332 0 0 0.09543335437774658 0 0 0 13.2849959731102 0 0 0.1531657427549362 0 0 0 0 0 67.89031793177128 5.187787987291813 14.26847208291292 0 0 0.3118159919977188 11.21873632073402 3.839024506509304 7.495800755918026 0.1548522263765335 0 0 0 0 0 0 8.170410990715027 0.7751522362232208 0.07718180119991302 0 1.088256917893887 26.42552506178617 8.446156442165375 0.2807906717061996 1.022965349256992 1.249592110514641 66.53719586879015 92.8944828659296 12.12365943938494 9.509821556508541 0.1203954741358757 7.52159234136343 0.1115277782082558 0.5227656811475754 1.226679377257824 1.02785936743021 0.7415958791971207 0.2112746462225914 0.2006388455629349 0 54.18233324587345 194.6367801651359 23.85616865009069 18.40843329578638 4.41195996850729 2.619520530104637 0 0 0 5.247473232448101 0.3250353187322617 1.777808420360088 3.369616597890854 0 0.3181021958589554 0.922609381377697 0 2.850579291582108 1.796252816915512 12.90449974685907 2.66676414757967 2.14415604621172 0.1971492916345596 0.2329651787877083 0.6694963201880455 303.7344353422523 271.0405068546534 23.32646216452122 46.06769063323736 468.3290600776672 0 0.233668714761734 2.050560101866722 0.6338539123535156 0 0.340154230594635 1.488550275564194 0.7653189450502396 3.539006441831589 3.998257458209991 0 0 7.96629786491394 1.390668585896492 0.3921273499727249 0 0 0 0 0 0 0.1100781783461571 0 0 0 0 0.3143230527639389 0.8625587671995163 0 1.651493534445763 0 0.5575954094529152 0.8056379482150078 1.966872550547123 0 0.6026285737752914 0 0.4399681836366653 1.005978129804134 0.9594515413045883 0.4779403954744339 0.6745440736413002 0.5283243060112 0.6556125730276108 0 0 0 0 0 0.3210036084055901 0 0.1214000284671783 0 0 0 0 2.014960087835789 0 0 0 0 0 0.2055745124816895 0 0.1328827440738678 0 1.1897307112813 0 0 0 0 0 0 0.09991233050823212 0 0 0.1631104201078415 0.1609175354242325 0 0.1189296543598175 0 0.9534107744693756 0 0.331030398607254 0 0 0 0 0 0 0 0 0 0 0.1005260050296783 0 0 1.409331828355789 1.179151125252247 0.5642896294593811 102.3081558272243 0.4279807507991791 17.10950095951557 3.871453896164894 293.6442364603281 1.166120126843452 0.2915956377983093 0.4971710741519928 5.360236257314682 0.1450124979019165 0 0 12.29605560004711 0 0 0 0 0 166.398844987154 1.063203200697899
214.0811954215169 1874.563114121556 26.02561755478382 426.3281484469771 2587.215194538236 54.69215644150972 274.4280734360218 3.207203775644302 1415.591601535678 2516.533328581601 464.158303424716 318.4628304690123 2116.19347236678 695.7666001692414 12.4718908444047 1.609314806759357 0 0.1958420276641846 0 0.1253836750984192 0 0.08661037683486938 0 0 0 0 0.08230143785476685 0 0.09539623558521271 0 41.47667282819748 3.272191666066647 7.138433448970318 0 0.2402223497629166 0.2620038390159607 3.648767188191414 0.3401222229003906 1.062145873904228 0 0.2971135824918747 0.3143541067838669 0.07807796448469162 0.310054786503315 0 0.1693848147988319 117.0816517099738 4.012390546500683 0.481209360063076 0 0.4835436344146729 0.07924199849367142 0 0 3.815927758812904 7.629870999604464 15.16530917212367 70.80913479626179 21.0826577283442 39.46824860945344 0.1749190911650658 1.313017897307873 0 26.68938539922237 5.618950691074133 4.52967656776309 1.997742235660553 1.518821902573109 0.2602783739566803 0.07081173360347748 6.886326968669891 0 0 77.75726731494069 60.67762394994497 56.77594096958637 5.868008896708488 0.8748258352279663 0.5492319986224174 4.783911310136318 0.179020993411541 1.708273090422153 15.40494407713413 0.2670742198824883 4.792168848216534 6.915695175528526 0.6643512099981308 0.6727113574743271 1.005073919892311 0 1.228989109396935 0 0.1584447026252747 0.5130704194307327 0.2499338015913963 16.2939473092556 4.012434497475624 0 0.7417573630809784 22.05503495037556 0 0.3350142240524292 9.464851535856724 6.618694379925728 1.738936007022858 13.88324691355228 6.149292916059494 29.7800412774086 21.57414889335632 13.29893308877945 3.878267496824265 356.9741411805153 113.3389728218317 17.90466377139091 11.94546916335821 0.1232793405652046 0 0 0 0 0 0 0 0 0.6490598320960999 0 0 0.3419411182403564 0 0 0 0 0 0 0.2881464064121246 1.625245630741119 0.6136738657951355 3.32286137342453 0.3017237186431885 3.045054145157337 3.628207072615623 5.985166326165199 2.630883723497391 1.158947974443436 0 0 0 0 0 0 0 0 0.3378753364086151 0 0 0.2551023215055466 0 0 0 0 0 0 1.03544557839632 0.2280545979738235 0 2.026756688952446 7.434566169977188 2.11148875951767 0.09985741227865219 0.09812390059232712 0 0 0.1213224306702614 0 0 0 5.247337676584721 0.1625270545482635 0 0.123867891728878 0 9.511736795306206 0.4525864720344543 2.581304356455803 0 0 0.4743740409612656 0 0 0 0 0 0 0 0 0.0767192542552948 0 8.234742000699043 0 2.742926806211472 317.091686591506 5.026554293930531 151.7969460934401 37.63622976839542 134.8545870855451 2.682057790458202 0.8473363816738129 16.54239969700575 8.837201975286007 0 1.084719978272915 0 21.57083886861801 0 0 0 10.85233727097511 0.4838022589683533 67.70746614784002 3.50588570535183
60.38243440538645 432.9074928760529 2204.157099112868 1.533289864659309 133.6232308149338 2.462901137769222 3.207203775644302 1670.109037138522 149.2986553311348 5.8713164255023 2000.786369182169 74.15483047068119 85.52381765842438 911.6968339979649 105.024503223598 35.71381738036871 1.053447924554348 1.164054445922375 0.4137595072388649 8.211771138012409 1.347911581397057 0 4.017378203570843 2.572283647954464 5.133780777454376 0 2.788849383592606 0.3867151886224747 0.3329116106033325 0.5779427140951157 520.4037759527564 2312.620735108852 381.2002700269222 5.228248544037342 6.045900009572506 9.713506333529949 25.485875017941 16.79117548465729 19.97433516383171 3.353363133966923 1.863821998238564 3.520788460969925 9.952755659818649 20.07175260037184 2.374335363507271 3.990906447172165 236.87677128613 2.240142852067947 0.9961616918444633 1.146686360239983 2.196021616458893 0.6721949055790901 0 0.7544783651828766 1.340631172060966 4.213687211275101 8.844808138906956 62.02174384146929 6.281818024814129 31.60837195813656 74.98965048789978 91.04051896929741 4.791182115674019 159.7562164664268 2.714497245848179 2.160751365125179 0.7831745445728302 1.147721149027348 10.75593316555023 21.27958627790213 34.07672332972288 1.693807065486908 0.124307356774807 26.17148979753256 53.1260162293911 125.8891811519861 54.24444791674614 314.4458321332932 2555.345292337239 2402.289741203189 167.2274863943458 1237.361265644431 6.274309135973454 0.3986313194036484 2.373591423034668 3.596041202545166 0.4866240099072456 0.09503350406885147 0.4720108360052109 0.1021892875432968 0.5886693224310875 0.4771721735596657 10.2666714116931 7.206848040223122 2.295403681695461 7.447821073234081 4.207880616188049 0 6.251105554401875 14.24930261820555 0 0.186804860830307 0.4682870805263519 0.1975764483213425 0 0 0.1739584356546402 1.331334233283997 0.7523119896650314 2.189432889223099 0.2259754091501236 1.786350220441818 8.237321436405182 2.163910076022148 3.061110153794289 0.1841243505477905 0 0 0 0 0 0 0 0 0.2008122354745865 0.3390272259712219 0 2.363257177174091 0 0.2130410969257355 0 0.2559670060873032 0 0.115142397582531 0.2525628507137299 0 0 1.779731579124928 0.1933180391788483 1.86039425432682 1.504880800843239 1.543854713439941 1.829232312738895 0.9902664572000504 0 0 0 0 0 0 0 0 0 0 0 0.1423738151788712 0.3924371972680092 0 0 0 0 0.09257835894823074 0.4930526614189148 0 1.08274931460619 1.619084075093269 3.824680149555206 0.3131555318832397 0.5291234403848648 0.07981518656015396 0 0 0 0 0 0 2.11575523763895 0.1816834211349487 0 0 0 1.972652420401573 0 1.209772735834122 0 0 0 0 0 0 0 0 0 0 0 0 0 0.6518251895904541 0.3547085523605347 2.47196264564991 363.1062286645174 11.82806899398565 198.925869628787 96.74576380848885 61.80956579744816 6.340020790696144 0.6443761140108109 35.09515569359064 5.473356634378433 0.9897105544805527 0 0 3.327356114983559 0 0 0 20.67805892974138 3.168666988611221 14.08731555193663 1.169307485222816
18.86706756055355 903.9433907046914 248.0575366467237 29.12585145607591 3178.926796808839 9.049817003309727 1415.591601535678 149.2986553311348 879.0298288613558 771.7096370570362 1052.81124458462 507.7908462136984 1819.154176905751 617.8352018222213 29.28188186138868 12.57765220105648 0.30118028819561 0.2393611818552017 0 0.267832450568676 0 0 0.1782218813896179 0 0.2345957681536674 0 0.245218999683857 0.3302325084805489 0.5877417698502541 0 29.24811670929193 7.823403619229794 28.23194628208876 0 0.219829335808754 0.5858830660581589 5.631672099232674 0.9259919375181198 2.03084210306406 0.4111921191215515 0.1066664755344391 0.3118781223893166 0.151830866932869 0.8597327470779419 0.09560160338878632 0.2761750742793083 106.9672991707921 1.569779112935066 0.4012932777404785 0.1427328586578369 0.3422706946730614 0 0 0 1.5275499522686 3.438594307750463 5.702696047723293 17.15596856921911 5.040354985743761 14.08770774304867 0.4755308553576469 3.353155255317688 0 14.50372503697872 2.176861815154552 2.591619901359081 0.8396870270371437 0.367740623652935 0.06310515105724335 0.5053771734237671 21.4040971249342 0.7649478763341904 0 21.05929167941213 18.52484647929668 50.40371594578028 10.39154987037182 3.277533918619156 1.982230313122272 25.01516352593899 1.540429919958115 9.708984322845936 6.150221019983292 0.06806160509586334 2.784577492624521 3.561264500021935 0.09976688772439957 0.1414347887039185 0.9231515228748322 0.06414324790239334 0.8517338484525681 0.2963535934686661 1.174256794154644 0.6462796255946159 0.621792808175087 44.33504711836576 6.342041112482548 0 2.446741499006748 4.305626712739468 0.3413752019405365 1.940704226493835 11.54949855804443 4.659917682409286 3.061908349394798 6.666770912706852 9.495683170855045 9.288342021405697 29.36795749515295 23.00065713375807 3.023246645927429 19.62030654400587 89.75977891683578 26.90588223189116 24.09551307559013 0.533282458782196 0.5167248845100403 0 0 0 0 0 0 0 0 0 0 4.273960843682289 0 0.4812913239002228 0 0 0 0.1197591572999954 3.611521370708942 1.895619735121727 0.5221827626228333 3.227150797843933 0.1441529840230942 9.977624021470547 6.838149935007095 12.8105418458581 1.065806001424789 0.9240424335002899 0 0 0.2630490958690643 0 0.267698734998703 1.754074394702911 0.4425318390130997 0.23392453789711 1.517092481255531 0 0 0 0.7839022725820541 0 0.4002960696816444 0.2612658143043518 0 0 0.7781321704387665 1.107192382216454 3.146894633769989 4.937924236059189 15.56590536981821 5.030100420117378 0 0 0 0 0.4100176692008972 0 0 1.041855067014694 12.27527952194214 0.3101032376289368 0.2773924320936203 0 0 20.47143507748842 2.783435016870499 8.52227146923542 0.1069690361618996 1.597841411828995 0.29883973300457 0.113139845430851 0.4874975979328156 0.2598803043365479 0 0 0.1188700571656227 0 0 0 0 15.16567731648684 2.24202935397625 3.58473901450634 332.5834701508284 6.085165739059448 123.8410606458783 51.14659954607487 54.74534104764462 3.860868267714977 0.4844530373811722 22.6707364693284 13.41510750353336 0 2.30284521728754 0 40.05769466608763 0.2320418357849121 0 0 13.44193457812071 1.413406431674957 100.1905988305807 10.21908032894135
1025.858252614737 2364.458871930838 165.2931111603975 3683.926377810538 2367.704495642334 543.8117427974939 2516.533328581601 5.8713164255023 771.7096370570362 2067.201714888215 337.0265129059553 3160.634218722582 3416.366230539978 434.3201114833355 20.98112499713898 2.981074415147305 0.4621999710798264 0 0 0.2096231430768967 0.2428746521472931 0 0 0.1082527637481689 0 0.2296004965901375 0 0.2166266590356827 0.3253074139356613 0 69.06991086900234 8.862724132835865 136.6404385119677 0 0.2179246544837952 0.1762320697307587 53.35894862562418 10.99134489893913 14.2832411006093 1.094702653586864 0 0.3632702231407166 0.1559986509382725 0.5126446709036827 0 0.6433343589305878 244.6732121482491 9.508206479251385 0.8811629936099052 0 1.690256841480732 0 0.2356561571359634 0.3703136965632439 10.02718601375818 18.63970733061433 43.19450879842043 167.5546336397529 56.5213278979063 96.0080576390028 1.027109771966934 29.92518198490143 0 33.63824912905693 13.27756476029754 11.98034277185798 3.307268284261227 3.523379825055599 0.2767093479633331 0.6560217142105103 301.8934465944767 0.2927232980728149 0.127104640007019 171.9520895630121 106.1287154257298 104.6015197187662 10.56760484725237 0.981215238571167 0.9469095319509506 21.13366494327784 0.3249054998159409 24.20703250914812 38.50919660180807 0.5591182932257652 11.43395302817225 15.24719116464257 0.9168837293982506 0.8415100872516632 1.769591182470322 0.1218947842717171 2.333952590823174 0.5290799662470818 0.5172386765480042 1.130270883440971 1.160009421408176 480.9401014596224 327.2558661103249 0 31.61670523136854 140.2380880117416 7.482869364321232 11.7813328653574 72.52990313619375 45.03490079194307 22.2274077385664 60.55726151168346 67.71210645139217 55.47334170341492 204.7802670747042 183.0018892511725 14.68837533891201 144.0863980948925 515.3322020098567 132.5115033686161 93.26913224905729 0.7766240239143372 0.1036337614059448 0.1787846684455872 0 0.5422871112823486 0 1.144446849822998 0.3576332479715347 0.1622569411993027 0 0 0 22.80242002010345 0.1811147183179855 0 0.4648808538913727 1.042156875133514 0.320672020316124 0 20.40678091347218 12.23191811144352 0 8.018958359956741 0.9877020716667175 46.06517165899277 45.1944497525692 61.04787774384022 26.67585184425116 14.34075379371643 1.651222378015518 0 0 0.797107957303524 1.358671307563782 3.35703332722187 1.657044634222984 1.873107820749283 0.5812597423791885 0 1.513873733580112 0.2677447199821472 3.379948735237122 0 0.2107738628983498 0 0.2039333432912827 3.510321408510208 6.268097013235092 7.308546766638756 15.32812944054604 28.6569616496563 64.25514739751816 22.95519229024649 0.5724471360445023 1.115385711193085 0 0.1472278237342834 0 0 0 3.457423090934753 61.01594156771898 2.598907634615898 0.7725956737995148 0 0.07936011254787445 92.51270049065351 8.157110169529915 51.3488686978817 2.701228268444538 4.000910326838493 3.299645841121674 0.3473224639892578 2.37904816865921 0.08630013465881348 0 0 0.1747360825538635 0.06839203834533691 0.1100920960307121 0 0 80.08983670175076 9.454517468810081 38.34730888903141 2342.279315039515 18.66000488400459 376.1576021686196 103.8027887046337 932.6354997307062 13.40550192445517 3.767733223736286 55.52560809999704 153.4429394006729 0.9945677667856216 8.022953122854233 1.780401162803173 352.9184127822518 0.40321084856987 0.5445128083229065 1.567312926054001 27.79299137741327 2.132606372237206 600.1519503742456 49.71624365448952
54.09140391647816 803.7358093708754 1838.8241090253 9.164534024894238 1821.617430977523 18.48741418123245 464.158303424716 2000.786369182169 1052.81124458462 337.0265129059553 1490.128184303641 739.0271670669317 2778.428204886615 1702.259478375316 57.16558294743299 24.67200798541307 0.6851104497909546 0.08261159062385559 0 0.4696392640471458 0.188506230711937 0.1447875797748566 0.8156380727887154 0 0.745178647339344 0.2250177636742592 0.1830788254737854 0 0.3580612540245056 0 138.5122762471437 254.6665446460247 314.074851218611 0.3949414640665054 0.1395407319068909 0 56.50200621038675 10.5118737667799 7.356203779578209 0.1512192636728287 0.427348330616951 0.07909364998340607 0.3667820692062378 3.336480863392353 0.112515926361084 0.3284287378191948 140.7457080706954 1.662373080849648 0.07825835049152374 0.1096398755908012 0.4382031634449959 0.2566146105527878 0.7504781037569046 0.3186793923377991 1.425461679697037 1.545803129673004 7.062024876475334 28.38353832066059 5.939115829765797 12.97063310444355 3.947420440614223 23.62135624140501 0 25.01982232183218 1.945369139313698 2.213937245309353 0.6349949389696121 0.5375396907329559 0.6401665881276131 1.096363745629787 98.7083465307951 1.146986559033394 0 19.31310650333762 24.84008677303791 56.11881292611361 19.22072168439627 5.418115369975567 308.704706594348 448.9006789848208 2.450615845620632 291.6303028762341 4.18604389578104 0.1629199460148811 1.424464099109173 2.194430448114872 0.149480938911438 0.1989280357956886 0.3980153650045395 0 0.458029679954052 0.4628828093409538 1.962281376123428 1.184884041547775 0 90.84617924690247 12.04157565534115 0.1106637194752693 10.00646103173494 12.05385801941156 0.1470374763011932 0.8211166113615036 10.20014972239733 7.407003507018089 7.285953789949417 7.647355958819389 9.814814791083336 12.4746521115303 33.98092233389616 39.44066141545773 2.827501341700554 25.11079856008291 116.2859609350562 38.67537374794483 27.56088936328888 0.294196680188179 0.3535490781068802 0 0 0 0.1554702073335648 0.8434523344039917 0.267911970615387 0 0 0 0 3.077167555689812 0 0.1768531501293182 0.1848338097333908 0 0 0 4.895082026720047 1.47634568810463 0 2.883518487215042 0 13.06813531368971 8.533631220459938 14.44631983339787 3.813372433185577 3.610549591481686 0.1316606551408768 0 0 0 0.1813689917325974 0 0 0 0.5308783501386642 0 0.4015131890773773 0.1963548213243484 0.4778014272451401 0 0 0.4792926609516144 0.1198064312338829 0 1.975148372352123 0.1615275591611862 0.07829795777797699 9.852085158228874 20.92503579705954 8.180638760328293 0.1912931650876999 0.4300193190574646 0 0 0.1527105420827866 0 0 1.973879247903824 23.16480473428965 1.541963212192059 0.3291369825601578 0 0.1449773013591766 29.29443740844727 1.216369152069092 9.256172075867653 0 1.280967831611633 1.042326554656029 0.3376524448394775 0.2571114301681519 0 0 0 0 0 0 0 0 16.3677035421133 2.815723985433578 4.176510751247406 593.5288855656981 6.016254507005215 155.7950017824769 81.42763706296682 108.2609403654933 8.267841301858425 1.127561993896961 54.71438100934029 20.69388271868229 0.9850241541862488 3.865897350013256 0.1651861965656281 54.01749560981989 0.1053942739963531 0 1.739790126681328 19.97921019792557 1.502064540982246 172.7215721383691 15.61803987622261
55.71341727674007 150.4482739195228 101.1930062621832 146.1555109769106 116.8680219501257 55.34081027656794 318.4628304690123 74.15483047068119 507.7908462136984 3160.634218722582 739.0271670669317 336.3319398164749 1711.801648177207 515.7173547893763 12.88224583864212 4.564459681510925 1.01134666800499 0.1225590333342552 0 0.1167227327823639 0 0.8382282853126526 0 0 2.73584321141243 0 0 0.160874143242836 0.323964461684227 0.2931869775056839 26.52985467761755 14.55988168716431 314.1936890482903 0.2874739915132523 0.300548680126667 0.3044575899839401 526.7217030003667 46.94963354617357 72.96012301743031 4.726254835724831 0 0.1024879664182663 0 2.264024347066879 0 0 56.30423690378666 0.3047764301300049 0.1393630653619766 0.1263611167669296 0 1.433213457465172 2.629497475922108 0 0.57521852850914 1.352612420916557 3.590899161994457 10.09674390405416 3.808766651898623 10.27646477520466 2.845108404755592 29.27571710199118 0.1050882488489151 15.05817570537329 0.8460153415799141 1.145723782479763 0.2284940928220749 0.1795703172683716 0.3588991612195969 0.2299438118934631 399.3199201598763 2.260249398648739 0.2392090708017349 12.76243655756116 13.46741607040167 14.36747894436121 4.626054860651493 3.729066289961338 2.916482537984848 90.58174373954535 0.3100444376468658 20.91839011013508 2.989667899906635 0.2557341158390045 0.9836076721549034 1.330826930701733 0 0.1775926649570465 0.09794746339321136 0 0 0 0 0.2219798862934113 0.2018617764115334 1042.576665066183 188.6926199048758 0.4962997287511826 94.03005923330784 39.13164368271828 1.226323761045933 4.981389477849007 42.83744820207357 17.3888341486454 8.322758696973324 22.7949068620801 34.60771267861128 35.14104582369328 82.09759583324194 105.1798094138503 11.14180652052164 65.61631181836128 324.3211319819093 102.7145470753312 84.26712761819363 1.315850824117661 0.1041686460375786 0 0 0 0 0.5686766356229782 0.09877187013626099 0 0.127770721912384 0 0 6.959875740110874 0 0 0 0.2077922746539116 0 0 5.428298518061638 4.812410414218903 1.203553199768066 2.603591755032539 0.8018422275781631 31.82054927200079 11.84726372361183 34.21833959966898 6.320611909031868 6.192501433193684 0.1936971843242645 0.7104796469211578 0.1427263468503952 0.4760812073945999 0.2296195328235626 2.61810228228569 0.1398522704839706 0 1.313688382506371 0.1514773815870285 0 0.7641386538743973 0.8247895091772079 0 0.1613328605890274 0 0 0.3245129957795143 2.487728111445904 1.612404361367226 3.048221275210381 8.372916907072067 34.52990934252739 5.855337277054787 0.8433081656694412 0.496399000287056 0 0 0.1561191976070404 0 0 0 49.11737065017223 3.26176555454731 0.2400734275579453 0.1146147474646568 0.5106001049280167 58.0528247654438 0.6956917494535446 16.87922460585833 0.9471347033977509 1.807320967316628 2.092839941382408 2.532763853669167 0.4133307710289955 0 0 0 0 0 0.1188466846942902 0.485715389251709 0 56.8939747735858 4.017621763050556 10.80658803880215 552.1856662407517 3.133122034370899 71.33535198122263 33.06356102228165 145.4878029674292 6.840283371508121 1.986136376857758 21.17491744458675 59.63946395367384 0.1463015079498291 4.554570935666561 1.590001508593559 158.4003193080425 0.7278282344341278 0 0 9.007653832435608 1.1729376912117 817.1929197832942 49.61048832535744
82.05416126549244 1938.395506579429 256.1741263195872 728.8232397213578 951.6719481423497 26.20276755839586 2116.19347236678 85.52381765842438 1819.154176905751 3416.366230539978 2778.428204886615 1711.801648177207 5740.978513047099 5148.378976881504 39.35423920303583 16.34537935256958 1.10375352203846 0.06447522342205048 0 0.1159537956118584 0.2563220486044884 0.4980242624878883 0.3710360527038574 0 2.191487736999989 0.1954701244831085 0.476982019841671 0 1.310116656124592 0 54.47603199630976 15.22251906245947 588.2303445339203 0.2847874909639359 0.1199991479516029 1.193890295922756 469.5524700209498 29.02013674378395 82.85154545307159 0.153388038277626 0.2845204174518585 0.1915138438344002 0.1275839507579803 3.370708003640175 0 0.2505657076835632 113.808803319931 2.067488856613636 0 0.1885984987020493 0.4292209148406982 0.6500461846590042 1.665779501199722 0.1369825303554535 1.392416179180145 3.650212787091732 9.523023471236229 41.37993552535772 7.533554758876562 23.25483797490597 3.345054134726524 18.51951726526022 0.3319534137845039 30.48361624777317 2.65939948707819 2.535363059490919 0.6857751831412315 0.9370555654168129 0.2882501035928726 0.6800966113805771 292.9939093068242 0.7339665144681931 0 33.92270324006677 37.16509041935205 49.10556637868285 13.88433174043894 3.384546332061291 5.60683261603117 128.1998663619161 3.526469051837921 29.09923806041479 6.507807970046997 0.07213607430458069 2.881978612393141 2.743613317608833 0.4162755683064461 0.1488175019621849 0.4410912394523621 0.1776203885674477 0.5228273756802082 0.2172486782073975 0.4177826046943665 0.2524623200297356 0.2707107067108154 455.162294074893 30.60555101931095 0 36.69891536235809 18.52565990388393 1.168425843119621 2.774070151150227 21.89278540760279 10.61530078947544 7.598095834255219 14.34189884364605 21.55369461327791 19.4118832051754 62.57732576131821 52.42875918745995 7.88909113407135 49.42258746176958 201.853293761611 56.64117812365294 48.27399785071611 0.5397974997758865 0 0.4873009026050568 0 0 0 0 0.1140176802873611 0 0.7543137669563293 0 0 1.704445943236351 0 0.4690917134284973 0.3654119223356247 0 0 0 4.298748731613159 3.397406846284866 0 1.286300294101238 0.7931748330593109 18.87288481742144 10.16739013791084 22.32221262156963 4.21081905066967 3.599803246557713 0.1087460443377495 0.5238925814628601 0 0.1358730643987656 0.1199673190712929 4.476553022861481 0.1566057056188583 0.6818395704030991 1.032776072621346 0 0 0.2244977653026581 1.148092813789845 0.3706699460744858 0 0 0 0.2871569916605949 2.14843176305294 0.8418297842144966 3.001500874757767 8.437638610601425 23.63207615911961 5.428763344883919 0.1786874085664749 0 0 0 0 0 0 0.6170435324311256 30.72547014057636 2.186018265783787 0.3877896219491959 0.2744758129119873 0.1185413971543312 37.10800632089376 1.024367853999138 15.21189830452204 0.6104853674769402 1.929369024932384 1.621232621371746 0.2755208313465118 0.7337983474135399 0.1098228320479393 0 0 0.1552891582250595 0.08230584859848022 0 0 0 36.7080864161253 2.350354813039303 11.14509260654449 481.5725288614631 6.910254769027233 143.1125401780009 61.13082570582628 112.765719756484 3.805626899003983 2.075932420790195 29.12502951920033 42.64737878739834 0.1772348582744598 2.67133904248476 0.646080955862999 85.23620557039976 1.219383597373962 0 0 12.96717870980501 0.3880040198564529 357.4304383397102 27.85494867712259
