431.3179134577513 3267.529459401965 580.4516605660319 1551.704843513668 12.34389504790306 91.18336099386215 430.2300753295422 175.2031244561076 5.899062275886536 911.3401495069265 99.7889511063695 156.9251307249069 105.7063189893961 40.40169428288937 1.938051246106625 1.262257024645805 0.5647701397538185 0.3065892159938812 0.1476777195930481 0.6329740583896637 0.0931674987077713 0.4964182674884796 0.5676025003194809 1.629889026284218 0.2545346319675446 0.1005218774080276 0.1248120442032814 0 0 0 2272.846732623875 19.07445703446865 13.28487844020128 0 0.1331592500209808 0.2854336723685265 8.593742579221725 2.496119126677513 4.781033374369144 0 0.4868947863578796 0.7224530950188637 1.481649078428745 0.4348199591040611 0.35178492218256 0.1926585361361504 27.22118751704693 1.044696241617203 1.200508184731007 0.1344476044178009 0.910813182592392 4.459249697625637 0.4380787760019302 0.3169545754790306 8.684470310807228 12.1282881423831 225.862727291882 1481.007578991354 118.2574598863721 85.15340521931648 0.4626495838165283 8.565456815063953 0.1150301620364189 79.79526440054178 6.504684314131737 1.092535369098186 0.3494414910674095 0.8268629238009453 2.408894501626492 3.621131002902985 24.76329390704632 82.4437148720026 9.345558226108551 310.9444246590137 59.80956616252661 63.15540997684002 8.391273081302643 1.691164173185825 0.2836925983428955 38.72743996977806 0.2006125077605247 10.53926488757133 9.983185142278671 1.231091812252998 2.394000954926014 2.430736124515533 0.09932690113782883 0.9837563931941986 0.724293164908886 2.205876648426056 0.3697703778743744 0.4233016967773438 7.873014383018017 0.1694043725728989 0.5463919118046761 126.7959942519665 201.8040196821094 32.84080630540848 14.85046742856503 1263.379486165941 2.387714862823486 37.95856617391109 34.46259455382824 25.96383526921272 7.162809938192368 22.38782779127359 27.87232433259487 8.750847399234772 21.29578295350075 41.96538554131985 0.8134294748306274 23.21111236512661 25.0950026884675 13.03037572652102 6.316636100411415 0.1168760359287262 1.071651645004749 0 0 0 0 0 0 0 0 0 0 0.1263958811759949 0 0 0 0.2664632871747017 0 0 9.633279457688332 1.45355748385191 0 0 0 4.739263772964478 0.3515595495700836 2.625563807785511 0.795820064842701 0.08783531188964844 0 0 0 0 0.5145490020513535 0.2433658391237259 0 0 0 0 0 0.2418693453073502 1.728903166949749 0 0.1292808651924133 0 0 0.09432975947856903 0 1.221553057432175 0.1003874614834785 0 9.464692123234272 0.3969430774450302 0 0 0 0 0 0 0.1851361840963364 0.1205316781997681 2.951028421521187 0.7759367302060127 0 0 0.1528649479150772 3.598732814192772 1.159643799066544 3.568818278610706 0 0.1159390732645988 0.7263427376747131 0.2033621668815613 0.7629376202821732 0 0.3360657393932343 0 0.1382153928279877 0 0 0.3792532384395599 0 7.924055092036724 0.8945135325193405 2.76389017701149 55.886693097651 6.922146826982498 106.1537191197276 14.76728324592113 625.0682589784265 6.767997831106186 1.524162262678146 0.7120784521102905 22.7081008926034 0.2552118077874184 0.7140329107642174 0.1192986816167831 111.1126528382301 0.6188132166862488 7.3962621986866 0 0.1908026933670044 0.9432970285415649 513.1024802327156 171.3459868356586
3267.529459401965 3125.682407967746 1831.029461696744 1429.2593639642 2457.98905300349 169.119741551578 3556.945768795907 1294.507345788181 4774.098357126117 1479.711138121784 2405.18912563473 531.4143709465861 2114.52209097892 1215.844214342535 48.6598879545927 9.521269708871841 1.440250843763351 2.564308680593967 0.4920741617679596 1.046361841261387 1.593360587954521 1.234723642468452 1.562552966177464 1.033155754208565 1.189959660172462 0.4827570840716362 1.074712388217449 0.3308472335338593 0.4204997718334198 0.1575380191206932 3161.937105223536 203.3101056069136 149.0018438175321 0.2988646999001503 0.6041656881570816 1.789396785199642 42.27464483678341 28.18509433418512 7.800391763448715 1.919827118515968 2.596416234970093 0.8910845592617989 4.559234291315079 4.774153992533684 1.852620266377926 1.767915740609169 289.7248065248132 6.547633565962315 3.522760182619095 1.940743900835514 1.614933237433434 4.2586405351758 0.87982477247715 1.809613727033138 25.0335630774498 47.28531225025654 180.2567252665758 965.0625203847885 189.1693965271115 301.3005513101816 1.621167704463005 43.02991480380297 0.1283877491950989 814.7368789836764 25.35895121842623 7.714448802173138 2.002222217619419 3.796033628284931 8.141637362539768 9.146138213574886 31.93620995432138 1.491142123937607 0.7479481548070908 582.440498508513 418.019972756505 359.6131693571806 194.1868974044919 16.99627942591906 5.58261926472187 196.5203346163034 4.022704876959324 33.97535382956266 49.69281215965748 3.713063314557076 12.08264608308673 11.06692566722631 1.169681705534458 0.4569133892655373 1.541327841579914 0.5287375152111053 1.929717779159546 1.028916373848915 22.41298606991768 2.948238201439381 4.709393493831158 50.45707709342241 7.401521302759647 0 8.674590319395065 539.3503803536296 0.397891491651535 9.357756808400154 17.09185323119164 8.405274003744125 0.4624864459037781 31.24613522738218 12.66931219398975 7.740074217319489 23.40642423927784 22.62877701967955 3.414700008928776 36.77900154143572 33.42179959267378 20.77901386469603 20.1012412160635 0.620231069624424 0.7808417230844498 0 0 0 0 0 0.1966720223426819 0 0 0 0 0.3737338110804558 0 0 0 0 0 0 4.225230194628239 2.002776399254799 0 0.4614285826683044 0 10.13723101466894 0.8731223121285439 13.97551351040602 7.353279121220112 0.8940508291125298 0 0.1353577077388763 0 0.9153073132038116 1.375745438039303 0.1920033097267151 0 0.4297692179679871 2.007568217813969 0 0 0.1732210665941238 0.7948100864887238 0.3890897780656815 0.4083265289664268 0.09841242432594299 0 0.09517251700162888 0.2969864010810852 0.1529387235641479 0.5496013015508652 1.500503525137901 15.05534609407187 2.540492780506611 0 0 0 0 0 0.7431907802820206 0 0.3462816029787064 27.26920091360807 0.1419947296380997 0.2315320298075676 0.1171161904931068 0.4849355071783066 17.49872945994139 5.846146620810032 5.828364111483097 0.1614210680127144 1.363844633102417 3.415785245597363 1.723269239068031 0.3063375726342201 0 0.2132069990038872 0 0 0 0 0 0 29.84151750802994 5.695336192846298 7.720275215804577 418.5178180783987 19.87867245823145 815.5398989319801 120.3518136888742 230.5014344453812 41.28009973466396 7.517869368195534 12.0588396191597 11.63210324943066 0.802519790828228 5.067242093384266 0.5278551280498505 23.3970208466053 0 3.241577453911304 0 6.923752591013908 3.774602457880974 363.992029517889 66.42460881918669
580.4516605660319 1831.029461696744 1282.50409784168 209.2327860072255 1573.831380866468 2.6908960044384 333.9065315574408 5364.286287412047 1359.577196799219 38.21648614853621 4177.978378146887 28.85149214416742 207.5855087414384 1291.505328774452 25.73538772016764 8.309962272644043 1.113606534898281 1.616905763745308 0.1931804418563843 1.258286312222481 2.950909703969955 4.518057629466057 2.22973395884037 1.250605516135693 3.628256358206272 0.4853359833359718 2.771217316389084 0.2624256908893585 0.7683233171701431 0.9849158674478531 2827.108356125653 1114.574647776783 250.5062096118927 1.001165948808193 2.311873808503151 3.972979426383972 66.55813337862492 49.03385519981384 14.81477123498917 2.508663363754749 0.9188058078289032 0.7810856550931931 6.593434557318687 2.484241873025894 0.5470254048705101 0.6512980759143829 71.06645260006189 0.5642864108085632 0.4682978838682175 0.7598777413368225 6.228460118174553 4.665168978273869 1.78561457246542 1.248583666980267 3.540506385266781 7.104117624461651 27.82002987712622 177.3508898690343 30.45324205607176 43.4343761280179 2.625241316854954 91.9221340790391 0.4355412721633911 339.9669374078512 4.086752220988274 2.384512476623058 0.7419333755970001 2.205421403050423 7.585209406912327 19.39738515764475 39.90980992466211 1.162523724138737 0.1076191663742065 87.3574570119381 63.3097570091486 68.44434183090925 49.60174029320478 12.8307957649231 14.95429389178753 681.4754574522376 2.118318185210228 99.09703425318003 8.386760540306568 0.1673441752791405 1.405427314341068 1.550861030817032 0.4453184455633163 0 0.3318205773830414 0.6689803600311279 0.3351600021123886 1.206579878926277 39.97924404591322 2.539028167724609 1.317567586898804 26.9320652037859 4.84006080031395 0.1088419854640961 10.22307141125202 35.05441030859947 0.1963028535246849 0.6944114118814468 1.245680034160614 0.2812987864017487 1.083951905369759 4.18947609513998 2.55636140704155 1.707344330847263 5.344789229333401 5.744359515607357 2.722678437829018 8.112098470330238 10.43671244382858 12.86719886958599 7.024297833442688 0.966534286737442 0.3820641711354256 0 0 0.4803771674633026 0 0 0 0 0 0.2925888001918793 0 0 0 0 0.8888457119464874 0 0 0 1.174499809741974 0 0.4245131313800812 0.1011287048459053 0 4.912613198161125 1.548478670418262 9.64295045286417 2.915569484233856 1.02116821706295 0 0 0 0.2535911127924919 0.3715928569436073 0 0 0.1211043745279312 1.456640899181366 0 0 0 1.390331618487835 1.323316588997841 0.1139722242951393 0 0 0 0 0 0.2162274941802025 1.098873540759087 7.579929009079933 1.863076813519001 0 0 0 0 0 0 0.1635715216398239 0 11.8898021876812 0.9120016992092133 0 0.2489902824163437 0.1076241210103035 8.918018199503422 3.506487339735031 3.942147478461266 0.6004442572593689 0.2855128943920135 1.114234425127506 0.1124170422554016 0.8129947036504745 0.3092930614948273 0 0.1252197921276093 0 0 0.3390118777751923 0.2229098528623581 0 15.117865011096 4.440443612635136 5.547781117260456 164.9139626249671 5.622455909848213 178.7888579666615 46.47745561599731 12.75810918211937 12.79075844585896 0.4778875932097435 4.901203744113445 6.306154824793339 0 2.070106007158756 0.3567247688770294 0.758461207151413 0 0 0.1277531683444977 4.748070105910301 0.6272379457950592 23.67961860448122 11.40461267530918
1551.704843513668 1429.2593639642 209.2327860072255 551.4320659637451 11.33444879949093 552.6568899005651 640.843665368855 5.664712563157082 10.11745677888393 1788.423373401165 10.3244264870882 2120.311222180724 1077.073938891292 58.60753974318504 0.3035126328468323 0.1909223720431328 0 0 0 0.1033421829342842 0 0.1498187184333801 0.1088744401931763 0 0 0 0 0 0 0 206.0042034015059 2.03688508272171 2.261333167552948 0 0 0 5.348326861858368 0 0.6480296105146408 0.1210829839110374 0 0 0 0.1008286774158478 0 0 9.587660565972328 0.3494648411870003 0.5036842823028564 0 0.08817289769649506 0 0.7414209842681885 0.419257290661335 2.573929779231548 3.843794897198677 28.85690965503454 158.5731101557612 28.47305050492287 26.506432056427 0 0.4213270545005798 0 27.66797056049109 1.394646100699902 0.2852900102734566 0.1019884571433067 0.1098486483097076 0.3249058052897453 0.2492043748497963 5.996855445206165 3.578117474913597 0.5498197376728058 63.41005628556013 24.91509097069502 17.59683128446341 4.10857268422842 0 0.1354565471410751 0.9745010286569595 0.3182338103652 0.2115948274731636 3.534199841320515 0.251667745411396 1.161485977470875 0.5764165744185448 0 0.104497566819191 0 0.2457796782255173 0 0 0.253829300403595 0 0 60.08929626643658 14.04772254824638 1.09167854487896 1.812360174953938 200.3304288908839 0.9407941401004791 9.47856605052948 10.93174321949482 9.499439552426338 3.49753600358963 17.79979987442493 14.43959964811802 2.131726399064064 15.89826982468367 13.3267717063427 1.2439224421978 12.31318788975477 13.94258929044008 6.034825675189495 3.690507143735886 0 0 0 0 0 0 0 0 0 0 0 0 0 0 0 0 0 0 0 2.054544530808926 0.6506593227386475 0 0 0 0.5405822694301605 0 0 0 0 0 0 0 0 0 0 0 0 0 0 0 0 0.1472916007041931 0 0 0 0 0 0.1211675554513931 0 0 0 0.9591705650091171 0.1097232475876808 0 0 0 0 0 0 0 0 0.5453943461179733 0 0 0.09562988579273224 0 1.872118547558784 0.6688467264175415 1.173531770706177 0 0 0 0 0 0 0 0 0 0 0 0 0 5.725824117660522 0 0.4590009748935699 10.25631045550108 1.146805658936501 29.50805521011353 1.753305375576019 703.4186488091946 2.246760815382004 0.2565407603979111 0.3062869310379028 6.136304795742035 0 1.160345286130905 0 36.7854829877615 0 0 0 0 0 602.4198828041553 89.22909095883369
12.34389504790306 2457.98905300349 1573.831380866468 11.33444879949093 3088.658128976822 1.134624928236008 1927.906777590513 203.0625724419951 4175.276322029531 196.1960883289576 1283.915815494955 47.480613976717 536.894661821425 989.2362569347024 14.43029008060694 2.726622924208641 0.09325706213712692 0.3567950129508972 0.08070490509271622 0.3042085766792297 0.3029127642512321 0.1227704137563705 0 0.1662618368864059 0 0.1252536475658417 0 0 0.322909839451313 0 125.6836455687881 37.96426463127136 18.50513237714767 0 0 0.2569273263216019 13.93552024662495 2.484684109687805 0.2803113460540771 0.115607962012291 0 0 0.3609976842999458 0.7759876772761345 0.1530216112732887 0.6328081265091896 73.42122946679592 0.2847215309739113 0.7340030372142792 0.8424933925271034 0.1862694397568703 0.381756603717804 0.1492054462432861 0.08407986909151077 1.892545819282532 5.904928714036942 8.36603070795536 28.85705142468214 11.04352711141109 31.14025083184242 0.3870155960321426 7.807582534849644 0.08840412646532059 97.32945760339499 2.990924954414368 0.8497235924005508 0.1771183386445045 0.6958604976534843 0.6440689787268639 0.4276336058974266 15.94113501161337 0.2793596088886261 0.09406348317861557 41.99153283983469 57.53417440503836 64.11258426308632 43.87154337763786 3.434282243251801 0.7036545723676682 15.19319394230843 0.3898098468780518 6.277085810899734 5.546370059251785 0.3327805995941162 1.399603188037872 1.303667828440666 0.3703404068946838 0 0.5767488181591034 0.102079838514328 0 0.5084711685776711 1.339408934116364 0.2953169643878937 0.1692333817481995 29.58975046873093 2.29463267326355 0 0.08188270777463913 1.919581182301044 0 1.256782531738281 10.04049032181501 2.217617154121399 2.315088033676147 18.20517311990261 5.34930881857872 6.311910629272461 13.62222000956535 12.81230282783508 1.304781317710876 23.94923080503941 24.2573969066143 20.62744086235762 19.11181495338678 0.4446882009506226 0.4663420990109444 0 0 0 0 0 0 0 0 0 0 0 0 0 0 0 0 0 0.9007768630981445 0.5994298905134201 0 0 0 6.274940863251686 1.064184099435806 11.03625240176916 3.31239727139473 0.2712931334972382 0 0 0 0.3633810579776764 0.8538622260093689 0 0 0.5190090537071228 0.5250896587967873 0 0 0 0.489119365811348 0.1068786308169365 0.2001383230090141 0.2018509358167648 0.1362655907869339 0 0 0 0 0.4499142169952393 15.86459151655436 2.9332305341959 0 0 0 0 0 0 0 0 18.91736990213394 0 0 0 0 13.75110141187906 5.448522627353668 1.774827346205711 0.571329802274704 0.1333361715078354 1.634258359670639 0.3052657321095467 1.229135476052761 0 0.1741532906889915 0 0 0 0 0 0 21.10893328487873 1.305717594921589 3.421565987169743 139.387878164649 3.553448371589184 206.5312402695417 49.99725807458162 6.903475075960159 22.12689929455519 0.2175303846597672 1.504870131611824 9.953019231557846 0 0.6872133389115334 0.774332657456398 3.382261104881763 0 2.139828681945801 0.9955848380923271 2.436675772070885 0.4505822360515594 13.00256991386414 17.12375258654356
91.18336099386215 169.119741551578 2.6908960044384 552.6568899005651 1.134624928236008 11.06577338278294 64.50963541120291 1.026821374893188 1.462940514087677 811.6578639298677 2.403372079133987 367.1375554352999 80.74014544487 18.43585040420294 0.215786412358284 0.4115431606769562 0 0 0 0 0 1.159611240029335 0 0 0 0 0.2430570125579834 0 0 0 83.61316414177418 0.7731457352638245 12.11586068570614 0 0 0 26.31439715623856 6.183898657560349 14.8201662749052 0 0 0 0 0 0 0 0.2594332545995712 0 0 0 0.1540904492139816 13.18031280487776 1.824048846960068 0 0 0.2281054928898811 28.58971266448498 12.33521427214146 0.92082729190588 0.6721216663718224 0 7.86790756881237 0 0.6077018082141876 0 0 0 0 0.2020027115941048 0.278420627117157 116.9146462976933 276.3363969549537 37.05148304998875 3.356260314583778 0 0.5511380657553673 0.2530150189995766 0.8955289274454117 0 6.385004565119743 0 2.681324452161789 0 2.21687263250351 0 0.2686484605073929 0 6.526083320379257 1.809045508503914 9.320284970104694 0 0.519473522901535 0.1400538682937622 0.1657700538635254 0.189087837934494 313.9687761664391 801.5079368799925 156.9497238397598 84.74326348304749 294.4630044847727 0 3.16923651099205 0.1949650347232819 1.056844845414162 0 2.280500337481499 3.288493543863297 1.145399942994118 2.981516718864441 1.292583703994751 0 0.6090032160282135 3.101075187325478 1.350661098957062 0 0 0 0 0 0 0 0 0 0 0 0 0 0 0 0.502948172390461 0 1.161405764520168 0.1279466301202774 0.3797752261161804 0.7822835892438889 0 0 0.1586431413888931 0 0 0 0 0.2301264852285385 0.901881642639637 0 0 0 0 0 0 0 0 0 0 0 0 1.724232092499733 0 0 0 0 0 0 0 0 0 0.114519365131855 0 0 0 0 0 0 0 0 0 0.2550901845097542 1.181974694132805 0 0 0 0 0.9055024310946465 0 0 0 0 0 0 0 0 0 0 0 0 0 0 0.1493692845106125 0.4267968684434891 0.2481283843517303 46.14844705909491 0 1.722462743520737 1.363327100872993 558.3990187719464 0 0 0.7644637227058411 2.18530086427927 0 0.3450700044631958 0 6.942202001810074 0 0 0 0.4469950199127197 0 60.84766524285078 15.57685829699039
430.2300753295422 3556.945768795907 333.9065315574408 640.843665368855 1927.906777590513 64.50963541120291 1466.663506813347 106.6865926980972 1901.695857450366 1201.60726569593 435.0346393212676 579.5399006307125 4475.108665809035 2830.708969280124 18.02555055171251 2.783419460058212 0.5075024962425232 0.1919733658432961 0.3066670522093773 0.4261454641819 0.2626526281237602 0 0 0.1308867335319519 0.4155133292078972 0 0.1242667809128761 0.1851818487048149 0 0.08459872752428055 198.712255269289 34.75714287161827 23.55469646304846 0 0 0 17.18567867577076 3.806650340557098 1.687706105411053 0.3076515793800354 0.176340714097023 0 0.08878856152296066 0.6938673183321953 0.3875489979982376 0.6903104856610298 110.0191814079881 1.126888990402222 1.394714526832104 0.07892888784408569 0.8324598670005798 1.043312333524227 0.3050125315785408 0.7456012889742851 4.296070381999016 9.680678680539131 30.87226174026728 101.4865484088659 34.06656868010759 76.57727852463722 0.2810140997171402 7.17964880168438 0 184.5335485711694 5.760956883430481 0.8470721617341042 0.6189736872911453 0.1866976767778397 0.5384830832481384 0.4613538384437561 21.89091799408197 0.5205537527799606 0.228576548397541 106.4844179823995 98.61612005531788 90.35015574842691 64.70994739979506 6.617113448679447 0.7689277082681656 17.64765951782465 1.216099806129932 6.516968801617622 8.86579030752182 1.012925371527672 2.79020868986845 2.68865779787302 0.2029597163200378 0 0.6589853018522263 0.4927327185869217 0.1108922809362411 0.1016982048749924 4.251012586057186 0.08113183826208115 0.6348162069916725 83.80455867946148 2.957651123404503 0 4.344081066548824 23.11013260483742 1.032250359654427 6.543606832623482 39.32529497891665 38.14907017350197 1.00678589195013 64.23283730447292 30.38306254893541 13.56686137616634 76.44525450468063 41.72059924900532 3.668155632913113 69.29221814125776 69.31901662051678 26.6620165631175 26.75823216885328 0.1960975453257561 1.220152482390404 0 0 0 0 0 0 0 0 0 0 0 0 0 0 0 0 0.1281126141548157 6.694454774260521 2.760897800326347 0 0 0.3876004219055176 15.36332221329212 3.072743803262711 12.77456623315811 2.802237495779991 0.3447759225964546 0 0 0 0.9792123138904572 1.041807025671005 0.336367204785347 0 1.379346616566181 1.923162832856178 0 0 0 0.7491261959075928 0 0.1366556286811829 0.1467035412788391 0 0.187084935605526 0.7908351868391037 0.2061172127723694 0 0 14.16732180118561 6.963388450443745 0.6991986855864525 0 0 0 0 0 0 0 27.48719510436058 0 0 0 0 19.97600916773081 6.181943468749523 7.671790510416031 0.813560776412487 0.9859346821904182 3.260156445205212 0.8382486402988434 0.7928933277726173 0.130763828754425 0.1037191897630692 0 0 0 0 0 0 36.38293624669313 7.55656985193491 10.81756205111742 221.7510633096099 6.380896560847759 304.7680450230837 67.1330754160881 50.61118280142546 23.25013326853514 0.9118697121739388 8.887034304440022 15.01550859957933 0 10.07431941479445 0.9107676297426224 16.91871716827154 0.1661290526390076 1.468145608901978 0.1374116837978363 5.335351973772049 0 170.6927394419909 67.22011031210423
175.2031244561076 1294.507345788181 5364.286287412047 5.664712563157082 203.0625724419951 1.026821374893188 106.6865926980972 1912.312141910195 935.5255314037204 2.856233417987823 2076.268255382776 15.18721901625395 197.5657006278634 1814.996371589601 44.03957419097424 16.36522570997477 2.812658227980137 9.166256368160248 2.329974383115768 17.59720730781555 22.13239645212889 3.625862769782543 11.30479395389557 11.93714285641909 9.854556612670422 1.26058928668499 5.973676778376102 1.969153091311455 0.7310464754700661 0.9861123710870743 2106.166528396308 4537.912445791066 197.1032182574272 7.292062163352966 9.016304269433022 12.37603754550219 34.77246994525194 25.47867628186941 10.99576303362846 5.524135887622833 4.78858145326376 3.009469538927078 34.24702095240355 44.3897976949811 11.75999266654253 31.31429900974035 117.8170090690255 5.232642531394958 6.141871333122253 10.27144012600183 6.489631876349449 18.34979400783777 4.613967187702656 5.81215301156044 3.31716014444828 5.092629574239254 13.97358010709286 76.57247202843428 13.30579165369272 43.0159509703517 100.3581542223692 224.5215340927243 8.227499470114708 378.913846604526 3.894610553979874 6.266372539103031 1.253281496465206 9.091508187353611 55.60559082776308 94.15293483436108 18.42922284454107 2.195663914084435 0.1241649016737938 45.75323838740587 91.18256933242083 111.5453777611256 227.7602703273296 298.7808578982949 1438.687471799552 2208.739696420729 218.4665449485183 2289.204943522811 9.3327646702528 0.1129815503954887 6.7112100943923 1.460104301571846 4.607136398553848 0 1.332019701600075 1.588190607726574 2.368787534534931 1.388862170279026 129.475199662149 12.74399135261774 7.045559108257294 10.53953249007463 3.357994019985199 0 6.534439727663994 25.2779606282711 0 0 0.1139736324548721 0.1276930421590805 0.5043070912361145 0.878067672252655 0.1358100324869156 0.1651808023452759 1.437243923544884 0.1258683949708939 0.2745253294706345 1.360583566129208 3.321934476494789 1.516237996518612 2.296892665326595 0.2257006913423538 0.4275830239057541 0 0 0 0 0 0 0 0 0.7928351759910583 0 0.2154348716139793 0 0 0 0.3466019034385681 0.228321835398674 0 0.683506578207016 0.3761736080050468 0 0.8919964581727982 0 2.753512941300869 1.329596720635891 3.415068753063679 1.856745637953281 0.8924572989344597 0 0.4885030388832092 0 0 0.3532981649041176 1.082879759371281 0 0.1054565459489822 0.2208309769630432 0 0.2629436254501343 0.2378879189491272 2.177378088235855 0.6680910140275955 0 0 0 0 0.5622658729553223 0 0 0.2339468374848366 1.997877426445484 0.5067939683794975 0 0 0 0 0.1047059446573257 0 0.09754535555839539 0.3733477294445038 4.056107714772224 0.1329555064439774 0 0.462162047624588 0.4299140647053719 3.353786878287792 1.447311483323574 2.950980305671692 0 0.11151172965765 1.058033466339111 0 0.8682660758495331 0 0 0 0 0 0.4135239943861961 0 0.8915247768163681 2.372386984527111 1.463103160262108 3.329398892819881 206.8956085592508 5.377974651753902 303.4879093393683 80.15182051062584 8.813193954527378 23.96131540089846 0.4266355782747269 3.880952499806881 5.438032299280167 0.2657081782817841 2.844022676348686 0.3175500631332397 0.4975881278514862 0 0 0.1287279427051544 6.334835708141327 1.216612040996552 11.94382409006357 6.077039517462254
5.899062275886536 4774.098357126117 1359.577196799219 10.11745677888393 4175.276322029531 1.462940514087677 1901.695857450366 935.5255314037204 622.4628112092614 67.52061377465725 2054.031049013138 14.2279511988163 844.2469250708818 1692.247869499028 10.70451213419437 2.353506617248058 0.4816161915659904 0 0 0 0.167767271399498 0.9205213189125061 0.1035232618451118 0.08464711904525757 0 0 1.102833315730095 0.08410806208848953 0 0 54.56685723364353 20.22966312617064 97.81979970633984 0 0 0.8284403085708618 8.478954792022705 5.725631229579449 1.714910544455051 0.3978406116366386 0 0.3481635004281998 0.4181672036647797 0.294914223253727 0.1003142967820168 0.1185956373810768 38.49715436995029 0.1937846839427948 0.0957716628909111 0.08078863471746445 0.4118130579590797 0.1991387605667114 0 0.1335973143577576 0.9017541855573654 2.377435132861137 2.807947516441345 9.340536803007126 4.270368188619614 12.44636722654104 0.1174038052558899 19.29777833074331 0.08723326027393341 47.27119182050228 1.118008345365524 0.6832589879631996 0.2548764944076538 0.1945863217115402 0.2938918173313141 1.113614082336426 12.31941973417997 0 0.1778625249862671 14.82637166976929 19.58997794985771 29.13063838332891 23.55041299760342 2.674231588840485 1.669981278479099 258.9526680037379 0.1640042662620544 6.257562339305878 1.933917693793774 0.09463662654161453 1.01437209546566 0.9141108170151711 0.1853094473481178 0 0.1817931830883026 0 0.166795551776886 0 1.476777732372284 0 0.3942762687802315 17.56472499668598 0.4555601477622986 0 2.768344201147556 1.000750541687012 0.1599244177341461 0 3.291558027267456 0.6641804277896881 2.339386612176895 9.399965539574623 3.568233236670494 1.821507416665554 8.046598315238953 7.121265716850758 1.591164588928223 10.80157121270895 18.08479444682598 10.61192847043276 8.993244647979736 0.4870334565639496 0.6480116993188858 0 0 0 0 0 0 0 0 0 0 0 0 0 0 0 0 0 0.7047688439488411 1.208976671099663 0 0 0 2.810008220374584 1.127033889293671 8.100232660770416 0.8839810416102409 0.4782509654760361 0 0 0 0 1.367087200284004 0 0 0 0 0 0 0 0.2869367897510529 0.6405621767044067 0 0 0 0 0 0 0 0 10.43036383390427 0.2888839393854141 0.4331474304199219 0 0 0 0 0 0 0 13.20710081607103 0.7218308746814728 0 0.09393685311079025 0 10.5957839936018 3.908456616103649 5.169131249189377 0.1564135998487473 0 0.5081065073609352 0.3619518727064133 0.1290896683931351 0 0 0 0 0 0 0 0 19.07411853224039 4.480861857533455 3.792996950447559 111.8892461135983 0.8156235367059708 131.2019717022777 35.89629252254963 4.170125983655453 13.50217367708683 0.3047425076365471 2.301271818578243 5.175995983183384 0.2427348494529724 2.477999806404114 0.1296676397323608 0.9928775876760483 0 0 0 2.635578528046608 0.1278162151575089 14.85959271341562 14.68778406083584
911.3401495069265 1479.711138121784 38.21648614853621 1788.423373401165 196.1960883289576 811.6578639298677 1201.60726569593 2.856233417987823 67.52061377465725 1027.064327940345 15.77239163219929 2932.257482856512 4006.680019907653 363.7845629900694 0.6146218627691269 0.4844899475574493 0.2969100177288055 0.1544602066278458 0 0 0 0 0 0 0 0 0 0 0 0 59.44048392772675 1.833570055663586 10.87285676598549 0 0 0 34.18904739618301 1.942735716700554 0.4118820428848267 0 0 0 0.2455497235059738 0.1066576167941093 0 0 4.606143929064274 0 0.1990352421998978 0 0.1671188175678253 0.903039276599884 0 0.1436655223369598 0.5129622519016266 2.080465503036976 14.00380716472864 53.9161426872015 11.03630596399307 12.23083428293467 0 2.584751009941101 0 11.61438462138176 0.4267044886946678 0.09543376415967941 0 0 0 0 38.49323761463165 2.149805590510368 0.4486264884471893 28.69477768987417 13.63645651191473 11.11466762423515 1.085773229598999 0 0 2.939748153090477 0 1.922091618180275 1.083535686135292 0.228183351457119 0 0.8437458798289299 0 0 0.2792534604668617 0.108160600066185 0.1031507253646851 0 0.5380744487047195 0 0 256.5965190976858 78.64477795362473 1.558177277445793 0.7248304337263107 156.0289538428187 1.879061356186867 27.55312125384808 152.2193323224783 71.37915834784508 9.069835834205151 120.8351738750935 85.12928415834904 26.90144594013691 71.86649025976658 116.0520204305649 2.85389781743288 111.2771031707525 138.732741497457 40.60100496560335 12.63250495493412 0 0.1303836852312088 0 0 0 0 0 0 0 0 0 0 0 0 0 0 0.8889724612236023 0 0 5.124875910580158 1.604173496365547 0 0 0 2.408009149134159 1.912315532565117 1.544445522129536 0.5017979890108109 0.1689733266830444 0 0 0 0.09563849866390228 0 0 0 0.4576867073774338 0.7419998571276665 0 0 0 0.1662930250167847 0 0.08378475904464722 0 0.1768570989370346 0.3915685266256332 0.9677900522947311 0.7421818599104881 0 0 1.901434421539307 0.9300928041338921 0 0 0 0 0.1306722015142441 0 0 0 8.664872832596302 0 0 0 0 11.65384688228369 0.7408168911933899 4.255420014262199 0.275825209915638 0.8517657145857811 1.536037154495716 0.1930644959211349 0.337121993303299 0 0 0 0 0 0 0 0 30.08742930740118 1.509135194122791 0.8961793482303619 7.091575272381306 3.67865127325058 15.77187665551901 3.268202483654022 592.7647857740521 0.4593345373868942 2.714323446154594 0 19.4988666176796 0 1.920394919812679 0.8001901209354401 87.14363899827003 1.27380482852459 0 0 0.6473351120948792 0 1107.322502724826 311.6980894356966
99.7889511063695 2405.18912563473 4177.978378146887 10.3244264870882 1283.915815494955 2.403372079133987 435.0346393212676 2076.268255382776 2054.031049013138 15.77239163219929 1747.064229495823 50.9197271168232 818.0632331222296 3887.583106286824 27.40659134835005 11.38520406186581 0.5897547975182533 1.228113383054733 0.188701331615448 1.709861248731613 2.628767430782318 4.802137695252895 2.922181971371174 3.604241982102394 6.851809479296207 1.275599285960197 3.421323724091053 0.826532170176506 0.4394933134317398 0 361.9400031045079 239.8783575370908 780.956124573946 0 1.860531076788902 5.639420866966248 179.6817049309611 113.2534128054976 24.1031386256218 3.968115001916885 1.340284124016762 1.007730543613434 5.57445477694273 2.45631068944931 0.6634058952331543 0.5904687494039536 61.9996620118618 0 1.392936885356903 1.027270764112473 1.24119545519352 5.891882695257664 2.03320537507534 0.9278018549084663 2.002077780663967 2.084293365478516 4.131071545183659 15.97821478545666 6.537439331412315 15.99453028291464 1.530457198619843 262.6744352728128 0.7266270369291306 63.32672530412674 1.389100819826126 1.381093144416809 0.6385737583041191 1.396732769906521 3.287707202136517 8.448662862181664 74.56391605734825 4.28988653421402 0 16.07785767316818 30.02553842961788 51.46757341921329 48.49586983770132 13.72006832808256 20.39319148659706 2370.699601836503 0.9580417796969414 239.6420816853642 4.034275442361832 0.07514723390340805 0.8798516914248466 0.6182285845279694 0.6721204146742821 0 0.1825692281126976 0.3538278937339783 0.5254355743527412 0.104725569486618 19.08552657812834 2.596588723361492 1.259626105427742 35.30253941565752 8.400157794356346 0 14.94397601485252 8.561639897525311 0 0 3.609340682625771 1.913730137050152 0.8847711384296417 5.94236558675766 0.7380506470799446 2.501825876533985 5.541550926864147 4.499864242970943 1.174222618341446 10.72042890638113 11.42383279651403 3.958684809505939 7.65463151037693 0.9290226101875305 0.3033910542726517 0 0 0 0 0 0 0 0 0.81760174036026 0 0.2878187000751495 0 0.1210271120071411 0 0 0 0.1288101226091385 0.8130306378006935 0.8462070748209953 0 1.257426545023918 0.1811466068029404 4.216755881905556 3.120665736496449 6.940957441926003 2.835040807723999 1.177863106131554 0 0 0 0 0.3327001854777336 0 0.1265968531370163 0.3584167659282684 0.471844308078289 0 0 0 0.5953839272260666 0.6293954104185104 0 0 0 0.2100586742162704 0.0875464454293251 0 0.2621624022722244 0.5380971431732178 8.394750505685806 0.6431615948677063 0 0 0.4901914298534393 0 0 0 0 0.3274382054805756 10.0001470297575 0.3701996579766273 0 0 0 6.532459899783134 2.484362557530403 4.818042792379856 0 0.7330890819430351 0.8353588506579399 0.3249679207801819 1.515309900045395 0 0.2178457826375961 0 0 0 0 0 0 10.27579719573259 3.073137871921062 5.713830724358559 162.931097060442 4.424175441265106 167.2909241989255 48.27023194730282 6.646269880235195 16.20243354141712 1.140367276966572 3.674625732004642 4.586514577269554 0 2.66504667699337 0.5308248624205589 0.4162302315235138 0.1416781097650528 0.08755099028348923 0 5.08909872174263 0.8242205381393433 16.82085876911879 9.8910091817379
156.9251307249069 531.4143709465861 28.85149214416742 2120.311222180724 47.480613976717 367.1375554352999 579.5399006307125 15.18721901625395 14.2279511988163 2932.257482856512 50.9197271168232 345.8638048321009 3061.21708959341 387.2969870120287 7.520786568522453 5.022682592272758 0.2850598096847534 0 0 0.1512496769428253 0.2806493937969208 0.2132417112588882 0 0.1093911379575729 1.132010996341705 0 0.3084470182657242 0.3434086367487907 0.5570270866155624 0 21.26054578274488 7.681961067020893 168.98875233531 0 0.3129700422286987 2.180988147854805 477.8471299186349 56.03754842281342 23.89598013460636 1.761943973600864 0 0.2530578151345253 1.312270663678646 0.389746367931366 0 0 20.55646429210901 0.09474173933267593 0.1981003880500793 0 0.293531209230423 6.765460520982742 1.797048211097717 0.3148028999567032 0.4806162118911743 0.7789609879255295 3.278409659862518 14.14764347672462 3.898220777511597 3.466327577829361 0.1091726869344711 49.49129106104374 0.1292442679405212 14.37806405872107 0.3224359154701233 0.1910224258899689 0 0.2659097015857697 0.7472772300243378 1.142071917653084 333.0138355344534 1.866718739271164 0.1176264956593513 8.118297018110752 4.394809186458588 12.16552214324474 7.40141436457634 3.485708124935627 0.1689314246177673 49.60928450524807 0 10.65358066558838 0.7676923722028732 0 0.2797911390662193 0.2305972129106522 0.2106195762753487 0 0 0 0 0 5.09706749767065 1.301494583487511 0.1080587282776833 911.5519005656242 22.3110468685627 1.433245077729225 19.49744024127722 17.75783215463161 1.677622228860855 29.44154125452042 59.29757771641016 35.41871249675751 18.95019077509642 105.5717813968658 96.08226588368416 54.70183800160885 98.65770656615496 113.6454755961895 11.37420835345984 154.7146558463573 168.3609545379877 91.3205091804266 51.98271741718054 2.216544583439827 0.9952715784311295 0 0 0 0 0 0 0 0 1.083970546722412 0 0 0 0 0 0 0 0 10.34152948856354 2.561246253550053 0 0 0 19.71717141568661 4.086470775306225 18.9839198961854 2.43595777451992 0.3257479295134544 0.7731378674507141 0 0 0.4484963119029999 1.146718546748161 0.4066889733076096 0 1.01311769336462 2.572079926729202 0 0 0 0.3536252379417419 0 0.3603989481925964 0 0 0.0918613001704216 0.9018446058034897 1.064632475376129 0.6968475952744484 0.1335442960262299 21.49839063733816 4.818176075816154 0 0 0 0 0 0 0 0 54.05735451728106 0.105183944106102 0 0.1525506526231766 0 45.31293338537216 14.93741284310818 12.0856094956398 0.104993000626564 2.97578377276659 2.622242502868176 1.973898142576218 3.028208628296852 0 0 0 0 0 0 0 0 127.6499309614301 7.939868927001953 10.43140508234501 124.0878656432033 1.219815403223038 53.97366318851709 22.02466994524002 105.6311043053865 4.325859948992729 0.5019008219242096 2.3179771900177 34.42316932976246 0 6.734411716461182 0.9717346876859665 84.49020906537771 0 2.384261220693588 0.5093580335378647 1.723576292395592 0.4126945808529854 676.9640541821718 325.5854065194726
105.7063189893961 2114.52209097892 207.5855087414384 1077.073938891292 536.894661821425 80.74014544487 4475.108665809035 197.5657006278634 844.2469250708818 4006.680019907653 818.0632331222296 3061.21708959341 3572.97722248733 5064.257177188993 28.85652635246515 14.25036984682083 1.823501393198967 0.624487429857254 0.1140760481357574 0.5719138011336327 1.212628960609436 0.6382240504026413 0.4600663632154465 1.450890451669693 1.62018857896328 0 0.6682697236537933 0 0 0.4541751891374588 40.70273724943399 19.37726433575153 844.873887643218 0 0.1632352769374847 2.49670984596014 597.6176678314805 97.56782457977533 39.27492822706699 1.705239117145538 0.3086973130702972 0 1.206394679844379 0.5989316627383232 0 0 61.375348508358 0.4463578388094902 0.1784777343273163 0.76531021296978 2.277624741196632 7.058687269687653 3.023569360375404 1.104164011776447 0.9854787439107895 2.207886792719364 6.028435282409191 19.0834639519453 4.616487748920918 11.90592215955257 0.1235479414463043 117.9151654392481 0 35.25798034667969 0.7136707678437233 0.5276428610086441 0.1353062093257904 0.6918732598423958 1.043585300445557 4.099452212452888 297.8095602914691 3.03900620341301 0 21.29359851777554 19.41523487865925 34.47050628066063 33.79067463427782 9.322268456220627 0.4316523745656013 283.2081919983029 0.3997311219573021 38.60531429946423 3.78034757822752 0 0.2574036791920662 0.398275189101696 0.3947479799389839 0.1221311688423157 0.641611136496067 0.3648726791143417 0.9502997547388077 0.1055352240800858 14.82608503103256 3.759143576025963 2.461661644279957 603.8519479110837 16.4783930927515 0.6243369877338409 21.93454130738974 11.83367645740509 2.607207961380482 17.85282534360886 35.69133497774601 30.82161237299442 16.54189403355122 101.416775777936 54.78601086139679 48.63751306384802 88.53636410087347 99.05323284119368 17.70653437823057 157.3457035794854 163.943080291152 86.37241535633802 72.13730585575104 3.063730537891388 2.49645984172821 0 0 0.2304299622774124 0 0 0.2541388869285583 0 0 0.4122344851493835 0 1.030826836824417 0 0.6415594518184662 0 0 0 0 7.461317673325539 5.977881200611591 0 0.1637367010116577 0 23.35532661527395 3.264741539955139 28.72945924848318 5.895605079829693 1.818764768540859 0.1531868875026703 0 0 1.324133366346359 0.8086047619581223 0.388679139316082 0.1195122674107552 1.269158333539963 3.775161996483803 0 0.1065114438533783 0 2.730020366609097 0.7277237176895142 0.1121649891138077 0.5381884872913361 0 0.4989221207797527 0.8928305804729462 1.829427033662796 0.8205363899469376 1.820529341697693 52.94537410885096 9.44224925339222 0.08604076504707336 0 0 0 0 0 0.08909633010625839 0.1400222927331924 63.84079070389271 0.2956723570823669 0 0 0 41.52322021871805 10.82668025046587 17.87626927345991 0.6438709795475006 2.512270458042622 6.006109140813351 3.006682582199574 4.763097062706947 0 0 0 0 0 0 0 0 114.4985768571496 11.23282372951508 14.10272696614265 328.8538807854056 3.317928463220596 212.1811392307281 77.14649477601051 48.49827733635902 19.21014038473368 0.520944632589817 7.519091404974461 33.70807670801878 1.324864134192467 6.485308110713959 2.780046939849854 42.41866202652454 1.040094189345837 3.64404034614563 0.1090203374624252 10.3923936188221 1.244947120547295 257.0769447982311 186.1794354468584
