224.577605381608 1621.32632663101 829.978237837553 1197.490504354239 22.61104454100132 299.5070964694023 19.86391833424568 117.6128175035119 10.71618522703648 1354.233545318246 240.8027334436774 2.691409781575203 2.722291141748428 55.39976414293051 19.52659609913826 19.67825117707253 1.388018652796745 0.1179034635424614 0 0.4728531688451767 0.6344269141554832 2.933403149247169 1.807080492377281 2.227740712463856 0.2532882988452911 0.1331461668014526 0.1925896257162094 0 0 0.3868877738714218 1347.989349752665 13.71938075870275 53.69159238040447 0 2.160270139575005 8.281548134982586 6.968840852379799 1.12796950340271 1.461648046970367 0.2721412777900696 0.8930174112319946 0.4053899645805359 0.5929774641990662 1.417757242918015 0 0 63.83742904663086 1.480847977101803 0 0.09405224025249481 0.1356822997331619 9.581992745399475 6.636593982577324 0.8570371270179749 1.675648704171181 7.99646320194006 28.73635294288397 210.541230045259 13.59020259976387 25.33287499845028 0.8596345037221909 21.01374167948961 0 18.64844501763582 2.682783856987953 1.205152586102486 0.2649438604712486 0.2111226543784142 0.4415499866008759 1.812229447066784 9.541336260735989 63.34515967965126 19.80543790012598 32.33763507753611 17.40729394555092 63.53556960076094 41.90872134268284 3.431136414408684 30.55766201764345 524.2403509542346 0.1828081160783768 91.91956406086683 5.009151384234428 0.3675530552864075 1.153516791760921 1.984724417328835 0.09782706946134567 1.17862019687891 1.013564102351665 5.428503148257732 0.5701345503330231 0.435509979724884 3.533122427761555 0.7678549438714981 0.3198909908533096 546.2923330813646 517.5634097903967 117.0349847227335 8.834047429263592 1421.062625624239 0 0 4.161062091588974 4.693153083324432 2.654646635055542 3.517966352403164 12.28393724560738 0.8428145945072174 10.380156904459 68.7624581605196 5.001284457743168 4.104781061410904 8.462596215307713 0.3103954866528511 7.763592287898064 0 0 0 0 0.1398502737283707 0 0 0.1184496656060219 0.187090590596199 0 0 0 0.2437763214111328 0.2672633677721024 0 0 0 0.1975872665643692 0.1442727595567703 2.179925367236137 3.811417497694492 0 2.511390864849091 0.6666484326124191 1.467729292809963 2.082874037325382 0.7330443933606148 0.967382438480854 1.628325268626213 0 0 0.209492415189743 0 0 0.4083520472049713 0 0.2078108340501785 0.2538097277283669 0 0 0.4013708531856537 1.476309925317764 0 0 0 0.4246803820133209 0 0.2586562633514404 0 0 0.8177303597331047 0.8365334421396255 1.994942963123322 0 0 0 0 0 0 0 0.1709899306297302 3.063988275825977 1.663445726037025 0 0 0 0.6109130531549454 0.7112314850091934 1.231290206313133 0.09334749728441238 1.374974593520164 0.2156670689582825 0.129629448056221 0.3332868814468384 0 0 0 0 0 0 0 0 64.21113207191229 3.152835123240948 2.186261504888535 251.5753822624683 3.58257345110178 455.0751092657447 70.26306447386742 629.1958004459739 5.073645643889904 4.77099248021841 6.582064047455788 45.07425358891487 1.618335232138634 2.008255049586296 1.994145259261131 14.80607104301453 0 0.7010963559150696 1.54668316245079 0 0 182.621433891356 19.99406839162111
1621.32632663101 866.4245984256268 4033.585923470557 217.6904735863209 402.6344222128391 66.76071971654892 450.3395935595036 198.2450367435813 375.1646246165037 2223.614225655794 586.8505340218544 115.0788151919842 182.6179368570447 1715.837650507689 65.80113764852285 57.08288310468197 1.78539802134037 0.191344290971756 0 0.4343710690736771 0.2175224721431732 0 0.5912807136774063 0.8069271594285965 0.4923723936080933 0.146504744887352 0 0 0.1106295436620712 0.2726063132286072 1877.640532888472 31.09207978099585 34.68302374333143 0 0.368593230843544 2.019235774874687 7.94089413434267 2.542268887162209 1.153080932796001 0 0 0.1164326891303062 0.1099619939923286 0.4382319450378418 0 0.5704895853996277 215.7508063614368 2.836138248443604 0.8278960883617401 0 0 0.1037041619420052 0.4531212747097015 0 2.351867146790028 4.083135269582272 21.98180373758078 160.1302671581507 18.60401996970177 53.01968629658222 0 10.22653406858444 0.1957574114203453 31.45232003182173 2.058157064020634 0.7282089665532112 0.5453259944915771 0.5750462114810944 0.2902853712439537 0.6550715640187263 8.123598791658878 40.44676810503006 0 50.3773570433259 40.99052379280329 145.9070889353752 138.8651312813163 5.369624644517899 79.36978172510862 178.4660611227155 0.3107883110642433 29.03318231552839 6.837724737823009 0 0.9177825674414635 2.221444994211197 0.282332070171833 0 0 0 0 0.1356355547904968 0.6501509994268417 0.3595001697540283 0.1992441415786743 120.8241263404489 11.34905557334423 0 9.260632738471031 540.9419632926583 0 0.3964578583836555 9.924677968025208 0.6838179305195808 9.145338676869869 7.996621400117874 8.443576641380787 7.486412830650806 28.09476763010025 69.55062215030193 7.729275859892368 18.33226766437292 13.68036482483149 1.712177731096745 25.04867944121361 0.777414858341217 0.09146276861429214 0.1166838705539703 0 0 0 0 0 0.08609045296907425 0.08918920904397964 0.1606491655111313 0 1.073698364198208 0.08221118897199631 0 0.09754596650600433 0.2915511727333069 0.1917209625244141 0.2948698624968529 4.849057622253895 7.726254925131798 0.1759895086288452 4.832788646221161 1.712325096130371 4.55202816426754 6.047083772718906 2.810273684561253 2.697568126022816 6.968424655497074 0 0 0.3666692525148392 0 0 0.09303942322731018 0 0.3550620451569557 1.447153069078922 0 0 0 1.228139281272888 0 0.5666328072547913 0 0.09345441311597824 0.5343181565403938 0.3920198306441307 0 0.7900143787264824 2.737303026020527 5.814977541565895 6.387063853442669 0 0 0 0 0 0 0.09558297693729401 0.09497782588005066 15.43354874849319 3.665240839123726 0.1301078647375107 0 0 3.820086434483528 0.8355616256594658 6.625226125121117 0.1662848442792892 1.475184947252274 1.744801640510559 0.3133683130145073 0.7192851379513741 0 0 0 0 0.6077247858047485 0 0.1186244115233421 0 111.0018314570189 7.336040407419205 5.779219962656498 374.9254677593708 7.695105165243149 528.3605396226048 101.4868817776442 144.7290979921818 4.293674223124981 3.250431798398495 26.06059391796589 35.56344193965197 0.5719046145677567 8.082003906369209 3.562507160007954 15.75620159506798 0.09814003109931946 0.349357932806015 0.1195250526070595 0.8608352541923523 0 67.80841928720474 12.60473751276731
829.978237837553 4033.585923470557 671.9577950239182 129.4060194790363 229.6807813048363 1.784517377614975 340.7417907193303 1621.019177414477 168.8137258291245 1197.053901873529 1191.331092886627 12.16711719334126 10.88215926289558 837.2010712400079 83.84886322915554 62.24800340086222 1.441595815122128 0.3005098104476929 0 1.137451387941837 1.692379213869572 0 8.605697974562645 6.419604316353798 0.989958181977272 0.8016129657626152 1.570921503007412 0.6261371225118637 0.3936975747346878 3.212237782776356 2810.046107463539 324.0832443088293 66.31023728102446 0.3275928646326065 4.586548291146755 17.11717438697815 5.269452445209026 2.571251146495342 1.871428571641445 0.6315668597817421 0.7216335982084274 1.372674331068993 0.811341755092144 2.679187580943108 0.2136611193418503 1.429189302027225 238.9195075631142 6.396982178092003 1.12258480489254 0.3949951305985451 0.1980873718857765 2.440726563334465 0.5620602369308472 0.2205748558044434 4.844453379511833 13.3497848212719 59.80638892948627 441.2494517788291 37.84775888174772 85.84102859348059 3.003699697554111 45.33382849395275 1.403539560735226 177.7936928197742 5.756339840590954 3.827888354659081 1.304385349154472 1.253784470260143 1.883276931941509 3.423934914171696 5.442882895469666 39.68952646106482 0 112.5649046599865 111.0071386247873 280.0608552023768 265.1476301401854 10.06058187037706 220.4940864816308 1339.494441390038 0.8021405041217804 420.4888046532869 13.15342738479376 0.2054682374000549 5.307216629385948 4.96027585119009 1.114911928772926 0.2154071554541588 1.29632293432951 0 0.3473514020442963 0 5.924065761268139 3.837684288620949 0.5877700448036194 28.59934689104557 7.105474308133125 0.3706593364477158 6.848121747374535 423.8703019097447 0 0 2.437107495963573 0.8761214762926102 3.047790676355362 3.884864121675491 2.198733970522881 2.453548684716225 9.423125684261322 20.81774465739727 3.430985786020756 6.600301988422871 4.391773045063019 0.8960951864719391 9.904860489070415 0.5803045481443405 0.170595794916153 0 0.1048926562070847 0 0 0 0.08504924923181534 0 0 0 0.3743047118186951 0 0.08708814531564713 0 0 0.2258926406502724 0 0 2.617883741855621 1.904759861528873 0 1.003142297267914 0.3515201508998871 2.449961289763451 2.210349723696709 1.076065510511398 1.63339451700449 4.155923530459404 0 0 0 0 0 0 0.08619017899036407 0.3631891310214996 1.189858630299568 0.2210008352994919 0 0.3149057179689407 0.7286520972847939 0 0 0 0 0.2580413520336151 0.2617576494812965 0 0.2538610398769379 0.5146110206842422 2.766678169369698 3.009047143161297 0 0 0 0 0.27317975461483 0 0.1176995784044266 0.1824703887104988 6.500379003584385 1.49566562473774 0 0 0.112079344689846 1.635648086667061 1.120109990239143 4.395297326147556 0.1425397098064423 0.255609005689621 0.6636604219675064 0 0.09507466107606888 0 0 0 0.1207185089588165 0 0 0.1444659531116486 0.2593837380409241 42.0425893291831 2.208903446793556 2.970823705196381 275.2315008714795 9.326002687215805 629.4478620290756 86.80401340872049 122.0656537935138 5.151887178421021 2.071819633245468 17.52075792849064 11.86146243661642 0.149265930056572 4.162445545196533 1.455493941903114 6.470563374459743 0.2974112629890442 0 0.4843359589576721 0.1205791383981705 0 51.42501632124186 5.111924074590206
1197.490504354239 217.6904735863209 129.4060194790363 41.93661737442017 633.1002068221569 107.1929100751877 42.25048086047173 1.854746103286743 112.8250133097172 739.3981469869614 26.41399478912354 9.612055629491806 2.81232625246048 69.66800068318844 1.992418423295021 3.017716079950333 0.2142257392406464 0 0 0 0 0 0 0.3246655911207199 0 0 0 0 0 0 12.43509969115257 2.954251408576965 26.72947598993778 0 0 1.250168144702911 0.3127746880054474 0.1540653854608536 0 0 0 0 0 0 0 0 7.959495604038239 0 0 0 0 0.3127683103084564 0 0 0.3584336638450623 0.1350569725036621 0.9195810928940773 4.611104257404804 1.431008778512478 1.374423414468765 0 1.394761651754379 0 3.623200595378876 0.0912984162569046 0.08520820736885071 0 0 0.2446980625391006 0 0.3340850323438644 2.715992152690887 0 3.701402261853218 1.948653042316437 6.85438396781683 6.952012002468109 0.2287802547216415 5.931886456906796 74.89735978096724 0 6.32978244125843 0.1581640839576721 0 0 0 0 0 0 0.2674627304077148 0 0 0.3350643813610077 0 0 143.0771014690399 4.997517734766006 0.8208384811878204 0.2049093395471573 65.32826575636864 0 0 3.829881712794304 1.572092294692993 0.4030965864658356 1.134585022926331 1.145007908344269 0.3310158848762512 6.281935594975948 11.42410810291767 0.4823952317237854 0.6087309271097183 0.3687136322259903 0.218427911400795 1.627517536282539 0 0 0 0 0 0 0 0 0 0 0 0 0 0 0 0 0 0 0 0.1365241259336472 0.2568023875355721 0 0.1901554465293884 0 0 0 0 0 0.1078434213995934 0 0 0 0 0 0 0 0 0.40409055352211 0 0 0.1586353778839111 0.1029635444283485 0 0.8368874788284302 0 0 0 0 0 0 0 0.2537634074687958 0.1756676435470581 0 0 0 0 0 0 0 0 0.7709781602025032 0.3825010061264038 0 0 0 0.2266851738095284 0.2028871476650238 0 0 0 0 0 0 0 0 0 0 0 0 0 0 6.877562001347542 0.4745194092392921 0 16.84763026982546 0.1859757602214813 33.65655334293842 3.579034633934498 136.1016234457493 0 0 0.6175760328769684 2.836835458874702 0 0.3652227222919464 0.1555557101964951 0.2370082139968872 0 0 0 0 0 10.20000693202019 3.849563151597977
22.61104454100132 402.6344222128391 229.6807813048363 633.1002068221569 103.2294819355011 0 279.3097853809595 190.9709063023329 295.320215895772 125.0294724330306 636.2858932539821 78.93454221636057 245.5044120401144 1757.567437820137 15.80268274247646 23.49754755944014 0.1871291697025299 0 0 0 0 0 0 0 0.1917664259672165 0 0 0 0 0.102058582007885 2.745166547596455 3.321503482758999 9.532358549535275 0 0.2935883551836014 0.2351939976215363 2.928663037717342 0.9979036599397659 0.6200699284672737 0.1023689433932304 0 0.1338505297899246 0 0.1999982446432114 0 0 37.14618088304996 0.09545732289552689 0 0 0 0 0 0 0 0.08347205072641373 2.270194366574287 5.497401490807533 1.43847981095314 4.926150284707546 0 1.372330293059349 0 4.216842837631702 0.3598395213484764 0 0 0 0 0 5.00412356108427 15.54370433837175 0 4.846702001988888 5.005893930792809 12.44917736202478 26.56861443817616 3.192753218114376 36.64859816431999 43.87939013540745 0 2.747589617967606 0.2228607311844826 0 0.1765906363725662 0 0 0 0 0 0 0 0.1236861795186996 0 0 51.32428950816393 2.924473524093628 0 2.764265358448029 0.1091912314295769 0 0 0.7813001126050949 1.648257285356522 1.276372067630291 3.087315313518047 0.6339908465743065 2.187573835253716 6.490271583199501 5.906548850238323 1.726694211363792 4.34832239896059 2.465382479131222 0.8474082425236702 11.03759478032589 0.1181931495666504 0 0 0 0 0 0 0 0 0 0 0 0 0 0 0 0.09406379610300064 0 0 2.384914197027683 1.552147231996059 0 1.155603691935539 0.2066433131694794 1.792170986533165 1.615356281399727 1.419408977031708 1.0611577257514 1.909592039883137 0 0.08606426417827606 0 0 0 0 0 0 0.4055837467312813 0 0 0 0.6176706701517105 0 0 0 0 0.1353708058595657 0.08082800358533859 0 0.1138306558132172 0.5418477207422256 1.879819311201572 2.448503963649273 0 0 0 0 0 0 0 0 5.232373639941216 0.2166026756167412 0 0 0 0.6195290014147758 0.4029938131570816 1.514334574341774 0 0.9467577934265137 0.6239129081368446 0 0.0918952152132988 0 0 0 0 0 0 0 0 20.96539307385683 2.256495766341686 2.81240401417017 67.15658769756556 1.582822196185589 44.40387436747551 15.50016203522682 2.90971002727747 0.4121576100587845 0.4394232928752899 5.899511754512787 3.908342100679874 0 2.311398640275002 0.1102918386459351 0.5858131423592567 0.1049507930874825 0.2352722436189651 0 0 0 7.657552719116211 4.403476715087891
299.5070964694023 66.76071971654892 1.784517377614975 107.1929100751877 0 4.426607131958008 0 0 0 287.9129653573036 1.297198534011841 1.399595811963081 0.5236337184906006 0.1858256012201309 0 0 0 0 0 0 0 1.986549213528633 0 0 0 0 0.1770904362201691 0.2558459639549255 0 0 2.561221837997437 0 3.448057651519775 0 0 0.3034609854221344 2.834292262792587 0.7208212912082672 2.223786607384682 0 0 0 0 0 0 0 0.4692631661891937 0 0 0 0.1396271586418152 7.845020517706871 1.4476468116045 0.3686897605657578 0 0.2797797620296478 1.216233730316162 3.602714031934738 0 0 0 0.9584764391183853 0 0 0 0 0 0.0975847989320755 0 0 3.197219207882881 31.06733348220587 12.88157550245523 0 0 0.1434561014175415 0.7227712869644165 0 0 5.605104923248291 0 1.24999538064003 0 0.6619510129094124 0 0 0 1.410346902906895 0.2945175617933273 3.727954186499119 0.1662591546773911 0.5946548953652382 0 0 0.1645277887582779 54.92175027728081 233.615582793951 81.95741005986929 4.850234426558018 159.9522160291672 0 0 0 0.209097683429718 0.3238389194011688 0 0.4650699198246002 0 0.4655224084854126 5.172061443328857 0 0 0.8573058322072029 0 0.1786296665668488 0 0 0 0 0 0 0 0 0 0 0 0 0 0 0 0 0 0 0 0.6380190849304199 0 0 0 0 0 0 0 0 0 0 0 0 0 0 0 0 0 0 0 0 0 0 0 0 0 0 0 0 0 0.1872094422578812 0 0 0.5764661431312561 0 0 0 0 0 0 0 0 0 0.2774579226970673 0 0.2044354975223541 0 0 0 0 0 0 0 0 0 0 0 0 0 0 0.1738121956586838 0 0 3.742116302251816 0.1649718880653381 0 2.676413089036942 0 2.984070360660553 0 91.27132499217987 0 0.1160948127508163 0 0.9213393926620483 0 0 0 1.182798355817795 0 0 0 0 0 10.02307080477476 2.437409430742264
19.86391833424568 450.3395935595036 340.7417907193303 42.25048086047173 279.3097853809595 0 370.7037976160645 75.35097838938236 389.4463561996818 661.9213958978653 132.5028527453542 1164.478319443762 1536.858392544091 2673.057403035462 17.0890521928668 31.94101011753082 1.153682865202427 0.1999532431364059 0 0 0 0 0.2236481681466103 0 0 0 0.1387160569429398 0 0 0 4.943123072385788 1.59823801368475 18.93875611573458 0 0.1286278516054153 0.06997048854827881 7.475156292319298 1.62829215824604 0.4449744820594788 0.1832315698266029 0 0 0.09901954233646393 0.211028665304184 0 0 49.17582010477781 0.2008735686540604 0 0 0.1328891217708588 0 0 0.1232009083032608 0 0.6275801211595535 2.73460578173399 6.24823684990406 2.02965996414423 6.711682260036469 0.2439045980572701 3.247089833021164 0 5.431469582021236 0.1079990193247795 0.08976387232542038 0 0 0 0.1171226724982262 8.854517854750156 37.155646443367 0 4.770098119974136 4.257420592010021 14.03628937900066 26.84294699132442 3.078702546656132 25.8432957008481 30.642049446702 0.1231747344136238 2.647111639380455 0.2648546099662781 0 0.1506267860531807 0 0.1003492921590805 0 0.1078448668122292 0 0.1018532738089561 0 0 0.1035084798932076 0 253.0911839008331 22.34752812236547 0 6.756772629916668 0.3159277811646461 0.3449862003326416 0 3.375251941382885 1.116259537637234 4.449891239404678 14.12722884863615 1.847679682075977 5.157319232821465 30.39288514852524 19.81909318268299 4.010146744549274 28.61973138898611 44.6269657984376 1.583085238933563 24.72330322116613 0.712943896651268 0 0 0.08159028738737106 0 0 0.1035893186926842 0 0 0.08984604477882385 0 0 0.3810012117028236 0 0.09536764025688171 0 0.1430706828832626 0 0.1898512914776802 4.454670548439026 4.794069536030293 0 2.092069484293461 1.143070250749588 4.30233271420002 4.93582621216774 1.969629019498825 1.734199047088623 6.534549564123154 0 0 0.07471895962953568 0 0 0.2980884909629822 0 0 1.749269850552082 0 0 0 0.7437907531857491 0 0 0 0 0.5327153205871582 0.2025672122836113 0 0.312768816947937 1.12074863910675 5.835115931928158 4.202932208776474 0 0.1016481667757034 0 0 0 0 0 0.200325533747673 16.78262045234442 1.291628755629063 0.10245181620121 0 0 3.17285592854023 0.9089275151491165 4.37773372977972 0.2486324533820152 0.734065517783165 0.9590892046689987 0.1012604311108589 0.5574546083807945 0 0 0 0 0 0 0 0.1349999457597733 74.93889714032412 4.908401787281036 6.505025170743465 105.7831448540092 1.478634893894196 65.12889174371958 22.15554773807526 4.928070120513439 0.7478139102458954 0.5478690266609192 6.046071454882622 8.59834636002779 0 6.266403749585152 1.352133698761463 1.892753772437572 0.1270718276500702 0.1091770008206367 0.4005882889032364 0 0 23.82622934132814 8.604144774377346
117.6128175035119 198.2450367435813 1621.019177414477 1.854746103286743 190.9709063023329 0 75.35097838938236 2256.410274989903 180.0186057388783 60.29190085828304 1415.812866106629 3.21211414039135 1.560297667980194 376.5442506298423 26.79327550530434 48.94347089529037 1.508680336177349 0.07900027930736542 0 0.6193623319268227 2.671653121709824 0.2710165083408356 5.313358448445797 5.520274363458157 0 0.3399331569671631 0.6180359870195389 0.1846246421337128 0.226735919713974 0.9337170273065567 878.8246110081673 724.5637816637754 57.08235850930214 0.4497667253017426 5.568877272307873 19.11844662576914 4.02642834186554 2.26414866745472 0.1832693070173264 0 1.152689076960087 0.2910138443112373 0.3803604245185852 1.521566197276115 0.1578197777271271 0.1442860960960388 83.69843692332506 1.387786015868187 0.2300356775522232 0.9920589402318001 0.8846152573823929 1.600741013884544 0.4372676908969879 0.3785048723220825 0.9566332176327705 2.40184161812067 13.54958952963352 151.7583154588938 7.703037761151791 19.3514061793685 4.956877037882805 85.54150579869747 0.2494909167289734 203.8646533340216 1.313654713332653 0.8608984500169754 0.4786301851272583 0.4132900387048721 2.803554438054562 7.168637104332447 4.932337522506714 26.3988933339715 0 34.13517937809229 50.54449705034494 90.78227955847979 173.4552490189672 4.082399740815163 921.8020982518792 786.359731502831 0.1612365245819092 333.9715550243855 1.923085801303387 0 1.088959224522114 0.7687093839049339 0.2881748154759407 0.2036227732896805 0.483661025762558 0 0.8052279576659203 0.3449725806713104 8.582148410379887 3.948788844048977 0.2712416052818298 4.545353844761848 8.844520479440689 0 2.912895634770393 34.55562318116426 0 0 0.3912245184183121 0 0.2760400623083115 0.5689757168292999 0 0.2368241176009178 0.7997408211231232 0.6392272263765335 0.6089619919657707 0.7351018562912941 0.7622685730457306 0 4.580824315547943 0.1039399206638336 0 0 0 0 0 0 0 0 0 0 0 0.1090073212981224 0 0 0 0.09455731511116028 0 0 0.2240637093782425 0.4722862616181374 0 0.2957966476678848 0.4598487615585327 1.091773882508278 1.875127650797367 0.4918816313147545 0.6905150189995766 1.247728943824768 0 0 0 0 0 0 0 0 0 0 0.6908657103776932 0.1793064028024673 0.08641742169857025 0.1463899612426758 0 0 0 0.1836955994367599 0.0971139669418335 0 0.1726048588752747 0 1.303764045238495 0.9297579750418663 0 0 0 0 0 0 0 0.4145648926496506 1.063420690596104 0.8801588863134384 0 0 0.4553111046552658 0.6298258453607559 0.4104085937142372 0.7843924462795258 0 0 0.09722389280796051 0 0.1023766621947289 0 0 0 0 0 0 0 0 3.478202350437641 1.504013895988464 0.704395480453968 46.4397843554616 2.939426854252815 117.6744951307774 19.88836340606213 9.812509007751942 1.143425889313221 0.2464348077774048 4.697068147361279 1.018593609333038 0.4575904831290245 1.403711967170238 0.312852568924427 0.1411647945642471 0 0 0 0.2020752876996994 0 7.051378361880779 1.778447397053242
10.71618522703648 375.1646246165037 168.8137258291245 112.8250133097172 295.320215895772 0 389.4463561996818 180.0186057388783 307.7919297963381 101.2693519368768 1080.428150244057 272.269553527236 576.6228296160698 1289.234599560499 18.67269267141819 37.42383033037186 1.159826710820198 0 0.1079981476068497 0 0 0 0 0.123315341770649 0.1481754034757614 0 0 0.2064026519656181 0 0 7.606634579598904 2.255297265946865 12.90824457257986 0.1891107559204102 0 0.1125119999051094 4.98536566644907 0.1846580654382706 0.5616708248853683 0 0 0 0 0.5129814893007278 0 0 45.62750446051359 0.2697436138987541 0 0 0 0.1153845861554146 0 0 0 0.1731919795274734 2.746330097317696 6.886638663709164 2.221990287303925 7.152737230062485 0 2.617445193231106 0 4.41458847373724 0 0 0 0.1059241816401482 0 0.1497559994459152 7.737603291869164 18.1534705683589 0 6.994338095188141 5.397553876042366 20.62260715663433 39.14298141747713 4.881944574415684 58.96287739276886 92.63798331469297 0.2884277328848839 2.475841268897057 0.1950569674372673 0 0.1973093673586845 0.1516098007559776 0 0 0.114844337105751 0 0 0 0.1169039532542229 0.3278998211026192 0.1011912971735001 123.7561537474394 6.324396058917046 0 4.424376994371414 0.3973057121038437 0.1031766012310982 0 1.598126769065857 0.3948456943035126 1.047222912311554 1.836731776595116 0.2259133756160736 1.445840992033482 8.705841071903706 7.295266836881638 1.91637971997261 8.251936979591846 4.836884401738644 1.419100187718868 13.84447441250086 0.4806654825806618 0.08324749022722244 0 0 0 0 0.1134287863969803 0.0873805433511734 0 0 0 0 0.1876842379570007 0 0.143099308013916 0 0.09264351427555084 0 0 2.590398609638214 2.8758335262537 0 0.7234796434640884 0.3117569983005524 2.465371675789356 2.169108755886555 1.683944143354893 1.322548918426037 3.070971362292767 0 0 0 0 0 0.1505830436944962 0 0 0.5249001830816269 0 0 0 0.3971551656723022 0 0 0 0 0 0.1888318359851837 0 0 0.6501690149307251 3.496227972209454 2.437553904950619 0 0 0 0 0 0 0 0.1048598885536194 7.306306451559067 0.5415980890393257 0 0 0 1.428427949547768 0.7671207115054131 2.366834118962288 0.1368371099233627 0.2914295718073845 0.1974087283015251 0 0 0 0 0 0 0 0 0 0 27.97519812732935 2.552991665899754 2.749202653765678 94.40288236737251 2.293391510844231 58.7848988249898 21.17900507152081 2.623688749969006 0.4503581449389458 0.4221668690443039 8.50654848664999 4.246526390314102 0 2.648927092552185 0.561753898859024 1.322525106370449 0.2379747480154037 0.1292893439531326 0 0 0 11.73722031712532 3.377191781997681
1354.233545318246 2223.614225655794 1197.053901873529 739.3981469869614 125.0294724330306 287.9129653573036 661.9213958978653 60.29190085828304 101.2693519368768 1706.82214307785 73.29834688454866 982.0195479989052 1775.441145680845 204.692156098783 62.88014853000641 54.39153802394867 1.752666555345058 0.08611816167831421 0 0.0969274565577507 0.1027000099420547 0.1473424583673477 0.6840521246194839 0.5532935932278633 0.164173036813736 0 0.707260861992836 0.125080794095993 0.1656827703118324 0 155.9234906211495 43.20479141175747 51.48426505923271 0 0.4943113699555397 1.347225904464722 14.71618701517582 4.318910211324692 2.488188579678535 0.2573704421520233 0.09479328244924545 0 0 0.8478525280952454 0 0 187.7012836635113 2.034579142928123 0.2850547134876251 0 0.1027495935559273 0.2361603677272797 0.7912448793649673 0 1.079841300845146 2.623015932738781 19.54555257409811 91.33717826753855 13.74139060825109 45.38802528381348 0.1045763418078423 8.478931561112404 0.5383941233158112 39.89397239685059 1.783260814845562 0.6149349585175514 0.3693680316209793 0.4968599304556847 0.3175766170024872 0.1438056528568268 18.06631956994534 70.80286452919245 0.4616164863109589 47.00530209392309 32.83609062433243 127.1865606456995 113.2924857884645 4.870040915906429 33.16360604763031 85.13159984350204 0.2330123111605644 19.09467378258705 3.816177442669868 0 0.7321788370609283 0.9773751199245453 0.1674596518278122 0 0.1210043281316757 0.1525885909795761 0.214477151632309 0.3078781291842461 0.3252936452627182 0.5164153724908829 0.366860568523407 450.3014086559415 56.1488526314497 6.487020552158356 16.96484427154064 381.9823393896222 0.3570558056235313 3.44519080966711 81.75637590140104 64.54341066628695 58.4097737967968 68.13915447890759 185.2562211975455 37.37213077396154 251.3336832746863 775.2562594115734 41.89433387666941 111.1193560808897 119.7832853645086 9.723050624132156 99.83795915544033 3.330422289669514 0.505764476954937 0.2053155601024628 0.4622191935777664 0 0 0.2880480140447617 0.1488268077373505 0.1702912971377373 0 0 0.4766349866986275 1.453619226813316 0 0.7150413244962692 0.2056405320763588 2.247998222708702 0 0.6347521394491196 29.88281039148569 30.5052562430501 0.5905842036008835 15.96001921594143 3.24737024307251 13.60558503121138 15.04802943766117 6.127031832933426 6.658431015908718 13.0268746316433 0.2438454627990723 0.09616724401712418 0.2978784441947937 0.9415248110890388 0.09215506911277771 2.854995675384998 0.09794855862855911 0.5044242814183235 5.786430642008781 0 0.0989900529384613 1.8957829028368 3.817333951592445 0.123800590634346 0 0 0.08734935522079468 0.2471684813499451 1.117039941251278 0 2.793580047786236 8.776523537933826 20.82911130040884 20.45174752920866 0.4643744304776192 0.2271220982074738 0 0 0.08732243627309799 0 0.09323177486658096 0.5728988647460938 46.05667506158352 12.44195386022329 0.9862231463193893 0.3103617429733276 0 12.92918013781309 6.889260612428188 21.09830877929926 0.3659955635666847 2.514135204255581 3.93711144477129 0 2.251702308654785 0 0 0.2865035161375999 0 0.09407509863376617 0.3309407234191895 0 0.08463934063911438 1340.515525519848 40.31794004142284 15.30663673579693 1027.515992105007 19.02893204987049 476.8607139289379 124.1280937045813 511.75306391716 3.239450000226498 20.82786476612091 44.94389153271914 201.3542169183493 2.191402524709702 25.72319716215134 6.910860553383827 96.60010553151369 1.240451768040657 0.5254339426755905 2.890852779150009 1.139241836965084 0.2357983589172363 839.3932934179902 230.5366658940911
240.8027334436774 586.8505340218544 1191.331092886627 26.41399478912354 636.2858932539821 1.297198534011841 132.5028527453542 1415.812866106629 1080.428150244057 73.29834688454866 1124.739044703543 6.275315150618553 111.2940866276622 1745.750173412263 53.62577950209379 161.7293275594711 5.746232196688652 0.09543346613645554 0 0.7754520997405052 1.307872734963894 0 3.604085691273212 5.065443187952042 3.899113647639751 0.8378536030650139 1.521869406104088 0.7481097280979156 0.2801483720541 2.348845988512039 127.9001028835773 153.4485814124346 183.4647709205747 0.3588582873344421 2.811362460255623 29.21705836057663 11.72247833013535 10.6550857052207 2.641765311360359 0.5796477794647217 0.1530251353979111 0 0.3976042717695236 6.103757731616497 0.1486981958150864 0 122.4914896190166 0.3830563947558403 0.9212196543812752 1.058521389961243 0.7037323862314224 2.245130717754364 0 0.671906366944313 0.5460874438285828 0.9315431714057922 7.11654295027256 43.08967187255621 6.240024879574776 19.3964908644557 0.7428962737321854 62.84060043096542 1.623112328350544 35.92409501969814 1.227783367037773 0.6580707505345345 0.4925745651125908 0.4529815837740898 1.754993930459023 6.19572502374649 17.39723141491413 54.45929243415594 0 20.28314096480608 22.50392949581146 68.01521361619234 115.744973577559 21.00800167769194 480.1394880488515 875.2133690416813 0.3372326269745827 158.1492968425155 1.479298166930676 0 0.7763014361262321 0.4135566726326942 0.1154634356498718 0.1255374252796173 0.320049099624157 0 0.3719405755400658 0.1549965888261795 7.98140037804842 3.88695976883173 1.411613471806049 78.75700882077217 13.33339373767376 1.147461414337158 11.38632063567638 8.447770200669765 0.2805096656084061 0.4125120937824249 1.206483922898769 0.1911154687404633 3.762393988668919 3.201686449348927 0.4943244904279709 2.894727930426598 8.981416255235672 5.980958186089993 2.665618754923344 9.095818780362606 4.64878361672163 1.368997938930988 15.11978803575039 0.3324831202626228 0.2382442206144333 0 0 0 0 0 0 0 0 0 0 0.3037771061062813 0.09948433190584183 0 0.08323848247528076 0 0 0.4195764362812042 2.387479186058044 4.040966190397739 0 1.209650166332722 0.1363223344087601 4.41567700356245 3.257742092013359 1.727065593004227 1.081325352191925 3.931202866137028 0 0 0 0 0 0 0 0.5611583888530731 1.101484075188637 0 0 0.5343482792377472 0.5132735967636108 0.3621847033500671 0 0 0 0 0.3946931585669518 0 0.2233462929725647 0 3.29246062785387 3.078378811478615 0 0 0 0 0 0 0 0.2218264788389206 7.924104288220406 1.659064345061779 0.1949887275695801 0 0.1647817939519882 2.07390996068716 1.083404436707497 2.973043516278267 0.08548951148986816 0.5486622527241707 0.1077690348029137 0 0.2347908392548561 0 0 0 0 0 0 0.5266055017709732 0 27.48844716697931 2.873439505696297 4.365035988390446 183.0540507435799 5.200096525251865 146.7148752361536 45.43333727121353 9.587767831981182 1.12444119900465 0.2954204082489014 15.26022362709045 4.105862632393837 0 2.696271345019341 0 0.4109699577093124 0 0.2530179917812347 0.141496866941452 0 0 24.1046769246459 6.499565355479717
2.691409781575203 115.0788151919842 12.16711719334126 9.612055629491806 78.93454221636057 1.399595811963081 1164.478319443762 3.21211414039135 272.269553527236 982.0195479989052 6.275315150618553 245.4604087173939 2165.171195216477 232.0798231512308 2.867558725178242 22.57906506210566 2.115020498633385 0 0 0.09839224070310593 0 1.167559117078781 0.2570039555430412 0.1637844145298004 4.427042275667191 1.049980610609055 1.226289212703705 1.871338054537773 0.3115119934082031 2.203913390636444 1.756538465619087 1.066145941615105 182.0060926452279 0 0.1753598153591156 5.297182157635689 497.0843238532543 20.03890879452229 15.19835629314184 1.800349146127701 1.147913485765457 0.1890396624803543 0.158940777182579 2.214600503444672 0.8417391777038574 0 6.910654187202454 0 0 0.1482342332601547 0.4326125979423523 2.265842586755753 12.89878097176552 2.785137131810188 0 0.1853944808244705 0.1200146973133087 0.4749460220336914 0.08792895078659058 0.8358970135450363 0.1108534634113312 10.56873708963394 0.5199365615844727 4.52988663315773 0 0.1091399043798447 0.1172929704189301 0 0.1129434257745743 0.6992721259593964 156.3222280740738 186.9866620451212 0.7806934714317322 0.3216962143778801 2.001589253544807 1.659751608967781 5.653549887239933 1.540004700422287 4.980656981468201 3.803448975086212 0.2924447357654572 3.264374345541 0 0 0 0 0 0.3136840164661407 0.5797990560531616 0 0.1651254594326019 0.787160336971283 0.8885362893342972 1.937918126583099 3.992418795824051 827.8797139301896 70.0777428522706 1.264976739883423 66.43576335906982 0 0 0.4516960754990578 16.7717270180583 2.426188081502914 13.49740459024906 16.41123666614294 11.53282861411572 11.41714914888144 59.10457968711853 98.3355770483613 17.31710816174746 39.01032215356827 28.38112314790487 4.979795217514038 53.04351467639208 1.255592808127403 0 0.09036293625831604 0.0885917916893959 0 0 0.1158967167139053 0.4726818799972534 0 0 0 0 0.8493746444582939 0.09201683849096298 0.3736366108059883 0.09157630056142807 0.97358388453722 0 0.3200452104210854 14.48094020038843 14.42099591344595 0.3367925584316254 5.063439965248108 1.284126445651054 8.3172752186656 8.464525558054447 4.665673173964024 2.600171163678169 9.833930842578411 0.1867892146110535 0.1028695032000542 0.2546112239360809 0.6225600987672806 0 0.6086811795830727 0 0.1954320222139359 2.9316795617342 0 0 0.3254544734954834 2.443471163511276 0 0.2122907340526581 0 0 0.2887281998991966 0.2859677225351334 0.09477651864290237 0.1066415682435036 2.125050894916058 10.34172882884741 8.044140703976154 0 0 0 0 0 0 0 0.7821392416954041 28.24476936459541 3.371049605309963 0 0 0.1780837774276733 5.182584874331951 3.210555166006088 8.42052186280489 0.2167269885540009 3.006866306066513 1.58142376691103 0 1.46070834249258 0 0.2863633334636688 0 0 0 0 0 0.1290770918130875 300.2020719125867 8.083824649453163 10.23275648057461 47.98283389210701 1.681197434663773 9.293975822627544 8.705434367060661 1.183411657810211 0.2690185606479645 3.468177482485771 1.37935808300972 28.84910085052252 0.8441915512084961 13.25680938363075 2.317647770047188 9.247926630079746 0.1718293130397797 1.940483570098877 0.6674905866384506 0 0 159.8458788096905 28.85379783064127
2.722291141748428 182.6179368570447 10.88215926289558 2.81232625246048 245.5044120401144 0.5236337184906006 1536.858392544091 1.560297667980194 576.6228296160698 1775.441145680845 111.2940866276622 2165.171195216477 1326.236086517572 2374.132530361414 7.413651712238789 42.86798126250505 4.563858985900879 0 0.1332823634147644 0 0 0.2140800952911377 0.404700942337513 1.032732129096985 3.504399001598358 0.4180683791637421 1.672352999448776 4.695912048220634 0 0.6304945051670074 5.459590926766396 1.254521943628788 1526.672862693667 0 1.923641830682755 5.289097219705582 289.6192841604352 38.40780160576105 43.42205957323313 5.112438350915909 0.2341571599245071 0.6561727821826935 0.1610162705183029 3.495411887764931 0.08455935120582581 0.4515882134437561 16.48586046695709 0 0 0 0 1.731319561600685 9.286081239581108 4.889109805226326 0 0 1.054213792085648 3.310329854488373 0.4187360852956772 2.660559147596359 0 7.048519477248192 3.179304718971252 8.175498463213444 0.08152328431606293 0.09272418916225433 0 0 0.3577436655759811 1.376966178417206 233.0969754010439 220.5465035513043 0 1.696452341973782 2.036502562463284 3.902134291827679 15.27270805090666 3.028241388499737 12.67013470828533 7.345840826630592 0 6.385050676763058 0.09349379688501358 0 0 0 0 0 0.137221485376358 0 0.1748484671115875 0.4085992574691772 0.9726545736193657 1.637055620551109 3.179706811904907 1877.608349233866 70.4438162073493 0.8274185955524445 68.46367958933115 0 0 0.3365925997495651 13.89391931891441 4.117242649197578 7.133830197155476 24.03903844207525 0.8975943773984909 16.39724808186293 82.07544246315956 23.55595891177654 4.860419996082783 67.3040372133255 76.94109929352999 7.148649998009205 41.00601933896542 0.7902122139930725 0.08515229821205139 0 0.09694395214319229 0 0.1195326521992683 0 0 0 0 0.2906787097454071 0.4088975712656975 0.1974615976214409 0.1375268250703812 0.09903164207935333 0.116477757692337 0 0 0 3.322087973356247 5.727847643196583 0 2.843791455030441 0.368436224758625 7.286519728600979 7.007998339831829 2.770324982702732 2.126906596124172 6.761045046150684 0.2094052881002426 0 0 0 0 0 0 0.1982661262154579 1.64602954685688 0 0 0 0.7962172850966454 0.1176575794816017 0 0.09669632464647293 0 0.1784138083457947 0.1845045015215874 0 0.1129389554262161 1.316583886742592 7.744384504854679 4.54260129481554 0 0 0 0 0 0 0 0.09495560824871063 23.94183649867773 2.788413397967815 0 0 0 3.684507675468922 1.633299924433231 5.622637666761875 0.3272591829299927 1.414684489369392 1.686885043978691 0.0965418815612793 0.1954935938119888 0 0 0 0 0 0 0 0.1341391205787659 96.84732660651207 5.949412479996681 7.980138443410397 52.34042912721634 1.54710016399622 30.77558132261038 11.15380899608135 2.205840520560741 0.5869569927453995 1.393255949020386 5.982881471514702 10.19454287737608 0.2491832375526428 8.021794661879539 1.567772068083286 4.695029407739639 0.1098837926983833 0 0.1219785138964653 0 0 68.95008730143309 17.28833059966564
