195.739620745182 2606.909805998206 557.5335848033428 1117.630497768521 417.9015808627009 81.80427829921246 1087.543117880821 86.6328087374568 90.39314660429955 1836.382605306804 379.1087550446391 135.2842791453004 454.7379805222154 432.6178143769503 1.266585454344749 2.014716424047947 0.3937225267291069 0 0 0 0 0.4465346187353134 0 0 0 0.129561722278595 0 0.1630107760429382 0 0 925.104978106916 2.051727302372456 52.27314719557762 0 0 0.1208153739571571 52.67444530874491 1.461353413760662 0.4577157571911812 0 0.1799146682024002 0 0 0.1021923944354057 0.09248606860637665 0 7.951828092336655 0.9932332038879395 0.1822856515645981 0.299201101064682 1.009656295180321 0.4733172953128815 0.3212564587593079 0.1770110875368118 4.143881887197495 6.995211355388165 179.5678177773952 1016.837701670825 15.51134763658047 4.851619578897953 0.3051521182060242 4.588736101984978 0 3.053966715931892 4.406345523893833 1.615963570773602 0.7897541299462318 0.236110508441925 0.6927754282951355 0.6034837737679482 68.98547618091106 0.7858577221632004 0.4594689309597015 98.18254867941141 12.65318760275841 9.175902478396893 0.7331308051943779 0.416551262140274 1.163243174552917 118.9232756271958 0 3.478939421474934 9.476934134960175 0 0.7275997027754784 2.006582006812096 0 0.288850374519825 0.9324543848633766 0.5574163943529129 0.1180322468280792 0.1388720870018005 1.04863715916872 1.57505276799202 0.1904774308204651 284.9541944637895 31.11964021623135 0.7435592710971832 3.335923865437508 653.676689632237 0 0 0 0 0 4.70572180300951 5.24226202070713 0 1.480813354253769 3.493284791707993 0.8294121623039246 8.427485004067421 3.811676673591137 5.368851974606514 1.299539312720299 0.09269150346517563 0 0 0 0 0 0 0 0 0 0 0 0 0 0 0 0 0 0 0.3254531025886536 0 0 0 0 7.801798775792122 0 0.2990942895412445 0.9231993183493614 0 0 0 0 0 0 0 0 0.1188164427876472 0.1210218146443367 0 0 0 0 0 0 0 0.110640712082386 1.132933154702187 0 0 0 0 0.3121005147695541 0 0 0 0 0 0 0.1908430755138397 0 0 5.134018123149872 0 0 0 0 0.1308803260326385 0 0 0.1013210490345955 0.499195322394371 0 0 0 0 0 0 0 0.1943333148956299 0 0 0 2.51878322660923 1.668523922562599 4.506372436881065 101.5900005996227 2.029093071818352 50.89834754168987 9.068854555487633 181.1997341886163 6.568128757178783 0.1710342615842819 1.64951828122139 5.31080150604248 0.1593293994665146 0.1885465234518051 0 8.119272798299789 0 0 0 0.5477269142866135 0 195.8157110512257 6.621102064847946
2606.909805998206 2578.699007116258 1908.312516592443 1598.068096347153 2979.020206175745 108.0313155129552 2347.612453475595 309.3957069218159 1499.422444544733 1978.539719171822 2430.325772412121 182.4869577363133 902.8970487490296 2596.706384159625 12.78572782129049 7.238175787031651 1.369364038109779 0.4868201613426208 0.183042399585247 0.1062626987695694 0 0 0 0 0.6331051215529442 0.1014122441411018 0 0.5835249871015549 0.2221068665385246 0 1840.736366376281 9.307695716619492 119.5358898714185 0 0 0.1016042605042458 102.2323672324419 1.664819732308388 0.8943494483828545 0.1871902942657471 0.4262150898575783 0.495484746992588 0.2481737807393074 0.60514285415411 0.4391177147626877 0 52.89373183995485 2.611981630325317 0.43248600512743 0.2845038324594498 1.604134291410446 0 0 0.6501327008008957 12.88592433929443 19.5943047106266 173.5875196009874 954.3492691516876 25.66846791654825 26.45462976396084 0 9.342244192957878 0 53.57933423668146 12.92795723676682 4.68692834675312 2.343627221882343 1.221354424953461 1.095746636390686 0.2359225451946259 23.64792862534523 0.6078948304057121 0.08817178755998611 255.2579304203391 104.9987979307771 61.92049562931061 3.85042966902256 0.7724027186632156 0.6414099708199501 272.1835879832506 0 4.328796200454235 27.12671480327845 0 1.396109335124493 4.598385132849216 0.4452285096049309 0.4958964213728905 2.049520418047905 0.346958190202713 0.264596551656723 0.2254846841096878 1.656633004546165 0.7570542991161346 0.2717455923557281 25.37760606408119 0.8733044862747192 0 1.04208742082119 887.9587721303105 0 0 0.2235308587551117 0 0 2.006340809166431 0.2847759127616882 1.276636213064194 22.90564525872469 3.786508247256279 0 5.092030994594097 3.701432071626186 5.714003168046474 2.471939042210579 0 0 0 0 0 0 0 0 0 0 0 0 0 0 0 0 0 0 0 0 0 0 0 0 8.286188721656799 0 4.850629180669785 2.237733460962772 0.1172544807195663 0 0 0 0 0 0 0 0 0 0 0 0.33614581823349 0 0 0.09912304580211639 0.1872220486402512 0.3009851351380348 0 0 0 0 0 1.316454596817493 0.1561682522296906 0 0.2517909407615662 0 0 0 0 0 0.6176936626434326 10.21798645704985 0 0 0 0 0.2844368368387222 0 0 0.3296718597412109 0 0.09180694073438644 0 0 0 0 0 0.1458698958158493 0 0 0 0 6.743047893047333 2.575666226446629 8.672785252332687 61.77814101427794 4.472816161811352 211.6945051923394 27.72144457697868 179.4920581355691 21.08959341049194 0.8793091326951981 6.693460620939732 1.056648224592209 0 1.343692131340504 0.1032348871231079 3.475734576582909 0 0 0 1.379505544900894 0 98.7265776693821 3.150431960821152
557.5335848033428 1908.312516592443 1305.741064757109 93.20426697283983 667.8565909862518 10.22359877824783 90.34867727011442 1836.423508509994 550.3171588331461 85.17025519907475 3953.816158428788 49.89376503229141 303.3503183573484 1345.624289661646 6.302510127425194 8.819523863494396 0.7909952104091644 0.6333819404244423 0.1732986122369766 1.577511176466942 0.9007525891065598 0.4985435307025909 0 0.2763006091117859 1.970272302627563 1.639381647109985 0 1.296477794647217 0.3830776214599609 0.4616668373346329 5908.673662669957 246.6677142456174 170.863667152822 0 0.2925130724906921 1.306777216494083 119.2940469607711 7.657664097845554 3.0668825507164 3.317631527781487 8.094592705368996 3.44935018569231 0.9362669363617897 0.8799902722239494 0 0 18.91373398154974 0.71132992208004 0.7006857395172119 3.09469947963953 5.329838216304779 0.8827078491449356 0 0.6347599476575851 4.136549167335033 3.942423395812511 75.55485029518604 615.1757310852408 6.924888208508492 7.599745780229568 0.928591251373291 44.68428182601929 0 41.22891271859407 2.838753312826157 2.263759478926659 0.7861767783761024 5.174677297472954 14.86120759695768 10.00416969507933 26.83883740007877 0.09359245002269745 0.3311760872602463 73.40531178563833 47.23527672886848 27.54576613008976 2.925061635673046 1.43042030185461 49.46847578883171 1478.513066776097 0.1604689806699753 108.6158383637667 6.673724859952927 0 1.016947373747826 0.9025304615497589 1.130419909954071 0 0.7163058519363403 0.3247274681925774 0.6462928503751755 1.563472658395767 35.97534384578466 7.763950124382973 2.683221161365509 3.134558007121086 0.8085993081331253 0.08462289720773697 2.240314312279224 308.3802701383829 0 0 0 0 0 1.3593370616436 1.669027328491211 0.7483282685279846 0.3779097050428391 1.290177851915359 1.25644938647747 3.095776662230492 1.84544413536787 3.913737408816814 5.452758781611919 0 0 0 0 0 0 0 0 0 0.2222657203674316 0 0 0 0.2809893488883972 0 0 0 0 0 0 0 0 0 0 14.66325394809246 0.8649464547634125 3.268338143825531 4.879561483860016 0.7278924882411957 0 0 0 0 0 0 0 0.5075662732124329 0.4026445150375366 0 0 0 0.1196284145116806 0.7714481800794601 0 0 0 0.6660706102848053 0 0 0 0 3.500820592045784 0 0 0 0 0 0 0.3120362460613251 0.1127393469214439 0 12.70703302323818 0 0 0.5731729567050934 0.6419123709201813 0.9089167416095734 0.1771579384803772 0.7329692542552948 0.8762480914592743 0.1030822843313217 0.3970083296298981 0 0 0 0 0 0 0.1541623473167419 0.6490046232938766 0.623742401599884 0 6.323440976440907 6.960346654057503 12.27071289718151 27.75382383912802 2.106455624103546 64.26279798150063 13.24072180688381 81.36172570288181 4.950415641069412 0.7527558282017708 3.100785806775093 1.931900203227997 0.3543159663677216 0.1076262816786766 0 0.9430621266365051 0 0 0.1709599643945694 0 0 21.66168439388275 1.986596047878265
1117.630497768521 1598.068096347153 93.20426697283983 752.3235684782267 419.8094358593225 232.1332276165485 1735.71463406831 1.81851402670145 121.2823459357023 4345.891492158175 33.62054766714573 723.3906528949738 1728.669289663434 134.0772072151303 0.8566669523715973 0.262652225792408 0.1465530842542648 0 0 0 0 0 0 0 0 0.1371689289808273 0 0 0 0 117.0137681588531 0.1735456883907318 3.100739106535912 0 0 0 6.555309198796749 0.2302449643611908 0.2607623636722565 0 0 0 0 0.09476926922798157 0 0.1031049713492393 8.250079929828644 0.7062326967716217 0.1196233630180359 0 0.1223014295101166 0 0.1105401292443275 0.1340101361274719 5.584781900048256 3.650922350585461 43.47101301699877 195.3498449027538 5.668991908431053 3.871679842472076 0 0.4655647650361061 0 6.150303348898888 2.471862383186817 1.401088796555996 0.208443820476532 0.09154734760522842 0.09869334101676941 0 15.06266848742962 0 0 56.11399998515844 12.41691157221794 7.613418765366077 0.246268130838871 0 0 3.121708914637566 0 0.2998356148600578 5.029203549027443 0 0 0.7167253196239471 0 0 0.2025737389922142 0.1346308588981628 0.1445402204990387 0 0 0 0 38.82134786248207 7.759198442101479 0 0.2465860694646835 585.4362101703882 0.2249302864074707 6.403204306960106 8.549841478466988 38.16396778821945 0 17.31378412246704 10.51620049774647 0 2.97992929816246 1.373384274542332 0 7.384794317185879 2.525511309504509 2.600593969225883 2.627243593335152 0 0 0 0 0 0 0 0 0 0 0 0 0 0 0 0 0 0 0 0.191521629691124 0 0 0 0 6.380135931074619 0 1.338438361883163 0.7575418055057526 0.2783852219581604 0 0 0 0 0 0 0 0 0 0 0 0 0 0 0 0 0.4641370177268982 0 0.1255615651607513 0.1667987257242203 0 0 0.9055467545986176 0 0 0 0 0 0 0 0 0 7.885530889034271 0 0 0 0 1.423962354660034 0 0 0.6197221353650093 0.4217267334461212 0 0 0 0 0.09114935994148254 0.09855443239212036 0 0 0 0 0 2.351075068116188 1.072318352758884 1.28869903087616 8.418826222419739 0.6396621912717819 34.09003190696239 4.912594638764858 225.7537226974964 4.273321375250816 0.6796528100967407 0 6.130335122346878 0.2528427541255951 0 0.3004605174064636 4.29683655500412 0 0 0 0 0 51.83466003835201 7.771476611495018
417.9015808627009 2979.020206175745 667.8565909862518 419.8094358593225 1009.740625351667 49.93037024140358 921.7029277682304 394.0784988924861 3295.464657299221 2441.128202080727 1254.30370554328 494.7586447298527 447.2146306857467 2379.038301281631 19.87540064007044 4.86617437005043 0.5865361094474792 0.5897496193647385 0.1085473969578743 0 0 0 0.1191702038049698 0 0 0.1111084446310997 0 0 0 0 391.6287112087011 14.48162270337343 10.33333873003721 0.1092822328209877 0.1268136948347092 0.09398722648620605 18.11501882970333 0.8545642495155334 0.3931655660271645 0.2090876996517181 0 0.223064586520195 0.3846618086099625 0.4765465632081032 0.6581497043371201 0 98.02725578099489 3.087142281234264 0.8801718279719353 0.4923283606767654 1.004018887877464 0 0 0 16.4568850249052 24.21441248059273 94.40790019929409 362.3968793526292 20.45225005596876 41.04413893818855 0.3659598976373672 3.32513751834631 0.1245633587241173 104.8855983614922 13.30497480928898 5.108068466186523 1.932881340384483 0.6843429431319237 0.645138643682003 0.2322380840778351 13.46321387588978 0.2903630509972572 0 242.7215845510364 145.2720991149545 121.0978022217751 4.725124709308147 1.201916545629501 0.2971378639340401 15.08992819488049 0.2011808976531029 2.195288516581059 25.9712390974164 0.2191633954644203 1.53642214089632 6.022943325340748 0.6065400093793869 0.303940162062645 2.400947600603104 0.3515504002571106 0.1029259413480759 0.2411341071128845 0.2008341699838638 0 0.1301890313625336 15.58946058154106 1.681001499295235 0 0.4112195670604706 87.36538071930408 0 0 0.3085230588912964 0 0.2411966472864151 8.31034080684185 1.548078432679176 2.461278706789017 3.453325681388378 12.60896200686693 0 20.96934296190739 10.24826715141535 16.64241871982813 7.048484846949577 0 0 0 0 0 0 0 0 0 0 0 0 0 0 0 0 0 0 0 0 0 0 0 0 20.82745169103146 0 7.949899539351463 5.116268306970596 1.89344334602356 0 0 0 0 0 0 0 0.8168095052242279 0 0 0 0 0.4679670408368111 0 0 0 0.09597530215978622 0.7527581751346588 0 0 0.688787043094635 0 3.297048673033714 0 0 0.3164326250553131 0.09845945239067078 0.1013981103897095 0 0 0 0 19.33183744549751 0 0 0 0 1.146687150001526 0 0.2230572700500488 1.245446905493736 0 0.5460654497146606 0 0 0 0 0 0 0.1160109788179398 0 0 0 12.33625541627407 2.983459308743477 10.4984163492918 87.31237482279539 4.718990504741669 301.7994584962726 51.14196118712425 117.5537708997726 33.00355146080256 2.375959850847721 10.4424908682704 6.816175140440464 0 0.9675021320581436 0.1629116535186768 9.411115705966949 0 0 0.1927027404308319 0.7641078606247902 0 123.1931792870164 7.786013878881931
81.80427829921246 108.0313155129552 10.22359877824783 232.1332276165485 49.93037024140358 4.276604384183884 146.6443339362741 0.1113771125674248 21.9127694517374 1198.692600056529 1.694666653871536 93.13857717067003 127.7003185227513 22.69720001518726 0.1365164816379547 0.2494882270693779 0 0 0 0 0 1.390509873628616 0 0 0 0 0 0 0 0 112.2660293132067 0 7.259359613060951 0 0 0 56.83072927594185 1.239419400691986 3.934116244316101 0.343788668513298 0 0 0 0 0 0 0.1188420057296753 0 0 0.124017171561718 1.155491732060909 29.33477418869734 1.436395183205605 0 0.2871987521648407 0.7184145152568817 65.67897612601519 21.88472437858582 2.161480590701103 0.2394943833351135 0 0.4133825749158859 0 0 0.1020025238394737 0.1834844574332237 0.8406135886907578 0 0 0 194.9356488063931 66.50858107954264 23.27328764647245 2.777208402752876 0.6626554578542709 0.3580708354711533 0.1384721845388412 0 0 1.132226765155792 0 0 0 0.2566763237118721 0 1.730669960379601 0 2.328595764935017 4.960279352962971 15.43129636347294 3.902285546064377 5.011542178690434 0 0.7600729614496231 0.6833807602524757 401.8983039706945 399.2600685954094 20.77987131476402 32.92855200171471 434.5760838985443 0 0 1.992401003837585 0 0 17.10454444587231 10.2763911485672 2.487087905406952 7.31436413526535 26.69163362681866 0.1433523893356323 35.48154677450657 15.25714066624641 21.89779495447874 1.135892063379288 0.4197832345962524 0 0 0 0 0 0 0 0 0 0 0 0 0 0 0 0 0 0 0.124579019844532 0 0 0 0 3.083737701177597 0 1.50218266248703 0.7193650603294373 0.09794306755065918 0 0 0 0 0 0 0 0 0.1725103408098221 0 0 0 0 0 0 0 0.1204415708780289 0 0 0 0 0 0.177276536822319 0 0 0 0 0.1211450397968292 0 0 0 0 9.097894914448261 0 0 0.1613490432500839 0 0 0 0 0 0.7823235690593719 0 0 0 0 0 0 0 0.1925361603498459 0.1521983295679092 0 0 13.07424435019493 0 0.5260580033063889 32.92277365922928 0.2894273400306702 2.910757258534431 0.2748914808034897 131.1872913837433 0.762305349111557 11.59748606383801 0 12.71015138924122 0.127762109041214 0.2086671739816666 0 48.67808195948601 0 0 0 0 0 65.19731994718313 20.43224945664406
1087.543117880821 2347.612453475595 90.34867727011442 1735.71463406831 921.7029277682304 146.6443339362741 701.8581892699003 9.674817010760307 409.1337391734123 2508.907047718763 760.6373408660293 481.3601807951927 3464.071226783097 1920.321069352329 14.78910230845213 7.732771515846252 0.315537191927433 0.1820852905511856 0.2059155404567719 0.132984846830368 0 0 0 0.08219598233699799 0.4315053522586823 0 0 0 0.1520240902900696 0.1748936474323273 210.064452573657 7.459865033626556 9.254430815577507 0 0.2003890722990036 0 24.70852382481098 1.631047524511814 0.7561579123139381 0.2227143719792366 0.2167973667383194 0.0935300812125206 0.1954551488161087 0.5295028761029243 0.1218195334076881 0.1434225738048553 77.33981293439865 2.991720207035542 0.8804867416620255 0.4714137017726898 0.2900244519114494 0.1018650680780411 0 0 14.76160676032305 16.4842584580183 118.6260467022657 443.9601850882173 18.60267862677574 33.59649058431387 0.1430165320634842 3.298392809927464 0 60.5144282951951 15.01399067789316 3.957895331084728 1.96891775727272 0.2552636787295341 0.2430538907647133 0.08984873443841934 20.22819371521473 0.1137131676077843 0 240.6442279294133 104.0038617998362 84.17441780120134 4.510446310043335 0.3523294627666473 0.2010956779122353 10.5432093963027 0.1813526377081871 1.908785961568356 28.55791714787483 0 1.616591826081276 4.661289490759373 1.007358476519585 0.2146699950098991 3.076892659068108 0.2302565425634384 0.2111419141292572 0 0.3245688229799271 0 0 54.53425578773022 2.642158105969429 0 0.1669940203428268 132.0647379904985 0.5627251639962196 2.821655720472336 25.26458905637264 24.00976219773293 0 33.10735197365284 8.158322557806969 3.411919891834259 12.37434801459312 32.06876880675554 0.5719814300537109 38.68970898538828 22.31507883220911 32.97674129158258 18.06345455348492 0.1076452806591988 0.1539140492677689 0 0 0 0 0 0 0 0 0 0 0 0 0 0 0 0 0 0.2130680233240128 0 0 0 0 32.74242533743382 0 10.99719993770123 7.592794008553028 1.238944828510284 0 0 0 0 0 0 0 0.2974500954151154 0.6602178364992142 0 0 0 0 0.139093279838562 0 0.4240508079528809 0.0976809486746788 2.067344218492508 0.1257740259170532 0 0 0 6.423093467950821 0 0 0.1183400079607964 0 0 0 0 0 0 43.65919055044651 0 0 0 0 0.1053304448723793 0 0 4.330856718122959 0.4525018930435181 0 0.1974268853664398 0.3334754407405853 0 0 0 0 0.4708986431360245 0 0 0 24.46326863020658 11.72790720313787 23.56054962426424 76.86389428377151 5.31778759509325 245.9559480622411 38.04805590957403 161.8951829522848 28.18371866643429 1.200602613389492 7.746312141418457 8.36038713902235 0 2.552415169775486 0.2023056298494339 21.89655843377113 0 0 0.1055159121751785 3.276332058012486 0 175.0616619512439 13.36979385465384
86.6328087374568 309.3957069218159 1836.423508509994 1.81851402670145 394.0784988924861 0.1113771125674248 9.674817010760307 2127.611757367849 231.0326471105218 4.543090604245663 3006.09228631109 4.379561021924019 118.2510793358088 829.9478511586785 20.5448409691453 16.54090286791325 3.11597828567028 11.52852483093739 3.323313139379025 14.65168581902981 6.819973915815353 1.549450233578682 2.311186864972115 0.5271575748920441 6.524685524404049 6.456897616386414 1.569043815135956 3.040313392877579 0.7196771800518036 0 1565.434033922851 3239.433938458562 117.4261967092752 4.210251651704311 1.623877659440041 8.007085248827934 66.14368207752705 28.12152387201786 5.836401879787445 4.179235823452473 16.10737811028957 6.143967039883137 7.204704016447067 4.629521735012531 9.777260795235634 1.869296066462994 68.85319799184799 2.497704029083252 2.04269701987505 10.87322831898928 7.527699448168278 1.067012026906013 0 3.988847255706787 5.037671595811844 9.648857496678829 57.45894084870815 368.5846776664257 9.650545760989189 28.50004699081182 35.32199487835169 110.2104631140828 0.2323944121599197 328.1723138839006 6.683261312544346 3.684810161590576 2.384432509541512 6.812074430286884 20.03996500372887 36.34268590062857 11.95047588646412 0.1739786416292191 0.1321517080068588 150.3985741585493 169.8003801032901 115.161408059299 83.62611194700003 474.0564307123423 2534.836959384382 4732.099130295217 53.99652251601219 1616.608360350132 10.7288661673665 0.108061783015728 1.159424066543579 2.678049832582474 1.631103955209255 0.08663634955883026 1.064380273222923 0 0.7839608937501907 0.6875738501548767 60.5219741538167 14.83844138681889 2.326480776071548 0.2003549486398697 0.3421348184347153 0 0.7865616232156754 52.63524299860001 0 0 0 0 0 0.2218645364046097 0.6137019395828247 0 0.1619143784046173 0.8478179425001144 0 0.6901662647724152 1.691984012722969 1.758898258209229 1.93346831202507 0 0 0 0 0 0 0 0.1213337332010269 0 0 0.228669136762619 0 0 0 0 0 0.1054859384894371 0 0.2192206606268883 0 0 0 0 0 4.268812067806721 0 3.528392173349857 2.793296985328197 0.4076989889144897 0 0 0 0 0 0 0 0 0 0 0 0.4955684542655945 0.4082537516951561 0.5419699996709824 0 0 0.1088108569383621 1.134476855397224 0.2821380496025085 0 0 0 1.667107418179512 0 0 0 0.183370366692543 0.2660596370697021 0 0.2209270745515823 0.5504869669675827 0 3.996629320085049 0.1489202231168747 0 0.1675756126642227 0.9743358716368675 0.3748826831579208 0 0 0 0.1249807998538017 0 0 0 0 0 0 0 0 0.1396853476762772 0 0.3095177412033081 2.527289710938931 2.475866362452507 2.510356418788433 55.06570730358362 3.349423781037331 166.8835668563843 35.4805049970746 24.91887060552835 12.28542196750641 0.6348414719104767 7.181680135428905 2.003985211253166 0 2.299415551126003 0 0.4447314441204071 0 0 0 2.573013462126255 0.6751553416252136 18.84899640828371 1.909301310777664
90.39314660429955 1499.422444544733 550.3171588331461 121.2823459357023 3295.464657299221 21.9127694517374 409.1337391734123 231.0326471105218 541.2982440367341 680.4362491369247 1053.671444691718 185.2433140277863 235.6993589252234 1497.999095164239 14.76377603411674 6.473188795149326 0.3576130568981171 0 0 0.1192177683115005 0 0 0 0 0 0 0 0.2178345322608948 0 0 112.9734742343426 11.85570036619902 8.477275207638741 0 0 0.1947982236742973 16.15911734849215 1.96608904749155 1.252927400171757 0.3989406824111938 0 0 0.2238014042377472 0.09736751019954681 0.1222677007317543 0.1518005430698395 51.55639135092497 1.244074977934361 0.1014354974031448 0.6128828376531601 0.1832425892353058 0 0 0 4.594807490706444 7.136604823172092 28.9860986918211 110.4562060162425 8.214849397540092 20.78402555733919 0.1777864098548889 2.556705258786678 0 40.91225662082434 6.268185049295425 1.985427267849445 1.042260028421879 0.523130975663662 0.1234306916594505 0.09991845488548279 7.772008344531059 0.219359964132309 0 98.45745719224215 59.4792807996273 63.75049754232168 3.876659609377384 0.8929273933172226 0.08467969298362732 5.725710682570934 0.2525921165943146 1.47562275826931 10.52477156370878 0 0.9716611355543137 2.281996682286263 0.4112126082181931 0 1.094827383756638 0.178051233291626 0.2980926260352135 0.1832574903964996 0.2365556061267853 0.0982598215341568 0 11.96876588463783 2.365896821022034 0 0 24.0071352571249 0.2396017014980316 1.192485928535461 0.1760308593511581 0 0 8.820439025759697 6.423196822404861 2.09619078040123 3.727249518036842 7.900370992720127 0 24.65406008809805 14.53648369014263 24.28901955485344 5.504533708095551 0 0 0 0 0 0 0 0 0 0 0 0 0 0 0 0 0 0 0 0 0 0 0 0 17.7044647410512 0.555446445941925 7.419621169567108 5.281194306910038 0.4148552417755127 0 0 0 0 0 0 0 0.8917354047298431 0.2463329285383224 0 0 0 0 0.4096643328666687 0.3947464525699615 0.1954505294561386 0 1.496534883975983 0 0 0 0.8642565608024597 4.779022417962551 0 0 0 0 0 0 0 0 0 23.91542804986238 0.1177441701292992 0 0 0 0.3829748183488846 0 0 0.09740046411752701 0.105911560356617 0.1135862395167351 0 0 0 0 0.1921840459108353 0 0 0 0 0 18.11259178072214 7.500500336289406 10.03366345912218 58.07051394879818 1.750184662640095 143.0730098560452 27.80262695997953 63.92136413604021 16.60534945875406 0.7201685011386871 9.909206748008728 5.550970479846001 0 2.125353962182999 0.2854613959789276 8.282489567995071 0 0 0.5077879428863525 1.355424374341965 0 84.65830933302641 10.705695271492
1836.382605306804 1978.539719171822 85.17025519907475 4345.891492158175 2441.128202080727 1198.692600056529 2508.907047718763 4.543090604245663 680.4362491369247 2824.564402714372 94.6707054823637 4458.593595124781 9347.578011900187 561.0744610354304 9.877294383943081 4.124332070350647 0.2853722870349884 0.1085335239768028 0 0.2245538309216499 0 0.1167035326361656 0 0 0.09928736090660095 0.09377066791057587 0 0 0 0 161.2168316096067 5.728127762675285 37.72737035900354 0.1170123592019081 0 0.262949027121067 361.4706177338958 0.6949884817004204 1.047343485057354 0 0 0 0 0.3130902722477913 0.1663681715726852 0 62.83071559667587 2.577533863484859 0.246735654771328 0.1857716366648674 0.8705682456493378 0 0 0.1375492364168167 14.22561027109623 19.50187351554632 149.9464792907238 426.0652069076896 18.06621873378754 27.75823321938515 0.1640524715185165 2.77892792224884 0 39.33633541315794 12.54221808165312 4.2880644723773 2.202009983360767 0.2036441788077354 0.1157089248299599 0.4745107963681221 553.2912558615208 0.1189744994044304 0.8480910360813141 201.104202285409 78.5795963704586 66.89319748431444 1.630870521068573 0.2170267775654793 0.1001783758401871 9.223946176469326 0.08862587064504623 1.172779180109501 24.95088669657707 0 1.599606834352016 5.838209144771099 0.3242132440209389 0.1964749023318291 2.077376805245876 0 0.1377432346343994 0.1305722147226334 0.2046070992946625 0.276677131652832 0 463.9385567903519 29.97132158279419 0.3907275795936584 3.633095778524876 1022.905323781073 2.2708660364151 3.186834007501602 37.81020357459784 37.67906910181046 0.8311206102371216 154.9765668958426 44.14666414260864 18.14721175283194 332.4738931432366 180.0098166316748 1.594927191734314 317.9952274933457 122.0330238044262 131.910502910614 17.89700219035149 0 0.3970894813537598 0 0 0 0 0 0 0 0 0 0 0 0 0 0 0 0 0 2.615900844335556 0 0 0 0 41.43667850643396 0 14.11013083904982 3.580232881009579 0.8848904967308044 0 0.2164133042097092 0 0 0 0.3197160363197327 0 1.061565354466438 2.516350746154785 0 0 0 0.486722469329834 0 0.405687116086483 0.3976185619831085 0.08633370697498322 0.4268142655491829 2.33043147623539 0.2572039365768433 0 1.731062173843384 5.566704332828522 0.1705687046051025 0 0.188284233212471 0.2180471643805504 0 0 0 0 0 77.07533168047667 0 0 0 0 1.652773305773735 0 1.363578408956528 2.082232914865017 1.696658670902252 0.2704264521598816 0.4560580551624298 0 0 0 0.08526173979043961 0 0.1224292814731598 0 0 0 57.71890731155872 3.808820374310017 10.23780816793442 122.5186538845301 4.382371693849564 211.8210281133652 29.66420391947031 1088.452167473733 22.46944148093462 2.280210733413696 10.10473105311394 27.93834748119116 0 3.8402960896492 0.7542943358421326 104.0970206707716 0 0 0.6101596057415009 0.8055853843688965 0 791.7142317742109 82.98517748713493
379.1087550446391 2430.325772412121 3953.816158428788 33.62054766714573 1254.30370554328 1.694666653871536 760.6373408660293 3006.09228631109 1053.671444691718 94.6707054823637 1571.448791466653 70.19699195772409 1837.224369369447 3684.134106993675 9.751288644969463 7.136503145098686 0.2434410899877548 0.1233668997883797 0 0 0 0 0 0 0.3155545517802238 0.2326966226100922 0.145946279168129 0 0 0 1240.414767108858 129.5094518885016 169.8177224844694 0.08332235366106033 0 0.1812351644039154 147.5350322797894 5.404048308730125 1.331804394721985 0.0980103611946106 0.1715886890888214 0 0 0.1155331805348396 0 0 33.91750562936068 0.7273095473647118 0.4677472189068794 0.2509598657488823 1.624498464167118 0 0 0.1512147784233093 3.201784893870354 6.009657382965088 39.25543715804815 228.0822705999017 5.015982925891876 11.50779792666435 0.5889916270971298 32.80384657531977 0 52.26258101314306 2.65715366601944 1.827989615499973 0.2264120653271675 0.3276492804288864 0.935219019651413 0.2337856963276863 33.22963804006577 0 0 76.86014837771654 58.57025466114283 49.29514343291521 6.222733221948147 1.465315073728561 8.373965412378311 416.9903596639633 0 31.70410964637995 4.601335749030113 0 0.3210060223937035 0.8815412595868111 0.2266371250152588 0 0.7470805421471596 0.088460773229599 0.3254991546273232 0.09933710843324661 2.460529021918774 1.197214707732201 0.1461014449596405 10.73155303299427 0 0 0.5035795420408249 98.19078186154366 0.2007405757904053 0 0 0 0 2.454798981547356 0.3123734295368195 0.402985543012619 0.1164276450872421 2.378800541162491 0 9.527296595275402 7.279577493667603 6.62939216196537 3.920120924711227 0 0 0 0 0 0 0 0 0 0 0 0 0 0 0 0 0 0 0 0.2526252567768097 0 0 0 0 14.02282263338566 0.4157846868038177 5.225935623049736 4.712745375931263 0 0 0 0 0 0 0 0 0 0.2889911830425262 0 0 0 0 0 0 0 0 0.2364540249109268 0 0 0 0 1.848191902041435 0 0 0 0 0 0 0 0.2745576202869415 0 13.84229294210672 0 0 0 0 0.1599800288677216 0 0 0.5643182098865509 0 0 0 0 0 0 0 0 0 0.1274906396865845 0 0 7.467270411550999 4.166506685316563 7.817279815673828 44.06938260048628 1.521326281130314 97.98704605549574 24.84428618848324 35.27934196591377 8.876366451382637 0.372884176671505 8.405023366212845 2.768633924424648 0 1.579691052436829 0 4.819700956344604 0 0 0 0.6195499449968338 0 25.89332522451878 5.175658881664276
135.2842791453004 182.4869577363133 49.89376503229141 723.3906528949738 494.7586447298527 93.13857717067003 481.3601807951927 4.379561021924019 185.2433140277863 4458.593595124781 70.19699195772409 252.6643450111151 2688.985626585782 131.352459423244 4.127808593213558 3.412128232419491 0.5154308527708054 0 0 0 0 0 0 0 0.2164524123072624 0 0 0 0 0 23.26029732078314 2.290071204304695 9.597377434372902 0 0 0 213.2735934779048 0 0.4061073064804077 0.1058332845568657 0 0 0 0 0 0 12.12598568201065 0.2794794216752052 0 0 0.1548567861318588 0.1049947217106819 0 0.09578324109315872 1.568383298814297 1.704942621290684 9.557753503322601 40.87045000493526 1.949795097112656 4.597994275391102 0.1021556332707405 2.793301731348038 0 8.712781026959419 0.872397743165493 0.7140159457921982 0 0.1340238004922867 0 0 82.87717211991549 0.7358682900667191 0 24.0165176615119 10.78681284934282 16.68832591176033 2.490844786167145 0.1964649707078934 0 5.443146966397762 0 0.0940156877040863 3.293309427797794 0 0 0.3843211233615875 0.4881136417388916 0.1623731255531311 0.2099541425704956 0 0.09934404492378235 0 0 0 0 210.2781959921122 4.56753371655941 0.176513209939003 0.1482260376214981 51.4022558927536 0.3126913085579872 0.4958045482635498 0.4908789396286011 0 0 26.62658346444368 6.093740619719028 5.517338044941425 6.542802281677723 33.78899405896664 1.93991457670927 54.14913068711758 33.84030592441559 53.50749021023512 31.393843062222 0 0.1540474146604538 0 0 0 0 0 0 0 0 0 0 0 0 0 0 0 0 0 0.5836231112480164 0 0 0 0 44.54144588857889 0.3366981595754623 12.47640377283096 9.101424872875214 0.3589087873697281 0.6078441143035889 0 0 0 0 0 0 1.24845115840435 1.169922918081284 0 0 0 0.1956705898046494 0 0 0.1958160847425461 0 1.321596741676331 0.3319386541843414 0 0 0 9.710708573460579 0 0 0.1289573311805725 0 0 0 0 0 0 71.0338945761323 0.2129934579133987 0 0 0 1.630838923156261 0 1.458270877599716 2.329669401049614 0.3346901535987854 0.3848870843648911 0.13749760389328 0 0.7646088004112244 0 0 0 0 0 0 0 42.99202662706375 7.13664598762989 19.31512830406427 43.27085279673338 1.052047684788704 49.42277944087982 12.63444516807795 112.1280881687999 6.922908507287502 0.3622135519981384 3.420770838856697 10.76581362634897 0.5551095008850098 3.322115115821362 0.1472271531820297 34.57315528392792 0.9291884005069733 0 0 0.5110190510749817 0 255.4745538309216 41.79410374164581
454.7379805222154 902.8970487490296 303.3503183573484 1728.669289663434 447.2146306857467 127.7003185227513 3464.071226783097 118.2510793358088 235.6993589252234 9347.578011900187 1837.224369369447 2688.985626585782 1335.613216802478 2929.472565680742 67.07416534423828 47.14847119152546 1.775284804403782 0.1389015913009644 0.126721203327179 0 0 0 0.1263495087623596 0 0.5086941942572594 0.4017627686262131 0 0 0.1441549360752106 0.1718003451824188 252.4372092336416 31.01196523755789 415.138226762414 0 0 0.2065416872501373 371.6566053181887 3.946698322892189 1.663599826395512 0.4915869161486626 0 0.217740461230278 0.103299580514431 1.085539847612381 0 0.1191549524664879 162.0094827115536 3.441665180027485 1.301575675606728 0.8158561959862709 0.8436565399169922 0.2268978506326675 0 0.1116125211119652 10.56533397734165 14.96562010794878 73.3800787255168 255.1345473825932 18.57779675722122 44.39302314817905 0.1529731750488281 18.16556281596422 0 78.81928293406963 13.50623761862516 3.807363525032997 1.86341131478548 0.2396204993128777 0.370504193007946 0.3155986368656158 331.3914181217551 0.2188858836889267 0 200.7496369704604 113.59947912395 208.1734147444367 19.6285280957818 5.059645213186741 0.4158933535218239 135.2353096306324 0 4.482488602399826 22.00702797621489 0 1.391492135822773 4.341532155871391 0.3720702975988388 0.3036845326423645 1.715107060968876 0.1840135827660561 0.5896115899085999 0 0.9664740413427353 0 0.503413051366806 1749.705974541605 18.48160788416862 0 1.582106828689575 126.5114342197776 4.586987234652042 8.236313425004482 3.548696279525757 0 0.8864452317357063 117.0041890144348 38.32267992943525 32.8393604233861 46.17979285866022 169.8326326683164 8.24564304202795 318.9949404001236 183.5382889583707 299.5400991886854 133.2779556512833 1.837405689060688 0.9365659281611443 0 0 0 0 0 0.7915019392967224 0 0 0 0.365059107542038 0 0.4962797164916992 0 0.2259560972452164 1.520203270018101 0 0 3.423136502504349 0 0 0 0 272.2913433015347 6.968268349766731 130.6125722676516 75.29914563149214 14.20105575025082 0 0.1384309530258179 0.1216604858636856 0 0 0.9815481901168823 0 3.507419399917126 11.79776900261641 0 0.1020942851901054 0 2.249390304088593 0.1815022379159927 1.07601223886013 1.649277910590172 0.4110139161348343 9.499463148415089 4.684227600693703 0.1639352589845657 2.898628830909729 0.6323140859603882 47.59433498978615 0.2691821157932281 0.3061461225152016 0.4638637155294418 0 0 0 0.4626084566116333 0 0 380.2769327014685 1.22785484790802 0 0 0 14.57697761803865 0.4330605268478394 5.316551312804222 12.87776782363653 5.053288914263248 3.412045001983643 0 0.1986317113041878 0.1877104192972183 0 0.09211254119873047 0 0.09942478686571121 0.3480283617973328 0.5866740792989731 0 246.3958200588822 66.18482822924852 148.2301637381315 404.0987472683191 13.02114485949278 446.1458566561341 116.3523373380303 392.7580038160086 53.3697727099061 0.9429850429296494 59.635045170784 84.29971785843372 0.6586030796170235 23.32125596702099 1.962573848664761 175.4004476293921 2.582609474658966 0.1618322730064392 3.356597140431404 11.9155902788043 1.00110924243927 677.9479591175914 171.9895738586783
432.6178143769503 2596.706384159625 1345.624289661646 134.0772072151303 2379.038301281631 22.69720001518726 1920.321069352329 829.9478511586785 1497.999095164239 561.0744610354304 3684.134106993675 131.352459423244 2929.472565680742 1179.859339542687 68.79294162243605 47.94908474385738 2.285025879740715 0.5727692320942879 0.2417406588792801 0.3107745796442032 0 0 0 0.1178067550063133 0 0.2247681319713593 0.08063607662916183 0.1710596233606339 0.4830619022250175 0 640.9032323658466 67.28347131609917 387.1912206336856 0 0 0 1359.714603438973 15.51206960529089 4.146528117358685 0.8853264153003693 1.506428390741348 0.09680213034152985 0 1.748515948653221 0.1959108710289001 0.4003831893205643 171.5611680969596 4.014878943562508 1.706349074840546 0.460525318980217 0.5664956942200661 0.3077250197529793 0 0 12.50455421954393 19.68999802321196 74.63563793897629 345.8391080349684 18.53784067928791 53.15640472620726 0.1203664839267731 37.48937591910362 0.1724664121866226 125.9840893000364 11.08939103782177 3.925045557320118 2.252518124878407 1.205922991037369 0.5930648297071457 0.124542273581028 143.2220985293388 0 0 230.9875328689814 163.8664159402251 239.8769527971745 22.87100976705551 3.022800967097282 2.233654230833054 349.1413975805044 0.428232379257679 16.35532532632351 21.90098764002323 0 2.565605893731117 5.102719113230705 0.8999747484922409 0 1.740047134459019 0.3073107823729515 1.075209058821201 0.1261038780212402 1.00004006922245 1.040531069040298 0.1027059257030487 163.6623722463846 4.268874317407608 0 1.377179652452469 105.170492850244 1.827069722115993 1.581347264349461 1.851166740059853 0.5163863897323608 0 54.12786222249269 8.939705438911915 13.11805698275566 16.29373902082443 62.01042392104864 2.545098982751369 105.1324306800961 66.22924964129925 103.4803460389376 47.64851801842451 0.2903348207473755 0.4324513524770737 0 0.1473278105258942 0 0 0 0 0 0 0 0 0 0 0 0.508147694170475 0.09721523523330688 0 0 2.718216337263584 0.1225169152021408 0 0 0 119.7716746628284 1.723995566368103 68.00204708427191 31.11006040126085 3.512548178434372 0 0.2478925958275795 0 0 0 0 0 2.825784504413605 4.147347375750542 0 0 0 0.3642818778753281 0.4294596910476685 0.7224083542823792 0.1603049486875534 0.3649525716900826 5.214001029729843 2.655871830880642 0 1.049704104661942 0 30.74758890271187 0.1820985078811646 0 0 0 0 0 0.1799667924642563 0 0 168.2065291255713 0 0 0.2512241154909134 0 9.44873771071434 0 4.005393922328949 3.866116136312485 3.949016228318214 1.584661729633808 0.08523141592741013 0 0 0 0.1893729269504547 0 0 0.1900470405817032 0.1202687472105026 0 93.65796100348234 31.38325910270214 69.80083385109901 366.9469293504953 13.66090346127748 476.8797738775611 129.1475766152143 213.8546167686582 51.10824581980705 2.2096097022295 55.21952287852764 50.12570594996214 0.1500887423753738 11.59188032150269 1.513123735785484 56.97489812225103 0.6652685776352882 0.4334858953952789 1.818636924028397 10.56662739813328 0 208.8214499056339 52.51592187583447
1.266585454344749 12.78572782129049 6.302510127425194 0.8566669523715973 19.87540064007044 0.1365164816379547 14.78910230845213 20.5448409691453 14.76377603411674 9.877294383943081 9.751288644969463 4.127808593213558 67.07416534423828 68.79294162243605 521.7345742657781 1814.691134244204 336.4628584012389 24.0464895889163 81.34003836661577 1.200178399682045 0.6494517251849174 0.5840025097131729 2.780074521899223 1.962749630212784 72.83801935613155 1.045482121407986 10.7894075512886 0.2213681489229202 0.8018159940838814 1.420455604791641 9.64966244995594 5.314538218080997 103.0993072763085 2.985727556049824 11.94887336343527 146.7314318567514 195.5708887726068 193.5677946656942 64.14454510807991 94.32299051433802 3.024002753198147 1.26035887748003 1.951373398303986 183.7722723931074 57.98040719330311 15.75826016813517 364.4164252579212 24.65250390022993 62.20302069187164 25.98004540801048 2.317951261997223 0.6091032549738884 5.496002197265625 1.041409462690353 3.168195508420467 2.06973423063755 1.722952730953693 5.544874615967274 3.25557429343462 194.4455058351159 66.12808828055859 316.5574956834316 23.78931524604559 3.308436661958694 1.897199153900146 2.231936171650887 2.246086373925209 1.409119643270969 8.687381155788898 3.604339018464088 15.7597827911377 12.72029715776443 0.394824244081974 276.0818011686206 5.237390883266926 737.5851565226912 162.7243164479733 113.1496741622686 4.832286149263382 143.7972153052688 12.47744454443455 174.1661571636796 7.722740426659584 0.1215085834264755 2.732019640505314 1.216993547976017 9.353737100958824 0 0.7989018484950066 0.1926366910338402 1.388148985803127 0.5308826640248299 17.33582935482264 4.306574672460556 1.806447379291058 0.8366827592253685 0.9703859388828278 0.09744419902563095 11.76784870773554 0.8118746355175972 0 0 0 0 0 0 0 0 0 0.1924342215061188 0 0.3596233353018761 0.7235182002186775 0.5577527582645416 1.422199465334415 0.23338383436203 0.11139777302742 0 0.1300581991672516 0.07012993842363358 0 0 0 0.9097264185547829 0.2245200127363205 0.1212169155478477 0.1397457718849182 0.7159737348556519 0 0.7964624539017677 0 1.064746305346489 0.08221488445997238 0.1920967400074005 0 0 0.7006342187523842 1.138703346252441 1.312537916004658 7.00079046189785 0.112496480345726 8.566700592637062 15.06555118411779 3.339070245623589 0 0 0 0 0 0.4956119507551193 0.1303435564041138 0.3863260746002197 0.1713785007596016 0 0 0.1115462779998779 5.338343761861324 0 0 0 0 0 0 0 0.3499697893857956 0.8058515042066574 1.210552796721458 0 0 0 0.08711575716733932 0 0.1007165461778641 0.1167935580015182 0 0.1386206150054932 3.261028304696083 3.675930574536324 0.1297107487916946 0.4788602888584137 0.1858803033828735 0.1096428632736206 0.1858952045440674 0 0.4090525433421135 0 0.318171925842762 0 0 0 0 0 0 0 0.2049049735069275 0 0.2165384441614151 2.643414162099361 10.2804344072938 16.88903130590916 11.51892075687647 1.576632015407085 190.8258066698909 13.30464828759432 3.254210777580738 0.1660144850611687 0 1.215766064822674 6.523676514625549 0.1112569272518158 1.200052246451378 0.1701928973197937 0.08242462575435638 0.5373493805527687 0 0.503592923283577 0.1831375807523727 0 6.615804061293602 6.164978161454201
