193.6857492104173 3134.866858582944 1484.886204656214 895.6569426953793 53.34492405503988 81.84779545664787 1044.249361488968 73.64895629137754 6.202984906733036 1115.966569319367 66.40711984038353 242.8086328580976 486.6474879458547 39.16365490853786 10.89027665555477 0.9668644517660141 0.2064427882432938 0.1547297537326813 0 0.3498063832521439 0.4368897154927254 0 0.2660042494535446 0.1084757745265961 0 0.2570049464702606 0 0 0.1187574565410614 0.1607405245304108 1223.72464075312 7.668791152536869 3.971635535359383 0.09838172793388367 0 0 1.679457671940327 0.2741342708468437 0.8678447157144547 0 0 0.1614151746034622 0.1838041543960571 0.6411110684275627 0.08206366747617722 0.1605155542492867 29.37125802785158 1.534802250564098 0.3807301372289658 0.4077231362462044 0.1674984097480774 1.936674833297729 0 0 5.487998493015766 5.577926009893417 206.7790826894343 662.3473045676947 21.94175407290459 116.2471210733056 0.08228511363267899 0.6033709198236465 0 16.35490874201059 1.828993238508701 0.3441070467233658 0.3467272520065308 0.416928943246603 0.5043206065893173 1.572165958583355 6.163821555674076 16.89687524735928 0.5222793966531754 386.6015153713524 37.27702253311872 148.8469572663307 6.12843145430088 1.633590139448643 0.5068224892020226 8.700946301221848 0.5476569533348083 1.890439070761204 8.102229252457619 0.4150420129299164 0.3481265902519226 1.074572287499905 0.3463241755962372 0.8359944298863411 0.08591611683368683 0.3577141761779785 0.1772397086024284 0.3060340508818626 0.7459825053811073 0.2178876176476479 0.8095850124955177 42.27912104874849 28.53880394250154 0.4679585993289948 3.500394403934479 1045.875523813069 0.7594342231750488 13.23718527704477 0.8477810695767403 4.370810225605965 0 8.658599279820919 23.13799662142992 5.902267247438431 26.99670163542032 11.48661161214113 0.8229290246963501 10.26525415480137 19.66321621090174 7.577152125537395 1.246706485748291 0 0 0 0 0 0 0 0 0 0 0 0 0 0 0 0 0 0 0 0 0 0 0.09837478399276733 0 1.484812557697296 1.765941374003887 0 0.09447027742862701 0 0 0 0 0 0 0 0 0 0 0 0 0 0 0 0 0 0 0.2575304508209229 0.4809858202934265 1.768131330609322 0 0 1.337645709514618 0.8550443649291992 0 0 0 0 0 0 0 0 0.09547263383865356 0 0 0 0 2.258943527936935 0 0 0 0.09655901044607162 0.1292550265789032 0.7568483948707581 0.1080614328384399 0 0 0 0 0.08442524075508118 0.09276419878005981 0 0 1.36968320608139 2.163859888911247 1.032166831195354 173.2373408302665 2.808380633592606 40.40431518852711 13.80102387815714 609.8560460433364 4.784905567765236 1.1731301471591 2.990236356854439 32.15946099162102 0.09670234471559525 0 0 66.84864585846663 0 0 0 4.634247563779354 0 255.3121521696448 14.59175258874893
3134.866858582944 3576.627066355199 2953.18577054143 741.4810078591108 2335.192122440785 120.6164093017578 3724.82816144824 227.4929054602981 657.8581561781466 629.6803451552987 680.0845674425364 54.44587947428226 540.7855769321322 1020.928761530668 71.68790848180652 13.99955080077052 0.8754008486866951 0.5330906212329865 0.1722681447863579 0.8383842557668686 1.547218821942806 0 2.087969310581684 1.736834697425365 0.7871342301368713 0.3515018075704575 0.1753415316343307 0.1151756346225739 0 0.7688139900565147 2774.293172225356 71.20096772164106 15.63222868740559 1.1880257204175 0.5576795637607574 0.4380613714456558 3.034200623631477 0.955534502863884 3.416504353284836 0 0.2646494209766388 0.5863551422953606 0.6835760772228241 2.019068755209446 0.7139714062213898 2.269703425467014 164.3112514540553 4.380039237439632 1.595614347606897 1.408423110842705 1.232792347669601 0.06184594333171844 0.9091591313481331 0.3200936689972878 16.80357297509909 14.32641765475273 164.7345601171255 819.3413632847369 38.75427828356624 205.648846000433 1.260625034570694 5.463611587882042 0.1380105167627335 121.0102520287037 5.542617782950401 4.077765196561813 3.130022838711739 1.93069776892662 3.701665967702866 2.945675387978554 18.59314417093992 2.781489461660385 0 646.6463661566377 147.8974044770002 464.223746240139 51.07183213531971 7.268513165414333 2.985478065907955 70.81658507138491 1.825210332870483 7.638730734586716 29.84086521714926 1.661099962890148 1.769802764058113 4.681697193533182 0.9016802385449409 0.8670730739831924 1.241715662181377 0 0.9628901854157448 0.5224302038550377 3.980071716010571 0.8744758516550064 1.687819667160511 36.22272954136133 22.90461163967848 0 15.75007287412882 847.9975764304399 2.701462134718895 8.885638251900673 8.9768400862813 0.8714147359132767 1.076243072748184 29.20878624916077 19.80499668419361 20.57301038503647 37.53702688962221 17.39603853970766 5.816253304481506 21.72439432889223 57.83096339553595 21.72270206362009 17.27858310937881 0.4050276875495911 0 0 0 0 0 0 0 0 0 0 0 1.068091221153736 0 0 0 0 0 0 4.53594446182251 3.358424946665764 0 0.817067563533783 0.6626456379890442 11.35861887782812 4.258228346705437 17.39439845830202 14.33442058414221 2.892613112926483 0 0 0.08604312688112259 0 0 0 0 1.020541667938232 3.213632501661777 0 0 0 0.6652398854494095 0.09987401217222214 0.1737183928489685 0 0 2.04412604868412 1.444541148841381 0.3724964931607246 0 1.537788331508636 3.980284437537193 3.138960063457489 0 0 0 0 0 0.1474770680069923 0.08278901129961014 0.1129805967211723 10.23513912409544 3.632217198610306 0 0 0.08591943234205246 23.13352012634277 0.9074358940124512 7.330464705824852 1.855068504810333 1.662228867411613 4.203497618436813 0.3360643312335014 0.2849496379494667 0 0 0.08576475828886032 0 0.07604697346687317 0 0 0 14.64288253337145 12.79330150783062 37.4252563342452 295.6603980138898 13.35212782025337 197.0574481450021 61.16127084195614 385.7437005341053 6.55036261677742 2.875796683132648 17.69005680829287 15.9142976179719 0.2039835453033447 3.059149496257305 4.775482393801212 38.60127123445272 0 0 0 7.332029059529305 0 259.6484181657434 40.3333218768239
1484.886204656214 2953.18577054143 2651.664535343647 2.954174846410751 750.0353852361441 5.115307256579399 104.7798399701715 3651.091636419296 793.7278545945883 3.121522076427937 2261.986128978431 3.123481214046478 41.5528077185154 1106.202702116221 31.7455718293786 18.73398650437593 1.209884278476238 9.807441219687462 0.6364623233675957 71.22859871387482 55.71347513049841 0.1012260317802429 66.21565020084381 39.209025003016 1.749456726014614 1.016785301268101 1.933780066668987 1.097780823707581 0.7228429764509201 1.512919262051582 5675.541666902602 906.4361959025264 115.3514346033335 62.24687778949738 30.60762153565884 0.5029260367155075 6.604271598160267 5.897220559418201 3.699714809656143 0 4.573426529765129 4.960042499005795 15.50729838758707 10.56291821599007 10.0543991997838 47.01554320752621 76.72554142028093 2.652263380587101 4.956301398575306 27.48726003617048 5.235803507268429 1.703082993626595 0.2699899077415466 1.18732538074255 4.797040037810802 3.952147483825684 61.90686460956931 507.4790485277772 12.1901852414012 54.72965394705534 111.9204805418849 34.44217105954885 13.33381675928831 356.9179931879044 2.433003053069115 5.811690960079432 2.362120434641838 22.82598672807217 108.1708268113434 124.4644369222224 31.08966771513224 10.10258287936449 0.06800103187561035 223.2983428537846 119.9786736816168 179.2943554371595 40.54949362576008 10.69516948610544 177.2184051573277 694.6672837883234 89.97839647531509 336.8236217051744 9.944972448050976 0.505541704595089 2.536624640226364 1.523998741060495 13.24401169270277 0.4174914211034775 0.3531729653477669 0.3702488392591476 1.506638459861279 1.174468845129013 97.18095402419567 11.93213813751936 8.213678993284702 34.87677878141403 42.3795111477375 0 14.97094533592463 178.5458846986294 2.851390674710274 0.6817569211125374 2.664794206619263 0 2.444911867380142 6.615006566047668 3.844575919210911 17.24374255537987 16.87889864295721 9.223425380885601 6.087560825049877 12.12964390218258 16.948960326612 10.16202726960182 12.94921030849218 0.3809875249862671 0 0 0.1845144778490067 0 0 0 0 0 0.1248181611299515 0 0 2.454762078821659 0 0.1145291924476624 0.2161651849746704 1.434198677539825 0.09591363370418549 0 6.539739839732647 0.7174444571137428 0 1.526264294981956 0.3502765893936157 6.984625279903412 4.633766882121563 15.54169573634863 12.99653825163841 3.843597419559956 1.075547657907009 0.6022680476307869 0.1031736433506012 0 0.2110082283616066 0.3392976075410843 0.1858358904719353 0.4400188028812408 1.213989309966564 0 0.09760152548551559 0.6569352149963379 3.781529977917671 0.6411392539739609 0 0 0 0.6735554486513138 1.607008285820484 0.1089522391557693 0.1099157333374023 6.677965380251408 4.983636997640133 1.255697146058083 0 0 0.08584079891443253 0 0.1636492311954498 0.09700885415077209 0.9155475944280624 1.399955064058304 11.31527753174305 3.630056336522102 0.7187920585274696 0.2632724568247795 1.644389882683754 13.68644767999649 4.157536812126637 4.571721792221069 1.782535552978516 2.619898810982704 3.019758000969887 0.706511490046978 1.075725369155407 0.07462334632873535 0 0 0.09043235331773758 0 0.8403875306248665 0.4578122496604919 0.8468810841441154 6.337796114385128 10.94560530036688 23.29259639233351 135.5693424344063 17.81864916533232 99.25449226796627 34.50109591335058 18.74865868315101 3.651087202131748 0.5509340316057205 7.825834460556507 4.744298167526722 0.908188633620739 4.119244046509266 1.072628065943718 6.043264776468277 0.2754825949668884 0 0.2205119431018829 3.606248676776886 0.1556069254875183 33.472781047225 23.30217116326094
895.6569426953793 741.4810078591108 2.954174846410751 191.7681918144226 11.93927904218435 235.8232998102903 605.6927070617676 0.1653214544057846 1.188822068274021 604.4978332445025 0.17416612803936 854.6877577230334 1185.138883143663 39.62204736471176 0.9577729105949402 0.494613341987133 0 0 0 0 0 0 0 0 0 0 0 0 0 0 34.33344811946154 0.3833840116858482 0.2143611013889313 0 0 0 0 0 0 0 0 0 0 0 0 0.09133725613355637 6.409034930169582 0 0.6842005848884583 0.194013737142086 0.2026095911860466 0 0 0 0.6085114181041718 0.6616500094532967 18.04569487273693 52.64827567338943 2.590933501720428 19.8424144089222 0 0.08240826427936554 0 2.636865265667439 0.3792972564697266 0.2033490538597107 0.09327398985624313 0 0 0.1270518749952316 2.786542646586895 0.1891184747219086 0 45.24305944889784 5.658824734389782 28.73648250102997 0.5147285610437393 0.193396732211113 0 0 0 0 1.262616276741028 0.08635628968477249 0.1786381378769875 0.1763528063893318 0.06928813457489014 0 0 0 0 0 0.08046764135360718 0 0 2.535246133804321 0.66193687915802 0 0 262.2687675133348 0 3.239055603742599 0 0 0 2.366807520389557 5.450655579566956 0.9786237180233002 19.74371718615294 2.741487815976143 0 2.42198571562767 3.874408408999443 0.8630218952894211 0.8412720561027527 0 0 0 0 0 0 0 0 0 0 0 0 0 0 0 0 0 0 0 0.2499995231628418 0 0 0 0 0.1380511969327927 0 0.4870128929615021 0 0 0 0 0 0 0 0 0 0 0 0 0 0 0 0 0 0 0 0 0 0 0 0.8118817210197449 0.1987254172563553 0 0 0 0 0 0 0 0 0 0.1054237112402916 0 0 0 0 0.1088905408978462 0 0 0 0 0 0 0 0 0 0 0 0 0 0 0 0.5255340039730072 0.5850498080253601 0.7622600197792053 14.97308856248856 0.4116630405187607 9.760541342198849 2.35715126991272 408.8193103447556 0.3631772994995117 0.1494439840316772 0.7297320663928986 6.571101516485214 0 0 0 13.82168713212013 0 0 0 0 0 128.1814512908459 3.462326854467392
53.34492405503988 2335.192122440785 750.0353852361441 11.93927904218435 2134.014798074961 0.997525155544281 2116.793671488762 104.7324416041374 4567.486667722464 21.99703636020422 1387.971926532686 1.638734854757786 556.0846034511924 3315.149869173765 38.86082033813 11.06820078939199 0.2495706826448441 0.3233703672885895 0.08342955261468887 1.050361052155495 1.656379148364067 0 1.956178389489651 0.6857542172074318 0.06792230904102325 0.102278433740139 0.4219781383872032 0.07631873339414597 0.1249280199408531 0 297.9707786664367 53.20576943457127 5.49839048832655 1.584745846688747 0.8661511093378067 0.4846874475479126 3.857917152345181 0.4731312394142151 0.872285470366478 0.1026086732745171 0.540159672498703 0 0.112920768558979 1.297041423618793 0.3192861527204514 1.063775740563869 90.07682855427265 2.443178497254848 0.7356265783309937 0.3941429927945137 0.8765275180339813 0.0884726271033287 0 0.1773852631449699 5.618122898042202 6.172973282635212 26.38992536067963 121.9123733118176 11.52360319346189 60.59955714643002 0.927626371383667 1.539134234189987 0.1572895646095276 60.12229150533676 3.018730670213699 1.616335496306419 1.990924313664436 0.8699332848191261 2.028591677546501 1.606690444052219 13.05333685874939 0.5826435685157776 0 141.1139561645687 56.52649082988501 159.2919343970716 32.73375295847654 4.05363492667675 2.28136495500803 20.42465580999851 0.758486770093441 5.200238078832626 12.01649140566587 0.7258097901940346 1.181905284523964 1.768826901912689 0.429220587015152 0.4782617464661598 0.24632328748703 0.1599695011973381 0.08316612988710403 0.2801710665225983 2.178597435355186 0.7001447528600693 0.6208739280700684 11.7466834038496 12.12667708843946 0.08708192408084869 6.85350776463747 9.189266033470631 1.942767515778542 1.780066601932049 4.796453461050987 0.8833656683564186 1.417079329490662 10.20544204115868 4.215250410139561 8.797411695122719 13.19394878298044 4.119777992367744 3.696904070675373 12.07972187548876 20.88928762078285 12.25688204914331 9.216035239398479 0.4931331425905228 1.102487117052078 0 0 0 0 0 0 0 0 0 0 0.1146234050393105 0 0 0 0.0772460401058197 0 0 3.487770043313503 2.695848882198334 0 0.1677480190992355 0 7.592867784202099 1.855038791894913 16.12694673240185 9.940225370228291 0.6292804107069969 0 0 0 0.1644240468740463 0.8060814142227173 0 0 0.6088558882474899 1.344601824879646 0 0 0 0 0 0 0.5459825396537781 0 0.4123711287975311 1.164775222539902 0 0 1.88503759354353 5.658045180141926 1.642937332391739 0 0 0 0 0 0 0 0 7.843239046633244 1.59727931022644 0 0 0.09112387150526047 13.6487672701478 0.891327440738678 2.992329306900501 2.056843191385269 0.8032306432723999 3.073205716907978 0 0 0 0 0 0 0.1842553988099098 0.08364513516426086 0 0 4.874205559492111 11.00726950913668 23.08350887149572 142.407777056098 6.406920373439789 112.1360687837005 34.74248322099447 9.880035825073719 5.801316872239113 1.760878339409828 12.1445334777236 7.419436573982239 0.1571065038442612 2.211910545825958 0.9673218801617622 4.215958893299103 0 0 0.3588419854640961 1.891233220696449 0.3298096358776093 39.30505058169365 19.38005264103413
81.84779545664787 120.6164093017578 5.115307256579399 235.8232998102903 0.997525155544281 4.884361147880554 56.14840423315763 2.868188142776489 0.9301833435893059 292.1337257176638 4.152883753180504 118.0890903919935 120.6351630464196 27.03021883219481 0.8024406805634499 0 0.1500466167926788 0 0 0 0 2.427956357598305 0 0 0 0.3159402012825012 0 0.2331709861755371 0.1551173180341721 0.1293406933546066 29.11090198904276 0 12.16691806912422 0 0 0 4.644361034035683 0.8503247946500778 2.259318858385086 0 0.5256985425949097 0 0 0 0 0.08042555302381516 2.220526307821274 0 0 0 0.2330667674541473 18.64027363806963 3.01801024377346 0.6240474730730057 0.1001882627606392 0.4400578960776329 78.58848033100367 25.38057117909193 3.083269752562046 10.30352465063334 0.09588200598955154 0.571465790271759 0 1.128090858459473 0 0.2185859307646751 0.1043608859181404 0.1148113906383514 0 0 46.83278730511665 175.4875547140837 8.431024476885796 19.44907616823912 2.395430691540241 8.458576716482639 0.2302201092243195 0.08628936111927032 0 5.283472880721092 0 1.360796689987183 0.205684557557106 0.1993652507662773 0 0.1741178631782532 0 2.322380051016808 1.261359006166458 9.113331697881222 0 1.238119028508663 0 0.4998888969421387 0.2587775439023972 164.1354403048754 278.8041092902422 23.71132376790047 40.3481494858861 296.3530840724707 0 5.794914826750755 0.7856912165880203 0.5251827985048294 0 0.6997967958450317 9.926333695650101 1.048571184277534 4.78460006415844 4.304527595639229 0 1.185809314250946 3.661463685333729 2.286165066063404 0.6746527552604675 0 0 0 0 0 0 0 0 0 0 0 0 0 0 0 0 0 0 0.09850024431943893 0 0 0 0 0 0.1171438544988632 0.1007435321807861 0 0.590308666229248 0.1052244231104851 0 0 0.1696310788393021 0 0 0 0 0 0 0 0 0 0.4165162891149521 0 0 0 0 0.119241014122963 0 0.4164595156908035 0 0 0.1166684031486511 0 0 0 0 0 0.1118795946240425 0 0 0 0.2867225110530853 0.6484988331794739 0 0 0 0 0 0 0 0 0 0 0 0 0 0 0 0 0 0 0 0.9261496588587761 0 0 5.611387521028519 0 4.149406492710114 0.4937514737248421 435.1872497498989 4.250060930848122 0 0.1177933886647224 3.823325306177139 0 0 0 14.28945922851562 0 0 0 0.2148054987192154 0 154.0175703316927 7.18951915204525
1044.249361488968 3724.82816144824 104.7798399701715 605.6927070617676 2116.793671488762 56.14840423315763 1100.648216485977 10.57937727868557 2052.836845099926 903.1491002440453 212.4036154523492 241.5538514703512 2778.304060488939 3386.94970600307 47.82405604794621 23.35886768251657 0.9485316425561905 0.1808353736996651 0 0.3409568518400192 0.6117741540074348 0 1.035076677799225 0.8394267335534096 0.1303791701793671 0.7511685788631439 0.09782105684280396 0.2645374089479446 0 0.3387094140052795 255.1585186123848 41.10496596246958 13.30105412751436 0.5122402757406235 0.2850390523672104 0.2752315104007721 5.061619736254215 0.5412496328353882 3.333701394498348 0.6736635491251945 0 0.1681751906871796 0.1683070361614227 1.651795789599419 0.3663230426609516 0.8159960135817528 120.5443479940295 3.38451411575079 0.8758581057190895 0.5071155726909637 1.149424433708191 0.07761908322572708 0.1107613444328308 0.1853713467717171 9.80452323704958 8.758555017411709 54.98149474710226 203.4705527052283 16.49336710944772 101.7862181141973 1.17256785184145 2.964433766901493 0.3027214854955673 55.77926009148359 3.304199881851673 1.727887786924839 1.874863851815462 1.033969737589359 1.160450227558613 1.197302259504795 31.34467232972383 10.24753054976463 0 250.1644967533648 68.37639757990837 241.328327242285 39.13524220138788 5.699461258947849 0.5710634514689445 16.87080329656601 0.7686952576041222 2.832679964601994 19.687095656991 0.9860271140933037 0.9628300294280052 3.219510935246944 1.092878043651581 1.245755091309547 0.6027990952134132 0.2431782186031342 0 0.09653012454509735 1.758205771446228 0.3948594108223915 0.2494965940713882 91.96245115995407 33.06703441590071 0 11.64678011089563 65.13081854581833 10.88978331536055 13.63148355484009 14.68318140506744 5.506703726947308 4.166293144226074 54.68089273571968 38.27490832656622 56.61816506832838 91.97274655848742 52.86278600245714 18.5875575914979 64.80668421089649 160.2725767865777 62.18356624990702 45.88724733144045 1.908663690090179 0.1967834234237671 0 0.5611627399921417 0 0 0.4403806328773499 0.2654858231544495 0 0.423188328742981 0 0 3.674914002418518 0 0 0 0.2423263043165207 0 0 9.026368968188763 7.481856517493725 0 4.262321323156357 0 26.74460022896528 5.027247056365013 40.38414819538593 21.85170600563288 4.321549877524376 0 0 0 0 0 0.5305095911026001 0 2.191954284906387 4.842941343784332 0 0 0 0.4034259393811226 0 0 0.4660198390483856 0.06764804571866989 1.470831140875816 4.308653622865677 1.397952862083912 0.6002529487013817 3.985679306089878 13.8644779920578 3.133817344903946 0 1.071304388344288 0.1318386346101761 0 0 0 0 0 25.95178729295731 3.533482410013676 0 0.07843925803899765 0 44.7974758297205 1.039995521306992 6.907778166234493 4.424389630556107 4.147761411964893 8.165603533387184 1.203182645142078 0.9957472458481789 0 0 0 0 0 0 0 0 37.03065835684538 16.01859953999519 61.68123815208673 229.6015504449606 10.84909163415432 159.6928841024637 56.90891350805759 137.0701129585505 7.989710107445717 2.791525639593601 15.60702691227198 27.09503718465567 0.6012048348784447 9.360703155398369 1.646505892276764 59.95671223104 0.2555918395519257 0 0.4509441554546356 6.486544609069824 0.4616639986634254 230.4414773285389 100.1101552397013
73.64895629137754 227.4929054602981 3651.091636419296 0.1653214544057846 104.7324416041374 2.868188142776489 10.57937727868557 3457.329888641834 61.39784423261881 1.607324197888374 2926.234756976366 2.71552886813879 36.73333040624857 959.3973380513489 64.87362515181303 59.02814414352179 1.876575291156769 7.523494824767113 1.390704706311226 81.47600369155407 70.18875572085381 0 101.4141064956784 72.81472039222717 2.593131378293037 5.253252945840359 5.378485508263111 0.6778918132185936 0.7175421416759491 4.02467143535614 1745.670783050358 4317.747581914067 477.9233957752585 72.89540980011225 58.05152884870768 1.193537279963493 14.20444310456514 8.311239555478096 5.400423742830753 0.267905130982399 7.130878955125809 4.057159744203091 16.96110212057829 118.906843200326 10.16033385694027 63.05535966157913 134.4383092224598 2.358616039156914 3.56101431697607 15.69714452326298 3.785222828388214 1.942216329276562 0.422551304101944 1.252702444791794 4.976160317659378 3.838434159755707 29.22944174334407 199.1137825548649 7.458321735262871 51.23815408349037 366.6832918524742 133.1160580515862 21.78822156786919 386.7957757413387 2.646234512329102 3.489305593073368 1.784044712781906 14.37968197464943 67.72317294031382 107.2416948080063 35.74945575743914 3.447961315512657 0.2441072091460228 136.3187929987907 112.6951341703534 212.6949191614985 168.6676462814212 611.6361190453172 2349.447761707008 3368.182401031256 569.1845402643085 1883.056014694273 10.44982318580151 0.5631445497274399 1.991658136248589 1.664250060915947 8.129639454185963 0.3515389710664749 0.4131140112876892 0.2668481990695 0.7843047380447388 0.9213162437081337 96.00665459781885 19.39864388853312 6.575966320931911 20.4584922939539 16.75036384910345 0 8.591532826423645 10.32924985140562 0.6628113240003586 0.8156712055206299 2.355784550309181 0.7906860113143921 1.307314962148666 5.200441494584084 1.172664880752563 5.391469158232212 9.340260855853558 5.131536565721035 3.558976292610168 4.126961700618267 11.71483546495438 4.508259892463684 6.343874327838421 0.1743028312921524 0.169132836163044 0 0.09673497825860977 0 0 0 0 0 0.2418841421604156 0 0 1.193140670657158 0.08765136450529099 0.267692506313324 0.2304752096533775 0.8949006646871567 0 0 0.6754675358533859 1.072845056653023 0 1.11495815217495 0 4.708256177604198 1.208459913730621 6.936617039144039 4.57769863307476 2.903936959803104 0.6451143100857735 0.8733910322189331 0.1712993308901787 0.0759587436914444 0 0.1594838574528694 0 0.7869743704795837 1.022263087332249 0 0 0.7768656760454178 1.438265956938267 0.4558400511741638 0 0 0 0.3700928166508675 0.08731495589017868 0 0.6708499491214752 3.669026851654053 4.683243460953236 0.3019011840224266 0 0 0 0.07317314296960831 0.08642718195915222 0.0745757520198822 0.5333649814128876 1.220581345260143 3.445217251777649 0.3954350501298904 0.08806446939706802 0.1871505975723267 1.590958252549171 5.206418909132481 0.2825756892561913 2.506138153374195 0.1025932282209396 0.6248695626854897 1.054412648081779 0 0.2010376453399658 0.08764384686946869 0 0 0.08934764564037323 0.08456721156835556 0.2449563443660736 0.799752339720726 0.6110437959432602 3.437733858823776 3.643510274589062 12.47020552307367 204.8710648715496 18.74895976483822 156.3372860476375 56.62520249933004 7.545831903815269 5.95835879445076 1.788403525948524 15.91913189738989 5.058262854814529 1.33832935243845 2.690654911100864 0.3422936946153641 1.759560197591782 0 0 0.4386381506919861 5.342908650636673 2.286346033215523 27.44694214314222 12.20621276646852
6.202984906733036 657.8581561781466 793.7278545945883 1.188822068274021 4567.486667722464 0.9301833435893059 2052.836845099926 61.39784423261881 769.9655446261168 2.86655118316412 914.8988517820835 2.17353218048811 613.5260142758489 1440.64776353538 14.24476452171803 6.112053714692593 0.1800059452652931 0.2304138317704201 0.09484054148197174 0.3284952342510223 0.0918629914522171 0 0.4562071263790131 0.3849833756685257 0 0.3904176950454712 0 0 0.09143979102373123 0 43.42609488964081 16.76230926811695 5.357826896011829 0.09177438914775848 0.0823841392993927 0 0.9379627406597137 0.3888402581214905 0.4771452993154526 0 0 0 0.1749951243400574 0.1022719517350197 0.08230572938919067 0.422907367348671 30.21950045973063 1.064957275986671 0.3411428332328796 0.1566060706973076 0.1686375364661217 0 0 0.1794111579656601 2.819655500352383 1.530861169099808 7.532358553260565 24.87710118293762 3.035134010016918 16.64420162513852 0.2626385092735291 0.6899323910474777 0 21.19530930370092 0.815319687128067 0.7100192978978157 0.3802603706717491 0.1621706038713455 0.3047725185751915 0.6817103251814842 6.774011187255383 0.3847946524620056 0 33.03625069186091 15.62956780195236 48.05057997629046 15.67678655683994 3.739482924342155 0.7998334169387817 106.8823693916202 0.4309915006160736 1.768572978675365 5.322184011340141 0.1493117287755013 0.564323402941227 0.9082340821623802 0.1009275242686272 0 0.4082243666052818 0 0.09185818582773209 0 0.5447638928890228 0.08190242201089859 0.07626117020845413 8.285091519355774 8.110482700169086 0.07524852454662323 5.714715540409088 1.208322495222092 0.8490428328514099 0.9446123391389847 1.372853443026543 2.387903481721878 0.7792346030473709 4.900490589439869 2.824063070118427 5.896513111889362 17.29092364013195 2.957759901881218 2.144188188016415 11.66184478998184 21.39467629790306 10.05822187662125 5.343641340732574 0.2648091688752174 0.09280505776405334 0 0.2595788314938545 0 0 0 0 0 0 0 0 0.4069212079048157 0 0 0 0.1678431332111359 0 0 3.323032014071941 1.645922489464283 0 0 0 6.249290816485882 0.4303923100233078 5.760281264781952 4.01278692483902 2.340280801057816 0 0 0 0 0 0.2148449495434761 0 0.784771591424942 0.8235227391123772 0 0 0 0.08390133082866669 0 0 0 0 0 2.753900840878487 0 0 0.5016047954559326 5.692613273859024 0.5936734229326248 0.5658383369445801 0 0 0 0 0 0 0 8.953342504799366 0 0 0 0 6.690976187586784 0.3290427327156067 1.809697233140469 0 0.8545739650726318 0.8806938454508781 2.27911526709795 0 0 0 0 0 0 0 0 0 6.155403792858124 4.456173896789551 17.70518589019775 58.6371011659503 2.83505417406559 48.61197591573 12.7311899960041 3.099668554961681 2.696645401418209 0.5472570285201073 4.366015627980232 1.278437606990337 0 2.44292514026165 0.2639801129698753 2.509563818573952 0 0 0.3386173844337463 0.7362428158521652 0 13.7616093531251 9.584030173718929
1115.966569319367 629.6803451552987 3.121522076427937 604.4978332445025 21.99703636020422 292.1337257176638 903.1491002440453 1.607324197888374 2.86655118316412 696.7929124012589 3.313203260302544 1676.191132500768 3902.811484836042 163.1001138165593 2.041428200900555 0.8965314030647278 0 0 0 0 0 0 0.1349209845066071 0 0 0.1112436428666115 0 0 0 0 22.0107254460454 0.7522967606782913 9.97389343380928 0 0 0 13.78886602818966 0 0.8470244407653809 0 0 0.06577399373054504 0 0 0.07438523322343826 0 4.831206396222115 0.361529216170311 0 0.08858084678649902 0.08332032710313797 0 0.5416964888572693 0 0.929431676864624 1.270925141870975 14.36082132905722 38.89836963266134 1.75523865967989 12.80135238170624 0 0.1447779536247253 0 1.308567441999912 0.1009468957781792 0.1634681522846222 0.101992666721344 0 0 0 28.24765332043171 1.683363437652588 0.2468172162771225 33.82332161068916 4.958273090422153 17.93863714486361 1.449611969292164 0.2027838379144669 0.283600352704525 2.16433972120285 0 0 1.695607110857964 0 0.1885079517960548 0 0 0.07082641124725342 0.08665580302476883 0.1193565502762794 0 0 0.1068002805113792 0 0.09407065808773041 35.61705423146486 12.25231806188822 0.3050298988819122 1.703401386737823 254.905438400805 0.6200620010495186 39.94231569766998 15.96537666022778 10.44948732852936 1.560320608317852 40.04180125147104 78.89408467710018 36.35362990945578 158.9917460158467 61.77139240503311 5.348393127322197 60.56050777435303 175.282887250185 70.18539649248123 21.48789651691914 0.0766129344701767 0.1024807915091515 0 0 0 0 0 0 0 0 0 0 0 0 0 0 0 0 0 1.174311481416225 0.5451010167598724 1.011683821678162 0.854838490486145 0 7.383972086012363 2.935139775276184 7.083513051271439 0.7630470395088196 0 0 0 0 0 0 0 0 0 1.740727767348289 0 0 0 0.3188582360744476 0 0 0 0 0.09636474400758743 3.731444656848907 1.646367602050304 0 0 4.7536256685853 1.200567536056042 0 0 0 0 0 0 0 0 6.977700859308243 0 0 0 0 11.56922335922718 0 1.469956539571285 1.061073839664459 0.7048611491918564 1.052923560142517 0.1449073106050491 0 0 0 0 0 0 0 0 0 26.94930844008923 2.083756402134895 6.124603115022182 52.09787999838591 0.1041870713233948 7.876194663345814 2.132109433412552 441.3475745469332 0.9559243395924568 0.4170302674174309 0.6972860395908356 53.81844541430473 0 2.302358984947205 0.2143403142690659 158.446254439652 0 0 0 2.003679186105728 0 328.3350156992674 129.6965739130974
66.40711984038353 680.0845674425364 2261.986128978431 0.17416612803936 1387.971926532686 4.152883753180504 212.4036154523492 2926.234756976366 914.8988517820835 3.313203260302544 2384.921745039523 24.93678720295429 382.0233306512237 3937.957477733493 66.12965002655983 69.23049885779619 0.481525294482708 0.3569764420390129 0.3450572863221169 1.446077294647694 6.079154923558235 0 11.03034400939941 12.09264323115349 0.9091615974903107 1.14530323445797 2.538994990289211 0.4762054234743118 0.4478750452399254 0.9085364118218422 281.5102651491761 174.906587228179 253.8122924566269 2.211568221449852 6.079816177487373 1.460667744278908 26.75190246105194 7.642636731266975 5.46004992723465 0.5295916274189949 1.144674338400364 0.2647219002246857 0.7037438079714775 3.597516782581806 0.5619532763957977 1.017983369529247 107.4311490729451 1.044511809945107 0.8966471627354622 0.6826251745223999 0.7561178952455521 0.09476939588785172 0.1190021634101868 0.08924926072359085 5.361231669783592 4.290372803807259 16.53282095491886 64.27050442248583 8.422802850604057 38.57971910387278 2.673331782221794 35.84778025001287 0.4571439996361732 70.21926887333393 1.192033685743809 0.7150359451770782 0.7236672192811966 2.181366115808487 4.149681337177753 4.100157804787159 65.40012262016535 1.033677965402603 0 66.32176541909575 47.8345408141613 144.1717244312167 86.66130305081606 24.59659296274185 36.99759884923697 1114.812868416309 0.93405731767416 180.5208250209689 8.30528312921524 0.4216162785887718 0.5556009486317635 1.663142293691635 0.892198707908392 0.09040644764900208 0.2456694096326828 0 0.4991137906908989 0.1739952489733696 10.01624956727028 2.780379891395569 0.7830766439437866 29.84745731204748 16.15182953327894 0 7.807196818292141 6.557581022381783 1.421598114073277 0.8624716103076935 4.286199130117893 0.782553531229496 3.008711956441402 11.04005394130945 4.016232222318649 10.86790362745523 16.5202396735549 6.184670507907867 2.161412574350834 15.0690685287118 36.37660426646471 15.2275470867753 12.58471188694239 0.8151183128356934 0 0 0.08816774934530258 0 0 0.2828416526317596 0 0 0 0 0.103288933634758 0.7291937172412872 0 0 0 0.1028350815176964 0.3361664116382599 0 3.450460337102413 1.364563353359699 0 0.1434196531772614 0 10.9272663295269 1.105822719633579 11.31525096297264 3.088337987661362 0.7213571220636368 0.1041171997785568 0.2125651687383652 0 0 0 0 0 0.1649863123893738 0.9214255586266518 0 0.2827155888080597 0 0.160970151424408 0.2332106903195381 0.2850169837474823 0 0 0.7392467111349106 0.652418926358223 0.09725344181060791 0 2.974438160657883 6.406123705208302 2.54847976565361 0.09744200110435486 0 0 0 0 0 0.1785200983285904 0.2890312150120735 10.19890230894089 0.7470404505729675 0.06651522219181061 0 0 12.26676998287439 0 4.024888172745705 0.934781938791275 1.756887413561344 3.824516266584396 0.2408836409449577 0.3841842040419579 0.3149555623531342 0.0784042701125145 0.1003848686814308 0 0 0.1031553447246552 0 0.09081666171550751 9.925953693687916 5.92713463306427 18.87633026391268 197.5342535600066 7.213722437620163 134.7136457711458 51.69443290680647 8.95231793820858 8.682126082479954 0.9213729724287987 18.97727753221989 8.214334726333618 0.1189728379249573 3.616902768611908 0.504103846848011 3.936171598732471 0 0 0.1442805230617523 3.864612922072411 0.4647313207387924 42.03886797279119 34.75910825282335
242.8086328580976 54.44587947428226 3.123481214046478 854.6877577230334 1.638734854757786 118.0890903919935 241.5538514703512 2.71552886813879 2.17353218048811 1676.191132500768 24.93678720295429 70.63753805309534 1284.810084946454 251.8821885883808 13.29499443620443 21.20114655792713 0.6349431052803993 0.1085475161671638 0 0.2097874283790588 0.7593497037887573 0 2.012837432324886 1.955563850700855 1.006996959447861 0.8101851940155029 1.476929798722267 0.08803074806928635 0.2109645009040833 0.4054165035486221 4.604475043714046 0.6878301277756691 323.5086866989732 0.5732768625020981 0.6140110194683075 2.267952628433704 174.5700474902987 15.50428730249405 6.605217635631561 0.511024072766304 0.7718692421913147 0 0 1.58717092871666 0 0 32.53640588372946 0.2072112709283829 0.5512135028839111 0.08721788972616196 0 0.1785054504871368 0 0 0.7199660912156105 0.8639786168932915 4.043002005666494 6.077404506504536 1.806853875517845 9.14828896522522 0.14122174680233 34.02830228954554 0.1155143454670906 3.80178228020668 0.2255068570375443 0.08575439453125 0.08555208891630173 0.4777559265494347 0.6745598390698433 0.7397939264774323 189.3911063149571 0.1217349022626877 0 14.85703811794519 4.121484808623791 20.85511372983456 13.73682483285666 5.21307610720396 0 36.52888261526823 0 8.971065782010555 0.5331738889217377 0.1769024580717087 0 0.2932613044977188 0.4979704394936562 0 0.1033494547009468 0 0.1048462092876434 0 3.809855937957764 0.2634264007210732 0 327.3313420936465 25.35278762876987 0.1457938551902771 14.20646277070045 34.59198345243931 1.413548693060875 19.29504965245724 7.988349951803684 5.273863203823566 2.80443699657917 30.89988486468792 51.14684926718473 28.52945510298014 78.31326226145029 49.34704387187958 5.204849287867546 48.71951136738062 104.5434554368258 35.74592043459415 19.68448713421822 1.25429655611515 0.08829638361930847 0 0 0 0 0 0 0 0 0.1565666347742081 0 0 0 0.1084058284759521 0 0 0 0 1.297776989638805 2.541392676532269 0 0.5174829959869385 0 8.95920092612505 0.430163562297821 6.28781059384346 2.953667514026165 0.7741135805845261 0.5577621310949326 0 0 0.09121078997850418 0 0 0 0.4932350441813469 0.6109170094132423 0 0 0 0.1020438447594643 0.1089823544025421 0 0 0 0.6461620554327965 0.9418985173106194 0.5647690817713737 0 6.011303260922432 5.601924128830433 2.249130144715309 0 0.4001964032649994 0 0 0 0 0 0.1604877114295959 11.15362374484539 0.1254805475473404 0 0 0.1050336509943008 11.81596750766039 0 3.017936214804649 1.052456349134445 1.825437478721142 1.029473319649696 0 0.1691425815224648 0 0 0 0 0 0.1015341430902481 0 0 20.32619151473045 6.00985237210989 12.85489924997091 145.2557943239808 1.492792069911957 44.26108793914318 22.49733448773623 242.712500795722 2.945255778729916 0 7.402188010513783 46.70163939893246 0 1.810129374265671 1.552528701722622 99.09999619424343 0 0 0 7.717011526226997 0 429.5841303095222 102.8264841809869
486.6474879458547 540.7855769321322 41.5528077185154 1185.138883143663 556.0846034511924 120.6351630464196 2778.304060488939 36.73333040624857 613.5260142758489 3902.811484836042 382.0233306512237 1284.810084946454 2321.174805298448 5151.521446622908 71.27127082645893 87.68827629089355 0.9946660399436951 0.7741946950554848 0.2781959027051926 0.9138614907860756 3.101927690207958 0 6.444610498845577 7.663459472358227 7.182671032845974 1.980897948145866 2.861953623592854 0.3689794987440109 0.3569836094975471 1.979753956198692 48.72882160544395 16.58041418343782 1743.13010751456 1.48389008641243 3.365649148821831 4.98516757786274 433.6716608777642 40.3379942625761 92.01817914843559 2.788627669215202 2.974324509501457 0.6309859454631805 0.5712505728006363 2.571096137166023 0.4383393973112106 0.8089893534779549 163.408695936203 1.688433721661568 0.3670376464724541 0.522607609629631 0.9986986219882965 0.2207775413990021 0.09661212563514709 0.10751723498106 5.074897974729538 4.389544606208801 22.52831089869142 67.97908802330494 10.74670585989952 55.39627384394407 1.561049781739712 61.53114282339811 0.317524254322052 38.26574797183275 2.099907740950584 1.090878695249557 0.6428713351488113 2.512534357607365 3.00874800235033 2.596002794802189 704.6077666804194 4.639175094664097 0 96.00587447360158 37.63314920663834 139.7414531633258 72.1952947974205 23.46952322125435 0.4687175899744034 204.4519427195191 1.078257612884045 30.20335692167282 10.86054770648479 0.5169564634561539 0.4642020240426064 1.858262293040752 1.1100217923522 0.4295683726668358 0.07774700224399567 0.6296163648366928 0.4558327868580818 0.1866552829742432 10.86510399729013 2.78135522454977 1.676749177277088 946.5408470034599 64.26758821308613 0.1916496455669403 88.78818407654762 52.75725029408932 6.091064244508743 40.04074039310217 31.39753085374832 15.9800094217062 10.79811723530293 117.5061637237668 99.66988367587328 98.89088938385248 237.552591919899 116.3239863738418 28.09565474838018 180.691063515842 335.5756488963962 135.1086342036724 96.6454896479845 2.905974559485912 0.778595857322216 0.2171610072255135 0 0 0 0.3109334707260132 0 0.1127404421567917 0.1151459217071533 0 0 1.141152814030647 0 0 0 0.2808477878570557 0.5037221312522888 0.5925033688545227 15.43241191655397 7.311642117798328 0.1107908859848976 3.758834511041641 0 36.73720870167017 5.36463338881731 49.53341951221228 21.30391818284988 1.711062386631966 0 0 0.09753848612308502 0 0.2750346809625626 0.1824761480093002 0 2.502026326954365 7.56262780725956 0 0 0 0.5340721309185028 0.2091154530644417 0 0.6441888585686684 0 0.6413657665252686 7.301216624677181 3.266584686934948 0.4327785670757294 5.031347684562206 25.92276917397976 11.24458439648151 0.2358647882938385 0 0 0.07633274793624878 0 0 0 0.2646162509918213 53.58092144876719 1.758979126811028 0.2852128893136978 0.2105327844619751 0.1740674152970314 63.16349590569735 1.765881702303886 17.49901056289673 4.126839607954025 7.589894779026508 9.84040355682373 0.7769115269184113 2.995696112513542 0 0.1667728647589684 0 0 0.09701382368803024 0 0 0 81.63370425254107 25.43907496333122 70.82692911475897 441.6687267944217 11.85500890016556 195.7770415842533 84.53441743552685 244.4160249531269 10.64992884546518 1.597164630889893 37.94522421061993 69.19648399949074 1.699825368821621 21.1863374710083 5.210539780557156 163.8945763334632 0.5479630976915359 0.3187572658061981 0.971560463309288 30.46669387817383 1.729822769761086 693.1854925379157 278.1704718917608
