601.675100825727 2066.150629132986 305.6954037770629 2227.200026921928 9.689038515090942 112.0426069796085 609.9321894645691 58.6252893358469 0.329815998673439 1743.327740497887 69.45190425217152 90.35596443712711 208.4953048080206 195.8658303022385 5.704386100172997 1.000594481825829 0.5962713584303856 0.3276427686214447 0 0 0 0.2533889710903168 0.1205532625317574 0 0 0 0.1946161463856697 0.08278751373291016 0 0 571.2650868669152 14.10919483006001 26.61685345321894 0 0 0.09266513586044312 14.87105149030685 0 0.1023771092295647 0 0.1851408407092094 0.3718512952327728 0 0.08382492512464523 0 0.08779723197221756 34.30711918324232 6.770704448223114 0.8806174099445343 0 2.362035997211933 0 0 0 30.77699336409569 39.367022998631 163.4212487190962 424.5490576773882 90.70825234800577 67.59789036214352 0.08552727103233337 0.648762121796608 0 2.745003409683704 29.90022402256727 7.680201679468155 3.148102961480618 2.317525595426559 0.465388722717762 0.09970835596323013 20.46074855327606 5.602748215198517 0.1526598036289215 339.9212380051613 54.33726423978806 25.28119861334562 5.175380982458591 2.218998439610004 0.3140328228473663 52.50876109302044 0.2180025726556778 0.4587571546435356 73.98815420269966 1.182577051222324 8.947602845728397 38.48197715729475 6.376422263681889 0.7559226080775261 6.587578065693378 0.2182259932160378 2.139700807631016 0.1214636117219925 0.07724117487668991 1.186349973082542 0.5491265580058098 65.53414018452168 5.972944058477879 0.2070852369070053 1.528962805867195 935.3299382328987 0.3055620491504669 5.261003836989403 1.803314626216888 24.7505299448967 4.067598551511765 4.539592266082764 21.22819651663303 4.436635047197342 23.26479852199554 21.67641080915928 0.1834954470396042 10.35055799037218 20.56918641924858 16.10419651120901 2.127706617116928 0.850230485200882 0.2071079909801483 0 0 0 0 0 0 0 0 0.1165208891034126 0 0.9395203739404678 0 0 0 0 0 0 0.1304673105478287 0 0 0.1501501947641373 0.3786024749279022 1.750810571014881 0.2597320750355721 1.794880568981171 2.367445185780525 0.7632110714912415 0 0 0 0 0 0 0 0 0.137762114405632 0 0 0 2.020214438438416 0 0.1828107982873917 0 0 0 0.6113315224647522 1.132165625691414 0.3209997117519379 2.633853673934937 0.6436879634857178 0 0 0.1520705223083496 0 0 0 0 0 0 5.058468542993069 0.3383983820676804 0 0 0.1539361476898193 0.897212028503418 0.1456145346164703 0.3343104869127274 1.496832571923733 1.737040683627129 0.2612143307924271 0.3574923425912857 0 0.1028174981474876 0 0 0 0.2214794829487801 0 0 0 7.484584271907806 3.544514991343021 4.457020744681358 694.8452595248818 10.64856320619583 368.3655343279243 13.80699028819799 1303.522139601409 72.74902176111937 4.23188541084528 6.619647420942783 68.06996931880713 0 4.238035723567009 1.223616018891335 41.85839194059372 0.1381647288799286 0 0 0 0 438.4702448621392 7.008722826838493
2066.150629132986 2324.094296269119 927.784182690084 2428.075197711587 1609.973266936839 90.56557475030422 5659.851154543459 364.4231482967734 1464.861804142594 2373.436749860644 919.9075960293412 352.0198068916798 1861.264196038246 2707.594214230776 55.771857842803 27.14130347967148 2.041644081473351 0.8934521526098251 0.1092647388577461 0.4900688230991364 0 0.2090420573949814 0.184781901538372 0.1936219111084938 0 0.1213151440024376 0.0951310321688652 0.2072769850492477 0.4501536190509796 0 1117.941555961967 26.32509311288595 73.02543745934963 0 0 0.1784607097506523 65.1586681380868 0 1.98803149163723 0.1327570080757141 0.1854014843702316 0.4744118675589561 0 1.49964914470911 0.08371317386627197 0.1242055743932724 138.9680322408676 15.13056588172913 3.42568626254797 0.2481847926974297 3.929572761058807 0 0.8067894503474236 0.5565947145223618 28.78212511539459 39.19504431635141 67.4629038348794 292.4287741333246 92.37395808845758 152.1642674058676 0 1.973623856902122 0 38.65873521566391 31.1011671423912 12.58616155385971 6.545634619891644 3.764782480895519 0.7437984198331833 0.09220719337463379 53.98803687095642 24.95662569254637 0.1288443505764008 325.9843443036079 197.8063907176256 196.5820589140058 102.8351498022676 39.98145209997892 0.5712253972887993 116.3600054010749 0.4963023290038109 0.6832642182707787 84.20649411529303 0.8666845858097076 20.87624595314264 46.07185785472393 11.41686023026705 0.364404983818531 11.85513480752707 0.2010492235422134 6.051561713218689 0.4837619811296463 0.5692493766546249 2.947447307407856 0.8467812016606331 19.50033774226904 2.997357562184334 0.09117865562438965 6.495742179453373 1234.618235111237 1.078251339495182 3.012489274144173 5.831264108419418 18.47051213681698 4.655721843242645 51.2109132707119 13.80126763880253 13.30923375487328 35.28423768281937 31.27978107333183 2.468508914113045 32.07093407213688 43.88650952279568 42.35959668457508 8.505085133016109 1.745779730379581 1.486848704516888 0 0 0 0 0 0.1733751744031906 0 0 0.1642978489398956 0 1.977523013949394 0 0.1866997480392456 0 1.223159492015839 0 0 1.980530247092247 1.21836256980896 0 0.7320436835289001 1.446546584367752 3.603677146136761 0.4314806759357452 4.022425450384617 6.564072072505951 3.671089842915535 0 0 0 0 0.1202985122799873 0.4610655382275581 0.273076206445694 1.992282755672932 3.490940824151039 0 0 0 2.617405325174332 0 0.088524229824543 0.2399170845746994 0 1.894855320453644 1.518922597169876 0.228718027472496 0.5661365389823914 2.933737844228745 0.2782656401395798 0.4318391978740692 0.7060364782810211 0.105750285089016 0 0.2259219735860825 0.6223573833703995 0.09450306743383408 0 0 12.08305159956217 2.704270340502262 0 0 0 2.684822902083397 0.1347324997186661 0.470272034406662 4.350872948765755 6.558166079223156 1.78907310962677 0.6625215634703636 0.7726433575153351 0.1347326636314392 0.1943183094263077 0 0 0.1533442437648773 0.102645568549633 0 0 14.82589865475893 21.53110991418362 19.53193544596434 1085.791893318295 26.24821680784225 831.0385340601206 53.78289642930031 481.8545952960849 115.9465906172991 2.933296181261539 29.71430516242981 53.17811134457588 0.3213463425636292 15.35973832011223 2.494562909007072 33.68523187935352 1.980223596096039 0.1002813279628754 0.6512978672981262 10.70503383874893 0.2240580320358276 153.4051230475307 16.72071649134159
305.6954037770629 927.784182690084 2259.849486351013 109.2446600049734 155.9245726391673 7.399841539561749 223.5708469226956 4078.26017677784 139.1298906654119 229.1776168197393 2311.145028948784 210.2038588449359 1004.609544932842 2925.821253396571 12.67863342911005 11.4384785220027 1.024312861263752 0.3642529621720314 0 0.7632815837860107 1.234545491635799 0.3987841010093689 2.051040604710579 3.280454732477665 6.486191228032112 0.08787965774536133 9.619558230042458 0.8163331300020218 2.003102615475655 2.186283297836781 2261.021162904799 677.2726439759135 257.4368160590529 0.9229760691523552 3.075291618704796 3.064092911779881 110.9576914533973 5.240645997226238 8.60304257273674 5.696973241865635 7.18079712241888 2.061921834945679 1.17098505795002 0.6690782085061073 0.1149066984653473 0.2585598826408386 25.41691080480814 2.538092747330666 0.8390551507472992 0.7168132290244102 2.794190354645252 1.353686951100826 0.9422440975904465 0.2967916876077652 7.819341138005257 9.73782067745924 38.39769109338522 291.250299282372 27.47848388552666 26.4808801934123 0.5892027318477631 11.43569979071617 0.5711633041501045 15.28229963779449 5.562470220029354 3.068240307271481 3.990036770701408 3.588943630456924 2.394600450992584 1.685588605701923 117.7367536276579 86.0107696056366 0 121.6134573891759 54.40593289583921 26.96902376413345 22.81152386218309 15.59777214378119 3.628436766564846 1705.98782415688 0.105489507317543 30.28575216978788 20.16828923672438 0.1087865233421326 4.437723264098167 13.15558373183012 2.350952498614788 0.2098684534430504 2.945415936410427 0 1.100170157849789 0 18.83917264640331 6.01385123282671 0.880918376147747 18.78161416947842 13.83661655336618 0.2420905008912086 21.53425976634026 330.6142387986183 0.9223237037658691 3.62156580388546 5.533285781741142 5.40718375146389 3.266196638345718 20.71355973929167 15.28931742161512 21.61610524356365 42.62638648599386 45.81514871120453 2.387840449810028 34.67926185578108 42.29015462845564 48.68116616457701 11.5017003044486 4.531017005443573 3.694542735815048 0 0.1088645756244659 0 0 0.1118819192051888 0.7936595529317856 0 0 0.4889180362224579 0 7.557225853204727 0 0 0.3702621161937714 1.481340974569321 0 0 0.4285513609647751 0.2359896823763847 0 3.618767380714417 1.164116486907005 10.74717037379742 5.015422739088535 8.796467326581478 16.55182801932096 8.987871073186398 0 0.7729716151952744 0 0.8207563385367393 0.3619129657745361 1.656616255640984 0 5.180655673146248 9.294810593128204 0 0.3493866920471191 0.1678107380867004 4.246426731348038 0.7584927529096603 0.7253983840346336 0.3930505216121674 0.1488727778196335 1.509164720773697 4.06447634100914 0.5049017667770386 0.2625873684883118 5.265390813350677 3.991003207862377 2.161297142505646 0.7044317722320557 0.6416727006435394 0 0.116272509098053 0 0 0 0.2537688910961151 24.89623092859983 7.284214682877064 0 0 0 4.457138411700726 0.9154640510678291 3.262219503521919 9.07503753900528 14.76119852811098 3.616147920489311 2.145115606486797 1.997964024543762 0 0 0 0 0 0 0.2503818869590759 0 9.770812258124352 37.32274686545134 40.90212259441614 285.5089681819081 5.103867501020432 145.7127119153738 22.98796562850475 85.1522621139884 19.66847143322229 2.31685933470726 8.178327858448029 94.78923621028662 0.141115203499794 44.43838673830032 8.580984339118004 41.46622385829687 2.379521489143372 0 0.2556327879428864 4.443079441785812 0.4320921301841736 88.79667408019304 27.58916067332029
2227.200026921928 2428.075197711587 109.2446600049734 827.2493702992797 15.82031543552876 385.7241157889366 1364.242261372507 1.104332081973553 3.838456869125366 4951.449229069054 3.408959925174713 197.5825731530786 258.3866926282644 41.0358839482069 8.169230811297894 1.80428458750248 0.4409117326140404 0.1924396753311157 0 0 0.08788101375102997 0 0 0.2172828018665314 0 0 0 0 0 0.08574228733778 91.55647525936365 0.7681437358260155 1.439221322536469 0 0 0 0.3179872184991837 0 0.109022781252861 0 0.08428735285997391 0.1027914062142372 0.08101075887680054 0 0 0 40.07164879888296 4.802083425223827 0.8750900104641914 0.09466497600078583 1.887557737529278 0 0.1633638888597488 0.09590882807970047 16.74442411959171 18.71926255524158 56.9627742394805 129.6968530640006 44.46413318067789 57.08127842098475 0 0 0 5.35880783200264 13.06599185615778 4.471825636923313 2.219465255737305 1.33232568949461 0.1527328565716743 0 1.521057456731796 6.700765527784824 0 151.5982403606176 41.68428636342287 39.23875220119953 12.17162209004164 2.671346850693226 0 2.438019007444382 0 0 45.44751930981874 1.171341948211193 5.965574622154236 23.42356871068478 3.284678138792515 0.08750641345977783 5.663900718092918 0 1.749789454042912 0.09450533241033554 0.4907224476337433 0.5884856954216957 0.6681317612528801 15.72150462865829 0 0 0.467029370367527 540.5656326636672 0.2025246322154999 2.830013170838356 3.796032428741455 52.11010505259037 0 10.93007270991802 5.899175688624382 6.081616133451462 33.90520259737968 5.715642318129539 0.6137014925479889 3.761534616351128 10.3498325124383 14.74725936353207 0.9870871901512146 0.1875122040510178 0 0 0 0 0 0 0 0 0 0 0 0 0 0.9421678185462952 0 0.347110778093338 0 0 0.1980013102293015 0 0 0.6058924794197083 0 0.526530459523201 1.185450866818428 0.4899874627590179 0.4932291358709335 1.967588871717453 0 0 0 0 0 0.2589156925678253 0 0 0.8030160665512085 0 0.3390762209892273 0 0.4979172945022583 0 0.1052494719624519 0 0 0 0 0.9648166298866272 0 0.3772899508476257 0.8687231242656708 0 0 0 0 0 0 0 0 0 6.325055241584778 0 0 0 0.138510063290596 0.1822128742933273 0.7662160992622375 0.588916540145874 1.238210737705231 0.9719971716403961 0 0 0 0 0 0 0 0.1054649949073792 0.1003436222672462 0 0 4.485752612352371 2.305627807974815 4.487912580370903 562.6504176184535 10.37426133453846 373.7222776785493 14.21594767272472 1202.090661466122 59.9993123114109 0.5632041469216347 8.61782468110323 42.2094033062458 0.3294621333479881 4.049381412565708 0.4601503908634186 22.24738420546055 0 0 0 0.7401991486549377 0 232.4786993786693 5.558640494942665
9.689038515090942 1609.973266936839 155.9245726391673 15.82031543552876 2036.449782133102 0.4630888402462006 2548.648711681366 441.5358630120754 2584.207637444139 726.7082062065601 1325.461934395134 96.94046169519424 750.5496441349387 1591.34792765975 14.00438622385263 12.06137435883284 0.9765190407633781 0 0 0.09822909533977509 0 0 0 0 0 0 0 0 0 0 18.31472264975309 10.81040135771036 1.316443085670471 0 0 0 0.607933983206749 0.162591889500618 0 0 0 0.08954828977584839 0 1.342400439083576 0 0 29.49864985793829 1.674470946192741 0.5380503684282303 0 0.09692389518022537 0 0 0 2.694865606725216 3.511724784970284 3.928422756493092 17.20306480675936 9.010524705052376 22.1664193123579 0 0 0 11.80838502943516 2.237978041172028 0.7683584988117218 0.7264903485774994 0.5421363562345505 0.08871074020862579 0.2557773888111115 1.25952585041523 3.856979288160801 0 34.23375185579062 39.82432138174772 44.06016222387552 38.95796216279268 18.79655822366476 0.3312411457300186 2.744292676448822 0.1043883413076401 0.1006617099046707 9.568127788603306 0.251970611512661 2.474770672619343 5.904875881969929 2.215496324002743 0.09564684331417084 1.41743765771389 0 0.7560959234833717 0 0.4375383779406548 0.1925205066800117 0.097037672996521 2.028726153075695 0.1532225757837296 0 0.5998703390359879 4.823931328952312 0 1.482769951224327 1.591839909553528 2.008366227149963 0.7723363935947418 5.210710369050503 3.043397933244705 2.241619043052197 9.769789986312389 8.257784105837345 0.9865971505641937 5.075289458036423 15.8611211925745 12.92059563845396 2.357975840568542 0.4826319217681885 0.2425309270620346 0 0 0 0 0 0 0 0 0 0 1.157818824052811 0 0 0 0 0 0 0 0 0 0.1999488025903702 1.245081514120102 1.752698659896851 0 1.660631120204926 0.693318210542202 0.4520005509257317 0 0 0.3416458964347839 0 0 0.3569051623344421 0 0 0.9831937253475189 0 0 0 0.3644193261861801 0 0 0 0 0.2539478540420532 0.3012015074491501 0 0 0.6381563246250153 0.2590134739875793 0.1313942074775696 0 0 0 0 0 0 0 0 5.567835964262486 0.4017899483442307 0 0 0 1.117708012461662 0 0.5200044512748718 2.708260387182236 1.408383533358574 0.4591939151287079 0.3130290135741234 0 0 0 0 0 0 0 0 0 3.037901222705841 2.653661288321018 5.362888649106026 187.598830640316 6.530187219381332 139.0552417263389 13.3018659055233 29.55275091528893 16.89117733389139 0.4404663443565369 5.470241233706474 10.95631607621908 0.1233555972576141 1.899208962917328 1.236826568841934 7.138535156846046 0.3926284313201904 0 0 2.51705402135849 0 21.37081350386143 4.076732270419598
112.0426069796085 90.56557475030422 7.399841539561749 385.7241157889366 0.4630888402462006 27.81912086904049 9.701764211058617 2.430852890014648 0.1807437092065811 944.2319596260786 8.057732820510864 363.0653335899115 108.5203833505511 12.80818576365709 1.790161803364754 3.733692392706871 0 0 0 0.1169968694448471 0 6.023185893893242 0 0 0 0.1276250034570694 0 0 0 0 35.52365493774414 2.208875358104706 18.89414976537228 0 0 0 19.80641501396894 0.960210844874382 7.956095032393932 0 0 0.1330142915248871 0.320753425359726 0.1138264760375023 0 0.4492221176624298 2.997721910476685 0.2081988602876663 0.1574048548936844 0.1554897576570511 0.1305541545152664 22.41969975829124 3.679266020655632 3.014949388802052 1.311567783355713 5.053094625473022 102.7832426279783 65.7326325699687 11.25589533895254 2.663311861455441 0 2.5687265843153 0 1.692406445741653 0.5451334118843079 0.3640971258282661 0.2165968865156174 0.1272009164094925 0 0.1079401522874832 126.7380353063345 230.8315206319094 24.54131665080786 20.29440582543612 1.926765069365501 2.217083774507046 2.153582617640495 3.249114602804184 0.1177143231034279 33.53080973029137 0 2.812275663018227 3.800628684461117 1.055543638765812 0.2347146794199944 2.900768809020519 0.2316501140594482 13.3709861189127 7.744106136262417 16.03155864030123 2.849372111260891 6.545923329889774 0 0 3.587009966373444 334.8152557909489 165.9952721595764 110.377716884017 36.52356237918139 306.955857411027 0 18.96405772864819 6.456443697214127 9.130006417632103 1.897563770413399 11.07313896715641 50.09743428230286 16.76751041412354 47.91894413530827 58.59873859584332 2.081561535596848 20.0287122875452 85.20066142082214 43.9739857390523 5.420139849185944 0.3297524154186249 0 0 0.28620845079422 0 0.1684410572052002 0.7940224409103394 0.240971252322197 0 0 0 0.4451964348554611 0 0.138095498085022 1.071988932788372 0 1.66261450201273 2.683937296271324 0.8653556182980537 0 0.2045884132385254 0.5394219607114792 0 0.1658503264188766 1.964933797717094 0 0.9809449911117554 0.1293444037437439 0.9496961683034897 0 0 0 0 0 0.290032297372818 0 0 0.4295729398727417 0 0 0 5.109681442379951 0.577956959605217 0.08718001842498779 0 0.2025512382388115 0 0.3115273118019104 3.891191154718399 0 0 0.1643370091915131 0.2015069723129272 0 0.1107864677906036 0 0.5000527128577232 0 0.1178315803408623 0 0 10.75299575924873 3.309038624167442 0 0 0 2.885825827717781 0 0.2683161199092865 0.8397413641214371 1.593643426895142 0.6099119484424591 0 0 0.5830098390579224 0 0 0 0.4203163683414459 0.239648275077343 0.1490119099617004 0 34.98157937824726 4.214006081223488 5.597319558262825 331.3389235064387 1.592571116983891 24.5883302167058 3.158551327884197 396.4414957910776 8.360950589179993 0.474094845354557 0.6296055316925049 147.2380143254995 0 2.674999356269836 1.016677260398865 153.4203350096941 0 0 0.3587299585342407 0.5926114469766617 0 181.2589423805475 18.28954985737801
609.9321894645691 5659.851154543459 223.5708469226956 1364.242261372507 2548.648711681366 9.701764211058617 1317.677664734423 226.8908002004027 2713.081955701113 2837.195939525962 1652.151816144586 297.8806090950966 4710.109658315778 4683.130855284631 74.95716536045074 53.38505694270134 2.95447313785553 0.5745044946670532 0.4326498508453369 0.2233754992485046 0 0.1919330656528473 0.07325782626867294 0.1872233301401138 0.1955752298235893 0.4050485044717789 0.356612503528595 0.3855536282062531 0.439041867852211 0.5244666859507561 71.12117770314217 29.28064718097448 3.67831289768219 0 0.08828163892030716 0 3.118439294397831 0.3977657482028008 0.9480390995740891 0.4720972180366516 0 0.467796579003334 0.07636700570583344 5.497664615511894 0.1220322251319885 0 138.8455628082156 9.42261927574873 2.280915394425392 0.2873582914471626 2.344127900898457 0.2120673805475235 0.6362571343779564 1.06386724114418 14.12118644267321 16.39247569441795 22.97609483450651 87.81969603151083 46.0523134842515 103.2163187265396 0.2798537164926529 0 0 62.53461606800556 16.89537701010704 6.853251501917839 3.808882370591164 1.899818241596222 1.23567008972168 0.2754082605242729 7.217612616717815 20.01369821280241 0 171.9320828542113 200.4260524064302 216.7339504063129 172.6716321408749 86.14741479605436 3.182358853518963 10.99087796360254 0.7161490991711617 0.2766653001308441 39.12494066357613 0.2992914095520973 11.4789115563035 21.35654553771019 6.357382550835609 0.5519464761018753 6.322950221598148 0.2056474387645721 2.61976058781147 0.2960995361208916 0.6275819689035416 1.790201336145401 0.8277518823742867 9.85229530185461 9.14074681699276 0.2978106141090393 2.645466320216656 21.70756963640451 1.819753520190716 5.251189067959785 71.05504218488932 23.04603882133961 3.52204917371273 36.96533496677876 16.60614450275898 17.63743285834789 45.43654798716307 45.23142044246197 1.571149215102196 34.69830822944641 54.39235733449459 50.62742528319359 9.497453950345516 1.894123710691929 3.969998091459274 0.1818367689847946 0.2311394587159157 0 0 0 0 0 0 0 0 0.9253174141049385 0.1173524186015129 0.08089698106050491 0 0 0 0 2.338509246706963 0.6560381948947906 0 1.766553059220314 0.4329905211925507 5.114118754863739 1.82534147799015 2.887525789439678 6.854330234229565 3.710100740194321 0 0 0 0.554589606821537 0.8978360593318939 0.1844221949577332 0 3.215189762413502 4.511818654835224 0 0 0 1.640950843691826 0.3735110461711884 0 0.6462145075201988 0 2.592311106622219 2.998563647270203 0.2913724929094315 0.6590546369552612 5.033854708075523 1.389732107520103 0.4545325487852097 0.4694756641983986 1.126059919595718 0 0 0.110157422721386 0 0 0 22.7776252925396 2.112089142203331 0 0 0 3.817596837878227 1.136805057525635 1.146081350743771 8.753217324614525 8.97158594429493 2.104171901941299 0.4042220115661621 0.3717501014471054 0.1373087763786316 0 0 0 0 0.1221204772591591 0 0 15.13499971479177 23.16936452686787 23.22621797025204 1108.627664573491 31.57911532372236 733.6578189134598 67.06277074664831 196.1788171827793 83.39689436554909 0.9146543592214584 36.11336340755224 57.71072132885456 0.1818575859069824 20.76663219928741 2.360118299722672 25.46915531903505 1.180023603141308 0 0.6640533283352852 8.069266080856323 0.2173224538564682 87.87039170414209 20.50635476410389
58.6252893358469 364.4231482967734 4078.26017677784 1.104332081973553 441.5358630120754 2.430852890014648 226.8908002004027 2313.924907200038 415.2647213563323 57.54041171073914 2523.801896423101 45.35723132640123 403.4503756910563 2497.050714559853 22.25469044595957 32.65667609125376 1.059322401881218 0.8949831277132034 1.735132344067097 4.047309629619122 5.454340122640133 2.816951781511307 11.00048380345106 16.66562023758888 25.34287527948618 1.621229387819767 29.3495312705636 4.045160122215748 6.595296032726765 7.778609290719032 684.7436922937632 3762.752766817808 99.76583017408848 5.943208403885365 20.69810686260462 17.55884982645512 46.88017861545086 24.51136106997728 33.72137665003538 24.97417166829109 19.22582065314054 9.108015105128288 3.475836284458637 58.10370793193579 0.6925468891859055 7.06418002396822 34.39372102171183 1.935917280614376 0.5888604372739792 3.306081660091877 3.686217084527016 4.424577459692955 7.099842272698879 2.095791324973106 2.597503580152988 3.44588627666235 7.166823625564575 85.38275651633739 7.755529925227165 19.44060461223125 81.46196369081736 57.9438009262085 3.733005441725254 737.8480876013637 3.30824363976717 4.512838184833527 4.053452409803867 5.580893620848656 20.10717152059078 13.84857804328203 70.44628186523914 15.69478886574507 0 38.79132201522589 64.86184248328209 51.96055354177952 192.5636356025934 350.0326998233795 1000.73534026742 1808.815504208207 144.6850514858961 685.4333808496594 9.280338026583195 0.09110188484191895 3.681839562952518 4.841344647109509 3.643906332552433 0.1019884720444679 1.041791938245296 0.08565005660057068 1.060825914144516 0.5406476333737373 53.63806986808777 8.077016770839691 4.93740901350975 28.74511281400919 13.01742800325155 0.3434074074029922 28.30319418758154 31.34848836064339 0 1.012353837490082 0.6917083710432053 0.145140141248703 0 1.605993539094925 1.157035812735558 1.666247233748436 3.118982315063477 1.876801162958145 0.1954817324876785 1.181711614131927 3.313470639288425 3.703954853117466 1.28409168869257 0.1349333971738815 0 0 0 0 0 0 0.8553176820278168 0 0.3567905128002167 1.6485875248909 0 0.1223596408963203 0 0 0 0.11629718542099 0.7153026312589645 0.1186039075255394 0 0.1077955886721611 0 0.2181761711835861 0 0.6381787210702896 0.8464178293943405 1.645266696810722 2.338985085487366 0.6514192521572113 0.6441628336906433 0 0 0 0 0.1296026110649109 0 0 0.568571649491787 0 0 0.63538858294487 1.752421952784061 0.585522934794426 0 0 0 0 0.2509842216968536 0 0 1.152386844158173 0.1812822371721268 0 0 0 0 0.3132630065083504 0 0 0 0 1.182476319372654 1.320945806801319 0.8482516556978226 0 0 0.7133494317531586 0.1366739273071289 0.1338212639093399 1.18542242795229 0.276040755212307 1.148576833307743 0.1274466216564178 0.3606313019990921 0 0.2308008000254631 0 0 0.1594987213611603 0 0 0 1.1239033639431 2.423430480062962 4.748677328228951 161.1344374343753 5.645588643848896 123.9453361779451 17.63892561942339 27.21324398368597 12.43512650579214 0.09054623544216156 5.659785762429237 5.154666900634766 0 3.892985925078392 0 1.20257630944252 0 0 0 0 0 14.92176885902882 3.40366380661726
0.329815998673439 1464.861804142594 139.1298906654119 3.838456869125366 2584.207637444139 0.1807437092065811 2713.081955701113 415.2647213563323 857.0678813010454 170.2068342790008 832.1966413035989 32.28632085025311 846.6919890195131 1681.845021009445 7.28427479416132 5.56213915348053 0.08519773930311203 0 0 0 0 0 0 0 0 0 0 0 0.1179620251059532 0.1307287663221359 4.105310201644897 3.52422709017992 0.2772015631198883 0 0 0 2.6392932087183 0.1102293506264687 0 0 0 0 0 0.2543986663222313 0 0 7.297952115535736 0.5283240526914597 0 0 0 0 0.1168192103505135 0 0 0.4228792935609818 0.6245323270559311 4.664904125034809 0.7954668179154396 3.730198211967945 0 0 0 4.519585877656937 0.5099830254912376 0.1938400566577911 0 0 0.1777429059147835 0 0.4131672084331512 0.8653827011585236 0 5.182250797748566 12.48898629844189 12.58913935720921 13.04616206139326 6.852264292538166 0.2301626652479172 0.8178943768143654 0.1143132746219635 0.1266806721687317 1.239245444536209 0 0.1877914592623711 0.352029450237751 0.2889051288366318 0 0.0912671685218811 0 0.2205820754170418 0 0 0 0.1961377114057541 0.1884432137012482 0 0 0 1.137512728571892 0 0 0.3899105787277222 0.763000100851059 0.3399186730384827 2.052179872989655 2.339885428547859 1.891005083918571 2.057282775640488 3.21179286390543 0 1.39143131673336 5.630660817027092 3.494988068938255 1.000260375440121 0.1306515336036682 0 0 0 0 0 0 0 0 0 0 0 0.765716940164566 0 0 0 0 0 0 0.1482776701450348 0.1447796076536179 0 0.1168089285492897 0 0.4688383340835571 0.1488101333379745 0.1789058148860931 0 0.09075277298688889 0 0 0 0 0.125555083155632 0 0 0 0.2779451161623001 0 0 0 0 0 0 0 0 0.1587564796209335 0.9278386533260345 0 0.3625690937042236 0 0 0.1436870694160461 0.3945030868053436 0 0 0 0 0 0 0 1.087056823074818 0.1767489910125732 0 0 0 0.3008219599723816 0 0 0.3488781750202179 0.1894915550947189 0.2953954637050629 0 0 0 0 0 0 0 0 0 0 1.740949511528015 3.801882810890675 1.083606757223606 75.89056061953306 1.435227036476135 29.20896744728088 4.711841605603695 5.321283951401711 3.182671882212162 0 2.108112677931786 3.594944357872009 0 2.699191808700562 0.1454797089099884 6.382773771882057 0 0 0 0.8324109613895416 0 5.621647663414478 1.543302118778229
1743.327740497887 2373.436749860644 229.1776168197393 4951.449229069054 726.7082062065601 944.2319596260786 2837.195939525962 57.54041171073914 170.2068342790008 4159.136394485831 275.2242632731795 4165.023501612246 10013.17243514955 685.6985628530383 54.07692608237267 42.17369529604912 2.452584967017174 0.3160379603505135 0.1277060359716415 0.0926557332277298 0 0 0 0.08554355055093765 0.2827415466308594 0.5977773815393448 0.2320587486028671 0.8459833338856697 0.383003331720829 0.6529315263032913 53.01544745266438 11.81243154406548 17.86537908017635 0 0 0.125382736325264 21.52335312962532 0.1786177009344101 1.674445167183876 0.1687879115343094 0.2126305773854256 0.2917671948671341 0 3.255469940602779 0 0 123.6461706832051 7.027506567537785 2.800317190587521 0 1.582892648875713 0.1179927214980125 0.1004651412367821 0.4723913297057152 13.33952458202839 17.05658315867186 42.37394212931395 90.70869188010693 48.68158075213432 92.53514560312033 0.09977361559867859 0.111860878765583 0 45.34946808218956 14.34516925364733 6.155027225613594 2.846275173127651 0.5238782539963722 0.6426979601383209 0.1515098661184311 120.7951249405742 86.77601338922977 0 172.2448512837291 139.4798089712858 148.7034963443875 111.7831682413816 62.00068443268538 1.597823143005371 7.472439251840115 0.5880187898874283 1.31337621062994 44.74788860231638 0.6063306257128716 6.835390940308571 24.05822528153658 7.070525050163269 0.5680617988109589 4.676994867622852 0 2.617185674607754 0.2859678417444229 0.5961343050003052 1.112257540225983 0.9587631896138191 229.6093383803964 57.89279115200043 0 12.56074975430965 245.59530775249 11.34953796863556 44.09878762066364 364.8350144475698 281.3867207020521 23.56004104018211 263.1648052185774 138.1064280122519 102.6092697381973 365.3863736242056 276.1585926786065 11.55289271473885 324.2296185418963 412.2012141495943 345.1126776486635 52.12542840838432 9.454713754355907 8.944424204528332 0 0.3430710583925247 0 0 1.05060088634491 0 0.5663440525531769 0 0.3943265080451965 0 6.730899885296822 0 0.5309118628501892 0.1327371299266815 2.725572004914284 1.094106495380402 2.146420240402222 5.992962524294853 1.376518130302429 0 6.83460408449173 2.522085696458817 23.37213338166475 8.289092943072319 15.7403542548418 25.53657505661249 15.0708462446928 0 0.1549662053585052 0 0 1.314695879817009 4.438307821750641 0.2278089076280594 9.50291833281517 18.11081673949957 0 0 1.013120070099831 11.03668038547039 0.4492883831262589 0.5285565555095673 2.122759975492954 0.9434323459863663 3.857466258108616 10.98442856967449 5.872670218348503 2.434606522321701 19.65185295045376 8.666640311479568 6.636413432657719 1.172585569322109 1.542635530233383 0.2383740395307541 0 0.1636202186346054 0 0 0.8294475674629211 111.3232643306255 18.89715525507927 0 0 0.3585719168186188 27.22769797593355 1.53097964823246 5.878658682107925 25.84135155379772 38.35015091300011 12.28087892383337 3.860769227147102 3.899799481034279 0.2687129527330399 0 0 0 0.9849501848220825 0.3917745798826218 0.5696413293480873 0 114.258136510849 119.6945588216186 86.76577077060938 2123.455360934138 38.71490076184273 842.131538271904 94.79239920526743 1185.129222795367 148.4930363968015 1.999565728008747 67.96986214071512 381.1382142677903 2.216322675347328 101.106730081141 14.99340427666903 330.5412519127131 5.956692844629288 0.986594945192337 1.8554318100214 15.35470547527075 1.860958725214005 687.0677972882986 130.5277520492673
69.45190425217152 919.9075960293412 2311.145028948784 3.408959925174713 1325.461934395134 8.057732820510864 1652.151816144586 2523.801896423101 832.1966413035989 275.2242632731795 868.1557470113039 205.4980977103114 2459.905197650194 5520.203621946275 33.96425541490316 47.09841103851795 1.044402003288269 0.7412449046969414 0 1.541381262242794 2.243435427546501 2.783561542630196 1.231664717197418 4.547989204525948 8.22305903583765 0.2984826862812042 8.69467019289732 1.62228399515152 5.825218454003334 4.693822540342808 191.810538046062 183.8582775443792 154.1742753759027 0.7400864288210869 2.760046817362309 3.260290764272213 105.7976429611444 9.155449748039246 18.40805207937956 9.136567011475563 7.858779720962048 4.863887302577496 0.7163089439272881 3.194523490965366 0.1013545170426369 0 38.83543967455626 1.450439341366291 2.543861113488674 0.7772461175918579 1.070127107203007 2.175649613142014 1.996783912181854 1.332956120371819 1.995764255523682 2.57897575199604 5.272113777697086 47.27621038258076 8.025355875492096 21.51870128512383 0.325650230050087 9.251920118927956 0.156282976269722 42.15901168435812 2.513080649077892 1.719246931374073 2.776760831475258 1.973044358193874 1.420340470969677 2.328675121068954 163.4534279406071 26.09432912617922 0 34.11046126484871 58.95837667584419 57.06587508320808 81.23165144771338 52.51163330674171 12.6693837121129 572.7671694532037 0.7135149389505386 10.50336533784866 7.260197296738625 0 1.774014122784138 3.902019910514355 0.7212571948766708 0.09904270619153976 0.9753390923142433 0.1099241897463799 1.260885708034039 0.7482945099473 19.75822223722935 8.303299956023693 3.403361350297928 64.82729000598192 25.53382755070925 0.2385819852352142 34.56746777147055 33.87929444760084 0.241137757897377 0.6476056277751923 0.9249484986066818 1.116561487317085 1.160956308245659 4.42786817252636 4.184221483767033 5.141819253563881 11.11525145918131 11.10777249932289 0.777386799454689 4.763702906668186 15.83730386942625 13.94116476923227 5.62350906431675 0.4711646363139153 0.8541111573576927 0 0 0 0 0 0.198619544506073 0 0 1.02620655298233 0 0.7192683815956116 0 0 0.2531262040138245 0.2018512263894081 0.8382890820503235 0 0.3182661533355713 0.2262405157089233 0 1.125275231897831 0 2.27765791118145 0.9411599785089493 0.747662365436554 2.313991382718086 1.679580129683018 0 0 0 0 0.1067736223340034 1.057485871016979 0 0.9455420672893524 1.033706337213516 0 0 0.594819962978363 0.5046039819717407 1.634726673364639 0.2581477239727974 0.7167441248893738 0.1340622454881668 0 0 0 0.2466580122709274 1.649770095944405 0.7611897215247154 0.1017609611153603 0 0.1253649890422821 0 0 0 0 0 0 7.272740349173546 2.279425151646137 0 0 0.3025578558444977 1.100930765271187 0 1.021983750164509 0.8572580963373184 3.185599483549595 0.7586514875292778 0 0.4713186845183372 0 0 0 0 0.112489752471447 0.09991283714771271 0 0 4.697086088359356 6.367972373962402 7.673978812992573 296.5278468132019 8.071942538022995 142.4182368889451 32.37748046219349 36.39697235822678 16.37019132822752 0 8.906994491815567 13.56701831519604 0.1552781760692596 6.352264598011971 1.152285531163216 6.005558878183365 0.2628958150744438 0 0.279476523399353 1.879208400845528 0 33.95830425620079 14.00599589198828
90.35596443712711 352.0198068916798 210.2038588449359 197.5825731530786 96.94046169519424 363.0653335899115 297.8806090950966 45.35723132640123 32.28632085025311 4165.023501612246 205.4980977103114 488.3503588885069 1312.139805659652 212.6494073271751 25.36583980917931 41.4464745298028 0.5713118836283684 0.3015861213207245 0 0.1060803160071373 0.1087184473872185 0.4410259872674942 0.1135041937232018 0.1101223677396774 0.3184406310319901 0 0.3299721255898476 0.2159294188022614 0.284793421626091 0.1495773196220398 29.31459242105484 5.071563243865967 40.40338933467865 0.08491514623165131 0.1418777108192444 0.267312228679657 71.65097349882126 1.741494201123714 1.674848705530167 0.0981447622179985 0.5427758768200874 0.5647783875465393 0 2.498038798570633 0 0.125900000333786 25.05057336390018 0.61468855291605 1.024593032896519 0.0901157483458519 0.3985693007707596 0 0.5664190053939819 0.2972719967365265 0.4912053793668747 0.8957036510109901 9.873804114758968 15.32806643098593 3.167580388486385 8.108674451708794 0 10.83340331912041 0 12.86945168673992 1.177730597555637 0.4262232780456543 0.6310335323214531 0.2159436121582985 0.9919769242405891 0.2228400930762291 180.1632671654224 28.8164641559124 0.3907796740531921 13.00002597272396 22.63538513332605 33.86159057915211 42.43039330095053 33.30416123569012 0.5435933172702789 53.65320030599833 0.3566434979438782 1.737874180078506 2.601939871907234 0 0.8247781470417976 1.301242657005787 0.8438135534524918 0 0.8731489852070808 0 0.1659007295966148 0 1.837979294359684 0.5115356743335724 0.1480866670608521 1196.039428845048 65.51526723057032 0.1485973298549652 5.184215500950813 114.9346468672156 5.331709399819374 29.11361016333103 19.51841893792152 15.32371525466442 7.117462165653706 34.35947845876217 105.1780595183372 43.75546909868717 148.1669486090541 139.6946717947721 5.815956957638264 108.472820200026 272.4303982406855 211.5241440907121 33.39581310003996 2.612022183835506 1.895560704171658 0 0.4134543761610985 0 0 0 0.8229541182518005 0 0 0 0 0.2564089894294739 0 0 0 1.324938058853149 0 0 3.057630121707916 2.649173811078072 0 2.165256902575493 1.537707164883614 8.122017048299313 1.330404721200466 5.631680391728878 6.548152521252632 2.373395517468452 0 0.2090319097042084 0 0.4468769580125809 0.1087908819317818 2.057325415313244 0 2.400789506733418 3.554002985358238 0.1640918999910355 0 0 3.563274666666985 0.1681795120239258 0.3775933980941772 0.9701860100030899 0 1.430017963051796 3.095734059810638 6.293991394340992 0.3826370388269424 2.275021314620972 1.508740670979023 1.327342517673969 0.621073305606842 0.3243903070688248 0 0 0 0 0 0.43647301197052 76.14449655264616 5.731287822127342 0.4492524862289429 0.1290283352136612 0 15.37369660288095 0.1394660770893097 4.995225556194782 6.523536182940006 7.893044486641884 4.918266452848911 1.18824765086174 1.969369322061539 0 0 0 0 0.4151645302772522 0.1506156325340271 0.1337849348783493 0 111.3156594932079 49.17449389398098 33.23350981622934 514.1668288856745 8.05189672857523 91.29747253656387 33.12564981728792 553.3520816341043 11.61158379167318 0 9.532614700496197 180.9249986708164 0.8216528818011284 26.51960604637861 7.16150937974453 172.1672984436154 1.09913258254528 0.1587007790803909 0.1163371801376343 7.117111593484879 0 851.1992737948895 102.1610639840364
208.4953048080206 1861.264196038246 1004.609544932842 258.3866926282644 750.5496441349387 108.5203833505511 4710.109658315778 403.4503756910563 846.6919890195131 10013.17243514955 2459.905197650194 1312.139805659652 3899.009224183857 5016.792000442743 65.3964159861207 104.8380154296756 2.930007383227348 0.6258505135774612 0.1042119637131691 0.2071558907628059 0.0994257926940918 0.1604114919900894 0.4285834729671478 1.054209418594837 0.7295313775539398 0.3238369971513748 1.739457570016384 0.4256056770682335 0.5896622687578201 0.1757844537496567 100.4817738905549 14.54014541208744 228.2033981233835 0 0.2470061928033829 0.5752347484230995 153.5492393821478 2.973664529621601 2.277030527591705 2.768016718327999 1.17023991048336 0.7139782756567001 0 5.940092302858829 0.09982656687498093 0.1562405228614807 74.13576989620924 1.809337593615055 2.838846601545811 0.1182299628853798 0.7114339396357536 0.6175986677408218 0.8293614685535431 0.5649627223610878 2.869713418185711 3.992011837661266 11.55794559419155 54.00360362231731 11.77786896377802 30.95289618521929 0.3461467102169991 25.80666899681091 0 43.97956325113773 3.788852043449879 2.111322738230228 1.73316115885973 1.124635279178619 1.557519152760506 0.5734998434782028 196.6605594009161 48.05211648344994 0.1205476745963097 50.11574485898018 88.0466860383749 109.3654272779822 115.0365199521184 88.16359493136406 2.691709324717522 146.8275283500552 0.7254836857318878 3.252939566969872 10.35031797736883 0 1.702453419566154 6.096881300210953 2.802010670304298 0 1.412187606096268 0 1.12350144982338 0.1258391439914703 5.483581647276878 2.076210536062717 0.829848125576973 579.277694709599 40.47611307352781 0.4979618638753891 9.584970131516457 87.77839459478855 4.530488841235638 20.43303748965263 26.17394809424877 10.24272148311138 13.12837533652782 218.2223186194897 95.79571691155434 57.42463208734989 292.9418240115047 160.776367969811 8.972031734883785 151.4995457902551 294.0674019232392 256.4288939759135 48.99938116967678 3.738841086626053 3.096640430390835 0.1355506777763367 0.6979565843939781 0 0 0.322302371263504 0.2053750604391098 0.1983047276735306 0 0.1715089976787567 0 2.160273030400276 0.1167999655008316 0 0 1.144290529191494 0.09191947430372238 0 3.431957744061947 2.708002828061581 0 3.695291452109814 0 13.73450598865747 1.819061860442162 9.700202666223049 8.775620125234127 5.050534389913082 0.4041975438594818 0.2075613439083099 0.2225972563028336 0 0.6543702855706215 1.248940661549568 0 3.59802857786417 6.92800347507 0 0 0.3191580325365067 3.574887253344059 0.3820985406637192 0 0.7734590619802475 0 0.4198348000645638 4.905197270214558 4.981017470359802 2.016446873545647 3.66352604329586 4.296278536319733 2.161905154585838 1.90134297311306 0.1259331107139587 0 0 0 0 0.1175061762332916 0 92.50551021099091 9.389621645212173 0.1201568990945816 0.288012757897377 0.5662012174725533 16.59007064253092 0.6900213211774826 4.231472030282021 7.957890383899212 10.71809720993042 7.736858136951923 3.108748979866505 1.277610510587692 0 0 0 0.3904514089226723 0 0.2201857194304466 0 0 108.7046682909131 66.27300953119993 53.98789515346289 981.3818350657821 21.52155953645706 274.2819459065795 70.34061595052481 261.5940637290478 29.42040427774191 0.8366905227303505 24.82731937617064 145.3394008725882 1.403456017374992 30.27801452577114 6.813437767326832 146.3942605927587 0.5159464478492737 0.1481232643127441 0 9.276760935783386 0.62191042304039 533.4194339439273 124.7273654565215
