250.5518935918808 2327.129181519151 452.6031249910593 1128.68411526829 178.2357315719128 236.3117377310991 764.5189973786473 9.875846274197102 14.78510440886021 1324.209522567689 158.3563717007637 73.23042289912701 112.1618899852037 37.42064240574837 0.7680396288633347 0.2803708985447884 0 0 0 0 0 0 0 0 0 0 0.1017559543251991 0 0 0 1234.946989841759 2.097581639885902 4.593104869127274 0.6896706521511078 0.144713819026947 0 2.441202118992805 1.362132556736469 0.9647399038076401 0.4715342819690704 0 0 0 0.09829221665859222 0 0.1255741715431213 2.567777417600155 0.3689028099179268 0.205870047211647 0 0.104459747672081 0 0 0 19.04323899745941 32.44916754215956 144.5400381907821 426.406453885138 203.1608584970236 6.906657949090004 0 0.139532595872879 0 21.97223661839962 3.302790455520153 1.283957071602345 0.162296399474144 0 0 0 9.127417929470539 2.31282114982605 0.2975407689809799 94.12644246220589 8.963214859366417 3.909433133900166 1.145806148648262 0.3792473152279854 0.3557739108800888 1.819480612874031 0.3584974110126495 0.5567444637417793 15.22708611935377 0.3528638407588005 1.142033398151398 1.287724167108536 0.2517053335905075 0 0 0 0 0 0.4632224142551422 0 0 32.89837573468685 4.203245237469673 0 2.239378623664379 769.9841267466545 0 1.748501479625702 0.3332009315490723 0.7637392282485962 0 5.84941004216671 2.400563716888428 1.606954619288445 5.549980103969574 11.51834586262703 0.6446863412857056 5.833129391074181 5.787161141633987 5.108074218034744 1.217631101608276 0 0 0 0 0 0 0 0 0 0 0 0 0 0.1887471228837967 0 0 0 0 0.1626649498939514 0 0.3073035478591919 0 0 0 1.572594121098518 0 1.608487099409103 1.454087674617767 0.3022721111774445 0 0 0 0 0 0 0 0 0 0 0 0 0 0 0 0 0 0 0 0.1671503335237503 0 0 1.426546812057495 0 0 0 0 0 0 0 0 0 4.272428020834923 0.1562298834323883 0 0 0 0 0 0 0 0 0 0 0 0 0 0 0 0.119479276239872 0 0 0 4.947181165218353 1.474442183971405 1.008134096860886 198.7847058847547 1.927227780222893 163.576368637383 14.79998578131199 713.2253845781088 34.68897099792957 10.17986406385899 2.325036153197289 27.40696786344051 0 0 0 39.95386843383312 0 0 0 1.400965362787247 0 396.7128405123949 3.960612058639526
2327.129181519151 2955.173909276724 1408.170483842492 164.8157178238034 2838.075039252639 112.898233614862 3203.901881881058 22.08499677479267 1669.531886026263 439.1608784496784 392.187729537487 159.5781245306134 1337.537416301668 1386.764880232513 1.401206642389297 1.305695481598377 0.1312165111303329 0 0 0.2468229755759239 0 0 0 0 0 0 0.267267107963562 0 0.1457988619804382 0 1942.748979993165 2.020848341286182 21.20114462822676 1.945944473147392 0.2848411202430725 0 11.93428833782673 2.806632123887539 1.331149071455002 0.4172428771853447 0 0 0.1035383194684982 0 0.156814232468605 0.9944629967212677 12.2312235981226 0.4355956390500069 0.1076484993100166 0.1371692717075348 0.3128461018204689 0 0.1265692412853241 0.2145911157131195 28.3769723623991 59.98122684657574 78.92351844906807 452.4139611199498 173.6459517478943 14.27999769151211 0.3148446753621101 1.005149632692337 1.05824663490057 28.15144678205252 5.557507082819939 2.479279018938541 0.1377120167016983 0.9234872907400131 1.350163251161575 0.1483494937419891 5.780494570732117 0.291626513004303 0.1213723719120026 128.2177238240838 28.13049817830324 14.71474628895521 3.4836685359478 1.793139114975929 0.9567152783274651 6.622383750975132 0.08192532509565353 0.8162281513214111 26.24542143195868 0.305632084608078 1.8536396920681 2.330511346459389 1.193404838442802 0.137032151222229 0.3021613657474518 0 0.4054360911250114 0.1520693153142929 0.1262083500623703 0.2769557535648346 0.1495268791913986 10.54923465847969 0 0 1.605778560042381 728.3022939637303 0 0 0.1803244948387146 0.5261484906077385 0 5.40605453401804 0.3674236983060837 0.2052059769630432 17.56434097886086 2.790734842419624 0 3.128805637359619 2.25309881567955 1.108124673366547 1.19661046564579 0 0 0 0 0 0 0 0 0 0 0 0 0 0 0 0 0.6170579791069031 0 0 0 0 0 0 0 0.4020481258630753 0 1.273768156766891 0.1342554688453674 0 0 0 0 0 0 0 0 0 0 0 0 0 0 0 0 0 0 0.2920756936073303 0 0.1212692558765411 0 0 0 0 0 0 0 0 0 0 0 0 2.030736811459064 0 0 0 0 0 0 0 0 0 0 0 0 0 0 0 0 0 0 0 0 0.9189600050449371 0.6458737030625343 0.8938744217157364 119.8221702128649 2.434138007462025 297.3570455685258 26.58201649785042 332.8483864739537 49.68298614770174 11.19880938529968 13.39728928357363 10.21478967368603 0.1744021624326706 0.4365414977073669 0.1259766072034836 8.876273944973946 0 0 0 0.436768114566803 0 212.9702079296112 0.3065966963768005
452.6031249910593 1408.170483842492 2225.427187815309 7.188802435994148 712.2749280333519 13.38425731658936 112.9090296849608 2081.125088259578 820.0690973773599 24.18625491857529 1683.136018574238 39.68620018661022 230.5341585054994 1220.258916884661 3.84410335868597 8.903904899954796 3.097293302416801 0.4330649077892303 0.4126944467425346 0.7857050597667694 0.4778550788760185 0.5768592953681946 0.7191441059112549 0.6989935040473938 0.1524506211280823 0 0.626776859164238 0 0.3832817524671555 0.172935277223587 3972.182165257633 67.22433819621801 170.9250620305538 8.008110038936138 0.3737721592187881 0.2652391940355301 39.99692320078611 17.94641514867544 5.124878339469433 4.097712256014347 0.3023634105920792 2.768701553344727 1.567186623811722 0.264700636267662 0.821694977581501 3.202645562589169 13.30916734784842 9.11386451870203 2.716264002025127 10.46485155820847 3.561211682856083 0 1.376724816858768 0.6304798349738121 12.16876930743456 24.87644388526678 24.63086708635092 338.693989187479 68.08491536229849 10.20508248358965 2.424930557608604 26.91640457510948 1.620804004371166 67.57386906445026 3.025357194244862 3.882561802864075 2.664338007569313 7.451978385448456 16.29600208252668 2.270841635763645 22.70152465254068 0.1363793909549713 0 65.11530785262585 27.8868370205164 11.61673237383366 8.194035492837429 3.943510882556438 23.51828652620316 375.3675424680114 1.611939460039139 81.34174896776676 15.21419835835695 0 3.40923760086298 1.146509870886803 21.21734995394945 0 1.696878902614117 0.2615770697593689 2.233023561537266 0.5605257898569107 3.470737382769585 1.943018332123756 1.604666583240032 3.707803823053837 1.648669362068176 0.6127724051475525 1.241833239793777 137.2522260099649 0 0 0 0.2308111786842346 0 0.8022429794073105 0 0 0.1493432521820068 0.5558901131153107 0 1.11783304810524 1.143133819103241 0.763231635093689 0.7325364351272583 0 0 0 0 0 0 0 0 0 0 0 0 0.4270609617233276 0 0.2919874787330627 0 0.6407000422477722 0 0 0 0 0 0 0 1.417964026331902 1.239814549684525 2.243335738778114 0.4542813301086426 1.330396994948387 0 0 0 0 0 0 0 0 0 0 0 0 0.4108484536409378 0 0 0 0 0 0 0 0 1.26060163974762 0 0 0 0 0 0 0 0 0 0 1.482056207954884 0.1515689194202423 0 0.2292145490646362 0 0 0 0 0 0 0 0 0 0 0 0 0 0 0 0 0 0.3407182991504669 0.5627182871103287 2.063661903142929 51.43848439306021 11.77406664937735 186.0874539762735 19.35745418816805 72.28231528401375 23.87013986706734 4.152590960264206 9.942740596830845 2.608149543404579 0 0 0 1.201446771621704 0 0 0 1.693836614489555 0 89.36669837683439 0.4656566381454468
1128.68411526829 164.8157178238034 7.188802435994148 598.7870219349861 44.82087444514036 1144.251277893782 839.5760033726692 1.794002681970596 64.43923811614513 2049.572198569775 2.213331617414951 518.4029349759221 1472.174903467298 124.2992436736822 0.1732360571622849 0 0 0 0 0 0 0 0 0 0 0 0 0 0 0 169.5274755135179 0.1603471487760544 0 0 0 0 3.720891423523426 0 0.2875126302242279 0 0 0 0 0 0 0 0.8974428102374077 0 0 0 0.1248744875192642 0 0 0 4.183810494840145 8.714684277772903 17.18770654499531 50.07735303044319 26.6635777130723 1.153841875493526 0 0.1091751381754875 0 5.873587623238564 0.3865642696619034 0 0 0 0 0 13.47530847787857 3.312040790915489 0 12.39168801903725 0.9745606780052185 0.3656094968318939 0.09439320117235184 0 0 0.2960465103387833 0 0.1511516720056534 2.568375885486603 0.3903075307607651 0.229292519390583 0.3910278826951981 0.1636854112148285 0.2889260351657867 0.1310086995363235 0.3350661098957062 0 0 0 0 0 30.72302258014679 10.5212861597538 1.148499637842178 3.296881422400475 436.929498873651 0 1.457713484764099 0 0.4391279518604279 0 3.468415394425392 0.9080441296100616 0 4.463420212268829 4.810431078076363 0.3230056762695312 1.641304805874825 4.784265473484993 0.9638886898756027 1.314784809947014 0 0 0 0 0 0 0 0 0 0 0 0 0 0 0 0 0 0 0 0 0 0 0 0 2.031236529350281 0 0.5839712023735046 0.9257038831710815 0 0 0 0 0 0 0 0 0 0.09617626667022705 0 0 0 0 0 0 0 0 0 0 0.1716012805700302 0 0 0.7287867069244385 0 0 0 0 0 0 0 0 0 2.43531996011734 0 0 0 0 0 0 0 0 0 0 0 0 0 0 0 0 0 0 0 0 1.785438686609268 0.8055483996868134 1.671533048152924 74.35002117604017 0.3486388474702835 44.2219472527504 6.118718229234219 288.0889625400305 9.836069375276566 1.131897799670696 2.588405460119247 16.51990395784378 0 0.2495989203453064 0 17.29752404987812 0.9524122476577759 0 0 2.078083753585815 0 89.69114432483912 1.601152181625366
178.2357315719128 2838.075039252639 712.2749280333519 44.82087444514036 1019.904871337116 17.83898841589689 1186.665548406541 68.788161277771 3607.297404617071 448.7139827087522 510.4130443036556 65.5322702601552 384.4265881329775 2158.729859650135 6.06757628172636 2.014306120574474 0 0.2436746954917908 0 0.1024654433131218 0 0 0.1126412376761436 0 0 0 0 0 0 0 529.2560617551208 13.97749337553978 10.50100353360176 0.08836826682090759 0 0 6.39771831035614 1.749385483562946 1.520662121474743 0 0 0.416949525475502 0.1844359785318375 0.2235041335225105 0.1268317699432373 0.3144521564245224 17.6704273223877 0.2804110571742058 0 0.5804045125842094 0.0992494598031044 0 0 0 20.27278791368008 38.49960415065289 20.12998636066914 129.3076447024941 76.56519819796085 16.50745536386967 0.4468246102333069 4.457801893353462 0 38.47126697003841 3.114838562905788 1.8009167984128 0 0.09925308078527451 0.6083753108978271 0 12.59612315148115 0 0 76.1410680860281 20.4115148037672 24.35072807967663 8.098416812717915 3.38131345063448 0.1118520349264145 1.467768788337708 0.3197917118668556 1.751986734569073 17.52748427540064 0.36082723736763 1.417925126850605 1.068426787853241 0.2068632394075394 0 0.1654369086027145 0 0 0.1408079564571381 0 0 0 25.56344339251518 1.405771538615227 0 1.673501126468182 46.70675465464592 0 0 0.7588868737220764 0.6541806310415268 1.215413928031921 2.568871423602104 1.803325295448303 1.570287853479385 4.130932651460171 5.617946803569794 0.1902866661548615 6.067804142832756 7.840956002473831 5.768206611275673 1.395455300807953 0 0 0 0 0 0 0 0 0 0 0 0 0 0 0 0 0.8634503185749054 0.6547020077705383 0 0 0 0 0 0 3.19558647274971 1.259019255638123 5.528452813625336 1.247994065284729 0.9028224945068359 0 0 0 0 0 0 0 0.5501381158828735 0 0 0 0 0 0 0 0 0 0.5089951753616333 0.5782051086425781 0.2566904723644257 0 0 0.4101940095424652 0 0 0 0 0 0 0 0 0 7.428211346268654 0 0 0 0 0 0 1.312389731407166 0 0 0.7712981104850769 0 0 0 0 0 0 0 0 0 0 4.947972998023033 0.1543257683515549 3.403062701225281 253.7937099039555 4.666589461266994 395.7271406129003 33.47388334572315 146.2759495377541 73.10200440138578 10.83554224669933 35.03060214221478 14.59340310841799 0 0 0 12.73113352060318 0 0 0 1.43968777358532 0 142.1063244268298 3.325076475739479
236.3117377310991 112.898233614862 13.38425731658936 1144.251277893782 17.83898841589689 10.64593401551247 205.320035867393 2.211997345089912 7.116443954408169 1320.46484130621 7.023469261825085 98.63473474979401 101.425122462213 16.93894785642624 0 0.3983441293239594 0 0 0 0 0 0 0 0 0 0 0 0 0 0 133.4276034682989 0.4665084034204483 3.587805353105068 0 0 0 4.88600455224514 1.298232987523079 8.849060349166393 1.317514806985855 0 0.135606124997139 0 0 0 0 0 0 0.1346328556537628 0 0.2739381790161133 1.897754997014999 0 0 1.072407990694046 1.883922755718231 82.17015133053064 32.65629933774471 15.05773009359837 0.473177969455719 0 0.6466015428304672 0 0.8596062064170837 0.1939731240272522 0.2339132875204086 0.3338036835193634 0.1496207714080811 0 0 78.17068932950497 70.76848918199539 7.223550841212273 7.333200998604298 1.674607574939728 0.1088430285453796 0.1106090396642685 0.2693496495485306 0 1.472449600696564 0 0.6787867844104767 0.6066390126943588 1.492256551980972 0.3684858903288841 1.510332152247429 0 3.802109308540821 2.900722362101078 3.782410368323326 0.4339491873979568 1.05896407365799 0 0 0 177.7983479499817 119.0294390022755 1.12977123260498 25.96692889928818 336.3550710529089 0 1.74676901102066 1.063663810491562 2.258892148733139 0 3.042978048324585 0.2917590141296387 1.664347231388092 4.203766673803329 11.69432134926319 0 4.009395286440849 5.210501194000244 5.222882732748985 0.9980071038007736 0 0 0 0 0 0 0 0 0.2002055644989014 0 0 0 1.184276819229126 0 0.5509437844157219 0 1.453995443880558 1.751081526279449 0 0.4099532216787338 0 0 0 0 1.413941025733948 0 0.4607638418674469 1.989835105836391 0.2551406174898148 0 0 0 0 0 0 0 0 0 0 0 0 2.184099577367306 0.1629626303911209 0 0 0 0 0 0 0.3532119393348694 0 0 0.2240584790706635 0 0.2150947004556656 0 0 0 0 0 0 5.138044163584709 0.899350106716156 0 0 0 0 0 0 0 0 0 0 0 0 0 0 0 0 0 0 0 3.41957026720047 1.274967819452286 2.57811875641346 47.74028392136097 0.278019517660141 16.07352408021688 1.010676197707653 85.20778487622738 6.018257088959217 1.484314404428005 0.663300633430481 23.90253248810768 0 0 0 22.27538451552391 0.5074519515037537 0 0 0.94145667552948 0 253.6857840195298 1.904290020465851
764.5189973786473 3203.901881881058 112.9090296849608 839.5760033726692 1186.665548406541 205.320035867393 869.7404963597655 7.847396671772003 1204.57428213954 2440.196629837155 48.76561988890171 803.4371796697378 3364.162369459867 2035.715249322355 10.87053366750479 8.900168173015118 0.1368442177772522 0 0 0 0 0 0 0 0 0 0.1082399934530258 0 0 0.09374873340129852 730.9680973216891 13.29631486535072 5.276814639568329 0.9865381568670273 0 0 6.676297247409821 3.67760393768549 5.231582418084145 2.065090537071228 0 0 0 0.1522126346826553 0.1282933056354523 0 26.73332957178354 0.5066415593028069 0.5863603353500366 0 0 0 0.1141709387302399 0 29.81967674940825 62.6835435628891 44.63766527920961 220.7083874195814 128.0089908391237 23.62138886004686 0.2108561173081398 2.005372785031796 0.3670250326395035 55.45901989191771 7.384042993187904 3.28608188778162 0.1665193736553192 1.090233840048313 0.3880049884319305 0.1084885522723198 44.26604529470205 2.975592151284218 0 120.6354908421636 29.23352974653244 33.07116573303938 11.15537524223328 6.716830618679523 0.3414747416973114 2.879828914999962 1.108440674841404 1.667439818382263 27.30710875242949 0.2143706828355789 2.639230474829674 1.696149311959743 0.93379245698452 0.2551311999559402 0.68930833786726 0.1140351966023445 0 0 0.5624906346201897 0.2485175877809525 0.1380773335695267 133.6888799518347 10.37654927372932 0.220988854765892 5.74152484536171 114.627404473722 0.9028506726026535 4.687629230320454 3.147949248552322 5.118476197123528 1.249413162469864 21.24835368990898 5.481732055544853 5.459898039698601 34.73368482291698 35.93758635222912 1.292047902941704 38.81232618540525 39.37579459697008 26.96141090989113 3.725046142935753 0.6521345376968384 0.1414835900068283 0 0 0 0 0 0 0 0 0 0 2.047242224216461 0 0.5826782584190369 0 0.438454806804657 0.2009792625904083 0 0.316087394952774 0 0 0 0 18.36127340048552 2.841018661856651 11.14857651293278 4.944048598408699 2.897207632660866 0 0 0 0 0 0 0 0 0 0 0 0 0.7705415189266205 0 0 0.3749967515468597 0 0.3456041216850281 0 2.633271373808384 0.9898789525032043 0 0 0 0 0 0 0 0.1469238102436066 0 0 0 32.29816240817308 0.2570603489875793 0 0 0 1.119421601295471 0 1.243563577532768 0.2961506545543671 1.042057871818542 0 0 0 0 0 0 0 0 0 0 0 23.5795449540019 7.194280564785004 13.47690719366074 484.9197314977646 7.320210143923759 669.3283518776298 58.18456020951271 463.7236245274544 143.8212183713913 13.44976706802845 62.48728279024363 68.82588842511177 0 3.606163024902344 0.6282316446304321 65.69167794287205 0.171485036611557 0 0 14.8437387496233 0 380.2448296025395 10.56078997254372
9.875846274197102 22.08499677479267 2081.125088259578 1.794002681970596 68.788161277771 2.211997345089912 7.847396671772003 1128.324196584523 289.1948227956891 2.490159012377262 2530.663508802652 36.08280855417252 189.0218365713954 1562.162755444646 38.56218709796667 54.41429759562016 94.88782408088446 7.060581564903259 18.6176571175456 12.71892899274826 2.085346683859825 0.1451820433139801 6.413462176918983 2.440360188484192 0.4237906038761139 0 2.878759399056435 0.89470274746418 1.157216809689999 0.4725461900234222 2359.913495659828 1736.467613615096 302.9987167567015 42.86365879327059 3.424695536494255 5.685888200998306 40.64622726291418 60.50517474859953 12.11698879301548 6.892823249101639 4.687355019152164 11.35001019388437 37.28061047196388 41.02110404521227 27.64990276843309 39.43417736142874 87.66923241317272 100.2066045254469 62.12839187681675 178.7500600516796 23.7764089256525 0.4457903578877449 4.704206094145775 2.629217498004436 25.57792253792286 51.52176515758038 21.86230842024088 290.1200722903013 70.29658561199903 30.97782811522484 293.2705453783274 215.6612153202295 21.16109634935856 622.1251051276922 7.356322795152664 42.79416060447693 18.63742530345917 69.06509840488434 138.0472694858909 20.16980731487274 37.0139519572258 0.393804520368576 0 106.5148874744773 77.20218869298697 62.35262062400579 69.6967910900712 139.8992250561714 1065.75727250427 1570.287176378071 453.1792900785804 2023.881909705698 34.88257499784231 0.2820619344711304 24.9051813557744 6.364336431026459 239.0482822433114 0.1578910946846008 13.72763315588236 0.7384260296821594 15.55081906169653 2.475927285850048 29.06769348680973 14.22919274121523 9.809625223278999 5.88644115626812 5.021880552172661 0.43424391746521 7.041405081748962 9.646729320287704 0 0.2419012188911438 0.2162508964538574 0 0 1.292852714657784 0 0.8932808339595795 0.3024325966835022 0.5532127916812897 1.145033597946167 0 1.459758654236794 1.590059578418732 1.398457676172256 0 0 0 0 0 0 0 0 0 0 0 0 1.518601074814796 0 0.355460986495018 0.4573101997375488 1.143424212932587 1.854554459452629 0.8691740334033966 0 0 0 0 0 1.159549415111542 0.4993467926979065 2.448165349662304 2.465942159295082 2.940381422638893 0.601647675037384 0 0 0 0 0 0 0.1308184564113617 0 0 0 0 3.176361829042435 0.4940643310546875 0 0 0.1186208799481392 0.7181768119335175 0 0 0 0 1.573195606470108 0 0 0 0 0.09385748207569122 0.1140267178416252 0.5380997657775879 0.3884957656264305 0.361723393201828 2.826861590147018 0.1951393783092499 0 0.5134762823581696 0.9831568822264671 0.2112486213445663 0.1157725527882576 0 0 0 0 0 0 0 0 0 0 1.156610324978828 0.4177647680044174 0.1086848527193069 0 0.1227128356695175 2.04452458024025 3.456082858145237 274.0826662257314 59.07821716368198 831.4380306527019 112.2037294581532 99.05637288838625 91.64815057069063 10.8197114020586 47.77665224671364 2.424719795584679 0.6304720491170883 0.3555383682250977 0 1.927181959152222 0 0 0 12.15778766572475 0 134.6396877467632 1.529066056013107
14.78510440886021 1669.531886026263 820.0690973773599 64.43923811614513 3607.297404617071 7.116443954408169 1204.57428213954 289.1948227956891 2153.126297712326 473.8128654062748 1779.855522297323 195.3655771389604 990.733233936131 3250.485945962369 10.43203599750996 9.724882915616035 0.1211583763360977 0 0 0 0 0 0.1350310444831848 0.1446763873100281 0 0 0 0.1582407653331757 0.3401893377304077 0 132.3615725412965 4.971736781299114 36.1243861913681 2.662407845258713 0 0 23.04171304404736 3.95821874588728 2.603378243744373 0.9458452761173248 0 0 0.4711923971772194 0 0.1386816501617432 0.7791260778903961 13.19399453699589 0.7192876636981964 0 0.272507056593895 0.2493361234664917 0 0 0 2.96329515427351 12.90068603307009 7.139825642108917 27.2696745172143 22.02331597357988 8.705120123922825 0 3.29267019033432 0.5470424145460129 24.7910645082593 1.105714499950409 0.4654050543904305 0.6555223241448402 0.8549871444702148 1.266613975167274 0.8369933590292931 33.0716570019722 0 0 18.59939648211002 7.216071456670761 14.67213554680347 10.90901955217123 6.774328671395779 0.248609721660614 8.489996805787086 0 3.169603280723095 3.579250872135162 0 0.4015029668807983 0.6713106483221054 0.733088381588459 0 0.6362622305750847 0.2285507321357727 0.1125594154000282 0 0.4251790121197701 0 0.5437446236610413 69.28544890880585 2.688254833221436 0 1.542044177651405 7.166382998228073 1.249737977981567 3.152930021286011 2.903083652257919 2.266759902238846 0 9.249722428619862 2.234984189271927 3.001686215400696 13.10050436854362 12.50521351397038 0.7978645861148834 21.01075595617294 28.88613045960665 13.21607588231564 4.990951508283615 0 0 0 0 0 0 0 0 0 0 0 0 4.508815288543701 0 0.7649883031845093 0 0.6987200230360031 0 1.162191152572632 0 0 0 0 0 7.740819826722145 1.959570437669754 8.541170418262482 4.336993955075741 2.700709700584412 0 0 0 0 0 0.2758836150169373 0 0 0.4772984385490417 0.7509799003601074 0 0 1.621436223387718 0 0 0 0 0.5875160992145538 0 1.252999931573868 0 1.514255285263062 0.4780589193105698 0 0 0 0 0 0 0 0 0 19.77061329036951 0 0.6440117657184601 0 0.1262058168649673 0.776891827583313 0 3.745032072067261 0.3018856048583984 0 0.8001839816570282 0 0 0 0 0 0 0 0 0 0 16.64913937449455 6.978546805679798 11.42028569430113 287.3954733088613 5.426624603569508 201.4885554239154 31.16120674461126 97.97416286915541 53.91060516983271 2.77177145332098 54.66068331152201 27.02184808254242 0 2.948078453540802 0 35.64593118429184 0 0 1.351416200399399 7.226995408535004 0.2734513878822327 93.93903997540474 7.98417092859745
1324.209522567689 439.1608784496784 24.18625491857529 2049.572198569775 448.7139827087522 1320.46484130621 2440.196629837155 2.490159012377262 473.8128654062748 2570.090589016676 14.42126499861479 2243.526466965675 5053.930240921676 364.2237777039409 4.791333854198456 3.209522739052773 0.3794534280896187 0 0 0 0 0 0 0 0 0.6982680857181549 0.1732262820005417 0 0 0 399.6252613440156 2.370271183550358 11.39183712005615 0.1405259370803833 0 0 34.70856683701277 3.487769939005375 11.64245243370533 0.6621528565883636 0 0 0 0 0 0 11.16692272573709 0 0.1384103894233704 0.3332017660140991 0 0.1292005628347397 0 0 8.359414361417294 22.10928790271282 48.54952978342772 96.6404882594943 60.34684933722019 7.266277328133583 0.2273444160819054 5.612684264779091 0.1499269157648087 34.82549508661032 1.292892836034298 0.8009436130523682 0.3343110010027885 0 0 0 179.6297732144594 6.585807159543037 1.215680360794067 39.84592892229557 12.41485658288002 8.838079914450645 5.405818536877632 2.733652524650097 0 1.57070255279541 0.3948431611061096 0.200731948018074 5.988856434822083 0.2565525472164154 0.8753452375531197 0.8678435534238815 0 0.5371930673718452 0.1372109055519104 0.2802754491567612 0.106099046766758 0 0 0.1692979484796524 0 999.6014445722103 30.97143749892712 0 17.02482439577579 548.8884596452117 1.877544984221458 18.28218390792608 7.849571630358696 10.20482946932316 0.1502923220396042 63.13146605342627 12.21303850412369 24.56966888904572 83.79779601842165 115.6099347323179 3.064595475792885 107.8649132475257 136.5100663453341 67.52119533717632 16.52656564116478 3.497598618268967 0.61097651720047 0 0 0 0 0 0.2378639578819275 0 0 0 0 4.180317550897598 0.1718235015869141 2.924351245164871 0 1.117673516273499 0.1249135732650757 0.5916259288787842 2.185635402798653 0 0 0 0 29.61978155374527 4.631186366081238 30.16536419838667 12.2142169252038 3.122484937310219 0 0 0 0 0 0 0 0.4990911185741425 0.646593302488327 0 0 0 4.995332509279251 0 0 1.394118010997772 0 3.512934103608131 2.900790989398956 8.953006148338318 0 0 4.409649163484573 0.8401709496974945 0 0.8201348781585693 0 0 0.1303446590900421 0 0 0.2399957180023193 86.66554165631533 1.941863089799881 0.2748753428459167 0 0.6992288827896118 0.9002297520637512 0 3.12329512834549 0.5518684685230255 0.5613141357898712 0.2505199611186981 0 0 0.8459197878837585 0 0 0.2098741829395294 0 0 0 0.2445098012685776 67.7391265630722 18.12243285775185 33.64510782063007 905.0667450651526 2.879459798336029 329.3458220735192 36.91273532062769 1105.416127815843 109.3398410081863 7.353282824158669 74.43959791213274 247.3846748843789 0 4.616619557142258 0.8723716139793396 299.9624146074057 1.966186136007309 0 2.865136131644249 6.406396523118019 0 925.1941703557968 32.60879455506802
158.3563717007637 392.187729537487 1683.136018574238 2.213331617414951 510.4130443036556 7.023469261825085 48.76561988890171 2530.663508802652 1779.855522297323 14.42126499861479 2322.998611539602 294.5669112727046 955.9403528496623 3789.145294643939 21.12219583243132 29.72431673109531 9.93002225458622 3.867150440812111 0.1355073004961014 9.057480730116367 1.973493061959743 0 7.688123807311058 5.902064338326454 0.2245217561721802 0.5977765172719955 1.880158700048923 0.2426391765475273 0.5294739827513695 1.05658333003521 919.5694508701563 199.6932053864002 1143.056745968759 66.25942546129227 9.460770636796951 5.413804829120636 417.4021493941545 253.320587746799 75.72796826064587 28.1451226323843 3.824945069849491 14.28204672038555 19.23994954675436 0.8841185420751572 9.355095751583576 38.96665442734957 31.62194173783064 27.92763119935989 8.427118249237537 46.77727357298136 20.76646488904953 0.185534343123436 4.601496651768684 2.179463721811771 11.03072575479746 20.38094110041857 15.80317129194736 133.7842517569661 44.50496413558722 12.83133467286825 11.43353639543056 131.3745529055595 27.71436047554016 68.3344656303525 3.771510906517506 22.7174681648612 13.41367927193642 35.45894729346037 88.18053858727217 14.2517082542181 227.3757910951972 2.118125781416893 0.575471542775631 49.19986488670111 30.61304725706577 33.25381483882666 25.30271860212088 19.38048069179058 22.65600191056728 1274.457029424608 0.5855488628149033 218.6527939289808 16.39862449467182 0 8.972867578268051 4.528392538428307 79.02775616198778 0 5.155076861381531 0 6.7257100045681 0.4594983756542206 37.14303065091372 10.34409883618355 4.997922539710999 64.41902202367783 14.42771191895008 0.1939604729413986 15.03915576636791 41.49882978945971 0 0 0.2556608915328979 0.6792095899581909 0 4.968070402741432 0 1.362599968910217 3.822052299976349 6.093414530158043 1.285093411803246 6.059864580631256 10.66305139660835 6.040393888950348 0.968739241361618 0.2872422933578491 0 0 0 0 0 0 0 0 0 0 0 0.3272887170314789 0.3786479532718658 1.470589637756348 0 0.8693995326757431 1.071923166513443 2.256909124553204 0 0 0 0 0 9.344172261655331 1.441555038094521 9.529254302382469 6.893520586192608 3.636555008590221 0.3399390578269958 0 0 0 0 0.3742242455482483 0 0.6047890782356262 0.112702876329422 0.09913291782140732 0 0 3.058665826916695 0 0 0.3825947344303131 0 0.1379671543836594 1.301563143730164 0.2646222114562988 0 0 1.110013268887997 0.4115984737873077 0.2875566482543945 0 0 0.1129878461360931 0.4693316891789436 0.3031227812170982 0.1698714345693588 0 8.162707768380642 1.170454427599907 0 0.1518359929323196 0.4537004679441452 0.345947802066803 0 0 0.456118106842041 0 0 0.1986998170614243 0 0 0 0 0 0.3032476007938385 0.3584211468696594 0.6763736605644226 0 4.848454661667347 8.571494311094284 13.4846463277936 267.6687251850963 51.49885455518961 390.3620551973581 78.32167120277882 72.64623179286718 54.57118852436543 5.104503870010376 58.95318471640348 10.6057173460722 0 0.6762493252754211 1.250589728355408 6.646945506334305 0.4807898700237274 0 0 8.259800717234612 0 86.6982749402523 1.600669875741005
73.23042289912701 159.5781245306134 39.68620018661022 518.4029349759221 65.5322702601552 98.63473474979401 803.4371796697378 36.08280855417252 195.3655771389604 2243.526466965675 294.5669112727046 224.7093724161386 1975.271049506962 613.1324150636792 15.21439726650715 25.39816491305828 0.1681857258081436 0.3539840281009674 0.2798161208629608 0.5938469171524048 0.2300677895545959 0 2.836637929081917 1.670752957463264 0 0 2.509818747639656 0.1591386049985886 0 1.304450392723083 37.24770552664995 3.017871648073196 142.454171910882 9.798065803945065 2.520449101924896 0.4474969953298569 593.8925440311432 81.66523701697588 94.77794767916203 24.38519567996264 0.4229473769664764 1.328655138611794 0.435680016875267 0.4491957277059555 1.662109419703484 3.516129642724991 12.03076878935099 0.8083218634128571 0.1370734125375748 1.58794692158699 1.881282523274422 2.715492010116577 0.857673391699791 0.5429338216781616 2.498239099979401 3.120760180056095 3.970671437680721 13.15447477251291 9.294194258749485 4.415593110024929 1.671679444611073 17.72589421272278 4.016393065452576 30.37680757045746 0.3978065699338913 1.108078733086586 0.8469479978084564 2.986655443906784 3.419330008327961 1.704654641449451 761.6397770792246 3.774742797017097 1.03902430832386 11.4598155990243 14.05369862914085 13.80736983567476 19.88129129260778 14.88444834202528 0.4693610668182373 22.6942725405097 0 3.681288830935955 2.376238733530045 0 1.204984329640865 0.577523410320282 1.03300679475069 0.4116581007838249 0.4130011722445488 0.2921319007873535 0 0.3505741655826569 2.061204761266708 0.5905223786830902 2.054133594036102 1549.191180564463 130.4660581946373 2.017745703458786 17.68347926437855 33.68346436321735 2.903275348246098 6.576798006892204 4.485189408063889 4.353858962655067 1.312657237052917 50.85281401127577 7.800860479474068 19.91782860457897 46.19699016213417 61.85392019152641 3.808428660035133 81.77421733736992 102.7258484140038 59.91373454034328 17.34595433622599 0.2087762951850891 0.6262866854667664 0 0 0 0 0 0 0 0 0 0 2.083135053515434 1.251958250999451 1.205079421401024 0 3.152888245880604 0.8772841095924377 3.931749641895294 0.4791829138994217 0.3680339008569717 0 0.5279515385627747 0.1298319399356842 38.34088901430368 6.779020063579082 27.4392342492938 12.9349352940917 10.18840872496367 0 0 0 0 0 0 0 0 0.5871810168027878 0 0 0.2998849153518677 5.422591857612133 0 0 0.4537363350391388 0 2.133820623159409 1.282212823629379 4.087535008788109 1.672395884990692 0 4.534526094794273 2.02798618376255 0.3096475973725319 0.8246951699256897 0 0.08549955487251282 0.2428533062338829 0 0 0.5774357318878174 91.52091792225838 1.565952926874161 0.3494241684675217 0 0 3.547583118081093 0 2.918901443481445 1.539748311042786 2.384692162275314 0.645134374499321 0 0.2401784211397171 0 0 0 0.3697401136159897 0 0 0.2245357036590576 0 71.35346373170614 37.19954650104046 41.47227401286364 363.0827930867672 7.550344839692116 137.9393235892057 43.24805769324303 235.9341888725758 37.85303331911564 0.9157732278108597 85.59066151082516 124.9002745226026 0 6.702336244285107 2.03915823251009 143.5981480702758 1.664415024220943 0 0.8947752118110657 14.26159954071045 0 622.7889979034662 30.03047121316195
112.1618899852037 1337.537416301668 230.5341585054994 1472.174903467298 384.4265881329775 101.425122462213 3364.162369459867 189.0218365713954 990.733233936131 5053.930240921676 955.9403528496623 1975.271049506962 1621.431852579117 4823.552628003061 47.53936641663313 72.06108513474464 1.685635164380074 0.1326453238725662 0.6585907936096191 1.188200138509274 0.9668903723359108 0 3.683583907783031 2.764652118086815 1.98662194609642 0 2.559712022542953 1.452422946691513 1.345845028758049 0.2650079280138016 180.2757712751627 13.88016892969608 270.1501496136189 17.28859455883503 2.313475631177425 0.5272708386182785 818.881080314517 104.2381147667766 70.61165422201157 26.37826036661863 0.3073645755648613 2.995018020272255 1.515082888305187 0.7944653183221817 2.459139011800289 7.329636670649052 38.73538593202829 3.696240417659283 0.9934884235262871 5.015774935483932 4.939319133758545 0.6104168593883514 3.451916262507439 0.8370648920536041 9.032754190266132 18.09201369434595 15.83184143900871 47.81433954834938 47.6545142531395 16.60149995982647 1.287319131195545 22.3660995438695 6.990676984190941 79.44308967143297 1.777813091874123 4.18098296225071 3.780356697738171 6.954861640930176 15.21658392995596 1.799555331468582 484.8692812547088 3.431279972195625 0 52.27399107813835 44.56180553138256 55.61828383803368 66.67705004662275 41.59988220781088 0.4850402325391769 30.30825912952423 0.3251233398914337 11.15472897142172 10.65280322730541 0 1.89643132686615 1.381981737911701 8.889473497867584 0.4040242657065392 1.205363318324089 0 1.629644744098186 0.4066283702850342 8.013469055294991 3.44586493074894 3.300572872161865 1124.048944108188 51.88739084452391 0.9571940824389458 22.90898194909096 44.85340763628483 4.473151981830597 12.09232161194086 7.882631048560143 7.693046048283577 4.20941137522459 70.61868524551392 16.12821507453918 29.26919654011726 110.2782501429319 104.8798778057098 3.692045897245407 127.1130832210183 175.6857447177172 100.9616622105241 27.15161690860987 0.1608963757753372 0.4422365427017212 0.1179031655192375 0 0 0 0 0 0 0 0 0 9.179427042603493 0 3.494379281997681 0 5.425075486302376 3.469616994261742 3.691980823874474 1.843280851840973 0.6394487917423248 0.1326705366373062 0 0 65.3615208864212 12.12696865200996 50.51395684480667 27.6334106400609 10.79485782980919 0 0 0 0 0 0 0 0 0.5354847088456154 0 0 0.1574421972036362 9.078456155955791 0 0 0.7196535170078278 0 1.897090896964073 2.580062806606293 6.53866046667099 0 1.284590125083923 6.491906747221947 0.9373844265937805 0.6611984372138977 0 0 0 0.2079967260360718 0 0 0.139092817902565 135.4565524682403 0.4838254600763321 0.1371208280324936 0.245955154299736 0.4249802231788635 4.334786742925644 0 5.487022742629051 3.384625747799873 0.97004134953022 1.346987791359425 0 0 0 0.359431579709053 1.844708681106567 0 0.5696819424629211 0 0 0.4261639714241028 104.7706563919783 47.30429404973984 70.77161663770676 910.9554499462247 25.51023405045271 491.124236099422 120.0069574117661 334.0805764347315 130.2334304079413 7.774439036846161 199.8279729187489 172.5821558609605 0.3356374651193619 11.41630134731531 4.868685238063335 199.5601324737072 2.488629788160324 0.1687382459640503 2.853677228093147 37.71105834841728 0 664.2058535888791 43.10286326706409
37.42064240574837 1386.764880232513 1220.258916884661 124.2992436736822 2158.729859650135 16.93894785642624 2035.715249322355 1562.162755444646 3250.485945962369 364.2237777039409 3789.145294643939 613.1324150636792 4823.552628003061 1622.995931558311 45.2008875310421 55.41919273883104 2.02894838899374 1.338459871709347 0.4742010608315468 5.945182755589485 0.8117534443736076 0.6490522623062134 8.212488137185574 4.467316597700119 0.3054263442754745 0.4978712797164917 5.014372788369656 0.686130166053772 1.074777647852898 2.053191721439362 349.3207669779658 43.41219041496515 1970.50433807075 46.03921002149582 6.324155308306217 3.503006659448147 2379.780854634941 543.8869349211454 185.530315771699 89.03029797226191 2.748295299708843 3.881133295595646 6.356387719511986 0.8861051797866821 6.582592532038689 19.05603643506765 45.5099228695035 9.188269436359406 3.904383286833763 12.7896099537611 8.174599103629589 0.5582228302955627 3.767306037247181 1.929695300757885 11.90457580983639 24.85363734513521 10.13900031149387 78.13623728603125 48.64172872155905 23.00430631637573 5.899280786514282 187.8518069982529 18.9891574755311 66.14325878024101 3.66225815564394 7.88566854596138 7.926834858953953 18.41285283118486 37.62811385095119 5.979161120951176 769.5659195929766 4.584124758839607 0 52.1213386207819 44.8737927377224 55.12650948762894 59.08013670891523 39.22819142788649 1.145100608468056 229.2160385400057 1.054135710000992 100.0172164440155 11.73434548079967 0.09275195747613907 4.906477272510529 2.09858488291502 25.08253419399261 0.1174880042672157 4.02621478587389 0.1404350101947784 3.614299789071083 0.789483480155468 15.13345757126808 4.207584768533707 2.948111914098263 283.7184422910213 40.42628057301044 0.5901898145675659 22.21308109164238 16.33276201039553 1.642764866352081 5.832784041762352 3.367165677249432 2.871689707040787 0 21.24140217155218 5.294723182916641 6.741274617612362 25.16350906342268 32.76318025588989 2.848588943481445 45.5417994260788 61.7263051122427 34.88861078023911 8.148757345974445 0.3084335029125214 0.4991846978664398 0.602018877863884 0 0 0 0 0 0 0 0 0 3.135737031698227 0 1.041929058730602 0 2.974575541913509 1.872863039374352 1.412489369511604 0.6051045283675194 0.1476716250181198 0 0 0 30.19014318287373 8.954341880977154 23.42738343030214 15.52371548116207 8.05160378664732 0 0 0.1122538521885872 0 0.9407459497451782 1.504942059516907 0 0.1480890959501266 0.676688551902771 0 0 0 6.064306281507015 0.3081620633602142 0 0.8141441345214844 0 0.1447231322526932 1.573439478874207 2.74743090569973 2.990851014852524 1.291145920753479 2.870727077126503 0.7288941740989685 0 0.191855177283287 0 0 0.1160430163145065 0 0.5038697123527527 0.3823321759700775 56.12214981019497 1.802532613277435 0 0.09326668828725815 0 2.048046261072159 0.9275120496749878 1.053757071495056 1.309215009212494 1.231123208999634 0.1737758070230484 0.4839261770248413 0.3492153882980347 0.2249474599957466 0 0 0 0.1192887201905251 0 0.2667778879404068 0 44.00855275243521 27.55387163162231 36.01873768121004 705.9640157446265 35.96818676590919 527.6119196712971 119.5277495905757 144.1481701284647 115.9936788082123 7.080257758498192 144.5305458977818 53.36656033247709 0 4.699060574173927 1.053675174713135 69.25624400377274 2.907674968242645 0 0.6481246948242188 26.42580538988113 0 217.731543675065 17.87874429672956
0.7680396288633347 1.401206642389297 3.84410335868597 0.1732360571622849 6.06757628172636 0 10.87053366750479 38.56218709796667 10.43203599750996 4.791333854198456 21.12219583243132 15.21439726650715 47.53936641663313 45.2008875310421 403.551606439054 3384.568802580237 422.892959818244 42.31251990795135 97.93787685036659 10.93372078239918 0.5515508949756622 0 2.641976751387119 3.051922954618931 12.00133776664734 0.5474939048290253 3.764782637357712 2.123726524412632 1.915204927325249 1.286702796816826 11.77387384325266 11.15654240548611 6.278399087488651 4.825905099511147 2.284719921648502 7.522723779082298 10.40801847726107 72.0647287517786 55.65409734845161 52.18665031343699 0.7561048716306686 3.477403342723846 3.835882626473904 260.4040324091911 71.03904037922621 25.75178314000368 291.8305398523808 6.578575365245342 29.85563607513905 17.85228243470192 0.6684716269373894 0.1445432156324387 7.074791379272938 3.215837605297565 4.258074700832367 7.432435497641563 1.207559294998646 2.358228862285614 6.038755975663662 285.5582329183817 47.09246495366096 15.17645521461964 2.075673997402191 9.090220391750336 1.084064669907093 1.338822416961193 0.4822605326771736 1.455932751297951 0.9526771232485771 1.84482765942812 26.08190500736237 0.668879047036171 0.6675291657447815 225.0358384624124 2.790793411433697 2949.321798175573 332.8228995874524 1094.66830791533 74.20963802188635 14.95742031186819 84.79359026253223 38.25198145955801 10.13532236963511 0.2098869234323502 3.249078914523125 0.1622025817632675 7.29054044932127 0 0.4722570925951004 0 1.310705527663231 0.1337151676416397 0.7352785244584084 1.764671929180622 2.181222014129162 8.908603556454182 5.96547544002533 1.071451157331467 16.76952683925629 0.288302056491375 0 0 0 0 0 0 0 0 0 0 0 0.1067310944199562 0.4249016717076302 0.9900585561990738 0 0 0 0 0 0 0 0 0 0 0 0 0 0.4055545032024384 0 0.1953350305557251 0 0.4655948355793953 0.266113743185997 0.1900592893362045 0 0 0 0 0 0.3825797662138939 0 0.6106804236769676 1.271094597876072 0.9122430086135864 0 0 0.08784209191799164 0 0 0 0 0 0 0 0 0 0.5953113809227943 0.2593921720981598 0 0 0 0 0 0 0 0 0 0 0 0 0 0 0 0 0 0 0.6794546321034431 0.2740521878004074 0 0 0 0 0 0 0 0 0 0 0 0 0 0 0 0 0.1218029335141182 0 0 0.1187296882271767 0.4546175301074982 2.416252374649048 16.25318305194378 3.595573551952839 733.928960904479 59.14381822198629 5.919196702539921 8.900610476732254 0.5093611031770706 6.136224113404751 1.054788783192635 0 0 0 0.1873733997344971 0 0 0 0.6468682587146759 0 12.24166652560234 0.8204080015420914
