98.71634709835052 1361.421406768262 623.7007664963603 633.7284499779344 14.66441313177347 35.38909190893173 70.35195120424032 161.8428441658616 3.425290763378143 294.3063889667392 50.85641764104366 22.57610622048378 10.39834178984165 34.23948436230421 2.66963367164135 0.585633859038353 0.1676885485649109 0 0 0.1156756579875946 0 0.6817316114902496 0.1119170635938644 0 0.1304152756929398 0 0 0.1166633442044258 0 0.09957772493362427 522.0602511763573 6.42763414233923 14.99139457941055 0 0 0.437527596950531 2.390701249241829 0.9923648834228516 1.162766829133034 0.1968914940953255 0 0 0 0.3169386610388756 0 0.618158757686615 15.51183041930199 0.6075659468770027 0 0 0.2053076177835464 0.2418926134705544 0.3923686742782593 0 3.628353580832481 2.861957237124443 55.33452314138412 401.1581202894449 19.67153795063496 15.70707785338163 0.3954320549964905 1.435138761997223 0 7.7384038195014 1.934935174882412 0.852632999420166 0.3185549378395081 0.2139581814408302 0.1770379245281219 0 4.346159502863884 3.709960967302322 0 65.37885251641273 29.49443032592535 14.63258577138186 2.880140036344528 0.7290674671530724 1.040241181850433 26.4814186245203 0.409920796751976 3.304208941757679 5.851876959204674 0.08189596235752106 0.6263243854045868 1.409496299922466 0 0 0.2020993307232857 0.1331777274608612 0 0 0.382323257625103 0 0 25.5218343809247 10.95068854093552 0.3999641090631485 2.460562519729137 675.2121295854449 2.041553340852261 12.2134917229414 8.95502320677042 1.545490577816963 5.454103395342827 2.581569880247116 15.64512385427952 1.727134168148041 9.78290157020092 35.34597021341324 0.9534543082118034 6.477618001401424 15.32249704748392 4.944941148161888 5.259183265268803 0 0 0 0 0 0 0 0 0 0 0 0 0 0 0.106560505926609 0 0 0 0 2.560870580375195 0.6917255967855453 0 0 0 0.6073758155107498 0 0.9002983942627907 0.8541334941983223 0.1741269677877426 0 0 0 0.1519025862216949 0 0 0 0.6171629428863525 0 0 0 0.1238118261098862 0 0 0.1807385087013245 0 0 1.628418907523155 1.101253144443035 0 0 0 2.516271375119686 0.6421462148427963 0 0 0 0 0 0 0 0 2.227958001196384 0.8973223939538002 0.1207101121544838 0 0 2.075165465474129 0.9860229790210724 0.2065543904900551 0.2693328708410263 1.077486678957939 0.1805600523948669 0 0 0 0 0 0 0 0 0 0 3.508907124400139 2.280424423515797 2.065765671432018 49.67223000526428 1.404535137116909 44.54855129867792 5.858294554054737 317.442325823009 1.849756680428982 4.202664822340012 2.768309906125069 33.06981565058231 0 2.615427076816559 0.9432563036680222 43.42413315176964 0.5315302461385727 0 0.08922729641199112 0 0 86.21692900359631 7.858294129371643
1361.421406768262 965.961712513119 714.6188377141953 582.3380501717329 461.1594907678664 103.9827326834202 3636.036942921579 1719.100451212376 1325.260910898447 865.7219526693225 1381.406914174557 40.65566231310368 494.2926883995533 1898.484180934727 41.44483698159456 8.774584777653217 1.827614724636078 0.1133737042546272 0.09043452143669128 0.1366565525531769 0.5738299712538719 0.5285419002175331 0.4673659205436707 0.552848793566227 0.5100801810622215 0.471632681787014 0.4346850141882896 0.2522778660058975 0.0840645357966423 0 1721.16800352186 96.34389193356037 131.7347043380141 0.4180086553096771 0.7655705064535141 0.827867403626442 15.87813618034124 9.103014089167118 5.536256566643715 2.094803839921951 1.178924329578876 0.1706982329487801 0 5.182332642376423 0.0814201757311821 1.443357579410076 277.3624933809042 10.59851536154747 0.877038486301899 0.5851145833730698 0.9065687581896782 0.07295538485050201 0 0.4869238436222076 19.91664866358042 23.40705809742212 82.54296959936619 768.4415388852358 51.45544720441103 118.8392925262451 2.532466888427734 8.332166463136673 0.07379536330699921 118.4148199632764 12.60004513710737 4.523327514529228 2.747031345963478 1.722249530255795 0.8066093549132347 0.1129618287086487 7.670657709240913 1.435789503157139 0 307.51007206738 310.6026730909944 289.6258452273905 127.0704215317965 24.31334211677313 41.29825710877776 212.9309776648879 5.847390167415142 25.22817195206881 33.39215381443501 0.8804965987801552 7.190891996026039 10.64371198788285 1.391730092465878 0.3398886919021606 2.134003952145576 0.2080862298607826 0.6556576490402222 0.3088785260915756 1.10879810154438 0.4263725653290749 0.3570689707994461 17.24788577854633 4.190970048308372 0.2736560702323914 1.07879663258791 731.3204070553184 2.287198856472969 2.385381974279881 6.204845577478409 1.564017623662949 5.256475239992142 1.004880622029305 5.901252098381519 1.001565590500832 7.249060712754726 23.18141032010317 1.619076959788799 5.54502759128809 13.51359242200851 4.21391985565424 10.21145506203175 0.1833748072385788 0.1879783570766449 0 0 0 0 0 0 0 0 0 0 0.2722179144620895 0 0 0 0 0 0.1036999076604843 3.248335152864456 1.0488221347332 0 0.09508059173822403 0.1353936493396759 2.614450611174107 1.455490097403526 5.799259915947914 1.742007941007614 0.5127716511487961 0 0 0 0.1511484831571579 0.5322175696492195 0.6376654654741287 0 0.3624336123466492 0.2805253490805626 0 0 0.1187517270445824 0.07898495346307755 0 0 0 0.1250799857079983 0.9842301979660988 2.46763164550066 0.3309035450220108 0.6653879135847092 0.7229542285203934 4.782636865973473 0.5686640366911888 0.2957112416625023 0 0 0.2646517902612686 0 0.1143169701099396 0.06886809319257736 0 1.933071725070477 0.937622994184494 0.09613598138093948 0 0 3.196039818227291 1.80891066044569 1.546854041516781 0.8630437403917313 1.424616523087025 0.6267123445868492 0.1219117194414139 0 0.1985090747475624 0 0.07226574420928955 0.1473713666200638 0.3972082883119583 0 0.07889862358570099 0 4.752840094268322 2.889608301222324 2.159385770559311 177.5139617174864 25.15597093850374 479.4710173010826 60.55617573112249 436.2989097982645 39.56132204830647 5.349159143865108 33.06954568624496 7.710701555013657 0.2302406802773476 3.129697263240814 0.2061517536640167 14.7403627038002 0.9281554147601128 0.280206099152565 0.8143221288919449 0.7034279108047485 0.5994014143943787 76.50954271107912 9.914559550583363
623.7007664963603 714.6188377141953 167.3084310814738 27.59895461797714 382.9336558505893 0.994765043258667 221.6171046197414 2411.07353232801 245.994850538671 256.3180036023259 1362.526201844215 37.89386320114136 102.2339611873031 1434.111214719713 7.036636143922806 4.111184105277061 1.106260731816292 0 0 0.3986563682556152 0.1132159605622292 0 0.4774669259786606 0.4932510033249855 0.6808481141924858 0.1621878147125244 0.295657567679882 0 0 0 847.1676900982857 263.1710586845875 157.0167701616883 0.2354715019464493 0.3205129206180573 0.9772243946790695 26.6170257627964 9.190729700028896 3.556091591715813 1.437440276145935 0.3488432019948959 0.08068043738603592 0 0.9742112159729004 0 0.3582378402352333 32.12822812795639 0.3510889634490013 0.3984338045120239 0.2168889492750168 0.4287660196423531 0.1377162039279938 0.6787946969270706 0 1.257020771503448 1.48023534566164 3.621420197188854 61.38740675151348 2.517233856022358 5.620333045721054 1.020547032356262 9.843753397464752 0.1206793040037155 37.19916962832212 0.9631648138165474 0.5049865990877151 0.07479002326726913 0.2689311504364014 0.2088588699698448 0.3292058035731316 9.553312785923481 1.863825730979443 0 16.19547431915998 25.36822944134474 26.36924383789301 21.18822567909956 9.730351351201534 39.55744331330061 293.8901591524482 1.494916789233685 24.03720726072788 1.748076319694519 0.09193290024995804 0.3479713946580887 0.4656088650226593 0.4543441385030746 0 0.1730041801929474 0 0.2681020945310593 0.5275464728474617 1.2936055585742 0.4834937676787376 0.110722117125988 17.14860841631889 2.174302414059639 0.1533023715019226 2.175922259688377 134.3656020909548 2.250303573906422 0.8765744492411613 2.138434998691082 0.6403658390045166 2.845872230827808 0.3628910556435585 2.128478221595287 0.8652768656611443 4.640387997031212 17.80836841464043 2.234887272119522 3.808265008032322 7.658739596605301 3.875495381653309 6.776196405291557 0 0.1675173789262772 0.102887399494648 0 0 0 0 0 0 0 0 0 0.1462538689374924 0 0 0 0 0.185625359416008 0 3.755299083888531 0.9101395606994629 0 0.7479705810546875 0 1.723338291049004 1.569087624549866 5.72137863188982 0.8532650023698807 0.2900521531701088 0 0.1429876834154129 0 0.1150886565446854 0.3372905105352402 0 0 0.3132611513137817 1.024665556848049 0 0 0 0.1980950981378555 0 0 0.09301882982254028 0.0741746723651886 1.598556339740753 2.82682953774929 0.6901437938213348 0.2774059697985649 0.2146656364202499 5.052413873374462 0.2411154136061668 0.1503316313028336 0.1171224415302277 0 0 0 0 0 0 2.464428223669529 0.1110983863472939 0 0 0 3.682220786809921 0.7795178964734077 1.998975701630116 1.231871157884598 1.930142052471638 0.6969734728336334 0.5407524704933167 0 0.103179082274437 0.07704158872365952 0 0 0 0 0 0 2.786979898810387 1.886027343571186 4.975789666175842 46.13888431340456 3.010680429637432 50.60014691948891 15.85870876908302 24.71687676757574 5.05531844496727 0.5640796571969986 9.805815137922764 2.216090112924576 0 3.684773057699203 0.2599755078554153 5.407986521720886 0.5262833535671234 0 0 0 0.6405611634254456 6.517819263041019 3.512151055037975
633.7284499779344 582.3380501717329 27.59895461797714 113.3079638108611 376.3960745036602 240.8500347435474 171.6378714889288 12.300088763237 422.3130525350571 890.8474560305476 57.95813766121864 0.2639904320240021 33.92259494960308 61.09896689653397 0.8461320847272873 0.7230023071169853 0.09260560572147369 0.09457436203956604 0 0 0.09032334387302399 0.1962185800075531 0 0 0 0 0 0 0 0 117.2876403778791 0.9262040853500366 0 0 0 0 0.3197370022535324 0 0.1489895135164261 0 0.08608858287334442 0.0567612461745739 0 0 0 0 14.12536530196667 0.6077977567911148 0 0 0 0 0 0 1.842687152326107 1.25354827940464 12.07903128117323 113.2385463193059 6.849348053336143 10.44396297633648 0 0.4166965410113335 0 4.466562852263451 1.142353661358356 0.0724802166223526 0.153943732380867 0.09924674034118652 0 0.07628954201936722 0.203319326043129 0 0 32.43228843063116 17.31762991845608 14.3626347631216 3.960647918283939 0.09225292503833771 0.5701025947928429 0.6318772733211517 0.1844743266701698 0.8683535754680634 1.880949921905994 0.1855448111891747 0.2456445097923279 0.4924347400665283 0 0.09225381165742874 0.1685976386070251 0 0 0 0 0 0 1.476120963692665 0 0 0 344.4435068592429 0.4559298455715179 7.347445234656334 37.2890981733799 9.985970214009285 1.729170672595501 8.411718428134918 19.23322516679764 3.363330990076065 33.26412878930569 22.13395067304373 0.7562362551689148 13.16585543006659 8.465166307985783 3.267983883619308 2.328343823552132 0 0 0 0 0 0 0 0 0 0 0 0 0 0 0 0 0 0 0 1.394173078238964 0 0 0 0 0.1648380607366562 0.8006360232830048 0.1213640794157982 0 0 0 0 0.1059106290340424 0 0 0 0 0 0.2871625423431396 0 0 0 0.5610181093215942 0 0 0 0 0.5071018859744072 0.6695146411657333 0.1804425865411758 0 0 0.228261724114418 0.1279385089874268 0 0 0 0 0 0 0 0 0.4400124326348305 0.2645767331123352 0 0 0 0.1240486726164818 0 0.09071144461631775 0.2831801250576973 0.3788584396243095 0.3638830482959747 0.1130795106291771 0 0 0.07804936170578003 0 0 0 0 0 0 3.485780201852322 0.7104448676109314 0.3566821366548538 15.21802569180727 0.8222634866833687 26.20542265474796 4.141632825136185 482.352852486074 1.060270637273788 0.6958601325750351 0.9519692361354828 10.24020773172379 0 0.759024478495121 0.09870626032352448 9.939189866185188 0.3888913840055466 0.1110855042934418 0 0 0 47.63322343677282 5.365571327507496
14.66441313177347 461.1594907678664 382.9336558505893 376.3960745036602 344.8673322945833 0.3922033905982971 1723.99506355077 765.5616758912802 2938.839764878154 1232.336225435138 2296.007328696549 8.003149829804897 402.6153185516596 1299.124474056065 5.21946033090353 1.116099685430527 0 0 0 0 0 0 0 0.08806023001670837 0 0 0 0 0 0 35.72720382362604 5.62189856916666 6.101664625108242 0 0 0 0.7371118143200874 0.5595449730753899 0 0.4122304320335388 0 0 0 0.2713692635297775 0 0.3079496324062347 29.97429544478655 0.7452855706214905 0.07309915125370026 0 0 0 0 0 1.666557982563972 0.9717653132975101 2.789823107421398 18.58975766599178 2.531762413680553 6.29970483481884 0.07517288625240326 0.32791568338871 0 9.470180757343769 0.466568648815155 0.2178880646824837 0.06634693592786789 0 0.07493959367275238 0 0.7631177455186844 0 0 14.26379752904177 23.80829758942127 24.72613052278757 13.32991201430559 5.937256641685963 2.296873513609171 10.39541462808847 0.5192490741610527 2.052179113030434 1.567773155868053 0 0.06525778770446777 0.296113632619381 0 0 0.08745051920413971 0 0.1028361693024635 0 0.08244240283966064 0 0 2.132479421794415 0.3651775941252708 0 0 3.121689207851887 0.08416875451803207 0.09378926455974579 0.5716446340084076 0.1287235468626022 0.4153672456741333 0 0.9250200092792511 0.4385563507676125 0.313259057700634 1.970870122313499 0.3016570284962654 0.5822873413562775 1.337290354073048 0.7749552950263023 1.604523301124573 0 0 0 0 0 0 0 0 0 0 0 0 0 0 0 0 0 0 0 0.3848968371748924 0.5506529584527016 0 0 0 0.4128705635666847 0.1667045131325722 0.2914499193429947 0.08060842007398605 0 0 0 0 0 0 0 0 0 0 0 0 0 0 0 0 0 0 0.08122573047876358 0.2628151029348373 0 0 0.07814521342515945 0.6540036126971245 0.1849617809057236 0 0 0 0 0 0 0 0 0.2872174680233002 0 0 0 0 0.6549473032355309 0 0.2957247197628021 0.1562672927975655 0.09937228262424469 0.08454658836126328 0 0 0 0 0 0 0 0 0 0 0.8832182511687279 0.2198428586125374 0.4567471817135811 19.94350253790617 3.062906228005886 45.49920649826527 9.365904152393341 6.228035017848015 6.514030404388905 0.4206530749797821 5.130734361708164 0 0 0.3447127640247345 0.09942858666181564 0.5147506967186928 0.08890298008918762 0 0 0 0.1667908132076263 2.380796656012535 1.732187695801258
35.38909190893173 103.9827326834202 0.994765043258667 240.8500347435474 0.3922033905982971 1.213800191879272 6.650857672095299 1.072243094444275 0.8533828258514404 216.1306373998523 0.3923023641109467 67.33749359846115 32.04782505333424 3.260409832000732 0 0 0 0 0 0 0 1.056572079658508 0 0 0 0 0 0 0 0 2.325135715305805 0.9812597185373306 13.8090438246727 0 0 0 9.024513721466064 1.400316640734673 4.645037785172462 0.5944201052188873 0 0 0 0.1078526452183723 0 0 0.1540645211935043 0 0 0 0 8.050325945019722 2.410195827484131 0.2208839058876038 0 0.78379837423563 48.37618884444237 1.953879997134209 0.08498381078243256 0 0 4.643895417451859 0 0.136957660317421 0 0 0 0 0 0 22.03641538321972 119.0218403860927 3.889738783240318 0.09800863265991211 1.000652700662613 0 0.3732457906007767 0 0 2.41866298019886 0 1.248880848288536 0 0.14400914311409 0.09154298156499863 0.1054651364684105 0 0.8017636686563492 1.34302793443203 4.466998308897018 0 0.667130745947361 0 0 0.2818535640835762 106.5680176615715 217.8475106135011 22.61144283413887 25.49679367244244 272.7971125841141 0 0.5174112245440483 4.331778764724731 1.059370040893555 2.491208583116531 1.056543916463852 11.65843068808317 1.606203600764275 3.25239522755146 19.82511685788631 0.1787391752004623 3.74932025372982 12.03531710058451 3.500717952847481 2.601984083652496 0 0 0 0 0 0 0 0 0 0 0.2720359712839127 0.397072821855545 0.1566217243671417 0.1474658995866776 0.1096708625555038 0.2631234228610992 0.801838330924511 2.084497526288033 0.5330207124352455 0.8979998826980591 0.2500452175736427 0.1454007625579834 0 0.1267624795436859 0.3779155984520912 0.7350867837667465 0.6534551009535789 0.5606755241751671 0.2570727318525314 0.1688333302736282 0 0 1.800597310066223 0 0.1162288710474968 0 0.4395930767059326 0.1938870996236801 0 0 0.4075471311807632 0.6005081683397293 0.7111437395215034 0.07745493203401566 0 0 0.5322244092822075 0.6569191887974739 0.6250677183270454 0 0 0.09635172784328461 0.1075936332345009 0 0.08126384764909744 0 0 0 0 0 0 0.2452171221375465 2.112783186137676 0.3867838755249977 0 0.2158671617507935 0.9141612499952316 1.114286661148071 0.1098270788788795 1.022670030593872 0 0.179551437497139 0.1269584596157074 0 0 0 0.1050862073898315 0.1071372032165527 0 0 0 0.2320981472730637 3.292688153684139 1.00782485306263 2.020876310765743 6.950741976499557 0 0.5854993537068367 0 147.9595803320408 0 0 0 3.995593667030334 0 0.3918324336409569 0 10.35917221009731 0 0 0 0 0 64.67033483088017 12.37220413982868
70.35195120424032 3636.036942921579 221.6171046197414 171.6378714889288 1723.99506355077 6.650857672095299 1231.060813240707 376.1356305703521 7373.831666894257 3005.024067401886 1239.408215753734 17.16902536153793 1789.235920272768 5662.618772424757 13.19629281759262 2.142116747796535 0.7180512025952339 0 0 0 0 0 0.1309592425823212 0.1448510587215424 0 0.06864494830369949 0 0 0 0 84.27336712181568 11.11769054085016 5.39920437335968 0 0 0.1273461431264877 1.257863827049732 0.5238456353545189 0.179262712597847 0 0 0 0.07770740240812302 1.097031243145466 0 0.3455009683966637 74.13665932416916 1.403158292174339 0.1456182301044464 0.2174236252903938 0.3857600167393684 0 0 0 2.965074524283409 3.059498853981495 8.679328724741936 55.60052076727152 7.485015079379082 20.8632220774889 0.09525442123413086 1.07505801320076 0 21.46435090899467 1.531372081488371 0.5766956508159637 0.6331483200192451 0.08883661776781082 0.1630340367555618 0.07263310998678207 2.916146121919155 0.1192517057061195 0.0846133753657341 41.52654198557138 61.96053504943848 60.8847528770566 33.10011533647776 8.515608631074429 4.521632261574268 5.788162276148796 1.799240827560425 2.302650481462479 5.218571946024895 0 0.3341595456004143 1.474341489374638 0.2252960503101349 0 0.8385203331708908 0 0.07334823906421661 0 0.2200705707073212 0.08091646432876587 0 5.747145526111126 0.6303280889987946 0.07935832440853119 0.1612944006919861 15.60035654902458 0.2910546138882637 0.7838239744305611 2.070444121956825 0.1954740136861801 0.7229638621211052 0.5928649455308914 0.7332562878727913 0.185915544629097 1.429138764739037 6.057967841625214 0.2652681916952133 2.15525983273983 3.772642560303211 1.692155137658119 3.462592110037804 0.08932217955589294 0 0 0 0 0 0 0 0 0 0 0 0 0 0 0 0 0 0 1.207141861319542 0.4043989852070808 0 0 0 0.7449785694479942 0.6448750123381615 1.351723328232765 0.09332100301980972 0 0 0 0 0.1040587201714516 0.1899250820279121 0.08337128162384033 0 0 0.3857145756483078 0 0 0.09567999839782715 0 0 0 0 0 0.4905797019600868 0.7274589687585831 0.4951448142528534 0.4878589361906052 0 1.555775716900826 0.09792745113372803 0 0 0.06909145414829254 0 0 0 0 0 1.106300741434097 0.1100274547934532 0.1058527901768684 0.11636833101511 0 0.9552494660019875 0.4716777354478836 1.046466879546642 0.3081376478075981 0.8945400640368462 0.294968269765377 0 0 0 0 0.09580454230308533 0 0 0 0 0 1.091324031352997 1.146441176533699 0.6178040057420731 41.25343607366085 5.053205244243145 123.5356513783336 23.18378855288029 31.8599599301815 13.81073874235153 0.9419981762766838 11.10963970422745 0.7014502808451653 0 0.5509363263845444 0 1.124474331736565 0.07254240661859512 0.19037976115942 0 0.1635027825832367 0.2387689650058746 9.496964767575264 2.700465254485607
161.8428441658616 1719.100451212376 2411.07353232801 12.300088763237 765.5616758912802 1.072243094444275 376.1356305703521 563.791069984436 551.7102892696857 209.7216542959213 765.3084611594677 70.16962646692991 170.6705708950758 1223.957995347679 57.98030684888363 33.36584065109491 5.72420708835125 0.2079151123762131 0.2108829021453857 0.2973892465233803 13.13473026454449 0.5418056398630142 12.6057086661458 3.705530628561974 9.355559565126896 2.856507122516632 7.9045450091362 1.125481367111206 0 1.142983458936214 2822.308956034482 552.3687942177057 401.1816567629576 0.894574373960495 10.41939772665501 27.01668399572372 135.297063075006 152.3852878957987 30.76799940317869 21.38924182206392 6.208273999392986 2.034204453229904 1.444323539733887 5.474017255008221 0.2624872401356697 12.08138903975487 174.3410618826747 2.703011602163315 1.274047121405602 4.687961049377918 4.342686630785465 1.523386552929878 0.6851484626531601 1.771763972938061 2.600620590150356 2.936407335102558 15.68440531939268 407.4009374827147 12.35645222663879 23.05704613775015 34.07617270946503 131.0670002624393 5.84096597880125 355.365625500679 1.926250472664833 3.320307910442352 1.247353538870811 3.880212299525738 7.353580430150032 8.725609742105007 38.16063634306192 5.957043834030628 0.1418414562940598 64.86985010653734 124.7386213541031 119.612949103117 127.9630250632763 127.5630568489432 459.3684863224626 1338.760303765535 46.14283862709999 439.5794616565108 6.412225589156151 0.2475174963474274 1.61523462086916 1.529689811170101 4.448165573179722 0.2607751041650772 1.316743962466717 0.1266127228736877 2.39836997538805 0.6873102337121964 25.96655468642712 2.950784556567669 1.822891399264336 41.99485883116722 8.049583539366722 1.494987666606903 9.785143814980984 74.0423718765378 2.230097785592079 1.882576145231724 4.505038984119892 0.4517530053853989 3.323794387280941 1.382806681096554 2.63567553460598 0.6101666390895844 2.828569374978542 14.88684316724539 1.411980971693993 3.701167404651642 7.885625429451466 3.948759876191616 9.675078108906746 0.2051203399896622 0.3370808511972427 0 0 0 0 0 0 0 0.1025320291519165 0.40361487865448 0.1243751496076584 0.9434609115123749 0 0 0.2555143237113953 0.3403990119695663 0.1710483878850937 0 3.149482525885105 1.3872956559062 0.1054797992110252 0.3836120665073395 0.711478553712368 6.293866276741028 5.36407495290041 11.84707614034414 5.28866058588028 1.98263631016016 0 0.2724561542272568 0 0.3684470802545547 1.531007938086987 0.530444011092186 0 0.08380115777254105 1.806188575923443 0 0.2606528103351593 0.1025906726717949 0.9954992011189461 0.8523753955960274 0 0.3614740073680878 0.2522923424839973 1.817175455391407 4.606034487485886 1.20521729439497 1.835310630500317 1.979322455823421 10.84756141901016 1.209042362868786 0.1968586593866348 0.306114986538887 0.4073333144187927 0.3175846263766289 0 0.1734666377305984 0 0 5.285958878695965 1.303773075342178 0.1315708011388779 0.2888296246528625 0.1985557228326797 4.954411812126637 4.198695436120033 4.239643193781376 2.017080195248127 0.8309497237205505 0.7216287553310394 0.1420850157737732 0 0.06586075574159622 0 0.08979467302560806 0 0.3438295125961304 0 0.1104966774582863 0 4.42887781560421 9.669598743319511 13.38957022130489 219.6159825921059 17.70194493979216 242.4040656685829 79.00640363991261 34.21566168218851 35.92593489587307 1.58912431448698 51.47774467617273 6.600594058632851 0.2756786644458771 5.45750804245472 0.3645724952220917 6.215480498969555 1.20558113604784 0.4704329967498779 0.1472781449556351 3.261557295918465 2.379914209246635 13.69667422771454 10.49468147009611
3.425290763378143 1325.260910898447 245.994850538671 422.3130525350571 2938.839764878154 0.8533828258514404 7373.831666894257 551.7102892696857 1097.986362561584 696.5563435256481 703.3067409843206 27.66419862210751 1179.159437127411 1435.077361315489 7.045803673565388 2.235175803303719 0.1311211436986923 0 0 0 0 0 0.1245672479271889 0 0 0 0 0 0 0 10.36371883749962 1.761821560561657 18.45403122901917 0 0.109663262963295 0 5.938404269516468 0.58548753708601 0.4671708717942238 0.1471591889858246 0 0 0.07735281437635422 0.3714461699128151 0 0.1115481331944466 25.46641240268946 0.7928591072559357 0.1317323446273804 0.1953510716557503 0 0.1973329186439514 0 0 0 0.3218445777893066 1.151572972536087 3.766805820167065 1.424864731729031 4.016748853027821 0.8070695325732231 0.4741235226392746 0 3.895117864012718 0.3159141689538956 0 0 0.1041034311056137 0.1911142915487289 0 1.913605131208897 0.2829958349466324 0 3.973777800798416 10.34549807012081 17.04375053942204 12.11796092242002 4.422587029635906 8.689097002148628 44.41738699376583 1.060736455023289 5.267401285469532 0.3129718005657196 0 0 0 0.3286948725581169 0.08440716564655304 0 0 0 0 0.2610158994793892 0.1261807829141617 0 5.755983546376228 1.482814729213715 0 0.1222542226314545 0.6643014550209045 0.3492881953716278 0.7236786708235741 0.9672460556030273 0.2274363934993744 1.56296556442976 0.2726505100727081 1.136808767914772 0.3292237743735313 2.289749436080456 5.703674368560314 0.553266167640686 2.356798484921455 6.606249280273914 2.551965661346912 4.890456087887287 0 0 0 0 0 0 0 0.1306806206703186 0 0 0 0 0 0 0 0 0 0 0 1.081538446247578 0.661029264330864 0 0 0 1.058394968509674 0.173206515610218 0.9081725925207138 0 0.1235712394118309 0 0 0 0 0 0 0 0.2629174664616585 0 0 0 0 0 0 0 0.0646192878484726 0.09124597907066345 0.6740541532635689 1.201748870313168 0 0 0 1.265433773398399 0.1058228090405464 0 0.06805869936943054 0 0 0 0 0 0 0.727721706032753 0 0 0 0 0.9410716965794563 0 0.1794842481613159 0.4639547914266586 0.371102586388588 0.1913448125123978 0 0 0 0 0.09796839207410812 0 0 0 0 0 3.206194132566452 0.9343536570668221 0.6122563406825066 39.22040865570307 3.935995176434517 43.4288674890995 14.51201820373535 6.476800180971622 8.268096134066582 0.6582591906189919 12.1906628087163 0.2711997330188751 0 1.319034069776535 0.4383914619684219 1.47543128579855 0.5918692275881767 0.1213475614786148 0 0 0 4.422261923551559 2.663329772651196
294.3063889667392 865.7219526693225 256.3180036023259 890.8474560305476 1232.336225435138 216.1306373998523 3005.024067401886 209.7216542959213 696.5563435256481 822.8665909543633 394.9447470456362 602.1283733248711 4821.798870265484 1868.595626831055 53.93234968930483 12.31028761714697 6.911880522966385 0 0.09018336981534958 0.0858142226934433 1.360665038228035 0 0.9171933531761169 0.2112224847078323 1.86569581925869 0.1149997189640999 0.6605042815208435 0.263058215379715 0 0 234.9051184803247 31.54978402704 506.9471939355135 0.3157331123948097 0.2768852263689041 1.023501075804234 145.3561073988676 16.99118369072676 10.44539011269808 2.369788184762001 0.6612168475985527 0.4677281603217125 0 2.015582658350468 0 0.2092915549874306 243.7001369521022 2.8360895216465 0.8884097710251808 0.2113767713308334 0.5160094127058983 0 0.4683964550495148 0.5615722686052322 5.851477757096291 6.399623736739159 30.41805655509233 149.2676084861159 18.24187991023064 42.90419965982437 1.080455034971237 25.40402788668871 0.466713473200798 68.28256609290838 3.437479265034199 1.317595630884171 0.912572979927063 0.8400421068072319 0.5319671332836151 0.6319515407085419 196.6951363608241 7.640350334346294 0 93.11806401610374 136.8799881488085 138.9578456878662 77.67547701299191 18.99717225879431 15.46101621538401 131.9646738693118 2.672551594674587 22.38479537516832 9.570012703537941 0.09211408346891403 1.538738630712032 2.995074778795242 0.4484560191631317 0.1141154617071152 0.4555804505944252 0.08807982504367828 0.7694301307201385 0.469376415014267 0.877065509557724 0.2506452724337578 0.2960262671113014 673.2072034180164 71.84022077172995 0.3682067394256592 21.22257781773806 403.9264836087823 32.52618409693241 81.24919957667589 137.0822708904743 18.57958190888166 113.8973152190447 23.36596068739891 188.0071074590087 35.0389791354537 158.5892185494304 564.2713235840201 26.16860741376877 206.0319459959865 432.9621143788099 164.3045887947083 230.2282595448196 0.8136803209781647 0 0.0889214351773262 0 0.3361656665802002 0.1006795167922974 0 0 0 0 0 0 0 0 0 0 0 0 0 71.35109747946262 18.35299471020699 0 0 0.7001016587018967 32.84625471383333 7.239093445241451 41.70134967565536 6.518108226358891 0.4118979722261429 0 0 0.1116949692368507 3.075500316917896 1.467309564352036 0.2157654613256454 0.1227893382310867 3.834019251167774 5.80931268632412 0.3823365792632103 0.3152874112129211 1.665106914937496 0.5942494943737984 0.3354337513446808 0.4260617792606354 0.7008523046970367 1.080972291529179 22.64209891855717 48.91518829017878 4.77106249332428 5.204712957143784 2.826338648796082 58.65077734738588 13.8847831338644 2.682917736470699 1.323679242283106 0.6684831604361534 0.2954916059970856 0.1970076039433479 0.3580766394734383 0.338521346449852 0.1198740303516388 41.11615478247404 14.52454603463411 1.96246299892664 1.497589789330959 0.2511504590511322 51.30412820726633 12.94189511239529 25.08736541122198 18.76115250587463 16.32188668847084 5.718009419739246 2.473228089511395 1.198560044169426 0.4955314882099628 0.3480286449193954 0.5929995477199554 0.1781201660633087 0.4480290673673153 0.2149130553007126 0 0.1416308730840683 126.8873069807887 32.3703605607152 30.34907975792885 544.3644490167499 32.58217373490334 442.590025164187 119.8662101179361 985.5412136539817 85.3719457089901 9.866701230406761 149.6341207697988 81.37075699865818 0.6342087388038635 32.42837023735046 3.462731771171093 237.3420665711164 7.644773505628109 0.8566143065690994 2.338562615215778 3.745258361101151 5.518085986375809 612.3690695762634 263.3704949915409
50.85641764104366 1381.406914174557 1362.526201844215 57.95813766121864 2296.007328696549 0.3923023641109467 1239.408215753734 765.3084611594677 703.3067409843206 394.9447470456362 365.7118338793516 152.2288543879986 703.0145926177502 1958.215793713927 15.18765939772129 8.985003426671028 1.178468227386475 0 0.08729098737239838 0.1241638734936714 0.2384094446897507 0 1.093461312353611 0.2628259584307671 1.051247201859951 0 0.4668491333723068 0.1779422760009766 0 0 390.7157494723797 24.20570339262486 510.1779733225703 0.4055882394313812 0.3475060313940048 1.859255835413933 86.14885238558054 19.47837261855602 5.0148930773139 3.464307226240635 0.1263179779052734 0 0 3.09966866672039 0 1.031678423285484 35.92068240791559 0.7302393987774849 0.09974680095911026 0.360976867377758 0.3126861825585365 0 0 0 0.2613435238599777 0.8401359766721725 2.761658824980259 22.61359937489033 2.323533773422241 4.504053272306919 1.998316586017609 51.34146814793348 0.2068758755922318 13.76090597361326 0.2842044904828072 0.2140172198414803 0.4547559395432472 0.4708401709794998 0.940589040517807 0.4690372198820114 28.2185071632266 1.228399679064751 0 8.877571329474449 17.27596794068813 33.07013392448425 22.52989802509546 10.56264588236809 42.67931502312422 899.240184135735 2.131745330989361 247.2902367338538 0.5428456291556358 0 0.08582407981157303 0.3750045970082283 0.4148488491773605 0 0.08753376454114914 0 0.2315578460693359 0.09249234944581985 3.151182524859905 0.2119610756635666 0.07472573965787888 21.02935355901718 2.140924774110317 0.4108508229255676 2.601884193718433 11.542963758111 0.5014541894197464 0.1095860749483109 0.5458753705024719 0.1936151683330536 1.311301082372665 0.1869732141494751 0.2540499120950699 0.3211048021912575 1.521558187901974 4.013638868927956 0.5205136239528656 1.221335560083389 2.246611185371876 0.7611380964517593 3.010198548436165 0 0 0 0 0 0 0 0.1218243017792702 0 0 0 0 0 0 0 0 0 0 0 1.096330143511295 0.5058219060301781 0 0.2980146110057831 0 1.171176888048649 0.5230637416243553 2.34968251734972 0.4354068115353584 0.1129885390400887 0 0 0 0 0.454482264816761 0 0 0.2615265771746635 0.2032697945833206 0 0 0 0.137983039021492 0.1656630635261536 0 0 0 0.1769634112715721 1.862516231834888 0 0.2225182950496674 0 3.052072755992413 0.08199992775917053 0 0.06703555583953857 0 0 0 0 0 0 0.6902167052030563 0 0 0 0 1.273658238351345 0.3767975866794586 0.8554404377937317 0.7678197771310806 0.4133749455213547 0.08279561996459961 0 0 0 0 0 0 0.1074922680854797 0 0 0 1.410803869366646 0.9168322756886482 2.271231807768345 71.63817297667265 6.420749016106129 63.61577027291059 21.49008207768202 6.455471910536289 7.29926473647356 0.877777025103569 17.20710211247206 0.7801560834050179 0 0.4257937744259834 0 0.4487280696630478 0.4884347170591354 0 0 2.722728848457336 0.5396318733692169 5.380167253315449 2.671213090419769
22.57610622048378 40.65566231310368 37.89386320114136 0.2639904320240021 8.003149829804897 67.33749359846115 17.16902536153793 70.16962646692991 27.66419862210751 602.1283733248711 152.2288543879986 56.72831174731255 772.8534971922636 470.7680520564318 11.79746042191982 12.51576574146748 2.630199380218983 0 0 0 0 0 0 0.4738481044769287 7.913700610399246 0 2.763753056526184 0.5157422423362732 0.5335902124643326 0 29.24938447028399 16.59378771483898 479.7541813477874 0 2.252918243408203 4.403622224926949 394.8995148167014 144.2758401483297 28.4968943670392 4.312454834580421 0 0 0 1.189325965940952 0 0.2427381947636604 28.10825528949499 0.2294297441840172 0.1076586171984673 0.09619693458080292 0.3341550976037979 0.8209428787231445 0.1460610330104828 0.2745661735534668 0.1988594233989716 0.7767903581261635 1.991405144333839 13.30811628699303 1.059286154806614 3.854605451226234 0.2059934586286545 93.93481861799955 0.2944909632205963 18.31600541621447 0 0.2010129690170288 0.2165433019399643 0.4196452721953392 0 0.1020443961024284 216.0280714407563 6.109138742089272 0.1163989827036858 8.081908732652664 12.61475271731615 14.62092704325914 17.32360897213221 6.358193747699261 4.408068709075451 155.4869908839464 0.2192781046032906 17.34804735332727 0.4330453053116798 0 0.1267996430397034 0.2577374950051308 0.3731316924095154 0 0.1616022437810898 0 0.08770442008972168 0 0.3361162543296814 0.09998343139886856 0 769.578466668725 69.66509428620338 0 25.1837527230382 70.96589867770672 12.13423693925142 12.0376982986927 40.23654501885176 4.949866630136967 37.35090393573046 6.838573187589645 43.04528170824051 13.18835014849901 54.80715731531382 170.1104231774807 10.79982256144285 59.19906619936228 140.7110461145639 54.06478125602007 101.8020942956209 0.4490472823381424 0.5031670331954956 0.3493737652897835 0.4201575219631195 0 0 0.06871704757213593 0.1345470398664474 0 0 0 0 0 0 0 0 0 0.1302124410867691 0 28.3072854205966 9.050609149038792 0 0.1196691766381264 0 18.8965940028429 2.645520478487015 21.64463036507368 3.225412845611572 0.3641517460346222 0 0.09679699689149857 0.5042585358023643 0.4798850417137146 0.3350656628608704 0 0 2.499314121901989 2.262263096868992 0 0.2578971013426781 1.053041465580463 0.6665571630001068 0.2742156609892845 0.4819796979427338 0.06865330040454865 0.940224539488554 8.354640707373619 17.82833041250706 2.650949887931347 0.8690789937973022 1.62026335299015 26.12545774877071 5.742861807346344 0.9237914606928825 0.6764625236392021 0.2179770022630692 0.1998616829514503 0.1990777850151062 0.4276591613888741 0.07129056006669998 0.1076217293739319 23.18312303721905 6.787417843937874 0.814054861664772 0.5235828757286072 0 25.56485372781754 1.819632992148399 7.838675051927567 8.04028782248497 6.600353352725506 2.331842444837093 1.254051864147186 0.4539525657892227 0.3393387123942375 0.09327756613492966 0.4775650724768639 0.09236648678779602 0.2074493244290352 0 0 0 61.93460809439421 18.94272352010012 17.06157335639 150.7467567697167 4.143299043178558 61.6129792034626 25.41459722816944 215.2312608063221 5.406942188739777 3.175439685583115 22.32801797240973 13.40853278338909 1.85770457983017 13.2442499473691 2.396540813148022 49.82115466892719 2.568043582141399 0.08330124616622925 0.6426662057638168 1.489186219871044 1.282821357250214 372.5582832098007 136.1402222216129
10.39834178984165 494.2926883995533 102.2339611873031 33.92259494960308 402.6153185516596 32.04782505333424 1789.235920272768 170.6705708950758 1179.159437127411 4821.798870265484 703.0145926177502 772.8534971922636 2771.569626428187 4728.567945681512 21.93746606260538 11.53650868684053 2.591245859861374 0 0 0.1380957961082458 0.1136529222130775 0 0.2459805682301521 0 0.3374862149357796 0.1255143582820892 0.3732634037733078 0 0 0.1210252195596695 31.45374274998903 10.19640455394983 1037.422080822289 0 1.010006077587605 2.02475617825985 456.328241944313 48.2843119725585 7.7668691650033 5.697031132876873 0.6567693874239922 0 0 2.464903958141804 0 0.2225253358483315 42.21539699286222 0.2200026288628578 0.2625117674469948 0.2165943384170532 0.3567065447568893 0.1490955501794815 1.905866824090481 0.1155724823474884 0.8704740554094315 0.6491934806108475 1.492170169949532 10.69508741796017 1.964371934533119 3.875156991183758 1.25609340518713 29.64950609952211 0.3463094681501389 17.50389268249273 0.1645548567175865 0.3551110923290253 0.1070181056857109 0.3010407984256744 0.1968858763575554 0.1898594126105309 142.769722186029 1.265347845852375 0.1024364903569221 5.916938669979572 17.22538297623396 21.03492640703917 22.82087290287018 5.872553959488869 9.877774320542812 270.4909106716514 1.293414123356342 16.78643349558115 0.9391423761844635 0 0.09299549460411072 0.2275182902812958 0.1680750176310539 0 0.1260043531656265 0 0.09653717279434204 0 1.491047702729702 0.1216107085347176 0 483.0336115285754 7.886660553514957 0 6.281299062073231 26.66662946343422 8.31137378513813 8.25924427062273 21.08958047628403 2.199825957417488 19.19555886089802 5.484869420528412 27.35817390680313 7.011420480906963 30.55037108063698 98.59051935374737 5.803494028747082 38.09496182203293 80.33517510443926 26.93241915106773 58.9008671566844 0 0.1789183020591736 0 0 0 0 0 0.1279972046613693 0 0 0 0 0 0.101888932287693 0 0 0.09486532211303711 0 0.2468573600053787 14.06964866816998 3.75643277913332 0 0 0 8.269664578139782 1.770478159189224 14.35995238274336 1.98848383128643 0.5723709464073181 0 0 0 0.1834106892347336 0.2073477134108543 0.6823882758617401 0 0.9583708196878433 0.8888365924358368 0.1119514033198357 0.2433547526597977 1.049117602407932 0.09469070285558701 0 0 0.1484384685754776 0.2787011116743088 5.396938726305962 12.43948673456907 1.614667974412441 1.0468754991889 0.2468935400247574 15.86376891285181 2.444962069392204 0.4338994324207306 0.2088931947946548 0.09112954884767532 0.1549851149320602 0.09458594024181366 0 0.1983210071921349 0 14.24200790375471 3.712436832487583 0.0872342437505722 0.5465616285800934 0 12.64338997006416 1.798112109303474 4.195105269551277 4.31790354847908 3.222531132400036 1.875490330159664 0.6768545731902122 0.3480610847473145 0.07650082558393478 0.2158301845192909 0.08775181323289871 0.1036150902509689 0.2751284167170525 0 0 0.105132482945919 31.07329208403826 8.988292798399925 7.739718459546566 143.3210969492793 6.635849729180336 83.84525443613529 37.13061575591564 98.1658590734005 10.94062771648169 0.8632462918758392 31.28449238091707 7.134793177247047 0.4255948960781097 8.283004730939865 0.4153904020786285 29.40898245573044 1.569562032818794 0.08376589417457581 0.7494170218706131 1.155833184719086 2.280218005180359 160.4091418534517 69.24136909097433
