477.2925966978073 2448.504791915417 995.6329690590501 1705.678880222142 51.26868398487568 183.651864759624 1041.600760683417 45.22250106930733 9.733675807714462 2970.087419711053 184.6887078881264 126.9106554463506 208.3664543032646 141.5249634459615 2.264100469648838 1.254982270300388 0.08684392273426056 0.09961816668510437 0.2171996533870697 0 0.1739512830972672 0 0.109203577041626 0 0.147296667098999 0 0 0.1317389756441116 0 0 997.839055173099 0.9675909578800201 50.57714346051216 0 0.1428208947181702 0.136505514383316 9.196922168135643 0.1183441057801247 3.522768408060074 0.458998441696167 0 0.09866322576999664 0 0.244111567735672 0.0846448615193367 0.2850193604826927 42.73849761486053 3.583610989153385 0.5986081436276436 0.5676477029919624 1.048624634742737 0.1449351161718369 0 0 15.89411044865847 8.792535722255707 311.7123150080442 566.5428596362472 83.4832004532218 31.73968601226807 0.1070088297128677 0.2910914421081543 0.1312328726053238 10.08639667928219 5.607959352433681 7.159337908029556 7.463861510157585 1.766069106757641 0.2078075706958771 0.5758091136813164 21.13447286188602 14.9773526340723 0.5184881836175919 230.7672980800271 39.07440061867237 17.53302960842848 1.730024605989456 1.34036360681057 1.334984630346298 45.18186260014772 0.2329868227243423 2.732116274535656 12.83496814221144 0.2955120131373405 8.088855259120464 7.728262878954411 1.228511713445187 0.5027350038290024 4.283435374498367 0.7935757339000702 0.9717950224876404 0.4040464013814926 0.1031742766499519 0 0.5520664006471634 208.1946566551924 33.70725817978382 2.011811167001724 49.33358776569366 1534.293386884034 0.5242732614278793 6.33111073076725 1.625443994998932 0.7952324151992798 3.140950888395309 4.573412954807281 3.5215824842453 1.455649614334106 14.79090782999992 10.57862137258053 1.106325566768646 20.73073673248291 21.98082652688026 15.99727094173431 8.589271858334541 0.384903147816658 0.4385431706905365 0 1.314588725566864 0 0 0 0 0 0 0 0 1.031358122825623 0 0 0 1.176264643669128 0 0.5747649073600769 3.71420893073082 0.4075273871421814 0.7489274144172668 1.744299560785294 0 8.540381401777267 1.557435631752014 5.119031339883804 8.038811966776848 2.476761147379875 0 0 0 0 3.033899366855621 0.4350526928901672 0 0 0 0 0 0 0.1559611558914185 0 0 0 0 0 0 0.2460509687662125 4.504187226295471 5.017806738615036 6.766909152269363 0.4348466396331787 0 0.1830252856016159 0 0 0.3961931765079498 0.1427920162677765 0 0 5.606537476181984 1.481838464736938 0 0 0 2.868311077356339 4.665231764316559 16.83407149463892 0.8160437196493149 1.574404403567314 0.2400059252977371 0.6491312086582184 0 0 0 0 0 0.1287329643964767 0.103916272521019 0 0 7.854069769382477 5.869622975587845 11.03431901335716 653.6181036680937 7.054292522370815 236.9904491454363 14.29197923839092 894.4288293346763 37.53842963278294 3.259879894554615 9.992061614990234 67.47439080476761 0 5.162329904735088 0.2214803248643875 56.74512401223183 0.5529517531394958 6.439749836921692 2.890065044164658 4.468572586774826 0.6090373396873474 320.088930554688 9.380554631352425
2448.504791915417 4877.434410199523 2837.299708686769 2046.2724538818 2440.854869626462 80.16323924064636 4120.717454887927 497.6955208033323 1134.68213096261 2763.880845203996 3867.616188131273 146.3216858878732 752.3177848607302 1437.07036793977 19.34542099386454 9.484814330935478 0.6884268894791603 0.5434958413243294 0.4306814074516296 0.5050823092460632 0.1481813788414001 0 0 0.102909728884697 0.5132655501365662 0 0.4067036807537079 0.3161743804812431 0.5234318971633911 0 1493.648283116519 31.29410487413406 141.154654443264 0.3059917390346527 0.3311525285243988 0.5495083853602409 13.29070155322552 3.348688393831253 8.61649926006794 0.5648853480815887 0.256639301776886 0.8072990477085114 0.4415433332324028 2.252488389611244 0.6566870734095573 1.601317085325718 280.7747710868716 11.3844401165843 2.495023861527443 2.734077982604504 3.181145958602428 0.273238904774189 1.898369073867798 0.1532088965177536 29.47189822047949 17.53278255462646 126.2325083836913 364.8337274715304 81.39098410308361 124.0875574499369 1.131754234433174 5.286338314414024 0.8314817398786545 43.58864010125399 13.20547126978636 17.02713223546743 15.98879308998585 5.682791277766228 2.071024358272552 1.159454636275768 14.97496043145657 3.768789350986481 0.096159428358078 354.4980801641941 189.4135490953922 205.0302190110087 39.08348195254803 36.3062019944191 15.75189209729433 158.2891672477126 0.658990815281868 44.61456428468227 25.54489083588123 0.2894122153520584 19.9325790554285 19.86148346960545 6.714727647602558 0.9741158336400986 10.50561205297709 0.2269155457615852 3.49259964376688 0.3946865797042847 2.093554027378559 0.7043239921331406 0.3449793681502342 43.29629544168711 17.01964482665062 0.1936461180448532 30.4786307066679 471.4961966574192 0 1.296464055776596 0.8803753256797791 0 1.749188557267189 4.336132064461708 0 0.736586332321167 4.168517574667931 5.152150109410286 0.5915615558624268 10.19732301682234 9.64665611833334 8.054788149893284 3.471917167305946 0.1249654814600945 0.6645089164376259 0 0.4513315260410309 0 0 0 0 0 0 0.1225486025214195 0 0 0 0 0 0.2192046344280243 0 0 0.4904016703367233 0.7670744061470032 0 0 0 4.322154842317104 2.736619114875793 4.438415117561817 4.997270852327347 2.836641855537891 0 0 0 0 0.1410903632640839 0.3030570447444916 0 0 0 0 0 0 0.688234381377697 0 0 0 0.1000988632440567 0.1378778219223022 0.8757206574082375 0.3007001280784607 2.510400786995888 1.745517626404762 3.246536567807198 0.6494537889957428 0 0.08094760030508041 0 0.1340868771076202 0 0.1089374423027039 0 0 2.977736920118332 1.569843590259552 0 0 0.1046178489923477 1.383072644472122 4.553948402404785 7.368500351905823 0.1491792649030685 0.2837223708629608 0.3993265703320503 0.6586406975984573 0.5789130330085754 0 0.1014426872134209 0.1075288876891136 0 0.2202340736985207 0 0 0 5.21438217908144 4.151536248624325 12.42709982395172 1079.498963370919 30.91942408680916 990.9017456695437 59.82252294570208 386.2094605863094 173.731019295752 5.247780166566372 100.8418315500021 21.66867370903492 1.344538077712059 5.688884444534779 0.5640616342425346 9.066935732960701 0.2549037337303162 0.6850194931030273 1.209077745676041 19.78162885457277 1.911060720682144 145.3381474167109 6.847733065485954
995.6329690590501 2837.299708686769 1154.581801280379 26.0342780649662 1014.336424350739 2.188788503408432 171.5734987705946 4659.446262978017 162.9174515753984 68.08910926431417 3967.500597305596 17.04837429523468 80.63328167796135 768.4796907454729 12.0486183911562 9.749293275177479 2.022052451968193 10.11162158846855 2.391981549561024 3.429997406899929 7.497828841209412 0.1914055645465851 0.2067983001470566 0.3514480143785477 1.562893621623516 2.2095001116395 0.1496826708316803 1.217865712940693 0.2191652059555054 0 7864.878867901862 130.7197196856141 310.1544908061624 11.49706963449717 3.98306979238987 1.272315800189972 34.65085773169994 15.49270000308752 58.99318769574165 3.407387375831604 9.864495851099491 6.789472058415413 10.66354655474424 5.553525611758232 12.01786251366138 25.90754941850901 171.3745653778315 21.7091214582324 7.686809718608856 59.61874385923147 5.511242069303989 0.2447401359677315 0.9843376502394676 0.9638272747397423 23.57805252075195 13.35105440765619 80.25389324873686 753.5371643602848 66.56086014956236 103.1694049835205 41.37046217918396 98.90046046674252 15.06449794769287 213.2230881825089 9.17194551974535 13.52138736844063 13.199093721807 5.331356309354305 53.22446522861719 59.41709892451763 28.63733534514904 14.2729739844799 0.1476810127496719 408.4244107976556 440.7482584118843 163.1502492204309 38.52026461064816 18.61987341195345 463.7819266244769 904.1757138222456 20.37953362613916 976.3535594567657 23.81383207440376 0.3422685414552689 23.32084192335606 14.84088566154242 44.95210669189692 1.086149513721466 8.173653922975063 0.4155065566301346 3.255415961146355 0.6391351819038391 38.01966780424118 2.912982009351254 5.574014142155647 17.63072334229946 59.88619281351566 0 196.4970465004444 365.4749541133642 0.106135331094265 0.7738386020064354 1.452012494206429 0.7530470490455627 3.828681856393814 2.055091604590416 0.1107137650251389 0.384065717458725 3.954155206680298 4.218831971287727 0.6660684049129486 4.842965289950371 4.204324007034302 7.455076731741428 7.515179239213467 1.19486777484417 0.5883011370897293 0 0.1205054521560669 0 0.2589265704154968 0 0 0 0 0 0.3307714760303497 0.4154608547687531 0 0 0 1.128599315881729 0.1342856138944626 0 1.573340356349945 0.5146142393350601 0 4.293865144252777 0.3679698407649994 8.616974368691444 1.560399413108826 7.498752400279045 10.00540411472321 2.277272254228592 0 0.4514475539326668 0 1.107106238603592 1.86755133420229 4.937611818313599 0 0 2.319719381630421 0 0.1817486137151718 0.4105154424905777 1.445201739668846 0.852679580450058 0 0 0 2.151013731956482 0.6623117327690125 0 11.82997088134289 7.132894717156887 12.58805128186941 0.1193637624382973 0 0 0 0.1953547075390816 0.2472170293331146 0.2349359765648842 0 0 6.325607173144817 2.048205673694611 0 0 1.301172785460949 3.170754849910736 10.21613320708275 33.18808016180992 0.4943365007638931 1.831502065062523 0.1233599036931992 0.9008187428116798 0.1971000880002975 0 0 0.1055608615279198 0 0.2237298265099525 0 0 0.7593077570199966 2.704745024442673 10.92707520723343 25.01371477544308 203.1261173188686 27.51365090161562 426.6588805988431 29.56749805063009 112.9161888509989 37.33305760473013 1.742755495011806 24.5810412466526 14.68123975396156 0.2976947873830795 2.808280639350414 1.013921439647675 12.07698586583138 0.2455082982778549 0.1223496049642563 2.298314720392227 4.525549933314323 0 80.56823155283928 8.476183772087097
1705.678880222142 2046.2724538818 26.0342780649662 477.8948298096657 21.6577505916357 481.4682791531086 640.0282149836421 2.597938731312752 7.733212247490883 2797.644950546324 16.91602789610624 101.3587385267019 119.8972622603178 21.12179243564606 1.105587884783745 0.2693102359771729 0.1515787392854691 0 0 0 0 0 0 0 0 0 0 0 0 0 58.90165989845991 1.609221339225769 7.275190941989422 0 0 0 3.246197760105133 0 6.975245580077171 0.2056128829717636 0 0 0 1.142623662948608 0 0.1051404103636742 15.65831682831049 1.305213540792465 0 0.09044820070266724 0.441377155482769 0 0.2129572033882141 0 2.526688650250435 1.069731466472149 44.83710236102343 51.84525842964649 17.9617435336113 7.959225289523602 0 0 0 1.789591744542122 1.167146392166615 1.164812192320824 1.450854294002056 0.3245137184858322 0 0.1737559884786606 18.6039872020483 8.274740949273109 0.1023346483707428 37.45801088958979 10.17471363395452 11.11828920990229 3.530971765518188 1.590313799679279 2.088249266147614 29.60790704935789 0.1525021940469742 2.845241159200668 3.607448816299438 0 0.8358191177248955 1.210346817970276 0.27967669069767 0.1123265773057938 0.8425233140587807 0 0.4850167483091354 0 0.2397200912237167 0.234065517783165 0 55.37510232627392 31.8803076595068 0 35.12730114161968 580.1941145285964 1.164250873029232 1.681423127651215 22.73308132588863 8.117144048213959 2.764075361192226 6.960663974285126 1.018452286720276 0.1783865690231323 23.20101819932461 9.836830243468285 1.628292828798294 16.43542657792568 8.861290127038956 3.633145578205585 2.352789700031281 0 0 0 0 0 0 0 0 0 0 0 0 0.2085960805416107 0 1.000715255737305 0 0.3291165381669998 0 0 1.280982151627541 0.5551088452339172 0 1.232035726308823 0 5.085705876350403 1.191596269607544 5.406734600663185 4.792955443263054 0.9416644275188446 0 0 0 0 0.985761284828186 0.7101032733917236 0 0.1024137437343597 1.370020195841789 0 0 0 0 0 0 0.2190193757414818 0 0.7503971755504608 1.382338605821133 0 2.298074126243591 1.544338703155518 2.868115812540054 1.149979203939438 0 0.1107683926820755 0 0 0 0 0 0 2.365419760346413 0.240075945854187 0 0 0 0 1.227959901094437 8.867334887385368 0.09388374537229538 0.584581695497036 0.2761302292346954 0.2806622087955475 0.2443943172693253 0 0 0 0 0.1449495255947113 0 0 0 2.015809923410416 3.460362032055855 10.00768695771694 198.6937040388584 2.321949288249016 84.0368335917592 5.921952158212662 421.5338195115328 19.99293903261423 0.8674206435680389 10.64239259064198 20.24527874588966 0.3170985579490662 5.67048854380846 1.189759850502014 15.49914848804474 0 0 1.257390081882477 2.197091296315193 0 96.63725931942463 6.329762309789658
51.26868398487568 2440.854869626462 1014.336424350739 21.6577505916357 2504.172558911145 1.719539016485214 1704.274910509586 118.2267092838883 3994.007794231176 398.0802042335272 2384.313548751175 27.39778564870358 307.2151556760073 2430.70892046392 7.967378467321396 6.058774344623089 0 0.2398321032524109 0 0.1325947195291519 0.1118776872754097 0 0 0 0.1324457973241806 0 0 0.1438748836517334 0 0.2524018213152885 60.98781874775887 13.62583687156439 40.77115574479103 0.101241871714592 0.09464515000581741 0.1317140609025955 1.786859400570393 0.2708773389458656 1.935381829738617 0 0.1479367166757584 0 0.138874888420105 0.8040670827031136 0 0.2139226421713829 70.21795470267534 1.932910524308681 0.2259180620312691 0.6122223511338234 0.4469922333955765 0 0 0 3.380860187113285 2.178049258887768 7.039642482995987 23.84133037179708 8.216386891901493 25.51587519794703 0.1129582524299622 1.642289392650127 0.2062013223767281 25.23290212452412 0.840291291475296 1.277675114572048 2.260739393532276 0.6628254354000092 0.1119703873991966 0.120325431227684 2.370003551244736 1.651736870408058 0 54.1724544391036 56.325040332973 70.23145362734795 19.00845051556826 23.51880161464214 8.087798528373241 43.87884672731161 0.6294513270258904 12.89416823536158 2.886456675827503 0.1185846254229546 3.147077254951 2.945469908416271 0.9644106477499008 0 1.52810188382864 0 0.4421451613306999 0 0.664804995059967 0.4931428357958794 0 3.181925565004349 1.902073472738266 0 11.13639564812183 11.03856452554464 0 0 1.044305667281151 0 1.180301338434219 0.4812682271003723 1.056728303432465 0.7418154925107956 2.282453283667564 0.8827944993972778 0.8367674499750137 1.954423829913139 3.128259107470512 4.423722043633461 1.790274307131767 0 0.3695377483963966 0 0.1248252093791962 0 0 0 0 0 0 0 0 0.1136458441615105 0 0 0 0.2436458915472031 0 0 0.419864147901535 0.8394664525985718 0 0 0 3.144806817173958 1.107027649879456 2.020533442497253 1.675903424620628 0.1523774862289429 0 0 0 0 0 0.1648540943861008 0 0 0.4191005825996399 0 0 0 0 0 0 0 0 0 0 0 0.1440893560647964 0.2855996489524841 2.253787264227867 0 0 0 0 0 0 0 0 0 1.655195124447346 0.6509970873594284 0 0 0 0.869829349219799 1.418374702334404 4.7509635835886 0 0 0.3469284698367119 0 0 0 0 0 0 0 0 0 0 0.4392115771770477 2.375217005610466 4.836182147264481 248.4198686257005 5.974640265107155 210.7700664028525 17.15551507472992 37.7511825338006 38.12169032543898 0.2401556000113487 30.74004398286343 8.94617985188961 0.181071013212204 0.5431160181760788 0 2.694466710090637 0 0 0.4192446023225784 5.312970593571663 1.231072306632996 19.99685980379581 0.1528830230236053
183.651864759624 80.16323924064636 2.188788503408432 481.4682791531086 1.719539016485214 11.58501675724983 56.44548661261797 1.183072701096535 9.064777314662933 872.2438929826021 22.25306835770607 247.8042332679033 173.2668227106333 29.67180198431015 0 0.2184796035289764 0.1784943044185638 0 0 0 0 0.5957850515842438 0 0 0.1443914026021957 0.3201558291912079 0 0.4926286935806274 0 0 43.64157830178738 0 21.84289708733559 0 0 0 22.26032295823097 2.027084216475487 12.74213182926178 0.3372889459133148 0 0.1839881390333176 0 0 0 0.2376089841127396 3.145514339208603 0 0 0 0.2439136505126953 6.537482962012291 2.018700554966927 0.7209251224994659 0.7685677111148834 1.6492860019207 126.6736833229661 22.87380946427584 11.24414176493883 2.135440438985825 0 4.626837968826294 0 0 0 0.9430330544710159 1.322287522256374 0.3564787060022354 0 0 123.0198692381382 267.0594194978476 11.63262365013361 12.11090805381536 3.034574024379253 1.32377427816391 0 0.103091835975647 0 10.05528445541859 0 4.179064437747002 0.2712390124797821 3.875173158943653 0.1621792912483215 3.872853271663189 0 9.557930484414101 10.29781687259674 15.26839692145586 4.012236014008522 5.656070597469807 0 0.9425432682037354 2.618902534246445 661.0839611291885 309.2531233727932 42.70066986978054 118.4453171342611 371.7706424891949 0.2438695132732391 10.01955907046795 2.092735648155212 1.00101625919342 1.711838036775589 4.562411606311798 3.274453520774841 1.193408608436584 18.62640035152435 9.768796384334564 0.2598215341567993 14.17501500248909 29.43269230425358 13.44263546168804 6.383147656917572 0 0 0 0.6556291282176971 0 0 0.3844733536243439 0 0 0 0.3941277861595154 0 0.8129843473434448 0 0.3386973738670349 0 2.006335482001305 0.2879535555839539 0 0.841931164264679 0.4241645932197571 0.2015334367752075 0 0 3.017929494380951 0.3548336327075958 2.703761339187622 4.615403972566128 1.786718480288982 0 0 0 0 2.28424383699894 1.687246769666672 0 0 0.5439136624336243 0 0 0 2.369198054075241 0 0 0 0.1853456050157547 0.2130078226327896 0.462805300951004 0.8926138058304787 2.091338515281677 1.789754092693329 4.665798872709274 0 0 0 0 0 0 0.264137327671051 0 0 5.552837297320366 3.05016565322876 0 0 0 0.2056380808353424 7.076049759984016 7.512269094586372 0 0.5811032950878143 0.8848608359694481 0 0 0 0 0.1647697389125824 0.3427611291408539 0.1314788311719894 0 0 0 4.951395511627197 2.378800421953201 4.973806820809841 159.7112041115761 0.7270285338163376 15.98201217502356 1.357976742088795 203.4763550311327 1.201318219304085 0.3817498981952667 1.524991601705551 29.07894494384527 0 0.8585672527551651 0 50.10146936774254 0 0 0.1607649475336075 0 0 104.9837799817324 18.05426444113255
1041.600760683417 4120.717454887927 171.5734987705946 640.0282149836421 1704.274910509586 56.44548661261797 1700.978005357087 59.7472684904933 1970.45028218627 3918.398156054318 841.8254674747586 514.5873575508595 4212.227528817952 3751.224631376565 16.74714167416096 11.64634593576193 0.908328540623188 0.3903886005282402 0.4669766649603844 0.1503321379423141 0.2790664881467819 0.1429772526025772 0 0 1.071406871080399 0 0.4243440926074982 0.4791487976908684 0.345578670501709 0.1575032323598862 123.9333332479 21.09074830263853 121.7485609278083 0.2191787585616112 0.3576449826359749 0.8139472454786301 28.10096617788076 1.828624367713928 11.80570048838854 0.6588417217135429 0 0.4724515154957771 0 3.583049520850182 0.8430010676383972 1.485073238611221 162.2280104458332 3.44602008908987 0.4755209535360336 1.534168623387814 2.345474854111671 0 0 0.5257126167416573 12.50464545935392 7.579323582351208 40.4884392991662 104.1397466287017 33.38660474866629 70.44502858817577 0.8272690176963806 2.453823156654835 0.9737531840801239 42.19656321406364 5.309986248612404 7.112030930817127 6.21230236440897 2.648731596767902 0.775357574224472 0.4340032413601875 35.44445689022541 10.21633030474186 0 172.1666420698166 108.0583786964417 135.0416000038385 44.05147217214108 50.44632159173489 9.002559460699558 32.29935197532177 1.637928366661072 17.58867836743593 10.46915321797132 0.5112967640161514 9.449441760778427 6.843796722590923 1.9236661195755 0 4.719510085880756 0.1072193160653114 1.329002872109413 0.6127908527851105 0.3997682556509972 0.1427956819534302 0.3973406404256821 73.89510075747967 28.58208353817463 0 68.26483704894781 83.43832374364138 6.332109153270721 6.927901297807693 91.41370289027691 64.47261215746403 5.147082939743996 23.39157176017761 5.471543163061142 2.311834923923016 93.27068059146404 29.43147045373917 4.217336148023605 41.0586182102561 38.71919210255146 44.15876321494579 14.85795989632607 0.3604998737573624 0.4462182596325874 0.1781121641397476 0.2393035739660263 0 0 0 0 0 0 0 0 0.5226796567440033 0 0 0 0.5019214898347855 0.130477637052536 0 6.226956531405449 7.477115638554096 0 0.8737847506999969 0.7129536867141724 23.72414629161358 2.393953755497932 15.46144130080938 13.8040067255497 4.956879071891308 0 0 0 0.5452309250831604 1.567837029695511 3.034541040658951 0 1.449906937777996 3.915033489465714 0.3780152499675751 0 0 1.566764920949936 0 0.5113388672471046 0.4913591742515564 0.1921754404902458 2.194655008614063 3.510941170156002 0.5775226950645447 6.36655405163765 3.889844387769699 21.63680659234524 0.8766335546970367 0.9846805855631828 0.3953759670257568 0 0 0 0 0 0 15.39238654077053 0.3842431455850601 0 0.09516771882772446 0 4.919607855379581 11.47752266377211 35.99670392274857 3.627753540873528 2.658675491809845 0.7567087113857269 1.427858889102936 0.2757649570703506 0 0 0 0.11619982868433 0.2210469841957092 0 0 0 12.01306350529194 14.74184395372868 39.16196173429489 817.9119336381555 19.71395896375179 577.0481913089752 40.13795182853937 174.5631087273359 110.3531992956996 1.538997165858746 87.09207206964493 51.22440959513187 1.260935127735138 18.22109125554562 2.313341394066811 38.930385440588 2.679352603852749 0.2895846962928772 5.380407869815826 20.89371407777071 0.8551632761955261 152.3850745558739 19.80790168046951
45.22250106930733 497.6955208033323 4659.446262978017 2.597938731312752 118.2267092838883 1.183072701096535 59.7472684904933 2678.637205809355 57.42183278501034 13.54887577146292 3480.19170383364 4.697745457291603 29.66268938034773 776.4948799088597 25.72843123972416 15.28840068727732 0.7626699134707451 3.241457164287567 0.9544800072908401 5.60491469502449 6.51264975965023 0 0.151921346783638 0.1125766634941101 1.843674272298813 1.93581610918045 0 0.143309697508812 0.2067973613739014 0 856.4623129442334 602.1265019774437 350.4129151254892 6.472088173031807 5.348309859633446 4.076329462230206 15.11625803261995 7.09175717830658 15.5300921574235 1.567485548555851 6.477499254047871 5.842429347336292 9.03028728812933 7.285407029092312 4.69328536093235 14.41785668581724 161.0953489094973 6.061636976897717 1.520721659064293 28.02076347917318 2.958935730159283 0.4052949845790863 0.09205132722854614 1.467543199658394 6.452038966119289 3.292263880372047 16.83007791638374 118.0590645000339 18.27970521897078 57.26905429363251 21.70402527600527 106.0358781814575 10.80674111843109 123.7963379994035 2.473700903356075 4.405473634600639 2.828002899885178 2.245870418846607 26.21889600902796 36.50289703160524 11.26923413574696 8.342868030071259 0 144.6737078726292 194.7166491597891 164.4545105844736 68.80448977649212 116.6560471504927 630.2551420629025 3654.461103461683 7.543077312409878 2145.443225599825 6.990033708512783 0 6.2023965716362 5.101632446050644 20.07753541320562 0.1073779761791229 3.456721745431423 0.2190333008766174 0.8038422986865044 0.5021839514374733 36.11061134189367 4.563048012554646 3.071240328252316 9.133547201752663 23.87641996145248 0 59.99635397642851 33.29414231330156 0.1320159584283829 0.4126041531562805 0.40644571185112 0.2522571980953217 2.438430905342102 0.404002457857132 0 0.8251510709524155 1.466097816824913 2.22155836224556 0 3.205923184752464 4.688492655754089 4.56649673730135 1.247690424323082 0 0.6484509035944939 0 0 0 0 0 0 0 0 0.3265745341777802 0 0.1385581493377686 0 0 0 0 0.8056293204426765 0 0.3537556529045105 1.37342931330204 0 0.8231000751256943 0.2210303694009781 5.798726156353951 0.847475990653038 3.572939679026604 3.317075103521347 1.376591451466084 0 0.2856385707855225 0 0 0.9884616881608963 0.9454985558986664 0 0 0.130052849650383 0 0 0 1.026833862066269 1.090655624866486 0 0 0 0.09182100743055344 0.2198526561260223 0 4.264981254935265 3.607937589287758 3.599634304642677 0.3690507933497429 0.09676738828420639 0 0 0.1199300438165665 0 0 0.163642629981041 0 2.392915025353432 0 0 0 0.3837785273790359 1.477450832724571 2.875732272863388 9.297331318259239 0.2779688835144043 1.421808622777462 0.2292535081505775 0 0 0 0 0.1492722481489182 0 0.09372899681329727 0 0 0 1.258495897054672 6.302292674779892 9.550198458135128 234.6600998416543 20.97695149481297 347.5866023302078 31.48570688068867 52.03710775077343 45.40934833884239 0.3534967452287674 36.90232241153717 7.231118611991405 0.473111480474472 3.434433728456497 1.167669847607613 4.923767551779747 0.4739693105220795 0 1.730752289295197 8.305385537445545 1.214038074016571 35.37447959184647 4.461292088031769
9.733675807714462 1134.68213096261 162.9174515753984 7.733212247490883 3994.007794231176 9.064777314662933 1970.45028218627 57.42183278501034 952.1841675490141 324.9522981792688 1122.644589416683 79.12589530646801 929.2277357280254 1365.446661658585 6.54920370131731 6.285640470683575 0.1223117485642433 0 0.1285738497972488 0 0 0 0 0 0.1659494191408157 0 0 0 0 0 16.50235576182604 2.850151121616364 67.0073157697916 0 0 0.6034109145402908 14.33203713595867 0.1070020794868469 5.077156335115433 0.6400570422410965 0 0 0 2.02873794734478 0 0.3374364525079727 21.5280287489295 0.3370004743337631 0.3852936327457428 0 0.4459208324551582 0 0.1028541922569275 0 0.8742169216275215 0.8610707744956017 2.25780264288187 6.356937132775784 1.127617202699184 8.052155487239361 0.1352506875991821 0.690385989844799 0 10.43619389086962 0.3348445370793343 0.4805156067013741 0.6801152527332306 0 0.08269878476858139 0.1405829936265945 19.53991407155991 2.642037898302078 0 16.51120285689831 21.3564582914114 26.53872856497765 16.14567048102617 16.44523576647043 2.423512548208237 24.41898911446333 0.7916474044322968 5.99620246887207 0.8117186576128006 0 0.6631814241409302 0.5306994989514351 0.2874656319618225 0.08938588947057724 0.4081473127007484 0.1314507722854614 0 0 0.3991525173187256 0 0.8016204908490181 22.11285842955112 12.8057909309864 0 40.80498270690441 4.224084451794624 1.895218253135681 1.84010361135006 1.253271713852882 0.550663098692894 1.849636450409889 5.094426557421684 1.468076169490814 1.5576151907444 10.91031496226788 11.87343935668468 1.520267248153687 15.03039719164371 23.80667906999588 22.32840910553932 12.83723731338978 0.2282121032476425 0.5537045672535896 0 0.2462340444326401 0.1329205632209778 0 0 0 0 0 0 0 0.1338576078414917 0 0 0 0.1327370405197144 0 0 1.46709218621254 3.619794949889183 0.2458995878696442 1.149449206888676 0 18.10915318876505 1.922719612717628 7.379592180252075 7.540168881416321 2.802311144769192 0 0 0 0 0.9708845317363739 3.097985208034515 0 0.1100282371044159 0.6076977774500847 0.1167816892266273 0 0 1.067893698811531 0 0 0 0 0.1010774299502373 0.5157845839858055 0.2027528285980225 5.720386192202568 2.664649724960327 10.93323998898268 1.442678034305573 0.260504812002182 0 0 0 0 0 0 0.1397662609815598 10.44203500449657 1.11180117726326 0 0 0 3.255958154797554 9.217576786875725 29.48625432699919 0.1558010578155518 1.013485565781593 1.269823893904686 0.5044624283909798 0.6467330381274223 0 0 0 0 0 0 0 0 5.371586054563522 10.02789314836264 17.97346041351557 169.7724967524409 2.241245456039906 63.171710960567 8.981134630739689 18.89185534417629 12.60441552847624 0 22.58975555002689 16.53504702448845 0.2643772065639496 3.729748271405697 0 10.17825131118298 1.105524957180023 2.126811802387238 0.521037369966507 6.422053575515747 0.6508780121803284 42.9366082623601 9.8696428835392
2970.087419711053 2763.880845203996 68.08910926431417 2797.644950546324 398.0802042335272 872.2438929826021 3918.398156054318 13.54887577146292 324.9522981792688 3991.051210097969 113.1288137286901 3134.568635448813 7849.983993522823 696.1824181824923 11.21699901670218 8.206772640347481 0.1309276819229126 0 0.1031585559248924 0 0 0 0 0.1771947145462036 3.640967130661011 2.06710746884346 0.6364174783229828 1.109788432717323 2.28138355910778 0 84.55853540450335 27.75584556162357 159.7799182981253 0.1314733624458313 1.070430994033813 2.804266795516014 115.8172617405653 1.752102866768837 30.81828416138887 5.894410848617554 0 0.0963132455945015 0.3813417628407478 3.335109792649746 0.5877534821629524 1.488907925784588 79.34129887074232 1.127415172755718 0.7019984275102615 0.4022612869739532 0.9849782362580299 0.1198977380990982 0.5739476978778839 0.278792142868042 7.532958939671516 3.169139355421066 63.10207359492779 75.68635595589876 23.63076381385326 27.76486248522997 1.324147939682007 3.727511510252953 0.2619167268276215 43.81714949011803 2.487400628626347 3.427576214075089 3.609791673719883 1.265473432838917 0.354816846549511 0.4408080205321312 340.0877307057381 31.23980170488358 0 83.14061285555363 57.29769010096788 65.8036430105567 39.9758223965764 88.67820347845554 5.375916197896004 34.17914921045303 2.404360994696617 7.497154206037521 5.740788973867893 0.5700806826353073 3.229960612952709 2.736999802291393 0.9239367917180061 0.1328420341014862 2.03617962449789 0.4144996553659439 0.7695524021983147 0.1355535537004471 1.26699435710907 0.6293157339096069 0 632.6971880197525 173.9731611311436 3.170941427350044 258.952195212245 506.5293902233243 9.652769275009632 34.75694824755192 53.11838515102863 55.4003229290247 16.36259177327156 83.60895859450102 19.55476534366608 9.708687297999859 91.60970461368561 101.412873134017 7.099435850977898 93.00832653045654 123.403407484293 101.8912545591593 37.14515164494514 2.144636116921902 2.152594015002251 0.1218560039997101 1.631698474287987 0 0 0.1368172913789749 0 0.1453129947185516 0.2372620552778244 1.126399874687195 0 1.947906315326691 0 0 0 2.742574915289879 0.387199729681015 0.5746816992759705 15.32068814337254 17.30157849937677 0 7.815693765878677 0 49.22304814308882 11.97376537322998 28.24775461852551 34.38679201900959 13.0756641626358 0.1585420519113541 0 0 1.721729442477226 3.978178665041924 4.72946597635746 0 2.530495412647724 4.83366671949625 0 0.3754831403493881 0 3.101936250925064 0 0.8368330672383308 1.388082221150398 0.1777357086539268 4.790077514946461 9.490358531475067 1.357453927397728 17.3605497777462 12.10304116457701 34.85341168940067 5.648761622607708 1.070536054670811 0.283766396343708 0.5486013889312744 0.1882641315460205 0 0 0.1631146371364594 0 37.71085447818041 3.201940879225731 0 0 0.2555559277534485 11.52197802066803 32.53671362996101 91.25674244761467 7.158053115010262 10.26532946527004 3.073330700397491 1.561072379350662 1.125429391860962 0.1912564933300018 0 0 0 0 0 0 0 27.8136178702116 35.05182939767838 77.6989618986845 1310.91556263715 22.19989447295666 377.2851872295141 39.48669133335352 750.1707796156406 98.72844877839088 1.746644020080566 144.4229314848781 151.2816965058446 1.257434844970703 24.12742403894663 5.682183988392353 163.2343166619539 7.046484343707561 7.524535953998566 5.095289513468742 27.96763916313648 2.72648623585701 507.3675982654095 62.54601862281561
184.6887078881264 3867.616188131273 3967.500597305596 16.91602789610624 2384.313548751175 22.25306835770607 841.8254674747586 3480.19170383364 1122.644589416683 113.1288137286901 3577.606484480202 99.90039767324924 1207.451175674796 3475.272233881056 60.77891150861979 93.77133740484715 3.252029091119766 1.52974371612072 2.633854955434799 0.6213533952832222 12.26486830413342 0 0.5369019657373428 0.3932954594492912 22.87053854763508 8.614204570651054 2.805927410721779 7.151996724307537 3.251554563641548 0.1673491597175598 935.3285784944892 38.77130889892578 1988.165358588099 8.754387192428112 30.13656946271658 32.59578315168619 453.2046467959881 76.05741537362337 127.6363116279244 22.31428443640471 18.91080762445927 6.17456129938364 2.990678362548351 24.32048965245485 3.927804119884968 12.94479391723871 154.5118589475751 5.716060608625412 2.308181881904602 7.706977181136608 4.945636570453644 0.3525627851486206 1.67688924819231 1.105754166841507 11.90013305097818 5.390405885875225 27.01537807285786 156.3244780749083 25.24669585376978 62.88634415715933 5.389549478888512 127.8755726590753 15.16916087269783 95.23239913582802 3.69283926486969 4.855264000594616 5.377399131655693 6.168901853263378 27.74785403162241 19.29927013814449 166.1604827493429 26.00322415679693 0.1162019893527031 157.1732910126448 165.5264536440372 193.8323678597808 126.5937742516398 113.4831740483642 90.65877018868923 1157.663245916367 5.01207322627306 328.0469428598881 10.66448280215263 0.1942301020026207 6.471973776817322 5.997287020087242 10.12491134554148 0.293939396739006 3.837339088320732 0.1754946038126945 2.292702652513981 0.649746760725975 47.81349276006222 13.76244615763426 5.557992041110992 153.5609355121851 77.43762798607349 0 187.6162996962667 92.59452390670776 2.10412173718214 1.460863284766674 5.759364530444145 1.070223249495029 12.0182297155261 11.68708301335573 1.433147504925728 6.509199604392052 38.98121581971645 32.42482610046864 5.567591905593872 53.30968166142702 62.69877526909113 62.34058156609535 35.43857929855585 0.7379670888185501 1.83254124969244 0 0.8052906841039658 0 0 0.1355136185884476 0 0.112413763999939 0 0.2503050416707993 0 0.1628259420394897 0 0.2036993652582169 0.2779646068811417 1.32817505300045 0.2600224167108536 0.562932625412941 9.840327143669128 5.886726036667824 0.1288909465074539 4.046766743063927 0.2442977428436279 44.77539604157209 7.820078514516354 23.72049579024315 31.35652926564217 7.979941174387932 0.1274773627519608 0.1397656947374344 0.1085813045501709 0.7606618776917458 5.102722719311714 5.220948435366154 0.1718475520610809 0.5489707216620445 1.982006654143333 0.1400339156389236 0 0 2.422666676342487 0.8770884796977043 0.1644138246774673 0.8662790134549141 0.2314875796437263 0.3634350597858429 2.808779940009117 1.185421384871006 16.84161376208067 8.557769320905209 32.42851010710001 2.509292051196098 0.3259271532297134 0 0 0.258618026971817 0.3544672727584839 0.1350315511226654 0 0 37.31515280157328 3.255887888371944 0 0.1806406378746033 1.235636584460735 7.752714022994041 28.75314125418663 76.11663883179426 1.041708268225193 2.604104444384575 1.925664149224758 1.473412409424782 0.9870575591921806 0 0 0 0 0 0.6169154793024063 0.1676252633333206 0.5141088515520096 15.58662756532431 43.64528805762529 81.28172845393419 968.3016241937876 33.62221413105726 486.5945436507463 91.9695428237319 83.75275087356567 68.97212445735931 2.083342291414738 149.4953291341662 52.75083862990141 0.8162738606333733 12.31272798776627 4.516106896102428 31.12629899382591 1.788886420428753 0.393589049577713 2.492537625133991 37.4641307964921 3.611325398087502 239.878245010972 35.6231851503253
126.9106554463506 146.3216858878732 17.04837429523468 101.3587385267019 27.39778564870358 247.8042332679033 514.5873575508595 4.697745457291603 79.12589530646801 3134.568635448813 99.90039767324924 236.4020615667105 1122.524944700301 309.3286558687687 11.05881716310978 12.09138274937868 0.5055942535400391 0.3906578496098518 0 0.475033238530159 0.4617534875869751 0 0 0 20.38315579295158 5.279489323496819 2.963433533906937 4.948726341128349 5.03722932934761 0.6113838851451874 6.992276728153229 0.5740277692675591 89.25234694778919 0.258727490901947 3.030798152089119 12.61067926883698 114.9187869131565 11.53995941579342 18.79863523691893 15.47365669906139 1.052069708704948 1.747966930270195 0.3288841992616653 2.330261759459972 0.8307114690542221 2.574176117777824 17.73806820809841 0.2527121379971504 0.1523726135492325 0.822312593460083 0.3497569411993027 0.5022525936365128 0.9014540910720825 0.9492242336273193 0.1165430620312691 0 3.418003901839256 3.112398467957973 1.069959037005901 5.003018520772457 2.616617754101753 2.667811930179596 2.152624636888504 3.854410663247108 0.4475559592247009 0.1450057327747345 0 0.4342489093542099 1.145279467105865 0.3152707517147064 260.1355078294873 5.388416647911072 0.2920902296900749 6.943223245441914 7.434203058481216 17.76055143773556 9.740031480789185 11.42100041359663 0 14.53309181332588 0.8441779613494873 6.010980904102325 0.1086729317903519 0.1167015507817268 0 0.1618881970643997 0.1314823627471924 0 0 0 0.3000014871358871 0.2005744278430939 1.8953041061759 1.950706750154495 6.318577826023102 953.1187865883112 102.3261938840151 0.900881215929985 65.93711045384407 40.84917320311069 1.716706991195679 9.089918226003647 13.02209356427193 3.059751525521278 10.78506062924862 12.52643872052431 15.18234816193581 11.51120072603226 81.306336119771 121.9870871007442 9.288244694471359 162.9836731478572 252.2896056547761 127.0658414214849 36.25192802399397 1.066881760954857 1.070318631827831 0 0.3643074929714203 0 0 0 0 0 0 0.2905780375003815 0 0 0 0 0 0.8214008212089539 0.2257607728242874 0.4136953577399254 10.88892886787653 6.493242137134075 0 2.646764799952507 0 41.82716903090477 4.048048853874207 17.23898538947105 20.93953233212233 4.857830464839935 0 0 0 0.1586500257253647 2.310186296701431 2.603057458996773 0 0.6828397288918495 1.165365144610405 0 0.1266281604766846 0 1.985159933567047 0 0.112562283873558 0.1693140268325806 0 0.9978279024362564 3.1560028642416 0.3435098454356194 4.864724680781364 4.660736784338951 24.64917185157537 2.153708949685097 0 0 0 0 0 0 0 0.1578351557254791 42.89994391053915 0.6441185176372528 0 0 0 11.78722637146711 21.7594979852438 58.24673821032047 1.533288821578026 2.569715209305286 1.336018174886703 0.5778642073273659 0.9103783220052719 0 0 0 0 0 0 0 0 34.408626049757 20.64857608824968 51.99985360354185 437.5484378784895 14.66970260441303 70.86831630021334 27.57142861187458 163.8504019677639 10.71165250986814 0 48.787393450737 95.91705386340618 0 15.59151358157396 1.876828819513321 90.54551064968109 1.350326649844646 0 4.780851602554321 10.97899776697159 1.869026780128479 601.3127752244473 47.41611351072788
