456.3544422462583 1223.902250058949 123.6996840760112 2536.761834122241 8.881979875266552 79.38303804397583 186.4392582327127 84.09681035578251 3.24051958322525 1954.048561856151 98.13203793764114 71.55306711792946 33.30335113406181 53.31804809719324 0.6507802158594131 0.4868272095918655 0.0904918909072876 0 0 0 0.1563804298639297 0 0 0 0.1239635571837425 0 0.4833641946315765 0 0 0 1895.347791455686 21.17296423017979 30.01782400161028 0 0 0.347751572728157 13.03126823157072 0.1451188325881958 2.005284272134304 0 0 0 0 1.003729939460754 0 0 63.28223776817322 10.72058694809675 0 0 0.4480034708976746 0.6304257661104202 0 0.3986619859933853 32.8881328701973 33.65209151804447 276.7746167704463 935.5183397307992 83.90648170560598 12.68338892608881 0.4156972542405128 1.436261340975761 0 30.3932056799531 10.51188636571169 4.940753147006035 3.189661510288715 2.404396630823612 0.1020432785153389 1.190601892769337 6.932552017271519 3.999688148498535 0 130.0295842513442 16.62408743053675 3.360395893454552 5.330327168107033 3.235004372894764 2.208188161253929 61.81002316623926 0.6003095209598541 2.090778544545174 33.68239318579435 1.047450587153435 3.795866832137108 29.33574891835451 1.513187684118748 0.1058734208345413 1.503902807831764 0 0.09214719384908676 0 0 0 0.3676891922950745 53.87988121807575 1.100246131420135 0 0.6199893355369568 1281.885017104447 0 3.642677009105682 5.123199880123138 1.330686584115028 2.774906754493713 16.99382473528385 5.320499241352081 5.762920752167702 11.21026609838009 10.34535294771194 1.103088021278381 7.153449758887291 15.34959875047207 6.349371880292892 6.140319645404816 0.5866824984550476 0 0 0 0 0 0 0 0 0 0 1.676874160766602 0.2526472806930542 0 0.8536643385887146 0 0 0 0 0.4773168414831161 1.913323044776917 0 0.2751370668411255 0 1.320453673601151 3.93631175160408 2.092865332961082 0.4058474153280258 0 0 0 0 0 0 0 0 0 0 0 0 0 0.3882266581058502 0 0.8603708893060684 0 0.5977558642625809 0.859017439186573 0.6596452593803406 1.16598254442215 0.09556829929351807 0.6836389899253845 4.287938490509987 0.733070433139801 0 0 0.09424503147602081 0 0 0 0 0 1.760108128190041 0.2198718935251236 0 0 0 5.617736771702766 1.164058580994606 7.26953125 0.5512295365333557 0 0 0 0 0 0.1945474818348885 0.1046743243932724 0 0 0 0 0 1.067467153072357 0.126136302947998 0 361.6259261742234 22.92947818338871 311.1040832772851 19.36862028390169 1004.217560216784 128.763559229672 2.773746699094772 5.61627721786499 32.67951290309429 0.4947679713368416 1.009106636047363 1.749960772693157 20.12197698652744 0.1171336099505424 1.208652444183826 0 1.017750054597855 0 339.9536924958229 2.96583553403616
1223.902250058949 2965.035171367228 2032.815687611699 1288.814989440143 2361.588362827897 27.79745678603649 4264.736901640892 513.080267958343 1025.41239194572 1791.803541012108 1749.948758229613 128.6410893052816 154.4466122984886 363.5813062414527 11.83584500849247 3.69009630382061 0.6626256629824638 0.1940195709466934 0.1214995533227921 0.6685889437794685 0.9381143599748611 1.77351900935173 0.1781029403209686 0.5299036949872971 3.508313804864883 1.985776856541634 1.02507983148098 2.303216189146042 1.889454945921898 0.2983418405056 2975.088908568025 284.7404003143311 106.3919717594981 0.1164486110210419 0.9177202135324478 2.392675332725048 61.49439512193203 0.7415193617343903 3.4055535197258 1.64851438999176 1.891620129346848 0.1947530508041382 1.303047098219395 3.563403628766537 0.364947646856308 1.125662349164486 220.5611498430371 13.58136086165905 1.32207116484642 0.09333749115467072 0.7284287959337234 1.715393900871277 0.7592344135046005 0.776708647608757 32.76913817226887 32.88586400449276 184.6603184044361 735.3501195237041 95.30604200810194 35.69129322469234 4.465215675532818 17.96888386458158 0.1518750488758087 177.4400003179908 13.58741643279791 4.601481072604656 4.025324948132038 4.728091813623905 1.594461426138878 3.156452476978302 48.74945343285799 6.665056765079498 0.1234636381268501 169.8074110820889 73.29205214977264 26.93530280143023 55.06587840616703 14.40082889050245 16.69153739511967 258.653011187911 2.217292949557304 35.8870796635747 46.89506139606237 0.3548511788249016 7.33056353777647 33.01790147274733 2.31063911318779 0.08315414190292358 2.424640767276287 0.8782956153154373 0.602445013821125 0.2107501924037933 1.201333433389664 0.1023779287934303 0.514211542904377 30.15428370982409 7.056424468755722 0 5.236998543143272 1069.433632336557 0.5322265028953552 3.29526649415493 9.646045908331871 0.848975270986557 3.168570533394814 67.76018397510052 5.459378406405449 31.96617603302002 29.2080944031477 8.619471430778503 3.93835261464119 19.88063968718052 52.76832640171051 29.07886213064194 15.09587740898132 0 0.8357412219047546 0 0.3509847223758698 0 0 0 0 0.2390130460262299 0.3008334636688232 0.8391526639461517 0 0.6985943019390106 0.2349883168935776 1.155126571655273 0.5240281373262405 0 0 0 2.133064925670624 3.521293416619301 0 0.8441723585128784 0 13.56216955929995 2.042166143655777 7.473619990050793 3.133354812860489 2.310723468661308 0.4898991584777832 0 0 0 0.4701976180076599 1.028785347938538 0.2948602437973022 2.402611464262009 0.3414627015590668 0 0 0.2760339975357056 0 0.4833303540945053 1.052755251526833 0.6373555660247803 0.3854604810476303 0.5476185530424118 0.8859065696597099 0 1.985216900706291 6.228376686573029 21.54518486559391 0.7719003260135651 0.276701956987381 0.2972626686096191 0.1994827389717102 0 0 0.5056117177009583 0 0.2269920259714127 18.59286566823721 0.6049644947052002 0.4559069275856018 0 0 21.11340892314911 6.96456153690815 43.57298336923122 0.3848570138216019 0.69129878282547 1.622225999832153 0 0 0.1186252608895302 0.7271503806114197 0 0 0.08997150510549545 0 0 0 12.78868620097637 2.380331233143806 0.7373830229043961 500.1972924545407 29.48169595003128 627.3099643886089 105.6705625280738 610.8855170235038 217.5458235368133 3.740518279373646 50.02956832200289 23.61041270196438 0.3980901390314102 6.146488666534424 1.960263587534428 18.07279003411531 0 2.205725945532322 0 24.4339901804924 0.4036949872970581 188.1047155484557 28.88015666604042
123.6996840760112 2032.815687611699 1669.223416574299 42.55887091904879 915.6636092290282 3.818200886249542 204.3920938372612 3665.220052368939 525.6290560886264 239.9991862252355 1787.400411918759 237.8182469457388 186.2374710291624 640.1876075416803 19.61533390730619 16.67177673429251 2.127575621008873 0.5788442641496658 0 3.13148245960474 8.39865330606699 6.675151064991951 2.153200216591358 3.28488951921463 19.86570920050144 10.82782620191574 5.025310464203358 5.807984709739685 7.79930604994297 1.880076020956039 2990.190271250904 1377.624187253416 331.400585912168 0.8338353708386421 13.7417836561799 27.21616876870394 141.4640183895826 14.51094790548086 2.955193072557449 9.997487537562847 12.36509922146797 4.236526623368263 0.6402657926082611 9.296461515128613 0 6.343387864530087 128.4518485441804 5.996705435216427 2.41761276870966 0.9232580736279488 1.114223212003708 13.3586114346981 0.204992949962616 2.034484311938286 10.43672482669353 9.085223384201527 61.79272501915693 362.6277116388083 31.40813105553389 14.31753647327423 42.98878753185272 147.0776029452682 2.362165004014969 103.9570992290974 5.353032521903515 1.567965671420097 1.297694846987724 2.644329525530338 9.187861181795597 23.45947550982237 49.57963363081217 8.986464142799377 0.410784438252449 69.37885816395283 37.55604265630245 32.23820299655199 45.27869020402431 38.35221292078495 311.2991546094418 1608.546761803329 15.41798014938831 408.0543737486005 13.8117600530386 0.3838406577706337 2.612297363579273 12.56191243976355 1.714820832014084 0.3835951313376427 2.553236722946167 3.736007288098335 0.9875305145978928 7.633880198001862 11.21655964851379 2.37398824095726 3.489112973213196 25.25238584727049 2.144544258713722 0.245485782623291 1.180368393659592 135.3155282735825 0 0.8697096109390259 6.542204707860947 2.31319223344326 0.9988842159509659 20.65622372925282 2.664509654045105 11.45913702249527 11.92099455744028 3.282100960612297 2.988903693854809 9.303570508956909 21.06226177513599 11.51232104003429 8.38483614474535 0 0 0 0 0 0 0.2518621385097504 1.197676822543144 0 0.3303771615028381 4.115007013082504 0.2957439720630646 1.649722814559937 1.01582832634449 0.2696414664387703 4.251497134566307 0.3291781693696976 2.038994088768959 0.46943249553442 0 0.2319396287202835 0 0.227458268404007 1.55914568901062 7.296511635184288 0.8413555547595024 3.688976384699345 0.4018552973866463 0.3387308269739151 2.491480529308319 0.4817905724048615 0.1545657366514206 0 0.2561834752559662 0.5563333407044411 0.2263280302286148 0 0 0 0 2.096881449222565 1.187922351062298 7.931910157203674 0.1137593761086464 0 0.2832574397325516 0 0 0 2.376513659954071 2.30012134462595 8.419126689434052 0 0 0 0.09728741645812988 0 0.4413709342479706 0 0 0 7.435235887765884 0.4193049669265747 2.187563538551331 0.228298082947731 0.9503720551729202 6.656317181885242 4.06689028441906 15.99638785421848 0.3515472859144211 0 0.3530255556106567 0 0 0.1041669026017189 0.08766049891710281 0 0 0.6681214869022369 0.3212610259652138 0.93733811378479 0.2736929729580879 7.717713132500648 0.8433303236961365 0.5485976710915565 291.6381784603 34.73238958418369 243.554038695991 89.08320097625256 144.4994835481048 76.32687874883413 1.394480966031551 34.21870227903128 4.651560381054878 0.2562447711825371 0.2338856756687164 1.130061134696007 4.769119866192341 0.9660491943359375 0.5155636817216873 0 14.60823451727629 0.9002527594566345 53.24005822092295 11.81851832568645
2536.761834122241 1288.814989440143 42.55887091904879 611.9146797582507 5.861583933234215 749.4336171448231 409.451338224113 4.064376130700111 1.388150721788406 2024.960746847093 3.019127488136292 34.41851463913918 67.95839545875788 48.25539656728506 0.4454095661640167 0.1832889765501022 0.1004862859845161 0 0 0 0.160882756114006 0 0 0.13228939473629 0 0 0 0.2676102221012115 0 0 287.7083675935864 13.47022651135921 2.044285371899605 0 0 0 0.4236267134547234 0.2366425320506096 0.5521411895751953 0.1622227877378464 0 0 0.6865071654319763 0.08544624596834183 0 0 53.65860077738762 3.940903842449188 0.2284830883145332 0.0757424384355545 0.204226940870285 0 0 0 13.87716599553823 12.66725812107325 74.31512019783258 209.349591717124 29.36916830390692 9.769254498183727 0.2212840691208839 0.6826515421271324 0.164757028222084 27.88254379481077 3.734232358634472 1.788795351982117 1.01640197634697 1.316937528550625 0 0.4565790742635727 1.653026431798935 1.964620739221573 0.1205177828669548 53.11848963052034 12.81782203912735 3.783909365534782 6.398520261049271 1.035048596560955 0.4900695979595184 0.9401848912239075 0.329387791454792 0.6396447420120239 17.8654725253582 0.8208091482520103 2.138604402542114 14.15610105544329 0.6413441672921181 0.1335408091545105 0.2904376834630966 0 0 0 0.2094068303704262 0 0.150700643658638 10.03216582536697 0.1345970332622528 0.1397703140974045 0.3087724596261978 778.0081077888608 1.719301998615265 25.37299694120884 15.28613515198231 76.72319851815701 1.673335373401642 60.64140179753304 33.06929281353951 18.99511596560478 33.93575358390808 12.49290766566992 0.8196361511945724 12.47379007935524 15.8042778968811 4.865945726633072 1.620849907398224 0 0 0 0 0 0 0 0 0 0 0 0 0 0 0 0 0 0 0 0.5577158778905869 0 0 1.0329430103302 0 2.120806246995926 0.6956538259983063 1.159413248300552 0 0 0 0 0 0 0 0.5292428135871887 0 0.1580209136009216 0.7013218998908997 0 0 0 0 0 0 0.154298335313797 0.2988484650850296 0.5524285361170769 0.2432328313589096 0.5407349169254303 0 2.459815442562103 2.891281992197037 0.5136064887046814 0 0.1128358766436577 0 0 0 0 0 0 1.290571391582489 0.3547103404998779 0 0 0 3.719803407788277 0.8873738646507263 6.072744339704514 1.358569175004959 0.1273941248655319 0 1.32938814163208 0 0 0.09602517634630203 0 0 0.1035249754786491 0 0 0 1.031182534992695 0 0 245.7601699978113 8.10203967243433 191.3576716408134 13.80474142730236 752.5158925801516 66.47618263214827 1.169156596064568 8.438111625611782 29.70624257624149 0.2702041864395142 2.042041420936584 1.477509438991547 22.84327581524849 0 0.7351310178637505 0.3410691469907761 0 0 478.9253373891115 4.365096762776375
8.881979875266552 2361.588362827897 915.6636092290282 5.861583933234215 2507.281990453601 5.334459438920021 3349.739977814257 349.1130627691746 3360.638666018844 895.4797363802791 3226.509529531002 69.42842141538858 632.6867123544216 1787.202185146511 7.346537806093693 2.93736770004034 0.334871232509613 0 0.3101094961166382 0.2329736277461052 0 0.1473397314548492 0.3387810587882996 0.319995641708374 0.1294146627187729 0.7689842879772186 0.3066043555736542 1.179938413202763 0.3872999548912048 0 69.61369994282722 42.84126822650433 47.3365858271718 0 0.3924849405884743 1.119579240679741 16.46362318098545 1.451266795396805 1.521439030766487 0.4554502665996552 0.3236528038978577 0.371820941567421 0.1298919320106506 0.5200320333242416 0.1515184938907623 0.2292258217930794 77.2074653506279 1.676895447075367 0.1011886745691299 0.09655874222517014 0 0.6710732579231262 0 0.6547059565782547 4.474447920918465 3.976597718894482 21.38312396407127 32.26084188371897 11.30291841179132 10.35649355500937 0.6649446487426758 6.384673804044724 0 36.18792057037354 1.743390411138535 1.261140793561935 0.3289186805486679 0.6097349971532822 0 0.2285806611180305 18.633993268013 6.580628380179405 0.5655808597803116 22.79795573651791 23.10808126628399 20.36434596776962 25.74574428796768 5.369324497878551 6.591421656310558 85.58205735683441 0.2867415249347687 8.390884578227997 5.008006170392036 0 1.358680747449398 3.677485086023808 0.3630598783493042 0.1307101398706436 0.2546069547533989 0.2009121477603912 0 0.1424688249826431 0 0 0 18.82176913321018 3.609016373753548 0 2.316312044858932 5.31061764806509 0.3194896280765533 2.180431947112083 7.985987171530724 1.342383533716202 1.415779389441013 41.87169377505779 2.727302595973015 27.04359556734562 18.48702117800713 8.583248317241669 6.126348704099655 14.30472086369991 51.75081457197666 25.2708515971899 19.10529723763466 0 0.4992997050285339 0 0 0 0 0 0.1806260943412781 0 0 0 0.2085196077823639 0.9575733095407486 0.6433722972869873 0.7140821218490601 0.1445334851741791 0 0 0 0.5250056609511375 0.6312438398599625 1.356481209397316 2.980820208787918 0.1306901276111603 10.85414670407772 3.737732797861099 7.176765158772469 1.9969162940979 0.2346316128969193 0.1969624161720276 0.1223848164081573 0.1599164456129074 0 0 2.661750122904778 0 0.4414286017417908 0.3224581182003021 0 0.2483771294355392 0 0.4921494424343109 0.2395794242620468 0.1318212896585464 0 0 0 0.1776478737592697 0.1314790844917297 2.271963700652122 7.492468252778053 18.44907574355602 1.248799026012421 0.3922998607158661 0 0 0 0 0.3410383462905884 0 0 13.43722166866064 0.5042925328016281 0.2812181413173676 0 0 21.23721769452095 3.494560793042183 32.77942295372486 0 1.223333120346069 1.245124101638794 0 0 0 0 0 0 0 0.1578775644302368 0 0.2024857103824615 13.0192434489727 1.589155107736588 0.7103382349014282 213.2711285948753 4.852893076837063 150.0127473250031 59.37969417124987 69.17628969997168 49.5384618267417 1.218695022165775 26.55050605535507 11.57523703575134 0 4.587485939264297 0.9011161923408508 12.97853936254978 0.08721941709518433 0.5976141542196274 0 21.2650211751461 0.7190986126661301 25.68074897676706 16.2103446573019
79.38303804397583 27.79745678603649 3.818200886249542 749.4336171448231 5.334459438920021 4.923727363348007 31.5971604436636 1.421929493546486 5.465479478240013 1327.849673271179 7.401533678174019 248.1336930096149 115.4657292291522 32.83572877943516 0 0.4793118536472321 0.1908828020095825 0 0 0 0.1534405201673508 1.497879505157471 0 0 1.335323616862297 0.323412299156189 0 0.5344374179840088 0 0 13.45328149199486 0.9565388709306717 15.73729617893696 0 0.7009349763393402 1.196234971284866 35.91419595479965 4.972137674689293 38.93457094579935 2.457386076450348 0 0.1929852217435837 0 1.51337655633688 0 0.7096585631370544 2.511912614107132 0.09983982890844345 0 0 0 1.094375908374786 2.560103386640549 0.7376920133829117 0 0.233001671731472 47.78043729066849 5.9431227222085 2.17044885456562 0 1.746270254254341 7.558566480875015 1.990425810217857 0.632466048002243 0.0981900617480278 0 0 0 0.1476753503084183 0 144.3805482983589 92.3998776897788 18.28143813461065 1.139268457889557 0.5812107771635056 0 0.2429319769144058 1.093449853360653 0.3235784918069839 2.598832860589027 1.11901181936264 4.285323806107044 0 0.3317781090736389 0 0.09294116497039795 0 2.831385917961597 0.4338144585490227 4.69349829852581 0 0 0 0 0 255.8768404722214 110.9296683073044 33.06368467211723 48.22040611505508 192.4791869223118 0 0.4425576329231262 1.009601950645447 0.2387857288122177 0 3.00106854736805 0.9412620961666107 2.483943551778793 1.324600696563721 1.106481403112411 0.3246392011642456 4.61169245839119 5.411672279238701 0.6108705103397369 0.438333585858345 0.1291733086109161 0 0 0 0 0 0 0.3106260299682617 0 0.47178915143013 1.221979208290577 0.6521692425012589 0.9075033292174339 0.7942162305116653 1.206971228122711 2.090868279337883 2.612925343215466 2.549854896962643 1.655080460011959 0.2425306737422943 0.1119703650474548 0 0.1179579347372055 0.2824431955814362 0.5989508181810379 0.121668353676796 0 0.4210378751158714 2.811331704258919 1.021048173308372 0.3878941982984543 0 0 1.651583552360535 0.1690881550312042 0 0.7425186038017273 0 0 0 1.871288724243641 2.330536417663097 2.227344773709774 0 0 0 0 0 0.1466193348169327 0.1267724484205246 0.1589308232069016 1.249515295028687 0 0 0 0 0 0 0 0 0 0.4763486683368683 0.855020135641098 1.791317313909531 0.2740892171859741 1.245710358023643 1.282224997878075 0.2650443017482758 2.005315959453583 0 0 0 0 0 0 0 0 0.1525272279977798 0.1380306035280228 0.1215099692344666 0 0.3927880451083183 0.8002320826053619 0.2821814715862274 0.7577435001730919 23.21154136955738 0.9123811721801758 4.021158464252949 1.75613110512495 131.33388222754 2.7556012570858 0 0 4.982664622366428 0 0.1281598210334778 0.4271524250507355 5.508664011955261 0 0 0 0.1417616903781891 0 87.78194738924503 5.824884980916977
186.4392582327127 4264.736901640892 204.3920938372612 409.451338224113 3349.739977814257 31.5971604436636 1697.205178074539 81.19957187771797 2423.974442228675 3905.222216941416 1223.183921776712 306.9503622874618 4942.884170092642 3977.39709571749 12.37040685862303 3.393946915864944 0.5513657554984093 0 0.1050900742411613 0.1304230839014053 0.5220167189836502 0.5260826945304871 0 0.1432026922702789 0.4475753828883171 0.6758816838264465 0.1554106920957565 1.03430587798357 0.162005603313446 0 218.2437302544713 64.39922020584345 42.6171510592103 0 0.52497698366642 1.206162869930267 33.19080635905266 1.663924515247345 4.624605491757393 0.7618305534124374 0.1819011569023132 0 0.4276476949453354 1.018487043678761 0 0.2329433262348175 144.1366423517466 4.006301544606686 0.7251040935516357 0.1417627334594727 0.2843052521348 0.5642274543642998 0.5450645238161087 0.9614700376987457 6.807449288666248 8.932201504707336 41.61694666743279 92.92095379531384 25.99026498198509 18.59667236357927 0.9829008206725121 8.986027531325817 0.124394103884697 71.07082933932543 4.031067445874214 1.62237111479044 1.029937125742435 0.879428319633007 0.3325973078608513 1.318884618580341 50.11647564172745 15.40160565078259 0.5711952745914459 53.53870978951454 40.01919521391392 34.76497609168291 41.32888761907816 8.653586767613888 4.675399214029312 98.21263980865479 0.9891841635107994 10.73337043076754 13.59405815601349 0.2781795635819435 1.684303611516953 9.82687596231699 0.6576529517769814 0.8102331310510635 0.5205203741788864 0.1400447487831116 0 0 0.3630847036838531 0 0.3378708064556122 80.76262421905994 6.64795158803463 0.4540955722332001 5.330766215920448 42.11170862615108 0.6932168304920197 8.407104149460793 23.39040181040764 6.202751353383064 8.12376606464386 125.861147120595 17.40890674293041 98.89294875413179 92.47480328381062 35.75800598412752 18.12632098793983 67.35839368402958 172.3779265731573 87.15197480469942 50.59927107393742 1.475850351154804 1.164712622761726 0.5096020996570587 0.18820521235466 0 0 0 0 0 0 0.486122190952301 0 1.753287151455879 0.2612995877861977 0.3714970350265503 0.6745222210884094 0.505659282207489 0.9008680135011673 0 3.223243832588196 3.896814428269863 0 7.759239941835403 0.3842876702547073 29.25665869563818 3.891926541924477 13.69603779911995 2.766898721456528 5.36951806396246 0.2355386465787888 0 0 0 0 2.478920444846153 0 1.87970107793808 2.669672839343548 0 0 0 0.6063140034675598 0.3407710343599319 0.1664515882730484 0 0.1367044001817703 1.790876388549805 4.445589154958725 1.028921112418175 4.742345839738846 12.77122282981873 39.13883467018604 1.437405049800873 0.2159086018800735 0 0.09206289052963257 0 0 0 0 0.1388073265552521 38.2203222066164 1.166972935199738 0 0 0 50.72584065049887 14.85282795131207 77.36125916242599 0.8105949908494949 2.096118062734604 0.8409646898508072 0.4574579894542694 0 0 0.147944450378418 0 0.1130522415041924 0 0 0 0.1662876754999161 43.75093108415604 5.432293482124805 1.688091710209846 471.2014247998595 8.872645564377308 301.6109913364053 100.1069577336311 218.2513243481517 115.2944964691997 0.1082573607563972 50.4329726845026 41.54367741942406 0.5773961246013641 15.17732399702072 2.560904569923878 45.29319074749947 1.045930683612823 0.2976820468902588 1.119024589657784 26.50110071897507 0.4994236528873444 154.3148023560643 71.26711796969175
84.09681035578251 513.080267958343 3665.220052368939 4.064376130700111 349.1130627691746 1.421929493546486 81.19957187771797 2847.447637110949 163.444691374898 33.71681885421276 3344.236286528409 136.8069543838501 97.94219537824392 777.5441620796919 16.89172660559416 13.20360414683819 1.644718863070011 0.3151785284280777 0.3952899426221848 5.631845779716969 13.01377186924219 11.35561171174049 3.03655306994915 7.245282143354416 37.40579205006361 13.04559907317162 5.815762244164944 13.08194255828857 12.27897125482559 2.633921153843403 474.6234341189265 2206.088964574039 263.094219379127 0.4403026700019836 19.09774550795555 49.19232766330242 107.1557752937078 28.00055706501007 8.131438851356506 17.37448959052563 23.66412584483624 8.030476830899715 3.95486194640398 18.18894159048796 0.2928530871868134 10.32263965159655 61.45160730183125 1.738260924816132 2.070721991360188 2.119265906512737 1.859133541584015 27.92298835515976 2.351976975798607 5.367251217365265 1.994639798998833 2.298931531608105 14.99486152082682 67.38416911661625 8.61308565735817 5.125056676566601 107.8615562468767 226.5155245810747 4.644577704370022 39.88405184447765 0.8153309971094131 0.5145321786403656 1.013724312186241 1.321662239730358 7.323501236736774 36.20039007812738 31.34906010329723 4.361413225531578 1.201487854123116 17.86322774738073 14.88705575466156 24.21764031052589 32.64869411289692 214.1500364467502 1373.752090454102 1835.944723665714 87.13130254298449 867.666899099946 3.937856562435627 0.2063569650053978 0.8561958745121956 2.779940448701382 2.034518651664257 1.547726795077324 3.446837455034256 8.784443855285645 2.132638543844223 8.665540955960751 11.1679762005806 2.549647442996502 8.714488744735718 7.325117558240891 2.235525906085968 0.4245860278606415 1.064726963639259 58.53880075365305 0 0 0 0 0 7.434977203607559 0.1782618016004562 2.799294874072075 2.090210258960724 1.370163157582283 2.852138057351112 3.102191224694252 4.177014634013176 2.036647394299507 4.041892200708389 0 0 0 0.3213054835796356 0 0 0 1.183043792843819 0 1.502147257328033 7.009357638657093 0.1308983564376831 0.3518579229712486 0.6292169541120529 1.076671622693539 4.381325349211693 0.646795853972435 1.20601611584425 1.836008682847023 0 0 0 1.613915793597698 0.4991494864225388 2.230499014258385 0.349545493721962 0.9264805316925049 1.286866344511509 1.835215352475643 3.165180698037148 0.9046635627746582 0.2763521075248718 0 0 0.2671439349651337 0 0 0 0 0 2.315210923552513 0.7100304290652275 7.43896571546793 0 0 0 0 0.2331156581640244 0 0 1.482614398002625 1.597661823034286 0 0 0 0 0 0 0.2534600049257278 0 0.6108580976724625 2.203872367739677 1.139749899506569 1.906284555792809 0 1.630351677536964 0.3409276008605957 0.5568579435348511 5.710785076022148 0 0.1118933036923409 0.4348298013210297 0.625601589679718 0 0 0 0.3072474002838135 0 0.3145246803760529 1.21913355588913 0 0.4425590187311172 2.799087092280388 0.5051667392253876 0.1331262141466141 96.50897564738989 41.27633290737867 93.3031255081296 47.1809247136116 28.38266428560019 23.60007938742638 0.4450442939996719 9.699824124574661 2.33611835539341 0.6534163355827332 0.7501460015773773 0.09966368228197098 3.176915645599365 0 0.1168084293603897 0.13085076212883 13.024258852005 0 10.61932172626257 4.142728269100189
3.24051958322525 1025.41239194572 525.6290560886264 1.388150721788406 3360.638666018844 5.465479478240013 2423.974442228675 163.444691374898 697.9120524227619 392.5892150402069 1550.306485265493 69.39261302351952 829.9974388927221 2453.998884096742 6.61270821839571 2.447001695632935 0.476073145866394 0 0 0 0 0 0 0 0.1911402195692062 0 0 0.6033410131931305 0 0 5.734800703823566 3.873598143458366 41.8463681936264 0 0 0.1465846598148346 5.303284719586372 0.2037239670753479 1.29917012155056 0.1755677908658981 0 0 0 0.5651796609163284 0 0.1113226115703583 23.76248487830162 0.284009575843811 0 0 0.08435569703578949 0 0 0 0.2929226905107498 0.6569449901580811 2.308537617325783 3.530108265578747 2.486724801361561 1.783348813652992 1.130561545491219 0.5312196165323257 0 5.789479576051235 0.09137838333845139 0 0.09397421777248383 0.1874416992068291 0 0 8.600204586982727 2.205416232347488 0 3.544118203222752 4.340072177350521 8.612088546156883 5.955363519489765 1.187878102064133 1.673298381268978 61.21461299061775 0 1.885554865002632 0.4588200449943542 0 0.2011150866746902 0.3540140688419342 0.1863716170191765 0 0.09794466942548752 0.2588480114936829 0.09310077130794525 0 0 0 0 19.34080173075199 1.575146079063416 0 0.8382384032011032 2.106525182723999 0 2.599183529615402 6.182105019688606 0.484618291258812 1.527317181229591 24.08150979876518 4.21454069763422 17.14720030128956 15.40237930417061 5.746125966310501 3.060625955462456 10.58815535902977 38.87623196840286 17.24496414512396 9.790784761309624 0.1109151989221573 0 0 0 0 0 0 0 0 0 0 0 1.016453266143799 0.1692725419998169 0 0 0 0.1642689108848572 0 0 0.1646208614110947 0 0 0 4.470073185861111 0 4.083192139863968 0.2498865872621536 0.1563685387372971 0 0 0 0 0 0.824680507183075 0 0 1.099692791700363 0 0 0 0 0 0 0 0 0 0.2568930685520172 0 0.6744061410427094 3.728375479578972 5.582717224955559 0 0 0 0 0 0 0 0 0 7.230907753109932 0 0 0 0 7.735393166542053 2.065815031528473 11.94505934417248 0 0.1745136678218842 0 0 0 0 0 0 0 0 0 0 0 12.08960418403149 0.5912703722715378 0.6786070764064789 119.7790529802442 1.209693573415279 32.82712233811617 18.0855228677392 14.52857161313295 11.19431827962399 0.1138311624526978 12.46464301645756 8.299124106764793 0 1.297716915607452 0.7713495343923569 11.72929714620113 0 0 0 9.73114350438118 0 33.04434914886951 17.43826133012772
1954.048561856151 1791.803541012108 239.9991862252355 2024.960746847093 895.4797363802791 1327.849673271179 3905.222216941416 33.71681885421276 392.5892150402069 2897.164116762578 292.7765896767378 3100.032766401768 9996.075291067362 1441.546156868339 10.16695117205381 1.766712538897991 0.788226529955864 0 0 0.1125063076615334 0 0.1791515797376633 0 0 0.9903162121772766 0.4646036922931671 0 0.2995331883430481 0.3102372586727142 0 165.2698864862323 21.61420798301697 21.24587373435497 0 0 0 84.35005834698677 1.033011555671692 11.01986264437437 0.8955053091049194 0.267775259912014 0 0.2276732996106148 1.545625656843185 0 0.08513519912958145 89.24794089794159 3.693967923521996 0.8460438773036003 0.07448823004961014 0.1011888310313225 0.5601397752761841 1.493744924664497 0 6.80866838991642 8.682441093027592 69.74358569830656 115.0156099870801 24.50105983018875 10.61643663793802 1.106858029961586 3.718998000025749 0 36.94902358949184 2.998109214007854 0.9717047140002251 0.7517582774162292 1.609537445008755 0.1215545758605003 0.4455206319689751 114.5693430453539 30.81992617249489 1.418136164546013 45.10178058594465 22.44391467422247 20.15496876090765 16.87108751386404 4.670121297240257 1.784846723079681 14.77630839496851 0.6509760618209839 4.909891180694103 10.3401697203517 0.2425894364714622 1.973391480743885 7.319768853485584 0.9245331138372421 0 0.6239163652062416 0.8169659301638603 0.1015122309327126 0.2135602980852127 0.5259907618165016 0.4021963775157928 0.6798191666603088 372.7127242088318 16.69957096874714 2.208346322178841 8.451058678328991 1286.73116722703 3.61804935336113 65.66489375382662 91.49935165047646 21.22810506820679 25.98286794871092 475.0627453774214 85.44026339799166 286.6458798572421 305.9706525281072 192.9556377008557 43.58732831478119 173.1517453566194 590.7336881384254 234.0157675892115 135.1075439453125 1.470157071948051 0.1190542206168175 0.2050942480564117 0 0 0 0 0 0.3122542798519135 0 0 0.3644689321517944 7.562289960682392 0.2220711261034012 1.437591649591923 0 0.4125801026821136 0 0.236524760723114 6.517473764717579 14.59195384383202 0 12.54304203391075 0 58.47759804874659 15.85007487982512 35.10330989956856 6.973755180835724 10.12071518599987 0 0.4746160209178925 0.1030861660838127 0 2.601873368024826 4.034696415066719 0 3.832150369882584 3.111883580684662 0 0 0.1406181007623672 0.7800593972206116 1.360332265496254 0.4501837268471718 1.269015669822693 0.5822736099362373 3.788122862577438 4.24972090870142 9.826201200485229 7.087623044848442 34.81005497276783 72.96707248687744 1.979660868644714 0.6976003497838974 0 0 0 0.9463623911142349 0 0 0 78.16391780227423 4.780828446149826 0.6096432507038116 0.1433826684951782 0.705291710793972 143.4222367852926 35.90575045347214 205.1498527377844 4.69095753878355 9.2150918841362 3.864688597619534 3.752536743879318 0 0.1783657819032669 0.08813246339559555 0 0 0.1211389377713203 0.1450114697217941 0 0 109.1702493131161 13.72940977662802 6.82149612903595 1097.897157542408 10.43540376424789 227.0165898874402 62.43989088386297 1466.493363209069 94.54500813782215 0.86890609562397 45.17377965152264 351.6590302437544 0.9974530935287476 20.72607816755772 4.894525200128555 364.9156980216503 1.191930443048477 0.9387602284550667 2.178944498300552 32.82752668857574 0 1592.450915433466 198.1960064992309
98.13203793764114 1749.948758229613 1787.400411918759 3.019127488136292 3226.509529531002 7.401533678174019 1223.183921776712 3344.236286528409 1550.306485265493 292.7765896767378 3033.90043951571 258.3502401262522 1376.785387217999 3379.342927135527 56.34241106361151 26.28939450532198 2.37437242269516 0.1124659404158592 0 0.1787862926721573 1.631304234266281 9.60051816701889 1.949869692325592 2.224748536944389 12.25355956703424 8.02865082025528 0.8677553683519363 9.446324363350868 10.33862371742725 0.4666308462619781 73.82454469054937 123.6858136728406 1761.202871322632 0.1167870387434959 5.275477811694145 15.19154510647058 437.6123144179583 9.578430660068989 9.256622523069382 12.07066907733679 6.982395529747009 0.7901315093040466 0.4466786980628967 6.70836316049099 0.254628449678421 0.7204049229621887 184.5072179958224 2.109234757721424 1.538437224924564 0.3691253364086151 0.5019124001264572 17.97415666282177 2.957872733473778 3.90452116727829 4.021370179951191 1.51500741392374 18.78263617306948 34.47202008217573 9.50552736967802 17.09392457455397 8.009390912950039 57.21752324700356 0.9252285808324814 32.2195823341608 1.01427248865366 0.2826860547065735 0.09583120793104172 0.8551757857203484 2.761311449110508 4.134436696767807 112.7744121402502 4.627474993467331 0.5949863195419312 30.4613178819418 37.58073653280735 90.63321171700954 79.94543895125389 29.51834595948458 117.4070778861642 1653.893294468522 0.8370400592684746 42.79609546065331 5.594285495579243 0 1.098110698163509 2.183574914932251 0.9480118900537491 2.268007069826126 1.26434414088726 2.027247324585915 1.596969410777092 3.50817197561264 1.722868531942368 1.334378533065319 1.898070871829987 26.47566489875317 2.418815769255161 1.503437280654907 4.389738261699677 43.82627959549427 0.4446777105331421 2.812109068036079 8.150336727499962 1.393815144896507 2.208813413977623 32.79170423746109 2.142266720533371 23.52783228456974 20.03850243985653 7.744023203849792 3.284564420580864 11.301488019526 53.5020834878087 25.87041356414557 20.43862666189671 1.168651133775711 0 0 0 0 0 0.4680319726467133 2.578380614519119 0 0 2.371141523122787 0 0 0.3680520355701447 0.9302458018064499 3.632297977805138 0.2633188217878342 1.442499116063118 0.3008925318717957 0.6745178699493408 0.7122658640146255 0 2.294333547353745 0.2066529542207718 9.932640351355076 2.626830294728279 7.318581648170948 1.534066259860992 0.412091076374054 1.075250923633575 0.156928613781929 0 0 0.4459522366523743 0.8531305938959122 0 0 0 0 0 0 1.482327163219452 3.05612801015377 0.182170033454895 0.3513471186161041 0 0 0 0 0 4.082756161689758 8.804848194122314 0 0 0 0 0 0.3913823068141937 0 0 0 17.27752557396889 0.6624898761510849 0.3026248812675476 0.2337957620620728 0.3057740181684494 12.13547921180725 4.256354235112667 27.8773866891861 0.3570405542850494 0.3162332773208618 0 0.1613708436489105 0 0 0 0 0 0.3249609172344208 0.3748549520969391 0 0 18.28455303609371 2.328506410121918 0.5952418297529221 612.2535637095571 15.45761148631573 239.5755960792303 157.615790091455 77.47834590822458 93.51622534543276 0.1136921942234039 71.53009438514709 7.150922685861588 0.3504830300807953 2.33967450261116 0.8987211436033249 12.6029567271471 0.4209601283073425 0 1.313811898231506 65.02515031397343 0.3548229038715363 28.33795771002769 25.21213893592358
71.55306711792946 128.6410893052816 237.8182469457388 34.41851463913918 69.42842141538858 248.1336930096149 306.9503622874618 136.8069543838501 69.39261302351952 3100.032766401768 258.3502401262522 146.5914424061775 1416.835455402732 413.3657947927713 9.798787362873554 10.92326060682535 2.033487409353256 0 0 0 0.3896121680736542 15.58254382014275 1.365368872880936 0.9712975770235062 24.38358141481876 7.61650775372982 2.529567927122116 16.59145066142082 23.0813115388155 2.28233240544796 14.68155542016029 0.6528846472501755 221.041021168232 0 4.992110781371593 5.965124785900116 591.7022945955396 22.49025472998619 86.35169173032045 21.61945657432079 0.1805993020534515 1.773090451955795 0.1327646672725677 1.386108346283436 0.1774718165397644 1.227167189121246 12.93216571956873 0.1017641350626945 0 0 0 26.09857583045959 38.5737741291523 9.489380165934563 0.4268847703933716 0.3492474034428596 7.938167601823807 7.390397720038891 1.220307923853397 1.648391544818878 2.777257278561592 31.2273423820734 3.548137485980988 1.644638679921627 0.1956975609064102 0.0921826958656311 0.1479017585515976 0.2304078191518784 0.1828655302524567 0.6021706163883209 499.9223687499762 139.8222611248493 9.006462387740612 2.246551208198071 1.46733546257019 4.153489664196968 4.757523253560066 6.580133832991123 1.895111858844757 125.4056517407298 1.070328682661057 8.893481954932213 0.4449895173311234 0.1659959107637405 0.09577681869268417 0.1332056671380997 0.1459901928901672 1.665903858840466 0.7961513549089432 4.71772363036871 0.3655642420053482 3.121483772993088 0 0 3.120111137628555 1415.894908212125 121.1376637071371 57.67734336853027 101.7846956029534 147.58863940835 1.290529772639275 17.56561143696308 24.51864217221737 5.436413161456585 7.474019408226013 107.6752616018057 29.64612232893705 84.45791390538216 97.70656239241362 68.44934687018394 13.03764955699444 56.83305262774229 220.760754160583 93.25665860623121 42.90321660786867 0.9682376980781555 1.127266839146614 0.1289972811937332 0.2136939615011215 0 0 0.325016051530838 0.3494229763746262 0.183319017291069 0.229756698012352 1.196097388863564 0.1649556159973145 9.197242945432663 0.8239722400903702 5.465461134910583 1.027585700154305 5.483071587979794 3.535592868924141 5.774751581251621 2.230369478464127 3.806986182928085 0 5.273121207952499 2.792380511760712 21.88115619122982 5.908157080411911 17.64733279496431 6.4195746332407 13.83332819491625 1.598646529018879 0.2504230439662933 0.4595079720020294 0.1761298179626465 1.144526153802872 2.387054771184921 0.7521423697471619 0.8738647699356079 1.247756980359554 0.1401772499084473 0.1100202277302742 1.183092281222343 8.359350338578224 2.434667304158211 0 0.1828348934650421 0.3196043521165848 0.4793963730335236 0.690769799053669 2.441833056509495 0.797997921705246 6.958651408553123 30.48450345546007 1.099128007888794 0 0 0.1726048737764359 0 0.1179023608565331 0 0.1213383227586746 0.2777518332004547 33.2519963234663 12.27188205718994 2.987488895654678 0.3002583682537079 2.343237400054932 25.9534488171339 9.615274012088776 42.76655350625515 0.6178354024887085 1.785031989216805 0.7560708969831467 0.1332991868257523 0.3587112575769424 0 0 0 0.1920996606349945 0.1520994007587433 0.5767270922660828 0 0 58.08221963047981 4.724071256816387 4.626861430704594 363.5985976830125 5.463287971913815 25.49042128771544 24.13854766637087 168.147229604423 4.474404387176037 0 15.10407710075378 54.07354043424129 0 8.727046191692352 1.373826548457146 93.31600848585367 0.3772431388497353 0 1.431243643164635 14.58062715828419 0 828.1607719585299 160.2283263206482
