692.6320129334927 1515.560962572694 404.3112954795361 2152.07626953721 5.790856704115868 109.2872689962387 278.4751810356975 31.82256934046745 5.790974244475365 2470.087125092745 92.60478313267231 45.18175354599953 36.66239615529776 30.20947313308716 3.930409342050552 0.8208490088582039 0.1255184859037399 0 0 0.5278501436114311 0.1186885014176369 0.1104118600487709 0.293738067150116 0.08334031701087952 0 0 0 0.490321159362793 0 0.2834716886281967 1529.270199581981 2.956735834479332 10.02728329598904 0.2345422953367233 0 0.3779632523655891 4.2203319221735 0.08989062905311584 1.390891455113888 0 0.5408713147044182 0.3520040512084961 0.09647508710622787 0.9562533274292946 0.1547159403562546 0.2773740738630295 185.1438532471657 8.970029093325138 0.2000426203012466 0.2216648533940315 0.8695805221796036 0.1842854171991348 0.1131407916545868 0 10.86731207370758 7.012119926512241 157.2777813822031 1025.018611297011 40.67788504809141 69.0799942985177 1.066548518836498 2.812169581651688 0.426414929330349 11.68872433900833 10.7292768061161 5.203785106539726 3.875426553189754 2.728232823312283 0.5569883659482002 0.4865574762225151 11.26668506860733 8.325524285435677 0.1835373938083649 179.653851903975 44.46839798986912 23.42839708924294 4.109888680279255 1.556449472904205 0.9078803807497025 32.1462674960494 0.6719712316989899 4.976857088506222 21.9292209148407 0.2290651947259903 6.083351418375969 15.08698016405106 1.265306256711483 0.1096425577998161 0.5417289435863495 0.1907092407345772 0.4274952784180641 0 0.3546376004815102 0.2672145217657089 0.2962379455566406 54.45562515407801 2.187119320034981 0.3579213321208954 0.5388014316558838 1414.625705562532 0.1836762875318527 8.230959191918373 8.221897274255753 2.33803778886795 0.6242528557777405 17.50234331935644 8.391112476587296 18.89481866359711 18.73113872110844 20.34071077406406 5.444210484623909 15.07091232389212 10.18202981352806 9.075587905943394 11.2158102914691 0 0 0 0 0 0 0 0 0 0 0 0 0 0 0 0 0 0 0 0.5061612129211426 0.3636661022901535 0 0.8941626995801926 0.9106764793395996 6.269822992384434 1.987752437591553 3.015927940607071 0.4398094862699509 1.12086021900177 0.1533461362123489 0 0 0 0 1.073493599891663 0 1.025745153427124 1.017677426338196 0 0 0 0 0 0 0 0 0 0.09731300920248032 0.1758484691381454 0 0.6393144130706787 3.605795741081238 0 0 0 0 0 0 0 0 0 5.315695211291313 0.4911741465330124 0 0 0 16.90304404497147 7.752222865819931 7.799517959356308 0 0 0.1818847209215164 0 0 0 0 0 0 0.09799177944660187 0 0 0 4.935790956020355 0 0.7943884432315826 279.8611804544926 22.01329542696476 380.8107051551342 48.87060547620058 1152.369638487697 45.80596394091845 4.092731267213821 6.00323810428381 27.45424997806549 0.3102195411920547 0.5376787483692169 0.9044617116451263 39.21591222286224 0.2840409278869629 0.1085518226027489 2.499193668365479 0.1997075974941254 0 265.4334374889731 5.5772844851017
1515.560962572694 2223.713700674474 2444.826780721545 993.8103559985757 1980.825477361679 31.96353902667761 3302.666139565408 397.9791284203529 1009.458739459515 2235.569639243186 2530.751187421381 159.048091262579 255.4949403554201 519.9649493694305 46.64686064422131 9.729920752346516 0.1921753212809563 0.09313477575778961 0 1.27079813927412 2.815793544054031 0.2778123617172241 1.787251360714436 1.611255779862404 1.034830212593079 0.4360884130001068 0.7534373104572296 1.456948041915894 0.554436132311821 0.3805886059999466 2710.512690678239 58.85795520991087 115.3021075353026 0.1081269159913063 1.540661811828613 2.719143487513065 37.56617277115583 4.077369883656502 3.674917101860046 0.424367792904377 4.989502258598804 0.9253500699996948 0.568101279437542 4.236692637205124 0.08957338333129883 1.853994868695736 333.9196355938911 7.684913232922554 0.4793038442730904 0.3994262516498566 0.8457186296582222 0.1508436053991318 0.2146477550268173 1.022713579237461 8.515124388039112 8.65981961786747 110.6894065886736 559.9129556044936 46.59048224240541 92.33092165738344 6.877870492637157 20.10351188480854 0.665960505604744 91.26332715898752 8.755994081497192 5.01443000882864 3.448258988559246 2.05509839951992 0.9905597865581512 2.726190745830536 39.55222833156586 23.37256509065628 0 197.2549742534757 159.1543181017041 115.9433625340462 37.88050674647093 12.52662066370249 9.46800771355629 272.3281171619892 2.297228999435902 36.93261857330799 20.38879104703665 0.3394434750080109 5.962353259325027 11.09426213055849 1.345802001655102 0.09880265593528748 0.506925605237484 0.1439301371574402 1.158803917467594 0.2978251799941063 2.139915280044079 2.60898482054472 2.345698818564415 50.53451749682426 6.162541285157204 0 2.471456259489059 862.9925565347075 0 7.982102319598198 17.91186206042767 5.921208381652832 5.392818830907345 74.60875795781612 12.26336339116096 41.79840255528688 46.72033046931028 49.51192152500153 14.10000182688236 33.61360140889883 49.56385580450296 31.53277263790369 38.24199149012566 0 1.665771871805191 0 0 0 0 0 0.2833346128463745 0.4611944258213043 0 0 0 0 0 0 0 0.1891359984874725 0 0 2.797507107257843 3.751393899321556 0 0.7897283136844635 0 18.60838806629181 2.920950800180435 15.85458855330944 1.825919836759567 0 0.4620171785354614 0 0 0.1356370002031326 0.2662626504898071 1.496880859136581 1.265123546123505 0 0.2734077274799347 0 0 0.2780666053295135 0 0.5304175615310669 0 0 0 0 0 2.215141773223877 1.662804216146469 10.52858819067478 20.94502111524343 0.6591388583183289 0 0 0 0 0 0 0.2557807564735413 0 25.43585450947285 0.4959215819835663 0 0 0 44.22845482826233 14.10714642703533 42.30836001038551 0.6935535073280334 1.028774619102478 0.4763013124465942 0 0 0 0.1073059737682343 0 0.1105626374483109 0.2926405817270279 0.2578217089176178 0 0 15.37242902815342 4.403877794742584 1.195950612425804 561.8625680208206 23.60053019225597 601.2637516632676 116.5837636962533 533.3440013304353 110.4432974010706 8.229331873357296 34.2622537612915 37.60829982161522 0.115478627383709 8.38458675891161 3.129818119108677 41.55449436604977 1.570697546005249 0.1449477672576904 0.4161186218261719 4.331484749913216 0.7100446820259094 82.86479280889034 28.73693408071995
404.3112954795361 2444.826780721545 1417.589035779238 88.4078616797924 1196.067656837404 6.403094097971916 243.0808810517192 3275.962043121457 515.3551676645875 382.3519726470113 2917.668876804411 215.0132658407092 268.5354190394282 920.5552976280451 33.01457796990871 26.83122386038303 0.5738272070884705 1.365408353507519 0.1160936504602432 8.827914737164974 29.02674620598555 0.1338805854320526 25.22961772978306 19.74478080868721 11.16930690407753 5.740030005574226 8.611127451062202 5.917709946632385 2.449726678431034 4.0362379103899 3436.215491913259 907.885913528502 262.3828039690852 2.027715124189854 15.19807719439268 30.34974546730518 77.37270982563496 13.61805319041014 9.033228904008865 4.338003426790237 41.0629361346364 13.5270676985383 3.266497023403645 15.17799235880375 1.029135189950466 15.00600960105658 206.6100093871355 4.531740419566631 1.65197067707777 1.607652083039284 2.373352967202663 1.251691728830338 0.4808246791362762 4.16654709726572 5.292995780706406 3.735094353556633 59.88096167892218 357.247044570744 25.72229834645987 53.86588393896818 68.967110209167 64.3483844473958 14.72116934508085 84.37287817150354 4.832785256206989 2.998716235160828 2.036911681294441 2.680557504296303 3.771168604493141 41.91806756705046 69.73045928776264 18.40058470517397 0 120.7414383143187 104.763416133821 76.19267722964287 33.71627952903509 32.54622115939856 125.1333754807711 1416.157273955643 29.67310101538897 289.422365963459 9.216272681951523 0.1129218861460686 2.368451312184334 7.619339391589165 2.453541226685047 0 0.1988995596766472 0.3761650621891022 5.348278045654297 4.816745691001415 25.22043643891811 19.07774998247623 19.88376949727535 24.19051263481379 14.69143144786358 0 5.117794163525105 223.1099259629846 0.5849100947380066 4.870935618877411 8.122471481561661 1.581971079111099 3.94730769097805 11.43995501101017 2.424822472035885 12.05370968580246 19.16047842800617 13.6003782004118 5.731782093644142 14.55412338674068 19.75465377420187 13.98047163337469 13.41291496902704 0 0.3368818536400795 0 0 0 0 0.2638329863548279 0.2578468918800354 0 1.1455939412117 2.196655914187431 0 0.5465381368994713 0.6418485641479492 0.3418305516242981 0.8050084412097931 0 0.9104985147714615 0 1.419930353760719 1.272376134991646 0 0.8666458651423454 0 7.867607697844505 3.06241500377655 9.469006083905697 1.557525128126144 0.4610665366053581 0.3978020846843719 0 0 0 0.118238776922226 0.7995400577783585 0 0 0 0 0.1176004186272621 0.1490738242864609 0.4544664099812508 2.073811165988445 0 0 0.1042141988873482 0 0 0 2.949608445167542 2.893105745315552 13.17444989830256 0.4051045477390289 0 0 0 0 0 0 0.5467887744307518 0.244416169822216 12.55167882144451 0.5120486617088318 0.2892436981201172 0.5891399681568146 0.6493969112634659 19.2792651951313 9.821294575929642 19.98453790694475 0 0 0 0 0 0.169736310839653 0 0 0 0 0.121114008128643 0.6130695641040802 0 6.338468909263611 2.92817297577858 1.888327457010746 275.809520766139 26.28912344574928 319.0848328769207 77.34139327704906 166.4489312022924 55.04623839259148 1.478389419615269 19.34851279109716 12.62518128752708 0.09276709705591202 2.323899544775486 0.2418355718255043 17.15553348511457 0.7143628001213074 0 0 2.9303178191185 0 31.0032684803009 10.5260316580534
2152.07626953721 993.8103559985757 88.4078616797924 524.1561962291598 3.407051436603069 277.2016002982855 557.3433503657579 1.071525827050209 2.389728844165802 2743.223171815276 2.70415948331356 6.285623162984848 82.58001992851496 50.8203394189477 2.693919897079468 0.09363904595375061 0 0 0 0.1008587777614594 0.1029672995209694 0.1782143115997314 0 0 0 0 0 0 0 0 167.8153455480933 1.263490095734596 0.9190260618925095 0 0 0.2056538611650467 0.7672441303730011 0.597524881362915 0 0 0.09486588090658188 0 0.2002687826752663 0.2926208674907684 0 0.2344596087932587 77.55864667147398 2.385292731225491 0 0.06979784369468689 0.4481199681758881 0 0 0 2.277674593031406 2.51766400039196 43.11774714291096 163.3416875451803 13.47349387407303 19.86693719774485 0.2231918349862099 0.423300601541996 0.09305919706821442 7.36316829174757 2.511807553470135 1.571684643626213 1.281511925160885 0.3608507513999939 0 0.388251006603241 1.581824883818626 1.814941003918648 0.1231627762317657 57.15129095315933 22.00453581660986 13.47069194167852 1.076795473694801 0.7236264199018478 0.5672539919614792 2.726299233734608 0.09892171621322632 0.9338295161724091 5.556351505219936 0 1.333600573241711 5.736928790807724 0.3416685536503792 0 0.2872873321175575 0 0.1873210147023201 0 0 0 0.1338041871786118 23.26632325351238 0.3701320886611938 0 0.9738885164260864 689.2957459688187 0.2922024130821228 9.624970778822899 8.643887251615524 9.778805434703827 0.8705693483352661 25.5618302077055 9.618116229772568 8.492683097720146 13.18510073423386 7.885990336537361 3.51639986038208 5.558818630874157 7.736313231289387 5.337101973593235 4.234375298023224 0 0 0 0 0 0 0 0 0 0 0 0 0 0 0 0 0 0 0 0 0.1423725485801697 0 0 0 2.86912938952446 0 1.29113682359457 0 0 0 0 0 0 1.373782753944397 0 0 0.1358445137739182 0 0 0 0 0 0 0 0 0.1101162135601044 0 0 0.2854697108268738 0.4983815848827362 1.305114090442657 1.709138751029968 0 0 0 0 0 0 0 0 0 1.047085791826248 0 0 0 0 3.079937249422073 2.365337878465652 5.530444622039795 0.1270174980163574 0.2765448540449142 0 0.192485511302948 0 0 0 0 0 0 0 0 0 3.473352834582329 0 0.4855831116437912 140.1144453808665 7.974044851958752 146.8030373975635 14.9308749884367 645.3325153961778 16.65922798961401 0.5885718986392021 3.799067623913288 13.82935653626919 0 0.6108988225460052 0.3636728078126907 23.66902604699135 0.2837424278259277 0 0 0 0 270.1862005963922 3.943651437759399
5.790856704115868 1980.825477361679 1196.067656837404 3.407051436603069 1273.75884924829 1.063599929213524 1764.555824756622 91.90424874424934 2499.653081044555 439.4356226399541 1556.6980869174 16.67371670156717 400.8192213922739 989.0556896105409 16.4074123352766 3.847043298184872 0.1022311300039291 0.08863035589456558 0 0.4613993763923645 0.07950056344270706 0 0.2757003158330917 0.4863772690296173 0.2974314391613007 0.1869593411684036 0.3538363873958588 0.2307670712471008 0 0 48.06254996359348 6.937249429523945 11.95240074396133 0 0.3136564865708351 0.1486250311136246 1.49739183485508 0.2118366286158562 0.09796140342950821 0 0.486573189496994 0.203527644276619 0 1.945382118225098 0 0.09626685827970505 53.70795367658138 1.220980659127235 0.1070872023701668 0.1181569248437881 0.2043488696217537 0 0.1565415412187576 0.2588126137852669 0.9627445936203003 0.3407129868865013 9.643606014549732 23.83440423756838 4.247392065823078 15.31218471378088 0.7572141662240028 2.267251819372177 0.1585528254508972 16.20081903785467 0.7022875249385834 0.24750105291605 0.164368063211441 0.3167674243450165 0.1605952084064484 0.4298335909843445 3.198611289262772 8.781693324446678 0 25.34463143348694 33.75113849341869 33.42003831267357 14.00552112609148 4.570407055318356 1.656814776360989 36.86919513344765 0.8011288121342659 3.885642282664776 1.085381582379341 0 0.5012006089091301 0.7769010365009308 0.274230919778347 0 0.08183538913726807 0 0.0880187600851059 0 0.473142609000206 0.3094999194145203 0.109868235886097 13.53721015155315 0.828489363193512 0 0.3427052646875381 0.4536995738744736 0 3.820463955402374 5.082669496536255 1.884889528155327 0.24908347427845 6.473552487790585 3.369186386466026 10.85082789510489 13.094687320292 13.89259122312069 4.474020473659039 12.91667149215937 14.56103284657001 13.52944726496935 10.27020300924778 0 0.6955556869506836 0 0 0 0 0 0 0.3520811200141907 0 0 0 0 0 0.1145536825060844 0.3347728550434113 0 0 0 0.3878782540559769 0.4232801795005798 0 0.5355807542800903 0 4.043274007737637 0.1562802344560623 3.362580269575119 0.08078108727931976 0 0 0 0 0 0.2107125520706177 0 0 0.7068570256233215 0 0 0 0 0 0 0 0 0 0 0 0 0.5558825731277466 1.998147249221802 5.662007391452789 0 0 0 0 0 0 0 0 0 6.241434618830681 0.2053372412919998 0 0.4224663078784943 0 11.00335831940174 3.728056252002716 9.520141161978245 0.3259683698415756 0 0 0 0 0 0 0 0 0 0 0 0 4.727469176054001 0.7658115327358246 0.2702358514070511 122.425479374826 3.504412204027176 97.48797465860844 28.90294995903969 59.23836838454008 23.19474755227566 0.2726422250270844 11.01899390667677 5.753775961697102 0 1.923895433545113 0.45589479804039 6.366642385721207 0 0 0 2.779286995530128 0 10.2787399366498 5.983886748552322
109.2872689962387 31.96353902667761 6.403094097971916 277.2016002982855 1.063599929213524 1.00008100271225 11.26096121221781 1.008476883172989 0.3737827092409134 524.6539101600647 2.696017138659954 73.38682714104652 33.86303862929344 3.798203960061073 0 0.1485437154769897 0 0 0 0.1569619029760361 0 9.662152804434299 0 0 0.124893955886364 0.2609193921089172 0 0 0 0 13.11071611940861 0 12.60923752933741 0 0 0 17.03890899568796 2.430414691567421 13.53685788810253 0.3233918696641922 0 0 0 0.4637488424777985 0 0 0.1473691463470459 0 0 0 0 8.099399589002132 6.498537883162498 0.2904007211327553 0 0.2768762037158012 12.99291824549437 23.22615772485733 1.031929194927216 0.5550066828727722 0.1401973962783813 4.022396795451641 0 0.1068100258708 0 0 0 0 0 0 106.9183396920562 69.67662867903709 8.650512702763081 0.4491406604647636 0.7476996183395386 0.2497935891151428 0 0 0 2.368356592953205 0 1.480435006320477 0 0.7531332597136497 0 0.08636236935853958 0 1.716257825493813 0.9840328842401505 10.65969606488943 0.1010235399007797 0.8964560404419899 0 0.1421612501144409 0.1770754158496857 204.1369138807058 107.926582314074 20.31830805540085 27.12430657446384 112.557628557086 0 3.030577152967453 1.544803202152252 0 0 2.630693182349205 0.1782881617546082 4.267831027507782 1.837709948420525 0.2724831998348236 0.9553539454936981 2.642741501331329 3.224442474544048 0.927114874124527 0.8722245544195175 0 0.1135853976011276 0 0.1641218662261963 0 0 0 0 0 0 0 0 0.2526189535856247 0 0.3918251991271973 0 0.3337170407176018 0 0 0 0.7914977073669434 0 0 0 0.6604351699352264 0.4040403068065643 1.365145444869995 0.9952979683876038 1.016705259680748 0 0 0 0 0 0 0 0 0 0 0 0 0.4146030247211456 0 0.09068790823221207 0 0 0 0.5108068585395813 0 0.5111969783902168 0 0.4419246017932892 0.3756221234798431 0 0 0 0 0 0 0 0 0.9434768781065941 0.6383428052067757 0 0 0.1241771876811981 0.5026456117630005 0 0.6985901147127151 0 0 0 0 0 0 0 0 0 0 0 0 0 0.6402594298124313 0.1378740966320038 0.4960675612092018 29.68206050992012 0 1.115655243396759 0.1737162321805954 89.58690991997719 0 0 0 1.841497793793678 0 0.4160678088665009 0 6.198963522911072 0 0 0 0 0 28.04333933442831 1.042410135269165
278.4751810356975 3302.666139565408 243.0808810517192 557.3433503657579 1764.555824756622 11.26096121221781 1022.779949083924 60.77321823686361 2543.036043196917 4190.088156588376 991.1990796476603 217.3764162808657 4318.183689072728 4151.835947200656 46.37659069150686 17.77622617781162 0.7366872727870941 0 0.07192539423704147 0.4157007783651352 0.6141305938363075 0 0.7160320803523064 0.3954683914780617 0.7547574862837791 0.1829202175140381 0 0.5574682801961899 0.6038845330476761 0 147.4967532977462 15.31870286911726 29.44036409258842 0 0.4199785739183426 0.780279703438282 10.24749504029751 0.9115641862154007 0.2690947875380516 0.3034975975751877 0.6508466303348541 0.4685441553592682 0.3615183457732201 3.839002355933189 0 1.1291863322258 147.7290939092636 1.686371639370918 0.4457097500562668 0.08218199014663696 0 0 0 0.1475328356027603 1.789714619517326 1.152760609984398 27.591304294765 68.32174588739872 12.162767380476 36.6142164170742 1.43933691829443 4.695067211985588 0.09853304177522659 40.19645141065121 2.854047678411007 1.563650712370872 0.8122678175568581 0.5790637508034706 0.3403206989169121 0.7374427989125252 15.33429814875126 31.97344432771206 0 64.43562927097082 75.32843375951052 79.6892913877964 32.85781666636467 13.84335283190012 1.804875418543816 83.22087375819683 0.5368010103702545 10.9338059052825 3.103261366486549 0 1.204619698226452 3.791759476065636 0.5786474049091339 0 0.1881265267729759 0 0.1137749925255775 0 0.161411389708519 0.839033454656601 0 154.1933781355619 2.798758089542389 0 1.810254260897636 24.69321214407682 0 14.16912142932415 28.9064688757062 7.405012466013432 9.421030931174755 57.04920148104429 25.49668347090483 83.73050907999277 69.89425583183765 68.91817130893469 20.466114833951 51.0493596419692 77.17648196220398 58.38932310789824 47.14165722578764 0 0.4466693699359894 0 0 0 0 0.161740243434906 0 0 0 0 0 0 0 0.5501600280404091 0 0 0 0 3.324502170085907 6.05096435546875 0 2.156252965331078 0.2312122881412506 19.3494335860014 2.496820613741875 14.77947492152452 1.574826791882515 1.031285829842091 0 0 0 0.1297601610422134 0.2568719387054443 0.9549132436513901 0 0.2872203886508942 0.2532202303409576 0 0.3568813502788544 0.1410520225763321 0.09025151282548904 0 0 0 0 0.6839350461959839 0.1484076976776123 0.4076227694749832 1.997218519449234 3.148675806820393 19.68531572818756 1.02167609333992 0 0 0 0 0.3499710932374001 0.09340117871761322 0 0.3110706210136414 19.09820662438869 0.7169898822903633 0.1414497643709183 0 0 44.85283596068621 15.15336537361145 47.0252061933279 0 0.6404284834861755 1.374345064163208 0 0.1253504455089569 0 0 0 0.1336748600006104 0 0 0 0 24.81851104646921 4.340821020305157 1.221031665802002 469.9690435379744 9.011514775454998 269.3008552491665 96.40097423642874 194.3090497776866 66.48096296936274 3.478059962391853 39.30896680802107 29.56671564280987 1.19017431139946 8.091765709221363 0.7459880635142326 47.68035124242306 0.3747081756591797 0 2.29271537065506 9.866992428898811 1.542509973049164 45.96339005976915 38.71513749659061
31.82256934046745 397.9791284203529 3275.962043121457 1.071525827050209 91.90424874424934 1.008476883172989 60.77321823686361 2113.37156817317 65.55586280673742 25.93199557811022 2904.659421697259 65.64923800528049 96.57392949610949 622.0407374426723 30.21721283346415 28.62690427154303 0.833979494869709 1.00119161605835 0.3098577782511711 10.34742407500744 26.77557680010796 0 21.02990851551294 19.79053772240877 16.40851701796055 4.990676581859589 6.864876143634319 10.16824594885111 0.4766908064484596 3.961077608168125 622.2360314056277 1916.594992533326 136.2838524356484 4.19670781493187 25.13853752613068 55.85697109997272 61.78828322887421 21.81354855746031 3.630357839167118 7.218047834932804 38.11629524827003 7.528258286416531 2.898366808891296 44.37337711453438 0.9574291855096817 27.89953718334436 89.50317125767469 0.8658588603138924 0.9124712198972702 1.450879171490669 0.3578459024429321 0.7140422463417053 0.5002299398183823 3.279162190854549 1.210645288228989 0.8319714069366455 13.37465715408325 83.32144624739885 4.967488072812557 16.75006152689457 184.399126470089 166.9803673475981 16.43302851915359 168.9116839691997 1.421263203024864 0.8031725734472275 0.3583823516964912 0.6479126289486885 1.193446479737759 28.24602452665567 20.55703610926867 1.163166224956512 0 36.98924248665571 58.42537406086922 64.4857626631856 71.13967689871788 504.8549806550145 1393.539365500212 1646.904233388603 226.482442446053 1244.242321662605 0.7493627145886421 0 0.6038999855518341 1.305748492479324 0.6023690700531006 0 0.08611974865198135 0.4804342985153198 1.922145709395409 2.486888892948627 13.21568199247122 12.02092029899359 10.93544784188271 4.581311017274857 1.03690867125988 0 0.6742746904492378 22.36985895782709 0 0 0 0 0 0.3070777952671051 0.1740859895944595 2.419716909527779 1.509598895907402 0 0.4513869136571884 1.401458613574505 0.8404054641723633 0.7566443756222725 0.9773622155189514 0 0.09271186590194702 0 0 0 0 0 0.4581697583198547 0 0 0.9268415719270706 0 0 0.6430889368057251 0 0 0.1610781252384186 0.5105568170547485 0 0 0 0 0.09664700925350189 0.3034945428371429 0.6822328343987465 0.295091301202774 0.4077446386218071 0.3630501478910446 0.1029979661107063 0 0 0 0 0 0 0.2788956463336945 0 0 0 0 0 0.1413063257932663 0.393922246992588 0 0 0 0 0.2427668869495392 0 0 0.3429938852787018 1.128231041133404 0 0 0 0 0 0 0 0 0.1146073415875435 0.7394297644495964 0.4816439747810364 0 0.166561558842659 0.4962267428636551 1.239683598279953 0.3362984955310822 2.506759911775589 0 0 0 0 0 0 0 0 0 0.09300630539655685 0.4870269596576691 0 0 0.5661464035511017 0.6210901141166687 0.393663190305233 78.73849345743656 12.86616837978363 112.0745195820928 44.42754968255758 28.77022947371006 18.61503154039383 0.338483639061451 8.302129112184048 2.965361982584 0 0 1.428852505981922 1.355046212673187 0 0 0 3.521890223026276 0 3.722305916249752 0.7119964957237244
5.790974244475365 1009.458739459515 515.3551676645875 2.389728844165802 2499.653081044555 0.3737827092409134 2543.036043196917 65.55586280673742 1336.370552971959 393.6559025645256 1412.873285919428 46.82515932619572 513.0837621241808 3166.892720326781 10.73584023118019 4.24274755269289 0 0 0 0.1069326847791672 0.5642023608088493 0 0 0 0 0 0.1317728757858276 0 0 0 23.24204391241074 3.098203562200069 12.75003273785114 0 0 0 4.101018115878105 0 0.1536813676357269 0 0.09157180786132812 0 0.2061976194381714 0.524601586163044 0 0.1100698411464691 31.97794985771179 0.4231690466403961 0 0.078293576836586 0 0 0 0.2805835902690887 0.08613535016775131 0.1972720101475716 3.720478817820549 6.621687993407249 1.149421885609627 6.375454925000668 0.2692480161786079 0.293117344379425 0.3105463087558746 6.188496962189674 0.08118783682584763 0.175769567489624 0.1685363873839378 0.07944228500127792 0.07981596142053604 0.1245912685990334 2.213651016354561 4.433248251676559 0 6.413642130792141 11.65253733843565 18.85652124881744 7.140648439526558 3.872695028781891 0.114528700709343 111.1030072122812 0.2189743965864182 1.285200849175453 0.4109653308987617 0 0.300103060901165 0.3443950042128563 0 0 0 0 0 0 0 0 0 17.48556761443615 0.5003529787063599 0 0.5450857728719711 0.4421566501259804 0 2.000345930457115 7.03472962975502 0.9469515532255173 0.1637846231460571 4.440743088722229 2.215835526585579 10.42630013078451 7.350042074918747 10.96096616238356 3.01415453851223 7.794469013810158 10.43953140825033 7.761211909353733 7.429380461573601 0 0 0 0 0 0 0 0 0 0 0 0 0.9847176671028137 0 0 0 0 0 0 0.2062970697879791 0 0 0 0 2.938832104206085 1.13294592499733 1.286887437105179 0.6550103276968002 0 0.3585850298404694 0 0 0 0 0 0 0 0 0 0 0 0 0 0 0 0 0 0 0 0.3468482494354248 0.4927941560745239 3.826329037547112 0.2990314066410065 0 0 0 0 0 0 0 0 3.154025509953499 0.4993950724601746 0 0 0 7.172576680779457 2.346536174416542 7.304730847477913 0 0 0 0 0 0 0 0 0 0 0 0 0 3.010651797056198 0 0 95.80824901908636 1.211067602038383 52.73433300107718 25.82034126669168 30.7309907823801 14.8937318995595 0 9.184570342302322 4.199299022555351 0 1.025384768843651 0.1163073480129242 5.878359824419022 0 0 0 0.4553723633289337 0 7.223437264561653 5.82238632440567
2470.087125092745 2235.569639243186 382.3519726470113 2743.223171815276 439.4356226399541 524.6539101600647 4190.088156588376 25.93199557811022 393.6559025645256 3974.650926865637 308.5307542011142 3316.578511781991 9578.616594009101 1613.8302237764 29.45708485692739 14.64652872830629 0.7749341055750847 0.1422752290964127 0 0.2004939243197441 0.3389099836349487 1.162043213844299 0 0.131705179810524 0 0.2094156295061111 0.1256498843431473 0.1331982910633087 0.4955593645572662 0.1343962997198105 147.5197897180915 3.277302742004395 58.97585442662239 0 0.3987429141998291 0.2444864064455032 122.0510051995516 2.233359277248383 4.745516054332256 0.3269845396280289 0.937286376953125 0.4855416715145111 0.0865141972899437 3.001055359840393 0.1072592884302139 0.2946262657642365 137.1123268604279 2.721794806420803 0.6795893684029579 0.2770965620875359 0.2830183431506157 1.003159396350384 2.27815055847168 0.8557000830769539 1.553662747144699 1.017617009580135 47.21064041554928 112.0350403636694 14.16472587734461 29.48319993913174 1.129848390817642 5.984132632613182 0.1335815936326981 16.32325883209705 3.12867122143507 2.208625838160515 0.7862757816910744 0.928006999194622 0.1956264600157738 0.8094587773084641 138.0466868132353 90.969970934093 0.3785840272903442 56.03957412391901 41.87011181563139 55.72071966528893 20.68712498247623 9.29675281047821 0.7080322355031967 25.77154613286257 1.368991658091545 6.144520223140717 5.879183329641819 0.1550525724887848 1.625301204621792 3.180427968502045 0.419642798602581 0.4073450937867165 0.08742653578519821 0.3944305032491684 0.2548390254378319 0.3848869204521179 0.4436022043228149 0 1.221418812870979 1202.036287002265 40.48678144812584 3.622690334916115 9.490512765944004 762.0313644558191 1.226315751671791 163.2355419695377 128.6122847720981 56.95730936527252 25.46664278954268 296.1529484987259 188.6183364540339 271.7293803095818 339.8852839320898 378.1779297217727 99.32242394983768 218.7769107669592 325.7075663805008 212.6836837008595 138.3744966685772 0.1225879564881325 0 0 0.6774884387850761 0 0 0 0 0.2616485059261322 0 0 2.419645488262177 2.129987359046936 0 0.805238276720047 0.6944150328636169 0.371807187795639 0.4581546559929848 0 6.371752090752125 14.20297958701849 0 8.726422861218452 0.4219537749886513 57.56009435653687 4.410940669476986 44.08876414597034 6.927757859230042 3.210805103182793 0 0.4398250579833984 0 0 3.452112630009651 6.387108713388443 0 1.191366784274578 2.309593588113785 0 0.3266923427581787 0 2.219894051551819 0.2120449542999268 0 0 0 2.487456254661083 0.250798724591732 8.235857173800468 4.906331792473793 16.07555450499058 64.05043084174395 0.5666486620903015 0.202750489115715 0 0 0 0.3824960142374039 0.8626856207847595 0.2071210592985153 0.1225857809185982 60.59877955913544 3.243209913372993 0.1377084106206894 0.5240680277347565 0 174.3904388844967 51.03292005509138 136.1586634665728 5.160549163818359 0.3648807108402252 1.862802289426327 0 0 0 0.1399906873703003 0 0.4945086091756821 0 0 0.4169281721115112 0.239695206284523 98.40769054740667 7.495236597955227 5.476235091686249 1014.401433058083 12.90043625235558 245.1197851151228 87.4707588031888 1110.228429444134 59.96796809881926 24.23133233189583 56.23330917209387 213.3352246433496 0.1592612266540527 18.54347293823957 2.398141406476498 415.6885360777378 1.685284629464149 2.208811149001122 8.152279615402222 2.050606891512871 3.769710630178452 953.2773084118962 175.2170026376843
92.60478313267231 2530.751187421381 2917.668876804411 2.70415948331356 1556.6980869174 2.696017138659954 991.1990796476603 2904.659421697259 1412.873285919428 308.5307542011142 2149.47195789963 204.4822784513235 1424.878639437258 3685.649025842547 63.4691064208746 41.25879262387753 1.13426311314106 0.4844101667404175 0.4420505613088608 1.062459379434586 2.497136011719704 0.3852617591619492 2.604980982840061 4.297797068953514 4.637100197374821 2.245156541466713 3.101589038968086 4.709902584552765 0.4689087867736816 1.327748872339725 313.975935973227 78.5433097705245 761.4793476611376 0.09282105416059494 1.94566285610199 7.217327117919922 369.025394372642 5.290008924901485 5.969199545681477 3.41145196557045 5.174592442810535 3.238874547183514 0.3306792676448822 9.163837097585201 0 1.216804310679436 142.0627219378948 1.131880946457386 0.5360910594463348 0.6773454025387764 0.2861642986536026 0.9479705691337585 0.2399498522281647 2.535355724394321 0.7204243540763855 1.06099022179842 15.39693509787321 42.68995643407106 8.149320110678673 26.18862836807966 6.565535970032215 12.74460531771183 0.5767226219177246 30.0457261800766 0.6193258836865425 0.3754221424460411 0.4158848002552986 0.4908528849482536 0.07466333359479904 1.826749332249165 102.5772900879383 7.135998994112015 0 37.26282589882612 61.65831760317087 115.9147960469127 55.03479687124491 33.38237135857344 83.15218295156956 2101.485954754055 1.257806077599525 32.75889404118061 2.120761267840862 0 0.6373814344406128 1.718100234866142 0.2771459519863129 0 0.7436398267745972 0 0.2696882039308548 1.150942176580429 3.07124699652195 4.903964690864086 6.680303826928139 29.39382666349411 4.310135304927826 0 5.054619967937469 37.1224422082305 0 2.548344865441322 4.921152845025063 0.2938444316387177 1.52268098294735 9.370805375277996 1.269450232386589 10.483628295362 9.405892476439476 8.91350045800209 3.034140005707741 7.795092396438122 11.03947003185749 9.696397431194782 11.12063682824373 0 0.2499648034572601 0 0 0 0 0 0 0.5864987969398499 0 0 0 0 0.7059745192527771 0 0 0 0.4607111662626266 0 0.4228854775428772 0.2243032157421112 0 0.4842261373996735 0.1695949584245682 3.392502799630165 0 1.80909475684166 0.2180690616369247 0 0 0 0 0 0 0 0 0 0.9601528346538544 0 0 0.1140427067875862 0.1050856411457062 0.2030073404312134 0.09605274349451065 0 0 0 0 0 0.5792329460382462 0.6725812703371048 2.738930098712444 0.1389938592910767 0 0 0 0 0 0 0 0 3.770464733242989 0.1649260371923447 0 0 0.6824379563331604 7.858227416872978 1.691747263073921 8.344115570187569 0 0 0.4988457560539246 0 0 0 0 0 0 0 0 0.1698073297739029 0 4.401512503623962 0.8519075959920883 1.457978680729866 295.2733783647418 9.345475003123283 216.2796209901571 94.83280497789383 122.5695623010397 47.92923862487078 0.1377564519643784 30.88759572058916 1.132736787199974 0.4197090566158295 2.752567544579506 0 6.414998590946198 0 0.3538009524345398 0 9.381964296102524 0.7437542676925659 12.16213169693947 8.268250405788422
45.18175354599953 159.048091262579 215.0132658407092 6.285623162984848 16.67371670156717 73.38682714104652 217.3764162808657 65.64923800528049 46.82515932619572 3316.578511781991 204.4822784513235 268.9377034306526 1808.124340832233 341.6471217945218 15.29111790657043 32.20956157147884 0.8865189999341965 1.301503479480743 0.1414340436458588 2.199734076857567 3.646435767412186 5.110080361366272 1.895356565713882 1.859269127249718 12.78621334582567 12.67131209373474 10.32722529768944 31.61393970251083 21.72330778837204 5.504267677664757 37.70830961316824 0.5444052144885063 203.2131611555815 0.2602075040340424 3.134645909070969 7.838160648941994 688.8173777461052 18.483358502388 46.6782448887825 12.21210759133101 7.48391081392765 14.19675000756979 0.8027067482471466 4.811115384101868 0.1013663932681084 0.1242711767554283 37.39424330741167 0 2.578475572168827 2.304035842418671 0 8.85473857820034 5.01980185508728 21.8186774328351 0 0 4.206728413701057 10.1403424218297 1.334308788180351 4.180921383202076 1.682866111397743 24.5298845693469 1.990975961089134 2.327093429863453 0.253072202205658 0 0.4009383320808411 0.6774437874555588 0.238573431968689 2.424881316721439 770.3955207392573 192.1814806759357 0 5.766225785017014 4.442177817225456 16.4325243383646 9.323022335767746 12.01078990101814 0.6795141696929932 71.91529461741447 0.8373160809278488 8.247595004737377 0 0 0 0.2605971321463585 0.1263459771871567 0.9480394423007965 0 0.1326501965522766 1.840297311544418 7.532089829444885 5.225482009351254 14.91291193664074 33.18111019581556 2623.265283949673 445.8320112526417 0.1730930209159851 86.62574850767851 64.64913829416037 0.8801886290311813 14.0636593401432 28.99985805153847 7.878042161464691 6.147929541766644 49.32521276175976 28.90830339491367 69.3613151833415 65.10211399197578 68.62167133390903 25.30618472397327 72.03902157396078 92.84929313510656 70.49763614684343 51.84286142140627 0.2433502376079559 0.1530098468065262 0 0 0 0 0.2802363932132721 0 0 0 1.574511975049973 0 1.105197213590145 0.3097349554300308 0.4751754403114319 2.76220728456974 0.389598548412323 0.7047173231840134 0.1581824272871017 1.093785606324673 5.358793944120407 0 1.453620582818985 1.112828299403191 25.21073842048645 2.733076333999634 17.46402184665203 2.245051562786102 3.267472736537457 0.1357629299163818 0 0 0 0.8323450237512589 1.822254747152328 0 0.08917447924613953 1.919088616967201 0 0 0.7591828107833862 1.063604041934013 0.4874415248632431 0.1118924245238304 0 0.2062941044569016 0.4461240321397781 1.908053398132324 0.7177410870790482 0.968972273170948 3.677287206053734 17.53450188040733 1.227850258350372 0.1035157591104507 0 0 0 0 0 0 0 28.67956151813269 5.207658126950264 0.4104343354701996 0.4941373020410538 1.978389233350754 44.076999373734 18.09812422841787 31.87740729749203 0.8525812104344368 0 0 0 0.1727792173624039 0 0 0 0.3873898833990097 0 0.1543712466955185 0.2149476110935211 0 47.8519251793623 4.838343873620033 4.515455335378647 401.7178185433149 12.47329320013523 60.4363943785429 39.66130950301886 111.437339015305 10.36998944729567 0 16.7547832429409 12.65768799185753 1.467515617609024 5.509547486901283 0.360657699406147 34.07324475049973 0.6908597946166992 0 0.5121607184410095 9.407536193728447 2.519386321306229 135.7078672200441 76.66406640410423
36.66239615529776 255.4949403554201 268.5354190394282 82.58001992851496 400.8192213922739 33.86303862929344 4318.183689072728 96.57392949610949 513.0837621241808 9578.616594009101 1424.878639437258 1808.124340832233 3156.502665683627 4064.776352077723 69.8261546343565 89.98148162662983 1.696360126137733 2.387246906757355 0.2423832640051842 4.519734509289265 6.82668212801218 0.9717187583446503 5.323664516210556 5.430219158530235 12.74974881112576 8.618445888161659 9.265033714473248 17.57600422948599 6.131720349192619 4.190102949738503 29.53975111991167 2.431350328028202 484.2885889187455 0.1376427412033081 4.183574557304382 7.368277475237846 449.3182215318084 24.06492037326097 29.19277799874544 13.10578591376543 15.92490743845701 12.99675160646439 1.668893963098526 14.4407564997673 0.3188038542866707 1.117844432592392 128.1158059090376 0.4487293139100075 2.408282496035099 1.316353440284729 0 5.733742386102676 2.342019438743591 14.97494992613792 0.09343435615301132 0.4075489044189453 9.002229690551758 12.15398327261209 3.35320071876049 16.33740019053221 6.140915058553219 15.44941433519125 2.783090248703957 11.16381525993347 0.2007246091961861 0.2364865466952324 0.5297291949391365 0.4842513427138329 0.5394027009606361 7.284251689910889 340.1490578949451 94.50336311757565 0 20.51269198209047 25.62856014072895 99.07844845950603 44.60275637358427 42.64547404646873 0.6053413972258568 192.5477170422673 1.603328488767147 8.132861711084843 0.3976102247834206 0 0.09617413580417633 0.3248636946082115 0.5407583117485046 0.1569258868694305 0.4674124792218208 0.08586481213569641 5.599069893360138 12.53284262120724 9.140267930924892 16.23335305601358 29.95473813265562 1700.023694708943 69.5523245036602 0.3623509854078293 33.2467688024044 32.44266631454229 0.5863605886697769 31.64485237002373 48.16857719421387 15.08786080777645 12.29732826352119 101.4506659060717 52.62470619380474 122.086312495172 147.915468506515 116.4651178121567 47.10979440063238 118.9447758048773 161.2359078228474 108.6662543118 71.70984876155853 0.6158574819564819 0.1349742710590363 0 0.4114576578140259 0 0 0 0 0 0.301991730928421 1.25833497941494 0.1330598890781403 0.5465282648801804 0.3460595607757568 0.1348870098590851 1.76605886220932 0.1385532468557358 0.8072608411312103 0 2.604782432317734 3.106252677738667 0 0.5527233630418777 0.5829329788684845 31.84385541826487 2.434071943163872 16.96558408439159 2.319910980761051 0.8799297213554382 0.3120062202215195 0.376006543636322 0.3499195277690887 0 1.648259870707989 0.939879447221756 0.8928768932819366 0 0.5955032259225845 0 0 0.159599632024765 0.4983422309160233 2.014898046851158 0 0 0 0 0.1311697959899902 1.261814266443253 2.062653064727783 4.527497433125973 21.79827299714088 0.572709783911705 0 0 0.1107189580798149 0.1049834862351418 0.2847548872232437 0 0 0.7558541372418404 35.61805230379105 3.766963206231594 0.2859843224287033 0.9711921811103821 0.2901979088783264 55.72336533665657 15.35789044201374 45.40326949954033 1.760170355439186 1.317238628864288 0 0.4298511669039726 0 0.1222688406705856 0 0 0.2652126401662827 0 0.09912396967411041 0.2675976753234863 0.1139899864792824 58.5811173543334 3.806635223329067 3.559211641550064 800.3459894955158 24.60483562201262 190.0194903686643 132.7332696691155 159.8571079298854 37.48702500760555 1.719886094331741 51.69268126785755 36.18318235129118 0.6607160493731499 6.573897287249565 2.233395576477051 81.61461419612169 2.063935585319996 0 1.153873533010483 24.39438197761774 3.820454746484756 130.5487639158964 87.69064949452877
