255.7656486928463 2147.032080225646 408.3859506174922 1562.846263766289 42.75170320272446 63.90362495183945 553.1715857237577 345.5334032066166 17.48952387273312 1175.010197751224 310.9944169968367 37.0328458994627 179.6803613677621 218.8920374885201 1.102790705859661 0.6297094151377678 0 0 0 0 0 0 0 0 0.5888166129589081 0 0 0 0 0 641.1154597550631 1.156115628778934 28.34700933098793 0 0 0.2603117749094963 3.401495933532715 0 0 0 0 0 0 0 0 0 17.83552064746618 0.6293889060616493 0 0 0 0.3434846252202988 0 0.2176248356699944 3.386910550296307 6.612834639847279 213.1800826862454 623.3708481416106 106.1350163593888 76.05310004204512 0.3170291110873222 1.795666135847569 0.2221801951527596 3.644903980195522 4.65789820253849 2.919806741178036 0.5492153540253639 0.2567908093333244 0.3583989143371582 0.1048139929771423 4.147020898759365 0 0.122886523604393 215.4543308094144 15.15349813550711 25.26582251489162 1.57514526695013 0.5944387316703796 0.2384752482175827 34.9085473716259 0.1170244216918945 1.038316309452057 10.42057802528143 0 0.8972963765263557 4.466806381940842 0.4347551614046097 0 0.4488235712051392 0.3375209718942642 0.7217727154493332 0.2704776674509048 0.3888927921652794 0.1374889612197876 0 29.35835872590542 21.99283058941364 0 0.5228819102048874 980.5920873358846 0.5198644399642944 1.241572082042694 13.90407878905535 36.40968506038189 3.491201117634773 26.69530186802149 2.565898433327675 12.78251396864653 60.40534441173077 13.35729823261499 0.5236194133758545 38.87923695892096 18.48564119637012 15.03296557068825 2.17292732000351 0 0 0 0 0 0 0 0 0 0.4249431788921356 0 0 0.7866794466972351 0 0 0 0 0 0 0 0.2122140824794769 0 0 0.1167256608605385 0.09468093514442444 0 0.8433559834957123 0 0 0 0 0 0 0 0 0 0 0 0 0 0 0 0 0 0 0 0.1443662047386169 0 0 0 0 2.667920380830765 0 0 0 0 0 0 0 0 0 2.182719245553017 0 0 0 0.1430556029081345 0.3082078099250793 0 1.720260500907898 0.9109766036272049 2.568068623542786 0 0 0 0 0 0 0 0 0 0 0 4.000045716762543 0 0.5648718476295471 160.9139372333884 3.520700171589851 133.1436443775892 25.79269602149725 1201.438926167786 13.46447756886482 2.742716334760189 1.388370782136917 3.071770548820496 0 0.3830455094575882 0.1947640031576157 31.2752628326416 0 1.870499826967716 0 1.150530256330967 0.2712019830942154 502.8311304450035 15.76951342076063
2147.032080225646 3220.627187535167 1821.757257200778 258.0266422852874 3562.49789339304 44.8026547729969 4711.963104762137 897.8464244678617 826.8547399789095 1239.595407031476 2069.290864624083 121.9669259488583 2747.434896633029 1256.468954712152 11.85482583194971 1.211469236761332 0.4511536285281181 0.4163842424750328 0.09075114130973816 0 0 0 0 0.326290488243103 0.1284815073013306 0.6771028712391853 0 0.5387494042515755 0 0 1774.710036881268 4.091895967721939 45.2178408280015 0 0 0.2523913383483887 13.40994748473167 0.6089724898338318 0.8379853069782257 0 0.7713834494352341 0.1991209983825684 0.1072936281561852 1.240667060017586 0 0.319220058619976 116.1948183253407 4.629106543958187 0.2371160984039307 0.3803477063775063 0.2317686453461647 0 0 0.1222086474299431 8.122074045240879 12.06997633725405 111.1290127411485 720.1994580626488 154.2807995826006 263.648099809885 1.592363826930523 4.166515193879604 0.6929618939757347 67.86638180911541 11.56000885367393 8.592864997684956 1.76897419989109 0.5555840879678726 0.9232399687170982 0.5863593742251396 22.90450558066368 0.9177850335836411 0 565.3841023035347 135.3058122843504 186.7453733384609 12.65390175580978 2.061469934880733 0.2423128262162209 93.02825751900673 0.3244840577244759 3.232273168861866 36.02736204117537 0 2.764873020350933 12.10111362487078 0.535443551838398 0 0.2300985157489777 0 0.08852425217628479 0.2907895147800446 0.7726048976182938 0.1390319466590881 0.1274347752332687 38.35489043593407 5.886690571904182 0 2.416559278964996 1436.55098413676 1.742021255195141 2.40186595916748 39.89515276253223 10.06036858260632 9.162670582532883 65.60861227661371 5.215118981897831 56.53646352142096 158.209116987884 32.48439846932888 8.546142622828484 168.8966505751014 72.51220509409904 61.7912927120924 19.21850793808699 0.4709551632404327 0 0 0 0 0 0 0 0 0 0 0 0.8219665884971619 0 0 0 0 0.1473197191953659 0 2.315290421247482 0 0 0.9327973127365112 0.08957240730524063 7.475880116224289 4.258486300706863 11.65821222960949 0.3551225662231445 0.9048386812210083 0 0 0 0 0 0 0 2.052058532834053 2.108662694692612 0 0 0 0.607337474822998 0 0.09807844460010529 1.437565803527832 1.09218468517065 4.045680999755859 2.407031796872616 0.9514953196048737 0.4508524835109711 2.549992203712463 36.80475772917271 2.303641229867935 1.548806548118591 0 0 0 0 0 0 0.1273861676454544 18.35082538425922 0.2404730021953583 0 0 0 4.626893937587738 12.23126463592052 8.547543495893478 4.061685860157013 4.117262467741966 0.8122571483254433 0.5413151979446411 0 0 0 0 0 0 0 0 0 22.83107600361109 1.39201807975769 4.522850565612316 476.3145341053605 11.98912891745567 569.8474399447441 74.38811696320772 1196.86956281215 69.42132164537907 7.554836995899677 16.27584069222212 8.682535514235497 0 2.66482113301754 4.604848325252533 48.68397993594408 0.231957271695137 0.2299021482467651 0.5002513527870178 17.14341386407614 0 460.2976185753942 50.7642490118742
408.3859506174922 1821.757257200778 658.7632566988468 6.121538162231445 710.3875037506223 0.2495263814926147 253.8247269019485 4523.103567689657 358.2109619751573 15.54376868158579 2072.28847925365 7.542384833097458 444.8601326048374 1341.555922813714 6.967835932970047 2.354430988430977 0.2401294186711311 0.259351059794426 0 0.4320973306894302 1.002662762999535 0.1330950558185577 0.4536121040582657 0.5450495034456253 5.453052721917629 3.231369525194168 0.8788006752729416 4.144732512533665 0.3280154392123222 0 4804.691610269248 86.93985692411661 69.77307083457708 0.1483126431703568 0.9139804542064667 6.822293698787689 29.08995670080185 7.020816527307034 1.252087019383907 1.30574531853199 10.73863472044468 2.6327910348773 0.8804948851466179 0.7358333095908165 0 0.3712037578225136 31.51806223392487 2.029600881040096 0.7842680066823959 1.469386078417301 1.235199145972729 0.4559613019227982 0 2.100299417972565 2.578382179141045 3.384977579116821 56.21808361262083 984.2939075753093 77.75210259109735 74.08403398096561 28.52350296825171 34.39801533520222 9.027673736214638 122.3972103595734 3.162785314023495 2.224915869534016 0.7123826593160629 2.382154949009418 15.41530513763428 9.815982848405838 38.67005655169487 0 0 254.9953020662069 116.5864349082112 57.63174571841955 9.256769731640816 3.892777197062969 26.36404724419117 770.3669086769223 4.351174108684063 83.51972375065088 9.518336750566959 0 1.119374208152294 3.136555977165699 1.975502468645573 0 0.2348223179578781 0.1617301404476166 1.273637980222702 0.6687476560473442 18.05218171328306 3.123049534857273 0.743093341588974 33.34189899265766 12.88305819034576 0.125670313835144 2.024473696947098 306.2298521026969 0.6954492330551147 0.1084496080875397 3.412956386804581 0.6137918829917908 4.826120480895042 15.55164281278849 0.1290285140275955 16.35355398058891 8.821668297052383 3.287404298782349 4.591639406979084 31.23332007229328 14.74166453629732 16.32052700966597 10.71354491263628 0 0 0 0.3861123025417328 0 0 0 0 0.9106500744819641 0 0 0 0.2002692297101021 0.08801418542861938 0 0 0 0 0.1138369143009186 1.763300746679306 2.795224249362946 0 0.08227602392435074 0.1876629292964935 5.34758672863245 2.321432366967201 12.03801461309195 2.132848523557186 0.5053036287426949 0.1412395238876343 0 0 0 0.1242983639240265 0.07428797334432602 0 1.810326740145683 0.2504135966300964 0 0.07370904833078384 0.3564430922269821 0.08805091679096222 0.9996770769357681 0 0 0.1691512018442154 0.7429849579930305 0.6308944672346115 2.12158203125 0 1.193624183535576 28.058448754251 2.268042057752609 0.2679676041007042 0.1034612953662872 0 0 0 0 0 0.166594922542572 13.19782627373934 0 0 0 0.4238946437835693 6.047448366880417 4.673901960253716 9.726852536201477 3.227916389703751 3.40716078877449 0.4393954575061798 0.8867914006114006 0 0.280780702829361 0 0 0 0 0.1565846800804138 0 0 8.242317169904709 1.228774450719357 4.39462199062109 80.81492851674557 4.454067818820477 133.238107599318 25.09727917611599 110.7974812611938 14.92827942967415 5.534796215593815 2.061903491616249 1.620688997209072 0 4.087892986834049 1.975682526826859 10.9921840429306 1.664518177509308 0 0.1029246002435684 4.739040568470955 0 92.07262466102839 5.075939252972603
1562.846263766289 258.0266422852874 6.121538162231445 424.4903065413237 28.66008208692074 318.4472336173058 1006.449606224895 1.31947785615921 43.16690437495708 1496.747533194721 4.311268009245396 186.8306215703487 1038.771060608327 125.6189008578658 0 0.1196944862604141 0 0 0 0 0 0 0 0 0 0 0 0 0 0 42.00299496203661 0 0.68498495221138 0 0 0 0.4422811567783356 0 0 0.1071771010756493 0 0 0.1048980802297592 0 0 0.106784000992775 4.812150850892067 0.5280204340815544 0 0 0 0 0.1876915842294693 0 1.251533836126328 1.455534152686596 42.55035524815321 133.213378123939 24.93046453595161 26.17087065428495 0 0.327203780412674 0 1.498749926686287 1.904366746544838 0.8956791386008263 0 0.1076828241348267 0 0 1.753821581602097 0 0 53.29644928127527 7.294629283249378 7.158091329038143 0.2441581264138222 0.1185550466179848 0 0 0 0 2.827624000608921 0 0.3231301754713058 0.7974262684583664 0 0 0 0 0 0 0 0 0 25.69529098272324 3.066325649619102 0 0 729.033577889204 3.631540283560753 18.41009432077408 75.95719800144434 129.7927787750959 1.783408746123314 158.7576161250472 42.16287700086832 24.54546995460987 204.0701130777597 28.22522534430027 1.446378529071808 88.73691347241402 95.31315860897303 40.76511599868536 2.569541290402412 0 0 0 0 0 0 0 0 0 0 0 0 0 0 0 0 0 0 0 2.540213756263256 0 0 0 0 1.100326664745808 0 0.2836583107709885 0 0 0 0 0 0 0 0 0 1.33408760279417 0.8868338763713837 0 0 0 0 0 0.3682265654206276 0.16257643699646 0.0820760503411293 2.342594631016254 1.991125196218491 0.9951857626438141 0 0 0.7753924876451492 2.337912291288376 0.2423663586378098 0.4411497861146927 0 0 0 0.09282055497169495 0 0.07632692903280258 1.498417615890503 0 0 0 0 2.397895827889442 0 0 3.108488060534 2.255564600229263 1.275422215461731 0 0 0.3129883632063866 0 0 0.208461731672287 0.07298881560564041 0 0 0 3.710856221616268 0.1463580727577209 0 79.03951899707317 1.20056975632906 46.75214847177267 6.699965059757233 911.928265593946 2.084681198000908 0 1.512228086590767 4.249103918671608 0 3.281309016048908 0.7763856425881386 40.00111900269985 0.4578872472047806 0 0.1654973179101944 2.99449910223484 1.165149569511414 399.2662842720747 30.01674139499664
42.75170320272446 3562.49789339304 710.3875037506223 28.66008208692074 4534.842897027731 5.03056575357914 3186.455959282815 106.5959160476923 3218.034357577562 578.6578090116382 1465.173144198954 31.01817965507507 1927.005612872541 1047.305147945881 7.27246106415987 0.8893227726221085 0.08943264186382294 0 0 0 0 0 0 0 0 0 0 0.08856409788131714 0 0 25.61343628168106 3.970128528773785 7.618039652705193 0 0 0 8.374838098883629 0 0.5231580138206482 0 0.9064445495605469 0 0.09035549312829971 0.1020138338208199 0.083586186170578 0.106562428176403 47.51346355676651 1.740587800741196 0 0 0 0 0 0.1218817606568336 4.716401748359203 1.792396314442158 6.757116064429283 65.86838993430138 19.54859171807766 68.66948916018009 0.8248481079936028 1.071002960205078 0 27.95078779757023 1.906992003321648 1.404627777636051 0.331981748342514 0.1503060832619667 0.09935613721609116 0.3048902228474617 15.18634231388569 0 0 96.81489434093237 45.2237451300025 87.40805339813232 8.393383860588074 1.451674997806549 0.1592882722616196 5.642737001180649 0.3724945932626724 0.7180609628558159 7.915943078696728 0 0.7854672074317932 1.239323504269123 0 0 0.3400960713624954 0 0 0 0 0 0.1955593526363373 36.42510080337524 6.135782554745674 0 0 8.286926828324795 1.304043248295784 1.70384493470192 23.58941581100225 7.062634125351906 14.32437951862812 62.7027100995183 2.708835080265999 54.2525102943182 41.21673341840506 33.3374151289463 9.116328001022339 167.9040900021791 72.2511739730835 70.58169048279524 19.22393281757832 0 0.3458705842494965 0 0 0 0 0 0 0 0 0 0 0 0 0 0.2015861868858337 0 0 0 4.177850782871246 1.678600162267685 0 0 0 10.7426293566823 2.804480195045471 13.18283198773861 3.495780467987061 0.3952393233776093 0 0 0 0 1.388638496398926 0 0 2.769141122698784 0 0 0 0 0 0 0 0 0.2423825860023499 3.135002128779888 4.248297907412052 0 0 4.096284583210945 37.79135882854462 6.980622872710228 0.1659594029188156 0.5392507910728455 0 0 0 0 0 0 18.49219661206007 0 0.7316259741783142 0 0 6.628410324454308 7.174536094069481 8.24054417014122 4.66935969889164 3.668730646371841 1.675979122519493 0 0 0 0 0 0 0 0 0 0 29.94512591511011 2.330508150160313 6.2927166223526 295.8385898396373 7.336637601256371 211.3513817116618 32.09842225164175 184.0410315394402 32.97500919550657 0.8616711050271988 12.710947714746 5.701257690787315 0.1967927515506744 6.90654344856739 0.4546279311180115 25.51003074645996 0.2703168392181396 0 0 10.51425310969353 0.2144951373338699 212.3647625669837 49.50843274593353
63.90362495183945 44.8026547729969 0.2495263814926147 318.4472336173058 5.03056575357914 15.62802624702454 67.08264438807964 0.3790095001459122 2.451539039611816 392.4560983255506 0.7256506681442261 36.78905971348286 68.92170576751232 15.84638469666243 0 0.2690985426306725 0 0 0 0.2372293323278427 0 1.903729826211929 0 0 0.1433134526014328 0 0.1298929154872894 0 0.2032694816589355 0 15.78988993167877 0 12.38048905134201 0 0 0.699467808008194 11.71739213168621 0.4476033747196198 3.098423421382904 0 0 0 0 0.2991193234920502 0 0 0.1080932021141052 0 0 0 0 14.81084721535444 1.191889055073261 0 0.2382333800196648 0.8478856533765793 82.25949359685183 72.26465626060963 13.95573004335165 2.962804540991783 2.084213875234127 6.171274214982986 0 0.1524809151887894 0.3105217590928078 0 0.107847087085247 0.1747619658708572 0.1292323172092438 0 31.36523138731718 91.25147902965546 12.20124851167202 12.16449344158173 0.2807813882827759 0.7470327690243721 0 0 0 1.493990898132324 0 0.9510343223810196 0 1.224137805402279 0 0.2047820836305618 0 4.333242498338223 2.626359008252621 13.0145415365696 1.107342921197414 2.302032150328159 0.4065789878368378 0 0.9221682995557785 44.14290095865726 69.73246614634991 7.983967632055283 11.03529977798462 274.3772706463933 0 1.151751637458801 1.63325047492981 14.95098224282265 0 1.996206134557724 1.117560401558876 1.326397016644478 11.56310227513313 0.6351787447929382 0 5.573503434658051 2.695260614156723 0.3230096250772476 0.2168824970722198 0 0 0 0 0 0 0 0 0 0 0 0 0 0 0 0 0.2365302294492722 0 0 0 0 0 0 0 0.2315917313098907 0.3132725656032562 0.833172619342804 0.1343194544315338 0.3853931501507759 0 0 0 0 0 0 0 0 0 0 0 0 0.3248557299375534 0 0 0 0.1313614845275879 0 0 0 0 0 0.1298160552978516 0 0 0 0 0 0 0 0 0 0.2304809838533401 0.1475739330053329 0 0.1441049873828888 0.1253571361303329 0.1390943676233292 0 0.1224003359675407 0 0 0 0 0 0 0 0 0 0.09951059520244598 0.09919008612632751 0 0 0 0 0.7986917123198509 17.32482465356588 0.6655965894460678 7.225568808615208 1.772176496684551 340.2027230709791 1.454218253493309 0 0 1.083776742219925 0 0.1241017356514931 0 2.139324858784676 0 0 0 0 0 177.8266248553991 3.050181992352009
553.1715857237577 4711.963104762137 253.8247269019485 1006.449606224895 3186.455959282815 67.08264438807964 1373.290653541684 8.253473959863186 980.83316385746 1696.144335545599 515.6271276250482 139.4561359062791 6895.959929734468 751.554817661643 5.956122174859047 0.5585943758487701 0.132993221282959 0 0 0 0 0.2538670599460602 0 0 0 0 0 0 0 0 49.89134436100721 1.130589760839939 5.004842534661293 0 0 0 2.890228249132633 0.1240179687738419 0 0 0 0 0 0.2816930189728737 0 0 46.22405688464642 1.188282541930676 0.1752649992704391 0 0 0 0 0 2.779872938990593 4.248852699995041 21.12056180089712 113.6868195980787 39.6893569752574 80.52522350847721 0.1666446328163147 0.4079037010669708 0 23.85412853956223 3.349309101700783 2.058620408177376 0.4975350573658943 0 0 0 11.09574046730995 0 0 156.159959204495 36.36254338920116 68.81476235389709 5.455385804176331 0.7214571610093117 0.08290582150220871 2.787609085440636 0 0.8393037095665932 10.89710657298565 0.1019086092710495 1.31165536493063 3.368405148386955 0.1629490107297897 0 0.3244945853948593 0 0 0 0 0.07755856215953827 0 38.3334641456604 1.579777404665947 0 2.220750719308853 88.83015388995409 2.014831840991974 3.76472470164299 44.08103723078966 13.05518646538258 12.68478593230247 84.91387361288071 4.889277197420597 49.75388414412737 97.10767687112093 44.9938703328371 5.006265707314014 374.4199465215206 102.4715702086687 76.38081883639097 11.90400978922844 0 0 0 0 0 0 0 0 0.298706978559494 0 0 0 0 0 0 0 0.1839122176170349 0 0 1.679196178913116 1.796376213431358 0 1.578131854534149 0 10.81686182320118 2.04074290394783 9.49862764775753 0 0.50032639503479 0 0 0 0 0 0 0 0.7681923359632492 0.4077970087528229 0 0 0 0 0 0.5853270441293716 0.1524781286716461 0.2127839624881744 2.089667826890945 2.032660126686096 0 1.140503883361816 1.853831380605698 24.43833574652672 4.483510285615921 0.38321453332901 0.423985093832016 0 0 0 0 0 0 17.14507123827934 0 0 0 0 6.829123079776764 2.924287661910057 8.266274139285088 3.991918735206127 4.87305648624897 2.958422943949699 0.3724562227725983 0 0 0 0.1868288815021515 0.1427554339170456 0 0 0 0 25.96562611311674 0.4709581881761551 6.732801213860512 240.4551925137639 6.588480398058891 211.1886973828077 27.78522020578384 499.7498310357332 24.60205718874931 4.282397657632828 5.302705280482769 5.575423017144203 0.2345890551805496 3.996251419186592 0.4020212963223457 40.81401111185551 0.8928794413805008 0 0.2054340094327927 2.98047710955143 0 307.7361298575997 65.81519497931004
345.5334032066166 897.8464244678617 4523.103567689657 1.31947785615921 106.5959160476923 0.3790095001459122 8.253473959863186 1083.183654502034 83.75296334922314 2.776054404675961 864.3036194071174 6.606130458414555 111.0710376128554 623.5759256519377 59.05146888643503 23.94071676209569 4.327681243419647 2.486414670944214 0.5067698359489441 2.964314118027687 2.251570425927639 0.3464033901691437 0.3883606940507889 0.4796063452959061 18.60566219687462 7.317257061600685 1.192303791642189 10.46418095380068 0.6563229262828827 0.1857673972845078 1288.290915220976 2682.868553496897 84.72308156639338 3.045270204544067 1.514959543943405 21.80562536418438 57.09888479113579 30.23226746171713 8.340374127030373 5.408481165766716 14.8583998978138 13.0304612070322 3.665684223175049 49.929945923388 0.2473945021629333 21.69626486301422 145.6826605573297 6.489683128893375 1.503240294754505 9.864314816892147 2.789774999022484 2.522555164992809 0.106233574450016 10.51826205104589 3.620316565036774 4.278037637472153 35.83989199250937 480.8985283747315 56.64022874459624 164.4274851083755 141.4846166744828 117.3495671674609 19.88590033352375 587.2219323590398 4.425628438591957 5.092647425830364 1.799141354858875 8.456318765878677 47.59206837415695 25.33232601732016 27.5974909812212 0.6909096837043762 0 329.7548587284982 347.7028378844261 304.189117051661 378.6754231601954 370.32696082443 880.6199364513159 1126.217289298773 268.7229100465775 463.7901819050312 18.01848469674587 0 2.909789577126503 4.438684426248074 11.58222425356507 0 0.6422274634242058 1.004578322172165 2.156889595091343 0.6335713565349579 36.10535527020693 8.030674569308758 4.68385137617588 19.20342864096165 4.353913426399231 0 5.801677204668522 127.085889287293 0.4576048702001572 0.1761749237775803 3.229883812367916 0.2937096059322357 1.205389842391014 3.684356436133385 0.3724372237920761 11.49549433588982 4.59029208868742 1.146821424365044 0.6043672412633896 14.10862064361572 6.934445314109325 8.139200679957867 2.751392163336277 0.1376355737447739 0 0 0 0 0 0 0.4582928568124771 0 0 2.180302143096924 0.143274262547493 0.5227554216980934 0 0.2713107019662857 1.194525063037872 0.3135039061307907 0.1078369319438934 0 0.7048053443431854 0 0 1.630874089896679 1.499406382441521 4.419316858053207 1.856964573264122 3.091310039162636 1.707693241536617 0.7265776470303535 0.7641848921775818 0.2405132427811623 0 0 0.3274814188480377 0.08219151198863983 0 1.386213883757591 0 0 0.09325606375932693 0.8340286910533905 0.4019330441951752 1.838101647794247 0.139317512512207 0.232794776558876 0 1.71035198867321 0.7892435491085052 0 0.1954416036605835 1.390737541019917 13.35306420922279 2.071848660707474 0 0 0.3692319095134735 0 0.3864255845546722 0 0 0.7258636057376862 7.076842717826366 0.3818802535533905 0.1859843134880066 0 0.8404649347066879 2.794289492070675 0.50189558416605 1.405530355870724 1.852308854460716 1.671580076217651 0.8850182220339775 0.2797436714172363 0.09625356644392014 0 0 0 0 0 0.1564677655696869 0.8365107476711273 0 2.334466390311718 1.25193914026022 3.088202334940434 379.8870853856206 15.71589902788401 469.3321508392692 87.89544730633497 171.3600214198232 50.2281751409173 0.707553893327713 11.9563836529851 2.083190813660622 0 3.086300402879715 0.1587918847799301 6.96698659658432 0.5301910042762756 0 0 27.8712138608098 1.225314363837242 82.91517516970634 4.118615597486496
17.48952387273312 826.8547399789095 358.2109619751573 43.16690437495708 3218.034357577562 2.451539039611816 980.83316385746 83.75296334922314 412.8748884946108 230.3735020011663 1383.73439835012 21.70880472660065 1960.740506984293 1136.96809116751 5.570494838058949 0.6089406087994576 0.1454077661037445 0 0 0 0 0 0.5963205695152283 0 0 0 0 0 0 0 5.023849405348301 5.152634643018246 3.005903989076614 0 0 0 3.427210226655006 0 0 0 0 0.2313412800431252 0 0.3829936981201172 0.1322051882743835 0 28.65281497687101 0.5155596733093262 0 0 0 0 0 0 0.590120866894722 0.9293080717325211 4.081087976694107 17.54749036580324 8.585091628134251 28.31840717047453 0.1387484669685364 1.134471796452999 0 12.78878220915794 0.4888811856508255 0.7496516555547714 0 0 0.3132040649652481 0 7.448329113423824 0.935120016336441 0 37.10242483764887 19.87792085111141 48.67230872809887 6.262646153569221 1.488188199698925 0 3.975617349147797 0.06891482323408127 1.072027891874313 2.768268935382366 0 0.3205823674798012 0.578580804169178 0 0 0 0 0 0 0 0 0 31.88445751368999 1.908655196428299 0 0.8726381063461304 4.524480395019054 0.8659182488918304 1.177727811038494 22.00305235385895 10.64099669456482 10.08484634757042 58.93772713840008 4.253733187913895 40.77076901495457 44.85159704089165 19.89998733997345 2.981019005179405 128.6188865527511 59.23558528721333 53.94986676424742 11.53636431694031 0 0.4397261440753937 0 0 0 0 0 0 0 0 0.1706400215625763 0 0 0 0 0 0.1730726063251495 0 0 1.798468053340912 0.4646193012595177 0 0 0 5.053568907082081 0.8118779808282852 9.501716636121273 0.224405862390995 1.009957611560822 0 0 0 0.1872616410255432 0 0 0 1.69268637150526 0.5944891422986984 0.156866654753685 0 0 0 0 0.1265110671520233 0.5874502956867218 0 2.091926515102386 2.389524139463902 0 0 0.7948252558708191 27.90103494375944 5.222313866019249 0.3186861574649811 1.06988388299942 0 0 0 0 0 0 15.50353637337685 0.3032515943050385 0 0 0 7.76667046546936 4.818857088685036 11.13340502977371 3.912001766264439 1.944208562374115 1.009126469492912 0.2308067381381989 0 0.3228589296340942 0 0 0 0 0 0 0 23.63100868463516 1.757437840104103 3.199596658349037 252.4702044799924 4.212102741003036 134.8169855177402 24.61025623977184 116.8137580305338 20.40367894619703 2.578212566673756 5.333808623254299 9.240557432174683 0 4.113645151257515 1.356800511479378 26.08974428474903 0.201223611831665 0 0 13.34990237653255 0 148.7458167970181 52.11795972287655
1175.010197751224 1239.595407031476 15.54376868158579 1496.747533194721 578.6578090116382 392.4560983255506 1696.144335545599 2.776054404675961 230.3735020011663 1428.468484587967 30.99567858874798 1410.636385135353 5872.033098571002 431.9410796388984 5.161793075501919 1.914034694433212 0.2018194198608398 0 0 0 0 0 0 0 0 0 0 0.3593970835208893 0 0 15.86716355383396 0 46.07177916169167 0 0 0.1497649848461151 27.85411966592073 0.3001298308372498 0 0 0.588433563709259 0 0 0.5250075906515121 0 0 13.03059613704681 0.3263728097081184 0 0.5066676810383797 0.1528321802616119 0 0 0 0.8363063111901283 0.7778098210692406 52.86827497929335 63.15453524142504 17.46324710547924 25.66763613373041 0.4332217276096344 0.3602066934108734 0.2603936046361923 3.382395274937153 1.138346411287785 0.7834281995892525 0.09354601055383682 0 0.9780270159244537 0.1987811177968979 95.30480040609837 1.520897299051285 0 53.00001454353333 8.37165629118681 16.54967810213566 0.7194631546735764 1.811894506216049 0.08864984661340714 1.617960035800934 0 1.129901863634586 2.396456673741341 0 0.3546374514698982 0.9926777854561806 0.3797009661793709 0 0.1294431686401367 0.1075004488229752 0.1609413176774979 0 0.3972996175289154 0 0 469.9598592296243 35.35772369801998 0 9.958316490054131 497.8035914003849 2.688824981451035 18.92868992686272 82.44996760040522 102.9294914826751 19.42424646764994 176.8351839333773 28.60684844106436 111.5201938301325 200.4163116440177 95.19968311488628 9.782073393464088 351.9738930463791 212.5747264102101 158.1004957854748 25.19131352007389 0 0.2411299496889114 0 0 0 0 0 0 0 0 0 0 1.145018823444843 0 0 0 0.6324655413627625 0 0 3.562267437577248 1.238997921347618 0 1.631604969501495 0 11.22761023789644 0.6020472049713135 8.91557589173317 1.290389537811279 0.08678564429283142 0 0.1390401273965836 0 0 1.380762219429016 0 0 4.003159455955029 1.640264689922333 0 0 0 0.5775735974311829 0 0.1696012616157532 1.012516796588898 0 1.506214082241058 3.36560382694006 1.173776090145111 0 4.356806099414825 28.04523702710867 2.324965447187424 0.3575833588838577 0.5676085352897644 0 0 0.1191798746585846 0.184362530708313 0 0.2428110837936401 23.95159067958593 0.7083055227994919 0.1332405507564545 0 0 5.939721785485744 2.333985015749931 14.90574549883604 4.030719846487045 2.151905886828899 1.339676611125469 0.1531448811292648 0 0.1410705000162125 1.802065022289753 0.1093625351786613 0 0 0 0 0 45.74722655117512 1.74373471736908 5.140347972512245 278.7065105587244 5.730290293693542 70.39167266339064 14.79294991493225 1108.438926316798 9.357215039432049 6.820687115192413 1.730353161692619 17.18421847373247 0 8.432069100439548 0.9094380289316177 95.5783371552825 0.368717834353447 0 0 6.235663391649723 0.3063595592975616 901.5525344312191 162.0940506905317
310.9944169968367 2069.290864624083 2072.28847925365 4.311268009245396 1465.173144198954 0.7256506681442261 515.6271276250482 864.3036194071174 1383.73439835012 30.99567858874798 1174.296236015856 28.60925444960594 1230.30584449321 2833.115885466337 38.09860683232546 12.28582907468081 1.322351239621639 0.572664313018322 0 0.2279154732823372 0.425276555120945 0.6793129742145538 0 0 8.551456786692142 3.649708062410355 0.5287264585494995 3.794767081737518 1.242725737392902 0.174111396074295 330.9159502610564 57.17010894417763 333.4796688705683 0.296983428299427 0.4071481972932816 8.967855803668499 72.5116990879178 17.82959325611591 6.343219824135303 3.637915052473545 6.073473155498505 3.891375623643398 1.202812574803829 4.089406050741673 0 0.7088510170578957 92.47151831537485 3.036910578608513 0.3067343607544899 2.227953895926476 1.844937965273857 1.457542195916176 0.6453241854906082 2.032141670584679 2.68960565328598 3.007393166422844 16.2096531689167 115.4640466310084 31.56478781253099 95.18223421275616 9.729766026139259 111.8697095513344 2.983619213104248 45.01783417165279 2.882277473807335 2.203396007418633 0.447672963142395 2.266237184405327 14.4718928411603 2.586916327476501 36.0754720941186 1.031366765499115 0.1648748964071274 163.9793954268098 72.42167694121599 169.9682087227702 27.31475929915905 14.41718744114041 2.532890990376472 448.3373444601893 1.692926272749901 252.3629418313503 12.76977486908436 0 2.019997879862785 2.716413617134094 1.246515654027462 0 0.3814755827188492 0.1175524741411209 0.7843954861164093 0.9893681555986404 11.77588494867086 3.578609690070152 0.3804131075739861 35.36992260068655 5.867062255740166 0 5.620574340224266 81.94356489181519 1.74119695276022 0.2268025726079941 10.33535417169333 2.118929371237755 3.419387720525265 21.98255944997072 1.552253052592278 27.2926420122385 14.94577891379595 7.304075986146927 5.106026992201805 66.48895449191332 29.90804500877857 28.1118593737483 10.31341387331486 0 0.1711371093988419 0 0 0 0 0 0 0 0 0.4385989606380463 0 0.09785189479589462 0 0.1045791581273079 0.1407521367073059 0.249704048037529 0 0.6143978834152222 0.7279090583324432 0.134431853890419 0 0.326536662876606 0.9340417012572289 4.165430784225464 0.1448444873094559 7.161539919674397 0.7528358772397041 0.5244133919477463 0.3505876958370209 0.2189312279224396 0 0.09519284218549728 1.159432291984558 0.0828065350651741 0 0.3398288786411285 0.8412436991930008 0 0 0.1247578784823418 0.1945799365639687 0.5182223170995712 0 0 0 1.530303880572319 5.392832882702351 0 0 1.728901386260986 18.18006080389023 3.361623138189316 0 0.09697478264570236 0 0 0 0.2766241356730461 0 0.1080050393939018 17.98609146475792 0 0 0 0 3.999595746397972 2.918402180075645 3.749300062656403 1.965675085783005 2.28121530264616 0.3754144310951233 0 0.2273162826895714 0 0.08966123312711716 0 0 0 0 0 0 12.87566401809454 0.7027285248041153 3.338858500123024 463.1133534833789 10.24314586818218 344.0567464381456 66.77841866761446 174.4205501526594 35.66219455003738 1.112500466406345 11.92031901329756 2.273449420928955 0 2.839940257370472 0.1687610149383545 11.73486956954002 1.181764543056488 3.695927143096924 0 26.58238308876753 0.1547983139753342 100.0561365634203 17.51033779233694
37.0328458994627 121.9669259488583 7.542384833097458 186.8306215703487 31.01817965507507 36.78905971348286 139.4561359062791 6.606130458414555 21.70880472660065 1410.636385135353 28.60925444960594 179.6118435412645 2324.948221683502 164.5673376172781 15.16490872204304 7.037843391299248 0.429912157356739 0.2354227304458618 0 0.2421417832374573 0 0.9230948388576508 0 0 2.890155784785748 0.5728546679019928 0 1.326180309057236 0.2569051384925842 0.1403802633285522 4.942535370588303 0 60.16601727902889 0 0.1714723408222198 3.394943058490753 186.2093406766653 12.53101652860641 5.156620875000954 1.585696652531624 0.7714191526174545 1.039698481559753 0.2995395064353943 1.825277350842953 0 0 14.66761039197445 0.1027137041091919 0.7652273550629616 0.1765728443861008 0.1434948295354843 1.801836378872395 0 1.049287602305412 0 0 6.64487337321043 3.658002100884914 3.310496605932713 7.608418799936771 2.691814705729485 5.915941268205643 0.9340290278196335 0.5627069175243378 0.4721603542566299 0.3369612172245979 0.1914207637310028 0.4764188453555107 2.209235556423664 0.1283484548330307 132.7813335508108 4.539865210652351 0.3710111379623413 8.907656937837601 4.494262263178825 15.19885548949242 2.442518949508667 3.678928591310978 0 17.74662375450134 0.4982419088482857 1.499612957239151 1.230880558490753 0 0.2059426531195641 0.3562808930873871 1.097173698246479 0.1255339533090591 0 0.2381671071052551 1.502844199538231 0.1694213449954987 3.753273323178291 2.934222653508186 0.7495304048061371 644.8397715911269 58.08052544295788 0 20.48250308632851 52.28680055588484 1.995316438376904 1.07390021532774 15.95013490319252 5.177616663277149 11.83754816651344 59.08732347935438 4.690500922501087 39.44929805397987 53.13010489195585 20.09382304549217 5.870078727602959 155.3804143220186 79.84741023182869 68.32174031436443 26.32288943976164 0 0 0 0.4015784859657288 0 0 0 0 0 0 0 0 1.439646162092686 0 0.1309433877468109 0.3087931871414185 0.2692379727959633 0 0 2.601484246551991 0.9102116376161575 0 0 0.1034853607416153 11.33346877992153 0.985332265496254 10.65663190931082 0.7060487419366837 1.439967423677444 0 0 0 0.381270170211792 0 0.2104661464691162 0 2.539622202515602 1.179205164313316 0.1188057661056519 0.1288375407457352 0.2136673629283905 0.2453682720661163 0.4414399862289429 0.6115674301981926 0.1530537158250809 0.1067909076809883 2.955669261515141 1.683427922427654 0.0943242534995079 0.2719577848911285 0.3767736107110977 25.95675221085548 4.261656180024147 0.3642837554216385 0.3706320747733116 0 0 0 0.1139164716005325 0 0 36.14309484511614 0.4062698930501938 0.1406072527170181 0.1266828924417496 0.1285058408975601 8.018390446901321 6.702227994799614 6.337783664464951 3.802768990397453 6.62396127730608 1.637357369065285 0.4172400012612343 0.1478973627090454 0 0.1434236019849777 0 0.1532818228006363 0 0 0 0 41.63309996575117 3.83775819838047 8.472771979868412 255.2203546985984 6.31458842009306 58.60273222625256 29.67539941519499 194.4950072094798 4.402821585536003 2.9449782371521 4.75004081428051 3.216801010072231 0 5.196524880826473 0.6175127327442169 17.09378200024366 2.285484798252583 0 0.5078965425491333 11.80374250560999 0.2403553426265717 408.9408105760813 55.42148528248072
179.6803613677621 2747.434896633029 444.8601326048374 1038.771060608327 1927.005612872541 68.92170576751232 6895.959929734468 111.0710376128554 1960.740506984293 5872.033098571002 1230.30584449321 2324.948221683502 3343.095282606781 1742.494957409799 56.22348862886429 21.23481541499496 0.8173403516411781 1.411192633211613 0.2919305860996246 0.4315356761217117 1.92146659642458 0.6302197575569153 0.187679797410965 0 12.85343790054321 2.968741685152054 1.066782996058464 4.072506107389927 0.3918991237878799 0 23.73846897482872 0.5376894176006317 356.8772201016545 0.1369566917419434 0.2737719714641571 7.173425652086735 277.1871975138783 35.12943051755428 13.82535615563393 4.073039121925831 4.105331391096115 4.097881011664867 0.5748565196990967 2.952588520944118 0.2349606603384018 1.012873381376266 79.32502271980047 1.258209712803364 0.9387408718466759 2.001277580857277 1.195569753646851 2.277464091777802 0.3425201773643494 5.826151162385941 0.9928069189190865 1.438277028501034 16.48809364438057 35.19080766290426 17.41571958363056 54.73392645269632 4.763184033334255 18.19018740206957 3.491139531135559 14.05956417322159 1.873232938349247 1.718546621501446 0.3807519897818565 1.923002019524574 7.463033691048622 2.611252963542938 250.8513829484582 8.665031045675278 0.8971344828605652 61.8149970844388 24.96162047982216 102.2263280451298 18.63357810676098 15.50879135727882 0.1293635219335556 71.59698468446732 1.157459609210491 4.925933741033077 7.138059593737125 0 1.179342091083527 1.521543353796005 2.5388488098979 0 0.4997115954756737 0.3635063171386719 2.217948131263256 1.511060237884521 5.777655988931656 2.545640423893929 1.171993054449558 1290.683715455234 66.76107034087181 0.4879396557807922 26.97040963917971 91.53630977123976 7.54175590723753 5.343016721308231 74.06486462056637 18.65842363983393 36.77589219808578 200.0697983950377 14.73218642920256 172.5398241952062 204.0428161770105 92.77585662156343 24.08341865241528 498.9704200997949 312.0576535314322 227.7511080503464 56.97368454188108 0.1114016398787498 1.334555596113205 0.08050918579101562 0 0 0 0 0.5168662667274475 0 0 0.5898368954658508 0 1.857789620757103 0 0.2143005728721619 0.3864097446203232 0.3450824245810509 0.6102618873119354 0.09484203904867172 7.996376499533653 2.480473086237907 0 2.524714574217796 0.8786559626460075 32.89507246762514 7.063065946102142 36.42858450114727 1.346689872443676 2.138482794165611 0.9884902834892273 0 0.6115785241127014 0.1167242825031281 0.3836145773530006 0 0 8.640619702637196 1.461048640310764 0.2889816910028458 0 0.1454493403434753 0.9233999252319336 0.3065155744552612 1.588648535311222 1.347938217222691 0.6283062249422073 8.115835882723331 5.857491485774517 1.711890928447247 0.2271160632371902 3.495399229228497 93.76986064761877 9.391837507486343 2.312448523938656 1.68431980907917 0.2458586022257805 0.09334003925323486 0.1910758167505264 0.5735817849636078 0 0.70409195125103 94.09158714860678 1.337833240628242 0.3079829812049866 0 0 18.57166600972414 9.169530294835567 34.11160049587488 13.26887680590153 15.36326493322849 2.339602462947369 2.391986064612865 0.1387056261301041 0.442171074450016 0.09127394109964371 0.1526489853858948 0 0.2583044469356537 0.2286798879504204 0 0 111.8279873281717 5.680042006075382 21.87067460268736 911.8718433752656 17.51137772202492 297.4202473387122 96.8509601727128 482.4472591951489 27.82527685910463 2.4489656239748 13.17636551707983 9.686172001063824 1.608870178461075 11.34799516201019 3.447155669331551 60.73528838157654 3.042277127504349 1.705774754285812 0 46.95978023856878 0.6055982857942581 977.7083238214254 191.7638981565833
218.8920374885201 1256.468954712152 1341.555922813714 125.6189008578658 1047.305147945881 15.84638469666243 751.554817661643 623.5759256519377 1136.96809116751 431.9410796388984 2833.115885466337 164.5673376172781 1742.494957409799 730.9437236264348 75.0389081761241 29.38096068054438 1.780630461871624 1.608002401888371 0 0.551818773150444 0.816740095615387 0.4191960692405701 0 0 14.5770676061511 7.358005851507187 2.21684592962265 5.697149217128754 0.48302261531353 0.6250775456428528 130.9778954386711 18.89477108418941 719.6404684558511 0.437362901866436 0.5421488955616951 11.92919722944498 404.1376365944743 45.00828320533037 15.07331226766109 6.658308647572994 9.962662316858768 5.620478697121143 0.9495440647006035 5.437231041491032 0.153078019618988 0.8071294203400612 127.3748999908566 1.651023767888546 0.6679577752947807 3.814825139939785 1.455577723681927 3.200834959745407 0.4637391120195389 3.576530531048775 2.217424109578133 2.630979306995869 10.99640081822872 74.13658381998539 21.54953511059284 91.78770257532597 12.5821171104908 115.5879961103201 8.611466214060783 26.10189384967089 2.755821414291859 2.48009729385376 0.7468408346176147 4.087485827505589 17.88714765012264 5.755011312663555 128.606360130012 1.764209389686584 0 116.2211274132133 58.4599092155695 193.7055939212441 34.33353129029274 28.6016847230494 4.909456290304661 177.8040537387133 3.67420320212841 164.8093466609716 9.424136951565742 0 1.529528476297855 2.907611139118671 2.040288254618645 0.2440569400787354 0.1923612356185913 0 1.821290083229542 1.405159011483192 15.09600120037794 4.388857074081898 1.29522443562746 235.3381924033165 16.63960026204586 0 8.857355877757072 50.08558198064566 1.670938730239868 3.416931748390198 38.9455643594265 5.876706391572952 20.1273605376482 81.83048193901777 5.660145722329617 71.94405087828636 61.80595882982016 30.73715732246637 9.452726073563099 201.6147075220942 106.1099725887179 102.6514178141952 31.74090633541346 0 0.1001455932855606 0 0.08654262125492096 0 0 0 0 0 0 0.2961742579936981 0 2.680970057845116 0 0.2586954385042191 0.9117004871368408 0.4453755766153336 0.5105138644576073 0.375295378267765 3.371824324131012 3.348045274615288 0 0.9744382873177528 0.4781120270490646 18.96358526498079 2.842005662620068 22.3811144605279 1.712692908942699 0.9524158760905266 0.5618677586317062 0.2242601960897446 0.2440403997898102 0.2082312852144241 0.856566920876503 0.101788729429245 0 5.837588593363762 0.9408717676997185 0 0.3775500804185867 0.622016578912735 0.6491848081350327 0.8607457876205444 1.31808216124773 0.804935023188591 0.3099548816680908 6.007758051156998 4.497575476765633 0.09457473456859589 0.1030397787690163 2.662387564778328 42.863515868783 9.121355406939983 0.2997727170586586 0.4787923097610474 0 0.2163914665579796 0 0.3625616133213043 0 0.3512259125709534 52.4652296230197 0.3687348812818527 0.1259615123271942 0 0.2820223122835159 11.94648482650518 5.449027240276337 14.07210011035204 6.904028259217739 6.895238064229488 3.012280985713005 0.9500027745962143 0.3119593560695648 0.3636690452694893 0.09765061736106873 0.2448462694883347 0.1075297445058823 0.1356881707906723 0.1539416760206223 0 0 43.33358848839998 2.869390986859798 10.37133691459894 941.710009790957 25.19166439771652 437.2919357940555 120.1175678372383 248.5524840131402 40.63582495599985 1.221046321094036 17.23246156424284 6.760230027139187 0 10.89827536046505 0.6541825085878372 34.07161620259285 1.366024702787399 0.1716231405735016 0 58.44928989559412 0.7671370655298233 309.6698774471879 67.15008462965488
