140.7098689451814 2327.77039514482 767.0255613923073 987.6691055670381 15.91432309895754 152.1605501025915 437.8451851382852 39.87506926804781 3.23842191696167 567.174011901021 121.0554747506976 24.71427694708109 186.7310208156705 103.0253388509154 4.772831998765469 3.413027793169022 0.09839819371700287 0 0.1118371561169624 0 0 0 0 0 0.1961958408355713 0 0 0.2298331335186958 0 0 561.5348407253623 3.313708931207657 12.79455132037401 0 0 0 8.543059416115284 0.3404660448431969 1.638938270509243 0.502518892288208 0 0 0 0.09221683442592621 0 0.1817120909690857 29.81263791769743 5.135438293218613 0.5615035220980644 0 0.4286523088812828 0.0871531069278717 0.09854048490524292 0 12.24884267151356 21.59266503155231 184.9222006127238 609.4900156334043 78.93385621160269 38.35935863852501 0 0.1984513625502586 0 10.57465842366219 5.340572349727154 7.080971069633961 4.10545776039362 0.3441247344017029 0.0690823420882225 0 6.417928539216518 5.936071254312992 0 51.02937617897987 49.98947122693062 15.16558392345905 4.797419130802155 0.7163742259144783 0.2167957350611687 6.203562363982201 0.2069868743419647 0.4359112977981567 19.09653343260288 1.541612863540649 2.745862372219563 18.42371871322393 1.11279633641243 0.1970415338873863 3.326000042259693 0.3389208912849426 0.2678177058696747 0.1106305196881294 0 0 0 113.951718904078 3.493007175624371 0 0.7852575927972794 682.7947320789099 1.476729527115822 13.58374194800854 1.629246704280376 1.773369789123535 0.2874478548765182 5.371314577758312 11.22953343391418 3.979026556015015 11.31976642459631 10.29020854830742 1.813194990158081 8.490801408886909 11.38025209307671 9.662247858941555 5.471316866576672 0 0.1885187029838562 0 0 0 0 0 0 0 0 0 0 0.1054349765181541 0 0 0 0 0 0 2.787004567682743 0 0 0 0 2.764606229960918 0.1832523196935654 2.404561839997768 0 0.2592865899205208 0 0 0 0 0 0 0 0 0.1246171072125435 0 0 0 0 0 0 0 0 0.8184454739093781 0 3.940361261367798 0.2334998250007629 0 7.555538527667522 0 0 0.1065778806805611 0.1000922322273254 0 0 0 0 0 6.477827787399292 0 0 0 0 6.496305860579014 0 2.464243479073048 0 0.3237425982952118 0 0 0 0 0.14996687322855 0.08545617014169693 0 0.4450123161077499 0 0 0 6.632390856742859 0.4729095324873924 0.6700855270028114 111.6115408092737 3.426652543246746 90.06845973432064 17.12929390370846 979.8773509189487 41.11316241323948 6.619250744581223 9.139935739338398 3.464815177023411 0.225852832198143 2.293050289154053 2.159318260848522 4.407995283603668 0.2441561445593834 2.388972520828247 0.1196548640727997 2.969503134489059 0.7918479442596436 783.6078469231725 18.00857645273209
2327.77039514482 768.3059671372175 979.3420682772994 1242.701964735985 618.7785990387201 384.4178674966097 1550.831320315599 73.97394754737616 208.9915284663439 1483.867536500096 798.1929053887725 262.0604895949364 2057.079829216003 2006.43437063694 37.01705540716648 6.994851797819138 0.7174124792218208 0.0945591926574707 0.3048503920435905 0 0 0.09118647128343582 0 0.1033071056008339 0.1028499156236649 0 0.1388572752475739 0 0.09859605133533478 0 1181.938485078514 4.552810028195381 24.20285266637802 0 0 0 13.11466856300831 0.3650583922863007 1.846050575375557 0.2769769281148911 0 0 0 0.196709007024765 0.204638883471489 0.09269649535417557 191.0472647622228 19.54835534840822 0.5464309081435204 0 2.217741519212723 0 0 0 23.45386243611574 49.69559687376022 111.5826918706298 443.9967061057687 108.4614466615021 100.4174151569605 0.5088123604655266 0.2064348459243774 0 68.60119231045246 11.93033027648926 18.74715925008059 11.68282098323107 2.227433010935783 0 0 6.093020685017109 7.235154561698437 0 103.6562885046005 89.13267941772938 103.243038803339 47.04302150756121 1.946879021823406 0.2635644525289536 5.68075405061245 0.3541093096137047 0.3578458204865456 44.87095907330513 3.203696697950363 10.45962434262037 48.45874658226967 4.915460273623466 0.8246163725852966 10.16467228531837 0.7120803371071815 1.984520673751831 0 0.08802041411399841 0.270785927772522 0.1428022533655167 53.92000762373209 0.9920317754149437 0 1.450503721833229 490.9112253710628 3.105883181095123 24.86648320406675 8.356557659804821 4.45833283662796 2.526709519326687 24.66121048480272 16.38126985728741 24.61430779844522 44.09534712135792 53.89960005879402 5.958418339490891 37.89161470532417 68.09388539195061 63.58939269185066 36.13420300930738 0.9050159677863121 0 0 0 0 0 0 0 0 0 0 0 0.766387939453125 0 0 0 0 0 0 7.512407869100571 1.148032702505589 0 0.1036398336291313 0 7.75818607211113 0.6929936110973358 8.270255900919437 0.4321218430995941 0.1709653437137604 0 0 0 0 0 0.1241608336567879 0 0.9733471646904945 0.8185314834117889 0.1050722748041153 0 0 0.2466884776949883 0 0.1804630234837532 0 0.2499479874968529 2.880757927894592 2.089948482811451 4.458791241049767 0.1472275108098984 0 29.23891764879227 2.357350535690784 0.1200908124446869 0.3576287925243378 0.3202856853604317 0.4872278347611427 0.0959128737449646 0.09653906524181366 0.1764788702130318 0 27.08256047964096 1.009735703468323 0 0 0.2397381365299225 26.42963302135468 0 7.711287580430508 1.141475990414619 0.784890815615654 0.601906806230545 0 0 0.5292825102806091 0.3595020025968552 0.5956170707941055 0 2.037385664880276 0.1640253439545631 0 0 47.33470109850168 4.091058842837811 3.934582903981209 286.1598102077842 14.58703748136759 526.393759213388 60.56445176154375 611.9985418766737 136.9236084595323 15.93984118103981 46.22858197242022 7.021177634596825 0.6329956874251366 7.941963687539101 2.128386661410332 34.53256004303694 0.6885158866643906 0.4391935914754868 0.9674363434314728 9.7204629778862 2.680544763803482 473.7363562807441 37.06457518786192
767.0255613923073 979.3420682772994 273.5239508002996 38.56591824442148 528.0920993536711 39.44860043376684 130.0951185375452 4232.978436380625 228.7874378710985 63.1711528673768 2435.265834279358 20.78684256225824 306.9758732393384 1740.223194129765 31.07530622929335 16.53019017726183 3.431723512709141 1.123141869902611 0.09109169244766235 0.3797473832964897 3.163585796952248 0.1391985863447189 2.828092247247696 2.186998404562473 3.113129079341888 1.443910032510757 4.678707040846348 0.5159469768404961 1.039802506566048 1.183911338448524 4124.771152034402 64.25122686475515 59.02596715837717 1.324416637420654 3.535142570734024 4.420633681118488 36.7530659288168 12.66877679526806 25.914067029953 5.19847110658884 4.82164953649044 2.457104042172432 0.8967975452542305 0.9469376802444458 0.9473198801279068 2.775763653218746 95.89170677959919 13.35764560103416 1.076488420367241 1.810544557869434 3.313015095889568 0.250355452299118 0.5436962842941284 0.2352948263287544 18.12813820689917 32.18587644398212 124.39712639153 1149.870940022171 93.47652763873339 64.86432845890522 2.21533614397049 45.04071017354727 1.612652376294136 74.21521823853254 8.473757088184357 12.92468796670437 8.630449786782265 4.800447650253773 3.288808599114418 3.514628008008003 29.2862561866641 28.52569575607777 0.3497160375118256 86.11136549711227 110.4666025340557 69.41816601157188 43.66859456896782 8.159527681767941 94.46274166554213 337.638217240572 1.454812303185463 123.9378218203783 34.07275468856096 1.848086535930634 6.182434253394604 34.7065491899848 3.512971229851246 0.5906780213117599 6.336341820657253 0.4781380519270897 1.255330093204975 0.1225574836134911 4.735154300928116 1.940180465579033 0.3425691425800323 57.54282532632351 16.05726493895054 0 14.3388295546174 522.6496428996325 5.709723547101021 4.876957252621651 3.757031440734863 0.5965530127286911 0.646440364420414 10.6794383302331 6.347607247531414 7.682639338076115 14.32943318039179 16.79809153079987 3.428495809435844 10.40898129343987 22.74484208971262 20.40957844257355 26.65434032678604 0.596134290099144 0 0 0 0 0 0.1062751635909081 0 0 0 0 0 3.391863271594048 0 0.6215708926320076 0 0.5650940164923668 0 0.2164972126483917 6.37218602001667 0.1248930394649506 0.3411391079425812 2.497617684304714 0.5384622439742088 14.68049681931734 9.044451132416725 20.32160702347755 4.298029229044914 2.673656798899174 0.5548104792833328 0.1037070080637932 0 0 0.2107875943183899 2.101467415690422 0.1476560086011887 0.4195600003004074 2.023186177015305 0 0 0 1.211427710950375 0 0.9199848547577858 0.08861012756824493 0.3008406013250351 1.428881868720055 2.581552281975746 1.527849316596985 1.286795899271965 4.453606992959976 38.46340651065111 2.231135420501232 0.6612459570169449 0.1047227159142494 0.2323602437973022 0.2996174469590187 0.565203845500946 0 0.08383574336767197 0 32.51809074729681 4.9425950050354 0 0.2094540446996689 0.3010456264019012 14.79191299527884 0.2522729933261871 5.018025390803814 0.3120519816875458 1.218159914016724 0.7667013704776764 0.445153146982193 0 0.3013062700629234 0.1641596406698227 0.2087214812636375 0 1.41751553863287 0.3780206963419914 0 0 19.94724372774363 9.892117105424404 11.90349890291691 157.4742767140269 12.22530341893435 231.4632382839918 47.94297160208225 191.8738397359848 55.81862886250019 8.349719986319542 21.99158346652985 16.84976614266634 0.3289440646767616 14.56899644434452 3.398490406572819 8.476857751607895 2.145421743392944 0.1387498676776886 1.244482234120369 11.98723722994328 0.5911789536476135 125.6571090966463 13.44183609634638
987.6691055670381 1242.701964735985 38.56591824442148 739.1032755374908 8.337895035743713 824.6299940422177 1650.41559574753 1.525352239608765 0 3823.753084465861 3.420078851282597 93.94365564733744 1016.001136004925 30.88011978566647 1.933974616229534 0.31275574862957 0 0.1046026423573494 0.07636729627847672 0 0 0 0 0 0 0 0 0 0 0 109.2125504761934 0.183855265378952 0 0 0 0.07052268832921982 0.9001805335283279 0 0.08196162432432175 0 0 0 0 0 0 0 26.16399876028299 4.659871906042099 0 0 0.6748841479420662 0.09045814722776413 0 0 5.717909529805183 13.34847815334797 45.71970015019178 215.2665525972843 39.27836610376835 20.43164164572954 0.09982089698314667 0 0 16.05561758577824 3.100956194102764 4.339611634612083 1.78875594586134 0.4046103656291962 0 0 0.96072968095541 1.108145095407963 0.1013863161206245 26.47786889225245 30.65193755179644 13.38959164917469 4.519401140511036 0 0.3116066232323647 1.380383647978306 0 0 12.8819046318531 0.8342437148094177 1.984762914478779 11.89614144712687 1.02107297629118 0.1918691694736481 1.481785655021667 0.2919532880187035 0.2570377588272095 0 0 0 0 36.13563776761293 0 0 0.2103020325303078 241.191882699728 0.9514635354280472 19.92753282934427 17.22092567384243 27.18865743279457 0.6724379062652588 17.68113280832767 13.89907577633858 4.958627507090569 44.69331695884466 13.09788824617863 0.623250812292099 48.6414208561182 22.86059777438641 15.81938638538122 1.624254919588566 0 0 0 0 0 0 0 0 0 0 0 0 0 0 0.1139232069253922 0 0.07253367453813553 0 0 0.3890005201101303 0.5707060098648071 0 0 0 1.243399515748024 0.33091801404953 0.2866235896945 0.1678925007581711 0 0 0 0 0 0 0 0 0.6102781593799591 0.5952691584825516 0.1167030930519104 0 0 0 0 0.09842962026596069 0.2176127061247826 0.2830367982387543 0.2170669585466385 0.503771536052227 3.967823147773743 0.1423948854207993 0 0.1266708523035049 0.3566982746124268 0 0.1977127939462662 0 0.1874510943889618 0 0 0 0 0.8750234097242355 0 0 0 0 1.789114534854889 0 0.120728388428688 0.1506008207798004 0 0 0.7068455219268799 0 0 0 0 0 0.4601078033447266 0 0 0 7.161171108484268 0 0 97.59049068391323 1.90308965742588 77.74876918643713 8.462170615792274 749.9932972863317 27.82232796400785 8.011525720357895 6.983154386281967 1.122963339090347 2.618948109447956 2.130678489804268 0.4782938361167908 36.38802783191204 0.6352864801883698 0 0.1243598833680153 0.8871930837631226 0.2825660407543182 668.874258376658 26.33983388543129
15.91432309895754 618.7785990387201 528.0920993536711 8.337895035743713 322.5565906092525 6.568925648927689 836.7323232516646 10.55602233856916 1440.932134613395 1293.747211039066 796.0525762885809 354.5303515642881 1077.349619559944 3233.434908129275 30.81206121295691 6.405175909399986 0.508538693189621 0.2015823274850845 0.2273052930831909 0 0 0 0 0 0.1215615049004555 0 0.1403009742498398 0.1607525050640106 0.1201319098472595 0 88.69044829905033 5.57605841755867 2.441257499158382 0.09277592599391937 0 0.321240060031414 1.034911304712296 0.1145397573709488 0.7532125040888786 0 0 0 0 0.1055416315793991 0.1165331080555916 0.2211385145783424 138.9962587580085 5.901615120470524 0.6261299550533295 0 0.9290295913815498 0 0 0.1057107299566269 6.462964080274105 9.487341493368149 16.50817654281855 50.36025114357471 21.5647810921073 31.30797208845615 0.2819716781377792 0 0.1457816362380981 14.62568416446447 2.848443642258644 4.875013463199139 3.560041800141335 1.067470878362656 0.07453294098377228 0 1.351986043155193 4.442087307572365 0 19.19198646396399 16.02783045917749 61.88876021653414 34.56917515397072 1.533782757818699 1.31556586176157 0.9272173270583153 0.1868991926312447 0.4501733705401421 10.81679645180702 0.9549866914749146 2.921681806445122 14.36233346909285 1.412941195070744 0.0936148539185524 2.842179663479328 0.08228635787963867 0.5417430177330971 0.106676883995533 0 0.1059539094567299 0.09269376844167709 41.4503717571497 1.599329546093941 0 0.5047559887170792 10.28391732275486 4.823730617761612 15.99248270690441 8.227172411978245 2.597674451768398 1.877675071358681 28.27138797938824 18.38009177148342 25.39609930664301 45.10015483945608 60.92633026838303 7.205702289938927 40.93718717247248 78.25519374758005 68.99173217266798 30.07383499294519 0.8939041495323181 0 0 0 0 0 0 0 0 0 0 0 0 0.2675181329250336 0 0.1163287758827209 0 0.1625319421291351 0 7.742983132600784 1.146350331604481 0 0.9817527830600739 0 8.462941236793995 1.833618208765984 7.958406336605549 0.4431232661008835 0.112143762409687 0 0 0 0 0 0.1656475067138672 0 0.5220968723297119 1.777442388236523 0 0 0 0 0 0 0.1007426604628563 0.1761537864804268 1.341488905251026 2.829182028770447 4.019329965114594 0.3099287748336792 0 19.84874061495066 0.5177706405520439 0 0.08022074401378632 0 0.2513547465205193 0.1018331423401833 0.1063371375203133 0 0 29.0436445325613 0 0 0.09411723166704178 0 19.24126498401165 0.1384857296943665 3.617081232368946 0.8099654316902161 1.442657694220543 0.2349585145711899 0 0 0.1710280179977417 0 0.112274706363678 0 0.5791489705443382 0 0 0 48.97488071769476 3.583685405552387 3.222487136721611 241.0056360512972 6.07570818811655 379.2942775413394 38.85602867603302 120.6330375447869 91.14429713785648 2.903894953429699 45.34763706475496 6.985413387417793 0 15.00191684067249 1.243699319660664 15.19651298224926 0.789899043738842 0.2166438549757004 2.285268038511276 10.32801355421543 1.909656926989555 111.5216388180852 36.88913825154305
152.1605501025915 384.4178674966097 39.44860043376684 824.6299940422177 6.568925648927689 43.60087653249502 100.0340420529246 3.466441951692104 1.121998980641365 614.5508657023311 12.52661127597094 56.18345691263676 86.06909357011318 11.71923885494471 0.5182931423187256 0.3458454459905624 0 0 0 0 0 0.8797605931758881 0 0 0 0 0.1007813662290573 0 0 0 72.82430812716484 0.315323531627655 8.890953727066517 0 0 0.1308612525463104 11.14744862914085 0.3376658856868744 2.934315040707588 0.1629420816898346 0 0 0 0 0 0 5.170918934047222 0.9805423989892006 0 0 0 1.854242600500584 0.2971668988466263 0 1.013209998607635 3.758155599236488 96.82460492104292 213.3827311471105 17.31578174978495 6.495332613587379 0.2668542563915253 7.861172258853912 0 1.244975700974464 1.352662459015846 0.8930994495749474 0.3157028630375862 0.09428752213716507 0 0 40.16859890520573 119.1811377778649 4.995750598609447 7.94865944236517 7.155893132090569 2.04508963227272 0.1185475364327431 0.1190341264009476 0 10.57511451840401 0 8.367219053208828 3.441250644624233 0.8653196692466736 0.2852979674935341 2.026858560740948 0.3333459049463272 2.457964591681957 0.7365503832697868 6.317219607532024 0.6768845170736313 0.2686679363250732 0 0 0 482.5275116860867 46.15049068629742 2.074537605047226 13.1557839512825 394.8851254209876 0 39.59843155741692 5.772847905755043 2.880233198404312 0.4789244830608368 13.93851673603058 17.38743379712105 7.513084933161736 26.78139189630747 21.11771087348461 2.906188853085041 16.64906048029661 36.88546192646027 22.92920528352261 2.882033504545689 0.251840353012085 0 0 0 0 0 0 0 0 0 0 0 0 0 0 0 0 0 0.105489045381546 0.4706621915102005 0.09962186962366104 0 0 0 0.4711666256189346 0 0.1177131533622742 0.4361739307641983 0.1230337098240852 0 0 0 0 0 0 0 0 0 0 0 0 0 0 0 0 0 0.2053186520934105 0.1107340604066849 6.373892784118652 0.1128637343645096 0.1402950584888458 0.2362897172570229 0 0 0 0 0 0 0 0 0 1.295762985944748 0.7176612913608551 0 0 0 0.9224056005477905 0 0 0 0 0.1189856678247452 0 0 0 0 0 0 0 0 0 0.1177668198943138 19.14131955057383 0.814480684697628 0.3267437517642975 50.08524934947491 1.625844672322273 11.30697473883629 7.581356391310692 384.3654911890626 10.82481360435486 1.434878252446651 0.6103122681379318 0.5631456226110458 0 1.40516322851181 4.021295547485352 43.63614904880524 0.1044207513332367 2.284710884094238 0.1083781868219376 0.2621142268180847 0 217.8905071392655 39.85045779496431
437.8451851382852 1550.831320315599 130.0951185375452 1650.41559574753 836.7323232516646 100.0340420529246 875.1947069689631 14.15328444540501 495.3929448872805 2150.435741409659 322.03343719244 431.9482125341892 8854.510849587619 5001.358103662729 25.49646860361099 4.869629934430122 0.224069818854332 0 0.2948749586939812 0.08876486867666245 0 0 0 0 0.1356302201747894 0 0.1921201199293137 0 0.1152382791042328 0 129.6647745966911 3.422754347324371 2.667977944016457 0 0.1102350950241089 0.1311389952898026 3.974924176931381 0.1216730922460556 0.1947222501039505 0 0 0.2423150390386581 0 0.4157053083181381 0.107632003724575 0.4974494427442551 133.7082406356931 10.98555297404528 0.587840810418129 0 0.9900034666061401 0.09388031810522079 0 0 12.05553439259529 23.32164435833693 46.86732129007578 167.8412387222052 53.3543394356966 50.86770721524954 0.09422636032104492 0 0 35.90027159452438 6.419800870120525 9.241199642419815 5.734433561563492 0.9206762686371803 0 0 1.880487605929375 1.822397515177727 0 48.6460452824831 39.4619707390666 67.16688051074743 31.31874530017376 1.28135734051466 0.6223751753568649 1.740594886243343 0.8422482386231422 0.5442911982536316 20.4782330095768 1.485720202326775 4.787928305566311 28.0440486073494 1.635116405785084 0 4.837386511266232 0.7061318606138229 0.7233229428529739 0.1196841895580292 0.1071436032652855 0.1611810699105263 0.09872976690530777 47.92947365343571 1.169821426272392 0 0.5845531076192856 56.67591734230518 5.632936157286167 20.9219391644001 16.98416686803102 15.41593860089779 0.796960785984993 40.5556476265192 14.1529700756073 22.98528438061476 53.73442068696022 55.16524579375982 4.830987304449081 36.31451316177845 61.12213540822268 53.57155517488718 22.75410664081573 0.2462325990200043 0.1166430413722992 0 0 0 0 0 0 0 0 0 0 0 0 0 0 0 0 0 7.150991156697273 0.5984915047883987 0 0 0.6249854564666748 8.141111798584461 0.5269490927457809 6.292455054819584 1.546607315540314 0.3237385377287865 0 0 0 0 0 0 0 1.367916837334633 0.5580202490091324 0 0 0 0 0 0.4014726877212524 0.4138579219579697 0.5359001532196999 0.9108081310987473 0.9608469381928444 3.284155815839767 0 0 17.39567682147026 2.16532688587904 0.2141117751598358 0.1212743446230888 0.5003754273056984 0.4599974453449249 0 0.1146170794963837 0.08640826493501663 0 16.8641637340188 0 0 0 0.1789475381374359 15.51214823871851 0.1627940237522125 4.272027984261513 0.7126054838299751 1.445439465343952 0.4921342954039574 0.1519108712673187 0 0.2893476709723473 0 0.1041938811540604 0 1.097926154732704 0.671198233962059 0 0 44.77754807472229 3.633495219051838 3.642827197909355 191.9298421964049 6.913069494068623 365.9847807958722 43.371551848948 266.2766480147839 95.95020140707493 7.962855987250805 31.98956605792046 4.504771642386913 0.3141761794686317 13.14300534874201 1.623792447149754 24.10558776557446 0.5974245518445969 2.209079802036285 2.010572992265224 8.317589119076729 1.919447660446167 254.265918686986 34.66042777150869
39.87506926804781 73.97394754737616 4232.978436380625 1.525352239608765 10.55602233856916 3.466441951692104 14.15328444540501 906.30464220047 6.517433390021324 7.697594985365868 843.3663791567087 6.40984058380127 141.2436974346638 543.7510998025537 80.06019143760204 51.29482202231884 1.456385724246502 0.3538562133908272 0.4206837117671967 0.5148174315690994 1.700059413909912 0.2625467106699944 2.919327594339848 1.331839337944984 6.845889046788216 1.235474452376366 7.303258009254932 0.8743970468640327 1.58491026610136 0.8688611909747124 910.5682344958186 2877.925568558276 79.40641976892948 1.383483901619911 5.635543398559093 9.52922298759222 53.63876343518496 34.28268983960152 38.36949697136879 8.508006550371647 7.405279256403446 3.61000020802021 1.030519716441631 5.053188845515251 0.8519135117530823 4.359288096427917 238.2635299935937 8.344089493155479 1.480403535068035 1.621632300317287 2.974660404026508 0.977934367954731 2.08120958507061 0.4409612417221069 6.901051484048367 12.36490605026484 30.07282762229443 273.3967053443193 31.37007183581591 41.41378907114267 15.84369181841612 186.0669390782714 1.797970458865166 270.0200444683433 3.757390603423119 7.214850626885891 4.59083217382431 2.947654016315937 3.417119137942791 2.496287249028683 27.69738749414682 23.10233971476555 0.437846302986145 35.78945700079203 51.88691972196102 125.0895077213645 143.7756780534983 95.29775644093752 756.5519883111119 1090.766043141484 22.73944628983736 764.4893014878035 16.14479226619005 0.4698231369256973 3.762298077344894 18.48063153773546 2.359397433698177 0.7309390753507614 4.293318882584572 0.5963974446058273 1.422996237874031 0.1657632440328598 5.562397666275501 1.292962938547134 0.6665850877761841 44.92951370030642 21.42818193882704 0.6014341115951538 21.37695351243019 55.41238219290972 2.043524697422981 3.303099036216736 0.5353809148073196 0.6411734968423843 0.3930300176143646 1.401274994015694 1.240335464477539 1.931876584887505 3.35324701666832 8.344330385327339 1.467584654688835 3.158589959144592 9.038058698177338 7.158870108425617 8.610120058059692 0.6553196758031845 0.3814411833882332 0 0 0 0 0 0 0 0 0.6209480091929436 0 2.357190907001495 0 0.3570293858647346 0 0.2178483456373215 0.2362331748008728 0.1554886549711227 2.621266417205334 0.2374581173062325 0.2947634160518646 2.032276652753353 0.4115181118249893 8.274600371718407 8.661488518118858 12.6892407387495 3.936375454068184 4.598923519253731 0 0 0 0 0.1045051440596581 0.4072628766298294 0 0.3891303837299347 0.8271615356206894 0 0.1120576784014702 0 0.649038553237915 0 0 0 0.1705986633896828 1.125723510980606 1.039981156587601 0 0.5133944153785706 3.171838648617268 21.45084040611982 0.3661907315254211 0.5603949278593063 0.1004203855991364 0.3241301327943802 0.189870610833168 0.4147773385047913 0.08868169784545898 0.1447888016700745 0 18.31714790314436 5.199383050203323 0 0.09993876516819 0.149425134062767 7.460550047457218 0.1240111365914345 4.012580156326294 0.68763617426157 0.2438200563192368 0.2774173468351364 0 0.09377149492502213 0.08876994997262955 0.1274555176496506 0.1973790302872658 0 0.8724844604730606 0.2551657259464264 0 0 7.975403092801571 7.027153871953487 7.802685290575027 261.9176361784339 8.572590731084347 461.825920380652 63.61869060993195 92.04302183538675 77.84391222149134 2.73704869300127 43.71507503837347 15.86037726700306 0.2428242713212967 8.666466362774372 1.107508331537247 4.080001905560493 0.8745272234082222 0.1149065643548965 2.499084368348122 25.68753126263618 8.364215493202209 47.782823741436 7.519298911094666
3.23842191696167 208.9915284663439 228.7874378710985 0 1440.932134613395 1.121998980641365 495.3929448872805 6.517433390021324 213.7089804410934 54.38947039842606 428.3695970773697 30.57150299847126 459.9420314729214 928.8176404833794 3.357085503637791 2.328872010111809 0.1025275513529778 0 0 0 0 0 0.2567626237869263 0 0 0 0 0.268457293510437 0 0 12.15550401061773 0.4264640510082245 0.7667707800865173 0 0 0 1.999376192688942 0 0.09645095467567444 0 0 0 0 0 0 0.105608157813549 10.13247422128916 0.4119944050908089 0 0 0 0 0 0 0.328324556350708 0.303968220949173 0.906440757215023 2.310964398086071 0.9189889952540398 2.726384744048119 0 0 0 0.8377530351281166 0.09372622519731522 0.1826786175370216 0.3031084164977074 0 0 0 0.1562276780605316 0.4360157549381256 0 0.59354417771101 0.4917945191264153 5.366541460156441 4.061647295951843 0.2029632031917572 0 2.959307745099068 0 0 0.8623813465237617 0 0.1123901009559631 0.4941448718309402 0 0 0.09192632138729095 0 0.1073179766535759 0.08574941009283066 0 0 0 8.512802258133888 0 0 0 1.488152533769608 1.329590208828449 2.086602136492729 1.52289180457592 0.1221001669764519 0.9859918653964996 4.644888922572136 2.133093684911728 4.299180045723915 6.989621758460999 6.698689326643944 1.180250599980354 7.081342227756977 12.30143701285124 10.96056146919727 3.132698886096478 0.3413638174533844 0 0 0 0 0 0 0 0 0 0 0 0 0 0 0 0 0 0 1.652896113693714 0 0 0 0 1.520508289337158 0.5300183743238449 2.53638207167387 0.3257938027381897 0 0 0 0 0 0 0 0 0.1868670582771301 0 0 0 0 0 0 0.1833105534315109 0.3322072625160217 0 0.4855651557445526 1.018576875329018 0 0 0 3.753413707017899 0 0 0 0 0 0 0 0 0 2.979189895093441 0 0 0 0 4.004821360111237 0 1.864721119403839 0 0.109609067440033 0 0 0 0 0 0.1117448359727859 0 0 0 0 0 11.38498821854591 0.5228363871574402 1.404755890369415 30.27333544194698 1.827989339828491 30.99668023735285 4.811832964420319 10.28418385982513 8.684638738632202 0.2938397079706192 3.057959273457527 0.600312814116478 0 2.57524286210537 0.2805061042308807 2.173923134803772 0.251355916261673 0.117290772497654 0 0.4219928681850433 0 11.91467002779245 4.950701773166656
567.174011901021 1483.867536500096 63.1711528673768 3823.753084465861 1293.747211039066 614.5508657023311 2150.435741409659 7.697594985365868 54.38947039842606 4113.010751053691 59.33094971626997 3140.226884618402 7214.639558978379 319.964417591691 13.93029926717281 3.780286818742752 0.3645719811320305 0 0 0.3017873391509056 0 0.1409417390823364 0 0.09266276657581329 0.3242428228259087 0 0.07387914508581161 0 0 0.1955271065235138 68.16909060627222 2.14551518112421 40.02352513372898 0.09041642397642136 0 0.135375514626503 144.9417287558317 0.8442424535751343 1.828028112649918 0.2595677375793457 0.1876164674758911 0 0 0 0 0.09052367508411407 84.58642075955868 4.41932900249958 0.911327451467514 0 0 0 0.5628427714109421 0 4.908334210515022 11.22822871059179 31.08689808100462 99.31761849671602 30.97738406062126 20.90996881574392 0.3425783216953278 3.142180919647217 0.288877934217453 17.0470671877265 3.037050403654575 3.48352487385273 2.435837723314762 0.2719529420137405 0 0 125.5133716911077 8.814835585653782 0.6114116981625557 20.36125933378935 29.64110761880875 31.71890786290169 14.27993775904179 1.389151431620121 0 5.432896673679352 0 1.974858671426773 10.68442863225937 0.8199258893728256 2.180552460253239 10.26358813792467 1.709428958594799 0.2572098672389984 2.965413585305214 0.1587604582309723 0.1954983770847321 0.1258952766656876 0 0 0.2398572266101837 488.6774683818221 27.44642724096775 1.207205981016159 9.633551120758057 121.8226201832294 10.61160618066788 138.7916294038296 48.43007270246744 30.49358791857958 7.227097652852535 128.6994435712695 73.37497547268867 99.20068576931953 319.1641038432717 219.8413205519319 22.05900150537491 177.1224744319916 283.6171618402004 217.7414645701647 74.98007147759199 1.146209895610809 0.1257052719593048 0.2332125753164291 0 0 0 0 0 0 0 0 0 0 0 0 0 0 0 0 18.72092463076115 3.383145906031132 0 0.2335191369056702 0 15.5573501214385 1.876939162611961 17.83538412302732 2.138197615742683 0.4929685592651367 0 0 0 0 0 0.2508182525634766 0 1.405563488602638 4.371361143887043 0 0.1606726348400116 0 0 0 0.5290836319327354 0.1459955722093582 0.5836206823587418 2.915538109838963 3.347905166447163 13.19575709104538 0 0.1036427989602089 58.33215934038162 3.305371791124344 0.4463549703359604 0.9875117242336273 0.08714102208614349 0 0.0911036878824234 0 0 0 47.48798462748528 2.033463642001152 0.2742952480912209 0 0 54.18557365238667 0 10.02998824417591 0.6080960184335709 2.879131883382797 3.817251726984978 1.755765646696091 1.167729057371616 0.09046698361635208 0.09104416519403458 0 0 0.8273072466254234 0.1336451321840286 0 0 182.5670715868473 7.21253626793623 4.90080376714468 439.1657586991787 6.057144992053509 271.7518822848797 45.37942449003458 677.2484461590648 89.15765995532274 4.236253157258034 43.71546317636967 27.0349169075489 3.590142920613289 24.24675640463829 3.814000062644482 154.5721694603562 3.598657317459583 6.500213108956814 3.269783511757851 13.25801867246628 1.976869195699692 1268.985732756555 263.1247199699283
121.0554747506976 798.1929053887725 2435.265834279358 3.420078851282597 796.0525762885809 12.52661127597094 322.03343719244 843.3663791567087 428.3695970773697 59.33094971626997 872.1888202279806 52.86621470749378 1636.991315335035 3907.436327323318 80.23222853243351 42.26856794953346 2.878043137490749 0.09366731345653534 0.08736212551593781 0.08782902359962463 0.2723647356033325 1.102784186601639 1.550812676548958 0.8885764926671982 3.392971105873585 0.853566974401474 2.416810229420662 0.8174754828214645 1.118967711925507 0.3792525753378868 694.0917055234313 242.253246113658 707.2655979022384 0.22255739569664 1.170334205031395 4.768433608114719 268.2907565385103 30.03181647509336 62.58822402358055 5.114972159266472 2.002889670431614 1.716304995119572 0.3306065648794174 0.7373360320925713 0.199987530708313 1.002818435430527 202.1448118984699 7.688872531056404 1.657057948410511 0.5125977769494057 1.700096413493156 0.7592268288135529 2.741361275315285 1.698221683502197 6.226797096431255 10.94528100639582 30.59231328964233 157.6753701195121 29.54553375393152 34.56060173362494 2.196307852864265 85.48268204182386 1.258535668253899 33.75266746431589 4.117034837603569 4.552539303898811 3.339124664664268 0.7553164884448051 0.7332572191953659 1.035703927278519 138.7871443331242 33.4756652712822 0 26.99357689172029 23.68873021006584 89.02421869337559 64.05593820661306 11.67589162290096 66.29900448024273 369.438603118062 0.0969177708029747 96.53868543356657 12.74503717571497 1.006169207394123 3.78112119436264 14.80288996547461 1.526216559112072 0.1960881948471069 6.066976256668568 0.7453192174434662 1.609922707080841 0.5581799000501633 2.299131125211716 0.3806952461600304 1.271075941622257 104.1165353655815 38.83298708498478 0.5716674402356148 38.97978244721889 84.65517234802246 9.259333439171314 12.87794306874275 5.627053640782833 2.750897198915482 1.440393552184105 16.16669400781393 10.50565528869629 13.2763322070241 16.00192451477051 48.61664109677076 4.27589688450098 22.94294902682304 45.10837962478399 36.52537754923105 32.48688715696335 1.634484723210335 0.7316044121980667 0.1727399080991745 0.1700368970632553 0 0 0 0 0.1880736649036407 0 0 0 1.726130716502666 0 0.1106632500886917 0.133624404668808 0.1942870616912842 0.3697177469730377 0 10.45172978192568 1.025740429759026 0 0.9763608574867249 0 18.96579097956419 8.571088962256908 24.69597099721432 4.067025922238827 1.905964739620686 0.4334351420402527 0.1093001067638397 0 0 0.3586103767156601 0.6259583309292793 0 1.741266831755638 0.9564306065440178 0 0 0 0.1392855793237686 0 1.462525777518749 0.1071809530258179 0.2035807371139526 3.412379384040833 1.362196639180183 0.8000227510929108 1.64401937276125 1.035616666078568 46.17578655481339 3.215162448585033 0.0858919695019722 0.6400477290153503 0 0.08093169331550598 0.2178008258342743 0.08813042193651199 0.1005410999059677 0 46.78496537357569 4.471188202500343 0 0 0 27.01661900430918 0.2596442997455597 8.68996325135231 1.122764185070992 3.657491534948349 1.225136637687683 1.107407063245773 0.09995035827159882 0 0 0.1915344744920731 0 0.490961492061615 0 0 0 39.47499600797892 8.174077652394772 7.987669833004475 383.9723253622651 11.04272369295359 445.0256581604481 65.98708328604698 129.6785039454699 84.36052168905735 5.326452799141407 60.9981440231204 21.56840480864048 0.07484502345323563 18.37043829262257 2.610533513128757 15.9512477889657 2.256396904587746 0 1.520365044474602 33.89409214258194 4.569494038820267 71.11189091205597 37.09440209716558
24.71427694708109 262.0604895949364 20.78684256225824 93.94365564733744 354.5303515642881 56.18345691263676 431.9482125341892 6.40984058380127 30.57150299847126 3140.226884618402 52.86621470749378 339.2618901133537 2357.990264371037 129.8017614111304 14.50901646912098 9.642248377203941 0.6507664173841476 0 0.1104341298341751 0 0 0.186856672167778 0 0 0.1257672905921936 0 0.1384952366352081 0 0.35072261095047 0.1167454272508621 10.85755586624146 0.1724410653114319 84.51090569794178 0.112262487411499 0 0.0969749391078949 233.2264626398683 4.76796767115593 30.74441035091877 2.892851762473583 0 0.1633829027414322 0 0.2805055528879166 0.2510505616664886 0.5564747378230095 20.71696061640978 0.3288711830973625 0.2262270003557205 0 0 0.5734236836433411 2.685548558831215 0.7755493372678757 1.51065818220377 0.9281723648309708 2.278823018074036 7.599939726293087 1.422662928700447 4.301163874566555 0 10.10945834219456 0.1343321800231934 3.916118152439594 0.4446594715118408 0.2677638009190559 0.07985365390777588 0 0 0 237.9338590875268 32.83605895191431 0.2424813508987427 1.488731920719147 1.405548959970474 7.16038666665554 10.87573273479939 3.392564177513123 0.131744384765625 23.14973691850901 0 5.477971345186234 0.8980335965752602 0 0.4644028469920158 1.059024035930634 0 0.08818437159061432 0.2321711108088493 1.258589431643486 0.254340186715126 0.1788805425167084 0 0 0 1102.569395698607 181.1815313249826 5.65872785449028 44.41906033456326 35.75492929667234 4.433569855988026 18.37043116986752 22.98617352545261 7.976690068840981 2.764510288834572 66.87119857221842 27.98658357560635 42.47784673422575 79.48154086619616 100.7109792754054 12.95856194198132 98.05882693827152 173.7211168780923 147.6359848827124 58.24019978940487 0.9494878649711609 0.1109938472509384 0.1052304208278656 0 0 0 0 0 0 0 0 0 0.4481586366891861 0 0.1771426200866699 0.126003697514534 0.1150924190878868 0 0 13.13027051091194 0.9681181684136391 0 0.1474989503622055 0 19.08524767309427 0.3278924077749252 14.50987533479929 1.292802944779396 0.2123621851205826 0.1607577800750732 0.1125819757580757 0 0 0 0 0 0.477337121963501 1.445676214993 0 0 0 0.2268077954649925 0 0.3754464015364647 0.2782444059848785 0.07786056399345398 0.8835875540971756 3.844651587307453 1.284096017479897 0 0.1334382444620132 38.9875398054719 2.233239158987999 0.09417632967233658 0.2842634618282318 0 0.1040318310260773 0 0 0.102058045566082 0.471556581556797 54.06240040808916 0.5701115727424622 0 0 0 46.50352288037539 0 5.16785491257906 1.692391186952591 2.111314795911312 0.2835572361946106 0.4164201095700264 0.2384941726922989 0.1192933470010757 0.1055073067545891 0 0 0 0.1103502437472343 0 0.127001628279686 153.5770837515593 8.721660770475864 3.981315813958645 148.232739880681 2.71656160056591 81.88750945776701 18.54884997755289 94.25378449261189 19.8318010866642 1.372906543314457 17.44884443283081 8.289805024862289 0 16.77804913371801 0.9264332875609398 16.01603750139475 2.939311653375626 0 1.623087540268898 9.268344551324844 0.6847118139266968 439.7503818422556 141.6123817041516
186.7310208156705 2057.079829216003 306.9758732393384 1016.001136004925 1077.349619559944 86.06909357011318 8854.510849587619 141.2436974346638 459.9420314729214 7214.639558978379 1636.991315335035 2357.990264371037 3959.294168487191 4254.148783497512 60.0801470130682 37.84222096949816 2.513939581811428 0.3345978409051895 0.3098292052745819 0.09461726248264313 0 1.256871290504932 0.1483002305030823 0.112716905772686 0.6126871630549431 0.1128480955958366 0.4201972857117653 0.7607296705245972 0.09556432813405991 0.4462953731417656 189.6455322280526 3.096869602799416 448.9354404360056 0.1860371008515358 0.530357614159584 0.1350978016853333 423.5428842380643 27.25358764082193 37.7305531874299 8.202933140099049 0.4141345620155334 1.183052331209183 0.1238694489002228 1.080477602779865 0.5103833302855492 0.293965220451355 117.6904847100377 3.190403781831264 1.058901876211166 0 0.6166808530688286 1.051849320530891 6.380436614155769 0.1674909591674805 3.909733980894089 9.592950344085693 22.76122445613146 65.49679801613092 22.55199065804482 23.34494534134865 0.8952741548418999 27.97626438736916 1.199897274374962 17.92661924660206 3.289028197526932 3.124641135334969 3.112729214131832 0.1109933033585548 0.2375372499227524 0.0895087718963623 341.96967086941 26.68639320880175 0.1573573350906372 16.44176764786243 16.92758116871119 50.33234016597271 45.2700277864933 7.742129623889923 0.6429120078682899 200.5988876596093 0.08235960453748703 5.534042254090309 8.16602099686861 0.595796026289463 2.248630583286285 11.10236981511116 1.036442533135414 0.1193865984678268 1.885708332061768 0.3053013756871223 0.5257605984807014 0.1498714983463287 0.2362983897328377 0.1106029003858566 0.3092804104089737 1056.052343852818 65.91427533328533 0.8113749325275421 28.79599715024233 64.55979976803064 16.17141158878803 49.35559626668692 43.14031672477722 16.97426656633615 7.321159929037094 137.859922811389 49.41931833326817 103.3827919438481 194.8890127688646 209.9524295404553 30.26809820532799 167.3067902252078 343.6385774612427 303.7318380847573 139.0511069074273 2.347960263490677 0.1743447333574295 0.1511329263448715 0.3130599558353424 0 0 0 0 0 0 0 0 1.371993042528629 0.1523146331310272 0.1217958778142929 0.110937774181366 0.1201465427875519 0 0 44.09556702524424 3.638885140419006 0 0.2199221923947334 0 47.6195006519556 2.441225409507751 40.61160512268543 2.269164569675922 0.4604038298130035 0 0.1654778718948364 0 0.1090807542204857 0.3426513522863388 0.4440369158983231 0 2.404780551791191 2.606981985270977 0 0 0 0.2308640852570534 0.1709811091423035 0.4890612065792084 0.648823469877243 0.1525462716817856 4.136183016002178 7.003371000289917 8.839720673859119 0.2309774905443192 0.2678993791341782 97.38338824361563 4.608047284185886 0.4681995883584023 0.7297186776995659 0 0 0.1353957653045654 0 0 0 132.9450112655759 2.139151841402054 0.3397581279277802 0 0 96.03373927623034 0.4631766676902771 27.72975292056799 1.934845164418221 5.639639638364315 3.069998234510422 0.396501749753952 0.870147317647934 0 0.08193329721689224 0 0 0.7158169597387314 0 0.212215319275856 0 291.2413372546434 18.32712250202894 12.70138866454363 494.3120446950197 8.50462568551302 368.5531927645206 66.97302158176899 208.6252248808742 77.36978840827942 5.993949897587299 68.76798584312201 22.40547791868448 1.306878536939621 36.54498458653688 4.087544545531273 55.78491421043873 5.823056325316429 1.562846660614014 8.483962401747704 25.92336374521255 1.916935130953789 545.8960406705737 232.34030623734
