318.2880093976855 1629.990796729922 805.0659025982022 1475.069280013442 157.6688062697649 275.4115389660001 493.0762354284525 58.90947065502405 56.02901408821344 1175.678243808448 175.3332019001245 39.55532138794661 181.0176207274199 292.9262842983007 5.581880651414394 1.798435613512993 0.5674218684434891 0 0 0 0.5398316383361816 0.3072270750999451 0.6451103165745735 0.1446639448404312 0.2196434214711189 0 0 0 0 0 1839.054025307298 60.50104600936174 40.75420915335417 0.3073807209730148 0.3717925101518631 0.5934932604432106 13.21444417536259 4.766174584627151 5.25934512168169 0.1851578578352928 0.1084825769066811 0.3733912482857704 0.1010573133826256 0 0 0 42.43824187666178 4.575832985341549 0.3991906195878983 0.32139852643013 1.313520774245262 0.6647027581930161 0.2588303238153458 0 12.71205493062735 28.51664614677429 103.0869644656777 655.9212033078074 25.56761638820171 89.9607263430953 0.2293868884444237 7.933362610638142 0 35.32974441349506 9.30244006216526 8.025657258927822 3.222545802593231 1.82193848490715 0.5021033212542534 1.829737514257431 13.52131159603596 1.776436701416969 0 285.4481165483594 76.74770586937666 41.99310603737831 8.30662989616394 0.4040083438158035 3.146264344453812 73.20881322026253 0.3687886372208595 10.76059652119875 38.1018930003047 0.9931035712361336 9.232639193534851 6.770467333495617 1.404521487653255 0.2270935028791428 3.23381157964468 0.3093986064195633 0.8166052848100662 0.9017565548419952 1.276260890066624 0.5749437287449837 1.486316658556461 93.50024554878473 7.543670207262039 0.739100843667984 3.722337879240513 943.1341248080134 0.171321228146553 0.4445928037166595 0.4370205402374268 1.611903443932533 1.468890905380249 2.974095299839973 5.828173995018005 3.022917494177818 2.276288241147995 6.927782088518143 0.1042072772979736 6.389681622385979 7.912232048809528 4.144580729305744 0.340979166328907 0 0.09268824756145477 0 0.6565529927611351 0 0 0 0 0 0 0.2834275662899017 0 0.661307230591774 0 0 0.3741746842861176 0.1091730371117592 0.2232755348086357 0.2672172412276268 0.6444213464856148 0.1611757576465607 0.1570088714361191 0 0.2859760820865631 1.036481663584709 0 3.098141066730022 0.4102199748158455 1.050083220005035 0 0 0 0 0 0 0.1875555366277695 0 0 0 0 0 0.1005295291543007 0.09168985486030579 0 0 0.4353019297122955 0 0 0 0 0.1644371300935745 1.755789436399937 0.9059556424617767 0 0 0 0 0.1746497005224228 0 0 0 2.207312546670437 0 0 0 0 2.305791109800339 0.1440049558877945 1.324459001421928 0 0 0 0.1347411870956421 0 0 0 0 0 0 0.6865439563989639 0 0 1.388583928346634 0.6337315142154694 0.111088789999485 249.5938266143203 8.440043427050114 121.7316969260573 26.79540272802114 1098.028591893613 12.76364421844482 6.140866637229919 12.09806726872921 32.14593084901571 3.00178599357605 0.3008686900138855 0.1170538738369942 5.021125942468643 0 0 0.1270771324634552 0.9678109884262085 1.095715761184692 421.5492165312171 1.704972237348557
1629.990796729922 612.0416866019368 1387.785644821823 2268.533286973834 1940.916595987976 134.3469636887312 1819.378462031484 130.7885056138039 589.8606011271477 885.938512980938 389.4746486693621 49.82837434113026 661.1552794352174 1150.094548404217 27.36904915422201 4.901654750108719 0.1238285675644875 0 0.1095373556017876 0 0.7735289856791496 0 0.1386536657810211 0.118664413690567 0.2219712659716606 0 0 0 0.07826335728168488 0 1297.884328640997 57.16212704777718 76.26629386842251 0.2392915040254593 0.4490381926298141 0.7447023540735245 35.21848867833614 10.09263074398041 10.36803007498384 0.2956672087311745 0.3981549590826035 0.7271414995193481 0 0.3662032783031464 0.1308676153421402 0.147663950920105 121.3738985061646 7.07130753993988 0.493121013045311 0.5454731732606888 1.131517238914967 1.407939374446869 0.6058919131755829 0.7618598639965057 14.83137194812298 29.29548394680023 20.35097986459732 257.0830226838589 14.61309909075499 98.09765579551458 0.3197264522314072 12.87075185775757 0 60.23373488336802 12.06555033475161 8.755695432424545 3.023331560194492 1.533243916928768 0.6302241533994675 0.6353489682078362 26.93885493278503 0.6585627347230911 0.2212054282426834 205.5899007022381 142.3009566143155 111.3469179719687 35.200379088521 3.208360634744167 3.10320620983839 92.11620660126209 0 15.02007595449686 30.71009781211615 0.5182883590459824 11.00363598018885 7.886567935347557 1.410641439259052 0.4016333967447281 5.113987609744072 0.4003854691982269 1.203213036060333 0 2.130689673125744 2.42392111569643 3.069724142551422 16.71141014248133 1.075366839766502 0.272110253572464 3.911903649568558 418.6967267692089 0 0.5548086166381836 1.180070921778679 0.7104948163032532 0.8707534074783325 12.87895785272121 2.062317065894604 4.37626925110817 4.045125491917133 5.033782571554184 1.562090277671814 9.578547939658165 11.76905523240566 9.072129614651203 5.911303281784058 0 0 0.5267018675804138 0.1469547897577286 0 0 0.1502683907747269 0 0 0.1700716465711594 0.4001717939972878 0 0.1126499697566032 0 0.1343694180250168 0 1.11720398068428 1.132653072476387 0.2148283720016479 0 1.483803115785122 0 0.1042309924960136 0.1219482719898224 1.78557513654232 0.6827452182769775 1.943118125200272 1.572593860328197 0.5435151904821396 0.4009924381971359 0 0 0 0.3324321806430817 0 0 0 0 0 0 0.2991833612322807 0.4852996021509171 0.1771658360958099 0 0 0 0.08739884197711945 0.2283919751644135 0 0 0.4722468554973602 3.742899954319 1.50093112885952 0 0 0.5548856258392334 0 0 0 0 0 4.699138693511486 0 0 0 0.1671536415815353 8.207673691213131 0.2739195674657822 3.01653791218996 0.08702655136585236 0.2405968308448792 0.4707562923431396 0 0 0 0 0 0 0.2215325832366943 0 1.150423526763916 0 5.69061441719532 1.365379221737385 3.186606645584106 370.9345977529883 12.9937834367156 260.5101895108819 61.09916269779205 412.1845096796751 32.77912375330925 3.553161725401878 39.52318907529116 16.58555004000664 0.4619858115911484 0.5831191763281822 0.6184177845716476 5.856407403945923 0 0.439376100897789 0.6184497252106667 4.635508872568607 1.676735587418079 119.6441616788507 4.205579467117786
805.0659025982022 1387.785644821823 1051.69552244246 520.1180862039328 1937.603196077049 30.65115634351969 328.8075901344419 1466.280011668801 1249.785452209413 200.5950490236282 1976.576366402209 39.72053804993629 299.2930792048573 1848.205290563405 24.07238502800465 6.158738233149052 0.8731735870242119 0.1478094458580017 0 1.814266160130501 2.431358940899372 1.17075489461422 0.3117293417453766 0.132871612906456 0.6513751000165939 1.2730917558074 0.2774136811494827 0.1328442543745041 0 0 3377.103053674102 692.3436150327325 135.3206058070064 1.162666283547878 0.6625371426343918 1.628800638020039 35.00310423970222 18.87630020081997 17.75973080098629 1.370726279914379 1.390610091388226 0.6576722338795662 1.548329591751099 0.09772623330354691 0.2973248362541199 0.6875426769256592 98.72614208608866 4.141748867928982 0.2665853053331375 1.025381654500961 3.080870196223259 3.437176361680031 2.041511818766594 0.9637214839458466 8.963556624948978 16.84857435524464 16.59073458611965 315.2548043504357 9.100042186677456 64.80666248500347 2.636368788778782 40.38129540532827 0.5078322440385818 206.6000455543399 7.197270654141903 6.552364215254784 2.705067247152328 1.92611039429903 2.537507109344006 4.307626999914646 34.68414287269115 2.113055266439915 0.1013254672288895 147.5446399822831 165.9109220951796 88.28240398317575 40.65057002007961 3.201561458408833 36.16131140291691 546.371754065156 1.222890362143517 107.8886100202799 22.63095458596945 0 5.34391412883997 2.965141832828522 1.76944375038147 0.4717427864670753 2.232444055378437 0 1.665027692914009 0.2202250361442566 11.24857053905725 3.560611337423325 5.048776142299175 16.14717024564743 0.9833724871277809 0.3179599642753601 4.854239381849766 188.6609494015574 0.2422003149986267 0.1183315813541412 1.258486211299896 0.8751712888479233 0.4850724041461945 5.858530700206757 0.6398004591464996 2.436607182025909 4.221139706671238 6.366553328931332 0 6.862059623003006 7.36152870953083 6.475239872932434 2.631640866398811 0 0 0 1.219286844134331 0 0 0 0 0 0 0.2170927301049232 0.08991039544343948 0.8094600811600685 0 0.1082143560051918 0.3148247450590134 0.2680768743157387 0.677666574716568 0.1253479868173599 0.3007485345005989 1.294642016291618 0 0.605589359998703 0.7893149852752686 2.365969330072403 1.369117826223373 2.03547541052103 0.7506068050861359 1.149062737822533 0 0.1584171056747437 0 0 0.2256509438157082 0.5112759470939636 0 0 0 0 0 0.1419187933206558 0.9983133599162102 0.6668758317828178 0 0 0.9662380218505859 0 0.2086601406335831 0 1.015075206756592 0 4.667074009776115 0.4904579222202301 0 0 0 0 0 0 0 0.1062046140432358 7.638509653508663 0.3887060731649399 0 0 0 4.51335147768259 0 2.316487178206444 0.1311852484941483 0 0.2112144157290459 0 0 0 0 0 0 0 0 0.1185264214873314 0 3.273904204368591 0.9465946704149246 4.208667032420635 253.4743457958102 7.986072957515717 174.9475642815232 48.87769727408886 246.2349114716053 15.67591554671526 0.7689754068851471 36.30244957655668 10.0393541008234 1.614225506782532 1.386233828961849 0.2958300560712814 1.371651142835617 0 0 0.1132011562585831 3.804235629737377 0.704472079873085 77.29095977544785 4.259652972221375
1475.069280013442 2268.533286973834 520.1180862039328 347.6315171942115 202.6365903541446 654.1366265788674 1520.597290478647 2.381179578602314 38.32351270318031 1104.930903345346 4.016637325286865 62.53184270858765 860.2842200472951 124.3586001545191 2.900910966098309 0.09987033158540726 0 0 0 0 0.09533810615539551 0 0 0 0 0 0 0 0 0 164.2570013776422 7.13693780452013 2.017516024410725 0 0 0 1.651075206696987 0.697501428425312 0.9705198481678963 0.3209063708782196 0 0 0 0 0 0.09219264984130859 23.84121480584145 1.365206964313984 0.3309218436479568 0.3925937116146088 0.4703232422471046 0.1483384221792221 0 0 5.53779449313879 9.79196697473526 11.75503446161747 103.51149559021 6.309932231903076 31.97284955531359 0.1802136152982712 1.192452855408192 0 9.457613855600357 3.585992552340031 3.557005725800991 1.125742197036743 0.9647169634699821 0 0 3.765735171735287 1.885555699467659 0.1391247808933258 92.18201021105051 39.58556078374386 17.54521400481462 2.162091486155987 0.1177345141768456 0.4991065785288811 1.310965001583099 0.1335485130548477 0.7077202945947647 12.64005540311337 0.207602746784687 4.235544472932816 2.772349119186401 0.1726037189364433 0.09194860607385635 1.671530440449715 0.07476168870925903 0.1144095808267593 0.1853242889046669 0.3634930327534676 0 0.09018127620220184 44.95205108076334 2.263125911355019 0 0.3060138821601868 815.02130022645 0 0.2356602102518082 4.574770137667656 0.9240224361419678 0 2.023397564888 1.163077890872955 2.0358667075634 1.666167609393597 1.851448982954025 0.2389386594295502 2.215601950883865 2.212239876389503 1.564028739929199 1.443564221262932 0 0 0 0 0 0 0 0 0 0 0 0 0.4603238701820374 0 0.4681572020053864 0 0 0 0.531021773815155 0 0.5660281032323837 0 0 0.2167329788208008 0 0 0.6496989279985428 0.1270048767328262 0.2283082902431488 0 0 0 0 0 0 0 0 0 0 0 0 0 0 0 0 0 0 0 0 0 0.4079083204269409 0.9971424490213394 0 0 0 0 0 0 0 0 0 1.476655602455139 0 0 0 0 2.119663059711456 0 0.6063894927501678 0 0 0 0.1312736421823502 0 0 0 0 0 0 0 0 0 0.7595667839050293 0 1.059327401220798 116.0151955410838 2.9855917096138 60.00410549342632 13.54792536050081 648.6370495036244 8.300181277096272 1.287406861782074 6.66484135389328 18.42718730866909 0 0 0.2413350120186806 4.720196485519409 0 0 0 0.1819688081741333 0 187.5843687728047 0.1334357261657715
157.6688062697649 1940.916595987976 1937.603196077049 202.6365903541446 2448.108154430985 9.484705790877342 1873.839470081031 379.2229867875576 2586.531939387321 958.1861951947212 1083.929979607463 15.30009007453918 669.2341770976782 2065.211227439344 24.64764522761106 5.217449180781841 0.2376150414347649 0.09134288132190704 0 0 0 0 0 0 0 0.1126730144023895 0 0 0 0.07427683472633362 130.3146282359958 38.54063536971807 9.314793519675732 0 0 0 7.003204710781574 1.795783072710037 1.488773100078106 0 0.3356951326131821 0.1383837461471558 0.09352132678031921 0.202250249683857 0 0 88.43498799204826 2.121423207223415 0.3440390005707741 0 0.7512870877981186 0.1723902970552444 0 0 4.218241438269615 12.15049145370722 5.616919875144958 34.71512919664383 4.683779589831829 44.22477293014526 0.08272780478000641 4.082547873258591 0 29.30056527256966 5.155874848365784 4.089881360530853 1.438818395137787 1.158064775168896 0.1832775175571442 0.17417012155056 18.67140643298626 0.101149395108223 0 60.59714447706938 72.25105886906385 70.00794356316328 33.11923732608557 1.976788707077503 0.3396373465657234 13.78427965193987 0.2515240833163261 2.983683608472347 9.839744701981544 0.4569099172949791 4.634515807032585 3.918114461004734 0.4738012179732323 0.07912147045135498 1.503720462322235 0 0.5254950523376465 0 0.1004302427172661 0.1652326062321663 0.1206033378839493 11.51768700033426 0.8052537366747856 0 1.249161317944527 15.1929230093956 0 0.2464368939399719 2.119449317455292 1.465635299682617 1.854870587587357 12.3213626742363 0.9743038266897202 6.727589979767799 11.57670746743679 11.48756474256516 1.7059236317873 15.90941475331783 12.6210296228528 10.32193054258823 4.886766910552979 0 0.7061489224433899 0 0 0 0 0 0 0.2046863883733749 0 0 0 0.240154504776001 0 0 0 0 0 0 0.8363690003752708 1.506379008293152 0 0 0 3.281356781721115 0.7317151576280594 2.454237632453442 2.142014622688293 1.876486897468567 0 0 0 0.1281949579715729 0.5612956285476685 0 0 0 0 0 0 0 0.6660294383764267 0 0 0 0 0 0 0 0 0.2708247900009155 8.386537551879883 1.041943579912186 0 0 0 0 0 0 0 0 6.8004035577178 0 0 0 0 8.42311143130064 0.23624437302351 4.476099297404289 0 0 0.1923156678676605 0.2239947319030762 0 0 0 0 0 0 0 0 0 9.182064279913902 1.284154161810875 2.404019139707088 293.014045894146 10.53107889741659 171.7089611589909 53.74238286912441 65.65663730353117 22.00075116753578 0.9355987757444382 42.48389592766762 26.63703475147486 0 0.3419009298086166 0.909209281206131 12.34672024846077 0.4681612700223923 0.1939602345228195 0.6162778660655022 3.057427234947681 0.8911728709936142 41.1182835996151 4.755634069442749
275.4115389660001 134.3469636887312 30.65115634351969 654.1366265788674 9.484705790877342 45.4863685965538 31.08783040940762 0.4887634515762329 6.010016985237598 873.6737635061145 2.724192827939987 138.8754019290209 124.0929640978575 27.15633137524128 1.603072136640549 1.037067160010338 0.1410467475652695 0 0 0 0 1.065197840332985 0 0 0 0 0 0 0.1434052735567093 0 44.49197728186846 3.090767219662666 14.12592282891273 0 0 0.1925924569368362 40.02589451521635 3.250033512711525 9.941973902285099 0.1627508550882339 0 0 0 0.2959555685520172 0 0.1937853246927261 3.847286090254784 0.2662619948387146 0 0 0.1301259547472 6.761247277259827 0.4550181925296783 0.6099668145179749 0.4014054089784622 1.071249641478062 50.82437814772129 34.93560266494751 6.825686238706112 4.689567752182484 0.169442743062973 3.486911058425903 0 1.720124080777168 1.02429860830307 0.5619469061493874 0 0 0.169572502374649 0 130.6512410566211 72.96616920828819 15.86577753722668 14.46939446032047 5.684027262032032 2.441136926412582 0.6517122685909271 0.1200196444988251 0 3.110317103564739 0.988584503531456 0.5396661162376404 2.456658124923706 1.729396291077137 0.4555684551596642 1.092897340655327 0 3.397501491010189 3.004599280655384 6.058701545000076 1.381329074501991 1.288811773061752 0.1156164482235909 1.224402815103531 0.9303971156477928 457.0496528297663 185.7689044624567 9.632251411676407 29.54314211010933 244.5562611818314 0 0.2625726163387299 0 0.7446808815002441 0 2.06980636715889 3.82918643951416 2.082025170326233 2.512633353471756 6.883468687534332 0.2571164965629578 2.03901743888855 4.312287956476212 2.900746822357178 0.781721830368042 0 0 0 0 0 0 0 0 0.90390545129776 0 0.1726578772068024 0 0 0.1594788283109665 0 0.133428081870079 0 0.2787999957799911 0.1492241472005844 0.1161746829748154 0 0 1.030230641365051 0 0.3477949351072311 0 1.167419672012329 0.7292629778385162 0.1636811792850494 0 0 0 0 0 0 0 0 0 0 0 0 0.1119410023093224 0 0 0 0 0 0 0 0 0 2.146580189466476 0 0 0 0 0 0 0 0 0 0.3767881393432617 0.2891973555088043 0 0.1337793618440628 0.3495298400521278 0 0 1.123842120170593 0 0 0 0 0 0 0 0 0 0.1119250133633614 0.1114625707268715 0 0 4.603210538625717 0.1196229234337807 1.976522892713547 159.646808475256 0.7040034979581833 12.15443452447653 2.711699649691582 578.1706782728434 0.9375349134206772 0 0.2543357834219933 31.24511131644249 0 0 0 9.229002714157104 0 0 1.184843182563782 0.7080812454223633 0 71.55627646297216 4.593645393848419
493.0762354284525 1819.378462031484 328.8075901344419 1520.597290478647 1873.839470081031 31.08783040940762 655.0947524681687 59.66932976990938 1326.298331484199 1894.000209011137 268.5486352369189 99.30374206602573 2929.003942318261 1395.288155674934 26.40026401728392 4.376757398247719 0.08592539280653 0.1108505874872208 0.1044984236359596 0 0 0 0 0 0 0.3531151711940765 0 0.2162795588374138 0 0 137.8326755166054 37.37344827502966 14.34120205789804 0.32261972874403 0.07809214293956757 0.1063714772462845 13.79455926269293 2.247506625950336 2.486010827124119 0.1082968786358833 0.08232827484607697 0.1929392591118813 0.08416802436113358 0.09594876319169998 0.118788979947567 0 111.3736909851432 2.698276951909065 0.09661383181810379 0 1.524562038481236 0 0.1526639312505722 0.09809315204620361 8.541532926261425 15.6611348465085 9.42116916179657 64.73716696351767 7.157550483942032 63.56864403933287 0.4720659106969833 6.567570775747299 0 39.58159289509058 6.529589854180813 4.484118491411209 2.097612962126732 2.227676250040531 0.2663213834166527 0 30.91482553631067 1.191096767783165 0 95.58127731829882 95.39311892539263 74.52595832198858 35.38639302551746 2.200618855655193 1.176728568971157 5.974549159407616 0.449526309967041 5.505991123616695 17.6565415635705 0.3456288874149323 5.123901419341564 3.963142290711403 0.898115448653698 0 2.585862092673779 0.09322439134120941 0.3990069627761841 0 0.4764895588159561 0.326059028506279 0.2196988984942436 29.55831176042557 2.94598725438118 0 2.858038559556007 44.31891202926636 0.1375304311513901 0.6635570973157883 4.724654331803322 3.330924063920975 3.231220275163651 19.99587507545948 4.97575518488884 8.608363643288612 14.86129677295685 25.1625138297677 1.772055849432945 25.92661593854427 34.99965322762728 19.94896385073662 7.135191388428211 0.2087713330984116 0.2718057036399841 0 0 0 0 0 0 0.1153903380036354 0 0 0 2.032870054244995 0 0.5263825058937073 0 1.216437876224518 0 0.9577128291130066 1.216386191546917 2.232918828725815 0.1761068105697632 0.5793079733848572 0 5.978405393660069 0.568182036280632 3.421200335025787 2.996935956180096 3.287423253059387 0 0 0 0.09977822750806808 0 2.372861310839653 0 0 0.1681848913431168 0 0 0 0.7150940895080566 0 0 0 0 0 0.1378020197153091 0.3168804943561554 0.2098513692617416 0 10.7150576710701 0.6890130341053009 0 0.09489961713552475 0 0 0 0 0.1672240048646927 0.1950395703315735 11.31613477319479 0 0.2377094626426697 0 0 15.69542878121138 1.285826653242111 8.61317353695631 0.5181184262037277 1.023107215762138 0 0 0 0 0 0 0 0 0 0.4251607656478882 0 14.86575089395046 3.627582959830761 3.989555262029171 379.4424121230841 11.86284439265728 208.2782568410039 64.85048389434814 161.0739270672202 28.15820205956697 3.422607265412807 55.07844901829958 51.87479140609503 0 2.331891342997551 0.3347679600119591 20.73796908557415 0 0.440604642033577 0.5960198640823364 2.417335242033005 1.777242958545685 72.65532196313143 8.597172349691391
58.90947065502405 130.7885056138039 1466.280011668801 2.381179578602314 379.2229867875576 0.4887634515762329 59.66932976990938 678.7515698373318 877.6199185028672 7.318967528641224 3549.29555387795 10.16326961666346 71.85418058931828 905.1049591824412 20.84185682237148 7.600134991109371 1.517458498477936 5.236821264028549 0.5879114270210266 12.79394339770079 14.09140489250422 1.344781383872032 12.38205829262733 5.648642137646675 1.788753136992455 1.597590297460556 0.7686028629541397 0.52517169713974 0 0 803.6591234877706 1602.325991123915 157.2449938282371 7.692128904163837 10.09684648364782 10.93462655693293 13.2545081526041 20.8444734737277 9.38758285343647 2.114937022328377 6.72949954867363 4.662779182195663 20.47515393793583 1.546651042997837 1.905192084610462 0.7658882588148117 50.44136083126068 2.284846931695938 1.347114987671375 21.87580064684153 17.39296115189791 5.505627878010273 2.161185346543789 2.487521149218082 2.245649516582489 4.136942215263844 3.090591512620449 117.8522813767195 1.717795148491859 21.40330695360899 72.13392298668623 284.625835314393 7.595023430883884 421.4873110204935 2.354757584631443 9.241846151649952 11.14970647543669 22.47402423620224 43.68187216669321 33.71645778417587 7.360827311873436 0.7964254021644592 0.275237187743187 47.07831182330847 105.7810491546988 41.1653899922967 129.4656641185284 7.841094501316547 939.8948012441397 2041.133740305901 72.63280948996544 2350.039644546807 5.088555179536343 0 1.860001794993877 3.147537522017956 15.68523798137903 0.2233430445194244 3.85009878128767 0.5585606545209885 3.544577963650227 0.8255045935511589 88.96018559485674 15.16606678068638 12.60026091337204 2.532245218753815 0.8640865683555603 0.1145737022161484 2.752004459500313 17.45857078582048 0 0 0 0 0 1.767303377389908 0.5850365161895752 0.4063992351293564 2.091323181986809 1.022348329424858 0.2695255279541016 2.217082843184471 4.246109500527382 2.593378260731697 1.57107787579298 0.1603464335203171 0 0 0 0.1670383661985397 0 0 0.1417858302593231 0.5118108987808228 0 0.8204888701438904 0.1390224546194077 0.9572212547063828 0 0.8302516788244247 0.6622699201107025 0.146768793463707 1.220267586410046 0.1471021622419357 0.4092806726694107 0.3805848136544228 0 0.5526540577411652 0.5932832434773445 1.510585770010948 1.051278799772263 5.668894477188587 2.84520661085844 2.851290442049503 0.7071453779935837 1.492783010005951 0 0.2115735560655594 0.4570649862289429 0.874164953827858 0.304444283246994 0 0.1190192550420761 0 0.2185219824314117 0.1559086292982101 1.564992249011993 1.492069579660892 0 0.09841825813055038 0 0.09595648199319839 0.1056084781885147 0 0.1143625006079674 0 6.153729550540447 0.1299668699502945 0 0 0 0 0 0.1078628972172737 0 1.405204862356186 2.080727092921734 1.294549018144608 0.125282496213913 0.3318287655711174 0.5185660123825073 2.655210450291634 0.6640254259109497 3.987258270382881 0.2951493710279465 0.3597564995288849 0.3980847895145416 0 0.2416893839836121 0 0 0.2135457098484039 0 0 0.1054966449737549 0.3325893431901932 0.1331894099712372 2.187117509543896 2.086651593446732 4.017974399030209 109.7312144488096 8.553043656051159 77.9905451387167 28.39521779865026 24.97524089366198 6.298574589192867 0.3638229742646217 14.15764331072569 5.185804225504398 0 0.7784665897488594 0.1884805411100388 1.003651469945908 0 0 0 1.913170784711838 0.1441331803798676 12.49089959263802 2.015807874500751
56.02901408821344 589.8606011271477 1249.785452209413 38.32351270318031 2586.531939387321 6.010016985237598 1326.298331484199 877.6199185028672 1034.38211851567 305.3961608931422 937.6997936218977 66.41522243618965 891.3709359839559 2068.274133786559 50.67839051038027 13.37294109165668 0.1139973923563957 0 0 0.1423110514879227 0 0.143445685505867 0.3752132654190063 0 0 0.1449749618768692 0 0.2882919013500214 0.1274252682924271 0 165.8172604963183 99.65815229713917 45.70245606452227 0.09146532416343689 0 0 27.76564006507397 5.277679093182087 6.916464850306511 0.2326536029577255 0.5159070640802383 0.4637352079153061 0.1131328195333481 0.09101307392120361 0 0.4083984196186066 128.9054179340601 3.816380724310875 0.7044710665941238 0.6341948658227921 1.153037518262863 0.1308751702308655 0.2893262431025505 0.516056090593338 5.329479970037937 12.53447241336107 6.557837046682835 32.5059742629528 6.935763612389565 52.76283411681652 0.7484813183546066 5.97575356066227 0 51.78139235824347 4.833073459565639 3.712404832243919 1.724088959395885 0.7115422859787941 0.08611856400966644 0 33.78982464969158 0.4396967589855194 0 66.83488527685404 90.02690649777651 110.8891303092241 69.42558833956718 7.306322313845158 2.72519713640213 122.5240348577499 0 12.46708718687296 9.342554070055485 0.2963704839348793 4.199011072516441 3.32997839897871 1.209839172661304 0.09026201069355011 1.956385508179665 0 0.7397870123386383 0.2663546055555344 1.614273630082607 0.1743264868855476 0.8454910069704056 24.00543448328972 1.984438709914684 0 1.772668816149235 13.77042887359858 0 0.5839491635560989 5.012890487909317 0.741384282708168 2.311796382069588 17.2958862632513 5.360975682735443 10.29910534620285 13.93557048588991 24.1835867986083 0.985633060336113 17.68749609589577 28.91106626391411 16.70853696018457 9.637339323759079 0 0.3386054039001465 0 0.3929047882556915 0 0 0 0.6953589916229248 0 0 0 0 1.383821129798889 0 0.2199770510196686 0 0.1499558389186859 0 0.7274591326713562 0 4.566863164305687 0 0 0.4265821427106857 4.222301729023457 0.9873548001050949 3.998669415712357 1.827656231820583 0.7082628011703491 0 0 0 0.3743892163038254 0.8028697967529297 0.6125175952911377 0 0.1216468140482903 0.2991823554039001 0 0 0 1.634590148925781 0.2526440471410751 0 0 0 0 0.141589418053627 0.1902811080217361 0.5016238689422607 0.5547992587089539 11.92871963977814 2.114822961390018 0.1222701296210289 0 0 0 0 0 0 0.1289632767438889 13.85611487179995 0.2875205874443054 0 0 0 14.71818123012781 2.08902533352375 6.320540808141232 0 0.4320629686117172 0.5143678933382034 0 0.120588406920433 0 0 0 0 0 0.1013420671224594 0 0 12.25901882350445 2.883129857480526 5.242406144738197 412.1109205409884 15.55703081190586 239.1779170334339 82.00963219255209 65.67314039170742 26.25023117661476 1.957090653479099 62.05950301885605 45.30581292510033 0.09362220764160156 0.5945996344089508 0.9454034492373466 17.49758480489254 0.2540531158447266 0.4340407401323318 1.188387885689735 7.756749421358109 2.004752568900585 47.85782411694527 8.485923729836941
1175.678243808448 885.938512980938 200.5950490236282 1104.930903345346 958.1861951947212 873.6737635061145 1894.000209011137 7.318967528641224 305.3961608931422 1201.000142268836 19.95238102227449 2523.877439603209 6106.376009292901 928.2636713385582 24.11068604141474 3.620485216379166 0.07834435999393463 0.08924052864313126 0 0 0.6785509586334229 0.3091039955615997 0.2043703347444534 0 0 0.679904580116272 0 0 0 0 163.5527389198542 54.6800674572587 100.546106390655 0 0 0.2769933938980103 109.0399446636438 11.57710840553045 11.69746735692024 1.167569562792778 1.056671239435673 0 0 0 0.2198834866285324 0 99.64534964412451 7.539678938686848 0.2826850339770317 0 0.9620276167988777 0.2370766401290894 0.7036087810993195 0.7776163071393967 11.81851481646299 23.55040019750595 28.31093097478151 124.6642459481955 14.6412600800395 81.97749642282724 0.301742821931839 30.58080879598856 0 34.09419791400433 7.169694602489471 8.200152039527893 0.847442701458931 2.865204647183418 0.2781687453389168 0.5089878141880035 256.0024907365441 8.606643468141556 0.2888563573360443 158.9665670990944 86.63754970580339 64.05225651711226 18.21733710169792 3.01632959395647 1.481331340968609 18.42713457345963 0.36039899289608 20.20005531609058 27.8510387763381 0.8689323589205742 7.672472395002842 5.839956693351269 0.7023701444268227 0.3188685849308968 2.920890286564827 0.3752604499459267 0.7547942698001862 0.8815815225243568 0.06922654062509537 0.7836280688643456 0.3249976858496666 263.8881888836622 28.07734026014805 0.532509557902813 13.53589902073145 818.7658007964492 0.552580252289772 5.12825058400631 10.74153491854668 4.086406052112579 7.647858172655106 93.52248321473598 30.96045571565628 43.62911070883274 59.23910443484783 169.7103759944439 6.881339848041534 94.76337461918592 135.5940289199352 94.90931470692158 29.07944250106812 0.7391809821128845 0 0 0.9120141267776489 0 0 0.3860885798931122 0 0.7611389756202698 0 0.4110061228275299 0 5.466596573591232 0 4.84900951385498 0 1.741060048341751 0.9104391932487488 0.5296524167060852 2.224189668893814 7.409803137183189 0 6.111687242984772 3.490359008312225 16.92881882935762 3.793840959668159 16.96081204712391 7.444103688001633 8.358582496643066 0 0 0.8381094336509705 0.5305516123771667 1.383491441607475 1.347855150699615 0 0.4750495851039886 1.387109711766243 0 0 0.1690416038036346 2.315033152699471 0.1048419922590256 0.7082833349704742 0.3607381582260132 0 0 0.1086761131882668 1.028482809662819 1.795094013214111 1.356797695159912 45.25571179389954 3.103653892874718 0.1507661491632462 0.1787606030702591 0 0 0 0.4994344562292099 0.971110925078392 0.1208032220602036 52.39675942063332 0.1204320937395096 0 0 0 56.59357076883316 4.177322342991829 24.43737798929214 1.017652802169323 0.9199024587869644 0.6010056138038635 0.5530297160148621 0.419766753911972 0 0 0 0 0.09500779956579208 0 4.1003537774086 0 65.99650350213051 9.954707980155945 16.95443276315928 1056.957530386746 21.62840455770493 260.1300527751446 84.77523701637983 1358.504637844861 40.9671978354454 5.02531810104847 88.84451172500849 330.8517674431205 0 8.171236723661423 3.359733305871487 154.6807282790542 1.672562152147293 0.09337824583053589 4.265637010335922 2.181081458926201 3.307633295655251 622.689764380455 45.99294441193342
175.3332019001245 389.4746486693621 1976.576366402209 4.016637325286865 1083.929979607463 2.724192827939987 268.5486352369189 3549.29555387795 937.6997936218977 19.95238102227449 850.3835654035211 89.10685598105192 604.7298529967666 1509.92537907511 29.89069746434689 14.08514615148306 1.563328415155411 0.8296754211187363 0 3.556081511080265 8.067529104650021 5.240613967180252 4.805621951818466 1.233269348740578 0.763808362185955 1.311242714524269 0.125056117773056 1.863835707306862 0.8713742569088936 0 473.6973888128996 347.0809075534344 448.9503908082843 2.556938655674458 3.860608071088791 8.479119442403316 97.31474978476763 62.10240782797337 38.43064514547586 3.092446200549603 6.542438663542271 2.962851032614708 2.897688470780849 2.205286428332329 0.6092055067420006 1.174621269106865 67.43820552527905 1.454972319304943 0.4039487689733505 1.887272492051125 7.354595176875591 12.65355836600065 4.219221785664558 4.069324843585491 2.097997792065144 3.835773959755898 3.539022080600262 36.65647305548191 2.530699789524078 23.72394271194935 2.377013981342316 175.8467234745622 1.948796689510345 61.46601140499115 2.337050423026085 2.46123131364584 5.158370725810528 4.041886143386364 8.351116053760052 11.37812919914722 50.16864626854658 2.921777412295341 0.2476617619395256 33.96224442869425 69.12176374346018 58.08055324852467 56.78679287433624 10.12041907757521 144.1394600123167 1329.734602250159 1.157023623585701 736.7021614089608 4.971984446048737 0.1191938742995262 2.177621401846409 1.898533910512924 0.7963385283946991 0 2.637115523219109 0.6482020989060402 2.68413095921278 1.719685316085815 40.61123030632734 12.47678066790104 10.10626433044672 11.0910742431879 2.233948431909084 0.6650481224060059 6.21429355442524 24.85684134811163 0.4497171193361282 0 0.2585257291793823 0.810634657740593 1.83048602938652 5.688702493906021 0.2458106428384781 1.841167911887169 4.420987650752068 2.949729114770889 0.7260822728276253 7.266073115170002 10.09068935364485 6.265320628881454 5.128398947417736 0.1425357013940811 0 0 0 0 0 0 0.1496245265007019 0.2566116154193878 0.1333347260951996 0.7425630539655685 0 0.8343495205044746 0.5047351568937302 0.9323287308216095 1.663274824619293 0.7842333689332008 1.53953704982996 0.8359523937106133 0.698575459420681 0.7952476441860199 0.4711040556430817 1.829581953585148 0.573159746825695 4.078583009541035 0.8769292756915092 4.120845660567284 2.775578953325748 2.696045629680157 0.8971565216779709 0.2824360728263855 0 0 0.2667149156332016 0.6765940859913826 0.1230059936642647 0 0.3314863368868828 0 0 0.1293133646249771 2.848877102136612 1.906206615269184 0 0.1342585831880569 0 0 0 0.2173421084880829 0.5760892629623413 0.1473291963338852 7.758987203240395 1.010566294193268 0 0 0 0 0 0.1080109775066376 0 0.1822413504123688 5.404928840696812 1.585009574890137 0.2462023347616196 0.1900631785392761 0.3179087489843369 7.37524126470089 0.2263589650392532 4.530301108956337 0 0.322123147547245 0.1000718548893929 0.3065849617123604 0 0 0 0 0 0 0 0 0.337533175945282 8.253808088600636 2.528056487441063 6.438116356730461 178.2489999309182 7.502745069563389 101.9961997196078 37.18333024531603 35.39983683079481 9.672131188213825 0.375237762928009 23.18076196312904 6.121962249279022 0.1615541726350784 1.36825005710125 0.2147033214569092 2.447359979152679 0.4562639966607094 0.1679361313581467 0.8713441640138626 2.36353611946106 0.9487620890140533 27.01901811361313 6.727289289236069
39.55532138794661 49.82837434113026 39.72053804993629 62.53184270858765 15.30009007453918 138.8754019290209 99.30374206602573 10.16326961666346 66.41522243618965 2523.877439603209 89.10685598105192 74.17371332645416 1485.275021843612 660.6628556549549 15.66747242212296 7.129985280334949 0.9016319513320923 0.1884204000234604 0.1174284070730209 0.414416715502739 0 0.1593625098466873 0.3128969967365265 0 0.1742880940437317 0.5597199201583862 0 0.9250482320785522 0.1757590472698212 0 25.79886485636234 30.90537694841623 102.5278092697263 0.3203003704547882 0 0 369.8818934857845 47.19269445538521 38.95138018578291 1.347980014979839 0.580875426530838 0.4481270611286163 0.281516432762146 0.4903333410620689 0.1131115481257439 1.096157476305962 29.48863536864519 0.2808678597211838 0.36504065990448 0.112172394990921 0.2859675288200378 3.670055642724037 6.223106130957603 1.981809794902802 0.5999865159392357 3.421995021402836 5.072530277073383 7.800990790128708 1.447796493768692 9.757486060261726 1.09404082596302 14.74750739336014 0.3526579886674881 19.54237668216228 0.4152256175875664 0 0.1161892116069794 0 0.3465282320976257 0.1528424769639969 129.2921797856688 7.288382679224014 1.011678144335747 15.19560820609331 18.37666327506304 17.20645823329687 22.38536448776722 4.125895738601685 1.14124608039856 18.73165865242481 0.1312026232481003 5.490568712353706 2.456724509596825 0.1175938323140144 0.5480043962597847 0.3099172711372375 0.4622078686952591 0.1861993223428726 0.8086901307106018 0 0 0.1230805739760399 2.223145619034767 1.24253486096859 2.287426814436913 680.489328481257 36.66651614010334 6.703252896666527 25.83867361396551 77.52024205774069 0.614188440144062 2.866063199937344 9.070020094513893 4.787085622549057 5.325507119297981 48.21161513775587 12.61710815131664 34.78728353977203 38.75423403084278 83.96733567863703 2.702938936650753 66.11831637471914 91.95106268674135 61.01998885720968 23.1987426802516 0.1106504648923874 1.07631441950798 0 0 0.1893460601568222 0 0 0 0.4300176352262497 0.192937359213829 0.5561308413743973 0 2.130044274032116 0 1.990593858063221 0.1508930921554565 0.4449516981840134 0.2376345843076706 1.278389252722263 1.751761838793755 5.590561166405678 0.3727741837501526 3.125095866620541 0.4099946320056915 14.55588091909885 5.466321013867855 12.27776823192835 5.634379290044308 2.358928956091404 0 0.3341259956359863 0 1.058320984244347 0.8183676898479462 1.429146409034729 0 0 1.390903294086456 0 0 0 4.083840861916542 0.4238828271627426 0.2750575542449951 0 0.1421179920434952 0.4679720103740692 0.636608213186264 1.005558773875237 1.883736275136471 1.530803211033344 30.75343063473701 2.341337844729424 0 0 0.1003641858696938 0 0 0 0.1106826290488243 0.2031967788934708 50.66773442924023 1.385792315006256 0.1388507038354874 0.1221036165952682 0.2092429399490356 31.86413688957691 3.849813692271709 12.24361922591925 0.5513204038143158 2.279318913817406 0.2248677909374237 1.284257531166077 0.3996272832155228 0 0 0 0 0 0.1539343297481537 0 0 45.3183616399765 12.66693087667227 14.48726629465818 249.8713330626488 11.00311043858528 63.8838774934411 30.47494336217642 347.4021091237664 6.140090733766556 2.119161322712898 17.95726224780083 125.341131657362 0 3.267923146486282 1.101980648934841 64.05082575976849 0.7357957139611244 0 0.2142214328050613 0.7690865397453308 0.5394203811883926 355.4641914591193 45.74340937286615
181.0176207274199 661.1552794352174 299.2930792048573 860.2842200472951 669.2341770976782 124.0929640978575 2929.003942318261 71.85418058931828 891.3709359839559 6106.376009292901 604.7298529967666 1485.275021843612 4160.158312410116 6299.257076494396 73.31372635811567 31.16471785306931 3.145835265517235 0.9103177338838577 0.2334517240524292 0.678592637181282 1.482444927096367 4.044197857379913 0.4759950786828995 0.8059195801615715 1.069383129477501 0.833868533372879 0.6758965253829956 0.5517007559537888 0.8012965694069862 0 125.6854770705104 152.727349281311 687.1863143444061 1.317422151565552 1.230976462364197 1.748262748122215 1337.838179573417 149.9207034632564 141.7641172409058 3.97444611042738 4.11021626740694 1.62701702862978 0.9497482776641846 1.822450295090675 1.142753213644028 2.246608801186085 156.026849552989 2.168932348489761 0.1617861241102219 0 1.672105528414249 10.31179863959551 8.926982417702675 4.087599009275436 4.012496545910835 9.15846873819828 10.32590188086033 37.26496053487062 5.281855203211308 38.91686311364174 2.43641147762537 43.63232657313347 0.9334382265806198 92.26911471039057 4.682223901152611 2.257933743298054 3.087507352232933 2.788181588053703 1.252530828118324 1.432280987501144 432.7593186944723 7.113222755491734 0.8624131008982658 57.12660817801952 109.7784798592329 107.9855301007628 119.2667977511883 24.76615465432405 6.171365454792976 154.5741717219353 0.9660440012812614 23.09904507547617 11.25506655871868 0.1305818557739258 3.6693200096488 3.021109312772751 0.9682469442486763 0.1847097799181938 1.528783589601517 0.4079312533140182 2.06504325568676 0.4087085202336311 7.442207895219326 2.967603072524071 10.43868331611156 1464.312281765044 104.3131242990494 4.144139058887959 47.26483711600304 101.0530425459146 1.488364592194557 5.416704326868057 18.41004194319248 11.62420253455639 12.74811419844627 107.2468710467219 22.17858621478081 50.53942787647247 85.72167184948921 147.7452136352658 8.980652555823326 127.036525465548 203.4608272090554 138.0089344903827 58.87267186492682 0.5838498547673225 1.513873413205147 0 0.7462553381919861 0 0.1489165425300598 0 0.4735227227210999 2.050982773303986 0 0.9023967385292053 1.161875315010548 2.909517139196396 0.4729940593242645 4.349908769130707 2.06212130188942 3.008672699332237 1.720906049013138 0.7588633894920349 4.420603439211845 7.999387443065643 0.4169327914714813 6.5945725440979 4.66446366161108 37.43578729778528 6.630578868091106 31.1455884128809 8.446360439062119 8.091716706752777 0.2704218626022339 0.163664922118187 0 0.3655139729380608 1.001501351594925 3.934511736035347 0 0.484412744641304 1.784593522548676 0 0.1166991218924522 0.4886447936296463 7.804277203977108 1.023900575935841 0.126492366194725 0.1340556889772415 0 0.3423084169626236 0.2548077702522278 0.5776645615696907 2.612843200564384 1.94245383143425 69.16147331148386 5.373217448592186 0.216754361987114 0 0 0.1185756996273994 0.1084452196955681 0.0941549614071846 0.2064318507909775 0 93.23742471635342 3.866794645786285 0.7740781605243683 0.3140743374824524 0.2064483612775803 87.73513842374086 6.342552497982979 32.44215750694275 1.323084257543087 4.629924409091473 1.719720430672169 0.7057465612888336 0 0 0 0 0 0 0 1.150987103581429 0 107.0583100095391 28.48833580315113 35.81376937031746 742.4856210276484 22.90334329754114 279.811757914722 142.5637690201402 391.6757176890969 32.38325360417366 4.836281627416611 77.36778025329113 205.3385701552033 0.2264863327145576 9.833057753741741 2.184402175247669 109.6977217793465 2.055792614817619 1.596408993005753 1.885787948966026 9.825385451316833 1.754529982805252 482.2467308416963 94.64953319728374
