118.0984505042434 1659.79140470922 351.8080559894443 1078.726733982563 39.579495690763 70.99782359600067 137.7640095278621 97.3225030452013 10.98988009989262 1093.651135422289 79.76252339035273 86.64888940751553 45.918936021626 63.41100055724382 2.495691813528538 0 0 0.1049158126115799 0 0 0 0.1359009295701981 0 0.125244602560997 0.1792719960212708 0 0.2239013463258743 0 0 0 716.483683988452 12.01702651381493 8.398458734154701 0 0.1048257052898407 0.1092178001999855 0.9450265765190125 0.4226562678813934 1.030917100608349 0.2198500633239746 0.2412223592400551 0.3967418447136879 0 0.12832111120224 0 0 24.84442844986916 5.254679895937443 0.223273329436779 0.4917097315192223 1.619774863123894 0.3892146944999695 0.1737465709447861 0.1166785880923271 7.281207770109177 6.534082852303982 73.57675073295832 394.495129622519 20.72047154605389 22.38387179374695 0 2.833304435014725 0 2.300242885947227 4.016763262450695 3.31660970300436 2.265760838985443 1.906757295131683 0.5550316199660301 0.2022218704223633 1.436476945877075 6.575046375393867 0.6569394916296005 238.560422308743 9.885626383125782 65.01026628911495 2.542695723474026 0.8730061650276184 0.313211515545845 9.287170462310314 0.1846460178494453 1.765815488994122 39.07301948219538 0.09936743229627609 5.222132742404938 3.363429255783558 1.737553149461746 0.3837743252515793 1.700389020144939 1.272134706377983 0.6999042555689812 0.374091237783432 0.3650491833686829 0.5970448553562164 0.2782148346304893 42.22965493798256 7.742604672908783 2.589296534657478 0.3913510292768478 866.3549386933446 0.1973168402910233 0.5222771614789963 2.673163875937462 2.809275582432747 0 7.821137949824333 3.984620898962021 1.112089157104492 22.64738470315933 8.531727105379105 0.144894003868103 11.67540237307549 9.87279486656189 5.03722171485424 1.817432418465614 0 0 0 0 0 0 0 0 0 0 0.1648137718439102 0 0 0 0 0 0 0.2925264835357666 0 0 1.501722291111946 0 0.5268851518630981 0 0.1548355370759964 0 0.5174800455570221 0 0 0 0 0 0 0 0 0 0 0.2844112515449524 0 0 0 0 0 0.08677256107330322 0 0.101218618452549 0 0 0 0 0 2.164588280022144 0 0 0 0.0982486680150032 0 0 0 0 0.1175063923001289 1.594800844788551 0 0 0 0 1.673890665173531 0 0.9140975177288055 0 0 0 0 0 0 0 0 0 0.08630773425102234 0 0 0 0.2253320217132568 2.07814946770668 1.431035995483398 283.7284287959337 7.279000945389271 58.76790817081928 14.11732667684555 1158.725804850459 11.01085062325001 0.3379163295030594 4.450154788792133 27.09623204171658 0.1224028542637825 0.1800555735826492 0.2593580186367035 29.98718698322773 0 0 0 0.798635721206665 0 385.9183417633176 7.795587629079819
1659.79140470922 4440.502097740769 2328.030349858105 2078.645333349705 1541.006621301174 66.140769302845 3093.516069345176 1169.49124071002 1495.566738091409 1404.885473035276 2989.774614296854 8.704167611896992 935.4365080222487 2001.738885954022 13.74204475432634 5.837656088173389 0.5266545638442039 0.09817454218864441 0.0967002660036087 0.08418259769678116 0.2047875225543976 0.1745047867298126 0.236216127872467 0.4293646961450577 0.5070806220173836 0.6191312968730927 0.9289751723408699 0.9435028582811356 0.5410812199115753 0.118993453681469 1955.440218150616 156.0721663013101 63.04777052998543 0.2112765312194824 0.4933894276618958 0.2973518073558807 10.78784207999706 4.50469958037138 2.885300621390343 0.8739666119217873 2.114018023014069 5.674554698169231 0.3348740488290787 1.65254120528698 0.1038663163781166 0.532631553709507 243.6887166723609 20.69839855283499 1.219755887985229 1.213969528675079 5.976843632757664 0.4481342062354088 0.08505905419588089 0.6987713426351547 21.22985330969095 22.22477173060179 64.31132262200117 959.6188980937004 58.09839797019958 153.777640864253 0.7730758711695671 12.53608825802803 0.231116384267807 109.3747487813234 18.53949926048517 14.87722334265709 8.659156359732151 7.430126316845417 1.983227148652077 1.815923467278481 12.53829529136419 0.3917300254106522 0.2698394283652306 814.494180239737 207.6672281846404 412.9505580365658 78.75247327238321 12.56920679658651 3.217252105474472 67.86397439241409 2.683761425316334 7.053767502307892 140.7589187473059 0.2173811718821526 22.97418253868818 14.56024152040482 7.635930940508842 0.3472184836864471 5.918704070150852 0.3403596132993698 4.153343215584755 0.4101215973496437 4.315342515707016 3.984349086880684 1.26810996979475 6.401394873857498 1.851038858294487 0.3239936977624893 3.651958242058754 1076.481457978487 0 0.661230742931366 2.942328885197639 4.507089391350746 0.3905260562896729 13.20135043561459 7.257198214530945 4.416414633393288 10.11998341977596 19.99850300699472 2.485094010829926 22.83840698003769 19.92629938572645 9.631524071097374 8.332061670720577 0 0 0 0 0 0 0 0 0 0 0 0 0.0907958522439003 0.111165888607502 0 0.219485379755497 0 0 0 1.344955421984196 1.256603226065636 0 0.8160422742366791 0 5.7184092476964 0.5125503838062286 7.909154213964939 1.059277594089508 0 0.138264074921608 0 0 0 0 0 0 0 0 0 0 0 0 0 0 0 0.4792874976992607 0 0.1561422497034073 0 0 0.8629632294178009 6.742688804864883 0 0 0 0.1028718501329422 0.1945162266492844 0.1411732137203217 0.08588454127311707 0.1339892446994781 0 4.190545380115509 0.1185573786497116 0 0.09559553861618042 0.1762675195932388 3.819364704191685 0.1486350148916245 3.239249832928181 0.2173768579959869 0.1610622853040695 0 0 0.1994571387767792 0 0.2095484659075737 0.2805845215916634 0 0.6474712565541267 0.1557854562997818 0.1436363160610199 0 2.039059907197952 4.004780746996403 5.780145697295666 356.7249008268118 25.13282799720764 399.2180530279875 62.01648815721273 1173.556586295366 47.79605658352375 1.817869581282139 25.03787960857153 33.58201998472214 0 1.059414491057396 0 35.2533023506403 0 0 0 4.829742707312107 0 245.2468099966645 11.51871052384377
351.8080559894443 2328.030349858105 1362.364726662636 34.96849182993174 284.6171198934317 6.290528103709221 157.8000853285193 3114.391997843981 2144.562344804406 461.7932145819068 2656.817330107093 7.562458969652653 537.5697187781334 2397.947287261486 6.068609930574894 3.078333370387554 0.131346270442009 0.2288947403430939 0 0 0.1660550385713577 0 1.10435876250267 1.712754219770432 0.3073009550571442 0.7175337970256805 2.916704326868057 1.482263185083866 0.6914128139615059 2.070462457835674 3013.912531621754 1105.581948816776 86.10386256873608 0 0.6427752375602722 0 11.7443877235055 7.287139654159546 4.395672231912613 0.851338729262352 4.089874535799026 8.117661647498608 0 0.5139116570353508 0 0.1197448074817657 40.90699830651283 2.290891140699387 0.143103301525116 0.7986596375703812 2.888855494558811 0.2866832911968231 0 0.5338941067457199 2.0253901258111 2.032872185111046 6.979043982923031 251.9395525678992 4.974864281713963 17.04841869324446 0.2577728480100632 24.42007404565811 0.424349844455719 48.61335468292236 0.8415477350354195 2.036158353090286 0.4085687026381493 1.271863706409931 0.2014636322855949 1.718140855431557 10.50612775236368 0 0 98.24177298694849 51.80500889569521 60.7432195097208 29.47803553193808 9.194933727383614 1.022783190011978 149.5202107951045 0.3131817281246185 12.33870571106672 12.65816096961498 0 2.818741522729397 0.4065469726920128 0.6785788908600807 0 0.5883784890174866 0 6.021705843508244 0.5177060961723328 3.005217157304287 5.973079942166805 3.623554266989231 1.946463286876678 0.5010711997747421 0 1.459542199969292 218.6232215166092 0 0 0 0.4755384922027588 0.1715490818023682 2.599418967962265 0.7674459517002106 1.038331463932991 1.379436537623405 1.294144958257675 0.4070208966732025 3.926024585962296 4.834760963916779 2.589639157056808 3.53388274461031 0 0.140301376581192 0 0 0 0 0 0 0 0 0 0 0 0 0.2741212472319603 0 0 0.2667268216609955 0 0.2415858954191208 0 0 0 0 1.777950905263424 0.1467959582805634 1.856741726398468 0.4398678243160248 0.1790077090263367 0 0 0 0 0 0 0 0 0 0 0 0 0.1009714156389236 0.2611602917313576 0 0 0 0 0 0.1935198903083801 0 0.09970630705356598 0 0 0 0 0 0.100135400891304 0.1175938248634338 0.09563267230987549 0 0 0.6562518030405045 0 0.253783106803894 0 0.1831823587417603 1.286724373698235 0 0.4535762518644333 0 0 0 0 0 0 0 0.1036987900733948 0 0.4440413042902946 0 0.1314434409141541 0 0.1310636401176453 1.098708629608154 3.634191639721394 40.45005579292774 6.18256863206625 67.51598770171404 14.81970914453268 80.11977079510689 7.117086052894592 0.2671835422515869 7.778067857027054 3.74787463247776 0.1429951339960098 0.5503974854946136 0 1.960077807307243 0 0 0 0.3406528979539871 0 15.92949745059013 1.290508463978767
1078.726733982563 2078.645333349705 34.96849182993174 124.5734662339091 532.7684068828821 410.4581516236067 569.1689208596945 3.027395240962505 73.7428740337491 3105.346078358591 6.021201342344284 109.561882853508 263.7712120637298 254.5246697515249 2.86027429997921 1.10375964641571 0 0.2920995578169823 0 0 0 0 0 0 0 0 0 0.2082396820187569 0 0 69.51945496350527 5.124653972685337 1.53138068318367 0 0 0 0 0 0.1068829819560051 0 0 0 0.2650216519832611 0.1004823222756386 0 0 45.71776589751244 4.897114373743534 0.2751991450786591 0.3701681569218636 0.5264937728643417 0 0 0 4.360928490757942 4.532491602003574 15.60408291220665 138.8670944646001 11.93305870890617 33.4036121070385 0.102707251906395 2.92971259355545 0 11.84998172521591 3.110954068601131 2.767702795565128 2.232597276568413 1.331785313785076 0.131383091211319 0.08477547764778137 1.572776988148689 1.50483213365078 0.3794798403978348 165.0016547814012 33.49680729955435 85.0196725577116 10.84301485866308 0.9565128833055496 0.2689091414213181 0.8013723343610764 0.0774528980255127 0.0871003270149231 34.47167499363422 0 4.664923407137394 3.453007780015469 1.474157974123955 0.3361132144927979 1.734446696937084 0.136354386806488 0.175263300538063 0 0.7378934919834137 0.1245734691619873 0.1440736353397369 14.95464935898781 0.6673826575279236 0.306365430355072 0.1324407309293747 616.0997506305575 0.7062710076570511 6.104743480682373 90.33666224777699 96.83153922855854 2.00945770740509 47.86451210081577 46.15013823658228 7.623025260865688 90.74446143209934 41.56484301388264 2.439817294478416 52.40852519869804 69.06658260524273 18.50506864488125 3.226768523454666 0 0.1337368935346603 0 0 0 0 0 0 0 0 0 0 0 0 0 0 0.2025991529226303 0.2000059932470322 0 3.547528237104416 0.271403968334198 0 1.023481130599976 0 1.167088240385056 0 0.8286634534597397 0 0 0 0 0 0 0 0 0 0.5573395639657974 0.9793152660131454 0 0 0.1965597122907639 0 0 0 0.1122036948800087 0.3131089881062508 0.335403136909008 1.325255893170834 0 0 0 2.01189686357975 0.8969976902008057 0 0.2082647457718849 0.1926178708672523 0 0 0.1005959138274193 0 0 1.090487509965897 0 0 0 0 3.450217068195343 0 0.336093544960022 0.7911917716264725 0.7235321551561356 0.2694420516490936 0 0.4192640036344528 0 0.1049475520849228 0 0 0.1969676911830902 0 0 0 1.570240274071693 0.2976431101560593 0.5645329058170319 208.7967099100351 5.74275054782629 85.07573308050632 10.48185203969479 727.0678058192134 14.91969664394855 0.6119536533951759 3.770356222987175 39.61040796339512 0 3.805495277047157 0.6050238683819771 47.39595451951027 0.1599949300289154 0 0 0.4740134328603745 0 201.5324653089046 18.23567847907543
39.579495690763 1541.006621301174 284.6171198934317 532.7684068828821 2447.77787643671 4.898274526000023 3828.671873442829 151.3450217619538 8492.460760682821 2243.566669873893 823.0707269608974 11.75093198567629 629.7816137447953 1578.534079730511 6.683051042258739 3.016329482197762 0 0.3199640363454819 0 0.1111511886119843 0 0 0 0 0 0.2820828557014465 0.1116771027445793 0 0 0.1181598082184792 92.49284134805202 31.54652062803507 12.1998250707984 0.1160337030887604 0 0 3.429210312664509 1.533543296158314 1.130246348679066 0.2208460867404938 0.2789127975702286 1.313991598784924 0 0.8603051453828812 0 0 72.67931699752808 1.766249448060989 0.0969584658741951 0.3474349528551102 0.9740422964096069 0.1587452292442322 0.1076606884598732 0 2.543711066246033 1.947649352252483 4.119674742221832 47.04053076356649 5.528377294540405 29.2473478615284 0.1074535399675369 4.133804261684418 0 24.75738108158112 1.408489711582661 1.810808733105659 0.8013112843036652 0.5476032868027687 0.323004737496376 0.714491493999958 10.0365050137043 0.2085457444190979 0 57.50287439674139 37.98237179219723 61.61202946305275 44.73802551627159 11.14078950881958 0.637219563126564 3.827138349413872 0.5496288985013962 0.7963170260190964 13.30170121788979 0 1.983262218534946 2.044467441737652 1.565578505396843 0 0.6166059672832489 0 1.343999862670898 0.2316298559308052 0.8921500742435455 1.021730564534664 0.2517404332756996 2.16340284049511 1.900745704770088 0 0.7354643791913986 33.60972803086042 0 0.1427372992038727 1.922209329903126 0.5830710977315903 0.7760416865348816 13.20090921968222 1.526709452271461 4.718844592571259 7.802369341254234 12.57201024889946 1.288706794381142 19.15457113087177 19.13706601411104 13.2034470513463 14.59202128648758 0.1434766799211502 0 0 0 0 0 0 0 0 0 0 0 0.2496575266122818 0 0 0 0 0 0.1150695085525513 0.7569135278463364 0.9862454533576965 0 0.733374759554863 0 7.225973196327686 1.342856869101524 8.49934945255518 0.6134144514799118 0.1276938319206238 0 0 0 0 0 0 0 0 0.6934826076030731 0 0 0 0.3593586087226868 0.2514757737517357 0 0 0 0.1147706881165504 0.2199630737304688 0 0 0 7.06437061727047 0.5398998856544495 0.1223423033952713 0 0 0 0 0 0 0 5.656092502176762 0.5800750106573105 0.1353627890348434 0.1448522508144379 0.4454533904790878 7.012017659842968 0.33701491355896 6.540478982031345 0.133203998208046 0.1239665001630783 0.2779163643717766 0 0 0 0 0 0 0 0 0 0 2.268742814660072 5.013454489409924 9.227001465857029 62.70007199048996 4.015674367547035 137.4098530933261 30.49923393130302 29.46201984584332 9.44966447353363 0 16.77543466538191 11.40342777222395 0 0.5312023386359215 0 6.279692739248276 0 0 0 1.798058621585369 0 20.2516960054636 10.19158172607422
70.99782359600067 66.140769302845 6.290528103709221 410.4581516236067 4.898274526000023 9.531885206699371 13.76529099047184 0.7800705879926682 2.750475272536278 736.1419575363398 2.536307252943516 245.3462888747454 88.52852178364992 17.95307867974043 1.796564616262913 0.2791493535041809 0.2827423959970474 0 0 0 0 7.640806645154953 0 0 0 0.1929818540811539 0 0 0.1308454871177673 0 24.71379262953997 0 16.36029440164566 0 0 0 7.309033185243607 0.9502770453691483 4.383195117115974 0.3873681277036667 0.1447306126356125 0.6540517508983612 0 0 0 0 1.807073198258877 0.1478964984416962 0.1432559192180634 0 0.117158554494381 9.499912604689598 3.312071330845356 0.2839054018259048 0 0.992274671792984 36.45124693214893 9.919596642255783 2.240209504961967 0.8683397322893143 0 2.83745664358139 0 0.34283796697855 0 0.5907908976078033 0.8706392347812653 0.2478554397821426 0 0 241.8723685219884 130.4955410137773 21.91375886648893 2.928663402795792 0.09977405518293381 2.524842567741871 0.4938668757677078 0.5165042206645012 0 4.948663860559464 0 1.412761196494102 0.5685891956090927 2.494884125888348 0.417942114174366 4.671161964535713 0.2184878811240196 18.61158858984709 17.30125641822815 40.38719291239977 2.091644339263439 13.4832024872303 0.1209647953510284 0.5418547242879868 0.9897956103086472 156.5375531464815 144.2118715643883 37.03415295481682 25.93749856203794 146.7359724193811 0 0.5139822363853455 1.098169162869453 0.9932723045349121 0.1959632337093353 3.086424767971039 3.258464425802231 1.886777862906456 11.72103624045849 4.998346909880638 0 5.533507853746414 9.809114024043083 2.366805210709572 1.078723922371864 0 0.1496845334768295 0 0 0 0 0 0.3297819793224335 0.2626336663961411 0 0 0.261389747262001 0 0.592430979013443 0.4991975277662277 0.1403360515832901 0.1500787883996964 2.401890248060226 1.792898751795292 0.9465059638023376 0 0.1098574623465538 0 0 0.1688667982816696 0 0.2229229584336281 0.7245977222919464 0.4510009661316872 0 0 0 0 0 0 0 0 0 0 0 0 0.8458849266171455 0 0 0 0.1137293726205826 0 0 0 0 0.1682887971401215 0 0 0 0 0 0 0 0.2182871252298355 0 0 0.3213145583868027 0.6723515689373016 0 0 0.3328634947538376 1.024699926376343 0 0 0 0 0 0 0 0 0 0.212529718875885 0 0.4954100400209427 0 0 0.1099318787455559 0.5631885826587677 0.3587426543235779 0.6095348447561264 20.80232098698616 1.362552836537361 5.787122868001461 0.6059167608618736 111.965889967978 1.762019068002701 0.6375578343868256 1.027054488658905 8.437835991382599 0.1433864086866379 0 0 20.58265388011932 0 0 0 0.2707958519458771 0 65.35841409862041 8.373066082596779
137.7640095278621 3093.516069345176 157.8000853285193 569.1689208596945 3828.671873442829 13.76529099047184 1551.926181532443 24.22156669199467 4000.057726435363 4477.911335974932 133.2652636393905 82.80966386944056 4677.477684631944 2208.319286897779 10.51667129248381 5.669378899037838 0 0.3251354992389679 0 0.1859500035643578 0.1550938785076141 0 0 0.09351220726966858 0.1529659479856491 0 0.1435459405183792 0 0 0.3165382668375969 196.5594360604882 53.21886781603098 13.34031870961189 0 0 0.3137026131153107 4.74442034214735 1.189562417566776 1.545549176633358 0 0.1965579092502594 0.6933901309967041 0.3369387239217758 2.369451314210892 0 0.1139999255537987 168.1632474735379 8.168377302587032 0.2916738539934158 0.5992623120546341 1.605183951556683 0.2314075231552124 0.3286377936601639 0 7.236586034297943 7.829143024981022 14.91866710036993 198.5167478770018 20.5740742534399 79.27315557748079 0.08675189316272736 2.549335516989231 0 65.83358635753393 6.379185870289803 5.304142907261848 3.394304037094116 2.614972330629826 0.376001812517643 1.126536600291729 11.18917594105005 0.1512441039085388 0.1135032773017883 233.0548854321241 107.0436923131347 183.229823499918 68.65508166700602 12.88907895982265 2.725614070892334 2.962370932102203 1.362557224929333 1.318519413471222 54.45188373327255 0.09186872839927673 8.279080227017403 4.772653810679913 3.195115566253662 0 2.779815413057804 0.0801217183470726 0.5408350452780724 0.3881192058324814 1.449673801660538 1.061021782457829 0.1311701983213425 4.383993446826935 1.983262419700623 0.7436284124851227 0.877780094742775 70.95547143369913 0.3887952566146851 1.577844545245171 26.2643910497427 4.485818438231945 0.6100732088088989 22.81452731788158 8.218293622136116 12.56212966144085 49.32478545606136 32.76679998636246 4.319077052175999 45.08231676369905 40.22869870811701 21.30401630699635 18.40376598387957 0.4527147561311722 0.2090830355882645 0 0 0 0 0 0.1440702080726624 0 0 0 0 0.1798388212919235 0 0.9074869751930237 0.1667688339948654 0 0 0 2.31564998626709 2.044504068791866 0 0.2222627550363541 0.9504427909851074 9.362246863543987 1.985201269388199 17.02477023750544 3.715134710073471 0.7810416221618652 0 0 0 0 0 0 0 0.1162458658218384 0.5482910126447678 0 0 0 0 0.3830365538597107 0.08488255739212036 0 0 0.2284300327301025 0 0 0 1.20373410731554 10.35097794234753 0 0.1773526221513748 0.08307302743196487 0 0 0 0 0 0.1221279129385948 12.08984257280827 0.2070178240537643 0 0 0 10.13992690294981 2.391057409346104 4.752490907907486 0.2088590562343597 0.146775484085083 0.6653701737523079 0 0 0 0 0 0 0.3938160091638565 0 0 0.1114832982420921 4.464704051613808 5.452254474163055 14.11645908653736 140.5666617453098 12.43157900124788 276.1272767931223 49.42244444787502 115.7876122221351 21.68223956972361 1.071673385798931 24.33843233436346 19.24928967654705 0.4169241636991501 2.336406499147415 0.3074544370174408 15.42622771859169 0 0 0.1310634166002274 2.074865430593491 0 76.5849379748106 30.30493069440126
97.3225030452013 1169.49124071002 3114.391997843981 3.027395240962505 151.3450217619538 0.7800705879926682 24.22156669199467 2116.794060960412 400.5607664585114 48.54392418265343 4206.56811863929 1.62934871762991 107.260289169848 1040.513437449932 16.43114138394594 14.55341693758965 2.449867315590382 2.441586375236511 0.1068685725331306 5.968685619533062 4.663470238447189 0 14.39234989881516 13.25266443192959 10.60797292739153 14.98312096297741 26.3291829675436 9.633637621998787 3.248341806232929 4.425009705126286 2082.237336888909 2749.126203492284 215.3279149159789 3.356050699949265 16.46078619360924 2.430385962128639 29.14382253587246 37.8289405554533 10.61147643625736 3.859133146703243 49.82971732318401 58.79683548957109 3.167238108813763 7.352263636887074 2.300773322582245 7.084093540906906 117.9224682450294 1.989710226655006 2.118729904294014 4.849205248057842 34.22181549668312 0.5331990569829941 0 1.602207019925117 2.55660767108202 1.975101053714752 9.248691812157631 233.8406803384423 6.050761468708515 31.01117032766342 29.71324283629656 424.287806302309 7.071000672876835 281.0304024666548 1.608721442520618 3.611052051186562 2.933765567839146 13.67369107156992 6.896363884210587 78.40401330590248 19.29348556697369 1.089816480875015 0 103.824120528996 92.57646895200014 97.52992378175259 139.7530994415283 105.6947510242462 1150.893325217068 2021.732514433563 47.08978217095137 1476.548630848527 13.42011810839176 0 2.319022715091705 1.403575353324413 2.228898905217648 0 3.751049391925335 0.2574249729514122 27.30592830479145 2.477173157036304 95.80788561701775 49.52953307330608 12.84517311304808 4.33373549580574 0.7084256708621979 0 2.375501021742821 164.6371639221907 0 0 0.1684462130069733 0 0.2300677448511124 1.447978362441063 0 0 0.2926823496818542 2.661084219813347 0.154956117272377 3.029777109622955 2.946950808167458 1.119442373514175 2.346066243946552 0.2284344434738159 0.4873194843530655 0 0.1314661949872971 0 0 0 0 0 0.2253105342388153 0.4860087484121323 0 2.307576209306717 0.2854451537132263 0.7625683844089508 0.7640995383262634 0.5193193033337593 0.1313389241695404 0.09308714419603348 0 0 0 2.859719775617123 0.7797349393367767 3.398471653461456 1.357787892222404 2.726780280470848 5.017302192747593 1.745877303183079 1.055378243327141 0.6387190073728561 0.237766794860363 0.2356246411800385 0.2265330404043198 0.7006294950842857 0 0 0.1494025439023972 0 0 0.7660668939352036 0.8499788418412209 1.96649744361639 0 0 0.1074176803231239 0 0.2590140998363495 0 1.011229559779167 1.658718943595886 2.417744919657707 0 0 0.1310442537069321 0.1114537566900253 0 0 0.1228369846940041 0 0.932207778096199 1.267926558852196 0 0.293841153383255 0 0.8484184294939041 1.008613333106041 0 0.5411943346261978 0 0.1544693261384964 0.5527915209531784 0 0.6371981501579285 0 0 0.1297309100627899 0 0.1076790913939476 0.9536933079361916 0.8267080783843994 0.1255583614110947 0.5882687643170357 3.756268352270126 4.292367190122604 97.65172842144966 19.76261044293642 161.5537504851818 35.8824090436101 45.14651376008987 8.411505781114101 0.1186059415340424 17.35184988379478 6.174492910504341 2.413261115550995 0.1885455548763275 0.1872766315937042 0.1568422317504883 0 0.1484060883522034 0 3.020920246839523 0 13.39171473681927 2.475097060203552
10.98988009989262 1495.566738091409 2144.562344804406 73.7428740337491 8492.460760682821 2.750475272536278 4000.057726435363 400.5607664585114 1089.713656693697 346.8267986774445 1724.184913381934 7.264566689729691 1329.561450690031 2127.680099308491 4.187298886477947 3.750072441995144 0.2469824329018593 0.1332847476005554 0 0 0 0 0 0 0 0 0.5321534723043442 0.1267728060483932 0 0 32.96349225193262 9.729580841958523 12.62529132515192 0.1521885842084885 0 0 3.228625096380711 0.7373095899820328 0.8621287643909454 0.2205612286925316 0.4046662300825119 0.4086853638291359 0.3524451106786728 0.7400240153074265 0.09811662882566452 0 40.82731173932552 0.591270923614502 0.2710278481245041 0.1996561884880066 0.3409599736332893 0 0.1193323358893394 0 1.316115416586399 0.6403816193342209 0.9125790894031525 15.2081890553236 2.379889398813248 9.505748175084591 0.2249222695827484 1.599639423191547 0 6.946404099464417 0.510019339621067 0.3956066071987152 0.1125624403357506 0.8074066415429115 0.2079794481396675 0.4742842093110085 9.468273460865021 0 0 21.30076296627522 16.51843977719545 30.88686735928059 26.64190262556076 8.193492583930492 0.5122513920068741 23.46890559047461 0.09819419682025909 1.742967024445534 5.156612753868103 0 1.097494229674339 0.8158266395330429 0.3875007331371307 0 0.3645507842302322 0 0.6663567200303078 0 0.4524984657764435 0.4365317821502686 0.1214652508497238 1.904095411300659 0.8674366474151611 0 0.9809452295303345 10.92711801081896 0.1236322224140167 0 2.10154540091753 0.8632549345493317 0.8241629898548126 8.6970444470644 1.436465546488762 5.748089522123337 11.79150841385126 11.21279084682465 1.946043469011784 24.07814549654722 20.39393152296543 12.8025092035532 12.02003940194845 0.3287817239761353 0.4308043420314789 0 0 0 0 0 0 0 0 0 0 0.6574316322803497 0 0 0.140175923705101 0 0 0 1.384439915418625 1.926075346767902 0 0.3479129076004028 0 8.444478809833527 0.7642167508602142 6.792301557958126 1.405573800206184 0.8046977072954178 0 0 0 0 0.3353188931941986 0 0 0.628251388669014 0 0 0 0 0.1280340850353241 0.1070114299654961 0 0 0 0.08570273965597153 0.2132148444652557 0 0 0.4467083960771561 7.996635980904102 0.518670916557312 0 0 0 0 0 0 0 0 8.598409876227379 0.1389163285493851 0 0 0 6.136951118707657 0.1547464281320572 1.45590902864933 0 0.1651854068040848 0.1367239952087402 0 0.1480542123317719 0 0 0 0 0 0 0 0 2.024121224880219 4.464863479137421 10.44552134722471 54.9025910794735 2.864757552742958 73.80253893136978 21.17688316851854 16.33661639690399 3.021089822053909 0 11.03471254557371 7.287860542535782 0.1840505003929138 0.6056195944547653 0.1678866446018219 4.054735146462917 0.1957550346851349 0 0 1.340081259608269 0 8.383546859025955 12.20786445587873
1093.651135422289 1404.885473035276 461.7932145819068 3105.346078358591 2243.566669873893 736.1419575363398 4477.911335974932 48.54392418265343 346.8267986774445 2487.837018400431 184.6538165137172 2793.684421904385 8659.824049949646 1115.441216528416 31.89003191888332 16.52787467092276 0.5436682105064392 0 0.2488332316279411 0.3424925431609154 0.5535396188497543 1.265876367688179 0.1651014983654022 0.2029542177915573 2.979474641382694 1.273812621831894 0.8538448214530945 2.619646996259689 1.278442330658436 1.18303981423378 161.9411905482411 39.73531070351601 247.0754818990827 0.409628301858902 0 0 43.43511905521154 18.45406257361174 16.11726295202971 3.083549723029137 5.031958967447281 6.088039815425873 1.168033234775066 3.128513418138027 0 0.7644158452749252 397.9879878982902 12.55242446810007 0.3583101630210876 1.896642059087753 3.449548564851284 0.9765929579734802 0.6785427331924438 1.303474694490433 11.93712422996759 14.1421487852931 36.67962505668402 177.5501251220703 35.56449244916439 143.0610665753484 0.9941310361027718 76.3737051486969 0.4785498157143593 68.75652235746384 9.858354315161705 7.698007002472878 4.359588697552681 3.905147723853588 1.058252543210983 1.912631303071976 220.8657860681415 12.81207817792892 1.343359842896461 301.3131409808993 150.9175179973245 306.9401718974113 164.8194129317999 33.58453252911568 2.872205764055252 83.56216820329428 1.590483278036118 12.34713064879179 71.24073661863804 0.213695652782917 15.18507617712021 7.538381926715374 3.132433578372002 1.139334425330162 4.260752119123936 2.80912010371685 4.333778865635395 1.891093209385872 2.59987860918045 4.102268911898136 1.298179604113102 243.2854990363121 98.455118753016 3.109573930501938 22.11946876347065 353.1908167526126 5.188084580004215 10.83499652892351 61.4303719997406 30.47095028311014 17.20963099598885 274.2555188164115 103.3949907571077 152.8807346969843 307.1999914124608 356.7224329560995 53.64701244235039 587.3085629194975 613.2726299762726 327.1808707490563 280.3641077727079 4.402477651834488 2.154194369912148 0.7529156804084778 0.1995371282100677 0.1021930053830147 0 0 0.7838573306798935 0 0.2367717921733856 1.432091228663921 0.6214544922113419 1.542468532919884 1.146654292941093 2.167273454368114 0.6015332490205765 0.4244520515203476 1.055589355528355 2.083235323429108 26.56632634997368 36.18939632922411 0 3.335898458957672 0.7347876131534576 163.5244598463178 17.44706271588802 175.0677573531866 27.03760878741741 7.809149757027626 0 0.1160513460636139 0.2241686135530472 0 0.1807087510824203 0.4160591959953308 0 1.673771739006042 3.988470360636711 0 0 0.7621254473924637 2.656130343675613 8.422766476869583 0.5429791584610939 0 0.09067294001579285 0.6547117382287979 5.164313226938248 0.3725996166467667 0.4288793504238129 5.339187741279602 186.9487242773175 2.230242386460304 0 0.4223235696554184 0.5020178034901619 0 0 0.4827426001429558 0 0.3091328740119934 159.4089859873056 5.664593026041985 1.583990827202797 1.129630081355572 2.699005544185638 185.0564841553569 20.401277333498 75.17253210395575 3.576364323496819 1.26501202583313 7.438459455966949 0.9004976451396942 1.432552024722099 0 0.3770401030778885 1.292258307337761 0 0.9329268410801888 1.376036427915096 1.168073639273643 0.1749193966388702 51.71519100666046 94.75896590948105 241.543302744627 940.1993728578091 38.71787094324827 786.4535362571478 186.4946824833751 1312.063368104398 62.1416000649333 1.789616651833057 161.7512237504125 390.1090562269092 0.6937751919031143 19.93967936187983 5.744772277772427 307.0427092835307 0.2004741579294205 0 2.128602862358093 15.45272754132748 0.9715505987405777 1446.188504971564 468.7427045702934
79.76252339035273 2989.774614296854 2656.817330107093 6.021201342344284 823.0707269608974 2.536307252943516 133.2652636393905 4206.56811863929 1724.184913381934 184.6538165137172 1625.863649703562 27.0358542650938 631.8945561051369 3330.166960142553 15.31889034062624 12.39614228904247 0.9512643665075302 0.4624283909797668 0.3857054337859154 0.3160349577665329 1.002252236008644 0.6197076737880707 2.814787074923515 5.788139708340168 6.964968144893646 7.97940568625927 11.65298880636692 5.125361099839211 2.902957528829575 2.107746139168739 914.3007736727595 324.73414888978 458.82667337358 0.3473062291741371 3.046374768018723 1.970520123839378 73.3108831346035 42.42944100499153 16.61052513122559 6.117421053349972 25.58466383069754 36.38875741511583 0.431085616350174 4.918782889842987 0.1000387519598007 0.7155636101961136 101.6110168844461 2.241827882826328 0.7097258195281029 1.609216392040253 12.22254487872124 0.422633022069931 0.3760464638471603 2.237168148159981 1.375860869884491 1.626514628529549 5.171939916908741 95.61658666282892 4.126240760087967 26.14597571641207 0.7851703464984894 108.0170208141208 0.3755619376897812 41.23138404637575 0.8334664851427078 1.661519892513752 2.896340355277061 2.988291159272194 0.8549725487828255 7.658408120274544 42.88052988052368 0.2563340365886688 0.1417713165283203 63.41278451681137 53.45466071367264 75.75378967821598 75.00939687341452 45.86282136291265 87.4188334941864 852.20995978266 1.94384989887476 135.3663251027465 9.36358030885458 0.185893788933754 2.205018676817417 1.584879145026207 1.954168796539307 0 1.072906665503979 0.156318187713623 11.78680403530598 2.628006935119629 5.350664503872395 22.26784770935774 11.95658105611801 13.28160913288593 2.180156588554382 0 4.971202574670315 67.00201667845249 0.2104287296533585 0.1602844446897507 0.8099345564842224 0 0 3.082358539104462 0.1629286557435989 2.388320118188858 4.968126565217972 6.712348118424416 1.270608752965927 9.342876568436623 9.421059116721153 9.026627779006958 9.454646974802017 0.6553541272878647 0.3016427159309387 0 0 0 0 0 0 0 0.3813310414552689 0.6551473736763 0.1280212849378586 0.5557666942477226 0 0.1041778177022934 0.345756471157074 0.4257745072245598 0.2373041585087776 0.1029742658138275 0.8563917353749275 0.6264738589525223 0.1669056713581085 0.8806814923882484 0.2610603868961334 2.856266140937805 1.3285041898489 5.3713099360466 1.109664730727673 0.6016996130347252 0.3688191324472427 0.137065201997757 0.11924047768116 0 0 0.1200474053621292 0 0 0.1507867276668549 0 0 0.8970580548048019 0.4464060142636299 1.155129715800285 0 0 0 0 0 0 0 0.2652476653456688 3.966083057224751 0 0 0 0 0.09060882031917572 0 0 0.1070429682731628 0.2779360711574554 7.153409197926521 0 0 0 0.5842465981841087 3.037982247769833 0.4293366819620132 2.744847983121872 0 0 0.2106747031211853 0 0 0 0 0 0 0 0.2276499569416046 0.4008698686957359 0.1333146393299103 1.163718104362488 4.380457326769829 12.07567210495472 94.3660524263978 8.727431431412697 136.096133030951 32.44206309318542 45.65942516177893 6.329563446342945 0.3146418258547783 24.05074571073055 2.96819007396698 0.1598279625177383 0.3962073028087616 0.5499982535839081 2.076924741268158 0 0 0 4.152409940958023 0.3130545914173126 16.91126047074795 8.658465847373009
86.64888940751553 8.704167611896992 7.562458969652653 109.561882853508 11.75093198567629 245.3462888747454 82.80966386944056 1.62934871762991 7.264566689729691 2793.684421904385 27.0358542650938 139.4857719838619 1429.128079257905 203.4617398157716 40.53973656892776 35.11741898953915 3.043529666960239 0.4040636420249939 0.2868382856249809 0.9943465888500214 0.2103474289178848 1.933354213833809 1.04582604765892 0.8295471519231796 9.838008061051369 5.193879619240761 5.466749899089336 5.324267856776714 7.558021508157253 1.213276207447052 8.377448804676533 1.991644270718098 300.0436787381768 0.3529884219169617 0.9193580746650696 1.339754462242126 186.2772431969643 65.94972122460604 92.15972169488668 25.1569492444396 22.25187879055738 36.33063514530659 0.5482422560453415 5.05097958445549 1.042333677411079 0.5931537449359894 93.71398524194956 0.7782080247998238 1.695350848138332 0.9937025085091591 39.5854701474309 4.974944144487381 4.879034534096718 12.52457050234079 0.09676966816186905 0.8469280302524567 6.844996362924576 6.936189398169518 2.483117662370205 12.59354543685913 0.1706495136022568 76.22988884150982 0.4965624958276749 4.28949373960495 0.6055717244744301 1.462419785559177 3.034756630659103 16.29181699454784 2.653358712792397 8.084992930293083 353.104911506176 9.784769274294376 1.072916761040688 12.10455591231585 13.21648903936148 42.80154725909233 52.67173517495394 23.5873010084033 0.4636231660842896 39.78236549347639 0 4.494805335998535 2.687200754880905 0 0.2328985705971718 0.6039954274892807 1.779461294412613 0 5.342409901320934 0.5282815396785736 35.90889946371317 5.29338876157999 11.88196865469217 40.5794328302145 18.4142824858427 889.7189472615719 176.4827902466059 0.4280431270599365 50.86926938593388 103.6903757378459 1.234353072941303 1.584064409136772 28.10176435858011 11.48544539511204 6.24833932518959 139.3549913093448 59.08764902502298 73.47017908841372 196.8842422440648 199.6924804747105 24.53564392775297 356.7015508562326 394.4640916436911 207.7107189819217 134.6531262621284 1.342245496809483 0.9357202351093292 0 0 0 0 0 0.4316903203725815 0 0 0.2798169702291489 0.7615452632308006 1.723197527229786 0.5677871108055115 1.222914822399616 0.8956866711378098 0.861479826271534 1.908047839999199 1.711215242743492 7.973907396197319 9.262598864734173 0.2686025351285934 0.3933007717132568 0.3947664648294449 59.67760712653399 2.245373673737049 41.96967507898808 7.984186708927155 2.650628060102463 0.2929496914148331 0.2007495909929276 0 0 0 0.9473454654216766 0.124919593334198 0.4595399051904678 0.1437819302082062 0 0 1.625168561935425 2.892993755638599 2.096799291670322 0 0 0 0.3881387859582901 0.4046862050890923 0.1203474998474121 0.4827220886945724 0.9625051617622375 34.85348036885262 0 0 0 0.2506027817726135 0 0 0.3546021580696106 0.3018397241830826 0.5920555293560028 94.98716236650944 5.484636425971985 1.920837394893169 1.151498094201088 1.181062579154968 38.45183273404837 0.9288389086723328 12.10543809086084 0.7809979915618896 0.4192964360117912 1.959127731621265 0.09228929132223129 0.4856922775506973 0 0 0.5384319126605988 0.1446871012449265 0.7280587181448936 0.9864675253629684 1.244518205523491 0.6329947337508202 43.69344260543585 33.89574953913689 61.80882408469915 377.1864201873541 9.645272187888622 199.9988632276654 61.71035777032375 337.3598398566246 4.876045301556587 0.1553328782320023 49.51652833074331 99.88922288268805 1.825332090258598 6.117308646440506 2.990374162793159 103.6225440949202 0.4305118918418884 0.1222456097602844 0.1887362003326416 11.20219633728266 0.5103825628757477 1053.3362775594 656.9150732457638
45.918936021626 935.4365080222487 537.5697187781334 263.7712120637298 629.7816137447953 88.52852178364992 4677.477684631944 107.260289169848 1329.561450690031 8659.824049949646 631.8945561051369 1429.128079257905 4611.318583533168 5394.547831334174 97.80132760107517 68.19540639966726 10.24370819330215 0.5567738711833954 0.1264291852712631 0.7332995682954788 1.439594522118568 4.039044454693794 2.376759566366673 7.496526397764683 34.91289927065372 15.87063302844763 12.71307052671909 20.07096759229898 23.80553248524666 3.56320808082819 54.11310618370771 6.321932390332222 2326.189026899636 1.177060209214687 1.504053629934788 4.23308988660574 673.0239721685648 256.6184335425496 278.8060166090727 107.8990415856242 31.47697278857231 58.07724609225988 0.7843144163489342 11.12214577943087 1.609868727624416 2.060129947960377 303.0649491623044 2.861084252595901 4.375871241092682 5.212192468345165 45.79956711083651 8.132792390882969 21.35428605228662 29.64900039881468 1.736467637121677 2.129838742315769 9.356329336762428 35.34339632838964 7.077998876571655 49.64653945714235 0.8737410232424736 156.8142454102635 1.292617134749889 21.48565141111612 2.742009125649929 4.713210843503475 4.75360818952322 17.56219293177128 2.150568731129169 11.45736964046955 776.6472851186991 20.7813905030489 0.5751791596412659 62.90179464221001 66.20471176505089 148.1102417483926 166.1936474144459 60.73393286764622 0.8936261832714081 164.0403386130929 2.720296040177345 15.58599852770567 13.29341981559992 0 2.249169945716858 1.821590967476368 3.759666956961155 0.2930082827806473 8.628625921905041 1.122752398252487 48.76100973784924 9.577656805515289 23.54894617944956 52.70401091128588 43.37627968192101 591.7647396922112 47.66925094276667 0.3172999173402786 100.8879380747676 46.92094925791025 2.239200733602047 4.441843248903751 50.89273539930582 21.23252218961716 13.59365285933018 208.9539762288332 77.13593903928995 115.8922327756882 357.1238445565104 277.7424978837371 43.27976045012474 512.9834401831031 558.4581948518753 302.1752278134227 243.2076088264585 3.483874313533306 0.9274830296635628 0.1373807191848755 0.561630442738533 0 0.2181143015623093 0.2692459672689438 0.4134628251194954 1.06164713203907 0 0.814533144235611 0.8826129660010338 3.794513590633869 1.747396051883698 3.156598344445229 1.887451015412807 2.246149189770222 3.478269152343273 2.662214860320091 17.0083629861474 16.9711581915617 0.2989499866962433 3.446265012025833 0.7197089567780495 110.6182099655271 9.637355163693428 96.74550149589777 27.05656003206968 6.8994956985116 0.4007517248392105 0.8775006234645844 0.5710129141807556 0 0.4288667440414429 1.881432376801968 0 0.5119741186499596 4.915695168077946 0 0.1348739564418793 1.098602831363678 5.412880316376686 5.816667072474957 0.1481212377548218 0.5383160412311554 0.1621624827384949 1.370093978941441 1.065744154155254 0.7357045561075211 0.735508143901825 1.414390563964844 81.81085893511772 0.9223033934831619 0.1181512698531151 0.1173056215047836 0 0 0.118026427924633 0.1378216147422791 0.1335717141628265 1.762757949531078 161.673269033432 7.612476013600826 1.378844618797302 2.198741368949413 2.580901153385639 100.551358230412 6.397041872143745 28.60181404650211 2.940712504088879 2.436876744031906 2.692831702530384 0.4214750528335571 1.701831810176373 0.1412487179040909 0 0.480941541492939 0.1233533024787903 0.758562371134758 1.59836333245039 2.919255174696445 1.055098116397858 54.89429968595505 71.56029604375362 136.5141326934099 725.7782787084579 29.56694443523884 567.1581072956324 181.5997923240066 234.4278614148498 21.39515642076731 0.7939970344305038 130.5832433626056 158.0562721714377 1.338327243924141 11.24086566269398 4.775061003863811 145.4476360604167 0.1319457143545151 0 3.928631611168385 12.5424802750349 1.000819832086563 613.430606558919 644.0278675407171
