501.5731915161014 1287.849756635725 837.7716552615166 1800.620473057032 26.55966960638762 142.2753617838025 794.1523885205388 104.3484143838286 8.022087380290031 1562.974808603525 65.45799790322781 52.97935304045677 213.1065206825733 94.90548156946898 5.076136074960232 0.7453879863023758 0 0.1070075258612633 0 0 0 0.1761387437582016 0 0 0 0 0 0 0 0 675.611664481461 8.288240917026997 3.710533492267132 0 0 0 0 0 0 0 0.1084879860281944 0.09218925982713699 0 0.1800480112433434 0 0.0988333597779274 23.71129155158997 2.118233904242516 0 0 0.1048702970147133 0.1327092349529266 0 0 1.664354652166367 2.240338198840618 140.6562154144049 292.1502548381686 27.71404489129782 25.44862147420645 0.2594465687870979 0.2422813773155212 0 2.697104215621948 3.471158772706985 2.273227259516716 0.8976439535617828 0.8092265948653221 0 0.166946217417717 4.42093662917614 14.13981541246176 0.2641239613294601 136.1360853612423 24.11634785681963 42.65340058505535 2.758303709328175 0.516095869243145 0.5239222794771194 3.973566070199013 0.2009153217077255 0.2746932208538055 14.38216780126095 0.08694307506084442 1.576488845050335 1.464338004589081 0.1790740638971329 0.5275087803602219 0.3581058755517006 0.1136463060975075 0.08247507363557816 0.3880583569407463 0 0.2457322254776955 0.3305132910609245 146.1318778768182 40.54335153847933 2.44038499891758 0.9749851524829865 841.1836507767439 0 23.83261407911777 9.45448811352253 11.02568580210209 0.1981356292963028 2.637113779783249 34.95554523169994 2.758674740791321 15.13022454082966 5.998809114098549 0.1534087955951691 7.026423007249832 10.062794521451 5.190019994974136 4.999484822154045 0 0 0 0 0 0 0 0 0 0 0 0 0 0 0 0 0 0 0 0.823062926530838 0 0 0 0 1.34286493062973 0 0 0 0 0 0 0 0 0.1101021766662598 0.1107274889945984 0 0 0 0 0 0.1151249930262566 0 0 0 0 0 0 0 0.9222310334444046 0 0 0 0.7913517653942108 0 0 0 0 0 0 0 0 3.389427855610847 1.001918524503708 0 0 0 0.3242994844913483 0 0 0.1731964349746704 0.5921927094459534 0.09398002177476883 0 0 0 0 0 0 0 0 0 0 2.90088202059269 0 0.3801232278347015 20.7868577837944 2.187136977910995 78.29075236618519 8.51671776920557 246.8283908814192 16.64093491435051 1.291520521044731 0.8941506668925285 3.129082500934601 0 1.399857640266418 0.09406670182943344 35.93139387667179 1.177024126052856 0 0 1.460325255990028 0 398.0975662991405 18.62626917660236
1287.849756635725 2834.730900891125 2601.072050713003 906.4538520053029 2440.7161270082 196.4290121048689 2837.477688275278 212.5065119341016 1277.61166420579 702.4620491340756 852.7967099770904 195.9576328098774 677.1630163267255 1305.421863429248 19.3891796246171 4.861080788075924 1.069415353238583 0 0 0.1826227754354477 0 0 0 0 0 0.2143582701683044 0.09421637654304504 0.08273214101791382 0 0 1614.666101776063 34.99710605293512 4.540795281529427 0.0801130086183548 0 0.3182919919490814 0.9716208055615425 0 0 0.4821256399154663 0.07554475963115692 0.3155210763216019 0 1.042871505022049 0.09186209738254547 0 81.88470942527056 3.843159362673759 0.5309114754199982 0 0.08896637707948685 0.2390124499797821 0 0 6.571232326328754 4.162995085120201 86.0724011361599 205.5072589889169 32.23329018056393 76.34083741158247 0 0 0 39.62734303623438 7.201139748096466 6.233138166368008 3.979802578687668 1.425342038273811 0.4675357565283775 0 12.04564189165831 1.89006419479847 0 229.8493170291185 84.03696650266647 171.5120953917503 25.10176405310631 1.347360052168369 1.164874896407127 8.624294109642506 0.4883794784545898 0.3123437464237213 35.07535438984632 0.1528598144650459 3.667317971587181 4.64344871789217 1.041243486106396 0.5494835376739502 1.011668004095554 0 0.914459727704525 0 0 0.3753063231706619 0.291287362575531 31.14606280624866 3.482112556695938 0.1002586260437965 2.139007814228535 433.3520386591554 0 6.697534874081612 6.156998321413994 15.5019024759531 2.756034314632416 7.020236611366272 9.660816326737404 1.074401453137398 16.91062653064728 16.11300814151764 1.42421543598175 11.32862555235624 21.78761418163776 15.48391065746546 7.780586034059525 0.8899799287319183 0 0 0 0 0 0 0 0 0 0 0 0 0 0 0 0 0 0 1.69777375459671 1.171240970492363 0 0.1457585096359253 0 2.330310054123402 0 0.08538728952407837 0 0 0 0 0 0 0.9399268627166748 0 0 0 0.5690173506736755 0 0 0 0 0 0 0.2684328556060791 0 1.44128543138504 0 1.87615031003952 0 0 2.165238380432129 1.419404849410057 0.3352182805538177 0 0 0 0 0.09555227309465408 0 0 5.055475607514381 1.751630932092667 0.1050238460302353 0 0.2432570233941078 5.042480677366257 0.2600368335843086 1.036328941583633 0.6862728595733643 3.672935009002686 2.750458717346191 0.8119245171546936 0 0 0 0 0 0 0 0 0 7.348501101136208 1.68151967972517 2.110767759382725 92.37174372375011 10.14732306450605 355.8397796750069 36.06654818356037 78.93157997727394 63.66473850607872 3.689028114080429 18.22932464629412 2.823348514735699 0 4.191471666097641 0 9.688452214002609 5.636939130723476 0 0 0.6467001587152481 2.492023810744286 110.541813954711 12.21436991542578
837.7716552615166 2601.072050713003 1031.28956528008 170.2233374118805 258.9306973442435 139.2067539766431 699.5699443370104 4137.624378986657 370.8117684274912 59.42063799500465 1496.941440984607 16.70686139911413 172.5157736465335 1177.351347066462 21.83226431906223 13.21551221609116 1.205373086035252 0 0 0.1807056963443756 0.2198886573314667 0 0.2465576678514481 0 0.201591968536377 0.2354388684034348 0 0.2925054281949997 0.6526186168193817 0 2306.288472607732 354.2138168513775 28.26742909103632 0.4790631681680679 0.1828765869140625 0 14.21014247089624 0.5247766971588135 1.867951735854149 0.3848602920770645 0.2313059493899345 1.106114730238914 0.6547268182039261 0.7967389598488808 0.5267978608608246 0.2566521763801575 76.59259680658579 3.744299821555614 0.2357373386621475 0.4713486880064011 1.415674649178982 0.3145493641495705 0.2449519038200378 0.1397223025560379 4.61219859868288 3.145902004092932 82.26922868192196 252.0276215970516 24.92134533077478 54.03203338384628 2.037674129009247 1.104930430650711 0 57.0762839242816 5.223125837743282 5.820877581834793 2.770279601216316 2.634707845747471 2.686782892793417 0.2977434769272804 80.9874332845211 20.75511921942234 0 175.635005839169 65.33153236657381 133.0106617435813 23.580710478127 4.127884708344936 67.43315708637238 259.8592045009136 2.64620129019022 13.52024053782225 27.82124112546444 0.221742182970047 3.451892666518688 3.803295627236366 1.435916267335415 0 0.8385831117630005 0.08559285849332809 0.8902950659394264 0.09608547389507294 2.461902506649494 0.6783644929528236 0.4108903259038925 46.08507524430752 57.84811645746231 0.496063694357872 11.19449938088655 234.9686579108238 5.703889429569244 13.31523326039314 8.097851812839508 8.931513726711273 15.74179384857416 14.6132550612092 12.31550543755293 21.1288875490427 24.09543214738369 116.2272408977151 14.97613774240017 44.04633835703135 48.71232304722071 37.17615967988968 34.546775393188 6.150536887347698 4.631967663764954 0.0739719495177269 0 0 0 0 0.2501265704631805 0 0 0 0 0 0 0 0 0 0 0 17.88537362217903 8.348771721124649 0 0 0 11.91554479300976 1.043210864067078 2.436115778982639 1.323897927999496 0 0 0.3784206509590149 0 3.014893591403961 2.760022781789303 0.8433963432908058 0 1.220047980546951 2.66954094171524 0 0 0.2581143379211426 0 0 0.2499773055315018 0 0.2741182446479797 3.790245614945889 4.312284290790558 0 1.647761672735214 1.316191613674164 37.07917493581772 11.27730652689934 0 0.4041042178869247 0 0 0 0 0.09677882492542267 0.4244650602340698 11.38210567831993 20.07107676565647 0.3836930468678474 0.1074186190962791 0 14.379184871912 14.32797718048096 26.67847038060427 5.264862045645714 11.26375471800566 3.472818702459335 0.2852422297000885 1.812219992280006 0.8526787087321281 0 0 0.08825144171714783 0.07747269421815872 0 0.08045795559883118 0 9.268680721521378 1.242898866534233 9.047982536256313 107.9400833919644 5.988747864961624 259.0950119420886 40.87604039162397 70.70839556306601 49.67159406095743 1.458135083317757 14.64216699451208 37.69709447771311 0 41.70308320969343 12.06082629412413 34.24573796987534 10.11653081327677 0 2.823727637529373 5.444579251110554 4.542219541966915 83.49977483600378 57.39246042072773
1800.620473057032 906.4538520053029 170.2233374118805 352.0430515184999 46.55745136737823 944.6556501984596 922.1304434016347 1.292525373399258 3.14567019790411 1942.743729889393 3.14601157605648 521.7154171913862 1322.47775722295 104.1448549628258 2.955691553652287 0.08371564000844955 0.2572938203811646 0 0 0 0 0 0 0 0.08099839836359024 0 0 0 0 0 251.8759833946824 1.167356744408607 0 0 0 0 0 0 0 0 0 0.1019099578261375 0 0.2052029147744179 0 0 34.41197631508112 2.263305269181728 0.5220008715987206 0 0.1882853657007217 0 0 0 2.526250340044498 1.972007654607296 74.85386517643929 138.9886843189597 18.24867393821478 31.32507438212633 0 0 0 8.581693165004253 3.633986957371235 2.592878058552742 1.557665452361107 0.6145220994949341 0.2677027881145477 0 0.3991539776325226 0 0 122.3131205737591 31.99941469728947 70.20790006220341 4.494862601161003 0.7192972898483276 0.1873916760087013 0.4723674654960632 0.07937704026699066 0 15.36460191011429 0 1.891655102372169 2.683829456567764 0.5502748787403107 0 0.2080823704600334 0 0 0 0 0.1036264449357986 0.09732899814844131 19.71589012444019 0.8453962206840515 0 0 423.323350161314 0.1188364550471306 16.78049574792385 6.999512754380703 37.31978522241116 0.1920037269592285 7.811228409409523 32.40083195269108 2.225397258996964 30.64972218871117 11.17564904689789 0 9.477637447416782 11.79776914417744 7.784344084560871 2.023904114961624 0 0 0 0 0 0 0 0 0 0 0 0 0 0 0 0 0 0 0 0.3767211139202118 0 0 0 0 0.1476970613002777 0 0 0 0 0 0 0 0 0 0 0 0 0 0 0 0 0 0 0 0 0 0 0.1378212422132492 0.487800344824791 0 0 0 0 0 0 0 0 0 0 0 0 1.447362706065178 0 0 0 0 0 0 0 0 0 0 0 0 0 0 0 0 0 0 0 0 5.630874812602997 0.4038069620728493 0.1293826550245285 13.7634035795927 1.971530511975288 119.2366335839033 10.48386142402887 94.53370329737663 20.81955727189779 0.5986033082008362 0 1.051607489585876 0 0.1538294404745102 0 20.37564894556999 0 0 0 0 0 222.5731412619352 13.67699944972992
26.55966960638762 2440.7161270082 258.9306973442435 46.55745136737823 1166.651721537113 3.537478089332581 1750.927920624614 71.13450606912374 2228.378999918699 176.560066126287 528.4995250105858 30.02660872042179 331.3234880715609 1774.1771055758 5.287762276828289 1.608456410467625 0.2957745417952538 0 0 0 0.08345852047204971 0 0 0.2139802724123001 0 0 0 0 0 0 77.43253412097692 20.11441599577665 1.054238051176071 0 0 0 0.371378481388092 0 0 0 0.08412647992372513 0 0 0.07747635990381241 0 0 22.34219669550657 0.7813296318054199 0 0 0 0 0 0 0.2845366448163986 0.5613333880901337 9.612982891499996 15.9761868044734 3.607276514172554 11.45728378742933 0 0 0 7.844603508710861 0.6116824597120285 0.5990447774529457 0.8005620464682579 0.6428442075848579 0.07998957484960556 0 8.658996000885963 1.001890584826469 0 28.81903606653214 9.785355299711227 25.28182015568018 7.597183920443058 0.2010175660252571 0.3916905522346497 1.407272011041641 0 0.2533239498734474 4.068654604256153 0 0.6471476256847382 0.7874593734741211 0.2358843088150024 0 0 0 0 0 0.09458703547716141 0 0 15.90313136577606 0.9949090033769608 0 2.652650445699692 9.256562441587448 0 3.787011876702309 3.36253234744072 2.258486866950989 3.106621474027634 5.615049347281456 8.220731481909752 1.293393418192863 2.822894349694252 7.921559974551201 2.09745791554451 8.942614555358887 20.66766762733459 8.584917336702347 7.549240306019783 0.3299892842769623 0.8865326642990112 0 0 0 0 0 0 0 0 0 0 0 0 0 0 0 0 0 3.408550232648849 0 0 0 0 2.097992777824402 0 0 0 0 0 0 0 0.4156677722930908 0.502307653427124 0 0 0 0.2054498940706253 0 0 0 0 0 0 0 0 0 1.239780068397522 0 0 0 1.3603246062994 0.6131809949874878 0 0 0.3908188045024872 0 0 0 0 0 3.583140179514885 1.644828349351883 0 0 0 2.463278830051422 0 1.058655083179474 0.6629384160041809 0 0.5658838152885437 0 0 0 0 0 0 0 0 0 0 4.195210948586464 0.1208577901124954 0 49.35670255124569 1.978629142045975 81.78953303396702 11.88126291334629 27.87645901739597 21.2245821878314 1.40764619410038 5.748930357396603 2.409832924604416 0 4.937873870134354 1.975718483328819 4.211682796478271 0 0 0 1.340339869260788 1.351703286170959 9.40257354080677 3.558642342686653
142.2753617838025 196.4290121048689 139.2067539766431 944.6556501984596 3.537478089332581 1.396226033568382 110.5316717922688 2.051427096128464 2.15981201082468 1225.898716829717 6.018389388918877 158.615105047822 159.9153754264116 19.34345287084579 0.6993493363261223 0.1923307031393051 0.1008599251508713 0 0 0 0 2.462068498134613 0 0 0 0.1091381385922432 0 0 0.1772065609693527 0 113.5891322046518 0.5865787267684937 7.248864702880383 0 0 0 1.34305976331234 0 0.3190326541662216 0.1838018447160721 0 0 0 0.2657739818096161 0 0 2.333966687321663 0.1645868569612503 0 0 0.2022500932216644 4.970279015600681 3.197007924318314 0 0.1270499676465988 1.655893452465534 16.44291563332081 19.11293672025204 2.408881992101669 1.97343023121357 0.9492276757955551 1.242771953344345 0.1453132331371307 0.3029345721006393 0 0.09896931052207947 0.3339048624038696 0.1968965530395508 0 0 29.65259316563606 151.4384273737669 4.852176502346992 7.862231463193893 2.464523993432522 2.183491423726082 0.09900818020105362 0.1640960425138474 0.2421786934137344 4.853409200906754 0.8449385315179825 1.038632705807686 0.8918815925717354 1.72330155223608 0.2033817395567894 1.461003623902798 0.08991754055023193 4.126762241125107 5.929979301989079 6.121333815157413 3.057675525546074 3.294420912861824 0 0 0.3788930252194405 733.3179719597101 341.5759745836258 35.01424115896225 8.104218728840351 359.7118272334337 0 48.17239965498447 5.264683216810226 1.504341557621956 0 2.357208952307701 55.29010292887688 1.235894456505775 5.878382652997971 10.78399604558945 0 1.857553392648697 19.51540526747704 6.457631751894951 1.398259863257408 0 0 0 0 0 0 0 0 0 0 0.1588765382766724 0 0.1889413893222809 0 0.1554176658391953 0 0.09679928421974182 0 0 1.571607172489166 0 0 0 0 0.5566919445991516 0 0.1615926474332809 0 0 0 0 0 0 0.3298752307891846 0 0 0 0 0 0 0 0 0 0.1355421543121338 0 0 0 0 1.161109000444412 0 0 0 0 0 0 0.08681207150220871 0 0 0 0 0 3.203668847680092 1.004866763949394 0 0 0 0 0 0 0 0.1228412911295891 0.3279580473899841 0 0 0 0 0 0 0 0 0 0 8.369781747460365 0.5016197860240936 0.2345358580350876 13.69412957876921 0.1897690892219543 6.911786563694477 2.032514110207558 64.45918053388596 2.127683319151402 0.3517495393753052 0.4039671421051025 0.2412752360105515 0 0.1121020615100861 0 33.16106314957142 0 0 0 0.2870078682899475 0 40.05253227800131 31.6595468595624
794.1523885205388 2837.477688275278 699.5699443370104 922.1304434016347 1750.927920624614 110.5316717922688 891.3874602168798 58.67290395498276 1246.112084209919 1253.365303188562 569.6497448608279 638.3677667379379 4056.4788473472 3909.553817383945 19.08566228300333 4.508854314684868 0.2442603781819344 0 0 0 0 0 0 0.236859604716301 0 0.1806513071060181 0 0.1095387935638428 0 0 304.282746180892 27.83565957844257 5.863110795617104 0 0 0 6.884112171828747 0.1489367634057999 0.09860491007566452 0 0.1025825887918472 0.3552918806672096 0.08082148432731628 0.1254284530878067 0 0.2319063395261765 59.75111541897058 2.405622616410255 0.3553471118211746 0 0.4071966856718063 0.1029383018612862 0 0.103889673948288 3.979354180395603 1.641338407993317 49.12592861056328 107.1245487034321 18.22253020852804 49.07206898927689 0.07522669434547424 0 0 22.84213262051344 4.047502286732197 3.150185830891132 2.0228376314044 1.418217405676842 0 0 29.09001820534468 0.633034348487854 0 129.004709854722 39.97516919672489 105.3317147567868 12.77498654276133 1.184441283345222 0.1808395385742188 15.90224209427834 0.6660765036940575 0 18.92141170054674 0 3.181309580802917 3.019308462738991 0.4570109099149704 0 0.3354447111487389 0 0.09264799207448959 0.226229652762413 0.2238869741559029 0.1824166849255562 0.380845919251442 112.8465064764023 4.381006173789501 0 1.748687505722046 117.2286278754473 2.583948269486427 13.12189641594887 18.61409995704889 30.80487406253815 5.618666365742683 18.62313429266214 49.27960300445557 8.236925199627876 26.41054371744394 53.94839783757925 6.682255312800407 51.60308197140694 71.92873886227608 59.58764489740133 25.05234026908875 0.3550313115119934 0 0.3551318347454071 0 0 0 0 0 0 0 0 0 0 0 0 0 0 0 0 9.108813717961311 0.8642006516456604 0 0.1088813170790672 0 6.976402498781681 0 0 0 0 0 0 0 0.163322240114212 0 2.071465969085693 0 0 0.5339582785964012 0 0 0.3646273910999298 0 0 0.4157575368881226 0.8608423471450806 0 0.9860958456993103 0.5377466902136803 1.145197108387947 0 0 5.558379277586937 0.8497584760189056 0 0.1914224326610565 0 0 0 0 0 0 26.46760345250368 4.272172823548317 0.1657524704933167 0.1278623193502426 0 4.180070593953133 2.222302049398422 3.089109055697918 0.09428824484348297 0.8726548552513123 2.025178253650665 0.1156964600086212 0.8065614104270935 0 0.09302306920289993 0.1617510169744492 0 0 0 0 0 27.321144528687 1.532071188092232 2.026421442627907 97.90522387623787 6.765417888760567 264.2265013828874 28.78690988570452 56.52049189060926 40.6673556342721 1.808472238481045 17.44829186052084 7.420351415872574 0.6418758183717728 7.743863441050053 5.10207262635231 19.77434554696083 3.717714793980122 0 4.470895171165466 1.991740547120571 1.720820426940918 109.9438100755215 33.60906609892845
104.3484143838286 212.5065119341016 4137.624378986657 1.292525373399258 71.13450606912374 2.051427096128464 58.67290395498276 938.2138463780284 369.3019008114934 6.510613292455673 806.4640344008803 36.42655764520168 144.19752381742 1083.054841384292 92.2273159250617 82.75827626138926 3.285597920417786 0.4854804798960686 0.1262076497077942 0.9785136058926582 7.37460345774889 0 4.292591400444508 1.60917704552412 3.234294839203358 1.260062821209431 0.07595363259315491 0.5032022818922997 0.2136707305908203 0.09884361177682877 2088.512571252882 2139.384485550225 95.45984178781509 4.581595465540886 0.903311051428318 0.6737061962485313 53.74284298717976 6.4086087718606 10.05537283420563 2.771756615489721 3.535943627357483 5.318434365093708 3.836145669221878 14.85081153362989 0.8013845980167389 2.163338914513588 182.3952089846134 4.826431438326836 1.687003716826439 5.064802445471287 8.508176922798157 1.102994173765182 1.255047887563705 0.8626322597265244 3.965245977044106 3.109815359115601 51.28730693459511 180.2670824229717 18.18241329491138 54.9129800722003 65.72612810134888 39.28025707602501 2.317318797111511 480.4487679004669 6.417954221367836 5.315492659807205 3.782075017690659 12.1925281509757 23.88630582019687 7.220750950276852 153.7788659632206 16.75953958183527 0 139.8645007461309 68.8963465988636 191.3943755850196 86.74416533857584 597.0201312303543 700.5918327197433 829.6283885166049 140.339630573988 262.7244453728199 19.72538395226002 0 5.965815320611 4.447055600583553 5.442621849477291 0 0.4730828106403351 0.08594992011785507 3.586027145385742 0.9485923647880554 27.08716961741447 10.73171438276768 2.915923848748207 71.51692932844162 51.05109506845474 0.5106515064835548 30.48680445551872 76.63193772733212 4.422693490982056 2.054066121578217 10.64213723689318 6.551908560097218 6.965763032436371 10.16785411536694 8.812433585524559 9.494497463107109 13.59831480681896 65.90171067416668 5.972680956125259 51.11984369158745 47.66379044950008 41.66920218616724 32.50389756262302 2.382964476943016 0.9185944199562073 0 0 0 0 0 0 0 0 0 0 0.1657671332359314 0.2753526568412781 0.1652711182832718 0 0.09083978831768036 0 0 12.26611849665642 3.529980190098286 0 0 0.1384172886610031 7.91360379755497 0.1140275150537491 3.826741963624954 2.119522854685783 0.3118484765291214 0.1394276171922684 0 0.1229992881417274 1.991954647004604 2.548055849969387 0.5267689302563667 0 1.048059463500977 3.888174451887608 0 0 0 0.2775479331612587 0 0 0.7219709455966949 0.07714144140481949 0.2942450344562531 1.972775131464005 0 1.060242980718613 0.179054781794548 9.734204508364201 5.285409234464169 0 0.2130203917622566 0.2040390893816948 0 0.1932778358459473 0 0.4848050102591515 0.4082758575677872 12.25780271738768 14.31564893573523 0.4669744372367859 0.2158258482813835 0.3457988873124123 11.86020664870739 9.020386777818203 9.177249491214752 5.036074824631214 5.666869685053825 5.597611412405968 2.796375080943108 0.3855940848588943 0.1799187287688255 0 0.1121508106589317 0.1029581725597382 0.08463417738676071 0.3372074514627457 0.5275768861174583 0.425818182528019 7.413708411157131 3.312648713588715 4.338556841015816 294.2312918305397 13.77007891982794 490.6763854399323 105.4771194010973 120.1744081750512 84.63043064624071 3.207077465951443 46.08384454250336 25.18725123256445 0.2733525931835175 21.13389901816845 12.84019371122122 14.73464667797089 4.822087422013283 0 1.082124084234238 9.670565634965897 1.335119873285294 31.51906188577414 31.79093065857887
8.022087380290031 1277.61166420579 370.8117684274912 3.14567019790411 2228.378999918699 2.15981201082468 1246.112084209919 369.3019008114934 693.483693651855 55.7326528429985 1510.842423044145 25.27682727575302 568.2131760194898 1661.251120097935 2.660756506025791 2.38507242500782 0.3482371270656586 0 0 0.08434455096721649 0.08498972654342651 0 0 0 0 0 0 0 0 0 43.91057847440243 7.939440228044987 4.230113931000233 0 0 0 0.7587987929582596 0 0.1600729078054428 0.08308906108140945 0 0 0 0.2188105434179306 0 0 10.28608272224665 0.366461493074894 0.1326859295368195 0 0 0 0 0 0.3129459097981453 0 3.267162382602692 3.374786511063576 0.2983537539839745 3.753038063645363 0.09945450723171234 0 0 4.641695976257324 0.2527312710881233 0.3646780401468277 0.08538683503866196 0.07391105592250824 0 0 9.386661574244499 0 0 6.274547889828682 2.63072158396244 9.278944499790668 1.250011883676052 0.2080751433968544 0.3045362234115601 47.34439255297184 0.3077445924282074 0 1.519907519221306 0 0.5643332153558731 0.2491441816091537 0 0 0 0 0.07598575949668884 0 0.1201599165797234 0 0 14.29743535816669 3.158749520778656 0 0.5261327624320984 3.715776033699512 0.2933107018470764 1.828147128224373 4.728107169270515 0.5139129757881165 0 4.116505652666092 2.636935010552406 1.205011129379272 1.906107485294342 12.71378207206726 3.1894571185112 7.526727601885796 16.44586652517319 14.45510429143906 7.57939487695694 0 0 0 0 0 0 0 0 0 0 0 0 0 0 0 0 0 0 0 0.3525999188423157 0.7179173827171326 0 0 0 1.559914335608482 0 0.8916707038879395 0 0 0 0 0 0 0 0 0 0 0 0 0 0 0 0 0 0 0 0.5924859642982483 1.139789342880249 0 0 0.1080145016312599 1.8617899492383 2.522532761096954 0 0 0 0 0 0 0 0 3.628880545496941 1.170584142208099 0 0 0 1.594240963459015 0 0 0 0.9008243530988693 0 0 0 0 0 0 0 0 0 0 0 3.235126599669456 0.5961261093616486 0.2819719761610031 26.15938062220812 0.7929551526904106 32.44805872440338 8.026774324476719 11.03180450946093 9.42501413077116 0 3.687800794839859 1.675460070371628 0 1.014301255345345 0 0.2735264897346497 3.165736556053162 0 0 0.4121460765600204 0 4.795321464538574 4.259697511792183
1562.974808603525 702.4620491340756 59.42063799500465 1942.743729889393 176.560066126287 1225.898716829717 1253.365303188562 6.510613292455673 55.7326528429985 1920.286539301276 17.90364994108677 1855.097126275301 3534.882945805788 290.5422358065844 1.522266827523708 1.082890525460243 0 0.09931788593530655 0 0 0 0 0 0.1031276434659958 0 0 0 0 0 0 85.19648718088865 0.6026571691036224 5.133047878742218 0 0 0 3.19890096783638 0 0.1171226650476456 0 0 0 0 0 0 0 15.32015366107225 1.099105000495911 0 0 0 0.111960656940937 0.4821759164333344 0.16981141269207 0.3239132612943649 0.5580470263957977 28.46005879342556 53.85493299365044 7.345131821930408 13.4311490431428 0 1.239072754979134 0 2.923938438296318 0.6898690983653069 0.8039735183119774 0.1748789846897125 0.2212737202644348 0 0 20.82085630297661 1.721065625548363 0.130023181438446 49.60507596284151 11.54233963042498 24.90722618252039 3.175947204232216 0.3806347548961639 0.3444594442844391 5.8106325045228 0.3441955596208572 1.84005418419838 7.989101231098175 0 0.4171049743890762 0.914946012198925 0 0.09990586340427399 0.4708245843648911 0.09152405709028244 0.2076512053608894 0 0 0.08344200253486633 0 205.8144282102585 81.66475740075111 0.4935964643955231 1.456313908100128 370.5059300661087 1.533828794956207 133.529851809144 29.61778878420591 41.33823195844889 5.753349512815475 23.22701577097178 269.9558419883251 29.07114046812057 78.35132372379303 92.27762176096439 3.36642624437809 276.7770472690463 167.7892097309232 147.1405987292528 27.0880500972271 1.422506600618362 0.1209500879049301 0 0 0 0 0 0.1225487068295479 0 0 0 0 0 0 0 0 0 0 0 7.108464047312737 0.1468012928962708 0 0 0 10.89024503529072 0 0.5736833661794662 0.130632296204567 0 0 0 0 0 0.09532508254051208 0.3139168694615364 0 0 0.2581260725855827 0 0 0.1116149723529816 0 0 0.1234563663601875 0 0 0 1.031902670860291 6.160826042294502 0.1070156618952751 0 1.347121685743332 0.9965478628873825 0 0.07385057210922241 0.1087504625320435 0 0 0 0 0 45.53163543343544 7.430665329098701 0.125980019569397 0.1449902653694153 0.1059651225805283 3.395514383912086 0 0 1.305910043418407 0.1211088597774506 0.5163049846887589 0 0 0 0.1309808790683746 0 0 0 0.1160121038556099 0.4344132915139198 0 71.71063830703497 6.108192265033722 1.268646650016308 34.19829587638378 0.6087097525596619 49.44498464465141 7.164118550717831 126.1529944911599 5.623019516468048 5.318760395050049 4.361227035522461 5.280464246869087 0 7.547731429338455 2.322552055120468 141.6323635950685 1.226865008473396 0 0 1.300277844071388 0 729.7810731679201 152.4511638358235
65.45799790322781 852.7967099770904 1496.941440984607 3.14601157605648 528.4995250105858 6.018389388918877 569.6497448608279 806.4640344008803 1510.842423044145 17.90364994108677 480.197416856885 117.7141352519393 770.8481547757983 4546.739619709551 43.84669204801321 46.77264403551817 2.625541292130947 0 0 0.4179090932011604 1.27046325802803 0 0.182893417775631 0.1852008253335953 0.8382132723927498 0.5195909440517426 0.1476504057645798 0.7922332584857941 0.3320190832018852 0.1718964427709579 520.9662691354752 285.272132255137 318.5761659294367 0.4341021701693535 0.2068453282117844 0.5590833723545074 64.19462175667286 1.983018159866333 4.475090317428112 0.5280919373035431 0.5086955949664116 0.4463685601949692 0.2926208227872849 2.957113288342953 0.1852618902921677 0.6685638576745987 84.92929188162088 1.29693329334259 0.5285176783800125 0.2710537761449814 0.9580851122736931 0.1030445843935013 0.1086720377206802 0 1.71033788472414 1.245857000350952 16.41350498050451 44.41032399982214 7.605685003101826 22.93052014708519 1.630260407924652 33.04529538750648 0.4541997984051704 51.32713671028614 1.753502637147903 2.352033257484436 0.8939203545451164 2.561859779059887 2.568254984915257 0.3450526148080826 172.396386526525 11.62470585852861 0.08475220948457718 45.32781439274549 20.53754106163979 87.62931894510984 25.65502213686705 10.20211765915155 48.54988827556372 243.7571694925427 2.746638678014278 34.72288335114717 6.296423487365246 0 1.916820660233498 1.870337076485157 0.8495341092348099 0 0.4951872527599335 0 0.4740293100476265 0.457534484565258 3.016196303069592 1.117794960737228 0.7648787572979927 95.53189426660538 24.45921614021063 0.08976299315690994 11.87889710068703 30.66150023043156 3.278134487569332 3.107162192463875 23.642234608531 6.5631118491292 8.307045489549637 17.33749277889729 17.36598918586969 12.57277063280344 33.48918548226357 119.1620769947767 8.845437161624432 72.85760126262903 91.73544300347567 81.83997654169798 39.75367597490549 5.504520528018475 1.026429370045662 0 2.81316602230072 0 0 0 0 0 0 0 0 0 0.1401848047971725 0 0 0.09010105580091476 0 0 16.5215333327651 5.884028948843479 0 0.1376758962869644 0.1237967163324356 14.11197744309902 0.1660571992397308 0.936938002705574 0.5729449093341827 0.1162307262420654 0 0.4120073765516281 0 0 0.2602837085723877 0.7741970792412758 0 0 2.422794118523598 0.2491496205329895 0 0.3885597437620163 0.1630670428276062 0 0.08809015899896622 1.222785852849483 0 2.433486670255661 3.087842702865601 0 0.1722387671470642 0 15.608972042799 4.203925527632236 1.701081424951553 0.2536566555500031 0 0.1303572207689285 0.1082983985543251 0.1398978531360626 0 0 26.79136943817139 8.401187069714069 0.3022051230072975 0 0.1364387273788452 16.69458271563053 11.10767360031605 13.6110472381115 2.801387116312981 5.128982566297054 3.349915780127048 0.9725288227200508 0.4428043961524963 0.2198561280965805 0.206531248986721 0.1251312345266342 0 0 0 0.09174608439207077 0 16.81113421916962 4.346825011074543 4.153877027332783 243.1633086726069 7.893380112946033 264.8632287532091 72.83490264415741 88.08796913921833 50.22632093727589 2.542760707437992 37.53550542145967 30.80020973086357 0.8321745693683624 25.90249335020781 8.332359731197357 9.873632118105888 4.646561183035374 0 1.338944256305695 10.61825531721115 0.2934309542179108 24.07433593273163 37.93557464331388
52.97935304045677 195.9576328098774 16.70686139911413 521.7154171913862 30.02660872042179 158.615105047822 638.3677667379379 36.42655764520168 25.27682727575302 1855.097126275301 117.7141352519393 322.4868881627917 1063.63995603472 421.0058930888772 17.70607044547796 17.11064070463181 0.5926135182380676 0.1314048618078232 0 0.2386612743139267 0 0 0 0.1883584260940552 0.8248686939477921 0.3472428023815155 0.0734957680106163 0 0.2832910716533661 0 17.67870543897152 2.481448970735073 140.507471524179 0 0 0 112.6560971066356 9.960881322622299 7.038087889552116 2.435136057436466 0 0.1007734835147858 0 2.672764398157597 0 0.301198810338974 24.73166022449732 0.1381019502878189 0.6149363368749619 0.3275430500507355 0.9377173557877541 0 0 0 0.1896352618932724 0 3.101973339915276 6.621052637696266 0.8168676346540451 1.515497997403145 1.096779331564903 23.31699679046869 0.3419086039066315 13.69963634759188 0.5270726233720779 0.2675671875476837 0.4265130385756493 0.3731035366654396 0.3535314351320267 0.1908992975950241 486.8247486874461 1.819485321640968 0 8.374819472432137 2.113625891506672 11.42228171229362 4.379807308316231 6.106900312006474 0.5226882845163345 103.2737963572145 1.213443487882614 7.934012673795223 0.7606593146920204 0 0.3749183118343353 0.3101413697004318 0.09350273758172989 0 0 0 0.3572517707943916 0.2741739153862 0.8462037220597267 0 0 608.6661936938763 13.5521342009306 0 27.60901422053576 49.58484092354774 2.057513177394867 34.47039825469255 32.92554558813572 13.37993853539228 13.70198703557253 37.43878690898418 138.4204970523715 24.67617414146662 47.45982363820076 131.6028602644801 7.474494501948357 154.368279337883 245.4613358154893 182.1465789675713 64.92489559203386 1.201523996889591 0.2113770768046379 0 0 0 0 0 0.1156317144632339 0 0 0 0 0 0 0 0 0 0 0 11.6810914799571 4.738980159163475 0 0 0 21.92281599342823 0 0.4177663326263428 0.2483586966991425 0 0 0 0 0.08393740653991699 0.6109627410769463 0.3423608839511871 0 0 1.664104551076889 0 0 0.6986536011099815 0.2026828080415726 0 0.11578269302845 1.054412424564362 0 1.006872922182083 1.620721146464348 2.179980829358101 0.371890090405941 0.1077835112810135 7.975933626294136 2.103434108197689 0.09812212735414505 0 0 0.09857777506113052 0 0 0 0.1371865421533585 71.28362263739109 14.92732601612806 0.2428865507245064 0.6850147619843483 0.1020528227090836 14.62119337916374 2.621194250881672 3.474624693393707 0.635945163667202 3.419789686799049 2.726394899189472 0.1138214841485023 0 0 0 0.09340579062700272 0.1180824637413025 0.1037652418017387 0 0 0 107.6396876424551 14.44606985896826 6.363720469176769 218.2740763649344 4.988880321383476 110.8777202963829 47.7957372367382 63.18735239654779 16.58015311509371 0.6961407661437988 36.24149483442307 15.43370459973812 0.4530165791511536 20.38912668824196 4.039243817329407 34.9779285043478 2.439248636364937 0 0.7907800897955894 8.151591926813126 3.501897320151329 216.6707109063864 69.61718950420618
213.1065206825733 677.1630163267255 172.5157736465335 1322.47775722295 331.3234880715609 159.9153754264116 4056.4788473472 144.19752381742 568.2131760194898 3534.882945805788 770.8481547757983 1063.63995603472 3217.854307770729 6848.049229755998 54.32233568280935 52.56297037750483 2.996049039065838 0.394917406141758 0 0.3704900965094566 0.4740892052650452 0.2802459597587585 0.1177602633833885 0.1082989051938057 11.9076339751482 0.5076251626014709 0.08566410094499588 0.5920209512114525 1.424328953027725 0.08049438148736954 76.69898248463869 15.88058156520128 758.4567487090826 0.670260988175869 0.330491840839386 9.877914711833 806.0198421031237 71.06075531244278 136.6885871142149 30.70500775426626 1.303827211260796 2.762158617377281 0.1280814111232758 5.7618762627244 0.6065349951386452 2.029353231191635 66.13129290193319 0.4630079343914986 0.6569222956895828 0.09727203845977783 0.740114226937294 0.2032898813486099 1.002998031675816 0.5625594109296799 1.437707953155041 0.6977951526641846 10.15464769303799 21.25702648609877 4.221823886036873 10.72437793761492 9.517726719379425 92.41983743011951 4.75509238243103 28.96645168215036 1.717104889452457 1.653939232230186 0.3151654377579689 0.8744222521781921 0.7784014195203781 0 612.4250155687332 8.874421492218971 0 30.21054471284151 14.31041496247053 40.14958705753088 15.84561108052731 14.19342782348394 3.175077989697456 276.1565314307809 4.75492212921381 30.56236261129379 9.821889318525791 0.08099240064620972 0.7624389156699181 1.134451806545258 0.1994163766503334 0.1017878949642181 0.2871592864394188 0 0.3274326398968697 0.1282514631748199 2.537114784121513 0.8587969020009041 1.020291246473789 701.768617965281 24.4281110316515 0.6449826061725616 31.0835597589612 58.53417197614908 3.729716457426548 48.09349915385246 60.53500624746084 32.42547942698002 17.06474567949772 70.94118189811707 157.1881129741669 40.420604377985 86.08181121200323 242.6038881167769 19.52911370247602 247.0183160975575 353.1436852887273 273.3205940574408 116.1542061194777 2.171194605529308 2.078131623566151 0 0.4437618032097816 0 0 0 0.46108478307724 0 0 0 0 0.7817406952381134 0 0.09384234249591827 0.1409638673067093 0 0 0 49.75464607030153 7.009559690952301 0 0.1057272851467133 0 41.59678246825933 0 3.266777344048023 2.037713304162025 0.2086384370923042 0 0.2495562061667442 0 0.5222020000219345 2.669421546161175 0.6615401208400726 0 0.4028894901275635 3.593488268554211 0 0 0.4462476149201393 0.3306663185358047 0.1656181216239929 0.3709869384765625 0.8067208528518677 0.1266094446182251 2.584474347531796 3.353931814432144 2.109894752502441 1.496502161026001 0.8644503355026245 22.17196220904589 7.308802276849747 1.173391997814178 0.4867179691791534 0 0.09238850325345993 0.07745407521724701 0 0 0.9396608918905258 104.9912791028619 19.83916354179382 0.900358647108078 0.8437612280249596 0.1021981090307236 30.10921283066273 6.022113941609859 14.77049358189106 5.299612268805504 9.652848348021507 3.624763004481792 0.4024016112089157 0.2561346590518951 0 0 0 0.2700918912887573 0.1417098790407181 0.2984122484922409 0 0 128.5465114563704 18.4750599488616 9.123130299150944 402.9582925289869 14.47183279693127 231.6663105115294 111.9083004891872 126.2971789911389 47.14064086973667 2.647709146142006 75.63735500723124 36.04815185815096 0.8059029281139374 48.57731830328703 22.17552690207958 49.17469957470894 7.128117755055428 0 1.720061749219894 28.19005541503429 3.18744520097971 211.1956325173378 106.8847853913903
94.90548156946898 1305.421863429248 1177.351347066462 104.1448549628258 1774.1771055758 19.34345287084579 3909.553817383945 1083.054841384292 1661.251120097935 290.5422358065844 4546.739619709551 421.0058930888772 6848.049229755998 3716.085542418063 51.89544534683228 49.77680307626724 2.20893918722868 0.4723872393369675 0.1152703687548637 0.1219210997223854 1.082400135695934 0.6085379868745804 0.4227303192019463 0.4112621769309044 11.12894991785288 0.5504666045308113 0.1445872038602829 1.277541771531105 0.9403627589344978 0.1077011600136757 306.1135390549898 36.7136548012495 1591.202959127724 0.6168063208460808 0.1539383083581924 9.85797318816185 1178.372797690332 68.4659283682704 90.6615364253521 30.49831603467464 2.185472741723061 1.622042514383793 0.2856229916214943 5.254413694143295 0.1312459707260132 1.164257973432541 77.60994655638933 1.051980465650558 1.34348676353693 0.1848958358168602 1.521432191133499 0.236935593187809 1.362843468785286 0.9296699389815331 1.046124815940857 0.9289444088935852 10.35640195757151 25.76036988943815 4.13145637512207 14.22061337530613 7.974113188683987 191.5450939387083 3.758361108601093 33.90506984293461 1.25297623872757 1.985418543219566 0.9733018130064011 1.483521074056625 1.491549834609032 0.2682458832859993 624.6089201122522 10.79920878261328 0.2928089797496796 33.54700676351786 15.57462430745363 59.53582111746073 18.98716902732849 12.91818699985743 39.26261615753174 925.329045817256 4.694508962333202 106.3503255471587 8.035998925566673 0 1.289319954812527 0.9249672815203667 0.4654692783951759 0.1149280145764351 0.2204266786575317 0.1072309985756874 1.334056958556175 0.1460307687520981 5.227529779076576 0.427519366145134 0.8192306756973267 181.8131543770432 33.6169965416193 0.5135390907526016 37.65493499487638 27.79786029458046 5.525922432541847 9.87524439394474 23.50405818223953 10.97359090298414 18.1191908121109 33.96869407594204 36.68342214077711 20.55327145010233 25.85328847169876 130.3342149183154 11.15918174386024 89.52494555711746 158.6925672516227 102.8387712687254 58.55198770016432 2.788603648543358 0.7278821021318436 0 0.1007892191410065 0 0 0 0 0 0 0 0 0 0.1628125160932541 0 0.2256728559732437 0 0.3717547506093979 0 27.0900940746069 3.341241359710693 0 0.1963475942611694 0 18.68184927105904 0.4395875930786133 2.18330106139183 1.511586956679821 0 0 0.5575095117092133 0 1.855898961424828 0.1419677138328552 1.238591939210892 0 0.3364080190658569 3.869046494364738 0 0.122113324701786 0.2481220066547394 0.3676495179533958 0 0.3139001280069351 0.4414887577295303 0.1234048455953598 2.105918258428574 9.029319725930691 0.2478239685297012 0.6338903605937958 0.2142108753323555 17.36193918436766 7.841824024915695 0.7579631805419922 0.3029255047440529 0 0 0 0 0 0.1087261661887169 43.95042943954468 15.74818366020918 0.6125743985176086 0.2556154876947403 0.1469345390796661 20.40987877547741 5.732868187129498 15.51095412671566 3.561639122664928 5.587708652019501 4.893059119582176 3.970939017832279 0.4253839626908302 0 0 0.5868698582053185 0.1435002684593201 0.3663297593593597 0 0 0 32.54456678777933 6.942285515367985 6.044889196753502 348.2789914384484 11.91178430616856 247.6539847925305 99.70341611653566 89.80485124140978 48.93873580545187 2.086313210427761 45.73535781353712 38.9556063041091 0 33.30870032310486 6.974395029246807 23.9497933536768 4.832829684019089 0.2334292382001877 2.916303962469101 13.83950651437044 0.9019891917705536 41.26197300851345 54.8782742395997
