452.9017319455743 2028.577861368656 1248.94265344739 1165.702072732151 26.7944997921586 255.3690807893872 751.9788410514593 153.6110568195581 8.150835275650024 1714.116592161357 220.4424248337746 31.25702093541622 310.8910003080964 239.8759284391999 0.3540203273296356 0.7549735233187675 0.1115576773881912 0 0 0 0 0 0 0 0 0 0 0 0 0 1564.452668070793 16.13018750399351 19.21782138198614 0 0 0 1.115725591778755 0 0.3012387603521347 0 0 0.1892607659101486 0 0.1164824068546295 0 0 5.323032833635807 0.3933264315128326 0 0.2996463477611542 0 0 0 0 4.819452203810215 6.070614956319332 93.2460330426693 644.6602514758706 17.78196492046118 5.455116048455238 2.647986546158791 5.917225167155266 0 23.8908397257328 2.127826474606991 1.269228965044022 0.1864507347345352 0 0 0.2940419912338257 2.544862926006317 2.326345548033714 0 93.56168954819441 7.225817188620567 10.05903826653957 2.62946579605341 0.9712528139352798 8.870144426822662 99.82050763070583 0.2031142711639404 25.16306925565004 2.862080514431 0.321925476193428 1.790154688060284 2.64474892616272 0.3277106583118439 0.2057007774710655 0.3891134709119797 0.3744327127933502 0.1945922896265984 0 0.1300765573978424 0.3635601252317429 0.1904385834932327 32.46149074286222 4.189150840044022 0 0 625.0990475490689 2.097309708595276 0 4.411579579114914 0.2852291315793991 1.92988321185112 28.54032400250435 0 16.59892451763153 8.439337059855461 3.151483297348022 1.731915146112442 5.169569186866283 5.92922980338335 2.33369242399931 5.619049265980721 0 0 0 0 0 0 0 0 0 0 0 0 0 0 0 0 0 0 0 0 1.016147613525391 0 0 0 1.560977607965469 0 0.877790629863739 0 0 0 0 0 0 0 0 0 0 0 0 0 0 0 0.2946715950965881 0 0.3702312111854553 0 0 3.917088478803635 0.2810376286506653 0 0.1358366906642914 3.276271663606167 0 0 0.3924467712640762 0 0 0 0 0 0 1.820331126451492 0 0 0 0 5.58714497089386 0.1846616864204407 4.21915103495121 0.3426168262958527 0.3879392445087433 0 0 0 0 0 0.1011930778622627 0 0.2215852364897728 0 0 0 0.8385658115148544 4.730559378862381 0.1327122896909714 218.11076066643 2.263477236032486 18.26030711084604 3.84172160923481 580.8347779810429 6.854604750871658 1.740851856768131 1.689241200685501 18.16809220612049 0 2.388994976878166 0.2226916179060936 34.44927607476711 0 0.262680858373642 0.9351593255996704 0.2590232193470001 0 215.0520735234022 2.14816389977932
2028.577861368656 3160.202441483736 1751.756279468536 518.4234877973795 1040.019664220512 206.7091909199953 4048.593440465629 622.9700039774179 660.7364977896214 1926.064983442426 1931.287644952536 67.14035215228796 2721.991075471044 2008.231113903224 10.2183415517211 2.700839266180992 0.9721928089857101 0.1397966146469116 0 0.1192438378930092 0 0 0 0 0.1442113369703293 0.1739115864038467 0 0.4841898754239082 0 0 1226.178450599313 21.22641999274492 94.53745102882385 0.0970582515001297 0 0.5653282999992371 4.479558691382408 1.546875059604645 0.9996993243694305 0.2937309443950653 0 0.6220849305391312 0.123518317937851 1.449367940425873 0 0.2422130182385445 107.4705455675721 5.916051656007767 3.13444260507822 0.367057129740715 3.002657637000084 0.2445518597960472 0.07344118505716324 0.3546460568904877 38.44225288927555 58.58724097162485 89.79479767382145 775.2422721236944 45.54723554849625 71.60200653225183 0.6990739330649376 10.45631967484951 0.3079123571515083 219.1012875586748 23.51658717542887 14.43979530781507 4.5789500400424 1.289095811545849 0.5708563551306725 0.1298085600137711 5.63823039829731 3.603013649582863 0 258.3044529780746 80.13747829943895 112.064370341599 74.58333176374435 5.186676032841206 16.33185721188784 395.9676733091474 1.355362571775913 41.37947945296764 45.99967305362225 1.549441367387772 12.44842008501291 28.69199922680855 4.815812721848488 1.54178012907505 4.882860839366913 0.2891855984926224 0.9034844189882278 0.1747322529554367 1.137168608605862 0.3226045966148376 0.4829890578985214 28.84009286761284 1.537163190543652 0.2156966924667358 1.674502991139889 758.0622368231416 5.988062888383865 0.6219270974397659 11.23780557513237 0.6992385536432266 9.788865879178047 44.8221106082201 0 25.92409825325012 11.03537864983082 2.45661361515522 9.765005126595497 30.46962942183018 50.93827948719263 29.22757884114981 27.74118416011333 0 0.1501747816801071 0 0 0 0 0 0 0 0 0 0 0 0 0 0 0 0 0 10.00617454946041 4.576496377587318 0 0.1820414662361145 0 9.475629791617393 3.502528131008148 9.541999116539955 0.1414535939693451 1.331165552139282 0 0 0 0 0.199930414557457 0 0.1157625541090965 0.668209046125412 0.4140776097774506 0 0.09880335628986359 0.1027107909321785 0 0 0.9786467403173447 1.375895611941814 0 5.307352177798748 4.072403222322464 0.1679658889770508 0 0 35.01298616826534 9.003847047686577 0.50340236723423 0.5579443573951721 0.3234178423881531 0 0 0.1118881851434708 0 0 17.52315481752157 0.7067281007766724 0 0 0.1128124892711639 33.48956775665283 1.897015035152435 8.06463149189949 1.992121055722237 5.044692277908325 0.9180863201618195 0.3351668417453766 0 0.9178800359368324 0.4215956181287766 0.4747147560119629 0 0.4022746533155441 0 0.09610385447740555 0 25.85141192376614 6.675745896995068 1.817194327712059 231.3597189560533 20.65269626677036 262.7591731548309 30.51839210093021 489.1323165595531 55.68284317851067 11.56075911223888 26.00777841359377 6.515213012695312 0 18.9346564039588 3.050238005816936 37.30670161545277 1.715610444545746 0.4679671227931976 1.12413577735424 3.902874499559402 0 302.5590141043067 27.89456159621477
1248.94265344739 1751.756279468536 784.8708573877811 11.24188480526209 372.9003045931458 20.68942403793335 181.8371495753527 3369.248160474002 736.1789655312896 456.4285303205252 1456.421523496509 58.32733352482319 486.0506809130311 976.5122427418828 5.743327952921391 1.769729718565941 0 0 0 0.1386251151561737 0.4983996897935867 0.08011025935411453 0 0 0.1651967167854309 0 0 0.2833345830440521 0 0 2297.349831439555 298.3996572941542 80.17403574287891 0.1236556097865105 0 0 7.930033206939697 1.071722388267517 0.7693036496639252 0 0.9804862141609192 0.2642844915390015 0 1.431444339454174 0 0.1113282442092896 25.89219132065773 1.198449224233627 0.933461420238018 0.1233970746397972 0 0 0 0 8.628337167203426 10.21400205045938 22.90266098827124 370.8938646242023 11.63585785031319 18.67054409533739 3.800820559263229 39.86412876844406 0.1413849741220474 147.9952046126127 3.474154315888882 2.680662848055363 0.1969401016831398 0.106484942138195 0.8714541345834732 0 22.28870095312595 3.546386614441872 0.09907891601324081 73.17351499199867 23.32608745992184 42.23973026871681 19.30853901058435 6.663213074207306 48.24132232367992 623.4452433288097 1.042920850217342 187.7305814549327 8.788229197263718 0.5005436763167381 1.637488849461079 4.530821688473225 0.8522876650094986 0.3175573647022247 1.020211488008499 0.1225466653704643 0 0.1668492555618286 0 0 0.28152996301651 21.84223788976669 0.8878893554210663 0 0 354.1064385026693 5.902553677558899 0.3393630087375641 5.579025506973267 0.8096770048141479 6.272343367338181 20.1597126275301 0.1844266802072525 16.48530107736588 7.978797949850559 0.6031466573476791 8.205764815211296 26.46286073327065 22.76878122985363 12.73029182851315 18.55785031616688 0.63188236951828 1.020160391926765 0 0 0 0 0 0 0 0 0.1002450585365295 0 0 0 0 0 0 0 0 6.472470209002495 3.875260889530182 0 0 0 9.151174008846283 1.653805732727051 15.65558283030987 0.3605993986129761 0 0 0 0 0 4.618032455444336 0.5553117394447327 0 0.4955745339393616 0.5559195876121521 0 0 0 0 0 1.228814825415611 0.6135315299034119 0.1040323600172997 2.143084794282913 2.349324107170105 0 0.8182699382305145 0 27.2317912876606 6.543876647949219 0.9301293343305588 0.342444159090519 0 0 0 0 0 0 17.01936706900597 0.4506998956203461 0 0 0 26.47901779413223 2.975503146648407 8.378724828362465 2.530701726675034 6.295795232057571 1.201905488967896 0.2507227063179016 0 0.2292832583189011 0.1606948673725128 0 0 0 0 0 0 12.66231767833233 10.90096017718315 2.539202228188515 44.7007919549942 4.191437587141991 49.42898254841566 9.578933849930763 75.14110797643661 8.076879024505615 2.511643745005131 8.082875296473503 2.636348873376846 0.3448085486888885 15.55967877805233 1.616031289100647 29.15564705431461 1.404583811759949 0.1008551642298698 0 0 0 71.31514793634415 23.38810312747955
1165.702072732151 518.4234877973795 11.24188480526209 893.1462632417679 7.699373781681061 788.1095699295402 157.4332584664226 0.8356866836547852 3.14150370657444 3079.634686082602 0.2759406864643097 31.00397311151028 809.1606790348887 33.19853368401527 0 0 0 0 0 0 0 0 0 0 0 0 0 0 0 0 63.66055884957314 0.539292499423027 2.009869731962681 0 0 0 0 0 0.175093024969101 0 0 0 0 0 0 0 6.49028318375349 0.2991615533828735 0 0 0 0.1311663091182709 0 0 2.472823068499565 3.47115033864975 12.41540570557117 82.58955226093531 3.67570274323225 5.043374992907047 0.1333033293485641 0.146767184138298 0 15.6169521510601 1.250097043812275 0.6364159882068634 0.3455721810460091 0 0 0 1.249701932072639 0 0 27.89606060087681 4.753198601305485 3.945124700665474 2.586298733949661 0.1127837598323822 0.1398155689239502 1.618608564138412 0 0.3333584666252136 2.305608756840229 0.1857459843158722 0.7073638513684273 1.95066799223423 0.1089063882827759 0 0.6465294137597084 0.2205817252397537 0.1042052879929543 0 0 0 0.1032127663493156 13.88061928749084 0 0 0.1531510651111603 108.676386512816 0 0 3.808811902999878 0.8769037127494812 5.000411123037338 47.09452007710934 1.320044755935669 9.220164373517036 8.554860532283783 2.325939759612083 0.6539241522550583 7.638507731258869 8.018157154321671 4.506243579089642 4.034429237246513 0 0 0 0 0 0 0 0 0 0 0 0 0 0 0 0 0 0 0 3.064406096935272 0.141540914773941 0 0 0 0 0 1.138089239597321 0 0 0 0 0 0 0 0 0 0 0 0 0 0 0 0 0.3190798461437225 0.1247536316514015 0 1.224032029509544 0.188884899020195 0 0 0 3.411407694220543 2.059283852577209 0 0 0 0 0 0 0 0 0.7397596836090088 0 0 0 0 7.643442928791046 0 1.819461822509766 2.066890716552734 4.111378401517868 0 0 0 0 0 0.1051831692457199 0 0 0 0 0 2.012249857187271 0.8374997079372406 0 61.23949334770441 1.413080558180809 15.50956995040178 1.217145256698132 309.52405205369 7.455763146281242 0.657585084438324 1.188341736793518 6.377252668142319 0 5.068845823407173 0 24.01115119457245 0.1121098101139069 0 0 0 0 161.986720405519 3.341542899608612
26.7944997921586 1040.019664220512 372.9003045931458 7.699373781681061 1031.95179951936 5.323948480188847 2105.758962154388 16.33909363299608 3847.26016741246 1245.097278311849 1046.17276699841 33.05357411503792 1051.283952839673 2494.275955028832 14.83077374845743 0.4727810844779015 1.027137756347656 0.2215252444148064 0.1902361214160919 0 0 0 0 0 0.1008647829294205 0 0 0.1247805953025818 0 0 201.7854245603085 27.65999684482813 6.174303188920021 0 0 0 1.382742404937744 1.480829700827599 0.9912736341357231 0.3532550111413002 0.3177127540111542 0.7121590822935104 0.4092619195580482 0.9543937370181084 0.1296355426311493 0.6896358802914619 187.5737858116627 3.996143609285355 2.240448527038097 0.1267478466033936 1.601440787315369 0 0 0.2327555567026138 28.61324989050627 46.45969867706299 18.24021910876036 62.73314233869314 21.31871186196804 76.46510837227106 3.461163878440857 3.025195799767971 0.9043221399188042 319.7999652028084 19.12562833726406 12.10073820501566 3.418242760002613 0.8759563863277435 0.5223667398095131 0 4.133910961449146 5.061632618308067 0 88.35150183737278 74.0746973156929 144.5292005091906 182.1996963396668 9.042595349252224 1.543124079704285 21.10343376547098 2.069171756505966 2.967489250004292 32.69345288723707 2.11781519651413 13.04229587316513 22.6412522867322 3.154818743467331 1.093645684421062 4.322230808436871 0.4256338700652122 0.6974649131298065 0.3005913272500038 0.2219876796007156 0.5373656302690506 0.8597445785999298 30.76341587305069 0.9379010125994682 0 0.3156152069568634 11.56906379759312 5.208526656031609 1.286836594343185 9.210940718650818 2.336997777223587 15.12521110475063 34.17081805318594 0.1264997124671936 28.70040465146303 12.737987652421 2.847236216068268 12.84320850670338 31.32997909933329 55.5651747956872 28.38780798017979 25.75665826350451 0.1686322540044785 0.170389860868454 0 0 0 0 0 0 0 0 0 0 0 0 0 0 0.09531384706497192 0 0 11.9285885617137 2.143326506018639 0 0.3417635262012482 0 12.67386849224567 1.433910936117172 13.99054478108883 0.3747682422399521 0.1838452816009521 0 0.1040995791554451 0 0 0.6511477753520012 0.8338708877563477 0 2.828337147831917 1.004781380295753 0 0 0 0 0 0.3503844141960144 1.468617394566536 0.1699394881725311 2.717647776007652 7.338303729891777 0.8904913365840912 0 0.1217622682452202 37.39967179298401 6.340459451079369 1.080067604780197 0.3873783797025681 0 0 0.1417038589715958 0.1433300077915192 0.1153310462832451 0.1101352274417877 20.8349767178297 1.409457221627235 0 0 0 34.87426188588142 0.7631999552249908 13.33592154085636 2.817472435534 9.405708715319633 1.40580427646637 0.6698044985532761 0.4624428749084473 0 0 0.09714255481958389 0 0.32235137373209 0 0 0 22.96275851875544 8.61701887100935 2.607300840318203 296.9005848765373 14.5860803052783 402.4565062075853 44.39085296541452 50.2474373281002 80.62658517807722 8.406782001256943 49.35249568521976 5.880985036492348 0.09734275192022324 17.23664449155331 3.078727632761002 26.13908743858337 0.9362529814243317 0.1041871458292007 0.1855846643447876 1.523159749805927 0.8191541284322739 139.9565548077226 30.83052530884743
255.3690807893872 206.7091909199953 20.68942403793335 788.1095699295402 5.323948480188847 41.44419337809086 128.6624762266874 4.274515464901924 2.332849144935608 2383.016840547323 3.893710851669312 315.0343371927738 281.8894786164165 14.83708588033915 0.964589349925518 0.5191168263554573 0 0 0 0 0.1182871833443642 1.202259570360184 0 0 0.4308813363313675 0 0 0.3991297483444214 0 0 142.992228448391 4.973247498273849 23.56887003779411 0 0 0.5676272884011269 20.76850984990597 13.837223559618 6.239572808146477 0.5698806196451187 0 0 0 0.6775099188089371 0 0.5832084789872169 2.109703876078129 0 0 0 0 15.36810754984617 0.5284614562988281 0.5054839253425598 0.3642800226807594 1.491691924631596 231.6500345990062 183.6682114005089 5.896769419312477 0.2585117071866989 3.639880701899529 32.92762993276119 1.052070736885071 3.261817663908005 0.104495644569397 0.08421160280704498 0 0 0 0 120.5299179106951 226.4637860059738 7.308079741895199 9.962862946093082 0.7231499254703522 1.366728588938713 0.6048721745610237 1.068127609789371 0.1357477009296417 11.06486192345619 0.3839119523763657 3.397275894880295 0.6792419478297234 0.7430553883314133 0 0.8959668949246407 0 2.939133994281292 1.602106317877769 9.252962209284306 0.3784519731998444 4.073253072798252 0 0 0.9408311769366264 556.742044955492 48.54435580223799 1.051919192075729 11.54308407753706 359.9520362317562 0.1906889826059341 0 6.788101360201836 1.358322754502296 7.246585980057716 35.80956688523293 0.463917076587677 20.18235255777836 10.65167933702469 3.35802461206913 1.816601917147636 9.188885793089867 17.75206520408392 3.722298845648766 4.240385979413986 0.151370570063591 0.1443370878696442 0 0 0 0 0 0 0.2214777171611786 0 0.5419682711362839 0.2972644567489624 0.3468067646026611 0 0.1326644718647003 0.5810867547988892 0.8017458915710449 1.840710639953613 1.335980370640755 2.056207358837128 0.3315012454986572 0 0.2428852841258049 0 1.948538981378078 1.384952634572983 2.059343412518501 1.762788571417332 1.668985947966576 0 0 0 0 0.7418041825294495 0.1297947317361832 0 0 0 0 0 0.2719386518001556 2.4736183360219 0 0.2044421583414078 0 0.1026829108595848 0 0.5681567788124084 0 0 0 1.261724941432476 2.686941355466843 0 0 0 0 0 0 0 0 2.970415145158768 9.632414311170578 0 0 0 1.77696718275547 0.8627149909734726 0.1908413171768188 0 2.522725582122803 0 0 0 0 0 0 0 0.1154998913407326 0 0 0 2.036574423313141 3.002201579511166 3.898296840488911 32.65003557503223 0.5061504989862442 8.05550129711628 1.561464600265026 415.8619759529829 2.040862001478672 0 2.864197134971619 21.2308464050293 0 1.831467285752296 1.152165487408638 32.7801249474287 0 0.3539743423461914 0.9888643026351929 0 0 81.29848861694336 27.3054263740778
751.9788410514593 4048.593440465629 181.8371495753527 157.4332584664226 2105.758962154388 128.6624762266874 1363.898592308164 15.58552207797766 2411.347196042538 3797.008493088186 514.607569001615 153.4336025118828 6907.694612041116 3584.589911438525 22.94635732471943 0.5685955882072449 0.5993083491921425 0.9085278883576393 0.2358173727989197 0.09722872078418732 0.1922296136617661 0 0 0.08237115293741226 0.1493647992610931 0.4810312688350677 0 0.09972172230482101 0 0 433.8322301656008 26.38817867636681 11.56488422304392 0.08699648082256317 0 0.2958482056856155 2.759451918303967 1.235371798276901 1.758292637765408 0.4355773702263832 0.5088290870189667 1.062780797481537 0.2333313450217247 0.8527681827545166 0.2579781487584114 0.6830588057637215 245.005659788847 8.594745621085167 4.054198928177357 0.8267234116792679 1.802327692508698 0.2248887196183205 0.1039624437689781 1.001413337886333 56.09039025753736 86.68878453969955 69.96047732234001 362.820289902389 53.46222235262394 137.6778725534678 2.437585838139057 7.210387617349625 0.5419071987271309 387.3582047969103 34.49306923896074 21.64599673449993 5.734610319137573 0.7984507232904434 0.934068851172924 0.1286150515079498 13.08695548772812 5.603692471981049 0.2853502184152603 255.1235967874527 120.0015002787113 234.5638523995876 214.7874213457108 14.457887545228 3.964234754443169 19.5621277987957 3.484825693070889 5.241768546402454 64.11443996429443 3.853985473513603 21.40337620675564 45.06019271165133 7.552747540175915 2.064614161849022 10.86737055331469 0.8617457300424576 2.555596172809601 0.2246292978525162 0.4548920169472694 0.3061864897608757 1.786371067166328 65.16105858981609 1.801738619804382 0.08936220407485962 1.423580206930637 124.0565802007914 21.01219490915537 10.14460004121065 203.1772294491529 11.54583010077477 50.52192486077547 214.8313900977373 5.844045624136925 96.18863001465797 133.2080297470093 7.95812064409256 31.75493748486042 107.3806489035487 175.8659333437681 82.94415161758661 92.22372004389763 1.4002715498209 0.6263764277100563 0 0 0 0 0 0.2040037512779236 0 0 0 0 0 0 0 0 0 0 0 37.55994207412004 11.14864122867584 0 1.607126012444496 0 28.84006451070309 4.72257911413908 33.11790649592876 0 0.2988515198230743 0 0 0 0.132384181022644 1.301676020026207 0.5258455276489258 0 3.792293600738049 1.705230250954628 0 0.2841526195406914 0 0 0.1128707453608513 2.307614170014858 6.267143584787846 0.6395505592226982 10.75408037751913 25.88299020379782 0.7203755676746368 0.5956444889307022 0.5383030325174332 78.11302983760834 25.39937119185925 2.802682220935822 1.864532366394997 0.192233219742775 0.218621738255024 0 0 0 0 50.97589005529881 1.628125160932541 0 0 0 104.8631077855825 2.748826690018177 34.48118984699249 10.02324961125851 22.09105333685875 2.046146273612976 1.068680964410305 0.3390013575553894 0.5713574290275574 0.4377311766147614 0.4242474809288979 0 1.336726352572441 0 0.2052022218704224 0 72.55097537487745 22.19142141193151 6.988281704485416 507.3265739828348 35.40323784947395 595.0699083283544 72.16811910271645 304.0996174961329 112.8014448285103 17.80756887793541 72.24790237098932 21.60247498005629 0.5399235635995865 49.57262654602528 5.826366566121578 89.50946713984013 3.79264971613884 1.089052826166153 0.2049048542976379 7.792959049344063 1.715509161353111 505.5034917593002 76.4328421279788
153.6110568195581 622.9700039774179 3369.248160474002 0.8356866836547852 16.33909363299608 4.274515464901924 15.58552207797766 471.3096389472485 50.38585829734802 221.1731676310301 1247.30387340486 87.76555594801903 412.0856825262308 1074.142153710127 15.85933025926352 5.131319470703602 1.521597139537334 0.8975461572408676 1.169137462973595 1.438819214701653 1.312026143074036 0 0 0 0.550170823931694 0 0.1118903756141663 0 0.2683320939540863 0 1812.239160895348 2082.032187625766 149.9575624316931 0.203641951084137 0 0.1595435589551926 16.13780738413334 3.611184187233448 4.58078920096159 1.018975302577019 0.993788093328476 2.217955023050308 0.3077052682638168 3.263173088431358 0.1830047816038132 3.629524745047092 55.64522799104452 2.17752793431282 0.9803510904312134 3.225535795092583 3.240760587155819 0.4734619706869125 0.2736260518431664 0.1150592863559723 8.760454699397087 12.51523499190807 13.31159471720457 190.4292737543583 8.030614115297794 26.34063700586557 156.36560331285 178.9502475783229 2.286217540502548 272.8648846894503 5.769918605685234 4.387874916195869 2.189956963062286 0.492197185754776 10.23738024383783 2.292869403958321 27.83327020704746 9.593482494354248 0 60.51342450082302 29.17555721849203 72.46975561976433 68.89614844322205 19.41325809806585 883.6251774653792 3471.469386875629 42.68247234076262 3323.822765558958 13.02708830684423 0.5744508802890778 4.743634440004826 5.825129255652428 4.023044757544994 0.2140048146247864 2.169394843280315 0.1660173982381821 0.2175659537315369 0.3598559647798538 12.11946532875299 0.1393509060144424 0.7594694867730141 36.51416637003422 2.059613615274429 0 0.2710953205823898 97.24653987586498 10.74310997128487 0 14.28469705581665 0.4641510546207428 13.66694582998753 64.51516532897949 0.1954424679279327 33.24787095189095 27.29215279221535 1.949818253517151 17.91988453269005 40.89928251504898 69.97592787444592 47.92665028572083 44.32175649702549 0.3140941262245178 0.2070644646883011 0 0 0 0 0 0 0 0 0 0 0.274520643055439 0 0 0 0 0 0 22.4230320751667 2.474984228610992 0 1.542420744895935 0.1201410815119743 22.75317347049713 2.972254157066345 31.35383878648281 1.103655934333801 0.2638519257307053 0 0 0 0 1.031434908509254 0.1400118321180344 0 3.242743209004402 3.840022206306458 0 0 0 0.1242417469620705 0 0.1416762620210648 4.61256368458271 0.1965470314025879 7.067000284790993 13.65651245415211 0.2788730263710022 1.541333973407745 0.6416398510336876 60.64344444870949 17.96089535951614 0.4920070171356201 1.155274018645287 0 0.1208457872271538 0.1355434507131577 0 0 0 31.82540227472782 1.07045704126358 0 0.1429848074913025 0 59.58211971819401 3.546073347330093 19.8565017580986 5.828555375337601 13.31480975449085 0.3626963198184967 0.1920047104358673 0.977133721113205 0.1659288257360458 0.6356001347303391 0.2899069264531136 0 0.4731851741671562 0.1090725958347321 0.3773721754550934 0 32.25778836011887 16.07056421041489 4.86864285171032 107.5289348140359 5.837368048727512 112.152894705534 24.43952286988497 28.01981008052826 26.98313401639462 1.684507101774216 18.67037926614285 8.024997979402542 0 37.01395328342915 0.7912178933620453 72.59988372027874 3.80247537791729 0 2.062306463718414 2.296354830265045 0 66.82920061796904 43.45861731469631
8.150835275650024 660.7364977896214 736.1789655312896 3.14150370657444 3847.26016741246 2.332849144935608 2411.347196042538 50.38585829734802 671.1344398409128 297.6464642733335 1069.723471388221 13.03527764976025 547.4544584751129 1140.833648577332 14.51135668158531 0.1431940943002701 0 0 0.1013736799359322 0.1535052806138992 0 0 0 0 0 0 0 0.1452962905168533 0 0 59.37689565122128 14.15206881612539 16.28500106930733 0 0 0 1.124968573451042 0.2953868731856346 0.3781684786081314 0 0 0.6165664121508598 0 0.2510108649730682 0 0.3008139878511429 93.20449560135603 0.6414223462343216 0.5318015590310097 0 0.8403301015496254 0 0 0.5167930796742439 8.361067287623882 12.01104579865932 5.86026444286108 15.46114025264978 4.518848709762096 25.03314005583525 0.6509016305208206 2.695981457829475 0.6453253328800201 127.9656301364303 4.602983191609383 3.230361238121986 1.095409914851189 0.4502342492341995 0.1004024147987366 0 2.268657594919205 3.536590337753296 0 21.31291552633047 24.15289553999901 61.35783588886261 92.20692950487137 7.52980825304985 1.158323109149933 124.6628225594759 0.5200387313961983 4.944167390465736 8.779861889779568 1.261668615043163 2.494013108313084 6.075621545314789 0.9132723286747932 0.3935352191329002 2.722162157297134 0.08733762055635452 0.1038185358047485 0.1181325614452362 0.1585957109928131 0 0.199706956744194 22.44834201037884 0 0 0 4.044518940150738 6.692710906267166 0.7393576353788376 6.118205592036247 0 6.844423189759254 31.30637592077255 0.1481374651193619 22.50634956359863 11.41453819721937 1.563982233405113 8.51820395886898 23.51516769826412 47.65855956822634 24.45891447365284 24.53191681206226 0 0.3245356976985931 0 0 0 0 0 0 0 0 0 0 0 0 0 0 0 0 0 5.115876138210297 2.554843306541443 0 0 0 7.959245204925537 1.980288237333298 10.13997484743595 0.1862038522958755 0 0 0.1777961403131485 0 0.1611237972974777 0.5938691198825836 0 0 0 0.3628052175045013 0 0.2096920758485794 0 0 0 0.4765878915786743 0.5560110658407211 0 1.524349957704544 3.598843708634377 0 0 0 27.85422265529633 7.425290390849113 0.7881930023431778 0.7754365429282188 0 0 0 0 0 0 15.82780873775482 0.343982070684433 0 0 0 23.13633616268635 1.498229563236237 7.004249185323715 1.920609474182129 5.355491921305656 0.5707525014877319 0.1393233239650726 0.2516523897647858 0 0 0.1168926730751991 0 0 0.1183506101369858 0 0 24.26739241182804 9.31405009329319 1.698440194129944 142.7413993552327 7.737523064017296 184.3820595890284 33.18876146525145 21.6538919582963 34.43028438836336 1.965764388442039 30.77604161202908 2.794266030192375 0 9.000785432755947 1.264017149806023 14.08859865367413 1.330576375126839 1.910125255584717 0.4445855617523193 2.344690322875977 0 68.71331804990768 21.81870779395103
1714.116592161357 1926.064983442426 456.4285303205252 3079.634686082602 1245.097278311849 2383.016840547323 3797.008493088186 221.1731676310301 297.6464642733335 3268.041287280619 253.4494760781527 2189.425550803542 11110.25212139636 1187.927637755871 5.787808485329151 0.6393456012010574 0.1030575633049011 0 0 0.1046920642256737 0 0 0 0 0 0 0 0.1249394193291664 0.1738921999931335 0 146.0988931283355 9.921227291226387 11.41971258819103 0 0 0 6.494163438677788 0.9079529717564583 1.686232104897499 0 0 0.2154942750930786 0 0.8480068445205688 0 0.2669244259595871 48.3663222193718 2.522839359939098 0.8176013976335526 0.2138390392065048 0.2772121950984001 0.2310459315776825 0 0 10.78879813104868 17.43510124832392 58.85573264211416 166.5564076602459 12.58273085206747 21.43310437351465 0.4793649464845657 9.324571348726749 0 65.15328139066696 7.002638839185238 3.579292714595795 1.01489645242691 0.2735574841499329 0 0.1400194615125656 15.7128991112113 6.218579977750778 0 69.45364230871201 19.22560692578554 32.02347034215927 28.53174616396427 2.087010204792023 0.4136040806770325 11.37849043309689 0.5907224416732788 2.74264669418335 12.53026754409075 0.6111323237419128 3.846973322331905 7.779100954532623 1.158067472279072 0.09715690463781357 2.372501648962498 0.5434783324599266 0.3186667189002037 0.1046056523919106 0.1210434287786484 0.10758326202631 0.4631728008389473 250.5472676083446 2.055349752306938 0 0.8674205169081688 256.6761006563902 62.37923260778189 52.67121916264296 516.0008374303579 184.0925472080708 195.6885383576155 712.4096539989114 73.75142574310303 341.4280336126685 436.910065613687 51.37695124745369 85.68034596741199 422.9529607966542 535.1888159736991 218.0328680947423 205.9001755565405 0 0.1783068478107452 0 0.6222922205924988 0 0 0 0 0 0 0 0 0.8669480681419373 0 0 0 0 0 0 111.7704580053687 23.95264311879873 0 0.4466646760702133 0 68.15424475073814 22.94562792778015 101.533741235733 0.224255695939064 1.593441516160965 0 0 0 0.1623667031526566 6.65705218911171 1.330184996128082 0 6.666095733642578 11.99190639704466 0 1.733781702816486 0 0 0 6.913997948169708 10.25427754223347 2.952171541750431 27.05055122077465 52.90028727799654 4.19524510204792 0.1650540828704834 3.257190525531769 225.2870809733868 87.86316710710526 10.61274367570877 7.915543884038925 0.5969531387090683 0.4284591823816299 0 0.7551620602607727 0 0 93.99099454283714 0.6932526230812073 0 0.8712849915027618 0 223.6271264106035 5.912218578159809 87.69696620851755 26.41052634268999 55.2685022726655 4.59981831163168 3.669040530920029 0 0.5051591768860817 1.55640285462141 0.472055546939373 0 0.4955444484949112 0.1443595290184021 0 0 123.4936743378639 35.88024298846722 18.91024935245514 321.015854626894 6.741568580269814 124.7583613395691 21.77901761233807 1275.131396055222 27.95039658248425 8.046427540481091 17.3475640937686 90.50725703686476 0.1181785017251968 145.636155039072 8.913598425686359 556.257224753499 13.11013782769442 1.453382089734077 1.276486158370972 0.7242648899555206 0 1762.108202844858 202.0812052115798
220.4424248337746 1931.287644952536 1456.421523496509 0.2759406864643097 1046.17276699841 3.893710851669312 514.607569001615 1247.30387340486 1069.723471388221 253.4494760781527 2064.040485545993 98.98021905124187 2381.232660397887 3536.934354171157 16.06469456851482 3.153185278177261 0.1135784238576889 0 0 0 0 0 0 0 0.1770895719528198 0 0 0 0 1.176586389541626 109.0964032560587 49.13419513404369 166.8332122117281 0 0 0 24.34739734232426 1.573126539587975 3.17583429813385 0 0 0.1224361583590508 0.1547813713550568 1.574311710894108 0.08501508831977844 0.2459086254239082 46.63758335262537 0.1551641225814819 0.1415247470140457 0 0 0 0 0 4.213353581726551 3.675050392746925 3.647501461207867 9.162165448069572 1.847298800945282 9.512997642159462 0.2243406996130943 32.43892289698124 0.1383663862943649 48.1291356831789 1.733248166739941 1.102113269269466 0.3664314150810242 0 0 0 16.28593251109123 9.281873375177383 0 6.314897261559963 5.304322965443134 29.00020118802786 47.84779020398855 13.14776355773211 108.5648781061172 1617.945161730051 0.6503052264451981 48.22291401028633 2.35272403806448 0.1341426521539688 0.9576292559504509 1.932628460228443 0.3794241026043892 0 0.6482565328478813 0.1203723251819611 0.2232105880975723 0 0.6373678296804428 0 0.3781407102942467 41.27048808336258 0.6374020725488663 0 1.074002265930176 7.145729891955853 8.752019047737122 1.138972535729408 6.518852069973946 0.1278186738491058 8.564680829644203 36.97374056279659 0.2884587943553925 22.51040460169315 12.62874189019203 2.518054731190205 8.988781943917274 23.1083338111639 47.13615842163563 25.60778242349625 32.10424192249775 0.1429308205842972 0.1667500883340836 0 0 0 0 0 0 0 0 0 0 0 0 0 0 0 0 0 7.679296344518661 2.166412144899368 0 0 0 9.849457874894142 0.7450476884841919 10.25187347829342 0 0 0 0 0 0.768045574426651 0.2182806879281998 0 0 0.8824210166931152 0.5340217351913452 0 0 0 0 0 0.4314474835991859 2.050677821040154 0.1013632118701935 2.033012509346008 4.578782245516777 0 0.3601931929588318 0 30.13053968548775 4.226548790931702 0 1.360941141843796 0 0 0 0 0 0 15.04500083625317 0 0 0 0 33.90450242161751 0.1783731728792191 7.23221680521965 3.039890393614769 6.742470368742943 0 0.443190723657608 0.1091634929180145 0 0 0 0 0 0 0 0 28.66209188103676 12.93311122059822 2.515808075666428 106.6039263382554 3.144543819129467 88.04121998697519 29.38207952678204 20.63996794074774 16.40055124461651 0.1485215872526169 28.17168083786964 3.785568609833717 0 14.51511999964714 1.591444686055183 18.7320352345705 0.9702437818050385 0.2547577917575836 0 2.858724415302277 0 56.05809990316629 35.66343538463116
31.25702093541622 67.14035215228796 58.32733352482319 31.00397311151028 33.05357411503792 315.0343371927738 153.4336025118828 87.76555594801903 13.03527764976025 2189.425550803542 98.98021905124187 168.9453952014446 1913.683394290507 601.9256709963083 22.17565625905991 11.81110380589962 0 0 0.1473069936037064 0 0.1483359336853027 0 0 0 1.076019421219826 0.1745187044143677 0 0 0.7405023723840714 0 98.16453762352467 100.2296457141638 160.7151611000299 0 0 0.4690314084291458 76.84124632924795 15.33874084800482 20.50474348664284 1.374846428632736 0.2768372595310211 1.04632855951786 0.1636661291122437 7.760744489729404 0 0.8436425253748894 30.27701380848885 0.2332047671079636 0.4691663682460785 0.6102406978607178 0.1647021919488907 0.3271280974149704 0.8384102880954742 0.6218303442001343 1.235940121114254 1.854272603988647 25.2996998205781 26.71304578334093 2.925062395632267 7.282836928963661 1.181776732206345 49.56473667919636 0.5895580649375916 38.39071886241436 1.003629185259342 0.180839441716671 0.4458042308688164 0.1739335358142853 0.1425093412399292 0.4301177859306335 136.9659412354231 97.12743870913982 0.1842555999755859 9.045902855694294 5.80028822273016 22.80262281745672 47.57109562307596 26.3821852132678 11.44284108281136 339.6425344347954 2.419299580156803 13.60567519068718 1.577127605676651 0.3033336400985718 1.135191008448601 1.815636038780212 0.24118622392416 0 0.1684687286615372 0.1708567887544632 0.1183723956346512 0.2901405692100525 2.14704055339098 0.9670390486717224 0.4319700077176094 1329.933174930513 104.184639364481 0 19.4415842294693 71.51595211029053 19.39258041232824 3.197587192058563 78.18307174742222 81.26384650170803 55.67089913785458 244.6376245766878 25.53525397181511 121.6501016169786 117.0637684166431 15.23699578642845 45.4753460586071 144.9022733271122 275.5327742248774 125.7114714682102 130.8580588325858 0.2624235153198242 1.804031923413277 0 0 0 0 0 0 0 0 0 0 0 0 0.1233050972223282 0 0 0 0 36.65767656266689 9.382075905799866 0 0.2675987184047699 0.1359262466430664 42.93209160864353 6.50094673037529 57.39780206233263 0.4289055019617081 0.8756405860185623 0 0 0 0 5.097724229097366 0 0 2.396119683980942 0.9255669116973877 0 0 0.3068321943283081 0 0.1488502472639084 1.56797282397747 2.720367923378944 0.549744576215744 12.07781349122524 18.92545293271542 0.4426767379045486 1.614803582429886 2.498158752918243 113.2639160752296 26.16991138458252 0.4284714758396149 2.243087366223335 0 0 0 0 0 0 73.37530346214771 4.150037318468094 0 0 0 109.0418518334627 4.572994247078896 33.6059911698103 9.279863059520721 23.0177648961544 1.465954795479774 0.2529359757900238 0.1661212742328644 1.224593624472618 0.2982075810432434 0.6120516508817673 0 0 0 0 0 121.9024889469147 66.70814810693264 11.07448828220367 210.4996954202652 6.37939877808094 84.83663795888424 43.64403353631496 386.9664567261934 14.11670503765345 0.668316163122654 21.67005230486393 23.20403410494328 0.8110083565115929 54.97718896716833 3.829039372503757 132.5969810038805 2.129082068800926 0.1320042759180069 0.8522935807704926 2.91529506444931 1.133896946907043 1252.017022766173 219.7978074029088
310.8910003080964 2721.991075471044 486.0506809130311 809.1606790348887 1051.283952839673 281.8894786164165 6907.694612041116 412.0856825262308 547.4544584751129 11110.25212139636 2381.232660397887 1913.683394290507 6427.477248042822 5670.244174681604 182.9975086003542 55.86774366348982 1.059955477714539 0 0.1392435878515244 0.5076772347092628 0.487804114818573 1.207010075449944 0.1248135045170784 0 14.35957059264183 1.316374525427818 0.1495424062013626 1.399557307362556 1.28520729392767 0.1267799437046051 296.4071574807167 306.2970341965556 1385.811416722834 0.866393968462944 0.2371305674314499 6.362288892269135 690.1955127641559 294.2364205121994 360.5280933827162 96.52323161810637 1.166000738739967 3.876560546457767 0.3036326542496681 21.80280800163746 0.3900160938501358 4.932329297065735 353.3977352008224 3.880473405122757 1.818149395287037 0.2047728002071381 2.813474468886852 0.9880648702383041 47.00051777809858 0.677035816013813 20.22942393273115 36.35164073109627 51.71265415847301 141.202885620296 19.5727821290493 92.99047476053238 13.68854550272226 223.4984940737486 15.15076239407063 314.6886027604342 13.37550278007984 10.9032838717103 2.694962821900845 0.1873472034931183 0.7255709692835808 0.763437032699585 637.1845793798566 147.0637114197016 0.5870189145207405 93.53201295435429 58.1844640225172 305.8086609318852 411.670560836792 135.8710413873196 49.01173596829176 1669.787914991379 11.66812701523304 56.41600561141968 26.67005693912506 0.8168729916214943 9.418736606836319 16.77455116808414 3.158564634621143 1.519787453114986 7.249913185834885 0.3117621839046478 1.614801496267319 0.161164715886116 6.630211211740971 1.103452600538731 0.8811738193035126 2117.353973194957 390.9031531959772 0.4887899905443192 232.2154092565179 116.8597742691636 47.23839834332466 7.226920679211617 106.1966537162662 63.19835513085127 128.6093920320272 498.1049283742905 6.811680696904659 304.869068428874 242.8833300545812 41.28738941252232 101.050370618701 331.6352267488837 687.9143033027649 314.3773425668478 329.1423982158303 4.456184647977352 8.580338694155216 0.4355798438191414 0.2098631411790848 0 0 0 0 0.1213802695274353 0 0.2422424256801605 0 1.479927733540535 0 0 0 0.737309031188488 0.9109961539506912 0.4222562164068222 79.64424834400415 29.77102553099394 0 4.053494483232498 0.9289116486907005 131.8220068141818 20.53317172825336 160.6506685316563 3.818893052637577 6.353712595999241 0 0 0 1.875188022851944 14.18232323974371 2.224118813872337 0.1672173291444778 7.097335807979107 4.993107199668884 0 1.129572033882141 0.4482971206307411 0.1095970422029495 0.4973729252815247 6.395538136363029 10.97895736992359 1.160956859588623 26.41547450423241 49.75102086365223 1.961242444813251 2.576693139970303 4.729297533631325 260.890569254756 65.59272814542055 7.116744443774223 4.820310235023499 0.4335859417915344 0.1452279090881348 0 0 0 0 217.452991694212 8.220345392823219 0 0.1419463008642197 0 291.152975037694 17.35332260280848 100.8010067343712 23.47445816546679 61.1688065007329 3.150913968682289 2.491785384714603 1.856260344386101 1.931182503700256 1.036487981677055 0.4008896499872208 0 0.417691558599472 0.09312182664871216 0 0 270.879361063242 160.1719092726707 47.2970377728343 1031.209478780627 36.43266978114843 860.1009974554181 291.6395319923759 531.198699362576 131.4663836658001 13.84105315059423 174.0617896318436 63.52824828773737 3.38612524420023 136.0209088847041 12.52184859663248 273.5312691926956 5.894467175006866 0.7888567298650742 3.150929734110832 18.26820117235184 1.996984302997589 1714.320616811514 413.6160854622722
