288.0519902035594 3609.338838733733 464.6208965703845 1179.623041436076 43.05472423136234 56.06359678506851 329.3299896270037 50.69014890491962 4.137036621570587 824.6825587525964 36.29148845374584 113.0506055429578 256.7738090455532 84.11367437243462 3.268475905060768 1.845252826809883 0.8116664811968803 0 0 0.3023632168769836 0.2443228214979172 0.8048118725419044 0.1322883367538452 0.6670310199260712 0.1548708826303482 0.303920105099678 0.317527636885643 0 0 0.1185784041881561 665.7688002511859 2.564713567495346 18.75158206373453 0 0 0.6297240629792213 5.809041820466518 1.644030928611755 1.099306330084801 0.1412894427776337 1.104849636554718 1.776635535061359 0 0.5970155671238899 0.5518293827772141 0.5522733181715012 44.20222118496895 3.874552607536316 0.8166627138853073 0.6981832385063171 1.277085959911346 0.3988186195492744 0.2690470218658447 0.6621635034680367 7.0926608517766 7.175588600337505 119.2594880908728 416.3023723587394 7.476599924266338 77.15615206211805 0 1.937882579863071 0 23.17528607696295 3.466211967170238 1.642827413976192 0.700715109705925 1.095174334943295 0.3306992948055267 1.613404706120491 10.00039825588465 2.026409067213535 0 361.9175158217549 44.52184177935123 36.68451903760433 2.988605216145515 0.472985602915287 0 30.8934186026454 0.1262203902006149 4.542114861309528 21.61704747378826 0 3.145120345056057 3.629413969814777 0.8787497878074646 0.1214005127549171 0.8874713703989983 0.4572860896587372 0.9945797622203827 1.381307743489742 2.560318268835545 2.159744426608086 2.223292872309685 25.89762926846743 8.775246381759644 0 0.6884672120213509 1182.751684620976 0 2.509129583835602 3.065786004066467 6.55990843474865 1.47510290145874 6.941028624773026 16.96934852004051 5.002545192837715 69.06359862536192 13.99217921495438 4.53313921391964 7.759101241827011 14.00539611279964 6.726351141929626 4.141299799084663 0 0 0 0 0 0 0 0 0 0 0 0 0.1383750140666962 0 0 0 0 0 0 0.8279951959848404 0.2026252746582031 0 0.2291841506958008 0 0.3911752253770828 0.5756769329309464 0.984157457947731 0.2407986596226692 0.4872339367866516 0 0 0 0 0 0 0 0 0 0 0 0 0 0 0 0 0 0 0 0 0.7030462622642517 1.208884306252003 1.107437260448933 0 0 0 0 0 0 0 0 0 4.192318364977837 0 0 0.3103169053792953 0 1.541320219635963 0 1.369165800511837 0 0 0 0 0 0 0 0 0 0 0.3692485168576241 0 0 5.2162711545825 0.5693526715040207 1.611270755529404 248.9589793682098 3.245530106127262 111.1113693639636 8.881564542651176 1220.40161922574 5.555137224495411 2.267511494457722 5.412445589900017 14.34621891379356 0 0.8941523432731628 0.1619118005037308 21.75289487838745 0 0 0 0.1746942847967148 0 256.1860036179423 2.623281762003899
3609.338838733733 3893.558552108705 1197.086593739688 2388.022197179496 1126.438806377351 130.7138954922557 3056.096412405372 227.8404350504279 1312.068934492767 3261.370206445456 663.6107339933515 543.3582202494144 1119.779637232423 2127.840283438563 24.58893238008022 14.0244712010026 4.446420043706894 0.6618171408772469 0.3119653090834618 0.5353864952921867 1.046222664415836 1.001447074115276 0.2905512750148773 1.053255021572113 0.5017227232456207 2.148007892072201 1.765886791050434 1.05050003528595 0.7643633335828781 0.3853452056646347 2667.78555714339 22.08057914674282 125.6144451424479 0.3286462426185608 0.9547858983278275 4.116379767656326 52.86169289052486 8.443943813443184 5.338173680007458 2.741499610245228 7.257232666015625 4.933028012514114 1.264222085475922 3.347716070711613 1.18378072232008 2.673014983534813 349.9010799527168 13.21395999193192 1.610854536294937 1.26794371008873 3.650323167443275 4.08470793068409 0.4849923104047775 5.425597228109837 15.01084124296904 13.46204620599747 46.77354256808758 762.4388941973448 13.07800464332104 275.01909006387 0.8004523515701294 13.5327562391758 0.4811324402689934 179.4680345207453 7.780725374817848 7.480676218867302 4.157868154346943 3.402427591383457 2.85131673514843 6.53991936892271 74.19320672750473 2.792925760149956 0.2642260193824768 841.5706204473972 220.0413682311773 244.7512508481741 57.3951892927289 6.360664293169975 1.752105727791786 109.9568180888891 3.474435687065125 16.87601089477539 67.45141112804413 0.2023194581270218 10.19355399161577 9.083209745585918 4.460153974592686 0.09068677574396133 2.961017824709415 2.33239958435297 4.480908922851086 5.649839296936989 14.56247322261333 8.548655092716217 10.41588094830513 56.29171093553305 12.70315714925528 0.2357612103223801 6.370086841285229 2223.410551033914 0.960166722536087 3.962199062108994 4.068056888878345 12.71693492680788 2.803458511829376 23.71345631033182 18.06767846643925 8.732412651181221 119.7337952554226 30.3125853985548 14.95729386806488 57.89671204984188 38.3219271376729 29.28859752416611 18.44318681955338 0.2947477400302887 0.6259369477629662 0 0 0 0 0 0 0 0 0.4468421638011932 0 0.743664987385273 0.191273033618927 0.3564943373203278 0.2858347743749619 0.3886400908231735 0.1625244468450546 0 0.7920653223991394 2.687706634402275 0.1413833647966385 5.290827184915543 1.665326863527298 16.52985350042582 2.010887779295444 10.22179329395294 4.934283696115017 2.986924462020397 0.3888343572616577 0.1345850974321365 0.3419708907604218 0.1293306052684784 0 0.6435017585754395 0 0 0.9290991500020027 0 0 0.1351138204336166 0.3830617517232895 0.7066850289702415 0.2554764747619629 0 0 0.4377676248550415 0 0 1.704277954995632 5.052067674696445 14.02733203023672 0.5812137126922607 0 0 0 0 0.1532328873872757 0 0.1031991392374039 0.6759641766548157 38.81470669806004 0.6733927875757217 0 0.361745685338974 0.4317291975021362 18.67831828445196 4.150410890579224 17.76852384209633 0.09674318134784698 0 0.2420492470264435 0.2913001552224159 0.1410992294549942 0 0 0 0.5907388925552368 0.514499306678772 0.5912003070116043 0 0.2648894488811493 18.59908550232649 15.16693313419819 15.93678296357393 423.1628763899207 10.96659664064646 540.2033677026629 55.4135667309165 1060.879540368915 12.09652388095856 2.207009479403496 32.05787868052721 29.83771702647209 0 2.467696771025658 3.001863978803158 30.54287067055702 0.3151777237653732 0 0 5.779877685010433 0 284.4247460439801 8.095779106020927
464.6208965703845 1197.086593739688 436.2262594178319 56.91891667991877 1061.58156695962 3.751286327838898 130.8331972062588 3203.993852101266 1567.71435701102 104.5658754631877 3543.231139995158 94.13075366616249 338.6786999851465 4117.165569797158 20.22267574816942 18.57571420818567 1.202998973429203 1.420410834252834 0.09000018239021301 1.785422801971436 7.438317477703094 3.653043054044247 3.146647095680237 3.693876959383488 1.719816148281097 4.221561878919601 3.339670777320862 1.39066880941391 0.4326303601264954 0.9987251237034798 3661.608847089112 30.32846005260944 211.3229086846113 0.5940849632024765 2.007606044411659 8.542742736637592 57.59104812890291 15.52061000466347 10.39919306337833 3.63695902377367 24.6341243237257 9.797621451318264 3.394140303134918 1.317699939012527 1.34002485871315 2.942994825541973 105.2061457782984 3.677532285451889 1.498948477208614 7.956096597015858 18.81410321593285 9.98017080873251 1.570551194250584 7.39189188927412 3.97148422151804 4.022687956690788 19.1417086571455 546.1536579057574 5.171042516827583 66.17738821357489 3.958430744707584 41.74930344521999 2.700950354337692 124.4061252251267 2.292212903499603 8.788034200668335 10.7234351336956 12.05099755525589 15.98435954004526 42.32832273095846 90.6059267744422 2.724931441247463 0 308.8641915395856 75.08814533054829 77.2242049202323 24.63289500772953 6.605378486216068 22.61794614046812 648.7092102393508 2.14896883815527 157.7038654983044 16.5565647855401 0 2.71175704151392 5.862448148429394 3.790355503559113 0 3.474820546805859 1.904702588915825 9.770568020641804 25.02070444077253 73.5552007034421 27.13725826889277 27.63631007820368 44.09990894049406 11.91905260831118 0 9.954121924936771 441.482550188899 1.403642326593399 0 2.124215513467789 0.6456519290804863 1.806722901761532 6.203065127134323 3.957034915685654 1.887494690716267 8.353609375655651 4.544355615973473 5.906962923705578 18.96978098899126 11.38676357269287 23.08952125906944 9.703195810317993 0.9147441685199738 0.4201850667595863 0.2885889112949371 0 0 0 0.4206497669219971 0.3180511295795441 0.2386469542980194 0.2011235058307648 2.275744780898094 0 3.845878347754478 0.3794180154800415 0.5530584901571274 1.250207647681236 0.9684409350156784 0.2594861164689064 0.4302112758159637 3.060991168022156 4.467757850885391 0.5925938338041306 12.88443411141634 1.536274075508118 20.72105346620083 6.690349817276001 17.63348069041967 10.28279322385788 5.680254593491554 0.8067726939916611 0 0 0 0 2.382241204380989 0.3137677982449532 0.3992603719234467 1.410544812679291 0 0 0.9172053039073944 1.19095453619957 2.145988345146179 0 0 0.1019408479332924 0.1401714682579041 0.3981882035732269 0 6.332762822508812 22.54002646356821 28.69399219751358 0.3172179162502289 0.8975172638893127 0 0 0 0.1009576544165611 0.08810668438673019 1.54779764264822 0.3064440041780472 31.70971400290728 0.5811005979776382 0.1121464744210243 1.426607243716717 2.837924912571907 18.33575709164143 2.101681888103485 33.07449291646481 0.1888054013252258 0.6720487698912621 0.2140077650547028 0.556259959936142 0.8161877542734146 0 0 0.3919689357280731 0 0.2474142834544182 2.395024754106998 1.730959787964821 0.7392106503248215 13.9345301091671 26.66546972841024 35.45139243453741 138.8346864655614 5.64088598638773 191.6144666001201 27.93116244673729 137.7235925421119 1.731865994632244 1.091002032160759 21.17041400074959 9.195346750319004 0.5239620208740234 3.003940679132938 0.9658547043800354 2.013950407505035 0.137344166636467 0 0.3157570362091064 8.196867480874062 0.2606544494628906 38.64869656413794 4.984808757901192
1179.623041436076 2388.022197179496 56.91891667991877 762.8520033955574 34.08406527340412 375.8505173623562 1187.49746838212 0.3787910044193268 1.188918456435204 2507.991948753595 1.740960814058781 805.374724984169 1711.288424178958 11.88799821585417 0.2359899207949638 0 0.1214575245976448 0.1189106926321983 0 0 0 0 0 0 0.09134741872549057 0.26325923204422 0 0 0 0 29.61868160963058 0.3791169822216034 5.900170177221298 0 0 0 3.988557696342468 0 0 0 0 0 0 0 0 0.1362874060869217 18.41590105742216 1.529875978827477 0 0 0 0 0 0 1.738596320152283 0.5625290498137474 22.72847098857164 60.30182307958603 1.392369039356709 32.05918771773577 0.1432821452617645 0.1610772311687469 0 9.456924267113209 1.022544294595718 0.2975620478391647 0.1206000447273254 0.1255769580602646 0 0 1.411876454949379 0 0 85.93592228740454 14.2001326084137 15.61234932392836 1.531181402504444 0.3367523476481438 0 0.1469413340091705 0.3268995806574821 0.6625962257385254 5.033479921519756 0 1.013751365244389 1.221025303006172 0.2083205282688141 0 0 0.1047513857483864 0 0 0 0 0.1469757705926895 7.418180525302887 0.2661019563674927 0 0 673.8500631526113 0 5.308214798569679 7.638698473572731 29.55759413540363 1.113323211669922 65.92177617549896 27.49774962663651 6.634979516267776 239.9047709554434 28.25472986698151 0 20.65723305940628 88.4020099490881 14.72366604208946 2.256926774978638 0 0 0 0 0 0 0 0 0 0 0 0 0 0 0 0 0 0 0 0.2324168086051941 0 0 0 0 0.7892946898937225 0 0 0 0 0 0 0 0 0 0 0 0.1438795179128647 0 0 0 0 0 0 0 0 0 0.09913060814142227 0 0 0 0.2480022609233856 0.4475180953741074 0 0 0 0 0 0 0 0 0 1.772574409842491 0 0 0 0 1.335022270679474 0 1.377652481198311 0 0 0 0 0 0 0 0 0 0 0 0 0 4.339580506086349 0.4234881699085236 0 146.298405662179 1.836879000067711 38.785120844841 3.184230871498585 940.7043485566974 2.019718438386917 0.6578515321016312 1.662159271538258 16.69493016600609 0 0 0 24.66782689094543 0 0 0 0.1191613376140594 0 315.2803546711802 3.818796008825302
43.05472423136234 1126.438806377351 1061.58156695962 34.08406527340412 2521.916148506105 6.915310814976692 1986.491655603051 186.6695998609066 5423.97701779753 502.3508842214942 1428.924337461591 186.6016777306795 698.715786382556 1675.267892189324 15.13020202517509 3.687025368213654 1.571275979280472 0 0.436862125992775 0 0.8576961010694504 0.2520242035388947 0.2293980568647385 0 0.5078311562538147 0.4261256605386734 0 0.3747373074293137 0.1404203474521637 0.09922699630260468 151.2669211402535 10.67339906096458 35.00831337273121 0 0 0.1598102599382401 17.74718207120895 0.2293153330683708 1.463219828903675 0.5485424101352692 0.5679468512535095 0.9282850325107574 0.2205699607729912 1.591261968016624 0.2098745033144951 0.9853951260447502 192.7954563945532 3.627618730068207 1.662048920989037 0 0.9779647514224052 0.7982781380414963 0 0.4856836050748825 2.539019607007504 1.961795017123222 3.285155102610588 95.0531609877944 1.63991317152977 88.37606369704008 0.7149211466312408 5.355656005442142 0.2577162533998489 58.55275772511959 1.302902095019817 1.758152976632118 0.8803095743060112 0.7166832163929939 1.026852831244469 0.8270285129547119 77.23224269598722 2.007279083132744 0 140.8788983523846 56.71777088195086 104.153683423996 24.19956184178591 2.859416782855988 0.7969309985637665 11.25132022053003 0.3683468326926231 3.425709299743176 16.51672323048115 0.2610689625144005 1.515057623386383 2.240322478115559 1.543650113046169 0 0.3983799964189529 0.1541401892900467 0.7790134623646736 0.8625228404998779 2.048374056816101 0.7827686816453934 1.952293932437897 52.84644877910614 4.999673828482628 0 7.649796172976494 32.49687427282333 0 2.22040493786335 4.065109714865685 2.784379094839096 0.6210023760795593 16.47125637531281 8.116814181208611 8.069226160645485 20.687655210495 14.06625145673752 8.536717593669891 43.24014750123024 34.78503027558327 35.50524847954512 22.47673608362675 1.437641844153404 0.4160326793789864 0.1645131260156631 0.2116474211215973 0 0 0 0 0.4176674485206604 0 0 0 0.5654167309403419 0 0.820627748966217 0.1409317255020142 0 0 0 1.899324312806129 2.749117612838745 0 2.822892002761364 0.5666723772883415 20.06804622709751 2.727944821119308 12.70998457074165 4.037244863808155 1.293102703988552 0 0 0 0 0 0 0 0 0.4269391745328903 0 0.5934337377548218 0 0.309128113090992 0 0 0 0 0.2947166562080383 0 0 0.9187031090259552 4.94885627925396 24.04417694360018 0.5051982998847961 0 0 0 0 0 0 0 0 47.56841274350882 0.1977084577083588 0 0 0 25.50748178362846 1.874656200408936 21.73341627418995 0 0 0.1940378695726395 0 0 0 0 0 0 0 0 0 0 26.49026370048523 12.16247260570526 16.41019456833601 193.8898255750537 4.960625804960728 277.5670062974095 33.80404325574636 97.398881316185 4.31285135447979 0.2825439721345901 24.97872699797153 5.660863734781742 0 2.79059175401926 2.42785108089447 12.98472213745117 0 0 0 1.562288269400597 0 64.52922335267067 6.852392464876175
56.06359678506851 130.7138954922557 3.751286327838898 375.8505173623562 6.915310814976692 5.40125048160553 108.4819845706224 0.7700748294591904 1.931879080832005 597.1775117963552 2.312781542539597 189.0905514210463 342.0703581422567 34.43661141395569 0 0.3059969693422318 0 0 0 0 0 2.93815504014492 0 0 0 0 0 0.161599338054657 0 0 3.362168520689011 0.3822676092386246 14.21303199231625 0 0 0.5958891808986664 15.03253069519997 0.2910078763961792 1.783488154411316 0 0.2164800763130188 0 0 0 0 0 0.7909764274954796 0 0 0 0.2413192912936211 8.928008623421192 1.547948285937309 0.6222800463438034 0 0.2897459864616394 104.9781432971358 6.134964771568775 2.925890736281872 1.826235815882683 0 0 0 0.2257443517446518 0 0 0.1681789755821228 0 0 0.4006648361682892 155.9366651773453 126.890999764204 8.771868854761124 8.189174741506577 0.443489745259285 0.8073054254055023 0 0 0 0.554740846157074 0 0 0.6091197431087494 0.9406527280807495 0.3266185373067856 0.7114481776952744 0 2.428498595952988 3.140655629336834 13.99573840945959 0.7889930829405785 2.412439979612827 0.2477567493915558 0 0.4793805480003357 389.5293875932693 307.5472000911832 46.51562805473804 15.22266253829002 319.1728302240372 0 0 1.075215697288513 4.955554366111755 0 6.952936708927155 14.06719593703747 1.5164854824543 18.01839329302311 21.59761108458042 0.5953523814678192 9.515316799283028 7.901308216154575 1.519711881875992 1.269205719232559 0.1514732241630554 0 0 0 0 0 0 0.2042882889509201 0.1114965379238129 0 0 0 0 0 0.1692513227462769 0 0.4500723332166672 0.3422355949878693 0 0 0.3641926199197769 0 0.9211649298667908 0.1946119219064713 0.4700907766819 0.2563751041889191 0.4797043204307556 0.8727902695536613 0.7585842609405518 0 0 0 0 0 0 0 0 0 0 0 0 1.401541113853455 0.1746566146612167 0 0 0 0 0 0 0 0 0.8065965622663498 0 0 0 0 0 0 0 0 0 1.791594088077545 3.506452322006226 0 0 0 0.1930770426988602 0 0.8585280030965805 0 0 0 0 0 0 0 0 0 0.508121982216835 0 0 0 2.148646473884583 1.860193774104118 0.663127988576889 183.8791076168418 2.939791351556778 3.626120761036873 1.466640524566174 414.366923481226 2.714857190847397 0 0.3749179244041443 20.51965421438217 0.3458375036716461 0.38780677318573 0.1480114310979843 21.45143926143646 0 0 0 0 0 142.4390172660351 0.7936119139194489
329.3299896270037 3056.096412405372 130.8331972062588 1187.49746838212 1986.491655603051 108.4819845706224 1051.808582432568 37.64821269363165 2026.996214270592 3592.677270077169 256.917428381741 656.5885206311941 3668.665598109365 3861.139848180115 14.27851760387421 4.658256627619267 2.128974601626396 0.2497567236423492 0.09542134404182434 0.09252382069826126 0.3639386743307114 0 0.1254861503839493 0.5710433721542358 0 0.5704206228256226 0 0 0.08571809530258179 0 100.2380115538836 6.359597034752369 58.71457032859325 0.2191534265875816 0 0.1654326021671295 33.73559513688087 3.073677614331245 1.402959086000919 0.288381040096283 1.182779848575592 0.8303807377815247 0.8187179267406464 0.7784150987863541 0.3663336262106895 0.4622248709201813 195.8130636289716 3.794844649732113 1.414303384721279 0.5622342079877853 1.13640371710062 0.7385302633047104 0 0.6532483845949173 4.957159861922264 3.598487362265587 9.209371648728848 134.7648358345032 1.899560615420341 110.683995321393 0.336573913693428 12.49705016613007 0.2295663058757782 48.31915180385113 3.100658021867275 2.752652548253536 1.540553018450737 1.347540371119976 0.6055862605571747 1.49622805416584 116.0478893890977 1.705545037984848 0 213.6594709530473 68.96740030497313 102.4693605229259 19.62844464182854 1.842831611633301 0.5928567573428154 13.33772552013397 0.2180478423833847 3.912893980741501 22.52690881490707 0 2.718484528362751 2.348006777465343 0.5270041599869728 0.1261308193206787 0.725068062543869 0 0.4323975816369057 1.093620158731937 2.702368773519993 0.9716082736849785 2.93277745693922 120.1628505215049 15.61087566614151 0 10.31979367136955 141.8776973038912 0.5915861800312996 7.332993492484093 41.85938532650471 39.60227417200804 3.527339428663254 67.46390949934721 28.87932626903057 38.10186266899109 141.4829873293638 83.0202973484993 16.81846116483212 131.3761343732476 110.606034040451 93.10056617856026 42.85243701934814 0.9658904895186424 0.5198797583580017 0.1435428708791733 0 0 0 0 0 0 0 0 0 0.9653400927782059 0 0 0 0.2233675420284271 0 0.1900764554738998 3.6486596763134 5.862779468297958 0 7.871093273162842 0 32.20814044773579 3.841366782784462 16.59381775557995 2.735422745347023 2.464264035224915 0.4368292987346649 0 0 0 0 1.36103156208992 0 0.7516723871231079 1.3291030600667 0 0 0 0.8834928721189499 0.2147183567285538 0 0 0 1.288769669830799 1.106431663036346 1.402595177292824 0.1322063952684402 6.585735365748405 31.61874214559793 0.2557151913642883 0 0 0 0 0 0 0 0 79.47603294998407 0.2841797769069672 0.1703581362962723 0.164540022611618 0.124159462749958 39.98355846852064 2.393860638141632 34.23187109827995 2.126799508929253 1.270458698272705 1.617465376853943 0 1.08445817232132 0 0.1025422364473343 0.1059489026665688 0 0.3541628122329712 0 0 0.4406130462884903 69.71252520382404 20.90611769258976 31.05426472425461 327.6707609146833 6.08370241522789 279.2893024235964 31.69253396987915 378.5754833817482 6.189241759479046 3.584029369056225 27.83552581071854 44.63447112590075 0 5.026499561965466 3.519512161612511 36.2797669917345 0.1000012829899788 0 0 3.807437285780907 0 329.2161423191428 20.68346144258976
50.69014890491962 227.8404350504279 3203.993852101266 0.3787910044193268 186.6695998609066 0.7700748294591904 37.64821269363165 1940.68424949795 618.7635478824377 1.610129244625568 1687.960219316185 74.47384661436081 284.5771642178297 3667.186498425901 37.9980408474803 35.9739458039403 7.919288590550423 7.80548769235611 0.3300650119781494 27.32118057459593 43.68015259504318 9.478367365896702 10.12420463562012 14.45409310609102 4.834298655390739 11.65051225572824 14.05200371146202 9.523946635425091 1.563671737909317 4.920972988009453 963.1713720113039 2770.940586909652 474.311723254621 15.74364411830902 7.118235401809216 33.12391071021557 113.6154368519783 53.84108547121286 15.54529151320457 10.73669066280127 89.99404721707106 31.47662384808064 41.85538213700056 23.1470757573843 10.83926743268967 77.73601750284433 128.2637788876891 3.948074653744698 5.654389262199402 33.67291617393494 45.63634446263313 21.79841209203005 1.081368543207645 16.36696064472198 1.129521712660789 0.9495395421981812 2.153146013617516 62.6658371090889 1.059784956276417 41.13896629214287 149.07483612746 132.7787831127644 41.09014169871807 152.3414531797171 1.290499269962311 18.75698117166758 21.39218387752771 31.73083335906267 69.43413361161947 155.8363177105784 91.84094408899546 1.687559388577938 0 69.91663067787886 58.97178406268358 102.1449001729488 81.72149020433426 200.2234470173717 2030.28374170512 2065.03678099066 227.5500499382615 1628.22081528604 5.941126026213169 0 3.62882487475872 9.707149490714073 21.39559564739466 0.1445261538028717 11.80898058414459 7.659942574799061 29.25717636942863 31.76524955034256 236.3748720958829 64.41771194338799 56.51467452198267 30.7690367102623 1.112845733761787 0 3.993026368319988 28.72014120221138 0 0 1.14103376865387 0.3669949471950531 0.8709257245063782 2.572677835822105 0.3829306811094284 1.976876571774483 2.664828352630138 4.499868795275688 3.589647397398949 7.315611630678177 6.101005971431732 8.489028215408325 8.665076404809952 0 0 0.7144701480865479 0 0 0 0.5544897019863129 0.2433780133724213 0 0 5.351206436753273 0.3342385441064835 2.363943852484226 0 0.5959218293428421 0.1599329113960266 0.7473843842744827 1.57511006295681 0.4711766242980957 0 0.4690441936254501 0.4186181128025055 8.458840265870094 1.000826977193356 5.854945927858353 2.917386829853058 2.77261071652174 3.215786702930927 0.8828090205788612 2.865202739834785 0.5821678191423416 0.7372625172138214 0 0 0.1231694743037224 0.6951484680175781 0.1477888375520706 0 0.270175576210022 0.2444072961807251 0.9131953716278076 0.6127519384026527 3.704556658864021 0.185010090470314 0 0.1092032492160797 0 0 0 1.910827659070492 5.319589644670486 6.353095181286335 0 0 0 0 0.3617044314742088 0.3487132042646408 0.4255012422800064 3.910641193389893 1.454680815339088 15.05379323661327 1.116575598716736 1.319956138730049 2.600525170564651 9.286164671182632 3.442549400031567 0 5.051828593015671 0 0.3207967877388 0.1631101071834564 0 0 0.9007629603147507 0 0.2513842955231667 0.1437994092702866 1.92477984726429 6.250568047165871 2.62221447378397 0.538358598947525 3.611894086003304 4.333833158016205 8.650799155235291 183.6137642711401 12.85003419220448 243.0634627938271 50.67209672182798 23.13958922028542 5.183174781501293 0 25.14782556891441 3.320921078324318 0 0.6688595414161682 0.4885019361972809 1.489189267158508 0 0 0 7.423030450940132 0 13.98756304383278 3.691607572138309
4.137036621570587 1312.068934492767 1567.71435701102 1.188918456435204 5423.97701779753 1.931879080832005 2026.996214270592 618.7635478824377 1498.702888026834 39.53223866224289 1374.491182297468 21.10588790476322 699.8576685637236 1071.341858498752 5.444452732801437 1.996799811720848 0.1289679557085037 0.2152925580739975 0 0 0 0 0 0.3419254422187805 0 0.1830346584320068 0.1381000131368637 0.2810049653053284 0 0 19.59371864795685 3.14859227091074 18.18687224388123 0 0 0.1495230942964554 9.594129323959351 0.751618005335331 0.7752930521965027 0.3773985505104065 0 0.2253854274749756 0.0999930277466774 0.3095872700214386 0 0.2180198729038239 30.25871950387955 0.6070316880941391 0 0 0.3981207609176636 0.6607893854379654 0 0 0.4305887743830681 0.2165855020284653 0.8596126362681389 7.521617271006107 0.09795279055833817 10.17394057661295 0 0.8102366328239441 0 9.629030123353004 0.1469445675611496 0.5212228670716286 0.09198512881994247 0.2679925784468651 0.1282282322645187 0.3462585806846619 22.62738233804703 0 0 15.75754953175783 7.203445605933666 18.83183623850346 4.570936813950539 0.706964448094368 0.1192520707845688 2.47903074324131 0.5521677657961845 1.023738205432892 2.011715859174728 0 0.2128739729523659 0.3806732520461082 0.2989471256732941 0 0 0.1301212906837463 0 0.436660997569561 0.1257396936416626 0.3057580888271332 0.8726631850004196 11.55135308206081 2.23806120455265 0 0.8847335427999496 1.987707704305649 0.1584934443235397 1.440165519714355 0.2647934257984161 0.1882506161928177 0 3.623086780309677 1.204013340175152 5.203416481614113 7.254371382296085 3.430763512849808 3.248736023902893 8.699585817754269 7.086145609617233 4.816832073032856 3.840411186218262 0.1433714181184769 0 0 0 0 0 0 0 0 0 0 0 0 0 0 0.2561849355697632 0 0 0 0 0.4811960011720657 0 0.6511233597993851 0.09896542876958847 3.073513329029083 0.4460738897323608 2.05560140311718 0.7805252894759178 0 0 0 0 0 0 0 0 0 0.3253514096140862 0 0 0 0.1717189699411392 0.2498503029346466 0 0 0 0 0.3277887105941772 0 0.6057358682155609 0.7211847007274628 3.892077974975109 0 0 0 0 0 0 0 0 0 12.11795005947351 0 0 0 0.1378609240055084 3.761504471302032 0.7569334805011749 6.481235563755035 0.2560901939868927 0 0.3604501485824585 0 0 0 0 0 0 0 0 0 0 5.73602756857872 2.295279160141945 4.478399954736233 34.84505961835384 0.5365776196122169 58.15615785121918 4.691511601209641 11.95145653188229 0 0 8.111306011676788 2.029223084449768 0 0.4610269069671631 0.7722973227500916 0 0 0 0 2.654262572526932 0 14.46755922585726 2.510186441242695
824.6825587525964 3261.370206445456 104.5658754631877 2507.991948753595 502.3508842214942 597.1775117963552 3592.677270077169 1.610129244625568 39.53223866224289 1318.681994140148 21.42344392091036 1836.285692051053 8043.919170379639 165.209255322814 2.689231440424919 0.1035872027277946 0.2852663993835449 0 0 0 0 0 0 0 1.205663070082664 0.676320493221283 0 0.07790258526802063 0.1845358610153198 0 30.07734387367964 1.744331397116184 78.41282217204571 0 0 1.039195880293846 63.85025680065155 1.488406285643578 2.34663650393486 0.2093580663204193 0.2114627957344055 0.3407217413187027 0 0.2075626328587532 0.1226281598210335 0.3093257918953896 61.09950634092093 1.693129993975163 0.2138880640268326 0.3705877140164375 0 0.7073437124490738 0 0.3000404238700867 2.069152370095253 2.004317335784435 27.55462108552456 52.99647702276707 2.671391777694225 43.02238319069147 0 0.1872899532318115 0.4373663812875748 12.19476960599422 0.6629930287599564 1.132641926407814 0.3463706523180008 0.8156475275754929 0.3026572540402412 0.2704603672027588 95.03370347619057 7.965304501354694 0 99.83556405454874 23.93032329529524 31.88863161951303 4.928230926394463 0.351245328783989 0 0.9475509971380234 0.4328212440013885 0.332677960395813 9.385096900165081 0 1.318453229963779 0.4365860670804977 0.7830052450299263 0 0.2328076660633087 0.3717780113220215 0.2588078454136848 0.3150262460112572 1.310277409851551 0.1037949174642563 0.9946107119321823 166.5481063500047 68.59449331462383 0 7.286973357200623 407.3244937583804 0.1251259744167328 17.66643700003624 28.89687192440033 56.05375239998102 10.90271335840225 118.5881168991327 103.8693081215024 69.01522555947304 211.1639403700829 215.3646978437901 22.10854358971119 283.3248153030872 246.8383729532361 113.3567498922348 38.20134341716766 0 0 0 0 0 0 0 0 0 0 0 0 0.7009328603744507 0 0 0.326104611158371 0.1435826271772385 0 0 1.772474572062492 1.502120912075043 0 1.151637375354767 0.3184227496385574 10.61523535847664 0.7572440803050995 2.117184937000275 1.185277782380581 0.5576503127813339 0.1177566647529602 0 0 0.1330779939889908 0 0.2960415184497833 0 1.05230700969696 0.1022456437349319 0 0 0 0 0 0 0 0 0 0.9174068048596382 2.786998301744461 0 1.998943686485291 11.91094841063023 0 0 0 0 0 0 0 0 0 52.52001257240772 1.04667741060257 0 0 0 21.96782384067774 0.8581613451242447 5.030397072434425 1.428870819509029 0.7879655286669731 1.136036604642868 0.1051131263375282 0 0 0 0.1338072568178177 0 0 0 0 0 61.14179193228483 4.42280524969101 2.197313532233238 437.8055325523019 4.317493110895157 88.81112303584814 11.66882764548063 980.1751575991511 3.527697511017323 0.8551856428384781 1.403946541249752 103.9051090553403 0.458720862865448 1.375849887728691 1.133979111909866 148.7669965475798 0 0 0 0 0 1410.977229721844 52.3703019246459
36.29148845374584 663.6107339933515 3543.231139995158 1.740960814058781 1428.924337461591 2.312781542539597 256.917428381741 1687.960219316185 1374.491182297468 21.42344392091036 454.83553699404 170.5790515914559 1498.969627209008 3496.051346331835 34.01885053515434 26.576830111444 4.254171952605247 1.371007487177849 0.1021267175674438 1.685183249413967 5.548963874578476 4.237228386104107 4.080616980791092 7.118464231491089 5.749468840658665 11.71362430602312 14.8114252910018 4.860119968652725 2.177571035921574 6.222986295819283 329.1274238973856 178.5185563489795 1243.238278798759 0.5472817718982697 4.609245501458645 46.95215532183647 362.280634611845 103.9662400856614 29.62296159565449 11.15098463743925 24.3300261721015 16.06227222830057 1.03145007789135 2.799992017447948 0.4647900462150574 0.608375646173954 116.5491560325027 1.507553830742836 2.633394226431847 1.332189343869686 10.55434739589691 12.56338351219893 2.248028226196766 13.62258975952864 1.541051089763641 0.4831658378243446 2.176442630589008 47.74577675014734 2.31952702999115 40.75328616052866 1.193243503570557 214.3285370841622 0.2428013607859612 57.12090254575014 1.142796717584133 2.45341894775629 4.685408554971218 2.420552104711533 3.867096580564976 23.35067534446716 169.9928132891655 1.218485273420811 0.2415201887488365 60.98255860805511 42.57992039620876 79.43429382145405 28.02847395092249 9.84208969026804 72.02455979585648 963.7988740056753 1.531563006341457 344.4278584122658 7.136493436992168 0.09559798240661621 1.263261027634144 2.388996779918671 2.515438057482243 0 4.289862357079983 3.723335586488247 13.26286543905735 19.84928481280804 39.79241099208593 23.3467864766717 39.68866048008204 37.56553057581186 1.509025186300278 0 5.728827156126499 17.80444810539484 0 1.427900940179825 1.027255073189735 0.2482505217194557 0.5496525764465332 4.118827775120735 1.31816802918911 1.882872477173805 7.12398337572813 1.518357813358307 5.382168188691139 12.11406707763672 14.15236556529999 17.27214352041483 10.66673670709133 0.1051167994737625 0.2527560740709305 0 0.1488872915506363 0 0 0.2167069390416145 0.62375108897686 0 0.1412876099348068 1.4355578571558 0 1.465145900845528 0.2591813802719116 1.571840330958366 1.560721531510353 0.5351207628846169 0.7149810642004013 1.022025421261787 0.9067335724830627 2.001118570566177 0 3.744758315384388 1.184093713760376 12.3051070868969 1.570515558123589 6.407186917960644 2.788053199648857 1.772999137639999 2.342230245471001 0.2521341443061829 0.1376314908266068 0 0 0.10820372402668 0 0 0.1440160721540451 0 0 0.6056114584207535 1.197201132774353 2.200997680425644 0 0 0 0 0 0 1.65434193611145 4.589625611901283 14.42992560565472 0 0 0 0 0 0.159757986664772 0.6575615406036377 0.9507655203342438 0.3156801164150238 18.42833708226681 2.60574871301651 0.2835991531610489 0.759101927280426 2.189159452915192 9.619575425982475 1.471847385168076 10.71561191231012 0.3429230451583862 0.07816685736179352 0.1158993542194366 0 0.1529753655195236 0.498447060585022 0 0 0 0.7636153921484947 2.120242528617382 1.674071252346039 0 11.60982986539602 9.171014353632927 11.75603748112917 177.94093170017 8.285170175135136 208.2157543152571 38.92426294088364 30.26743548363447 5.04885046184063 0.1716329902410507 30.26656457036734 3.832088857889175 0 0 0.543560266494751 6.549521155655384 0 0 0 3.219796374440193 0.6295401901006699 25.34019645303488 4.450777187943459
113.0506055429578 543.3582202494144 94.13075366616249 805.374724984169 186.6016777306795 189.0905514210463 656.5885206311941 74.47384661436081 21.10588790476322 1836.285692051053 170.5790515914559 136.4787618070841 1859.5145374313 360.0767783820629 16.96082275360823 25.80989863723516 4.643379844725132 0.7513710260391235 0 0.8775052130222321 2.34943550825119 13.55374094098806 0.8720443695783615 3.335746109485626 24.66321310400963 25.17982102185488 8.368706881999969 20.34930874407291 10.45752915740013 4.553228303790092 41.2220898270607 16.3307591304183 170.2586320489645 0 3.651700958609581 35.44270197302103 292.6280744001269 37.61857486516237 57.31045658886433 17.39101983606815 7.544734939932823 13.11400499939919 0.5554468631744385 3.29910384863615 0.1576422452926636 0.3821098655462265 40.54426433146 0.3345583006739616 2.509780868887901 0.747369609773159 2.914823241531849 10.50394900143147 17.13041999936104 29.31083007156849 0.4367310702800751 0 3.766592845320702 10.55189843475819 0.1083115190267563 13.28822944313288 0.410002738237381 8.167835757136345 0.3734655678272247 20.56960629671812 0.1062172278761864 0.3467556908726692 1.006932489573956 0.4842889979481697 0.6298733204603195 2.23965947329998 488.1965485587716 10.81143172830343 0.6217899769544601 13.31673274189234 8.036910660564899 25.60154587030411 13.80800601840019 4.235681779682636 0.161307230591774 15.82269883155823 1.072824954986572 1.449754968285561 2.028866283595562 0 0.1331906616687775 0.2138453274965286 1.504207730293274 0 1.273371912539005 3.026547454297543 2.921144418418407 15.5160201638937 4.553380027413368 8.882775567471981 17.73300883173943 428.7730904370546 45.23062534630299 1.284802600741386 46.60872193425894 53.50424702465534 0.8650898635387421 2.705715149641037 16.27579243481159 6.908293336629868 3.346524432301521 73.85575042665005 28.68529230356216 32.59937328845263 102.9754438921809 65.64386700838804 25.41323938965797 163.9695157036185 100.019024387002 113.076719596982 57.15399001538754 0.9324053376913071 0.3923024907708168 0 0.2035940587520599 0 0 0.5695353299379349 0.1872318983078003 0 0 0.4377372264862061 0 5.32865309715271 0.208236500620842 2.298304632306099 0.5663632601499557 2.582174822688103 1.252223119139671 0.3109654486179352 3.677383057773113 2.318390503525734 0.2948962673544884 12.67870356887579 1.744326785206795 24.35040362924337 4.010492496192455 9.448916651308537 9.946731828153133 5.673911824822426 0.285439521074295 0.7249536365270615 0.133273646235466 0.8903853893280029 0 4.471252590417862 0 0.3705901280045509 0.9225415736436844 0 0 0 4.478254608809948 1.92881079018116 0 0 0 0.4519787430763245 0 0 4.66551335901022 11.69434348493814 27.49519125372171 0.593625009059906 0 0.7742427587509155 0 0 0.5770336985588074 0 0.7115155011415482 0 100.9534801766276 4.369972549378872 0 0.6928197890520096 0.812295213341713 34.95371174067259 3.366447605192661 31.6547017171979 0.8415589779615402 1.746842861175537 0.8907166048884392 0.7747746109962463 0.1986390501260757 0 0 0 0.3753055036067963 0 0 0.356793075799942 0.1413742750883102 75.99916159361601 22.48221752047539 26.41210263222456 282.4384552761912 5.4376220703125 107.8814672976732 22.78731627762318 162.1315011680126 2.451175227761269 0 20.22272711992264 25.43162291496992 0 4.386592648923397 4.366309329867363 42.36330223083496 0.3806184828281403 0 0 20.02673882246017 0 484.0055658742785 46.09999646991491
256.7738090455532 1119.779637232423 338.6786999851465 1711.288424178958 698.715786382556 342.0703581422567 3668.665598109365 284.5771642178297 699.8576685637236 8043.919170379639 1498.969627209008 1859.5145374313 6054.75248208642 6999.299454644322 46.23680981248617 55.69280550628901 7.160600811243057 1.45902706682682 0.3895751982927322 0.7084711715579033 2.016497805714607 13.7775604352355 1.592136278748512 1.911014147102833 48.05540199577808 34.87904243171215 13.47203171253204 23.8828307390213 12.30432339012623 3.365216210484505 88.2239113599062 29.59705331176519 1439.820902593434 0.7828029990196228 9.21759445220232 82.67288661003113 1425.004901200533 81.64000800997019 89.92912040650845 39.90967355668545 17.66775415837765 20.41669987142086 1.112371012568474 5.519901961088181 0.2582948207855225 0.8941624984145164 174.6337843462825 2.503828704357147 3.951378360390663 1.563902169466019 9.800040617585182 14.66223673522472 15.42435762286186 48.98271050304174 1.66247484087944 1.41240619122982 10.86770023405552 44.90372983366251 0.5562029331922531 49.76884318143129 0.1158372834324837 40.65394902229309 1.020569413900375 46.50781467556953 1.572864882647991 1.945948980748653 2.706364996731281 1.965124532580376 1.475080512464046 7.985374167561531 709.9399496614933 15.6052869707346 0.3348358273506165 75.24300894886255 41.93452130258083 98.24419648200274 33.62903968244791 12.31561145186424 0.6699564456939697 65.86589177697897 0.8957935273647308 11.90954029560089 7.304476819932461 0 2.067569889128208 1.288230217993259 1.314260818064213 0.2646284401416779 2.268847107887268 6.752594515681267 8.763265162706375 24.73373199254274 22.69983961433172 20.41313154250383 50.02800598740578 945.6395975723863 39.89999946951866 0.3498763740062714 30.77395662665367 112.8210939541459 4.666879668831825 13.8383622020483 39.42867417633533 40.92435171455145 20.67172507941723 200.5048187971115 101.3204804137349 100.018012560904 288.2262163832784 258.1024998053908 83.50350525230169 492.4915837422013 351.3203629851341 315.9403878897429 163.4727321788669 2.19149162620306 1.241102486848831 0 0.168378159403801 0.3687392771244049 0 1.649682812392712 0 0.3630025163292885 0 3.390957608819008 0.7168627083301544 7.800039298832417 0 4.085373193025589 1.27347519993782 3.016653649508953 0.4440161436796188 0.9465806037187576 14.89182087033987 16.93288168311119 1.459257289767265 22.20234006643295 3.487526819109917 98.32669159024954 12.32603653520346 44.78005626797676 29.65790418535471 11.18784040957689 1.245754703879356 0.6840909942984581 0.5461999028921127 0.2198228389024734 1.093392476439476 5.759045839309692 0.6199164092540741 1.813792370259762 5.480493366718292 0 0.1872897446155548 0.871109202504158 9.321435660123825 2.432280823588371 0 0.2198106944561005 0 2.343375235795975 3.20536495000124 2.153154492378235 5.079193189740181 23.91940140724182 108.0034244284034 1.048447608947754 0 0 0 0 0.7995261624455452 1.265110567212105 1.046305328607559 1.594667956233025 310.6026722416282 5.730293944478035 0.1770721822977066 1.159602358937263 1.934543929994106 110.1012822091579 8.345380887389183 87.62642700970173 3.414241075515747 3.491797052323818 3.664684593677521 0.1727879047393799 0.2368757873773575 0.443113274872303 0 0 0.2969155609607697 0.3425434529781342 0.4040382504463196 0.8234006017446518 0 238.1522632166743 62.82080899178982 67.19198107719421 800.3181767761707 10.90635093301535 372.3236062452197 56.68136601895094 422.1395830065012 5.943203896284103 0.2413483485579491 63.16960677504539 88.53098447620869 0.3324852585792542 11.50294563174248 5.146198019385338 83.69257046282291 0 0 2.108866527676582 19.19174551963806 0.6561317890882492 1108.538583979011 101.2071153596044
