339.746912047267 2590.15490295738 478.8969784006476 1134.172843903303 31.78210320323706 78.80686013400555 121.8604588061571 86.24994295090437 22.34062428027391 904.0789173617959 196.9648842737079 10.94397029280663 31.1484365016222 110.816952213645 2.263986632227898 2.660170786082745 0.1921461150050163 0.08393421024084091 0 0 0.515562005341053 0.6012191101908684 0.284177839756012 0.285820946097374 0.3358626887202263 0.1377593129873276 0.2547637298703194 0.1246111169457436 0 0.1379290074110031 1175.258344329894 9.176466479897499 33.50617834925652 0.3912949115037918 0 0.2418327480554581 3.9419259801507 1.098844207823277 4.606450282037258 0.3102999404072762 1.033213250339031 0.9357059597969055 0 0.8526794239878654 0.2147068306803703 0 13.39660451561213 3.761273711919785 0 0 0.1121026650071144 0.2233072072267532 0.1502677202224731 0.2513638362288475 6.085365824401379 11.04442413896322 161.7169059440494 425.7141593322158 100.0136332288384 10.91896689683199 0.1848814934492111 2.334720015525818 0.1354041546583176 28.26857527345419 7.676317296922207 3.420332334935665 1.092102333903313 0.1788244843482971 0.9604405388236046 0.6111104041337967 11.23775500059128 8.615176782011986 1.330843687057495 110.202176399529 107.1360229477286 31.82562051713467 11.43446898460388 4.707028232514858 6.307042606174946 112.97276584059 0.1514220982789993 6.283075556159019 18.24474417418242 0.4465747475624084 2.776712320744991 12.59959474951029 0.8939483612775803 1.294900760054588 1.24126572906971 1.10975843667984 0 0.2950018718838692 0.8268275186419487 1.782676540315151 0.1989220231771469 75.25435648858547 29.99997228384018 0 5.413883127272129 1003.838997386396 0.7544005960226059 6.983223021030426 0.963098406791687 5.939051508903503 0 1.597538039088249 2.300944656133652 0 17.17298831045628 13.92287105321884 0 3.89592868834734 8.116582959890366 1.872663512825966 0 0 0.1585966050624847 0 0 0 0 0 0 0 0 0 0 0 0 0 0 0 0 0 0 0 0 0 0 0.3032945096492767 0 0 0.1076136752963066 0.153918519616127 0 0 0 0 0 0 0 0 0 0 0 0 0 0 0 0 0.0830780491232872 0.2211703062057495 0 2.487484112381935 0 1.525904774665833 0 0 0 0 0 0 0 0 0 0 0.4655976891517639 0 0 0.08002784103155136 0 0 0 0 0 0 0 0 0 0.09386161714792252 0 0 0 0.299808032810688 0 0 0 6.106628552079201 0.3260577321052551 0.1132316961884499 264.0089271068573 2.307085640728474 125.0562759935856 17.39563637971878 744.6906054988503 4.950950726866722 1.084025263786316 1.603924803435802 5.858199685811996 0 0 0 27.80693167448044 0 0 0 0.4578055888414383 0 250.2373798787594 0.668898344039917
2590.15490295738 2817.839632466435 1232.647813394666 2603.562719702721 1733.750458627939 141.8485764041543 1828.721988245845 345.3236507847905 1608.978305965662 2791.020779281855 931.5403921082616 93.37247072160244 861.1608795896173 1820.931199014187 8.671233154833317 7.288787379860878 0.5444439277052879 0.4888882637023926 0.2567321881651878 0.1600975841283798 0.8664640262722969 0 0.8394800946116447 1.684742897748947 0.5749478489160538 0.5234157219529152 1.973072245717049 0.7585659325122833 0 0.2047215700149536 2594.483636081219 130.2060069963336 39.58281025290489 0.8163254857063293 0.4765949994325638 0.4017743393778801 9.87445741891861 3.78796923160553 5.044909179210663 0.6901967450976372 1.600557811558247 1.687376819550991 0.09477085620164871 6.408563695847988 0.6417779549956322 0.1039918586611748 115.2192322015762 11.70025599002838 0.3351536840200424 0.140426442027092 0.5260794162750244 0.237621009349823 0 0 13.2056927382946 26.32338760793209 101.3043956905603 340.8948341012001 137.627619728446 61.84112294018269 0.6667714864015579 7.07399582862854 0.7150726094841957 209.8353634923697 20.49175518006086 10.74871922284365 3.722721911966801 2.348892770707607 4.756507255136967 1.110496431589127 7.496603436768055 1.316135585308075 0.2360331416130066 231.1023281663656 265.2533605247736 162.8880654424429 47.36914344131947 17.81304224580526 6.949714332818985 135.4586906656623 1.045132987201214 11.8844340518117 43.36088389903307 0.8128391280770302 10.07015585154295 34.51997750252485 6.350229062139988 1.152491256594658 4.383746854960918 0.4988185539841652 0.5948270186781883 0.1712174266576767 3.865604057908058 1.102444350719452 0.6150597333908081 20.58631052076817 3.594871677458286 0 1.542805060744286 646.2358485385776 0.2961178123950958 9.224855840206146 0.5773603767156601 5.741934716701508 0.2620115876197815 0.8724137246608734 5.679674908518791 0 19.18194481730461 25.66100382059813 0.2299613803625107 9.034072808921337 17.00865679979324 4.639775134623051 0.8328037559986115 0 0 0 0 0 0 0 0 0 0 0 0 0 0 0 0.4053793847560883 0 0 0 0.1583028733730316 0 0 0 0 2.178153589367867 0.2399063408374786 1.014800220727921 0.9360802173614502 0 0 0 0 0 0 0 0 0 0 0.1487860381603241 0 0 0 0 0 0 0.09672727435827255 0 0.1712542772293091 2.766560673713684 0 0 0.6945346593856812 0 0 0.07919265329837799 0 0 0 0.2742354199290276 0 0 5.513836085796356 0.7343608736991882 0 0 0 0 0 1.581066280603409 0 0 0.1810029000043869 0.3110682666301727 0 0 0 0.1774884462356567 0 0.1154697984457016 0.1035604849457741 0 0 11.08385349810123 0.4914185702800751 3.414795488119125 230.1201147586107 9.532867692410946 579.1556510925293 101.2324689105153 521.5041833519936 38.84466807544231 3.247343339025974 14.92937000095844 5.010185122489929 0.1872079521417618 0.6105628609657288 0 37.09482853114605 0 0 0 6.88352532684803 0.634651243686676 196.9194866269827 4.341860830783844
478.8969784006476 1232.647813394666 629.9308309853077 60.19161293655634 623.9993355572224 8.788684889674187 180.909647077322 1515.902317464352 948.9663655757904 121.7406776174903 1989.907408684492 61.53272025287151 242.1114694029093 1750.587917678058 10.83101482689381 12.86007476598024 0.1916766911745071 0.6271355450153351 0.09150278568267822 5.918527036905289 20.52719743549824 0.3864730149507523 12.73981078714132 14.75604245811701 6.473917976021767 2.990623220801353 7.546398505568504 0.5071742311120033 1.225775815546513 5.77052828669548 3425.441731095314 447.2701341360807 153.3951383978128 8.336714558303356 3.171370297670364 4.434736557304859 19.11660216748714 20.03508038818836 18.25202863663435 3.630742527544498 17.26442904770374 8.078110530972481 2.090492852032185 2.525600142776966 1.728773944079876 0.5185787528753281 25.21139885485172 2.916313081979752 0.33932114392519 1.307225733995438 5.261704839766026 0 1.086052149534225 2.012832976877689 0.5568081215023994 3.829869091510773 16.54402905702591 88.8970365151763 21.45674988627434 6.323584333062172 1.188852295279503 28.33245179802179 0.7414900884032249 183.2969702929258 2.529309965670109 5.58546008169651 2.664859294891357 5.398804858326912 41.89999359846115 21.80129288136959 27.39802823215723 1.521301612257957 0.1805834472179413 23.98385202884674 39.40994992107153 25.86242292821407 27.2648194655776 9.860508777201176 170.6040095165372 1305.892415314913 1.629531174898148 210.0456872582436 6.955574609339237 0 3.974512472748756 4.025632500648499 8.882441885769367 0.608662374317646 2.330861799418926 0 1.041581012308598 1.405225113034248 32.38201805204153 17.93703375011683 3.535550937056541 14.28473460674286 2.310353569686413 0 1.201734110713005 98.04077036678791 0 0.3785637319087982 0 0 1.254759550094604 1.833116888999939 0.3439343869686127 0 1.875731810927391 4.131801947951317 2.015395671129227 2.885918490588665 3.829703450202942 3.700858026742935 1.260373562574387 0.1301608234643936 0 0 0 0 0 0 0 0 0 0.5109430551528931 0 0 0 0 0 0 0.4258226156234741 0 0 0 0 0 0 2.194746181368828 0.813965916633606 1.123620390892029 2.854088172316551 0.2871108055114746 0 0 0 0 0.1050613075494766 0 0 0 0.3334641754627228 0 0 0.2209622412919998 0.5535065829753876 0.2531442120671272 0 0 0 0 0 0.2031631022691727 0 0 1.491897344589233 0.3859164118766785 0 0 0 0 0 0.08523640036582947 0 0 8.102208614349365 0.31793212890625 0 0 0 0 0.4492729306221008 0.7897641360759735 0 0.1900277882814407 0 0.2438155263662338 0 0 0 0.1934533268213272 0 0.3261212036013603 0.2746461629867554 0 0 9.882478386163712 4.105117611587048 5.288257144391537 52.62739733606577 4.552714973688126 72.89622788876295 30.13225845247507 52.41394502669573 5.893007978796959 0.3438827693462372 4.232912614941597 2.970795631408691 0.1560790836811066 2.150865793228149 0 5.151945978403091 0 0 0 3.908377252519131 0 17.83548763394356 1.606195375323296
1134.172843903303 2603.562719702721 60.19161293655634 485.6217357888818 69.86173643916845 386.139847740531 722.7518860027194 2.981876634061337 38.04822488129139 2309.081835709512 17.56487369537354 102.6383946985006 360.9890285432339 92.7273173481226 1.101589784026146 0.1988620162010193 0.3484914004802704 0 0 0 0.112484835088253 0 0.0758805125951767 0 0.08844384551048279 0 0.3413047716021538 0 0 0 111.8857704028487 5.905240520834923 7.129958748817444 0 0 0 1.542351618409157 0.4517916887998581 2.434795789420605 0 0.3659102916717529 0.1204572021961212 0 0.9425273537635803 0 0.1127350255846977 13.09272731840611 2.452289253473282 0 0.1027946546673775 0 0.1614128947257996 0 0 1.485703200101852 5.996310144662857 25.26073631644249 64.76418336480856 33.26480283588171 9.812396384775639 0 0.3713636547327042 0 19.31087780743837 5.109535127878189 2.542178265750408 0.9513219892978668 0.5722125917673111 0.780999056994915 0.3698403462767601 6.857204042375088 5.734358504414558 0.2787604406476021 47.02736584097147 55.43035938590765 21.44028470665216 6.12821352481842 1.949355475604534 0.6499461382627487 3.349159218370914 0 1.098035164177418 8.229052193462849 0.4207088202238083 1.886740513145924 7.953758418560028 0.6754008457064629 0.463273212313652 0.6838215216994286 0.4474476650357246 0.1098484769463539 0.5512812957167625 0.4395007789134979 0.3671528995037079 0.8847000449895859 32.74605450034142 9.624439880251884 0 3.168851606547832 302.4542609229684 1.087813273072243 33.51202137768269 11.94249902665615 108.2155532836914 0.4366441965103149 29.32008581608534 75.37501794099808 0.995147168636322 57.91389076411724 38.73971407115459 0.4551760256290436 14.40508449077606 44.17007379233837 7.466852799057961 0 0 0 0 0 0 0 0 0 0 0 0 0 0 0 0 0 0 0 0.1621295064687729 0 0 0 0 0 1.340263485908508 0 0.09447462856769562 0.2617858052253723 0 0 0 0 0 0 0 0 0 0 0 0 0.1395316869020462 0 0 0 0 0.2017467767000198 0.415611557662487 1.400296702980995 1.842316403985023 0 0 0.6011574864387512 0.1243576854467392 0 0.08712630718946457 0.0845085084438324 0 0 0 0 0 3.494151368737221 0.4056507349014282 0 0.1350672096014023 0 0 0.7245055437088013 0 0.1672586500644684 0.2983822226524353 0 0 0 0.1296349614858627 0 0 0 0.1203640401363373 0 0 0 13.48733013123274 0.8459813892841339 0.2932643741369247 257.0388374328613 3.073542609810829 100.1141505017877 17.2159575521946 423.2217350825667 6.639180734753609 0.555340513586998 2.193758524954319 6.998820096254349 0.2014142423868179 1.886064633727074 0 59.82421346008778 0 0 0 0.788958728313446 0 181.1417451649904 14.50373803824186
31.78210320323706 1733.750458627939 623.9993355572224 69.86173643916845 1254.844604514539 2.160229168832302 1759.427349150181 159.7520975396037 2727.887312203646 760.2319042533636 667.615163564682 30.38139922171831 592.1656968146563 1714.586676284671 1.84080632776022 1.444755882024765 0.1106244102120399 0.086800217628479 0.0872335359454155 0.612749844789505 0.2060669362545013 0 0.1088617891073227 0.4817837402224541 0 0 0.1232808008790016 0 0 0 140.7136569470167 35.18268080055714 1.816484473645687 0.1968804895877838 0.2957931607961655 0 0.7593274861574173 0.3511969298124313 0.4773000627756119 0.1993363797664642 0.08208999782800674 0 0 1.018425010144711 0.08153453469276428 0 24.64582375437021 1.579411402344704 0.229571245610714 0.1416114866733551 0 0 0 0 1.283307552337646 3.541199840605259 7.924352452158928 27.66891629993916 14.78820192813873 9.820631369948387 0.2839551493525505 0.6920625194907188 0 42.22477729618549 3.115324854850769 1.762847267091274 0.2741063311696053 0.161198191344738 0.9152223169803619 0.4686540216207504 0.8271046131849289 0 0 26.98748529702425 32.4118455722928 29.27520795166492 13.07568866014481 3.030070073902607 1.019583858549595 5.529731668531895 0.3008167669177055 2.11458658427 5.736893817782402 0 1.127651162445545 4.156763389706612 0.6740778684616089 0.2549492940306664 0.4959224089980125 0 0.2537789344787598 0 0.2921973541378975 0.3085322976112366 0.1803643554449081 2.022385448217392 0.2977901101112366 0 0 13.37065090239048 0 0.9699756354093552 0 0.4758414179086685 0 0 0 0 1.663898214697838 2.663419842720032 0 1.559578001499176 4.377685502171516 0.8989166915416718 0.366936057806015 0 0 0 0 0 0 0 0 0 0 0 0 0 0 0 0 0 0 0 0 0 0 0 0 0 0 0 0.5077689588069916 0 0 0 0 0 0 0 0 0.1145451813936234 0 0 0 0 0 0 0 0 0 0 0 0 0 0 0 0 0 0 0 0 0 0 0 0 2.693524420261383 0.8822053670883179 0 0 0 0 0 0.240325927734375 0 0 0 0 0 0 0 0.1087394952774048 0 0.1221271529793739 0.1004531234502792 0 0 2.808563813567162 0.2229174822568893 0.2413610070943832 20.01435328274965 2.033879779279232 96.5293760150671 25.26059793680906 26.76406908035278 7.31837410479784 0.2494083717465401 3.397609055042267 1.856227025389671 0.0885225236415863 0 0 0.4693876057863235 0.3843859732151031 0 0 2.362171918153763 0 11.67934960871935 0.5431825518608093
78.80686013400555 141.8485764041543 8.788684889674187 386.139847740531 2.160229168832302 1.024113357067108 5.39129051566124 2.906650133430958 1.056428283452988 581.3345335647464 8.140249863266945 142.2381085157394 63.23076884448528 20.74919962882996 0.4510545954108238 0.5818578973412514 0 0 0 0.1639966368675232 0 2.34813766181469 0 0 0.09017010778188705 0 0 0 0.1245709359645844 0 11.95999593287706 0.6431989371776581 8.430037647485733 0 0 0 14.24933031946421 1.618547447025776 41.23139738291502 1.81007843464613 0 0 0 0 0 0 3.216068312525749 0.2198278307914734 0 0 0.1011225357651711 11.38191169500351 1.02711383998394 0.1055311262607574 0.3259019553661346 2.632530860602856 106.8025721386075 32.19390566647053 14.23556582629681 0.9034416079521179 0 1.829701036214828 0 2.99278399348259 0.679229773581028 0.3200142979621887 0 0 0.1126774176955223 0 105.4830762445927 170.0028548911214 22.07577553391457 18.42205681651831 11.76740907877684 2.742999866604805 1.345208741724491 0.5626699849963188 0.3009490370750427 2.996475152671337 0 0 3.072104245424271 3.349185384809971 0.4753960222005844 7.222636587917805 0 14.79042272269726 1.873217634856701 20.13974870741367 1.021809175610542 8.323341079056263 0 0 2.341321460902691 468.884040363133 280.1712090075016 5.15998187661171 65.43075651675463 264.9719308763742 0 3.479820102453232 0 4.159407109022141 0 1.096623107790947 4.569703876972198 0.1359969973564148 11.08412097394466 11.26526860892773 0 3.534035414457321 6.60379035025835 1.316651582717896 0 0 0.15242038667202 0 0 0 0.1487283557653427 0 0 0 0 0 0 0 0 0 0 0.6725786551833153 0 0 0 0 0 0 0 0.9128709435462952 0.1398167461156845 0.3911913335323334 1.81143244355917 0.3218306824564934 0 0 0 0 0 0 0 0 0.1045735776424408 0 0 0 0.3813371211290359 0.276902437210083 0 0 0.0965908095240593 0.1031848713755608 0 0.7161009907722473 0 0 0 0 0 0 0 0 0.279087632894516 0.1804739236831665 0 0 1.256920255720615 2.800979390740395 0 0.1553370356559753 0 0 0 0.4241384863853455 0.1371044367551804 0 0.2298472672700882 0 0.09313854575157166 0 0 0 0 0.0892004519701004 0.1038532927632332 0.09968094527721405 0 3.448671005666256 0.8160171136260033 1.689318582415581 51.60018593072891 2.196590885519981 20.16788567602634 3.093239761888981 158.6577766090631 2.131991475820541 0.2367295771837234 0.4655355513095856 2.293263018131256 0 0 0 10.05237460136414 0 0 0.1278308033943176 0 0 118.4129933789372 4.817760646343231
121.8604588061571 1828.721988245845 180.909647077322 722.7518860027194 1759.427349150181 5.39129051566124 791.8193326964974 12.80481098592281 1758.383376039565 2595.856583550572 292.2876998335123 144.5779726058245 3571.833654373884 4351.071710579097 2.891143217682838 3.328166790306568 0.2173373624682426 0 0 0.180132731795311 0.7766912281513214 0 0.3440116792917252 0.4052227139472961 0 0 0.3414085581898689 0 0 0.493931770324707 129.7818074375391 39.33507048338652 2.308337017893791 0.08115004748106003 0.1094716638326645 0 1.604726977646351 0.3417990803718567 0.35334262996912 0.2927737757563591 0.3401094675064087 0.1980647817254066 0 1.519958443939686 0 0.1013704240322113 37.36460921168327 2.558949343860149 0 0 0 0 0 0.07005202025175095 3.348725788295269 4.652382411062717 7.803013019263744 35.58279117196798 23.56424977630377 15.26016888022423 0.164029635488987 1.45378141105175 0 47.95501012355089 4.388087496161461 2.876186400651932 0.5963942036032677 0.3214782327413559 0.9964027553796768 0.510979488492012 2.477030642330647 0.1638703942298889 0 37.66282860934734 45.3876556456089 43.03326816111803 16.80744391679764 7.784123830497265 1.204061314463615 5.165505602955818 0 3.65982061624527 10.47369962930679 0.2680464684963226 2.214218489825726 8.003277137875557 0.9838622361421585 0.351207971572876 0.8748709037899971 0 0 0 1.403522193431854 0.8991711512207985 0.1318064332008362 8.034857280552387 0.3542425632476807 0 0 17.10535959154367 1.42480231076479 6.202028974890709 52.58023685961962 89.85749641805887 1.196306809782982 37.76131115853786 2.418834164738655 1.631300687789917 107.979712843895 30.80078444629908 0 7.85713841766119 22.05081024765968 5.771461121737957 0.7767186015844345 0.1357171088457108 0.2726808786392212 0 0 0 0 0 0 0 0 0 0 0 0 0 0 0 0 0 2.22615484893322 0.1420033574104309 0 0 0 1.608975991606712 0.2341604679822922 0.3716742694377899 0.3159860074520111 0 0 0 0 0 0 0 0 0.3535937145352364 0.3464402630925179 0.2121689319610596 0 0 0.1714163571596146 0 0.1001251414418221 0.1503307074308395 0.1671450808644295 1.963879860937595 2.000016070902348 0.3226976543664932 0.08972442150115967 0 0.6613074541091919 0.9333813339471817 0.4053624123334885 0.2928288206458092 0.1720831170678139 0 0 0.0955217257142067 0 0 8.360754325985909 0.3818992972373962 0 0 0 0.1209193468093872 0 0.1994834244251251 3.875631101429462 2.17542215436697 1.607199087738991 0.3160400465130806 0.2810731530189514 0.4528888761997223 0 0 0 0.08652938157320023 0 0 0 11.90741555392742 0.6578934490680695 2.572732537984848 60.93890950083733 1.451641999185085 160.736654356122 37.32462099194527 46.34656543284655 8.753507405519485 0.4754145741462708 6.265962734818459 3.301968984305859 0.2006912231445312 4.067791983485222 0.9314243569970131 10.14652476459742 0.1192828416824341 0 0 1.427974238991737 0.5673180222511292 25.18460649251938 3.145908042788506
86.24994295090437 345.3236507847905 1515.902317464352 2.981876634061337 159.7520975396037 2.906650133430958 12.80481098592281 563.3191931173205 530.656183719635 12.3297396376729 1824.518605493009 6.887635372579098 45.15274039655924 947.7181825190783 10.59151344746351 13.23561625927687 1.166650407016277 1.449397668242455 0.7947761714458466 11.08211439847946 49.73856764286757 0.2905171513557434 29.12329768389463 48.38924138247967 12.56016387790442 4.878333024680614 19.79104319959879 1.26533966511488 1.915035367012024 14.4087103754282 832.3094173520803 1010.677811808884 132.0057900696993 20.38703501224518 11.19593700766563 11.33162353932858 11.79273719340563 29.74293280392885 10.08965130895376 8.557886637747288 34.24148547649384 20.85017674416304 2.506455935537815 4.337295472621918 3.211814440786839 0.6327475681900978 62.84144776314497 2.994486756622791 0.505834549665451 2.799913436174393 6.570585444569588 1.399573996663094 0.1204779744148254 3.989141315221786 0.5551225394010544 3.105313085019588 9.622294791042805 45.33016873151064 16.50763309001923 13.53393304347992 6.185006834566593 83.70372240245342 1.61342216283083 170.3304686024785 5.128256618976593 7.66386104375124 5.425575524568558 10.4460387006402 55.61378585547209 40.16572312265635 5.974375084042549 0 0.4382097274065018 25.58821488916874 45.25354482978582 45.70826299488544 53.30859160423279 41.54998657852411 1122.554261490703 2266.944776616991 19.3929478675127 1158.341793678701 5.576814778149128 0.1754519790410995 6.105133578181267 6.488637670874596 8.646730907261372 0.2040034532546997 1.620583742856979 0 2.220207668840885 1.635846354067326 66.637420758605 41.55571676045656 7.221897453069687 7.142871424555779 0 0 0.2485128939151764 34.3120104521513 0 0 0 0 0 0 0 0 1.577670723199844 1.110403180122375 0 0 0.2516105175018311 0.3751631677150726 0.1814962476491928 0 0.1299098283052444 0 0 0 0 0 0 0 0 0.4075612723827362 0 0 0 0 0.120373010635376 0 1.031171277165413 0 0 0 0 0 0 0.9822444468736649 0 1.176183477044106 0.9053250253200531 0 0.481824204325676 0.1110998094081879 0 0 0 0 0 0 0.2171678468585014 0 0 0.2067412286996841 1.052609622478485 0.2069509476423264 0 0 0.07363803684711456 0 0 0 0 0 0.4140287041664124 0 0 0 0 0 0.09928800910711288 0 0 0 2.14411249756813 0 0.09277934581041336 0 0 0.9165784418582916 0 0.2736858725547791 0 0 0 0.1633180975914001 0 0 0 0 0 0.4214074835181236 0.1899439468979836 0.1137501150369644 0 1.042603254318237 1.549867667257786 1.398518778383732 72.55077502131462 4.522003248333931 172.9945427179337 62.1619268245995 37.96149585396051 13.19941806048155 0.2346646636724472 12.25074823200703 2.412913292646408 0.3342809677124023 0.1090019270777702 0.1039315015077591 0 0 0.1033037006855011 0 11.61202708631754 0 8.135022848844528 0.112439401447773
22.34062428027391 1608.978305965662 948.9663655757904 38.04822488129139 2727.887312203646 1.056428283452988 1758.383376039565 530.656183719635 824.6564640849829 144.1832796260715 1297.099559210241 46.97599939256907 591.8491381928325 1241.865302547812 2.009453639388084 1.103311769664288 0.09070778638124466 0 0 0 0.4649935960769653 0 0 0.09208046644926071 0 0 0.2929698750376701 0 0 0 26.5273345708847 11.40371538698673 2.620825529098511 0.100162610411644 0 0 0.4318856596946716 0 0.1202559247612953 0 0 0 0 0.318665087223053 0 0 7.279907248914242 0.5101060122251511 0 0 0 0 0 0 0.2037184834480286 0.6838952600955963 1.017992354929447 4.524244971573353 2.279012069106102 2.446094550192356 0 0.3297912105917931 0 8.173142097890377 0.8227192610502243 0.4056397899985313 0.08654586225748062 0.08580203354358673 0.6248870119452477 0.3427604809403419 1.490841336548328 0 0 6.442192904651165 5.227379858493805 8.422234646975994 6.304480619728565 2.500050038099289 0.5570564493536949 5.642947055399418 0 2.757854953408241 1.264571405947208 0.07677537947893143 0.1594469994306564 1.004657343029976 0.1724522262811661 0 0.1621482968330383 0 0.1153749600052834 0 0.5096854493021965 0.4417937770485878 0 5.78287248313427 0.3457109183073044 0 0.4620644524693489 2.536854721605778 0 0.6888684928417206 0.3558147847652435 0.4113073498010635 0 0.4634436666965485 0.3961977735161781 0 0.1312399655580521 6.1210046261549 0.467426523566246 5.684165291488171 7.426782265305519 1.59530845284462 1.862671673297882 0 0 0 0 0 0 0 0 0 0 0 0 0 0 0 0 0 0 0 0.6228637397289276 0 0 0 0 1.364814795553684 0 0 0.2575893104076385 0 0 0 0 0 0 0 0 0 0 0 0 0 0 0 0 0 0 0 0 0.1201905608177185 0 0 1.635997653007507 0 0 0 0 0 0 0 0 0 4.10034467279911 0.09644515067338943 0 0 0 0 0 0 0 0 0 0 0 0 0 0 0 0 0 0 0 6.766560830175877 0.1669982224702835 0.6944092959165573 11.04204438626766 0.958812803030014 25.67726778239012 8.998530060052872 4.797537297010422 2.716922305524349 0 0.8656411394476891 0.4226479977369308 0 0 0 2.628612861037254 1.01266872882843 0 0 1.688266322016716 0 4.679389722645283 0.1469106078147888
904.0789173617959 2791.020779281855 121.7406776174903 2309.081835709512 760.2319042533636 581.3345335647464 2595.856583550572 12.3297396376729 144.1832796260715 1683.68124461174 134.322212100029 1835.820983059704 7675.9744566679 609.0878831446171 24.86765794456005 14.45596742630005 0.2899773344397545 0.2520657032728195 0 0.2358915209770203 1.739414356648922 0 1.204668596386909 2.054410561919212 0.2357960641384125 0.101414181292057 0.878927931189537 0 0.603015273809433 0.2003755047917366 202.6247026175261 121.793762460351 54.82290071249008 1.056029424071312 0.3502219021320343 3.134963311254978 94.37546673417091 6.079983703792095 15.85978487879038 0.9064165353775024 1.479093730449677 1.37183952331543 0 5.786154612898827 0.1075046360492706 0.0936461016535759 152.861597366631 7.097021073102951 0 0.25862867385149 0 0.2627061605453491 1.613406300544739 0.3844034522771835 5.993566244840622 10.58718768507242 36.13975042849779 74.8084756359458 61.79908365011215 42.6169900894165 1.022631034255028 3.906127363443375 0.389857292175293 113.071046449244 10.94489812105894 5.287810780107975 1.564140595495701 1.202181689441204 3.292613476514816 2.840365514159203 266.3552104234695 12.14307846873999 1.737652033567429 116.6112990751863 122.4326757118106 146.1623642370105 75.47254204750061 27.63410905003548 6.627470687031746 20.7608071193099 1.802501864731312 12.01310323923826 23.61050514876842 0.6226084604859352 4.960293918848038 16.21309499442577 3.552517339587212 1.8310237377882 2.904810599982738 1.276399441063404 0.7292113229632378 0.2606214433908463 2.504050552845001 3.477135039865971 0.3990165740251541 272.8338735923171 26.81499449163675 0.1396625638008118 9.000225998461246 231.5602770075202 4.128560192883015 87.68104097992182 26.10545309633017 103.3814213424921 4.454867079854012 66.40264216810465 100.033624112606 10.0322752892971 161.2208335399628 442.946412011981 3.027275070548058 151.5844393447042 371.9069539755583 127.4101628884673 17.71872451901436 1.30504147708416 1.409117639064789 0 0 0 0 0 0 0 0 0 0 0 0 0 0 0 0 0 1.931639611721039 0.09847500920295715 0 1.225552558898926 0 29.18964796513319 4.064832136034966 6.384476006031036 1.340815886855125 1.866911292076111 0.1797028034925461 0 0 0 1.781239867210388 0 0 0.1056840047240257 0.8292373418807983 0 0 0 2.337848782539368 0 0.09474290907382965 0 0 2.860084772109985 1.606036730110645 26.31307362020016 0.4050583243370056 5.221712857484818 5.28898848593235 0.4034469500184059 0.2703644633293152 0.3939458802342415 0 0 0 0.08640079945325851 0 0 142.5311348885298 0.8705295473337173 0 0 0 2.047142699360847 0 12.12720209360123 2.07715417444706 0.2226711362600327 0.4982966929674149 0.4518842250108719 0 0.1324265003204346 0 0 0 0.5720047503709793 0 0 0 313.2239492163062 15.95616636425257 25.32994649559259 1069.768314830959 16.4140542820096 690.9336921498179 256.3275742530823 676.5995184183121 74.4191512465477 2.421160966157913 45.04402627050877 43.27451138198376 0 4.147459104657173 0.7785965502262115 399.6279268115759 0 0.5696203708648682 0.4564630091190338 36.35176800191402 0.4317432045936584 910.7072090804577 50.42510783672333
196.9648842737079 931.5403921082616 1989.907408684492 17.56487369537354 667.615163564682 8.140249863266945 292.2876998335123 1824.518605493009 1297.099559210241 134.322212100029 1283.368472240865 331.9703940451145 1705.002311564982 4018.798082187772 23.63708411902189 38.79222429543734 0.8856781274080276 0.2150028049945831 0.1233207434415817 0.6260569617152214 5.080801084637642 0.4451853334903717 5.605294741690159 9.860483139753342 3.641778588294983 2.707972005009651 8.219333402812481 1.547915697097778 1.217207849025726 4.932975977659225 492.2088962420821 124.5340806543827 421.5819450765848 1.508447602391243 1.62430477887392 5.242666348814964 179.7253177165985 65.37620747089386 32.05836515128613 5.975260391831398 11.43322639167309 8.994735077023506 0.1217451468110085 6.371651709079742 0.5439201965928078 0.1613403558731079 48.82351297140121 1.386451534926891 0.108758419752121 0.6461918279528618 2.065686650574207 2.558539964258671 0.1567974090576172 3.049591392278671 0.9511957690119743 2.857178881764412 11.72547975927591 39.86654935777187 13.25105199962854 10.46082419157028 0.1371818482875824 118.9596124812961 0.1218528598546982 58.38100741803646 1.915459483861923 1.67229425907135 1.203243933618069 2.707980789244175 4.757454484701157 5.210154868662357 103.3256765305996 0.1173552796244621 0 22.98501761257648 33.8307832852006 61.61124657094479 63.83659687638283 33.34062696248293 49.0541483387351 820.4364969357848 0.6434073820710182 91.28065561503172 4.324128873646259 0.2498084828257561 1.439123649150133 3.522680200636387 1.145566269755363 0.2829782739281654 0.4358548000454903 0.9739666283130646 0.5462943091988564 1.445053040981293 11.82241991907358 15.41075576841831 8.220180220901966 45.0610259398818 3.03746597468853 0 2.047490753233433 48.53526096791029 0 0.5249533802270889 0 0.2988066673278809 0.4690090417861938 3.098384834825993 2.757441207766533 0.9123245775699615 2.97886848449707 9.99076684564352 0.6961145102977753 4.367022722959518 16.55280502140522 7.375628843903542 2.669524423778057 0.1849853470921516 0.128060445189476 0 0 0 0 0 0 0 0 0.1371708959341049 0 0.136831134557724 0 0 0 0.308039665222168 0.4321037828922272 0 0.8804811239242554 0 0 0 0 6.850985459983349 0.9617703258991241 3.688195064663887 4.217782892286777 1.581393241882324 0 0.09679457545280457 0 0.1470369696617126 0 0 0 0 0.2281135618686676 0 0 0 0.71710005402565 0.2263183146715164 0 0 0 0 0 0 0 0.787758082151413 3.429056107997894 0.5282747447490692 0 0 0 0 0 0 0 0 17.24895188212395 0 0 0.08617211133241653 0 0.1402298510074615 0 2.473496094346046 0 0.118289403617382 0.09909898787736893 0.2753708958625793 0 0 0 0.1041421964764595 0 0 0.08205891400575638 0 0 18.46456384658813 4.948482386767864 7.205571249127388 111.5374201536179 4.095462061464787 118.7210506498814 53.55086738616228 37.3969480022788 7.031127080321312 0.0964236706495285 7.963483244180679 4.028251677751541 0 0.5427787527441978 0.8858282268047333 5.114150524139404 0.2691725939512253 0 0 8.473055511713028 0.1936499625444412 25.21093792468309 3.167136013507843
10.94397029280663 93.37247072160244 61.53272025287151 102.6383946985006 30.38139922171831 142.2381085157394 144.5779726058245 6.887635372579098 46.97599939256907 1835.820983059704 331.9703940451145 125.7575042843819 1206.492954462767 380.8073249980807 19.96625272929668 26.4502625092864 0.8774607554078102 0 0 0 1.215916305780411 2.003549247980118 0.2275789454579353 0.6381581723690033 0.682007759809494 0.1869682967662811 0.890523687005043 2.010062351822853 0.3326348662376404 0.84090656042099 16.80357179045677 19.6134997010231 96.097690731287 0 0.1152634769678116 0.2103783190250397 500.9862007722259 63.86469957977533 75.23503694683313 1.596354119479656 1.224332273006439 1.956066191196442 0 2.882176287472248 0.1813276559114456 0 32.0893415287137 0.1312673687934875 0.2024736255407333 0 0.2525147870182991 1.832109585404396 4.283713787794113 5.076392561197281 0 0.735685721039772 7.128693960607052 3.507679373025894 1.910634912550449 4.598908647894859 0.0958632305264473 10.29083177819848 0 16.69807782024145 0.4929757565259933 0.2521201372146606 0.1133932620286942 0 1.038352817296982 0.8562338873744011 1020.399067945778 2.54983152449131 0 4.542438432574272 10.35416129231453 32.82552439719439 40.53483438491821 19.8352278470993 0.6341664344072342 42.72845655679703 1.274143911898136 4.235672019422054 1.449125081300735 0 0.3115348815917969 0.9423882365226746 0.2712376192212105 0 0.2876372113823891 1.051989801228046 0.07987102866172791 2.874244779348373 2.049397885799408 3.485844358801842 3.534116804599762 768.2310164570808 38.539640173316 0.1468824297189713 17.39352986961603 37.98988645523787 0.8281755596399307 44.71265382319689 6.450523018836975 48.97545650601387 4.04397501796484 24.9669179841876 72.47733863443136 6.985730722546577 104.8603897020221 296.2192623019218 5.081871747970581 137.9893285036087 280.5784795805812 101.6650696098804 30.23288167268038 2.112324170768261 1.95871514081955 0 0 0 0 0.1347777843475342 0 0 0 0 0 0.6189184337854385 0 0 0 0.3760692253708839 0 0 3.455135755240917 0.6137037426233292 0 2.172503352165222 0 50.95485769212246 4.501517042517662 18.32739220559597 17.20106058567762 3.363351739943027 0.4449540674686432 0 0 0.2603140771389008 0.4533421620726585 0.3916892558336258 0 0.179967500269413 1.798638500273228 0 0.09207131713628769 0 4.722324073314667 0 0 0.2679893374443054 0.1372478455305099 0.1105225309729576 0.616878055036068 12.07396391034126 0 0.6866641342639923 12.56921492516994 0.7323846891522408 0.305765874683857 0.1815028786659241 0 0 0 0 0 0 172.7193948403001 2.850657045841217 0 0 0 3.02923422306776 0.572686955332756 22.39981761574745 1.90728310495615 2.17680187523365 1.863554552197456 1.667570658028126 0.8793656677007675 0 0 0 0 0 0 0 0 287.0557814985514 24.59985666722059 41.11435161530972 226.125143751502 1.854734539985657 87.815838560462 54.51342851668596 136.5691061764956 9.635968908667564 0 8.509788990020752 26.54790487140417 0 11.69122684746981 1.932888090610504 163.5845700874925 1.605379544198513 0 0.3532615005970001 9.912796773016453 0.2901562452316284 635.8660399988294 43.64663568139076
31.1484365016222 861.1608795896173 242.1114694029093 360.9890285432339 592.1656968146563 63.23076884448528 3571.833654373884 45.15274039655924 591.8491381928325 7675.9744566679 1705.002311564982 1206.492954462767 3008.776274874806 4060.875856779516 44.1259989887476 52.33043407648802 1.378949008882046 0.5114840641617775 0.08972723782062531 0.8200594261288643 2.72474467754364 0.2958090007305145 2.423091359436512 4.084123261272907 3.525720365345478 1.667990282177925 2.414566427469254 0.2486876919865608 0.7819163203239441 0.9981669634580612 80.7381292283535 73.61356020718813 391.0505405962467 0.5391988307237625 0.2483338937163353 1.665206849575043 792.1370485052466 175.405622959137 75.07326186448336 16.3018714338541 4.771952114999294 3.905008770525455 0.08188310265541077 8.826165057718754 0.3331815674901009 0.0655953660607338 82.95410217344761 2.058637984097004 0.1853707879781723 0.3048466145992279 0.4838973507285118 1.917895317077637 1.87514154613018 4.09322714805603 1.305975794792175 2.101504877209663 7.335825152695179 15.39127531647682 11.98972591012716 14.06114830821753 0.1614593267440796 21.43696247041225 0.4972896128892899 59.87135133892298 2.770698361098766 1.320672318339348 0.7698635831475258 0.8923144116997719 2.930654153227806 2.299704268574715 541.7733637318015 2.328965976834297 1.034324519336224 22.47897762805223 30.14162647724152 89.55093964189291 85.7464352697134 44.96036905795336 5.286235056817532 176.6304385662079 0.3390010073781013 10.24720784276724 6.547201715409756 0.1546669453382492 1.071058116853237 4.893790878355503 1.047968603670597 0 0.8437141999602318 0 0.09018103033304214 1.10554912686348 7.925071746110916 6.332357510924339 3.080881513655186 763.2888648435473 23.00520673394203 0 10.97442349791527 27.13965643197298 1.985504858195782 34.27828438580036 7.627785012125969 33.73716306686401 3.32655867934227 26.08215849846601 50.06398089230061 4.854872688651085 123.2988502085209 260.7271762415767 2.495387449860573 144.6022834777832 269.4128229394555 111.4251634180546 20.17099911719561 1.162502832710743 2.665209971368313 0 0.2962828502058983 0 0 0 0 0 0 0.5618700236082077 0 1.0103440284729 0 0 0 1.998589843511581 0 0 3.588895685970783 1.200700893998146 0 0 0 53.04917734116316 4.403266295790672 16.08283457905054 14.56187535822392 1.428722329437733 0.6844793558120728 0 0 0.446966290473938 0.3166256174445152 0 0 0.240243948996067 1.507204487919807 0 0 0.1194044873118401 1.491199180483818 0.1235196143388748 0 0 0 0.5992523729801178 1.080870121717453 7.560621969401836 0 1.586816728115082 13.13484231382608 3.068681009113789 0 0.4368973076343536 0 0 0.2308545857667923 0 0.1051657572388649 0 170.4484751820564 1.744514554738998 0.2212821021676064 0 0.1510283648967743 6.108472548425198 0.3159184679389 17.52240267395973 1.226575903594494 0.4270054027438164 1.451411612331867 2.213710650801659 0.8451215550303459 0.1879536509513855 0 0 0 0 0 0 0 290.9675456210971 27.89358001947403 40.61610808223486 279.5782252624631 4.515588864684105 216.8505621701479 106.2299995869398 109.1586453318596 24.69256383180618 2.465619184076786 16.99897589534521 33.33956791460514 0.2762908935546875 6.440208747982979 3.334996737539768 128.5865270644426 2.422206602990627 0 0.5600366070866585 22.88366744667292 0.2381033450365067 332.1740239933133 31.09762354940176
110.816952213645 1820.931199014187 1750.587917678058 92.7273173481226 1714.586676284671 20.74919962882996 4351.071710579097 947.7181825190783 1241.865302547812 609.0878831446171 4018.798082187772 380.8073249980807 4060.875856779516 706.047445833683 42.60008077323437 54.27848635613918 0.5999725908041 0.216066300868988 0.1464389562606812 1.381665006279945 6.242281511425972 0.1923122704029083 5.639827571809292 7.918249115347862 6.195383690297604 2.805312164127827 2.916120357811451 2.427365720272064 2.151893727481365 2.372930824756622 332.7479385137558 192.7755820155144 715.4239358454943 2.962031088769436 1.968801446259022 4.358863048255444 1428.602290935814 225.759146399796 60.33502815663815 11.79983528703451 10.14463472366333 4.314786799252033 0.1914283633232117 10.9956923276186 0.774989902973175 0.2413337454199791 103.8938353434205 3.298947565257549 0.1113162934780121 0.8898650482296944 1.34677343070507 2.421345315873623 0.9128537774085999 3.465356960892677 1.964349694550037 5.137819670140743 13.70017115026712 52.20642062276602 28.20804485678673 28.62395475804806 1.013557583093643 100.1068080440164 0.2682442143559456 125.1132098659873 4.327462613582611 4.331659935414791 2.671471498906612 1.815367743372917 5.915129505097866 7.191970504820347 321.8163572475314 1.053076982498169 0.2122372090816498 50.40964698791504 68.36992988735437 140.1144681572914 117.3503658920527 52.02301101386547 23.64974084496498 166.5411381945014 1.022737197577953 70.896833114326 10.72851420938969 0.2826325669884682 3.083150416612625 7.635183606296778 2.006948255002499 1.044474057853222 1.724079005420208 0 0.9057374522089958 0.974479615688324 12.83892077952623 7.189014218747616 3.393965743482113 194.6880915164948 9.944609344005585 0 5.271289065480232 36.07704054564238 1.767327100038528 14.71801456809044 4.106476008892059 11.60408486425877 1.123813405632973 11.81216064840555 17.23505820333958 1.264957904815674 35.67320615798235 99.7695137783885 2.765427902340889 51.67365857213736 131.3914977312088 55.44004009664059 11.11113283783197 0.9346010088920593 0.5053151398897171 0 0.2720492854714394 0 0 0 0 0 0 0.5908966064453125 0 0.48611830919981 0 0 0.1165839210152626 0 0 0 1.678889282047749 0 0 0.2052448987960815 0.6039158701896667 24.67385149747133 4.684119135141373 6.378618910908699 6.867872133851051 1.041431553661823 0 0 0 0.1245198249816895 0.2625461891293526 0 0 0 1.018523037433624 0 0.134913831949234 0.3273723125457764 0.5876535847783089 0.3017027005553246 0 0 0 0.2070049345493317 0.2397853881120682 4.94608598947525 0.2732440531253815 1.100433766841888 6.836476042866707 0.9518895447254181 0 0.09273865818977356 0.08555749803781509 0 0 0 0 0.467770516872406 81.51921966671944 1.335861295461655 0 0.101610392332077 0.1273400485515594 0.9576435163617134 0.5299991965293884 8.337847121059895 0 0.3803898617625237 2.481206491589546 0.1547519415616989 1.182097636163235 0 0 0 0 0 0 0 0 122.9398644119501 17.68747729808092 23.89021831005812 283.3031009361148 7.050789900124073 322.8749017417431 122.9058895632625 76.30385170131922 35.42841846495867 0.09784848242998123 25.60667552798986 8.394791834056377 0.09500432759523392 2.312364622950554 1.741550922393799 41.07592011988163 1.121673658490181 0 0.4690538644790649 23.09471489489079 3.873185478150845 109.4742373079062 13.36981564760208
