263.2327121719718 1826.548114784062 750.647676743567 480.7971969470382 20.85540787130594 111.8620543926954 41.24206748604774 184.8036977574229 4.269011616706848 206.8512585088611 95.80081019550562 36.82167566567659 37.09147326648235 59.85853639245033 0.8414785787463188 3.392447233200073 0.2184651494026184 0.2105916142463684 0 0 0.2750585228204727 0 0 0.3373025059700012 0 0 0 0 0 0.08493433147668839 339.2539651021361 22.95299073308706 7.028021201491356 0.09850084036588669 0 0.1590604335069656 2.580627933144569 0.6274176836013794 0.6198600009083748 0 0 0 0.675236351788044 0.5335123464465141 0 0.208004891872406 13.26637724786997 6.078911326825619 0.1850367113947868 0.1201528906822205 0.7178554534912109 0.09511199593544006 0 0.08123364299535751 6.488033808767796 3.33245687186718 219.3640034720302 764.8422362431884 18.11822865903378 17.08071936666965 0.6967605277895927 0.2222668305039406 0.1077944114804268 12.54898934066296 8.518234767019749 4.602275811135769 2.761825740337372 4.021980777382851 0.5692280307412148 0 14.13466439396143 1.445339262485504 0 223.2224921360612 17.94939357042313 17.43079992383718 2.326319858431816 2.405434295535088 0.4898846074938774 10.5584652274847 0.2460642606019974 1.107449911534786 8.122852966189384 0 2.515916436910629 2.784122094511986 1.422724261879921 0 1.095231547951698 0.1532412618398666 0.4056498482823372 0 1.47555273026228 0.1832452416419983 0.4102039635181427 81.04237438738346 12.08216689527035 0.7919499278068542 0.6972903907299042 1297.760339722037 0.6955220103263855 46.6145850494504 4.339216142892838 33.28880445659161 1.863457232713699 1.759710937738419 37.98201248049736 0 6.95420353859663 66.18791165947914 0.9714767336845398 1.698302119970322 20.27793499827385 6.730156973004341 3.545324131846428 0 0 0 0 0 0 0 0 0 0 0 0 0.5689703375101089 0 0 0 0 0 0 1.246433116495609 2.748464703559875 0 0 0 1.913857832551003 0 4.502282693982124 0.1399826258420944 0 0 0 0.4491903185844421 0 0 0 0 0 1.146751046180725 0 0 0 0 0 0 0 0 0.5995303988456726 0 7.714163884520531 0.5172795653343201 0 7.597658962011337 0 0 0 0 0 0 0 0 0 8.54606531560421 0.8490440994501114 0 0 0 0.8308976292610168 0 0 0.1609615683555603 0 0 0 0 0 0 0 0.1676946878433228 0 0.31524658203125 0.08884582668542862 0 12.59516772627831 1.863146752119064 0.6294613927602768 265.4540183693171 2.314321279525757 119.8110722154379 11.46532686799765 1310.519406169653 2.988318234682083 4.584503404796124 3.027877435088158 115.8949974402785 0 1.861113056540489 0.2350775972008705 146.4802651107311 0.3175283297896385 0 0 0.132812425494194 0.3987756669521332 427.005574978888 44.19094970822334
1826.548114784062 3323.910108238459 1616.416940122843 1910.043223135173 2061.29937915504 38.85732345283031 3445.045561097562 1047.970293469727 2168.311426267028 2463.344297140837 1406.086670912802 745.4647956266999 1520.824566945434 1807.056938894093 63.64216391742229 31.78605885803699 1.243539571762085 0.5260479524731636 0 0.1842069178819656 1.098742634057999 0.1567960232496262 0 0.2330243140459061 0.3229232728481293 1.141537144780159 0 0 0.1143620312213898 0.1105179786682129 1765.753881588578 61.6666599214077 67.66998604685068 0 0 1.908421233296394 26.12454834580421 2.606950178742409 1.0663987621665 0.4220449775457382 0 0.1966994181275368 0.9870378524065018 3.577435031533241 0.4763078242540359 2.187373526394367 252.8415487185121 28.94545108824968 3.371324814856052 0.8022995516657829 3.406279444694519 0.3975105956196785 0.1149453669786453 0.2798769176006317 20.64733358472586 15.21840239316225 121.695161961019 909.7158606797457 17.13782557845116 174.4182844534516 2.3553551658988 2.928693234920502 0.8016890585422516 139.8191163018346 27.93753422051668 17.71675614267588 8.416455194354057 15.03177166730165 3.016593798995018 1.576033905148506 44.84271328896284 1.526193343102932 0.09957079589366913 702.5830422267318 179.7316514328122 345.8167627230287 45.42970805615187 25.95189426839352 1.285393282771111 23.11098779737949 1.119075909256935 4.944411627948284 33.82859916985035 0 10.11216837912798 9.783113867044449 8.582280315458775 0.09746067225933075 5.167825929820538 0.0956256315112114 2.069195926189423 0.5921721830964088 2.581780858337879 1.522141836583614 1.060598909854889 31.4431044459343 2.736218370497227 0 2.916021473705769 597.96671256423 0.5878532975912094 10.53660023957491 2.413141742348671 10.25790213793516 3.273884773254395 2.253407865762711 15.80698738992214 0.4052955210208893 2.939196079969406 27.81488797068596 1.668096601963043 3.198880083858967 11.22014576196671 8.314439117908478 3.430101126432419 0 0 0 0 0 0 0 0 0 0 0 0 0 0 0 0 0.2264473438262939 0 0 0 1.636306799948215 0 0.1493199616670609 0 7.262960948050022 2.230454698204994 5.125719428062439 1.882372125983238 0.6727172136306763 0 0 0 0 0 0.1169508770108223 0 0 0.3275061845779419 0 0 0 0.3562950193881989 0.248678632080555 0 0 0 0.3327457308769226 0.2124767750501633 2.494059681892395 0 0 3.676087006926537 0.2715269029140472 0 0 0 0.08545437455177307 0 0.08415569365024567 0 0 18.0877116471529 0.8283917233347893 0.203073650598526 0 0.09201560169458389 0.3496271520853043 0 0 0.0965457409620285 0 0.3081367909908295 0 0 0 0 0 0 0.4837998449802399 0.1782808527350426 0 0 12.93572434782982 5.995721645653248 10.64762808382511 492.1001028120518 19.75475469231606 989.1435766592622 83.51764708757401 731.2761786058545 62.07009135186672 5.96741096675396 42.90523575246334 28.90451959520578 0 3.171546779572964 2.064790815114975 21.09608748555183 0.9059684947133064 0.5480520725250244 0 7.125639513134956 0.2298151254653931 225.8236731216311 17.92622821033001
750.647676743567 1616.416940122843 1321.134115219116 290.9824749678373 581.7402342781425 8.710125789046288 115.3856526017189 4108.21719224751 668.9343645572662 234.5048543810844 1773.743699796498 332.3264259174466 861.6211172640324 1726.144155822694 16.65818582475185 15.58006117492914 1.227047301828861 0.5237781032919884 0 1.029085963964462 4.77914871275425 0.4608469605445862 0.1308344304561615 0 0.3384138941764832 0.3332996815443039 0 0 0 0.08739369362592697 4483.710721239448 518.1638715714216 76.2194851487875 0 0.3781130611896515 0.4227617084980011 23.42470902204514 0.7813494056463242 3.160795174539089 0.8223246559500694 1.064694181084633 0.1679263710975647 3.25528209656477 2.015053763985634 0.1181902289390564 0.9520043507218361 24.58560346066952 2.372232176363468 0.5074844360351562 2.265154257416725 1.204762332141399 0.3441949188709259 1.165329188108444 1.231891825795174 0.8945427387952805 0.8439004719257355 16.44394312053919 201.402923591435 1.575884833931923 12.96060879528522 4.129180856049061 2.526491336524487 0.9713488221168518 464.3822689056396 1.288816630840302 1.27353210747242 0.8016596660017967 2.533427760004997 6.81741164624691 9.930291391909122 32.93872909247875 0.9894115030765533 0 53.29522172361612 23.81747887283564 34.3652553036809 13.81658362597227 11.89404860883951 8.038684658706188 123.366866081953 1.942521080374718 29.94941312819719 1.60541258007288 0 0.4974979162216187 0.6497815549373627 2.661165207624435 0 0.1950496584177017 0 0.1502626538276672 0 12.98768159747124 1.895038284361362 0.9350345581769943 6.895566582679749 0.3347138464450836 0 3.091744065284729 196.1703415215015 0 0.8397410213947296 0.2945226430892944 0.2850058972835541 1.087836265563965 1.54926010966301 0 0 0.2891994416713715 2.354062899947166 0.7280938327312469 1.536879539489746 1.800544247031212 1.328624315559864 2.836993589997292 0 0 0 0 0 0 0 0.1476224958896637 0 0 0 0 0.6495428681373596 0 0 0 0 0 0 0 2.401222407817841 0 0 0 2.520931221544743 0.7283129543066025 4.104791663587093 2.224985502660275 0.1121380031108856 0 0 0 0 0 0 0 0 0 0 0 0.105758510529995 0.2264734506607056 0 0 0 0 0 0 0 0 0.5395824313163757 3.908451095223427 0 0 0 0 0 0 0 0 0 6.100200049579144 0 0 0 0 0 0 0 0 0 0 0 0 0 0 0.3817395865917206 0 0 0.1107455566525459 0 0 7.954332947731018 5.614382036030293 7.351869679987431 79.8903598561883 2.549713388085365 85.01874220371246 15.88196799904108 51.73520669341087 5.378586277365685 0.4032734557986259 3.874337047338486 6.317883238196373 0 0 0 4.666484177112579 0.1207855492830276 0 0 2.46135950833559 0 22.40167125314474 5.472478687763214
480.7971969470382 1910.043223135173 290.9824749678373 794.3642417490482 101.5526894107461 222.861070945859 378.9188244268298 4.577858425676823 22.40979240834713 2353.094114325941 90.22779360413551 2383.634915225208 634.5121245384216 73.72476620972157 3.36386825889349 0.5389437153935432 0.1215237528085709 0.07894691824913025 0 0.1122178956866264 0 0 0.1239401623606682 0.1008992940187454 0 0 0 0 0 0 86.76248686015606 1.163998372852802 0.5751775801181793 0 0.2080575004220009 0.133348748087883 2.139785885810852 0.9645217955112457 0 0.3301328122615814 0 0.100431889295578 0.3006312772631645 0.5038930028676987 0 0.1057311445474625 36.03301627188921 8.19472349435091 0.1111797019839287 0.1993724033236504 0.7051793560385704 0.09328953921794891 0 0 6.430172890424728 5.77700811624527 67.81793499737978 367.0781764537096 6.687635034322739 37.43907449394464 0.2805130928754807 0.2549966275691986 0 13.12721152603626 11.15061040967703 5.08954519033432 2.82144433259964 3.960844822227955 0.3920311480760574 0.1966879367828369 7.24086270481348 0.3916790783405304 0 229.459431104362 37.72859628498554 48.71985513716936 2.872415669262409 2.21321277320385 0 1.525726154446602 0.3117232620716095 0.38236004114151 10.96070792526007 0 2.372081018984318 2.629704028367996 1.646238014101982 0 1.594366326928139 0.8343641459941864 0.8508534878492355 0 0.2062849700450897 0 0 145.4182980060577 8.170216858386993 0 0 690.1120970547199 0.3701615631580353 40.57424034178257 8.680785298347473 50.50964748859406 0 0.6165480613708496 50.34691092371941 0.4828027784824371 9.68999844789505 91.34179043769836 0.9796749353408813 8.408795773983002 31.2162281870842 6.203098744153976 1.001526847481728 0 0 0 0 0 0 0 0 0 0 0 0 0 0 0 0 0 0 0 1.782259374856949 0 0 0 0 1.524330586194992 0 3.100434303283691 0 0 0 0 0 0 0 0 0 0.1323531717061996 0 0 0 0 0 0 0 0 0 0.3310555815696716 0 8.530928760766983 0 0 0.8095097243785858 0 0 0.1123771741986275 0 0 0 0 0 0 15.64788125455379 0.4163435101509094 0 0 0.2085415571928024 0 0 0 0 0.369072288274765 0 0 0 0 0 0.1260939240455627 0.1610566377639771 0 0 0.1217226833105087 0 21.49822598695755 1.118710860610008 1.9170932918787 168.0063936412334 2.996834501624107 195.2181749343872 13.04983568936586 1108.174192987382 6.846373006701469 1.821652017533779 7.359478302299976 113.5554422587156 0.225045919418335 1.393324315547943 0.8313181176781654 138.3850594162941 0.2645632922649384 0.1904978603124619 0.7308251783251762 1.550314903259277 0 481.5398965030909 74.81753885746002
20.85540787130594 2061.29937915504 581.7402342781425 101.5526894107461 7836.154515191913 5.979750365018845 3451.411432616413 387.7103353813291 6044.353526137769 638.9364466071129 1291.223639599979 154.3795194998384 2388.463437221944 3355.610183961689 34.85575255006552 28.26502600312233 0.371159628033638 0 0 0 0 0 0 0 0.1255306601524353 0 0 0 0 0 70.67055962979794 9.686289727687836 14.38021793216467 0 0.3206843882799149 0 7.466474667191505 0.7065700814127922 0.4191011786460876 0.2712069153785706 0 0.2502852007746696 0.2065951973199844 2.381223678588867 0.09085617959499359 0.1762057691812515 57.1722200140357 1.734618723392487 0.9603987410664558 0 0.1994854509830475 0 0 0.1093742474913597 1.434988781809807 0.708570621907711 5.224525794386864 42.1857261583209 1.794251091778278 17.27498117089272 0.4347591176629066 1.60692922025919 0.1952112019062042 27.66944235563278 2.136237822473049 0.7589928507804871 0.6830177158117294 1.502859055995941 0.6056816205382347 0.2171900346875191 33.60938332229853 3.524133533239365 0 47.34058468788862 20.75766652077436 67.4583797082305 25.98552726954222 19.89009181410074 0.253642775118351 4.50226154923439 0.4463997185230255 1.636683754622936 1.362819649279118 0 0.5319595709443092 0.8393742069602013 0.4136727452278137 0.194356881082058 0.7701258361339569 0 0.2630856856703758 0 0.9633106738328934 0.1265276521444321 0.2127369195222855 24.6575793325901 1.942570522427559 0 6.032381504774094 11.77480369061232 0.9679985642433167 3.140301063656807 1.202329680323601 1.310687482357025 0.1489737629890442 0.722355842590332 4.024678111076355 0.4429437816143036 1.580518692731857 26.1729044392705 1.792528867721558 3.167359381914139 18.97459258139133 11.57149516791105 8.831539556384087 0 0 0 0 0 0 0 0 0 0 0 0 0.4561651945114136 0 0 0.3435632586479187 0 0 0 0.1509755551815033 5.726395860314369 0 0 0 9.837385021150112 1.740073174238205 11.62478194385767 3.903893336653709 1.340028502047062 0 0 0 0 0 0 0 0.4464392960071564 0.3349575102329254 0 0 0 0.3531444668769836 0.3953783214092255 0 0 0 0 1.085370644927025 1.180875241756439 0 0 9.265773743391037 0 0 0 0 0 0 0 0 0 25.24378119409084 0.5838320925831795 0 0.2927122414112091 0.4122561886906624 1.402064189314842 0 0.5274295210838318 0.8852826654911041 0.167291596531868 0 0 0 0 0 0 0 0 0 0.1581370234489441 0 19.11937461048365 8.068980664014816 16.43327707797289 197.2605064809322 2.518060430884361 170.6394102424383 23.36588781327009 29.77652184665203 16.9660210236907 0.2198850363492966 11.74392040073872 25.48923148959875 0.2629930973052979 1.299370467662811 0.6283067241311073 10.28211276233196 0.2424947917461395 0 0.5948752164840698 3.048671290278435 1.002305865287781 37.08954396098852 18.4891894608736
111.8620543926954 38.85732345283031 8.710125789046288 222.861070945859 5.979750365018845 15.56626227498055 36.11466377973557 0.8077415227890015 4.131338104605675 626.9157266765833 4.33316370844841 111.9053002595901 89.09347561001778 13.59692667424679 0 0.7052699029445648 0 0 0 0 0.135658010840416 0.4020338505506516 0 0 0 0 0 0 0 0 16.22144269943237 0.1879680454730988 8.044175252318382 0 0 0 17.47415775060654 1.037315651774406 3.079836346209049 0.2752906084060669 0 0 0 0 0 0 0.1661620587110519 0.1185168921947479 0 0.1162686198949814 0.1256083697080612 5.439301677048206 0.592153400182724 0 0 0.4054251611232758 111.1124974265695 12.23904752731323 0.3593123853206635 0.2139840871095657 0 0 0 0 0 0 0 0 0 0 214.9696981906891 80.39473561942577 11.65504328161478 2.16999389231205 0 0 0 0.422824889421463 0 1.470387250185013 0 0.2063251137733459 0 1.027132570743561 0 0.8966673985123634 0.1011632308363914 3.047334626317024 4.012330196797848 10.70851902663708 2.342866323888302 5.692432940006256 0 0 1.862292386591434 380.5448870360851 101.6219347864389 11.60832864046097 14.97600811719894 423.3668442666531 0 26.46484951674938 3.187791854143143 18.17139595746994 1.15492507815361 0 29.0649054646492 0 4.542803198099136 81.37771762907505 0.9875799417495728 9.111411064863205 13.7536843419075 7.455427959561348 0 0 0 0 0 0 0 0 0.1599791496992111 0 0 0 0 0 0 0 0 0 0 0 0 1.736767470836639 0 0.1370523422956467 0 0.3827483206987381 0 1.665540106594563 0.284690797328949 0 0 0 0 0 0 0 0 0 0 0 0 0 0.116877019405365 0 0 0 0 0 0.2037599235773087 2.468110948801041 0 0 0.4854355007410049 0 0 0 0 0 0 0 0 0 6.873828336596489 0.4888730347156525 0.1908192187547684 0 0 0.6980180144309998 0 0 0 0 0 0 0 0 0.2173074185848236 0 0 0 0 0.2722002491354942 0 10.19843083620071 0.4855719804763794 0.3333591669797897 32.69160258769989 0 2.087141938507557 0.2056449800729752 226.6049047708511 0.4816055074334145 0 0.1591270864009857 32.28657429665327 0 0 0 64.94865483045578 0 0 0 0 0 134.6017926707864 97.98456197977066
41.24206748604774 3445.045561097562 115.3856526017189 378.9188244268298 3451.411432616413 36.11466377973557 616.5846627503633 38.54201060533524 1370.597748145461 1941.594501815736 103.9729245603085 639.3695098906755 3216.46648862958 2740.255690351129 38.95797193050385 32.78212147951126 0.9884408488869667 0.3930820748209953 0 0.1056457534432411 0.661399707198143 0.3369145393371582 0 0.4165236055850983 0 0.1412012577056885 0 0 0 0 86.69367624074221 11.24084208160639 12.60411936044693 0 0.09462070465087891 0.1041641160845757 14.3608888015151 0.8520749062299728 2.908391728997231 0.6333568394184113 0.1063879430294037 0.2564360275864601 0.3079554289579391 3.641409628093243 0.1950724795460701 1.068709760904312 108.7517803683877 4.736049793660641 1.772838070988655 0.3793801888823509 0.7736324444413185 0 0.1956246942281723 0 3.282888159155846 1.278252623975277 14.85636633634567 115.8025780394673 3.333198681473732 50.65160650014877 0.922041043639183 0.765246145427227 0.2853986397385597 33.49503380805254 5.985698863863945 3.104835264384747 2.179496824741364 3.042012050747871 0.7208650931715965 0.7925796955823898 46.08583621680737 5.029418431222439 0 135.2378967925906 43.44641570001841 121.9822301790118 33.27188029140234 17.08498055487871 0.3972676992416382 8.034713983535767 0.8381783068180084 2.290322095155716 5.869355775415897 0.1115003824234009 1.966879621148109 2.068471871316433 1.572005897760391 0.106603778898716 0.5516465306282043 0 0.3735716342926025 0.1102382987737656 1.309393607079983 0.1364883333444595 0.4362599551677704 83.18896077573299 4.197731167078018 0 1.92828956246376 27.58658829331398 5.504568941891193 12.07621326297522 106.4602359682322 84.24115654081106 13.12100097537041 52.69482709467411 11.92696467041969 10.59901088476181 164.3515611737967 83.5963429659605 6.279695980250835 59.14224627614021 62.24962295591831 29.79546514153481 13.18735461682081 0 0 0 0 0 0 0 0 0 0 0.1046992242336273 0 0.3353490978479385 0 0 0.1293601244688034 0 0.2785713076591492 0 5.730195999145508 9.55662314593792 0 0 0 18.46408644318581 2.019240103662014 12.31865514814854 5.585643388330936 0.778369203209877 0 0 0 0 0 0.2695401310920715 0 0.9574890360236168 2.131698593497276 0 0 0 0 0 0.240063302218914 1.022578857839108 0.1566701084375381 1.748162269592285 0.9491405934095383 1.276286438107491 0 0 13.77672412991524 1.632954776287079 0.372899979352951 0.7322178557515144 0 0 0 0 0 0 50.62877935171127 0.6119111031293869 0.4035833179950714 0.1752393245697021 0.3619602024555206 3.775981426239014 0 1.075824916362762 2.432845190167427 1.314274199306965 2.183634519577026 1.252731740474701 0.1236507073044777 0.1053098663687706 0 0 0.3172501027584076 0.09221576899290085 0.1496544480323792 0 0 36.47246111184359 19.6645161435008 21.416544534266 329.2212887704372 7.016102306544781 360.8161398544908 44.3618598356843 121.8270920217037 31.71827578544617 3.838536567986012 18.35004977881908 53.49336087703705 0 10.34273457527161 1.101452693343163 33.30247540026903 0.5585245937108994 0.2651927694678307 0.5482454150915146 4.065823778510094 0.8153918385505676 113.6621418297291 50.84935132414103
184.8036977574229 1047.970293469727 4108.21719224751 4.577858425676823 387.7103353813291 0.8077415227890015 38.54201060533524 948.6102397814393 217.5864927247167 26.05924980342388 4114.174530357122 182.0380163490772 768.384086869657 2386.423279091716 95.07740829139948 100.9532979652286 4.21900263428688 3.335516504943371 0.3353013098239899 8.320121608674526 33.8741554915905 5.13499042391777 3.708166047930717 2.566352806985378 12.82017820328474 0.7408335506916046 0.1357884705066681 2.770418561995029 0.9400823712348938 0 1279.78660248965 3502.380955137312 52.96287643909454 1.358230113983154 3.245202377438545 20.09162025153637 25.37157558649778 17.48784526437521 5.26555023342371 4.994187399744987 12.30116385221481 11.03778722137213 17.80884002894163 22.35063518583775 1.404178805649281 6.739109598100185 109.0055658817291 5.374653406441212 4.728403650224209 7.853688031435013 6.81594318151474 2.510713934898376 3.71726481616497 8.093086943030357 2.125778488814831 2.15292552113533 24.20650147646666 267.8219142109156 3.175392426550388 36.60417007654905 41.99556873738766 20.17112789303064 13.11956912279129 451.3842679187655 4.663396380841732 3.132148250937462 2.290170706808567 11.86462447047234 41.64944096654654 68.05544900149107 16.20782647281885 1.975390687584877 0 127.8089871704578 84.19908325374126 150.3456933200359 146.2772208675742 189.9992253705859 530.0411811172962 1077.629841014743 61.37615856528282 425.4735215604305 5.430100664496422 0 1.390536390244961 1.671737939119339 9.673627145588398 0 1.238692417740822 0.1010675132274628 2.037313967943192 0.08546175807714462 109.285457149148 15.79358033835888 5.079571396112442 2.662564694881439 1.022286668419838 0 1.262532420456409 77.82037892192602 0 0 0.6221404075622559 0 0 0 0 0.5344696044921875 0 0.6490797847509384 0 1.569437354803085 0.3917065411806107 0.7727267295122147 0.88283671438694 0 0 0 0 0 0 0.1354395151138306 0.1326194852590561 0 0 0.1820724159479141 0 0.8979181498289108 0 0 0.2451285868883133 0 0 0 0.18165223300457 0.3443997502326965 0 0.3114277422428131 0.1139784082770348 3.335978426039219 0.1159887611865997 1.443925648927689 1.659526020288467 0.1101256981492043 0 0 0 0 0 0.1167045682668686 0 0.2211720198392868 0 0 0 0.1672269254922867 0.1488976180553436 0.2576335221529007 0 0 0 0 0 0 0.2165452241897583 0 1.924861334264278 0.3294220864772797 0 0 0 0 0 0 0 0.2192331403493881 3.223551079630852 0.392815887928009 0 0 0.7380895838141441 0 0 0 0 0 0 0.1362651586532593 0 0 0 0 0.2714976519346237 0.1063225120306015 0.2382720932364464 0.126838430762291 0 0.3009024411439896 5.748872697353363 3.366343066096306 305.2909722179174 9.449081778526306 288.65071310848 50.54282093048096 51.72416505217552 23.77812146395445 1.108140140771866 15.11174950748682 2.499455913901329 0.3899668455123901 0.763201504945755 0.222759336233139 1.113517343997955 0 0 0 10.1678496748209 0 20.5369879975915 3.357126668095589
4.269011616706848 2168.311426267028 668.9343645572662 22.40979240834713 6044.353526137769 4.131338104605675 1370.597748145461 217.5864927247167 581.792241692543 222.0930670872331 880.9689081981778 72.30528423935175 1374.758709833026 1519.254568099976 12.62561062723398 13.79079222679138 0.09519939124584198 0 0.1544912904500961 0 0 0 0 0 0 0 0 0 0.1187779456377029 0 16.5111788213253 2.519136287271976 6.85430296510458 0 0 0 4.417698971927166 0.1151793301105499 1.772438161075115 1.026440322399139 0 0 0 1.893538139760494 0.1376940011978149 0.1275580674409866 17.27779408544302 0.8932816237211227 0.1699682772159576 0.1260111778974533 0 0 0 0 0.3148704469203949 0.3026245757937431 1.554316431283951 12.502306163311 0.1834423840045929 4.713009417057037 0 0.673140749335289 0.1027742847800255 7.527148880064487 0.4671121761202812 0.455209769308567 0.1680023446679115 0.3186315596103668 0 0.1243136525154114 13.70620506256819 0.854761615395546 0 12.57410558313131 6.943298146128654 20.86924993246794 11.6006964892149 7.820289596915245 0.1556264013051987 2.880494065582752 0 0.7776706516742706 0.7244816645979881 0 0.2501698434352875 0.1663261577486992 0.07575329393148422 0 0.1584461778402328 0 0 0 0 0 0 12.96998153626919 1.771782577037811 0 2.059710249304771 3.891247607767582 0 1.641565337777138 0.5287321358919144 0.9717178791761398 0 2.781443536281586 2.335966154932976 0 1.62139105796814 14.1098447740078 0 2.667966082692146 9.486265301704407 3.432422816753387 3.197758331894875 0 0 0.3876089751720428 0 0 0 0 0 0 0 0 0 0.5007962137460709 0 0 0 0 0 0 0.3982850313186646 1.535886712372303 0 0 0 4.162825092673302 0.5600609332323074 2.829155370593071 2.304681524634361 0 0 0 0 0 0 0 0 0 0 0 0 0 0.1380254626274109 0 0 0 0 0 0 0.4198663234710693 0 0 5.932379767298698 1.042745664715767 0 0 0 0 0 0 0 0 12.07457006722689 0.2094270288944244 0 0 0 2.065377593040466 0 0.7854740917682648 0 0 0.3238680362701416 0 0 0 0 0 0 0 0 0 0 11.13489811122417 5.318252734839916 6.738310664892197 70.12056247889996 1.290110699832439 59.24871706217527 6.787796318531036 9.34626904129982 5.573383547365665 0 2.226022012531757 17.89541259407997 0 0.9964858517050743 0 4.639528781175613 0 0 0 2.378358513116837 0 14.80666912347078 7.759816095232964
206.8512585088611 2463.344297140837 234.5048543810844 2353.094114325941 638.9364466071129 626.9157266765833 1941.594501815736 26.05924980342388 222.0930670872331 1114.697944141924 139.6074032559991 3498.794576309621 3810.082568757236 332.3959593325853 66.64499954134226 48.53452195227146 1.969847127795219 0 0 0.1111431047320366 0.5133632719516754 0.5447995662689209 0 0 0.1632365733385086 0 0 0 0 0.3847700357437134 34.87052951008081 7.50840163230896 69.73186733573675 0.44054114818573 0.3802872747182846 0 62.95433434098959 5.533000558614731 7.337409310042858 1.421395905315876 0 0 0.8106814324855804 3.3369195535779 0.3185814470052719 2.471736043691635 121.9428473711014 4.550542384386063 3.079870767891407 0.08567774295806885 0.6729023084044456 0.08729969710111618 0.9403718709945679 0 4.391573257744312 1.766719371080399 26.8344871327281 65.77732343226671 1.794137664139271 45.38907014578581 1.092452183365822 9.301120586693287 1.126430310308933 26.6595425978303 2.726282045245171 2.185197271406651 0.7697116956114769 3.157261557877064 0.2995712608098984 0.5153477787971497 556.9851551055908 11.43200017511845 0.9447192996740341 100.6123181656003 35.69581954181194 119.1040249466896 39.52013763785362 31.04875209182501 0.3596372529864311 18.19994485378265 1.023383229970932 5.832291640341282 3.247381299734116 0 1.365823671221733 0.6582804992794991 1.290895089507103 0 1.034731917083263 0.5066789016127586 0.4160935282707214 0.4564053267240524 0.7700466811656952 0.4379225522279739 0.1475524008274078 451.1440836787224 39.43052278459072 0 16.59507668763399 388.8919591233134 4.753083229064941 82.94557550549507 52.91816775500774 189.343562155962 9.186191484332085 22.61997213959694 139.4069653004408 2.287041813135147 49.41382125020027 488.5737984031439 10.84921354055405 40.64575983583927 171.7138960435987 91.98606844246387 54.0922472178936 0 0.2377906739711761 0.6252326369285583 0 0 0 0 0 0 0 0 0 0.6790461540222168 0 0 1.06135168671608 0.7793733328580856 0.4090894162654877 0 2.507710576057434 22.58632282912731 0 0.9344958961009979 0 64.4451132491231 7.670119553804398 40.55175422877073 12.08590707182884 1.408825993537903 0 0 0 0.5978390574455261 0 0.3466915339231491 0 0.5036367401480675 0.5110762715339661 0 0 0.3873422294855118 0 0.6878850162029266 0 0 0.08419911563396454 1.148868873715401 0.4089597165584564 18.18278802931309 1.997589230537415 0 51.7916609197855 1.702053815126419 0 0 0 0 0 0 0 0.1122082099318504 164.9219158366323 3.242024391889572 1.006208032369614 0.3358755707740784 1.030782394111156 17.95936118066311 0.6224826574325562 1.862672969698906 0.3814462423324585 1.996652066707611 0.746107429265976 0.4654572904109955 0.2185042500495911 0 0 0 0.403794452548027 0.1902160346508026 0.1234983578324318 0.4174274951219559 0 195.7628493160009 61.29238213598728 61.48875650763512 963.6734304353595 16.53425482660532 510.1338967606425 77.34954527020454 520.9739669635892 66.30310574918985 0 60.33435385674238 231.0922672450542 0 3.369649603962898 0.8027925193309784 239.0506189018488 0.8940350562334061 0.3706599324941635 0.6905264258384705 17.01673713326454 1.007472991943359 802.7121416553855 498.9675409272313
95.80081019550562 1406.086670912802 1773.743699796498 90.22779360413551 1291.223639599979 4.33316370844841 103.9729245603085 4114.174530357122 880.9689081981778 139.6074032559991 1774.388946272433 473.3025153055787 2270.575582303107 3498.337855488062 106.00808737427 156.6788421049714 6.398368053138256 4.039897076785564 0.2809513509273529 4.722366459667683 12.54609552025795 16.65210839360952 1.268710508942604 0.7249529212713242 17.92490547895432 1.835953041911125 0.3730594739317894 5.701093196868896 8.156900644302368 0.2434547692537308 460.4004975706339 373.887249186635 723.9153353348374 0.1467148214578629 1.634478196501732 26.74420303106308 459.4823284596205 88.92474756389856 45.57465656846762 22.49144697934389 9.824192151427269 8.013942271471024 6.57547765225172 13.02406757324934 2.127309173345566 2.285859487950802 108.899171449244 4.108715683221817 2.592637374997139 3.745319366455078 6.951642118394375 1.344467878341675 5.752131670713425 24.53693987429142 2.246165171265602 1.580707021057606 12.58046481013298 144.920555010438 2.215243190526962 31.16560196876526 4.915978118777275 24.08496594429016 4.135147005319595 123.8237602114677 2.80710457265377 1.371976636350155 2.221661366522312 10.21764235943556 28.40254225581884 37.07848248630762 243.9240121915936 7.835815206170082 0 101.1737938374281 52.95463080704212 131.6887989640236 91.60471963137388 78.88988651335239 4.023548237979412 1070.835259914398 1.489671319723129 80.22461821138859 3.730082884430885 0 1.525517828762531 1.243111185729504 3.473277695477009 0 0.3887943252921104 0 0.8810024335980415 0.2690928727388382 97.30082306265831 25.38111332803965 5.387593030929565 19.82965606451035 2.695627212524414 0 23.18723356723785 36.36936707049608 2.985039055347443 1.439063668251038 0.2793250232934952 1.309493169188499 2.129793003201485 1.887869775295258 2.305971443653107 0.4270305335521698 4.957900315523148 17.35406570136547 2.178668797016144 7.78423798084259 17.13566970080137 15.11134713888168 8.10065421462059 0 0.10245381295681 0 0.0988110825419426 0 0 0 0.6802512407302856 0 1.032510846853256 0.4682186245918274 0 0.9315062090754509 0.8325726389884949 0.1646750122308731 0.3633197098970413 0 0.6337013840675354 0 0 5.278268963098526 0 0 0.3783970922231674 15.95414274930954 4.147608362138271 15.14761519432068 8.358682781457901 1.82140988856554 1.661826804280281 0.451563686132431 0 0 0.1365227252244949 1.272303834557533 0 0.8609042540192604 1.019343979656696 0 0 0.668543815612793 1.033612854778767 0.3271673619747162 0 0 0.2075910419225693 0.1275557428598404 0.4489754140377045 1.185790181159973 0.4744981676340103 0 13.17349793761969 2.401214331388474 0 0.09771322458982468 0 0 0 0.1010834574699402 0 0.1517010182142258 37.09130314737558 1.465899720788002 0.5138956308364868 0.1250631809234619 0.9472923576831818 1.70075535774231 0 1.121210999786854 0.7185722291469574 0 0.1007038205862045 0.09853817522525787 0.1171482130885124 0.09657332301139832 0.2307262271642685 0 0 0 0.1632010936737061 0.4794978201389313 0.2856435328722 18.58431014418602 25.80568246543407 29.78872780501842 531.8428847640753 15.48903767764568 349.4172645136714 77.3715341463685 43.48639269173145 30.52725381404161 1.241260632872581 19.08124547451735 15.48815879970789 0.1630260199308395 1.185082904994488 0.9572657495737076 3.708913445472717 0.6151126101613045 0.238050639629364 0 17.28944979608059 0.3357509076595306 36.96453182399273 18.80982512235641
36.82167566567659 745.4647956266999 332.3264259174466 2383.634915225208 154.3795194998384 111.9053002595901 639.3695098906755 182.0380163490772 72.30528423935175 3498.794576309621 473.3025153055787 253.4424677267671 1547.950400352478 268.5843981876969 22.82569995522499 36.20583939552307 1.83644163608551 0 0 0 1.236072212457657 3.560189828276634 0 0 2.857717841863632 0 0.1726106256246567 0.9404398649930954 0.9987999647855759 0 40.47818905115128 11.79744981974363 157.4201201200485 0 0 0 276.6975815147161 16.35401205718517 21.35001142323017 5.066453568637371 0.1316198408603668 1.256111517548561 0.401755653321743 4.54985411465168 0.6074211671948433 0 23.13036753237247 0.1147924438118935 0.814990870654583 0.7845565304160118 0.1339626014232635 0.1263622790575027 3.374944627285004 2.580895230174065 0 0.2808303609490395 2.514256455004215 13.70555859059095 0.1001250967383385 4.453530326485634 0.6662867367267609 11.04212690889835 0.255618691444397 11.29560182988644 0.174916036427021 0.2060994431376457 0 0.817011721432209 1.756787553429604 1.910823628306389 380.2190630584955 13.76325258612633 0.2204583957791328 12.20750056952238 7.04078109562397 18.46143355965614 18.36821427196264 16.57497286051512 0 10.68826531618834 0.4858238250017166 2.673774085938931 0.1121859177947044 0 0.2857168838381767 0.09105075150728226 0.7228838205337524 0 0 0.3646831512451172 0.2300522327423096 0.1420240700244904 5.55715249478817 2.532722368836403 0.6142259538173676 479.2980889379978 19.1889161169529 0.8886710405349731 25.32480947673321 27.31423269957304 1.15927854180336 31.20326182246208 12.69734893739223 22.11674965918064 14.79701754450798 15.00153370201588 36.84636501967907 2.901950150728226 19.59159463644028 167.7750657051802 10.27807749807835 38.93461885303259 80.60072813183069 60.29967751353979 35.42827057093382 0.1161100789904594 0 0 0 0 0 0 0 0 0 0.1319817155599594 0.1579575836658478 1.12981328368187 0.2326601594686508 0.1358413398265839 0 0.200143575668335 0.5071125328540802 0.2724233716726303 2.30976227670908 22.29944337904453 0 0.7855233997106552 1.281165942549706 46.04208281636238 4.979395285248756 34.33439370989799 13.61882907897234 1.194341957569122 0 0.272750049829483 0 0.4385550022125244 0 0.4535144120454788 0 0.2298266217112541 1.090726643800735 0 0 0.1410723775625229 1.005958780646324 0.4351975470781326 0 0 0 0.1176455393433571 0.4871100932359695 5.634898960590363 0 0 41.90222326666117 1.691217996180058 0 0 0 0 0 0 0 0.1724418848752975 146.8909866809845 2.755931720137596 0.5237772315740585 0.2455190718173981 0.09258488565683365 6.435606852173805 0 2.391131713986397 1.180428639054298 0.6624982059001923 0.9835375249385834 0.526488721370697 0.1206662878394127 0.9099128246307373 0 0 0.1822002083063126 0 0.1185359284281731 0.4744419157505035 0 128.1662072837353 45.76891206949949 58.27521766722202 235.2726313844323 2.759245507419109 86.80478332936764 23.63547849655151 51.30367195606232 10.77805794030428 0 6.567731082439423 111.287942647934 0 3.641024708747864 0.808224081993103 81.43809659779072 0 0 0 4.961482807993889 0.7064366042613983 327.0609857067466 157.0102438181639
37.09147326648235 1520.824566945434 861.6211172640324 634.5121245384216 2388.463437221944 89.09347561001778 3216.46648862958 768.384086869657 1374.758709833026 3810.082568757236 2270.575582303107 1547.950400352478 5044.961586944759 3581.466412074864 74.00182277709246 114.131719276309 4.497436448931694 0.1801714599132538 0.8272879347205162 0.7267409935593605 1.862454101443291 3.376403018832207 0 0 5.84815875440836 0.2132759988307953 0.1726039499044418 0.5198904573917389 1.479576721787453 0 109.2035625874996 47.18359827250242 457.4168661981821 0.09046842157840729 0 2.826661929488182 1246.184626288712 55.9167217835784 51.37487638741732 15.3237091973424 1.213536687195301 0.6606350168585777 1.559321597218513 11.68494651466608 0.8031801953911781 1.130247749388218 65.30649834871292 1.640289388597012 2.867345541715622 1.63875512778759 1.818342693150043 0.7556981891393661 7.744957342743874 4.335427306592464 0.7489147260785103 0.3125904351472855 7.12738112360239 41.66598630696535 0.7356923446059227 13.62838394194841 3.046751476824284 36.68201117217541 1.521693304181099 46.02234331518412 0.834135077893734 1.503577552735806 1.033225789666176 2.128008343279362 6.623882457613945 6.096256636083126 773.8587924391031 10.80696135759354 0 39.16778270155191 20.98764339834452 67.67765470594168 59.13880795240402 45.62029976397753 0.6206876859068871 81.44445060193539 0.9079348370432854 12.18080773204565 0.9596514329314232 0.09481328725814819 0.4732053726911545 0.4893193989992142 1.335944131016731 0.09903725236654282 0.3874118104577065 0.226700060069561 0.4705817475914955 0.3697085902094841 14.56545192748308 3.75157155841589 1.85397857427597 1223.990904539824 11.8294699639082 0.8627714663743973 35.39775661379099 34.46566374599934 7.540953919291496 32.693797275424 22.79721994698048 32.01634201407433 14.20368629693985 30.93174128979445 51.69237470626831 2.976812742650509 70.37779411673546 255.7676630541682 12.09256886690855 138.3036061376333 177.4926426336169 114.033702224493 49.35432289540768 0.1130382195115089 0 0.3978161513805389 0 0 0 0 0.1545255333185196 0 0 0.129890039563179 0.3835226148366928 3.064013943076134 0 0.2744818329811096 0 0.3397341445088387 1.183581285178661 0 2.854538097977638 35.32680008560419 0 1.207749798893929 0 64.02371998131275 9.98165288567543 50.76508708298206 17.77378129959106 4.749202318489552 0 0.1438263952732086 0 0.2342425137758255 0.1200434193015099 0.8738181591033936 0 0.9384703636169434 6.900958023965359 0 0 0.8056733831763268 1.457647301256657 0.2704542130231857 0 0.7209858149290085 0 0.4425844997167587 0.7800816595554352 8.331752985715866 0.167079821228981 0.8786650151014328 60.60319912433624 3.635204792022705 0 0 0 0 0 0 0 0.3203195929527283 208.5890897139907 4.525018706917763 0.8524168729782104 0.1636251956224442 0.9926755130290985 12.69913110882044 0.2298368513584137 2.027942292392254 0.9333283007144928 2.091968894004822 0.8805447518825531 0 0.4087809473276138 0.1073920875787735 0 0.5722025185823441 0.1510782837867737 0.2531430944800377 0.1217523440718651 0.1376565098762512 0 177.062038205564 81.46826995909214 96.10005792230368 492.7778805568814 10.81172141432762 223.3683127015829 63.26122555136681 61.61643570661545 18.35084101557732 0.09930460900068283 13.04189166426659 114.0685296058655 1.439212314784527 5.252628356218338 2.167995795607567 66.82990854978561 0.1677489876747131 0.4555822461843491 0.9425610899925232 14.65154148638248 0.8340118825435638 341.0349698215723 190.4136614054441
59.85853639245033 1807.056938894093 1726.144155822694 73.72476620972157 3355.610183961689 13.59692667424679 2740.255690351129 2386.423279091716 1519.254568099976 332.3959593325853 3498.337855488062 268.5843981876969 3581.466412074864 869.1079753264785 63.54685290902853 84.92316452413797 3.719247654080391 1.377948723733425 0 0.5575849786400795 3.70498962700367 6.419730678200722 0.1639257073402405 0 9.302821710705757 0.1848039329051971 0 1.733036674559116 3.843318238854408 0 252.2273269593716 94.1496222242713 1168.606106206775 0 1.065235882997513 10.34463764727116 1248.257251895964 71.61637308448553 40.92164495587349 15.33381210267544 5.979042410850525 3.977674245834351 2.278327159583569 10.17349614948034 1.159837953746319 0.8880159631371498 60.70685037970543 2.588551633059978 2.33724956959486 0.8134283050894737 0.9849354848265648 1.45245498418808 6.367410913109779 10.22943745553493 0.8795012310147285 0.8972193598747253 5.885074764490128 67.95334043353796 1.318542212247849 19.25534235686064 4.315319247543812 21.6181829944253 0.756825864315033 55.91071893274784 0.9031626060605049 0.8623288869857788 0.8919872716069221 3.407982781529427 10.55903617292643 11.85123038291931 334.5682853534818 8.935876846313477 0 46.31344062834978 29.42242261022329 84.142572440207 50.59141551703215 42.38573354482651 1.426690682768822 162.6285584159195 0.5717697069048882 68.98472622781992 2.525279678404331 0 0.3799026161432266 0.8166987299919128 2.121660321950912 0 0.9181399568915367 0.1201123371720314 1.062818825244904 0.2829436212778091 33.11732040345669 8.72548046708107 1.283897861838341 83.54773427546024 6.762488141655922 0.2195467501878738 30.67896277457476 23.98254573345184 1.07966847717762 10.27386596798897 2.433854162693024 3.030888304114342 1.90113653242588 3.290707796812057 8.418923497200012 0.5248537808656693 7.136570274829865 49.49531701207161 4.29795640707016 14.05658061802387 33.91268023103476 21.42434188723564 16.37950722128153 0.09881023317575455 0 0 0.2437890470027924 0 0 0 0 0.3676808923482895 0 0.1804390996694565 0 1.008411280810833 0 0.3822737336158752 0 0.2150823101401329 0.1549284905195236 1.067972227931023 1.176739633083344 4.711753115057945 0 1.06988500058651 0.1840456128120422 25.10541496425867 4.030364334583282 16.95407734811306 7.427304789423943 1.910405538976192 0 0 0 0 0 0.1252870559692383 0 0 0 0 0 0.3444949984550476 1.290045469999313 1.013165235519409 0 0 0 0 0.1237257197499275 1.878797724843025 0.9711721539497375 1.837296068668365 16.42264122515917 0.1178930774331093 0 0 0 0 0 0 0.2018081247806549 0 59.42444146424532 2.230371825397015 0.1490728408098221 0 0 2.392548695206642 0.3209231197834015 0.9112934172153473 0.3361983448266983 0 1.557007566094398 0 0.4295600950717926 0 0 0 0.3639138042926788 0 0.2559195458889008 0.116592563688755 0.1297753155231476 43.73673532903194 31.53464498370886 24.79350690543652 329.30102802068 4.598172999918461 196.3088793084025 47.92840338498354 30.44063022732735 14.14911195635796 0.1155229434370995 13.84535181522369 30.73825240880251 0.1527072787284851 3.461683973670006 1.233571417629719 13.94969627261162 0.4788052141666412 0 0 8.399493411183357 0.2830893397331238 60.34587033092976 41.97855715453625
