389.0168065875769 3194.739467538893 385.7395860701799 1450.52696056664 60.11338097602129 127.3369859308004 210.493377007544 48.90059968829155 24.79877712577581 1415.941115498543 135.9865988716483 11.01140573620796 58.59967835992575 50.64223355799913 4.571043886244297 5.009968422353268 0 0.2443039417266846 0 0 0.5063471347093582 0 0.3162950873374939 0.1145285964012146 0.3673317804932594 0 0.2048104554414749 0 0.1473330110311508 0 489.1156964302063 6.598035119473934 6.926707424223423 0 0.0992094874382019 0 0.9118908122181892 0.9835627526044846 2.073172152042389 0.3008006811141968 1.005685850977898 0.8650817275047302 0 0.5276405811309814 0 0.2225701585412025 17.91043619811535 3.397891744971275 0.8758115321397781 0 0 0.7931780815124512 0 0.1831799447536469 4.460268720984459 9.599138416349888 104.45160677284 237.737977579236 63.57128474861383 6.755690820515156 0 0.9276076927781105 0 11.68195831030607 4.515537172555923 3.200383596122265 0.5839709416031837 1.401346132159233 1.209979891777039 0.8024727925658226 3.8906329870224 0.1722580045461655 0.2190294712781906 45.75564603507519 25.05322358757257 17.60239416360855 7.632765032351017 3.798484772443771 1.998171970248222 101.1195157170296 0 6.696390099823475 10.04327894747257 0 3.958547510206699 11.98253163695335 1.664974197745323 0.3563914969563484 0.7852575704455376 0.2633737549185753 0.2044342458248138 1.151795074343681 0.6061426624655724 0.1422349512577057 0.1281547099351883 36.2500067949295 4.350751273334026 0 3.515274174511433 867.5787448808551 0.1486433148384094 0.7105016708374023 0 1.357559680938721 0 1.56230241060257 1.06190399825573 4.159282922744751 24.10464586317539 7.356320425868034 0 2.798694908618927 3.876141637563705 0.491870328783989 0.2186077088117599 0 0.1195209920406342 0 0 0 0 0 0 0 0 0 0 0 0 0 0 0 0 0 0 0 0 0 0 0.9620294645428658 0 0.1573179513216019 0 0 0 0 0 0 0 0 0 0 0 0 0 0 0 0 0 0 0 0 0 0 0 0 0 0 0 0 0 0 0 0 0 0 1.016538470983505 0 0 0 0 0 0.923591136932373 0 0 0 0.2438801378011703 0 0 0.1001804247498512 0 0 0 0 0 0 0 1.837507635354996 0.7525196671485901 0.6597685515880585 242.2488395497203 3.820534415543079 96.08942329883575 15.60384717583656 546.5565839186311 8.301749765872955 0 4.542430683970451 6.008017629384995 0.1206490471959114 0.2465023547410965 0 23.08786219358444 0 0 0 0.7881641238927841 0 156.6178851053119 0.7384940385818481
3194.739467538893 2463.321231283247 1076.474869564176 2583.190701194108 1797.967794820666 448.3163251951337 1452.502724222839 285.5199972763658 1511.334426082671 2288.437819585204 681.7859196737409 100.4556269794703 1055.196791775525 1364.881899699569 68.78834866732359 20.63307774811983 0.8487574681639671 1.167151518166065 0.1867822110652924 0.811259888112545 1.080548174679279 0.08951350301504135 1.475621454417706 0.9080836847424507 0.8904142156243324 0.1358285397291183 0.3106753826141357 0.5877818539738655 0 0.3138689324259758 2866.335912056267 102.7489256411791 10.04367814213037 0.2672800123691559 0.4230890795588493 0.2066068574786186 3.249965019524097 2.210243463516235 7.571022801101208 0.7984953746199608 0.8082884252071381 1.181199237704277 0.09732414036989212 4.034506037831306 0.6127473786473274 0.6130235865712166 241.9982274249196 25.38589698821306 3.711735732853413 0.2100742012262344 0.2032920569181442 0.5838967710733414 0.1096173748373985 0.360772080719471 16.80632394552231 34.73479869961739 188.558118250221 428.7722543776035 173.3051376193762 64.68472065031528 1.102141551673412 3.797221153974533 0.5128101781010628 124.9445823058486 22.34170777350664 17.99008132517338 3.790460482239723 6.111887440085411 8.10975769162178 0.9779732003808022 12.96017618477345 5.201475217938423 0.3115341067314148 138.1528013497591 203.9673683047295 310.0337275490165 65.30440054088831 20.60414257645607 6.88037071377039 145.9133109413087 0.3351596221327782 13.94047628343105 68.34956297278404 0.9895041733980179 24.39578168839216 54.18760273605585 17.68426311761141 2.29252303391695 5.069333732128143 0.6753437593579292 2.344108834862709 1.142728991806507 1.18833763897419 0.9002134948968887 1.368257790803909 34.8086135238409 7.453333839774132 0 6.225108481943607 1671.451138786972 0 2.911694824695587 1.387783199548721 0.9731826782226562 0 4.581575393676758 2.853714823722839 1.375440418720245 43.49571445584297 18.95480611920357 0.4036901891231537 12.52613636851311 21.51383976638317 14.17983040958643 2.078036360442638 0.1099128127098083 0.420717865228653 0 0 0 0 0 0 0 0 0 0 0 0 0 0 0 0 0 0 1.709855571389198 0 0.3734385371208191 0 2.688064776360989 0 0.4659104943275452 2.049149319529533 0.1118501052260399 0 0 0 0 0 0 0.09106732159852982 0 0.1628663390874863 0 0 0 0 0.09165177494287491 0 0 0 0 0.1071700379252434 0 0 0 1.143109574913979 0 0 0.08288401365280151 0.202635332942009 0.1018417403101921 0 0.09596900641918182 0 0 9.601111933588982 0.3030797243118286 0 0 0 0 0.8942058682441711 0.9805827140808105 0.304682269692421 0 0.7359552085399628 0.1961640864610672 0 0.1014530584216118 0 0 0 0.2829189598560333 0 0 0 19.47653724253178 1.906741067767143 2.568981133401394 458.8230072781444 23.47983825951815 686.6716488525271 79.09433652460575 748.8697317168117 32.19208043813705 2.970278896391392 34.48501767963171 8.360295586287975 0.1279999166727066 1.144443936645985 0.1024347245693207 16.23387148976326 0 0.5756855905056 0 5.111164599657059 0 143.2972859740257 3.412850432097912
385.7395860701799 1076.474869564176 1217.215852931142 99.68190385401249 462.589480817318 44.80462954938412 130.3109883293509 1910.544964201748 774.071735471487 90.2580162063241 2079.334032699466 13.57267982512712 222.8479104936123 1074.628904029727 18.13853704929352 16.05029357224703 0.8102538585662842 1.277052477002144 0.2776531800627708 4.277670457959175 14.32890873402357 0.2618018537759781 9.858666658401489 8.662718638777733 2.527303047478199 1.820353955030441 3.550659842789173 0.5242351219058037 0.4962855875492096 2.395901530981064 4510.417966850102 426.1666997000575 16.03505966067314 6.513402096927166 4.54463891685009 0.9874487221240997 3.590905874967575 3.831053629517555 4.866174705326557 0.8988880291581154 11.02350442111492 3.364571623504162 0.9465379789471626 2.836783923208714 1.65973886847496 0.6364565491676331 49.46243684738874 7.41838576644659 1.982575096189976 0.4928336665034294 1.065457157790661 0 0 0.6147357299923897 3.874966368079185 7.838343307375908 83.49907401204109 239.24716668576 69.41684124618769 9.093513138592243 0.8069353848695755 8.545186661183834 0.1201100274920464 152.0447235703468 3.951119229197502 10.01308763027191 4.243760034441948 8.386040084064007 28.58998141437769 11.63495703786612 10.45523071289062 0 0 58.39027008414268 62.42504344135523 52.18912880122662 25.55392631143332 21.05377254635096 41.63939933478832 830.7551377490163 2.798021480441093 157.9282127842307 13.56808584183455 0.2173345237970352 5.791093163192272 13.43735576421022 10.24459259212017 0.4103471860289574 1.427719935774803 0.0906495675444603 0.9300091713666916 0.110627107322216 34.61035462468863 5.574044048786163 0.9040710404515266 7.636693224310875 0.3028103858232498 0 0.8575702831149101 270.4437912106514 0 3.16954505443573 0 0 0 0 0.4275518655776978 0.840161919593811 1.728236988186836 7.082548454403877 0.1702881008386612 4.403925538063049 9.459042206406593 5.023636490106583 0.5770789533853531 0 0 0 0 0 0 0 0 0 0 0.2269059419631958 0 0 0 0 0.1107640862464905 0.1886159926652908 0.107356995344162 0 0 0 0 0 0 3.698060870170593 0 1.143381029367447 0.3556145131587982 0.18706314265728 0 0 0 0 0 0.408648818731308 0 0 0 0 0 0 0.3077568709850311 0.09309533983469009 0 0 0.1911647170782089 0 0 0 0 0 0.3467869758605957 0 0 0 0 0 0 0.2371175289154053 0 0 6.083240792155266 0 0 0 0 0 0.220962330698967 1.357779800891876 0 0.1085516810417175 0 0 0 0 0 0 0 0.09818896651268005 0 0 0 6.88670240342617 1.633410975337029 3.238656543195248 71.56424853205681 3.298331424593925 122.4287884682417 25.42464030534029 97.9115429893136 6.895673088729382 0.8319471031427383 9.04200878739357 0.9521787017583847 0 0.6489637792110443 0.2807339429855347 5.637684106826782 0 0 0.1788732558488846 2.265830300748348 1.157253384590149 27.51117635518312 3.735112994909286
1450.52696056664 2583.190701194108 99.68190385401249 201.3413353413343 55.95346983522177 438.252009741962 708.776531137526 7.820641249418259 40.46857147663832 1312.960019551218 10.12683054059744 66.72219042479992 428.0267005860806 54.51174407452345 2.392057962715626 0.7287393659353256 0.2392730042338371 0 0 0 0 0 0 0 0 0 0 0 0.09833107888698578 0 37.94519925862551 3.130224354565144 0 0 0.09747427701950073 0 0.5116539001464844 0 4.70883696526289 0 0 0 0 0.112599603831768 0 0.2718523591756821 24.9578333646059 1.606644064188004 0.4310313016176224 0 0 0.6715475171804428 0.1613061726093292 0 1.658340536057949 2.425646051764488 17.63877915591002 23.76416344940662 15.71244831383228 3.691641792654991 0.8374692648649216 0.07425940781831741 0 8.388263218104839 2.418945834040642 1.187220141291618 0.1292873173952103 0.5066912770271301 0.7272160202264786 0 4.260999888181686 2.696292415261269 0.638982892036438 10.86591973155737 20.56666691601276 19.02901315689087 2.200653366744518 0.5898745432496071 0.09867614507675171 0.6570402011275291 0 0.7626965790987015 6.573010563850403 0.08865898102521896 2.165513262152672 4.620725393295288 1.112554453313351 0.2721655666828156 0.5437960177659988 0.4278770834207535 0.2434565648436546 0.7099852189421654 0 0.1063361838459969 0.2424584180116653 29.80153927206993 6.214914932847023 0 4.898844845592976 262.2241854295135 0.2198547720909119 2.025115087628365 1.761416181921959 9.113025680184364 0 0.5578946769237518 1.180314898490906 0.1601142436265945 16.35170397162437 7.426931291818619 0 2.878689676523209 5.414107277989388 2.189832434058189 0.3218027651309967 0 0 0 0 0 0 0 0 0 0 0 0 0 0 0 0 0 0 0 0 0 0 0 0 0.1366850286722183 0 0 0 0 0 0 0 0 0 0 0 0 0 0 0 0 0 0 0 0 0 0 0 0.5282139778137207 0 0 0 0 0 0 0 0 0 0 0 0.1467794179916382 0.1548841744661331 0 0 0 0 0 0 0 0 0 0 0 0 0.08364187180995941 0 0 0 0 0 0 0 2.850407183170319 0 0.5200601816177368 163.5637342184782 0.771049365401268 59.29301758110523 7.689142152667046 349.9768550619483 3.051796235144138 0.1217074319720268 2.885384991765022 0.1922301948070526 0 0 0 18.38783080875874 0 0 0 0 0 72.52752412110567 0.1540674567222595
60.11338097602129 1797.967794820666 462.589480817318 55.95346983522177 1842.679329022765 9.107260800898075 1861.583508059382 247.6502254009247 2647.662123806775 590.7711705192924 463.4360218197107 62.01893775165081 652.0588809549809 1525.759453803301 20.27724451571703 4.345288060605526 0.07605919241905212 0 0 0.5061322525143623 0.5789300799369812 0 0.1996557340025902 0.2496345490217209 0 0.08210863918066025 0.07370639592409134 0 0 0 111.0583535134792 29.8000722900033 1.041104272007942 0.3871448561549187 0.09654171019792557 0 1.91662535071373 0.1370113492012024 0.9531598687171936 0 0 0.1109104007482529 0 0.9088701531291008 0.1758099049329758 0.1000906154513359 48.00295260548592 4.176942758262157 0.7294470593333244 0 0.09917406737804413 0 0 0.1683124825358391 2.302302613854408 3.820372045040131 10.51010793447495 23.8485359326005 12.00337767601013 9.765339724719524 0.1685558930039406 0.1865058019757271 0 23.39748463779688 2.351421490311623 1.36409255117178 0.8119987472891808 0.6345715001225471 1.065557576715946 0.3189659640192986 2.825967110693455 0 0 11.13285110890865 26.46738776564598 59.16047566384077 16.53738731145859 6.339378133416176 2.266641788184643 2.798437334597111 0.1478405296802521 2.379824660718441 6.900712564587593 0 2.529492683708668 6.900078490376472 3.089244097471237 0.2341196835041046 0.5280812680721283 0 0.1662913113832474 0.09682799875736237 0.3087867051362991 0.2537074014544487 0.1061425060033798 1.975916609168053 0 0 0.5449363142251968 19.0465494915843 0 0.1974729150533676 0 0.8810873627662659 0 1.440916687250137 0 0 5.486089900135994 7.072970420122147 0.9516365528106689 2.881101563572884 8.971626281738281 3.204046338796616 2.095250189304352 0 0 0 0 0 0 0 0 0 0 0 0 0 0 0 0 0 0 0 0 0 0 0 0 2.380034327507019 0 0 0 0 0 0 0 0 0 0 0 0 0 0 0 0 0.3450616002082825 0 0 0 0 0 0 0 0 0 0 0 0 0 0 0 0 0 0 0 2.040722265839577 0 0 0 0 0.2607378959655762 0 0.7379228472709656 0 0 0 0 0 0 0 0 0 0 0 0 0 5.478650107979774 0.8831468820571899 0.9973097294569016 76.94905494898558 2.585409805178642 103.8519513905048 11.14288403093815 28.93995173275471 4.333132170140743 0.3698360994458199 10.09419744461775 2.486275866627693 0 0.4999711513519287 0 5.863023787736893 0 0.4046544134616852 0 0.8735341131687164 0.4300089478492737 6.950731366872787 1.54055717587471
127.3369859308004 448.3163251951337 44.80462954938412 438.252009741962 9.107260800898075 14.15811781585217 31.13387632369995 0.1778879314661026 3.954852186143398 802.0830916985869 7.345946133136749 190.5308976769447 110.0279275476933 14.74954327195883 0.1512610763311386 0.207816481590271 0 0 0 0 0 1.043392099440098 0 0 0 0 0 0.2073622792959213 0.5920533686876297 0 4.216798707842827 0.115793451666832 5.162633754312992 0 0 0 5.606735907495022 1.552955307066441 36.93560843169689 1.427490301430225 0 0 0 0.1103531122207642 0 0 0.5685785487294197 0 0 0 0 16.83727084100246 2.135861232876778 1.589234530925751 0 0.4118415787816048 70.03401124477386 5.076012387871742 2.082110904157162 0.3279815465211868 0 0.4516293108463287 0 0.4113710224628448 0 0 0 0.1119481697678566 0.093797966837883 0 67.15467289835215 99.57975691556931 7.195376046001911 0.7828434258699417 0.1095455288887024 1.084491245448589 0 0.1099908649921417 0 3.126085385680199 0 1.130369618535042 0.4223864078521729 0.1007903963327408 0.1106790453195572 2.381220892071724 0 3.891563914716244 1.311311230063438 11.02725469321012 3.989883482456207 22.35645277053118 0 0.3118776977062225 5.393994495272636 238.614194445312 184.7714335694909 0.5003707781434059 84.41621699184179 240.0643332153559 0 1.556803941726685 0.7136511355638504 1.159854054450989 0 1.063842296600342 2.308699935674667 0 8.603088930249214 14.76308112591505 0 4.061408385634422 4.184862047433853 1.105598032474518 0 0 0 0 0 0 0 0 0 0 0 0 0 0 0 0.3438851982355118 0 0.153689056634903 0 0 0 0 0 0 0 0.8276668936014175 0.2541999071836472 0 0.2560562565922737 0.1626498997211456 0 0 0 0 0 0 0 0 0 0 0 0 0.3400655314326286 0.1276882886886597 0 0 0 0 0 0 0 0 0 0 0 0 0 0 0 0.1609568297863007 0 0 0.6114258170127869 1.26448518037796 0 0 0 0 0 0.528052806854248 0 0 0 0 0 0 0 0 0 0 0 0.1038782596588135 0 5.333285987377167 0.8744900822639465 0.833388514816761 42.45711128413677 0.2114220708608627 3.680038698017597 0.2573953941464424 62.39749398827553 1.703218728303909 0.2250828742980957 0.3684265911579132 2.890914142131805 0.1930093616247177 0 0 18.7442110478878 0 0 0 0 0 102.3940472751856 1.563063472509384
210.493377007544 1452.502724222839 130.3109883293509 708.776531137526 1861.583508059382 31.13387632369995 662.9599721580744 17.45469789206982 1323.907052569091 2534.712090611458 392.8901842683554 246.0361096337438 3924.969923980534 4179.422049321234 27.65005242079496 12.04508328437805 0.3009232059121132 0.36837437748909 0.2257087826728821 0.1781678050756454 0.5664619952440262 0 0.194092333316803 0.367344543337822 0.1853684410452843 0.0781514048576355 0.1075358092784882 0 0 0 100.0815304145217 36.02527119964361 3.538508199155331 0.1707378625869751 0.09283500909805298 0.09563369303941727 1.809461526572704 0.8089073374867439 1.450816683471203 0.08471706509590149 0.2734584808349609 0.3384593576192856 0 1.126625336706638 0.1992412880063057 0.2311917990446091 80.56879023462534 4.90512540191412 0.7936204150319099 0 0.1041105538606644 0 0 0.1024184376001358 2.560874342918396 6.436965778470039 17.33394407480955 31.56462582200766 15.71564423292875 16.03217919915915 0.7675570622086525 0.5183529183268547 0.1748764365911484 34.30770502239466 4.246483206748962 3.233095169067383 0.3588572964072227 1.249572217464447 1.119242414832115 0.5076465234160423 9.222054444253445 0.6970346570014954 0.07491334527730942 15.89553302526474 39.56456890702248 80.79565055668354 24.15864384919405 10.58323073387146 3.122087739408016 4.024885788559914 0.300921343266964 4.396654263138771 8.110308259725571 0.09235440939664841 4.132929764688015 9.885203912854195 2.688170067965984 0.2840998470783234 0.5403299257159233 0 0.08665155619382858 0.3394445925951004 1.254170767962933 0.09278400242328644 0.1970571428537369 13.24157029390335 1.408543601632118 0 2.228689044713974 45.28471840918064 0.6632516235113144 2.958899676799774 3.148338705301285 1.915874525904655 0.3919522762298584 9.070342071354389 2.529656380414963 0.9130522906780243 75.62224414944649 24.85577380657196 0.173306941986084 28.07375902682543 42.07185969501734 18.56036391854286 3.987491115927696 0 0 0 0 0 0 0 0 0 0 0 0 0 0 0 0 0 0 0 0.1076987236738205 0 0 0 0 8.342840880155563 0 0.7979022264480591 0.7164832949638367 0.2518685162067413 0 0 0 0 0 0 0 0 0.2663015723228455 0 0 0 0 0.08912079781293869 0 0 0 0 0 0.5707114934921265 0.4037890732288361 0 3.331817924976349 0.2588032782077789 0 0 0 0 0 0 0 0 12.68921644240618 0.440470963716507 0 0 0 0.2167776972055435 0 2.301933974027634 0 0 0 0 0 0 0 0 0 0.1734183877706528 0 0.08319775760173798 0 23.79705687612295 2.871144600212574 3.439064174890518 154.1963958591223 3.566177815198898 167.899290278554 27.20663365721703 73.47798805683851 9.101881586015224 0.7549853548407555 16.76049283146858 6.822864100337029 0 1.736784689128399 0.1053414195775986 18.37814196944237 0 2.839126780629158 0.1317679136991501 2.256544932723045 0.6178084015846252 22.61841046065092 6.721418678760529
48.90059968829155 285.5199972763658 1910.544964201748 7.820641249418259 247.6502254009247 0.1778879314661026 17.45469789206982 949.0316411331296 987.0792543664575 20.45767191797495 1556.192284233868 6.824089549481869 86.1036014854908 619.5213613957167 38.18041300773621 38.47510941326618 1.55688650906086 2.312834002077579 0.3962612822651863 8.420937962830067 31.55155316740274 0 44.99928568303585 45.73263370990753 7.027987934648991 4.752889528870583 22.05873794853687 2.79359182715416 1.255021266639233 8.976648978888988 588.9602094292641 667.3243367746472 28.42785773426294 17.32099910825491 13.65674767643213 4.770178683102131 6.640857674181461 13.6115849763155 6.514330007135868 4.533972524106503 36.27373705804348 9.645303472876549 2.479575976729393 5.518508240580559 4.635153293609619 0.7013165801763535 93.8476170450449 4.220929987728596 1.851584605872631 0.8108513280749321 3.85610756278038 0.2028267681598663 0 2.442675307393074 1.118564642965794 2.953704692423344 11.49732711166143 36.53219641000032 11.33410103619099 10.81800243258476 5.073196582496166 35.78275694698095 1.148343712091446 88.99405691772699 1.937849380075932 15.62411358952522 9.653055980801582 12.22412337362766 39.66033384203911 39.82858535647392 5.33901335299015 0 0.111056812107563 11.31693088263273 36.28292351216078 80.37805210798979 54.88875307142735 109.5526829212904 589.1293361932039 2089.625619597733 7.220948666334152 1377.422756679356 5.504047587513924 0.08665460348129272 7.130289301276207 14.34182754158974 10.40599716454744 0.08952917903661728 2.833592638373375 0.09520815312862396 0.8538046404719353 0.3721316084265709 97.27039539068937 19.9732333868742 5.535285465419292 1.248030833899975 0.1197135671973228 0 0.2105016857385635 30.83432848751545 0 0 0 0 0 0 0 0 0 0 0 0 2.615458384156227 0.3517845124006271 0.6867918372154236 0 0.3343051671981812 0 0 0 0 0 0.3322887122631073 0 0 0.5163208544254303 0 0.4962550699710846 0 0 0.5033614560961723 0 0 0 0 0 0 0.4030839204788208 0 1.253775060176849 0.1481649726629257 0.565247043967247 1.67584378272295 0.2036997228860855 0.5223481878638268 0 0.1129508018493652 0 0 0.3052549362182617 0.194527193903923 0 0.1174475029110909 0 0 0 0.1561515927314758 0.6508995294570923 0 0 0 0 0 0 0 1.037460327148438 0.3627442568540573 0 0 0 0.09257812798023224 0.0864909365773201 0 0 0 0.08770015835762024 1.087523080408573 0.3921220302581787 0 0 0 0 0 1.830573856830597 0 0.1640983372926712 0 0.5367337465286255 0.1076828837394714 0 0 0 0 0 0 0 0 0.7979684919118881 0.4835943207144737 2.310502707958221 121.2084462568164 4.491264387965202 129.3725431710482 27.71570433676243 20.23666218668222 7.708130806684494 0.1419513523578644 15.57508025318384 1.642644077539444 0 1.206511840224266 0.2526162415742874 0.335727870464325 0 0 0 9.784426063299179 0 7.927248232066631 1.160086840391159
24.79877712577581 1511.334426082671 774.071735471487 40.46857147663832 2647.662123806775 3.954852186143398 1323.907052569091 987.0792543664575 1012.659537300467 153.4105764403939 1175.507359340787 33.97439424693584 488.5672980472445 1514.159174405038 7.594804286956787 4.566682875156403 0.1573306173086166 0.1126955524086952 0 0 0.0998748242855072 0 0 0.2959148064255714 0.2073210030794144 0 0 0.1223565638065338 0 0 24.03742618858814 8.269343100488186 1.268553778529167 0 0 0 1.176354721188545 0.1680133268237114 0.4228575974702835 0.09976213425397873 0.0900983065366745 0 0 0.575261265039444 0.07383623719215393 0 17.02584241330624 0.9439847841858864 0.09000298380851746 0 0 0 0 0.09556139260530472 0.2171863839030266 0.827076680958271 2.509322986006737 3.718648642301559 2.656601794064045 2.295829869806767 0 0.7175449207425117 0.1061430722475052 6.358739338815212 0.3973024785518646 0.08030412346124649 0 0.2681915089488029 0.08597277849912643 0.07850126922130585 2.131427407264709 0 0 2.688352361321449 5.35089486092329 15.76384627819061 8.372067242860794 4.930182538926601 1.212672330439091 1.767034538090229 0.1265431642532349 2.063761524856091 1.52720557898283 0.0831974670290947 0.3453706130385399 1.318872600793839 0.3347753956913948 0.09526351094245911 0 0 0 0 0.5994209125638008 0.1917639672756195 0 5.213325425982475 0.5554691553115845 0 0.1765586957335472 5.376885384321213 0 0 0 0.4557154476642609 0 2.900772958993912 0.3405237197875977 0.834390327334404 3.761013522744179 6.864633820950985 0 5.294441483914852 12.60333319753408 7.266059771180153 1.06243933737278 0.08439412713050842 0.2944522798061371 0 0 0 0 0 0 0 0 0 0 0 0 0 0 0 0 0 0 0 0 0 0 2.501734763383865 0 0 0.2732536196708679 0 0 0 0 0 0 0 0 0 0 0 0 0 0 0 0 0 0 0 0 0 0 0 1.369368314743042 0 0 0 0 0 0 0 0 0 3.674319483339787 0.1079818904399872 0 0 0 0.3419637084007263 0 0.6877955496311188 0 0 0.1118083447217941 0 0.2019863277673721 0 0 0 0 0 0 0 0 6.406359754502773 1.889803886413574 0.4307500794529915 37.20426404476166 2.245561040937901 25.54612153768539 4.017244279384613 7.250932447612286 1.962799116969109 0.111863024532795 3.439199358224869 2.175822705030441 0 0.8831942677497864 0 4.695269376039505 0 0 0 0.09509745985269547 0 5.073176428675652 2.326351791620255
1415.941115498543 2288.437819585204 90.2580162063241 1312.960019551218 590.7711705192924 802.0830916985869 2534.712090611458 20.45767191797495 153.4105764403939 1699.759710639715 62.326665610075 1812.483538247645 7029.251699581742 516.9191533327103 67.69608893245459 32.23082231730223 0.9457361698150635 0.3920626938343048 0 0.5186166390776634 0 0.1388753801584244 0.09783586114645004 0.6543515399098396 0.3505596816539764 0.6371955424547195 0.4307912737131119 0.49031862616539 0.2599812150001526 0 87.82896091789007 52.35605734586716 22.47418340295553 0.39045150578022 0 0.2424987256526947 98.10371568799019 7.024954088032246 29.67991235107183 0.5779160484671593 1.126763828098774 0.4453379064798355 0.1016060560941696 2.760719902813435 0.3356177061796188 0 179.5276651754975 7.0611806884408 0.6408077403903008 0 0.133126363158226 3.252324879169464 1.08763624727726 0.312941312789917 2.240513525903225 8.642932757735252 35.87588583678007 33.31043333560228 25.2650276646018 25.97739145159721 0.9873999729752541 1.727270171046257 0.3999857828021049 52.4572491645813 4.545732662081718 5.33976785838604 1.264478616416454 1.84013494849205 1.893230609595776 0.9218452498316765 302.5527021884918 30.8507135361433 1.611515417695045 21.77111087739468 63.17115404456854 156.6310918778181 65.34139972925186 32.75091959536076 3.285009324550629 8.340282417833805 0.3715466111898422 6.150729104876518 12.77542304247618 0.3215343430638313 6.543565042316914 12.20310620963573 3.807973548769951 0.5783755481243134 1.104502886533737 2.070007927715778 1.173287943005562 5.646630130708218 3.587008684873581 0.2062759399414062 1.703590847551823 352.8797097951174 63.27403425425291 0.4163163304328918 33.6754095479846 484.7600457146764 0.9757950156927109 20.09462786465883 22.65713582932949 75.71101567149162 2.314802616834641 48.60065747797489 52.65210407972336 16.6901830136776 115.8979242295027 349.7005622386932 6.27020999789238 113.0981052666903 313.6544663831592 136.2482254728675 19.21619763970375 1.871302284300327 0.8337940499186516 0 0.3000845015048981 0 0 0 0 0 0 0 0 0 0 0 0 0.2915583550930023 0 0 1.386212967336178 1.273545384407043 0 0 0 25.27098628878593 3.939657390117645 8.62660264223814 0.472575768828392 2.353796184062958 0 0 0 0 0 0 0 0.1829419881105423 0.4228977411985397 0 0 0 1.254130303859711 0 0 0.1248324140906334 0 0.4698933437466621 0.9057372063398361 7.771097645163536 0.6477459073066711 0 10.17771735787392 0.1437827944755554 0 0.3403521478176117 0 0 0 0 0 0 80.6572557836771 3.89672189950943 0 0 0.1436590403318405 0.6221271902322769 1.230227783322334 11.94046600162983 0.3072917684912682 0.9802405387163162 1.842257410287857 0.1365363150835037 0.5365483015775681 0 0 0 0 0.09210078418254852 0 0 0.08714612573385239 200.1679722219706 9.058372646570206 14.38704264909029 1178.091998927295 23.26953668892384 384.3024669438601 78.49487999081612 880.7355802953243 32.6288153231144 0.4234464317560196 72.74408562481403 39.5176055803895 0 9.376050963997841 0.4945342689752579 244.3479923605919 0 0.3664328083395958 0 18.63700737804174 0.2491737604141235 424.9768657907844 71.01695066690445
135.9865988716483 681.7859196737409 2079.334032699466 10.12683054059744 463.4360218197107 7.345946133136749 392.8901842683554 1556.192284233868 1175.507359340787 62.326665610075 1522.009241342545 188.9726337939501 1838.688880696893 2352.415278457105 97.51576641201973 136.7617558464408 1.179396532475948 0.8222282752394676 0.4484499245882034 3.78843105584383 9.877277441322803 1.530532158911228 11.28170418739319 14.95400582253933 5.169361673295498 2.599670201539993 11.27871093153954 4.885573580861092 4.387520879507065 4.89515583217144 440.2901222854853 192.0149405896664 512.2403682023287 3.317003846168518 3.907041236758232 1.377747900784016 227.6692463085055 106.4106668308377 41.04843286424875 6.095192924141884 21.35693963617086 8.618638530373573 0.4616180583834648 11.13802029937506 0.5704317092895508 0.3446190133690834 134.4869271963835 3.10052452236414 0.526544600725174 0.3372673913836479 1.411958925426006 0.778479091823101 1.075649306178093 5.899860866367817 1.991934530436993 3.605681531131268 17.36342800781131 45.66320414841175 17.38429053127766 18.36545237153769 0.5063686743378639 148.184706017375 0.1732180863618851 68.38514083623886 3.6261086165905 5.220551386475563 1.878492414951324 2.707382641732693 6.648789331316948 11.81400188058615 142.8105295822024 0.6659303158521652 0 14.58418484032154 40.46330952644348 128.4868286252022 108.7171866521239 86.6009294167161 32.10451041162014 466.0081649720669 0.521418921649456 233.186879336834 6.062663473188877 0.1587750837206841 4.4834278896451 8.129285462200642 4.46007639169693 0.2183031365275383 0.4742341563105583 0 0.420547142624855 0.3692719340324402 30.02981235086918 11.81171546131372 6.926304899156094 37.07005656510592 3.680385656654835 0 3.801878578960896 72.76967322081327 0.6614410802721977 0.2184003889560699 2.144499942660332 0 0 3.261516287922859 0.2831299901008606 1.875512957572937 7.930386297404766 25.08054450899363 2.625364929437637 19.14092759788036 30.99590411037207 20.93603563308716 3.619970574975014 0.7981852889060974 0.8247638046741486 0 0.1230731606483459 0 0 0 0 0 0 0.4086512997746468 0 0.5051306337118149 0 0.8845095187425613 0 0.5731499567627907 0.7633318528532982 0 0.7104580253362656 0 0 0 0.6005464196205139 16.42996317893267 1.919984363019466 6.014652341604233 3.506097480654716 2.98980175703764 0.1172551214694977 0.1848775297403336 0 0 0.1144858226180077 0.4864601269364357 0.1507148742675781 0 0.5235421657562256 0 0 0 2.601870119571686 0.4935476332902908 0 0 0 0 0.09881584346294403 0.1754991561174393 0.6107131242752075 1.374097377061844 5.825452759861946 0.4127165675163269 0.3717406094074249 0 0 0 0 0 0 0 33.51458111405373 0.8168057650327682 0 0 0.1183602958917618 2.708523795008659 0.2002943456172943 9.630866810679436 0.41325843334198 0 0.8418519645929337 0.3687757551670074 0.5863363817334175 0 0 0 0 0.08074313402175903 0 0 0 25.12339905649424 8.382343403995037 17.87853461503983 257.5506179854274 7.558669120073318 185.1551085114479 51.97013176977634 46.68323560804129 12.35395036637783 0.7562952488660812 31.51414071768522 11.13829006254673 0.5063933581113815 2.640920802950859 1.328205913305283 2.692226052284241 0 0.141305074095726 0.1643501371145248 24.184146694839 0.9243711680173874 17.15217884629965 13.60687087476254
11.01140573620796 100.4556269794703 13.57267982512712 66.72219042479992 62.01893775165081 190.5308976769447 246.0361096337438 6.824089549481869 33.97439424693584 1812.483538247645 188.9726337939501 90.25786785781384 1446.037467535585 259.0589434802532 41.57093095779419 74.13170977681875 0.751518540084362 1.096286252140999 0 0.4937370344996452 1.406208194792271 2.624894693493843 0.9432245716452599 1.580132208764553 4.515741318464279 1.586127907037735 3.169907711446285 4.229838714003563 6.472557127475739 2.221060559153557 13.28166726231575 9.79620798677206 46.39981256425381 0 0.5016007199883461 0 349.2677190899849 49.68670512735844 64.81692456454039 5.126405000686646 2.604922361671925 8.301825761795044 0.6028125435113907 3.645556271076202 0 0 51.67983544617891 0.3568939194083214 0.4143090546131134 0 0.1247508823871613 2.215592615306377 7.335470139980316 6.684570543467999 0 0.3650978282094002 5.27129203081131 2.064125657081604 3.561485417187214 4.579687558114529 0.07239291071891785 4.339377544820309 0 13.7854857891798 0.4872645735740662 0.4770326688885689 0.3962896093726158 0.440025806427002 0.6619010865688324 0.8268865048885345 851.8381454721093 7.833149045705795 0 1.854151979088783 7.66874997317791 34.32159766554832 29.5023799687624 28.41207560896873 0.6329701319336891 30.63150915503502 0.2440675124526024 3.60084156692028 0.5000683218240738 0 0.2791878953576088 0.8488157838582993 0.3512969687581062 0 0.3854780942201614 0.425170511007309 0.1324939727783203 0.6802685335278511 2.235649608075619 5.690048150718212 7.464377008378506 994.2362940683961 48.81871443241835 0 43.0469486117363 54.70576141774654 1.741107851266861 7.117821708321571 8.782993823289871 9.826783061027527 1.311089649796486 42.33582926541567 21.38854812085629 14.8751492202282 53.88906253129244 207.803112834692 16.064582452178 156.6386495903134 319.4800016731024 183.3487133011222 57.07485713064671 4.083876669406891 2.824709847569466 0.3118759989738464 0 0 0 0.2455748319625854 0 0.1651940196752548 0 0.1403982490301132 0 1.518720015883446 0.4059275984764099 0.3742521405220032 0 1.06951592117548 0.8356435894966125 0 6.035604983568192 2.0055081397295 0 2.020208209753036 0.6290274932980537 96.2752512767911 7.520944766700268 25.2033429145813 13.63400033116341 3.115428127348423 0 0.1366495341062546 0 0.5174098610877991 1.585717365145683 0.7034547924995422 0.2146594375371933 0.2663929834961891 5.002521857619286 0 0 0.3187018930912018 5.02107448130846 0.1584328263998032 0 0.115280456840992 0.08427746593952179 0.6576972007751465 1.088277615606785 3.247662290930748 3.600784301757812 0.8339244723320007 23.05006075650454 1.841219343245029 0 0.1552625447511673 0 0 0 0 0 0.4280664324760437 186.3068418949842 6.929139286279678 0.3463095724582672 0.3043711856007576 0.1750580817461014 6.257381312549114 2.447027593851089 37.87562250345945 0.08590736240148544 0.8541179895401001 4.067629456520081 3.115678116679192 1.647271268069744 0 0 0 0 0.09546096622943878 0 0 0 212.0650524273515 50.95167624205351 61.91543263942003 261.4389513656497 4.637142531573772 81.33410982787609 32.24364944547415 125.0142023786902 7.124365642666817 3.03221021592617 13.17563968896866 34.70321257412434 0.504534050822258 19.6153134778142 3.169398479163647 86.91044944524765 0 0 1.455775290727615 15.01712873578072 1.967691957950592 217.1564970239997 126.1010736599565
58.59967835992575 1055.196791775525 222.8479104936123 428.0267005860806 652.0588809549809 110.0279275476933 3924.969923980534 86.1036014854908 488.5672980472445 7029.251699581742 1838.688880696893 1446.037467535585 2958.563462473452 3084.778801620007 116.9266027808189 167.0895582735538 2.074665829539299 0.6925701722502708 0 1.479096084833145 3.608726553618908 2.113755568861961 3.121313065290451 4.972498938441277 3.938222400844097 1.797026440501213 4.799564734101295 6.078579984605312 3.687100671231747 3.908749982714653 82.07148765027523 73.67955197393894 312.0019403323531 1.234149284660816 1.376404449343681 0.8484920412302017 808.3938257470727 231.2660585269332 50.28547813743353 8.971048317849636 8.80138248950243 6.782800368964672 0.3376244604587555 9.412171877920628 0.2750479355454445 0.1831880286335945 158.5856802091002 2.189401857554913 0.5642512887716293 0.1771377250552177 1.337216764688492 1.756714724004269 8.511065110564232 4.670061685144901 1.283939637243748 1.896190077066422 11.05960203707218 15.83718074858189 9.801345005631447 15.17228773981333 0.6207805424928665 25.64680296927691 0.3007457107305527 59.4786374643445 1.671744801104069 2.443959482014179 0.6260905042290688 1.416571281850338 2.144301392138004 3.00143975764513 459.0170646384358 9.514455765485764 0.1531852036714554 7.613485760986805 30.86741419881582 130.5445584729314 101.7363629303873 84.93757031112909 5.651804186403751 142.5379649028182 0.6944078952074051 15.46695701032877 6.300668522715569 0 1.640188857913017 5.865779004991055 2.325785636901855 0.2681204155087471 0.1923108920454979 0 0.520983099937439 1.456262312829494 7.641663208603859 8.280309349298477 5.966252841055393 778.1327395364642 18.25309891998768 0 37.55367293208838 54.13624359667301 2.402143128216267 12.30105222761631 16.73178379237652 23.09669920802116 2.81287157535553 71.39714136719704 29.68789588660002 20.31472858786583 114.3558018952608 356.4408155009151 16.39695173501968 217.272391885519 500.3145339861512 263.6834424212575 59.63517277687788 4.576306588947773 5.821314916014671 0.1224013045430183 0 0 0 0.5030728578567505 0 0 0 0.2939793020486832 0 1.892072021961212 0 0.1236231997609138 0.5684454217553139 0.2710391953587532 0.2021960616111755 0 4.241067245602608 2.041756831109524 0.2787088453769684 0.2204730063676834 0.3666761294007301 102.7056223005056 9.110258586704731 27.21831321716309 12.05392036587 6.05699959397316 0.5365820378065109 0.1131030172109604 0.1133165061473846 0.494345411658287 0.9205119535326958 1.019714288413525 0 1.181567639112473 4.124450691044331 0 0 0.1035762056708336 2.556231506168842 0.5161361023783684 0 0 0 0.1748032942414284 1.075298763811588 5.637981727719307 0.7894397377967834 3.759288713335991 31.65047237277031 4.554257489740849 0.120567187666893 0 0.102128729224205 0 0.1524244546890259 0 0 0.5783125162124634 225.2454637810588 4.840307906270027 0.2011733502149582 0 0.3988622352480888 8.293747030198574 4.03838874399662 42.69320822507143 0.9898218363523483 2.659531988203526 3.945838190615177 4.071342937648296 2.960110284388065 0 0 0 0 0.1639989912509918 0 0 0 316.7792207971215 38.37549391388893 65.54293096065521 471.5120468661189 10.42515894025564 233.3732712343335 77.70106036961079 128.1260122358799 16.15614471584558 0.2559754550457001 43.99226834625006 62.40158734470606 0.34945909678936 18.82385456562042 4.535025909543037 115.3653589785099 2.114112749695778 0 2.484149537980556 20.9791127666831 0.6838735491037369 170.1632020771503 124.315013743937
50.64223355799913 1364.881899699569 1074.628904029727 54.51174407452345 1525.759453803301 14.74954327195883 4179.422049321234 619.5213613957167 1514.159174405038 516.9191533327103 2352.415278457105 259.0589434802532 3084.778801620007 592.9101106747985 91.96271912753582 104.319659806788 0.7384786531329155 0.8602029383182526 0.09845227003097534 0.9943905025720596 3.535965196788311 1.289300829172134 4.359142318367958 5.780485048890114 4.79597619920969 1.605830684304237 4.773880764842033 3.244931854307652 3.399154812097549 1.853662952780724 181.1051750481129 110.2743600010872 467.431545548141 2.269977875053883 0.6663764044642448 1.02385613322258 950.4072831273079 297.4482716992497 40.21981411427259 6.199605174362659 7.151459358632565 4.761061891913414 0.226678840816021 6.633607901632786 0.5708621144294739 0.3040697649121284 121.8545726537704 2.386894859373569 0.5958725735545158 0.09404472261667252 0.6216182932257652 0.4966859817504883 3.283834405243397 2.471985749900341 0.6423759534955025 2.741506025195122 12.57642184942961 24.55958279967308 12.29535763710737 21.7538685798645 0.3626812547445297 92.42926970124245 0.07948219776153564 58.36868443340063 2.357327468693256 3.855372481048107 1.325068280100822 1.859556034207344 3.434171967208385 4.266084812581539 221.4157398417592 1.323094755411148 0 13.05734147876501 39.11903890222311 140.7947529256344 93.95537178218365 66.81830170750618 14.1320965141058 81.15739535167813 0.8259959518909454 92.73839328438044 6.210932664573193 0 4.401189558207989 7.686464801430702 3.310445785522461 0 0.1713602766394615 0.2065846621990204 0.2644567042589188 0.4856525659561157 11.00043204426765 5.984538502991199 4.341246016323566 123.2315869629383 2.715052932500839 0 22.55258850753307 33.6109808459878 0 4.199046298861504 2.922958090901375 3.050452798604965 3.991667807102203 20.6027027964592 9.69048435986042 6.76781614869833 31.51441100984812 106.915361367166 6.592174060642719 66.19014462828636 160.2379877194762 92.54796536266804 17.00286094099283 1.848531179130077 2.019703485071659 0.3248460814356804 0 0 0 0 0 0 0 0.3988514095544815 0 0.3592416942119598 0 0 0 0.3257395625114441 0 0 4.203220188617706 0.2741008773446083 0 0.7093639969825745 0 38.04731402546167 4.06310661137104 5.870920367538929 4.437573648989201 1.651615254580975 0.4893358424305916 0 0 0.1344333291053772 0.4277137294411659 0.7861590459942818 0 0 1.005040243268013 0 0.2533704042434692 0 0.9337460398674011 0.1257872432470322 0 0 0 0.09753644466400146 0.3891743123531342 1.372170895338058 0 0.6638205647468567 10.37017500400543 2.004576250910759 0 0 0 0 0 0 0 0 89.20848980545998 1.841454029083252 0 0 0 2.449496433138847 1.319206178188324 13.48900808393955 0.1126916706562042 0.1088735833764076 3.182613931596279 0.6559421867132187 1.473405599594116 0 0 0 0 0 0 0 0 108.0768905356526 20.37915866822004 23.86489477753639 310.5512964650989 10.40931496024132 203.7513995319605 52.74744933843613 48.39161682873964 16.95764520764351 1.472008354961872 36.021155372262 16.53147304058075 0.2472004443407059 8.833089344203472 0.7207518517971039 26.68384078145027 0.1037207096815109 0.1774155348539352 1.789363041520119 18.34403777122498 0.9881874173879623 43.17627683281898 41.58781330287457
