347.6837881952524 1913.764761798084 135.4962742477655 1904.56525362283 20.55727197229862 59.28192339837551 567.2120781540871 65.62823531776667 4.063021242618561 1259.49547046423 63.28191329538822 31.66370145976543 42.8959673345089 97.95658177137375 6.15092970430851 4.405111454427242 0.3267053812742233 0 0.1152529567480087 0 0.2546685039997101 0.1837896406650543 1.203590400516987 1.523696571588516 1.20157752931118 0.4226505607366562 0.3015401810407639 0.1263073086738586 0.1378635913133621 0 1054.585300803185 2.116640791296959 8.929352477192879 0 0.1546773314476013 0.150459349155426 3.009230479598045 1.726619869470596 1.29636973887682 1.070562452077866 0.526702344417572 0 0.620404988527298 0.5686560571193695 0 0.4237080961465836 21.6330536454916 3.594340801239014 0.695996955037117 0.1347630023956299 0 1.351205363869667 0 0.206443578004837 8.187859252095222 15.24158959835768 378.1930122897029 1163.774327747524 44.17068514972925 31.94587332755327 0.6011207401752472 3.006809800863266 0.5705627202987671 14.64337982237339 8.815736949443817 5.942660108208656 0.9419680163264275 1.157576069235802 0.9952596127986908 0.1965984702110291 7.429398089647293 9.916072517633438 1.300800889730453 171.1102430447936 27.8382587954402 67.85538800805807 13.3876720443368 1.519516274333 0.1999279335141182 41.56812769919634 0.6997419148683548 0.4081500023603439 18.2511189058423 0.7656878754496574 6.464163854718208 13.45778457820415 1.99347810447216 0.2463225200772285 2.284718796610832 1.375495985150337 1.489604838192463 0.5933826714754105 1.011012047529221 1.182889945805073 0.6810025721788406 72.18228203803301 7.481594644486904 4.516541093587875 2.076532118022442 1098.212990507483 0.8121801018714905 15.73702907562256 9.066390052437782 7.341749012470245 0.168346107006073 30.38133215904236 23.21657192707062 6.239444904029369 41.69643095880747 22.82963483035564 0.2909579575061798 6.193172104656696 12.62153497338295 5.055552557110786 3.60263030230999 0 0 0 0 0 0 0 0 0 0 0 0 0 0 0 0.1534998863935471 0.6495775505900383 0.1548425555229187 0 0 0 0 0 0 6.412669591605663 0 2.248601369559765 0.7806671857833862 0.3890350162982941 0 0 0 0 0.19655542075634 0 0 0.3947484493255615 0 0 0 0 0.2832372486591339 0.09122505038976669 0.2815828025341034 0 0.259109728038311 0 0.2764298617839813 0.2332645356655121 0 0 2.417274668812752 0.5605939030647278 0 0.09980029612779617 0 0 0 0 0 0 3.019437700510025 0 0 0 0 0 0 0.9315803647041321 0.2189875543117523 0.1059500873088837 0 0 0 0.1054083853960037 0.7120472341775894 0 0 0.2988735735416412 0.1395643651485443 0 0.1204966530203819 3.734937071800232 0.7259021699428558 2.317656964063644 179.822090998292 5.697610773146152 116.3262173682451 20.2249848768115 1203.762204818428 14.0862340927124 6.422009669244289 0.9545120149850845 40.30942511558533 0 0.5187957286834717 0 68.41174632310867 1.320965886116028 0.1349401921033859 0 4.653995841741562 0 244.1473589614034 8.711311340332031
1913.764761798084 1759.956359215081 1585.969270966947 2101.240885093808 1158.973272867501 54.46753276884556 2909.150572426617 976.1425930410624 1183.611180655658 1591.920758396387 1160.702793844044 142.1189435943961 915.0923573821783 1817.333143055439 76.42298944294453 44.42654851824045 2.184325307607651 0.38768021017313 0.6489843726158142 0 0.3148960173130035 0 3.396028369665146 4.762223333120346 1.743889294564724 0.4988064616918564 1.248351484537125 0.2130449339747429 0.5613133162260056 0.907487764954567 2800.509500034153 25.21275810152292 53.34188893437386 0.2075088173151016 0.7163062989711761 1.50428631156683 29.42514453828335 4.224854730069637 13.48885555565357 3.396460451185703 4.074834480881691 1.057237654924393 0.2220634818077087 2.495269306004047 0.6451964005827904 1.794251628220081 158.4415681734681 17.19731006026268 2.966969110071659 0.2257534489035606 1.296878188848495 0.1655493825674057 0.7822448313236237 0.6177244484424591 30.64333909004927 51.54710304737091 326.7042775526643 1205.723605580628 117.8892410770059 141.4196702390909 1.417087629437447 8.184975661337376 1.009524747729301 128.2272700816393 29.33924333751202 19.95838624984026 6.420922227203846 4.672148779034615 4.28568984568119 3.308546096086502 11.51268451660872 5.46663698554039 0 613.7848247438669 160.7322840020061 495.1468145176768 157.953979216516 21.40305632352829 4.17363803088665 178.0382951945066 2.400288745760918 3.702447757124901 84.36727569252253 1.245357573032379 25.70616402477026 44.2548593878746 13.63527373224497 0.8862840905785561 7.819053322076797 0.195820078253746 1.970165558159351 0.4746012836694717 6.409638501703739 2.436350241303444 0.4840708374977112 9.70476172119379 16.32010497152805 0.1463178843259811 9.695301316678524 361.421772621572 2.449029684066772 6.394395217299461 8.727328285574913 7.086215898394585 1.103564903140068 38.19597181677818 9.708356618881226 9.666913785040379 37.73835667222738 19.44475525617599 1.09387044608593 14.50138901919127 20.89248978346586 12.69965360313654 15.27448172867298 0 0.4483062252402306 0 0 0 0 0 0.2963612675666809 0 0 0.4394604563713074 0 0 0 0 0 0.1391451358795166 0.1222456991672516 0 0.4502693265676498 0 0 0 0 37.05182205885649 0.6793000251054764 11.8925941362977 21.07566163688898 2.426187269389629 0 0 0 0 0 0.2436345219612122 0 0.4205625951290131 0.5849534273147583 0 0 0 1.032042764127254 0.2594528198242188 0.7443953678011894 0 0.8679204881191254 0.7818741500377655 0.4363158941268921 1.153368428349495 0.5523931980133057 1.326477110385895 5.427289828658104 0 0.1053414270281792 0.1082834228873253 0.5767699629068375 0 0.4390386641025543 0 0 0 11.27706399559975 1.314240425825119 0 0 0 1.795461401343346 0.5559565424919128 6.217486917972565 1.614834919571877 0.2132357954978943 2.316656887531281 0 0.2937456071376801 0 1.173568390309811 0 0 0.3930486291646957 0.09752530604600906 0 0 6.628812447190285 10.02158249914646 23.39632628858089 315.8410045579076 24.79251085966825 650.2661134973168 106.667447887361 823.2643996104598 68.77916045486927 6.526731714606285 16.57712996006012 25.27175731956959 0.3875429034233093 3.395342394709587 1.281340874731541 36.58924658596516 1.032639905810356 0.209373950958252 0.3389793932437897 4.759337276220322 1.243134215474129 239.750890634954 15.0170858874917
135.4962742477655 1585.969270966947 1339.120108231902 24.91178207099438 543.7292203307152 9.398263394832611 109.9261274859309 4396.395991489291 633.3330936282873 48.49602396786213 1299.749509811401 7.241008549928665 148.4732157066464 1666.34907528013 28.40218584984541 37.81281196326017 1.498877078294754 1.327347375452518 0.453919306397438 1.500376403331757 5.75849998742342 0.263424426317215 56.72132107615471 47.59866809844971 19.71881704777479 7.382521390914917 22.36750479787588 2.812427967786789 6.544783003628254 10.81732769310474 7216.469397395849 99.09132062643766 132.0153052061796 0.5593706667423248 13.36586458235979 3.359190881252289 16.45694644004107 9.071414582431316 15.77363312989473 16.77338615804911 28.24488270282745 12.13220873475075 1.121716201305389 6.126601777970791 0.8919549658894539 4.968834027647972 40.22111468762159 6.231052681803703 3.132523372769356 2.283106110990047 7.997684635221958 0.7030351683497429 3.935364529490471 0.9029657319188118 7.079517059028149 12.9456739872694 160.5222755670547 864.2793710380793 44.4927122592926 32.25570747256279 26.71912964433432 39.40709269791842 3.19760575145483 82.5711470246315 7.375644467771053 5.72364604473114 3.161399371922016 4.390927992761135 24.07977014780045 18.03558961302042 14.24477434903383 4.154748648405075 0 188.9257624819875 59.31298929452896 129.3691052347422 61.04206477105618 21.20449833571911 45.67061750590801 1106.252308614552 9.016246825456619 97.18558643758297 19.23382905870676 0.6784064099192619 6.996569238603115 9.829506292939186 6.531205996870995 0.1921471655368805 2.698157034814358 0 3.149967268109322 1.111904561519623 54.42622117698193 25.33181617408991 7.055012039840221 4.582989372313023 6.509432345628738 0 5.588861219584942 54.48126146942377 0 2.705200344324112 0.7786388993263245 0.3626450747251511 0.2919860333204269 1.197814911603928 0.6928809583187103 1.621183730661869 2.225388139486313 3.209256276488304 0.218917042016983 0.7188372984528542 4.147026143968105 3.633056864142418 4.984523132443428 0.2474470809102058 0 0 0 0 0.1643142551183701 0.285216361284256 0.1439182311296463 0 0 1.530605047941208 0 0.3139461055397987 0.1396779119968414 0.160881981253624 1.183784812688828 0.3570142611861229 0.8997862935066223 0.5376204252243042 0 0 0.1079096123576164 0 0 9.976980537176132 0.2678658366203308 2.828506670892239 9.98982647806406 1.09260218590498 0.5055304169654846 0.178261399269104 0.509315013885498 0 0 0.386638231575489 0.3855049610137939 0 0.1287921667098999 0 0.2120899111032486 1.095978915691376 1.069206804037094 2.229363545775414 0.2362077534198761 0 0.0831151157617569 0 0.309430867433548 0 0.1247078254818916 0.8446189165115356 1.261528305709362 0.1266278177499771 0 0 0.2391998693346977 0 0.8549973219633102 0 0.1545168906450272 0.7036801427602768 2.132978335022926 0.3116381838917732 0.2731454148888588 0.4331148564815521 1.224472165107727 0.1235782951116562 0 1.050387248396873 0.5647391229867935 0.5542692989110947 0.3771776407957077 0 0 0.3605254590511322 0.1865096092224121 0 0 0.2495557740330696 0 1.160180300474167 0.3526012003421783 1.110923953354359 5.448437266051769 9.182686053216457 76.69248444586992 8.670508034527302 172.7578801587224 33.50874528288841 151.2923146113753 16.05598939955235 1.973718270659447 2.846869930624962 5.523881703615189 0.1837461739778519 1.954507730901241 1.321315363049507 5.918614953756332 0 0 0 3.823595568537712 0.1688705235719681 45.03268936276436 5.146597743034363
1904.56525362283 2101.240885093808 24.91178207099438 539.224626287818 108.6611381322145 137.3075802177191 1028.073538295925 2.129538163542747 13.15379345417023 2747.04921746999 3.441711291670799 284.6030197888613 843.4590834379196 56.1642874032259 4.106231190264225 1.270043224096298 0.7773847132921219 0 0 0 0 0 0.1423674523830414 0 0 0.1169569045305252 0 0.1146982684731483 0 0 172.8212047144771 1.934676200151443 0 0 0 0 0.1357875466346741 0 0.3923698216676712 0 0 0 0 0.1955891251564026 0 0.2227199748158455 21.81662866473198 2.334856532514095 0.2539484351873398 0.1209076195955276 0.1165560930967331 0.2049225270748138 0 0 5.744945637881756 10.09493715316057 70.42423368990421 194.5909288302064 21.51623904705048 25.22542627155781 0 0 0 16.05295700579882 5.5040637627244 2.855934612452984 1.009670533239841 0.7363038882613182 0.1095895394682884 0 1.40070141851902 2.259925335645676 0.3041414022445679 103.7863685712218 22.44846551120281 62.56104996800423 14.58924427628517 1.226257361471653 0.2330788001418114 0 0 0 17.11974117904902 0.2847124040126801 5.095273092389107 7.339372269809246 1.638494521379471 0.4322617277503014 1.854050576686859 0.5775336548686028 0.8881671130657196 0.2025926634669304 0.09420941770076752 0 0 38.48500734567642 2.79131368547678 0.1746555715799332 0 381.6045720502734 0.6502239406108856 25.11964726448059 22.85805623233318 25.01778329908848 0.169198289513588 36.34186084568501 52.81582735478878 35.86275970935822 63.5715861171484 55.20902715623379 0 24.02654809504747 35.13698998093605 15.65049640834332 8.67998268455267 0 0 0 0 0 0 0 0 0 0 0 0 0 0 0 0 0 0 0 1.868064701557159 0.1007518991827965 0 0 0 14.81864028424025 0 2.058594822883606 1.379067838191986 0.652943029999733 0.2159663885831833 0 0 0 0 0 0 0.3252092003822327 1.401134863495827 0 0 0.1114116311073303 0.5556281358003616 0 0.6739982292056084 0.1774442195892334 0.4164240956306458 1.444133430719376 1.497622840106487 0.1502285003662109 0 0 1.91720449924469 0 0.1351209580898285 0 0 0 0 0 0 0.09594346582889557 7.413983248174191 0 0 0.1048988774418831 0 0.2485515475273132 0.2861849665641785 1.332715794444084 2.13963507860899 1.233855679631233 1.417177714407444 0 0 0 0.1127592921257019 0 0.1725781708955765 0 0 0 0 10.48807674646378 0 2.41337127238512 134.3960546031594 1.993606925010681 98.59815775603056 12.48659806698561 996.0435038283467 10.05460141599178 1.224746018648148 1.716870993375778 39.19203162193298 0.3094912767410278 5.106879062950611 1.681741140782833 85.77391581982374 2.125011421740055 0.1558454036712646 0.906566247344017 3.687907457351685 0 582.5967377647758 9.01976178586483
20.55727197229862 1158.973272867501 543.7292203307152 108.6611381322145 2198.548347868025 1.664928004145622 2651.756402663887 424.0950192734599 6853.429534040391 1111.517699226737 1576.90648445487 80.00603777170181 993.1365200802684 2441.71900485456 58.42659360170364 39.40939528495073 1.236368864774704 0.2754170149564743 0.1585216075181961 0.1887312904000282 0.3121880441904068 0 0.4759475141763687 0.3779571652412415 0.3701969534158707 0.1448028832674026 0 0 0 0.1533545553684235 144.7745271474123 12.20327259600163 5.904415845870972 0.1468357890844345 0 0.3445339798927307 11.24388652294874 3.962868630886078 16.30513310432434 0.6565127968788147 0.9888004660606384 0.6349676847457886 0 0.9304192215204239 0.1101644188165665 0.5494115203619003 72.84018511325121 6.456453382968903 0.9047257825732231 0.8086660876870155 0 0 0.1782941594719887 0.1281673759222031 8.803076304495335 13.62388052791357 47.10058505088091 100.6040656119585 24.15675868839025 47.96873737126589 0.5311872959136963 3.223636940121651 0.1775762066245079 41.46367039531469 6.466745793819427 4.242310486733913 1.388336487114429 1.504994854331017 0.1956690400838852 0.2826877534389496 11.90162511914968 4.229066833853722 0 139.4339115619659 41.6649522408843 229.7483541220427 95.03808731585741 18.22111946344376 0.6962591558694839 5.112516716122627 0.576592817902565 0.8218335658311844 24.208969168365 0.8982537388801575 6.767096690833569 9.614725276827812 5.369726471602917 0.4893037080764771 3.528110973536968 0.1386977583169937 0.4280329793691635 0.5696903094649315 1.559153027832508 0.09687601774930954 0.1661781370639801 6.041402295231819 23.94951581954956 0 12.71148212999105 3.202221661806107 2.004050761461258 2.123239576816559 2.359875239431858 1.129692941904068 0.1772225499153137 10.15597601234913 2.384961634874344 10.3140220567584 19.00919255614281 11.50999097526073 1.465681239962578 12.25389421731234 15.66325049847364 11.01387143135071 14.61241471767426 0 0 0 0 0 0 0 0 0 0 0 0 0.1341734081506729 0 0.09151314198970795 0 0.4196436852216721 0 0 3.472650393843651 1.191443771123886 0 0 0.1136394813656807 46.32715783268213 0.4876553416252136 26.77471968531609 41.88978581875563 1.94199113547802 0 0 0 0 0.3848316371440887 0.115868479013443 0 0.2559576034545898 0.3427228853106499 0 0 0 3.927077382802963 0 0.5498880743980408 0 0 2.019550889730453 3.480210483074188 1.267386674880981 0 3.202039405703545 9.249973706901073 0.736909344792366 0 0 0 0 0 0 0 0.1075194552540779 17.1739934310317 1.0410276055336 0 0 0 3.046405628323555 1.59913831949234 10.61443574726582 3.855568021535873 1.997265160083771 2.374388962984085 0 0 0 0.1178989857435226 0 0 0.1009122878313065 0 0 0 5.323406055569649 16.52731528133154 44.71852784603834 302.3838094770908 17.66949529200792 355.3314220905304 70.51067232340574 61.51143664121628 40.38233849406242 2.09066466242075 19.64316210150719 20.75572348386049 0 10.61771599948406 3.011268585920334 27.67277124524117 0.4345239400863647 0 1.452363073825836 12.1624893695116 0.8230491280555725 37.86421564221382 10.91262358427048
59.28192339837551 54.46753276884556 9.398263394832611 137.3075802177191 1.664928004145622 2.335956826806068 17.61842589080334 0.9697810858488083 0.1995604783296585 310.4850457310677 4.166646838188171 158.7099836915731 70.55807791650295 4.678593203425407 0.533598855137825 0.6065661832690239 0 0 0 0 0 9.965476885437965 0 0 0 0 0 0 0 0 16.3487516567111 0 6.837370842695236 0 0 0 20.36705493927002 0.9762899130582809 3.107536301016808 0 0 0 0.2142324000597 0.177546501159668 0 0 0.8323918282985687 0 0 0 0 9.985635593533516 5.301298767328262 0.2902024984359741 0.121311217546463 1.908503204584122 62.52900198847055 9.236238725483418 2.314920507371426 1.111031085252762 0 1.533029705286026 0 0 0 0.1118558719754219 0 0.1381794214248657 0 0 38.79871062934399 165.4387459754944 18.14506275951862 1.793704494833946 0.7245064824819565 1.197288781404495 0.315699078142643 0.1010832339525223 0 1.89190348982811 0.1744027882814407 1.740446694195271 0.4630476832389832 1.998179286718369 0.236173965036869 2.107664726674557 0 5.313226751983166 4.890270613133907 15.40806967020035 1.238659873604774 4.292492762207985 0 0 0.8375274389982224 181.807059854269 111.8379013091326 61.6549357175827 16.47964850068092 334.075080871582 0 0.8148092925548553 2.353759944438934 0.7467613816261292 0 1.832300581037998 7.759732887148857 1.287255391478539 11.15936531871557 5.87627387046814 0.914216935634613 3.710689343512058 5.965080320835114 2.337273560464382 0.8437726572155952 0 0 0 0 0 0 0 0 0 0 0 0 0 0 0 0 0.1548426151275635 0 0 0 0 0 0 0 1.571502193808556 0.1458824872970581 0.1326432824134827 0.4541079849004745 0 0 0 0 0 0 0 0 0.1137388646602631 0 0 0 0.2297227829694748 0.3009952306747437 0 0 0 0 0 0.3257442116737366 0 0.2713975608348846 0 0 0 0 0 0 0 0 0.1387666314840317 0 0 1.197172299027443 0.1638777405023575 0.2231278866529465 0 0 0 0 0 0 0 0 0 0 0 0 0 0 0 0.1146313175559044 0 0 1.759389810264111 0.9433348327875137 0.865164615213871 6.125000312924385 0.6808543130755424 4.149430751800537 0.9309518039226532 115.8070513159037 0.9605362117290497 0 0.643410325050354 4.063225656747818 0 0 0 9.149567872285843 0 0 0 0.6411887407302856 0 60.82619346678257 1.435545533895493
567.2120781540871 2909.150572426617 109.9261274859309 1028.073538295925 2651.756402663887 17.61842589080334 1244.429829955101 74.25023113191128 3928.071726933122 3015.744187802076 414.387801155448 220.0697891414165 3260.737319335341 1955.429885514081 50.76677286624908 32.82393871992826 0.2216484695672989 0.2300009429454803 0.3758833557367325 0.1169914901256561 0 0 0.4844923093914986 0.2248336225748062 0.4713584557175636 0 0.3964996933937073 0 0 0.3245217949151993 161.9771439582109 5.278694249689579 6.312425829470158 0.4186624586582184 0.112482488155365 0 8.924662195146084 2.282281801104546 12.64579141139984 0 0.144914373755455 0.3279700875282288 0.2193004041910172 1.986110366880894 0.3203178197145462 0.2154347747564316 76.33695937693119 7.92924627661705 1.116105236113071 0 0.9079666659235954 0.3741922974586487 0.5625611245632172 0.2643368020653725 12.23193293064833 15.29372680932283 74.47895005345345 173.1201166212559 34.63776073604822 53.72249774634838 0.2663301825523376 0.4207233339548111 0.3188975751399994 36.22121259570122 7.728356644511223 6.845914445817471 1.575591348111629 1.89436224848032 0.773761048913002 0.1075370162725449 10.44002670049667 5.909267231822014 0.2189102694392204 189.627420976758 54.88400817662477 221.9424772039056 81.63285579532385 15.55192922055721 0.8430623859167099 1.91576374322176 0.6208260282874107 1.77326587587595 29.4805475845933 0.9175389334559441 9.726005606353283 11.92541410773993 4.735665559768677 0.2133138403296471 3.207633532583714 0.1189722418785095 1.444673769176006 0.1934313401579857 0.2488526329398155 1.262795485556126 0.2308564186096191 8.68270742893219 14.25618247687817 0 9.211611099541187 42.37912587821484 3.222609207034111 10.73353096842766 10.32275438308716 10.40226979553699 1.072737395763397 21.67392971366644 14.4751592874527 15.62846822291613 46.99078349024057 40.12903328239918 2.87059910595417 24.10998889803886 29.76123405247927 19.90354190766811 25.21908497065306 1.622418202459812 0.3336003720760345 0 0.4984060227870941 0 0 0 0.1305101215839386 0 0 0 0 0.2203616201877594 0 0 0 0.164290115237236 0.1103427335619926 0 4.820630744099617 0.8622170090675354 0 0 0.4173595309257507 65.52775609493256 1.425737351179123 28.25643695890903 46.15930518507957 3.259947136044502 0.1159501299262047 0 0 0 0 0 0 1.539895549416542 0.3856377452611923 0 0 0 5.317134976387024 0.129692405462265 0.3442514017224312 0 0.1332119852304459 4.150579087436199 4.542639054358006 0 0.2455262988805771 1.948573932051659 15.40830984711647 0.3003895580768585 0 0.5837147384881973 0 0.2382252961397171 0 0 0 0 20.51661501079798 1.6296466588974 0 0 0.2701699584722519 3.738328456878662 0.6347541809082031 10.60317121446133 3.925896093249321 1.415650978684425 1.886623725295067 0.09972663223743439 0 0.4154865741729736 0 0 0 0.09979758411645889 0 0 0 11.7410881370306 16.19484955817461 49.11915419995785 297.1402645558119 17.25292558223009 379.8545398265123 71.87240892648697 205.7386248111725 42.35001497715712 2.221296839416027 15.70631913095713 41.09195479005575 0.3147218823432922 16.30178892612457 3.112511560320854 56.27095781266689 2.228070288896561 1.851015418767929 0.7825981229543686 11.07200565934181 1.696538969874382 114.110365062952 16.61508816480637
65.62823531776667 976.1425930410624 4396.395991489291 2.129538163542747 424.0950192734599 0.9697810858488083 74.25023113191128 2213.151137053967 426.4100805670023 33.92496763169765 1705.349223591387 47.15490058809519 367.9698909074068 1581.141121424735 93.91598364710808 90.80709618330002 2.622450530529022 2.440483763813972 0.3066392540931702 3.433627754449844 12.58974727988243 1.013996362686157 84.45942778140306 74.14204154163599 37.09144809097052 10.90390085428953 31.56252642720938 1.410960286855698 6.949499569833279 22.08013651520014 2230.68852250278 1534.087368294597 271.3325864523649 1.00549641251564 25.81904730200768 6.043313503265381 76.67903356999159 23.96624130010605 36.9714068248868 33.05000121146441 46.63479556888342 15.5950818285346 2.333004884421825 10.43242101371288 1.664916552603245 14.66166052222252 102.3409525677562 7.488761715590954 3.630491748452187 3.264516957104206 11.32419283688068 2.380279958248138 4.320867598056793 2.371871948242188 8.434530362486839 12.35551875084639 92.35990719497204 283.8795057684183 28.62651553750038 49.5894271209836 106.0598884522915 143.7848217710853 16.508968539536 322.4758710116148 6.466277413070202 6.569017700850964 4.809551879763603 5.36878626793623 30.17968295514584 30.22491795569658 40.15312801301479 9.681812755763531 0 186.4337403103709 116.5163911655545 359.9792459756136 283.8964470997453 422.0551064908504 1556.099966518581 3363.028535999358 63.76363100111485 842.9384518787265 26.39603040367365 0.4775266200304031 6.440378285944462 10.68821689486504 10.69737336784601 0.3713755011558533 3.127935133874416 0 5.455182738602161 1.753020167350769 84.69969508051872 40.63808194547892 11.47238846868277 19.71889597177505 12.52770005166531 0 13.44060844928026 10.55892486125231 0 0.3205256760120392 0.8403801470994949 0 0 1.665917456150055 0.1372029483318329 2.78239381313324 4.047859326004982 3.542881414294243 0.4580821245908737 1.739871025085449 5.930759400129318 3.774490125477314 6.79737938195467 0.6458817049860954 0 0 0.2512229606509209 0.1512080579996109 0 0.234419010579586 0.5716676712036133 0 0 1.73405122756958 0 0.6030614972114563 0 0.2464861497282982 0.888324648141861 1.359368741512299 0.6572477221488953 0.1087352409958839 0.1536730378866196 0 0 0.141857773065567 0 19.92623080313206 0.5647763088345528 10.02159874886274 23.307901956141 1.449679583311081 1.648616552352905 0.1520498543977737 0.7306091338396072 0 0 0.4275864809751511 1.100636467337608 0.1476529985666275 0.3700734227895737 0 0.1344079375267029 2.086677998304367 2.426253229379654 4.101608395576477 0.4154733419418335 0 0.6505791917443275 0.5999586135149002 0.6738877594470978 0 0 0.4401459470391273 3.441786348819733 0 0.4486861824989319 0.2415996938943863 0.111749641597271 0.1476101279258728 0.4375419393181801 0 0.534867137670517 0.8868928700685501 7.009877286851406 1.160307750105858 0 0 1.8394730463624 0.7088203430175781 0.7251398265361786 2.739174753427505 2.085106238722801 0.4819610565900803 1.129316069185734 0.2176593095064163 0 0.4231210872530937 0.1513434648513794 0 0.1249175667762756 0.09468408674001694 0.1399658769369125 1.02716076374054 0.2907532453536987 2.998459793627262 9.512789227068424 22.897475451231 228.1183239594102 15.50025819987059 410.7225559279323 83.84002235531807 44.20366974174976 22.85449732840061 1.797609202563763 13.74588687717915 5.192604623734951 0.1071630045771599 4.124732464551926 1.575701609253883 7.758585765957832 0.2722002267837524 0.2999691665172577 0.6931280493736267 16.48581339418888 0 32.65397120267153 11.6017964631319
4.063021242618561 1183.611180655658 633.3330936282873 13.15379345417023 6853.429534040391 0.1995604783296585 3928.071726933122 426.4100805670023 2132.426403865218 219.5034734755754 2056.420941896737 46.67945499718189 1819.71135071665 2729.978602237999 16.91019432246685 12.88910100609064 0.3654011338949203 0.1325698047876358 0 0.1233933418989182 0 0 0.4883233979344368 0.5477951616048813 0.2516697198152542 0 0.1267075389623642 0 0 0 7.857247054576874 1.420309886336327 2.544549532234669 0 0 0 3.089275822043419 0.6963144838809967 2.566908955574036 0 0 0.1660965830087662 0.2493296265602112 0.3485056683421135 0 0.2338185831904411 14.04853615909815 0.8534434139728546 0.207419216632843 0 0.283207543194294 0 0 0 1.192034505307674 1.405947670340538 7.08896928280592 6.461700595915318 2.154568716883659 6.927195072174072 0.1246731504797935 0.3319655358791351 0.5613771826028824 4.999206110835075 1.148042351007462 0.4469249695539474 0.09988106042146683 0.6741224974393845 0.09378410130739212 0 3.762207582592964 1.484026581048965 0 14.1605993360281 5.63063221424818 39.64656732976437 20.18439418822527 5.650875940918922 0.1345569789409637 2.001066289842129 0.09540219604969025 0.3280103877186775 2.156832158565521 0 0.3821388110518456 0.6995897740125656 0.446896567940712 0 0.4367315396666527 0 0 0 0.4883580133318901 0.1880558431148529 0.1296306699514389 2.022476583719254 4.695433273911476 0 1.632396899163723 1.359747260808945 0.3148413896560669 0.730133593082428 1.031991064548492 0.1614947021007538 0.2027114480733871 3.847148135304451 1.213137745857239 6.842810094356537 7.254004336893559 5.703294083476067 0 2.161872290074825 4.697398021817207 2.242012962698936 4.55060376226902 0 0.1319320648908615 0 0 0 0 0 0 0 0 0 0 0 0 0 0 0.1254849880933762 0 0 0.3333838880062103 0.297752171754837 0 0 0 13.24821095168591 0 6.20391721278429 11.3852613568306 0.4096279293298721 0 0 0 0 0 0.2043682634830475 0 0.4357507303357124 0.2868561744689941 0 0 0 0.2745801359415054 0.1509124785661697 0 0 0 1.76507180929184 2.136098794639111 0 0 0 4.097651824355125 1.293888449668884 0.1716143190860748 0 0 0 0 0 0 0 5.411940447986126 0.1501318216323853 0 0 0 0.8677025437355042 0 3.548398569226265 1.009572274982929 1.330207586288452 0 0 0 0 0 0 0 0 0 0 0 3.066382475197315 5.432973295450211 11.50204496085644 96.53107617050409 6.14472109079361 72.03906033188105 18.91591470688581 13.13827180117369 6.466641835868359 0.1701824218034744 4.253057241439819 7.795398660004139 0.3237181603908539 1.177603214979172 2.32140739262104 8.65679881721735 0.1553521305322647 0 0 3.111022159457207 0 7.996696129441261 5.723930299282074
1259.49547046423 1591.920758396387 48.49602396786213 2747.04921746999 1111.517699226737 310.4850457310677 3015.744187802076 33.92496763169765 219.5034734755754 2700.902784243226 141.1842718869448 1574.682777628303 7391.940751545131 318.3316146433353 30.78283863514662 14.65134526789188 0.8564023375511169 0.1347456425428391 0 0.2207663506269455 0 0 0.1087362021207809 0.1184342727065086 0.1433502286672592 0 0 0 0.172237366437912 0.1529453247785568 92.36920503526926 1.720318272709846 17.03283014893532 0.5239905118942261 0 0 37.78634503483772 5.95798148214817 20.76476609706879 0.7000711560249329 0.2751727998256683 0 0 0.8197463229298592 0.3682928681373596 0 44.62107768654823 5.064216032624245 0.6852026507258415 0.1325636804103851 0.1683200597763062 0.1888938397169113 0.1257312446832657 0 6.412598438560963 9.763198800384998 69.43601307272911 126.0725310742855 19.00771229714155 25.33597334474325 0.3691324889659882 4.225838124752045 0.1057896018028259 14.69720009714365 4.59597197920084 2.415459766983986 1.087045691907406 0.3852719366550446 0 0.3088579028844833 63.53685590624809 20.82432723790407 0.5145692676305771 100.9586459621787 18.53090792894363 99.84328860044479 29.18417416512966 5.237035498023033 0.3158199042081833 0.8252353966236115 0 0.6765118390321732 16.74846778064966 0.9556893482804298 3.300464905798435 8.693290695548058 2.510996140539646 0.620979480445385 0.8977176249027252 0.2600916177034378 0.4372554570436478 0.16314996778965 0.2858895808458328 0.287680059671402 0.1238145604729652 176.1489233523607 77.99796298146248 0.8799689263105392 31.06390124559402 473.9581513553858 6.679556503891945 55.45040600001812 94.03212710469961 65.16696763038635 8.115404576063156 139.7552815079689 179.5880151465535 114.3980055302382 375.7627892419696 212.4664267152548 7.063169807195663 194.0720308870077 302.42299041152 226.1857553273439 124.3431948125362 0.4113823622465134 1.170938938856125 0 0 0 0 0 0 0 0 0 0 0.2009688913822174 0 0 0 0.8944283425807953 0.8692726492881775 0 8.800926625728607 3.296728909015656 0 1.538137957453728 0 270.2518121227622 8.665640845894814 74.79272032529116 100.9574943482876 8.105483114719391 0 0 0 0 1.780969321727753 0.2739981263875961 0 1.288428366184235 4.22359673678875 0 0 0 7.434819489717484 0 0.3549350947141647 0.1782487630844116 0.7944460287690163 8.627706378698349 10.48925361037254 4.859249398112297 0.4586865901947021 5.623035952448845 45.88074605166912 1.297217957675457 0 0 0.1372012495994568 0.2558236122131348 0 0 0 0 136.7879486232996 1.902072191238403 0.4201776385307312 0.3049819245934486 0.3271358162164688 8.408098205924034 3.303257599473 15.61781999468803 12.31079741567373 8.678614243865013 2.844616860151291 0.1688026338815689 0.1297104060649872 0.408654510974884 0.3121913373470306 0 0 0.5667992532253265 0 0 0 105.111554980278 49.12598816305399 117.262160807848 539.5945152491331 17.95900830626488 232.1802780777216 61.03450182825327 809.9071747362614 29.38360641896725 2.156346634030342 18.06722654402256 179.1234024763107 0.948769748210907 19.37494380772114 8.352881789207458 339.0855950117111 3.710762351751328 0 1.556072071194649 7.091426655650139 0.2904632389545441 1039.752172835171 99.66358876228333
63.28191329538822 1160.702793844044 1299.749509811401 3.441711291670799 1576.90648445487 4.166646838188171 414.387801155448 1705.349223591387 2056.420941896737 141.1842718869448 1037.996004514396 167.1529536619782 2440.121347486973 5242.947395868599 93.761335760355 90.50811466574669 0.9699745178222656 1.019600942730904 0.212579533457756 0.5891328454017639 0.5422888100147247 1.431194797158241 19.89241391420364 15.24249433726072 16.99958068877459 1.124233953654766 11.32484076917171 0.5969294831156731 3.41078720241785 5.791849389672279 335.861718647182 40.97968523204327 729.2188243418932 0.3922172635793686 2.941876374185085 6.494830325245857 301.8962832838297 30.63534051179886 41.08396435528994 16.23696558177471 11.85161639750004 7.213083133101463 0.7799395173788071 8.871571473777294 0.7918740659952164 2.287897348403931 79.00903084874153 6.4206403195858 1.970122292637825 1.72905658185482 6.700998358428478 0.7598012238740921 3.694284945726395 0.9367469996213913 4.273452498018742 6.170129299163818 33.42042627930641 81.41206733137369 16.48030650615692 37.2014964222908 3.008250743150711 89.08309343457222 0.8729462027549744 38.05852538347244 3.545892633497715 4.969130970537663 2.586696773767471 1.879504978656769 6.167348794639111 3.80627503991127 63.1695459485054 8.102749317884445 0 88.23666750639677 38.56540694832802 226.4486590400338 119.5889084115624 39.83972140401602 79.15923073887825 1595.002698488533 2.33868458122015 36.29975652694702 15.88568057119846 0 4.341967582702637 5.424895435571671 5.72497845441103 0 1.793540969491005 0 2.505179882049561 1.915965422987938 19.018260166049 14.09678702056408 4.081876799464226 29.41345957666636 24.78593626618385 0 22.67011483758688 10.11116034537554 3.506625637412071 0.2195802330970764 0.4115486890077591 1.084419146180153 0.2398589104413986 7.144979700446129 0.971246063709259 6.448529064655304 11.59011036157608 9.083617873489857 0.4520613551139832 6.201834075152874 11.04487191140652 9.242296189069748 12.60705690085888 0.6904168874025345 0.7240228056907654 0 0 0 0 0 0.2586257457733154 0 0 1.070661664009094 0 0.2253194451332092 0 0 0.7595183402299881 0.5184384360909462 0.6712833791971207 0 2.552873685956001 0.4619748517870903 0 0 0 40.33782977610826 1.228188812732697 16.95595211535692 32.90657079964876 1.572809502482414 0.6139674037694931 0 0 0.179348886013031 0 0 0.6182218417525291 0.2188228666782379 0.6106843948364258 0.1672094315290451 0.4635001868009567 0.4941469877958298 3.126345291733742 2.000435002148151 0.7335731685161591 0.1211002692580223 0.2015535682439804 1.735829308629036 3.199229821562767 0 0 3.781892031431198 6.08982191234827 0 0.2497246265411377 0 0 0.1504756212234497 0 0 0 0.3487808406352997 16.41045056283474 0.4895582348108292 0.1854308694601059 0.3909227550029755 0.5762612894177437 0.572801411151886 0.2531684339046478 3.886176452040672 3.74262498319149 0.5861329287290573 0.8742872029542923 0.5638811588287354 0.1127461194992065 0.1429287046194077 0.2694619745016098 0 0.148965910077095 0.3328051716089249 0.4811061173677444 0.1704201549291611 0 5.019173666834831 18.2541686668992 39.05905228853226 328.3953870013356 18.25802557170391 322.4926259815693 83.93602555990219 53.90101408213377 29.69764822721481 1.728884264826775 22.06658267974854 11.41456457227468 0 6.194393843412399 0.6371400430798531 10.8956041932106 1.885047972202301 0 0.6112755537033081 13.99321675300598 0.2785416841506958 33.32224155217409 16.07295072823763
31.66370145976543 142.1189435943961 7.241008549928665 284.6030197888613 80.00603777170181 158.7099836915731 220.0697891414165 47.15490058809519 46.67945499718189 1574.682777628303 167.1529536619782 87.63785140961409 851.08917016536 203.247004121542 46.31790561228991 56.01847180724144 0.9936402663588524 0.1391680985689163 0 0.1672113388776779 0.1524470299482346 0 2.732449427247047 2.570077255368233 1.064148984849453 0.4742073863744736 0.7696161717176437 0.1446112394332886 0.5219642817974091 0.3440250903367996 5.129743024706841 0 74.50808415561914 0 0 1.636712819337845 146.9060909897089 20.65095712244511 13.99560071527958 2.059946149587631 1.288961321115494 2.037327989935875 0 6.713212437927723 0.2488088086247444 0.746130459010601 37.37757072597742 0.7795708626508713 0.7611322849988937 0 1.323193028569221 0.1999712437391281 0.4092633202672005 0.293951541185379 0.6703367978334427 0.8678505644202232 11.27321955561638 4.375370904803276 4.287313923239708 7.812775246798992 1.489680379629135 26.26286052167416 0 2.527905151247978 0.3020921349525452 0.6857877969741821 0.3060594126582146 0.7382939904928207 1.543703585863113 0.2478017061948776 91.07588534802198 13.04698782414198 0 11.87858946621418 3.499924153089523 56.63270510733128 23.40104002505541 23.16790015995502 0 31.79494279623032 0.796992614865303 7.109076499938965 2.745661854743958 0 0.4730499014258385 0.7924692779779434 1.985278993844986 0 0.2981305941939354 0.2569518089294434 0.5728437080979347 0.5135832130908966 2.373272866010666 4.053156465291977 1.239420294761658 821.279316522181 78.59410263597965 0.2579315602779388 49.36764252185822 136.7818532139063 4.624996900558472 29.01644874364138 36.46401270478964 26.43564736098051 5.241607002913952 85.57141998410225 62.47906257212162 99.42190665751696 194.9696078673005 159.4733833447099 4.23924432694912 139.7143543735147 215.2050137445331 131.7463543638587 154.1413233801723 0.6834186539053917 1.267140716314316 0 1.519625902175903 0 0 0 0 0 0.4318427443504333 0 0 0.4623926877975464 0 0.1364298164844513 0.6497383862733841 0.420191690325737 0 0.1625223606824875 6.420800566673279 3.438730746507645 0.3552598059177399 0 0 316.3145060911775 2.371166884899139 68.84252944588661 64.8496216610074 0.6328239217400551 0 0 0.1106694936752319 0 0.4389395415782928 1.363487049937248 0 1.496607422828674 3.3964584171772 0 0.5368794798851013 0.2592027187347412 3.794936157763004 0.1893936544656754 0 0.5619316399097443 0.2363349050283432 7.526334784924984 8.84513645619154 0.3242991715669632 0 2.127052694559097 41.96213033795357 0.8043811321258545 0 0.1064262315630913 0.1276605576276779 0 0 0 0 0 174.6082661151886 3.146704718470573 0.2339876592159271 0.3367320597171783 0 9.956676453351974 1.219806954264641 13.21756316721439 7.402423784136772 5.115471892058849 2.843075752258301 0.6033180430531502 0.7730757519602776 0.2011909186840057 0.2968492060899734 0 0 0 0 0.3146091997623444 0 124.1850414425135 45.35872696340084 116.6802534386516 303.0871559157968 22.44354226440191 160.3428215309978 49.15711109340191 83.46724182367325 7.617337919771671 0.175486221909523 11.73180247843266 113.8326087519526 0.4801508337259293 25.87909550219774 8.80473231524229 157.5196838974953 4.075093358755112 0.8570519834756851 2.080267637968063 21.6539391130209 1.104468524456024 602.5607975721359 119.1268692314625
