682.4588560760021 4723.694076001644 892.1290256008506 2056.110999375582 298.9634307771921 161.3617265447974 170.562143586576 7.976693741977215 35.21299552172422 852.1127297133207 245.3490739837289 48.77128113806248 13.00448612123728 29.22776222229004 0 0 0 0 0 0 0 0 0 0 0 0 0 0 0 0 591.1234360858798 0 3.469852760434151 0 0 0.1726218014955521 0.8513437733054161 0.3708105906844139 0 0 0 0.1002650260925293 0 0.1412273049354553 0.2425969541072845 0.2816826477646828 11.76089885085821 0.3293649107217789 0 0.1183814480900764 0.9058583527803421 0 0 0.1265096962451935 12.64811149984598 17.07625085115433 648.5425842106342 611.4568439051509 213.5974004045129 16.29738239943981 0.7555416971445084 0 0 4.061093255877495 12.59513395279646 4.351162061095238 1.563611298799515 0.3577146083116531 0.4041901528835297 0 4.813650235533714 0.4815219044685364 0.2573367655277252 248.3729458078742 18.73744951933622 17.11575374752283 0.5225516110658646 0.2190502285957336 0.5465438589453697 1.451261021196842 0.4942929446697235 0.8451152965426445 39.55280554294586 0 3.555030338466167 8.290693357586861 0.3438683375716209 0.1712101101875305 0.8132197856903076 0.1718889772891998 0.3323057442903519 0.5022918283939362 0 0.2216314375400543 0 155.1551678776741 14.13545051217079 0 0.4459414333105087 1179.978715799749 0 2.433848485350609 0.4440398365259171 2.939323171973228 0 2.523998782038689 0.8678164780139923 1.487674817442894 2.702445104718208 8.979805938899517 2.679444283246994 1.579460576176643 11.66292960196733 5.040619507431984 3.280636876821518 0 0.2583797872066498 0 0 0 0 0 0 0 0 0 0 0 0 0 0 0 0 0 0 0 0 0 0 0.4329022169113159 0.8645083904266357 0.1831884533166885 0 0 0 0 0 0 0 0 0 0 0.2747219502925873 0 0 0 0.348402351140976 0 0 0 0 0 0 0 0 0 0 0 0 0 0 0 0 0 0 0 1.86931661516428 0 0 0 0 0.6563542783260345 0 0.3131334781646729 0 0 0.1245025843381882 0 0.1035227030515671 0 0 0 0 0 0 0 0 2.400082603096962 0.2569827735424042 0.5105474516749382 321.4417642727494 3.593443974852562 246.5193753391504 14.20319168269634 809.307148553431 7.186343714594841 4.672832913696766 29.99093995243311 8.868729211390018 0 1.187523379921913 0 18.63671676814556 0.199565052986145 0.3766485527157784 0 2.061552166938782 0 212.526906773448 6.07178270816803
4723.694076001644 4525.144185833633 2212.638085819781 365.0808308944106 3102.550899408758 65.1299796178937 2903.749703101814 91.3694314584136 336.3490166664124 640.5387590378523 781.1204041689634 2.073052927851677 399.394051797688 459.8490579500794 1.982591561973095 0.4615380465984344 0.2799112945795059 0.111922524869442 0 0 0.2861166596412659 0.2055046409368515 0 0 0.3203048929572105 0.2474198117852211 0 0 0.1309365481138229 0 2655.230028130114 9.491124503314495 17.89037930220366 0 0.3554407060146332 0.1534635722637177 4.932649821043015 1.767264261841774 0.7265878915786743 0 0.6435277760028839 1.009652569890022 0 0.3012025058269501 0.1199619844555855 0.1100802347064018 69.83631335943937 0.7994195520877838 0.3396401926875114 0 1.72307950258255 0 0 0.1646843254566193 11.6115704625845 23.04769859462976 561.321445800364 1075.557943306863 226.2863798215985 55.52184396237135 0.08915919065475464 2.868785619735718 0 92.48552836477757 21.53282230347395 6.805447168648243 1.601469360291958 1.391461856663227 6.076191760599613 0.1529069393873215 4.623819954693317 1.106080248951912 0 476.4850623458624 88.05754508823156 85.77530006319284 3.510055623948574 0.9375160485506058 0.766295313835144 41.00180253386497 0.6942919194698334 2.04635514318943 45.83086410909891 0.2994764447212219 6.475659742951393 12.65130104869604 0.5801323726773262 0.394739143550396 1.249595366418362 0 0.7030087858438492 0 4.841765694320202 0.8504966199398041 0.4083832204341888 17.22562322020531 8.782555431127548 0 0.9956098794937134 987.1198558136821 0.8273935914039612 1.687027037143707 4.399826996028423 4.744672507047653 1.114365309476852 6.316818349063396 2.123937264084816 4.981750845909119 4.81262219697237 6.428255066275597 4.741715341806412 3.357366532087326 26.45764691382647 12.15928926318884 8.925603739917278 0.6608604341745377 0.8831625655293465 0 0 0 0 0 0 0 0 0.1407528072595596 0 0.1825830042362213 0 0 0 0 0 0.2689412832260132 0.7605884894728661 0.1619622856378555 0 0 0.128258153796196 6.330985590815544 1.225656986236572 2.625852294266224 0.6130571514368057 2.122724294662476 0 0 0 1.136639654636383 0.2183500826358795 0.5387356281280518 0 0.1751180440187454 3.604131758213043 0 0 0 0.8645186424255371 0 0 0.471623957157135 0 0 0.1886584758758545 0.1542022526264191 1.704356133937836 0.8149155974388123 29.00659058988094 1.805937901139259 0 0 0 0 0 0 0 0 12.34774320572615 0 0 0 0 11.0796654522419 0 4.334543868899345 0.6429953053593636 0 0.8603916764259338 2.696812868118286 0.2690359577536583 0 0 0 0 0 0 0 0 8.341770902276039 9.78296909481287 6.221687108278275 478.8493537083268 10.13662122189999 480.2219796553254 28.40605711936951 490.5092208832502 37.00698608905077 5.345756374299526 61.04913002252579 12.87115302681923 0.2585980743169785 5.313151553273201 0.5624378770589828 22.63308200240135 0 0.3433159738779068 0.6189703345298767 1.875987276434898 0 142.4261583313346 7.493414632976055
892.1290256008506 2212.638085819781 3142.104493916035 119.8488062471151 1037.790192306042 1.814787015318871 157.6320618465543 1713.921267658472 852.422739751637 34.85426756739616 2741.752230226994 5.470633208751678 152.008800804615 1201.294145084918 0.4665908738970757 0.6954835206270218 0.1789478063583374 0.7259595319628716 0 4.86060819029808 8.047186031937599 2.943144634366035 7.415381781756878 4.217075012624264 2.731840260326862 1.099567770957947 0 0 0 0 6239.318300850689 801.0878618359566 73.78532698005438 4.297636777162552 2.210139185190201 2.5361682549119 17.17472405731678 9.861905410885811 3.015171535313129 2.640511639416218 5.585245378315449 13.74857904016972 9.615106292068958 0.6699438616633415 2.490438491106033 1.791141599416733 19.49337829649448 0.9493104517459869 1.128243535757065 8.666397921741009 11.23966059833765 0.6257179975509644 0 3.815126843750477 2.338241375982761 3.933724373579025 162.9943937510252 593.4399319067597 54.1199317201972 11.99301612377167 13.15549293905497 29.8360925167799 1.474440433084965 509.2236434519291 6.726757511496544 18.33170377463102 16.76563607901335 28.45754185318947 126.4226436316967 84.29467091709375 19.21022336184978 3.651603534817696 0.1457258462905884 118.7405503019691 26.54427892714739 21.47048611193895 5.503392979502678 3.514610610902309 60.97456523030996 393.3614494800568 20.13030724972486 169.1875726953149 10.49987257272005 0 4.782943025231361 12.85755858570337 5.855658873915672 0.1285344213247299 2.869304075837135 0 2.462192982435226 0.6206884905695915 129.7361286878586 16.63308195769787 6.757457055151463 51.74634606391191 20.82997693121433 0 5.612084627151489 162.8079992905259 0 1.460915744304657 0.3572637438774109 0.4378959536552429 0.9666278660297394 1.825163751840591 0 1.361985638737679 0 1.841331452131271 4.449792921543121 5.249163776636124 15.46337532997131 9.049072250723839 13.19265359640121 0.5571290254592896 2.425572507083416 0 0 0 0.1778170317411423 0.3007105886936188 0 0 0.4275791049003601 0.6145821586251259 0 0.9633890390396118 0 2.42399999499321 0.1518939584493637 0.5486076474189758 0 0.1584631949663162 0 0.3207424581050873 0 0.2330727726221085 0 10.64692097902298 0.85053850710392 8.045762583613396 4.944209367036819 0.9700521379709244 1.004189893603325 0.7496698945760727 0.8928745985031128 2.258630558848381 2.153193570673466 1.428680717945099 0.8967820852994919 0 1.959213338792324 0 0 0.1950138360261917 1.676709242165089 2.049841515719891 0.2367663532495499 0 0.2927533686161041 0.8422640115022659 0.6490219235420227 0 0.6554212123155594 2.102045357227325 22.78931307792664 0.9330444633960724 0.1741907894611359 0.1638592183589935 0 0.1271791160106659 0.5288630276918411 0.2232116609811783 0 0 10.25512266159058 1.123603031039238 0 0 1.038721241056919 3.524866595864296 2.44530825316906 6.193900287151337 1.985967740416527 1.156036466360092 1.728010855615139 3.491865620017052 2.078416615724564 0.1235635951161385 0 0 0 0 0 0 0 9.18946710973978 16.23098574578762 17.15096874535084 100.0588321462274 12.95102745294571 99.47276575863361 7.113429240882397 34.11661186814308 10.65513697266579 7.033642314374447 11.49815794080496 17.99259096384048 0.2105215936899185 13.21362547576427 3.493813395500183 5.895159959793091 0.4494509100914001 0 0.4759246706962585 0 0 28.93595718592405 3.5733662545681
2056.110999375582 365.0808308944106 119.8488062471151 1299.863722510636 68.44344116002321 1097.783061482012 171.4895941987634 1.73233462870121 11.12619918584824 3239.600620985031 60.59123496711254 23.2728443145752 684.0272214114666 94.21525975316763 0 0.2982784509658813 0 0 0 0 0 0 0 0 0 0 0 0 0 0 81.39475928992033 0.602287083864212 1.60216311365366 0 0 0 0.1147094890475273 0.09026829898357391 0 0 0 0 0 0 0 0 13.93062510341406 0.3158573433756828 0 0 0.410085491836071 0 0 0 4.615442410111427 8.31558732688427 216.3398902863264 154.3721835389733 84.07498721778393 18.70245609432459 0 0 0 16.61681744456291 9.406034611165524 3.180424310266972 0 0.42448391020298 0.5326917320489883 0.09017078578472137 0.736068032681942 0 0 172.9569355249405 18.99788532406092 22.23303461819887 0 0 0 1.151303954422474 0.3053207099437714 0.8116619363427162 20.4175311177969 0 2.136428885161877 4.296641901135445 0.6262861639261246 0 0.2882821708917618 0 0.2967238053679466 0.1162176430225372 0.07821895182132721 0 0 6.04010932892561 0.5241820812225342 0 0 423.0237128064036 0.7733002379536629 7.191128820180893 5.340358167886734 11.21415846049786 1.643648073077202 7.392300345003605 4.398924320936203 3.932471819221973 11.24984288960695 22.73004761338234 3.214917823672295 7.274307586252689 40.09267443418503 12.41537664830685 5.523370005190372 0 0 0 0 0 0 0 0 0 0 0 0 1.019198000431061 0 0 0 0 0 0 0 0 0 0 0.517423689365387 1.612318158149719 0 0 0 0 0 0 0 0.5029122829437256 0 0 0 0.1051028743386269 0.2857783287763596 0 0 0 0 0 0 0 0 0.5441732779145241 0 0.1632360517978668 0 0.5464708209037781 4.469568982720375 0 0.2791062593460083 0.1803118288516998 0 0 0 0 0 0 4.888502381742001 0 0 0 0 1.608463078737259 0 0.1342968493700027 0.3252840042114258 0.6775209456682205 0.2359279096126556 0 0 0 0 0 0 0.107970230281353 0 0 0 7.208351403474808 1.349591627717018 0.8307918906211853 355.7293747663498 4.271914884448051 167.5116010010242 6.459365524351597 1042.580143861473 7.552805826067924 1.914764322340488 14.81260956823826 21.66975693404675 0 2.187804095447063 0.1430743485689163 58.8933766707778 0 0.3867470622062683 0 0 0 224.7753218784928 17.19249222427607
298.9634307771921 3102.550899408758 1037.790192306042 68.44344116002321 2617.616343759 0.9489500746130943 4030.579295828938 23.48327968269587 4987.574665285647 812.269152700901 423.6898080557585 4.673516057431698 1404.857646107674 2956.036312162876 1.270638972520828 0.1329005658626556 0.1990019828081131 0 0 0 0 0 0.1306334435939789 0 0 0 0 0 0.1084320843219757 0 290.6088648661971 11.45610512048006 2.231113120913506 0.1549423187971115 0 0 0.2871530652046204 0 0 0 0 0.1467779725790024 0 0.3006984069943428 0.2549341395497322 0 59.99540580064058 0.1078071445226669 0.1213391050696373 0.1080646514892578 0.1380334496498108 0 0 0 4.050208553671837 5.692673861980438 56.11294309049845 124.7940121218562 40.63197969645262 31.68062918633223 0.2116099298000336 1.502885639667511 0 60.38731647282839 5.830675967037678 1.800047658383846 0.4808562323451042 0.2612562924623489 0.2022216394543648 0 6.333283945918083 0.2384473383426666 0 138.0087212249637 34.50973343849182 58.33023873716593 4.903208009898663 0.5003480091691017 0.4578961282968521 1.933174900710583 0.1608631759881973 1.579563155770302 12.1831840723753 0.1311750262975693 1.55581047385931 3.776220507919788 0.1143951714038849 0 0.5382170304656029 0 0 0 0.2592370212078094 0.1165702342987061 0 9.501616925001144 3.791086196899414 0 0.3498624265193939 25.16132634878159 1.01063184440136 0 0.7155966460704803 0.1318549364805222 1.026968851685524 4.968911796808243 0.1964930444955826 2.324510410428047 2.16848760843277 3.629411578178406 7.840440675616264 7.671560242772102 11.98383089154959 7.886729568243027 6.321460768580437 0.5050657242536545 0.3742779791355133 0 0 0 0 0.351670891046524 0 0 0 0 0 0 0 0 0 0 0 0 0.4392704963684082 0 0 0.892674446105957 0.4255929589271545 7.796403475105762 0.2382511794567108 3.03582589328289 1.375997513532639 0.8682284355163574 0 0 0 0.115564376115799 1.496010363101959 0 0 0 1.68738779425621 0 0.2277253568172455 0 1.238448888063431 0 0 0 0 0 0 0.201617568731308 0 0.9970365166664124 18.03517045080662 0.323840543627739 0 0 0 0 0 0 0 0 6.108754202723503 1.206329822540283 0 0 0 4.348141103982925 1.301358759403229 0.9771952480077744 0.8951920792460442 1.513925820589066 1.437265440821648 1.79443871229887 1.58405477553606 0 0 0 0 0 0 0 0 9.155496381223202 5.26480907201767 5.717607028782368 239.8951668813825 3.340805903077126 252.8990257531404 20.84172855317593 89.85926140844822 42.47602377086878 2.004228763282299 43.27348434180021 16.93202314525843 0.1599628031253815 6.596341758966446 0.678105354309082 3.030851885676384 0 0.2184593677520752 0.5109058022499084 1.278813041746616 0 29.49515596032143 5.978257074952126
161.3617265447974 65.1299796178937 1.814787015318871 1097.783061482012 0.9489500746130943 20.88653878867626 32.20416980236769 3.819269418716431 0.201342836022377 764.6932831183076 3.366189360618591 139.098427593708 37.959880836308 18.5919546931982 0.7494155243039131 1.280919536948204 0 0 0 0 0 1.896708771586418 0 0 0 0 0 0 0 0 2.224056892096996 3.771331176161766 23.66329617798328 0 0 0 27.60369359701872 1.957957439124584 2.543588668107986 0.4502162039279938 0 0.187940388917923 0 0.6001237854361534 0.3300861716270447 0 2.455451443791389 0 0 0 2.474608272314072 4.894279457628727 0.5856928378343582 0.1177167519927025 0.1739233732223511 1.227325841784477 191.0953289195895 11.07248524576426 14.34386109560728 0.74815484136343 0.3228360712528229 9.304821386933327 0.165605902671814 3.251376755535603 0.2928345948457718 0.467649444937706 0.4057641625404358 0.5402606278657913 0.3949516117572784 0 146.7301593124866 557.8803011253476 61.41854953020811 12.0727277547121 2.691145293414593 2.421085752546787 2.949854172766209 4.314632967114449 0.4567569196224213 8.828363701701164 1.376740455627441 2.122443273663521 1.406623005867004 8.332728050649166 0.2402214556932449 6.094910934567451 0 25.53679748624563 14.70477230846882 8.418660372495651 6.149875156581402 4.269387178122997 0 0 1.831513807177544 377.5405026227236 438.4212134927511 22.14815138280392 21.87019468843937 161.2299723625183 0 0.735977903008461 0.1274056136608124 0.3377560675144196 0 0.157260075211525 0 0 0.1540625393390656 0.2787605673074722 0 0.4567780643701553 1.36245309561491 0.1848262250423431 0.2868688702583313 0.1958029642701149 0.2011863514780998 0 0 0 0 0 0 0 0 0.1946950554847717 0.3629292547702789 0.3871436715126038 0 0.8420611023902893 0.6716563105583191 2.068399704992771 1.036825388669968 0.5198888406157494 0 0 0.4589124023914337 0 0.1819880157709122 0.2275167852640152 0 0.3767662569880486 1.470391780138016 1.271343201398849 0 0 0 0 0 0.3096345961093903 0 0 0 0 0 0 2.575448878109455 0 0 0 0 0 0 0 0.2640997096896172 0 0.5999340265989304 0.1041308864951134 0 0 0 0 0 0.3378308266401291 0 0 0.4777565971016884 4.005807802081108 0 0 0 0 0 0 0 0.2566175162792206 0 0.2143852859735489 0.1068327724933624 0 0 0 0 0 0 0 0 0.9615025967359543 1.113023862242699 2.737308979034424 16.82070400565863 0.9226518347859383 18.06727260351181 2.603558026254177 138.7577087208629 1.760859102010727 0 2.103928133845329 1.056692615151405 0 0.2498073801398277 0 5.568006128072739 0 0 0 0.8341143727302551 0 34.67024155706167 1.242495641112328
170.562143586576 2903.749703101814 157.6320618465543 171.4895941987634 4030.579295828938 32.20416980236769 1869.135651223361 13.66862629354 2082.764978863299 2524.6692879498 364.4187530428171 7.469257041811943 4167.721550181508 4599.916276276112 4.484207488596439 0.5879253447055817 0.1021876186132431 0 0 0.1563539654016495 0 0.1568905413150787 0.4373016357421875 0.1205189079046249 0 0 0 0.1902775466442108 0 0 259.076739795506 15.31546780467033 10.95711278170347 0 0.2374011427164078 0 5.059570096433163 0.8083127215504646 0 0.1262770444154739 0.5532624125480652 0 0.1421853303909302 0.6541923657059669 0.1264637857675552 0.1888478994369507 118.1074698120356 1.046482637524605 0 0.4282115176320076 1.523209445178509 0 0 0.2077726423740387 11.27272525429726 18.71954836696386 143.1092805042863 246.3210229277611 113.5999714806676 74.45845777541399 0.5026301294565201 4.64588750898838 0 98.55663923919201 17.10803578048944 6.499106653034687 1.134171798825264 0.5106090903282166 0.8759100362658501 0.2618306949734688 17.14769499003887 1.018274791538715 0 395.363227032125 87.40703691542149 121.3597054257989 10.00941757112741 2.665411107242107 1.0085853561759 8.701336868107319 0.9672304168343544 4.103530153632164 32.82319030165672 0 4.399769864976406 8.581856518983841 0.2596618384122849 0 0.336469903588295 0 0.3462411165237427 0 0.4990056902170181 0.2612495720386505 0.3037700802087784 54.99731452763081 18.71700949966908 0 1.0686374604702 72.58647014945745 0.4851639717817307 5.629431590437889 4.475236430764198 9.207965418696404 4.585098616778851 11.10857446491718 2.079508617520332 9.500062137842178 14.83560541272163 22.66478112339973 12.17060708999634 15.00765392184258 75.90204294770956 30.51359629631042 29.67415776103735 3.847950033843517 3.441268257796764 0 0.4979170262813568 0 0 0.3719976246356964 0 0 0 0 0.8960974812507629 0.4094844460487366 0 0.5521194338798523 0 2.280733495950699 0.1265183240175247 0.4481660723686218 1.845580272376537 1.571063667535782 0 6.709713757038116 0 23.76540096104145 7.326501041650772 11.74245283007622 6.583064898848534 3.524662882089615 0.5421532392501831 0 0 2.324952937662601 5.621847406029701 2.059063166379929 0 0.8110924661159515 9.176828466355801 0 0.6521395444869995 0 0.9555074572563171 0 0 1.009939655661583 0.3716751933097839 0.7323576360940933 0.1212795302271843 0.5032321959733963 2.392771810293198 8.49258416891098 73.1713118776679 2.070289015769958 0 0 0 0 0 0.3336514234542847 0 0 35.4919763430953 0 0 0.1015392243862152 0.2644033133983612 20.45557498931885 4.733238711953163 13.73057533800602 2.591354802250862 4.04474301636219 5.191291764378548 5.892762586474419 2.627848848700523 0 0.272415965795517 0 0 0.4735415577888489 0 0 0 31.23120172321796 27.54973319172859 24.09222041070461 651.775397233665 8.822586506605148 528.6168942376971 42.24142695218325 559.0680131241679 78.18423090130091 4.167660690844059 87.74589467793703 31.14412194490433 0.1059726178646088 18.96099446713924 7.046828091144562 38.09085111320019 0 0.8570150882005692 0.427257739007473 4.251070722937584 1.545210003852844 141.6359980478883 19.00297970324755
7.976693741977215 91.3694314584136 1713.921267658472 1.73233462870121 23.48327968269587 3.819269418716431 13.66862629354 2427.53629668802 186.0308037847281 8.617876537144184 7023.664702154696 1.966788157820702 43.36257519572973 1341.934368029237 8.987986050546169 4.149433918297291 0.6224148571491241 2.650291971862316 0.9195856302976608 24.65415158867836 33.75588538497686 2.273599050939083 37.74883552640676 13.09490825980902 15.98963974416256 11.32750621438026 4.424840115010738 3.342203833162785 0.3237322121858597 0 1560.649814613163 2171.059168435633 175.9047510921955 27.23737057298422 11.56742784380913 21.16039641201496 25.43611232191324 64.27964583039284 2.871200419962406 15.24495909363031 28.7261771261692 46.13651602715254 32.78003523498774 15.23893713206053 10.30982166528702 12.98919733613729 117.5121435597539 2.719313949346542 2.869115814566612 36.09808617085218 28.52235920727253 1.414578661322594 0.6948824971914291 14.04958686977625 2.074631825089455 3.553974792361259 62.53896923363209 238.2869247496128 26.46585857123137 27.64096570760012 101.6340426504612 160.2721569165587 14.42610241472721 474.9482048228383 7.588700577616692 36.14057794213295 36.98601979017258 52.91988337785006 243.6560176610947 264.2753205522895 41.24529615789652 9.747790582478046 0.1127972528338432 127.3855488151312 75.56254952400923 85.33409563452005 253.0239473804832 321.0081927329302 963.7503248751163 3638.669162251055 316.1478432044387 1744.57977065444 7.510699383914471 0 8.658733166754246 25.19600010663271 20.31202212721109 0.1063835322856903 2.467425674200058 1.060268998146057 2.473364539444447 2.044294416904449 314.0452886149287 53.13601947575808 19.26420169323683 131.1208563446999 40.90786357969046 0 3.883777305483818 22.69275443255901 0.1880792677402496 0 1.147707581520081 1.029206514358521 2.633875608444214 8.470630526542664 0 5.153273165225983 2.025932431221008 5.152552098035812 10.83358749747276 7.031415730714798 26.66305306553841 20.85640844702721 28.66400156915188 3.770861461758614 6.330141745507717 0 0.1118848323822021 0.1190669238567352 0 0.5953826904296875 0 0 0.1906444728374481 3.070406451821327 0 2.493340909481049 0 0.1358640789985657 0.5602770894765854 0.1159702762961388 0.2415155470371246 0 1.029050573706627 0.5331916660070419 0.6444802284240723 3.576578296720982 0 27.73081010580063 4.378238394856453 10.59463166445494 6.954712726175785 3.924759782850742 0.9330999404191971 1.584939852356911 1.127793721854687 0.8010192066431046 5.277559578418732 0.09300822764635086 1.234310500323772 3.120993345975876 7.535364098846912 0 0.3045400679111481 1.71555569767952 2.506445407867432 2.045781932771206 0.3034906685352325 1.033104717731476 0 0 1.064470559358597 0.4790579974651337 1.294797457754612 1.713278658688068 42.15588051825762 3.530481919646263 1.032603174448013 0.7288001179695129 0 0 0.2106499895453453 0.1547429114580154 0.2839507088065147 0.5905386060476303 35.92177873849869 0.7008176892995834 0 0 2.022160060703754 19.61037082970142 7.454827561974525 16.00996531546116 0.2271951958537102 5.711763367056847 6.564259879291058 9.26852086186409 3.995828501880169 0.1089412346482277 0 0.325058251619339 0 0 0.2653259038925171 0.9422649294137955 0.4867837280035019 20.38585855066776 35.02069059759378 36.23168858140707 196.9957842603326 19.97537612169981 229.8229428753257 27.09174463897943 69.36316276341677 20.49119919538498 0.2587473541498184 30.96353650093079 52.20369433611631 2.620233759284019 23.4343660697341 3.06326712667942 14.06699270009995 0.1971588581800461 3.347946166992188 5.344797313213348 3.716645270586014 0.1695605963468552 44.58352414518595 15.24571595340967
35.21299552172422 336.3490166664124 852.422739751637 11.12619918584824 4987.574665285647 0.201342836022377 2082.764978863299 186.0308037847281 896.4428768306971 323.4543106928468 1168.791153259575 19.05163008719683 2378.710382990539 2300.733699612319 2.480317205190659 0.3298235386610031 0 0 0 0 0 0 0.376858115196228 0 0 0 0 0 0 0 84.1273884549737 13.08047207444906 1.117758169770241 0 0 0 3.359038144350052 0.3362829685211182 0 0 0 0.5755409598350525 0.1704526394605637 0 0 0 34.60536857694387 0 0 0 0.4047709181904793 0 0 0 1.394127056002617 1.343439616262913 14.15489216893911 41.03382070362568 10.70286834985018 12.16808725893497 0 1.25862044095993 0 33.55704718828201 1.846837908029556 0.6367655172944069 0.2071616351604462 0.4927687421441078 0 0 10.64364420622587 0.4880203306674957 0 50.83816681057215 21.54501904547215 25.31756865233183 3.432141594588757 0.2589166015386581 0.1175017580389977 1.346244335174561 0.3332621902227402 0.1325282901525497 3.871420778334141 0 0.5525075420737267 0.7432481348514557 0 0 0 0 0 0 0.1355239897966385 0 0.2229498028755188 4.398579210042953 3.119435295462608 0 0.1247880682349205 5.578051336109638 0 0.176273837685585 0.1873119175434113 0.6080448627471924 0.8795335739850998 0.3701954185962677 0 1.193406194448471 0.9666472971439362 0.5761932730674744 1.508928537368774 0.8983971476554871 5.702314488589764 3.122939124703407 4.915287256240845 0 0 0 0 0 0 0 0 0 0 0 0 0 0 0 0 0 0 0 0 0.1741773039102554 0 0 0 2.930195286870003 0.5150013566017151 0.5752520710229874 0 0.2730908095836639 0 0 0 0.4780594259500504 0.2029844224452972 0 0 0 0.6782833188772202 0 0 0 0 0 0 0 0 0 0 0 0 0.7800180017948151 4.757432639598846 0 0 0 0 0 0 0 0 0 3.983133807778358 0.3195151090621948 0 0 0 2.247061550617218 1.70085209608078 2.276092499494553 1.14384052157402 0.4486985802650452 0.4043708443641663 0.3746587857604027 0.1932523548603058 0 0 0 0 0 0 0 0 2.761168420314789 3.295726716518402 1.386805035173893 90.87538158148527 2.167834490537643 102.8435198292136 9.938349157571793 28.3020336702466 17.06849636882544 0.4537302926182747 16.31881951540709 2.191749393939972 0 1.150572657585144 0.5522156357765198 0.612035870552063 0 0 0 1.389698579907417 0 8.794849373400211 1.163838773965836
852.1127297133207 640.5387590378523 34.85426756739616 3239.600620985031 812.269152700901 764.6932831183076 2524.6692879498 8.617876537144184 323.4543106928468 2227.168102346361 331.9881122261286 4960.984196946025 7702.546322010458 650.3114785179496 7.456273473799229 1.372217260301113 0 0 0 0.1345235854387283 0 0.8679879009723663 0 0 0.1355000138282776 0 0 0 0.1345551162958145 0 49.74205635488033 8.64129926264286 70.1289325132966 0 0 0 62.04105496406555 3.549758210778236 0.5172442346811295 0.3923046365380287 0 0.3131890147924423 0 0.2475889846682549 0 0.158708468079567 108.9935036450624 0.2635835856199265 0.1767550259828568 0 0.4402984380722046 0 0.1083274856209755 0.7625928819179535 4.05085825920105 5.103964686393738 194.9639200791717 88.58225730806589 50.60321536660194 34.67289292812347 0.6150694787502289 11.48847013711929 0 54.85884208232164 4.893402449786663 1.700248852372169 0.7785908430814743 0.2615330591797829 1.678808465600014 1.377120077610016 132.3210849687457 7.0833959877491 0.1512234508991241 170.4581844210625 50.3554060831666 74.08195601403713 18.69637819379568 4.64151781052351 0.8818830773234367 6.831144526600838 0.7701748162508011 3.960583828389645 14.0538537427783 0.1555726528167725 2.454170480370522 3.359874978661537 0.2877788096666336 0.1465958058834076 0 0.1469324380159378 0.6245386451482773 0 3.338400259613991 0 0.2627875804901123 471.4464269429445 155.4356656372547 0 4.829584084451199 301.3671008348465 9.436005651950836 57.73282761126757 63.99628302454948 82.94524516165257 40.81071691960096 104.7148507609963 36.23910427093506 91.79120340943336 188.6316213533282 219.2498793452978 129.3694323673844 169.8695333451033 795.6256218031049 297.0619261190295 217.6822671443224 11.74257181584835 20.54002512991428 0.211600050330162 3.028928712010384 0 0 0.5884428024291992 0.2327634245157242 0 0 0 0 13.97631800174713 0 2.161089718341827 0 2.17796266078949 1.800882309675217 1.085093528032303 18.00575588643551 6.741429962217808 1.681229948997498 8.563142210245132 6.198576092720032 135.3621173128486 16.93227785825729 52.9449614584446 22.58067984133959 15.98560807853937 0 0 0.9557784795761108 9.10701596736908 15.53689576685429 2.348870247602463 0 12.33750830590725 34.31638055294752 0 0.1842860579490662 0.2668851315975189 4.208382397890091 0.5884517729282379 1.041733808815479 1.147809281945229 0 7.562495835125446 7.224331639707088 1.868578791618347 7.396798893809319 27.62252144515514 284.6191498190165 15.99511238187551 1.417847871780396 1.495009265840054 0.1093418598175049 0 0.1739974766969681 0 0.1388715803623199 0.6466655731201172 285.0613576769829 2.185517728328705 0.404650866985321 0 1.072633013129234 101.7180543914437 24.15277555584908 67.25513468682766 16.08860595524311 24.17679971456528 32.67541744560003 33.72296358644962 9.437119737267494 0.5536409318447113 0.9268823564052582 0 0 0.4153192639350891 0.1937965452671051 0 0.3226832151412964 251.1541479453444 125.475281059742 108.6770580857992 1295.033874437213 13.6510855704546 351.987903110683 32.83984141796827 1437.523049667478 56.48598957061768 6.970168545842171 96.3305159881711 234.8909472599626 1.894449144601822 113.3989008888602 20.72725792974234 399.872747682035 1.897175461053848 0.2499535083770752 4.348856896162033 6.243012934923172 0.8049618303775787 1230.101986892521 241.603016577661
245.3490739837289 781.1204041689634 2741.752230226994 60.59123496711254 423.6898080557585 3.366189360618591 364.4187530428171 7023.664702154696 1168.791153259575 331.9881122261286 1781.010703653097 260.9897321537137 1970.331099227071 4373.533788695931 6.478930741548538 2.456886060535908 0.5561296567320824 0 0 2.337926790118217 9.084880530834198 6.460891738533974 9.948051974177361 3.601331412792206 5.532272957265377 5.176647886633873 0.6304958313703537 0.754721075296402 1.080710425972939 0 863.9252917468548 378.9504211321473 384.964017085731 1.573727071285248 2.823007099330425 9.394668862223625 159.2315010130405 66.99701794981956 7.97888620942831 10.45699054002762 8.62363412976265 29.8145686686039 2.249898843467236 1.916527830064297 0.4392792731523514 0.8930859938263893 122.6344111785293 0.4242048263549805 0.8970394656062126 1.984148591756821 14.53870870172977 1.868789598345757 0.1413126140832901 5.984586246311665 3.086078301072121 5.042167901992798 83.26717703789473 248.6963191330433 42.46092414855957 38.69998169690371 1.398720696568489 94.95618551969528 0.4136757105588913 180.3335606828332 5.600835427641869 13.08346490561962 22.50988803058863 14.4505181312561 55.58517663180828 46.80327291041613 87.10220313817263 4.516283564269543 0.999639093875885 171.0043300911784 62.09305001795292 99.01653320342302 31.31286657601595 17.97267508506775 10.68047858029604 399.8049373552203 4.33826145529747 105.3774099200964 12.29454494267702 0.1553627103567123 3.318652793765068 13.32143173366785 2.659994304180145 0 3.868627786636353 2.822992831468582 5.169978708028793 2.935030832886696 109.2862115949392 39.97717793285847 15.96532451361418 52.77362986654043 34.1719496101141 0 7.06903613358736 48.64375587552786 0 0 0 0 0.762737438082695 1.01256687939167 0.4096317291259766 3.847899839282036 1.872123435139656 1.626965194940567 2.835099384188652 3.646592818200588 7.282510481774807 5.052312083542347 7.923499137163162 1.231047913432121 3.567394897341728 0 0 0 0 0.1168481633067131 0.1875128298997879 0.2122631371021271 0.1627407371997833 1.339571759104729 0.6465637534856796 0.9216236025094986 0.144162192940712 0.9520267173647881 0.5238547921180725 1.888332396745682 1.896843403577805 0.520023912191391 0 0.1654041558504105 0.1512240618467331 2.322253257036209 0.4474031552672386 12.53172880411148 1.853553906083107 7.934847854077816 5.559570305049419 2.012773491442204 0.7102838158607483 0.9877106249332428 0 1.112041175365448 2.900652036070824 0.2955001443624496 0 0.2905623912811279 3.573341310024261 0 0.1535074710845947 0.3773457705974579 3.517789416015148 2.445553287863731 0.4287987947463989 0 0 0 0.5859134793281555 0 2.034702852368355 1.316332072019577 23.45992398262024 1.814565174281597 0.2726719081401825 0 0 0 0.7921919599175453 0 0 0.8178586065769196 10.10499407351017 1.58752678334713 0.4555035382509232 0.2404087036848068 1.691224351525307 4.509692326188087 1.996286518871784 4.788957208395004 1.309519194066525 4.501637391746044 2.648822627961636 1.905143216252327 1.042599529027939 0 0 0 0 0 0 0 0.845737099647522 7.695112563669682 20.59451048821211 18.96109282970428 223.6415109112859 9.984733141958714 267.2640459239483 29.57838002592325 54.19768967479467 36.09346960484982 1.090168096125126 46.44167178124189 10.77287323772907 1.902001440525055 18.61765106767416 1.224098578095436 0 1.235005587339401 0 0 7.534152016043663 1.010770484805107 30.49299578368664 7.74422524869442
48.77128113806248 2.073052927851677 5.470633208751678 23.2728443145752 4.673516057431698 139.098427593708 7.469257041811943 1.966788157820702 19.05163008719683 4960.984196946025 260.9897321537137 693.9830323532224 1412.332699269056 450.9840233996511 5.865023761987686 3.872735418379307 0.2736121118068695 0 0.169230654835701 0 0 1.529598072171211 0 0.3866845667362213 0 0 0 0.2909914255142212 0.3927479982376099 0 10.00645649433136 8.996910527348518 127.3637212216854 0 0 0.1790416538715363 324.6951422914863 7.202076956629753 6.464213535189629 1.316033929586411 0 0.5248537361621857 0 1.874293714761734 0 0.4796644002199173 34.10366502404213 0 0.1112160235643387 0 1.367721982300282 1.733024552464485 0.7869716137647629 0.3563039004802704 0.354325957596302 0.9402307868003845 31.77755036950111 19.18778651207685 6.111931979656219 7.579945877194405 0.7528295367956161 7.783063679933548 0.1235513612627983 23.46175131946802 1.008399523794651 0.8940110206604004 0.7696899697184563 0.5590711534023285 3.46839340031147 0.9106704741716385 300.9240843579173 13.04633081704378 0.3042114228010178 29.41838131099939 15.53403455018997 26.64927940070629 17.71525431424379 15.06665915995836 0.1347752213478088 18.34940702468157 0.6187469288706779 1.24293078482151 1.266753315925598 0 0.4750774651765823 0.5300907641649246 0.4802280813455582 0.627260148525238 0.9133221954107285 0.2226526588201523 0.4053432643413544 0.294441819190979 3.751011282205582 2.102938368916512 0.4968500137329102 1027.479776591063 85.34331620484591 0.2896020412445068 12.77562997490168 57.62680754810572 6.259064242243767 18.4521115347743 25.42743451148272 36.0718791410327 19.15327122062445 57.5776783823967 17.29295864701271 59.11145715415478 78.747952029109 113.2512100711465 64.59516906738281 105.378126591444 420.2153598964214 189.3788336962461 137.3294349014759 5.985006086528301 5.567177824676037 0.1334576457738876 1.112428829073906 0.1248974874615669 0 0 0.123280756175518 0 0 1.967951416969299 0.2903666198253632 2.165603637695312 0.2553257495164871 0 0 2.843330070376396 0.8133371248841286 0.47939532995224 10.55022494494915 3.132620096206665 0.6455153822898865 0.1549050211906433 0 90.98681774735451 6.400221809744835 19.24069167673588 5.419073142111301 4.512851759791374 0.2492849379777908 0.6479510366916656 0.1331498920917511 6.406598225235939 4.636927172541618 2.106738314032555 0.1790359616279602 3.706704951822758 22.0097414702177 0 0 0.6183663159608841 2.202028475701809 0.1568977236747742 1.217443525791168 1.494859278202057 0.107572004199028 1.603851012885571 1.849354065954685 1.097934707999229 4.338184714317322 4.937560394406319 91.94186658412218 9.231901839375496 0.1282520592212677 1.363533288240433 0.1303186863660812 0 0.1327773034572601 0.1876717805862427 0.09192532300949097 0 191.4273271039128 4.191204741597176 0.1757139563560486 0.679419070482254 0.6844094097614288 46.40985626727343 4.524689987301826 23.03910904377699 7.768625549972057 9.262926317751408 11.82064147293568 10.37007676064968 6.780538894236088 0.6346060037612915 0 1.27077442407608 0.2362166494131088 1.584666863083839 0 0 0 213.6408831179142 108.9383312612772 83.55030734837055 256.8112065270543 2.314450785517693 73.22706233710051 11.10222262144089 385.3460741564631 7.967967785894871 0 16.97691268473864 83.9640551507473 0.307293564081192 51.44608320295811 9.495377793908119 138.8001774847507 1.702075093984604 1.866888046264648 2.812341392040253 1.97960102558136 0.7146762907505035 1427.462403409183 200.9823612943292
13.00448612123728 399.394051797688 152.008800804615 684.0272214114666 1404.857646107674 37.959880836308 4167.721550181508 43.36257519572973 2378.710382990539 7702.546322010458 1970.331099227071 1412.332699269056 7891.669575855136 11192.39937742054 14.89500252902508 7.923749670386314 0.2674327492713928 0 0 0 0 5.449046239256859 0 0.3782517611980438 0.472135454416275 0 0.1507734507322311 0.5153476893901825 1.371505558490753 0 68.82555493712425 31.48466423153877 484.1696585565805 0 0 0.7079692035913467 1102.330247841775 23.66808554530144 32.05005379021168 1.601932764053345 0.592674046754837 2.480226710438728 0.2975358814001083 5.300600327551365 0 0.7926161289215088 166.579894028604 0 0 1.018605038523674 1.881253473460674 3.341125532984734 3.522738471627235 2.068735226988792 1.85521774739027 3.602731734514236 46.32942812144756 87.29628682136536 30.49379409104586 50.75202006101608 4.709956668317318 17.04984042793512 0.3102837353944778 106.1701356843114 3.719575002789497 3.641788803040981 4.734044872224331 3.18004547804594 13.28189901262522 3.174690052866936 715.4140997901559 22.41527357697487 0.8941432237625122 163.7708984315395 72.31360349059105 131.2302653864026 55.74466376751661 30.07050912827253 0.9705286026000977 26.10948327928782 4.750291019678116 3.069638714194298 9.857918605208397 0.2233316600322723 1.865885525941849 4.870789393782616 0.8347021862864494 1.480222158133984 0.8230180218815804 1.243852578103542 0.9851685911417007 2.148793950676918 16.16429083049297 3.824775606393814 2.865271031856537 572.4950398951769 110.4874904081225 2.86860229074955 20.25599469989538 23.4229663386941 9.061099790036678 20.87546035647392 20.98656091094017 38.22677060216665 22.12544833868742 67.39616236835718 14.66555687040091 51.33175537735224 80.58544561266899 122.6268173009157 75.70721874386072 168.8657665550709 418.2673151344061 190.4814328998327 136.4801998510957 8.09429670125246 10.6236332282424 0.9239314049482346 0.6979281157255173 0 0.1079000532627106 0.3974474668502808 0 0.4944721460342407 0 0.8201066106557846 0.1375459581613541 4.309332251548767 0.3590556383132935 0.8181092441082001 0.1339069753885269 5.063075348734856 1.701814509928226 2.375465892255306 11.61135403811932 5.391976460814476 0 4.459634475409985 0.5026367902755737 102.1354756429791 6.551905237138271 33.13044636696577 13.38773725926876 4.323041222989559 0 0 0.1700519323348999 6.209074452519417 11.37284011393785 2.345701530575752 0 5.00224943459034 24.42724826186895 0 0.1171004846692085 0.7479586154222488 5.43400876969099 0.2744709551334381 0.4278029352426529 1.889332786202431 0.1609629541635513 3.23820623755455 1.073819786310196 1.063106656074524 6.6779969856143 8.393135137856007 127.7874603569508 9.296997971832752 1.397545367479324 0.7523763924837112 0.1477746367454529 0.1136207208037376 0.1929914057254791 0.2788157910108566 0 0.7736624926328659 208.9664491266012 4.570539385080338 0.6420997381210327 1.02016644179821 0.8734784722328186 62.54895570129156 6.362020626664162 25.64614307880402 14.76882559806108 18.21829051524401 18.31008295714855 15.11231971532106 6.478569492697716 0.7057888209819794 0.3051023483276367 1.331707328557968 0 0.3423298448324203 0.3656511604785919 0 0 203.500253289938 124.7372538894415 97.23721270263195 613.7234214618802 10.28051825612783 379.1740794032812 54.79997239261866 253.9313941001892 62.95937089622021 1.619248293340206 93.42842049151659 101.4441921189427 1.641783066093922 68.527926184237 12.31534560769796 113.8342316225171 2.993023261427879 1.028357148170471 5.751403763890266 8.5857043415308 0.474139004945755 755.6237668767571 164.9833816960454
