317.4951691105962 3119.804025679827 1349.459616690874 1410.38530921936 171.79868183285 272.8518541678786 429.4338291287422 246.4805282279849 40.47291193902493 652.0062073618174 169.1789896115661 8.638511389493942 31.0461899638176 141.2294713258743 6.1758873462677 1.975234881043434 0.2834318354725838 0 0.1063263565301895 0.1776038110256195 0 0 0 0 0 0.2634873986244202 0.259875051677227 0 0.2489455863833427 0.1182308495044708 1246.861065171659 146.2512686997652 11.50547747313976 0 0.2257501482963562 0 4.547496140003204 0.6902906596660614 0.1449829787015915 0 0 0.1119935363531113 0.1434879302978516 0.357159823179245 0 0.1362584978342056 27.63594188541174 1.379974231123924 0.3313814923167229 0.6715638190507889 0.3558796793222427 1.015366189181805 0 0 6.153238415718079 8.935317099094391 177.5041735321283 151.5874093919992 91.29110570997 28.18475770205259 0 0.5658316016197205 0 56.08055736869574 8.455453284084797 3.630265824496746 1.525177828967571 0.6564752459526062 2.810056269168854 0.3831669986248016 16.4665562659502 5.19014734774828 2.626937329769135 139.5054788663983 19.54842741042376 37.57810190320015 3.762187592685223 1.105373129248619 2.65603332221508 52.81970517337322 0.3650461435317993 2.544777683913708 18.4856688156724 0.2708487585186958 3.763476736843586 4.7777384147048 0.4407659769058228 0.3582310676574707 0.6091393083333969 1.148868069052696 1.093694180250168 0.8071607798337936 1.977493591606617 2.585223279893398 0.4471625760197639 62.06683757901192 31.72849240899086 1.960635080933571 4.05500128865242 796.3961977735162 0 0 4.043921992182732 1.835737958550453 0 6.14423243701458 26.98873133957386 0.1565568298101425 4.464238941669464 2.91774246096611 1.299165904521942 13.49357032775879 10.18985917419195 8.257335640490055 1.404622957110405 0.09304655343294144 0 0 0 0 0 0 0 0 0 0 0.1193114891648293 0.1240520477294922 0 0 0 0 0 0 0.2976559996604919 0 0 0 0 1.307664968073368 0 0.2543476894497871 0.1142604947090149 0 0 0 0.1476427167654037 0 0 0 0 0 0.1156290620565414 0 0 0.1092420741915703 0.8663463592529297 0 0 0 0 0 0 0 0.4763749837875366 0.3137856125831604 3.184050135314465 1.154851019382477 0 0 0 0 0 0.09150472283363342 0 0.36838648468256 2.981226421892643 0 0 0 0.09964440017938614 1.622453793883324 0.146860808134079 1.526222735643387 0.3719031512737274 0 0 0 0 0 0 0 0 0.1086937189102173 0 0 0 7.963443025946617 1.193753369152546 1.812310680747032 70.92236084491014 4.255261957645416 149.8808767944574 20.64357271790504 1160.97650872916 13.41829029470682 10.49270605295897 0.1202277839183807 4.040823429822922 0 0.1391510516405106 0.1145449429750443 16.1642484664917 0.1201411560177803 0.1276200115680695 0 0.3903473913669586 0 380.9956167116761 21.72836922854185
3119.804025679827 1639.504501625896 1635.595920957625 1672.921831704676 3875.041701264679 297.0964037552476 5681.382814116776 1150.063319981098 1683.093805044889 1348.910063549876 1504.225017867982 26.89633268117905 393.4880096912384 1006.784304328263 45.86916215717793 11.94274196028709 1.701480001211166 2.133093684911728 0.09164397418498993 0 0 0.1218763068318367 0.5024154633283615 0.8957297801971436 0.2040538042783737 0 0.4634924307465553 0.1056770160794258 0.3590676337480545 0.1745576709508896 2562.915153026581 236.3891372084618 20.99963322281837 0.117027647793293 0.248450331389904 0.3085842281579971 4.13544012606144 0.1158137917518616 0.3154546916484833 0.1159419938921928 0 0.2066690474748611 1.612487100064754 1.085118666291237 0.3265064433217049 0 214.6796442270279 3.320400960743427 0.8242041915655136 3.46851859241724 3.658226989209652 0.1113521009683609 0 0 18.47883964329958 19.6903805360198 162.3944703266025 231.7907532006502 136.2327825427055 107.943475201726 0.8597636669874191 0.7318507730960846 0 197.179846920073 20.43471155315638 8.427951656281948 3.68796294182539 2.167147181928158 11.21532701700926 0.8025596588850021 8.089549265801907 5.4456577450037 0.1295254975557327 327.9103495925665 132.6077275648713 289.8811326697469 83.26350179314613 9.958723239600658 5.865389913320541 112.7869374677539 0.3096862137317657 3.433598078787327 41.57494406402111 0.9845477417111397 7.857011169195175 13.7890582382679 3.02683137357235 0.1864101216197014 1.11442569643259 0.2099112123250961 2.879298143088818 0.8268414810299873 5.498131193220615 5.286802299320698 2.710792303085327 7.83523391187191 10.24911966174841 0.3878615498542786 0.9594142287969589 984.7660586088896 0.598684549331665 0.5109518766403198 1.567426547408104 0 0.5295973420143127 213.3595429956913 9.356227219104767 0.2919493615627289 14.23334039747715 3.527003109455109 1.27583259344101 22.84304498881102 6.974724769592285 12.45500700175762 7.591466441750526 0.496054582297802 0.142605260014534 0 0 0 0 0 0 0 0 0 0 0 0 0.2366979122161865 0 0.1206672415137291 0.09681093692779541 0 0.1097438707947731 0.3151999413967133 0 0.6493842750787735 0.8262661695480347 3.270038165152073 0 2.478626921772957 1.001875393092632 0.5717528611421585 0 0 0 0 0.2279567196965218 0.3379714265465736 0 0 0.3904891684651375 0 0 0.1321845501661301 0.7359385341405869 0 0 0 0.09845013171434402 0 0.1840933710336685 0.3195286989212036 0.8729140013456345 0.6449286937713623 8.069999761879444 0 0 0 0 0 0 0.1675095111131668 0.2957171052694321 0.228818416595459 6.860245250165462 0 0 0 0.6070284843444824 5.335767850279808 0.1906410753726959 5.521386444568634 1.104920506477356 0.8095938339829445 0 0.1043772846460342 0 0 0 0 0 0 0.3511285111308098 0 0 9.509857945144176 5.42943162471056 5.405288949608803 222.1737670600414 12.36183086037636 684.1093102693558 49.04301287233829 647.9785481393337 56.18935884535313 11.99960496276617 11.42380889505148 8.602288469672203 0.1045643761754036 1.525040723383427 1.044153392314911 7.549644663929939 0.1131903678178787 1.406127251684666 0.1574807912111282 6.50172546505928 0 289.9618818759918 12.42073818296194
1349.459616690874 1635.595920957625 1718.811927244067 73.74018625169992 1949.879192724824 167.505200073123 610.1162139102817 3318.009452328086 1377.537699967623 45.13749249279499 3178.827458120883 7.015970446169376 104.0722398757935 1423.704897858202 41.02264437824488 28.52412220090628 3.76674684882164 1.843032076954842 0.2187237069010735 0.4382623881101608 0.1597405076026917 0.4598822444677353 4.631593711674213 3.185638681054115 1.202013552188873 0.3827389255166054 3.739213317632675 0.1142839342355728 1.173961095511913 0.8791435435414314 2547.946787327528 646.451975479722 77.47513969987631 0.5384390354156494 1.311018168926239 0.7490038722753525 10.83991324156523 1.139770649373531 1.712718330323696 0.823332890868187 0 1.056972473859787 1.548511520028114 1.203026317059994 0.1669322550296783 1.525324709713459 92.4858113527298 1.84582195430994 1.147710561752319 4.640118554234505 10.10080769658089 1.979020304977894 0.5575743392109871 0.137729823589325 9.615581661462784 10.34750293940306 98.36911751329899 163.3177274912596 80.4161060154438 47.22623755037785 2.126916661858559 0.8752254843711853 0.3354906439781189 214.8426220938563 8.024636343121529 4.593320399522781 2.716983467340469 1.793214999139309 21.65248646587133 1.246915996074677 18.54404264688492 5.623302765190601 0.1302168965339661 179.0348280221224 78.55041918903589 124.0781983956695 47.65914177894592 12.60656061023474 66.57482689619064 792.62413880229 2.66607341170311 37.30681988596916 25.6511252373457 0.6171028837561607 4.677045248448849 7.943004220724106 1.300575688481331 0.2166506126523018 1.466479748487473 0.865803949534893 1.417906053364277 2.005228988826275 20.78425987809896 24.09868977218866 4.835958935320377 11.23796688020229 8.352656602859497 0 3.941201761364937 367.8747504651546 0.158660888671875 1.364826023578644 0.1054794862866402 1.652762278914452 0.1438133865594864 4.355711817741394 5.066451668739319 0 2.381332233548164 2.894141644239426 0.1108550578355789 8.581481896340847 3.994635298848152 8.389705210924149 6.652344420552254 0.1945921927690506 0.6710683554410934 0.1576187312602997 0.3309562504291534 0 0 0 0 0 0 0.1225690543651581 0.2383860573172569 0.121194876730442 0 0.2389678210020065 0.1235375478863716 0 0 0 0.353268563747406 0 0 1.108119487762451 0.2341446802020073 2.270151101052761 0.1102354750037193 1.308594964444637 1.087388403713703 0.1653426587581635 0 0.1400877684354782 0 0 0.2501112595200539 0.2779990956187248 0 0 0.3570692837238312 0 0 0.6279014423489571 0.5528248026967049 0 0 0.2482309341430664 0 0 0.1903582066297531 0 0.2989877536892891 2.724156707525253 6.695160128176212 0 0 0 0 0 0 0 0 0.2994206845760345 9.155903004109859 0.4057607650756836 0 0 1.242458552122116 2.869889035820961 0.5404426753520966 2.416386857628822 0 0.161844938993454 0 0 0 0 0 0.1036940142512321 0 0 0.4821830317378044 0.4337009489536285 0 5.643073402345181 5.084929056465626 4.516730383038521 164.6673308461905 11.05229707807302 291.3322595357895 34.50960041582584 338.0606410652399 25.53044734150171 5.489785045385361 5.449545010924339 6.567277617752552 0.08652916550636292 2.019832380115986 2.048129670321941 1.47717809677124 0 0 0 4.813941895961761 0 177.3869899958372 18.05690567195415
1410.38530921936 1672.921831704676 73.74018625169992 922.5420241206884 94.66189598292112 565.4574649110436 2147.411209113896 7.831628605723381 52.23873090744019 3293.284919500351 14.77038291841745 28.89359974861145 372.8071956783533 171.3807202428579 2.365455120801926 0.6704981401562691 0 0 0 0 0 0 0 0 0 0 0 0 0 0 47.73792436718941 4.803348019719124 0.2190170437097549 0 0 0 0.237018883228302 0 0 0 0.1394324600696564 0 0.2106934636831284 0 0 0.1344907432794571 22.92396549880505 0.2021965757012367 0.2058979347348213 0.1183841601014137 0 0 0 0.2490555793046951 5.527438253164291 5.028390049934387 37.99800945073366 22.91337494552135 30.3942082747817 16.82765037566423 0.1176243126392365 0 0 20.10187601298094 3.314653232693672 1.203701570630074 0.4085286110639572 0.2485026568174362 0 0 0.2941230237483978 0.163912832736969 0.1188667863607407 60.62952979654074 14.04286583513021 23.49996925890446 3.369683377444744 0.9744288474321365 0.1171236261725426 0.3927361667156219 0.2400012165307999 0 10.50165143609047 0.2295176833868027 1.656745418906212 3.336670897901058 0 0.1416963487863541 0.3314179256558418 0 0 0.08521255850791931 0 0.3214818984270096 0 6.940591663122177 0.3701978027820587 0 0.1631295084953308 439.3916513696313 0.9541444778442383 10.67681565880775 188.8066960126162 135.146573677659 0 67.55938510596752 94.07051458954811 7.085604473948479 79.19530917704105 25.81640186905861 0 38.15641067922115 25.01094342768192 19.27616789191961 2.044788032770157 0 0 0 0 0 0 0 0 0 0 0 0 0 0 0 0 0 0 0 0.6465699225664139 0 0 0 0 0.954634889960289 0 0 0.1367205232381821 0 0 0 0 0 0 0 0 0.1388225704431534 0.6441878825426102 0 0 0 1.426885589957237 0 0.3469706401228905 0.285483717918396 0.1016227975487709 1.588000603020191 2.476840399205685 0.4599977284669876 0 0 2.90141886472702 0.2345567047595978 0 0.7739844173192978 0 0.09986265748739243 0 0 0 0 3.84107494354248 0 0 0 0 2.125828087329865 0 0.2187865674495697 4.637133456766605 3.639826223254204 1.373365677893162 0 0 0 0 0 0 0 0 0 0 11.08064720034599 0.5469058752059937 0.3745493590831757 52.19470580667257 2.46901673823595 105.3610577657819 5.054029434919357 887.2153043970466 11.03049708157778 8.491705648601055 1.114928096532822 2.928599715232849 0 3.711229518055916 0.9065154045820236 21.46326588094234 0.3261293172836304 0 0 0.1039422228932381 0 445.5309003442526 37.94926030933857
171.79868183285 3875.041701264679 1949.879192724824 94.66189598292112 1463.25215613097 11.27370183169842 1761.619602322578 55.85403095185757 5191.887468442321 868.1692394912243 463.7023704573512 59.48186264932156 813.7502775043249 1483.655679389834 34.36473923921585 9.709461949765682 0.626156248152256 0.5837899297475815 0.110483705997467 0.3403535783290863 0.1261835098266602 0.1202114298939705 0 0 0 0 0 0 0.3107503354549408 0 141.2696438580751 41.58067741245031 4.246507674455643 0 0 0.1621857583522797 2.918598785996437 0 0 0 0 0.388244241476059 1.11917058378458 0.340738907456398 0 0 113.5665738210082 1.057595878839493 0.5918487831950188 1.749610871076584 2.14136665314436 0.2509264573454857 0 0 4.526356399059296 5.092629544436932 20.28293213993311 19.67123395949602 23.37521804869175 39.99381953477859 0.2445051595568657 0.6486683115363121 0 49.9333650842309 5.605956137180328 2.3098014742136 0.5945906341075897 1.491243176162243 11.09249828755856 0.5638175085186958 4.721695318818092 3.313578218221664 0 74.92220665514469 44.51719859987497 131.5184016674757 30.58602551370859 5.181562259793282 0.6284252777695656 13.85105518251657 0.1777749061584473 2.388313211500645 10.39731518179178 0 2.353726722300053 3.036169081926346 1.362178891897202 0.2272860109806061 0.5114229694008827 0.1102419048547745 0.4816577360033989 0.3721272423863411 4.843760460615158 1.81667348742485 1.56235709041357 8.39871446788311 3.295779824256897 0 2.412702694535255 17.10920102894306 0 1.722823023796082 1.130048021674156 0 0 1.193200588226318 8.654875531792641 0.7973845601081848 2.612703286111355 2.948865056037903 0.8669208586215973 24.34992234408855 11.65743830054998 11.5392519235611 10.73649296164513 0.6374808177351952 0 0 0.1145705804228783 0 0 0 0 0 0 0.160132497549057 0 0 0 0.2029696479439735 0 0.2595481872558594 0 0 0.3619552552700043 1.438867479562759 0 0.702202633023262 0.4283973947167397 3.572521537542343 0.439049631357193 2.487119652330875 0.8023820370435715 0.3903291821479797 0 0 0 0.2405953407287598 1.473748743534088 0.263282336294651 0 0.1118848845362663 0.316926896572113 0 0 0.2438277527689934 0.5010820478200912 0 0 0 0.3954645991325378 0 0.4566551148891449 0 0.09621132165193558 0.5098542422056198 11.48270025849342 0.1125265210866928 0 0 0 0 0.1341281980276108 0 0 0 11.21739786118269 0.2867894172668457 0 0 0.5118022933602333 7.567280657589436 0.3380466997623444 4.867689453065395 0.76203952729702 0.4271856546401978 0.3587735220789909 0 0 0 0 0 0 0.1553871184587479 0 0 0 11.00300098210573 5.669405713677406 8.417525470256805 160.1162566766143 6.865797691047192 343.1556866914034 20.66356541961432 47.09324504435062 33.37739265710115 1.646531775593758 6.616982601583004 4.220981419086456 0 5.169852055609226 0.8592886626720428 2.981581270694733 0.4693583548069 1.581195831298828 0 4.234899893403053 0 49.22519275546074 12.75792166590691
272.8518541678786 297.0964037552476 167.505200073123 565.4574649110436 11.27370183169842 62.27008327841759 83.353311419487 8.563986837863922 7.871771052479744 762.2117736935616 11.00192219018936 52.47690111398697 97.240125015378 31.36023788154125 0.1250786483287811 0.1548708230257034 0.1252188235521317 0 0 0 0 1.193782180547714 0 0 0 0 0 0 0 0 61.20474103093147 2.291530542075634 5.91323359310627 0 0 0.2294438779354095 8.347469359636307 0 0.456991970539093 0 0 0 0 0 0 0 1.617936879396439 0 0.09683056175708771 0 0.5316803455352783 6.569285877048969 0 0 0 0.4803648591041565 59.34915824234486 2.477580197155476 1.722342185676098 1.115734860301018 0 0.6620254814624786 0 2.32718850672245 0.1313773840665817 0 0.5303698033094406 0 0 0 32.94537122547626 53.89444731920958 17.92530935257673 2.994552575051785 0.7067538052797318 1.216778367757797 0.2642604634165764 0.1308305412530899 0 3.009414568543434 0 0 0.09822144359350204 0.2241712585091591 0.1917807832360268 1.038318134844303 0.1028985306620598 2.778244160115719 2.714824914932251 10.20001636445522 0.9995660409331322 1.982261590659618 0 0 0.2765918672084808 197.1790862977505 115.5998651236296 14.89164556562901 7.683627977967262 203.723118185997 0 2.368809014558792 6.468668028712273 4.326021537184715 1.668611362576485 6.125193879008293 84.22400768101215 2.365481823682785 21.22999976575375 28.81780380010605 1.195161908864975 59.17654817551374 30.957315787673 42.99585755169392 8.730612546205521 0.1017211452126503 0 0 0 0 0 0 0 0 0.2083905190229416 0.1634703278541565 0 0 0 0 0 0 0 0 1.002893507480621 0 0 0 0 1.971727773547173 0.1258767545223236 1.511047258973122 0.823554739356041 0 0 0 0 0 0 0 0 0 0 0 0 0 0 0.1449719071388245 0.2061970382928848 0 0 0 0 0 0 0.8616270422935486 0.6441536247730255 0 0 0 0.1111150458455086 0 0.1406315118074417 0 0 0.1849838942289352 8.525283165276051 0.2109579294919968 0.1782516986131668 0 0 1.235809132456779 0.1529486775398254 1.103151962161064 0.4725573360919952 0.6331889629364014 0.12529556453228 0 0 0 0 0 0 0 0 0 0 45.97159373015165 1.229134917259216 0 17.37619367241859 0.1034491285681725 4.560636349022388 0.2973936051130295 301.1732837185264 1.666579186916351 0.1519578248262405 0 1.176560461521149 0 0.1340381056070328 0 55.24902951717377 0 0 0 0 0 166.5576016008854 68.94082836806774
429.4338291287422 5681.382814116776 610.1162139102817 2147.411209113896 1761.619602322578 83.353311419487 2466.187453374267 14.82830461114645 2593.604536861181 5597.257403962314 147.5511977523565 265.798131890595 6128.053805537522 3635.717871934175 53.85267122834921 11.80941043049097 1.683965213596821 0.8896942585706711 0.2585911676287651 0.1256200224161148 0.5406186431646347 0 0 0 0 0.10541070997715 0 0 0.1225902587175369 0 140.7343042492867 53.16445487737656 1.398356601595879 0.2784502804279327 0.2403998970985413 0 2.800076007843018 0.4105872213840485 0.2686686366796494 0.2978352829813957 0.09278649091720581 0.3548654019832611 1.358661830425262 0.963569849729538 0 0.2557615861296654 210.4320115074515 2.380062572658062 0.9007075577974319 2.627485811710358 2.991457492113113 0.1494522243738174 0 0 12.00763687491417 14.19384910911322 53.9840302541852 68.53829801827669 66.83019571006298 86.05809087306261 0.7537002563476562 0 0 115.4626411795616 13.23207121342421 5.273442693054676 2.902292519807816 1.853313699364662 11.07424879819155 0.1111449301242828 19.42018138617277 7.644446939229965 0 204.3702397719026 96.93690918385983 244.5755216553807 68.31127926707268 7.046262577176094 1.277241572737694 9.237582750618458 1.044543102383614 1.320321135222912 27.84721648693085 0.3168692737817764 4.476805783808231 10.00184639543295 1.802981115877628 0.3845381140708923 1.18126668035984 0.1101883053779602 0.6695676743984222 0.7117660865187645 6.437365315854549 2.357516601681709 2.631421886384487 51.08440637588501 14.26847133040428 0 2.429073914885521 48.55370130389929 0.1521479338407516 0.9874678254127502 1.551633015275002 1.069716274738312 0 4.79889789223671 21.54829998314381 2.683954566717148 19.15870662033558 10.24892520159483 4.614804141223431 85.43297167867422 40.88085309416056 58.84526339918375 38.18116451054811 2.624408826231956 0.332988403737545 0 0.3267672955989838 0 0 0 0 0 0 0 0.1416097581386566 0.1993839293718338 0.2449995130300522 0.3216165453195572 0 0 0 0 3.672450095415115 0.7508470863103867 0.159491702914238 0.8010448515415192 0.9136403948068619 7.771356858313084 0.702729657292366 5.495566494762897 7.156969666481018 0 0 0 0 0 0.6178746521472931 0.4297875016927719 0 0 0.09682800620794296 0 0.1128084659576416 0.2049459517002106 1.103532418608665 0 0 0 0 0.4966469407081604 0.5810114294290543 0.7896091938018799 0.8544014096260071 1.098877519369125 32.64593295007944 0.4922417253255844 0 0 0 0.1377120763063431 0 0 0 0.1533207297325134 28.98366758227348 1.342469200491905 0 0.2542566657066345 0 12.72544678300619 3.275522716343403 11.06840260326862 0.5660588890314102 0.5094141662120819 0.7963616251945496 0.1214076280593872 0 0 0 0 0 0.1149472594261169 0.1620664298534393 0.2858808189630508 0 43.96950449794531 15.05597025156021 16.54982772469521 305.9580973759294 9.909961484372616 687.5853116884828 41.20918755978346 233.5488950461149 63.90097311139107 3.406057253479958 17.60527577251196 13.33372333645821 0 5.286852560937405 2.175506450235844 6.375366300344467 0 0 0 24.56047911196947 1.643049404025078 209.93405675143 39.01883755624294
246.4805282279849 1150.063319981098 3318.009452328086 7.831628605723381 55.85403095185757 8.563986837863922 14.82830461114645 1152.01524668932 100.0783243179321 4.751393847167492 3797.522693499923 2.245693996548653 51.57743395119905 1243.462380632758 100.0244675129652 98.9888216778636 12.93555235117674 19.4147851318121 1.858092337846756 16.90168828517199 6.914037279784679 0.7678875550627708 23.0737145319581 26.39021018892527 6.888531424105167 3.32322121411562 16.17147821187973 0.2363992929458618 3.883287660777569 6.910729959607124 680.9841191396117 2068.422013156116 111.2742875888944 34.75511624664068 14.7284689694643 11.27395406365395 21.55391896516085 19.53214862197638 6.113795973360538 4.905227437615395 2.34227666258812 4.667263828217983 30.14465751498938 7.067963272333145 15.83793734014034 25.23066354542971 80.79525612294674 0.5775941163301468 2.629811055958271 27.8531286790967 58.26347458362579 7.963601663708687 2.126679569482803 0.4537713825702667 2.133982501924038 1.848232939839363 16.10687850415707 41.83478628844023 12.0516470298171 17.47158668190241 107.6220364645123 18.45055779069662 4.527813866734505 178.7033264115453 1.824631869792938 4.165604539215565 11.07865273207426 19.31720812618732 213.8774076402187 37.83465582877398 23.62737196683884 7.631094038486481 0.2322578132152557 45.91419450193644 44.09095595031977 86.19891995191574 74.90532634407282 253.4794605746865 1372.671918824315 2570.408343978226 153.8497236743569 1095.794787019491 4.519748471677303 0.08869542181491852 1.581375516951084 2.814037144184113 7.265626072883606 0 1.499141931533813 0.6565701961517334 4.616888642311096 8.397476643323898 234.417128957808 155.5736172348261 29.75539761781693 8.675069034099579 11.1359955072403 0.3058001399040222 8.605268776416779 41.42986732721329 0 0 0 0 0.1239598467946053 0.4410567283630371 0 0 0.1371905356645584 0.1155612915754318 0.3281910717487335 1.926762960851192 1.772400870919228 4.266531996428967 3.076102368533611 0.5716152861714363 0.09664174914360046 0 0 0 0 0 0 0 0 0.2206124067306519 0.3634142279624939 0 0.2339753657579422 0.2341291233897209 0 0.1558493226766586 0.6847783327102661 0.08922237902879715 0.5615008696913719 1.095618717372417 0 0.1527943909168243 0.2841304466128349 1.618146456778049 0.4285537078976631 1.831937551498413 1.189136013388634 0.2311567291617393 0 0 1.163851372897625 0 0.2618650496006012 0.8279658034443855 0 0 0 0 0.6911339461803436 3.934190556406975 0.5851305797696114 0 0 0 0 0.1660943478345871 0 0 0.625287801027298 0 5.069914750754833 0 0 0.1978349536657333 0.1200695633888245 0.3804558217525482 0.8112862706184387 0.4149594604969025 0.4639379233121872 0.6624072343111038 3.180535681545734 0.5536249279975891 0.741819441318512 1.227589935064316 5.185752265155315 3.111952491104603 0.2595157101750374 3.985703691840172 0.2188709676265717 0.2262446880340576 0.7354068607091904 0 0 0.1395730525255203 0 0 0 0.5697253867983818 2.155111238360405 2.863744854927063 0.7205175906419754 1.586918890476227 3.196818009018898 4.461554296314716 227.9448769390583 17.05752506107092 245.5451557785273 56.53080508112907 31.24736335873604 15.69124398380518 1.30546098947525 9.415520250797272 4.409392163157463 0.1345013529062271 1.770318895578384 0.9606841504573822 0 0 0.5100478827953339 0 8.384412869811058 0 26.58582568913698 3.069110721349716
40.47291193902493 1683.093805044889 1377.537699967623 52.23873090744019 5191.887468442321 7.871771052479744 2593.604536861181 100.0783243179321 1192.215059608221 844.4193146079779 1013.260833866894 330.3330958336592 693.0308309346437 2911.9661565274 23.15285374969244 8.485422603785992 0.2114446312189102 0.5554129928350449 0 0.2544734179973602 0 0 0 0 0 0.1070393845438957 0 0 0 0 167.1396255418658 37.76973489671946 2.524573586881161 0.1452960968017578 0 0 3.965887546539307 0 0.2230530232191086 0 0 0 1.038847483694553 0.1519368588924408 0.1133192330598831 0 40.86590827256441 0.1379085630178452 0.3100442439317703 0.9013302326202393 2.456475667655468 0.3018713444471359 0 0 0.360662929713726 1.570730373263359 4.992196135222912 3.904469609260559 4.936685211956501 8.428408794105053 0.574887290596962 0.9612898677587509 0 9.173519715666771 0.5207409858703613 0.9003194123506546 0.528817318379879 0.8512335121631622 7.576678492128849 0.6671683937311172 9.977208808064461 6.444091826677322 0 15.69100188463926 10.41857825964689 37.57429455965757 11.41677239537239 3.598070330917835 1.191883772611618 13.34068349003792 0.4760732203722 2.906367436051369 0.9798998609185219 0 0.6006853803992271 0.4667021185159683 0.4361947327852249 0 0.1483408510684967 0 0.09914717823266983 0.1596588045358658 4.248265653848648 2.587894752621651 0.7733372822403908 24.96395532786846 11.21338868141174 0 3.184388637542725 5.260814644396305 0.1926851123571396 0 0.3540552258491516 0.7007288336753845 0 1.677492305636406 6.405339792370796 0.3302580714225769 7.065414950251579 4.623512133955956 1.496010184288025 39.09032022207975 19.63312678039074 26.995346352458 19.64562022686005 0.9112399965524673 0.2635439783334732 0.1045429408550262 0 0 0 0 0 0.2163428664207458 0 0 0 0 0 0.2168500423431396 0 0.1945933103561401 0.2855643033981323 0 1.439160630106926 0.383672222495079 0.1874805986881256 1.085378214716911 0.4310494959354401 3.283110365271568 0.721501961350441 5.115086071193218 1.956169657409191 0.1456523388624191 0 0 0 0 0.3442047536373138 0.2203702628612518 0 0.3582810014486313 0.2512931078672409 0 0 0.1478949189186096 0 0.1243775561451912 0 0 0 0 0.3117575943470001 0.4243223369121552 0.6254266202449799 0.8169842809438705 15.44236551970243 0.554281622171402 0 0 0 0 0 0.1601525396108627 0 0 15.8771378993988 1.899943470954895 0 0 0.1391325891017914 6.334414899349213 1.107342690229416 5.813220292329788 0.5593786239624023 0.2809156775474548 0.1470364630222321 0.1192850396037102 0 0 0 0 0 0 0.1505915820598602 0 0 18.91029278188944 7.568663686513901 9.935147762298584 135.0908838808537 3.234827317297459 128.9583932906389 14.96444294601679 22.75273319333792 16.5761137381196 0.7252220436930656 5.675204150378704 11.45956367999315 0 2.074250742793083 1.523427821695805 2.357165515422821 0 0 0 2.419876776635647 0 47.47485660016537 12.98486459255219
652.0062073618174 1348.910063549876 45.13749249279499 3293.284919500351 868.1692394912243 762.2117736935616 5597.257403962314 4.751393847167492 844.4193146079779 4885.869492486119 32.91058012098074 2734.002719283104 15515.53568580747 1609.235676653683 53.25613584369421 9.72884888201952 2.083194680511951 0.1347871869802475 0.6688782647252083 0 0 0 0 0.1287380307912827 0.766489177942276 0 0 0 0.2902836874127388 0.1600663363933563 101.2607303187251 45.3882122412324 14.35267902165651 0 0 0 34.87771832197905 1.692144230008125 0.4511044472455978 0.8835363388061523 0.1443649530410767 0.5683556646108627 0.5301753804087639 0.6039048507809639 0.1595533490180969 0 210.6707513183355 1.818492665886879 0.7924099266529083 2.125557824969292 1.459920786321163 0.4359454959630966 0 0 8.238265193998814 8.310395434498787 46.48976791650057 44.70877370238304 59.45860914885998 67.14256162941456 0.4503531754016876 1.91325169801712 0 150.8956911712885 10.74979114532471 3.887229107320309 2.149962946772575 0.3219281882047653 7.565832182765007 0 68.13683825731277 22.98406814038754 0 147.6523787081242 85.5698022916913 184.4283321648836 48.15136715769768 5.116901867091656 0.6241000667214394 4.613359205424786 0.1765430867671967 2.980276107788086 20.33559843152761 0.7453730031847954 4.305017307400703 6.622869789600372 0.4734917655587196 0.1046795919537544 0.4815910384058952 0.1241937726736069 0.8119136393070221 0.4278586804866791 3.396159544587135 1.111546516418457 0.9128339737653732 273.0179224684834 66.82522720098495 0 6.817496784031391 194.0981717556715 1.950895011425018 12.73227275907993 29.68556694686413 38.75432965904474 3.902778327465057 94.17741362005472 177.9246251881123 13.83405600488186 135.8239804580808 94.90424480289221 5.884976468980312 384.0334615856409 179.3656426668167 195.4191171601415 61.75721078366041 3.504574224352837 0.2605947852134705 0.2412472069263458 0 0 0 0 0 0.1766467988491058 0 0 0 0.2924152016639709 0 0.8207081854343414 0 0.4619512856006622 0 0.1667790710926056 4.041499137878418 2.253654286265373 0.3103037774562836 0.9014211818575859 0.4238094389438629 16.09870777279139 1.643446058034897 11.56871850043535 3.813991077244282 0 0 0 0 0.228552833199501 0.1646333783864975 0.960811011493206 0 1.373725414276123 2.094195060431957 0 0 0 0.834012433886528 0.1664649695158005 0 0.3445907682180405 0.451412171125412 1.39777198433876 1.145764425396919 0 0.5148607268929482 2.310662344098091 32.5178112834692 2.673540189862251 0 0 0 0 0.1348806023597717 0 0 0 46.47343529760838 2.640876486897469 0.2537944912910461 0 0 17.85699740052223 4.110021129250526 13.71252607554197 0.6873942390084267 0.3874086886644363 1.443412072956562 0.1188469603657722 0.269175261259079 0 0.2083365395665169 0.2038088142871857 0 0.2920787632465363 0 0.7143022119998932 0 129.2616926431656 17.1438692510128 18.40174686908722 528.4457784816623 12.4099291190505 756.965925373137 56.64580219238997 811.9096966534853 102.2899336442351 14.71772426366806 22.40443919599056 21.62619866430759 0.2917946875095367 9.677772894501686 1.787325486540794 79.24332958459854 1.573591887950897 0 0.5938389897346497 12.8300524353981 0 873.6911629214883 196.453903734684
169.1789896115661 1504.225017867982 3178.827458120883 14.77038291841745 463.7023704573512 11.00192219018936 147.5511977523565 3797.522693499923 1013.260833866894 32.91058012098074 1764.055080167949 133.9146188050508 988.9645777121186 3226.264573015273 77.36157633364201 71.47765050083399 9.60500667989254 2.956971198320389 0.5370277762413025 0.5127180516719818 1.117511689662933 3.14236605912447 22.09120485186577 16.13833531737328 9.345864668488503 0.8349865302443504 20.27693136781454 0 5.947735898196697 6.490221939980984 536.1302123293281 763.004812091589 283.7201196625829 4.0190519541502 12.0800249055028 21.58304251730442 204.4672786965966 44.05924753844738 6.594888716936111 7.508772350847721 0.5274091362953186 4.052875816822052 5.059655264019966 3.491489186882973 2.258500963449478 1.716848358511925 59.35944759100676 0.5585105419158936 0.7932382673025131 5.476495146751404 16.5619758144021 10.16262554377317 2.642326571047306 1.761664405465126 1.86807394772768 1.52956710010767 12.22292894124985 20.99112861603498 13.19763866811991 13.14249587804079 5.004365786910057 36.98970078676939 1.579119950532913 37.92247335612774 1.701655574142933 1.483691945672035 3.916923187673092 5.046201832592487 25.84430538862944 5.878067046403885 102.6760500892997 7.572713397443295 0.5930518209934235 31.32694802433252 19.61208273470402 60.16408678889275 33.35571144521236 17.4053996950388 306.0555964186788 202.3240891322494 5.766543656587601 110.8379845768213 3.014384754002094 0.1089820340275764 0.9378912448883057 1.656538300216198 1.922123894095421 0.1206731125712395 0.5404384285211563 0.9485845416784286 2.36304447799921 7.003271967172623 37.50126702338457 71.26143361628056 20.31335784494877 53.12086103856564 16.16068376600742 0.7876248210668564 10.2542542591691 29.46646897494793 0 0 0.436320424079895 0 0.1130939275026321 0.9924958944320679 2.322159558534622 0.7686581537127495 3.305071294307709 0.7476965337991714 0.6606150195002556 18.69695583730936 10.74125304818153 16.75638876855373 16.48768211901188 1.437614224851131 0.8144472539424896 0.1048120111227036 0.09377557784318924 0 0 0 0.1332086771726608 0 0 0.422757551074028 0 0 0.1101363971829414 0.4806159809231758 0.120366245508194 0.4346315935254097 0.1885929331183434 0 0.8354917168617249 0.5751422122120857 0 0.3328503370285034 0.1937218457460403 7.056993424892426 1.267261728644371 4.75613846629858 2.515493899583817 0.5644365921616554 0 0 1.124520152807236 0.2733978033065796 1.050401724874973 0.4307169541716576 0 0 0.5073623582720757 0.08630629628896713 0.5775657147169113 3.71110999584198 1.365315094590187 0.5854111090302467 0 0 0 0.114046685397625 0.1250332444906235 0 0.7939059808850288 2.512976601719856 14.53740415722132 0.09316408634185791 0.2295087575912476 0 0 0 0.6067162454128265 0.1800127178430557 0.2781532406806946 1.219282411038876 19.1576971039176 0.9256980866193771 0.6101148352026939 0.1608824133872986 3.292835928499699 5.72660556435585 2.183454804122448 9.414391174912453 0.375728040933609 0.1229319497942924 0.7600343748927116 0.3666243702173233 0.09191215038299561 0.08358687162399292 0 0 0 0.1288439631462097 0.733147457242012 1.463796496391296 0.3655522018671036 10.22660479694605 11.13612893223763 12.83824050426483 317.0192696526647 10.58122874796391 219.0336725637317 59.9278221949935 28.89379770308733 17.69858358055353 0.8297825381159782 11.60138337314129 6.98192260414362 0.1085533946752548 5.156304851174355 2.161100924015045 2.552831009030342 0.1637483388185501 0 0 7.763875514268875 0 38.06059042364359 8.585517570376396
8.638511389493942 26.89633268117905 7.015970446169376 28.89359974861145 59.48186264932156 52.47690111398697 265.798131890595 2.245693996548653 330.3330958336592 2734.002719283104 133.9146188050508 118.1556469798088 2103.324424684048 1081.310152888298 13.24256807565689 9.897266373038292 2.996200859546661 0.145226314663887 0.2083631455898285 0.2879193425178528 0 0.6675405651330948 0.8964918106794357 0.5748948305845261 2.917852997779846 0.1493300050497055 0.4545851647853851 0 1.320380069315434 0.1258832961320877 4.394255466759205 8.17800797522068 56.26593419909477 0.304460808634758 0.5282560884952545 1.523653328418732 211.6487549692392 18.20762179791927 0.9093161672353745 5.61869453638792 0 1.428613349795341 0 0 0.8414857685565948 0.4872254431247711 12.73248476535082 0 0 0.6071424707770348 0.4590952098369598 2.192401617765427 1.399164855480194 0.3644524812698364 0.5548169016838074 0.1184884607791901 0.7574557512998581 1.230104424059391 1.534092426300049 1.858666196465492 1.838714644312859 6.635728344321251 0.1482757478952408 9.605697423219681 0 0.2542944997549057 0.09924279153347015 0 0.9839456677436829 0.2185064107179642 148.0276006758213 10.45614207535982 0.6237862259149551 3.537353582680225 2.487071424722672 6.781915001571178 3.762733027338982 2.501236163079739 0.1594299972057343 56.18262954056263 0 4.949487030506134 1.170206591486931 0 0.1702592819929123 0.285552516579628 0 0 0 0.2259344533085823 0 0.610370934009552 1.112568482756615 2.247370004653931 3.618165791034698 1046.565264433622 73.73269888758659 0 22.32190955430269 16.55238820612431 1.156696572899818 1.167626731097698 5.135527551174164 1.718887448310852 0.1437441259622574 10.85804153978825 32.143739618361 2.060212455689907 27.39018388092518 14.66688792407513 6.73467793315649 165.0699788331985 75.57844739407301 122.1061811745167 83.5919750854373 4.463830187916756 0.5072578862309456 0.3876306042075157 0.1871864348649979 0 0 0 0 0 0 0.1399241387844086 0.09843849390745163 0.1994752436876297 0 0.4384453222155571 0 0.09700810164213181 0.367570661008358 0.1048100814223289 6.675299562513828 2.352578595280647 0.09910396486520767 1.017837136983871 0.1242474392056465 18.73884595185518 0.7691909670829773 7.974958054721355 3.319790355861187 0.1170262098312378 0 0 0 0 0.5355824902653694 1.101085424423218 0 0.8080084249377251 1.0298086181283 0.08166475594043732 0 0 0.3010551705956459 0 0.1079056039452553 0.2630608677864075 0.08753439784049988 0.1072812229394913 0.1756321117281914 0 0.4023626521229744 1.441410169005394 28.97661367803812 3.696564793586731 0 0 0 0 0.1236688941717148 0 0 0.1041611135005951 76.02906042337418 2.299311235547066 0 0 0 21.83893551677465 2.656927436590195 14.29100393503904 1.2298364341259 0.3042386919260025 1.576043345034122 0.6762363314628601 0.400469034910202 0 0 0 0 0 0 0 0 103.6698795631528 43.30570954084396 30.67452899366617 166.3886969685555 1.519146397709846 68.20423208922148 16.7341598495841 53.42029210180044 11.43797360360622 2.26502788066864 3.093982383608818 21.81822740286589 0 11.50276407599449 2.736822560429573 7.90409430116415 0 0.5681730508804321 0.2390412837266922 2.390560276806355 0.3893948942422867 405.5564772114158 67.90117239207029
31.0461899638176 393.4880096912384 104.0722398757935 372.8071956783533 813.7502775043249 97.240125015378 6128.053805537522 51.57743395119905 693.0308309346437 15515.53568580747 988.9645777121186 2103.324424684048 2464.139226593077 4151.589112579823 114.9283667132258 90.47399827837944 12.01651579141617 2.209645517170429 0.3079911917448044 0.9987324178218842 0.1487247496843338 0.5972888022661209 4.668201334774494 3.89172400534153 8.761945083737373 0.6339922621846199 4.037546798586845 0.2473017871379852 2.91038041561842 1.102237217128277 38.30494687706232 82.80053811520338 540.6714906841516 1.188159801065922 2.364749200642109 4.321706861257553 1169.113510236144 83.13240346312523 4.792180061340332 29.14260699599981 0.2958418130874634 2.76965519785881 1.620639078319073 5.351962625980377 1.258605115115643 0.8587293475866318 127.3749344721437 0.4559692293405533 0.5606812462210655 3.758290901780128 8.759147725999355 5.323325760662556 6.637522958219051 0.4093206524848938 1.351243391633034 1.663831003010273 11.37476128339767 11.75420970469713 12.35061065852642 17.89327765256166 5.091502249240875 25.07309859991074 0.2929553538560867 68.45359683781862 1.904760003089905 1.49432484805584 3.86802414804697 2.701131068170071 20.01448257267475 0.7853245735168457 519.6877072378993 47.39733242243528 0.4074947535991669 25.65604424476624 18.26039798557758 79.10698480904102 56.99869556725025 23.52320127189159 6.448915831744671 356.6799365356565 2.607838213443756 39.39949383586645 3.498656205832958 0 1.35596926510334 1.169630974531174 0.6709509789943695 0.251096710562706 0.8034624606370926 0.2146001607179642 1.163673855364323 3.662797085940838 26.82884591817856 30.69270439445972 9.433089934289455 2277.736529007554 105.952164337039 0.8437236398458481 38.18548655509949 30.87005311995745 2.262648373842239 6.211768545210361 15.52406265586615 8.406091801822186 2.616897478699684 48.72156140208244 111.8060582652688 11.87701214104891 94.96036505699158 96.26795040071011 26.8253998234868 633.0846974849701 295.1181748136878 466.2418356314301 274.8328520655632 14.85174159705639 3.968959577381611 2.753921613097191 1.569554530084133 0 0 0.1233840361237526 0.1172807887196541 0.3453123793005943 0 0.1296359896659851 0.2560350671410561 0.8883117809891701 0.1063240617513657 1.937484957277775 0 2.048345804214478 0.7884261161088943 0.8744233250617981 20.41336952149868 6.903550021350384 0.2310160547494888 4.747049078345299 2.161839231848717 74.26161494106054 5.193696528673172 41.69098307192326 19.41957119107246 0.8116387203335762 0.1170651912689209 0 0.1304356306791306 0.08870688825845718 2.422062039375305 2.774978518486023 0 0.8776082247495651 4.198532842099667 0 0.4226196259260178 1.830779738724232 3.626852817833424 0.4649324119091034 0 0.342044934630394 0.1305243670940399 1.244960971176624 1.231106534600258 0.4256139695644379 3.780869148671627 10.68648312240839 144.2341240942478 8.717100702226162 0 0.1007890999317169 0 0.09370420128107071 0 0.3756497502326965 0.6148225218057632 0 269.9177160933614 13.77760318666697 0.3498814553022385 0.5385596677660942 1.846131637692451 89.88669706135988 8.949144139885902 62.45485343784094 5.627386525273323 2.961106151342392 5.448289126157761 0.2855487763881683 0.8890200480818748 0.2523675560951233 0.1259493827819824 0.424426943063736 0.3402750045061111 0.2958645969629288 0.4809770882129669 0.8001745790243149 0.1118592917919159 333.6839117929339 115.8292870298028 119.0078974217176 956.628334954381 13.30235700309277 458.6807946115732 98.13107374310493 140.7946532592177 58.43685958534479 9.091368041932583 33.66446025669575 82.08707561343908 0.7005134224891663 39.40679775923491 12.26988116651773 31.94726375490427 2.043430000543594 2.201448738574982 0.6788799911737442 23.65482220053673 1.027294114232063 933.0063631013036 219.4843094646931
