348.8164213299751 3407.346427164972 882.3889888599515 1440.034193202853 249.8969178050756 103.0175195336342 690.39505571872 72.96054810285568 102.3748530820012 1910.01831959933 326.2378588318825 72.91435711085796 169.619786053896 55.07529839128256 0.7452975213527679 0.137998178601265 0.1501972079277039 0 0 0 0 0 0 0 0 0 0 0 0 0 1103.372879303992 0.4733313992619514 7.747102320194244 0 0 0 4.503565937280655 0.1075528711080551 0.1076814010739326 0 0 0.08977401256561279 0 0 0 0 8.066042132675648 0.7790710031986237 0.09099763631820679 0.1108815893530846 0.1039772033691406 0.1802932024002075 0 0 4.521613232791424 4.138051368296146 56.74328100681305 883.5997559502721 5.428340949118137 9.302750468254089 0.08982260525226593 0.1094050779938698 0 7.981100909411907 4.598429828882217 1.919565692543983 0.1892604902386665 0.4876184016466141 0.1004458516836166 0 7.033389240503311 5.154421180486679 0.133499413728714 98.4653155580163 42.18840882927179 20.67735963314772 0.7854733169078827 0.113990917801857 0.1112307608127594 5.60057920217514 0.09815167635679245 0.6237876564264297 4.405061416327953 0 2.675318628549576 0.6554068103432655 0.5444692373275757 0.1210574060678482 0.09691832959651947 0.163164958357811 0.3829302936792374 0.2905028685927391 0 0.4083991870284081 0.08534794300794601 31.16543820500374 17.6490064561367 0 4.544490315020084 600.2958399802446 0 0 0 71.78681743144989 0 9.313191533088684 0 0 82.87887132167816 0.4090196639299393 0 0 1.440266340970993 0 0 0 0 0 0 0 0 0 0 0 0 0 0 0 0 0 0 0 0 0 0 0 0 0 0 0.1526679545640945 0 1.430800557136536 0 0 0 0 0 0 0 0 0 0 0 0 0 0 0 0 0 0 0 0 0 0 0 0 0 0 0 0 0 0 0 0.1166336759924889 0 0 0.2915661782026291 0 0 0 0 0 0 0 0 0 0 0 0 0 0 0 0 0 0 0 0 0.418166920542717 0 0.1866270899772644 49.72540409862995 1.085751049220562 36.66536641120911 5.642967753112316 285.2511416971684 3.754753574728966 0.6599893271923065 1.163657359778881 0.4515093863010406 0 0 0.2444116100668907 0 0 0 0 0.1889732182025909 0 54.54756275564432 2.384929716587067
3407.346427164972 3536.696432232857 1196.296641498804 883.5494750216603 2428.338185802102 722.6688414886594 3379.516757000238 138.5935128256679 2090.885227132589 771.6820732578635 1617.564524590969 598.3809715807438 906.2121637612581 1813.848475925624 27.051503688097 4.215373575687408 0.1179869398474693 0.1624749153852463 0 0 0.1844739615917206 0 0 0.1434608995914459 0.2603404521942139 0.1009678989648819 0.08930778503417969 0.1001798138022423 0 0 2802.115130722523 29.2443233653903 62.80793375521898 0.1461180299520493 0.2342348024249077 0.08612750470638275 19.65144355595112 1.270007684826851 3.129941403865814 0.1426979452371597 0.1044961810112 0.4826369360089302 0 0.6626269444823265 0 0.07938754558563232 119.5554399341345 5.678426899015903 0.1085474789142609 0.4457801431417465 1.781893528997898 0.2462028190493584 0 0.1035397052764893 18.17931845784187 15.40925998985767 85.63849610835314 610.0039710626006 18.1265119984746 65.41610618680716 1.092923022806644 0.357221856713295 0 133.850266225636 19.68791799247265 7.889851175248623 0.2508330121636391 3.392315320670605 0.893003024160862 0.09843438863754272 41.67589050531387 7.799414709210396 0 301.181208267808 240.4166354686022 209.8092259019613 34.08197688311338 12.31232672184706 1.041136637330055 34.70744470506907 0.6690184250473976 4.560065366327763 22.99292907863855 0.1897254288196564 13.62023573368788 4.561475358903408 4.027219370007515 0 2.067939527332783 0.5958224534988403 2.10012075304985 0.9098008126020432 0 0.7347093895077705 0.2315770611166954 85.33711124956608 33.68914833664894 0 23.96253306418657 1327.769672118127 1.299137756228447 3.689254522323608 12.68083983659744 41.40600652992725 4.88797926902771 84.61537335813046 1.454142808914185 36.28118076920509 75.83607271313667 4.552474416792393 0 25.76343444734812 16.57710281014442 1.313089296221733 5.66281946003437 0 0 0 0 0 0 0 0.21591916680336 0.4258671700954437 0 0 0 0 0.1543338000774384 0 0 0.1531016677618027 0.1279741078615189 0.2327286005020142 1.325268566608429 0.264483630657196 0 0 0 5.870635271072388 2.362521097064018 12.23640460520983 5.423381164669991 1.006871849298477 0 0.1177326738834381 0 0 0 0 0 0.3717000782489777 0.3511689305305481 0 0 0 0 0 0 0.3008117526769638 0 0.9412931799888611 2.899979904294014 0 0 0 1.80833113193512 1.082308143377304 0 0.5076491683721542 0 0 0 0 0 0 11.54861065745354 0.1369497328996658 0 0.2006854936480522 0 2.276793017983437 0 0.3535243570804596 1.508167579770088 2.739868447184563 1.196728512644768 1.194606184959412 0 0 0 0 0 0.08721453696489334 0 0 0 8.065362446010113 2.780207291245461 3.805416457355022 234.4697984680533 7.600291535258293 216.1254716813564 25.18746940791607 590.0818834155798 9.815042309463024 2.0471256300807 8.446270979940891 22.59747205674648 0 5.71157394349575 2.478991970419884 9.31509643048048 0.1853440701961517 0.277833066880703 0.9047959297895432 3.624939858913422 0.4812310189008713 170.5289778858423 5.612609565258026
882.3889888599515 1196.296641498804 533.8792929127812 90.37493722140789 285.9974432736635 74.97246770560741 182.6524577215314 720.0440544784069 272.3784253373742 53.38730613142252 2003.05547042191 155.9260486513376 486.8968915939331 1567.519101455808 18.31292725354433 30.81693943589926 3.671613305807114 0.6626488268375397 0.13275445997715 1.985579520463943 3.779959917068481 0.2689989507198334 12.73717990517616 1.591985747218132 6.919084906578064 1.626665085554123 9.479776978492737 0.9847960025072098 0.4708840996026993 0.2811503410339355 4410.771285548806 378.6308660656214 292.442089766264 2.705947533249855 7.832575082778931 3.004985570907593 60.3372465595603 8.394062608480453 9.266678936779499 1.872850760817528 4.18234957754612 0.4611976742744446 3.225466907024384 9.481437295675278 0.4404987171292305 0 53.00061594694853 4.643410764634609 0.6953298225998878 5.805682495236397 2.249205060303211 0.1741276234388351 0.138726532459259 0.3740398287773132 14.09475252777338 12.66267436742783 80.11152669042349 726.8848561942577 11.31723138689995 34.04922742396593 9.31700998544693 22.16526030004025 1.23628206551075 412.8163170963526 12.26004900038242 4.730535708367825 0.767648734152317 2.092418812215328 4.184238202869892 5.058278024196625 71.1419430822134 0.1807732582092285 0 269.7603817358613 325.5710546523333 114.7486994862556 50.16634763032198 49.89686077833176 80.18324187397957 1901.727742061019 2.407413691282272 1075.731774181128 15.41815137118101 0.3410733714699745 11.53630896657705 3.041284009814262 3.213364742696285 0 0.1957721188664436 0 2.562586799263954 1.122462555766106 2.439782477915287 7.308182992041111 1.59041029214859 33.20242079347372 26.31334542483091 0 15.75733770430088 212.0544874966145 2.062605142593384 0 0.1025020405650139 0 0.216100350022316 5.365374565124512 0 0.9370404481887817 4.17081156373024 0.8970092684030533 0 0.2011136412620544 0.8279066830873489 0.1596764326095581 0.1330603063106537 0 0 0 0 0 0 0 0.2036557197570801 0 0 0 0 0 0 0 0 0 0.3316016495227814 0 0 0.6838682889938354 0 0 0 3.67547819018364 0 5.071542352437973 1.134902313351631 0.8188754320144653 0.7691433727741241 0.338155210018158 0 0 0 0 0 0 0.1303203552961349 0 0 0.3526063859462738 0.5590696483850479 0 0 0 0 1.143782615661621 0.419941246509552 0 0 0 2.659510672092438 0 0 0 0 0 0 0 0 0.2498936504125595 3.489482775330544 0.7095734477043152 0 0 0.1311527043581009 0 0 0 0.4986188411712646 0 0 0 0 0 0 0 0.1076955199241638 0 0 0 0 6.618858553469181 2.874655306339264 3.010206997394562 93.46993733942509 4.693087950348854 120.2765667587519 16.89219416677952 157.1222302019596 5.257059581577778 2.486173257231712 5.485713243484497 9.048363015055656 0.1294659078121185 1.047695808112621 0.3151093348860741 0 0.09411883354187012 0.1360596716403961 0 3.633868679404259 0 32.1082945689559 0.9840848445892334
1440.034193202853 883.5494750216603 90.37493722140789 408.1643982194364 119.0490802526474 651.4180477708578 947.1750058233738 1.755067996680737 53.18815412372351 2204.468117922544 63.6285615414381 352.1188957728446 432.2859391346574 9.261903367936611 8.035273730754852 1.018624119460583 0 0.08865939080715179 0 0 0 0 0.08930081129074097 0 0 0 0.1174691468477249 0 0.4015679359436035 0 66.10729689896107 1.897730827331543 0.9084183424711227 0 0 0 2.645880818367004 0 1.051090396940708 0 0 0 0 0.07266298681497574 0 0 47.68086122721434 1.616892084479332 0.191096656024456 0.1084433048963547 0.4656468629837036 0 0 0 4.948514729738235 6.234729960560799 40.90093855559826 156.4502988830209 4.614244133234024 21.69242793321609 0.9039422869682312 0.1012215614318848 0.09612083435058594 26.09323144704103 8.652739338576794 2.905027709901333 0 1.059328258037567 0.08023597300052643 0 4.625406563282013 0.1589936763048172 0 96.78096041828394 67.4115346968174 67.9849568605423 6.505752883851528 1.180097050964832 0.1189548149704933 1.954952329397202 0 1.154864221811295 6.802538849413395 0.09638815373182297 3.835263468325138 2.368463441729546 1.077069938182831 0.1066250279545784 0.7632462307810783 0 0.8190349116921425 0.2714850008487701 0.2305375710129738 0.3984396979212761 0 11.85796555876732 10.57745240628719 0 7.982701934874058 582.9173646494746 2.330436199903488 12.93306502699852 13.59486705064774 120.2914378494024 0 30.79375451803207 17.95229560136795 7.787267260253429 175.7805498242378 8.256836086511612 0.296332448720932 7.01691623032093 21.23695033788681 0.4401666074991226 1.173258110880852 0 0 0 0 0 0 0 0 0 0 0 0 0 0 0 0 0 0 0 0.1891156435012817 0 0 0 0 0.403618723154068 0.7276287078857422 3.65945503115654 1.83457949757576 0 0 0 0 0.1215582340955734 0 0 0 0.2910304069519043 0.2811162918806076 0 0 0 0.1263333857059479 0 0.3563551306724548 0.4341754615306854 0 0.2627240121364594 1.754770874977112 0 0.2083755433559418 0 0.6352860331535339 0.3258715122938156 0 0 0 0 0 0 0 0 0.9594960510730743 0 0 0 0 0 0 0 1.171341046690941 1.102531515061855 0.2622250914573669 0.4563608765602112 0 0 0.09714028984308243 0 0 0 0 0 0 1.566743113100529 1.393835380673409 1.85822457075119 78.78638204187155 1.899455718696117 83.81893604248762 7.890424124896526 260.0234137475491 4.387497529387474 0.3573506474494934 3.563916727900505 8.145222589373589 0 3.374580837786198 0 7.267914459109306 0.3944903910160065 0 0.6238863617181778 0.7639530748128891 0.1546642631292343 29.87331810593605 6.22464245557785
249.8969178050756 2428.338185802102 285.9974432736635 119.0490802526474 291.597343146801 17.34131371974945 1029.346176449209 77.64405334740877 2880.781971268356 76.68103525415063 1175.165473923087 262.7488234490156 829.9153730049729 5758.357899829745 37.5552955493331 7.063008315861225 0 0 0 0.08220769464969635 0 0 0 0 0 0 0 0.2317716553807259 0 0 367.6748880520463 51.93684683740139 81.62816169857979 0 0 0 24.21101227402687 0.2785692811012268 1.577492259442806 0 0 0 0.0874532014131546 1.439780846238136 0 0.07737156748771667 85.48312906175852 1.814466468989849 0 0.3684146478772163 0.4508887529373169 0 0.2133753299713135 0 6.015584461390972 4.69731617718935 14.24436117708683 88.1220506131649 3.755775474011898 25.17588377743959 0.2487250491976738 0.8551899045705795 0.1020660400390625 94.8276558816433 5.551429577171803 2.412073709070683 0.07932992279529572 0.4486783519387245 0.2160386890172958 0 41.58426374942064 0.1925812214612961 0 85.54430315643549 97.82748628407717 120.3624845892191 35.14972746372223 22.67262872308493 3.404002293944359 45.18740842491388 0.1493653357028961 3.399968281388283 5.956968076527119 0 4.587302625179291 1.876948036253452 1.103542812168598 0 1.011489644646645 0 0.5857613384723663 0.07562766224145889 0 0.1561121642589569 0 19.30877742916346 11.73899135738611 0 15.28789979219437 38.23306629806757 0.9089433327317238 0 0.3752271831035614 0 0 12.6001757979393 0.4118533954024315 5.397342085838318 3.090328179299831 2.575900956988335 0.1283296048641205 5.41568885743618 7.292219117283821 1.159393019974232 5.721666060388088 0 0.8539705872535706 0 0 0 0 0 0 0 0 0 0 0 0 0.2101798802614212 0.09597308933734894 0 0.1589328050613403 0 0.318867564201355 0.556008905172348 0 0 0 3.50242792069912 0 10.08963792026043 2.017416946589947 0.1530849933624268 0 0 0 0 0 0 0 0 0 0 0 0 0.1191527172923088 0 0.669951856136322 0 0 0.408080130815506 0 0 0 0 2.438048213720322 0.118353471159935 0 0 0 0 0 0 0 0 13.79644450545311 0 0 0 0 0.4218215048313141 0 0.9681034684181213 0.620714545249939 0.3338390588760376 0 0 0 0 0 0 0 0 0 0 0 9.982577659189701 2.089757680892944 5.738823093473911 117.7599274367094 2.726067371666431 110.6163391843438 12.92779152095318 34.95969385653734 5.771557174623013 2.141860485076904 4.59378057718277 15.62448231130838 0 3.505322381854057 0.8761733919382095 5.145973160862923 0 0 1.684742778539658 3.272535979747772 0 19.70754697173834 4.996430173516273
103.0175195336342 722.6688414886594 74.97246770560741 651.4180477708578 17.34131371974945 4.455296963453293 102.3699529320002 7.227936744689941 8.623726144433022 1008.883273020387 29.28731963038445 166.3830826506019 73.45509008318186 8.571230106055737 0 0 0 0 0 0 0 0 0 0 0 0 0 0 0 0 73.32808950543404 0.4143385291099548 3.582849338650703 0 0 0 7.224068641662598 0.5850533246994019 2.754084624350071 0 0 0 0 0 0 0 0.1068570613861084 0 0 0 0 2.33900910615921 0.9486503899097443 0 0 0 524.315893702209 58.86468996107578 6.112025544047356 0 0 0.5080868154764175 0 0.09912657737731934 0 0 0 0 0 0 43.23061653226614 125.4295124411583 2.73592010140419 0.7918545827269554 0.1431187242269516 0 0 0 0 0.5854298621416092 0 0.3388292640447617 0 0.1286880373954773 0 0.110351525247097 0 0.4001209884881973 0.1300899237394333 2.189689144492149 0.2426362037658691 0.9778232127428055 0 0 0 377.2137473002076 206.9349605888128 0.6674562096595764 49.18930121511221 576.8366519659758 0 0 0 129.0142692029476 0 4.025574490427971 0.4845737665891647 2.094047114253044 41.15215547382832 3.318675577640533 0 0.7251631319522858 3.850745558738708 0 0 0 0 0 0 0 0 0 0 0 0 0 0 0 0 0 0 0 0.8037248253822327 0 0 0 0 0 0 0.3245445191860199 0 0.230870321393013 0 0.3164966106414795 0 0 0 0 0 0 0 0 0 0 0 0 0 0 0 0 0 0 0 0 0 0 0 0 0 0 0 0 0 0 0 0 1.619861721992493 0 0 0 0 0 0 0 0 0 0 0 0 0 0 0 0 0 0 0 0 1.563982173800468 0 0 51.65352210402489 0 0.1462604105472565 0 556.6155474036932 4.271166697144508 0 0 5.32811313867569 0 0 0 7.102501392364502 0 0 0 0 0 70.199672780931 2.606258243322372
690.39505571872 3379.516757000238 182.6524577215314 947.1750058233738 1029.346176449209 102.3699529320002 459.4732415266335 20.97348668426275 1632.482772916555 1370.825483966619 341.2937063872814 1526.102241907269 4565.482212085277 4100.667797833681 130.3245959505439 26.15409062057734 0.6113554686307907 0.2372190579771996 0.1832500472664833 0 0.07039935886859894 0 0.1192184239625931 0 0.5982152372598648 0 0.1360292881727219 0.339523546397686 0 0.08242976665496826 480.4482921436429 115.301079519093 55.60144250094891 0.07594674825668335 0.1243929117918015 0.149454653263092 52.61765445768833 1.313821770250797 8.814085111021996 0.4684806019067764 0.09763769805431366 0.5755642205476761 0.2570297345519066 4.350750155746937 0 0.1139443069696426 384.3854695409536 10.24507649242878 1.53086057305336 1.054158627986908 4.205899775028229 0.394601583480835 0.3921203017234802 0.09580264240503311 27.47688443213701 29.71156534925103 103.2782305255532 503.8896709382534 24.07512778788805 136.293602578342 1.218193486332893 3.262339122593403 0.5150887966156006 318.9957470521331 34.41688327491283 15.17350562661886 0.9529794454574585 4.506255835294724 1.434162177145481 0.08666310459375381 95.92353903502226 2.801776468753815 0.1035660207271576 486.1458705365658 471.7825138047338 551.9703900292516 113.182373277843 51.2167739495635 6.163914017379284 12.94677173346281 0.8208374157547951 7.718700245022774 40.68915164470673 0.5099825263023376 29.87278352677822 9.312592200934887 6.347465001046658 0.08315856754779816 3.646268248558044 0.1723508983850479 5.137981206178665 1.200430780649185 0.7200042679905891 0.7789245992898941 0.725819356739521 161.9085301607847 95.06770167499781 0.06795970350503922 69.26474598050117 256.6521946713328 11.81079129874706 16.7474550306797 81.27037443220615 97.83266824483871 3.865186884999275 83.54349013417959 21.41466693580151 65.4083236977458 266.5396973490715 47.4649294167757 4.474741168320179 65.19754571467638 106.5299808159471 16.30844617635012 22.34664431959391 0 0 0 0 0 0 0 0 0 0.4016960263252258 0.3250603377819061 0.297312319278717 0.1242068856954575 1.4529819637537 0 0.1807412356138229 0.9960533455014229 0.9151838719844818 0.3413822650909424 2.92226767539978 2.184802025556564 0 0 0.9540820121765137 30.08301684260368 10.53894776105881 47.23207923024893 22.56024046242237 1.891755506396294 2.058480113744736 1.036489486694336 0.5751354098320007 0.6620080173015594 0.6594154238700867 0.9103940725326538 0 1.779788509011269 4.111858107149601 0.106738843023777 0 0 1.694000080227852 0.4604015648365021 0.4186574444174767 0.9225080162286758 0 10.76990787684917 9.627510607242584 0 0 0.2297107726335526 18.12882287800312 5.690261818468571 1.762964926660061 0.6363918036222458 0 0 0.2127240300178528 0 0 0.1143561378121376 72.17812039703131 0.2135979682207108 0 0.08995651453733444 1.273099005222321 6.104543641209602 0.1041801869869232 3.605703629553318 10.60910730808973 9.072842553257942 1.511862613260746 2.551020085811615 0.8386277258396149 0 0 0 0 0 0 0 0 61.9089272543788 15.50621326267719 36.49303624778986 605.557245194912 18.12036865949631 548.2433163002133 65.88378857076168 239.2293205782771 33.50765702873468 7.131906867027283 28.04902756214142 81.02297930419445 0.5735950469970703 39.41787553578615 7.058114126324654 46.1911613047123 4.406049944460392 0.3749930858612061 4.877647511661053 11.89530020207167 1.373145267367363 136.9022379517555 40.10637814551592
72.96054810285568 138.5935128256679 720.0440544784069 1.755067996680737 77.64405334740877 7.227936744689941 20.97348668426275 213.2993929609656 112.5338571071625 4.212915569543839 1061.61769554764 39.33347558230162 92.44868744164705 621.0219971239567 7.001647181808949 12.45222315937281 1.910303987562656 0.3160557970404625 0.4912063628435135 1.522223763167858 2.179946258664131 0 9.537446931004524 3.132335379719734 2.948169633746147 0.6931072324514389 6.896768942475319 0.4678147435188293 0 0 1732.291364938021 998.3816059753299 149.1177462041378 2.621219828724861 5.275391846895218 0.769662156701088 13.28138494491577 5.894988879561424 4.046625666320324 0.7395387589931488 3.810003265738487 1.472412556409836 7.378943167626858 5.111458033323288 0.350733682513237 0.1494962424039841 20.75500070303679 2.476895838975906 0.9940595254302025 6.498299062252045 0.6177701577544212 0.14399753510952 0 0.1826502978801727 5.719742655754089 3.906545169651508 24.31552536040545 224.3853055164218 3.410476379096508 11.51748596131802 22.39702355861664 56.48320323228836 0.5674622505903244 335.9982550740242 4.189787298440933 1.886147044599056 0 2.600244611501694 4.634633854031563 4.858934968709946 17.74895623326302 0.2267587184906006 0 94.88241449743509 114.5201859101653 46.20910791307688 34.78447321802378 96.19758116453886 199.5950630307198 1712.627043560147 20.72255650162697 2059.240827560425 4.867445029318333 0 3.82734826952219 0.9230968803167343 2.057261280715466 0 0.09716382622718811 0 0.4427706226706505 0.2481115460395813 3.343078106641769 2.939574778079987 2.640018105506897 6.614104256033897 6.017824746668339 0 4.658045679330826 47.82894988358021 0 0 0 0 0 0.6045650541782379 0 0.1590296626091003 0.1852743178606033 0 0 0.1631468236446381 1.500376209616661 0 0 0 0 0 0 0 0 0 0 0 0 0.2125811129808426 0 0 0 0.3015942275524139 0 0 0.1832294911146164 0 0 0 0 0 0 0 0 1.664116963744164 0.1236467584967613 0 0 0.5984640717506409 0 0 0 0 0 0 0 0 0 0 0 1.007797926664352 0.1057453751564026 0 0 0 0 0 0 0 1.612761557102203 0 0 0 0 0 0 0 0.1286342591047287 0.8929391801357269 1.658224135637283 0 0 0.1283229738473892 0.4279304444789886 0 0 0 0 0 0 0 0 0 0.108067661523819 0 0 0 0 0 0 0.2512591108679771 0 0.5291865170001984 35.45698164403439 2.804514415562153 44.41455243527889 8.648129522800446 46.60451298207045 2.078268364071846 0.9729088991880417 2.209954291582108 1.027275025844574 0 0.1163992211222649 0 0.4995242655277252 0.8429286479949951 0 0 1.280805334448814 0 11.57804137468338 0.1680034399032593
102.3748530820012 2090.885227132589 272.3784253373742 53.18815412372351 2880.781971268356 8.623726144433022 1632.482772916555 112.5338571071625 828.0204333811998 23.98615144938231 977.9052238836884 132.6369666978717 559.5851061865687 4873.561151102185 35.66244452446699 8.620552785694599 0.0895606204867363 0.1099955886602402 0.0841975212097168 0.07434169948101044 0.2290360927581787 0 0 0 0.3730054423213005 0 0.161471888422966 0 0 0 313.1525659412146 76.00056695193052 86.72145429998636 0 0.1283133327960968 0 12.01912807673216 0 1.673615284264088 0.2447812333703041 0 0.3366598412394524 0.2044526934623718 1.910875417292118 0.07907188683748245 0 90.96199693530798 2.04806686937809 0.2572768926620483 0.1348663866519928 0.796023815870285 0 0 0 5.277279078960419 6.508376680314541 14.43166694045067 76.32867278158665 3.946851313114166 26.68074928224087 0.2018553391098976 0.2300052642822266 0.4319128543138504 106.436854980886 5.998271077871323 2.24428978562355 0.4219874367117882 1.484737947583199 0.2735430896282196 0.3032773807644844 24.20712065696716 0.1444851011037827 0 92.57010860741138 118.6577495634556 129.063161984086 39.49247165769339 18.63224329054356 4.070625506341457 85.4338605850935 0.6838984936475754 11.39063559472561 6.081064343452454 0.1330703645944595 5.486904993653297 0.9775905385613441 1.504238650202751 0 0.6949401721358299 0.08592184633016586 0.5835485383868217 0.4288126975297928 0 0.160879410803318 0.506135530769825 15.20220255851746 18.48788713663816 0 13.63749046623707 17.60773956030607 0 0.1503706127405167 0.6120369136333466 0.6543919444084167 0 9.819311052560806 0.3034280687570572 4.373776778578758 4.94954339414835 3.855526365339756 0.1510995328426361 4.823092401027679 5.746262118220329 2.368487618863583 4.751865275204182 0 0 0.3667718172073364 0 0.3726708590984344 0 0 0 0 0 0 0 0 0.3491159975528717 0 0 0.3531532287597656 0 0 0 0.2257871180772781 0 0 0 8.443280294537544 0.962975800037384 4.426752373576164 2.486695468425751 0 0 0 0 0 0 0 0 0 0.1662163436412811 0 0 0 0.132143571972847 0.1219005510210991 0 0 0 0 0 0 0 0 2.379952147603035 0 0 0 0 0 0 0 0 0 11.8904904872179 0 0 0 0.1690105050802231 0.6186795830726624 0 0.7591781616210938 1.859446167945862 0.5464907884597778 0.4323534965515137 0 0.336155891418457 0 0 0 0 0 0 0 0.09604551643133163 4.760610796511173 2.406084842979908 5.546575389802456 130.6891507953405 3.597693637013435 122.1054726243019 16.80685570836067 25.34433488547802 7.724003821611404 0.5856566578149796 5.659772858023643 11.78469853848219 0 1.857891827821732 0.2046782150864601 4.539237558841705 0 0.1333776712417603 0.2480699494481087 2.349430724978447 0.2579478025436401 20.29959416389465 5.435618244111538
1910.01831959933 771.6820732578635 53.38730613142252 2204.468117922544 76.68103525415063 1008.883273020387 1370.825483966619 4.212915569543839 23.98615144938231 1991.26551771909 31.44251462072134 3316.577526003122 4302.903208054602 252.4891781881452 46.8612649589777 10.43452776968479 0.5745423063635826 0.1114656254649162 0 0 0 0 0.5211496725678444 0 0.3015852421522141 0 0.4810349270701408 0.5868868976831436 0.2437897920608521 0 64.67727606743574 12.74055720120668 22.37744224816561 0.3342499732971191 0.2082734331488609 0 44.09340929985046 0.3848728016018867 8.488273702561855 0.5028954371809959 0 0.2034492194652557 0.2369865253567696 1.250883966684341 0.07812819629907608 0.2890119850635529 152.5934103503823 2.663646131753922 0.764539860188961 0.1548351272940636 1.064203530550003 1.189587146043777 0.7832732796669006 0.1832589358091354 13.29526511579752 15.13234306499362 262.8334587290883 310.779923312366 15.47680309414864 54.40916536748409 0.3742930591106415 3.796531222760677 0.0871458426117897 69.09615418314934 17.06093836575747 6.128112591803074 0.4111756533384323 2.112993881106377 0.4760750234127045 0 218.7903197333217 39.63520680367947 1.337742954492569 210.2696647942066 141.7465736791492 195.2206155508757 30.63698768615723 12.78377407044172 0.4785603508353233 8.067125640809536 0.3288649469614029 5.433998346328735 19.9623204022646 0.3153278380632401 11.5774092450738 4.137764319777489 3.058198563754559 0.2136102840304375 1.574564069509506 1.128627307713032 1.643653601408005 0.6119017079472542 0 0.4025103002786636 1.661188460886478 601.1748645529151 277.4017986506224 0.2329263836145401 133.4090360477567 1524.685557745397 2.683948546648026 6.245559275150299 38.83195392042398 191.4796341434121 8.174768894910812 250.095050662756 23.71134535968304 92.84041788429022 277.4860979095101 117.1912847012281 7.456506237387657 171.2717724069953 216.8139992803335 34.80390666425228 44.90391203761101 0.7094894051551819 0 0 0 0 0 0 0 0 0 0.4957512319087982 0 2.409186258912086 2.106583461165428 0 2.500608429312706 2.48763519525528 0.5907051265239716 0.1416890472173691 0.4639593213796616 1.168127179145813 0 0 0 48.72932850569487 7.584583297371864 48.65455805510283 18.6619293987751 1.795172959566116 2.756909936666489 2.216740056872368 0 0 0 0 0 0 0 0 0 0 3.715357452630997 1.809287965297699 0.1445128917694092 0 0.3519170880317688 5.358308382332325 4.459929741919041 0.1615446656942368 0 0 19.63364611566067 0.7214132398366928 0.4474364370107651 0.1388767957687378 0 0.1382977068424225 0.3858998417854309 0.08868177235126495 0 0 133.5883970707655 0.2608318477869034 0 0.08873078227043152 0.09228348731994629 3.130762606859207 0.486331582069397 5.605304747819901 3.479978404939175 5.445956729352474 0.1648145318031311 0.9081304669380188 0 0 0 0 0 0.09268622100353241 0 0 0 112.0940144732594 26.26303489506245 45.88366415351629 1002.034322291613 7.730254523456097 251.5476999282837 26.38898553699255 1894.274285964668 16.90451654791832 10.78687319904566 14.78536877036095 160.4259099885821 0 16.91276083886623 3.429845415055752 120.5053089261055 2.267798110842705 0.4068088978528976 6.011708900332451 4.661791540682316 1.077880427241325 854.3778389841318 121.8772350847721
326.2378588318825 1617.564524590969 2003.05547042191 63.6285615414381 1175.165473923087 29.28731963038445 341.2937063872814 1061.61769554764 977.9052238836884 31.44251462072134 1881.789587527514 618.8165700361133 1790.944379389286 3677.740314073861 71.05268539488316 67.45477520674467 3.591124586760998 0.2488248497247696 0 0.3602174520492554 0.1302429586648941 0 1.149193108081818 0.854483425617218 2.967467330396175 0.463773638010025 1.862946517765522 0.3081257045269012 0.1910109966993332 0 1436.292601324618 244.5730551630259 1389.680935285985 0.4613407850265503 1.963104873895645 1.936309024691582 450.9402201250196 18.6596002727747 17.50970938801765 3.026356093585491 1.81078764796257 0.5491980463266373 0.6126760318875313 11.8052679374814 0.2240685820579529 0.4391884505748749 85.12447527050972 1.64717935025692 0.07896983623504639 0.5121400207281113 0.4892071112990379 0.6795813739299774 0.1357656866312027 0.3267379552125931 3.389362499117851 4.411752127110958 15.84843941777945 125.9653151258826 3.770609073340893 24.38092221319675 1.130144447088242 98.59464862942696 0.3717863038182259 140.1821718811989 5.331539697945118 2.349700577557087 0.4229458197951317 0.5797797664999962 0.9208681955933571 1.244509503245354 402.9903475344181 0.3535157144069672 0 84.63064885884523 93.07081659138203 102.7399820610881 53.05057989805937 85.07938203215599 35.12005000561476 1799.346467018127 0.5034268796443939 269.0028372704983 5.201136946678162 0 3.988592863082886 1.351972974836826 1.143244817852974 0 0.349785789847374 0 0.9932568743824959 0.08198671787977219 0.4663072377443314 0.5564185231924057 1.178293310105801 46.5602013990283 10.50214163959026 0 25.06483630090952 74.61011450737715 0 0.853967510163784 0.9797095954418182 2.381432056427002 0 3.225865334272385 0.2563475370407104 1.937481418251991 1.135998256504536 1.146287105977535 1.810917317867279 2.746891789138317 2.88980370759964 1.17393846809864 1.46082116663456 0 0 0 0 0 0 0 0 0 0 0 0 0 0.1665310561656952 0 0.1890511065721512 0 0 0 0 0.6544654369354248 0 0.1420353800058365 0 5.237257920205593 0.2940035238862038 5.680996470153332 2.480112075805664 0.1299361139535904 0.3143864870071411 0.1971113681793213 0 0 0 0 0 0 0 0 0 0 0.6204646751284599 0 0 0 0 0 0 0 0 0 1.934317663311958 0 0 0 0 0.1213837414979935 0 0 0 0 8.255461253225803 0.2774315923452377 0 0 0.1366995871067047 2.563810855150223 0.2882793247699738 0 0 0.9931608587503433 0 0 0 0 0 0 0 0 0 0.2722187638282776 0 3.974957279860973 2.462694995105267 5.81135618686676 146.2412442043424 3.583205737173557 129.6326646953821 29.90347681939602 56.59537924081087 9.636874109506607 0.7496086359024048 6.953735806047916 5.486400105059147 0.1569861024618149 3.892049640417099 0.2167881429195404 3.234777525067329 0 0 0.3452505469322205 5.546276494860649 0 15.38172128796577 5.044433981180191
72.91435711085796 598.3809715807438 155.9260486513376 352.1188957728446 262.7488234490156 166.3830826506019 1526.102241907269 39.33347558230162 132.6369666978717 3316.577526003122 618.8165700361133 392.7796014845371 1670.871892563999 585.4319393411279 167.7756435796618 140.5529859364033 3.955085530877113 0 0 0 0.2244159579277039 0 0.1279475092887878 0 1.654766567051411 0.5894871801137924 0.6424730271100998 0.1256618797779083 0.5841239765286446 0 105.9711595550179 94.0239392966032 88.52471286803484 0.1322421133518219 0.1162457913160324 0.1582327336072922 263.0540919154882 7.889266014099121 32.41416780650616 0.9196294248104095 0.4350421726703644 0 0.2933234125375748 20.21376855671406 0.1768263876438141 0.5837390273809433 177.3766988292336 1.707712016999722 0.3106205612421036 0.6556836366653442 1.135351285338402 0.4181326627731323 0.6991298943758011 0 3.953264251351357 3.351998947560787 26.14342349022627 68.24023772031069 4.592519231140614 30.61235482245684 0.9809509217739105 6.465758517384529 0.1249780580401421 114.9740716665983 6.222214974462986 3.086412414908409 0.1910228878259659 0.9520468339323997 0.7082119509577751 0.1566179543733597 311.3594874590635 2.048755258321762 0.3505229726433754 59.52436958253384 83.5294443666935 170.2748692780733 95.95008493214846 167.7753191962838 11.76919124275446 72.16875763237476 3.460766933858395 20.53607478737831 4.838663078844547 0 2.588279336690903 1.231370359659195 0.7737187519669533 0.1259653717279434 0.6607465669512749 0 0.4096906036138535 0.2980724200606346 0 0.7126677706837654 0.3618180751800537 1518.355751857162 190.9221635609865 0.1605586260557175 106.3386382684112 70.13708884268999 3.259432703256607 1.536519676446915 11.41416244953871 18.35792330652475 7.896026805043221 127.0232160538435 7.48177395761013 70.97998009622097 95.66199663281441 62.9191507846117 13.05166584253311 79.44332327693701 113.8845557123423 23.18480777740479 47.33309372514486 0 0.3811346590518951 0 0 0 0 0 0.1763870120048523 0.7946504354476929 0 0.163718193769455 0 0.7446495443582535 1.482024364173412 1.726002216339111 0.9277483522891998 3.323039546608925 1.094940692186356 0 2.559849724173546 1.521394550800323 0 0.3276287019252777 0 59.71590850502253 8.539935305714607 83.57617697864771 35.04243843257427 6.523524567484856 3.232131153345108 0.9661396890878677 0 0 0 0 0 1.438515767455101 1.7521982640028 0 0.2281158864498138 0.1020985022187233 2.871245212852955 0.2929085120558739 0 0.8026754260063171 0 7.503463059663773 0.584909088909626 1.224692970514297 0 0 29.48819192498922 1.621038287878036 0.4416824877262115 0.4076385796070099 0.1444629579782486 0 0 0 0 0.2777690887451172 152.3646186068654 0.4677590057253838 0.9560583829879761 0 0.2835346609354019 13.29421681165695 4.754664182662964 7.029548734426498 6.201606713235378 3.9010399132967 0 0.3407060503959656 0.4905726611614227 0 0 0 0 0.08985698223114014 0 0 0 122.1161198541522 30.29275812953711 60.33824253082275 586.508331425488 9.89095389097929 294.545470058918 77.28163684904575 345.2297101840377 23.4397471472621 2.15389160066843 16.41519200801849 150.2999923080206 0.4390053302049637 27.68534258753061 6.514740586280823 107.9624450653791 2.962128266692162 2.140367656946182 8.078918218612671 16.62211111932993 2.615264147520065 420.0161634758115 101.026651404798
169.619786053896 906.2121637612581 486.8968915939331 432.2859391346574 829.9153730049729 73.45509008318186 4565.482212085277 92.44868744164705 559.5851061865687 4302.903208054602 1790.944379389286 1670.871892563999 2709.184939220548 8947.254375696182 273.0516436323524 189.3461410775781 4.060347147285938 0.2865863814949989 0 0.1277558207511902 0.2856660187244415 0 0.6278961077332497 0.2776089981198311 1.193312339484692 0.3899374231696129 0.5964726060628891 0.2335117682814598 0.6982994079589844 0.2563703954219818 269.8936712294817 228.0326693207026 881.083080753684 0.1169402748346329 1.555802918970585 0.4106937199831009 425.0243547335267 20.42296601086855 44.37016329169273 1.598643280565739 0.68885637819767 0 0.5115840435028076 25.55174964666367 0.3102472499012947 1.101528413593769 338.5841699615121 3.236722066998482 0.5839938446879387 0.9725409969687462 1.667823426425457 0.2752789035439491 0.329164944589138 0.2447929456830025 7.154649153351784 8.210174489766359 38.08713335543871 134.1531209275126 9.285074509680271 69.00719711184502 1.423121280968189 26.87597162276506 1.283321872353554 247.333851210773 10.8212530836463 5.723728910088539 0.2644468620419502 2.183904923498631 0.7843694165349007 0 472.9020317494869 5.908932402729988 0 146.832425929606 190.2085054591298 365.038510106504 167.8486728444695 267.7292320504785 28.66671209037304 146.2298215404153 2.412870571017265 25.88795618712902 12.88214084506035 0 6.987262111157179 1.885909005999565 2.831441797316074 0.1210052296519279 1.397777110338211 0.3871839269995689 0.9233267530798912 0.347907081246376 0.1444423794746399 1.761442109942436 0.3565518036484718 1221.795245461166 169.441809207201 0.5984219908714294 155.1683775931597 87.78506699204445 8.528120771050453 2.932022482156754 16.98755703121424 22.88519199192524 11.21015444397926 192.5649434551597 4.6990672275424 79.86793527007103 126.4379949420691 63.93146066367626 12.87724915891886 136.3723077401519 147.0514840483665 36.82329855114222 74.12240172922611 0.3714739680290222 0.1839019656181335 0.1607573628425598 0.1229045838117599 0 0 0.6082495450973511 0 0 0 0.2740762978792191 0 3.995865806937218 2.320806331932545 0.9749300330877304 3.834664471447468 3.992279976606369 2.112286671996117 0.1463515758514404 4.159514412283897 2.388177551329136 0 0 0.1841129660606384 83.36241406202316 13.65000835061073 116.1142010614276 40.05308724194765 6.836244806647301 3.070349469780922 0.4192671775817871 0 0.6529037952423096 0 0.4812057614326477 0.2943233251571655 1.098891198635101 1.646410316228867 0 0 0 4.200761713087559 1.348020203411579 0.7046311497688293 1.899631276726723 0 6.033100128173828 6.719540670514107 0 0.2999692857265472 1.53157913684845 31.37084394693375 3.291223406791687 0 0.2247802168130875 0 0 0 0 0 0.1818611621856689 204.3132370114326 0.829132929444313 0.2824413925409317 0.3256765156984329 0.1171104535460472 14.82654982060194 0.6591964364051819 8.66024050116539 5.653524294495583 4.855414882302284 0.9036521017551422 0 0 0 0 0 0 0 0.09423828125 0 0 162.3643121793866 51.94868041574955 84.06827364861965 753.6201198995113 18.12143600732088 508.8391776829958 113.8061506748199 230.1791908666492 47.52481437474489 3.015897929668427 28.60250049084425 170.5380288511515 0 32.79122877120972 5.78331857919693 102.0032529979944 6.325516723096371 0 1.967342510819435 19.15970627218485 0.2505038380622864 279.7784195393324 104.2701499015093
55.07529839128256 1813.848475925624 1567.519101455808 9.261903367936611 5758.357899829745 8.571230106055737 4100.667797833681 621.0219971239567 4873.561151102185 252.4891781881452 3677.740314073861 585.4319393411279 8947.254375696182 3115.535907290876 89.3909682482481 70.13679753988981 5.190954767167568 0 0.208172082901001 0.394146203994751 0.1253558248281479 0 1.517359763383865 0.5704216808080673 4.043933972716331 0.4309592843055725 2.220155827701092 0.1581211686134338 0.1922166496515274 0 345.771024517715 206.564002469182 1165.755751743913 0.168230801820755 1.747750654816628 1.870931789278984 1396.903285309672 36.08061866462231 26.44311734288931 3.547091402113438 1.658246554434299 0.5909495055675507 1.204188086092472 12.70546676963568 0.2093198299407959 0 112.0476002544165 1.265333212912083 0.0886162593960762 1.09748936444521 0.6321476846933365 0.1826661229133606 0.2111009880900383 0.2257588282227516 3.507609844207764 3.709805049002171 8.521566674113274 63.8961086422205 2.947081699967384 20.98796484619379 0.7251909002661705 211.6669645607471 0.5396851748228073 122.569904178381 4.13855392485857 1.123258739709854 0.08533505350351334 0.6930031403899193 1.206468090415001 1.22430656850338 388.9273334369063 0.3000147938728333 0 55.80822440236807 83.3703425899148 124.0473094806075 64.25126152485609 103.7869971096516 24.04888238757849 138.0894529148936 3.703255102038383 62.67526789754629 4.25986760109663 0 2.985589757561684 0.8126979023218155 1.034255385398865 0 0.2627371251583099 0 0.5638340562582016 0.09871950745582581 0.582488514482975 1.298537448048592 0.1712473183870316 68.5761858522892 23.81661646813154 0 36.97409278154373 14.22603888064623 0.4586486518383026 0.1314187198877335 1.142811611294746 0 0.7303872108459473 8.180758006870747 0.3770474269986153 7.381391935050488 7.106954380869865 3.675650022923946 1.069022789597511 7.402757801115513 13.19933630526066 4.044341593980789 5.879310570657253 0 0 0 0 0 0 0 0 0 0 0.2151338309049606 0 0.2967711985111237 0.4589177966117859 0.1940845996141434 0.8371815755963326 0.6503592729568481 0.2987539321184158 0 0.4132755696773529 0.1372089087963104 0 0 0.37172731757164 7.469980880618095 1.922370582818985 12.317991130054 4.743143774569035 0.1387330591678619 0.5156657695770264 0.4258752167224884 0 0 0 0 0 0 0.2471112757921219 0 0 0 0.7627471685409546 0.2050094157457352 0 0 0 1.378639429807663 0 0 0 0 4.577713370323181 0 0 0.1730903387069702 0 0 0 0 0 0 26.89421379566193 0 0 0 0.1312042325735092 1.016863144934177 0 0.659213662147522 1.112675920128822 0.5618191733956337 1.337963402271271 0.1993189305067062 0 0 0 0 0 0 0 0 0 20.43382199853659 7.697280779480934 9.089018136262894 189.6975882574916 5.95806448161602 156.6443695127964 39.61501370370388 20.45506598800421 11.89171377569437 0.5414326786994934 9.047682926058769 12.54550563544035 0.1324538737535477 4.880964241921902 0.712148055434227 7.330334320664406 0.6490733623504639 0 0.6950608491897583 9.644032120704651 1.389605164527893 22.75829240679741 10.26685153692961
