471.3893860131502 4267.870008341968 504.4173304736614 2332.249156430364 176.7153167426586 185.5831526517868 596.1974158585072 58.71901508420706 8.832661807537079 2188.948910661042 121.2998480498791 388.1733527928591 170.190211430192 458.7226268947124 5.727107129991055 2.861753962934017 0.3214036822319031 0.1807542890310287 0 0 13.79329264163971 0.6197257339954376 0.1460925489664078 0.489296555519104 0.1404682844877243 1.651973225176334 0 0 0.2782184481620789 0 1019.172948889434 23.67583386600018 251.8853655606508 0 0 0.508915901184082 39.41089897602797 0.752871960401535 0.7188645601272583 0.1128961518406868 4.610462501645088 2.75021980702877 0.9954217821359634 0.1185310110449791 0 0 18.66751321405172 2.663433253765106 0 1.075427323579788 7.478471480309963 1.721488669514656 0 0.8487231284379959 12.75765259563923 10.80603925138712 469.2133526131511 1790.970135211945 48.91788601875305 17.56099940091372 0 9.111910454928875 0.1438231468200684 19.79424461722374 5.011807456612587 6.364523403346539 3.455059811472893 4.315028518438339 4.669733703136444 15.19309867918491 69.93985207378864 4.113158777356148 1.356432229280472 194.8114188835025 3.313878081738949 18.99706734716892 7.827084608376026 2.519589334726334 1.251940280199051 104.5260850563645 0.1074349731206894 7.146200597286224 23.43882949650288 0.8115865141153336 0.8012402057647705 7.885384127497673 2.844549931585789 0.8792529627680779 2.489437527954578 1.08727140724659 1.078019216656685 1.016029790043831 19.37170548737049 2.259537279605865 1.364309668540955 225.5678916275501 65.30238248407841 1.100945755839348 5.304734349250793 1981.725329227746 0 6.636624246835709 1.485887169837952 0 0.495732307434082 7.153493508696556 0.7606195211410522 3.630524069070816 49.47462478280067 0.8383930772542953 0 1.920448675751686 18.22000508010387 3.059672057628632 3.494521796703339 0 0 0 0 0 0 0 0 0 0 0 0 0 0 0 0 0.4829388707876205 0 0 0 0 0 0 0 1.900859296321869 0 0.3974817991256714 1.210172802209854 0.2501491978764534 0.532974898815155 0 0 0 0 0.114577017724514 0 0 0.5746756792068481 0 0 0 0.3895254507660866 0.3282546997070312 0.1246533319354057 0 0.1591793298721313 0 0 0.2116478532552719 0.1374516487121582 0 0 0 0 0 0 0 0 0 0 0 9.791070237755775 0.3644151985645294 0 0.1293957531452179 0.3262584209442139 0 1.410240411758423 0 0 0.1062317788600922 0 0 0 0 0.2551214098930359 0 0 0.2197192311286926 0.1330057084560394 0 0 2.85582210123539 2.420382410287857 4.892190456390381 124.217909835279 6.350227124989033 198.3088971450925 15.47029428184032 765.5509883239865 8.934060379862785 0.5308564901351929 14.01043307781219 6.027036175131798 0 0.1320870667695999 0.1281758844852448 13.06888008862734 0 0 0 1.534097194671631 0.7217364907264709 191.2823100313544 3.850589647889137
4267.870008341968 3937.367964200675 1955.681452676654 2094.947086766362 2363.341128900647 47.36410911381245 4329.173755466938 165.2007741183043 1420.390515349805 3289.312318339944 738.8271237164736 29.91189022362232 785.2415504455566 3798.578949846327 9.418625667691231 4.611063569784164 1.510820791125298 0.6195414364337921 0.1596189886331558 0.4648488610982895 14.05314441025257 1.713015973567963 0.6377538740634918 0 0.1801389008760452 2.019310593605042 0 0.4388501346111298 0 0 3495.714798785746 59.39187156409025 338.9170934259892 0 0.2976904511451721 0.4344834834337234 86.18819113820791 14.04973784834146 8.075215086340904 0.2711451053619385 6.867443636059761 1.929490648210049 1.553440913558006 0 0.2799052894115448 0 78.96963068842888 5.411669433116913 0.1287467032670975 1.175284489989281 11.97229339182377 0.3244772255420685 0.7909421920776367 0.9588145762681961 26.62385243177414 24.95154342800379 277.9759179353714 1086.727592669427 64.89648102223873 65.9913112744689 0.154499426484108 16.54219177365303 0.1461659371852875 44.85704685747623 11.57220613211393 11.52991475909948 4.858482524752617 4.268664978444576 2.775355905294418 11.79333863407373 59.80768950283527 3.342334523797035 0.1636170595884323 316.839890986681 11.56740856170654 52.77291990816593 16.59038789570332 4.994480714201927 0.9106408357620239 202.4297246709466 0 5.647280044853687 46.30761513859034 0.18576879799366 3.513507902622223 13.05092828720808 2.486756056547165 0.4490628391504288 7.245671488344669 0.4211881160736084 4.336230397224426 0.6997426599264145 20.69889199733734 1.984032206237316 0.2465331479907036 17.80369384586811 4.097070008516312 0 8.855256542563438 1258.309572979808 0.7212070226669312 1.392623901367188 2.520496428012848 0 1.44317652285099 14.21565133333206 0 20.45772121846676 39.75794044137001 11.961310967803 0.9739750474691391 12.07517895102501 15.54078385233879 19.25425347685814 13.75108751654625 0.9121672511100769 0 0 0 0 0 0 0 0 0 0 0 0.1264706552028656 0 0.2553199529647827 0 0.3309076130390167 0 0 0 0 0 0.1513326019048691 0 26.18131493031979 2.337143659591675 11.56812692433596 6.735598675906658 5.512032732367516 0.4750228822231293 0 0 0 0 0.2150533273816109 0 0 0 0 0 0 0 1.435619011521339 1.030734166502953 0 0.6074342280626297 0 0 1.344803929328918 1.750266596674919 2.349547863006592 2.160776615142822 0.3630297183990479 0 0 0.1377340704202652 0 0 0.3763875439763069 0 0 45.08300498127937 0.5276449620723724 0 0.3866786062717438 0 2.274302914738655 1.335236191749573 0 0.8939446210861206 0 2.366449043154716 0 0.2742829397320747 0 0.09856045246124268 0.3273100554943085 0 0.4559980854392052 0 0 0 15.94333292543888 19.26250849664211 37.98563933372498 296.2433311268687 15.73738840222359 820.5305280834436 47.77216517925262 610.0034831389785 69.38790871948004 0.772561326622963 87.95346349477768 25.89801670610905 0.240517184138298 20.24817869067192 1.330079406499863 19.47618599236012 0 0.3274883031845093 3.867672741413116 15.49039642512798 0.2914435267448425 183.6898065209389 18.8111075013876
504.4173304736614 1955.681452676654 1574.266039326787 60.8892705515027 1126.625287905335 5.510152727365494 61.49258830398321 2783.053399838507 563.382610656321 8.064467281103134 2010.64365092665 1.010561183094978 34.37522177398205 1795.62582885474 9.530777789652348 3.760468125343323 0.1398042440414429 2.12669961899519 0.1193220764398575 4.740237310528755 73.73208925873041 0.8294206112623215 0.4484398663043976 0.3234621584415436 0.4884413778781891 4.289264768362045 0.6019401848316193 1.211981549859047 1.56817864626646 0.1500093340873718 4286.445605479181 530.5371146127582 380.5801221579313 0.3114267438650131 0.5403655916452408 2.411941722035408 34.39288692176342 4.109043411910534 2.63505919277668 1.942476019263268 33.69537742435932 7.374587185680866 8.530366905033588 0.1679237633943558 0 0.1460776627063751 38.69616615772247 2.853261031210423 0.9861554503440857 5.956543549895287 17.47757041454315 2.267491519451141 0.4959957152605057 2.16549876332283 7.184996925294399 7.004069782793522 86.94039139151573 475.71989864856 23.67022661119699 26.70916704833508 1.236335337162018 137.0336934924126 0.5686362981796265 57.33867122977972 3.128541313111782 12.31148535758257 7.379881903529167 15.18706214427948 16.23192862421274 70.11322931945324 25.92162123322487 2.167178690433502 0.1351417750120163 120.2930135130882 5.046982824802399 32.98472291231155 15.83553379029036 5.356808297336102 15.58548633754253 1677.021511949599 0.8756888210773468 87.42389879375696 15.38224793970585 0 5.36294861137867 10.88071847707033 8.988916285336018 0.7803278267383575 2.160112522542477 0.1770244389772415 2.782562740147114 0.5373282954096794 96.94916630536318 6.789721272885799 1.546814352273941 6.390953302383423 2.740203097462654 0 4.117865636944771 231.1674053668976 0.1335393637418747 0 0 0.8190678954124451 0.8141637444496155 7.266491606831551 0 3.132314622402191 1.179348006844521 0.9193102866411209 0 5.240314960479736 4.898581117391586 2.212011873722076 3.497111961245537 0.09980673342943192 0.1412703096866608 0 0 0 0 0 0 0 0 0.5139838606119156 0.4303638935089111 0 0 0.1114780008792877 0.3038012087345123 0.1032575145363808 0 0.1143948212265968 0 0 0 0.101984053850174 0 9.970371097326279 0.4567004442214966 2.098761320114136 1.255799166858196 2.102922715246677 0.357606053352356 1.895208358764648 0 0 1.266471147537231 0 0.6861055493354797 0 0.7096261382102966 0 0 0 0.1104579716920853 2.667325928807259 0.292983241379261 0 0.2803768441081047 0 0 0 0 0 0.8123576641082764 0 0.4530387222766876 0 0 0 0 0 0 0.4540402293205261 13.70453144609928 0.5463787317276001 0 0.5194004625082016 0 0.4946093410253525 0.7944818139076233 0 0 0.1462276577949524 0.2785901129245758 0 0 0 0 0 0 0.5445501580834389 0 0.150862917304039 0.3409855961799622 3.856654450297356 8.021504625678062 15.65063716471195 120.0670461654663 9.387495771050453 331.8338968083262 27.51485425978899 141.423181578517 28.74890043586493 0.292002946138382 39.72186303138733 6.19599924236536 0 0.6309133023023605 0.2352945506572723 0.7970574796199799 0 0 0 9.013337105512619 0.7834089994430542 50.25545541197062 5.387651056051254
2332.249156430364 2094.947086766362 60.8892705515027 2042.195715218782 87.25249527394772 460.1445142030716 1600.451803617179 0.704500637948513 2.83913391828537 6281.673835024238 5.872814327478409 635.6979206949472 321.7694025933743 24.10759690403938 0.5631338953971863 0.1820514351129532 0.260780543088913 0 0 0 0.3166759014129639 0 0 0 0 0 0 0.1294356286525726 0.2718537002801895 0 90.77663370221853 2.031013011932373 3.440681174397469 0 0 0 13.45748865604401 0 0 0 0 0 0 0 0.1728272140026093 0 8.188458621501923 0.8403177559375763 0 0 1.12877257168293 0 0 0 5.38580484688282 6.868305549025536 146.4573339149356 455.6644234955311 23.67293319106102 11.02387689054012 0 0 0 0.8628400564193726 2.177700094878674 2.826117545366287 0.6709959283471107 0 0.3357491195201874 0 25.14425739645958 0.2311723232269287 0 82.31535752862692 0.6823832988739014 5.05912709236145 0.348752997815609 0.1099567711353302 0.2646005004644394 1.783374845981598 0 0.2620891034603119 9.316766783595085 0 0.9487222507596016 4.161653824150562 0 0 1.08870904892683 0 0.6205018386244774 0 0.261637270450592 0.136962503194809 0 20.62494947016239 7.741618931293488 0 0 797.0370615124702 0 7.064606592059135 29.00803631544113 30.97383449971676 0 11.77996109426022 3.804422408342361 3.476531118154526 116.2280388772488 3.864249646663666 0.4564023911952972 8.734306186437607 46.8060127645731 28.6280443072319 0 0 0 0 0 0 0 0 0 0 0 0 0 0 0 0 0 0 0 0 0 0 0 0 0 0.5580119490623474 0 0 0 0.1477748602628708 0 0 0 0 0 0 0 0 0 0 0 0 0 0 0.1841732263565063 0.2147150486707687 0.1642220467329025 0.1474682688713074 0.3041574954986572 0 0 0 0 0 0 0 0.1487566381692886 0 0 0 0 0 1.516799852252007 0.5221875309944153 0 0.1470574289560318 0 2.188967943191528 0 0 0 0.1685301214456558 0 0 0 0 0 0 0 0.5139336362481117 0 0 0 2.54029455780983 1.784126609563828 1.374883621931076 115.2549985796213 5.215529702603817 123.8227391764522 4.643182173371315 533.2716263756156 5.163106456398964 0 6.25495745241642 7.717832326889038 0 1.933968678116798 0.2952543497085571 13.63745188713074 0 0 0 0.5326456427574158 0 109.7563132047653 4.137297689914703
176.7153167426586 2363.341128900647 1126.625287905335 87.25249527394772 1275.760882198811 4.920326724648476 667.5378715023398 365.3730807080865 2799.175870545208 73.80748438835144 1723.186862550676 6.852674201130867 743.3172880262136 2056.46307297051 4.74594209343195 1.699200130999088 0 0.2323542535305023 0 0 0 0 0 0 0 0.1491809636354446 0 0.3192868083715439 0.3357495963573456 0 103.873613037169 16.99291054904461 41.28193600475788 0 0 0 58.47484214603901 15.27031028270721 6.659276038408279 0 0 0.1138669177889824 0.4488517343997955 0 0 0 42.3509154766798 2.459300450980663 0.1728565543889999 0 2.002889052033424 0.1338994652032852 0.1478642523288727 0 6.195869974792004 6.356261119246483 31.06343276798725 86.57402767241001 13.92710230499506 33.66964237391949 0.3826371729373932 2.402946956455708 0 23.80623192340136 2.649288266897202 1.515288949012756 1.864677034318447 0.8998334556818008 0.1164328008890152 0 56.56332919001579 2.080682441592216 0 77.5895209684968 5.350781559944153 32.12143278121948 13.68033397197723 3.084663689136505 0.114706739783287 8.163661666214466 0 1.216088339686394 11.89663070440292 0 1.34020771086216 3.487385950982571 0 0 1.318793274462223 0 1.046523384749889 0.1214737817645073 0.6151501089334488 0.2531136497855186 0.1233220249414444 7.861463196575642 0 0 5.047750756144524 17.92170482873917 2.85348978638649 4.579000473022461 2.297436714172363 0.9286354780197144 0 29.41386809945107 1.33784031867981 19.10413506627083 11.89658561348915 7.362929672002792 1.265542149543762 16.03566662967205 25.4295366704464 22.59893018007278 22.22974318265915 1.043694078922272 0 0 0 0 0 0 0 0 0 0.1801764816045761 0 0 0 0 0 0.1702705770730972 0 0 0.3121583759784698 0 0 0 0 38.67284955084324 1.55314302444458 6.251625090837479 14.70512393116951 0.6827757060527802 0 0 0.3253012001514435 0 2.143660545349121 0 0 1.779310345649719 2.043982088565826 0 0 0 0 0 0 0 0 0 0 0.4701375067234039 0 7.980163812637329 1.168362736701965 0 0 0 0 0 0 0 0 0 54.46776720881462 2.194373488426208 0 0 0 5.653057813644409 0 0 0.7672999501228333 0.7311321496963501 0.5757505893707275 0 0 0 0 0 0 0.2008793354034424 0 0 0 28.64397384226322 20.34927634894848 38.89923921227455 239.4517370536923 8.915481872856617 360.2390523329377 36.40003462135792 174.1075917333364 46.91992405056953 0.3886489570140839 93.22568695247173 44.58833821117878 0 9.63684207201004 5.195627570152283 14.5235258936882 0.8137562274932861 0 2.225672841072083 15.80385766923428 2.757606968283653 60.2973959594965 24.68164214491844
185.5831526517868 47.36410911381245 5.510152727365494 460.1445142030716 4.920326724648476 22.89055766165257 61.50012621283531 0.4433595091104507 0.8233924955129623 598.7778671234846 6.586231663823128 145.1861995458603 49.02362123131752 17.55049243569374 1.167954564094543 1.83712562173605 0.2680916637182236 0 0 0 0.2087408453226089 5.244535133242607 0 0 0 0.2633486390113831 0 0.2030778080224991 0.1799529790878296 0 8.939463689923286 0 13.33434136211872 0 0 0 22.52307392656803 0 3.438893049955368 0.1795291006565094 0 0 0 0 0 0.584299772977829 0.8503001108765602 0.4745601713657379 0 0 0 31.18486716598272 1.796295568346977 0 0.6011592149734497 1.990163944661617 82.38566979765892 143.8629432171583 7.113277792930603 1.908828020095825 0.4369132667779922 0.6473192572593689 0 0.8931038677692413 0.2930555492639542 0.278983935713768 0.3909075260162354 0 0.3610763549804688 0 227.5817358344793 256.1153199225664 44.95002166926861 13.36416794359684 0.1811234354972839 2.681089378893375 1.904390953481197 2.056174725294113 0 17.18689601123333 0.5224444717168808 1.66814649105072 1.603917121887207 6.18466829508543 0.3895664215087891 10.60058009624481 0 8.581677846610546 7.592685647308826 32.98096540570259 3.627623796463013 11.89443213492632 0 0.5443955361843109 0.793453112244606 356.4811834692955 493.3102994859219 31.88537345826626 71.48653984069824 342.9766851812601 0 0 2.662276864051819 0 0 0 0.1608678102493286 0.6221867203712463 32.22362726926804 0 0 2.111058875918388 5.620429888367653 1.244141697883606 1.186710044741631 0.2467576861381531 0 0 0.1318687945604324 0.1973976641893387 0 0.2188715487718582 0 0.3802602514624596 0 0 0.1539410203695297 0.1148470416665077 0 0.8029877841472626 0 2.392937645316124 1.117084816098213 0.1162508055567741 0 0 0 0 0.6656196936964989 1.989819332957268 0.2827819287776947 1.220317482948303 2.579695247113705 0.2407022416591644 0 0 0 0 0.285193145275116 0 0 0 0.3671901524066925 0 0 0 3.340924061834812 0 0.6464345157146454 0 2.138302683830261 0 0 0 0.4256657809019089 0.3221924304962158 0 0 0 0.6110438257455826 0 0 0.194288969039917 0.4475522339344025 0 0 2.873276516795158 2.619230180978775 0.2371848076581955 0.1705304980278015 0.3271771669387817 0 0 0 0 0.1770996451377869 0.5169344693422318 0 0 0 1.933309935033321 0 0 0.7364805191755295 0.2989159673452377 0.1663924008607864 0 1.989646568894386 2.24299082159996 5.834159262478352 82.11631808429956 3.049084022641182 13.45560410618782 5.083037778735161 97.6434982419014 0.5766834616661072 0.1230607032775879 4.377341166138649 5.646983094513416 0.2600141167640686 0.2879635989665985 0 1.878898918628693 0 0.1798031181097031 0 0.7176792323589325 0 27.00870786607265 3.075248882174492
596.1974158585072 4329.173755466938 61.49258830398321 1600.451803617179 667.5378715023398 61.50012621283531 1214.51951906085 32.55247986316681 487.1591590493917 2859.986553393304 493.5623748227954 118.7319043278694 3039.025131583214 1430.088600575924 13.81938373297453 4.67289175838232 0.5144574493169785 0.2215392589569092 0.3082188963890076 0 1.011128574609756 0.1534798741340637 0 0.3538887798786163 0.1469285637140274 0.144286572933197 0.1164000555872917 0.1363552957773209 0.8566427826881409 0.1996829807758331 162.74670252949 18.87827693670988 57.29911968111992 0.1558184027671814 0 0.6759080290794373 136.4164430350065 27.51406800746918 15.35506232082844 1.736804485321045 1.641516745090485 1.111986860632896 0 0.789629340171814 0 0.1294510364532471 76.9226049259305 3.852087214589119 0.1958952099084854 0 3.681071676313877 0.2569957077503204 0 0.7472100108861923 11.86289140582085 13.02001659572124 128.3779327124357 349.4609095901251 45.05696280300617 62.70418137311935 0.1733251214027405 3.685138523578644 0.1742920130491257 49.84748695790768 9.632523618638515 5.959743797779083 4.499271683394909 1.667072981595993 0 0.9098263531923294 147.1423091366887 6.868600875139236 0 187.012523278594 14.17733417451382 78.6142024025321 24.23968467861414 12.98304085433483 0.6889410763978958 14.18436196446419 0.3310281336307526 3.648427307605743 27.40168042480946 0.2920322418212891 2.947773277759552 9.973139740526676 1.220620036125183 0.1512529999017715 4.472249068319798 0.2978867441415787 2.219884261488914 0.4143361896276474 2.134536132216454 0.2359248772263527 0.3389722257852554 47.26172640919685 3.994139209389687 0 12.44615770876408 112.8581778779626 2.05261567234993 11.87276777625084 36.54487231373787 10.71345390379429 9.167447537183762 132.3740146309137 5.239107549190521 123.7344233840704 98.50287820398808 42.4053812623024 7.217588007450104 95.90036135911942 116.8575460612774 93.13052408397198 54.71939261257648 2.538760349154472 0.5434809923171997 0 0 0 0 0 0.1847100257873535 0 0 0 0 0 0 0 0 0.658672571182251 0.1531527936458588 0 2.750611245632172 1.618905127048492 0 2.205844044685364 0 142.4927488416433 3.99236798286438 38.27942562103271 35.85937632620335 13.34442192316055 0 0 0 0 0.1876639276742935 1.403448492288589 0 2.528804898262024 0.3569375276565552 0 0 0 2.117628537118435 0 0.3337602317333221 0 0.2299385070800781 1.930653676390648 3.6331757158041 6.752320066094398 3.305542439222336 11.48545581102371 5.961440294981003 0 0 0 0 0 0 0 0 0 212.3958138972521 1.137255132198334 0 0.3205545395612717 0 6.343155592679977 1.619954943656921 3.663364768028259 2.983661688864231 2.317637085914612 1.082165360450745 0 0.4566287845373154 0 0.2838648557662964 0 0 0.4261568039655685 0 0 0 117.4014837741852 85.22098706662655 114.0713925212622 612.9213816523552 13.52155192196369 673.4654617607594 93.71547551453114 509.7227012887597 74.62209843844175 1.555734097957611 208.3514323234558 105.8315694481134 0.3035433888435364 29.03141689300537 2.637922987341881 94.37151917815208 2.023574024438858 0.2317420840263367 4.337718546390533 33.44811026751995 1.672964483499527 206.745346494019 90.56099487841129
58.71901508420706 165.2007741183043 2783.053399838507 0.704500637948513 365.3730807080865 0.4433595091104507 32.55247986316681 961.2968424856663 441.027116291225 5.101412378251553 1084.149650834501 2.308811083436012 49.36343905329704 730.4756396263838 15.31622140109539 6.037993624806404 4.280017681419849 13.40886376053095 0.381864458322525 6.799293242394924 55.17017871141434 1.503803968429565 0.3315234929323196 0.5819845944643021 1.524118170142174 4.538671836256981 0.7464568465948105 1.483203783631325 1.685037985444069 0.3496594876050949 1711.188841030002 2580.507910624146 168.9267923235893 0.1523867249488831 1.02214977145195 5.272795051336288 15.28618266433477 6.051013112068176 2.425021447241306 1.347456276416779 25.89917477220297 4.157402396202087 20.11354116350412 2.259292513132095 1.830432295799255 9.332472696900368 115.6778283938766 8.671056643128395 7.939271301031113 25.13331636786461 9.898487791419029 1.499347567558289 0 1.961671613156796 8.956152260303497 11.79746603220701 68.35057409852743 240.8968408405781 23.95634490251541 86.27565834671259 63.4185895845294 729.7675547525287 0.1832568794488907 564.5260046720505 6.08258630335331 11.2377152889967 4.368208765983582 9.405356876552105 15.70291418582201 48.159951582551 13.5914343520999 0.8158076703548431 0.1309902966022491 187.3253454938531 61.91087288409472 105.0738555192947 205.2427200525999 228.7174365594983 849.7820627391338 2683.351336866617 173.503607802093 2272.778209991753 24.97425761073828 0 7.99612895399332 9.987505041062832 19.44488983601332 0.1142781227827072 2.723309569060802 0.1186409443616867 4.137809783220291 0.6384676098823547 72.40763290971518 6.354440487921238 2.423452459275723 4.304700613021851 1.22332900762558 0 2.311971336603165 37.13469739258289 0 0 0 0 0 0.8172416985034943 0.1194406300783157 0.1960646957159042 0.9119646847248077 0 0 0.6552225947380066 1.205809503793716 0.6769782826304436 1.458779945969582 0.2582005560398102 0 0 0 0 0 0 0 0 0 0.1808782517910004 0 0.09700322151184082 0 0 0.227495402097702 0.4596877992153168 0 0 0 0 0 0 0 1.237752079963684 0 0 0.2024326622486115 1.261281780898571 2.755853354930878 0 0 0 0 0.1787969022989273 0.557006299495697 0 0 0 0 0 0.10557771474123 0.5783987194299698 0.1553768366575241 0 0 0 0 0 0.1848597377538681 0.5761607885360718 0.2212110459804535 0 0 0 0.2702401950955391 0 0 0.2575756683945656 0 0.3394585102796555 4.030449718236923 0.1723388135433197 0 0 0 0 0 0 0 0.8276826143264771 0.1810434311628342 0 0 0 0.2159000113606453 0 0 0.5499597936868668 0 0 0 0.4902961999177933 1.712429255247116 3.050865203142166 123.4903513789177 9.891862593591213 665.1664071455598 40.19035566598177 137.5172360762954 51.5239310786128 0.3162708282470703 53.68697641044855 1.282650470733643 0 0 0.508952260017395 0.4955825209617615 0 0.1256579905748367 0 6.434829518198967 0.4648283123970032 62.12832918763161 2.390296146273613
8.832661807537079 1420.390515349805 563.382610656321 2.83913391828537 2799.175870545208 0.8233924955129623 487.1591590493917 441.027116291225 390.110440120101 36.36525793373585 1856.777341097593 8.341955408453941 471.5382943302393 752.8993854671717 4.169646143913269 1.91842083632946 0 0 0 0 0.145212396979332 0 0 0 0.1132874637842178 0.1755713373422623 0 0 0.1524871587753296 0 17.92904361337423 8.687329977750778 32.93034495413303 0 0 0 23.30739637464285 2.181519016623497 4.34609143435955 0 0 0.1912006735801697 0 0.2832321375608444 0 0 16.69854630529881 0.1265327483415604 0 0 0.8117123395204544 0 0 0.1809330433607101 0.6788129657506943 0.9875915944576263 9.462283700704575 18.62647373229265 4.191894821822643 13.05448692291975 0.536896824836731 0 0 12.69920958578587 0.5305807515978813 0.6763667613267899 0.4165929853916168 0.1142324283719063 0.2937408685684204 0 24.80281886458397 0 0.1321480274200439 20.22257200628519 1.990399420261383 20.22410438209772 5.119669556617737 2.229697093367577 0.1391679346561432 3.905861958861351 0 0.6505040526390076 2.855032682418823 0 0 0.9691061824560165 0.2616349458694458 0 0 0.4360832273960114 0.1123075857758522 0 0.692143440246582 0.1533626466989517 0 1.634065136313438 0.7140543013811111 0 0.9647486507892609 3.41008123755455 0 1.82547265291214 0.9509596228599548 0.3054741024971008 0.4475338757038116 18.54493409395218 0.2923677265644073 4.74042721092701 7.546330645680428 4.302568450570107 0.5893488675355911 5.332049816846848 20.7002128213644 10.8856949955225 9.125971764326096 0.5519501864910126 0 0 0 0 0 0 0 0 0 0 0 0 0 0 0 0 0 0 0 0 0 0 0 16.05773423612118 0 5.106984555721283 8.005906909704208 0 0 0 0 0 0 0 0 0 0 0 0 0 0 0 0 0 0 0 0 0.1883129477500916 0 2.65336287021637 1.107512146234512 0 0 0 0 0 0 0 0 0 31.65410201251507 1.164811372756958 0 0.3609969019889832 0 0 0 1.44053328037262 0 0 0.3374432623386383 0 0 0 0 0 0 0 0 0 0 9.078297466039658 9.097402915358543 15.28689938783646 103.3864245712757 2.906175345182419 95.89491077512503 17.3148442953825 46.72010339796543 16.441600009799 0 39.55226044356823 8.121376186609268 0.8578739166259766 2.746733792126179 3.644786894321442 8.86280383169651 0 0 0 10.60238227248192 0.6287623047828674 15.38989834487438 8.056837409734726
2188.948910661042 3289.312318339944 8.064467281103134 6281.673835024238 73.80748438835144 598.7778671234846 2859.986553393304 5.101412378251553 36.36525793373585 3818.784062132239 34.50673477351665 2901.521690189838 3699.563986614347 869.9450006335974 3.628310360014439 1.402399376034737 0 0 0.1445748060941696 0 0.2070733904838562 0 0 0 0 0 0 0 0 0 55.90597039461136 2.431839749217033 133.2458660304546 0 0 0 388.1883994936943 1.352422028779984 4.302047967910767 0 0.2215662598609924 0 0 0 0 0 15.20034524798393 0.904091402888298 0 0 1.18089260160923 0 0 0.1370865106582642 2.698954790830612 3.091310299932957 145.1851706057787 251.4566983804107 16.91264130920172 7.56839394569397 0 1.234116524457932 0 8.998448386788368 1.334819249808788 1.197358690202236 0.2929137200117111 0.1356325149536133 0.3293229639530182 0.1960068345069885 833.38263463974 4.597746104001999 0.2668651938438416 59.32125871628523 1.006716713309288 10.15012685954571 5.117985039949417 2.283997401595116 0.4224894642829895 12.33063064515591 0.1109837591648102 0.7998486906290054 10.40081509947777 0 0.4365298599004745 2.282316863536835 0.2373925894498825 0.1503345519304276 1.039702944457531 0.235134020447731 0.5235932320356369 0 0.4424135163426399 0.5138156861066818 0 314.6808219850063 50.9849851578474 0.2318454533815384 4.423603057861328 1103.264358796179 1.856843829154968 20.88933658599854 23.90803150832653 12.35392883419991 2.267468973994255 112.3519903421402 8.11972539126873 63.63353732228279 157.9179995507002 62.55173955857754 9.648176774382591 66.14980264008045 231.9987590014935 78.36999986320734 20.76780876517296 0 0.7106430381536484 0 0 0 0 0 0 0 0 0 0 0 0 0 0 0 0 0 0.1335968673229218 0 0 1.546498894691467 0 55.43399772047997 1.290053963661194 14.86930301785469 14.86499883234501 1.338285684585571 0 0 0 0 2.708178952336311 0 0 0.1849009245634079 1.979059934616089 0 0 0.2040997743606567 1.114145040512085 0 0 0.2506110966205597 0 0.4756725430488586 2.639176249504089 4.798258990049362 0 0.7421689629554749 1.571365311741829 0 0.7352157235145569 0.1345093548297882 0 0 0 0.1373976022005081 0 0 99.55214910209179 2.610916927456856 0.3008996546268463 0 0 5.635108947753906 2.803788959980011 1.583744779229164 0.3378588855266571 1.541317313909531 1.095528483390808 0 0 0 0.3047700077295303 0 0 0.1471252590417862 0 0 0 85.06012630462646 17.23839229345322 27.55452379584312 720.2012293636799 4.550481617450714 124.0384704321623 16.35795444250107 1120.680244252086 11.92226292192936 0.2302637100219727 18.33690322935581 155.6792368739843 0 7.794481605291367 0 179.0647239983082 0 0.755662202835083 0 6.738090381026268 0.2159022092819214 430.6337249949574 96.28716571629047
121.2998480498791 738.8271237164736 2010.64365092665 5.872814327478409 1723.186862550676 6.586231663823128 493.5623748227954 1084.149650834501 1856.777341097593 34.50673477351665 675.8294802829623 33.59270822256804 1082.54411239177 4718.792985893786 29.42307747155428 11.76748523116112 0.9468709677457809 0.3264941573143005 0.4170105159282684 0.6738397032022476 30.11300005763769 0.9370937347412109 0.2417294457554817 0.7872679904103279 0.8740906864404678 0.9513769298791885 0.9581694900989532 0.3000846207141876 1.407693132758141 0.1097336634993553 971.1751104444265 211.8556470274925 982.6911103576422 0.1906260401010513 0.7013784199953079 0.254926323890686 247.0503302812576 12.72666581720114 14.01211066544056 1.226186841726303 17.36383489519358 5.639558404684067 0.981634795665741 0.5627720057964325 0.3556108474731445 0.2816781848669052 120.4228243157268 2.854359120130539 0.8900000676512718 1.11091586202383 10.92318361252546 2.887796834111214 0.6967447251081467 1.665395170450211 6.074731685221195 7.954594917595387 56.44452388584614 167.4004258215427 20.19239746034145 73.23597896099091 0 45.45890130102634 0 137.6996222287416 4.964128971099854 7.246300734579563 4.941685736179352 8.539829395711422 2.530437000095844 18.9712742343545 119.6548300683498 6.946753293275833 0 164.5969210118055 32.52066780626774 135.2176436930895 64.68060789257288 20.5871844291687 4.764343172311783 354.1413578763604 0.8264889046549797 37.99291264265776 16.96727600693703 0 3.020724520087242 12.5677822753787 3.203400164842606 0 3.92839115858078 0.1642004996538162 1.342321515083313 1.351726599037647 41.77997682988644 5.398993439972401 2.53099662065506 34.291647747159 5.428363546729088 0.1686916947364807 14.09738200157881 42.34896925091743 1.086941286921501 0.8306953012943268 6.330417692661285 1.304401591420174 0.748040959239006 23.51846885681152 0.3596865683794022 16.92911221086979 17.22888204455376 7.673852816224098 2.350569352507591 17.62990926206112 17.01755157113075 24.52367653697729 14.37434720993042 0.7180978953838348 0.3761676251888275 0 0.1588388830423355 0 0.1241379454731941 0 0 0.2029793784022331 0 0.1410141289234161 0.3421672657132149 0.2134261503815651 0.2455797418951988 0.2315748333930969 0 0.9398000538349152 0.5808755904436111 0.3497753143310547 1.653299599885941 0.3638584315776825 0 0.8676367625594139 0 41.34189990162849 0 13.42607437819242 8.309663742780685 3.458635486662388 1.549171596765518 0.444943904876709 0 0 0 1.114782430231571 0 0.7808781266212463 1.60056047141552 0 0 0 0.9183773323893547 0.8640738129615784 0.3456430733203888 0 0.3262801319360733 1.060654431581497 0.9725189805030823 0.86599200963974 1.755735173821449 0.523206502199173 1.433047115802765 0 1.506861090660095 0.4405721426010132 0 0 0 0 0 0.2663085162639618 59.59000868350267 1.945820778608322 0 0 0 3.397205010056496 1.227099418640137 0 3.590660512447357 2.857178568840027 0.6683474034070969 0.2002950012683868 0 0 0.1271340399980545 0 0 0.1122483611106873 0 0 0.143129974603653 28.52258491516113 29.9629390463233 35.70001001656055 451.3821472376585 16.94110138714314 635.8849264159799 119.9067470878363 208.439538680017 82.24009933322668 0.1599727123975754 204.5031181275845 24.86425299197435 0 3.916689939796925 0.1877942085266113 17.42516294121742 1.294630110263824 0 0.7790482044219971 30.52949330210686 4.83833184838295 62.92519173771143 26.05101212859154
388.1733527928591 29.91189022362232 1.010561183094978 635.6979206949472 6.852674201130867 145.1861995458603 118.7319043278694 2.308811083436012 8.341955408453941 2901.521690189838 33.59270822256804 103.2225826531649 684.4076225608587 540.3316318690777 8.165858425199986 4.418286964297295 0 0.1164402291178703 0 0 1.855144202709198 0 0 0 0.1246854811906815 0 0 0 0 0 8.484697163105011 1.074607960879803 26.20492531359196 0 0 0 135.0590381622314 1.673791632056236 0.5603213310241699 0 0 0.447360098361969 0 0.137409895658493 0 0 10.42563142627478 0 0.1309525072574615 0 0.1408881694078445 0 0.1491196751594543 0.1264031976461411 0 0.1276263296604156 10.89548825472593 11.41459162533283 0.4154142364859581 5.188494354486465 0 0.1805926710367203 0 11.6585398837924 0.1338312476873398 0.2260783016681671 0.272005707025528 0 0.3939288854598999 0.5651864111423492 150.4810821861029 0.272856593132019 0 7.266913235187531 2.830832183361053 14.50019077956676 10.05584896355867 4.594110377132893 0.3088743835687637 5.754447773098946 0.2645670101046562 0.2739165127277374 0.6041485518217087 0 0.1537536829710007 0.3050882443785667 0 0 0.1191962137818336 0.1348123848438263 0.1145892515778542 0.1507416814565659 1.508297294378281 0.360398605465889 0 416.0113430917263 21.61790250241756 0 5.059914574027061 167.5092250779271 3.049566522240639 12.45602311193943 21.9500270485878 7.62908236682415 1.659022152423859 112.6120221614838 10.26395483314991 54.60985712707043 53.15747638046741 39.2307924926281 7.610620647668839 78.65336428582668 131.5160306692123 80.67563974112272 30.72681958973408 0.982717901468277 0 0 0 0 0 0.1124787554144859 0 0 0 0.1862808018922806 0 0 0 0 0 0 0 0 0.3883446305990219 0 0 0.1806385815143585 0.2032473236322403 52.67336618900299 1.868820488452911 7.684896185994148 10.23872403800488 0.6411073952913284 0.191699206829071 0 0 0 0 0 0 1.30215972661972 0.1414203494787216 0 0 0.1588806360960007 0 0 0 0 0.1527934223413467 1.044541627168655 0 3.896916955709457 0.6799905300140381 5.130208924412727 5.27884241938591 0 0 0 0 0 0 0 0 0 103.075997069478 3.721193566918373 0 0.1400311291217804 0.1706770360469818 3.420749992132187 3.080152630805969 1.636149927973747 1.571122244000435 0 0.2780197337269783 0 0.1217485219240189 0 0.100531131029129 0.6406733989715576 0 0 0 0 0 92.84946772456169 24.59674626588821 34.56693035364151 268.5805156379938 1.027124345302582 45.92537789046764 27.76800255477428 312.3599281907082 7.611555337905884 0 30.02499780058861 125.2297901213169 0 15.30265599489212 2.410220980644226 113.7127365916967 0 0 3.10453987121582 4.070996820926666 1.030140161514282 294.9893711060286 98.75844557583332
170.190211430192 785.2415504455566 34.37522177398205 321.7694025933743 743.3172880262136 49.02362123131752 3039.025131583214 49.36343905329704 471.5382943302393 3699.563986614347 1082.54411239177 684.4076225608587 2141.794973231852 3732.247287474573 37.43619736284018 26.15269587188959 0.711884006857872 0.6926290094852448 0.4423182904720306 0.3821804076433182 6.685819461941719 1.773653209209442 0 0 0 0.1587069779634476 0.1765228509902954 0 0.4527032375335693 0.4978813976049423 77.99718646705151 12.50437694042921 574.6949880570173 0 0 0.1463344693183899 510.0620205402374 31.58958271145821 9.716625928878784 2.025095283985138 5.738791808485985 2.478355586528778 0.1876163482666016 1.903609417378902 0.1416467130184174 0.6828623116016388 56.04434898495674 0.8520566076040268 0.3229148387908936 1.181288443505764 5.695285812020302 2.440777346491814 0.7614812552928925 1.250690966844559 1.148115865886211 1.591018132865429 26.98812508583069 68.3067082464695 5.949693955481052 38.35303749144077 0.2160992324352264 11.57851332426071 0 75.2235122397542 0.8618052303791046 2.143038772046566 2.606149442493916 2.673580884933472 0.6959582269191742 5.149977654218674 200.2004268541932 5.531784147024155 0 54.8590496852994 18.88491214811802 97.85107279568911 55.45433177053928 27.07651433348656 2.491941548883915 67.41674081981182 0.7165742367506027 3.651655964553356 4.665270619094372 0.1417837589979172 0.5791232213377953 2.204127587378025 0.9376964271068573 0.2389180436730385 0.7947780713438988 0.3064254224300385 0.6488250717520714 0.7668975666165352 11.56629356741905 1.321675270795822 2.004494361579418 383.4275666624308 15.63267700374126 0.5298317670822144 10.59432175755501 117.5160035192966 6.555437818169594 26.64518155157566 34.92531622946262 5.057425022125244 8.106807246804237 167.1753460690379 13.43550699949265 100.7308824211359 96.7167801707983 70.16714043915272 13.88523146510124 110.9353648498654 192.1716688200831 138.321933336556 66.18731699883938 0.849675327539444 1.132859714329243 0.105353444814682 0 0 0 0 0.22853122651577 0.5222553610801697 0.2136054784059525 0.1213260516524315 0.1446534693241119 1.283469319343567 0 0.1134410798549652 0 0.9346189647912979 0.2089692801237106 0.1560963094234467 1.703929379582405 0.2515037059783936 0 0.7747084349393845 0.1129933744668961 122.6760647296906 4.873099952936172 20.81025969982147 23.87510883063078 4.053563080728054 0.6419850438833237 0 0.7553771734237671 0 0.3873080760240555 0.6468087062239647 0 5.17766509950161 1.708045452833176 0 0 0.1575780659914017 0.7975259497761726 0 0.6155314445495605 0.4805608093738556 0 0.285577803850174 2.146815448999405 6.119272276759148 5.510689467191696 10.57802563905716 7.693774595856667 0 0.2049919217824936 0.9554529041051865 0 0 0 0 0 0 239.1294220536947 5.897279873490334 0.1163313910365105 0.9466994255781174 0.394402951002121 10.51997484266758 6.684065341949463 2.598336324095726 5.052464485168457 1.96027983725071 2.020895719528198 1.365596771240234 0.953592985868454 0 0.150701567530632 0 0 0.3458146452903748 0.7642876356840134 0 0 151.9154949113727 67.09817630052567 93.83626951277256 512.9633766636252 8.55079659819603 284.3130817860365 108.77258772403 247.1572068631649 43.51981844753027 0 153.577302262187 133.7544859945774 0 25.23745258152485 5.777543991804123 151.6584409922361 0.1986353248357773 0 2.435319125652313 33.77911396324635 3.095749318599701 283.0342906266451 115.5351688414812
458.7226268947124 3798.578949846327 1795.62582885474 24.10759690403938 2056.46307297051 17.55049243569374 1430.088600575924 730.4756396263838 752.8993854671717 869.9450006335974 4718.792985893786 540.3316318690777 3732.247287474573 2922.663205727935 33.45788586139679 15.20507413893938 0.4377328231930733 1.298241466283798 0.9807067960500717 0.608801394701004 27.28149457275867 10.84511867165565 1.451076880097389 0.1549503803253174 2.230040818452835 2.782419487833977 1.110884755849838 1.231966495513916 3.34963421523571 0 831.5307477116585 58.93105667829514 1758.52549175173 0 0.7137404829263687 0.3875989764928818 1913.967115774751 17.88141240179539 23.36676193773746 0.6879042908549309 21.17187977582216 10.40556557476521 0.250771202147007 0.5185400098562241 0.5882596969604492 0.6401172578334808 68.34392587095499 1.672216422855854 0.5491322129964828 0.4979155361652374 13.03417021036148 26.12747012078762 4.70172031968832 3.531275764107704 1.958793610334396 1.698333851993084 39.57077065855265 143.717529065907 10.42178128659725 42.23140822350979 0.8122064471244812 45.2148156017065 0.2445451319217682 102.291158914566 2.222442433238029 4.021439097821712 4.379056289792061 6.213097169995308 1.061130568385124 16.61808787286282 479.607722774148 17.96470232307911 0.368443101644516 86.75223583728075 25.79387207329273 100.9093273505569 51.7799710854888 24.26590152829885 1.724041938781738 339.6477466672659 0.7308673039078712 26.69535801559687 6.9581503495574 0.2425701320171356 1.426234014332294 5.676917187869549 2.06638053804636 0.1334886103868484 3.719828128814697 1.261600822210312 5.328019052743912 8.825369864702225 47.46627401560545 8.769886642694473 8.954752221703529 129.5138807147741 20.76548618078232 1.960448294878006 41.67962673306465 82.00280427187681 1.502164073288441 9.31082384288311 12.21187561750412 1.765038549900055 5.293456241488457 56.47127820551395 2.847208827733994 35.02151924371719 34.4730973392725 15.55049635469913 5.215073570609093 32.52593280375004 87.49228753894567 63.21789647638798 35.59446178376675 0.5838549882173538 0.7732531949877739 0 0.4042464569211006 0 0 0 0 0.6561437770724297 0.2730625495314598 0 0.5265434011816978 2.430642545223236 0.3802608251571655 0.9246515706181526 0.3697871565818787 5.755151890218258 2.108089931309223 2.527201488614082 0.8687945902347565 0.5737379193305969 0.9022419527173042 1.0947460308671 0.4804177954792976 69.10790776461363 1.106307975947857 8.489496432244778 28.09338962286711 8.213516756892204 0 0 0.8310936689376831 0 0.3637234047055244 2.321105748414993 0.326111763715744 0.7558248192071915 1.17193479090929 0 0 0 7.858910955488682 1.325586691498756 0.2685844004154205 0.7083891630172729 0.2473753094673157 0.2330303192138672 0.9207876920700073 0.5258364975452423 0.6325204893946648 8.536401554942131 2.951975345611572 0 0 0 0 0 0 0.3108303993940353 0 0.4537548720836639 134.0950382202864 6.842158325016499 0 0.4589597135782242 0.4313558638095856 5.5910260155797 1.410053178668022 3.006989665329456 5.843457341194153 0.7000399827957153 0.1995791047811508 0.2731249034404755 0.5457869246602058 0 0 0 0 0.4388411641120911 0.1858980655670166 0.1569643020629883 0.1428343802690506 79.27047845721245 58.52522100508213 76.42652078717947 399.7058676406741 10.39633265137672 320.9924879148602 96.62434959411621 149.1849479526281 42.04224832355976 0.7490831017494202 155.4482574164867 55.05628949403763 0 16.92921245843172 3.639335423707962 34.68883040547371 0 0 2.655641078948975 28.36688710749149 2.954532206058502 135.3947662785649 73.73797300457954
