334.8867542073131 2643.221950531006 957.4175907596946 1839.51523231715 7.210919313132763 49.96769148111343 400.8775364309549 396.6022263094783 1.748339809477329 1732.275397218764 106.382248096168 356.5243749171495 177.1438727155328 32.91305120289326 2.384258896112442 1.685761533677578 0 0 0.2587232291698456 0 0.3483758419752121 0.1291606277227402 0.2876112163066864 0.1634606570005417 0.2394024804234505 0.3112793862819672 0.2843960523605347 0 0 0 1437.317998640239 20.92358941584826 27.01629456877708 0 0.1480325758457184 1.68849989771843 11.42978978902102 1.196202985942364 1.909880869090557 0.2065149396657944 0 0 0 0 0.09698621928691864 0 10.17069617658854 4.338251307606697 0.4343605935573578 0 0 0 0 0 1.498066037893295 1.11647991836071 297.8848905712366 615.4936354607344 83.27442029118538 15.32016232609749 0 11.31488520652056 0.6352164447307587 7.40519754588604 4.128359325230122 3.66913141310215 0.1549732536077499 0.1027518585324287 0.1061057448387146 0.3180357068777084 43.13143969327211 3.413971856236458 1.851197630167007 263.4396872967482 32.63309810310602 12.44759488105774 1.219050362706184 0.3549507930874825 6.551020301878452 108.9678978770971 0.3442378640174866 20.20321370661259 15.99349831789732 0 5.066008381545544 4.104439802467823 0.478583000600338 0.7728991881012917 0.3870483338832855 0 0.7646534368395805 0.1341901272535324 0.6724259406328201 0 0 59.82450360804796 36.52553264796734 0.5439497232437134 0 1180.981109954417 0.1183563247323036 3.341609477996826 3.726646423339844 0 0 1.091154038906097 0 2.831800878047943 2.399462521076202 3.052869081497192 0.8717662692070007 10.72822166234255 9.210023812949657 9.239964298903942 4.211604923009872 0.2414149567484856 0 0 0 0 0 0 0 0 0 0 0 0 0 0 0 0 0 0 2.357831977307796 0 0 0 0 1.589145623147488 0 0.2927752807736397 0 0 0 0 0 0 0 0 0 0 0 0 0 0 0 0.152989000082016 0 0 0 0 0 0 0 0 2.299199022352695 0 0 0 0 0 0 0 0 0 2.450649976730347 0.311808168888092 0 0 0 2.056113816797733 0 0.8652883470058441 0 0.7606272101402283 0.2003247141838074 0 0.5843023657798767 0 0 0 0 0 0 0 0 2.995010443031788 1.144306696951389 2.674694858491421 111.6965974271297 1.320623531937599 104.1061811670661 60.04144382476807 844.3438976407051 19.41774065792561 0.2248175889253616 7.24730022251606 0.4532358944416046 0 1.513027012348175 0.9352523386478424 38.99261549115181 0 0 0.6922140717506409 2.372567631304264 0 449.5172007977962 14.7245215177536
2643.221950531006 3217.497718393803 1367.876431263983 975.346502520144 3573.417051307857 56.13304236531258 3334.392603747547 1514.501478895545 2269.680261150002 544.2485446035862 1479.784784607589 271.5485180020332 999.3467350453138 2522.175665795803 25.47340680658817 6.066369920969009 0.5204278007149696 0.2131238654255867 0.4172443822026253 0.6088455989956856 0.1924581080675125 2.215005367994308 0.8013379201292992 0.8291830122470856 0.2160101234912872 0.1928368806838989 0.5159932672977448 0.3049750477075577 0.6013613007962704 0.3734171092510223 3052.742218181491 159.7983431667089 348.2554453238845 0.2351401224732399 0.1970782056450844 2.375892527401447 143.3383242040873 5.319164879620075 7.056348979473114 2.205844357609749 0.8485384583473206 0.6687405779957771 0.3705456554889679 1.234840631484985 0.6322668939828873 1.041217006742954 103.1568211168051 12.04232218116522 0.7384714558720589 0.5856784954667091 0.7072294801473618 0 1.127440080046654 0.6752699017524719 4.139761053025723 5.678817495703697 192.5415326803923 555.3409272059798 86.29834673553705 64.8926694393158 1.269936576485634 34.34759694337845 1.385815478861332 290.9941105544567 10.31415244936943 12.1951644718647 1.094311080873013 2.38728591054678 0.9233939349651337 0.5510022267699242 210.842789940536 1.015712141990662 0 596.2541248872876 264.1933203935623 173.1073145866394 24.02287566661835 5.141764603555202 34.01199309527874 744.3961589485407 2.769540332257748 75.05293390899897 48.45295073091984 0 15.82853361219168 10.5308061465621 3.712759092450142 0 2.258472315967083 0.1361180394887924 0.9345804527401924 0 0.9028186351060867 1.066646389663219 0.2101023867726326 207.9397804141045 4.59186664223671 0.3052795082330704 2.546224862337112 398.3599533215165 3.689288824796677 2.161179423332214 11.56658041477203 0 8.68569204211235 11.53763481974602 8.114167228341103 33.16335414350033 17.87395589798689 22.79311906546354 5.491843476891518 65.39917499572039 49.38039878755808 82.76203848421574 46.02479007840157 0.1803317442536354 0.8419483006000519 0 0 0 0 0 0 0 0 0 0 1.141169190406799 0 0 0 0 0 0 24.38164707273245 4.211353123188019 0 0.2887088060379028 0 35.14565673470497 1.483665466308594 13.24089416861534 1.429756797850132 0.3402222245931625 0 0 0 0.5922943353652954 0 0 0 0 2.19765330851078 0 0 0.1232817396521568 0.1596747040748596 0 0.08472537249326706 0 0 1.15064312517643 1.897557854652405 1.808924987912178 0 0.6904681622982025 37.64166782796383 0.5195780172944069 0 0 0 0 0 0 0 0 61.12482678890228 1.268425703048706 0.8222953975200653 0 0.08714814484119415 29.17830484360456 0 23.21656177192926 2.939385645091534 0.8635227531194687 1.715877041220665 0.7116940021514893 0 0.07615315914154053 0 0 0 0 0 0 0 29.93097025901079 10.34460424631834 25.27908947318792 340.0304260849953 7.692830592393875 319.7782000824809 97.75146495550871 415.627194494009 19.3418714851141 1.778796665370464 30.02161130309105 9.942381143569946 0 11.61215062439442 1.851946875452995 39.74174369871616 0 0.2708649039268494 1.563528314232826 9.443609923124313 0 242.9220077246428 17.42529073357582
957.4175907596946 1367.876431263983 1235.466347828507 208.8475927934051 139.2138329297304 2.430992662906647 78.86258355528116 4041.620613902807 264.6177899539471 22.60557056963444 1065.895092979074 141.2842354029417 378.6012583523989 1747.582709409297 12.04239463806152 4.669026076793671 0.1353704780340195 0.9119093045592308 0.2024259343743324 0.9664985612034798 0.7458761259913445 0.4072364866733551 2.92309894412756 4.721111938357353 1.467657439410686 1.205796152353287 2.720552437007427 0.2556982338428497 0 1.264254406094551 2678.618145644665 407.6221832185984 410.1201530396938 0.08750586211681366 0.2935189008712769 2.323631957173347 154.4167589098215 10.02763073891401 8.884996622800827 3.820554174482822 5.377681791782379 2.345977991819382 0.5420526936650276 0.7291390225291252 0.2907292395830154 0.2845354527235031 13.01276779174805 0.6659499928355217 0.0957232266664505 0.1729245483875275 1.010131813585758 0 0.7955877333879471 1.202425271272659 0.1086259707808495 0.2971024885773659 22.53864353895187 92.78361078351736 7.315377973020077 7.15179280936718 5.542076803743839 77.9694487079978 2.493674218654633 81.56448619812727 1.250734306871891 1.184720069169998 0.1038693189620972 0.9976581856608391 0.8600407391786575 1.148492716252804 97.53353916108608 0.105408638715744 0 44.17366620898247 26.43247498571873 24.27184134721756 7.754055179655552 2.444977916777134 78.40919984132051 1725.511704221368 1.942624114453793 230.7741034254432 2.969253815710545 0 1.489126339554787 1.089308694005013 0.7168329432606697 0 0 0 0 0 3.896604113280773 1.218202747404575 0 92.4502410441637 1.983943976461887 0.2623436152935028 2.938407763838768 69.55857568234205 2.557723678648472 4.768988102674484 5.003358259797096 0.1501944065093994 2.151147909462452 4.330050081014633 0.2543274462223053 13.39934933185577 4.701624192297459 7.347076661884785 3.710842341184616 21.85346965491772 15.54506289958954 35.95627900213003 20.14241131395102 0 0.09737204015254974 0 0 0 0 0 0 0 0 0.3419517576694489 0 0 0 0 0 0 0 0 9.57065050303936 0.7202284634113312 0 0 0 15.62268254160881 0.1353255361318588 7.306965604424477 1.23600896447897 0 0.1385684907436371 0 0.1717702895402908 0 0.582174614071846 0.1194686070084572 0.3685898780822754 0 0 0 0 0.2836516499519348 0 0.1274373382329941 0 0 0 1.979180991649628 0.5618073716759682 0 0 0 14.47270879894495 0.9168818145990372 0 0 0 0 0 0 0.09012491255998611 0 25.05685015022755 0.8434697538614273 0 0 0 9.070035882294178 0 6.986809797585011 0.5009942352771759 0.6587195992469788 0.5872492641210556 0 0.1322909891605377 0 0 0 0 0 0 0 0 8.965856179594994 6.276920050382614 10.68588713556528 61.60651107877493 1.882637299597263 44.70704932510853 11.50569294393063 24.06380691379309 3.552865386009216 0.4567058384418488 5.531247727572918 2.540988840162754 0 2.992014981806278 1.129486128687859 9.737237200140953 0 0 0 2.621246933937073 0 22.39251636713743 6.11424446105957
1839.51523231715 975.346502520144 208.8475927934051 1008.407856166363 27.23053614795208 174.1991216391325 1018.300163909793 87.63312691450119 15.76956823468208 1434.078182995319 42.400500446558 894.7113318294287 650.8134815096855 58.59506941586733 0.6944969967007637 0 0.1469241380691528 0 0 0 0 0 0 0.2148850932717323 0 0 0.08928421884775162 0 0 0 311.2635461613536 1.977721080183983 4.243823833763599 0 0.08742623031139374 0 0.5487194955348969 0 0.2169631123542786 0 0.08737028390169144 0 0 0 0.07965853065252304 0 7.424677394330502 1.2483229637146 0.2664761021733284 0.0769651010632515 0.1115056723356247 0 0 0 0.114022009074688 1.079542145133018 67.86778249591589 131.6527642309666 26.55957708507776 5.320093877613544 0.1123060435056686 0.3656020611524582 0 15.63277600705624 1.19856521487236 2.863710083067417 0.1866793483495712 0 0 0.09504050761461258 0.9920489564538002 0.4327800273895264 0.1555631756782532 142.8631791397929 29.62214940041304 11.29997285455465 0.4254986047744751 0 0.2826716154813766 1.321356534957886 0 0.5486168265342712 9.751428067684174 0 2.405043184757233 2.210742212831974 0.5008125081658363 0.1042961180210114 0.2830708175897598 0.4940734133124352 0.3056044951081276 0 0 0 0 7.48924096673727 3.152464464306831 0 0.1093282774090767 145.9905774369836 0 0.9097593426704407 3.983177304267883 0 3.316890090703964 0.2705632448196411 3.005190253257751 1.397649198770523 2.770114839076996 8.242967441678047 0 4.372605502605438 4.931884557008743 7.109855994582176 0.3667697012424469 0 0 0 0 0 0 0 0 0 0 0 0 0 0 0 0 0 0 0 0 0 0 0 0 1.201546669006348 0 0.1950507164001465 0 0 0 0 0 0 0 0 0 0 0 0 0 0 0 0 0.09619645774364471 0 0.1251231282949448 0 0 0 0 0 0 0 0 0 0 0 0 0 0 0 1.88740262389183 0 0 0 0 0 0 1.267050810158253 0 0 0 0 0 0 0 0 0 0 0 0 0 1.067201107740402 0.1502187103033066 0.4433293044567108 29.8776586279273 0.4831650480628014 42.11533763259649 15.60964940488338 390.3242226243019 3.234409339725971 0 4.473080664873123 0.1425608098506927 0 0 0 27.29174643754959 0 0 0 1.393019020557404 0 346.1461401730776 3.468461558222771
7.210919313132763 3573.417051307857 139.2138329297304 27.23053614795208 2400.880599871278 0.2343142330646515 2332.599165260792 579.2863315194845 3493.8776082322 170.9284788295627 1801.112575814128 55.33049147576094 788.9667192772031 2484.849074348807 8.069782570004463 0.4231091141700745 0 0 0.2042572870850563 0 0 0 0 0.0985834077000618 0 0 0.2255797386169434 0 0.09825259447097778 0 111.7871416732669 12.43745485693216 6.128207236528397 0 0 0 5.380331955850124 0 0.4688985198736191 0 0 0.09549243003129959 0 0.3999039903283119 0.1182552501559258 0.1893969029188156 17.75487290322781 1.591733396053314 0.1745880097150803 0.194039449095726 0 0 0 0 0 1.100271515548229 9.516409873962402 33.33871619403362 5.08381974697113 9.544447854161263 0.521736167371273 1.424887873232365 0 60.24615941941738 1.049499832093716 1.83251878619194 0.09440980106592178 0.1655536592006683 0 0.08789268881082535 25.9358981102705 0 0 52.81300776451826 45.40633174031973 42.43787847459316 4.77963750064373 0.8670865744352341 0.404110498726368 17.76579882949591 0.4321983233094215 1.136066287755966 4.834638550877571 0 1.495728507637978 0.6641484498977661 0.52102380245924 0 0.1114203706383705 0 0.1139467805624008 0.0951501801609993 0.1422990411520004 0 0 28.93181596696377 2.277034245431423 0 0.2158201560378075 0.6304507330060005 0 4.274081230163574 0.6738609671592712 0 2.127165734767914 2.92461085319519 0 0 8.169074177742004 3.138217180967331 0 18.09028761088848 10.28099235892296 12.07833790779114 7.367353826761246 0.4911327660083771 0 0 0 0 0 0 0 0 0 0 0 0 0 0 0 0 0 0 0.2767646312713623 2.330329388380051 0 0 0 4.880192801356316 0 1.822869598865509 0 0 0 0 0 0 0 0 0 0 0 0 0 0 0 0 0 0 0 0 0 0 0.6910468935966492 0 5.753715395927429 0 0 0 0 0 0 0 0 0 10.838055126369 0 0 0 0 2.346978679299355 0.1875128298997879 2.29805999994278 0.4035015404224396 0 0 0 0 0 0 0 0.4087044894695282 0 0 0 0 7.235089987516403 3.65935942530632 3.763460248708725 61.28598163276911 1.320319414138794 52.20556505024433 9.736531384289265 5.585394389927387 1.766445577144623 0 6.554467014968395 0.7280505299568176 0 0.2940036654472351 0 4.443732142448425 0 0 0 1.870515115559101 0 17.97346267849207 4.400376677513123
49.96769148111343 56.13304236531258 2.430992662906647 174.1991216391325 0.2343142330646515 0 30.54770654439926 1.071609750390053 2.944071218371391 421.2519581019878 0.8726820349693298 114.3340814858675 83.90005773305893 24.14450013637543 0.2470536828041077 0.1333015412092209 0 0 0 0 0 0.2341852188110352 0 0 0 0 0 0 0 0 2.129211843013763 0 2.318894788622856 0 0 0 7.604683592915535 0.2687489688396454 0.8526240438222885 0.1685756295919418 0 0 0 0 0 0 0 0 0 0 0 3.083912007510662 0.8500257283449173 0 0 0 36.72563734650612 1.682459458708763 1.002015769481659 0 0.1860791891813278 0.8377049416303635 0 0 0 0.1035668030381203 0 0 0 0 108.8140702992678 76.63139244914055 5.725370809435844 0.2776999175548553 0.09252527356147766 0.09856770187616348 0.1210563778877258 0 0 1.919952876865864 0 0.3006084263324738 0 1.151413753628731 0 1.034543491899967 0 3.563047952950001 5.185026057064533 5.857473738491535 1.059009149670601 1.752695888280869 0 0.2612178176641464 0 261.3224352300167 269.4650592505932 20.34129311144352 1.741759240627289 209.3588397800922 0 2.477451741695404 0.9845423698425293 0.4042933285236359 0 0 0.3102244138717651 3.940069332718849 1.199682950973511 6.302898600697517 0 6.081204935908318 5.591668754816055 7.116111770272255 0.1973400861024857 0 0 0 0 0 0 0 0 0 0 0 0 0 0 0 0 0.1609372943639755 0 0.1789525151252747 0 0 0 0 0.1810619682073593 0.2707006633281708 0 0 0.09924069046974182 0 0 0 0 0 0 0 0 0 0 0 0 0 0 0 0.1652988344430923 0 0.1873830407857895 0 0 0 0 0 0 0 0 0 0 0 0 0.4319010078907013 0 0 0.878027617931366 0.3393388986587524 0 0 0 0 0 0 0 0 0 0 0 0 0 0 0 0 0 0 0 0.5723614245653152 0 0.1598010361194611 1.471822649240494 0 0.4756970629096031 0.9426941126585007 72.81479506194592 0 0 0 0 0 0 0 28.4394388794899 0 0 0.1478239148855209 0 0 36.18273481726646 2.867561891674995
400.8775364309549 3334.392603747547 78.86258355528116 1018.300163909793 2332.599165260792 30.54770654439926 877.6359495222569 13.25986212491989 1668.449991673231 1491.20169198513 306.6778943613172 204.8910223916173 3193.872314214706 2969.412092745304 3.189783439040184 0.3808172345161438 0.0998959019780159 0 0 0 0 0 0 0 0 0 0 0.0920761451125145 0.09447825700044632 0 287.446543738246 10.88979625701904 2.505810722708702 0 0 0.3960325121879578 2.975472465157509 0.09839589148759842 0.3173079490661621 0.0835908055305481 0.08214650303125381 0.08532200008630753 0 0.1880681440234184 0.276887834072113 0.4397407844662666 19.50584890693426 2.723995603621006 0.1929446756839752 0 0.188257984817028 0 0 0 0.911415658891201 1.205257445573807 33.65665739774704 91.76291987299919 15.87099479883909 14.27288711816072 0.301158532500267 0.6571781933307648 0 61.23708638548851 2.20788685977459 1.976541705429554 0.2994260936975479 0.2655639573931694 0.3204750418663025 0 18.43676766753197 0 0 120.0475019812584 58.2266743183136 32.57393504679203 3.300724551081657 0.403812862932682 0.621407762169838 2.835304409265518 0.7125852108001709 1.00746451318264 11.64165421575308 0 3.810401745140553 1.699974678456783 0.7396548092365265 0.1898782402276993 0.4361325576901436 0 0.1069241613149643 0 0.1723526865243912 0.1973662748932838 0 53.44957158714533 0.8064243793487549 0 1.275895535945892 14.82312259078026 0.5559413060545921 2.999066680669785 112.4951511919498 20.29733380675316 4.968319207429886 65.62844513356686 2.947326317429543 21.54672226309776 49.89210486412048 27.2982491850853 1.539844453334808 148.3129882216454 37.9413702711463 28.89376016706228 16.95734901726246 0.4083140790462494 0 0 0 0 0 0 0 0 0 0 0 0 0 0 0 0 0 0 7.532711535692215 2.70353102684021 0 0.7565056085586548 0 4.795301549136639 0 2.493481203913689 0.9713490679860115 0 0 0 0 0 0.2109622806310654 0 0 0 0.5942092314362526 0 0 0 0 0 0 0.126525491476059 0 0.09218547493219376 2.789168559014797 0.1265744119882584 0 0 4.927466668188572 0.1376218348741531 0 0 0 0 0 0 0 0 14.84449204802513 0 0 0 0 4.205206170678139 0 6.16410605609417 0.6949357911944389 0.2956999391317368 0.2095386236906052 0 0 0 0 0 0 0 0 0 0 9.198099672794342 2.858918771147728 1.912389010190964 64.5018278285861 1.313558265566826 59.4131666123867 16.45299715548754 80.9266387745738 3.05443200469017 0.36642075330019 4.878127798438072 0.8418278321623802 0 0.7567408531904221 0.3930087834596634 26.97562796622515 0 0 0.3418290913105011 2.764883548021317 0 160.3346590250731 8.509537070989609
396.6022263094783 1514.501478895545 4041.620613902807 87.63312691450119 579.2863315194845 1.071609750390053 13.25986212491989 1088.598007597029 72.15646535903215 4.163961410522461 2249.381608963013 141.2852827236056 390.490610010922 1833.204254776239 8.902081057429314 6.082914993166924 1.474264711141586 4.257096447050571 0.0761101022362709 3.880025409162045 8.848279252648354 6.747099712491035 46.82833255082369 57.52675059437752 7.72524843364954 11.36001244932413 38.76751240342855 2.209968559443951 1.61772470921278 20.16997081786394 1859.778112500906 1761.010685652494 543.7612861469388 1.32944443821907 16.11691556870937 26.87933407723904 185.4524127244949 44.72004937380552 16.07256259769201 14.4270383939147 46.18299160152674 17.24525470286608 4.701081208884716 4.552008546888828 1.007086858153343 5.711019366979599 16.84468476474285 1.210258550941944 1.351974107325077 2.965022258460522 10.1922694593668 1.358285903930664 2.915623791515827 2.706214122474194 0.1946233212947845 0.2438391745090485 17.24980110675097 74.48512796312571 4.847600288689137 3.176878549158573 87.69682360440493 422.6595228090882 15.07645997405052 196.7930640205741 0.8420408815145493 1.470832571387291 1.010791853070259 6.544536411762238 9.885383605957031 13.32096464186907 119.6549181863666 0.9307449609041214 0.8034206032752991 35.73766535520554 41.32600563764572 26.68012919276953 46.69001843780279 86.9091646745801 1200.084127798676 3804.385824799538 47.45760808140039 2306.402486212552 1.372293278574944 0 1.69354223459959 0.4268696904182434 3.971339277923107 0 0.5817496702075005 0 0.1900218427181244 0.6822450086474419 38.46743776649237 16.2701021656394 0.08590386807918549 59.65543665736914 7.738560512661934 2.128445386886597 4.425702087581158 32.12760265916586 1.806674778461456 0.1656696200370789 1.183125585317612 0 1.46337229013443 1.088455155491829 0.2880620360374451 2.764256864786148 0.7361753955483437 0.6496864259243011 0.2528704628348351 15.34218689799309 5.419630654156208 11.73760111629963 11.14455443620682 0 0.2916024997830391 0 0 0 0 0.09920945763587952 0.5476725548505783 0 0 1.317645125091076 0 0.1555288732051849 0 0 0.9809971526265144 0 1.154716923832893 0.09807190299034119 8.173971645534039 0.4955223202705383 0 0 0 15.16787621378899 0 10.79875630140305 2.261244870722294 0 0.7655385136604309 0.1119667142629623 0.1878062784671783 0 0.1135143488645554 0 0.4229787141084671 0 0 0 0 0.6068867072463036 0.09369447827339172 3.016134105622768 0 0 0 0 1.166744329035282 0 0 2.592033341526985 11.88908491283655 0.3421186506748199 0 0 0 0.092666395008564 0 0 0 0.2914535999298096 14.84163108468056 0.1708486080169678 0.5307930484414101 0 0.08118252456188202 6.600022159516811 0.2580958306789398 10.08776599913836 0.1391205191612244 1.114807844161987 1.568421877920628 0.3000648468732834 0 0 0 0 0 0 0 0.530920185148716 0 5.671015381813049 4.251608297228813 9.994016081094742 52.07192559540272 1.75544012337923 54.8883096575737 20.75311429053545 5.749962843954563 1.655482701957226 0 8.124771304428577 3.630202412605286 0 6.782592087984085 0.6382557600736618 10.10135325789452 0 0 0.6157766580581665 3.470566406846046 0.2998994290828705 6.994027435779572 3.031832627952099
1.748339809477329 2269.680261150002 264.6177899539471 15.76956823468208 3493.8776082322 2.944071218371391 1668.449991673231 72.15646535903215 873.764444604516 150.3591461926699 970.9872251972556 17.73218657076359 680.6457419916987 1295.950743220747 4.33035047352314 0.3932580649852753 0.4443000853061676 0 0 0 0 0 0 0 0 0 0 0 0 0 34.82342748343945 8.876221731305122 11.71285067498684 0.0738782212138176 0 0 2.144395090639591 0.09145123511552811 0 0 0.173943504691124 0 0 0 0 0 10.59995744377375 0.7648700848221779 0.1337845027446747 0 0.08670760691165924 0 0 0 0.2683177962899208 0.07670491188764572 4.25034262239933 12.17968285083771 3.377178631722927 5.38972607254982 0.6891383528709412 0.9411113113164902 0 26.98723560571671 0.3921995908021927 0.7101543247699738 0.07705249637365341 0.08770363032817841 0.1786083579063416 0 32.35610390454531 0 0 28.56675687432289 20.12329469621181 26.53660874068737 5.589813031256199 0.2128137722611427 1.550833880901337 86.58065626770258 0.07229283452033997 1.127753712236881 2.665590174496174 0 0.6449681222438812 0.07860808074474335 0.2770248800516129 0 0 0 0.1138271763920784 0 0.07600037008523941 0 0 47.61009099334478 0.5580406785011292 0 0.4080946370959282 1.688490115106106 2.102217048406601 3.806158170104027 16.51927164196968 2.683965921401978 2.750983685255051 10.95646917819977 3.736989796161652 11.56066623330116 11.69317838549614 15.50257141888142 7.000281274318695 24.24315407127142 33.11160685122013 46.34560170769691 17.09318926185369 0 0.459710419178009 0 0 0 0 0 0 0 0 0 0 0 0 0 0 0.3377135097980499 0 0 8.85394874215126 1.602807611227036 0 0 0 14.82949298620224 0 6.233238764107227 0.6196486353874207 0 0 0 0 0 0 0 0 0 0 0 0 0 0 0 0 0 0 0 0.1588898450136185 2.141933977603912 0 0 11.71831647306681 1.033556133508682 0 0 0 0 0 0 0 0 20.67682489752769 1.509264260530472 0 0.1962032318115234 0 9.912386201322079 0 2.99553208053112 0 0.4843532592058182 0 0 0 0 0 0 0 0 0 0 0 17.01354540884495 2.550316452980042 2.69110880792141 44.34520053118467 0.5896221697330475 32.6540357246995 8.243444360792637 6.346254177391529 0.4641098231077194 0 3.542780511081219 1.359144926071167 0 1.717479884624481 0 22.4242929816246 0 2.635798692703247 0 1.954572759568691 0 48.06223867088556 6.875805154442787
1732.275397218764 544.2485446035862 22.60557056963444 1434.078182995319 170.9284788295627 421.2519581019878 1491.20169198513 4.163961410522461 150.3591461926699 750.8354943245649 15.03588452935219 1736.441020056605 7713.799639366567 1097.756703086197 1.347056396305561 0 0 0 0.09799746423959732 0 0 0 0.1938212513923645 0 0 0 0 0 0 0 221.0523014217615 4.278035551309586 24.73190706968307 0 0 0 11.84016969799995 0.08023004233837128 0.2265264168381691 0.07782098650932312 0 0.06403911858797073 0.1221317499876022 0 0 0.1061907634139061 7.452422432601452 1.66197419911623 0.1195550113916397 0.0946766659617424 0 0 0 0 0.5080696567893028 1.196412645280361 51.38948129117489 93.29314102232456 21.15530628710985 6.369400098919868 0.06926416605710983 0.4572586119174957 0 22.0316196680069 1.727016821503639 1.827602684497833 0.08289167284965515 0.08803340047597885 0 0.1044959723949432 105.3939650803804 1.418960481882095 0.2312567606568336 119.5018689483404 32.10805601626635 13.15172225981951 0.7528795897960663 0.2198456600308418 0.2121942043304443 1.612733080983162 0.1584727391600609 0.2896687462925911 9.704071700572968 0 2.880782641470432 1.992593623697758 0.5169375836849213 0 0.6506532430648804 0.2505617961287498 0 0 0 0.184073843061924 0 98.05373118072748 10.40733409672976 0.127189576625824 0 165.8606914654374 2.088348045945168 16.51770694553852 35.00500813126564 15.14271751046181 10.06766644120216 10.91079153120518 21.74861791729927 30.33531330525875 72.32265044748783 78.02649457752705 1.851619333028793 77.30650118738413 95.8682406693697 66.77904858440161 8.228515319526196 0 0 0 0 0 0 0 0 0 0 0 0 0 0 0 0 0 0 0 7.420741319656372 0 0 0 0 8.053197011351585 0 1.736424550414085 0.3963685780763626 0 0 0 0 0 0 0.214166060090065 0 0.1951206773519516 0.6445835456252098 0 0 0.4957836866378784 0 0 0 0.1381682306528091 0 0.3685454577207565 1.728587351739407 3.916224665939808 0 0 1.135193936526775 0 0.1323560625314713 0 0 0 0 0.2062774002552032 0 0 27.49279127269983 3.898515075445175 0 0.3424569219350815 0 5.278747908771038 0 2.030090317130089 0.3030361235141754 0.7837015092372894 0 0 0 0 0 0.1194602251052856 0 0.1960856467485428 0 0 0 22.81265442073345 2.211882680654526 2.102953605353832 32.95394200086594 2.056664884090424 36.44441667199135 15.45320947468281 499.3112155273557 3.158254042267799 0 1.315128408372402 4.105207145214081 0 2.369503870606422 0.1161871701478958 148.3542764335871 0 0 0 1.393263138830662 0.1139476597309113 1063.359891161323 48.08672411739826
106.382248096168 1479.784784607589 1065.895092979074 42.400500446558 1801.112575814128 0.8726820349693298 306.6778943613172 2249.381608963013 970.9872251972556 15.03588452935219 1556.209385894239 123.8170207068324 628.838054984808 3817.43559332937 1.7725615426898 1.464646123349667 0 0 0.106970950961113 0 0 0 0 0 0 0 0 0 0 0 44.93092031031847 8.356921665370464 390.0307396799326 0 0 0 94.78584129363298 1.817487984895706 0.231014646589756 0.4024574756622314 0 1.170128956437111 0 0.21762565523386 0 0 5.913029901683331 0 0.4051525592803955 0 0.1248295679688454 0 2.632863834500313 0 0 0 3.723121181130409 10.45956302434206 1.696655005216599 3.218708425760269 0 1.777497254312038 0 10.82477544993162 0.08968983590602875 0.2814883440732956 0 0 0 0.1939674094319344 26.84652844816446 0 0 8.42268867790699 7.5197664052248 10.22345190495253 4.437761463224888 0.982375293970108 8.866523243486881 526.3115485236049 0.08063257485628128 3.507773764431477 0.6999400928616524 0 0.762985497713089 0 0 0 0 0 0 0 0.4931280463933945 0 0 41.72347047179937 0.1875520944595337 0 0 3.247203171253204 0 0.2689836323261261 0 0 3.993474364280701 3.871625602245331 0.1665817499160767 2.700372382998466 3.669638589024544 2.349086910486221 0.373649075627327 9.932639338076115 5.67235191911459 12.21343958377838 5.83362128585577 0.1076287776231766 0 0 0 0 0 0 0 0 0 0 0 0 0 0 0 0 0 0 2.802286803722382 0.3784128427505493 0 0 0 5.922071769833565 0 2.107120685279369 1.030760906636715 0 0 0 0 0 0 0 0 0 0 0 0 0 0 0 0 0 0 0 0.1037237793207169 0 0 0 2.910410165786743 0.3604216873645782 0 0 0 0 0 0 0 0 8.491760112345219 0 0 0 0 4.772193819284439 2.28463351726532 1.292491123080254 0 0 0 0 0 0 0 0 0 0 0 0 0 2.920214757323265 2.083283260464668 3.710701733827591 19.83481077104807 0.9041095077991486 16.19687872380018 6.336324326694012 2.872452840209007 0.6451671123504639 0 2.502952583134174 0 0 0 0 0.3462212458252907 0 0 0 0.24055415391922 0 11.52800200134516 2.621492072939873
356.5243749171495 271.5485180020332 141.2842354029417 894.7113318294287 55.33049147576094 114.3340814858675 204.8910223916173 141.2852827236056 17.73218657076359 1736.441020056605 123.8170207068324 151.8153274357319 1808.230934485793 409.5475926101208 6.533318795263767 4.527293212711811 0.4525269567966461 0 0 0 0 2.086552321910858 0 0 0 0 0 1.322939872741699 0 0 48.62341954559088 9.648021690547466 69.12351378798485 0 0 0 183.8283418342471 2.081678695976734 9.225535348057747 0.7308992967009544 0 0 0 0.2814515605568886 0 0.3635780066251755 8.887161523103714 0.7593757510185242 0 0 0.07850281149148941 0 4.486500650644302 2.062907576560974 0 0.1876897513866425 6.025578610599041 11.0552027001977 2.990993365645409 3.048217356204987 0.4618471264839172 7.256979458034039 0 13.64446394145489 0.214352622628212 0.4426788464188576 0 0.2005132287740707 0 0 68.34441193193197 0.3227532431483269 0.390708327293396 20.12703238427639 10.68486010283232 10.96946745365858 3.297296144068241 1.362248800694942 2.114550404250622 55.5291746109724 0.333226166665554 1.814789354801178 2.389952711760998 0 0.1919839680194855 0.282482236623764 0.3345208093523979 0 0.1811152100563049 0 0 0 0 0 0 433.4962678402662 3.711388990283012 2.021233573555946 20.34603253006935 24.56217209994793 1.789978995919228 3.735494986176491 13.87314241379499 2.410350643098354 7.491289973258972 19.37487667798996 16.61691066622734 45.64912474155426 23.97053085267544 69.95694597065449 10.00281878560781 82.33091863244772 69.73398140817881 87.36345415562391 31.77227405458689 0 0.622294083237648 0 0 0 0 0 0.1918481290340424 0 0 0 0 0 0 0 0 0 0 0 15.8844181150198 0.8442095518112183 0 0.4003465175628662 0 21.28217454999685 1.594024792313576 7.18687192350626 0.7237502932548523 0 0 0 0 0.1258531957864761 0.1015893146395683 0 0 0 1.135113134980202 0 0 0 0 0 0 0 0 0.7110000029206276 0.0899197980761528 3.389814093708992 0.1533514857292175 0 17.49719243496656 0.332819938659668 0 0 0 0 0 0 0 0 49.82547894120216 2.934480533003807 0 0.2821657359600067 0 12.80046402662992 0 12.68563340604305 0.1069850474596024 0.2886447012424469 0.8880579024553299 0.1845905184745789 0 0 0.2918369472026825 0.6533951163291931 0.3487919718027115 0 0 0 0 36.36956444382668 11.4678128734231 16.40109673887491 43.27182710170746 0.4232613891363144 26.99971053004265 7.489743307232857 138.8862977400422 0.7966247797012329 0.1581335961818695 3.459795691072941 1.701762139797211 0 3.39027227461338 1.655066773295403 118.3661569654942 0 0 0.3810237050056458 1.727668583393097 0 672.7347445189953 51.57541266083717
177.1438727155328 999.3467350453138 378.6012583523989 650.8134815096855 788.9667192772031 83.90005773305893 3193.872314214706 390.490610010922 680.6457419916987 7713.799639366567 628.838054984808 1808.230934485793 2510.335598342121 2347.872862167656 36.58422800153494 18.89329393953085 0.7602213248610497 0.3585890829563141 0 0.1670145690441132 0.09123309701681137 4.443906188011169 0 0.71250219643116 0.1187077313661575 1.155616044998169 0.2507726848125458 0 0.7129892259836197 0 100.2768765762448 41.49143256247044 360.4179501757026 0 0.1160243675112724 1.291072212159634 255.4901208430529 44.0302662551403 107.761399872601 20.3241381496191 1.151987738907337 0.7429897636175156 0.1262121796607971 1.220626272261143 0.4795903563499451 1.108626015484333 43.86353559046984 1.544998742640018 0.2852478623390198 0 0.09300262480974197 0 4.902999550104141 1.014310657978058 0.6029011607170105 0.2105749696493149 9.3352190554142 25.0684262663126 7.244683369994164 14.91237276792526 4.81961365789175 79.30543452501297 1.193173035979271 60.21827845275402 0.983621209859848 1.928761385381222 0 0.5367479547858238 0 0.202813558280468 420.3243781775236 1.562785029411316 0 62.93419674038887 40.51337944716215 67.14914654940367 21.37796524167061 6.15266327559948 15.08840914815664 285.4288320094347 2.12657568603754 28.31645394861698 5.09908352792263 0 1.925006784498692 0.5557814985513687 0.5136669129133224 0 0.4744040071964264 0.106242947280407 0.4115950167179108 1.355345003306866 0.1852350831031799 0.2248141393065453 0.2068763598799706 1337.750752039254 27.02874276787043 1.179469704627991 28.68434697389603 41.00931587070227 11.68139053881168 20.69878670573235 48.06039304286242 4.214365497231483 33.57264319807291 74.00188422203064 28.54850350320339 101.0978185459971 81.09651258587837 116.4859461709857 12.82747104763985 240.7445025369525 189.0616031140089 224.9915956631303 113.7634089291096 2.365041166543961 2.91369966417551 0 0 0 0 0 0.1997258365154266 0 0 0.2229198813438416 0 0.1345207840204239 0 0 0 0 0 0 50.23513481765985 6.761708669364452 0 0.3648157119750977 0 86.8053075298667 1.46303902566433 22.0348035171628 8.68415255844593 0 0 0 0 0.4940981939435005 0.1484032720327377 0.1075427979230881 0 0.5578430071473122 3.371105872094631 0 0 0.9272857159376144 0.1230586469173431 0 0 0 0 2.123981721699238 3.966060020029545 5.764208778738976 1.187078773975372 0.536797821521759 56.72091333568096 3.669989176094532 0 0 0 0 0 0 0 0 158.19350399822 4.615953460335732 1.441367343068123 0.2799508571624756 0 51.26440779864788 0.4864934980869293 36.98168721795082 0.9408653378486633 2.361329436302185 2.208399690687656 0.2602175176143646 1.586743324995041 0.245043009519577 0 1.053908541798592 0.2314110994338989 0.2698528170585632 0 0 0 102.5031743496656 23.63327789306641 47.52239305526018 179.7362853735685 3.028096653521061 126.6182710677385 39.81771143525839 88.10160282254219 5.932738974690437 0 17.42091469466686 9.564339980483055 0 19.26372390985489 2.761601060628891 166.553831204772 0.3153518438339233 0 0.3780409395694733 11.46616305410862 2.36151834577322 645.7850591689348 83.59911904484034
32.91305120289326 2522.175665795803 1747.582709409297 58.59506941586733 2484.849074348807 24.14450013637543 2969.412092745304 1833.204254776239 1295.950743220747 1097.756703086197 3817.43559332937 409.5475926101208 2347.872862167656 704.9325643107295 41.00240708142519 12.09837409853935 0.6266230568289757 0 0.2374187558889389 0.1887858659029007 0.1730888932943344 0 0.6308295354247093 0.2190939038991928 0.8633855581283569 0.4611471593379974 0.1927177011966705 0 0.09561154991388321 0 189.0884803012013 71.8470443636179 472.7693932652473 0.1069740206003189 0.09159793704748154 2.290942028164864 601.0708433613181 5.563020601868629 2.715935476124287 0.5280773788690567 0.2720692157745361 0.1717270761728287 0 0.636745348572731 0.501415342092514 0.7125165089964867 70.817183829844 3.700056150555611 1.040157243609428 0.09456399828195572 0.1210006922483444 0 0.8454739153385162 0.6028894782066345 0.1341072767972946 0.5454650521278381 16.15238904207945 42.90684536844492 12.81659986823797 31.94269378483295 1.27466407418251 19.4432555064559 1.374509796500206 134.2665197849274 2.37006614357233 3.660618759691715 0.08866443485021591 0.7511152699589729 0.5061706677079201 0.4016465470194817 221.5935692563653 0.4430316984653473 0 125.3125843778253 95.69397710263729 136.6732584759593 30.49280551075935 6.208661571145058 47.05377274751663 443.2397441938519 0.9190850928425789 15.9816603064537 11.77034562081099 0 4.374874480068684 2.043346889317036 0.7455691993236542 0.108817882835865 0.7011653035879135 0 0.1937405690550804 0 0.7827562913298607 0.5952519178390503 0.2937486246228218 486.4405016005039 11.25663354992867 0 1.311486028134823 14.65429776161909 8.376492567360401 11.63041117042303 46.61657637357712 1.724890924990177 27.32040636241436 30.3648838698864 17.884605884552 93.56564065814018 46.34687463194132 80.57522282749414 16.91144955158234 181.8137596100569 189.0842437297106 250.6272315904498 124.841191008687 0.8592994511127472 2.657961308956146 0 0 0 0 0 0 0 0 0 0 0 0 0 0 0 0 0 43.7602099403739 7.690359182655811 0 0.1855345666408539 0.5492902994155884 84.0948958620429 0 18.14777597039938 5.629405207931995 0.7068013697862625 0 0 0 0.1534791439771652 0 0 0 0 2.497925959527493 0 0 0.2926786839962006 0 0 0 0 0.2671921402215958 3.300165735185146 4.140313595533371 6.605826325714588 0.9166884571313858 1.349794417619705 74.6210358813405 4.736875377595425 0.4468995034694672 0 0 0 0 0.1069182455539703 0 0 155.1097736433148 6.909565046429634 0.4408005625009537 0 0.211003303527832 48.57873168587685 1.638112351298332 40.17424654215574 1.203311190009117 3.92801845818758 1.737347587943077 0.09597321599721909 1.519768759608269 0.08710383623838425 0 0.7103437334299088 0 0.1634352952241898 0 0 0 85.45265642553568 29.24870809167624 43.03724724054337 289.1079673320055 7.744717828929424 209.7407790794969 59.34007050096989 31.01231310516596 9.661013431847095 1.733723387122154 31.61440386623144 7.317321687936783 0 20.67029294371605 3.040112271904945 97.18206744641066 0.6863895654678345 0 2.992121249437332 12.31967629492283 0.7789874374866486 303.0757998600602 54.16487937420607
2.384258896112442 25.47340680658817 12.04239463806152 0.6944969967007637 8.069782570004463 0.2470536828041077 3.189783439040184 8.902081057429314 4.33035047352314 1.347056396305561 1.7725615426898 6.533318795263767 36.58422800153494 41.00240708142519 636.6552450582385 3046.105075068772 794.7973154112697 11.49004100263119 140.3989721536636 3.138951167464256 0.7968496680259705 0.8292062506079674 1.206552073359489 2.348604783415794 35.40922822058201 0.9097995758056641 1.495835527777672 0.8887533247470856 3.227074362337589 0.6755266785621643 3.104093700647354 2.109262704849243 38.21194037795067 8.602451749145985 4.680813625454903 23.2109052836895 111.0079501569271 63.45460253208876 145.7840098068118 65.87123055011034 4.181109167635441 2.593353554606438 1.234614118933678 259.5219736993313 146.3113608583808 88.09865570068359 328.4563808217645 29.33929801732302 23.53642914444208 13.90454687923193 6.351092398166656 1.136383675038815 13.82674673944712 1.870155572891235 0.7950872033834457 0.1171071082353592 0.1120853051543236 0.8876747190952301 161.0089911371469 170.131790779531 46.07133591920137 98.96225341409445 30.47784400731325 3.576494701206684 0.7313890233635902 9.225002460181713 3.394413314759731 16.83698624372482 14.54846910387278 8.652203924953938 224.7504628896713 4.613161094486713 0 170.7515274658799 3.331701435148716 361.0924542024732 214.5732406005263 214.0335413068533 3.475341744720936 57.77500303834677 41.04625032097101 62.09848365187645 8.495815739035606 0 15.49221696704626 0.7137711271643639 34.01328721642494 0 0.1121343076229095 0.08044849336147308 0.7637448459863663 0.3657849878072739 9.656696751713753 2.415313750505447 0.5366522148251534 23.95254639536142 43.12730757147074 1.217768438160419 69.92552594840527 0.6381086930632591 0.1631230264902115 0 0.09309683740139008 0 0.3558246195316315 0 0 0 0 0 0.3960660696029663 0.5791289061307907 0.4769093096256256 0.7854349166154861 1.124294735491276 2.537624552845955 1.866130277514458 0 0.1000894978642464 0 0 0 0 0 0 0.07684779912233353 0 1.050727166235447 0 0.1109718680381775 0.1439841687679291 0.2907094731926918 0.4761725813150406 0.1018941402435303 1.472696579992771 1.708650059998035 0.4982632100582123 10.08155497908592 1.128252238035202 4.797190427780151 1.77186081558466 7.124561421573162 11.80818593502045 2.959028638899326 0.1932313293218613 0 0.3256507366895676 0.1393019109964371 0.1095200628042221 1.982795603573322 0 0.223968118429184 3.128302723169327 0 0 0 1.57673204690218 0.4945124760270119 0 0 0 0.3749294951558113 1.853030815720558 0 4.639941520988941 12.13626842200756 11.08506909012794 1.481521405279636 0 0 0 0.1977653428912163 0.2329581081867218 0.3857937753200531 0.07729080319404602 0.1211079657077789 0.9789831936359406 3.14938049018383 0.08748333901166916 0 0.1838382184505463 1.789532102644444 2.470972038805485 9.528613477945328 0.4275528341531754 0.7585713565349579 1.308200880885124 0.2000395357608795 0.3887379318475723 0 0 0 0 0 0.320776142179966 0.5597969889640808 0 0.7038468867540359 8.890863642096519 20.41738743335009 23.61026423424482 2.540870606899261 246.8276909738779 47.83661434054375 0.8028573393821716 2.698400378227234 0 2.927152931690216 10.34267330169678 0.07732957601547241 6.887704156339169 2.707254886627197 1.836117066442966 0.3907593190670013 0 1.443229138851166 3.908954560756683 0.6531084030866623 8.193153493106365 0.8055089935660362
