355.5140169486403 2268.630470141768 575.295139439404 1487.005206428468 4.40540686249733 26.38784691691399 433.6791889891028 218.6733073368669 1.752888202667236 1639.039918966591 23.70214633643627 243.9315424710512 136.4437786787748 41.7400037497282 1.676217064261436 1.990529209375381 0.3077050521969795 0.2432033717632294 0 0.1468730419874191 0 0 0.947873592376709 1.116435378789902 0.1368695050477982 0.4821300953626633 0 0 0 0.2911747246980667 1295.38843357563 13.67366334795952 31.42882795631886 0 0.1652152836322784 0.9155291616916656 19.05695355683565 1.398037903010845 0.6258962601423264 0.5462855696678162 1.248772941529751 0.2890332043170929 0.09320023655891418 0.2245944887399673 0.09189627319574356 0 10.66559328883886 0.1446162760257721 0 0 0 0.8818570375442505 0.2315186709165573 0 0.5602402985095978 1.0689832046628 170.125145547092 450.4733596220613 92.48437894135714 3.389028050005436 0.9084650278091431 15.60120864212513 0.1393342763185501 8.511891983449459 0.590074434876442 0.7813040986657143 0 0.3313280940055847 0.3040082678198814 0.1253453642129898 59.62899642437696 19.11884880065918 1.192769400775433 114.8304568678141 29.16441490501165 7.139711305499077 0.9748470783233643 0.3901991471648216 13.6335611641407 128.6957482844591 0.4710005521774292 29.18184692412615 3.037474662065506 0 0.5806451961398125 1.233165428042412 0.4280414953827858 0.4384905397891998 0.2815441340208054 0.3114754110574722 0.2184060513973236 0 0 0.8408921658992767 0.12263173609972 167.9008300900459 22.85328321158886 0.7764288038015366 0.1233073696494102 972.5091278553009 0.6347204446792603 40.35203579068184 10.82795441895723 3.410856053233147 3.026363641023636 10.66538669168949 4.841066807508469 15.2772022113204 10.6608217805624 8.847645789384842 0.1843452900648117 18.13384188711643 19.57201834768057 16.69425301998854 9.464424572885036 0 0.1228667199611664 0 0 0 0 0 0 0 0 0 0.1483714580535889 0 0 0 0 0 0 0 6.618202537298203 0.6993897631764412 0 0 0.128991574048996 7.048716217279434 0.2477788925170898 1.216018170118332 0 0 0 0 0 0 0 0.3596945703029633 0 0 0 0 0 0 0.1893453747034073 0 0 0 0.2199301570653915 1.05426824092865 0 8.7057746052742 1.910183787345886 1.006488561630249 6.271803990006447 1.198251023888588 0 0 0 0 0 0 0 0.1630745381116867 4.356363520026207 0 0 0 0 6.775301851332188 0.5495835766196251 5.581663057208061 0.07438118010759354 0.9883752316236496 0 0 0.101813830435276 0 0 0 0 0 0 0 0 3.418338462710381 2.151085406541824 4.108540520071983 114.9900273606181 2.355637893080711 49.78694540262222 22.34221266210079 735.1564570665359 4.616393260657787 5.021670341491699 9.043486244976521 5.572630658745766 0 0.9389848783612251 0.1303644478321075 126.4371659457684 0 0 0.3449361324310303 0.4751342386007309 0 467.5129713863134 18.4966002702713
2268.630470141768 3673.659874305129 1324.847008727491 1486.554321669042 2429.646857894957 106.3837449848652 3108.270094871521 1117.003715515137 1459.382741197944 707.3241740837693 1242.044815920293 338.4112976938486 1115.325809709728 2183.675983257592 21.32774003595114 8.442229822278023 0.8644531294703484 0.7141298353672028 0.2252769470214844 0.7678351998329163 0.243448980152607 2.699036508798599 0.3080701008439064 2.624138966202736 0.6910415589809418 1.691894806921482 0.3098272979259491 0.1816657111048698 0.1029403507709503 0.5368078500032425 2785.170712158084 121.2949447259307 331.9350844025612 0.08862798660993576 0.1846498996019363 1.561922177672386 143.8434945419431 5.540865868330002 3.907058298587799 1.115177065134048 1.070415332913399 1.089963227510452 0.2850489839911461 1.399894326925278 0.5620759129524231 1.105803526937962 153.993857100606 8.959406420588493 0.5350684300065041 0.8142600506544113 1.033926174044609 1.528346419334412 0.7343479841947556 0.2359717786312103 10.64574471116066 7.32162668555975 151.6001671478152 573.5142430663109 129.5262896791101 69.34475304931402 1.714865520596504 32.26522098481655 2.316515438258648 356.5158787369728 9.051515460014343 7.592081017792225 0.9336002245545387 0.989763580262661 1.839955203235149 0.4187125563621521 126.51341368258 0.8461929634213448 0.4720930904150009 405.6394846141338 280.9535981565714 176.1645529121161 15.27899087965488 5.916367419064045 20.34021236002445 592.0441598296165 2.233071736991405 44.8395838290453 38.91538867354393 0 9.490240931510925 6.399360366165638 2.850924551486969 0 1.37983438372612 0.2380911931395531 0.9772681146860123 0 0.65570018440485 1.078682772815228 0.08162683993577957 142.6150869950652 2.658596336841583 1.223650962114334 1.14718371629715 446.870377831161 5.055490389466286 21.21542804688215 13.11507356911898 2.441314935684204 13.85845775157213 11.02398569136858 3.199178978800774 48.14158943295479 23.88265112042427 27.49323672056198 7.264121159911156 55.23122437298298 44.76088649779558 55.78072214126587 27.78313078731298 0 0 0 0 0 0 0 0.4217040687799454 0 0 0.2452705800533295 0 0 0 0.08329193294048309 0 0 0.1219110414385796 0.09334883838891983 20.68848044425249 1.846347734332085 0 0.1185986921191216 0 23.32337220013142 0.1245753243565559 4.180767372250557 0.9869380667805672 0.1001719534397125 0 0 0 0 0 0 0.1675384044647217 0 0.2742742449045181 0 0 0.2381544262170792 0.4383976608514786 0.1358382701873779 0 0 0.1083192899823189 1.260252751410007 4.242419503629208 10.48908526450396 1.016239523887634 0.8354127779603004 16.94364941865206 2.80042902380228 0 0.09307979047298431 0 0 0 0 0 0 29.35041283071041 0.8760347738862038 0 0.105793371796608 0.2823600471019745 16.87814981490374 0.7435241341590881 11.28824752569199 1.912546552717686 1.473666042089462 0.1112000048160553 0 1.535879760980606 0 0 0 0 0.1037257760763168 0 0 0 15.16098203510046 12.14051702618599 10.26302726566792 364.3000188171864 19.86522359400988 445.476755194366 105.3771618455648 331.368408806622 30.67183146625757 3.461485899984837 32.84553868323565 5.088558346033096 0.7511485815048218 3.356888428330421 0.8779789209365845 48.79606632143259 0.1026691123843193 0.3762891292572021 0 5.624080203473568 0 291.5158332586288 17.88843391090631
575.295139439404 1324.847008727491 1014.068010739982 353.1850096508861 128.7351947724819 17.55812239646912 55.50397174060345 3051.053128093481 167.2414777204394 7.598144680261612 1083.730098001659 164.7672784030437 279.1932921931148 1387.017730914056 6.361965782940388 5.768604710698128 0.5324188619852066 2.114384524524212 0 1.800828091800213 1.88569089025259 1.257679462432861 3.167924582958221 9.54072117805481 1.378510482609272 7.005751222372055 3.305102445185184 0.2265029475092888 0.2588418498635292 2.008266650140285 2497.346432961524 345.5997982174158 391.2417877018452 0 1.53316891938448 6.70361640304327 172.2814833149314 10.9520271345973 9.719181835651398 3.47762830555439 9.852555990219116 2.662082076072693 0.6937374696135521 0.6168157830834389 0.1839125975966454 1.799095079302788 21.63076008111238 1.344292216002941 0.5487508997321129 0.5708317756652832 0.9452878013253212 1.587929181754589 1.558001078665257 0.09114844352006912 1.102761209011078 0.8645884022116661 25.03266240656376 111.8178107216954 19.38921218365431 5.499399028718472 3.09394271671772 77.69863221794367 3.215269491076469 112.4894182905555 0.9155468493700027 0.5514916330575943 0.2640270069241524 0.5084090679883957 1.40964200347662 2.643430545926094 118.9872246310115 3.621948517858982 1.028253555297852 46.48354391008615 34.62152110040188 20.91344430297613 4.473878361284733 2.680059343576431 120.9888569936156 1629.881574444473 2.335566408932209 201.2336032316089 3.458276204764843 0.1024115160107613 0.8769783526659012 1.383826896548271 0.6908284351229668 0.1175394356250763 0.1152199804782867 0 0.2484022527933121 0.2474909648299217 2.088921099901199 4.31674937158823 0 102.0421904996037 4.953259907662868 1.54204436391592 1.471323251724243 134.8862050771713 4.785597249865532 8.939859881997108 3.903936125338078 1.562600672245026 5.07045404613018 3.508571766316891 1.513387262821198 23.43612433969975 4.419481292366982 6.603211656212807 3.020592115819454 30.47805304825306 23.56200879067183 25.80560544878244 19.30572775006294 0.5665449500083923 0.3022171780467033 0 0 0 0 0 0.1205221489071846 0 0 0.1115909740328789 0.2638060748577118 0 0 0.2473896592855453 0.4573374316096306 0.2253508567810059 0.263268806040287 0.1453883796930313 20.83879771828651 3.869393274188042 0.5831413269042969 0 0 19.34996716678143 0.6117409616708755 3.790245898067951 1.524749018251896 0.3554987385869026 0.4496522322297096 0.1368067860603333 0 0 0 0.7343667149543762 0.1717959344387054 0 0.08161898702383041 0 0 0.1255341470241547 0.3199230059981346 0.2309810668230057 0 0.07745549827814102 0 0.5454065203666687 1.660912334918976 0.7892793342471123 0 0.1149210631847382 9.562882982194424 0.4590423181653023 0 0 0 0 0 0 0 0 21.73495120555162 0.1100172996520996 0 0.4751711487770081 0.1279711276292801 12.96587015688419 0.3669198751449585 11.16248675435781 1.77559420466423 1.563580796122551 0.5804470628499985 0.1023468971252441 1.061582803726196 0 0 0 0 0 0 0.1081888899207115 0 8.007301174104214 8.197094514966011 15.04703392088413 64.07144946604967 3.58208242058754 52.30793089419603 18.77443206310272 105.4544565081596 1.087738700211048 0.6941227912902832 6.281652539968491 4.453033596277237 0 4.557606555521488 0.4778444990515709 23.57477158308029 0 0 0 0.985680878162384 0 48.75448347628117 4.70610686391592
1487.005206428468 1486.554321669042 353.1850096508861 419.6371768191457 4.223448231816292 101.0566670969129 846.9982893764973 4.158462531864643 3.242501810193062 1068.732395000756 12.7208639010787 663.55594920367 386.2475429698825 44.05688176304102 0.1046202853322029 0 0.2379653304815292 0 0 0 0 0 0 0 0.09954894334077835 0 0.09312088787555695 0 0 0.1086723133921623 221.2735403180122 2.244118496775627 1.078492127358913 0 0 0 0.9300200119614601 0 0.3013371378183365 0.1230359673500061 0 0 0 0.0838579386472702 0.09079738706350327 0 8.699987925589085 0.9983380511403084 0 0.0938882976770401 0 0 0 0 2.412403374910355 1.254559919238091 58.15524490922689 141.4441414475441 48.01390527933836 6.258653894066811 0.1956875175237656 0.684726357460022 0 15.75461984425783 1.736024476587772 1.119064584374428 0 0 0.2105776220560074 0.09673379361629486 1.750671923160553 2.53649315237999 0 89.43065413832664 30.41979441791773 7.959324479103088 0 0 0.2280952855944633 1.207750007510185 0 1.703946955502033 4.567910328507423 0 0.7255452424287796 1.768548689782619 0.3734123036265373 0 0.226042628288269 0.1062276810407639 0.1086980029940605 0 0 0.09763050824403763 0 35.05436228215694 1.275980919599533 0.1790887117385864 0.3344397991895676 115.8505354374647 0.3633797168731689 11.00203954428434 6.40837587416172 1.672600120306015 1.218641757965088 3.495941177010536 3.215018451213837 7.437522456049919 9.245403200387955 5.766645282506943 0.3348236083984375 4.241343542933464 6.22262292355299 4.410699665546417 1.215350657701492 0 0 0 0 0 0 0 0 0 0 0 0 0 0 0 0 0 0 0 3.211661219596863 0.5699619054794312 0 0 0 0.6067096889019012 0 0.1055478379130363 0 0 0 0 0 0 0 0 0 0 0 0 0 0 0 0 0 0 0 0.2876988649368286 0.5882415771484375 1.320309489965439 0 0 0.5236287638545036 0 0 0 0 0 0 0 0 0 2.124332427978516 0 0 0 0 0 0 0 0 0.1667602062225342 0.09358963370323181 0 0 0 0.139649361371994 0 0 0 0 0 0 1.343235678970814 0.2757464051246643 0 24.52221972495317 1.9058588296175 32.15718775242567 11.63765348494053 165.9016512706876 1.429984614253044 0 2.100740194320679 3.734317034482956 0 0 0 29.97799606621265 0 0 0 0 0 188.2537159696221 1.845898851752281
4.40540686249733 2429.646857894957 128.7351947724819 4.223448231816292 880.6810218989849 3.242233455181122 1556.284881651402 474.3892671391368 1917.153301350772 204.0166731923819 1366.250735111535 62.03665032237768 648.4114551618695 2204.601892016828 4.439113788306713 1.786256290972233 0 0.1971021518111229 0.2624368369579315 0 0 0 0 0.1486968100070953 0 0 0 0.2179919928312302 0 0 81.00243905186653 20.4189128279686 6.091048702597618 0 0 0.1845331713557243 5.814506858587265 0.2099377810955048 0.1713913455605507 0.09726448357105255 0 0.09744537621736526 0.09431148320436478 0.3042993620038033 0 0.2166757956147194 34.32784914970398 1.006378978490829 0.08333725482225418 0 0.08934278041124344 0 0 0.08362291008234024 1.231366410851479 0.0878315195441246 6.857538588345051 28.27971809357405 9.173954397439957 12.46023951470852 0.478167288005352 3.352347277104855 0 56.46943838149309 1.038651943206787 0.9512019976973534 0 0.3908810466527939 0 0 25.77578926831484 0.4678381681442261 0 44.58505697548389 32.81746277213097 39.96648336946964 4.481383070349693 0.59989944845438 0.7289316952228546 4.945096276700497 0.2872293069958687 1.320589691400528 6.268634088337421 0 0.4271366074681282 1.144203059375286 0.6125761941075325 0 0.08584222197532654 0 0 0 0.147711455821991 0.1621517091989517 0 30.58169084787369 1.637964606285095 0 0.1237144768238068 3.285075776278973 2.089720726013184 8.094398856163025 2.32006573677063 0.277167022228241 4.111207455396652 5.323944866657257 2.404451847076416 13.49010513722897 10.91204583644867 13.96455438435078 1.639126777648926 18.0286531150341 15.87367855012417 19.42211779952049 10.44109056890011 0 0 0 0 0 0 0 0 0 0 0 0 0 0 0 0 0 0 0 5.50184728205204 4.836437255144119 0 0 0 6.934083446860313 0 1.340065211057663 0 0 0 0 0 0 0.5454369783401489 0.2533921897411346 0 0 0 0 0 0 0 0 0 0 0 0.3176119327545166 0.7562610507011414 0.5095162391662598 0 0 4.148698627948761 0 0 0 0 0 0 0 0 0 8.997992187738419 0 0 0 0 3.573998034000397 0 1.238666713237762 0.4141435027122498 0 0 0 0 0 0 0 0 0.1671834737062454 0 0 0 5.433098070323467 1.878023102879524 4.409262895584106 83.73976060003042 3.957070261240005 77.88578411191702 28.42773371189833 4.895407557487488 10.04210370033979 0 6.388377167284489 1.086184352636337 0 1.215682208538055 0 9.063757538795471 0 0 0 0.2769141793251038 0 42.91886714100838 4.79186287522316
26.38784691691399 106.3837449848652 17.55812239646912 101.0566670969129 3.242233455181122 0 44.14673562347889 2.407171487808228 3.440905198454857 217.5586334690452 1.623935252428055 144.2722033709288 69.30033598840237 37.3138106316328 0 0 0 0 0 0 0 0.4246682524681091 0 0 0 0 0 0 0 0 15.50100436806679 0 8.248965583741665 0 0 0 18.38796037435532 0 0.3431282937526703 0 0 0 0 0 0 0 0.2361303269863129 0 0 0 0 1.219433322548866 1.088083356618881 0 0 1.119845122098923 31.8533990457654 19.28556504100561 0.9992033392190933 0 0 1.88387756049633 0 0 0 0.1167532727122307 0 0 0 0 227.561575949192 195.186436213553 13.13361872732639 0.1629369854927063 0.1150718182325363 0 0 0 0.2974563390016556 2.565097868442535 0 0.1577497720718384 0 2.015692800283432 0 1.695976369082928 0 5.701133243739605 4.453388780355453 8.709511198103428 1.111564829945564 0.2199477255344391 0 0 0.4161495566368103 434.8480185419321 220.1649864315987 21.59679637849331 1.665236964821815 216.2907031625509 0 2.199860140681267 1.917567670345306 0.1822409182786942 1.113956719636917 0.8232907056808472 0.3589634597301483 1.551549732685089 2.225998938083649 2.608388468623161 0 1.914754197001457 5.418400660157204 1.63791435956955 0 0 0 0 0 0 0 0 0 0 0 0 0 0 0 0 0 0 0.3349441140890121 0.2662321031093597 0 0.09737728536128998 0 0 0 0 0 0 0 0 0 0 0 0 0 0 0 0 0 0 0 0 0.2684509456157684 0 0 0 0 0 0 2.376134872436523 0.1286420226097107 0 0 0 0 0 0 0 0 0 0 0 0.2369405329227448 1.010096207261086 0 0 0 0 0 0 0 0.2206715643405914 0 0 0.1913583725690842 0 0 0 0 0 0 0 0 0.2445018887519836 0.3423322215676308 0.139724999666214 0.2885489016771317 0.1161411106586456 0.2243258059024811 0.1548707634210587 68.90817421674728 0 0 0 0.5636247396469116 0 0 0 10.96175652742386 0 0 0 0 0 29.62889584898949 3.880077689886093
433.6791889891028 3108.270094871521 55.50397174060345 846.9982893764973 1556.284881651402 44.14673562347889 983.5269668251276 9.934551976621151 1077.865958213806 1698.702859051526 215.4286766201258 451.286220446229 3338.153360895813 1850.053316026926 2.713051110506058 1.346767477691174 0.6370036900043488 0.1293905377388 0 0.2219362854957581 0 0 0.09048276394605637 0 0 0.08884243667125702 0.09795421361923218 0 0 0 240.3580255135894 16.90170235186815 5.621483661234379 0 0 0 4.533021435141563 0.2422482371330261 0.3465826436877251 0 0 0.2239976823329926 0 0 0.1064216792583466 0.1936279833316803 28.89353818446398 1.593026503920555 0 0.5943431705236435 0 0 0.09679225087165833 0 2.183237582445145 1.298931673169136 30.03426171094179 116.7486108615994 29.80361598730087 14.17292910814285 0 1.122369393706322 0 70.92282024025917 1.70204821228981 1.85954288393259 0.1398375928401947 0 0.09510132670402527 0 16.53534313291311 0.08912061899900436 0 97.28944055736065 55.54131378233433 36.30370289832354 3.773267716169357 0.5145342648029327 1.25578685849905 4.928194016218185 0.1252983510494232 1.867938883602619 6.260621838271618 0 1.447571828961372 1.120061628520489 0.09687575697898865 0 0.1084336042404175 0 0 0 0.1094107180833817 0 0 83.72442872822285 0 0 0 43.61946284025908 2.172781489789486 15.78698110580444 15.7921626418829 2.286504238843918 4.022351697087288 27.21912597119808 6.383745446801186 30.83892796933651 56.04284735023975 20.21093934774399 8.746419809758663 55.87274831533432 33.34141609817743 28.04713004082441 6.039014607667923 0 0 0 0 0 0 0 0 0 0 0 0 0 0 0 0 0 0 0 6.536391280591488 0.7417958378791809 0 0 0 3.600350484251976 0 1.511387765407562 1.448048293590546 0 0 0 0 0 0 0.5849048048257828 0 0.1676530838012695 0 0 0 0 0 0 0 0 0 0.4749169945716858 0.2269666269421577 3.309877708554268 0 0 3.687653169035912 0.4272443652153015 0 0 0 0 0 0 0 0 9.786526538431644 0.2070142924785614 0 0 0 6.524254538118839 0 4.636817991733551 0 0.4463153481483459 0.302196204662323 0 0 0 0 0 0 0 0 0 0 10.0869602933526 6.698064997792244 2.072707079350948 80.66741079092026 7.414370030164719 91.91045053303242 20.53454033285379 94.54763630777597 2.404332123696804 0 4.795272789895535 1.051837101578712 0.1490569710731506 1.683118879795074 0 54.22896805405617 0 0 0 0.2872204184532166 0 215.1985810622573 16.52558939158916
218.6733073368669 1117.003715515137 3051.053128093481 4.158462531864643 474.3892671391368 2.407171487808228 9.934551976621151 543.5966552421451 146.9324931427836 4.170528545975685 2050.130751155317 139.6231705248356 216.6959390193224 1338.710463099182 10.32359213382006 9.977999404072762 1.294724836945534 7.895386643707752 0 5.256678245961666 14.04432089626789 1.960719108581543 26.19642419368029 72.01465283334255 11.98892290890217 41.02981177717447 17.03891900926828 5.781313240528107 1.192419528961182 12.1845975369215 1778.043026514351 1906.880203023553 466.9559389725327 0.775940366089344 21.48950040340424 38.59650631994009 167.5924783200026 42.73950476199389 16.94893362373114 12.29061970114708 63.21045682579279 13.62184762209654 4.060897395014763 2.211666278541088 2.318295434117317 7.542786128818989 42.9612128958106 0.8554394766688347 2.876174800097942 4.198576785624027 3.999846629798412 7.434630990028381 1.902871206402779 1.398127093911171 0.6800505667924881 1.038808733224869 14.55777861922979 85.4922658726573 11.75822852551937 12.02747754752636 38.99911289662123 289.5194396600127 21.20268947631121 290.1241424307227 1.345325112342834 1.23527418076992 0.5974961519241333 6.65643410384655 8.923989534378052 14.42288410663605 177.1513002365828 2.429640829563141 0.5883978605270386 41.11866694688797 46.90627174824476 40.74829275906086 12.22238053381443 9.093528226017952 853.7323360443115 3224.615720815957 29.81400958448648 1753.119308069348 6.858252815902233 0 1.091024495661259 0.6804143115878105 4.652323082089424 0.1530612111091614 0.8696065843105316 0.137565553188324 2.691995657980442 0 17.9069482833147 13.13134711235762 0.2591840922832489 125.283808529377 4.321201577782631 0 2.506657898426056 56.3013239428401 3.139239780604839 6.49726913869381 1.143755756318569 1.090809464454651 7.942152082920074 2.933134272694588 0.834750771522522 26.66299813985825 5.132539570331573 13.28638257831335 4.048211976885796 46.45116701722145 27.40827974677086 27.6615699455142 17.93828416615725 0.3781589642167091 0 0 0.1050940379500389 0 0 0 0.4380967915058136 0 0.243475541472435 1.681420423090458 0 0 0 0 0.6309891194105148 0 1.161459565162659 0 27.87908035516739 3.883389234542847 0.1245011687278748 0 0 20.20683735609055 0.3000724539160728 3.567813411355019 2.038261100649834 0.2730201706290245 1.675717622041702 0.1388139426708221 0.4321278184652328 0 0 0.2558039426803589 1.055155545473099 0 0.2474251836538315 0.2752434313297272 0 1.216931447386742 0.8690151795744896 1.299618594348431 0 0 0 1.716257698833942 3.785519778728485 0.5964157283306122 0.3233989477157593 0.9517844542860985 11.54681000858545 2.619399726390839 0 0 0 0 0 0 0 0.1217278316617012 19.19437321275473 0.2392090559005737 0.4315474033355713 0 0.6388885378837585 12.85457494854927 0.6112818717956543 14.2726673334837 0.6433903872966766 2.877058655023575 0.3019586130976677 0.09833387285470963 0.9204739928245544 0 0 0 0 0.1727796941995621 0 0 0.1437737792730331 8.006422206759453 8.580997690558434 15.32971088588238 101.2124247401953 4.559655927121639 102.7245793789625 40.95439436286688 14.21571882814169 8.440721116960049 0 15.85237827897072 4.575135976076126 0 10.19495703279972 0.5498167723417282 9.348121970891953 0 0 0 0.9503123164176941 0.7012810111045837 30.47916425764561 10.24492504447699
1.752888202667236 1459.382741197944 167.2414777204394 3.242501810193062 1917.153301350772 3.440905198454857 1077.865958213806 146.9324931427836 917.5155056566 103.5190936923027 1249.729681268334 31.67524317651987 753.7177231162786 1615.789350308478 4.422858834266663 1.375699415802956 0.0947573333978653 0 0 0 0 0 0 0.1544462889432907 0 0 0 0 0 0 24.14804797619581 11.89449061453342 7.225085586309433 0 0 0 7.071741208434105 0.07035892456769943 0.1832817271351814 0 0 0.2058987021446228 0 0.303652435541153 0.0784885436296463 0.111117385327816 15.64671359956264 0.1949024796485901 0.1940970495343208 0 0 0 0.3738741874694824 0 0.288440003991127 0.3205266445875168 1.669529087841511 6.439530745148659 2.649172119796276 4.948675937950611 0 0.7621077299118042 0 21.90463700890541 0.7874133661389351 0.09428810328245163 0 0 0 0 13.71787191182375 0 0 16.16742712259293 16.10372729599476 19.77272474765778 1.968936361372471 1.131749011576176 0.9295715764164925 8.131017319858074 0.08349759131669998 1.19393178075552 2.105563379824162 0 0.0833938866853714 0.09736695885658264 0.07813902944326401 0 0.09169849753379822 0 0 0 0.1038383468985558 0 0 51.70721253752708 0.2284823358058929 0 0.2536122649908066 2.629464462399483 2.009735718369484 9.512754812836647 3.399371594190598 2.319760456681252 3.678084850311279 7.791910290718079 0.857413075864315 16.06768700480461 17.12545895576477 11.12703066319227 1.932670548558235 24.69913699477911 18.47773964703083 26.48168897628784 6.700880609452724 0 0 0 0 0 0 0 0 0 0 0 0 0 0 0 0 0 0 0 8.20954042673111 0.5118149518966675 0 0 0 5.166792154312134 0.4353933930397034 1.210434034466743 0 0 0 0 0 0 0 0.2209663987159729 0 0 0.4345416575670242 0 0 0 0 0 0 0 0 0 0 3.006322860717773 0.7109919190406799 0 3.868700698018074 1.06057608127594 0 0 0 0 0 0 0 0 9.93972684442997 0.6877544522285461 0 0 0 3.501392610371113 0 4.680757105350494 0 0.4291948080062866 0.1652288287878036 0 0.1383204311132431 0 0 0 0 0 0 0 0 7.770205810666084 3.362309202551842 5.732158303260803 44.30279768258333 1.004222616553307 36.23138236254454 13.79861189424992 5.753575906157494 2.000590816140175 0 3.580574668943882 1.849925130605698 0 0 0.2066221386194229 9.58981728553772 0 0 0 0.6593979597091675 0 52.18125722557306 10.9153810441494
1639.039918966591 707.3241740837693 7.598144680261612 1068.732395000756 204.0166731923819 217.5586334690452 1698.702859051526 4.170528545975685 103.5190936923027 1087.487993642688 11.892393425107 2251.269316233695 5779.41533473134 720.0005545914173 0.2819311544299126 0.4491014927625656 0 0 0 0 0.1269388496875763 0 0 0 0 0 0 0 0.08600298315286636 0 162.4439061656594 3.68257462233305 13.22918932139874 0 0 0 11.94522532075644 0 0 0 0 0 0 0 0 0.1116355732083321 10.97076466679573 0.5998965427279472 0.2084792032837868 0 0.3443337678909302 0 0.09781378507614136 0 1.922181114554405 0.6290188282728195 51.03873888403177 112.4128646254539 36.51390194892883 3.923409104347229 0.1913620233535767 0.6979304179549217 0 15.759905397892 0.8019413501024246 0.7706835493445396 0.177770808339119 0.2037875428795815 0 0 38.17665688693523 24.11596500128508 2.182829119265079 79.40084730088711 23.73607274889946 6.64321257174015 0 0.8015424758195877 0.566403791308403 1.115078836679459 0.1980144381523132 0.847077801823616 4.586571209132671 0.1177397072315216 0.7448072209954262 1.132830716669559 0.2011446803808212 1.188437968492508 0.2721478119492531 0.494186133146286 0 0 0 0 0 145.6267136111856 20.81650540232658 1.331224247813225 0 189.0994373261929 6.050600595772266 102.1990487501025 47.0956484824419 25.25322167575359 7.669724985957146 42.35885542631149 18.7774632871151 91.95518074184656 50.85771214216948 94.85118725895882 4.471497550606728 102.9424005448818 99.05222133547068 73.48748598247766 17.19101583957672 0 0 0 0 0 0 0 0 0 0 0 0 0 0 0 0 0 0 0 6.088931493461132 0.7706608921289444 0 0 0 9.84015441685915 0 1.334600225090981 0.2552182078361511 0 0 0 0 0 0 0 0 0 0.09902214258909225 0 0 0 0 0 0 0.1987174451351166 0 1.039243504405022 0.4701840281486511 32.10828677564859 1.550939798355103 0 3.638541042804718 0 0 0 0 0 0 0 0 0 18.4233887642622 0.3707696497440338 0 0 0 7.194032415747643 0 1.330969169735909 0.2035187035799026 0.909069687128067 0.1135460734367371 0 0 0 0 0 0 0 0 0 0 14.35336273908615 1.29206770658493 1.631031014025211 24.36103015393019 1.889383859932423 34.18532506376505 14.36339092999697 358.9552374631166 1.337327554821968 0 1.749805204570293 4.721157573163509 0 0.9913561344146729 0.9259362518787384 249.0493095815182 0 0 0 0 0 754.7743082270026 52.26151031255722
23.70214633643627 1242.044815920293 1083.730098001659 12.7208639010787 1366.250735111535 1.623935252428055 215.4286766201258 2050.130751155317 1249.729681268334 11.892393425107 1575.353633493185 228.8421126306057 692.0540078133345 4934.873446673155 3.2120605930686 2.645607814192772 0 0.1090997159481049 0 0 0 0.2175691574811935 0.0914277583360672 0 0 0.4710478484630585 0 0 0 0 67.14115320146084 18.08462354540825 376.8363733515143 0 0.2023950740695 0.2444022968411446 222.7986390963197 2.181183651089668 3.210882075130939 0.2374973520636559 0 1.011596009135246 0.1223175078630447 0.2374400496482849 0.09249309450387955 0.1613469123840332 8.999022111296654 0.1081915721297264 0.126598909497261 0.1209777146577835 0 0.8142322897911072 0 0.404882937669754 0.4275572299957275 0.0871751457452774 1.866647399961948 7.539226561784744 1.890083938837051 3.52164688706398 0.1127496734261513 10.15858453512192 0.9173559993505478 15.17603443562984 0.08574392646551132 0.5433545410633087 0.07924601435661316 0 0.1248625591397285 0 73.83613815903664 0 1.019333332777023 9.79086309671402 6.718147270381451 13.2894236817956 4.34364165365696 0.8432527631521225 4.36888138204813 545.7856820821762 0 2.836854659020901 0.7979144155979156 0 0.3821445927023888 0.1810492351651192 0.2492900565266609 0 0 0 0 0 0.6979822516441345 0 0 42.88679863512516 0.9167352914810181 0 1.666789203882217 4.016958855092525 0.9954627156257629 1.190720558166504 0.1126596257090569 0 1.120865568518639 4.557036861777306 0 10.07782365381718 4.3150320276618 2.241205535829067 0.9308537468314171 12.31942843645811 8.327823832631111 10.03185098618269 6.792841888964176 0 0 0 0 0 0 0 0 0 0 0 0 0 0 0 0 0 0 0 11.34696913510561 0 0 0 0 5.965581141412258 0 1.048444159328938 0.1602931618690491 0.09699284285306931 0 0 0 0 0 0 0 0 0.2150427922606468 0 0 0 0 0 0 0 0 0.6555560231208801 0.3037177473306656 0 0.5561255812644958 0 3.852735862135887 0 0 0 0 0 0 0 0 0 8.391619384288788 0 0.3254619538784027 0 0 6.774924837052822 0 3.347534358501434 0 0.5009490847587585 0.09468089044094086 0 0 0 0 0 0 0 0 0.3336818516254425 0 3.765051476657391 2.661737054586411 2.965304479002953 27.3975727185607 1.534829884767532 18.31558310240507 7.880590334534645 1.988074161112309 2.036153048276901 0 3.387018099427223 1.199675798416138 0 0.796250194311142 0.1986214518547058 6.021442383527756 0 0 1.680621862411499 0.2333525866270065 0 8.765154451131821 2.584419503808022
243.9315424710512 338.4112976938486 164.7672784030437 663.55594920367 62.03665032237768 144.2722033709288 451.286220446229 139.6231705248356 31.67524317651987 2251.269316233695 228.8421126306057 215.3321699351072 1484.885252386332 232.3147413283587 2.420311033725739 2.589122168719769 0.1260159611701965 0 0 0 0.3704526424407959 0 0.193059042096138 0.1395725458860397 0 0 0 0 0 0.09391515702009201 30.68046718090773 9.548383511602879 37.54040256142616 0 0 1.099486470222473 134.9469200745225 3.783017508685589 2.512076869606972 1.667456090450287 0.2889449521899223 0 0 0 0.09807445853948593 0.2875580415129662 6.693295881152153 0 0.0852007195353508 0 0 0.760854184627533 0 0 0.1222327575087547 0.1906318739056587 9.465864837169647 18.46746683120728 5.904422976076603 1.578973069787025 0.4864909946918488 3.031444869935513 0 10.33880018442869 0.3288539275527 0 0 0 0 0.1304619759321213 38.02460545301437 3.306060492992401 0.2371688038110733 14.95008689165115 8.335820369422436 7.095883540809155 2.304428189992905 0.6951591074466705 0.6764180138707161 39.03011658042669 0.08745847642421722 2.72056645154953 1.490153558552265 0 0 0.169438973069191 0 0.1484293788671494 0 0 0 0 0 0.09617435187101364 0 275.0280931070447 3.882463321089745 0.08238895237445831 0.2594517767429352 25.69761475175619 3.990816920995712 55.2123640999198 26.16468319296837 6.875631019473076 7.647070169448853 30.1075337678194 18.01549544930458 90.3874275162816 37.31695438176394 64.48798658698797 9.917815327644348 130.2083427086473 75.33897238969803 82.65881811827421 34.41666063666344 0 0 0 0 0 0 0 0 0 0 0 0 0 0 0 0 0 0 0 28.18489987403154 1.059076443314552 0 0 0 17.55943534523249 0 5.999637000262737 2.146052420139313 0 0 0 0 0 0 0.2801772356033325 0 0 0 0 0 0 0 0 0 0 0 0.6722229644656181 4.806740894913673 13.26030531525612 0.1288952231407166 0.2694605886936188 11.55903855711222 1.295852199196815 0 0 0 0 0 0 0 0 33.65757963061333 0.4954345226287842 0 0 0.1386985033750534 11.96380660682917 0 7.210615523159504 0.4771532788872719 1.971217349171638 0.230053998529911 0 0.09900840371847153 0 0 0 0.1640860736370087 0.1400629878044128 0 0 0 16.83021447062492 5.610038548707962 10.26098646968603 30.43221539258957 0.6859595999121666 19.74195027351379 6.532116897404194 97.13477507978678 1.995696812868118 0 4.122326135635376 5.635175555944443 0 3.573354139924049 0.5785082578659058 116.4117641746998 0 0 2.049042284488678 0.3092339485883713 1.352248787879944 510.0611591786146 60.43505284935236
136.4437786787748 1115.325809709728 279.1932921931148 386.2475429698825 648.4114551618695 69.30033598840237 3338.153360895813 216.6959390193224 753.7177231162786 5779.41533473134 692.0540078133345 1484.885252386332 2465.165284603834 1637.864077851176 17.21378576755524 17.4567779302597 0.1525946706533432 0.4563063979148865 0.1129344254732132 0.0997665598988533 0.1845002323389053 0 0 0.8718565255403519 0.6417932063341141 0.4139124602079391 0.2979258298873901 0.3922573328018188 0.439252182841301 0.2225722074508667 85.03846964240074 50.35264891386032 309.9582281336188 0 0.1571944504976273 2.30146037042141 158.8401751890779 10.38768307119608 15.74280651658773 3.625810138881207 1.20161210000515 0.6515045762062073 0 1.09446532279253 0.1486348509788513 1.11512353271246 36.07703691720963 0.7449587360024452 0.1144876405596733 0.3273505643010139 0 0.3094858825206757 2.486217610538006 0.6410730481147766 1.331067606806755 0.6119785532355309 7.532450273633003 24.11288899183273 7.213122844696045 12.97861129045486 0.359671026468277 37.41384025663137 1.677707344293594 48.67347978800535 0.9592941626906395 0.7912249714136124 0 0.08420726656913757 0 0.714718870818615 189.343662686646 4.055474907159805 0.1218540519475937 36.65573614090681 26.35893025249243 44.02430362254381 11.92553571611643 5.041194088757038 8.58823423832655 206.7920827940106 0.8746549114584923 22.12967592477798 3.668744117021561 0 0.8822327107191086 0.7964733988046646 0.2153729051351547 0.1424722671508789 0.4689410701394081 0.2882587015628815 0 0 0 0.3909508287906647 0.472561240196228 983.1245949044824 4.195045419037342 0.1614767462015152 5.35227382183075 20.98836264014244 12.39420264959335 71.67147193104029 49.21878825873137 8.90293462574482 26.84637451916933 186.4457415565848 11.54227078706026 202.6045159101486 120.3078401759267 118.9909765571356 14.76407708227634 364.2747702673078 172.5522187426686 212.3744698911905 77.77906976640224 0.1091184020042419 0.7724885120987892 0 0.1007607355713844 0 0 0.2966611385345459 0 0 0 0.1493013650178909 0 0.2297506183385849 0 0.2692575603723526 0.358597919344902 0 0.2216002643108368 0 64.89877655357122 6.009754233062267 0.2668724060058594 0 0 45.40932215005159 0.7828005626797676 13.5307159870863 3.032717846333981 0.8110641688108444 0 0 0 0 0.3131503462791443 0.6736305803060532 0 0.8277327418327332 1.078695088624954 0.3562749773263931 0 0 0 0.1344719380140305 0 0.08251428604125977 0 5.308424770832062 3.551765657961369 16.76186935603619 0.3411915600299835 0.1085113510489464 29.16424511373043 5.193915374577045 0 0 0.08544698357582092 0 0 0 0 0 83.22643774747849 3.521371021866798 0 0 0 38.38009837269783 1.487703591585159 21.98927097022533 0.8861963376402855 5.456651851534843 2.00246224552393 0.2447661906480789 0.603442057967186 0 0 0.1188782975077629 0.2135028392076492 0 0 0 0 56.41272816061974 21.7212363705039 30.04406626522541 135.3584838807583 5.621613718569279 92.57628011703491 40.99869135022163 72.06236539036036 6.687652140855789 0 12.46864113211632 11.61713300645351 1.773502349853516 9.25255162268877 1.906122818589211 136.6853590384126 0.6358338743448257 3.1534104347229 0 2.819780126214027 0 578.9178631901741 100.0312673673034
41.7400037497282 2183.675983257592 1387.017730914056 44.05688176304102 2204.601892016828 37.3138106316328 1850.053316026926 1338.710463099182 1615.789350308478 720.0005545914173 4934.873446673155 232.3147413283587 1637.864077851176 363.7135712206364 47.0545689240098 24.99895144253969 0.7239069864153862 0.6127182617783546 0.07957887649536133 0.7131177708506584 0.3081143647432327 3.026039242744446 0.1199493706226349 2.146335273981094 0.6294756829738617 0.3954798430204391 0 0.4121639132499695 0.9142838269472122 0.8481855392456055 186.5811717063189 108.3394457772374 373.2073947861791 0.09155389666557312 0 1.784251488745213 612.7433554753661 9.502236232161522 8.014251850545406 1.59499604254961 0.9078641906380653 0.6371951997280121 0.6375454068183899 1.027908131480217 0.5047547519207001 0.2372648790478706 83.64976435899734 2.205975405871868 0.304120346903801 0.700008936226368 0.3982401192188263 0 0.2850559651851654 0.7260762453079224 1.987292520701885 1.443606726825237 13.85844454169273 45.06785925477743 15.84985306859016 32.97901446372271 0.9139327481389046 30.54579775035381 3.941551670432091 122.2230049222708 2.326798990368843 2.500022806227207 0.4784699678421021 0.3976356983184814 0.5469196438789368 0.2238711714744568 197.6375934705138 2.05196924507618 0 84.92543034255505 73.5188767388463 130.7637004256248 27.19209475815296 11.25720456242561 23.77433197945356 490.0313651487231 0.7234279438853264 59.51938413828611 11.07763266563416 0 2.71926923841238 2.109446823596954 1.067293621599674 0 0.640277773141861 1.033321857452393 0.7554351165890694 0 0.6338664144277573 0.2604333013296127 0.4107946157455444 412.376994356513 4.407071299850941 1.46304526925087 0.6149714738130569 17.88327027112246 10.88376773893833 39.38117878884077 43.89177805930376 13.35682138055563 38.29938983917236 70.1603494361043 16.43181320279837 172.9721406400204 59.49686601758003 72.25515154004097 17.79633840173483 186.7718675509095 182.3349156007171 184.7081229388714 81.3822058737278 0.4287792965769768 0.6841375455260277 0 0 0 0 0 0.3114321604371071 0 0 0.1663489043712616 0 0 0 0.1961051374673843 0 0.165709063410759 0.3694871962070465 0 69.9853880032897 4.979927621781826 0 0.9206005334854126 0 50.82437575608492 0.5508799254894257 12.03668225556612 4.610839113593102 0.5633417591452599 0 0 0 0 0.7117919474840164 0.7810321450233459 0 0 0.4634831845760345 0 0 0 0.7776389494538307 0.2431131899356842 0 0.4293733239173889 0 2.812698133289814 9.466281652450562 15.70423719286919 1.086202904582024 1.0843475908041 45.48265156894922 5.208698444068432 0.1190749332308769 0 0 0 0 0 0 0 85.73505982756615 1.396311596035957 0.2450911700725555 0.3454582020640373 0 58.65217582136393 3.119401380419731 30.88345815986395 2.504396416246891 8.168400265276432 2.444148935377598 0.5994774997234344 2.095540083944798 0 0 0.6957671344280243 0 0.2653242275118828 0 0 0 52.25441709905863 27.46837504208088 36.25978171080351 336.3230372220278 15.33949575573206 201.4069611653686 81.46734512597322 34.63304161280394 18.24800772219896 4.74158601462841 36.48241973668337 9.379804000258446 0 6.627984426915646 2.445087313652039 112.4239872246981 0 0 0.9984314441680908 5.57477068156004 0.3206411004066467 326.9415959939361 68.7597648203373
