745.9559760540724 3758.935935072601 1350.955039568245 1951.397965043783 128.9749603271484 112.3223665654659 320.8517719358206 567.5361709445715 10.21581158041954 2061.127462975681 173.1628940403461 195.3389614596963 153.6363837197423 34.85695355385542 7.780597314238548 17.46564058214426 0.7357042655348778 0.1269832402467728 0 0 1.983872428536415 0 1.582919090986252 1.394306249916553 2.976173527538776 0.3844521567225456 1.644154444336891 1.701659701764584 1.430157423019409 3.794054307043552 1066.180794671178 37.54609729349613 35.02754410356283 0.1328544467687607 0.1382530927658081 5.509284064173698 28.69172113388777 5.107829809188843 5.114016808569431 3.336137764155865 1.20348035544157 1.216945856809616 0 3.662498816847801 0 0.4245961531996727 12.67379570007324 2.814929738640785 0.4581349119544029 1.020705848932266 0.8219313621520996 0.2622100114822388 0.1259055882692337 1.152552932500839 6.019987806677818 30.58173757046461 269.7935880944133 648.3405840918422 104.0467045232654 14.1726631000638 4.574569791555405 10.29247264564037 0.6156299412250519 23.02740198373795 4.114389292895794 3.167257830500603 2.011292017996311 0.7102646231651306 1.536607019603252 2.246771886944771 25.9288320094347 3.319898322224617 0.1421229988336563 233.1413281261921 47.82830557972193 40.09763935208321 13.22980460524559 8.969010956585407 3.395753920078278 81.66903501003981 2.723291724920273 19.57733493298292 19.2226587086916 2.039801843464375 1.978627249598503 5.305177189409733 0.7414665743708611 0.766982302069664 1.088647671043873 0.6094538569450378 0.3458925560116768 0.5147449895739555 1.455574922263622 0.1156329065561295 0.7560561299324036 45.36043830215931 21.27730892598629 1.06366840004921 4.425327531993389 1112.61291346699 1.911777138710022 3.113261416554451 9.678604662418365 7.021549627184868 2.532175078988075 24.14903290569782 13.09846049547195 32.86819584667683 28.00021789968014 16.7076778113842 3.206878587603569 11.25974269211292 34.60611437261105 3.853761166334152 4.419930562376976 0 0 0 0.1326533406972885 0 0 0 0 0 0 0.1515983492136002 0 0.09915489703416824 0 0 0.1554409861564636 0 0 0.1421033293008804 0.161865696310997 0.5939053297042847 0 0 0 0.4984540790319443 6.087651968002319 6.715654537081718 0.3679387643933296 1.67341873049736 0 0 0 0 0 0 0 0 0 0 0 0 0 0.4388787373900414 0 0 0.2823913991451263 1.029054403305054 0 0 0 2.024964153766632 0.6118371933698654 0 0 0 0 0 0 0 0 0.2899608910083771 5.865721181035042 0.503141462802887 0 0.6213456094264984 0 4.053717657923698 0 0 0.4002896547317505 0 0 0 0 0 0 0 0 0 0 0 0 1.528996884822845 1.799956873059273 2.557977601885796 925.4910942688584 11.91330633312464 108.7299329936504 20.40015146136284 896.6170205324888 8.499929741024971 5.637685857713223 6.848385736346245 16.73976947367191 5.383080542087555 1.791622564196587 0.1370655596256256 45.74500806629658 0 0.3309290409088135 0 0 0 312.3876489624381 69.00089339911938
3758.935935072601 3744.187928967178 3868.014381453395 2638.715313509107 1952.490308657289 115.0401174724102 2910.001501046121 1148.225463941693 592.5598270595074 1718.639497488737 512.5998840555549 148.3159805312753 599.017970085144 248.041835308075 35.00599477440119 31.83596429228783 1.62864251434803 1.581944927573204 0 0.3312184289097786 2.456415720283985 0.1200225427746773 1.198660209774971 1.132292121648788 2.246931135654449 1.612097166478634 3.58855813741684 1.441309303045273 1.64028637111187 3.135423436760902 1399.179369471967 27.96916557103395 59.90432775020599 0.2483831197023392 0.6405068933963776 4.413843207061291 42.73925294727087 6.865077994763851 9.803087800741196 5.131265245378017 2.33689209073782 0.6416390389204025 0.8732970580458641 4.559243641793728 0.5425755456089973 0.7969351336359978 125.4978292658925 21.34263997524977 2.498718857765198 3.267290204763412 1.440026454627514 1.472478732466698 0.8050838112831116 0.3890978842973709 25.60920238494873 118.4811995625496 191.5038628280163 415.2683287486434 91.12696018069983 98.45750940591097 5.415472410619259 8.527998000383377 2.07788809388876 50.57175742089748 34.49570682644844 21.04918046295643 7.024284347891808 3.849224589765072 3.821988672018051 3.782614715397358 75.54412162303925 23.0072603225708 0.197903960943222 447.9181210398674 261.8358571305871 214.1825474798679 108.2898753806949 22.73319773375988 3.384037852287292 70.4409344047308 3.346004664897919 18.35346370190382 114.2418232932687 8.752880096435547 23.78341308236122 30.25047523528337 14.571777805686 1.050223357975483 8.868253536522388 0.8457028865814209 5.744731307029724 0.8027176633477211 0.9820786491036415 1.884380981326103 1.779451169073582 19.58206306397915 32.25763107836246 0 13.61565788835287 646.2921398431063 0 2.219372004270554 11.53507502377033 4.965578705072403 7.185346648097038 55.97738440334797 12.20747455209494 54.54706856608391 32.55711548775434 22.81814676523209 11.54330502450466 38.50125680863857 64.66711250692606 12.80796574056149 18.33753663301468 0.7967827320098877 0 0 0.6959385871887207 0 0 0 0 0 0 0 0 2.941252142190933 0 0.4473833441734314 0.3093982934951782 0 0 0 2.283700242638588 6.108855232596397 0.1087736338376999 1.374566793441772 0 12.33953773975372 23.58422523736954 35.84777815639973 7.428388357162476 5.652506947517395 0 0 0 0.6643664836883545 0 0 0 1.563319861888885 1.34563884139061 0 0 0.1447419673204422 1.254262514412403 0.1341594308614731 1.246822521090508 0 0 0.950805276632309 1.519175469875336 0 1.44394314289093 8.214265748858452 6.668810412287712 0 1.034222185611725 0.200408548116684 0 0.1290568560361862 0 0 0 0.3240162134170532 48.50810839980841 1.460075885057449 0 0.2043364346027374 0.1049754321575165 9.633218839764595 0 3.695851445198059 2.475260525941849 2.0250204205513 0.1908951997756958 0.15336874127388 0 0 0.1160658821463585 0.2483716905117035 0 0.09221788495779037 0.1079019978642464 0 0 14.0943683385849 15.41407290101051 29.25913766026497 663.2578612715006 40.99883826076984 671.2361181527376 71.62847299873829 690.8727389723063 42.09435077756643 12.94713079929352 45.33602116256952 20.30484721064568 1.843961626291275 19.89031260460615 6.238613568246365 32.20879966020584 0 0.8437466770410538 1.798100292682648 5.914805576205254 0.3775051087141037 313.1466065943241 90.65874901413918
1350.955039568245 3868.014381453395 2600.259666621685 413.9481471329927 977.8951477557421 39.46383419632912 270.7710221409798 4829.442651063204 681.4921054244041 131.275396168232 1731.069372989237 99.99554266035557 835.6569688841701 812.6621985435486 41.38838563114405 62.71690408140421 7.801122590899467 8.141356952488422 0.3647576868534088 15.62798073887825 132.5567147657275 0.1481456905603409 14.5831551477313 22.29796653240919 14.55803909897804 13.65159614384174 12.14181604981422 3.378384366631508 7.6069510653615 16.26646734774113 4880.993935167789 327.1118249446154 259.5568830817938 2.089051589369774 5.918208330869675 18.62175821512938 123.6487426832318 30.49573766440153 20.60418640077114 15.70447354763746 32.77349756658077 6.111480422317982 17.36328100413084 10.11887963861227 2.958503879606724 4.204816110432148 132.8830877542496 28.31903461366892 9.541597455739975 38.82308525592089 12.6791827082634 3.802648358047009 1.998128175735474 3.234205484390259 20.512903816998 77.50244174897671 154.5536668002605 879.2918308973312 71.57710307836533 71.60403452813625 35.12384703010321 51.91529997438192 5.175695188343525 220.0873186290264 22.62741343677044 105.1701353490353 33.21862468123436 40.85837826132774 184.9886632040143 171.0982685387135 88.05617475509644 16.69641336798668 0 376.8451320156455 476.0826199948788 207.2866484671831 175.0624504908919 51.15132156014442 54.12567394226789 737.4684804305434 21.24439186602831 342.0933882668614 98.92282588779926 5.32048287987709 31.62799066305161 23.75612779706717 36.44673023372889 0.3008515015244484 5.986184924840927 0.8947791457176208 5.847518242895603 0.8994806855916977 24.23207622021437 3.289857618510723 5.62323310226202 7.814984694123268 25.16725188493729 0.2152644619345665 13.74164953827858 345.4742023721337 0 0.3278912901878357 5.162255436182022 3.251380115747452 4.91418345272541 16.39315702021122 4.522446200251579 20.63202048838139 10.41933146119118 11.73131518065929 0.8509350121021271 10.5435486882925 18.72010404616594 7.533442929387093 7.194901317358017 0 0 0 0 0 0.120277039706707 0 0 0 0.5278997123241425 2.142178677022457 0 2.276430286467075 0 0.1282429248094559 1.347452268004417 0.1109310910105705 0.1457291096448898 0.2519578337669373 0 0.9524192661046982 0 1.158915191888809 0 6.343267545104027 11.17829132080078 18.94725504517555 2.230751544237137 1.56902951002121 1.820253677666187 0 0.3163856267929077 0 0 0 0.1429595500230789 0 0.3622630536556244 0 0 1.085346221923828 0.9617516472935677 3.20680745691061 0 0.5272308588027954 0 0.6654011011123657 0 0.9136856496334076 0 8.213306576013565 2.767485111951828 0 0 0 0.1003195270895958 0 0.1425392180681229 0.2132647261023521 0 0.6763850897550583 16.54850631952286 0.9529958367347717 0.1417705565690994 0.2590814530849457 0.9925574958324432 2.10518604516983 0.6633158326148987 1.367792367935181 0 0.8398950397968292 0 0 0 0 0 0 0 0.1000391691923141 0.3498456180095673 0.7074218094348907 0.14208023250103 5.089651361107826 6.415190860629082 16.9081644937396 442.7653661221266 72.04918609559536 484.2483141049743 89.43969802558422 250.8915748372674 27.62899490445852 9.357129365205765 32.08869513869286 8.292824514210224 0.5498415976762772 5.653119795024395 1.125370845198631 19.00341561436653 0 0.2165284007787704 0 3.583625443279743 0 153.1934041753411 21.49443467706442
1951.397965043783 2638.715313509107 413.9481471329927 523.131264641881 210.5639734342694 397.9725981354713 443.288576811552 31.25211520493031 5.225469246506691 3432.098626986146 66.23565962910652 701.5904059931636 635.1339307799935 3.077891230583191 0.9549646899104118 0.6513194739818573 0.2215106189250946 0.1015363186597824 0 0 0 0 0 0 0.1313379257917404 0 0 0.2686226069927216 0 0.1511362940073013 92.91424818336964 1.334630183875561 0.883108913898468 0 0 0 0.8092269599437714 0.2717701494693756 0 0.3448989987373352 0 0.09925217926502228 0 0.1251047104597092 0.09169679880142212 0 8.898898355662823 3.178150840103626 0.1096672117710114 0 0 1.374511212110519 0 0 3.178134098649025 21.64847609400749 54.41610808670521 61.71718746423721 20.80603939294815 12.73664415627718 0 0 0 2.671258062124252 5.157708510756493 2.919729419052601 0.6189661175012589 0.9145445451140404 0.1005021408200264 0 3.605381697416306 1.619796603918076 0.2692331373691559 98.32969990372658 35.83996558189392 24.07981211692095 6.733050175011158 0.4027413576841354 0 0.2538493871688843 0 0.08452115207910538 16.98857563734055 1.835981748998165 2.568410523235798 3.967413499951363 1.281947322189808 0.2782780528068542 1.09836632758379 1.539045259356499 0.4130546599626541 1.07339446246624 0.1061768308281898 0 0 51.20024038851261 8.212874680757523 0.3691196888685226 1.172715432941914 388.30054654181 0 6.549209833145142 10.88616228103638 11.95440250635147 3.550134420394897 37.92620299756527 22.00336393713951 24.63150778412819 40.88851824402809 23.51938788592815 0.8177311718463898 52.00371050834656 153.313261680305 21.8168810158968 2.34549255669117 0 0 0 0 0 0 0 0 0 0 0 0 0 0.138613760471344 0 0 0 0 0 0.2504817843437195 0 0 3.003195583820343 0 2.421030580997467 1.329742193222046 0.4686978757381439 0 0 0 0.1978023648262024 0 0 0 0 0 0 0 0 0 0 0.9563431739807129 0 0 0 0 0.5477851033210754 1.1307612657547 0 0 0 0 0 0 0 0 0 0 0 0 0 6.483059704303741 0 0 0 0 1.011551856994629 0 1.951176881790161 0 0 0 0 0 0 0 0.2703266069293022 0 0 0 0 0 2.143070995807648 1.041984990239143 4.332661211490631 353.827668838203 4.968135803937912 88.19428668916225 8.407712027430534 1049.219355173409 3.881085395812988 2.165985479950905 3.530551008880138 5.677687302231789 0.1099591329693794 3.952109634876251 0.1142158433794975 41.51359876990318 0 0.1323327720165253 0 0.5777405500411987 0 335.1134632974863 71.47255101799965
128.9749603271484 1952.490308657289 977.8951477557421 210.5639734342694 2550.597233749926 2.328814283013344 2889.682733289897 430.1781519055367 7134.33462446183 360.8472973629832 1675.99269503355 53.11193033307791 963.6488606780767 664.6526589989662 40.6753081381321 38.35801128298044 1.929508797824383 0.9817780926823616 0 0.1319074183702469 1.161440655589104 0.1189210712909698 0.2796243727207184 0.1399502605199814 0.8753015100955963 0.3399088606238365 0.4107644185423851 0.2805269584059715 0.3751309514045715 0 81.52444229274988 15.05498993396759 11.80745059251785 0.1505263298749924 0 0.1941266506910324 15.96098496764898 0.8466257750988007 5.801732711493969 1.050146415829659 0.4889428690075874 0 0.2809834331274033 3.207592219114304 0.3904594704508781 0.6975768208503723 113.8407901749015 11.48685242235661 1.684063598513603 1.481698825955391 0.8315313309431076 0 0.2441550120711327 0.6137641370296478 10.99411687999964 29.9149801209569 12.90357626229525 38.39270640164614 13.8422668799758 50.28484050929546 1.591836385428905 0.9527941048145294 0 33.85990506410599 11.66611660271883 8.302273310720921 3.3402990847826 2.483984731137753 1.65238106995821 1.40275040268898 49.86542785167694 16.62127634882927 0 102.2882357239723 128.305668823421 139.7552774101496 131.7063737437129 31.99537244439125 1.203141197562218 6.429469525814056 0.5211746394634247 4.897108986973763 50.88481514155865 1.851991228759289 8.430460855364799 9.662450402975082 7.798054181039333 0.2320477440953255 3.428010739386082 0.2255188077688217 2.322460316121578 0.7413025051355362 0.3371835649013519 0.8380521535873413 1.138995602726936 17.11962841451168 32.87606363743544 0.180937334895134 19.25060609728098 10.27066085487604 0 0.4682204723358154 8.193564973771572 2.756996735930443 9.856848940253258 44.85630542039871 3.738863617181778 54.24346919357777 20.40230558812618 9.205611437559128 3.83976911008358 37.5874013826251 63.30389303714037 12.23829964548349 19.35473443567753 0.1029877513647079 0.2999988794326782 0 0 0 0 0 0 0 0 0 0 1.939320310950279 0 0 0 1.099738121032715 0.1292816400527954 0 2.385254606604576 4.344358086585999 0 0.9559445083141327 2.134656339883804 15.85193486511707 19.87867619097233 34.33800831437111 7.536575302481651 3.831103786826134 0 0 0 0.4249504506587982 0 0 0 1.399086728692055 1.655898243188858 0 0 0 1.516253590583801 0.2786552608013153 1.124222621321678 1.090223401784897 0.1183687001466751 1.770459562540054 0.6461594104766846 0 0.6570238471031189 7.296165749430656 4.623983904719353 0 0 0 0 0 0 0 0 0 49.17573344707489 0.3584381639957428 0 0.2078660130500793 0 7.848385624587536 2.228226184844971 4.393383324146271 4.004098430275917 0.7661411315202713 0.1808569431304932 0 0 0 0.1075664460659027 0 0 0 0 0 0 20.17719887197018 16.02228853106499 32.29155521839857 496.9495787918568 17.85521573573351 414.7187362164259 53.35692578554153 85.74298602342606 51.46585106104612 4.56694070994854 55.0568730533123 11.8962926864624 3.178238227963448 12.90994423627853 3.100073114037514 13.93167528510094 4.747433915734291 0.4531934410333633 0.9449518918991089 1.42631421983242 0 40.43175289779902 36.61752125620842
112.3223665654659 115.0401174724102 39.46383419632912 397.9725981354713 2.328814283013344 6.519909292459488 25.34664261341095 3.005934491753578 0.6441927552223206 510.6054469421506 0.9565557688474655 153.0033132135868 45.65860075503588 0.7727097421884537 0.1082908511161804 0.2080314308404922 0 0 0 0 0.3011321127414703 10.52430376410484 0 0 0 0 0 0 0 0 13.67557393014431 0 0.8420035317540169 0 0 0.1892459839582443 3.077003180980682 0 4.649427428841591 0 0 0.7586922347545624 0 0 0 0 0 0 0 0.1219322606921196 0.3147176206111908 47.6284417361021 4.73585332930088 0.8902388662099838 0 1.11117997020483 35.89024555683136 2.254117526113987 0 0 0.2777045071125031 0.1491020321846008 0 0 0.1468063145875931 0.1070297434926033 0.2669901624321938 0.2029643058776855 0 0 54.97894954681396 298.9484760463238 24.13691571354866 1.276757374405861 0.7466599196195602 0 0 0 0 0.1975664496421814 0 0.1337604820728302 0.2950173318386078 2.712226562201977 0 4.976559691131115 0 31.28684459626675 7.155464075505733 71.2614831328392 6.949051916599274 30.61855736374855 0 0.6820356100797653 21.79809272289276 319.4247921556234 516.6043759435415 32.86046624183655 64.12468024343252 147.7546464800835 0 0.5617178082466125 0.6984186470508575 0 0 0.86532823741436 0.9026833474636078 0.9861547350883484 1.162916868925095 2.081984788179398 0 0.9478026777505875 0.7755817025899887 0.5676398277282715 0 0 0 0 0 0 0 0 0 0 0 0 0 0 0 0 0 0 0 0.1656955480575562 0 0 0 0 0 0 0 0.1286674439907074 0.1437540948390961 0 0.1654805988073349 0 0 0 0 0 0 0 0 0 0.1698232740163803 0 0.2758609279990196 0.312122255563736 0.3321030959486961 0 0.1170773953199387 0 0 0 0 0 0 0 0 0 0.1322620511054993 0.1751698553562164 0 0.9530221819877625 0.1614728569984436 0 0 0.3487106114625931 0 0 0.3895870000123978 0 0 0 0 0 0 0 0 0.1868049949407578 0 0.3652032464742661 0 0.4483343958854675 0.8924060463905334 0.2223558574914932 0 0 0.1380295008420944 0.3391780406236649 10.39373119920492 0.6726327836513519 1.305502668023109 0.5630648881196976 155.3262431323528 0.6868599057197571 0 0 0.1728301197290421 0.3755232691764832 0 0 0.2590669691562653 0 0 0 0 0 21.44367435574532 2.934750512242317
320.8517719358206 2910.001501046121 270.7710221409798 443.288576811552 2889.682733289897 25.34664261341095 1029.576522782445 51.57308987528086 3300.732891783118 2554.129595771432 368.2703443542123 755.2073083743453 5273.635990008712 2239.673032440245 40.50976820290089 41.17171899229288 1.332769647240639 0.4881046488881111 0 0 0.4331769645214081 0 0.1647940874099731 0.3931603580713272 0.1535707861185074 0.3282766565680504 0.5902482122182846 0.1052289232611656 0.3025926351547241 0.122185230255127 46.36372152715921 8.188352040946484 47.64933425933123 0 0.09859555959701538 0.4792205393314362 30.65711242705584 2.425325237214565 9.010474942624569 3.809228837490082 0.9075471684336662 0.4491148889064789 0.358592189848423 5.399554543197155 0 0 93.39582370221615 8.349951438605785 2.221434123814106 1.413700848817825 0.8630994185805321 0.1845250129699707 0.19805608689785 0.4830118119716644 8.932054996490479 35.94627740979195 23.95846319198608 46.62173549830914 19.51560097187757 44.46740864217281 1.403072841465473 1.175168164074421 0.4931844174861908 19.32379530370235 11.61968179047108 9.347290873527527 2.889434017241001 1.877410836517811 0.9144959002733231 1.023472264409065 149.8089864626527 39.18381357192993 0.2202658802270889 119.1960716545582 105.6483623161912 129.873004026711 101.774109698832 35.27940244227648 1.313515543937683 3.758876897394657 1.129707962274551 5.331662334501743 56.64368427544832 2.217586934566498 9.14132958650589 9.546707399189472 8.647369347512722 0.4258789047598839 3.741902396082878 0.9174946621060371 2.243764437735081 0.7405043169856071 0.1936121359467506 0.6183660179376602 0.4962132647633553 69.8745089173317 85.44497694075108 0.8306591659784317 35.98364146053791 27.54417592287064 2.397021055221558 10.20654128491879 335.0070334821939 25.06300117075443 26.33190427720547 162.3695700764656 54.07612858712673 164.8179538249969 145.238802626729 97.89966848492622 22.16749034821987 172.4592147767544 205.599634706974 57.28067245334387 41.06171150505543 0.5456647574901581 0.5213841199874878 0 0 0 0 0 0.4833425134420395 0 0 0 0 2.996680423617363 0 0.1585049778223038 0.8340170085430145 0 0.1798818111419678 0 6.380926579236984 12.67825208604336 0 6.626051336526871 0 31.98484982550144 33.60699772834778 82.55270424485207 13.47158499062061 13.91044864058495 0.682942807674408 0 0 0.7095654904842377 0 0.8246903419494629 0 1.362581059336662 3.897098667919636 0 0 0 2.37619860470295 0.3498908579349518 3.175575613975525 2.849071472883224 1.281864032149315 8.021865025162697 1.230405673384666 0.1230595409870148 1.661017060279846 23.10845836997032 12.69585753977299 4.782134704291821 0.1483554393053055 1.332713477313519 0.1233690679073334 0 0 0.1101712286472321 0 0 144.2625842988491 2.852074518799782 0 0 0.1291719228029251 21.30921819806099 1.289362609386444 9.830007791519165 5.861005619168282 1.98541371524334 2.164581589400768 0 0 0.2695205509662628 0.2978800311684608 0.2207428812980652 0 0.1156825050711632 0 0 0 53.70174084603786 45.09629015624523 65.17897894978523 600.7817786186934 26.68133699893951 411.9876097813249 74.80889055132866 177.7881490290165 46.30934484302998 4.377958461642265 59.00832706689835 29.12587401270866 1.549268908798695 40.26546563208103 16.19055902957916 76.35222011804581 7.222211569547653 0.1090383902192116 1.154342174530029 2.535199299454689 0 147.1633611768484 136.0137273818254
567.5361709445715 1148.225463941693 4829.442651063204 31.25211520493031 430.1781519055367 3.005934491753578 51.57308987528086 2809.022478811443 376.3919561207294 12.48095627874136 2471.440796241164 129.3608261346817 523.1339290738106 485.9442230388522 64.53600637614727 126.8198775202036 10.58136356621981 12.57966140657663 0.4741624444723129 45.42734437435865 215.5359199121594 0.8986759036779404 42.38884837925434 65.32298250496387 61.93504683673382 29.49540270119905 46.84652888774872 10.91797313094139 17.04915391653776 58.80727063119411 1120.298056416214 2269.309744268656 283.9310072362423 4.74592000991106 18.22270005196333 87.67427321523428 155.6373975798488 89.01771469414234 36.87565053999424 45.05805983394384 73.15073591470718 14.92665228247643 24.95995384454727 40.33223729580641 6.775077104568481 11.86465784162283 149.7285071462393 20.50130643695593 11.09551704674959 46.21338435262442 12.49604795873165 3.617596909403801 3.147829718887806 5.447402574121952 10.23209193348885 34.62913070619106 49.74306993186474 219.2636319771409 28.21510925889015 54.86952779442072 165.7724136412144 322.1096918210387 15.14192202687263 382.8245025351644 13.06460273265839 83.63302966207266 34.83066194504499 44.67535016685724 200.7006589844823 232.6536102890968 103.9732747003436 11.16164608299732 0 163.7996044158936 341.2640952840447 186.2756168097258 642.5128485783935 332.250273950398 461.8475730195642 3094.201387219131 65.20136063545942 1884.960457406938 51.03064102679491 1.960533857345581 22.04677473008633 14.68186215311289 41.87010338902473 0.3122785463929176 4.114412538707256 0.4315966889262199 5.89018964022398 0.8279265612363815 32.10129217803478 8.900217682123184 10.84276304394007 4.121471494436264 9.7453982681036 0.1658501476049423 7.510954484343529 94.08471069484949 0 0.5811952948570251 1.294933632016182 0 1.091414079070091 3.688944727182388 0 3.759209915995598 2.507204562425613 3.038751199841499 1.196398332715034 1.846596613526344 7.211540430784225 2.494385540485382 1.687224559485912 0 0 0 0 0 0 0 0 0 0.6357355862855911 3.68072709441185 0 1.556796759366989 0.3278194665908813 0.3414072394371033 1.980607531964779 0.432859867811203 0.7706725150346756 0.3655637204647064 0 0.9338170737028122 0 0.4125767350196838 0.3716979026794434 1.520400822162628 3.499333649873734 7.742875173687935 1.527256779372692 1.820717602968216 1.918951198458672 0.9738793671131134 0 0 0 0.4713647365570068 0.4434716403484344 0 0.3201286196708679 0 0 0.4407364651560783 0.6943165510892868 7.754965305328369 0 0 0.1136918440461159 0 0 0 0.1803537011146545 0.3408544361591339 2.135961592197418 0 0 0 0.1083991900086403 0.2298779189586639 0.5220018923282623 0 0.1073216572403908 2.181782215833664 6.934341721236706 0.1378956884145737 0.1703463643789291 0 1.47674623131752 2.034750282764435 0 0.1292149275541306 0.2057497352361679 0 0.1444235742092133 0 0 0 0 0 0 0.3541354089975357 0.4901708960533142 0.3128130733966827 0.7250489890575409 2.729777060449123 5.809334672987461 6.80346691608429 338.0820294991136 72.13800518959761 461.9657555967569 92.10683114081621 54.42343100905418 24.04391888529062 6.103940136730671 35.07642536610365 0.9890948832035065 0.5295222103595734 1.809608101844788 2.642319083213806 0.9922210574150085 0 0 0 3.594649061560631 0.3523008227348328 46.43493411689997 11.66199374943972
10.21581158041954 592.5598270595074 681.4921054244041 5.225469246506691 7134.33462446183 0.6441927552223206 3300.732891783118 376.3919561207294 447.2637787386775 97.97514107823372 3198.129493147135 38.03521280735731 3000.186389937997 1819.9456480667 43.92583025246859 53.91908883303404 0.6975424662232399 0.4212772771716118 0.1342318207025528 0 0.2454539984464645 0 0.1438876241445541 0.2351086363196373 0.6841108649969101 0.1466209441423416 0.1289075613021851 1.75208555161953 0.156178742647171 0.3892861753702164 9.047302305698395 11.26096177101135 23.03063438087702 0.09746397286653519 0 0.4540606439113617 16.01414636522532 1.530905157327652 7.087316773831844 0.3212752863764763 0.1604555547237396 0.1244637966156006 0.4887632206082344 6.12338537722826 0.4334390684962273 0.3558543026447296 89.84024382382631 5.123937182128429 0.7284453809261322 0.6004271805286407 0.1092579066753387 0 0.1194136291742325 0.9698996320366859 2.289477787911892 11.72661755234003 3.562870502471924 8.222601145505905 5.628495424985886 28.18523147702217 0.8114879280328751 1.85665862262249 0.8572330698370934 19.93896739929914 5.432969741523266 4.377771504223347 0.8609524965286255 0.5568207204341888 1.549547486007214 1.252921514213085 73.96963869035244 12.99230255186558 0 42.55442237108946 75.01600922644138 110.2426332384348 118.7610430717468 41.4301924854517 0.9173299446702003 14.19386129081249 1.60499269515276 9.055896773934364 21.19260098040104 0.7688522338867188 4.685470074415207 3.431885860860348 3.572134435176849 0.09131796658039093 2.044346041977406 0.08391506224870682 0.7180360183119774 0.193513497710228 0.1793794482946396 0.3238110169768333 0.3000330328941345 22.56974585354328 49.30421009659767 0 20.30649857968092 2.013527080416679 0 1.1683489382267 10.31973332166672 3.804587721824646 7.789739489555359 58.2632234916091 6.41958224773407 50.01708407700062 24.49498926103115 12.86316506564617 7.845705077052116 42.13974416255951 66.65669567137957 16.53142047673464 13.41631618142128 0.09691090881824493 0 0 0 0 0 0 0.1257093548774719 0 0 0 0 3.528596699237823 0 0 0.5386305451393127 0.2891446053981781 0 0 3.316419824957848 2.076121121644974 0 2.12068971991539 0 12.12749944627285 16.46482056379318 33.4788224697113 7.996093809604645 5.882782109081745 0.531851589679718 0 0 0 0 0 0 0 0.9867220371961594 0 0 0 0.5297236740589142 0 1.168139293789864 0.3413447439670563 0 1.03905276954174 0.4770066142082214 0.3807649910449982 1.313420832157135 8.698210865259171 7.531756922602654 1.318263918161392 0 0.1814804077148438 0 0 0 0 0 0 51.94808831810951 1.435963839292526 0 0 0 5.461516231298447 1.639649331569672 4.184487521648407 1.533954828977585 0.8758774399757385 0.3807934820652008 0 0 0 0.37241131067276 0.1195144280791283 0 0 0 0 0 24.69586999714375 18.65442501008511 28.49712363630533 439.0860012322664 16.66550572216511 290.7889927849174 59.00335991382599 49.79314226657152 36.3850488960743 1.590579368174076 55.54192707687616 9.134556695818901 0.8434852510690689 13.48177671432495 2.931134082376957 14.03536063432693 1.928901612758636 0.1305611133575439 0.8926180601119995 3.091780558228493 0 21.88426093012094 37.4849808961153
2061.127462975681 1718.639497488737 131.275396168232 3432.098626986146 360.8472973629832 510.6054469421506 2554.129595771432 12.48095627874136 97.97514107823372 2735.185397967696 43.73645280301571 2606.573877200484 2332.908936031163 168.361074462533 8.037583202123642 9.687398441135883 0.1720637530088425 0.1084576845169067 0 0.3201175257563591 0 0.8022650629281998 0 0.1449813544750214 0.3004490584135056 0.09905677288770676 0.1029319316148758 0.1331715285778046 0 0.113605372607708 65.40181706100702 2.856745004653931 33.68637578189373 0 0.7049779891967773 1.380246564745903 41.23630037158728 2.644752621650696 12.43015866726637 3.399906232953072 0.4194498658180237 0.107487216591835 0.1313921362161636 2.63919535279274 0.08872294425964355 0.2862339615821838 22.78004583716393 4.040225245058537 0.5918856635689735 0.3972074836492538 0.6958832517266273 3.45621956884861 1.477376028895378 0.3443817794322968 5.309496648609638 20.72209336608648 68.47739645838737 42.90828878432512 17.42040177434683 15.9623032361269 1.067314326763153 1.870201893150806 0.1814021468162537 2.50158479064703 7.39701171964407 3.472034469246864 1.021632820367813 0.3024430572986603 0.127533808350563 0.4076986983418465 156.8432554677129 80.44011494517326 1.447137348353863 86.06075517833233 38.00853727757931 35.68389105051756 17.23536864668131 8.06905908882618 0.6535576581954956 2.205174542963505 2.617636784911156 3.205082602798939 22.82342822104692 1.348689280450344 3.682668104767799 5.656138032674789 2.744684964418411 2.432579666376114 2.347978875041008 6.177038408815861 1.472346253693104 1.522033855319023 0 0.295476995408535 1.350809134542942 408.4360791742802 120.2719716802239 4.052694737911224 34.20578225702047 480.7992755696177 0.2632572948932648 16.65901491045952 130.9602461457253 171.7958337217569 28.71205024421215 457.3330755159259 188.8985877335072 346.377789825201 385.2867781072855 242.4281494393945 24.43488411605358 331.473671220243 481.8110764995217 94.46142108738422 58.03145463764668 0.1650389581918716 0 0 0 0 0 0 0.1341011375188828 0 0 0.3422712981700897 0 12.35809606313705 0 1.128275036811829 0.2597085535526276 0 0.768787294626236 0 7.452299058437347 9.192352592945099 0 4.359620034694672 0 34.72002780437469 50.86813642084599 109.5988025218248 17.96477913856506 15.42196772992611 0 0 0 0 0 0 0 1.607268750667572 7.937240421772003 0 0 0.2017297446727753 0.3563014715909958 0 2.90404861420393 0.6435570865869522 1.075976938009262 5.856082506477833 1.823809608817101 0.123262882232666 1.05255663394928 18.39775137603283 22.34286406636238 0 1.557442903518677 4.7283855676651 0.1417843550443649 0 0 0 0 0 162.6267973929644 6.813874036073685 0 0.1795012354850769 0.1570867151021957 21.8115336149931 2.903838157653809 17.27218908071518 3.890321269631386 2.368622034788132 1.232292011380196 0.9771557450294495 0 0.2287006676197052 0.2961897850036621 0 0 0 0 0 0 78.31027691066265 32.65298978984356 76.62287723273039 733.2192934975028 11.13167631626129 163.2056922912598 24.62385381013155 1387.484198495746 12.85547206550837 2.15889947116375 20.23896404355764 37.50315244495869 0 51.78536631166935 11.01895637065172 178.4091269671917 5.874907851219177 0.7529729381203651 3.666045814752579 0.1506566852331161 0 1130.077963009477 486.5332597643137
173.1628940403461 512.5998840555549 1731.069372989237 66.23565962910652 1675.99269503355 0.9565557688474655 368.2703443542123 2471.440796241164 3198.129493147135 43.73645280301571 1309.420890465379 174.7623742967844 2706.606233589351 4026.316716589034 65.89084349572659 152.0087566971779 3.229571416974068 3.432903029024601 0 1.764402903616428 25.93440729379654 2.616731107234955 17.40266130119562 29.46795500069857 67.62359568476677 16.71117920428514 51.28654726594687 17.65924935787916 33.05546804517508 57.01741854101419 295.9792778715491 42.43501804769039 1971.517513036728 2.390506476163864 5.814199060201645 157.3284612223506 681.8570812195539 432.6035375446081 146.8388413861394 114.6272052899003 34.14789438247681 16.47731927037239 3.584124132990837 37.80054098367691 2.416011787950993 9.925068221986294 103.9057248607278 7.716077789664268 3.059264540672302 8.966220431029797 2.237811602652073 4.618205510079861 7.819284871220589 17.38514624536037 4.433081082999706 18.21973671764135 12.76559337973595 40.3076408430934 9.50126751512289 35.28204353153706 84.34165699034929 500.2506833150983 14.5341726616025 28.94623702764511 6.238230541348457 9.674624674022198 5.622069410979748 4.131531424820423 21.0861794501543 42.09446498006582 328.0256646573544 20.63780304789543 0.714762844145298 55.82028972357512 92.06229620426893 124.9207218661904 129.3925574943423 98.40510077774525 28.93383900821209 992.3165419399738 37.76693330705166 721.377731397748 33.13004183024168 0.7532372996211052 6.094538509845734 4.412299454212189 9.153180554509163 0.4293837696313858 1.894140116870403 0.3635114952921867 2.174557410180569 0.6972325295209885 9.498099274933338 6.824951693415642 5.946900770068169 9.940379947423935 20.62116056680679 0.1384263038635254 17.9185823649168 14.68223532289267 3.104673147201538 0.1131474897265434 2.739504158496857 1.547640562057495 3.073454082012177 10.74765118956566 0.3550181537866592 16.01019240915775 8.44411975890398 4.382804483175278 2.56709086894989 12.45690358430147 19.50654470175505 5.144796967506409 7.724513292312622 0 0 0 0 0 0 0 0.3711998909711838 0 0 2.176987141370773 0 1.657918520271778 0 0.134243056178093 2.174025565385818 0.8934173062443733 1.272298410534859 0.121871255338192 1.297499448060989 0.7625786960124969 0 2.010998860001564 0 5.771985217928886 4.150617159903049 13.84163337945938 3.333792671561241 3.827722378075123 0.4552203863859177 1.068372458219528 0 0 0 0.2978700995445251 0.4914796054363251 0.3235423862934113 0.9288818538188934 0 0 0.3351561576128006 1.132538437843323 6.68765040487051 0 0 0.1035338863730431 0.6330158114433289 0 0.2576034665107727 0.3263154327869415 1.456117674708366 1.683978945016861 0 0 0 0.1255849450826645 0 0.2771157398819923 0 0 0.7278386652469635 26.22940366715193 1.812879167497158 0.5724215507507324 0.137049674987793 0.8382948786020279 3.510289937257767 0.5178400874137878 0.4033370316028595 1.150643542408943 0.3628836274147034 0.1100991070270538 0 0 0.147553488612175 0.09675338864326477 0 0 0 0.5629433244466782 0 0 13.28645496070385 10.03677866607904 13.40735992789268 394.419964492321 33.02248784154654 360.6203095912933 85.96744529902935 41.47933501005173 24.85822287946939 2.107173673808575 35.27866631001234 3.316690050065517 0.753511905670166 3.940985597670078 0.5888439118862152 1.869761303067207 0 0.6683872267603874 0.3152267336845398 5.171346046030521 0.399485319852829 26.18980095535517 33.19770656526089
195.3389614596963 148.3159805312753 99.99554266035557 701.5904059931636 53.11193033307791 153.0033132135868 755.2073083743453 129.3608261346817 38.03521280735731 2606.573877200484 174.7623742967844 689.4594240635633 1637.209142938256 49.26989859342575 36.95945832878351 95.48213126510382 1.31590473651886 0.4553621113300323 0 0.5134784355759621 1.211786560714245 0.6873551160097122 1.33478270471096 1.634022273123264 8.023778453469276 1.650308407843113 9.675961941480637 4.633822448551655 10.0699665248394 12.73098634183407 42.1984821036458 5.111048474907875 76.93582414835691 1.038229450583458 0.7416684180498123 10.05006433278322 174.0720605105162 46.31046731770039 56.15266394615173 26.107376486063 5.056085109710693 2.240007527172565 0.6184120774269104 24.50594714283943 1.086989365518093 6.092699773609638 40.76964794099331 1.659557834267616 0.3642090708017349 1.450692988932133 0.2459136843681335 1.978949993848801 3.334878981113434 4.473549425601959 0.9350990355014801 2.826208062469959 5.072314739227295 8.28177972137928 2.057779639959335 8.018613234162331 30.18929848819971 32.16551588475704 6.043619744479656 3.946664310991764 1.924285396933556 2.399685740470886 0.3646311908960342 1.582621917128563 2.870893090963364 2.438841581344604 468.8763280883431 70.19983685016632 0 13.54051550477743 14.77827357500792 45.08697832375765 32.75747805833817 54.75020015239716 20.57140798866749 22.21550756692886 39.7268603220582 52.25499393045902 6.318785078823566 0.4412303566932678 1.11676923930645 1.62410319596529 1.673057146370411 0.3937606960535049 0.9797922670841217 0 0.8505854904651642 0.2732585743069649 0.5900216847658157 0.7255187928676605 1.534362331032753 877.658545345068 219.9768657535315 1.714276537299156 38.44347021728754 55.36286076903343 1.378335624933243 10.66192656755447 68.71145141124725 23.25422978401184 29.53316381573677 308.5101298168302 75.8798186480999 303.6364351585507 218.1242592781782 152.7508921176195 25.13614971935749 270.8862770050764 426.2467807605863 100.3881477713585 37.45355749130249 0.1588107794523239 0 0 0 0 0 0 0.1122032925486565 0 0.3659072816371918 0.8942475169897079 0 1.167137667536736 0 0.2206577360630035 0.2665096819400787 0.1132387220859528 0.3079099208116531 0 5.338587701320648 6.696501478552818 0 2.167663127183914 0 27.79634462296963 14.34736901521683 47.71862253546715 6.960857212543488 7.018168590962887 0 0.1552292108535767 0 0 0 0.3230764269828796 0 0.2722086310386658 3.197922974824905 0 0 0 0.3245975971221924 0.4625833183526993 2.124610096216202 1.542990893125534 0.4432065933942795 3.49552795290947 0.5452512502670288 1.039416193962097 0.7850777953863144 3.879547029733658 6.1285050958395 1.166215032339096 0 1.141164511442184 0.0972609668970108 0 0 0 0 0.1406451314687729 173.1405069231987 6.194831326603889 0 0.5263510048389435 0.4619651138782501 11.30512215197086 4.285114847123623 7.826488479971886 4.001661151647568 0.5040842741727829 0.8282448649406433 0 0.1291990131139755 0 0.1889201700687408 0 0 0.352384477853775 0 0 0 122.736893504858 53.51950535178185 50.08564517647028 319.814771540463 13.75104316323996 168.6718076169491 59.27720087766647 160.8517731428146 11.80939169973135 0.3559713736176491 14.46048227697611 16.16658940911293 0.998871922492981 29.45987110584974 6.768968969583511 77.49113993346691 0.412274032831192 0 0 2.736537829041481 0 748.7156560197473 368.4066536873579
