352.540983967483 2081.344279490411 216.7522057518363 2418.484862782061 88.07085249572992 47.39739473164082 289.9649394750595 6.290102571249008 53.61445114761591 1895.73924048245 86.96617463231087 105.9506906569004 152.4927527308464 53.54254652559757 1.764323398470879 0.817975290119648 0 0 0 0 0 0 1.008282646536827 1.045132800936699 0 0.1395314037799835 0.8795045465230942 0.1887300312519073 0 0.2922734320163727 479.0075680911541 1.304993361234665 8.1512151658535 0 0 0 2.88263475894928 0.1630811244249344 0.4549253508448601 0.2114660516381264 1.081300377845764 0.09345225244760513 0.1204999014735222 0.09711312502622604 0.2141181752085686 0.100968524813652 71.4389676451683 5.286874443292618 0.2503933906555176 0.6001372486352921 0.5655480772256851 1.23902915418148 0.2907823920249939 0.418544203042984 19.13744150102139 54.78803288191557 246.9821258112788 1067.435555160046 59.89010232686996 31.51635428518057 0 0.7295179888606071 0 34.79521549493074 33.33421716094017 25.21571746468544 13.04602102190256 6.283345483243465 1.161803901195526 0.3469051569700241 17.94194181263447 0.6785577088594437 0 175.9465761482716 48.68395445495844 15.02718757838011 0.7448191940784454 0.4479112401604652 0.5316773504018784 14.41295073926449 0.08766906708478928 0.3277588412165642 70.00562892854214 4.086952112615108 10.71671584993601 32.43247986584902 3.831483572721481 0.3712354078888893 3.619554243981838 0.2390148937702179 0.4310843944549561 0.2648197188973427 1.459582604467869 0.6531875878572464 0.5682723373174667 207.4654964655638 2.82254222035408 0.2770508900284767 0.2817815244197845 1145.33417865634 0 0.1061639040708542 0 0 0 2.456087127327919 0 0 36.67146938294172 0.3625070154666901 0.54228575527668 0 1.561814196407795 0.9250166118144989 0.2851129472255707 0 0.1852432489395142 0 0 0 0 0 0 0 0 0.1140561625361443 0 0 0 0.107198067009449 0 0 0.1251860409975052 0 0 0 0 0 0 0.5395558476448059 0 0.7761297523975372 0.5161488801240921 0.09077368676662445 0 0 0.1013253629207611 0 0 0 0 0 0 0 0 0 0 0 0 0 0 0.1029982790350914 0.144558772444725 0.1110873371362686 0 0 0.9668541550636292 0.1258258819580078 0 0 0 0 0 0 0 0 0.4754233732819557 0 0 0 0.1778775304555893 0.2602897956967354 0 0 0 0 0 0 0 0 0 0 0 0.1473502218723297 0.127099335193634 0 0 0.85078164935112 0 0.1716697067022324 78.0135455429554 8.985860668122768 452.905332505703 25.38380664587021 1716.164218142629 12.24388639628887 4.267941504716873 2.845767095685005 0.9275876730680466 0 0.1109831929206848 0 3.35401239991188 0 0 0.1097780391573906 0.7238554507493973 0 145.191163815558 1.367909997701645
2081.344279490411 4027.156522236764 951.1094489693642 826.1571228131652 1916.168954350054 19.62640214711428 1895.045532651246 31.47908344864845 2717.277811385691 640.7197823524475 423.3629054054618 138.2780733779073 1763.623168334365 1667.326838344336 18.15859907120466 8.043998166918755 0.5080692693591118 0.470900796353817 0.3651392161846161 0.1564876586198807 0.1838798820972443 0.880860298871994 2.19350591301918 3.078612849116325 0.7052930146455765 0 2.624740198254585 0 0.1242792531847954 3.445113658905029 3119.564705729485 10.5447950437665 78.26572338491678 0 1.322576150298119 0 46.89992897212505 2.570292569696903 2.277119308710098 2.614430256187916 1.895548433065414 1.875862896442413 0.9873603209853172 0.9201481267809868 0.3084142506122589 0.328729547560215 231.9368484467268 6.288743868470192 0.6891364753246307 1.534120008349419 2.930983662605286 0.9005608782172203 2.172583550214767 3.151832178235054 23.98726288229227 54.9900835826993 134.043009698391 870.0447319746017 70.93131766468287 74.81833831220865 0.8035986423492432 4.751083433628082 0.09784144163131714 233.2466265931726 41.35491574555635 35.34799781441689 18.58371620625257 9.707248032093048 2.147606395184994 0.5326057821512222 59.04277722537518 2.110167026519775 0 285.0059120878577 161.8608990386128 69.59217238426208 10.3128319606185 3.876488491892815 3.937585026025772 75.27023974061012 2.64698438346386 2.593318201601505 101.5800204053521 3.450924187898636 14.8338639959693 38.45011984556913 6.372768267989159 0.3618959859013557 5.007808044552803 0.4369319975376129 3.676482915878296 1.953771121799946 6.592248529195786 4.886322990059853 3.377174913883209 44.6592153981328 9.846936568617821 0.3946115970611572 3.153836943209171 810.3172959461808 0 0.8850545659661293 0 0.9820499420166016 0.2193449586629868 9.923505365848541 0 1.46326856315136 10.61896865069866 1.037908852100372 3.788186274468899 3.858807094395161 23.55614800006151 9.647544108331203 11.11176220327616 0.3088914602994919 0.8274283558130264 0 0 0 0 0 0.5506648868322372 0 0 1.221630044281483 0 0.1310364305973053 0.1707382649183273 0.1228985041379929 0.8378414362668991 1.817716136574745 0.3616380542516708 0 0.4449358582496643 0 0 0.368172749876976 0.5308443903923035 8.086146108806133 1.344247609376907 10.10210065543652 4.240641705691814 3.46554759144783 0.1766976863145828 0.09568493068218231 0 0 0 0.1432023644447327 0 0 0.1462937593460083 0 0 0 1.409929513931274 1.078432522714138 0 0 0 0 0.4247892498970032 0 0 0.1530788838863373 6.283651813864708 0.3407834321260452 0 0 0 0 0 0 0.3624532222747803 0.8429404348134995 8.150354579091072 0.1043971627950668 0.1709818691015244 0 0.5079072341322899 6.48634198307991 0 1.368848294019699 0 0.5222712159156799 0.680269181728363 0 0.1278028637170792 0 0 0 0 0 0 0.32310551404953 0.2533954530954361 11.50909714400768 3.916511610150337 7.484212279319763 786.2609385102987 19.39890836179256 1009.297345265746 91.4420285448432 516.4297246187925 23.30412346869707 5.077589102089405 20.34258773177862 31.57288385927677 0.6035146936774254 2.485932141542435 0.8488062918186188 19.59043720364571 0 0 0 7.763992853462696 0 130.9722823277116 32.15192642807961
216.7522057518363 951.1094489693642 802.2579149603844 46.54499268531799 1069.58445699513 1.626341253519058 138.4341531693935 438.2997413650155 3247.74034421891 9.74280834197998 1297.852394357324 27.09030382335186 317.8557554259896 1150.720661647618 9.237970478832722 6.59909925609827 0.4011701568961143 0.5387831851840019 0 0.8377490937709808 0.4860653132200241 2.010433942079544 6.907999396324158 9.544699668884277 0.8379060626029968 0 5.637370809912682 0.9236913621425629 0.4762242436408997 6.333429425954819 5736.773208357394 533.194074511528 135.5307777374983 0.2486880272626877 2.367203444242477 0 37.63562935590744 1.282897531986237 2.290085539221764 1.585176147520542 1.94217723608017 1.310189917683601 1.793656870722771 0.8386756777763367 0.4151225984096527 0 27.15285378694534 0.7969168201088905 0.1425302773714066 1.41292367875576 7.710315532982349 2.833676494657993 1.886171042919159 3.332610458135605 2.456075593829155 7.346267566084862 54.57229977101088 627.0797143206 18.86567378044128 9.277716957032681 0.6163755357265472 7.198919899761677 0 382.2601067349315 5.824926428496838 6.549028426408768 3.428850695490837 3.550252512097359 3.434280060231686 3.466312155127525 42.37663051486015 2.548156917095184 0.211063988506794 52.34320833534002 35.80579157918692 13.08668625354767 3.566656835377216 3.805236347019672 25.05475471168756 299.2434254214168 3.566278725862503 17.95847761631012 15.85854554921389 0.9252929240465164 2.152649201452732 5.099298506975174 1.928519897162914 0.3365803062915802 0.7911181896924973 0.3445609286427498 4.622696675360203 4.277787506580353 18.71018479764462 6.675647139549255 4.344462908804417 24.63350047171116 6.829032152891159 0.3151632100343704 2.033915638923645 136.1179237514734 0 0.1313851475715637 0 0 0.1143825948238373 1.187430456280708 0.7077547311782837 0.9453021287918091 1.295365989208221 0.8100762888789177 0.7199209704995155 1.998459987342358 12.20287398993969 4.063159264624119 6.393501110374928 0.1028827726840973 0.6691497564315796 0 0 0 0 0 0.3599494695663452 0 0 1.259582728147507 0 0 0 0.1970969289541245 0.7316292971372604 0.2105300277471542 0.9490211084485054 0.2342341691255569 0.4806977808475494 0.1682227998971939 0 1.399945542216301 0 5.284451112151146 0.7089539989829063 5.082383967936039 1.403341546654701 0.8215649425983429 0.2706501856446266 0.1531107425689697 0.2532742619514465 0 0 0.5144339799880981 0 0 0 0 0 0.2244296073913574 1.317839801311493 1.624773673713207 0 0.1258090287446976 0 0 0.108862116932869 0.2539288848638535 0 0 4.721149824559689 0.09545401483774185 0 0 0 0 0 0.1090849936008453 0.2990981042385101 0.3039297461509705 6.918897166848183 0.3918231129646301 0.1879623830318451 0 0.5746334344148636 2.291404739022255 0 1.290926873683929 0 0.3481302484869957 0.8517507761716843 0.3979779183864594 0 0.2227356880903244 0 0 0.4071498215198517 0 0.5625504851341248 0.3000229597091675 0 6.088615007698536 2.409297838807106 4.902503088116646 123.3434164151549 4.326405607163906 108.9978866651654 10.11651206761599 70.57842106372118 1.774597756564617 1.28359280526638 5.022492960095406 8.598084092140198 0.3772958517074585 1.15948012471199 0.8813483566045761 3.811242684721947 0 0 0.6469472944736481 2.128237158060074 0 32.9729366376996 13.28992012888193
2418.484862782061 826.1571228131652 46.54499268531799 582.743928834796 36.15062602609396 227.3250388130546 869.3201373964548 1.446628727018833 45.21099027991295 4070.209921866655 8.378306895494461 855.7458870708942 1274.709079921246 144.6722643226385 0.5901590287685394 0.1997512951493263 0 0 0 0 0 0 0 0 0 0.1669145673513412 0 0 0 0 35.19101783633232 0.5560625493526459 1.506194323301315 0 0 0 3.168195895850658 0.2948329895734787 0.1776619106531143 0.1145359128713608 0 0 0.1071259900927544 0 0 0 59.20660044252872 1.466109797358513 0 0.4771511927247047 0 0.3408841490745544 0 0 8.282763123512268 20.0111034438014 88.26796146482229 211.9683587178588 19.15258332341909 16.27245136350393 0.1011734083294868 0.1297383159399033 0.164825826883316 28.74813672155142 16.18862047046423 12.64532642811537 4.489826209843159 2.816882558166981 0.2810234799981117 0 7.19054326415062 1.450275540351868 0 72.84126301854849 21.48367308080196 10.97008588910103 0.2787497639656067 0 0.1190998926758766 0.7142886519432068 0.154451921582222 0.8543906360864639 28.89217550307512 1.08106555044651 2.502853617072105 14.26237528771162 1.611545652151108 0.2041288316249847 1.673967376351357 0.1362967491149902 0.2260647639632225 0.3888656198978424 0.2547792941331863 0 0 128.5512061715126 8.020813837647438 0.9045853614807129 0.1448678225278854 796.9106775224209 3.754161678254604 6.505445070564747 28.02575520426035 6.01254827529192 0 5.488548070192337 1.797980964183807 0 53.19027864933014 6.607562407851219 0.1632077395915985 0 4.919373601675034 2.688017413020134 1.811687529087067 0 0.1498482078313828 0 0 0 0 0 0 0 0 0 0 0 0 0 0 0 0 0 2.025368571281433 0 0 0 0 0.3440713286399841 0 0 1.173744320869446 0.3999855816364288 0 0 0 0 0 0 0 0.236079603433609 0.373597040772438 0.3023984208703041 0 0 0 0 0.1102428883314133 0.2319577559828758 0 1.849233768880367 1.522567808628082 0.2242790460586548 0 0 0.5984397381544113 0.6167120933532715 0.2161539420485497 0.7138896808028221 0 0.1602427512407303 0 0 0 0 0.2571935802698135 0 0 0 0 0.6419872045516968 0 0 1.496505409479141 3.547119557857513 0 0 0 0.1825830563902855 0 0 0 0 0 0 0 0.9001132249832153 0 0.9893426299095154 212.5412187427282 5.039789929986 307.8079100251198 16.11003998667002 1175.641093045473 4.97404371201992 1.774500347673893 2.055740252137184 8.166744738817215 0 7.149064667522907 0.647120289504528 11.25175451487303 0.1255985200405121 0 0.1348766535520554 0 0 114.7233938425779 6.223185665905476
88.07085249572992 1916.168954350054 1069.58445699513 36.15062602609396 3265.064610026777 2.134497687220573 2290.563189961016 188.2402182966471 4741.630457907915 84.823600679636 438.1635079011321 21.15800938010216 1251.263592734933 1313.365303598344 9.855394922196865 2.079217247664928 0 0 0 0 0 0.3644434809684753 0 0.7302431017160416 0.3502513468265533 0 0.1927633881568909 0 0.1453591734170914 0.1686997264623642 290.5115707144141 5.043819911777973 21.58413515985012 0 0.1589803844690323 0 8.804504364728928 0 1.582106307148933 0.432002454996109 0.1641529202461243 0 0 0.2108174264431 0.08819988369941711 0 63.32224392145872 2.078128695487976 0.2392086833715439 0.3012183308601379 0.7547419518232346 0.3075602948665619 0 0.317533403635025 3.566161543130875 9.676576599478722 25.03674873709679 119.3426472246647 6.731743924319744 16.8782102316618 0.2014555633068085 3.184579625725746 0 70.45371613651514 6.568793796002865 5.901456169784069 3.164900384843349 1.595542088150978 0.386149674654007 0.1902818828821182 18.11214073002338 0.1642064601182938 0.1385689228773117 53.95774062722921 38.62927076220512 25.96430033445358 5.501473218202591 3.220911905169487 4.003683626651764 7.06681102514267 0.1204757615923882 0.3348469585180283 17.71127394586802 0.6653841212391853 3.290633641183376 5.926731787621975 1.127422071993351 0 0.8177026212215424 0.1409828513860703 0.2259569019079208 0.3664060682058334 0.9013780653476715 0.285273902118206 0.5971090570092201 20.15002807974815 3.214134752750397 0.2375503927469254 2.947943225502968 17.28246662765741 0.4015680253505707 0.7567737698554993 0 0.09488208591938019 1.19448122382164 8.246152862906456 0 0.591708168387413 2.554895341396332 1.502416960895061 3.430239476263523 2.039260484278202 12.86140156537294 8.286287233233452 5.749031841754913 0.163067564368248 0.4075851142406464 0 0 0 0 0 0.3150039836764336 0 0 0.1366930603981018 0 0.424761176109314 0.5769944787025452 0 0 0 0.1219083294272423 0 0.426886186003685 0 0.2610392570495605 0 1.224849224090576 2.379436478018761 0.6763959527015686 5.902952522039413 3.458792001008987 1.061314061284065 0 0 0 0 0 0 0 0 0.2949008345603943 0 0 0 1.583661764860153 0.1175106838345528 0.1471337676048279 0 0 0 0.2047743797302246 0 0 0 6.303142577409744 0.6116046607494354 0 0 0 0 0 0 0 0 6.705935195088387 0 0 0 0 1.31384439766407 0.1250418871641159 1.454023852944374 0 0.525811031460762 0.850602962076664 0.4961460009217262 0.3217401206493378 0.3112362623214722 0 0 0 0 0 0 0 4.409998074173927 1.666642293334007 2.387470081448555 324.2547875791788 5.81631613522768 213.1269699558616 26.99635038524866 55.69690890610218 5.266235046088696 0.8579343035817146 14.81235717982054 19.44849866628647 0 3.456354826688766 1.580147087574005 22.58979540318251 0.2295731008052826 0 0 3.939360812306404 0 40.0800719037652 18.79477801173925
47.39739473164082 19.62640214711428 1.626341253519058 227.3250388130546 2.134497687220573 6.041435122489929 24.92393409460783 0.9496295899152756 4.74460856616497 777.9007483124733 3.998171016573906 79.08039023727179 57.01941202580929 15.62873575091362 0 0 0.1301406770944595 0 0 0 0 1.389841184020042 0 0 0 0 0 0 0 0 1.284408211708069 0.4552909433841705 10.00489857792854 0 0 0.6422899663448334 21.01698440313339 6.834321431815624 11.09497958421707 4.799668475985527 0 0 0 0 0 0 0.1454550623893738 0 0 0 0 12.13774543255568 1.963078007102013 0.174491822719574 0 0.2015799731016159 230.1487177237868 33.55727561563253 4.384957991540432 0.209020271897316 0.6839973926544189 3.401857458055019 0 0.3675635159015656 0 0 0 0.1301219016313553 0 0 53.73689545691013 122.0296432077885 7.372421376407146 1.117382049560547 0.3674832284450531 0.1433647722005844 0 0 0 0.9143155664205551 0 0.8460864126682281 0.3479137346148491 0.538076713681221 0 0.5234958976507187 0.1210200414061546 2.755001731216908 3.008179500699043 16.52064628154039 1.20060795545578 5.544029712677002 0 0 0.5711336210370064 261.8068952411413 141.2772251069546 27.2115111798048 19.35887718200684 391.0096467733383 0 0 0 0 0.281641811132431 0.3624002635478973 0 0 1.720495149493217 0 0 0 0.1956067383289337 0 0 0 0 0 0 0 0 0 0.1513293534517288 0 0 0 0 0 0 0 0 0 0 0.1211888492107391 0 0 0 0 0 0.1270634531974792 0 0 0.1636514812707901 0.263694554567337 0 0 0 0 0 0 0 0 0 0 0 0 0 0.1266952455043793 0 0 0 0 0 0 0 0 0 0 0 0 0 0 0 0 0 0 0.104541189968586 0.1403788328170776 0 0 0 0 0 0 0 0 0 0 0 0 0 0 0 0.08990451693534851 0 0.1531682014465332 0 0.1312469094991684 0 0.1356008648872375 5.975999154150486 0 2.394763886928558 0.3481907248497009 573.8287109732628 0.661827951669693 0.1450244784355164 0.1581492125988007 0.1747391223907471 0 0 0.1665806472301483 0.8596999645233154 0 0 0 0 0 50.79615112394094 0.7487272471189499
289.9649394750595 1895.045532651246 138.4341531693935 869.3201373964548 2290.563189961016 24.92393409460783 1169.604666620493 15.15382339060307 2539.551288828254 1090.180861353874 97.09662966430187 148.4612215161324 2895.482674658298 1096.021849691868 15.63504955172539 3.226950399577618 0 0.2250347584486008 0 0 0 0.4819720983505249 0.5615748167037964 0 0 0 0 0 0 0 97.38016026467085 2.612583100795746 22.51318164914846 0 0.2016681134700775 0 22.54236575216055 1.637588232755661 2.111294366419315 0.1430160105228424 0 0.341174378991127 0.1028097346425056 0.6902733668684959 0.1092167645692825 0.118316151201725 122.3110646978021 1.809256471693516 0.4720698446035385 0.2036441937088966 0.1614433974027634 0.5904393270611763 0.3696899116039276 0.2530058845877647 9.877941116690636 17.07898932695389 39.47000897675753 159.8017861545086 19.54138656705618 35.30829101800919 0.5368468686938286 4.640673652291298 0 95.37161871790886 13.62935831397772 11.27593436837196 6.52482608705759 4.021733179688454 0.976659968495369 0.1198904886841774 61.51154456287622 2.344435587525368 0.1317842900753021 97.04575558751822 55.57337667793036 48.99277368187904 8.759145498275757 2.254351049661636 1.022798307240009 3.11693050712347 0.6462491974234581 2.009432159364223 31.45577081292868 1.438539057970047 7.063931167125702 11.66836223751307 2.275741137564182 0.2185815945267677 1.186916708946228 0.1398549526929855 0.7033368125557899 0.3492899388074875 0.7618867009878159 0.1410481035709381 0.1798401772975922 139.9106276631355 10.28064723312855 0.2546138763427734 3.14401288330555 28.91389536112547 11.78767408430576 15.61129002273083 86.862633228302 28.09293767809868 2.965975344181061 51.69335429370403 6.819838456809521 15.53556652367115 33.32037150114775 22.75043693929911 10.04087607562542 13.71279647946358 77.87726283073425 32.57873699814081 26.34701612591743 0.1507039964199066 1.045958764851093 0 0 0 0 0 0 0 0 0 0 0.1217953637242317 0 0 0.1500452756881714 0.4222561717033386 0 1.620909482240677 8.350910902023315 0.833065889775753 0 1.323836088180542 0 13.78138342499733 0.6985229104757309 17.77153535187244 8.265717551112175 3.489526018500328 0 0 0 0.09357675909996033 0.3354500830173492 0.6388678550720215 0 0.7156622782349586 1.706077672541142 0.1955271884799004 0 0.5924453288316727 3.519985780119896 0.4877113699913025 1.077593423426151 1.499704405665398 0.5518287867307663 8.28740806132555 8.452477112412453 2.360841408371925 0.4185577034950256 0.6114322990179062 19.20632719248533 7.536258138716221 1.366138450801373 2.346435680985451 0.1895663812756538 0.1731036156415939 0 0.1078728809952736 0 0 25.5564548894763 0.2543036937713623 0.1120981499552727 0.5721632242202759 0.1358714699745178 14.24256344884634 0.5365446209907532 6.836463168263435 4.614402487874031 8.806628003716469 1.243587471544743 0.6059575974941254 0.7207937687635422 0.4183774292469025 0.2012601420283318 0 0.1459217667579651 0.400360606610775 0.1139513999223709 0.2335985898971558 0 21.94741681963205 7.851027056574821 17.98026943951845 848.8554474562407 12.91914954781532 464.1608017832041 57.04842421412468 341.5784626454115 13.40994492918253 3.022984527051449 19.21447061747313 83.60203672945499 0.5756202787160873 42.11919809132814 8.899013504385948 94.63209339231253 2.898050665855408 1.589256405830383 0.6693566888570786 5.976077318191528 0.2215015292167664 163.4512962922454 110.1173508688807
6.290102571249008 31.47908344864845 438.2997413650155 1.446628727018833 188.2402182966471 0.9496295899152756 15.15382339060307 793.0287958160043 291.0938249006867 4.943163335323334 1708.659552924335 14.04392564296722 227.5048314630985 1232.038682281971 46.93105791509151 30.20686461031437 0.7614309191703796 1.464737311005592 0.164647176861763 9.245257124304771 16.11338584125042 3.965876042842865 63.73707091808319 52.2797054797411 5.783506840467453 0 26.65409068763256 0.1614038795232773 0.4730919897556305 21.26239477097988 1776.707470707595 1666.711033545434 224.52294459939 12.38582317531109 17.26706644892693 0.5457759499549866 55.43585909903049 8.104799263179302 6.144360490143299 8.757647469639778 14.05383037030697 15.36188554763794 27.97319735586643 3.97941992431879 2.054303355515003 1.628803327679634 207.0857905521989 4.409000888466835 1.461449287831783 11.58924613147974 43.19592227041721 3.794422566890717 3.940317369997501 9.486388511955738 8.833555839955807 16.81503211706877 72.08729580044746 613.7733292877674 25.38770546019077 43.85468373447657 41.09403253346682 77.15269380807877 2.207236796617508 1407.468904390931 16.4980259090662 25.21775428205729 9.035115256905556 33.80976615846157 114.6226513832808 83.24662122875452 66.76659271121025 18.99658388644457 0 128.552490323782 162.5966602638364 85.28585889935493 61.65345944464207 150.1854228451848 2417.409671425819 949.9558501020074 144.9490669369698 703.1583873033524 33.66130339354277 1.102250888943672 9.907911546528339 11.91837126016617 16.69783736765385 0 1.719496503472328 0.6593748331069946 9.916175551712513 12.25724335759878 229.2840126976371 34.1526628062129 12.01686581224203 77.29064811766148 14.2086763381958 0.3504044115543365 9.875065505504608 7.847635641694069 0.09555936604738235 0.5282482877373695 0.2795447707176208 0 0.9960396736860275 4.06527017056942 0 1.633727982640266 3.160374194383621 0.8233799934387207 7.682561129331589 9.755556017160416 19.63889157027006 19.22771692276001 19.49678409099579 0.2708078622817993 0.7928822562098503 0 0 0 0 0 0.834982305765152 0 0 2.942136742174625 0 0.2634568959474564 0.1404214203357697 0.7592876553535461 1.257833421230316 1.48970727622509 2.891694933176041 0.6374329179525375 2.975781373679638 0.6187285780906677 0 2.586867675185204 1.193031251430511 8.053717777132988 1.923411667346954 15.8895880356431 8.235074616968632 6.901233904063702 0.2685530483722687 0.102637842297554 0.3846640288829803 0 0.809388130903244 0 0 1.281106933951378 1.450014710426331 0.4519607424736023 0.4283444583415985 1.086842492222786 3.957634784281254 2.920906357467175 0 0.3812096118927002 0 0 0.8115781247615814 0.1647113263607025 0.333679735660553 2.037038818001747 10.18783045560122 1.074566096067429 0 0.2306843101978302 0 0 0.5010406970977783 0.6517520397901535 2.898689016699791 1.141599103808403 14.41323205083609 1.969216912984848 0.7486845552921295 0.3423137962818146 3.864515103399754 10.13457030057907 0 3.667211517691612 0.8199614286422729 0.2996222525835037 2.76778905838728 0.6586499810218811 1.436032667756081 0.5862609222531319 0 0 0.4967616647481918 0.2408538311719894 5.658603101968765 4.036813408136368 0.2475762143731117 13.11031404137611 7.00915464758873 17.37075661122799 952.0223918259144 19.25989950448275 524.0965820103884 86.80369447916746 74.95838137716055 8.338591001927853 2.370523415505886 36.0511307194829 35.10312369465828 5.032850489020348 11.94005361944437 4.347055047750473 17.27104970067739 1.077767699956894 0 1.569077596068382 13.56955642998219 0.9859426617622375 91.4015422090888 39.9095042347908
53.61445114761591 2717.277811385691 3247.74034421891 45.21099027991295 4741.630457907915 4.74460856616497 2539.551288828254 291.0938249006867 1738.329741567373 265.6005092859268 1783.851602867246 22.44735465943813 2789.614840015769 1797.046999670565 10.07558941841125 4.453541807830334 0 0 0.1145244538784027 0 0 0.8766767382621765 0.8566642552614212 0.4120655953884125 0.190859779715538 0 0.8154033869504929 0.1499690413475037 0 0.6737980470061302 148.9698692932725 4.229721464216709 113.1610247269273 0.1833722740411758 0.1960508823394775 0.3872805237770081 20.64418183267117 0.6308112293481827 2.631386950612068 1.63640159368515 1.080805480480194 0.2870103120803833 0.4925417974591255 0.4206680655479431 0 0 45.55048669874668 1.280968956649303 0.1592500954866409 0.2179040536284447 0.8029722422361374 0.1160073578357697 0.2796610593795776 0.6174845099449158 2.498340077698231 5.499308757483959 13.06795773655176 73.91975263506174 7.47356353700161 13.21287439018488 0.7363583371043205 3.009890668094158 0 49.31946516036987 4.976670473814011 4.204821072518826 2.089783400297165 1.403452470898628 0.6557565629482269 0.5651572346687317 39.13795731961727 1.124759040772915 0 39.7288171723485 27.20635281503201 29.70669750124216 5.642827540636063 1.903961762785912 1.748440869152546 34.33925052732229 0.7889859601855278 5.821326844394207 10.8731914460659 0.3419940546154976 1.750043228268623 4.234186351299286 0.4365055188536644 0.1437905728816986 1.122731149196625 0.1246311813592911 1.287348687648773 0.2705313563346863 1.91979119181633 1.149359092116356 1.537796229124069 45.05924188345671 6.813634544610977 0.2187172174453735 3.242456778883934 13.94090908020735 0.09925004094839096 0.3154666274785995 0.3635823428630829 0.7154809460043907 1.519323363900185 9.129321962594986 0 0.8478014469146729 4.59419310092926 2.172005981206894 1.632537253201008 3.174942970275879 22.72661678493023 11.1239397674799 9.634953439235687 0.3886285126209259 0.1476549208164215 0 0 0 0 0 0 0 0 0 0 0.9542875587940216 0 0.7203939780592918 0 0.7850969731807709 0.2248828783631325 0 1.154076538980007 0 0.5969093441963196 0.4040156900882721 0.1201483681797981 4.030259825289249 0.4260479807853699 5.632777214050293 2.071047283709049 2.93494825065136 0 0 0 0 1.472263991832733 0.395988792181015 0 0.2727894484996796 1.475028470158577 0 0 0 1.744837790727615 0 0 0 0 0 0 0.131695345044136 0.421190470457077 0.3361912965774536 7.163114093244076 0.1485049426555634 0 0 0 0 0 0.1510193198919296 0 0 8.409230023622513 0.1380860358476639 0 0 0 6.963984079658985 0.142583504319191 3.737859323620796 0 0.5681845620274544 0.4556519389152527 0.3853522092103958 0 0 0 0 0 0 0.1365977376699448 0 0.1277720481157303 10.37713057547808 3.485944762825966 7.655652038753033 271.4583785310388 5.026964403688908 145.7439405843616 23.33861819654703 49.07303982973099 1.324088424444199 1.334513232111931 8.767574928700924 24.66780056804419 0 2.996205009520054 0.1403958201408386 25.62419682741165 0.4681937992572784 0 0 3.502843707799911 0.2860023975372314 47.99768163263798 30.94238678365946
1895.73924048245 640.7197823524475 9.74280834197998 4070.209921866655 84.823600679636 777.9007483124733 1090.180861353874 4.943163335323334 265.6005092859268 2757.388774134219 11.06567212194204 3383.28074708581 4939.126549825072 496.1417363882065 1.37628036737442 0.5499463528394699 0.107455775141716 0.2019927576184273 0 0 0 1.697371184825897 0 0 0 0 0 0 0 0 19.779057957232 0.710918590426445 54.5308473110199 0 0 0.5394240021705627 198.8520442396402 3.488273769617081 5.565812312066555 1.280711710453033 0.1129613369703293 0 0 0 0.1188607886433601 0 53.35865164548159 1.493153035640717 0.1127950698137283 0.3026230186223984 0.234663799405098 3.560267865657806 0.6881509721279144 0.6351970136165619 4.792532600462437 14.9215474203229 147.0420112386346 158.914473965764 17.09775222837925 14.15120676904917 0.187198743224144 1.615199215710163 0 21.99920685589314 10.11256775259972 10.98800411820412 6.293000280857086 3.022240146994591 1.321143329143524 0 558.1021739691496 40.00128387659788 2.815409503877163 57.53679852932692 22.89911323785782 9.228039607405663 0.7425823286175728 0.5897264927625656 0 1.876411497592926 0 0.3151672184467316 25.80192214995623 1.378555864095688 2.422079242765903 11.52273117005825 1.219811163842678 0.2697821259498596 2.219460763037205 2.599585995078087 1.370957031846046 3.095089979469776 0 0.1566404551267624 0.620626226067543 353.0204066038132 105.2771855443716 10.30032885074615 12.94626775383949 1027.217162676156 3.351868033409119 8.712356701493263 38.97723253816366 11.70241962373257 0.443809911608696 37.58024894446135 2.441258125007153 3.330484583973885 40.46821128576994 4.460755370557308 4.831568188965321 44.06178152561188 58.09649062901735 62.42218717187643 14.63702049106359 0.3603870719671249 0.4403159916400909 0 0 0 0 0 0 0 0 0 0 1.191492184996605 0 0.7289479374885559 0 0.4721564501523972 0.5133489444851875 0.5411973297595978 0.9446974918246269 0.8327368497848511 0 0.421258419752121 0 5.716829791665077 0 8.179612502455711 1.219730317592621 0.9340385794639587 0 0 0 0 0.3370627388358116 0 0 0.1828317865729332 0.4901678264141083 0.09747952222824097 0 0 1.893219232559204 0.2638579607009888 0.2389384582638741 0.6757382676005363 0.1227328479290009 1.579011909663677 1.566906504333019 0.7723966687917709 0 0.2189141064882278 11.28782943636179 0.8162065893411636 0.4925524815917015 0.1988994032144547 0 0.09091068804264069 0 0 0 0 15.70597550272942 0.4346873462200165 0 0 0 8.167902991175652 0 2.753586173057556 1.034560292959213 1.173827432096004 1.532016389071941 0.2936737686395645 0 0.1264745593070984 0 0 0.1336325258016586 0 0.1140223741531372 0 0 15.59896541386843 1.114852719008923 7.078195095062256 803.2033087164164 5.333898991346359 288.0138686001301 15.58741033822298 1663.643057100475 4.30231324583292 2.095788702368736 5.389447338879108 76.88693235814571 0.1489873230457306 10.27494189888239 0.4545672237873077 112.8474146053195 0.5336101055145264 0.3981663286685944 0.307481974363327 3.564174965023994 1.227573394775391 408.3451882451773 118.7414503321052
86.96617463231087 423.3629054054618 1297.852394357324 8.378306895494461 438.1635079011321 3.998171016573906 97.09662966430187 1708.659552924335 1783.851602867246 11.06567212194204 2013.993531264365 46.89317005872726 992.4528017640114 3379.22382042557 34.56086634099483 30.70998596400023 4.881970845162868 4.945128411054611 1.167664118111134 3.634400486946106 1.500232234597206 21.35323192179203 22.66638280451298 23.85821960866451 18.14405479282141 1.00751319527626 38.82982613146305 4.664464682340622 1.421664297580719 32.82889457046986 917.2025784701109 36.95902092754841 1383.668134965003 1.359187051653862 8.875813156366348 0.9358470737934113 412.0938931182027 53.14896444231272 42.01590818911791 36.97293730825186 17.4629939943552 17.56452609598637 5.615193523466587 4.807873651385307 5.369023963809013 2.252965949475765 69.48584274947643 1.539392426609993 2.461600989103317 14.60391360521317 22.95184112340212 20.081419095397 29.27960573881865 42.91265600919724 3.528985016047955 7.842628367245197 24.66492241621017 188.0112402588129 11.33285414427519 11.50803096592426 1.828251384198666 199.2383268922567 0.5835323929786682 94.01987628638744 5.142276920378208 7.257693029940128 4.400741651654243 11.00926784425974 13.46924980729818 7.042256459593773 241.0991914644837 20.59020283818245 1.233628019690514 49.63717910647392 37.79625672101974 36.73541689664125 15.02621302008629 14.73996590822935 34.85456085205078 477.3990488797426 16.83697753399611 353.7481587976217 13.73438069224358 0.295016773045063 2.812734171748161 4.587177477777004 4.270827181637287 0.3381268605589867 2.27118406444788 1.837378904223442 25.3587893024087 28.12136696279049 47.25228579342365 42.37289384007454 43.97855055332184 97.74154302477837 14.57744556665421 3.48529551923275 25.68188784271479 40.70531979948282 0.3454029932618141 0.4084218665957451 0.2609745860099792 0.4870161637663841 0.3879365921020508 1.326962560415268 0 0.80635766685009 4.263946138322353 1.256307303905487 3.917271628975868 5.294676505029202 30.51759493350983 12.04892947524786 17.57317443192005 2.807631142437458 1.617686837911606 0 0.1203426122665405 0.09116793423891068 0 0 2.245821438729763 0.126309722661972 0.5054568946361542 9.99064964056015 0 2.184831239283085 0.9295594021677971 3.090278349816799 4.072022989392281 6.521751783788204 9.672999210655689 3.93188089877367 1.392996162176132 0.910594642162323 0.08810114115476608 2.151092752814293 0.8202045410871506 7.799604155123234 1.232975840568542 12.10580608248711 6.678159587085247 7.42078322917223 2.585415735840797 0.252292774617672 0.3009434044361115 0 0.4905193597078323 0.8963576778769493 0.2592139840126038 0 0.7277917414903641 0 0.2494898289442062 1.748562626540661 10.71083609759808 9.702531591057777 0.1076762676239014 0 0 0.9642255902290344 0.1141704916954041 0.6679583862423897 0.5562129020690918 2.129882857203484 9.657249368727207 2.108259469270706 0 0.1345213055610657 0 0.238029271364212 0.5064022913575172 0.1548744440078735 0.5788209140300751 2.485799044370651 16.79810420423746 2.477302923798561 0.8675927966833115 0 4.275126725435257 9.67209816724062 0.3980927318334579 4.350349836051464 0 0.4798694625496864 2.071159236133099 1.101541996002197 0.9492648765444756 0 0.1187360733747482 0.3217867314815521 0.1245276182889938 0.1437106281518936 1.429334312677383 2.348050214350224 0.7542681694030762 10.87446317821741 8.321743346750736 17.58875673264265 396.3407419919968 15.09440896660089 214.2094167023897 53.66721049696207 49.30597142130136 3.413116067647934 1.303086310625076 18.4113253057003 29.55908247083426 1.086617723107338 5.951661430299282 2.149613350629807 17.66301530599594 0.2867653518915176 0 0.1092041581869125 5.969926849007607 0 76.13321030139923 35.39295963943005
105.9506906569004 138.2780733779073 27.09030382335186 855.7458870708942 21.15800938010216 79.08039023727179 148.4612215161324 14.04392564296722 22.44735465943813 3383.28074708581 46.89317005872726 241.042221724987 2348.255559667945 98.58101987093687 4.708410240709782 2.093751773238182 0.3410596251487732 0.2992634028196335 0.4063187837600708 0.1343941390514374 0 1.510502934455872 1.021086320281029 0.2315355986356735 0.1774508357048035 0 0.3446069955825806 0 0 1.104633882641792 3.454997822642326 1.099057070910931 45.20979052782059 0 0.7107829749584198 0 188.2763365954161 1.237148873507977 2.88262203335762 1.070788890123367 0.1809852123260498 0 0.3964308723807335 0.3895122706890106 0.2901008129119873 0.2455310449004173 7.450773023068905 0 0 0.7730191349983215 0.5292978212237358 2.314948439598083 3.21631270647049 4.262817494571209 0 0.3314263597130775 5.629145190119743 4.411740906536579 0.729687936604023 1.290583267807961 0 1.646046221256256 0 6.703853257000446 0.7189951092004776 0.1131029799580574 0.1071741878986359 0.1598431020975113 0.7195150777697563 0.3304470926523209 144.8722272366285 5.086445406079292 0.2953867763280869 3.823878429830074 3.254083022475243 4.582201451063156 2.367959633469582 1.229706130921841 0.9807785078883171 1.536208167672157 0 0.3311719819903374 0.7079346552491188 0.1066642627120018 0.2374209091067314 0.5245582088828087 0.2448726966977119 0 0 0.7831341028213501 2.608263403177261 2.073378406465054 1.863917045295238 2.449211873114109 3.93276996165514 681.8214091658592 26.60882836580276 1.143308714032173 6.398269906640053 18.33159959316254 0.104222446680069 2.279932722449303 0.3474879264831543 0.3522215411067009 0.9501773416996002 5.308799400925636 0.4664249196648598 2.942689374089241 10.43821793049574 2.722660578787327 6.602143213152885 11.36853892356157 39.79874128848314 23.09722536057234 17.45687235891819 0.1737942546606064 0.5978979617357254 0 0 0 0 0 0.1494912207126617 0 0 1.46543150395155 0 0 0 0.1146189942955971 0.3765856549143791 1.28629494458437 1.182506367564201 0.414056159555912 1.240107730031013 0.5098270028829575 0 0 0.4543864652514458 11.14148442447186 1.270867630839348 14.26830617338419 2.452072873711586 1.681841395795345 0 0 0 0.4229573607444763 0 0 0 0.1042088195681572 1.671456024050713 0 0 0 1.535198368132114 1.090334713459015 0 0 0 0.4411162063479424 0.3436460494995117 1.337676256895065 0 0.7870544195175171 14.8152684494853 0.3633698374032974 0 0.1254497319459915 0 0 0 0 0 0 19.22543182969093 0.7034259438514709 1.226594522595406 0 0.3681092709302902 10.27242739498615 0.3563328981399536 3.407590866088867 1.126441597938538 1.432492345571518 1.573986776173115 0.1927291005849838 0.6081549972295761 0 0 0.3364853411912918 0 0 0 0.1429481655359268 0 13.23536965996027 4.985608838498592 10.3834126740694 258.2199032977223 2.161118574440479 28.57095053792 6.342625990509987 226.0138412937522 0.7378366589546204 2.834951281547546 5.558695718646049 52.84015420824289 0.5838741809129715 8.447949215769768 3.947771660983562 70.50969211012125 0.9497871100902557 0 1.329414904117584 2.095049753785133 0 197.8811128139496 97.05012961477041
152.4927527308464 1763.623168334365 317.8557554259896 1274.709079921246 1251.263592734933 57.01941202580929 2895.482674658298 227.5048314630985 2789.614840015769 4939.126549825072 992.4528017640114 2348.255559667945 3068.816122278571 3847.192440144718 40.24499998241663 23.6532644405961 1.041042007505894 0.8208063617348671 0.7363021075725555 1.171621300280094 0.998736634850502 7.942151308059692 4.039492383599281 5.290980070829391 2.351403929293156 0 6.709471732378006 2.436615884304047 0.138204038143158 5.202423349022865 59.54267846047878 7.663434140384197 495.65899207443 0.3866222575306892 1.558814078569412 0.2222721874713898 609.5612100660801 14.03119998425245 23.88692790269852 13.34705413877964 2.554591685533524 4.112970322370529 1.489001221954823 3.755511283874512 1.489020712673664 0 97.10411792993546 1.591066725552082 0.9571175873279572 3.5369513630867 7.860230751335621 10.27299135178328 15.41196455806494 14.0411174967885 1.695129312574863 5.424803577363491 20.67612183094025 57.9895733371377 7.103852771222591 17.89387185126543 0.4392880499362946 14.30566572397947 0.2533028125762939 84.55512116104364 6.206016972661018 4.185796655714512 2.099791698157787 4.379737786948681 5.200141370296478 2.730437733232975 679.7107339650393 17.79702667891979 0.5623988211154938 58.25904584676027 43.1310209184885 58.3413981795311 22.93500684946775 15.04311214387417 8.699224725365639 30.52454211562872 1.742589317262173 3.121207304298878 11.99466451257467 0.09533713012933731 2.811438255012035 3.351610235869884 2.425616443157196 0.3467774912714958 0.8345707133412361 1.378866657614708 7.034617230296135 10.78628803044558 20.93549957871437 13.25251381844282 18.82043377310038 1748.500409595668 50.98763603717089 3.736585110425949 21.49157364666462 44.45648058503866 0.8902911171317101 6.909856110811234 3.281354062259197 1.503588199615479 3.32892382889986 51.35663662105799 1.345258072018623 7.439098611474037 34.65533006936312 7.729351125657558 28.11043129861355 44.26380135118961 144.5605072230101 86.37791157513857 75.23358331620693 1.685354024171829 4.105958268046379 0.1179158017039299 0 0.8028174638748169 0 0 0.6806114614009857 0.2417217940092087 0.5122334063053131 4.072307385504246 0 1.22600344568491 0.2811168432235718 1.316795818507671 2.179187998175621 4.8900076597929 4.830030426383018 3.637401193380356 4.353973031044006 1.722015902400017 0.6032342910766602 3.180060230195522 2.35979725420475 35.95554441213608 4.894297808408737 53.52950712293386 14.27666680514812 8.28128520399332 0.7362570017576218 0.2539242208003998 0.2760459780693054 0.472921721637249 1.535658054053783 1.275563582777977 0 0.9837825745344162 2.06266388297081 0 0 0.5307557880878448 9.819477565586567 3.781867563724518 0 0.282481849193573 0 0.9502062276005745 1.072441607713699 1.867804571986198 0.4437978565692902 2.356937304139137 57.89172832667828 3.312880381941795 0 0 0 0 0.1550152152776718 0.3893436715006828 0.2633828669786453 0.330095648765564 71.73063246160746 1.53170507401228 1.179076284170151 0.1447110772132874 1.618370115756989 41.31698083132505 0.7712953984737396 17.66471895575523 2.299753852188587 1.156686849892139 5.99761313945055 1.042281866073608 1.576333500444889 0.2605159282684326 0 0 0 0 0.3417612910270691 1.680217124521732 0 50.09425470232964 17.37741841375828 48.23428893089294 1068.787286609411 12.86241842806339 280.3762536719441 65.64342246949673 380.8309431895614 5.583792343735695 3.000324375927448 24.67528396099806 148.0675063505769 0.1243757531046867 31.63253430277109 8.965108074247837 170.8897285610437 3.470974214375019 0 3.663972079753876 12.65961809456348 0 526.0082698389888 301.4688149690628
