117.9868898689747 575.513710975647 178.026554942131 1006.521303348243 287.8602223396301 186.3428604006767 295.0323152765632 19.01192338019609 149.2486681453884 1270.036818698049 82.07558463513851 124.3383264690638 179.7487924024463 153.6316233947873 0.934029184281826 0.3730583041906357 0.1387155950069427 0.3956188000738621 0.07359305769205093 0.07988692820072174 0.06623587012290955 0 0 0 0 0 0 0 0 0 410.9592539146543 4.868753083050251 27.00692189484835 0 0 0.2343163639307022 1.365788951516151 0 0.1684547141194344 0.06603275984525681 0 0 0 0.6389717608690262 0 0.07761811465024948 2.351861342787743 0 0.1166767776012421 0.3733314499258995 0 0 0 0.1396609246730804 0.5557904839515686 1.142368651926517 337.133185133338 720.7875903397799 34.10134227573872 2.710591122508049 0.3935584053397179 5.655456244945526 0 20.19001364707947 0.116706982254982 0.1719654127955437 0.2047884985804558 0.0662539154291153 0.06716567277908325 0.3000720664858818 0.5691114962100983 0.5184640437364578 0 129.5240908786654 27.37557967752218 23.89544288814068 6.810835212469101 2.67577863112092 4.285064794123173 59.33147525042295 0.666128545999527 8.839955653995275 0.928414523601532 0 0.2629979029297829 0.322117306292057 0.06969434767961502 0 0 0 0 0 0 0 0 7.328111305832863 0.811466708779335 0 0.3503831401467323 1270.046658709645 1.012592643499374 1.181051075458527 2.187090545892715 2.093489989638329 5.933980315923691 1.695711478590965 9.909128472208977 2.046112462878227 14.82023081183434 5.852921679615974 0.8846773654222488 6.329083457589149 13.54376623034477 6.098664291203022 2.606384605169296 0 0 0 0 0 0 0 0 0 0 0 0 0 0 0 0 0 0 0 0.3710242211818695 0 0 0 0 1.514462076127529 0 6.484679870307446 0.2598213255405426 0 0 0 0 0 0 0 0 0 0 0 0 0 0 0 0.2137207835912704 0 0 0.298298180103302 0.2320948988199234 0.2808932960033417 0 1.946163713932037 3.563407123088837 1.958874553442001 0 0 0 0 0 0 0 0 4.196617588400841 0 0 0 0 0.782059334218502 1.452463626861572 3.308088108897209 0 0.6847048997879028 0.1375835835933685 0 0 0 0 0 0 0 0 0 0 3.261827483773232 0.7207657396793365 0.809938482940197 124.3098273202777 0.7905548214912415 19.66134247928858 4.826420113444328 849.8005712479353 8.356911189854145 0.1583244651556015 0.09311725199222565 17.81538432836533 0 0.3791796863079071 0.15636345744133 24.8161693662405 0 0 0 0.955455482006073 0 684.1583780869842 1.773050017654896
575.513710975647 2647.000700831413 594.7405970133841 749.018295198679 2912.422865152359 51.50373437255621 5087.098780661821 74.06542361527681 2627.714424051344 841.1909151598811 278.5923978239298 97.75145909190178 1081.987001545727 1350.569206994027 9.692355781793594 3.091590665280819 0.4613668173551559 0 0.2499982640147209 0.2284393534064293 0 0 0 0.1409193724393845 0.08146931976079941 0.1574956476688385 0 0 0 0 1005.382094949484 33.14789190143347 16.15474414080381 0 0 0.08499868214130402 1.561376854777336 0.4011953547596931 0.1963546350598335 0.5171001851558685 0.07040253281593323 0.07822652161121368 0.6315775327384472 0.6600402295589447 0.0633481964468956 0.1779309064149857 20.76498625427485 0.3375608399510384 0 0.2111359462141991 0.06765369325876236 0 0.08065338432788849 0 1.63493187725544 2.189311042428017 157.1821009255946 830.3594616428018 26.26762474328279 24.59176981449127 0.3154791221022606 0.9698905050754547 0 82.87445711344481 0.5791813656687737 1.333185538649559 0 0.1589738205075264 0.8661584816873074 0.8869409747421741 1.958775468170643 0.07064635306596756 0.07710191607475281 163.124607976526 73.0955293700099 83.23298678547144 34.78714977949858 4.151559635996819 3.978666208684444 32.24120074510574 2.003726616501808 4.300091538578272 2.532858096063137 0.2504473701119423 0.1602371111512184 1.019706472754478 0.5246432051062584 0 0 0 0 0 0 0 0.2201542481780052 0.7672946825623512 1.28791444003582 0 0.6258345544338226 657.2574843764305 0.722312718629837 0.9838719815015793 0.1528997272253036 42.99076066911221 1.427795305848122 0.2286785691976547 4.03509995341301 2.527652397751808 41.11207110434771 2.406066261231899 3.443758845329285 2.815282836556435 10.79149659723043 5.218370199203491 1.815511867403984 0 0 0 0 0 0 0 0 0 0 0 0 0.6230416297912598 0 0 0 0.07909967005252838 0 0 1.657802775502205 0.664790466427803 0 0 0 2.50774309784174 0.7038753777742386 2.003915078938007 0.4603693783283234 0 0 0 0 0 0 0 0 0 0 0 0 0 0.08906633406877518 0 0 0 0 0 0.4800098240375519 0.5572060346603394 0 0.6120172291994095 1.273039966821671 0.3361698091030121 0 0 0 0 0 0 0 0 4.003771893680096 0.06816895306110382 0 0 0 0.7777069211006165 1.926143519580364 2.940646260976791 0 0.6018540859222412 0.3534751236438751 0 0 0 0 0.07289574295282364 0 0 0 0 0 1.711044818162918 0.4410258233547211 1.007990166544914 69.85434426367283 2.505705244839191 58.0351792126894 8.725326020270586 201.2071046307683 2.329180993139744 0.209367647767067 0.894959956407547 13.30727507919073 0 0.5400523245334625 0 10.24218914657831 0 0 0 0.7284337133169174 0.1391655504703522 153.0508028715849 1.824982039630413
178.026554942131 594.7405970133841 1157.216267503798 27.05748493596911 1183.191316589713 1.640224099159241 71.87679995596409 3346.078553058207 563.2225795015693 326.1421423740685 1428.200797647238 83.12160491943359 468.8202009499073 1184.650025229901 11.98891359567642 4.678164377808571 0.4677510857582092 0.1951209008693695 0.08930378407239914 0.1863635554909706 0.2433212995529175 0 0 0.2032165676355362 0 0.3420601338148117 0 0.0935109406709671 0 0 3764.17490195483 522.4281465634704 272.9362234696746 0.1354221515357494 0.0957910344004631 0.7229107245802879 14.34890940785408 2.193869143724442 2.232050262391567 0.273929238319397 0.1537546515464783 0 0.4623116478323936 1.070376604795456 0.3683931231498718 0.286946639418602 26.39542137086391 0.8466495722532272 0.2639771848917007 1.016003891825676 0 0 0 0.06417790055274963 0.6609464287757874 2.062961958348751 80.78475287929177 823.6823877692223 16.81867397576571 27.58227991312742 12.91156449168921 54.29206977039576 0.1323866546154022 305.3718828782439 0.9630964770913124 0.8007984086871147 0 0.2418589293956757 0.6676505580544472 0.722858652472496 8.901868581771851 0.3202714622020721 0 126.4045015238225 88.76432064920664 101.7642693780363 76.44636891037226 9.455634564161301 545.8541461080313 1255.219165794551 54.35070038959384 486.0392152480781 2.113924331963062 0 0.4510342702269554 0.6320785656571388 0.1537208780646324 0.08894833922386169 0 0 0 0 0.1072609126567841 0 0 5.653197027742863 3.1824881285429 0 1.509708866477013 163.4076687842607 1.789962872862816 0.712617814540863 0.9452534466981888 0 4.74396026134491 0.8432561159133911 2.793716371059418 3.254029110074043 7.257919423282146 7.429609388113022 1.32516372948885 9.677398785948753 26.04927413165569 10.47476036846638 7.162679344415665 0 0 0 0 0 0 0 0 0 0 0 0 0 0 0 0 0 0 0 3.331124946475029 0.415776401758194 0 1.059461377561092 0 10.96783420443535 0.8639729022979736 8.016316018998623 1.547934204339981 0 0 0 0 0 0 0 0 0.2274326533079147 0 0 0 0 0 0 0 0 0 0.3104390352964401 0.702529177069664 0 0 1.201498262584209 6.891272678971291 1.995284706354141 0 0 0 0.278855949640274 0 0.09909211844205856 0 0 10.40570713579655 0.6328218802809715 0 0 0 4.093541987240314 1.561562061309814 5.359749212861061 2.210732996463776 1.628611445426941 1.705258160829544 0.4773713648319244 0 0 0 0 0 0 0 0 0 4.70969295501709 2.998020589351654 4.71384659409523 41.99760135263205 1.728342533111572 56.4988679215312 8.407588928937912 29.109564460814 2.425045326352119 0.2184303924441338 1.49763248860836 9.112067639827728 0 2.081693202257156 0.2096737027168274 11.88154697418213 0 0 0 0.3431753516197205 0 20.40410803258419 8.421667665243149
1006.521303348243 749.018295198679 27.05748493596911 192.6117255836725 218.2958036512136 341.8692351132631 814.1742729395628 11.07940117269754 104.6907119899988 4980.005836378783 10.52194870263338 235.077217772603 986.1549845263362 258.944132424891 7.308235056698322 2.952444568276405 0.4306821674108505 0.5317018926143646 0.1606121435761452 0.3170661330223083 0 0 0 0 0.08016086369752884 0 0 0.09182333201169968 0 0 154.1214886456728 25.50491069257259 8.48974235355854 0.07142700254917145 0.08160734921693802 0.10289266705513 0.4284033328294754 0.3258285149931908 1.23168658465147 0 0.1598123162984848 0.06306909024715424 0.292896706610918 1.084168620407581 0.3277518302202225 0 23.83754854649305 0.8437505885958672 0.07334646582603455 0.3603072501718998 0 0.06720642745494843 0 0.2435720935463905 2.129633419215679 5.405688285827637 138.4182631596923 528.8927064165473 29.39002349227667 35.34158682078123 0.5957082286477089 1.556852977722883 0 81.31193043291569 1.738073579967022 1.572825402021408 0.4482821449637413 0.2621312513947487 0.6019422262907028 1.458733186125755 0.6224111840128899 0.07957949489355087 0 220.0300022512674 91.49574826657772 108.2842249795794 35.36773109436035 5.788581661880016 2.595419563353062 14.4797650128603 1.775215014815331 2.737871930003166 3.07270660251379 0.07503346353769302 0.6469161212444305 0.7852978110313416 0.536651074886322 0 0.1646933183073997 0 0.08218395709991455 0 0.07346434891223907 0.08664901554584503 0.2244741208851337 3.642874360084534 0.5808278918266296 0 0.2553928270936012 614.1442029252648 4.663644626736641 5.235343173146248 61.21982047706842 119.0925532728434 3.655268356204033 22.00999600440264 36.62960611283779 3.655271209776402 82.96715924143791 37.37727455794811 3.340331748127937 3.534853592514992 21.1615776270628 9.052838586270809 4.283768244087696 0 0 0 0 0 0 0 0 0 0 0 0 0 0 0 0 0 0 0 4.853868708014488 0.5363048017024994 0 0 0 2.51602777838707 0 3.955744490027428 0.2775351777672768 0 0 0 0 0 0 0 0 0.4990822672843933 0.738368809223175 0 0.1358514875173569 0 0.08660834282636642 0 0 0 0.1115864589810371 1.102723710238934 1.012284524738789 0.7126473635435104 0 1.285962082445621 1.864276729524136 1.789611831307411 0 0.09623318165540695 0 0 0 0 0 0 4.200562313199043 0.3199955448508263 0 0 0 0.1872597932815552 0.4849855005741119 5.783726304769516 0.8332883194088936 2.956650748848915 1.067501254379749 0 0 0 0.0801246389746666 0 0 0 0 0 0 2.795483514666557 1.01564484834671 1.420496553182602 210.9193773940206 3.814534075558186 91.66044669598341 13.53928478807211 635.4077099636197 4.182134702801704 0.4024161845445633 2.025529704988003 35.48159661889076 0 0.5171221569180489 0 48.74297697097063 0 0 0 1.05284184217453 0 155.7302557304502 4.187615215778351
287.8602223396301 2912.422865152359 1183.191316589713 218.2958036512136 932.5326135754585 5.295767158269882 1989.956466794014 345.7337535023689 2268.888194307685 553.9060444831848 1211.317572385073 51.84820180386305 797.0855625160038 1023.927028544247 15.25970336794853 4.575100913643837 0.1593011617660522 0.05786216631531715 0 0.2395856454968452 0 0 0 0 0 0.109333798289299 0 0 0 0 391.4819532260299 50.49966874718666 5.761761456727982 0 0 0.2911087572574615 0.5067336037755013 0.3952711597084999 0.3116274401545525 0.2264149710536003 0.1465983837842941 0.06706520169973373 0.3794981762766838 0.7240533903241158 0.2140811085700989 0 33.39889674633741 0.6651427820324898 0.1071492582559586 0.1327608376741409 0.1869758814573288 0 0 0 0.43344646692276 1.778690159320831 30.39569106698036 194.0569493435323 9.109869763255119 31.42036368325353 0.3079288527369499 0.5442202985286713 0 78.88027452677488 1.20179682970047 0.7154013514518738 0 0 0.3910206109285355 0.7341793179512024 0.9332512617111206 0 0 77.70673094689846 51.53931710869074 85.46893777698278 48.41152760386467 4.180580090731382 3.752512499690056 6.155755139887333 1.329715374857187 5.747604988515377 2.433357581496239 0 0.744039885699749 0.5618812218308449 0.3670484200119972 0 0.08305952697992325 0 0 0.08322835713624954 0.1687996685504913 0.07909413427114487 0.08002011477947235 1.387698724865913 0.6904352158308029 0 0.4330093935132027 35.76254904270172 0 0.3108049035072327 0.7772288918495178 1.932531148195267 0.5422529876232147 0 0.861618384718895 0.1451716870069504 0.9531629681587219 4.192041635513306 0.3075599372386932 2.567715786397457 4.812572091817856 1.749899692833424 0.9762831628322601 0 0 0 0 0 0 0 0 0 0 0 0 0 0 0 0 0.2418937683105469 0 0 0 0.6677629351615906 0 0 0 0.4367500618100166 0.7017504721879959 0.811146154999733 0.1659157946705818 0 0 0 0 0 0 0 0 0 0.2584986090660095 0 0 0 0.07913986593484879 0 0 0 0 0 0.3306573778390884 0 0 0 0.8816665410995483 0 0 0 0 0 0 0 0 0 0.6372719556093216 0 0 0 0 1.346609830856323 0.5986256897449493 1.896061956882477 0.758798360824585 0 0.1356607377529144 0.4699873030185699 0 0 0.1507905721664429 0 0 0 0 0 0 0.4015018492937088 0 0.8607456833124161 72.0979392901063 2.362465187907219 57.76530967652798 8.540477380156517 25.58995915949345 2.530025035142899 0 1.657621160149574 0.8571295738220215 0 0 0 0.9558199793100357 0 0 0 0.9630872383713722 0 9.23783752322197 1.192758642137051
186.3428604006767 51.50373437255621 1.640224099159241 341.8692351132631 5.295767158269882 21.9478719830513 15.80106417834759 0.8671208620071411 4.264873057603836 822.4798253551126 3.964125916361809 192.1465077996254 99.49186477810144 25.55093769729137 0.7017444744706154 0.1538224816322327 0 0 0 0 0 0 0 0 0 0 0 0 0 0 12.43315396457911 0.5976796001195908 17.02798564732075 0 0 0.3788472563028336 15.56512926518917 3.563099160790443 9.026999704539776 0.7120045870542526 0 0 0 0 0.09399643540382385 0.1323008835315704 0.2766335308551788 0 0 0 0.3127649128437042 6.362398602068424 0.6436268240213394 0 0 0.6638495475053787 140.4471769854426 59.89370962977409 5.300254918634892 0.6116175726056099 0 7.165846563875675 0 0.3266756385564804 0.1499974280595779 0 0.1347718685865402 0.08975367248058319 0 0.1937376707792282 59.24661364406347 140.8417002111673 12.17842394858599 11.45613322407007 2.415619999170303 1.814145758748055 0.3307859748601913 0.2590153142809868 1.181583233177662 16.60302594304085 0.07839686423540115 5.176223412156105 0 0.6472552344202995 0 0.1146825030446053 0 0.9615120217204094 1.346859663724899 7.990500494837761 1.654022879898548 2.263340063393116 0 0.5151441395282745 0.8672076091170311 225.7943848520517 76.35290828347206 13.12548339366913 10.38743057847023 411.5305242687464 0.6672255992889404 2.231308162212372 0.7994009703397751 1.328166484832764 1.983406558632851 0 3.382298678159714 2.433701574802399 4.288168996572495 3.861446097493172 0.6845808327198029 1.439679995179176 9.029249757528305 2.482580974698067 0.8986126929521561 0 0 0 0 0 0 0 0 0 0 0 0 0 0 0 0 0.4203634560108185 0 0 1.011666834354401 0.3672293424606323 0 0 0 0.1624259352684021 0 0.9012070000171661 0.3336670994758606 0.3754083663225174 0 0 0 0 0 0 0 0 0 0 0 0 0.9369277060031891 0 0 0 0.09419351071119308 0.268804520368576 0 0 0 0 0 0.4773435294628143 0 0 0 0 0 0.1579389721155167 0 0 1.215109519660473 2.346788883209229 0 0 0.1285347640514374 1.303431868553162 1.713834941387177 0.1337926089763641 0 0.1077142283320427 0.8154255747795105 0 0 0 0 0 0 0 0 0 0 2.568008877336979 0.2785096764564514 0.6135573163628578 29.59040512144566 0.7196582704782486 1.858895279467106 0.2813710719347 712.556046962738 22.7545839548111 0.7149453535676003 0 20.79733416438103 0.1089194715023041 0.3551459014415741 0 28.39187377691269 0 0 0 0 0 336.3087569475174 2.639007419347763
295.0323152765632 5087.098780661821 71.87679995596409 814.1742729395628 1989.956466794014 15.80106417834759 2690.205631613731 20.82928604260087 4155.769978739321 2832.797275625169 37.15106901526451 138.4673298746347 4268.975883491337 1081.920011356473 18.91941134631634 5.813420183956623 0.1503928825259209 0.3136783316731453 0.183752566576004 0.1776392832398415 0.2422581687569618 0 0 0.2455740943551064 0 0 0.1060633659362793 0 0 0.1079988330602646 174.4793432503939 64.34302466362715 1.358166515827179 0 0 0.2837609052658081 0.2338969856500626 0 0.6751388162374496 0.1428200751543045 0 0.1827728897333145 0.3160335645079613 0.7587218284606934 0.4337706118822098 0 53.65783704817295 1.282154954969883 0.2140984982252121 0.2335531488060951 0 0 0 0.0791274830698967 1.598647937178612 3.563722796738148 47.94587946683168 298.7448328956962 14.31952859461308 55.3493175059557 0.2359113097190857 0.4625405296683311 0.1809083297848701 123.9001325964928 0.5170472115278244 0.9337064400315285 0.2121863961219788 0.08904548734426498 0.4874918013811111 0.6254572868347168 1.069294542074203 0.07405370473861694 0 131.5667005330324 95.04834470897913 146.6596542447805 69.66704753041267 4.909825459122658 3.690336726605892 5.550640396773815 1.977298900485039 3.023619439452887 3.903963670134544 0.1014552712440491 0.5879607945680618 1.289605632424355 0.171544224023819 0 0.08722717314958572 0 0.1465454921126366 0 0.06151983886957169 0.2170079275965691 0.2658012211322784 2.528796598315239 1.489704057574272 0 0.6639223173260689 41.97041239589453 1.505740739405155 1.632455497980118 4.605497047305107 15.97319449484348 2.164645463228226 0.3144008368253708 7.577877536416054 1.295637838542461 6.404597118496895 4.578825488686562 1.718723982572556 4.900685414671898 9.208824530243874 4.461054772138596 3.167816959321499 0 0 0 0 0 0 0 0 0 0 0 0 0 0 0 0 0.5183231830596924 0 0 1.596859537065029 0.3234797716140747 0 0 0 0.9374424666166306 0.5501041412353516 1.394074305891991 0.5514165535569191 0 0 0 0 0 0 0 0 0.51459801197052 0 0 0 0 0 0 0 0 0 1.307250753045082 1.171982876956463 0 0 0 1.282066226005554 1.173825815320015 0 0 0 0 0 0 0 0 3.532989114522934 0 0 0 0 0.4153145775198936 0.2583411931991577 3.95425209403038 1.106365233659744 0 0.4956955909729004 0 0 0 0 0.1945239305496216 0 0.08123166859149933 0 0 0 0.7796627134084702 1.104497797787189 1.718890056014061 123.7117318622768 5.722700707614422 107.2889043465257 15.15214723348618 72.47532780468464 4.652451328933239 0.4541018009185791 1.274488314986229 7.44436901807785 0 0 0.1973323971033096 10.63402546942234 0.3064389675855637 0.08053825795650482 1.042472720146179 0 0 19.17454337328672 3.468319788575172
19.01192338019609 74.06542361527681 3346.078553058207 11.07940117269754 345.7337535023689 0.8671208620071411 20.82928604260087 1474.619406320155 190.0519989207387 98.00066221877933 913.9722814559937 30.00536259263754 155.0695932134986 680.6778615452349 28.10266824066639 12.0166969820857 0.2765010371804237 0.7416656762361526 0.2697696685791016 0.3493075296282768 1.166381821036339 0 0.09318128228187561 0 0.2503421232104301 0.09540437161922455 0.3417311012744904 0 0.1215767934918404 0 747.4721460267901 1536.980296380818 246.937325373292 0.07333274185657501 0.2556882053613663 0.5663329884409904 7.032406032085419 1.350883558392525 1.300490319728851 0.6331043615937233 0.2436409294605255 0.6340722739696503 0.8272896632552147 1.361788876354694 0.3613671027123928 0.8971704095602036 56.26455037295818 0.7833182364702225 0.4281489923596382 0.6511553227901459 0.1757944971323013 0 0.2261585891246796 0 0.594147227704525 1.883715830743313 31.73958199098706 288.9507361575961 10.57829558849335 44.57817503064871 13.369614623487 70.82881642132998 0.3043238371610641 389.2513291835785 0.8684938848018646 0.9641889706254005 0.08088399469852448 0.2022711634635925 1.393487989902496 3.424205668270588 6.059958599507809 0 0 81.0395483225584 89.89724922925234 146.1511564590037 163.9137392491102 45.2196336761117 999.5952399224043 1766.578076336533 139.9530859440565 1033.366783961654 2.422201886773109 0 0.9305598363280296 0.311982698738575 0.4709858447313309 0.07145214080810547 0 0 0.09771973639726639 0 0.1066613122820854 0.08386315405368805 0.339503601193428 1.844232298433781 1.979410648345947 0 1.018302835524082 8.661285437643528 0.3299263715744019 0 0.2567110359668732 0.5785394310951233 2.85053651034832 0.3720391690731049 0 1.04556205868721 1.747334420681 1.130025804042816 2.349430873990059 1.666815422475338 5.689821891486645 3.897489555180073 2.871080085635185 0 0.09862571209669113 0 0 0 0 0 0 0 0 0 0 0 0 0 0 0 0 0 0.6506926417350769 0 0 0.4243482127785683 0 3.081377476453781 0.8095780462026596 1.578925713896751 1.422489240765572 0 0 0 0 0 0 0 0 0 0.4420649111270905 0 0 0.1003236770629883 0.4147576689720154 0 0 0 0 0.1075204312801361 1.374640077352524 0 0 0.4096305221319199 1.940327733755112 0.5751444101333618 0 0 0 0 0 0 0 0 5.744394533336163 0.7387369424104691 0 0 0 1.437863498926163 0 2.471403948962688 1.282905131578445 0.1017011851072311 0.7083178535103798 0 0 0 0 0.08422175794839859 0 0 0 0 0 1.093972861766815 0.9905046373605728 1.878415882587433 108.7439237609506 6.310438387095928 72.0136407352984 15.36454905569553 17.02012792229652 2.652109019458294 0.1254575848579407 3.157045915722847 0.6594226956367493 0 1.798545196652412 0 1.812804266810417 0 0 0 0.5373083651065826 0.2397998720407486 6.491719681769609 2.915508016943932
149.2486681453884 2627.714424051344 563.2225795015693 104.6907119899988 2268.888194307685 4.264873057603836 4155.769978739321 190.0519989207387 427.3657910078764 237.4174801856279 545.7472389489412 74.43305493891239 1679.913329761475 1481.050611827523 4.928399883210659 3.939855575561523 0.1646697521209717 0.1447771117091179 0.3198522850871086 0.1753694638609886 0 0 0 0 0 0 0 0 0 0 132.3499346598983 26.29248101264238 21.93359889835119 0 0 0 1.772062711417675 0.07351793348789215 0.7773896679282188 0 0 0.08132360875606537 0.06836951524019241 0.2889772951602936 0.1437405198812485 0.1513301432132721 12.46615084260702 0.4090749174356461 0.07581205666065216 0.06337349116802216 0 0 0 0 0.3390394896268845 0.6188133060932159 13.90384819731116 95.26757895946503 3.161745518445969 10.15820045024157 0.1352786123752594 0.0676785334944725 0.0649913027882576 30.42112395912409 0.1577933356165886 0.2525860667228699 0 0 0.2082237526774406 0.1792706251144409 0.3633782267570496 0 0 30.26531148701906 21.1274895593524 36.95959670096636 18.39779384434223 1.480695940554142 2.428424872457981 30.97779701650143 0.3741193749010563 0.8036620691418648 1.429328717291355 0.1528946533799171 0.2329863458871841 0.3778540715575218 0.08259245753288269 0 0 0 0 0 0 0 0 0.6310879439115524 0.8461323603987694 0 0 24.86167488247156 0.1187959983944893 0 1.204286307096481 0.5846561789512634 3.905382826924324 0.8568893671035767 2.749207362532616 0.5917605757713318 2.507107198238373 1.445724532008171 0.2447572499513626 1.653045266866684 5.21831202507019 4.43563437461853 1.314375787973404 0 0 0 0 0 0 0 0 0 0 0 0 0 0 0 0 0 0 0 1.059753000736237 0 0 0 0 0.5852005481719971 0 0.9476346671581268 0 0 0 0 0 0 0 0 0 0 0 0 0 0 0 0 0 0 0 0 0 0 0 0 0.8702064156532288 0.2609411180019379 0 0 0 0 0 0 0 0 1.478352904319763 0 0 0 0 0 0.4468812346458435 0.8427249193191528 0 0 0 0 0 0 0 0 0 0 0 0 0 1.389233395457268 0 1.0136339366436 30.29177128523588 0.8510510548949242 20.92586116492748 2.614823557436466 16.94335532188416 1.094067178666592 0.1089104190468788 0.412103682756424 2.580936849117279 0 0 0 5.841805815696716 0 0 0 0.26274374127388 0 7.348673157393932 2.728079333901405
1270.036818698049 841.1909151598811 326.1421423740685 4980.005836378783 553.9060444831848 822.4798253551126 2832.797275625169 98.00066221877933 237.4174801856279 5630.731563307345 105.8608019053936 2183.424331150949 5936.448425397277 737.1663468033075 58.37729329615831 23.52390052378178 0.4856391102075577 1.083671130239964 0.1614480167627335 0.589401438832283 0.3167903497815132 0 0.08019518852233887 0 0.6535372138023376 0 0.08609911799430847 0 0.1700463443994522 0 396.7639975622296 255.7031151726842 22.02292056381702 0.2234323620796204 0 0.2822373807430267 20.02399633824825 4.16973564773798 2.386268451809883 0.576486848294735 0.2361319214105606 0 0.3781690634787083 1.779034622013569 0.9255778789520264 0.4181456193327904 135.011838413775 1.837112128734589 0.4861149117350578 0.642418809235096 0 0.3453931957483292 0 0.344640240073204 2.859861951321363 5.538691371679306 121.2856599353254 540.165052909404 25.1826550886035 108.8861867636442 1.532041378319263 7.97690936177969 0.123497486114502 224.7139767110348 2.347761586308479 2.287751898169518 0.3494468256831169 0.6949305087327957 0.8771950602531433 1.65796622633934 61.13140871748328 4.939776122570038 0.2810668796300888 259.5321644283831 174.8334065154195 303.7112142704427 157.478835478425 14.35324444621801 21.90027344971895 37.36389404535294 4.934026058763266 14.46588692069054 6.802104324102402 0.1730306074023247 1.725899003446102 2.101645514369011 0.8477451428771019 0 0.2649422809481621 0.302088662981987 0.4029038101434708 0 0.4473862051963806 0.1254738718271255 0.5258796215057373 426.4672263413668 69.28312183916569 0.8321012482047081 4.458024948835373 398.7017521560192 11.37638042867184 35.56545820832253 23.12132062017918 24.38854712247849 50.57097700238228 14.66477710008621 158.9477939754725 45.03278557211161 137.1395843625069 105.712261326611 26.6794196665287 64.65436673164368 256.5704192295671 114.4902469664812 48.34489990025759 0.6728179454803467 0 0.1202530786395073 0 0 0 0 0 0 0 0 0 0 0 0.1318536996841431 0.6867651343345642 0.2809098362922668 0 0 25.95511557906866 6.124288700520992 0 0.68208958953619 0.9833927750587463 32.49851605296135 1.961929753422737 19.45385409146547 4.260289646685123 1.711008831858635 0 0 0 0 0 0 0 1.470205202698708 3.976385995745659 0 0 0 0.6063860580325127 0 0.1084852665662766 0.3552320301532745 0.0677504763007164 2.266874127089977 6.223439127206802 3.048011094331741 0 8.176865547895432 16.67710983008146 11.7418143004179 0.2341038435697556 0 0 0 0 0 0 0 61.26322069019079 0.7149294316768646 0 0 0 11.5420934855938 8.076637923717499 41.40153153985739 4.02475892752409 12.89313104748726 5.605121366679668 1.347937405109406 0.8327641636133194 0 0 0 0 0 0 0 0 48.26735477894545 8.635419897735119 13.60434197634459 754.6291605457664 16.20522000640631 241.5187753662467 43.11844476684928 1097.244323506951 17.14502250403166 1.181924000382423 11.07662945985794 298.3380871489644 0.1216743290424347 9.269003957509995 1.685459285974503 358.0433285534382 0.7445665597915649 0 0 7.249335214495659 0 414.7626975402236 82.44465200603008
82.07558463513851 278.5923978239298 1428.200797647238 10.52194870263338 1211.317572385073 3.964125916361809 37.15106901526451 913.9722814559937 545.7472389489412 105.8608019053936 921.8940194919705 58.67975013703108 969.275354385376 3349.332556404173 17.86941488832235 11.1031953394413 0.2523336037993431 0.2498546689748764 0 0.1734171956777573 0 0 0 0 0 0 0 0 0 0 516.1321804076433 135.955073364079 820.5571786686778 0 0.4070359170436859 0.2629546076059341 53.63060840219259 8.38840764015913 0.7088166326284409 0.7922219261527061 0.07072285562753677 0.1022507175803185 0 1.662921451032162 0.06539183855056763 0.08670418709516525 28.87875770032406 0.7109374701976776 0 0.2521249800920486 0.2268582731485367 0 0 0.1636005714535713 0.7087366729974747 1.189497664570808 17.10366163402796 141.4388505965471 4.41051073372364 19.59460313618183 0.2964423820376396 6.18638538569212 0.1201178133487701 71.65944727137685 0.314490906894207 0.6322693005204201 0 0.3084003478288651 0 0.3714244067668915 19.86218844354153 0.1147782355546951 0 42.78862722963095 35.41514468193054 68.39425997436047 46.74136866629124 6.436346679925919 62.28563279286027 591.2134795449674 1.869424812495708 75.22106762230396 1.29197870194912 0.08799570798873901 0.3708699345588684 0.1486675143241882 0.2130386009812355 0 0 0 0.1626327410340309 0 0.2686946094036102 0 0.1573323830962181 0.5014708936214447 2.305035796016455 0 1.680356472730637 21.6328397616744 0 0 1.398331582546234 0.1908693909645081 3.188591927289963 0.4185551404953003 3.55748575925827 1.44383430480957 5.926366567611694 2.043817967176437 2.011897027492523 1.70299419760704 12.34243039786816 4.420093759894371 3.424054101109505 0 0 0 0 0 0 0 0 0 0 0 0 0 0 0 0 0 0 0 0.273827999830246 0.4152960479259491 0 0 0 3.356841295957565 0.498624324798584 2.252374261617661 0 0.8609177991747856 0 0 0 0 0 0 0 0 0.8298432379961014 0 0 0 0.5981812179088593 0 0 0 0 0 0.395223505795002 0 0 0.4282067120075226 1.924298599362373 0.6864449828863144 0 0 0 0 0 0 0 0 4.817807734012604 0.8334197402000427 0 0 0 0.3759603798389435 0.7376151978969574 4.479631021618843 0.1310466527938843 1.054241597652435 0.3715475499629974 0 0 0 0 0.08633921295404434 0 0 0 0 0 1.43076279759407 0.7444419041275978 1.931527025997639 90.59252258390188 3.720082275569439 41.66753026098013 8.782101612538099 23.42060297727585 1.613716423511505 0.09501001238822937 2.025352172553539 4.791248396039009 0.1326413303613663 0.1494184583425522 0 10.06455278396606 0 0 0 0.941811203956604 0 6.251513727009296 2.617125198245049
124.3383264690638 97.75145909190178 83.12160491943359 235.077217772603 51.84820180386305 192.1465077996254 138.4673298746347 30.00536259263754 74.43305493891239 2183.424331150949 58.67975013703108 137.2804492339492 2010.91037979722 168.7527320161462 28.83918064832687 18.11755268275738 1.417143724858761 0 0.0763646587729454 0 0.1278941333293915 0 0 0.5036472901701927 2.528564691543579 0.4836845993995667 0.2416808232665062 0 0 0.1319427490234375 78.41198879480362 53.7747872620821 75.51331443339586 0 0.1186666637659073 9.259495064616203 357.6329822614789 65.06164909154177 242.7422479391098 17.68427976965904 0.1315939426422119 0.1525253355503082 0 1.7715178206563 0.09684471040964127 0.5817290991544724 31.76480028778315 0.417433924973011 0.1812857687473297 0.3843904882669449 0 0 1.751795470714569 0 0.2348083481192589 0.5450842455029488 7.466389216482639 38.03571183979511 1.997899293899536 14.52768325805664 1.089370712637901 4.212412111461163 2.176497139036655 30.81761810928583 0.1489391475915909 0.3391541838645935 0 0 0.3811548799276352 0.6599618941545486 676.2092319950461 4.96436220407486 0.1244113966822624 18.32999730855227 16.32157871127129 43.87467315047979 28.49093478918076 5.78146181255579 4.029351323843002 14.32409770786762 2.017145365476608 9.205420441925526 0.7797797620296478 0.07945774495601654 0.1786535978317261 0.2515220865607262 0.1814535483717918 0 0 0.1202434748411179 0.07110749930143356 0 0.5784261226654053 0 0.3126556575298309 1479.191926635802 645.4346536621451 1.246413052082062 387.1655757725239 60.43206007033587 7.180112183094025 11.53005404770374 12.1898383423686 6.665805868804455 34.93004105240107 10.26711886376143 56.1609294116497 32.78483773767948 86.80806869268417 68.20324690639973 25.49405877292156 62.74414498358965 268.3224491253495 111.3083353340626 54.9158151820302 0.09546054899692535 0 0.1769714802503586 0 0 0 0 0 0 0 0.1525914818048477 0 0 0 0 0 0.3555966317653656 0 0 20.75632303953171 4.353388644754887 0 1.331405192613602 0 58.17149111628532 5.325350038707256 38.65319494903088 4.354865327477455 0.4226734787225723 0 0 0 0.4866291582584381 0 0.8835095763206482 0 0.8354523628950119 3.062289550900459 0 0 0 0.901910126209259 0 0 0.2088770568370819 0 1.563426069915295 5.096698492765427 1.39873181283474 0.5658098459243774 2.630982965230942 23.18958063423634 7.721056029200554 0 0.3167731538414955 0 0 0 0.3985838890075684 0 0 105.5016330778599 1.650872342288494 0 0 0 10.17120009660721 9.059276953339577 40.1020654514432 5.687099985778332 7.386113502085209 4.860049739480019 0.9680623263120651 1.461634375154972 0.30531145632267 0 0 0 0 0 0 0 65.87792328000069 9.604171879589558 21.66138055920601 256.0223827436566 4.450041629374027 49.0191340520978 15.54453335702419 587.2297537401319 2.990965470671654 1.749741658568382 1.901411801576614 52.61764436215162 0 7.092073000967503 1.120383553206921 104.1354627907276 0.1001674979925156 0 0 0.503325417637825 0.7691777795553207 738.5735822916031 147.3514762073755
179.7487924024463 1081.987001545727 468.8202009499073 986.1549845263362 797.0855625160038 99.49186477810144 4268.975883491337 155.0695932134986 1679.913329761475 5936.448425397277 969.275354385376 2010.91037979722 1432.190603185445 3500.006562907249 90.90757545083761 69.35392805561423 2.609954230487347 0.1870064362883568 0 0.3749448657035828 2.187889136373997 0 0.9272196143865585 1.26814678311348 8.664318054914474 0.7250204756855965 3.024732798337936 0 0.1270853579044342 0.4911572113633156 250.5570131987333 129.5803592503071 280.0246890261769 1.561273105442524 3.014805376529694 22.67317086458206 407.4134380444884 98.64656403660774 270.3316468559206 25.54164737462997 3.102449648082256 0.8830522522330284 0.4226343333721161 3.73785812407732 0.6180706322193146 3.24135210365057 105.1164245456457 1.327898789197206 0 0 0.3116679191589355 0.2529056295752525 2.86137755215168 0.6957388743758202 0.4608150608837605 1.726506978273392 27.43127692118287 169.3824389800429 9.438277825713158 40.67924481630325 3.389674983918667 53.69970069825649 6.185926206409931 94.75945762172341 1.119196467101574 1.170414008200169 0.1607254222035408 1.33318617194891 1.617446094751358 2.710377551615238 514.9894227385521 5.765613719820976 0 80.40558117255569 61.81713766977191 169.9201069064438 97.32542435079813 17.75236582010984 10.97908942401409 113.2810462042689 6.044755656272173 17.76698243618011 2.666236281394958 0.07982001453638077 0.3246409296989441 1.087783113121986 0.08814115822315216 0 0 0.127202644944191 0 0 1.6574477404356 0.3993551954627037 0.3407158628106117 777.4977616891265 129.8106667399406 1.071637034416199 232.2419062033296 53.59340083599091 12.54441256076097 22.49347316473722 23.01222570240498 16.36465119570494 70.7742028683424 21.45376086980104 94.42269825190306 54.03263232111931 161.1504067033529 107.6491532921791 52.0500764772296 116.8369271531701 471.2887260243297 198.3105850443244 98.19717613607645 0.3299784958362579 0 0.2813668251037598 0 0 0 0 0 0 0 0.2490883469581604 0 0.814536027610302 0 0.1536604911088943 0.6247058510780334 1.573835477232933 0 0.2266261428594589 44.9099129140377 10.61655932664871 0.220098152756691 2.891037859022617 0.1115658283233643 85.462865665555 8.01214636862278 66.98145566135645 6.997653752565384 1.362410381436348 0 0 0 0 0 0 0 7.192717008292675 6.922806136310101 0 0 0 3.267304748296738 0 0 0.09926275908946991 0 8.638935439288616 12.69952145963907 2.702475801110268 1.901333212852478 8.323285825550556 35.20644526928663 22.39503616094589 0.4391429796814919 0.4476117417216301 0 0.3966087177395821 0 0 0 0 170.3062146753073 3.03066112101078 0 0 0 27.91015178710222 18.17021790891886 69.17156008630991 11.84537842869759 13.46609304100275 11.244942471385 4.810498118400574 3.956238970160484 0.2980017364025116 0 0.1312037110328674 0 0 0 0 0 91.7990889698267 20.73321139067411 37.78521160036325 603.6822593361139 12.39008813351393 141.1228388920426 49.93627256155014 480.3701274618506 7.754280343651772 0.59536512196064 7.194904811680317 123.1443509012461 0.3072048798203468 15.62959726899862 4.764930926263332 205.8867646753788 1.006583198904991 0.1930434107780457 0.7364320158958435 7.174478895962238 0.1543061435222626 579.3264397010207 200.8322299718857
153.6316233947873 1350.569206994027 1184.650025229901 258.944132424891 1023.927028544247 25.55093769729137 1081.920011356473 680.6778615452349 1481.050611827523 737.1663468033075 3349.332556404173 168.7527320161462 3500.006562907249 754.8794923573732 62.34082406014204 57.28632529079914 0.5248382277786732 0.4929881915450096 0.171883262693882 0.09252128750085831 0 0 0.3349779173731804 0.3963204175233841 6.574530377984047 0.07807013392448425 0.3316437304019928 0 0 0.09613687545061111 311.6829264611006 124.7703297659755 537.4647383354604 1.00080131739378 0.3082034140825272 9.943520866334438 557.4979151263833 137.7750169076025 57.94503054767847 6.021086409687996 0.7848019599914551 0.380165234208107 0.6547604016959667 4.268885850906372 0.6654514446854591 1.086191564798355 68.4960934817791 0.6705022230744362 0.0758570209145546 0.3544861525297165 0.4557187110185623 0.2990815564990044 0.3201880156993866 0.4252180308103561 0.8526779562234879 1.642383500933647 26.85963570326567 158.9438945166767 5.198221430182457 32.34695057943463 0.612857460975647 37.08638403564692 2.881677187979221 89.79767833277583 0.4185621738433838 0.674310989677906 0.1054503619670868 0.3133765533566475 1.001061134040356 0.6606321148574352 95.00947313755751 2.061467543244362 0 60.86563150212169 50.66082482784986 131.9505046457052 85.05955642461777 20.11210780963302 42.46130734309554 398.0527727566659 3.719683188945055 151.0445525236428 1.881963342428207 0.09006010740995407 0.9439989030361176 0.3022452518343925 0.5015512779355049 0 0 0 0.06859797239303589 0 1.377659276127815 0.09099255502223969 0.2776874080300331 92.40848771482706 19.81179621815681 0 21.41676429659128 25.42211505770683 1.484720289707184 4.304257407784462 5.602686800062656 6.668081790208817 14.91135285794735 6.069986864924431 20.26929740607738 19.11755871027708 41.55014606565237 36.7827063575387 9.808981344103813 23.38310570269823 125.3336732462049 48.76873242855072 32.64993562549353 0.2425081506371498 0.2879394292831421 0 0 0 0 0 0 0 0 0 0 0.267142653465271 0 0 0 1.075889863073826 0 0 13.86800494045019 6.396803699433804 0 1.666829854249954 0.4410240054130554 26.36425639688969 2.244787164032459 16.80077163875103 4.347514286637306 0.7470302730798721 0 0 0 0 0.4779361188411713 0.6892137825489044 0 0.7576631978154182 2.552632689476013 0 0 0 0.8337933495640755 0 0 0 0 1.57030776143074 3.497742123901844 0.294108048081398 0 2.96527623385191 11.24076645076275 5.554448917508125 0 0.5964162424206734 0 0 0 0 0 0 49.9931760057807 0.5040866583585739 0 0 0 8.73848145455122 7.186829023063183 23.94912680238485 2.465632528066635 7.566173508763313 1.649516522884369 2.133303105831146 0 0 0 0 0 0.1078453212976456 0 0 0 23.10760543495417 9.590911403298378 14.55058786273003 324.8521454110742 8.132813572883606 97.55807133764029 27.73698667809367 80.80739358812571 6.357751317322254 0.4668952450156212 4.449863068759441 29.60680246353149 0 6.720013409852982 0.08791507035493851 43.67076777666807 0.9591203927993774 0 0 3.22722265124321 0.3639284670352936 105.0659235790372 48.6663770377636
