437.7631631866097 2061.836757712066 391.2954111546278 1421.867237664759 87.83770780265331 55.19178237766027 888.2079649344087 217.2927699163556 4.159556545317173 1787.960512213409 35.06763263046741 228.6451918706298 301.4095558896661 116.5888189002872 1.970519289374352 0.1247484385967255 0 0.1398228704929352 0 0.1241458877921104 1.213327795267105 0.631593644618988 0.4240082204341888 0.3839878961443901 1.085708133876324 1.191961944103241 0.1280262768268585 1.050528980791569 0 0 1438.392706409097 15.66613884270191 55.15727264434099 0 0.3946462273597717 0.4250565469264984 12.88195914775133 1.237605229020119 0.43178940564394 0.5521339550614357 0.8316857218742371 0.4719340950250626 0.7908432856202126 0 0 0 18.58512479811907 2.199601106345654 0.6048629581928253 1.090258322656155 0.09869971871376038 0.3863791823387146 0 0.2939313948154449 6.565897092223167 6.043304398655891 250.6252226755023 708.5011369511485 86.02781222015619 21.08171270787716 0.1398122161626816 2.860092587769032 0 21.58523739874363 4.889452643692493 3.908250220119953 0.4859885796904564 0.3066592663526535 0.5340809524059296 0.4079880267381668 26.13555067777634 1.225479602813721 0.1283227205276489 299.0324971675873 5.913406625390053 6.258418701589108 0.6374566107988358 0.4639794304966927 9.361574284732342 106.2713699862361 0 27.27944073081017 14.70030619204044 0.4297769516706467 1.255035169422626 4.366025820374489 1.000839553773403 0.5810750126838684 0.7869021743535995 0.1788064539432526 0.3013490065932274 0 0.658633790910244 0.5420674085617065 0 176.4538731202483 37.51097206771374 0.5480760186910629 5.365821078419685 1337.587740719318 1.129608541727066 14.79932151734829 5.677952364087105 0.161060243844986 0 15.19079618155956 7.882540196180344 10.41666942834854 8.185219898819923 12.56592416763306 0 12.1987821161747 14.52498222887516 12.0185839086771 5.365125708281994 0 0 0 0 0.1100387126207352 0 0 0 0 0 0 0 0 0 0 0.09867829829454422 0 0 0 0.9972572028636932 1.052692115306854 0 0.2871675491333008 0 7.174422539770603 0.9320088326931 7.488435909152031 0.4586496949195862 0 0.1471727639436722 0 0 0 0.1514575332403183 0.5706216767430305 0 0 0.5802478790283203 0 0 0 0 0.6179599463939667 0.1009964719414711 0 0.09395847469568253 0 0 3.581588223576546 1.578765153884888 1.191954582929611 4.852249532938004 0 0 0 0 0 0 0 0 0 9.827380955219269 0 0 0 0 6.187267750501633 0.1643586903810501 4.012578211724758 0 0.1954747438430786 0 0 0.2779912352561951 0 0 0 0 0 0 0 0 2.251144610345364 2.252504780888557 0.8921198770403862 159.4903447702527 8.373443439602852 121.1545624062419 51.22838356345892 828.3705153763294 21.0427623540163 6.586620427668095 4.962893962860107 2.704954847693443 0 1.165979333221912 0 68.16473603248596 0 0.3061584830284119 0 0.951744943857193 0 304.977313823998 2.038971811532974
2061.836757712066 4253.524575166404 1517.961656376719 2096.264439724386 2263.815806522965 62.32318463176489 3395.102596208453 1258.327733121812 618.865019865334 1728.285598069429 1260.437128566206 264.5681240931153 792.9696879833937 1096.364669516683 39.49748095870018 3.898827165365219 0.4033035486936569 0.7466909438371658 0.1461207568645477 0.26969213783741 0.6719280704855919 0.1486997455358505 0.1257275491952896 0.5868761539459229 1.836820058524609 1.786637961864471 0.9732035100460052 0.105269581079483 0.1440339386463165 0 2188.916499570012 107.5453395396471 148.622141674161 0.2543348968029022 0.09529698640108109 1.343300111591816 35.75408133864403 0.8735791966319084 1.101658999919891 1.398458153009415 0.9390147626399994 1.072776280343533 0.9554364010691643 0.1918109878897667 0 0.3601956889033318 71.68232798576355 5.795133531093597 0.7509554177522659 0.8231778591871262 0.3676041513681412 0 0.4207710549235344 0 7.975236050784588 12.64393288642168 100.777792006731 671.2280706390738 79.50800490379333 84.75202632695436 0.3102670460939407 1.968633450567722 0.2122210562229156 301.2925461307168 9.531701073050499 7.640610888600349 0.8518877625465393 0.5641881972551346 0.5692726597189903 0.2575359791517258 27.47334267199039 0.09300905466079712 0 483.7759333625436 76.11732144653797 73.37242594361305 63.74184145778418 16.72664768993855 27.13704062253237 324.0180604532361 0.3271442726254463 47.00110986828804 20.50929272919893 0.08559206128120422 3.621485598385334 7.570739783346653 1.221363797783852 0 0.5733241513371468 0 0 0.1190332919359207 1.713145099580288 1.572911508381367 0.296366959810257 20.17895487695932 4.803269140422344 0 3.490893140435219 499.8300406932831 0.8625990301370621 5.692682176828384 3.876734152436256 1.127373576164246 0.6924377977848053 23.66668280959129 7.731303259730339 9.755596518516541 6.28527644276619 6.762752622365952 2.071465402841568 16.74112670123577 16.86546497046947 15.83323545753956 8.513004571199417 2.129579566419125 0.5203050896525383 0 0.3106763958930969 0 0 0 0.1161128357052803 0 0 0.2325136885046959 0 0 0 0 0.285756029188633 0 0.1943424493074417 0 4.542939245700836 1.064752221107483 0 1.655083768069744 0.3090846985578537 19.88708856701851 1.967957258224487 19.42491552978754 3.900540038943291 0.2087346315383911 0.1191224306821823 0 0.2692005336284637 0 0.4588560312986374 0.152102142572403 0.1031451001763344 0 0.1421352177858353 0.1446079611778259 0 0 0.1818926855921745 0.5883441641926765 0 0 0.08512069284915924 0.7201991081237793 0.5541333705186844 0.7484511286020279 1.248478181660175 6.438594944775105 9.515000142157078 0.554139718413353 0 0.1080412343144417 0 0 0 0 0 0 34.29396516829729 0.5648295283317566 0 0 0 6.270619660615921 3.505370944738388 2.367070414125919 0.6586073637008667 1.180336236953735 0 0.6183269694447517 0.4888738989830017 0 0 0.08737706393003464 0 0 0 0 0 2.147249445319176 8.997941605746746 10.00243519991636 254.6705372184515 15.19098911434412 228.8929198160768 71.48786388337612 542.7461951300502 35.73023731261492 5.330092057585716 16.64979524165392 4.44872822612524 0.4344181194901466 5.233904033899307 0 28.50029940903187 1.968792200088501 0 1.941720232367516 7.609511159360409 0.5197749733924866 133.3032852858305 7.457513824105263
391.2954111546278 1517.961656376719 1982.551661387086 186.628076530993 1183.134064264596 5.163299664855003 200.5601074397564 4394.956944830716 496.3604315668344 12.69721154123545 2541.976028859615 200.5251726433635 610.0435347631574 1570.930349491537 5.541630260646343 1.938941903412342 0 0.8369839861989021 0 1.280145257711411 1.698348730802536 1.205852940678596 1.234106004238129 1.163768626749516 2.950030520558357 2.139437668025494 0.1206254735589027 1.725721873342991 0.102618969976902 0 2839.79502209276 373.0290734022856 240.7304014712572 0.1157929971814156 0.4100909680128098 0.6072572469711304 39.06988865882158 2.540046997368336 2.387525655329227 2.252638079226017 3.054119125008583 2.014107130467892 4.199349828064442 0.3940439969301224 0.1322369426488876 0.3983060345053673 8.794239096343517 0.5834135562181473 0.3509201556444168 0.4594930335879326 1.190594129264355 0.1378160715103149 0 0.5378581807017326 0.7744253650307655 1.494903162121773 17.49369633942842 150.0184262990952 12.36544357985258 7.70935582369566 0.2130876034498215 3.181280948221684 0 332.1125256866217 0.5560280755162239 1.381257735192776 0.2247190326452255 0.3211703449487686 1.235040135681629 1.59401249140501 25.49619908630848 0.1250508278608322 0.153118297457695 60.6341909095645 12.66261243075132 9.894453525543213 34.28678909689188 24.67718145251274 78.9653182476759 825.8484669625759 0.2022247016429901 104.9068290665746 2.711553864181042 0.09290552884340286 0.3703847602009773 1.206763230264187 0.2640250995755196 0 0.3771828711032867 0 0.7697803527116776 0 3.946556404232979 3.587515458464622 0.8167650103569031 9.955575257539749 6.661973342299461 0 4.545387387275696 79.89475334435701 0 0 1.337567284703255 0 0 2.848610743880272 0 0.5388464480638504 1.826429627835751 0.4344939291477203 0.6459391713142395 4.460017539560795 3.021960243582726 2.805694863200188 2.275756776332855 0.1005852967500687 0.2024527117609978 0 0 0 0 0 0.106177031993866 0 0 0 0 0 0 0 0.1180517822504044 0 0.1839169561862946 0 0.7888366430997849 3.320805668830872 0 0.4001354873180389 0 5.154116809368134 1.689171671867371 6.419670157134533 0.2689297199249268 0.1616613119840622 0.6660481691360474 0.199726328253746 0.2507439181208611 0.3499349355697632 0.1093932241201401 0.3073636591434479 0.2858355268836021 0 0.4961478412151337 0 0 0 0 1.023396648466587 0 0 0 0 0.08972706645727158 0.08604930341243744 1.177344299852848 3.38235779106617 1.478178068995476 0.1372674405574799 0 0 0 0 0 0 0 0.20371213555336 9.487070307135582 0 0.4734923541545868 0 0.1609104871749878 1.386770904064178 1.328990653157234 3.585482984781265 0.5546397641301155 0.3502669036388397 0.645844966173172 0 0.2895680069923401 0 0 0 0 0 0 0 0 2.584612153470516 3.292079642415047 5.955426499247551 20.66897051036358 2.98003888875246 25.42163112014532 9.451771073043346 65.064876742661 4.444386824965477 0.3620317503809929 1.982744231820107 4.058828599750996 0 1.347629033029079 0 3.293656177818775 0.2327635288238525 0 0.6508985608816147 0.6996826678514481 0 13.65631593763828 4.575101792812347
1421.867237664759 2096.264439724386 186.628076530993 325.4718854725361 99.81125181913376 258.345651589334 1216.242534689605 4.790927402675152 5.054596662521362 1062.491972289979 13.9743328243494 650.3931704312563 636.2568075731397 28.22281724959612 2.975334614515305 0 0 0 0 0 0 0 0 0 0 0 0 0 0 0.09858880937099457 137.2370250076056 1.34352657943964 0.8359320163726807 0 0 0 3.423088848590851 0.0994599461555481 0.3051301836967468 0 0 0 0.08628776669502258 0.2121478989720345 0 0 10.11448808759451 1.599231667816639 0.1275484412908554 0.1014469489455223 0 0 0 0 3.519839093089104 3.958276435732841 54.73641071468592 162.9385558739305 30.76555336266756 12.97580540180206 0.08430580794811249 0 0.1085241362452507 6.69608361274004 1.693045251071453 1.103416822850704 0.1223467811942101 0.120852142572403 0 0 0.7314839959144592 0.2011426687240601 0 150.7859606668353 6.060970209538937 5.643835574388504 0.4814113676548004 0.2826942801475525 0.4613323658704758 1.45992736518383 0 0.1334356367588043 6.927269592881203 0 0.8079740703105927 1.878651469945908 0.1057847589254379 0 0 0 0 0 0.1085770651698112 0 0 2.314241215586662 0.2659635543823242 0 0.2536388039588928 432.9520666152239 0 5.471362441778183 0.350906640291214 0.5773135870695114 0 7.980196475982666 1.768259450793266 6.343680083751678 1.938386410474777 4.061715558171272 0 5.334137946367264 6.361764818429947 5.011148020625114 1.674999743700027 1.145496726036072 0 0 0 0 0 0 0 0 0 0 0 0 0 0 0 0 0 0 1.974402457475662 0 0 0 0.3438600301742554 1.437572538852692 2.196076810359955 2.0669204890728 0.7321061491966248 0 0 0 0 0 0 0 0 0 0 0 0 0 0.4973788261413574 0 0 0 0 0 0 0 0.1629445254802704 0.6839779615402222 0.5638789385557175 0 0 0 0 0 0 0 0 0 4.261038243770599 0 0 0 0 1.060609042644501 0 0 0 0 0 0 0 0 0 0 0 0 0 0 0 0.9606887549161911 0 0 57.70749987661839 2.56776187568903 62.20526101440191 23.44917219132185 398.9691725671291 10.02310947328806 1.239528112113476 1.679432436823845 0.7020624130964279 0 0.5127018094062805 0 25.58904853463173 0 0.7461021244525909 0 0.3864155635237694 0 118.2206144854426 2.10358889400959
87.83770780265331 2263.815806522965 1183.134064264596 99.81125181913376 2431.180966392159 3.876048013567924 2498.012834265828 116.5047150328755 4524.940624736249 156.0134058371186 1418.35832798481 42.9969250485301 596.7943901345134 1527.798220030963 42.0328367203474 4.796920672059059 0.09541056305170059 0 0 0 0 0 0 0 0.1901314854621887 0 0 0.08501709252595901 0.09819952398538589 0 215.6951263621449 55.04227729141712 3.08351407200098 0 0 0 1.828043907880783 0 0.2998144626617432 0 0 0 0 1.202779911458492 0 0.5846036523580551 53.45988458395004 2.569383606314659 0.1153040081262589 0.1686417013406754 0 0.1688389182090759 0.4736171439290047 0 2.827708452939987 4.029139295220375 11.95889063179493 133.5542453452945 15.82733065634966 41.01163069158792 0.4355891346931458 0 0 143.1765434741974 2.324927300214767 2.016083210706711 0.1944137215614319 0.08256686478853226 0.08096163719892502 0 19.47518789768219 0.135672852396965 0 154.3453538119793 45.53791155666113 48.40032655745745 45.8564575240016 17.07846898585558 1.186609961092472 3.242868669331074 0.5135203748941422 1.735833965241909 9.732778675854206 0.08846337348222733 0.7910067364573479 2.236613363027573 0.8143218904733658 0 0.08434955030679703 0 0.1072438135743141 0 0.09386809915304184 0.1048161536455154 0.1132838204503059 39.8425860106945 3.6583162099123 0 1.813136272132397 10.64028492569923 1.043736279010773 2.520252048969269 4.807040095329285 1.165743812918663 0.4830248355865479 35.88997956365347 6.724934339523315 18.1616897135973 19.30484452098608 10.64061734080315 2.93632960319519 37.71833678334951 40.41688302904367 37.73530168831348 24.41794876009226 1.579207472503185 0.7289372757077217 0 2.787254333496094 0 0 0 0 0 0 0 0 0 0 0 0 0 0 0 9.475421957671642 2.969623103737831 0 5.395880900323391 0 55.13087691366673 3.094482593238354 37.51947042346001 2.550493642687798 0.4805904030799866 0 0 0 0 0.952865332365036 0.4069403856992722 0 0 1.802472725510597 0 0 0 0.2931190431118011 0 0 0.5197780132293701 0.1284008473157883 1.570401012897491 2.745638661086559 1.519265577197075 0.2877234220504761 5.623860388994217 25.01708278805017 0.5339627861976624 0 0 0 0 0 0 0 0 86.4710078984499 0.5563196241855621 0 0 0 16.17407809942961 4.353297248482704 6.981237605214119 1.783274047076702 2.933681488037109 4.539050385355949 0.2302168309688568 1.314141348004341 0 0 0 0 0.1003530323505402 0 0 0 18.50600675493479 12.75772906839848 15.35660748183727 154.9079349711537 7.487859196960926 114.4549806267023 33.83514700084925 31.21749474853277 19.74982187896967 1.876143679022789 20.31415575742722 18.19927428662777 1.37988817691803 12.35394901037216 1.838139742612839 24.95900982618332 0.3192785084247589 0 0.8174529671669006 8.314071178436279 0.1398122012615204 53.92106796056032 13.6215490847826
55.19178237766027 62.32318463176489 5.163299664855003 258.345651589334 3.876048013567924 2.659348040819168 52.30273558199406 0.2710847556591034 11.01947535574436 491.6939207985997 3.050648853182793 181.2255919799209 137.722054630518 27.52646714448929 0.1397127062082291 0.2410416007041931 0 0.2895740270614624 0 0 0 1.181401655077934 0 0 0 0 0 0 0 0 5.400865375995636 0.1570938527584076 7.270479410886765 0 0 0.3998791575431824 9.401048943400383 0.2310894727706909 3.755891487002373 0 0 0 0 0.6539823338389397 0 0.8536646738648415 0.1213750764727592 0 0.118562713265419 0 0 5.320816144347191 2.802149146795273 0 0.2391824349761009 1.042242325842381 92.36627458781004 16.133664034307 2.418472006917 2.154038816690445 0.9500909298658371 2.438172474503517 0.2589483261108398 0 0 0.0768924281001091 0.1170949935913086 0.1262195557355881 0 0 163.0961958765984 315.0312535762787 9.700561694800854 13.43495859205723 0.1218109875917435 1.077156648039818 0.502093642950058 0.2744585275650024 0.4159117937088013 0.529207706451416 0.5372996926307678 4.458538427948952 0.61750128865242 4.510813720524311 0 6.14871259778738 0.4611338078975677 19.67433313280344 12.8670951500535 10.75991402566433 8.008669063448906 5.44818739593029 0 0 0.9192748814821243 593.8294213712215 594.0731388777494 32.6500910371542 37.38843467831612 283.2227639555931 0 0.6902695298194885 0.4880334138870239 0.4040850102901459 0 5.968780130147934 7.101747110486031 0.502735435962677 1.896962270140648 4.449837476015091 0.7241804003715515 1.980336263775826 6.009818270802498 3.439038753509521 0.2192052900791168 0 0 0 0 0 0 0 0 0 0 0 0.1486400663852692 0 0 0.1096434742212296 0 0 0.1906262040138245 0.600442960858345 0.2546358108520508 0 0 0.7698378711938858 0 0.9995537325739861 0.1429044157266617 1.451389521360397 0 0.1431538015604019 0.2615298330783844 0 0 0 0 0 0 0 0 0 0 0 0.1970162391662598 0 0 0 0.1928171813488007 0 0 0.8949139267206192 0 0 0 0 0 0 0.2233691811561584 0 0 0 0.140202671289444 0 1.759499281644821 1.126921877264977 0 0 0.1245719864964485 0 0 0 0 0 0 0 0 0 0 0 0 0 0.2303453683853149 0 0 0.8363369554281235 0 0 17.43170189112425 0 5.772294200956821 2.724075004458427 82.94024342298508 3.258314542472363 0 0.7951245903968811 0 0 0 0 23.68420732021332 0 0 0 0.1532409489154816 0.1457153558731079 57.39107525348663 4.472976483404636
888.2079649344087 3395.102596208453 200.5601074397564 1216.242534689605 2498.012834265828 52.30273558199406 814.4848073124886 21.88566903024912 1008.192327477038 1489.65515447408 529.5799463838339 479.4376139268279 2800.307073399425 2927.856542699039 30.95098908245564 3.014994382858276 0 0 0 0 0.2291685938835144 0 0.10100407153368 0 0.09938794374465942 0 0 0.08856485038995743 0 0 231.7812591716647 24.78072314709425 0.6210078001022339 0 0 0.4012829065322876 0.2461955025792122 0 0.321669340133667 0 0 0 0 0.258544847369194 0 0.1647826060652733 58.06026663631201 2.906642653048038 0 0.2217747867107391 0 0 0.126518115401268 0 5.738693907856941 6.419743351638317 38.13626255095005 273.1794634461403 35.27766767889261 47.71416094899178 0.109927199780941 0.3279122412204742 0 115.6323389559984 4.756257198750973 3.882131308317184 0.2364901304244995 0 0 0.09202677756547928 10.94500391930342 0.797599270939827 0 255.9570130035281 46.44583787024021 42.70370428264141 32.5657674819231 10.9790131226182 1.153093904256821 2.484468877315521 0.4145930036902428 1.515657566487789 12.04632321745157 0 2.035850569605827 5.044925093650818 0.5938583686947823 0 0.6324616149067879 0 0 0.09170861542224884 0.2559547424316406 0 0.1265208423137665 72.05674057453871 3.21985387802124 0 0.9510659277439117 63.63734295964241 2.627701953053474 8.753708466887474 22.32081192731857 8.399334415793419 2.079850554466248 65.74294093251228 15.62016648054123 42.36195281147957 41.59808273613453 33.02266103029251 6.420749992132187 52.17291445285082 48.85000645369291 54.02586538344622 37.26019681245089 0.9133719354867935 0.8569075763225555 0 1.030351191759109 0 0 0 0 0 0 0 0 0 0 0 0 0 0 0 9.752340868115425 5.256082646548748 0 3.128525823354721 0 62.78507172316313 0.8869910091161728 49.58289697766304 1.795113414525986 0 0.1853953748941422 0 0 0 0.7568951398134232 0.1329768151044846 0 0 3.196261569857597 0 0 0 0.1746203899383545 0 0 0 0.1626157388091087 0.7932765856385231 4.787702813744545 1.955077856779099 0.7023927718400955 8.190719202160835 15.59724681824446 0.3458136320114136 0 0 0 0 0 0 0 0 90.07334782928228 0 0 0 0 8.268210709095001 3.382267989218235 10.31986182928085 1.505173057317734 4.380130335688591 1.367928385734558 0.3652907311916351 0.3425596058368683 0 0 0 0 0.09104165434837341 0 0 0 28.17546688020229 9.017095692455769 8.15306431800127 158.7932080477476 4.771492443978786 137.8739798367023 43.23547162115574 236.2939127758145 25.86967748403549 2.34610091894865 20.26341187953949 15.69022553414106 0 10.05569317191839 2.885298743844032 66.80563851445913 0.9444093704223633 0 2.480183392763138 4.342038497328758 1.140990614891052 247.3089049383998 16.50970207154751
217.2927699163556 1258.327733121812 4394.956944830716 4.790927402675152 116.5047150328755 0.2710847556591034 21.88566903024912 718.0003591477871 112.4852470234036 3.064748421311378 2752.139267593622 74.25548738986254 288.269358932972 1693.727054476738 34.50455674529076 14.43338828533888 0.9208288490772247 5.359106220304966 0.1449709385633469 5.845096088945866 21.3996400013566 7.82977993786335 11.8154447004199 17.00042025744915 39.88536465913057 33.69758197665215 8.345948837697506 13.2054006010294 2.04994960129261 0.5904310643672943 1023.224689908326 1648.615807689726 591.3107431977987 0.7191488742828369 12.55051458626986 32.90998402237892 38.8656395226717 40.34750168025494 19.17598728090525 25.86999847739935 42.39874055236578 26.46265906095505 13.23300552368164 1.704081945121288 0 0.6940497830510139 39.82746211439371 0.6201104298233986 2.695117652416229 3.786465093493462 4.772809676826 15.18319018185139 1.278082989156246 4.172743700444698 0.7313095331192017 1.74779337644577 10.15485273301601 108.8238801136613 11.85867000371218 23.65517182648182 1.394260965287685 26.82221273332834 0.7821216136217117 441.5071795135736 0.95827466994524 1.033702448010445 0.7037857174873352 1.406807646155357 6.850690245628357 9.218356512486935 16.67398196458817 1.118707664310932 0.9151720702648163 74.03915333002806 42.94916731119156 42.98016063868999 195.2490127533674 521.271022900939 1022.832626067102 2561.596283107996 15.24921894818544 1187.981745153666 3.093945816159248 0 0.7766970098018646 1.634125620126724 0.5048795789480209 0 0.7632869184017181 0.324082538485527 4.634340807795525 0.681838147342205 21.87884321808815 24.02682606130838 3.065708070993423 1.158825121819973 2.78860680013895 0 15.37147467583418 31.9772864356637 0.1074414849281311 0 0 0 0 0.5577032566070557 0 0.420605331659317 0.6000567674636841 0 0 0.5900087356567383 0 0 0.2540950626134872 0.08711503446102142 0.1045721098780632 0 0.1323783099651337 0.2177018225193024 0 0.1930354386568069 1.325921759009361 0 0 2.650395192205906 0 0 0 0 3.906445473432541 0 1.853819407522678 0 0 0.7061753869056702 0 1.288726344704628 0 0.6708396822214127 0.276274710893631 0.5097913146018982 0.9355785921216011 0.2924972251057625 1.426034927368164 1.262859724462032 0.1867673695087433 0 0.09639673680067062 0 1.71024502068758 0.2328236997127533 0.1281438022851944 0 0 0.6981338188052177 0.1161742806434631 7.17588897049427 0 0 0 0 0 0 0.3850213065743446 0.6309771612286568 0.5834777131676674 0.130503311753273 0 0 0 0 0.1727970689535141 0 0.1840959936380386 0.2146501392126083 2.60413571447134 0.1926492750644684 0.8938630074262619 0.3031673431396484 0.5536766946315765 0.4770581722259521 0.7055184841156006 0.2213309407234192 0.08913368731737137 0.4935814440250397 0.4304826259613037 0.1495347768068314 0 0 0 0 0 0 0 0 0.6182310283184052 0 0.5579828470945358 0.699241891503334 81.67275376617908 14.86894760280848 93.12815363705158 26.55770409852266 19.09281368553638 9.712676078081131 0.5902170464396477 17.0385909602046 3.00879667699337 0.3865406513214111 2.75683806091547 1.068499967455864 0 0.1820266842842102 0.108892060816288 0.1283830553293228 6.225047059357166 0.1341799646615982 12.96794776618481 0.7071841657161713
4.159556545317173 618.865019865334 496.3604315668344 5.054596662521362 4524.940624736249 11.01947535574436 1008.192327477038 112.4852470234036 884.1708650588989 37.73568807542324 1598.211339011788 8.419381260871887 374.696705147624 1035.477831639349 18.25053448975086 3.269408471882343 0.1172483637928963 0 0 0.1142290011048317 0.09451755881309509 0 0 0 0.1062973439693451 0 0 0 0 0 23.1783064827323 10.61277318000793 0.6033513993024826 0 0 0 1.405527800321579 0 0.3101049214601517 0 0 0 0 0 0 0.1102735996246338 15.2974811270833 0.3511131629347801 0.0873565599322319 0 0.1948575377464294 0.1556447595357895 0 0 0.9447749406099319 1.109167702496052 1.363772191107273 20.25990164279938 2.918489865958691 15.08897233009338 0 0.4347266852855682 0 23.33761266618967 1.163517981767654 0.4765951409935951 0.1147371977567673 0 0.0968036949634552 0.1550579518079758 11.4849668815732 0 0 30.28740817308426 12.06159599125385 14.96993842720985 10.9402712136507 8.293077640235424 1.629916451871395 12.538699477911 0.1083565056324005 0.1615990698337555 2.088972888886929 0 0.2436146810650826 0.6632543504238129 0.0923001766204834 0 0 0 0 0.1005431562662125 0 0 0 23.94408474117517 0.7797581106424332 0 1.407741591334343 1.191321909427643 1.317516587674618 3.417459897696972 3.127283625304699 3.905433043837547 1.542820706963539 32.38660454005003 7.109482504427433 15.8699174374342 11.90166167914867 9.145248308777809 2.140760749578476 29.32548250257969 27.25844199955463 23.58001040667295 17.08515014499426 1.230445772409439 2.244855865836143 0 0.1531152427196503 0 0 0 0.4804744273424149 0 0 0 0 0 0 0 0 0 0 0 7.016282543540001 1.856893017888069 0 1.465409070253372 0 42.24636218696833 2.035778522491455 23.13731228560209 1.745381012558937 0.152912363409996 0 0 0 0 0.119055949151516 0.558891773223877 0 0.2939007580280304 2.181084766983986 0 0 0 0 0 0 0 0 0.2052094787359238 2.058224931359291 0.5949212908744812 0.5620207786560059 5.81860314309597 8.804606452584267 1.961500495672226 0 0 0 0 0 0 0 0 55.88389006257057 0 0 0 0 13.66282825917006 5.27732814848423 6.806701853871346 0.6857670396566391 2.042864501476288 2.275849647819996 0.1958744004368782 1.794973850250244 0 0 0 0 0 0 0 0 11.23052684217691 5.920776128768921 9.013915732502937 53.55146015435457 0.947447806596756 29.4186322838068 14.19050125777721 10.47588989883661 8.963024295866489 0.7541299760341644 9.069545403122902 6.347511194646358 0 5.408121436834335 0.6934793740510941 12.45134215056896 0.6471974700689316 0 1.566516250371933 2.619630634784698 0 37.3494014441967 6.102978989481926
1787.960512213409 1728.285598069429 12.69721154123545 1062.491972289979 156.0134058371186 491.6939207985997 1489.65515447408 3.064748421311378 37.73568807542324 1082.062732920051 51.90676570683718 1989.651426739991 5763.926774792373 297.1179639473557 2.143886536359787 0.343341052532196 0.111192412674427 0 0 0 0 0 0 0.1301350891590118 0 0 0 0 0 0 54.53846823424101 1.967814639210701 11.21620041877031 0 0 0 34.10190458595753 0 0.1123758628964424 0 0 0.299927145242691 0 0.200805202126503 0 0 11.99788942933083 0.634378619492054 0 0 0 0 0 0 2.216234035789967 2.886221505701542 47.47297782450914 103.2681754827499 19.63398976624012 10.94334767013788 0 0.4158738255500793 0 10.77126107364893 2.455667749047279 1.144443199038506 0.3274705782532692 0.1224599629640579 0 0 136.8096122741699 4.891973078250885 0 96.87138448655605 6.990318283438683 4.548678621649742 1.044635072350502 0.108062319457531 0.08416400104761124 0.4812746495008469 0 0.9820170998573303 5.12848287075758 0 0.758699432015419 1.612114295363426 0 0 0.157644048333168 0 0 0 0 0 0 57.56084506213665 19.45139048993587 0 6.373874053359032 387.3647320941091 3.670396246016026 53.27664322406054 38.31387121230364 23.17452350258827 2.24097765982151 127.8627081140876 70.73077760636806 65.50593991577625 54.79351764172316 102.8988145515323 13.45073892921209 95.03769041597843 129.1714657843113 63.7281983345747 19.39539754390717 0.1022621914744377 0 0 0 0 0 0 0 0 0 0 0 0 0 0 0 0 0 0 7.882391661405563 0.7019259482622147 0 0 0 40.03187756240368 0 12.92087148874998 0.1603746861219406 0 0 0 0 0 0 0 0 0 0.3871491774916649 0 0 0 0 0 0 0 0.09740224480628967 0.5472873449325562 0.369388185441494 13.93285874277353 0 0.4216023683547974 5.625703141093254 0.105306014418602 0 0 0 0 0 0 0 0 66.30416916310787 0.2912945598363876 0.1606383919715881 0 0 9.835420593619347 0.1306533515453339 2.081727057695389 0 0.3171199113130569 0.3404533863067627 0 0 0 0 0 0 0 0 0 0 29.75297847390175 2.019655779004097 1.421909995377064 82.53119088709354 1.777735307812691 42.77226266264915 13.55826149135828 797.9238513708115 6.711181491613388 1.202247984707355 2.47236368060112 3.74660436809063 0 2.957348465919495 0 283.8637875467539 0 0 1.238029062747955 0.5879243090748787 0 565.0203321948647 38.30577412247658
35.06763263046741 1260.437128566206 2541.976028859615 13.9743328243494 1418.35832798481 3.050648853182793 529.5799463838339 2752.139267593622 1598.211339011788 51.90676570683718 4059.48636674881 119.8520306348801 2178.701672464609 3193.942435480654 50.01442108303308 11.98523707687855 0 0 0 0.2216043397784233 0.1111859455704689 0.5783897638320923 0 0.1852820068597794 0.8368477374315262 0.9974371194839478 0.390468530356884 0.1372834146022797 0 0 110.8507157191634 56.99182533472776 26.96351277083158 0 0 0 40.50790637731552 0.8183274194598198 0.7901352420449257 0.6190253123641014 0.245138019323349 0.3279926776885986 0.3120480701327324 0.5386802107095718 0.3054697439074516 0.263684906065464 48.68980362266302 1.163307458162308 0 0.0895187109708786 0 0.379044234752655 0.1039591059088707 0.3357225656509399 1.779658675193787 1.479993976652622 5.605041615664959 48.19751247763634 6.44530064612627 31.42994867265224 0.1710234805941582 0.2260334491729736 0.1037882715463638 59.49647964537144 1.931438535451889 1.34032891690731 0.2443558499217033 0 0.4956142902374268 0.234900027513504 25.49079240858555 0 0 79.14881563931704 30.97535566240549 50.83797711133957 40.56099586188793 23.59651854634285 5.886844746768475 503.7090063393116 0.1165303066372871 37.47383306920528 4.1347865909338 0 0.5466146618127823 1.604720063507557 0.4385248720645905 0 0.08155262470245361 0 0 0.2155025601387024 0.1235183402895927 0 0.1479696929454803 21.51562716811895 4.444443844258785 0 3.369497463107109 7.744903191924095 1.121990591287613 1.052446559071541 2.81053115427494 0.3388533368706703 0.9761401563882828 26.43022413551807 0.6641676425933838 19.53106724470854 11.31753847002983 5.438967294991016 3.897978842258453 19.87512442469597 24.62265246361494 19.88585837185383 15.48596803098917 0.1757604628801346 1.857968673110008 0 0 0 0 0 0 0 0 0.1007884070277214 0 0.1168332174420357 0 0 0 0 0 0 4.444432400166988 3.26201456040144 0 1.326265543699265 0 34.9146289229393 3.550507269799709 31.88496864587069 1.831505283713341 0.09062135219573975 0 0 0 1.366565346717834 0.6525229811668396 0.5981872826814651 0 0.710124135017395 0.9494620114564896 0 0 0 0.4277541786432266 0.1060768663883209 0 0.5502314567565918 0 0.778565801680088 0.09350366145372391 0.7645781338214874 0.9027239084243774 5.341960489749908 15.63907772302628 0.9430137127637863 0 0 0 0 0 0 0 0 54.95399409532547 0.9558105394244194 0 0 0 10.16503749787807 6.283235862851143 7.305069915950298 0.6228174567222595 4.628525905311108 1.513714142143726 0.160970538854599 0.3509005159139633 0 0 0.1266367584466934 0 0 0 0 0 13.11537852883339 8.529498092830181 12.01159766316414 115.9258196353912 5.51033665984869 86.87523950636387 31.57075452059507 17.85861590504646 17.34693092852831 5.025892108678818 24.39929269254208 14.61988169699907 0 8.191681921482086 1.11035230755806 20.6887978464365 1.212407231330872 0 1.359838470816612 5.917878821492195 0.8053600639104843 29.50031836330891 3.424097560346127
228.6451918706298 264.5681240931153 200.5251726433635 650.3931704312563 42.9969250485301 181.2255919799209 479.4376139268279 74.25548738986254 8.419381260871887 1989.651426739991 119.8520306348801 102.0737328380346 1739.598358362913 105.1515305638313 31.11896605044603 16.11938068270683 0 0.1941598951816559 0 0.4051487222313881 0 1.61098438501358 0 0.1371070295572281 0.2665780335664749 0 0 0 0 0 28.17301723361015 7.815223060548306 35.44855655729771 0 0.1280180513858795 0.1489672660827637 184.9857609272003 3.90130091458559 3.535646758973598 1.445209562778473 0.6636417508125305 0.5118807554244995 0.2608107104897499 3.331229373812675 0 0.3368111103773117 28.43224930763245 0.5536168441176414 0 0.1624571979045868 0 0.3820624351501465 0.0955035462975502 0.9987767934799194 1.307315573096275 0.5414559468626976 7.01528637856245 31.95588949322701 5.094476990401745 13.51260726898909 0.3342305049300194 1.554913714528084 0.240226075053215 11.95524997264147 0.9460054263472557 0.5954279527068138 0.3061918169260025 0.09661043435335159 0 0 179.1925238072872 0.7377194911241531 0.2601772248744965 41.47217164933681 8.711701482534409 19.91792141646147 11.52153913676739 8.756401740014553 0.7308709993958473 7.759522773325443 0 2.64484104514122 2.648358501493931 0 0.2577885836362839 0.3277868777513504 0.09447263926267624 0.2432318478822708 0 0.1412006020545959 0.9323096871376038 0.4153944551944733 0 0.4440070539712906 0.1970072537660599 260.9351006150246 40.66733250021935 0 99.85607705265284 52.99681448936462 4.398557163774967 19.2760818824172 17.02256356179714 17.24651261419058 4.423332050442696 114.9901268035173 41.08660990744829 73.52576227486134 67.42498200386763 63.83453334122896 11.3523138910532 120.4650959745049 94.4249210730195 79.19554972648621 37.77973352372646 1.20582427084446 2.136398494243622 0 0.1667640507221222 0 0 0 0 0 0 0.2308960109949112 0 0 0 0 0 0 0.1014832258224487 0 19.53762554377317 4.418355159461498 0 4.752661406993866 0.2565198540687561 92.11173249781132 4.35875491052866 43.59731579571962 2.686747588217258 0.1144914850592613 0 0.1854986995458603 0 0 0.4135641008615494 2.14416242390871 0 0.09679386764764786 1.243071764707565 0 0 0.3413018584251404 0.1253239065408707 0 0 0 0 0.2777980118989944 1.908803962171078 4.808901436626911 1.346476808190346 7.137870259582996 26.84013465791941 0.1062414348125458 0 0 0 0 0 0 0 0.4767178893089294 159.1790388152003 0.1409781128168106 0.1484655439853668 0 0.1070233508944511 21.40854228287935 3.957763306796551 7.511053085327148 1.100689686834812 6.845356099307537 1.98090161383152 0.2818367481231689 0.6196273639798164 0 0 0 0 0 0.1627216637134552 0 0 47.30479152500629 13.25114211440086 15.61819039285183 115.6615543365479 1.871178030967712 60.40054401755333 31.5135852843523 189.9563809409738 13.41399317234755 0.4133988171815872 23.85680976510048 17.14624483883381 0.1117154434323311 18.96534314751625 0.7928003966808319 130.4446422383189 3.297282129526138 0 3.311854690313339 7.741656810045242 0.5884514003992081 564.7461055666208 36.43871983885765
301.4095558896661 792.9696879833937 610.0435347631574 636.2568075731397 596.7943901345134 137.722054630518 2800.307073399425 288.269358932972 374.696705147624 5763.926774792373 2178.701672464609 1739.598358362913 1680.334437169135 5132.137408189476 145.7887429893017 79.98020692914724 0.5429409816861153 0.9826707690954208 0.1289326548576355 1.439798504114151 2.30247288942337 6.826279416680336 0.4745456203818321 1.26344507932663 5.32887040823698 3.49923349916935 0.7871329039335251 1.137988775968552 1.168917588889599 0 103.4821262806654 56.29979126900434 737.7090295851231 0.1273725628852844 1.153036765754223 4.347478121519089 461.951853774488 57.479212641716 58.83562272787094 6.23133908957243 5.078304976224899 2.841905534267426 2.580298244953156 10.55496603250504 0.1320997178554535 3.585407622158527 140.3701257482171 1.229611597955227 0.4133637323975563 1.285993061959743 0.5139103606343269 15.45027850568295 2.097072958946228 4.086191937327385 2.982496008276939 2.793152332305908 13.92882692068815 115.8010081872344 18.65792930871248 60.22430017590523 4.106835313141346 21.84324379265308 0.3737406507134438 79.84148896485567 3.964091688394547 1.889609515666962 0.3240485861897469 0.7094825208187103 1.436549685895443 0.8941764682531357 539.0241500213742 4.65814271569252 0.7918739318847656 165.2682288587093 55.468540340662 101.8596387803555 76.76557225733995 65.10680115222931 17.070710927248 233.8077736198902 1.84430830180645 33.21206359565258 9.431936211884022 0.1794956028461456 0.9744173586368561 2.547158673405647 1.051763840019703 0.2345760613679886 0.3275417536497116 0.6257793456315994 3.218342550098896 3.401652589440346 2.244407296180725 5.2409942522645 1.599587291479111 1145.067827194929 45.27252298593521 0.1542884707450867 358.4156966432929 57.01638410240412 11.06599701941013 23.29024982452393 32.11559887230396 12.28421166539192 7.593424379825592 214.5535431653261 51.13861230760813 143.0825131312013 89.67482648789883 90.43675562739372 28.4110206887126 231.9510481283069 193.1857725158334 165.7116364017129 104.6292618066072 5.249252483248711 5.533314317464828 0.09029243141412735 0.7753859013319016 0 0 0 0.6934281587600708 0 0 0.7548245489597321 0 0.09114136546850204 0 0.3269778490066528 0.7669822126626968 0.1345305889844894 0.146799698472023 0 43.37915396690369 13.22031513601542 0.2144421637058258 4.440382704138756 0 228.2954022437334 8.331308104097843 146.0983732119203 10.11671215295792 0.2602078914642334 1.305939875543118 0.7982903718948364 0.4865948855876923 0.554033488035202 4.931941755115986 2.780621878802776 0 0.646737314760685 8.145922809839249 0 0.09136603772640228 0.7067700326442719 0.8205849900841713 1.591318547725677 0 0.1126468405127525 0 1.61127781867981 5.723862737417221 8.529627233743668 3.452702045440674 21.21266005188227 68.12496124207973 4.239462867379189 0.2278558313846588 0.1582068800926208 0.2121756300330162 0 0 0 0 0.2312343567609787 365.9828068688512 0.916688896715641 0.7627801448106766 0.3008123338222504 0.1588995158672333 44.96159927546978 17.84336958825588 28.87512399256229 6.192772015929222 8.104788228869438 5.933778621256351 0.4916721433401108 3.757493078708649 0 0 0 0 0 0 0 0 95.3162784948945 51.47454958409071 45.57236947119236 432.3990130648017 10.4142424762249 255.1733351126313 142.2427587434649 258.8540523201227 53.51653070747852 1.139918357133865 101.0431281402707 47.25072994083166 2.756539858877659 38.42041027545929 2.599630430340767 158.0464604869485 5.136965073645115 0 6.016511365771294 35.73212628811598 2.917365469038486 582.4195937141776 48.2657967582345
