272.6304831430316 2734.629683159292 638.9191767796874 1650.697903968394 92.08595356345177 86.20591996610165 286.6175036802888 28.93525019288063 8.309187062084675 1253.946627289057 39.02077659219503 43.06554111093283 71.17376064509153 95.27722118794918 1.644263438880444 0.7789056375622749 0.4594716802239418 0.5852888599038124 0 0.1743198782205582 0 0 0 0 0.546331524848938 0 0 0 0.7905741930007935 0 841.9382971003652 4.734980881214142 55.08598277717829 0.1586166173219681 0 2.280673146247864 25.53717601299286 17.97349818050861 43.43087796121836 3.408255442976952 1.871882453560829 0.09533467888832092 0.2201551645994186 0.8843698054552078 0 0.8474201411008835 30.91838336735964 4.755790494382381 0.7282646968960762 1.563338682055473 1.309434376657009 0.5723632723093033 1.94922461360693 0 4.093163125216961 25.40688332915306 368.7943381145597 799.0429176613688 54.15490064769983 38.18501923978329 3.661669418215752 41.36525356769562 0 67.96467153728008 11.06792291253805 9.840768836438656 1.253377169370651 1.140206344425678 0.2450224012136459 1.211212664842606 42.05050522834063 8.89374378323555 0 196.5572642013431 164.5324176549911 47.54394176602364 18.37989944964647 1.302549876272678 2.180242627859116 41.32663770020008 1.278192602097988 43.87994962930679 37.52580108493567 0.7164737433195114 13.27959397435188 22.30159686505795 2.616010583937168 0.5892623141407967 2.701531708240509 0.3363191038370132 0.1947410181164742 0.1575157940387726 0.3986312225461006 0.4711303859949112 0.5100694745779037 48.99726995080709 31.69549883902073 0 40.39903669059277 1070.751612491906 0 0.4312056005001068 1.294676229357719 0.6921558678150177 0 2.417123898863792 0.6490730047225952 0.5081452131271362 1.274345815181732 2.368432641029358 0.4877966046333313 3.735308945178986 6.822654217481613 2.437315791845322 4.739557355642319 0.1902260780334473 0.5234788060188293 0 0 0 0 0 0 0 0 0 0 0.6865648627281189 0 0 0 0 0.5794159770011902 0 1.652204513549805 2.251383244991302 0 0 0 7.333469465374947 1.648809015750885 8.973535031080246 19.27794405817986 3.143134355545044 0 0 0.3969473540782928 0 0 0 0 0 0.5228113979101181 0 0.2842421233654022 0.2978047728538513 4.132721222937107 0 0 0 0.3999786972999573 0 0 0 1.369264245033264 3.592829346656799 8.451096951961517 0 0 0 0 0 0 0 0 0 20.79682479798794 1.619990944862366 0 0.422239251434803 0.08648143708705902 2.370114892721176 0 1.687582552433014 0 0.7406526058912277 0.5679609477519989 0.3505383133888245 0.2026230245828629 0.09506785124540329 0 0 0.1636427640914917 0.1086033582687378 0.3110548257827759 0.1346213072538376 0 12.81281732022762 18.30863671004772 27.64467093348503 289.5590656101704 8.031830973923206 199.0155537724495 132.3586618304253 805.0713831558824 16.52618017792702 2.71338427811861 14.46799738705158 9.294725820422173 0.3348601311445236 7.864995464682579 3.091153413057327 15.24750977754593 0.9884729385375977 0.7598116025328636 0 2.759625181555748 0.5468811392784119 283.8598833307624 10.02724075317383
2734.629683159292 2832.448203243315 681.3755469322205 1291.486477009952 1261.200285285711 91.05275151133537 1658.114441640675 170.5489230901003 597.2461183965206 1031.884563781321 689.6670846194029 57.02456375211477 1357.305782265961 2693.091794267297 7.408030033111572 3.947821281850338 1.264434657990932 0.09403051435947418 0.1779178157448769 0 1.977790594100952 0.1436781138181686 0.1312718689441681 0.09157248586416245 0.6741821318864822 0.153665155172348 0.07734760642051697 0.103939987719059 0 0 1532.066407710314 57.85705688595772 86.45281655341387 0.1348242163658142 0.0979696661233902 0.4955118745565414 6.386669635772705 1.539321340620518 4.705870054662228 0.8592927306890488 1.811200544238091 0.1437018662691116 0.9207993447780609 3.462755896151066 0.38748998939991 0.3755720257759094 106.1288885101676 9.495980478823185 1.730958677828312 1.018304720520973 2.650032088160515 0.09649255126714706 0.1562100946903229 0.6806856915354729 2.882100813090801 37.96415676921606 235.2244219258428 538.3358833193779 40.75837013497949 82.53828322142363 4.927929200232029 7.773091427981853 0.09387186914682388 258.0857521817088 19.04958537966013 19.15281911194324 3.949696019291878 3.474397793412209 1.991077862679958 4.138799719512463 14.96097996085882 1.231956414878368 0.4453307241201401 272.622547134757 299.4133335128427 124.645321123302 54.36672957241535 6.443309903144836 5.101541668176651 128.4541033804417 3.935707472264767 18.38014781475067 45.45887471735477 1.386853136122227 20.09663362056017 40.89882559329271 6.99052020907402 0.5010246336460114 5.212440714240074 0.641105517745018 1.680389508605003 0.4440212026238441 3.184589810669422 0.2954020351171494 0.8990640640258789 17.21907163411379 6.610154792666435 0 6.628734640777111 858.0929084196687 0 0 0.944499284029007 0 0.4622072577476501 2.040392935276031 0.5005442127585411 0.3815061450004578 0.4044616520404816 2.281182236969471 1.008912339806557 2.194389313459396 5.790745116770267 2.142105415463448 1.978569678962231 0 0 0 0 0 0 0 0 0 0 0 0 0.1884187161922455 0 0.2029649615287781 0 0 0 0 0 0.6988940238952637 0 0 0 0 0.7258435487747192 3.448865011334419 3.279929131269455 1.352841608226299 0 0.1051024422049522 0.1409251093864441 0.3686942160129547 0 0 0 0.1201254948973656 0.154215931892395 0 0 0 0.1286191195249557 0 0 0 0 0 0 0 0 0.3846371471881866 2.320365205407143 0 0 0 0 0.09102513641119003 0 0.1774361282587051 0 0 3.817762494087219 0 0.1101301535964012 0.09184656292200089 0.1887778043746948 0.868403822183609 0 0 0 0 0 0 0.1743423193693161 0 0 0.1041943579912186 0 0.205494724214077 0.1926448419690132 0.134551078081131 0.1272469162940979 4.200978763401508 1.640288025140762 2.879991069436073 318.0552350133657 14.16986329108477 337.5477883517742 159.4620491415262 330.0923669189215 22.54253122210503 2.329268589615822 47.58903845399618 4.843512170016766 0.1740923002362251 0.6653524339199066 0.7660112753510475 3.244704723358154 0.2088044807314873 0.9462849944829941 0 12.58878540247679 0 193.8695529103279 1.203432023525238
638.9191767796874 681.3755469322205 1031.30164064467 17.36711459606886 1439.545060291886 18.22691966593266 51.51106996834278 3562.946210898459 300.2349612489343 21.15870662778616 1638.056533932686 38.27889686077833 90.93664970248938 1932.582414850593 23.47855377942324 17.87233004719019 5.801423490047455 1.333393253386021 0 6.517040021717548 40.01766353100538 0.3954359367489815 1.865644581615925 1.428452514111996 9.5379573777318 4.956395827233791 0.3502966314554214 2.513541623950005 1.445213370025158 0 3518.524292930961 854.5689125433564 662.9657083302736 1.147429436445236 6.968399778008461 16.85631014406681 36.23151676356792 21.19181430339813 23.01348626613617 8.879328496754169 26.48507782071829 4.12572019547224 6.863596700131893 5.57855224609375 0.760094940662384 1.206088870763779 75.99609630554914 5.875924557447433 1.903400339186192 13.10240910947323 13.19242864847183 0.2528220042586327 2.254379622638226 1.091442495584488 1.246326088905334 12.30351392924786 126.1415298059583 464.9222508519888 24.58475919812918 28.02071088552475 50.90163268148899 93.51350975781679 3.450731433928013 532.9224438071251 8.196012645959854 18.48777623474598 22.87800821661949 14.62119424343109 40.13271297514439 66.66549855470657 29.62021178752184 1.050285965204239 0.3357576802372932 111.6789383739233 122.5784736275673 62.92997266352177 42.68150708824396 43.26271682977676 284.7583369165659 1843.488984979689 64.66094143688679 474.8648205921054 17.30461805313826 1.298534512519836 8.604361847043037 32.14859514683485 7.799674928188324 0.3689479008316994 14.80977894365788 0.7532404735684395 6.661933682858944 3.044424496591091 46.41853486001492 4.480720795691013 6.267585322260857 21.91104424744844 2.503419324755669 0.2536402642726898 10.53947351127863 340.720336958766 0 0 0.1960767507553101 0 0 1.169909283518791 0.1273558437824249 0.5329437255859375 0.4045694470405579 0.11642886698246 0.2026602178812027 0.2325055599212646 3.398053623735905 2.199966706335545 1.810492381453514 0.08267997205257416 0 0 0.2959429323673248 0 0 0 0 0 0 1.285728722810745 0 0.1006073579192162 0 0.5011239945888519 0.2606678009033203 0.1853866204619408 0 0.1351819336414337 0 0.3409561067819595 0 0 0 1.595770090818405 0.1622874736785889 1.743305251002312 4.433384895324707 0.9350800961256027 0 0.4023406207561493 0 0 0 0 0.1279041320085526 0 0 0 0 0.7098521888256073 2.229566909372807 1.742812462151051 0 0 0 0 0 0.1336188167333603 0 0 1.169488087296486 0 0 0 0 0 0.1116719022393227 0.1869917064905167 0.2168964743614197 0 4.735072031617165 0 0.2301222234964371 0.393298514187336 0.2940008416771889 1.023110695183277 0 1.847324594855309 0.649780735373497 0.1759657561779022 0.2565872967243195 0 0.4002277255058289 0.1086378395557404 0 0 0 0.3811107650399208 0.1090263873338699 0.1150126680731773 0.1555549055337906 3.510013647377491 3.640033945441246 5.286595463752747 189.081807680428 17.79373524338007 159.9212250187993 85.00697305798531 92.7589014172554 9.09403071552515 1.45619385689497 33.34881260246038 2.406832575798035 0.1199104487895966 1.554641924798489 1.57287985086441 2.229279048740864 0 0 0 5.710324548184872 0.1323191672563553 74.80493805557489 1.94756680727005
1650.697903968394 1291.486477009952 17.36711459606886 275.086150623858 31.67768280953169 217.3578980416059 535.7785399183631 1.282176107168198 0.7573833242058754 1493.852565273643 0.551291897892952 41.42290933430195 404.7130599170923 161.7735447585583 0.1400709301233292 0.09131117165088654 0.2884602248668671 0 0 0 0 0 0 0 0 0 0 0 0 0 88.50070507079363 1.619134731590748 1.264854021370411 0 0 0 0 0.7277307361364365 1.792472049593925 0 0 0 0 0.3554506376385689 0.1248664185404778 0 8.810056626796722 1.585455447435379 0.1091526448726654 0.4812372401356697 0 0 0 0 0.5940696820616722 7.056190878152847 75.0553370192647 107.3618012070656 12.17069604247808 9.933267265558243 0.3420279696583748 0 0 20.40434108674526 3.298849359154701 2.50968724489212 1.230381987988949 0.5959239304065704 0 0 3.573850929737091 1.072348520159721 0 53.58421903848648 49.13393072038889 13.22419711947441 3.28773394972086 0 0.2432117611169815 0.9730104580521584 0.2004545331001282 1.771785892546177 11.29809967428446 0.6515615358948708 4.125655010342598 6.255474008619785 0.5010653212666512 0.1920364275574684 0.842553474009037 0.08415354788303375 0.0888136625289917 0 0 0 0 0.6683129966259003 0.730122372508049 0 2.731582134962082 219.8940588310361 0 0 0 0 0 0.4762191474437714 0.3912900537252426 1.147749334573746 0.1523189842700958 3.487874232232571 0.2773278951644897 0.6793714761734009 1.42861844599247 0.5133430957794189 0.5201602727174759 0 0 0 0 0 0 0 0 0 0 0 0 0 0 0 0 0 0 0 0 0 0 0 0 0 0 0.2720734179019928 1.199508935213089 0 0 0 0 0 0 0 0 0 0.1188699007034302 0 0 0 1.220444202423096 0 0 0 0 0 0 0 0 0 0.5210793614387512 0 0 0 0 0.1065104529261589 0 0 0 0 0.9878115803003311 0 0 0 0 0.4064550697803497 0 0 0 0 0 0 0 0 0 0 0 0.08523315191268921 0 0 0 1.243857987225056 0.3194247484207153 0 102.4784097149968 2.477192990481853 44.94869877398014 31.63044892251492 366.6063691675663 2.288588181138039 0.5189730748534203 4.464546866714954 0.8756413608789444 0 0 0.1009538844227791 3.414287395775318 0 0 0 0.8680685460567474 0 104.2910419404507 0.5847223848104477
92.08595356345177 1261.200285285711 1439.545060291886 31.67768280953169 1897.87014439702 1.462085172533989 1486.338627390563 502.1819881871343 5875.55591686815 845.4671472162008 2336.622224666178 25.31224279105663 1701.239799559116 5415.853225663304 5.385503113269806 3.200326412916183 0.5630346015095711 0 0.1259295046329498 0.4533425644040108 1.355646997690201 0 0 0.1242765560746193 0.2542515322566032 0.1119382306933403 0 0 0 0 143.8523936867714 51.91893727332354 16.13718368858099 0 0 0.1073836609721184 2.688882283866405 0.4080512598156929 2.004101052880287 0.1347037553787231 0.8018462955951691 0.4888618066906929 0.1265623718500137 1.191730014979839 0 0.9682775437831879 87.27454522252083 4.376544862985611 0.827259749174118 0.7618305757641792 1.393020316958427 0 0.2834419831633568 0 2.008604474365711 14.71908959746361 39.27338529378176 69.91443555802107 9.619734354317188 38.17788354307413 1.919903159141541 3.183390416204929 0 99.92846212536097 6.964927814900875 7.526995562016964 1.595843784511089 0.6919883564114571 0.9573337063193321 1.810243912041187 10.81860837340355 0.7166732549667358 0.2969636172056198 77.41946864873171 107.101045511663 68.03092073649168 34.26966092735529 4.313680529594421 3.378119640052319 36.01364061236382 0.9815865010023117 9.27754669636488 16.84028090536594 0.3469660803675652 8.145681984722614 15.71693853288889 3.034372039139271 0.09111717343330383 2.256472170352936 0.09825970977544785 0.5956382229924202 0.1486264765262604 1.165809862315655 0.2190196216106415 1.043709851801395 11.78324685245752 1.896943047642708 0 5.523062787950039 20.1213613525033 0 0.125969260931015 1.067434132099152 0 0 2.649143062531948 0.9234238713979721 2.016288623213768 2.067560419440269 3.843672029674053 0.490946888923645 4.111625701189041 10.95512346923351 4.832384139299393 6.907013386487961 0 0 0 0 0 0 0 0 0 0 0 0 0 0 0 0 0 0 0 0.4446251690387726 0.2757337093353271 0 0 0 3.605795502662659 0 3.279090590775013 3.291019186377525 1.48954039812088 0 0 0 0 0 0 0 0 0.4149052202701569 0 0 0 0 0 0 0 0 0 0 0 0 0.6107827425003052 2.066664785146713 0.1155976727604866 0 0 0 0 0.08202004432678223 0.1910304948687553 0 0 10.67066758871078 0 0.1622990816831589 0 0.09243335574865341 2.408362850546837 0 1.127175509929657 0 0.3586345016956329 0 0 0 0 0 0 0 0.1009700894355774 0 0 0 8.133005663752556 0.9548644125461578 3.484262675046921 209.0827478244901 6.7205990254879 198.918048940599 85.38134283572435 55.2633208706975 12.3057746142149 0.3866772353649139 36.04180926829576 5.54208143055439 0.2022992819547653 1.821274690330029 1.556791171431541 4.035367399454117 0.448819637298584 0.2031386867165565 1.127060770988464 6.291613273322582 0.8384211659431458 46.04302989691496 2.469680771231651
86.20591996610165 91.05275151133537 18.22691966593266 217.3578980416059 1.462085172533989 10.62731298804283 28.7838451564312 1.153856515884399 0.8127620965242386 471.9610005542636 2.076308697462082 289.6074196696281 107.904569260776 34.57502262294292 0.3097057193517685 0.3109060972929001 0.1517259329557419 0 0 0 0 0.6725887507200241 0 0 0.3310254216194153 0 0 0 0 0 22.27290295064449 0 9.095153972506523 0 0 0 8.456989392638206 0.4787109643220901 4.071139842271805 0.1596941649913788 0 0 0 0 0 0 0.433492548763752 0 0.157384991645813 0.1242873296141624 0 7.517316192388535 1.169902175664902 0.1409203410148621 0 1.891804426908493 184.9729111865163 2.732802174985409 7.127834849059582 0.4447936937212944 0 0.1539773941040039 0 0.6540027856826782 0 0.3571187183260918 0 0.2910046577453613 0.6633109003305435 0 104.5813701599836 250.6855191588402 12.24865591526031 0.418719545006752 0.9703723192214966 0.1674018055200577 0 0.3108665347099304 0 1.145422071218491 0 0.3420138955116272 0 7.067449912428856 0.1110609471797943 1.103212937712669 0 5.18901863694191 1.881707765161991 8.096331536769867 0 0.9348226338624954 0 0 1.097692057490349 869.9595250934362 339.0210198760033 16.29604618251324 51.69464000314474 282.3503295779228 0.1173796653747559 0.8687082529067993 0.4618279933929443 0.1419204771518707 0.2354931235313416 5.467248991131783 4.462511375546455 1.908411622047424 4.064978934824467 13.57369973510504 0.8722703158855438 5.056942954659462 12.13311334699392 3.055560640990734 1.420624807476997 0 0 0 0 0 0 0 0 0 0 0 0 0 0 0 0 0 0 0 0.1541870385408401 0 0 0 0 0.7975838556885719 0 0.1337695717811584 0.1402991563081741 0 0 0 0 0 0 0 0 0 0.1252980679273605 0 0 0 0.1220322847366333 0 0.2948094010353088 0 0.1484634876251221 0 0 0.7982708364725113 0 0 0.7182478308677673 0 0 0 0 0 0.1320929229259491 0 0 0 4.437112666666508 0.2034709304571152 0 0 0 2.197563707828522 0 0 0 0.1308322101831436 0 0 0 0 0 0 0 0 0 0 0 5.863710135221481 0.7375373840332031 1.491329744458199 84.47370874136686 4.600374847650528 1.85940708220005 0.9894658923149109 145.4029949083924 3.121268846094608 0.1255195587873459 1.160612165927887 5.443499684333801 0 0.545997679233551 0 12.85485817492008 0 0 0 0 0 51.07780408859253 8.617728903889656
286.6175036802888 1658.114441640675 51.51106996834278 535.7785399183631 1486.338627390563 28.7838451564312 379.6516897752881 10.89202088117599 1472.502373181283 1947.858205512166 365.6514204889536 368.3229641541839 2272.979904212058 3972.10521389544 7.666959583759308 2.360776171088219 1.011966392397881 0.07702603191137314 0.09337950497865677 0.118174135684967 0.4480516240000725 0 0 0 0.2382251396775246 0 0 0.1333999782800674 0.1984193027019501 0 65.52279744297266 22.41108270734549 15.56462417542934 0 0.1121617928147316 0 6.153467983007431 1.329913854598999 4.023415990173817 0 0.3953427672386169 0 0.7595621198415756 2.03888027369976 0.6655818521976471 0.3154126927256584 79.95535622537136 4.778531894087791 0.3314984813332558 1.385496012866497 1.122379802167416 0.08879389613866806 0.1106243059039116 0.1835280954837799 2.591856263577938 14.10588085651398 57.69835525006056 78.62259406596422 9.705832950770855 35.20609134435654 1.628795348107815 2.903133802115917 0.08230653405189514 75.85316413640976 7.336247704923153 6.384707607328892 1.261941894888878 1.239031620323658 0.5772245302796364 0.5745076388120651 21.8663227185607 1.759165078401566 0 82.27990190684795 96.93206154555082 63.24273473769426 32.57315090298653 3.495957843959332 0.6629884317517281 15.79825729131699 1.172013975679874 6.13018885999918 18.77767070382833 0.7117409780621529 8.071718767285347 15.88681999593973 1.810053467750549 0.172626756131649 2.237412497401237 0.6031685918569565 0.1189140155911446 0 0.3897027522325516 0.08752628415822983 0.2325721085071564 40.05678752809763 3.259901538491249 0 10.69368381798267 41.97862796485424 0.3673595935106277 0.3986416012048721 2.327087417244911 0.904617041349411 1.079847157001495 9.286458000540733 4.626711972057819 3.150970920920372 4.945707492530346 13.56808337569237 4.941986918449402 5.404600858688354 23.39787969738245 10.70516609400511 10.11320694535971 0.4348615109920502 0.1073723211884499 0.5290998816490173 0 0 0 0 0.2900205850601196 0.9970983862876892 0 0 0 0.4275567829608917 0 0 0 0 0 0 1.242949530482292 2.095532797276974 0 0 0.5418181419372559 8.036583758890629 1.786116510629654 6.289602637290955 8.282717555761337 0.1757732182741165 0 0 0 0 0 0 0 0 0.6872896701097488 0 0 0 0 0 0 0.1037492007017136 0 0 0.2617778033018112 0.5443664342164993 0 1.573195174336433 6.323858737945557 0.1589462757110596 0 0 0 0.2821390926837921 0 0.1066241636872292 0.1291631162166595 0 21.82606129348278 0.4913623929023743 0 0.0827963575720787 0 4.251151815056801 0 3.355912625789642 0.4617181420326233 0.5751184225082397 0.7203203290700912 0 0.09606108814477921 0 0 0 0 0.2298613488674164 0.2048071548342705 0 0 23.2518223375082 4.894534781575203 7.626642003655434 245.442260786891 7.523716956377029 192.2695257514715 85.22276924550533 121.697958946228 13.04652663320303 2.00902246683836 37.38692455738783 14.46359035372734 0.07798399031162262 3.038131467998028 0.8327182158827782 22.02189522981644 0 0 0.5798890590667725 5.796782299876213 0 90.80976401269436 9.250363983213902
28.93525019288063 170.5489230901003 3562.946210898459 1.282176107168198 502.1819881871343 1.153856515884399 10.89202088117599 2734.009968817234 252.4199047833681 6.395014390349388 2295.086725406349 66.60984744131565 102.1227352768183 1488.715662233531 21.13274775445461 14.39171934872866 3.895703993737698 1.288119710981846 0.2212169840931892 4.946448735892773 37.05041778832674 0.7221664041280746 1.762871854007244 1.410525478422642 6.843309007585049 4.455761291086674 0.6760390847921371 2.29927871376276 1.44849943369627 0.1929809004068375 218.5525364503264 1116.827718190849 553.2383766695857 1.644973039627075 5.56917142868042 17.25390896946192 29.43080962449312 15.99579102545977 18.34510435909033 6.410090148448944 19.10953117161989 2.61301426589489 9.27794399112463 65.17781215906143 1.302667796611786 7.714822754263878 80.42131307721138 3.636346891522408 2.384590901434422 8.124210141599178 10.55146186798811 1.187798872590065 2.342192679643631 1.342198483645916 0.4203926622867584 3.53898286819458 17.40811032801867 35.09889161586761 4.767013736069202 22.55539948493242 146.0509198755026 148.9151616618037 0.9772611409425735 108.2620168328285 2.553672432899475 8.575730361044407 15.32751831412315 11.87742611020803 28.83261453360319 49.0255331248045 40.75385012477636 1.004209235310555 0.1352930217981339 33.93530093878508 57.03039517998695 54.36013797670603 42.16550486534834 291.5299777463078 1067.579166993499 1816.573895975947 370.3123408034444 1063.300152122974 8.728866904973984 0.4544358253479004 3.009722389280796 16.86911220103502 5.886731430888176 0.2051510810852051 11.99818013608456 0.324966236948967 3.79180946201086 1.36163617670536 42.19908153265715 2.872474767267704 3.309362486004829 70.52252073585987 5.901139989495277 0.1284233033657074 9.552383601665497 20.47113432735205 0.3315796628594398 0 0 0 0 2.684331387281418 0.2723991870880127 0.2356577217578888 0 0.9173353314399719 0 0.1710449308156967 4.966120511293411 1.743190929293633 2.465597540140152 0 0 0 0 0 0 0 0 0 0.2645226716995239 1.558068931102753 0 0.5873966664075851 0 0.1106020361185074 0.1480947881937027 0.3735686391592026 0.1226396113634109 0 0 0.335863471031189 0 0 0.2606517374515533 1.528438046574593 1.376000449061394 0.5307336151599884 2.846609584987164 1.123043075203896 0.3947437703609467 0.1153567656874657 0.1687512993812561 0 0 0.1572774052619934 0 0 0.354562059044838 0.1202054619789124 0 0 2.107665084302425 1.541891194880009 0 0 0 0 0 0 0 0 2.121813371777534 0 0 0 0.1347499191761017 0 0 0.1157548427581787 0.09780917316675186 0.2562755048274994 8.047309890389442 0 0.2119345813989639 0.2456318736076355 0.459859125316143 1.495954513549805 0 1.309391215443611 0.1293355971574783 0 0.2582320719957352 0 0 0.142110601067543 0 0.09807466715574265 0 0.1960513666272163 0.4161814376711845 0 0 1.835898205637932 3.390468895435333 4.407927572727203 184.6468155160546 14.93813209235668 132.7009053751826 63.70273807644844 19.82136060297489 8.733186446130276 0.6268973425030708 36.52477042376995 2.055704891681671 0.3403761014342308 1.83269976079464 0.4884093999862671 7.173786789178848 0.1139829531311989 0 0 3.683192625641823 0 19.17075222730637 1.230277344584465
8.309187062084675 597.2461183965206 300.2349612489343 0.7573833242058754 5875.55591686815 0.8127620965242386 1472.502373181283 252.4199047833681 823.0676714107394 87.52423868328333 858.1292917430401 32.52444187551737 287.0357728824019 1504.755288846791 4.957702957093716 2.418085426092148 1.034437738358974 0.08891565352678299 0 0 0.4641157537698746 0 0 0 0 0 0 0 0 0 26.04551907628775 22.29285103082657 17.57154796272516 0 0 0 2.420714132487774 0.3613821268081665 1.106391161680222 0.1960112750530243 0 0.1500601321458817 0.1511080712080002 0.528224803507328 0.3315895274281502 0 54.00801762938499 1.600644297897816 0.1882749572396278 0.2717690095305443 1.161132052540779 0 0.105198509991169 0 0.3676353916525841 6.698443949222565 9.948831334710121 13.08228688687086 3.381808184087276 20.76482859998941 0.4396039992570877 1.557520546019077 0 28.38670216500759 4.291207112371922 3.870576150715351 1.05558604747057 0.3948337063193321 1.131875917315483 0.4891428053379059 11.16002347320318 0 0.1161605194211006 33.62758616358042 30.38221862912178 44.08261635899544 18.5774489864707 4.37865836173296 1.024800479412079 36.48011990636587 0.6508037596940994 3.890500292181969 8.824550807476044 0.08200475573539734 5.27245232462883 8.223093315958977 1.122370921075344 0.1168264374136925 1.515551716089249 0.1001177206635475 0.08986061066389084 0.2451925799250603 0.5132471174001694 0.1216863542795181 0.3754441067576408 15.22738602012396 2.900507301092148 0 3.823602050542831 5.119610883295536 0 0.6832022964954376 0.1402641236782074 0.1391388773918152 0 2.045145392417908 0.522931344807148 0.2254500240087509 2.511326752603054 4.703107059001923 1.344107493758202 1.574238047003746 6.903092823922634 3.680554874241352 2.727493032813072 0.1174924373626709 0.1910990923643112 0 0 0 0 0 0 0 0 0 0 1.118154838681221 0 0 0 0.1146862730383873 0 0 0.7332389205694199 0.8580168187618256 0 0.5996923446655273 0 1.916164822876453 0.6661036163568497 2.116817578673363 1.993135273456573 1.059054479002953 0.1036065444350243 0 0 0 0.09314195066690445 0 0 0 0.4461442828178406 0 0 0 1.052096247673035 0 0.07498485594987869 0 0 0 0 0 0 0.8641361594200134 1.836690679192543 0 0.1915083378553391 0 0 0 0 0 0 0 7.24752027541399 0 0 0 0 2.064556807279587 0 1.137295961380005 0.1203374713659286 0 0.09708172827959061 0 0 0 0 0 0 0.2121640145778656 0.08421313017606735 0 0.2303979843854904 6.621865853667259 1.446798890829086 4.774578735232353 134.609556004405 6.437566645443439 109.9116471931338 46.15826143324375 19.37153592705727 6.359126813709736 0.4459610357880592 25.70139341801405 4.017786622047424 0.1454941034317017 1.801650583744049 0.9617790430784225 4.745564840734005 0.5506046414375305 0 0.2332389354705811 3.216815583407879 0 17.04949575662613 2.477229990065098
1253.946627289057 1031.884563781321 21.15870662778616 1493.852565273643 845.4671472162008 471.9610005542636 1947.858205512166 6.395014390349388 87.52423868328333 1754.747928984463 31.34626065939665 2549.430175095797 6086.308272182941 1264.371615581214 7.045006915926933 3.371618784964085 1.339180082082748 0.1153999641537666 0.1004878133535385 0 0.389171838760376 0.1612724959850311 0.0941491574048996 0 0 0 0.891981840133667 0.4853134751319885 0.7288038283586502 0 87.69242855906487 12.46505242586136 92.16334093362093 0.1225152164697647 0 0.2060315310955048 45.25100408494473 9.479104787111282 23.20841915905476 2.378006219863892 0.1219207569956779 0.2120292782783508 0.3357406333088875 1.579911023378372 0.1274323165416718 0.1472036689519882 124.1568322703242 7.037982203066349 0.776015043258667 0.5812171101570129 1.525074109435081 0 1.716638684272766 0.1904739141464233 3.090064652264118 25.72255962342024 169.4576495438814 152.6806162074208 23.50409896671772 62.43622963875532 2.509316459298134 20.40849269926548 0.295158863067627 110.0668550804257 13.30241049826145 15.42288757860661 2.763668946921825 1.932128496468067 0.5882060974836349 0.3710368350148201 229.7761853039265 15.77714565396309 0.08936209976673126 166.5417016223073 173.4800811558962 97.95136064291 43.05651058256626 4.537046901881695 1.014502361416817 17.82506255805492 1.434140868484974 28.84712396562099 34.61801815778017 0.4137500301003456 15.82515768706799 28.29406899958849 4.507812842726707 0.2497936189174652 1.833515085279942 0.5523478612303734 1.148343220353127 0.1393363475799561 0.8407284170389175 0.2718521133065224 0.8967244923114777 460.6810167431831 51.86758977919817 0 106.9667542800307 464.3504640161991 4.989982761442661 27.77139355242252 262.5536563917994 275.7989969551563 5.787964276969433 545.2137879133224 76.07095637172461 74.93683191388845 188.6090563759208 170.0180756449699 34.34888925403357 56.6096061244607 332.795057028532 90.52287484705448 57.67803871631622 1.828658297657967 0.09715162217617035 0 0.2523180544376373 0 0 0 0 0 0 0.1956047713756561 0 4.804299205541611 0 0 0 0.4986750483512878 0 0.1495637595653534 9.742700010538101 16.19703795015812 0.2783964276313782 4.061076492071152 0 53.6552092730999 14.05677351355553 36.86694315820932 29.83568726480007 11.52804678678513 0 0 0.09459763020277023 0 0 0 0 0.3126108646392822 2.960805371403694 0.2461743205785751 0 0 4.410416513681412 0.4820643067359924 0.3696992546319962 0 0.5409579128026962 0.6234918907284737 3.544007852673531 5.698556609451771 0.4326071739196777 9.866251587867737 43.34070317447186 0.8349524363875389 0.0909850001335144 0.8247509598731995 0.6452871710062027 0.4460751339793205 0 0.1070869043469429 0.3788779303431511 0 165.4834429249167 2.650540888309479 0 0.2221082970499992 0.105690523982048 54.44734419137239 0.1138724088668823 15.30017074197531 4.578314051032066 5.145336292684078 1.967648081481457 1.047343477606773 0.37574203312397 0.6640618443489075 0 0 0 0.4243871793150902 0.1246822327375412 0 0 173.7643544524908 38.32208153605461 57.72375492751598 1485.7055490762 25.5392779558897 387.8406621664762 204.6427605971694 1401.82372802496 39.50747891515493 2.747628189623356 112.5700552165508 147.682941891253 1.481509126722813 26.8885406255722 5.160635709762573 198.7450910061598 2.387999385595322 0.6790115237236023 1.401430785655975 19.018021941185 0.5576169937849045 869.3912085741758 114.745060570538
39.02077659219503 689.6670846194029 1638.056533932686 0.551291897892952 2336.622224666178 2.076308697462082 365.6514204889536 2295.086725406349 858.1292917430401 31.34626065939665 1441.181616142392 450.1803236082196 799.044088318944 3143.362040892243 10.08634641766548 7.177536241710186 4.442175596952438 0.1326915174722672 0.1133893802762032 0.4365851879119873 4.979057021439075 1.002293467521667 0 0.5062180012464523 2.283438079059124 1.261185228824615 0.398219421505928 0.4295031726360321 1.072840124368668 0 107.3543485254049 33.41275051981211 723.5125649571419 0.1575211584568024 2.907857283949852 6.172676309943199 160.8923387825489 14.14391031861305 32.57386963814497 4.527090296149254 4.674136191606522 1.24606528878212 0.3886473402380943 1.833128958940506 0.2861793041229248 0.9289802461862564 43.10342130810022 0.9893225133419037 1.320055477321148 1.882636323571205 2.936137281358242 0.6651802211999893 2.362087488174438 0.1955622583627701 0.1361390650272369 1.748978279531002 7.870037861168385 14.84241891652346 1.901423580944538 11.7624849230051 1.973667114973068 39.1709665581584 0.2787781655788422 21.47459997981787 1.243057809770107 1.736295916140079 2.453667275607586 2.574972607195377 3.635492905974388 6.740791358053684 187.763161689043 1.286986649036407 0.4736661836504936 15.39460512250662 19.49103493243456 22.80627331137657 19.69664205610752 6.695160023868084 15.5013589784503 839.3145757913589 4.397048652172089 82.86896999925375 3.479598954319954 0.3415712863206863 1.870371215045452 4.559087917208672 0.556099958717823 0.145545095205307 3.781498894095421 0.9190201908349991 1.462579838931561 0.4912492036819458 8.903209663927555 1.992323935031891 2.598599575459957 105.0546922087669 12.44841924309731 0.6055039018392563 20.73811258375645 15.28435207158327 0 0.1456718891859055 0.6066038012504578 0 0.1701061874628067 1.789203271269798 0.570191890001297 0.9996308982372284 1.29283994436264 1.893365457653999 0.9022295475006104 0.7296777367591858 5.750993683934212 1.195581674575806 2.532881341874599 0.2596874535083771 0.2342122048139572 0.1293550282716751 0.1515996605157852 0 0 0 0 0 0 0.556772455573082 0.1048322394490242 1.005330264568329 0 0.1458187848329544 0 0.3358659148216248 0.3955823928117752 0.1242138370871544 0.7426736876368523 0.2559651136398315 0 0 0 4.829764872789383 0.5084057748317719 1.990864813327789 3.978507682681084 1.409429863095284 0 0 0 0 0 0 0 0 0.09313018620014191 0 0 0 2.774495922029018 0.3125045597553253 0 0 0 0 0.3892419338226318 0 0 0.4902810752391815 1.659710586071014 0 0 0 0 0 0.1213312298059464 0 0.2747519910335541 0 9.391446314752102 0 0.1729640811681747 0 0.1931953951716423 3.111120477318764 0 1.087548315525055 0.1303949058055878 0.1273439079523087 0.5446449294686317 0 0.1147002652287483 0.1130257919430733 0 0 0 0 0 0 0 8.605657964944839 2.6315096616745 7.019604690372944 125.1277917400002 4.586779408156872 69.89224568754435 37.86392621695995 18.65877239406109 1.698881164193153 0.2561053335666656 23.59074156731367 5.480886429548264 0.2123693823814392 1.312139563262463 0.097197026014328 4.655088871717453 0 0 0.4839456528425217 3.26820482313633 0 15.85144469887018 0.5356394648551941
43.06554111093283 57.02456375211477 38.27889686077833 41.42290933430195 25.31224279105663 289.6074196696281 368.3229641541839 66.60984744131565 32.52444187551737 2549.430175095797 450.1803236082196 391.488942861557 1755.805139422417 1360.265499837697 16.22047577053308 13.13229874521494 2.624532386660576 0 0 0 6.42017038166523 1.277083814144135 0 0.1178486049175262 2.552711173892021 1.162101298570633 0 0.8190372437238693 0.3893668502569199 0.2295910194516182 9.240586213767529 4.950785376131535 114.5539006814361 0.2619829326868057 1.444510728120804 4.459693282842636 78.47676764428616 16.45420307666063 43.3792335242033 8.842567041516304 4.198388263583183 0.7967678010463715 0.4518877565860748 1.357762098312378 0.1782137900590897 0.6559122428297997 59.68593147397041 2.200830116868019 0.6715100556612015 2.277437902987003 2.61484432965517 1.219568252563477 3.608754202723503 0.5049775540828705 0.1352024376392365 2.316235177218914 20.24320639669895 11.30377229303122 1.187073461711407 11.44152003526688 1.662148386240005 8.882943570613861 0.1938242316246033 31.21306362003088 2.04656694829464 1.962303355336189 2.988496035337448 1.431561671197414 3.43315701931715 6.646332092583179 233.6025884598494 7.391354188323021 0.6210415363311768 17.87263830751181 22.597865447402 30.2166688144207 24.05600682646036 8.098187752068043 0.1049559265375137 166.9787621498108 1.260464757680893 13.14009934663773 2.211960129439831 0.1857517510652542 1.037757724523544 5.079522185027599 1.2325174883008 0 2.414585717022419 0.4022476226091385 1.488276936113834 1.038107693195343 8.373682662844658 0.7165714502334595 2.952158078551292 1043.807656541467 121.6313057169318 0.4728587120771408 69.31328702718019 75.20019000768661 3.328718259930611 7.324551045894623 9.129021100699902 2.588056176900864 4.259043917059898 64.55455841124058 47.28950247168541 31.48740852624178 59.52242222428322 156.9691566303372 35.5411850810051 63.39812165498734 264.1143875196576 96.85005779564381 73.12400659173727 0.6912523508071899 0.3592041581869125 0 0 0 0 0 0 0 0 0.9365275502204895 0 0.4535063207149506 0 1.093314975500107 0.437067985534668 0 0.7009321451187134 0 15.86492566764355 19.6430526226759 0.6710229516029358 1.695509910583496 0.6257008165121078 55.53377509862185 7.775091484189034 27.67343139648438 25.6919070482254 10.81793766468763 0 0 0 0 0.1680157631635666 0 0.1966923028230667 0.6255957186222076 3.708748564124107 0 0.275188148021698 0 5.535067915916443 0.4464761838316917 0.2474922835826874 0.2427944391965866 0 0.5216270685195923 2.345806241035461 5.727090157568455 1.456481397151947 11.86043676733971 31.76403102278709 0.9286082834005356 0 0.1050688847899437 0 0.2327216416597366 0 0.1564555764198303 0 0 200.4221473187208 1.251508593559265 0.1408568024635315 0.400890439748764 0.2213957980275154 48.01946691423655 2.190298184752464 15.5564935952425 2.888456858694553 2.925325766205788 1.846952445805073 0.5923665687441826 0.9690874218940735 0 0 0 0 0 0 0.5447603017091751 0 207.1434454023838 25.58371510356665 40.49133647233248 499.111230276525 6.467035599052906 86.9956685975194 49.53232836723328 309.2489561215043 8.874302387237549 0 35.86305105686188 87.80468605458736 0.2534346580505371 14.40851075947285 8.099587880074978 161.4147228971124 2.067975550889969 0.2390929311513901 1.760518662631512 7.638054974377155 0.3792746365070343 831.9299250766635 117.4845481291413
71.17376064509153 1357.305782265961 90.93664970248938 404.7130599170923 1701.239799559116 107.904569260776 2272.979904212058 102.1227352768183 287.0357728824019 6086.308272182941 799.044088318944 1755.805139422417 3691.428684338927 6224.588297531009 27.46788499504328 19.11038212478161 5.130598776042461 0.319129653275013 0.2511600330471992 0.5180456340312958 4.130338124930859 0.6007534712553024 0.1279309540987015 0.3559303879737854 2.475188404321671 0.4100308492779732 0 1.403865702450275 0.2705353945493698 0 27.77272643893957 20.4737052321434 582.4383546113968 0.3965185135602951 0.7141085416078568 4.328285500407219 512.368520103395 106.8813888058066 222.5427936315536 6.963493123650551 5.452011153101921 2.021954260766506 2.353063151240349 4.20334754884243 0.1197668835520744 0.4163776114583015 133.9200090020895 4.524345204234123 1.14070501178503 3.228029735386372 3.881596848368645 0.443401962518692 2.446342416107655 0.2384200692176819 0.7191036641597748 8.760575607419014 32.49373197555542 32.2847351282835 7.840565860271454 35.73812787979841 3.485744632780552 44.26335619390011 0 69.31759756803513 6.733764387667179 8.547241158783436 4.429183535277843 3.142642021179199 7.050112031400204 10.72254560887814 421.6323158740997 6.774665296077728 0.1447383165359497 63.0344235599041 67.09240765124559 83.09170184284449 51.97743280231953 13.6836781874299 3.040126845240593 162.8111792430282 4.983591221272945 30.29387651383877 13.1379730924964 0.508184902369976 5.980937272310257 14.0308036506176 3.174831256270409 0.08990331739187241 6.289941772818565 0.5113953128457069 1.361748822033405 0.6937483325600624 11.41925179958344 0.8195601850748062 2.256109558045864 1218.215292796493 43.73607581853867 0 75.41243170201778 57.4075939655304 3.754789844155312 6.655927196145058 12.53286898136139 1.263772137463093 4.319551154971123 83.47365979105234 47.62670294940472 43.63252767920494 50.74795457720757 154.9596131518483 35.50543460994959 49.47695711255074 235.3617471083999 97.85280196368694 61.77061841636896 1.227298431098461 0.6813651472330093 0 0.6180623471736908 0 0 0 0.1395806223154068 0 0 0 0 2.498088821768761 0 1.488627135753632 0 1.184259563684464 0.1636406481266022 0 9.746724635362625 8.42015928030014 0 2.569369062781334 0 48.01232206076384 7.097301602363586 30.93440416455269 28.55636429041624 11.30696959793568 0 0 0 0 0 0.1362434476613998 0.1185354664921761 0.1563090682029724 4.240356370806694 0.2662384212017059 0.09814845025539398 0 8.111117608845234 0.5771518126130104 0.4148080497980118 0.3717387616634369 0.09727891534566879 0.5417813658714294 1.899331204593182 3.773357138037682 0 7.592216804623604 39.36920670419931 0.8913758099079132 0 0.632714107632637 0.1058311238884926 0.09166752547025681 0 0.09469486027956009 0 0.2499425634741783 192.8714190647006 0.5135814547538757 0.3587916791439056 0 0.2327235415577888 56.14753235131502 1.223583444952965 18.43344776332378 2.102804094552994 4.029641576111317 1.295851550996304 0.4443892389535904 0.7973696142435074 0 0 0 0 0.2350395321846008 0.09323225915431976 0 0 201.2092627286911 21.16092958301306 49.62760802358389 653.2408844456077 15.6326968818903 245.9271624162793 123.7531276196241 187.8621082678437 16.37386612594128 0.5178067311644554 85.48623239994049 95.9677450209856 1.141785472631454 23.13779704272747 5.52085043489933 135.4358791783452 2.698055878281593 0.4471101835370064 2.511535502970219 9.476673021912575 0.3408344238996506 464.5678781345487 86.15732304006815
