387.2146822065115 1881.826915495098 684.8944924473763 898.5281467437744 167.7114326134324 325.1100698187947 596.4627388268709 100.6987446174026 34.29011685401201 830.117796190083 111.6636067703366 555.9765963107347 523.0995284542441 132.4735207930207 2.82533360272646 0.6236657351255417 0.107476033270359 0 0 0 0.1619067341089249 0 0 0 0.1039628237485886 0 0 0 0 0 475.1553453356028 6.358530402183533 20.49630945920944 0 0 0.1453784257173538 2.505538262426853 0.7823192030191422 1.018192425370216 0.9729188978672028 0 0 0 0 0 0 25.82140906155109 0 0 0 0 0 0.3641671240329742 0 8.239634960889816 0.7440024763345718 190.1508292704821 430.1009182110429 25.41892552375793 16.96300216019154 4.100788667798042 1.042250603437424 0 17.545779325068 0.5543452948331833 0 0 0 0 0 22.93538270145655 0.9569794461131096 0 106.7828772589564 29.61277864873409 28.16064581274986 3.739768125116825 0.07918582111597061 0 11.70959188789129 0.8428399860858917 3.352937109768391 8.800950966775417 0 0.2193221300840378 0.3856093734502792 0 0 0.07977963238954544 0.08848462253808975 0 0 0 0 0 84.78604230284691 5.831586860120296 0.1820457130670547 3.610151991248131 741.203569881618 0.2461654841899872 16.8956299200654 15.29163996130228 6.584465235471725 1.186695247888565 5.778812237083912 6.794169798493385 8.316430918872356 13.54486767202616 7.805101506412029 7.184146948158741 13.22778137773275 8.568576954305172 2.211781322956085 20.50870382040739 0.692177951335907 0.1098959371447563 0 0 0 0 0 0 0 0 0 0 0.8160344362258911 0 1.523668691515923 0 0 0.526986226439476 0 0 0.1611849814653397 0 1.432792901992798 0 0.9912195205688477 4.12104557454586 6.816865384578705 1.447512358427048 1.25425785779953 0 0 0 0 0 2.989016383886337 0 1.086571842432022 1.872161582112312 0 0 0 0 0 0 0 0 0 0.5477147102355957 1.705084294080734 2.129093885421753 2.110077977180481 1.220268845558167 0.1471936702728271 0.6770634651184082 0 0 0 0 0 0 0 10.68017143756151 0 0 0 0 5.964281313121319 1.873870670795441 0 2.717166468501091 0.642620861530304 2.252740353345871 0.4684877395629883 0 0 0 0 0 0 0 0 0 11.54393365234137 2.694606721401215 1.600639209151268 176.2281855121255 2.407260209321976 28.5645157545805 4.87720051407814 1331.379564478993 5.53454315662384 4.942408345639706 0.4084934592247009 7.178369924426079 0 3.069476492702961 1.006134569644928 80.86967404186726 0 0 1.188916325569153 0.7161325514316559 0 507.778147995472 48.43029012531042
1881.826915495098 2161.364466581494 1908.421333774924 790.725220926106 1671.545002430677 260.1762458533049 2763.49230120331 424.9618316739798 644.6797505840659 555.7187583893538 710.933075286448 62.82596825063229 336.7197339683771 457.5518172457814 15.33735943585634 4.293513588607311 1.01235506683588 0 0.08000524342060089 0 0 0 0.2717032507061958 0 0.2597149685025215 0.1074348166584969 0.4339103698730469 0.1684258580207825 0.1275065392255783 0.085898756980896 1901.834912076592 49.88016817718744 41.7877631187439 0 1.104098729789257 0.3070599585771561 8.08095346391201 2.564638078212738 4.609582774341106 0.7055665552616119 0 0 0 0.6618900373578072 0.08173666894435883 1.018676042556763 113.9594150781631 0.439404770731926 0.09971874207258224 0 0 0 0.3681142330169678 0 25.80407100170851 4.031510043889284 103.7506917417049 774.684089936316 44.889270439744 46.88223600387573 6.475734323263168 7.223048478364944 0.4646672978997231 233.8644078448415 1.119201317429543 0 0 0 0.3742036744952202 0.08363723009824753 67.52100774645805 1.859307736158371 0.2217105850577354 243.1387321799994 108.9889955595136 95.6046736985445 42.71042843908072 6.223085828125477 1.2153350263834 54.60773392021656 6.347409382462502 12.34830558300018 35.17420978844166 0.2898285835981369 0.2332266047596931 1.323969315737486 0 0.3111793175339699 0.2173699364066124 0 0 0 0 0.211868017911911 0 152.3840151950717 12.39519181102514 0.5718514323234558 11.54567386209965 595.5013322532177 1.029963470995426 11.98491746932268 21.47536105662584 12.50830259919167 4.718295581638813 13.8014240115881 8.092376559972763 24.21468416601419 25.95286051183939 18.62605777382851 11.18554362654686 31.95162676274776 23.70200596749783 8.355326667428017 47.23879488557577 0.4461027383804321 2.533553346991539 0.5181335210800171 0.4887598752975464 0 0.4675991535186768 0 0 0 0 0 0 3.317340135574341 0 0.1494973003864288 0 0.5512633323669434 0.7443516850471497 1.026696279644966 1.043096601963043 3.532436229288578 0 2.092660591006279 0.5700562596321106 6.079704992473125 4.584393799304962 18.34186384826899 7.352042481303215 2.190138399600983 0 0 0 0 0.2203608304262161 0.8253063708543777 0 1.240695185959339 5.106728494167328 0 0 0 1.72995662689209 0 0.3029445707798004 0.08557786792516708 0.09296581149101257 0 2.131103321909904 0.8459277749061584 3.314541965723038 0.7948759496212006 4.157212555408478 1.592625938355923 0 0 0 0 0.5235885381698608 0 0 0 36.33046298474073 0.5720475167036057 0 0 0.08099276572465897 17.09286180138588 2.595260798931122 1.558157056570053 6.334726803004742 3.322177283465862 2.465010970830917 2.216473452746868 0.8828882873058319 0 0 0 0 0 0 0 0 33.62605583667755 13.58236683905125 8.231319583952427 233.3565623015165 5.215484462678432 227.8495133668184 56.54705526679754 771.6939220875502 41.49475046247244 6.949039719998837 11.73769697546959 17.42465263605118 1.05401723086834 14.25078345835209 2.188943654298782 71.73281805217266 2.155847072601318 0.1329675018787384 0 4.884325332939625 0.2409317493438721 327.2912690788507 37.6882092654705
684.8944924473763 1908.421333774924 1537.219530507922 10.07783656567335 804.6265304088593 14.09131367504597 389.0287644565105 1232.021833397448 1044.442475698888 43.53789129853249 1533.360817745328 65.91969166696072 326.3405963182449 1824.967181116343 19.65594051778316 8.980170629918575 2.521053873002529 0.10699612647295 0 1.363589882850647 1.002409890294075 0 2.532877311110497 3.417675197124481 4.201462969183922 0.9263398721814156 0.8182917535305023 0.1136468052864075 0.4350894019007683 0.7098750695586205 2928.534939549863 270.9274442195892 148.6270581334829 2.243926048278809 2.801215656101704 2.166081875562668 21.42488069832325 8.182810395956039 16.3439550101757 1.567002393305302 0.6006233692169189 0 0.1588853895664215 15.71082512289286 0.3927285522222519 10.62956148386002 100.3382997214794 0.7807864770293236 0.2476648166775703 0 0 0.2338458821177483 1.417172744870186 0 18.48550596088171 2.663084588944912 52.75363896414638 646.4615709148347 30.93313354998827 33.05937795341015 54.81145048141479 35.72190860658884 2.245014153420925 278.9170474112034 0.7674681395292282 0.1516397520899773 0 0.2345511466264725 0.7808533161878586 0.4304581880569458 145.6898375451565 5.856644660234451 0.9183834046125412 177.9611286297441 101.3525129035115 82.41692225635052 64.31746782362461 20.66794336587191 45.41215271502733 350.313508592546 102.8188098594546 158.426010672003 25.04360564053059 0.2627460435032845 0.2465365678071976 1.364828269928694 0.6069012135267258 0.4359833262860775 0.3188645243644714 0.1634142249822617 0.2434736639261246 0 0.9001762270927429 0.1348393112421036 0.1362677812576294 87.30991261452436 22.27826305478811 2.561652079224586 39.7654322385788 267.8448486402631 0.106860063970089 0.4069596901535988 1.724729843437672 1.09198372811079 0.4343067184090614 0.7702455222606659 0.8448392897844315 1.029281765222549 2.451592192053795 1.433631539344788 0.9902313947677612 2.626811675727367 1.64090871065855 0.6969660148024559 7.387847036123276 0.8481181040406227 0.6559161245822906 0 0 0.2239625006914139 0.09684952348470688 0 0 0 0 0.6144779920578003 0 1.196807593107224 0.1383911818265915 0.6893115565180779 0 1.509384997189045 1.611252948641777 0.303543895483017 0 0.2421160638332367 0 1.002245418727398 0.1400177180767059 1.7676085755229 2.764830462634563 3.443830519914627 2.191418789327145 2.032016716897488 0 0 0.1939961165189743 0 0.3381894826889038 0.3458859696984291 0 0.3698832541704178 2.49167912453413 0 0 0 1.321224883198738 0 0 0.1254419237375259 0.1753494665026665 0 0.09921307116746902 0.1192190796136856 1.44339070469141 1.030363656580448 0.7543789148330688 0 0 0 0 0 0 0 0 0 5.311105862259865 0.3596752285957336 0 0 0 2.037121549248695 0.334879145026207 0.8642305135726929 0.602731429040432 0.09301049262285233 0.7681020200252533 0.3241425976157188 0 0 0.0864831879734993 0.08402237296104431 0 0 0.1366901248693466 0 0 5.948784433305264 8.007328487932682 3.088112585246563 121.3212518021464 4.696209162473679 202.2515831813216 44.22820450365543 186.0889438614249 34.00255966931581 3.595879979431629 9.305522404611111 3.61344151943922 0.5143216252326965 2.615951117128134 0.4054904952645302 6.463598027825356 0 0.4870199859142303 0 2.49437553435564 0.8596738278865814 71.24202473461628 3.702497102320194
898.5281467437744 790.725220926106 10.07783656567335 526.0446954369545 54.32292661070824 375.4415166825056 636.4469760730863 2.994580775499344 7.203552648425102 1819.733143664896 1.534259736537933 654.2159740775824 855.6582344695926 61.55997202545404 2.279044114053249 0.3727887347340584 0 0 0 0 0 0 0 0 0 0 0 0 0 0 232.2408666312695 1.492752455174923 10.30430451780558 0 0 0 1.400515154004097 0 0 0 0 0.1293986737728119 0 0 0 0.1743972450494766 18.81783697009087 0.09051880240440369 0 0 0 0 0 0 4.912586785852909 0.5620030835270882 28.13178403675556 221.1161740645766 11.26176062226295 9.220466025173664 0.7043519988656044 0.4693766310811043 0 14.28491581976414 0.08220457285642624 0 0 0 0 0 20.77811070531607 0.4725083708763123 0 60.76447299867868 19.43073500692844 20.81457806378603 2.606751538813114 0.1712647825479507 0 2.536113403737545 0.6276106312870979 0.5244196206331253 6.248139001429081 0.06548010557889938 0 0.1621649637818336 0 0 0 0.1018504947423935 0 0 0 0 0 43.27888818085194 0.9809003621339798 0 1.978102207183838 365.2738445550203 0 4.428716987371445 4.623900353908539 2.444458410143852 0.6181960552930832 5.318653777241707 2.640694588422775 2.975657179951668 3.27557485550642 3.350207962095737 3.108883410692215 7.132850125432014 5.932265475392342 2.911514699459076 7.528367534279823 0 0 0 0 0 0 0 0 0 0 0.1350678503513336 0 0 0 0 0 0 0.2743190228939056 1.21922504901886 0.2725147232413292 0.8129202872514725 0 0.4702110290527344 0 0.256710022687912 0 2.010983794927597 0.2770726382732391 0 0 0 0 0 0 0 0 0 0.2425708025693893 0 0 0 0.5390875265002251 0 0 0 0 0 0.2597080171108246 0.3933602273464203 0 0.9171400666236877 0.15960893034935 0.279109388589859 0.3501938879489899 0 0 0 0 0 0 0 6.473742499947548 0 0 0 0 3.986727073788643 0 0 1.399253569543362 0.3464605808258057 0.7279477715492249 0 0.1399905383586884 0 0 0 0 0 0 0 0 4.144838750362396 3.099806174635887 1.48717675358057 34.76826022565365 1.224979795515537 23.29753796011209 2.997774846851826 442.8891706615686 2.267519682645798 0.9399971067905426 0.8613820001482964 5.615431696176529 0 1.236136071383953 0 38.26688420772552 0 0.1867758929729462 0 0.158879429101944 0 160.0638275742531 17.75440433621407
167.7114326134324 1671.545002430677 804.6265304088593 54.32292661070824 1435.939121894538 5.422325044870377 1118.369657021016 137.6103020980954 1489.333525687456 173.6212159618735 1181.487718656659 33.48777527362108 330.6911607086658 334.2833834141493 12.14424108713865 4.190779268741608 1.243827678263187 0 0 0 0 0 0 0 0.2299941927194595 0 0.09262101352214813 0 0 0 148.274957165122 29.33834605664015 31.19168979674578 0 0.1154651716351509 0.5129292011260986 1.798970222473145 0.785524033010006 1.274320408701897 0.1820714846253395 0 0 0 1.577138043940067 0 1.624460309743881 58.71066199243069 0.1463411003351212 0 0 0 0 0.2383585125207901 0 7.396432958543301 1.30887097120285 12.1963232755661 78.40624292194843 14.86021528020501 14.25639480352402 7.981619291007519 2.223118625581264 0.5271010771393776 96.11577244848013 0.3775756359100342 0 0.1117986142635345 0.2205847278237343 0.1941922008991241 0 36.49828317761421 3.57006797939539 0 55.59710431098938 31.79076392203569 27.67895945161581 38.32089095562696 13.64185781776905 1.641642890870571 45.58799525350332 10.31793455779552 12.71225398033857 14.01961716264486 0.1913996934890747 0 0.1459469422698021 0 0.07433708012104034 0.1446578651666641 0 0 0 0 0 0 145.392064742744 12.31542730331421 0 1.942460872232914 22.13003097474575 0.5154895186424255 5.645011238753796 8.310780346393585 4.394040189683437 4.300107263028622 5.798110231757164 4.321904070675373 10.54360221326351 18.00532083213329 8.847654327750206 7.929925821721554 19.32926614582539 16.03058881312609 7.891580298542976 42.55391626805067 0.6937132403254509 0.8020425140857697 0 0 0 0 0 0 0 0 0 0 0.7189456224441528 0.380517452955246 0.1785652488470078 0 0.5539267361164093 0 0.6219635605812073 1.779513381421566 2.855026997625828 0.9133430123329163 1.123504526913166 0 2.882626414299011 1.249128267168999 10.2498142644763 0.8088791370391846 2.311574161052704 0 0 0 0.09264322370290756 0.6185799986124039 0 0 0.4660021215677261 6.501318663358688 0 0.1966940015554428 0 1.04463904350996 0.1263733059167862 0 0 0 0.1111167520284653 3.802816532552242 0.6484790667891502 0.1267164647579193 0.7377644181251526 2.094177067279816 0.1311261802911758 0.1016860753297806 0.2039490789175034 0 0.1479528546333313 0 0 0 0.08356087654829025 27.59828213602304 0.5123817846179008 0 0.1489978283643723 0 18.05712116509676 2.357817023992538 0.9860184490680695 4.102469325065613 3.234342165291309 3.060631610453129 0.9748112112283707 0.9915383607149124 0 0 0 0 0 0 0.5791298449039459 0 31.0298133045435 9.181086331605911 4.411623671650887 132.121909737587 1.540718175470829 155.1358070299029 47.90428656339645 80.51609932631254 38.7343390583992 1.195640228688717 13.05223012715578 11.34246362000704 0 11.95125943422318 2.536595486104488 29.88771289587021 0.1216947510838509 0 0.4445473775267601 6.278029464185238 1.082098886370659 102.1169177219272 23.43888367712498
325.1100698187947 260.1762458533049 14.09131367504597 375.4415166825056 5.422325044870377 27.63067829608917 39.78601864725351 2.330936744809151 1.811525404453278 291.1292278468609 2.996018186211586 82.54526305198669 50.40828119218349 9.998012408614159 0.3786048889160156 0 0 0 0 0 0 0.1820551306009293 0 0 0.2609519064426422 0 0 0 0 0 53.46949990093708 0.5385099500417709 10.05053200572729 0 0 0 1.621207974851131 1.251164495944977 1.331567734479904 0 0.1330038160085678 0 0 0 0 0 1.188294664025307 0 0 0 0 0 0 0 0.5011500045657158 0 118.6225129663944 33.9960673302412 2.653380610048771 1.112979769706726 0.3296683728694916 0 0 0.0868842750787735 0 0.1425028592348099 0 0 0 0 28.09374661743641 31.07335625588894 1.05279990285635 4.646554462611675 0.8461594134569168 1.145428881049156 0.1309910118579865 0 0 1.14737257361412 0.4450463280081749 0.3092508837580681 0.9000780284404755 0.1216488257050514 0 0.1015713810920715 0 0.1308497190475464 0 0.243558369576931 0 0 0 0 0 69.27863997220993 152.7106986492872 2.383778423070908 13.98110678046942 148.8042828664184 0 2.438680186867714 1.774513147771358 2.215440973639488 1.06606587022543 3.067305713891983 1.344806581735611 1.481997117400169 5.992287985980511 4.032094269990921 0.9020718336105347 5.343294732272625 1.803863801062107 2.857606865465641 6.256586343050003 0.187816858291626 0.2557616531848907 0 0 0 0 0 0 0 0 0.3804783672094345 0 0.4463194310665131 0 0 0 0 0.1808121651411057 0.1198548376560211 0.4127802550792694 1.536237806081772 0 0.1561083495616913 0 0.1196323409676552 0 0.09599862992763519 0.4322778284549713 1.746075034141541 0 0 0.1054250448942184 0 0 0 0 0 1.087010934948921 0 0.2406048327684402 0 0.422326073050499 0.08882458508014679 0 0 0 0 0 0 0 1.320983171463013 0 0 0 0 0 0 0 0 0 0 1.55425351858139 0 0 0 0 3.083587288856506 0 0.1174974739551544 0 0.3430781364440918 0 0.3484700918197632 0.1165049970149994 0 0 0 0 0 0 0 0 2.259440183639526 0.1180650666356087 1.241027280688286 105.5812119990587 0 1.34401398897171 0.145960196852684 739.2146148309112 0.3477766811847687 0.1071150824427605 0 2.307535633444786 0 1.411076731979847 0.2462476044893265 38.14424480497837 0 0 0.2829587832093239 0 0 240.694338336587 24.53654433786869
596.4627388268709 2763.49230120331 389.0287644565105 636.4469760730863 1118.369657021016 39.78601864725351 440.4236723929644 138.4457875192165 1893.899056345224 1200.598401643336 578.7972529008985 183.8934234753251 1266.703643992543 958.5350189581513 8.933768279850483 4.972691312432289 0.3607822582125664 0 0 0.1343100965023041 0 0 0.7979984730482101 0.2206129059195518 0.7350418120622635 0.1324902772903442 0.09527525305747986 0.103015124797821 0.207940012216568 0 168.9182656481862 26.94948648661375 36.60875595360994 0 0.2752183303236961 0.3567138910293579 2.756537809967995 0.4889318719506264 1.844132363796234 0.3189820349216461 0.118991993367672 0 0 1.4300786703825 0 1.952999696135521 50.11734482645988 0 0.1047134920954704 0 0 0 0.1837592124938965 0 9.847077690064907 1.385490968823433 24.01270437985659 130.8552690669894 15.3725767582655 18.96709460020065 9.760421469807625 4.124279946088791 0.5031738877296448 83.99296956509352 0.8082101866602898 0 0 0 0 0 63.70574343949556 2.319472640752792 0.4229073897004128 78.38408596068621 38.40208595246077 38.36474636942148 27.53474000841379 11.85118079930544 1.123291447758675 57.24341838806868 8.802268855273724 11.09128174930811 13.66958741098642 0 0.2382208779454231 0.20139479637146 0 0.08606661111116409 0.06490952521562576 0.08225160092115402 0 0.1152541488409042 0 0 0 236.8446185141802 10.14484062790871 0 3.376738853752613 57.33947253227234 2.071872115135193 13.96337676048279 29.88181906938553 19.53461737185717 9.867489814758301 22.76830547302961 9.902851238846779 39.87672967463732 43.5685556307435 21.71718789637089 24.30590739101171 49.88141579180956 31.73313163220882 20.16403669863939 81.14691051840782 1.90922661870718 1.927333816885948 0.7913102209568024 0.4641437232494354 0 0 0 0 0 0.7352221012115479 0 0 4.602997183799744 0 3.2435367628932 0 0.2559358030557632 0.1644713878631592 0.1645227372646332 7.806786581873894 5.544837705790997 0 1.087013743817806 0 8.331432349979877 2.016149520874023 27.1238400042057 6.941035695374012 3.343659922480583 0 0 0.1267334967851639 0 0.2021063417196274 1.333896353840828 0.2446983605623245 1.288373544812202 5.110778667032719 0 0.8838634639978409 0 1.790679112076759 0 0.3610971868038177 0.5406131744384766 0 0.1792774945497513 7.086431927978992 1.269327245652676 3.346445515751839 3.126391127705574 3.732964508235455 0.4032368138432503 0.08605435490608215 0.1475530713796616 0.08163774758577347 0 0 0 0 0 57.72054569423199 0.144072100520134 0.2708456441760063 0 0 33.03226263076067 4.191720649600029 2.669745273888111 9.736150421202183 5.771287694573402 2.65025506913662 1.423565648496151 1.803442262113094 0 0 0 0 0 0 0 0 56.10450047254562 18.50312478840351 11.68349916487932 111.7283709645271 1.65393540263176 116.0453453436494 30.48123894631863 160.1465497091413 26.98435439914465 1.189741022884846 6.320591144263744 26.56645853072405 1.32301165163517 17.19237890839577 3.727087996900082 79.81396466493607 1.613417834043503 0 0.1390209197998047 3.483307398855686 0.8478984534740448 288.3860539793968 56.58836612850428
100.6987446174026 424.9618316739798 1232.021833397448 2.994580775499344 137.6103020980954 2.330936744809151 138.4457875192165 2019.499004647136 621.0959356725216 13.52330842614174 1904.557096116245 22.64132768660784 338.203598998487 3256.821387074888 44.39073380827904 26.12214060127735 7.221914231777191 0 1.463278278708458 1.502411514520645 3.568673647940159 1.047546982765198 7.394550144672394 6.423566356301308 5.348859347403049 1.679028064012527 1.204583026468754 1.348774291574955 1.61696295440197 0.6612428054213524 729.4382507801056 1655.691662102938 259.9751601740718 11.34118710458279 3.59311306476593 1.754676267504692 15.31682831794024 25.34173069149256 24.3789976760745 4.985429294407368 1.095258772373199 0.1409602016210556 0.4552255123853683 93.27067979425192 2.626279205083847 65.57277897745371 114.4506358206272 0.583131417632103 0.9983718916773796 1.221631847321987 0.3445414006710052 0.3424883410334587 5.063421100378036 1.361166872084141 10.58970556408167 1.441153295338154 25.42894046008587 226.136149995029 19.56242231279612 29.90276518464088 256.6347930133343 149.7466105744243 7.877325557172298 281.9400437548757 1.360555902123451 0.2806606441736221 0.08527106791734695 2.284955158829689 2.409641541540623 1.471756771206856 81.18369038403034 11.27716718614101 1.228930920362473 116.3930411785841 123.5391509011388 84.46149764955044 167.2973309084773 187.0432997122407 1225.019448377192 1304.085748694837 519.0265909507871 1482.457729749382 19.11281977593899 0.3163485527038574 0.279262974858284 0.5306532233953476 0.9555231109261513 0.1724160686135292 0.07594568282365799 0.1112858131527901 0 0 0.7364006564021111 0.2374229207634926 0 23.20104968547821 32.41780890524387 6.429184965789318 57.29458018392324 45.9391877502203 0 0 0.1102136224508286 0.2683714479207993 0 0.08502126485109329 0 0.604799285531044 0 0 0.291185662150383 0.1876674145460129 0 0 1.691513538360596 0.5234303399920464 0.7771862670779228 0.425880029797554 0.6320767849683762 0 0.3472388386726379 0 0 0 0 0 0 2.052545979619026 0.1848663687705994 1.129889883100986 0 0.9347817972302437 0.8705987930297852 0.8017870262265205 0 0.2167658284306526 0.1384424567222595 0.5480037704110146 0.4246949851512909 0.8622510358691216 0.5004205405712128 2.881248705089092 1.34929758310318 1.279670313000679 0 0 0.3558482900261879 0 0.3520032465457916 0.8974168375134468 0 0 0.2512495741248131 0 0.9287687987089157 0.2313313037157059 1.88305439800024 0 0 0.09028196334838867 0 0 0 0 0.6200212091207504 0.2428235188126564 1.00539381057024 0.4209394156932831 0 0 0 0 0.2772839367389679 0 0 0.2485303729772568 0.8139371573925018 0.7099186182022095 0 0 0.07418359816074371 0.4244821071624756 0.8654640465974808 0.5792071744799614 0.3526195138692856 0.0944717600941658 0.1867521032691002 0.1978180184960365 0.2329613268375397 0 0.1079074293375015 0 0 0 0 0 0 1.02153117954731 2.643139235675335 3.129516281187534 153.0454096719623 10.32660310715437 219.2478129565716 51.67034942656755 66.99472597241402 35.62372381985188 2.80148421227932 9.4897820353508 5.837714858353138 0.288598507642746 1.534871526062489 0.7151855081319809 1.033602818846703 0 0 0 3.474484898149967 0 40.06229180842638 0.8229791074991226
34.29011685401201 644.6797505840659 1044.442475698888 7.203552648425102 1489.333525687456 1.811525404453278 1893.899056345224 621.0959356725216 911.6331485509872 90.80094864964485 1567.474242329597 63.54015426337719 542.2940095663071 1043.009383641183 12.9151471182704 7.470284193754196 0.8151630908250809 0 0 0.4399278461933136 0.1267389804124832 0.8046804368495941 0.1276059448719025 0.1261550933122635 0.1203182116150856 0.08753169327974319 0.2125728949904442 0 0 0 51.4547960087657 25.98757907748222 44.48521766811609 0.2145246863365173 0.4759135097265244 0.5200625732541084 6.540434926748276 0.9106584638357162 1.301275998353958 0.4793579056859016 0.2026910707354546 0 0 3.740525998175144 0 2.80278829485178 26.98090275377035 0.1828642189502716 0 0 0 0 0.4190051928162575 0 2.241231791675091 0.219233825802803 4.721066810190678 23.55087977647781 4.825315624475479 8.501425072550774 10.89797732234001 3.684475213289261 1.040446892380714 37.22997964173555 0.2148259952664375 0 0 0 0.4937717467546463 0 35.92364536225796 1.086116708815098 0 17.44483111053705 11.68819228559732 15.01271355897188 34.65055470913649 18.72140131145716 2.307763732969761 97.51854957640171 16.6311247125268 18.3260587900877 5.523729637265205 0 0 0.06517159938812256 0 0 0 0 0 0 0 0 0 148.6131097972393 8.39386847615242 0.4483329206705093 3.666510909795761 6.805870667099953 2.3839221149683 3.028727047145367 10.07948061078787 3.739903442561626 2.900325328111649 7.609670408070087 2.597326472401619 10.01207577437162 11.6247276738286 7.504894569516182 7.090258859097958 19.66656801104546 14.10033885389566 5.63436845690012 30.69023556262255 1.673719882965088 1.680920526385307 0 0.2479775100946426 0 0 0 0 0 0 0 0.2243807315826416 2.084786176681519 0 0.5002642869949341 0 0.1927456855773926 0 0.1232249364256859 0.3907061740756035 2.028665401041508 0 0 0.4765613079071045 3.566248632967472 2.636921942234039 13.86109766364098 4.85408341884613 1.083471350371838 0 0 0 0 0.1129842177033424 0.6174694895744324 0 2.264688283205032 3.59687677025795 0 0.2102649211883545 0 0.5388215258717537 0 0 0.1114077940583229 0 0.39007768034935 2.041686311364174 0 1.519507706165314 0 1.056698277592659 0.09848263114690781 0 0 0 0 0 0 0 0 17.55825041979551 0.154735803604126 0 0 0 11.09902527928352 1.89666548371315 2.352786548435688 3.367280028760433 2.251297891139984 2.097200721502304 1.529584340751171 0.1036574840545654 0 0 0.1600918769836426 0.1328152418136597 0 0 0 0 22.3906632065773 6.29650541394949 5.9070690497756 69.49864507466555 1.239381186664104 66.03471136838198 22.36996016651392 28.76840758323669 17.98306281864643 0.3551610857248306 6.978296659886837 8.841470129787922 0 7.115287281572819 1.912428423762321 15.84884665906429 1.156508773565292 0 0 2.418257214128971 0.1874561160802841 79.02311851084232 13.43881458044052
830.117796190083 555.7187583893538 43.53789129853249 1819.733143664896 173.6212159618735 291.1292278468609 1200.598401643336 13.52330842614174 90.80094864964485 825.3657621145248 32.30367487668991 1133.16103297472 3295.730595938861 440.0114451348782 2.524094983935356 1.270309194922447 0 0 0 0 0 0 0 0.1444313824176788 0.6583046317100525 0.5346433520317078 0.09704699367284775 0.4317054450511932 0 0 171.5744535475969 6.274327300488949 135.214919090271 0 0 0.4898172318935394 12.85202403366566 1.192675352096558 2.805299118161201 0 0 0 0 1.085230648517609 0 0.7394580543041229 12.26679853349924 0.2150932773947716 0 0.1713437885046005 0 0 0 0 4.568399287760258 0.5424378886818886 48.37521848082542 151.2627814114094 10.8363718688488 7.014671675860882 13.6313559487462 5.927035741508007 0.5841386914253235 9.215733073651791 0.3602005243301392 0 0 0 0 0 384.2825046554208 4.735907360911369 0 45.86260817199945 11.57612872123718 10.90086497366428 2.65954726934433 1.627618812024593 0.3017234802246094 32.1865077316761 4.907204359769821 9.465883687138557 4.0264588072896 0.1155516877770424 0 0.1598927527666092 0 0.08156636357307434 0 0 0 0 0.1362737566232681 0 0 248.4303161203861 36.26437666267157 0.1523603051900864 16.55572156608105 290.8530520647764 2.291019707918167 42.12180510163307 66.07053179293871 42.33397431671619 12.33426390588284 47.84213980287313 25.25796415656805 63.19203880429268 92.86772945523262 59.9473403096199 36.06663505733013 98.31740763783455 77.9142179787159 28.70681211352348 86.69906359910965 1.500496841967106 2.98633623868227 0.8310163617134094 1.477617740631104 0 0 0 0 0 0 0 0 2.586280405521393 0.1153662651777267 0.4842420071363449 0 1.633411288261414 0 1.515381060540676 3.049965895712376 10.68099987506866 0 3.162811040878296 0 10.74171730875969 1.981510236859322 29.50541671365499 7.490308731794357 2.865508139133453 0 0 0 0 3.292108848690987 0.7501203268766403 0 1.735519543290138 8.696911536157131 0 0.1067237257957458 0 1.768175065517426 0 0 0.2596262395381927 0 1.694370105862617 5.219306536018848 2.527978770434856 4.684283345937729 4.014288567006588 2.714127831161022 0.9179432094097137 0.7999128699302673 0.1063788309693336 0 0 0.6672139167785645 0 0 0.1251933872699738 78.96672881394625 1.642896011471748 0 0 0 47.39331541210413 2.956357903778553 2.326354786753654 7.316467866301537 7.522217079997063 6.386799067258835 1.768423393368721 3.402519591152668 0 0 0 0 0 0 0 0 117.1951299160719 16.36942432820797 9.234097376465797 90.71925672143698 1.440286166965961 19.39383729547262 3.768439821898937 837.4161624014378 2.742541901767254 3.437950417399406 1.919198475778103 15.32155498862267 0.4411313235759735 16.19284176826477 4.837178900837898 218.5942437425256 0.5448964238166809 0 0.5495054125785828 1.574966832995415 1.657403014600277 607.5818727910519 198.7462751492858
111.6636067703366 710.933075286448 1533.360817745328 1.534259736537933 1181.487718656659 2.996018186211586 578.7972529008985 1904.557096116245 1567.474242329597 32.30367487668991 670.8135545998812 60.59635199606419 2841.577157832682 2615.954524613917 10.27942467480898 7.737943053245544 1.448162168264389 0.13625168800354 0 0 0 0.1187926009297371 0.8925114274024963 3.149100609123707 7.578338652849197 2.220221534371376 2.129987739026546 0.6768643260002136 1.332965441048145 0.7139337360858917 131.8505394458771 95.96204288303852 438.1374879777431 0 1.206460952758789 1.952564865350723 79.56295423209667 40.89490580558777 58.75124410539865 7.703547745943069 3.461667522788048 0.1367524117231369 0 2.443242453038692 0 1.498602502048016 37.14996186643839 0.08827567100524902 0 0 0 0 1.972309611737728 0.1182813569903374 3.60828110575676 0.5558608248829842 7.560494981706142 48.54058910161257 6.541714124381542 8.652457356452942 29.28084048628807 54.05936545878649 0.4311024844646454 54.1983058527112 0.2668627351522446 0.07923166453838348 0 0 0.2461962997913361 0 203.3661964982748 3.665694877505302 0.4635289907455444 31.72240468114614 21.92877405881882 23.34115844219923 34.36569764465094 19.33713669329882 2.456148967146873 652.8149372041225 14.13876708596945 49.05046731233597 6.329937875270844 0.08101401478052139 0 0.1625144109129906 0 0 0 0 0 0 0 0.1224641054868698 0.0768943652510643 48.11066877096891 46.87923934310675 2.247807964682579 119.4173822179437 13.86112512648106 0.1357433795928955 0.5170119106769562 1.140469290316105 0.4489812478423119 0.4705550372600555 0.2321984246373177 0.224652111530304 0.9360326454043388 2.320776380598545 0.6305899918079376 0.1264199912548065 1.923010848462582 1.676693730056286 0.1343011558055878 4.176863193511963 0.7553452253341675 0 0 0 0 0 0 0 0.201201543211937 0 0.3297781944274902 0 0.141780361533165 0 0.3882323279976845 0.1354711353778839 0 0.7949083149433136 0.5529710948467255 0 0.7161834836006165 0 1.011582225561142 0.1329043060541153 1.121427297592163 0.2284007370471954 2.420926660299301 0.5007356777787209 0 0 0 0 0 0 0.2014624923467636 0 0 0.7539539113640785 0 0 0 0.4942527785897255 0 0 0 0 0 0.2120139002799988 0.2684218287467957 0.1072198450565338 0.1358489394187927 0.5405197143554688 0.1061967834830284 0 0 0 0 0 0 0 0 4.365966960787773 1.428674772381783 0 0 0 2.523851290345192 0 0 0.3243609517812729 0.1892052963376045 0.1130668818950653 0 0.3431099355220795 0 0 0 0 0 0 0 0.09584572166204453 2.262721605598927 3.42186912894249 1.131106600165367 81.29783879220486 2.18884315341711 81.96069630980492 24.84919624775648 40.06476243585348 15.5627866089344 0.4239802733063698 3.485671907663345 3.204924874007702 0 1.94166012108326 0.2975412458181381 3.287742957472801 0 0 0 3.811466917395592 0 18.30802537500858 1.447052709758282
555.9765963107347 62.82596825063229 65.91969166696072 654.2159740775824 33.48777527362108 82.54526305198669 183.8934234753251 22.64132768660784 63.54015426337719 1133.16103297472 60.59635199606419 243.9447900503874 1789.501748815179 203.135614335537 1.362473301589489 1.166257500648499 0.395189180970192 0 0 0 0 0 0 0.3748470544815063 0.3723534345626831 0 0 0.2857609689235687 0.8226713091135025 0.1959443539381027 20.54439394176006 15.09507451206446 236.7071942538023 0 0.1038380563259125 0.5415523201227188 97.18188154697418 6.287391006946564 9.81386461853981 0.3153076618909836 0 0 0 0.6589536368846893 0 1.737109079957008 7.716433174908161 0 0 0 0 0 0 0 0.7930531725287437 0.1914221346378326 3.591835744678974 27.12347415834665 1.838675558567047 2.470652922987938 35.22306693345308 35.86891774833202 3.208926737308502 9.325193136930466 0 0 0 0 0 0 311.4265003502369 4.867317780852318 0 9.838161133229733 3.480955742299557 3.609951950609684 2.724462069571018 2.290371388196945 0 40.88259422779083 8.928369998931885 39.93614145368338 1.766211092472076 0 0 0 0 0 0 0 0 0 0 0 0 315.2498989924788 73.87171670794487 0.8417587876319885 42.71882070600986 24.8976893723011 2.100659839808941 4.836247712373734 7.730429328978062 6.565943241119385 4.174966290593147 11.56555713713169 1.66545844823122 9.824164003133774 13.00274799764156 6.873476594686508 7.473703898489475 16.04044493287802 10.43724640458822 7.867450788617134 44.41034124046564 0.7474516779184341 1.255968302488327 0.1253912448883057 0 0 0 0 0 0 0 0 0 1.890393108129501 0 0.3838110566139221 0 0 0 0.1283432245254517 1.247366599738598 2.975663982331753 0 0.1599984914064407 1.372022390365601 3.37349197268486 0 6.686073035001755 3.233847565948963 0 0 0 0.944002628326416 0 0.21451635658741 0 0 2.182613238692284 2.794603429734707 0 0.3605577647686005 0 0.6824645847082138 0 0 0.3563432693481445 0 0.9823349416255951 1.347624756395817 0.3760316148400307 0.7813617587089539 1.274824976921082 1.869624838232994 1.200399711728096 0.332952618598938 0 0 0 0 0 0 0.4749882072210312 25.3985288515687 0 0.1687426567077637 0 0 17.97839500010014 1.12781235575676 3.002927638590336 2.571879900991917 3.40113577991724 1.896547950804234 1.090862274169922 1.193136252462864 0 0 0 0 0 0 0.1054314374923706 0 25.98683333396912 5.745804995298386 4.608534663915634 41.94374831020832 0 17.7187372520566 6.664980858564377 44.76829314231873 9.11860116571188 0.1117410957813263 5.649652436375618 8.690830662846565 0.09563565254211426 9.737302534282207 1.892745122313499 22.69537619501352 0.7727534621953964 0 0 1.741146802902222 1.341020062565804 132.7695380672812 18.79083331674337
523.0995284542441 336.7197339683771 326.3405963182449 855.6582344695926 330.6911607086658 50.40828119218349 1266.703643992543 338.203598998487 542.2940095663071 3295.730595938861 2841.577157832682 1789.501748815179 2400.209348849952 3694.467155881226 13.30296829342842 8.753075689077377 0.5710112601518631 0 0 0 0 0 0.7722354531288147 0.8697571977972984 2.247087113559246 0.1050622761249542 0.2675534933805466 0.6306459754705429 0.5730754882097244 0 60.74632879346609 47.93422150611877 1036.859987035394 0.1036450266838074 0.2660639062523842 2.94148463755846 60.82741030305624 9.991898909211159 16.18205057829618 2.690353237092495 0.4389846622943878 0 0 2.165860496461391 0 4.465457938611507 26.32723412662745 0 0 0 0.09097228944301605 0 0.9592996835708618 0.1176983490586281 2.619183786213398 0.2557240873575211 5.379917837679386 40.74800566583872 4.266949944198132 6.745708227157593 55.44385776668787 50.11141775548458 3.499927498400211 30.82528792321682 0.3060111999511719 0.0949600413441658 0 0.3286934494972229 0.3717067018151283 0 495.7249872907996 9.082329519093037 0.9914532750844955 22.48817607015371 12.27107474952936 12.37084124237299 18.50988142937422 13.50228036940098 1.513426035642624 517.3608971089125 33.89286613464355 116.8576723560691 3.161300115287304 0 0 0.2471832856535912 0 0.1080402061343193 0.06716078519821167 0.2483353614807129 0 0.1124467924237251 0 0.338081419467926 0 919.4549731090665 47.94293189048767 0.985507145524025 58.58603064715862 26.81912143528461 3.849995113909245 11.36418570578098 25.64030276238918 11.54830550402403 7.111258000135422 37.00680865347385 11.63907829672098 28.78122844547033 48.13752568513155 24.97041385620832 23.36725723743439 59.07836542278528 35.73987781256437 23.85031443834305 98.134193405509 3.038771584630013 2.41960534453392 0.3728259801864624 0.1294902265071869 0 0 0.156883642077446 0.1176975220441818 0.6280797719955444 0 0 0 2.806289002299309 0 0.9767550230026245 0 0.9127613306045532 1.196578204631805 0 4.482794307172298 8.866147138178349 0 0.7495155930519104 0.5803623199462891 9.329230040311813 3.901440754532814 26.51817557215691 4.813324831426144 2.249724455177784 0 0 0.1151820123195648 0.5796770602464676 0.5441182404756546 0.4981988668441772 0 1.301954358816147 11.10722099989653 0 0.1786676943302155 0 0.5624645575881004 0 0.2827340364456177 0 0 0.7259946763515472 9.796523533761501 0.6999741122126579 1.656680375337601 0.3601488471031189 4.584967777132988 2.99866858124733 0.8579633161425591 0 0 0 0.4720082581043243 0 0 0.8466067612171173 68.25450497120619 1.735996946692467 0 0 0 32.49352067708969 1.718098148703575 4.911182709038258 6.848728850483894 6.529283843934536 7.864766992628574 2.224577881395817 1.909273818135262 0 0 0.3238215148448944 0 0 0 0 0 73.15343914180994 19.33453397452831 12.54581148177385 99.43630187958479 0.8171411007642746 66.90550388395786 24.04241165518761 77.12360920011997 22.8404211178422 1.979023933410645 5.133600935339928 35.27338439971209 0.2494447752833366 22.27059581875801 7.899520494043827 58.37226847559214 2.513270318508148 0 1.604485042393208 4.139166712760925 2.421367555856705 333.5219077318907 55.77288596332073
132.4735207930207 457.5518172457814 1824.967181116343 61.55997202545404 334.2833834141493 9.998012408614159 958.5350189581513 3256.821387074888 1043.009383641183 440.0114451348782 2615.954524613917 203.135614335537 3694.467155881226 1107.077997729182 34.03203672915697 34.79077111184597 5.372187249362469 0 0 0.3710383474826813 0.2984726652503014 0.8062301501631737 8.069747783243656 9.046406470239162 23.63129310309887 4.536184139549732 5.30442713201046 3.85449904948473 4.613186575472355 1.528725236654282 187.2598065882921 296.9039658457041 1522.350415498018 1.236292280256748 8.055752970278263 9.809124983847141 424.7369767948985 151.8701172471046 123.3105204626918 16.17838440835476 4.222420908510685 0.5378491878509521 0 10.15103696286678 0.119727224111557 11.06144313514233 67.38265805691481 0.313514269888401 0.2119534388184547 0 0.1503802090883255 0.1883552074432373 7.121922343969345 0.9690177962183952 2.210666038095951 1.008285909891129 9.231393665075302 56.03924540430307 7.776200130581856 12.5998173803091 144.3630066141486 400.5599953383207 5.279475629329681 76.54669173806906 0.3710891231894493 0 0.1176784262061119 0.2451064586639404 1.208612695336342 0 740.9681947082281 14.08339722454548 1.474879711866379 35.2637130022049 29.48308642953634 32.47208341211081 76.48970919847488 60.20158254355192 16.16129002720118 977.320220515132 105.0292449295521 465.3926652893424 5.363117873668671 0 0 0.3175547197461128 0 0.2407867163419724 0.09307016432285309 0.722494050860405 0 0.1078905239701271 0.8342403843998909 1.511525586247444 0 448.6796622723341 91.51658010482788 6.102848187088966 206.8199642077088 15.36320522427559 1.910476110875607 1.469790786504745 7.291201785206795 6.971265777945518 5.014782279729843 6.568704470992088 2.938614912331104 9.380117416381836 14.47353776544333 6.16954942792654 7.49400182813406 22.00890674442053 16.69945074617863 11.53312899917364 46.40817777067423 2.757360003888607 1.5829693749547 0.3396909609436989 0 0.1042579114437103 0.7712227627635002 0.835569255053997 0.1128453835844994 0.4829888343811035 0 0 0 2.015909917652607 0 1.718726709485054 0 0.5543414577841759 2.523717634379864 1.375781744718552 2.375821687281132 4.226391479372978 0.6924658268690109 1.570822589099407 0.1294812858104706 5.820778846740723 5.907684713602066 17.41958168894053 5.036053575575352 3.077757447957993 0 0 0.1064646765589714 0 1.462055571377277 1.002561569213867 0 1.919240929186344 4.400495514273643 0 0.2425996661186218 0 2.01678366959095 0.1814221292734146 0 0.08120083808898926 0 0.9485881999135017 2.746651202440262 0.1362774223089218 2.669925093650818 1.136532381176949 2.449508331716061 0.5493292734026909 0.1415364593267441 0 0 0 0.3134962618350983 0 0 0.2667119354009628 37.32402555644512 0.8943382352590561 0 0 0 15.67809841781855 1.687038660049438 1.837022326886654 3.838688068091869 4.927555687725544 1.986020125448704 3.023366838693619 0.5230699852108955 0 0 0 0 0 0 0 0 37.93552695214748 21.79645562171936 12.34330033510923 217.5595812425017 3.732722692191601 142.3233190774918 51.90301076322794 66.38219271600246 41.35340488702059 0.2317285239696503 20.02534706890583 19.47323957085609 0.3145709931850433 12.59706727415323 3.927724041044712 16.20496156811714 0 0 0.3608545064926147 11.04494708776474 2.198907785117626 107.6506578475237 16.41270709037781
