359.3997162058949 1967.932994812727 81.44551871716976 2282.052993021905 2.757809899747372 148.2541293799877 254.2804457917809 1.271284088492393 1.388702571392059 1665.727272123098 1.356407016515732 246.6252130791545 64.40943278372288 3.458514183759689 0 0.1064346805214882 0 0.1018035709857941 0 0 0 0 0 0 0 0 0 0 0.2080154567956924 0 413.2202365472913 4.14202506095171 2.89779856801033 0.09905855357646942 0 0.2510407567024231 2.598437070846558 0.4586942344903946 0.8520577251911163 0 0 0.1129784807562828 0 0 0 0.1334085762500763 15.85858227312565 0.3688628152012825 0 0 0.400749571621418 0.1818428784608841 0 0 39.49843665957451 38.31026562303305 179.2919062823057 511.5225392356515 37.17094227671623 25.9252769574523 0 0 0 17.17382513731718 20.34780743718147 4.330460049211979 2.439238250255585 0.3160040304064751 0 0 10.6267946511507 5.16610187292099 0.1936881840229034 294.3661556392908 48.91479779034853 6.581620752811432 1.029677785933018 0.6728997081518173 0 2.666061140596867 0 3.78726214915514 53.73053321242332 4.756865993142128 4.339263722300529 41.39615630358458 0.5220863223075867 0.9836822003126144 7.161087103188038 0.5720551982522011 0.4853640124201775 0.4697678312659264 0 0.4255876913666725 0 52.63658274710178 15.43084099888802 1.240382790565491 5.083952352404594 941.739690348506 0 44.53507879376411 10.72599978744984 3.93084791302681 1.194955348968506 16.58449101448059 8.805424019694328 7.597880095243454 20.61036172509193 8.467925980687141 1.928785443305969 7.06659659743309 26.19689257442951 8.792310014367104 5.689203321933746 0 0 0 0 0 0 0 0 0 0 0 0 0 0.8715673685073853 0 0 0.2308674305677414 0.2333367764949799 0 0 0 0 0 0 2.42169976234436 0 0 2.288278579711914 0 0 0 0 0 0 0 0 0 0 0 0 0 0.241996094584465 0 0.6619993448257446 0.4086554646492004 2.144863940775394 0 0 1.377240151166916 0.1369390189647675 0 0 0 0 1.635830245912075 1.024398609995842 0.3130412250757217 0 0.140930101275444 0 0 12.83043776452541 1.164565861225128 0 0 0 0.1954934000968933 0 0 0.9251638203859329 0.3266367241740227 0 0 0 0.2399879395961761 1.706546008586884 0 0 0.3570669442415237 0 0 0 13.86305566132069 0 0.6728398501873016 284.2511245533824 4.642515942454338 134.5185868218541 20.69266529381275 652.454914085567 32.62551283836365 1.57267028093338 1.35316576063633 8.77965259552002 0.8614014089107513 4.843858599662781 0.8991993963718414 69.32225316017866 0 0 0.8340873122215271 0.1841700971126556 0.2536340057849884 475.4538500756025 6.419424310326576
1967.932994812727 3363.313854090869 1453.91477137804 1262.543738938868 975.7138980403543 79.57042300701141 5348.899579659104 287.7033964246511 529.5765379145741 1529.424751490355 888.8617683947086 460.4607937037945 908.63256983459 1538.190754435956 1.25771202147007 1.793044626712799 0.3070656955242157 0.167061910033226 0 0 0 0.3122761398553848 0 0.1229789704084396 0.08758837729692459 0.2264448702335358 0 0 0 0 2473.541664369404 71.5616293400526 115.6581782102585 0 0.1204016283154488 0 4.683816522359848 0 0 0 0.1674202084541321 0.2672742307186127 0.1447479128837585 0.6592464074492455 0.3057975769042969 0.4409580826759338 78.11265600472689 1.379715293645859 0.4500927329063416 0 1.304085291922092 0.3023151755332947 0.1004593819379807 0.5492247045040131 73.93699463456869 84.80900410562754 237.3876565396786 1525.969454027712 69.95472307503223 115.5613689869642 0.09360908716917038 1.998868823051453 0 165.4665167406201 53.83812779933214 14.48410015553236 10.54129105061293 1.395904310047626 0.6780013144016266 0.166388601064682 4.051904954016209 0 0.2503384128212929 765.4935338422656 282.9479217529297 53.54427061975002 16.1911930590868 4.544768713414669 0.3427598848938942 304.2455180883408 0.7061129286885262 3.29341434687376 127.1473464295268 5.30362219363451 15.07345292717218 107.5394235998392 3.479900792241096 2.881231158971786 18.11396158486605 0.314849853515625 2.104928143322468 1.009864777326584 0 0.5313062593340874 1.049834676086903 10.58933426439762 1.825600847601891 0 0.5473904088139534 1058.535467490554 1.72223274409771 7.75409235060215 5.880621358752251 0.2274245321750641 1.895498901605606 33.51798383891582 4.943709835410118 7.739113822579384 17.17496679723263 7.48181264102459 6.441228583455086 9.295834138989449 21.87517386674881 8.593816116452217 6.534614026546478 0 0 0 0 0 0 0 0 0 0 0 0 0 0 0 0.1180284544825554 0 0 0 1.283271163702011 2.300284668803215 0 0 0 5.975724324584007 2.172581911087036 1.540254712104797 1.164410591125488 0 0 0 0 0 0 0.1322989612817764 0 0.95155069231987 1.664366781711578 0 0 0.7062733173370361 0 0.2092053890228271 0.896247498691082 0 3.08362177759409 0.4234200716018677 0 0.4557355642318726 0 0 1.668393403291702 0 0 3.814820721745491 2.139339290559292 0.3325418829917908 0 0.09818282723426819 0 0 20.15751561522484 2.256496071815491 0 0.5694923400878906 0.1131908595561981 3.26207423210144 0 0 0.5547673106193542 0.308527797460556 0.2405870631337166 0 0 0.6350714862346649 3.631024390459061 0.3639228343963623 0 1.692526437342167 0.2953858897089958 0.2348517179489136 0 14.06054645776749 6.432230696082115 4.752447806298733 257.9654156044126 8.67107518017292 447.1731868386269 63.09939947724342 143.9658801928163 28.53119544684887 4.475703746080399 4.885983511805534 3.60089635848999 0.1966501176357269 7.828686907887459 3.986158080399036 16.51554870605469 0.3596496880054474 0.7936009168624878 2.936225533485413 1.861526787281036 0.2579313218593597 442.3817358613014 7.384387046098709
81.44551871716976 1453.91477137804 1458.078094601631 4.617522045969963 599.9439997524023 10.71726904809475 238.7711526751518 2376.111853256822 370.9387043863535 24.05328367650509 1861.680517598987 129.0155091136694 421.1075850427151 1117.356266416609 2.617977701127529 1.927289381623268 0.4397573918104172 0.1646302044391632 0.3852282017469406 2.095295444130898 2.837056443095207 1.583968043327332 2.633784510195255 2.334191188216209 2.015121132135391 0 1.039265066385269 0 0 0.5845777094364166 3984.294160068035 1244.154000818729 252.6570383682847 3.474463433027267 1.427637934684753 1.562442481517792 22.38065178692341 7.454131864011288 2.830104395747185 3.045975252985954 0.3413510918617249 2.658591449260712 2.118122979998589 1.275530122220516 2.273430988192558 1.151704698801041 19.09602484107018 2.002996928989887 0.28390733897686 1.275942102074623 0.1326737403869629 0 0.2158555239439011 0.5507473945617676 13.59605722129345 12.7780569344759 108.4454219713807 1214.956468783319 18.80857759714127 20.76026178151369 4.275901705026627 33.59797771275043 0.9165800511837006 84.94717861711979 6.417206734418869 2.356892354786396 1.906063951551914 0.2758431285619736 5.655232906341553 1.633590221405029 28.34485378116369 0.130103200674057 0 185.938428811729 115.9698405042291 14.76194534450769 6.043106257915497 6.560872420668602 28.93447924405336 1629.178898043931 2.509441211819649 157.9325383380055 18.85681335628033 0.3158669322729111 3.015014350414276 16.20290050655603 5.784972362220287 1.255329385399818 2.650144152343273 0.3069921433925629 1.46868921071291 1.038243219256401 5.601409614086151 1.483512304723263 2.682135418057442 32.96713039278984 16.84316802769899 0 6.342180609703064 114.3244064822793 1.200260832905769 2.307272732257843 0.6083488389849663 0.6770777702331543 2.042611449956894 13.23330702632666 2.851750329136848 8.046909362077713 16.51142524182796 3.397211074829102 4.544429540634155 13.65851590782404 19.07967250049114 16.92681416869164 12.82181729376316 0.8123011738061905 0.7687521278858185 0 0 0 0 0.1645178645849228 0.2866148054599762 0 0 0 0 0 0 0 0 0 0.3040973916649818 0 5.503423854708672 3.162355959415436 0 0 0 11.89842249453068 0 16.40413543581963 1.046896666288376 1.483378052711487 0 0.5039744079113007 0 0 0 0.2040031999349594 0.1989215016365051 1.76573671400547 3.000502213835716 0 0 0.2739335894584656 0 0.1284217238426208 0 0 0.3731771856546402 0.167990043759346 1.35883641242981 1.932729840278625 0 0 2.278141438961029 0 0.5421280860900879 0.8872864097356796 0 0 0.1696973443031311 0 0 0 40.57445921003819 0.471033975481987 0.1461535394191742 0 0.1498646587133408 4.723959475755692 0 0 1.107120513916016 1.014303579926491 1.043317310512066 0 0.6860427856445312 0 0.3024198263883591 0 0 0 0 0.3644424378871918 0 21.97093176841736 7.764243200421333 7.852388963103294 82.98011016100645 2.628696866333485 71.48864286392927 19.30923296511173 11.5997711867094 4.991155609488487 0.262027382850647 7.074638895690441 9.705544322729111 0.2943591475486755 3.547857686877251 1.895115464925766 4.673501774668694 0.2306585013866425 0 2.340694904327393 1.875624805688858 0.2049938887357712 73.64621977508068 6.627579465508461
2282.052993021905 1262.543738938868 4.617522045969963 169.9649976044893 46.31994357705116 507.448646530509 404.6861098781228 0 2.223343446850777 1609.614899456501 0.9844613075256348 1216.162214696407 504.0216465592384 10.24466935545206 0 0 0 0 0 0 0 0 0 0 0 0 0 0 0 0 126.4566035270691 1.71282671391964 17.89187788963318 0 0 0 0 0 0 0 0 0 0 0.1276222914457321 0 0 23.13790667057037 0.2134283632040024 0 0.2631852701306343 0 0 0 0.1314325332641602 26.92520093917847 32.52387867122889 71.98153880983591 165.9844371080399 19.68056888133287 32.48610407859087 0.1134819164872169 0.08098412305116653 0.1025288924574852 16.76167445629835 18.30186906456947 6.431575044989586 2.591695606708527 0.4577168151736259 0.1102838888764381 0 0.6339522823691368 0.14272840321064 0 228.0224259197712 49.49421051889658 10.17929440736771 2.434550449252129 0.1061942055821419 0.1170087531208992 0.7118672281503677 0.1882079392671585 0 42.16854323446751 1.795111425220966 4.06242098659277 35.46343569457531 1.435628116130829 1.215448647737503 5.539064481854439 0.1316968351602554 0.2191088870167732 0.3289282619953156 0 0.1098908483982086 0 7.689574584364891 0.7670491933822632 0 0 801.5835524871945 0 17.39918126165867 4.789156585931778 0.9372103959321976 1.570123672485352 16.47124192118645 3.373399287462234 3.158123254776001 12.07934963703156 4.175976470112801 0.3752680718898773 7.322208568453789 15.08064378798008 7.684668436646461 3.074360251426697 0 0 0 0 0 0 0 0 0 0 0 0 0 0 0 0 0 0 0 0.3157271295785904 0 0 0 0 1.821591213345528 0 0.1524850130081177 0 0 0 0 0 0 0 0 0 0 0 0 0.1514348536729813 0 0 0 0.7147625610232353 0.2487890720367432 1.51585990190506 0.2678275406360626 0.4253069460391998 1.830270737409592 0 0 0 0 0 0.5705012306571007 0.1234212070703506 0.2646744176745415 0 0 0 0 6.601487003266811 0 0 0 0 0 0 0 0.3805552870035172 0 0 0 0 0 1.565400220453739 0 0 0.8407357260584831 0 0 0 6.090945765376091 0 0.2900905609130859 76.99942151457071 4.270016111433506 166.0026103556156 19.71571282297373 305.879065990448 20.48438712954521 1.356657952070236 2.885845668613911 4.294757604598999 0 0.162889689207077 0 26.21314552426338 0 0 0 1.165253341197968 0 578.094336874783 2.761011406779289
2.757809899747372 975.7138980403543 599.9439997524023 46.31994357705116 1315.040258958936 7.299752876162529 4058.077051945031 97.30549026280642 3272.244939625263 467.5573051273823 1076.070640020072 210.3051934093237 1089.657297000289 1385.165901049972 2.54879891872406 0.6961198970675468 0.08994194120168686 0 0 0 0 0 0.1374907791614532 0 0 0 0 0 0.1825799942016602 0 89.60966697335243 33.1342698186636 10.0060660392046 0 0 0.1145187169313431 1.368276029825211 0 0 0 0 0 0 0 0.1089641898870468 0 44.96484858542681 0.4805762246251106 0 0 0.1180634200572968 0 0.3711186200380325 0.1969851553440094 13.09124928712845 11.67704551666975 14.72928383201361 57.73006566613913 8.723154447972775 39.16597521305084 0.1070886328816414 0.4036921858787537 0 39.60635784268379 9.125023402273655 2.696847379207611 1.782313510775566 0.6828800961375237 0 0 0.5819507166743279 0 0 118.0675079077482 74.91311360150576 26.85376454889774 10.36273017525673 2.799098052084446 0 9.093395367264748 0.4333635866641998 0 22.72469830513 0.2103693187236786 1.947700686752796 18.89781879633665 0.9271516129374504 1.023236840963364 4.368058048188686 0 0.6740127205848694 0.499903678894043 0.1673256158828735 0 0 8.72939532995224 4.329869568347931 0 0.3089475929737091 3.654117651283741 1.039921805262566 7.01763279736042 2.629541710019112 2.258618712425232 0.3975997567176819 27.98201148211956 5.155620440840721 6.582512333989143 18.48348812758923 3.826245367527008 4.069051593542099 9.132820397615433 12.99730458855629 14.07168363034725 0.4876143336296082 0 0 0 0 0 0 0 0 0 0 0 0 0 0 0 0 0 0 0 0.1795692294836044 2.929094091057777 0 0 0 4.696561872959137 2.261245489120483 4.582819402217865 0 0.3652542531490326 0 0 0 0 0 0 0 0 0 0 0 0 0 0 0 0 0.5782040506601334 1.211322814226151 0.289113312959671 0 0 0 1.674812436103821 0 0 1.385497331619263 0.7311692833900452 0.1132062301039696 0 0 0 0 18.83330187946558 0.4694222211837769 0 0 0 5.272948771715164 0 0 0.1299736946821213 0.8291286379098892 2.176530562341213 0 0 0 0.6464765816926956 0 0 0.3886351510882378 0.347056582570076 0 0 22.13466514647007 4.066841632127762 0.9519814252853394 163.935245141387 2.743551947176456 194.3397070169449 33.06060605496168 29.73108102381229 3.781793341040611 0.6569552421569824 4.278425514698029 1.613330766558647 0.5767175406217575 1.029525279998779 1.107792094349861 7.996115684509277 0 0 1.124821126461029 1.218336492776871 0 78.16989412903786 6.405783146619797
148.2541293799877 79.57042300701141 10.71726904809475 507.448646530509 7.299752876162529 1.419849693775177 166.767168417573 4.968784779310226 1.954391300678253 1237.636043325067 5.445904649794102 279.8485950827599 80.7521265745163 7.921402111649513 3.091735132038593 3.640052072703838 0.2054431140422821 0 0 0 0 3.577220812439919 0 0 2.100209966301918 0 0 0 0 0 57.91147486120462 8.964839681982994 26.52533109486103 0 0 9.046805173158646 44.65107710659504 14.10616947710514 12.45956405997276 4.463734567165375 0 0 0 1.077268302440643 0.6422302722930908 1.907124072313309 8.159329749643803 0.1983706802129745 0 0.2458741664886475 0 3.201817542314529 3.611356556415558 0.1866574883460999 4.829973191022873 6.150732435286045 163.5620522126555 22.98804020881653 11.82601834833622 5.39843912422657 2.473279923200607 7.158361569046974 1.818962559103966 2.531486958265305 1.282299183309078 0.6983848586678505 0.4890759661793709 0 0.4688146859407425 0 153.8910750374198 148.7743259072304 8.927307575941086 25.52917511761189 4.960039600729942 5.438337177038193 1.896494790911674 1.84124056994915 2.012519776821136 9.35877925157547 0 10.32863173633814 4.991121716797352 12.05368383228779 0.5125014334917068 8.084131442010403 0.7139015644788742 36.55988566577435 13.79699602723122 9.089015752077103 4.2897609770298 3.813603818416595 0 0 0.1488770395517349 168.156218200922 263.6429029852152 14.24620497226715 95.07078777253628 247.7898403257132 1.130973875522614 15.85874551534653 3.727040469646454 1.634884148836136 0 10.5550851225853 6.988714620471001 4.460537597537041 8.810067996382713 3.575530335307121 0.4131231755018234 4.714588820934296 10.98718105256557 6.126758575439453 0.6067234724760056 0.4078935533761978 0.2310165166854858 0 0.2717093825340271 0 0.4492510557174683 0.1438737362623215 0 0 0 0 0 0.3371299654245377 0.9824483096599579 1.267835378646851 0 4.234644562005997 3.710384353995323 1.911077782511711 0 0.2098147869110107 0 0.203188419342041 0.3971252590417862 0.4550106525421143 0.4997477531433105 1.487961530685425 1.366724833846092 1.904611483216286 0 0 0 0 0.1125374138355255 0.5113007128238678 0 0 1.503168717026711 0 0 0.4552454352378845 6.979133486747742 0 0 0 0.5151473879814148 0 0.2108140885829926 0 0 0 4.310966193675995 0 0 0.135337620973587 0 0 0 0 0 0 6.108549565076828 12.42322550714016 0 0 0 0.5894121527671814 0 0 0.1391459256410599 0.4088756516575813 0.3996241018176079 0 0.2136122435331345 0 0 0.3071616888046265 0 0.4243592321872711 0 0 0.4350649565458298 8.757200226187706 3.816177070140839 6.141610585153103 60.33920057862997 2.616448581218719 36.8151396587491 18.72773126512766 146.9743680804968 2.04267854988575 0.4550827741622925 3.707008451223373 7.370708391070366 0 4.778591550886631 0.3668276518583298 18.54678562283516 0 0 0 2.918952062726021 0 64.57369035482407 7.252483576536179
254.2804457917809 5348.899579659104 238.7711526751518 404.6861098781228 4058.077051945031 166.767168417573 2165.846579909325 52.09363470971584 959.1830476969481 2087.605852328241 852.400801666081 901.1323190927505 2609.830356307328 2677.461117349565 6.681352935731411 3.681590639054775 0.3405057415366173 0.3931781798601151 0 0.5660146027803421 0 0 0 0 0.1452175974845886 0.1037314161658287 0 0.2642982229590416 0.2014164924621582 0.3597114384174347 165.7759359106421 50.72287979722023 45.97589394450188 0 0.1406044065952301 0 1.961395718157291 0.1804944574832916 0 0.1458016037940979 0.2084791213274002 0.2305747419595718 0 0.446308009326458 0.3445402085781097 0.3104821518063545 135.4476407319307 1.161852076649666 0.6550192609429359 0.1755440831184387 0.8748450577259064 0 0 0.1875865012407303 55.06668020039797 55.39868456125259 66.08482724428177 185.4967985898256 38.01546637713909 154.0181688219309 0.4292156994342804 0.4447647929191589 0 139.9979458525777 35.20352347940207 12.23009556531906 8.144945502281189 1.263245820999146 0.7103292346000671 0 4.045847475528717 0 0 485.1215664893389 249.2300707921386 90.46764305233955 36.99957427382469 14.24019685387611 1.538418963551521 27.2627104818821 1.176176406443119 0.953823059797287 90.96620991826057 5.300161868333817 10.86743337661028 76.06246829032898 3.09956730902195 2.708442158997059 14.33249823749065 0.1811999380588531 1.729174926877022 0.2771623209118843 0 1.185723543167114 1.080946862697601 60.10102717578411 9.679349541664124 0 0.93397007137537 75.04528999328613 8.001683041453362 62.19690406322479 24.89557523280382 9.700064226984978 21.81020477414131 110.3504687324166 37.05827260017395 49.56513522565365 114.2084524556994 39.32797050476074 22.28285010159016 51.16292943060398 140.8698803260922 67.34849558025599 26.1911493986845 0.5623912513256073 0 0 0 0 0 0 0 0 0 0.1271501034498215 0 0 0 0.1501226723194122 0 0 0 0 6.56479999423027 11.12222266197205 0 0 0 26.8582706078887 3.667916774749756 22.18269842863083 0 0 0 0 0 0 1.029807239770889 0 0 2.682236157357693 7.414374560117722 0 0 0 0 0 2.08124003559351 2.674529127776623 2.85882043838501 0.7982313334941864 2.253048688173294 3.088604629039764 0 0 18.18277607858181 0.2950442135334015 0.2465390563011169 4.022642336785793 0.8869840875267982 1.049060069024563 0 0 0 0 135.8944409638643 1.274183437228203 0 0.8193178176879883 0 12.73684702068567 0.3056348115205765 0.6911868453025818 6.404237367212772 4.501905620098114 3.360825479030609 1.568774074316025 1.581464789807796 0.6129279658198357 1.36070916056633 0.4574259519577026 0 2.41215967386961 0.5625935047864914 0 0 97.50484350323677 13.31157624721527 12.21341334283352 599.6400590762496 16.31163357198238 680.9650700539351 115.8720669597387 156.7840470522642 18.02032019942999 2.621362112462521 22.56488025188446 16.81990137696266 0.4472278505563736 21.82050489634275 4.247887521982193 86.05644631385803 0.1424452513456345 0 0.1179279685020447 3.324997872114182 0.5770911574363708 563.0308033451438 56.91049338132143
1.271284088492393 287.7033964246511 2376.111853256822 0 97.30549026280642 4.968784779310226 52.09363470971584 1466.635051503778 192.0954604893923 2.500376880168915 2994.964336708188 110.4832936823368 289.7031870484352 783.2124866619706 3.506891973316669 3.004680186510086 1.14669831097126 2.62789361178875 0.1774696409702301 13.63747029751539 11.02271655201912 12.85864354670048 24.94994263350964 32.5739633589983 21.33652696758509 2.567635774612427 15.95560920983553 1.655177906155586 1.413460455834866 5.818626031279564 1107.182791076601 1452.804151706398 179.6509280800819 22.47930188477039 13.86323073506355 19.74071976542473 39.90669330209494 24.16992009431124 14.48356863111258 16.16994392871857 4.293704807758331 13.16336454451084 10.44562049210072 1.185873910784721 6.739052280783653 9.532575011253357 24.71180130541325 3.528080105781555 1.011328652501106 14.6152351051569 2.721709728240967 0.6171799600124359 1.621144004166126 5.228867337107658 3.4277488514781 4.64364130795002 17.16024804860353 146.154805585742 4.627047039568424 15.94556791335344 123.981942512095 225.8410781994462 12.3711811453104 97.94634186476469 3.356774784624577 3.794482327997684 5.28807719796896 2.273078083992004 57.35753752291203 19.32227730751038 54.31874944269657 1.945034176111221 0 74.79992412030697 77.29969301819801 20.76268820464611 22.15074230730534 12.81222503632307 481.2328408062458 1426.475048519671 98.56785587221384 1466.659641958773 11.44467756152153 0.1038844212889671 4.307452388107777 10.54859422892332 18.85954689979553 2.339543700218201 5.805916972458363 0.4182056784629822 5.02922634780407 2.962480962276459 40.54221205413342 9.069872036576271 20.9962163567543 40.31274750083685 25.36526833474636 0.2454975545406342 27.47775329649448 6.135631911456585 0 0.7711168527603149 0.74626325070858 0 1.534396409988403 4.012023985385895 0.3049971908330917 2.526194602251053 6.330825462937355 1.606450617313385 0.849791631102562 6.474353536963463 4.580478236079216 11.68664701282978 2.673825025558472 0.7983832210302353 0.6115653142333031 0 0 0 0 0.3053668439388275 0.3828571736812592 0 0 0.8313747197389603 0 0 0.1561281830072403 0 1.104912057518959 0.1909126192331314 0.8487905114889145 0 1.351304247975349 2.195131599903107 0 0 0 7.907506518065929 0 11.08367383480072 0.8775024712085724 2.473426014184952 0.6219149678945541 0 1.100904494524002 0 0 0 0.3767779320478439 3.263383448123932 0.604965016245842 0 0 0.1674755662679672 0.3138845860958099 2.133735924959183 0.1321819126605988 0.6368414163589478 0.2657509967684746 0.1389011740684509 0.6684137582778931 0 0 0 5.858410954475403 0.2985259294509888 0.3446864485740662 0.1099654212594032 0.3767418041825294 0 0 0 0.4071978032588959 1.489671468734741 26.827247813344 1.242082074284554 1.296033918857574 0.5620553493499756 4.963677018880844 2.577025294303894 0 0 0.6946872472763062 1.380341351032257 1.639445155858994 0 0.5122364163398743 0 0.3873310536146164 0 0 2.137409448623657 0.1589016318321228 0.9512316137552261 0 7.327410534024239 6.097439333796501 8.589218594133854 66.8417000696063 1.518188238143921 82.06403660029173 23.01258786022663 14.93461808562279 1.443527273833752 0.1536686420440674 2.727728247642517 9.057353615760803 0.1871519535779953 5.605235017836094 3.98848032951355 3.532628208398819 2.124752908945084 0 0 0 0.4468661621212959 15.04066445678473 6.527202412486076
1.388702571392059 529.5765379145741 370.9387043863535 2.223343446850777 3272.244939625263 1.954391300678253 959.1830476969481 192.0954604893923 193.5222609490156 84.95103178918362 1052.76803265512 55.19589097797871 752.5999418348074 343.0851840078831 1.32002204656601 0.5135021209716797 0.1014891490340233 0.1202611476182938 0 0 0 0 0 0 0 0 0 0 0 0 19.72848364710808 11.96798053383827 6.183144241571426 0 0 0 1.29842010140419 0 0.2136110961437225 0 0 0 0 0.5136553794145584 0 0 19.67870386689901 0 0 0 0 0 0 0.3100790977478027 2.304838359355927 2.698041759431362 3.584901906549931 10.17717488855124 1.456511974334717 16.06085079163313 0 0 0 15.04078732430935 2.46890789270401 1.387071400880814 0.5523703843355179 0.2510859444737434 0.1872822120785713 0 1.973247036337852 0 0 37.07203002274036 22.31624510139227 13.53928849101067 7.15710686147213 3.63095897436142 8.066424548625946 39.20816914737225 0.09227677434682846 0 6.586406998336315 0.3547890409827232 0.742351733148098 6.328899674117565 0.4207313731312752 0.2096453160047531 1.158362038433552 0 0.2744524776935577 0.1421549022197723 0 0 0 5.091999620199203 1.806572139263153 0 0 0.9191679507493973 0 5.437039270997047 3.196690499782562 0.8744242489337921 1.017981976270676 12.03013443946838 3.391944393515587 3.759174227714539 11.4187858402729 3.331172332167625 1.415554270148277 6.007883995771408 18.4572936668992 9.141185432672501 7.913901895284653 0 0 0 0 0 0 0 0 0 0 0 0 0 0 0 0 0 0 0 3.348509475588799 0 0 0 0 3.650555849075317 0 3.474082708358765 0 0 0 0 0 0 0 0 0 0 1.543643817305565 0 0 0 0 0 0.4247823730111122 0 0.1999732404947281 0 0.8163216710090637 0 0 0 0.7041265368461609 0 0.2674949169158936 1.302653945982456 0.2914945930242538 0.3070115745067596 0 0 0.1719085723161697 0 11.22731579095125 0 0 0 0 1.581357896327972 0 0 0.3080137372016907 0.5318160653114319 1.056326270103455 0 1.036739975214005 0 0 0.1178513467311859 0 0.1709370166063309 0 0 0 12.01627469062805 2.063807040452957 2.829173475503922 76.65382145345211 2.180554777383804 70.95796500891447 14.83058100938797 15.45027330517769 1.52659197896719 0.142247349023819 2.604913622140884 1.326408922672272 0 1.660888582468033 0.9738433659076691 4.650976553559303 0 0 0 0.1953191012144089 0 28.61724983155727 2.284588783979416
1665.727272123098 1529.424751490355 24.05328367650509 1609.614899456501 467.5573051273823 1237.636043325067 2087.605852328241 2.500376880168915 84.95103178918362 2931.448704481125 56.40757905691862 2083.307430610061 2852.87018468976 541.7600949853659 1.148270882666111 0.3748021349310875 0 0 0 0 0 0 0 0 1.501230448484421 0 0 0 0 0 50.4084392786026 3.657628305256367 192.0331650525331 0.08548994362354279 0 0.4156277626752853 261.3218161165714 0.6913580670952797 0.3478648364543915 0.1239505335688591 0 0 0 0 0 0 22.3011751100421 0.4113606363534927 0 0.1242960765957832 0 0 0 0 22.45280840992928 24.16111641377211 76.60802920162678 106.7902514338493 16.38423397392035 35.1977474167943 0.4948596581816673 0 0.4135421216487885 23.18484818190336 14.73371371626854 4.462838269770145 2.591576166450977 0 0 0 177.5994016379118 4.954467728734016 0 176.8906693905592 57.39155646413565 9.907592743635178 4.100737147033215 0.8631129041314125 0.1094711050391197 1.82867094874382 0.1410935074090958 0.3720133900642395 34.13229585438967 1.626816362142563 3.912826083600521 28.23310497403145 0.9561043381690979 1.618317618966103 4.836401864886284 0.9344907402992249 1.799461297690868 0.5490775927901268 0 0 0.2145099937915802 328.5569997280836 15.22597123682499 2.667236626148224 5.168844982981682 514.7382594347 13.40367422997952 225.5391992107034 178.0919495373964 56.85723643004894 18.67292366921902 313.8189663141966 117.1252197176218 108.8145136013627 302.6257863640785 100.0342280566692 30.50480861216784 94.42578476667404 332.5460054203868 131.1888373121619 37.68180978298187 0.4131325110793114 2.419026650488377 0 0 0 0 0 0 0 0 0 0 0 0 0 0 0 0 0 10.09612883627415 9.195038065314293 0 0 0 27.65523697435856 0 5.623497143387794 0 1.475156426429749 0 0 0 0.2980625629425049 0.1136202290654182 0 0 5.030296958982944 1.967909246683121 0 0 0 0 0 2.276819787919521 5.597953423857689 1.831230595707893 4.748227223753929 4.000833004713058 14.72590507566929 0 0 8.057151779532433 0.9598303139209747 2.303755059838295 4.457990646362305 0.3944659903645515 0.1069134920835495 0 0 0 0 148.7794309183955 6.71748948097229 0.8627065867185593 0 0.1490378677845001 20.60332091897726 0.3930690810084343 0.3886819928884506 15.72369211167097 6.855143271386623 7.209475934505463 0.5411252304911613 1.72111789137125 0.768707387149334 1.081291481852531 0 0 0.5501414835453033 0 0 0 196.1516975238919 9.340040192008018 5.524906665086746 164.3293118327856 3.711161121726036 169.8289105370641 15.69491625577211 370.8221292123199 13.01483423262835 0.6515888273715973 1.78608912229538 45.89194595068693 0 23.58555641025305 4.293386220932007 322.1865538358688 5.188390597701073 0.2756186723709106 4.049931332468987 0.2921275496482849 0.5512958765029907 1568.694496393204 111.9859421029687
1.356407016515732 888.8617683947086 1861.680517598987 0.9844613075256348 1076.070640020072 5.445904649794102 852.400801666081 2994.964336708188 1052.76803265512 56.40757905691862 1213.607863232493 398.7373355776072 2608.980019286275 3342.130057021976 7.054260119795799 5.850206568837166 0.2293996065855026 0 0 0 0 0.3997406363487244 0 0.2122744023799896 0.6953051090240479 0 0 0.3176339715719223 0 0 281.7849968075752 203.3117126375437 449.1668377220631 0 0 0.4077672362327576 28.89685618877411 2.881533205509186 1.368269309401512 0.6015675365924835 0.1586163341999054 1.006450340151787 0 1.238254688680172 0.1015476584434509 0.1087683737277985 53.88883482664824 0.4454028904438019 0 0.2468689978122711 0.3786531016230583 0 0.1239892914891243 0 9.575994715094566 9.757175110280514 11.85405323654413 63.31462325155735 7.338420405983925 54.99325360357761 0 31.61324153840542 0 52.21253046393394 6.900074020028114 1.809083096683025 1.082463219761848 0.3089887052774429 0.5116653144359589 0.133383184671402 30.5992796048522 4.416204929351807 0 129.9800993949175 76.84200280159712 54.22607608884573 31.24679202586412 15.24148806929588 528.0104247033596 1316.922743067145 1.022311180830002 84.14309147000313 20.10053900629282 0.4634794369339943 3.421587310731411 15.7434706017375 0.6019619852304459 0.4428606182336807 2.376829594373703 0.1825100928544998 0.8206725418567657 0.7950975075364113 0 0.2371144220232964 0.7567578852176666 61.97098228335381 5.416440919041634 0 3.014558888971806 7.522319585084915 2.753919512033463 8.719647377729416 3.18847668170929 4.506369382143021 13.25939810276031 24.59109945595264 6.15326189994812 12.33533997833729 35.62691113352776 10.8921482861042 12.62498179078102 21.60085634887218 54.93670135736465 31.22388236224651 16.98096187412739 0.3861242830753326 1.123233765363693 0 0 0 0 0 0 0 0 0 0 0 0 0 0.133056104183197 0 0 0 12.03615655004978 3.05624620616436 0.1266427785158157 0 0 31.72695952653885 0 6.434164553880692 0 0 0.265756219625473 0 0 0 0 0 0 5.792860433459282 3.044892303645611 0 0 0 0 0 0.1512020230293274 0.1815081834793091 0.4678900688886642 0.2543805986642838 1.013664335012436 0.5496928542852402 0.1299498379230499 0 4.763107001781464 0.4685433208942413 0.5967637300491333 3.584594987332821 0.3422803953289986 0 0 0 0 0 89.27595275640488 2.037165433168411 0.225142702460289 0 0 15.55059210956097 0 0 5.205520778894424 7.192743539810181 5.158363603055477 1.4704430103302 1.341636925935745 0 0.1685044020414352 0 0 0.2699929997324944 0.2270671501755714 0 0 67.26890477538109 8.017085865139961 12.83575040102005 303.915885604918 5.843731380999088 209.770184867084 63.12286841869354 40.49655550718307 1.113161079585552 0.3181025385856628 9.537429973483086 12.70382562279701 0.1222612261772156 7.643879801034927 6.278187185525894 26.28373150527477 0 0 3.371744871139526 2.996823996305466 0 55.52561988681555 23.55608874559402
246.6252130791545 460.4607937037945 129.0155091136694 1216.162214696407 210.3051934093237 279.8485950827599 901.1323190927505 110.4832936823368 55.19589097797871 2083.307430610061 398.7373355776072 260.4590324759483 1221.783448554575 190.0167284309864 13.18666292726994 11.79752191156149 0 0 0 0.1479205340147018 0 1.038611963391304 0.2112414985895157 0.3194413259625435 0.4739363119006157 0.5208427309989929 0.2666618674993515 0 0.3487694412469864 0.1019299104809761 59.04561112821102 16.0080307200551 347.3940655589104 0.1413211524486542 0.1598871052265167 0.5204522758722305 60.29431513696909 3.477184399962425 1.782257497310638 0.9019977226853371 0 0.1453216373920441 0 1.628773383796215 0 0 46.91693944483995 0.2616952061653137 0.1517409384250641 0.1532172858715057 0.3954502418637276 0 0.3575568497180939 1.0100919008255 7.136392392218113 5.697489120066166 19.95953404158354 33.03398588299751 6.426403656601906 29.0837260261178 0 5.913766108453274 0 43.82886901497841 3.226144380867481 1.634102314710617 1.171942710876465 0.2758573740720749 0.6364575624465942 0 97.37542337924242 1.113901749253273 0 71.81436462700367 48.45594175159931 54.36679229140282 26.65015225112438 25.18911454081535 0.2431672886013985 177.7717124372721 0.2432897537946701 13.36425810307264 13.09215476363897 0.984626904129982 1.198112234473228 10.05247128009796 0.7707765027880669 0.643772155046463 2.486406043171883 0.2961389124393463 1.470654375851154 0.8652785569429398 0.3844436407089233 0.3936005607247353 1.11671394109726 604.4462946280837 51.33620996773243 0 5.460155054926872 88.32783795148134 22.5211253836751 64.22351590543985 39.15169664472342 20.45998230576515 61.88162717968225 185.2680860608816 75.60637561231852 107.5788497030735 206.4124499633908 89.20060332864523 47.8562422990799 104.4875353500247 313.0955809131265 161.3434768021107 56.0651358962059 2.014555476605892 2.450570769608021 0.179217129945755 0 0 0 0 0 0 0 0.1092891693115234 0 0 0 0 0 0.1317817270755768 2.191437169909477 0.6589264273643494 22.67845913022757 21.32699799537659 0 0.3972333669662476 0 62.74843531847 0.7291405200958252 34.6144020408392 1.008738160133362 0 0 0 0 0 0.6431694850325584 1.716173946857452 0 6.51232298463583 12.76129351556301 1.089391142129898 0 0.447999119758606 0 0 2.680578477680683 3.525330483913422 1.114687092602253 3.552333660423756 3.245986558496952 5.892343647778034 0.6781792119145393 0.1219916194677353 42.88607013225555 1.787221610546112 2.156820446252823 2.708141043782234 0 0.2351316213607788 0.2420472949743271 0 0 0 284.1828501448035 21.56830330193043 2.48743049800396 0.1128862425684929 0.6440774500370026 56.8320574760437 0.2647556811571121 0 15.15374947339296 14.76819164305925 14.90584693849087 0.2496113926172256 2.762576408684254 0.2761513739824295 0.6247037872672081 0.392742857336998 0.4887898415327072 0.408929817378521 0 0 0 264.945874735713 35.8463973402977 23.44155436754227 246.9038183018565 4.710228376090527 162.9929216727614 55.06038482487202 106.4839598834515 2.316894978284836 9.092500016093254 12.24510623514652 34.99104975908995 3.977086782455444 47.71075048297644 11.37852694094181 113.636867582798 5.170043595135212 1.249419614672661 14.80426351726055 6.627253696322441 4.129450619220734 519.9303174838424 146.1750090196729
64.40943278372288 908.63256983459 421.1075850427151 504.0216465592384 1089.657297000289 80.7521265745163 2609.830356307328 289.7031870484352 752.5999418348074 2852.87018468976 2608.980019286275 1221.783448554575 3999.964237004519 6919.743225067854 20.70286334306002 20.00224407017231 0 0 0 0.3772172480821609 0 1.165660336613655 0 0.1851517856121063 0.4633292630314827 0 0.5510907173156738 0 0.09875307232141495 0.1405588537454605 100.7926908284426 37.6984551846981 1005.674835242331 0.8721045851707458 0.1392317563295364 1.287831827998161 192.154825553298 4.520659111440182 2.345849253237247 1.50149480253458 0 0.7289675176143646 0 1.795057028532028 0.1004944518208504 0.2547811940312386 102.6664057374001 0.2738162726163864 0.1309612542390823 0 0.1342025995254517 0 0.1073017790913582 1.278211295604706 9.687615230679512 10.29460684210062 15.97872111946344 37.06885834783316 7.399133734405041 65.3493145108223 0.7592858374118805 13.15950927883387 0 87.40773126482964 8.448200263082981 3.157856844365597 1.44066160172224 0.1135962903499603 0.134821891784668 0 285.9432865530252 1.068098857998848 0 140.635429546237 116.2470178976655 108.6361556351185 57.06091370433569 41.27782637625933 6.982522614300251 531.5171341449022 0.2212514132261276 37.02091688662767 20.79391748458147 0.6234217509627342 2.373934671282768 14.83917751908302 0.8473491445183754 0.7161390334367752 4.330192863941193 0 1.090076386928558 1.068727806210518 0.7621113359928131 0.3948305323719978 1.741917125880718 380.6390529051423 47.11201450973749 0 4.10888284444809 45.41434194892645 17.13436120003462 77.53837145864964 37.94008193910122 26.67181082069874 44.56229361891747 233.3406355828047 64.97107394039631 117.4137280136347 202.0106795653701 87.07145377993584 51.57354848831892 119.8422092348337 338.3947363495827 166.4254147708416 67.47727207839489 1.943900987505913 4.372098751366138 0.2523207366466522 0 0 0 0 0 0 0 0 0 0 0.162779375910759 0 0.1575178205966949 0 0.4580542147159576 0 26.85144878178835 18.6329949721694 0 0 0 89.96282920986414 3.666691184043884 59.98981222510338 5.950219094753265 3.378670483827591 0 0.160767987370491 0 0 2.144888646900654 0.2449850887060165 0 3.47381579130888 11.73585955798626 0.9105727672576904 0 0.1545340567827225 0.9809066653251648 0 0.3254730924963951 5.687949977815151 1.338514275848866 3.495112627744675 4.372458726167679 11.63378632068634 0 1.115291476249695 60.2683175355196 2.950481191277504 2.597669824957848 3.01651843637228 0.1412915289402008 0.8425785899162292 0.8653932213783264 0 0 0 346.3174295127392 12.53898085653782 2.804415442049503 0.2099577039480209 0.7749026864767075 63.49286840856075 0 0.5384232401847839 21.67745920270681 20.92661360651255 19.29460006952286 2.000630475580692 2.689234249293804 0.5687009394168854 1.623196631669998 0.6494931727647781 0.3225734680891037 0.6499388590455055 0.1339642107486725 0 0 275.6476705148816 35.45162418484688 34.46303445845842 463.7752456143498 12.99108085036278 359.0442187562585 97.33237665146589 106.3334839567542 4.006404407322407 0.388166218996048 16.44835489988327 48.85831091552973 1.43219181895256 41.06024737656116 15.58642579615116 110.0597115159035 4.162611588835716 0.3770561665296555 11.20715209841728 11.28579951822758 1.246697142720222 342.9875903874636 121.0750169083476
3.458514183759689 1538.190754435956 1117.356266416609 10.24466935545206 1385.165901049972 7.921402111649513 2677.461117349565 783.2124866619706 343.0851840078831 541.7600949853659 3342.130057021976 190.0167284309864 6919.743225067854 728.2370671927929 13.62057922035456 11.55387032032013 0 0.340489074587822 0 0 0 1.749138385057449 0.1427614837884903 0.9979414194822311 0.741567961871624 0.1611016988754272 0 0.1956824213266373 0.1265890896320343 0 132.028475984931 53.69249026477337 1092.06216109544 0 0 2.91809719055891 341.0226752534509 46.91682960838079 5.633473910391331 4.232677780091763 0 0.1283615827560425 0 2.207037977874279 0.2111182659864426 0 70.53703815490007 0.2266802042722702 0.1261910051107407 0.2253897562623024 1.420999675989151 1.330208316445351 0.1913216263055801 1.365223124623299 8.123525455594063 7.565243691205978 7.520941682159901 34.22308675944805 5.036136202514172 55.00159836560488 0 140.721453294158 0.769972562789917 60.17132421582937 6.138325221836567 2.102524437010288 1.459901101887226 0.2259093970060349 1.040165022015572 0 251.89180637151 0.1483756601810455 0 112.5428035855293 86.84048287570477 70.7058986350894 40.6417655646801 29.16735558956861 106.1861639618874 1051.874682590365 2.701916076242924 257.2629930153489 15.49717500805855 0.4447105675935745 2.679250620305538 13.61838649958372 0.7498551532626152 0.3392057344317436 3.218229979276657 0.0905148983001709 1.000070497393608 1.708508431911469 0.5463082194328308 0.2823411524295807 1.122355952858925 94.20118152350187 18.65118051320314 0 5.079585880041122 7.852934494614601 2.539841063320637 6.817146189510822 6.046719677746296 4.179510369896889 12.4472573697567 48.38728103786707 9.46661414206028 26.54814569652081 28.29906733334064 15.94697190821171 9.980651617050171 21.63014777004719 70.58026807010174 36.02137766778469 28.02627441287041 0.5242993235588074 1.311358705163002 0 0 0 0 0 0 0 0 0 0 0 0 0 0.1489944159984589 0 0 0 8.582990318536758 3.163099482655525 0 0.1377272754907608 0 21.35498692840338 0.6982878446578979 19.57127565145493 0 2.460670843720436 0.1690959185361862 0 0 0 0.9225438460707664 0.1324622929096222 0 3.539955243468285 3.475388914346695 0.1407715678215027 0 0 1.680510282516479 0.2827730774879456 0.4838713407516479 2.001386903226376 0.7432588934898376 2.871585860848427 0.8569026961922646 1.318361401557922 1.473399043083191 0 14.3952611386776 0.4512399211525917 0.7563677728176117 1.231747545301914 0.6359481364488602 0 0 0 0 0 83.13463039696217 4.991652891039848 0 0.2398355454206467 0.24941685795784 21.52422022074461 0 0 2.51219979673624 5.290918573737144 2.992117889225483 0.3413477540016174 2.573261693120003 0 0.4134033173322678 0.4062650799751282 0.1599820256233215 0.3895381763577461 0.3471860587596893 0 0.1836512535810471 62.04953314363956 11.67813866585493 10.13527131080627 293.1143960207701 7.081105418503284 207.3763550594449 48.7315589338541 33.96472755819559 1.602731741964817 0.1453219056129456 8.00788825750351 13.25340311229229 0 17.04488119482994 1.518658339977264 18.71309091150761 0.4963600337505341 0 5.758323505520821 2.686084374785423 1.016682356595993 37.41914212703705 25.78087547421455
