518.030196711421 4145.914875350893 1022.94201888144 1637.141471236944 76.38166902959347 65.47959004342556 188.6616841629148 75.62252176553011 14.27386936545372 990.088073849678 129.1272249668837 212.9105875343084 107.8281213790178 76.45360273867846 1.56673976033926 0.1345719397068024 0.1044486686587334 0 0 0 0 0.1339597105979919 0 0.1775103211402893 0 0 0.1081776842474937 0.1355831772089005 0 0 692.1431404277682 1.147705040872097 2.600504964590073 0 0.1533535420894623 0 5.849554650485516 0.4912686347961426 0.8910194113850594 0 0.1346120834350586 0.1115403100848198 0 0 0 0 10.62368715554476 1.324584275484085 0.286225251853466 0.2881518229842186 0.3850093185901642 1.930461540818214 0.7572993487119675 0 5.127876847982407 10.39991272240877 177.0542203336954 1039.245259061456 92.84060152620077 13.4360281676054 0 0.4890094101428986 0 14.84614157676697 2.636616446077824 0.3220533207058907 0.3563424274325371 0.2103304862976074 0 0.1099390536546707 12.39326258003712 2.768444150686264 0.1359676867723465 312.3446511924267 3.112549938261509 7.661483503878117 1.415196292102337 1.183708719909191 0 37.58388815820217 0.6915485858917236 0.2322829440236092 9.598591446876526 0.2244840040802956 1.368485316634178 1.701172277331352 0.8926971331238747 0.5283212140202522 0.1325937807559967 0.2424361705780029 0.3193295449018478 0.5243542790412903 0.2582734301686287 0.1278371661901474 0.2106220424175262 39.54873825609684 23.32415367662907 1.315461024641991 5.439856201410294 1459.357158847153 0 0 0 0 0 2.581267639994621 0 0 26.03313693404198 0 0.7622014284133911 0.6681951880455017 5.118684038519859 2.006149582564831 0.3225205540657043 0 0 0 0 0 0 0 0 0 0 0 0 0 0 0 0 0 0 0 0 0.3218322098255157 0 0 0 0 0 0.3680170178413391 0.2097368240356445 0.2269118577241898 0 0 0 0 0 0 0 0 0 0.1838920712471008 0 0 0 0 0 0 0 0 0 0 0 0 0.3680555820465088 0 0 0 0 0 0 0 0 0 0.4727170467376709 0 0 0 0 0.1483358144760132 0 0 0 0 0 0 0 0 0 0 0 0.1168821230530739 0 0 0 2.698349058628082 0 0 148.1489986181259 4.198616355657578 152.9590450748801 37.88206131756306 810.4856201484799 25.4162358418107 1.996644079685211 5.782373830676079 13.93746107816696 0 0.1187355443835258 0 3.458081841468811 0 0 0 0.5410658568143845 0 209.5992643684149 0.2133114486932755
4145.914875350893 2909.123914808035 1251.238944344223 4514.11838310957 1400.637269981205 48.11491825431585 3327.521561272442 545.8233787938952 3779.546535938978 2860.318803809583 1696.127217181027 51.43325584381819 1188.495513021946 1494.633909747005 16.44372946768999 4.554405450820923 0.6272311583161354 0.4567062929272652 0 0.5224112868309021 1.429369300603867 0 0 0.3587374463677406 0.1926218122243881 0.1097374781966209 0.3387808576226234 0.423761211335659 0.3359144777059555 0.224098727107048 2167.76554273814 19.72515396028757 9.955176435410976 0 0 0.1448693722486496 30.74727360904217 1.544193908572197 1.064497612416744 0.6562599614262581 0.129173755645752 0.4186379089951515 0.4247837588191032 1.44073923677206 0 0.1198448836803436 191.957465171814 2.67984090000391 1.235667765140533 2.008175015449524 2.119764178991318 0 0.1589344143867493 0 20.94055691361427 38.55485614389181 102.9464769214392 938.7917162179947 111.007695376873 112.0336906611919 0.7615481615066528 0.3003375232219696 0.1185024753212929 175.9465101957321 10.68951145559549 3.252586372196674 1.37522654235363 1.042846672236919 1.940988026559353 0.7868693694472313 44.42710284143686 4.040684059262276 0.1317919790744781 827.2873339429498 91.69795659929514 136.4032726064324 57.19940654188395 4.62953694164753 3.348811708390713 109.190656684339 0.7425978779792786 5.817575700581074 33.48693913221359 0.4636514559388161 5.937049686908722 10.44988036900759 2.521902412176132 0 1.659903943538666 0.3180045783519745 0.9062345698475838 0.1090345531702042 0.6255872473120689 1.087535746395588 0.4919771775603294 41.49715486168861 0.1188216060400009 0 3.598947748541832 873.7056342214346 0 0.4821325838565826 7.937146753072739 0.9614262282848358 2.822054147720337 8.651752799749374 0 20.55646187067032 10.63846284151077 9.740133047103882 1.098151564598083 16.0853805243969 26.64272418618202 21.99390155822039 3.699250653386116 0.6245303750038147 0 0 0 0 0 0 0 0 0 0 0 0 0 0.1991966217756271 0.3348332345485687 0.2147722989320755 0.1454537361860275 0.2560985684394836 0 0 0 0 0 12.72899657487869 0.770978569984436 8.105097785592079 2.653645992279053 1.06425578892231 0 0 0 0 0.6556044220924377 0 0 0 0 0 0 0 0.9111080169677734 0.3682115972042084 0 0 0 0 0 0 0 0.3474140763282776 7.058045476675034 0.3818995952606201 0 0 0 0 0 0.1223875880241394 0 0.3012168109416962 32.48645543307066 0.660098671913147 0 0 0 3.348537966609001 0 2.602122783660889 1.013590455055237 0 0 0.2087113112211227 0.224235475063324 0 0 0 0 0 0 0 0 17.33624960482121 4.503657579421997 15.19040519744158 634.6566541716456 11.31866747885942 836.4495838731527 166.7968129739165 609.8627457246184 63.11756697297096 2.555055357515812 77.978232242167 102.9535273611546 0 1.63237789273262 0 25.80920970439911 0 0.2940800487995148 0.4519213438034058 6.596903815865517 0 187.4539697915316 16.40067891776562
1022.94201888144 1251.238944344223 1544.443032369018 372.1534194797277 609.6887693554163 6.425395682454109 62.18874736875296 1991.375118017197 648.8180329948664 44.23683747649193 3734.915317304432 50.3604304715991 132.6510637402534 971.4191896468401 15.14502926170826 13.49738136678934 0.2768251448869705 1.752084970474243 0.1007404923439026 8.479886196553707 12.3764022141695 0 1.656987898051739 6.313910752534866 1.176081813871861 0.8969358652830124 3.153444729745388 0.7702005654573441 0.5252153947949409 2.48844787478447 5580.774154812098 249.533800072968 26.82091082632542 0.5192545279860497 1.98743649572134 0.2732286006212234 58.86800957471132 0.907809816300869 3.948539555072784 0.9582595676183701 3.246685966849327 0.8554423451423645 12.42428710311651 6.672424599528313 0.5750609859824181 3.973291888833046 85.33880318701267 3.290432892739773 1.237215965986252 17.53497263789177 2.067734897136688 0 0 0 10.39274667203426 14.92920004576445 39.39344112575054 640.6719194948673 46.18775868415833 36.66391535103321 36.10605192184448 14.53359136730433 2.346654385328293 120.9817881733179 6.894998282194138 8.840576700866222 4.245637893676758 13.88556987047195 45.6329647153616 18.31882084906101 119.620731279254 12.12754483520985 0 308.4619729220867 59.40787035226822 68.62353079766035 48.79883508384228 23.93277896940708 103.9690057486296 1319.263507939875 14.47519014775753 292.807309679687 16.08694703131914 0.1190782561898232 6.637705765664577 8.718843057751656 4.822425328195095 0 1.191718138754368 0.1084714606404305 0.2422111332416534 0.132984846830368 16.82592394948006 2.095096364617348 0.3805218636989594 59.79246355593204 4.905461773276329 0 5.415554277598858 331.081716671586 0.3775637149810791 0 6.917797893285751 0 1.567246198654175 9.953085243701935 0.7294522672891617 11.84546457231045 1.717164352536201 5.394076108932495 1.370029240846634 15.84896752238274 25.05247692018747 15.63590639084578 7.403145588934422 0 0.5493705272674561 0 0 0 0 0 0 0 0 0 0 0 0 0.2205304205417633 0 0 0 0 0 2.573061138391495 0 0.370578944683075 0 22.37846196442842 0.8628291636705399 25.65493483841419 3.817963905632496 2.313430294394493 0 0.2558154165744781 0 0 0.2447341680526733 0 0 1.94330058991909 0.6998245567083359 0 0 0.3004702925682068 0.2447958663105965 0.8012058734893799 0.1870803534984589 0 0 0.5507153868675232 0 1.155439257621765 0 1.781905919313431 14.32942084223032 0.5676420331001282 0 0.2643897533416748 0.3197460770606995 0 0 0 0 0 37.43242741376162 0.2858189940452576 0 0 0 5.974254995584488 0.8091388940811157 2.793449535965919 0.838942676782608 0.1539159119129181 0 0 0 0.4909362494945526 0 0 0 0 0.2332336902618408 0 0.139877587556839 14.88269779086113 12.68941956758499 22.55436685681343 247.9439489021897 6.573876857757568 299.2800525277853 68.67624361813068 175.490514755249 17.74209897965193 1.227042056620121 39.78028716146946 54.72224105894566 0 3.902254283428192 1.410968959331512 11.96938407421112 1.025620818138123 0.2005281150341034 0.202566847205162 5.676040887832642 1.568221092224121 44.34832348674536 10.51454940438271
1637.141471236944 4514.11838310957 372.1534194797277 427.7718800753355 107.7243412286043 155.3512840569019 619.8409698158503 4.275116078555584 11.29787243902683 2148.669032275677 8.221169374883175 624.3768599182367 1185.849018514156 156.6161301806569 1.353839665651321 0.1479272991418839 0 0 0 0 0.200446829199791 0 0 0 0 0 0 0 0 0 87.16159366071224 0.1755993813276291 0 0 0 0 0.937789723277092 0.350354328751564 0.1715787500143051 0 0 0 0.173679456114769 0.2911816835403442 0 0 16.82321386784315 0.2770854979753494 0.6516492366790771 0.2172271832823753 0.6792600005865097 0.2593378126621246 0 0 3.927334643900394 9.45052270591259 58.65829496085644 184.7384098693728 35.87333408743143 16.59243588149548 0.1947029829025269 0 0 22.32455462217331 2.834382273256779 0.5193543285131454 0.4423386305570602 0.284737229347229 0 0 0.8266945332288742 1.486345157027245 0 200.8703173846006 9.391665540635586 9.749599032104015 2.889283426105976 0.4703318476676941 0 0.6309134513139725 0 0 7.851081751286983 0.1129922345280647 0.5334637090563774 2.216952510178089 0.6112016439437866 0.1717311143875122 0.3259042203426361 0.2701646834611893 0 0.226311981678009 0.132399395108223 0.5409987196326256 0.2379695177078247 5.911345109343529 0.3555253446102142 0.1740687638521194 0.1564518809318542 751.4541555345058 0 0.9625779092311859 31.10707195103168 5.639961123466492 1.565002262592316 35.77892750501633 7.428276062011719 6.455982863903046 41.62994819879532 4.638310596346855 0.7368677258491516 16.92538033425808 28.05656380951405 7.52690264582634 2.199519544839859 0 0 0 0 0 0 0 0 0 0 0 0 0 0 0 0 0 0 0 0 0 0 0 0 1.110100626945496 0 1.537976622581482 0 0 0 0 0 0 0 0 0 0 0.3499829769134521 0 0 0 0.1191864386200905 0 0.3125638663768768 0 0 0 0 0 0 0 1.057903975248337 0 0 0 0 0 0 0 0 0 2.722887694835663 0 0 0 0 0.7325937151908875 0 0 0 0 0 0 0 0 0 0 0 0 0 0 0 5.341717928647995 0.3620991110801697 1.461991637945175 282.189259916544 1.999446824193001 136.9395164176822 29.0790986046195 1083.891993559897 15.89554667472839 1.488182336091995 4.801427736878395 40.52209201455116 0 0.1716163754463196 0.2600621283054352 16.84207855165005 0 0.9896036982536316 0 0.4846110045909882 0 201.0316075533628 5.464262694120407
76.38166902959347 1400.637269981205 609.6887693554163 107.7243412286043 940.4903439879417 0.9128435999155045 1406.230916015804 554.9687067866325 6275.269778564572 447.1588806137443 1051.599540762603 27.08100008219481 258.5687289685011 813.2183269262314 12.91670295596123 4.25124866515398 0.2387780472636223 0.3716833144426346 0 0.2266805469989777 0.2947180718183517 0.1354628056287766 0 0.1135997027158737 0.1280603855848312 0.1741181612014771 0 0 0.1605668067932129 0.08914134651422501 213.4190949052572 12.72503075003624 7.339734897017479 0 0.1253577619791031 0 20.78393664956093 0.1131733134388924 0.428307332098484 0 0 0.2195099592208862 0.2373659610748291 0.9764831438660622 0.1772013604640961 0 103.5695691555738 1.694163352251053 0.5124877765774727 0.1629019603133202 0.6520640328526497 0.1446502953767776 0 0.1141109466552734 3.900988183915615 7.978581830859184 9.021201007068157 111.85931134969 11.50187023729086 41.25852257013321 0.5857986658811569 0.1545582264661789 0 57.24974415451288 2.542991325259209 1.39494152367115 0.2250808402895927 0.6385024860501289 1.056129820644855 0.8417914882302284 51.67614083737135 2.313658654689789 0 185.3171303421259 44.97815936803818 79.33601526170969 33.22660271823406 3.851412877440453 4.9230822250247 10.93142230808735 0.1359398365020752 3.901164017617702 8.02081636339426 0.2313999235630035 1.123726196587086 3.255001313984394 0.8881408497691154 0 0.09870145469903946 0 0.6420032009482384 0 0.3561282828450203 0.2983234822750092 0.3999655172228813 43.40624165534973 1.184092015028 0 2.09722051024437 28.91957569122314 0 0 8.863992035388947 2.33507251739502 3.357321739196777 11.9815628528595 0.318498283624649 21.27439677715302 1.403940737247467 11.3522405475378 1.68253667652607 31.01731373369694 39.60893748700619 23.82980169355869 12.00801223516464 0 0 0 0 0 0.5633935928344727 0 0 0 0 0 0 0.4048748016357422 0 0 0 0 0 0.2210285663604736 1.006233900785446 0.9475940465927124 0 0 0 16.8657558709383 0.6149182319641113 11.37661170959473 2.456574574112892 0.1112962737679482 0 0.2064806967973709 0 0 0 0 0 0 0.8436735570430756 0 0 0 0.5232362747192383 0 0 0 0 0 0 0 0 0 10.30542972683907 0.6722901463508606 0 0 0 0 0 0 0 0 36.82739244401455 0 0 0 0.2800398468971252 8.2629659101367 0 4.111481189727783 1.476140379905701 0 0 0 0 0 0 0 0 0.09306428581476212 0.1084451898932457 0 0 27.22813418507576 7.578143581748009 14.4670809134841 303.462740778923 5.64482644200325 271.0078918486834 72.77800799161196 65.03994064033031 16.69931528717279 0 45.10140990465879 93.53654983639717 0 2.905068397521973 0 22.08085367083549 1.357136964797974 0 0 3.67963595688343 0 57.4134671241045 13.77400332689285
65.47959004342556 48.11491825431585 6.425395682454109 155.3512840569019 0.9128435999155045 11.11153215169907 4.243091113865376 0 0.9606485813856125 201.5154781192541 1.007415637373924 94.78224904835224 32.43579959869385 7.801681995391846 0.4682132005691528 0.7668702900409698 0 0 0 0 0 6.101455718278885 0 0 0.1571004539728165 0 0 0 0.137602373957634 0.2086727023124695 7.30172136425972 0 4.740597829222679 0 0 0 29.34827128052711 3.395399257540703 16.88301721215248 0.2794063985347748 0.2918210178613663 1.265829794108868 0 0.1124261021614075 0 0 0.6319781094789505 0.1432375311851501 0.1700288057327271 0.1078203022480011 0 73.0452171638608 4.368692897260189 7.504748649895191 0 1.135416254401207 92.4553073272109 9.419021137058735 2.564157381653786 0.1811325252056122 0.190825030207634 5.112682431936264 0 0.2650125697255135 0.2070112675428391 0 1.295077882707119 0.09872093796730042 0 0 122.3453993722796 266.7327489554882 16.79289750009775 6.320829927921295 0 0.1136403754353523 0.1226826757192612 0.1720286458730698 0 7.712223619222641 0 1.566371202468872 0 2.448569260537624 0 2.601750567555428 0.2463211342692375 17.30945400893688 9.839967809617519 33.57855755090714 10.60463678836823 29.57759274542332 0 1.03857646882534 24.89931740611792 110.8490474820137 260.3096321225166 89.61066350340843 83.16372054070234 202.3138906657696 0 0 0 0 0.6805028915405273 1.634508371353149 0 0 0 0.578393816947937 0.1907847374677658 0 1.617182068526745 1.701731733977795 0.582395039498806 0 0.5738877952098846 0 0 0 0 0 0 0 0 0.1380586475133896 0 0.3237383663654327 0 0.2724694684147835 0 2.657477349042892 1.268566384911537 0.6223165690898895 0 0 0.4209882318973541 0.4789219498634338 0 0.3065069988369942 0.3797737956047058 1.024163067340851 1.889813624322414 0.7069970667362213 0 0.3834636807441711 0.1544587910175323 0 0 0.3127938434481621 0 0.222630575299263 0 0.1250641644001007 0.1990766525268555 0 6.135156594216824 0.4977031052112579 0 0.4370440244674683 0.7275108098983765 0 0.08723627030849457 0 0 0.6240445375442505 0.3289081156253815 0 0 0 0 0 0.34524966776371 0.3400787264108658 0 0 0.7077130600810051 4.945996388792992 0.1651109308004379 0.1754936873912811 1.082554966211319 0.354538768529892 0 0.2089042663574219 0 0.2096872180700302 0.1560355424880981 0.2153569459915161 0.8726942539215088 0.3232974335551262 0.1105327010154724 0 0.2548353672027588 0.2381037026643753 1.139553405344486 0 0 1.313994526863098 1.83964991569519 2.460130997002125 28.29966112226248 0.8112592920660973 8.242688983678818 1.064273327589035 91.40562476217747 2.735778108239174 0 0.4579968303442001 6.157013207674026 0 0.9526727795600891 0.3460709452629089 1.298660635948181 0 0 0 1.582076877355576 0 25.40448141843081 1.434838846325874
188.6616841629148 3327.521561272442 62.18874736875296 619.8409698158503 1406.230916015804 4.243091113865376 1186.142688959837 11.40912702679634 2090.675761818886 2700.101180829108 245.9596374183893 76.8056378364563 2889.744889177382 2624.471496909857 7.230249725282192 2.534963943064213 0.6138721853494644 0.1227925792336464 0 0 0 0 0 0 0 0 0 0 0 0 57.12952272593975 3.852140679955482 5.971722096204758 0 0 0 9.694537356495857 1.334641247987747 0.09407287836074829 0 0 0 0 0.3687600493431091 0 0 47.24574241042137 1.561154045164585 0 0.1862828731536865 0.7809612154960632 0 0 0 1.318595580756664 4.828434497117996 6.000080220401287 53.81072699278593 6.974313743412495 20.91469085216522 0.271708220243454 0 0 29.40736086666584 1.130552485585213 0.1974598690867424 0.3097270503640175 0.1169371753931046 0.9585002660751343 0.2321025207638741 26.01339961588383 0.7854909300804138 0 83.58768478780985 21.65254740417004 42.98174975067377 15.8264819085598 2.422492526471615 1.460196234285831 4.638587616384029 0.2344767451286316 1.248463153839111 4.055117085576057 0 1.238798417150974 2.684858873486519 0.5111096724867821 0 0 0 0.5092770680785179 0 0 0 0 32.95042395591736 0.919435441493988 0 0 24.39575115591288 0.9948446750640869 0.6867978572845459 71.09407058358192 10.83998443186283 0.6402774453163147 40.71156144142151 2.369062840938568 15.02277877926826 17.4289548099041 6.216743335127831 2.316393822431564 19.54667571187019 34.10899918526411 17.4820392280817 9.224767506122589 0 0 0 0 0 0 0 0 0 0 0 0 0.1610675156116486 0 0 0 0 0 0 0.3943076133728027 0 0 0 0 7.321697875857353 0 7.449357211589813 0.5711830258369446 0.2816597521305084 0 0 0 0 0 0.4015597403049469 0 0.1267556846141815 0 0 0 0 0 0.1684824824333191 0 0 0 0.1460732966661453 0 1.26200008392334 0 1.067360043525696 4.733552157878876 0 0 0 0 0 0 0 0 0 22.64616242051125 0.4680958390235901 0 0 0.1379036754369736 4.262531727552414 2.155677556991577 1.824996590614319 0.3999433517456055 0 0 0 0 0 0 0 0 0 0 0 0 16.60670402646065 3.976654410362244 5.51609468460083 177.969119310379 1.471761025488377 141.3013085275888 30.20357099175453 68.11739390343428 7.925931915640831 0.2750599235296249 21.64736714959145 55.8658282905817 0 0.9958604872226715 0 11.08881467580795 0 0 0 3.54717817902565 0.1666627824306488 34.86871373653412 12.5912104845047
75.62252176553011 545.8233787938952 1991.375118017197 4.275116078555584 554.9687067866325 0 11.40912702679634 851.0943351984024 139.6813304647803 3.500795915722847 4630.94773222506 78.24980187416077 177.8258093670011 1848.351632878184 30.72937253117561 33.53938511013985 1.684467799961567 2.507922440767288 0.09647143632173538 10.96459207683802 23.71918539702892 0.4985018670558929 7.303735435009003 21.81730172783136 6.840509027242661 1.868363596498966 11.28723306208849 0.6562986597418785 0.5922459661960602 5.447982512414455 1179.647036984563 377.1669277027249 38.54013705998659 1.323458284139633 9.904396079480648 1.813949659466743 27.65149451047182 1.497178375720978 1.303761571645737 5.662097617983818 11.78027880936861 4.208123847842216 21.80237313359976 6.572221823036671 0.2444017678499222 5.522058337926865 140.4202076345682 2.633829012513161 1.900151513516903 27.24726904928684 8.183598645031452 0.2668131589889526 0.2556245625019073 1.761038012802601 3.425544314086437 5.490954041481018 4.968663558363914 121.3117399811745 8.443378411233425 34.41280237585306 44.16835092008114 19.47523860633373 1.102138549089432 89.78799249976873 4.031010553240776 12.08975004404783 10.91060630232096 22.50296042859554 87.93151633441448 44.9306380674243 38.01308037340641 2.649212397634983 0 136.6771542578936 63.14530023932457 104.1281362399459 98.3264647424221 50.99929554015398 422.3582903146744 3068.554841630161 33.55979306995869 721.528231523931 7.40568682551384 0.1483951658010483 7.62151687592268 7.889996491372585 10.83667776733637 0.2388785853981972 1.291227273643017 0.09994208067655563 0.8102165684103966 0.2417828366160393 41.90348552912474 4.622178636491299 1.825163811445236 8.022017225623131 2.46176615357399 0 4.152016170322895 31.24855301529169 0 0.5151214003562927 2.743850618600845 0 0 3.553773462772369 0 7.83802342414856 0.5128172785043716 1.392243787646294 0.5702719166874886 5.032657951116562 6.13114795088768 4.221727885305882 2.392075575888157 0 0 0 0 0 0 0 0 0 0 0.5642964690923691 0 0.1025325283408165 0 0.2658511996269226 0 0 0.1899499744176865 0 0.1636306941509247 0 0 0 0 8.553663201630116 0.581883117556572 4.93028449267149 2.955216601490974 0.2284932360053062 0 0 0.5937471985816956 0 0 0.1352152228355408 0 0 0.3010560870170593 0 0 0.1654985100030899 0.6150288581848145 0.5918486565351486 0 0 0 0 0 0 0.4132257997989655 0.159597784280777 3.302894949913025 0 0 0 0 0 0 0 0 0.1778503805398941 8.970652289688587 0.5784552395343781 0 0.1110441833734512 0.8889122754335403 1.698627188801765 0.4505303204059601 0.2762112021446228 0.5136607885360718 0.6186096668243408 0 0 0 0.4809027910232544 0 0 0 0.1599665582180023 0.2431047409772873 0 0.09039560705423355 2.459249496459961 3.816452816128731 6.401097565889359 249.7360083088279 11.64629521220922 285.4032739177346 96.81204184144735 48.59732314944267 15.11901735514402 0.3883116990327835 51.05400057882071 23.91235402226448 0 4.200042322278023 1.099730759859085 4.025469571352005 0 0 0 12.30389973521233 0 11.24740038067102 1.102834731340408
14.27386936545372 3779.546535938978 648.8180329948664 11.29787243902683 6275.269778564572 0.9606485813856125 2090.675761818886 139.6813304647803 1111.602194443345 198.9321189597249 1357.115269616246 56.82205659896135 1109.332149259746 1477.564477212727 5.698578074574471 2.817835099995136 0.3504215553402901 0 0.1215914636850357 0 0 0 0 0 0.1066329702734947 0 0 0 0.1826552599668503 0.1015069410204887 53.06193868815899 8.643591158092022 3.150933802127838 0 0.1122428625822067 0 11.46722931414843 0.09247013926506042 0.4158618077635765 0.3496077433228493 0 0.1276648193597794 0 0.2927414998412132 0 0 35.18109027296305 0.8594026193022728 0.159427747130394 0 0.2796283438801765 0 0 0.2459259703755379 1.312509663403034 2.576658137142658 1.897288285195827 30.31688150763512 2.844427540898323 15.66156905889511 0.2066413760185242 0 0 16.90506248176098 0.656799852848053 0.8230987787246704 0.105155311524868 0.07857723534107208 0.4455657452344894 0.3120371401309967 32.21619980037212 0 0 46.25912815332413 12.25685325264931 30.56435691565275 14.0171692147851 1.525505937635899 2.388941936194897 5.457836501300335 0.1066205427050591 1.593237340450287 2.396990217268467 0 0.4780992567539215 0.194915309548378 0.5852659642696381 0 0.09876286238431931 0 0.2005494385957718 0 0 0.1103898361325264 0 28.85353572666645 0.3719027861952782 0 0.3273429274559021 6.025230690836906 0 0 8.260917812585831 0 1.453615978360176 10.47240459918976 0.6019420623779297 9.192883908748627 1.845086514949799 6.139065876603127 0.7192763090133667 14.89096028357744 32.11306561529636 13.74411093443632 7.660024344921112 0 0 0 0 0 0 0 0 0 0 0.1555286794900894 0 0.3438403308391571 0 0 0 0 0 0 0 0 0 0 0 13.45842039585114 0 9.596547350287437 0.5226254761219025 0.104433186352253 0 0 0 0 0 0 0 0 0 0 0 0 0 0.2739969566464424 0 0 0 0 0 0 0 0 7.976511731743813 0 0 0 0 0 0 0 0 0 25.20559206604958 0 0 0 0 1.722967013716698 0 0 0.3669026046991348 0 0.1096640154719353 0 0 0 0 0 0 0 0 0 0 16.5677587389946 7.070852994918823 9.999644547700882 91.94837010651827 3.468650579452515 97.3116485029459 24.01408778131008 22.73971568793058 4.767036251723766 0.4037064015865326 14.63254085928202 37.52002047002316 0.1415543258190155 0.8297256678342819 1.048814654350281 16.56469716131687 0 0 0 2.348729997873306 0 25.2030293494463 12.16125847399235
990.088073849678 2860.318803809583 44.23683747649193 2148.669032275677 447.1588806137443 201.5154781192541 2700.101180829108 3.500795915722847 198.9321189597249 906.8829370141029 30.22608436644077 1166.346915431321 5131.174351625144 311.9285913333297 1.577830918133259 0.6908789649605751 0 0 0 0 0.1110837534070015 0.4341541975736618 0 0 0.1200351491570473 0 0.3542963042855263 0 0.1201325058937073 0 18.59480201452971 0.5308967530727386 4.387347355484962 0 0.1041616424918175 0 18.03164374828339 0.9488290697336197 1.351794131100178 0.5575464218854904 0 0 0 0 0 0 5.5371083766222 0.3304486274719238 0.1543780714273453 0.1301435381174088 0 2.301973909139633 0.2668453454971313 0.3929215967655182 2.086232624948025 2.321769878268242 29.45558205246925 50.70331166684628 7.758224919438362 4.320573829114437 0 0 0 4.563266389071941 0.5800971239805222 0 0.2723489254713058 0 0.1043334901332855 0 40.37669467926025 7.701206132769585 0.4103605970740318 53.95353385806084 3.934157006442547 5.280735537409782 1.840624392032623 1.04203850030899 0 0.4643096923828125 0.1093352362513542 0.2784644514322281 1.743566438555717 0 0.1417075097560883 0.7300712689757347 0 0.548475556075573 0.2695416286587715 1.59945423156023 0.6068680211901665 0.9990937113761902 0 0 0.9041043296456337 183.3351874500513 40.6864607334137 5.626040980219841 11.41953677684069 432.1447649896145 0.196833923459053 5.140779793262482 90.37314420938492 21.93120776116848 1.478553086519241 67.60659055411816 10.42878393828869 65.56514371931553 38.21778979152441 51.23030660301447 5.278643116354942 73.82555947452784 113.3677782043815 51.69623979181051 14.60536497086287 0.122314453125 0.1041110828518867 0.1398958563804626 0.1574652045965195 0 0 0 0 0 0.1113193929195404 0 0.5836815536022186 0.2149485647678375 0 0 0 0.4698282331228256 0.157786101102829 0.1059657409787178 0 0.1343373358249664 0 0.372495025396347 0 12.5925942286849 0.8506045117974281 6.465692080557346 1.558331646025181 0.2437997385859489 0 0 0.1344044208526611 0 0 0 0 0.8004909455776215 0.2618537247180939 0 0 0.1118572279810905 0.4450850188732147 0 0 0 0 0.237318679690361 0.1707058250904083 2.13574156165123 0.6876025497913361 0 6.282810375094414 0 0.1422611325979233 0.2197543233633041 0 0 0 0 0 0.2061715424060822 34.73462692648172 0.1165267750620842 0 0 0 2.358676142990589 0 0.9390360862016678 1.112230248749256 1.951435968279839 0.08738212287425995 0 0 0 0 0 0 0 0 0 0 35.11818654090166 3.570394225418568 7.785432480275631 609.983116209507 1.12111109495163 44.04093825817108 8.19113652408123 1087.914994284511 5.462182253599167 0.1843991428613663 3.013688437640667 221.2889689952135 0 3.251000076532364 1.021805286407471 86.15936809778214 0 0.49153071641922 0.6095132231712341 0 0 735.6997914090753 85.36574926972389
129.1272249668837 1696.127217181027 3734.915317304432 8.221169374883175 1051.599540762603 1.007415637373924 245.9596374183893 4630.94773222506 1357.115269616246 30.22608436644077 1457.603656820953 307.4947912469506 1259.67834084481 3681.417924910784 48.88380058854818 39.70758216828108 1.65912801772356 1.677608676254749 0.5558863580226898 2.86483009159565 9.077615283429623 3.38184829801321 5.065620422363281 25.02945649623871 39.83028007298708 4.440404616296291 46.76118462532759 4.144077830016613 7.508279956877232 21.64052773267031 608.9604428485036 78.12476250529289 727.3940435051918 0.4994058087468147 11.71295391023159 9.713072746992111 328.7867869585752 20.72480368614197 12.07892672717571 34.97136570513248 24.08703231811523 16.43018317967653 3.580862991511822 9.738409280776978 0.109521321952343 1.243551298975945 190.4453345388174 3.367825880646706 1.563589356839657 9.79730511456728 6.268974810838699 1.597038805484772 3.198294579982758 10.1264735609293 5.257505357265472 11.53664065152407 9.486223205924034 133.3270756676793 10.26323185861111 55.83473484963179 7.101148158311844 31.98243679851294 1.000353500247002 93.84790597856045 3.292883761227131 6.344003394246101 3.355822496116161 5.640721946954727 45.12695148587227 28.93012158572674 258.8390847444534 6.575928390026093 0 208.0540094822645 79.16306679695845 162.0362549051642 106.1519802734256 51.98545077443123 30.9455892816186 496.2971127554774 2.474536307156086 70.12941178679466 11.05081136524677 0.3382129743695259 4.193529509007931 5.691235058009624 9.047347366809845 0.1117076650261879 0.7176744714379311 0.1207782104611397 0.461839571595192 0.1067422404885292 32.87786546349525 6.784537278115749 5.672149680554867 39.63828554749489 3.371051773428917 0 4.760228000581264 48.81368692219257 0.1364595890045166 0 12.85298471152782 0.7970388531684875 1.324884504079819 7.261421963572502 0.2529139220714569 21.08845882117748 4.20349583029747 10.72164224088192 2.255666308104992 15.50345077365637 38.827999971807 19.64327081292868 12.31592665612698 0.3559563159942627 0 0 0 0 0 0 0.7673875838518143 0 0 0.967794269323349 0 0.2967453747987747 0 0 0 0.7421728670597076 0.9652963578701019 0 1.189237713813782 0.6386321485042572 0 0.3878757879137993 0 23.79694981873035 0.3062345832586288 18.16631542146206 6.111462987959385 1.806389167904854 0.3424901068210602 0.3355743959546089 0 0 0.1652932614088058 0.2273757457733154 0 0.3729862570762634 0.1544816344976425 0 0 0.7082330882549286 0.5564759373664856 1.018747612833977 0 0 0 0.2093683034181595 0.2072760760784149 0 0 2.49725878238678 9.211542777717113 0.8055882677435875 0 0.1427190005779266 0 0.1204179227352142 0 0 0 0.8680788278579712 40.32516648620367 0.7236287891864777 0 0 1.305949881672859 8.181365594267845 0.4043207466602325 1.807128325104713 0.7174127697944641 1.771175466477871 0.5786851719021797 0.5495488047599792 0.1362892538309097 1.492456033825874 0 0 0 0 0 0 0 23.70997247099876 14.58945082128048 22.00834410637617 441.691628575325 8.064921796321869 440.1190878450871 125.7513124570251 67.2422694042325 18.62285304814577 0 82.15834984183311 67.77046652138233 0 5.677819602191448 0.2146496772766113 20.70480601489544 0 0 0 14.23398128151894 0 47.15417802333832 14.1554286852479
212.9105875343084 51.43325584381819 50.3604304715991 624.3768599182367 27.08100008219481 94.78224904835224 76.8056378364563 78.24980187416077 56.82205659896135 1166.346915431321 307.4947912469506 29.47181530296803 417.9040639549494 252.4136628583074 15.89902862161398 20.61033760756254 0.583499513566494 0.1402698308229446 0 0.1403569728136063 0.5980975925922394 3.696542501449585 0.2319083660840988 1.762409135699272 6.024760760366917 0.463597908616066 7.733263522386551 1.575785756111145 2.151722028851509 3.047397159039974 15.51637836545706 5.691282860934734 21.36239974200726 0 0.3860073611140251 1.911186344921589 170.8993570581079 3.436863623559475 3.837095893919468 8.501252561807632 3.350688494741917 2.682806596159935 0.6024681702256203 4.13026063144207 0.2070998549461365 0.4244924336671829 36.43753790855408 0.9323944225907326 0.4577217549085617 0.6729381456971169 0.2529690638184547 1.308668561279774 0.7922961264848709 3.980786122381687 0.6441685184836388 2.395105667412281 2.071928285062313 9.042779013514519 1.914695978164673 5.576481141149998 0.3720069080591202 5.062606230378151 0 13.98726919293404 0.09809215366840363 0.3508909493684769 0.3519110530614853 0.2868304327130318 2.614124551415443 1.679131910204887 163.2057718113065 24.11163334548473 0 24.52941549569368 9.561512149870396 33.65718045830727 31.33219558000565 17.27351544797421 0.6582922264933586 25.1082100123167 1.00210377573967 1.188912995159626 1.038886986672878 0 0.2375315055251122 0.7371836304664612 0.8239278718829155 0.1155291125178337 0 0 0.1115942597389221 0.3986575528979301 2.544683456420898 1.145381428301334 0.8143337443470955 713.5956495925784 22.39413038641214 0.15496726334095 6.563119359314442 34.64303924888372 0.8361098021268845 2.921664148569107 67.5010682195425 6.914083883166313 18.21512588858604 106.0915796607733 5.639002293348312 142.6938135996461 21.57103828340769 88.08764538913965 20.05155877023935 176.7226741090417 216.3146649077535 117.8383122682571 53.63481605798006 0.3572557866573334 0.09189683198928833 0 0.1210612058639526 0 0 0.2997405007481575 0.3453738838434219 0 0.1240575760602951 0.1258047968149185 0.1116292625665665 0.8003178834915161 0 0.3717010095715523 0.2496175616979599 0.3703704625368118 0 0.7094810903072357 1.999640122056007 2.534748114645481 0 1.905150815844536 0 87.69389376044273 3.272085770964622 62.12875183671713 13.66777713596821 4.000385493040085 0 0 0 0.1009184271097183 0.3815608695149422 0 0 2.316017225384712 2.18120976537466 0 0.2275783196091652 0.1587090790271759 1.059280388057232 0.6005713045597076 0.2372122555971146 0.7756454050540924 0 1.462171584367752 0.8797600418329239 0.5165044963359833 0 0.9612098187208176 48.65058241039515 4.829463116824627 0 0.1534701436758041 0.1660987287759781 0 0 0 0.1241396367549896 0.3734708949923515 185.3391607180238 1.704846814274788 0.112955316901207 0 0.6811882555484772 27.22793854027987 1.587956428527832 7.410252079367638 1.684604048728943 2.977919556200504 1.848035715520382 0.1194144040346146 0.4393565133213997 0 0 0 0 0.2328911572694778 0 0.2821087241172791 0.1328788101673126 136.4127825349569 48.99446821212769 68.11403129249811 367.4162115603685 3.483358599245548 91.58303975313902 37.66522707045078 176.4142646789551 3.830632634460926 0.2122033089399338 22.31728265434504 243.4994489848614 0 13.41302298009396 2.299113966524601 65.63535614311695 0.568318635225296 0 1.548710025846958 6.01690036803484 0.6765238046646118 690.2506399899721 120.7286290973425
107.8281213790178 1188.495513021946 132.6510637402534 1185.849018514156 258.5687289685011 32.43579959869385 2889.744889177382 177.8258093670011 1109.332149259746 5131.174351625144 1259.67834084481 417.9040639549494 409.0008101016283 5294.273250602186 25.23264499008656 34.33509978652 0.7667064666748047 1.209168829023838 0.09645773470401764 0.9357492849230766 1.273076206445694 3.461090095341206 0.4320819526910782 4.119504109025002 13.80063349753618 0.1525155752897263 13.64075025171041 1.92260505259037 4.640792138874531 6.583210960030556 24.59722620993853 10.59079810976982 130.202798999846 0 1.563686199486256 3.526693135499954 231.947287760675 10.93721539527178 8.197402708232403 17.0052697956562 5.456287652254105 6.115036033093929 1.678232327103615 5.589740581810474 0.2398041635751724 0.3277835547924042 70.91482953727245 0.7913881838321686 0.9558138400316238 2.337983921170235 0.826270304620266 2.401767194271088 2.743448950350285 8.174582168459892 0.4424641355872154 2.62844306230545 2.951140508055687 19.71553620696068 3.963661186397076 12.95010743290186 1.700685441493988 11.74343710392714 0.1376123577356339 24.01462141424417 0.3231368437409401 0.7363118976354599 0.5167106986045837 1.414204582571983 6.006336569786072 4.984103851020336 152.1519753858447 16.28706342726946 0.205716609954834 46.99008992314339 16.24489163607359 54.18118476122618 51.25438400357962 31.53380373120308 0.7363417074084282 175.3442540541291 1.49969556927681 4.702160976827145 2.591922886669636 0 1.01317060738802 0.7268448248505592 2.369400002062321 0 0.2355442866683006 0.5177619457244873 0.1006307452917099 0.1351779252290726 5.301990620791912 1.40817915648222 4.296251356601715 587.2048602327704 9.947477653622627 0.2170794010162354 7.519051171839237 31.00291634351015 1.145277038216591 1.714629888534546 73.83780941367149 5.834160923957825 14.44363763183355 113.4168243557215 6.15867080539465 162.2919300422072 51.84552650153637 78.8060010150075 19.48975645005703 158.7592428997159 204.2297259122133 107.5288619324565 50.42802773416042 0.9778981953859329 0.1277994066476822 0 0.1099022030830383 0 0 0.1465626060962677 0 0.1977547109127045 0 0.4817486256361008 0 0.258446216583252 0.1295030564069748 0.1980611756443977 0 0.8613244816660881 1.682706668972969 0.2390824779868126 1.509388372302055 4.14991071075201 0 1.757562652230263 0 84.90367699414492 4.337971061468124 53.01533671468496 13.75618863105774 3.83665781468153 0.285976380109787 0.1323255896568298 0 0 1.180293090641499 0.7370762825012207 0 2.913634248077869 2.282780274748802 0 0 1.008817911148071 3.182055756449699 0.632118359208107 0.1122856214642525 0.8327434360980988 0 0.8521826416254044 1.225784637033939 0.1112323850393295 0 2.699814289808273 42.13044912368059 2.470612980425358 0.3008096516132355 0.09178045392036438 0 0.1455881595611572 0 0 0.2713018655776978 0 173.5546671748161 0.9764406532049179 0.4308601915836334 0.1520625948905945 0.4604233950376511 26.68003312498331 1.459442883729935 3.416308909654617 2.903877787292004 3.180142037570477 0.7410981953144073 0.3564130067825317 0.2179478257894516 0.2450367957353592 0 0 0 0 0 0 0 113.7550914287567 37.38012471050024 63.81814302504063 471.641300804913 2.139475278556347 175.0658794492483 71.91172900795937 138.093812353909 4.733653821051121 0.3697337359189987 40.33138908445835 307.466064825654 0.1336974650621414 13.94113955646753 2.103005975484848 90.5155179053545 1.627261132001877 0 0.1572457253932953 11.60120261460543 0.1566787511110306 459.3089334219694 107.3033239021897
76.45360273867846 1494.633909747005 971.4191896468401 156.6161301806569 813.2183269262314 7.801681995391846 2624.471496909857 1848.351632878184 1477.564477212727 311.9285913333297 3681.417924910784 252.4136628583074 5294.273250602186 794.0293610244989 70.63923661410809 73.6504469960928 2.068968057632446 0.738687165081501 0 1.421430811285973 5.287853337824345 2.314898893237114 2.672019399702549 10.72606786340475 30.80732446163893 2.630899153649807 30.60807755589485 5.387411206960678 8.15386426448822 15.17088574171066 165.1390746459365 34.71713683754206 386.812494635582 0 6.544422201812267 7.301875352859497 500.023395717144 23.38658407330513 15.0801083445549 30.28413873910904 18.39177400618792 11.82455117255449 2.729420572519302 14.96075073629618 0.1129154488444328 0.5754456967115402 202.7600224092603 2.690176412463188 2.593499198555946 4.97112412750721 1.382972583174706 2.843279235064983 2.924619078636169 8.294666633009911 3.068436294794083 4.903081342577934 3.127863205969334 40.74159953743219 4.002941355109215 46.00116797536612 3.621309667825699 20.44793609529734 0 57.91115144640207 1.876186564564705 2.165568046271801 2.013306304812431 4.376553170382977 22.76833853125572 13.18100560456514 254.4674356654286 15.70742826163769 0.1570757478475571 131.1634906604886 60.63993291556835 178.9568890184164 130.7047106996179 75.08699861168861 7.204214535653591 204.8400904089212 5.162877462804317 24.16945514827967 7.404680356383324 0.1682349443435669 2.727308385074139 3.621539056301117 3.99500785022974 0.1082507595419884 0.9124778062105179 0.2498770654201508 0.3353004455566406 0.4203025996685028 17.09384731203318 5.562197521328926 5.734018534421921 220.0148764178157 12.48422895371914 0.1236722990870476 11.25794027745724 20.30442194640636 0.3964125365018845 1.699189499020576 62.29634726792574 3.659704759716988 17.59864803403616 80.89230474084616 2.777209721505642 111.9935593903065 19.07493034750223 62.62325447797775 15.19654544442892 113.7102166861296 189.1739739105105 123.7979146689177 56.86408870667219 0.1266954243183136 0.2104101628065109 0 0 0 0 0 0.2494588941335678 0.2430168017745018 0.1255163103342056 0.3882027491927147 0 0.7274301201105118 0.2574919760227203 0.3706050887703896 0 0.224004402756691 1.169251978397369 0 1.940592281520367 3.88332711905241 0 0.723753809928894 0 94.3021262511611 3.340826578438282 66.03313180059195 16.94666686654091 4.789703540503979 0.09696808457374573 0.3516563326120377 0.3075540810823441 0 1.761247009038925 0.5728417783975601 0 1.32263320684433 1.736790895462036 0 0.2791080474853516 0.6472467854619026 2.136770501732826 1.363072082400322 1.978694066405296 0.9713620319962502 0 1.493265509605408 0.974757507443428 0.1903175115585327 1.302473127841949 5.032947443425655 52.33647467941046 1.687604442238808 0 0.3854451030492783 0 0 0 0 0 0.5180748924612999 187.0879016593099 1.977944009006023 0.4999357163906097 0 1.027533814311028 26.11893738806248 0.7333971560001373 10.5802586376667 3.564385406672955 2.281384587287903 2.464131817221642 0.1615606099367142 0.1153942570090294 0.3688419163227081 0 0 0 0.1243743672966957 0 0 0 106.0142094343901 42.68349703401327 68.53918794542551 626.8630067706108 9.475785590708256 412.3294967487454 139.9591172114015 94.86015770584345 13.64055182039738 1.397990979254246 103.8870674595237 206.9153246358037 0.2321035861968994 11.85921140015125 4.035604611039162 80.48383474349976 1.258988991379738 0 0.4487779140472412 17.4020452350378 0.6177672371268272 201.9959186241031 77.70118623226881
