166.0987385883927 2068.724149435759 965.1738128960133 1152.646708518267 64.37413328886032 106.1507271230221 117.4362486302853 49.25339203327894 8.772642955183983 688.0937888920307 40.07856250554323 28.56821291148663 9.920562855899334 16.12968023866415 2.420143462717533 1.484478779137135 0.7850494533777237 0.09510746598243713 0.09331359714269638 0.08876769244670868 0.1311608701944351 0.08992857486009598 0.2976577430963516 1.173107795417309 0.2286560386419296 0 0 0 0 0 416.0073762685061 3.61333317309618 5.438812345266342 0.187514029443264 0.09708794206380844 0.297423243522644 1.687881387770176 0.1545705199241638 0.1549464166164398 0.1029850319027901 0 0.0864323228597641 0 0.1108608245849609 0.0764082670211792 0.324967086315155 11.33170346170664 9.320956751704216 0.196086160838604 0.2211845144629478 3.85991109162569 0.1859134137630463 0 0.1442940682172775 10.13430330902338 18.11316834390163 254.047079756856 1293.478079721332 89.082564920187 22.81527200341225 0.4904839545488358 4.464758791029453 0.1001248732209206 31.65841365605593 10.13267686963081 3.786566093564034 3.185517854988575 1.762176990509033 0.4431234747171402 0.5365911200642586 14.04267039895058 1.235291987657547 0 238.4172821640968 57.32616328448057 26.61057548224926 11.34109744429588 1.758462086319923 0.6169679835438728 16.49353481829166 0 10.25551310181618 27.53401915729046 0.1933854818344116 3.49075835943222 21.60452349483967 0.8617235198616982 0.9208504855632782 3.848732091486454 0 0.9898231104016304 0.1750578731298447 0.3936358839273453 0.4697481989860535 0 102.5446072518826 19.97541779279709 0.3654236793518066 1.998655073344707 855.7783474549651 0.8452031016349792 1.503424391150475 0.6729457974433899 1.49552321434021 0.6206992268562317 3.794507324695587 15.8977013528347 1.778936326503754 5.609729662537575 10.11576519906521 4.828276813030243 5.828593611717224 21.51273377239704 4.655700623989105 5.985621631145477 0 0 0 0 0 0 0 0 0 0 0 0 0 0 0.2613705992698669 0 0 0 0 1.698476552963257 0.6757146716117859 0 0 0 1.056070923805237 3.117110066115856 1.770099118351936 1.536548614501953 0.07742620259523392 0.2281585335731506 0 0 0 0 0 0 0 0.1020322814583778 0 0 0 0.3797662854194641 0.1720207184553146 0 0 0.08134911209344864 0 0 1.563958704471588 1.356517255306244 0.2433741390705109 1.316718317568302 0 0 0 0 0 0 0 0 0 1.335469201207161 0.2557982504367828 0 0 0 5.382771581411362 0.9283937811851501 1.230447247624397 0.3288170695304871 0 0 0 0 0 0 0 0 0.3715357854962349 0 0 0 3.083882540464401 2.231609150767326 1.895982481539249 219.8794798403978 6.266265913844109 125.5802432596684 11.56699098646641 1097.239082619548 36.5447538793087 1.784396730363369 1.071458287537098 0.180913120508194 0.1320121586322784 0.6675873398780823 1.610846400260925 21.06026166677475 0 0 0 0 0 407.3217023015022 7.148432731628418
2068.724149435759 1524.139422424138 971.1277584210038 2487.161116756499 865.3683167248964 123.9048983976245 3831.862083472311 339.012304790318 682.3728913366795 3001.046041734517 693.7864073291421 146.6670033708215 1159.782828472555 1880.21037299186 20.14497673511505 19.49470083415508 5.58479568362236 0.7005176916718483 0.5333610773086548 0 0.2290441244840622 0.1269432157278061 0.3011515662074089 1.345430359244347 0.9534123763442039 0.2518235146999359 0.2165871784090996 0.3496831655502319 0 0.2393409162759781 1828.771903663874 24.01628768444061 26.69700268656015 0.5582455471158028 0 0.3822768405079842 3.728809386491776 1.610036544501781 1.055492244660854 1.281337507069111 1.125137954950333 1.998298414051533 0.279746912419796 1.360359065234661 1.491122551262379 1.775230072438717 151.9559300690889 21.37256415188313 1.437352895736694 1.492494687438011 9.925892509520054 0.2450719848275185 0.1194561719894409 0.7190249860286713 23.13625308871269 45.32346603274345 115.6736791580915 1038.724111333489 91.59336350485682 178.8936895281076 0.7581013515591621 10.30153541266918 0 279.4708774387836 28.71958424896002 11.52912129461765 12.25485126674175 3.925744518637657 0.9336389750242233 0.1157704666256905 13.9952707439661 0.1452995091676712 0 609.4169116429985 153.1091837212443 274.1545729860663 152.6215900555253 11.43230881541967 1.751162111759186 73.22037724405527 1.74516287446022 14.77858585864305 57.7122590392828 1.623512998223305 12.0273589938879 61.37755884230137 3.254947818815708 1.544584058225155 15.58735800534487 0 2.785555012524128 0.3729925751686096 0.2053249031305313 2.100104339420795 1.766916491091251 14.96549333631992 3.370242729783058 0 1.486302897334099 728.3520116955042 1.585743650794029 2.135486930608749 6.153046354651451 0.7823268622159958 2.405064389109612 59.367601364851 33.24166578054428 13.28154748678207 17.5300107896328 17.40381279587746 5.050985723733902 37.68112009763718 74.85588530451059 22.10353597253561 20.89069253206253 0.4869653210043907 0 0 0 0 0 0 0 0 0 0 0 0.8887628987431526 0 0 0 0.1373040974140167 0 0 1.502402320504189 3.439912438392639 0 0 0.118339791893959 5.713695704936981 4.062221378087997 12.76812054216862 3.381880931556225 0.8249927759170532 0 0 0 0 0 0.1223321259021759 0 0.1544416695833206 0 0 0 0 2.261682987213135 0.1218023151159286 0 0 0 0.113998144865036 0 1.3188496530056 0.3442624509334564 3.985990524291992 12.45450117439032 1.214622020721436 0 0 0.0908404141664505 0 0.3657201826572418 0 0 0 19.5790749117732 0.1875622719526291 0 0.2082875892519951 0.09610342979431152 11.32856443524361 0 3.866430670022964 0.3054861724376678 0.1578247249126434 0.6613400354981422 0 0 0 0 0 0 0.4482475593686104 0 0 0 14.54662907123566 3.34230288118124 3.572548300027847 489.6245309412479 32.21283312141895 637.1019635498524 34.49072889983654 1063.086875669658 101.1006029769778 3.378185734152794 12.10212053358555 4.089027896523476 0.1341090053319931 2.342911846935749 0.8627665787935257 27.00609035789967 0 0 0 0.8737219795584679 0 363.7863732501864 15.76584288477898
965.1738128960133 971.1277584210038 456.462270706892 214.4162579029799 1289.639985360205 19.0467222109437 74.69437467306852 3182.908900499344 563.6544370353222 30.871317692101 2359.868879415095 22.92396731674671 59.51573149114847 1377.99821639061 17.03206425905228 16.64944380521774 5.221255123615265 0.7528783082962036 0.8817536979913712 0.7056534513831139 2.442730881273746 0.1003741547465324 2.875574089586735 5.291142486035824 0.7691080123186111 1.401074565947056 0.4092205762863159 1.008968889713287 0 0.5616745501756668 3952.945789478719 381.1544675603509 100.5875285193324 2.750286221504211 0.3550717458128929 0.3562239482998848 9.028380498290062 9.21008937805891 3.791888616979122 3.148362658917904 0.4765603691339493 2.712489046156406 1.046729549765587 3.0153484120965 1.849119126796722 2.713407874107361 58.41544529795647 8.676314868032932 0.7475803196430206 1.968567550182343 7.684721395373344 0.7622954398393631 0 1.233627259731293 11.44447457790375 17.35134426504374 65.00068120658398 839.2775337472558 45.77307619899511 76.98087553679943 2.0350431650877 36.18313506245613 0.6595446392893791 699.8926021158695 13.76413875818253 7.09023654460907 5.568902030587196 3.961986407637596 4.84778781235218 4.63912857323885 17.4410317465663 0.08887806534767151 0 312.2754355482757 115.4810547679663 136.7822885662317 85.62940642982721 8.201329588890076 5.279533974826336 701.4323900938034 2.386409014463425 147.141581915319 28.54276181012392 0.8867332190275192 7.845219030976295 29.22111541032791 2.868659928441048 1.063513360917568 5.733485877513885 0.08651822060346603 1.836085736751556 0.3561353385448456 3.494728587567806 2.182315833866596 2.954258263111115 11.92279446870089 1.852399416267872 0 2.431559197604656 256.199615418911 0 1.308036327362061 0.4100910723209381 0.2269067466259003 0 0.3184459805488586 4.872454598546028 1.315000593662262 2.133581317961216 0.7852541506290436 0.5281167477369308 3.362344712018967 12.95130376517773 1.563956297934055 4.273450195789337 0 0.3303489163517952 0 0 0 0 0 0 0 0 0.1657952070236206 0 0.5178890824317932 0 0.384862557053566 0 0.2770525068044662 0.2339620739221573 0.2272723466157913 0.5441862791776657 0.5473768934607506 0 0.1302129328250885 0.1604300439357758 2.355624161660671 1.069967120885849 8.041137546300888 6.355427198112011 1.317454926669598 0 0.1386730521917343 0 0 0 0 0 0.3316179215908051 0.1703625172376633 0 0 0 2.558923356235027 0.2640726193785667 0.1854220032691956 0 0.1472460478544235 0 0 0.3061659932136536 0 0.09999962151050568 4.639623999595642 1.167582154273987 0 0 0 0 0 0 0 0.1356256306171417 4.077620700001717 0 0 0.1166400238871574 0.2743978500366211 2.40277062356472 0 1.110358916223049 0 0 0.3446912616491318 0 0 0 0 0 0 0.09827500581741333 0.1825547367334366 0 0 2.609552726149559 3.931329637765884 3.581322476267815 211.2419059872627 12.80499164760113 253.2205789014697 25.04336086660624 238.5450896397233 33.44429611414671 2.378677256405354 5.331109628081322 3.195326961576939 0 1.664715565741062 0 0.8344250321388245 0 0 0 4.212273143231869 0.1108452975749969 94.03109982609749 2.549424305558205
1152.646708518267 2487.161116756499 214.4162579029799 1079.894640348852 33.24455843120813 446.9443813636899 736.2737448737025 21.68062499165535 3.57210873067379 3150.447236955166 4.480101183056831 120.3165948092937 48.53132939338684 11.63237043470144 0.6507715582847595 0.4995997920632362 0.2789397835731506 0.1829182356595993 0.074763223528862 0 0 0 0 0 0 0.08893954753875732 0 0 0 0 30.27097301185131 1.206294864416122 0.08934060484170914 0 0 0.2344106435775757 0.6639224886894226 0.1256639361381531 0 0 0 0 0 0.3491565436124802 0 0.2036276832222939 16.74931801110506 5.069631114602089 0.192036360502243 0.1115854978561401 2.119516387581825 0 0 0 6.686116099357605 9.805921636521816 57.23433200269938 262.962239548564 23.90335061401129 24.20617383718491 0.2156127691268921 2.095360726118088 0 18.80614227801561 3.937415681779385 1.121685296297073 2.204108633100986 0.8043592199683189 0 0 1.722534917294979 0 0 127.7476339563727 30.12625554949045 28.05132379382849 8.82070717215538 0.4117487967014313 0 0.2167857736349106 0.1111733615398407 0.1805716082453728 11.97760844230652 0.2651955336332321 2.21078834682703 11.82644647359848 0.5355361476540565 0.4290263578295708 2.632432743906975 0 1.144190184772015 0.1002301946282387 0 0.1846532002091408 0.08998438715934753 3.734799757599831 1.050784647464752 0 0.1423637717962265 473.7218631207943 0.1099488809704781 2.709671571850777 8.928427219390869 0.3334442377090454 0.2723470032215118 4.900289103388786 28.0928543806076 10.49935704469681 7.914693742990494 12.32407894730568 0.1901341527700424 27.86414451897144 39.58171873539686 4.121153935790062 7.773585714399815 0 0 0 0 0 0 0 0 0 0 0 0 0 0 0 0 0 0 0 0.4067580103874207 1.048229426145554 0 0 0 1.066068962216377 0.27931147813797 2.189029723405838 0.5120816826820374 0 0 0 0 0 0 0 0 0 0 0 0 0 0.2164768725633621 0 0 0 0.1915888488292694 0 1.060971096158028 0 0 0 1.494809180498123 0 0 0 0 0 0 0 0 0 3.713352799415588 0 0 0 0 2.067780390381813 1.397137761116028 1.533849120140076 0 0 0 0 0 0 0 0 0 0 0 0 0 6.061779886484146 0.2722938358783722 0.4263619184494019 151.1559093371034 3.893043994903564 89.6016448661685 4.91029866784811 800.9478258863091 22.43613767623901 3.611422851681709 1.219792783260345 1.080164879560471 0.1078216806054115 0 0 16.49278509616852 0 2.654236555099487 0 0 0 291.8065108582377 10.37270560860634
64.37413328886032 865.3683167248964 1289.639985360205 33.24455843120813 677.2798873484135 6.657172501087189 358.2000193595886 310.8694962263107 4070.999182194471 427.1075149476528 532.9337352737784 93.24579440057278 310.9162565767765 3643.834605447948 12.25366426259279 14.64321039617062 2.877682819962502 0.09167911857366562 0 0 0.2693416476249695 0 0 0.09379684925079346 0.1100902110338211 0 0.1262677162885666 0.1415376961231232 0 0.5896922796964645 55.3395624756813 7.044874809682369 8.880930289626122 0.5247881338000298 0 0.147925540804863 2.995613597333431 1.636469706892967 0.9006680697202682 0.737568587064743 0.07968833297491074 0.713021844625473 0 1.331687644124031 0.5147973224520683 0.4553988426923752 58.36330112069845 4.552167281508446 0.7503267526626587 0.5223712846636772 1.455984845757484 0 0 0.317045658826828 2.368337571620941 6.380677543580532 9.921543769538403 70.34425811469555 15.55428063124418 50.21623709797859 0.1749012172222137 6.289826832711697 0 87.37369584292173 5.018394239246845 3.457344554364681 1.828623466193676 0.7463202401995659 0.1042064726352692 0 12.17411725223064 0 0 107.2245916053653 32.15941067039967 102.6732183992863 76.96858472377062 7.836811199784279 0.3213947862386703 6.016912631690502 0.363451175391674 5.740248158574104 9.781658485531807 0 2.963446572422981 11.16740950196981 0.9839049950242043 1.192979291081429 2.441086940467358 0 0.4366886466741562 0.1072492375969887 0 0.1323539018630981 0.5570728704333305 15.55537427961826 0.3461486399173737 0 0.5183940976858139 10.02023486047983 0.3582012057304382 2.751360818743706 1.515227854251862 0.2128484398126602 1.432603344321251 6.604922831058502 11.92500145733356 5.778844594955444 10.96565322577953 8.478126406669617 4.616871997714043 17.3468295186758 50.96086407452822 10.98784126341343 16.60555173456669 0.2668481916189194 0 0 0 0 0 0 0 0 0 0 0 0 0 0 0 0 0 0 3.51510851085186 2.613180547952652 0 0 0 9.106384292244911 2.730525240302086 15.35058942437172 4.698715209960938 0.6678785383701324 0 0 0 0 0 0 0 0.2983652651309967 0.3998727798461914 0 0 0 0.2289286255836487 0 0 0 0 0 0.1610757857561111 1.130605340003967 0 0 15.97202048450708 0.716406375169754 0.1638954877853394 0 0 0 0 0 0 0 18.75937776267529 0.3113164901733398 0 0 0.110780268907547 16.21673589944839 0 7.297366887331009 0 0 0.2993903458118439 0 0.7699118554592133 0 0 0 0 0.1763105541467667 0 0 0 12.63300566375256 5.044865012168884 3.728477567434311 218.6669618412852 16.49360363185406 212.9776207208633 15.29705163091421 110.2163180932403 27.75001369416714 0.7721481844782829 6.947559706866741 4.289658680558205 0.4479953944683075 1.035502344369888 0 3.515149176120758 0 0 0 2.54384171962738 0 86.15530344843864 11.45741099119186
106.1507271230221 123.9048983976245 19.0467222109437 446.9443813636899 6.657172501087189 20.92408208549023 27.33339230716228 2.350150167942047 5.8548663854599 838.5727199837565 2.014350339770317 129.4084644764662 32.36724743247032 17.68390739709139 0.354101188480854 0.2263567000627518 0 0 0 0 0 1.300898835062981 0 0 0 0 0 0.1553429812192917 0.1221305206418037 0 5.157290831208229 0.1176930963993073 26.23957207798958 0 0 0 7.680118575692177 2.271805122494698 1.467343613505363 0.4913868457078934 0 0 0 0 0 0 0.8300550878047943 0 0 0.1290276944637299 0.1012884527444839 3.226212240755558 0.8163847774267197 0 0 0.2453044131398201 75.10670445114374 31.06278328597546 8.366409257054329 0.9057439118623734 0 4.928367912769318 0 0.652041107416153 0 0.1010342091321945 0 0 0 0 107.2221951782703 267.5554764568806 9.125748448073864 6.220999732613564 0.1811906099319458 0.3150577619671822 0 0 0 2.495666190981865 0 1.853877052664757 2.096837654709816 2.996870651841164 0 3.119147732853889 0.153301477432251 2.909974195063114 2.966751292347908 1.757427826523781 0.2222596406936646 0.4482377916574478 0 0 0 351.2528686672449 237.9420926719904 31.91185812652111 24.28301449120045 220.4151000231504 0.1157263517379761 0.1473550945520401 0.8150679469108582 0 0 1.816017523407936 15.68778589367867 4.711481004953384 4.553017243742943 7.848376780748367 1.713510721921921 4.349785774946213 10.60105094313622 1.900870278477669 2.117258802056313 0.4195998311042786 0 0 0 0 0 0 0 0.5044988393783569 0.2258587926626205 0 0 1.581429429352283 0 1.174579158425331 0 1.037540055811405 0.7196805700659752 0.9653440564870834 0.1789245754480362 0.8393220603466034 0 0.3010009676218033 0.1339334100484848 0.6482762545347214 0.1436946988105774 1.292677037417889 2.696530550718307 1.769812293350697 0 0 0 0 0 0.23528191447258 0 0 0.2168100625276566 0 0 0 5.280866786837578 0.1648987084627151 0 0 0 0 0 0 0.3250668197870255 0 1.576094791293144 0.4207139015197754 0 0 0 0 0 0 0 0.4192011058330536 1.542267948389053 5.441669270396233 0.5247045755386353 0.1694419682025909 0 1.619862735271454 0 0 0.1925617605447769 0 0 0 0 0 0 0 0 0.09832573682069778 0 0 0 0.4435998946428299 2.824905529618263 0.7087651789188385 25.04560185968876 0.4835576117038727 8.288890331983566 1.166142553091049 219.2575858086348 1.317743271589279 0 0 0.5252935290336609 0 0 0.437750905752182 8.461542665958405 0 0 0 0 0 86.06743161380291 8.118185192346573
117.4362486302853 3831.862083472311 74.69437467306852 736.2737448737025 358.2000193595886 27.33339230716228 451.5086340010166 14.57258240133524 1107.010508492589 2262.117367230356 36.48323874920607 482.2749198302627 4657.245869904757 1380.268407523632 6.368311174213886 8.810134582221508 0.7870863899588585 0 0.229756124317646 0 0 0 0.1406959593296051 0.2652210369706154 0.3450800478458405 0.3594711869955063 0 0.3732848465442657 0.4268150925636292 0.1136479824781418 23.67626582831144 2.595306672155857 6.899669885635376 0.1049097999930382 0 0.1291239559650421 1.33028282225132 0.2325316593050957 0.09981610625982285 1.031581878662109 0 0 0.10905472189188 0.6287191063165665 0.3154132291674614 0.1953388899564743 49.92247752845287 3.900988966226578 0.08167902380228043 0.3402418345212936 2.110896609723568 0 0 0.2644630074501038 3.474152155220509 8.65843541175127 14.81955167651176 74.10470828413963 12.03011927753687 43.78626664727926 0.4992331862449646 4.375843204557896 0 44.85655184835196 5.582880266010761 1.242027796804905 3.262211300432682 0.6903034672141075 0.3095021694898605 0 9.85361810028553 0.2739590480923653 0 102.1178986802697 26.97509010881186 74.01587530970573 42.30771029740572 5.028406351804733 0.7257560789585114 0.8564870432019234 0.3294013366103172 1.024826742708683 11.69377614557743 0.1610427349805832 3.368047446012497 11.03096994012594 0.6801229044795036 0.3266013264656067 2.125426344573498 0.1862114369869232 1.005824618041515 0.1055741608142853 0.08382702618837357 0.5577126815915108 0.405276358127594 25.68473430722952 1.55314365029335 0 1.078293919563293 30.52130844444036 3.317675232887268 1.482225023210049 8.973544463515282 31.39750416576862 2.305698424577713 66.04998952150345 13.18848724663258 78.78502768278122 44.67335683107376 36.15107552707195 7.394347488880157 43.03070545196533 85.54760938882828 19.58876800537109 30.09888072311878 0.1598436087369919 0 0 0 0 0 0 0 0 0 0 0.3539022654294968 0 0 0 0 0 0 0 1.808287918567657 3.857999190688133 0 0 0 6.156854927539825 4.058776251971722 16.15594410151243 7.710241749882698 0.2882084250450134 0 0 0 0 0.1727041304111481 1.040418364107609 0 0.5641443878412247 0.3929861485958099 0 0 0 0.7555762007832527 0 0 0.2597342506051064 0 2.19975434243679 3.197056576609612 0.3443752527236938 0 1.310058832168579 18.69730713963509 1.039270222187042 0.8363211303949356 0.538422629237175 0.07141277194023132 0.2169609218835831 0 0 0 0 32.95861035585403 0.4005837142467499 0 0 0 15.88032035529613 0 5.771305821835995 2.59479646384716 3.738671034574509 3.127911910414696 0.7582288980484009 1.039854273200035 0.210080586373806 0 0 0 0 0 0.284943163394928 0 20.52809238433838 5.003850124776363 3.256193540990353 184.7842608913779 10.84425469487906 187.4121098220348 14.77766609936953 155.6847852170467 33.87477570772171 3.19395737349987 4.292028710246086 9.835578665137291 0 7.490533620119095 1.156420961022377 17.54997169226408 0.8731648772954941 0 0.1161945313215256 2.052589938044548 0 140.9477017819881 25.40280516445637
49.25339203327894 339.012304790318 3182.908900499344 21.68062499165535 310.8694962263107 2.350150167942047 14.57258240133524 1054.272666566074 337.8732228502631 8.856531262397766 1529.506297007203 42.52070523798466 79.84203090518713 1680.048040211201 99.4581688567996 153.4018619284034 23.84825912117958 6.216368585824966 8.149845734238625 14.8630610331893 18.95172210782766 0.2527663037180901 22.19245417416096 39.02492918819189 5.370851762592793 2.426786348223686 0.9795509427785873 3.066020041704178 0.1765929311513901 1.149943627417088 680.6239812374115 2902.760399498045 149.1666041761637 49.72043476998806 3.372806869447231 7.671985357999802 29.01605718582869 31.76976173371077 11.28675169497728 10.32972823828459 5.688123106956482 18.67302139848471 14.50699937343597 32.51012313365936 27.8136318102479 46.7438410371542 210.6549065113068 13.06947749853134 6.048013523221016 27.45895750820637 19.34311275184155 1.260517187416553 0.5715405568480492 9.294391721487045 3.754166476428509 8.33458786457777 19.01078485697508 142.7405304759741 23.21660123020411 104.9968621060252 103.7233105450869 319.7164461836219 16.91736762970686 912.5757559761405 8.160082712769508 17.66992769390345 6.170397698879242 24.95154812186956 91.00325284153223 37.37817668169737 68.52830735594034 0.2468280643224716 0 166.6298180967569 120.6776003688574 321.1139618754387 479.4896590039134 375.641283787787 1443.437992043793 611.8545553013682 102.5235945954919 1173.040041774511 13.50009240210056 0.3811362907290459 14.04490890353918 13.68817556649446 36.52627823501825 0.3033425584435463 3.848491363227367 0 1.946114055812359 1.104344509541988 26.86332206428051 8.916054800152779 16.08015016466379 33.35926754027605 7.266382277011871 0.929074764251709 8.283452719449997 15.91336137801409 0.121903270483017 0 0 0.6632922291755676 1.40144519507885 0.5567220896482468 0.7216323614120483 1.03176175057888 1.326119028031826 0.5682312250137329 2.381218418478966 2.927230790257454 13.75779019296169 4.269494794309139 8.403808429837227 0.6167845502495766 1.137489140033722 0 0.3972861170768738 0.3202760219573975 0.3335573077201843 0.1882860362529755 0.1175727173686028 0 0 0.3794544637203217 0 3.28560920804739 0.1298747062683105 1.769776314496994 0.5147843509912491 2.252194315195084 0.8780063316226006 1.392935007810593 1.342068746685982 1.50222235172987 0.1629298627376556 1.532183527946472 1.143694400787354 4.26640971750021 6.734842613339424 15.41384451836348 16.28957435488701 6.831682801246643 0.1856249868869781 0.09792079031467438 0.3349453508853912 0 0.1343270987272263 0.6352035030722618 0.9525560438632965 0 0.2783845365047455 0 0.124087892472744 0.3944612890481949 9.890798881649971 2.016729600727558 0.1116995289921761 0.2445495575666428 0 0.505396842956543 0.7513174116611481 0 2.474491186439991 3.534027010202408 11.4425642490387 0.1793723553419113 0 0.2906423509120941 0 0.1057983115315437 0.3513291031122208 0.09577084332704544 0 0.2356462776660919 9.312457874417305 2.536541238427162 0 0.4428457617759705 1.746361143887043 6.428608402609825 0 2.334930919110775 0.4260382801294327 0 0.884102538228035 0 0.2187364548444748 0.1105435490608215 0 0 0 0.2541439831256866 0.5564679354429245 0.2363370358943939 0.2045347988605499 4.642406433820724 9.597431324422359 8.02669545263052 866.4054986909032 51.02700500190258 649.8499073982239 125.7815256938338 178.8819930627942 71.40614651143551 2.48594056814909 28.14619769155979 11.6371071562171 1.315387584269047 1.156185619533062 1.258201748132706 1.87856537103653 0.283738374710083 0 0 12.01616424322128 0.6455824226140976 32.46722866594791 6.224397331476212
8.772642955183983 682.3728913366795 563.6544370353222 3.57210873067379 4070.999182194471 5.8548663854599 1107.010508492589 337.8732228502631 359.6944252997637 131.6119912043214 481.333006888628 106.169102460146 922.4466610997915 544.8810565546155 12.71571185439825 15.21719385683537 0.7156805172562599 0 0.116345226764679 0.1680900901556015 0.168158158659935 0 0 0 0 0.09288196265697479 0 0 0 0 21.8141051158309 4.427997939288616 20.77201057970524 0 0 0 2.251601085066795 1.317361563444138 0.1658408641815186 0 0 0.3303708210587502 0.1758335381746292 0.9985700994729996 0.2348760068416595 0.4995787590742111 32.14253427088261 1.624073974788189 0.1507013291120529 0 0.4915869608521461 0.3935990780591965 0 0 0.8010112047195435 3.032700173556805 3.515693172812462 15.09302420914173 6.195834949612617 18.11339497566223 0.7141657769680023 12.75821154564619 0 22.17714692652225 0.9742202460765839 1.948962174355984 0.5359929502010345 0.2606776654720306 0.3477250188589096 0 18.99856156110764 0 0 31.70819407701492 13.29540333151817 47.94041646271944 38.91673416644335 5.865051411092281 0.8185173869132996 38.72535506635904 0.2162872478365898 0.9999315068125725 2.981218881905079 0 0.7446682825684547 2.515188716351986 0.1134581863880157 0.1688779294490814 1.032284267246723 0 0.4745813831686974 0 0.1081362888216972 0.1095489859580994 0.6945021525025368 30.64653015136719 1.860597789287567 0 0.9884452596306801 2.438010424375534 1.397497273981571 3.248988464474678 3.222598999738693 0.3861962556838989 3.446493059396744 7.897965744137764 9.619143381714821 4.418418794870377 10.41176657378674 9.511860281229019 3.735755994915962 15.24606586992741 60.81085292994976 17.32634733617306 28.283825725317 0.1114267259836197 0 0 0 0 0 0 0 0 0 0 0 0 0 0 0 0 0 0.3434927761554718 2.683727130293846 4.449750915169716 0 0 0 10.75221648812294 2.87162446975708 21.31943745166063 6.79859072715044 0.3960005640983582 0 0 0 0 0 1.159005284309387 0 0.2434965372085571 0.1154404580593109 0 0 0 0 0 0 0 0 0 0.212881974875927 2.115047335624695 0 0.1782614886760712 19.30806114524603 0.6509408205747604 0 0 0 0 0 0 0 0 33.80898325890303 0.2355674356222153 0 0 0 14.75873483717442 0 6.087318629026413 0.7834220379590988 0.9734116941690445 0.9453272223472595 0 0.5888338387012482 0 0 0 0 0 0 0.4240963459014893 0 14.22072274982929 8.526612177491188 5.313131347298622 209.75011818856 12.58996529132128 125.1914535686374 17.91087362915277 62.13536156713963 14.52926816046238 0.7833917066454887 4.733551025390625 5.189260795712471 0.2309320867061615 0.2481480091810226 0.2886698842048645 5.621143251657486 0 0.5993292927742004 0 1.182204380631447 0.4856552481651306 80.22432637959719 14.67975223064423
688.0937888920307 3001.046041734517 30.871317692101 3150.447236955166 427.1075149476528 838.5727199837565 2262.117367230356 8.856531262397766 131.6119912043214 2542.443848729134 16.22526997327805 3132.528926223516 3056.939828790724 616.4426858648658 6.514908991754055 2.727800123393536 0.4011754393577576 0.09341884404420853 0 0 0 0 0 0 0.1320254653692245 0 0 0 0 0 15.96709263324738 1.454059809446335 76.66675261408091 0.1492337882518768 0.1126470640301704 0.1160714998841286 23.16432456672192 2.148296751081944 2.480682007968426 2.115862146019936 0.2767779231071472 0.1388490349054337 0 0.5256241708993912 0.1459143757820129 0.2124117463827133 36.90536807477474 3.887926124036312 0.3232766091823578 0.2261356338858604 2.083394534885883 0.510318897664547 0.1267550438642502 0 5.908742971718311 11.15877163410187 78.61453224718571 131.1592978537083 27.68666468560696 38.18795447051525 0.2718371972441673 14.83975400775671 0 21.01478856801987 4.574996121227741 2.068740963935852 2.251636505126953 0.6995573863387108 0.2200746908783913 0 281.2900962531567 5.917491465806961 0.1394414007663727 122.864470526576 27.7644902318716 50.9873239248991 29.97707306593657 1.37195136398077 0.1472493559122086 1.196900576353073 0.09739666432142258 3.380583517253399 15.25308533012867 0.08009029179811478 2.437603689730167 13.31256595999002 0.7154186591506004 0.3434570133686066 2.700144439935684 0 0.8567328527569771 0 0 0.08884118497371674 0.8403414338827133 490.5627198144794 138.1274554282427 1.185298919677734 5.513514935970306 486.1116551756859 7.569353833794594 25.86880637705326 30.73870787024498 4.753703281283379 10.25495983660221 68.49259287118912 255.0271488428116 94.1116438806057 103.6894588321447 133.2075619548559 30.0141469836235 208.0302890092134 444.802683442831 115.2711935862899 128.9827267900109 0.3320669233798981 0.2694038450717926 0 0 0 0 0 0 0 0 0 0.1996757239103317 0.1911585181951523 0 0.7869690656661987 0 0 0 0.2312950491905212 9.949530549347401 19.10357274860144 0 0.2480973899364471 0 23.36494810134172 7.545212425291538 39.78203697502613 13.14969566464424 2.581055119633675 0.1567230820655823 0 0 0 0 0.102199487388134 0 0 1.109371818602085 0.1186319962143898 0 0.4316488802433014 1.792744040489197 0.1074105873703957 0 0.137441486120224 0 1.585331082344055 2.030853256583214 12.1763876080513 1.933861136436462 5.103942632675171 48.82668976485729 1.688019052147865 0 0.2863744795322418 0 0 0 0 0.1203606948256493 0 100.9004822969437 2.935603976249695 0 0 0 61.06455796211958 0.142016589641571 12.52177692949772 0.7643461674451828 0.5874548256397247 2.295422919094563 0.6808204650878906 1.073026672005653 0 0 0.09509216994047165 0 0 0 0 0 101.1738234460354 11.08479165285826 11.1579458117485 366.5734794363379 8.087102323770523 169.9123186171055 12.69057766348124 1007.142407774925 36.04957751184702 1.489165544509888 4.064485616981983 8.285642445087433 0 1.693040162324905 2.073650576174259 119.7012215256691 0.6152958869934082 0 0 1.577528044581413 0 1467.998298294842 153.6535971164703
40.07856250554323 693.7864073291421 2359.868879415095 4.480101183056831 532.9337352737784 2.014350339770317 36.48323874920607 1529.506297007203 481.333006888628 16.22526997327805 659.3379568234086 285.6963088214397 747.0663372799754 2951.393128022552 23.67433825135231 33.52610750496387 2.659908823668957 1.171424888074398 0.7263982966542244 0.6981988549232483 2.103719875216484 0.5508951991796494 1.188343569636345 3.593272514641285 0.5896303355693817 1.668604359030724 0.1159456595778465 1.301273390650749 0 0.3264845013618469 250.6856161430478 195.2387402579188 370.2096071094275 2.069900304079056 0 0.3440962284803391 69.47867430746555 14.6386920362711 9.784061521291733 5.498098775744438 1.457100726664066 3.115896157920361 0.8815300539135933 2.535699300467968 3.135175041854382 1.120845295488834 69.40967733412981 3.772196210920811 0.9254475235939026 1.662472322583199 2.607461348176003 0.7853448390960693 1.598481722176075 3.664501704275608 1.845092490315437 3.467847339808941 6.376379646360874 46.78749970346689 9.117790281772614 37.91959173232317 1.393978923559189 37.51846420764923 0.3382691740989685 84.1743970066309 2.043742142617702 2.550578281283379 1.387323819100857 3.326398506760597 5.850472621619701 3.145611822605133 168.3079513981938 0.9732864201068878 0 64.00917246192694 29.66833308339119 97.58951032906771 96.39377181231976 13.12431710958481 10.13947683572769 431.7051555886865 1.216619066894054 36.07805286347866 7.058980144560337 0.1144990026950836 2.699592851102352 6.399849027395248 1.937117926776409 0.1690422967076302 1.39241436123848 0 0.652242586016655 0.08699475973844528 1.862851902842522 2.150834031403065 2.55151379853487 43.03167302906513 7.345827460289001 0.1787816882133484 7.742975413799286 11.85072815418243 1.076924912631512 0.8309552669525146 0.7459889650344849 0 0.3212256133556366 0.5300682783126831 2.391072690486908 2.385942310094833 1.239768579602242 1.512720972299576 2.231266371905804 2.369960233569145 15.52483537793159 4.729668192565441 8.266081869602203 0.1985442340373993 0.2508305236697197 0 0 0 0 0 0 0 0.3599158227443695 0 0 0.273952454328537 0 0.2225446254014969 0 0.1187456622719765 0.4260631054639816 0.09757165610790253 0.5384130924940109 0.4402394369244576 0 0.6416030004620552 0 5.919646412134171 4.345254331827164 15.98583509027958 9.915396809577942 0.1044977605342865 0.1010056510567665 0 0 0 0 0.4173963665962219 0 0 0.1106965467333794 0 0 0 2.100320629775524 0.1336556226015091 0 0 0 0 0.6352711021900177 0.3692726790904999 0.2424265295267105 0.5067563876509666 14.77827932685614 0 0 0 0 0 0 0 0.1182630509138107 0 17.40775419026613 0.2614592313766479 0 0 0 8.303000032901764 0.154104933142662 5.311505548655987 0 0.09488553553819656 0.1973706930875778 0.1294356286525726 0 0 0 0.2525357306003571 0 0 0 0 0 5.661844901740551 10.9909714832902 7.49075984954834 396.3166388124228 15.94037637859583 255.6970623731613 44.75204836577177 97.41438703238964 27.38335690647364 1.63606296479702 10.74721925705671 12.37806932628155 0.289780855178833 1.819306276738644 1.210418440401554 1.87653312087059 1.196769550442696 0 0 6.595896050333977 0 22.06115787476301 6.408371210098267
28.56821291148663 146.6670033708215 22.92396731674671 120.3165948092937 93.24579440057278 129.4084644764662 482.2749198302627 42.52070523798466 106.169102460146 3132.528926223516 285.6963088214397 503.6918442249298 1422.365590676665 933.7686736434698 11.9637081772089 11.95200919359922 0.6244558393955231 0.3680459037423134 0.1463852822780609 0.3296416103839874 0.6617643684148788 0.7953168898820877 0.6352475360035896 1.428303346037865 0.4980785101652145 0.4308359026908875 0 2.118496023118496 0 0 2.824400536715984 1.461611688137054 437.2349408790469 0.7017016559839249 0.1356214880943298 0.7057243883609772 223.4952430129051 26.37161751836538 21.79422531276941 11.96058423817158 0.6793715953826904 6.919648572802544 0.3036680668592453 0.4988958686590195 0.1211049184203148 0.3472985327243805 16.29340356588364 0.6214971095323563 0.5806144848465919 0.7435546815395355 0.9048688039183617 0.5408798381686211 2.026364713907242 6.179806917905807 0 1.078003041446209 7.568775251507759 1.90829312056303 3.008212834596634 5.651433914899826 0.2630431652069092 44.69157915562391 0.08545222878456116 3.392033264040947 0.5936305820941925 1.468013621866703 0.3335697874426842 0.7711100056767464 2.547564476728439 1.334634192287922 591.1872644796968 3.689971901476383 0 7.679014511406422 1.941739700734615 14.59672608971596 10.35874332487583 4.278474636375904 0.2970568686723709 92.81406717002392 0.2301992252469063 17.34047698229551 0.3566707670688629 0 0.8602722361683846 0.5087234526872635 0.6284818723797798 0 0.129337877035141 0 0.4515016376972198 0 1.155896157026291 0.8525510728359222 2.440705761313438 1229.10800588131 59.47394896298647 0.09703224897384644 27.0544148683548 40.67814669013023 6.602409392595291 4.64892989397049 9.83982890099287 1.474974125623703 17.11543338745832 27.92482521384954 61.60635894536972 46.03595762699842 56.40665943175554 50.23592688143253 27.7745033800602 92.46267399191856 351.6079032868147 90.03218028694391 143.0355409234762 2.311821304261684 0.6406054198741913 0 0.2136804610490799 0 0 0 0 0 0.1059718504548073 0.1539207547903061 0.1576646566390991 0.5366506427526474 0.1034523770213127 0.8767588436603546 0 0.2184078991413116 0.09670151770114899 0.3122541904449463 11.61100883036852 15.57607702165842 0.4223204478621483 1.90184497833252 0.8202284947037697 60.17810694873333 20.09226516634226 106.7707213386893 39.23601938039064 2.966771304607391 0.2022724449634552 0 0.570787787437439 0.1285648494958878 0.91070955991745 0.2390469312667847 0 0 3.745891340076923 0 0 0.2880227118730545 5.095994852483273 0.2762937992811203 0.3915851712226868 0.1378914564847946 0 1.173470936715603 3.932575784623623 0.8206523954868317 1.62752340734005 3.313419714570045 113.737507276237 2.994863346219063 0.1188147887587547 0 0.1210583299398422 0.1247545853257179 0.3474920690059662 0 0.108015388250351 1.371558725833893 169.9119840189815 7.94838559627533 0 0 0.1025064885616302 76.5958848297596 1.994152389466763 25.42385564744473 2.787197530269623 3.53894729912281 2.745152465999126 1.638954237103462 1.579673737287521 0.1977860778570175 0 0 0.153618261218071 0 0.3246955275535583 0.2012645155191422 0 93.23394042998552 37.66658365726471 42.16315983235836 229.1937602907419 6.803377464413643 79.7029108479619 30.88368083536625 107.5196684747934 10.30092793703079 5.185249835252762 4.605880692601204 13.34060828387737 0 5.922562435269356 2.304282374680042 19.90261722356081 1.985868610441685 2.089434623718262 0 2.813591867685318 0 788.5466179475188 143.5418703779578
9.920562855899334 1159.782828472555 59.51573149114847 48.53132939338684 310.9162565767765 32.36724743247032 4657.245869904757 79.84203090518713 922.4466610997915 3056.939828790724 747.0663372799754 1422.365590676665 3258.056347995996 5774.560493990779 10.06625644117594 10.99748560041189 0.6742465868592262 0.09469831734895706 0.8103922680020332 0.2274803593754768 0.1286020874977112 1.208228752017021 0.6173550859093666 1.035761177539825 0.3118970096111298 0.1095515936613083 0 2.731569766998291 0 0 4.308400489389896 1.901116274297237 737.3229721933603 1.053487360477448 0.1829682886600494 0.9468042850494385 213.1251057907939 37.61845899373293 11.54492471367121 9.838134922087193 1.25154335796833 2.481036007404327 0.6984259933233261 0.4327772557735443 0.9243218153715134 0.5313879027962685 29.97686491906643 1.346012599766254 0.2810664027929306 0.4042359218001366 1.270308308303356 0.1949360370635986 2.963426418602467 6.20821300894022 1.138191677629948 0.4830186441540718 6.490768954157829 10.34068210422993 5.237162433564663 13.48366885632277 0.250915452837944 32.66778260469437 0.8603174760937691 12.40146334469318 0.7508387714624405 0.7503645643591881 0.387256532907486 0.5861692875623703 2.040363505482674 0.3226976990699768 479.8652148097754 1.659801304340363 0 21.64010634273291 6.790975399315357 31.1346136406064 19.06210434436798 2.534866146743298 0.2113133445382118 95.15766439586878 0.3030573278665543 15.71863576769829 2.418902814388275 0.0894818902015686 0.7667294517159462 1.767968252301216 0.7127996385097504 0.2461013570427895 0.6865327581763268 0 0.268553800880909 0 0.5315627455711365 0.6632233709096909 2.623085752129555 383.2818334177136 11.79314617812634 0 15.13243854790926 16.11904402077198 3.541024960577488 6.162765577435493 8.35300287604332 1.507080048322678 7.775584191083908 65.67767934501171 34.10910919308662 23.37204906344414 41.39721489697695 34.61966371536255 15.44809851050377 76.60222233086824 236.2862778306007 50.74803268909454 88.71938025206327 1.024338662624359 0.4005929678678513 0.5459188297390938 0 0 0 0 0 0.2295704483985901 0 0.5413802862167358 0 0.7938329204916954 0 1.001055546104908 0 1.192887812852859 0 0.3272945657372475 6.950453095138073 10.08625166863203 0 1.941571332514286 0.3053891360759735 38.25123654305935 12.60918545722961 63.44480367749929 23.09144955873489 3.412046790122986 0 0.1701003462076187 0 0 0.3811181485652924 0.3783582895994186 0.5193585753440857 0.1035382226109505 0.7869661524891853 0 0 0 3.027435414493084 0 0.1121791228652 1.553762882947922 0 0.2245551943778992 1.435012489557266 1.726136162877083 0.1645178347826004 3.502541236579418 72.91759277880192 3.422052688896656 0 0 0.167763814330101 0 0.2721791565418243 0 0.09916973859071732 0.6758076995611191 105.7765600979328 2.054954431951046 0 0 0.1160543262958527 52.67571523785591 4.645327381789684 20.81686373054981 1.834090888500214 0.3672554716467857 0.9543108940124512 0.5437129586935043 1.233430668711662 0 0 0 0 0 0 0 0.2732668519020081 59.24496162682772 26.12375855445862 19.73529966175556 239.8763627633452 8.800405211746693 117.6840922310948 31.10483389347792 78.80237023532391 10.55626426637173 3.204678356647491 8.27392366528511 8.11956562101841 0.1810138821601868 5.058836989104748 1.548791371285915 19.81050655990839 3.095927096903324 0.1645938158035278 0 3.625258021056652 0 406.3309088051319 69.91637647151947
