623.8567895293236 3401.861108370125 1398.098984360695 2272.957028344274 59.73455926775932 54.29284133017063 348.2373581826687 219.5206437632442 7.088736936450005 1596.050712652504 224.8708974123001 111.2808239385486 372.6905428990722 93.26179514825344 3.92900263518095 1.949336089193821 0.2802170068025589 0.410725325345993 0 0 0.6244120001792908 1.083070233464241 0.1897866278886795 0.1333516538143158 0 0.1874496936798096 0 0.569576233625412 0 0.721317395567894 1031.290002025664 56.98757517337799 19.55619524419308 0.5868561863899231 0.1736352741718292 0 20.43359283357859 1.218510940670967 2.155218884348869 0.3173249810934067 0.648098960518837 2.006301395595074 1.330146118998528 1.02977117151022 0 1.328356437385082 41.757848136127 0.9496897533535957 0.5440864562988281 0.9084430411458015 0 0 0 1.861735388636589 2.679691255092621 5.436037808656693 293.5044232234359 656.8316986560822 102.9726876914501 27.65758658200502 1.361884579062462 3.377826876938343 0.5549538061022758 7.878528088331223 6.097166389226913 3.693890906870365 1.438649065792561 0.5930042490363121 1.505050599575043 1.384868249297142 15.78416395932436 0 0 65.69027606397867 43.89867831021547 12.92549596726894 4.440834932029247 4.826254718005657 4.251940160989761 89.7513966485858 3.246754534542561 9.179276198148727 20.13212102651596 0.4220022708177567 0.8737960457801819 8.513872735202312 1.652396470308304 0 1.696774207055569 0.1531669050455093 0.2995718121528625 0 1.771363124251366 0.4947276562452316 0.1401184648275375 61.10191912949085 5.722471132874489 0 2.18911412358284 1119.436588265002 0.7098485976457596 3.293978422880173 0.1688100248575211 3.388103432953358 0.1751144230365753 2.737897895276546 0.1938721388578415 3.941169247031212 3.387603774666786 10.12308778613806 0.249772235751152 6.590938381850719 21.23886956274509 17.21037565916777 7.669269256293774 0 0 0 0 0 0 0 0 0 0 0 0 0 0 0 0 0 0 0 0.2122928500175476 0 0 0 0 4.794149279594421 1.276104792952538 4.85840729624033 1.100707530975342 0.6981523334980011 0.4533359408378601 0 0 0 0.3140647709369659 0 0 0 0 0 0 0 0 0.8994949460029602 0 0 0 0 0.1544371396303177 0.1685797572135925 0 0 4.349883213639259 0 0 0 0 0 0 0 0 0 3.802665390074253 0 0 0 0 2.840432934463024 0.3925731778144836 0 0 0 0 0 0 0 0 0.156510055065155 0 0 0 0 0 4.013432726264 1.429098881781101 1.326725877821445 357.2608835846186 10.3407299593091 125.5594685301185 21.52173132449389 818.9968909397721 11.69894187152386 2.781811416149139 4.551756501197815 43.7554824501276 0.3476625680923462 0.9418302923440933 0 37.25038638710976 0 0 0 0.9500851035118103 0 260.3551624119282 15.17843551933765
3401.861108370125 4741.22061226517 3188.662134930491 3191.122261926532 2035.750465251505 48.61282193660736 2893.261545792222 939.1563019305468 965.9178956374526 1261.683587379754 927.1688568890095 203.2180534824729 2336.099842779338 2084.816580496728 20.84658578783274 9.314970731735229 3.721355997025967 0.332910843193531 1.294267699122429 0 2.120905295014381 0.3726101815700531 0.5162736475467682 0 0 0.1793978661298752 0 1.508289247751236 0.3151825815439224 0 1882.32466018945 106.6284730359912 42.09478989988565 1.005211293697357 0.184014692902565 0.4149564206600189 100.2998463958502 2.535718947649002 4.515358947217464 3.595236986875534 0.572999119758606 2.224348917603493 3.65033633261919 6.396429046988487 2.180650435388088 3.150878429412842 377.2212142646313 5.149792671203613 1.503399483859539 2.244827777147293 0.1486439406871796 0 0 2.427572704851627 12.5684565231204 18.78959882259369 369.9415007084608 743.2722832113504 176.795159034431 149.5805980265141 5.159792125225067 6.619343847036362 2.043377101421356 72.82993517071009 16.45793551951647 12.57433185726404 7.371360532939434 1.157632142305374 1.588057935237885 4.568273931741714 11.90591026842594 0.123015359044075 0.1044807285070419 315.209332101047 255.6578048765659 126.9637864381075 19.43083444982767 24.95774598419666 8.087699957191944 123.5201759040356 5.484528847038746 26.08600261062384 52.22629114240408 1.186438277363777 5.973852381110191 25.47749170660973 1.986521162092686 0.191838338971138 6.064342997968197 0 0.6895199939608574 0.4112371578812599 4.735299117863178 1.995098367333412 1.240630090236664 15.58236850053072 4.340931743383408 0 6.866613149642944 1242.066829130054 0.6512251347303391 5.01870334148407 1.358309760689735 1.496794328093529 0 5.260524205863476 0.3450911641120911 6.849361144006252 6.801164068281651 11.37133525311947 3.240523293614388 11.47906052321196 25.00334828346968 22.51853834837675 19.74933999031782 0 0 0 0 0 0 0 0 0 0 0 0 0 0.6536031365394592 0 0 0 0.5119269639253616 0 0 0 0 0 0 10.21954316645861 1.721599370241165 8.343287855386734 1.626448467373848 1.16075810790062 0 0.3441593945026398 0.9656184911727905 0 0.2403096854686737 0.9177853763103485 0 0 0 0 0 0.4990054965019226 1.080878123641014 1.761977285146713 0 0 0 0 0.7332221418619156 1.503763109445572 0 0.925692617893219 4.494864113628864 0 0 0.1248904392123222 0 0 0 0 0 0 8.150423973798752 0 0 0 0 5.466715902090073 0 2.049090757966042 0 0 0 0 0 0.1014113575220108 0 0.2919962853193283 0 0.2096730694174767 0 0 0 12.60115596652031 3.800109043717384 8.896259091794491 633.8332859426737 20.41948989778757 515.3850778341293 88.0000698491931 348.6880889683962 21.28155192732811 3.701368078589439 36.85121710598469 44.85698489844799 0 0.5364911258220673 0.437404602766037 32.76511704921722 0 0.1312510967254639 0 3.437067523598671 0.3199085891246796 244.721003562212 22.09744846820831
1398.098984360695 3188.662134930491 1800.310015521944 509.9295488744974 2143.553948312998 18.1405603736639 461.1178663298488 5147.381003551185 637.9644380956888 52.41533765941858 2822.028931625187 31.13239985704422 193.2449081763625 1096.82054168731 16.23237454891205 14.71969036757946 0.7433066740632057 1.348670184612274 1.382902145385742 0 8.449189707636833 1.630830034613609 1.039356037974358 0.3808904737234116 0.9743119031190872 2.315623268485069 0.1284883916378021 1.517049439251423 0.4879282116889954 0.3607413470745087 5360.175416454673 241.5713785812259 81.24054464697838 3.802646659314632 1.108864784240723 0.5716890767216682 75.28006801754236 3.127372354269028 9.177311152219772 1.733502969145775 5.529811054468155 11.61999623477459 7.221624791622162 4.240407034754753 1.119524605572224 7.165559805929661 91.56774988770485 2.013780705630779 0.3963507264852524 4.250566005706787 0.1474630981683731 0.153366282582283 0.7360863238573074 4.622426114976406 2.935848549008369 4.975838877260685 219.140533208847 903.3615119755268 71.73164238035679 30.96425297111273 7.998808987438679 5.878802463412285 1.160881415009499 118.7379623651505 4.793878920376301 4.598271667957306 3.795740254223347 1.111108288168907 8.71184616535902 12.25811060518026 19.07657768577337 1.359008193016052 0.1337336450815201 78.01804011315107 80.93013056367636 40.32029623538256 11.87039615213871 25.75667499750853 73.2877888455987 658.9444173276424 28.87827648967505 77.80250247567892 16.79798976331949 0.1150041744112968 2.700440905988216 6.224939450621605 2.867801003158092 0 1.240756064653397 0.1186147108674049 0.4716287106275558 0.6079475358128548 17.0132472589612 3.186566010117531 5.492863453924656 10.16589020937681 1.085571825504303 0 12.7789244800806 952.8788307830691 0.3851630464196205 2.504075273871422 0.1808982342481613 1.483482390642166 0 2.731861345469952 0.5179476290941238 2.260244786739349 2.597478002309799 4.394172750413418 1.076873287558556 6.611383706331253 14.50150656700134 12.9525864943862 12.55404213815928 0.1694445908069611 0 0 0.2370679974555969 0 0 0 0 0 0 0.841071605682373 0 0.4186087995767593 0 0.491345688700676 0.2732581496238708 0.3137597739696503 0 0 0 0 0 0 0 8.749614037573338 1.382961869239807 6.324326224625111 2.984388679265976 1.079770676791668 0.2913381457328796 0.1667149066925049 0 0 0 0.5244465470314026 0 0 0 0 0 0 0 0.4723383188247681 0 0 0 0 0.1133942008018494 0.1563641279935837 0 0 4.270488202571869 0.1515464186668396 0 0 0 0 0 0 0 0.1671485602855682 6.194423533976078 0 0 0 0.2198200970888138 3.783663377165794 0.155442476272583 1.596315458416939 0 0.4449388980865479 0.2329747378826141 0 0 0 0 0 0 0 0.1239973679184914 0 0 5.845134563744068 4.88700170814991 7.554772526025772 281.618815459311 12.47344264388084 136.9637949317694 38.52432755380869 192.5543356537819 5.077297009527683 0.8241786360740662 17.75725555419922 19.25995849072933 0 0.3088255599141121 0.1644623875617981 23.74722309410572 0 0 0 4.692778125405312 0 85.73247362673283 9.494370445609093
2272.957028344274 3191.122261926532 509.9295488744974 406.6395192071795 120.0494403764606 75.73987123370171 1004.12696095556 23.15805008262396 12.5840739607811 3716.708854444325 53.85995358228683 592.9319765120745 2351.865098446608 64.96426931768656 0.8957138583064079 1.842214338481426 0.438094899058342 0 0.1351052075624466 0 0.298182487487793 0 0 0 0 0 0 1.847983837127686 0 0 248.5576128661633 1.637200713157654 5.038289606571198 0.1450087130069733 0 0 19.22580073028803 0 0.5717439204454422 1.192184373736382 0.1273060739040375 0 0 0.8851043507456779 0.67605210095644 1.097606144845486 56.99469070136547 1.599711045622826 0.1644546240568161 0 0.0957309901714325 0 0 0.3550759106874466 3.92335756868124 7.875721901655197 180.5947411283851 244.4416390135884 68.06341472268105 27.91537214070559 0.6307962313294411 3.404060825705528 0.2075624614953995 8.938370458781719 5.869102023541927 4.842384815216064 1.879709988832474 0.698704332113266 0.225109726190567 0.1709731966257095 10.92639996111393 1.089460089802742 0 71.13143856078386 51.01807962357998 17.93519850075245 2.667397871613503 3.155598893761635 0.6561083644628525 9.097369216382504 0.1494972556829453 10.28427387773991 21.84885216504335 0.2874350249767303 1.585491254925728 6.463376767933369 0.6796704903244972 0.2481282204389572 1.156404033303261 0 0 0 0.1852891147136688 0.3664442151784897 0.3311779797077179 21.33482980728149 0.204486146569252 0 0 970.9814425557852 0.3531277924776077 11.78851725161076 5.822163619101048 4.886225059628487 0.6630039513111115 20.99269790202379 8.556665971875191 11.96446964144707 36.20089814811945 21.47434329986572 1.534631058573723 18.97360441088676 82.05352539569139 41.18322330713272 18.72776333242655 0.1385529637336731 0 0 0 0 0 0 0 0 0 0 0 0 0 0 0 0 0 0 0.2374355494976044 0 0 0 0 9.964022636413574 1.182063445448875 7.443357884883881 1.761893570423126 0.4714049845933914 0 0 0 0 0 1.032444179058075 0 0 0 0.1299877911806107 0 0 0.3107445538043976 0 0 0 0 0.3263747245073318 1.398612171411514 3.459334537386894 0 0 6.349679984152317 0.8758663609623909 0 0 0 0.09850192815065384 0 0 0 0 9.861625924706459 0 0 0 0 6.75532865524292 0.1006074249744415 3.634899005293846 0.5633075907826424 1.035680904984474 0 0 0 0 0 0 0 0 0 0 0 10.40214535593987 2.830212414264679 5.990057945251465 299.9295960143209 8.584780476987362 111.4771821424365 21.0832185074687 777.4303126260638 7.074208028614521 0.9268315657973289 6.535884998738766 49.64094492793083 0 1.991876065731049 0.2840918004512787 62.86927369236946 0 0 0 1.273709014058113 0 318.6561181843281 39.88303792476654
59.73455926775932 2035.750465251505 2143.553948312998 120.0494403764606 2350.922456458211 4.084346458315849 794.085053794086 861.5684378519654 4686.556069083512 327.4943683817983 1947.678212635219 54.12626846134663 308.5907132774591 3313.11992097646 14.47639067471027 5.251293629407883 0.9790428876876831 0 0.296982616186142 0 0.1513799428939819 0 0 0 0 0 0.1675316095352173 0 0.1113655939698219 0 120.0476779267192 70.38742409646511 6.106019519269466 0.4750311151146889 0 0 18.93379316478968 0 1.135120309889317 0.1743103861808777 0 0.7091440781950951 0.4687715545296669 3.670247040688992 0.1158212721347809 3.917116954922676 132.5803742483258 1.446331195533276 0.3426972851157188 0 0 0 0 0.3630004972219467 1.951158598065376 2.589496180415154 41.86815785616636 107.9178309440613 27.69225533306599 43.43408551812172 0.945425845682621 2.046592324972153 0.1279146671295166 31.82557049393654 3.248513832688332 2.507077179849148 2.053623914718628 0.09219998866319656 0.1460180282592773 0.1259755343198776 3.372099384665489 0.2618236243724823 0 85.7834399715066 71.30674237012863 53.53915178775787 9.660387501120567 15.15143625438213 2.37965290248394 17.04761802405119 2.367184534668922 5.284244686365128 11.39015536755323 0.1072377562522888 1.173148982226849 3.740168809890747 0.650886133313179 0 1.036017917096615 0 0.2560283690690994 0 1.053201034665108 0.1591399163007736 0.5884082168340683 3.159701570868492 0.3901564627885818 0 2.20419804006815 28.68288429826498 0 2.822505056858063 0.2085235714912415 0.5129398107528687 0 2.364232003688812 0 1.95599177479744 2.745110556483269 3.286464542150497 0.1441441625356674 3.997936628758907 8.761240996420383 4.733224220573902 8.921494103968143 0 0 0 0 0 0 0 0 0.1482247114181519 0 0 0 0.2471479028463364 0 0 0 0 0 0 0 0 0 0 0 4.680845357477665 0.3297015726566315 2.221306815743446 1.419859394431114 0.1424659192562103 0 0 0 0 0 0 0 0 0 0 0 0 0.1539463996887207 0 0 0 0 0 0 0.2788618803024292 0 0 2.06829571723938 0 0 0 0 0 0 0 0 0 3.935996733605862 0 0 0 0.4341892600059509 1.063165277242661 0 1.047685295343399 0 0 0 0 0 0 0.1142318919301033 0 0 0 0 0 0 2.864220604300499 2.843894369900227 2.152650997042656 271.4650706499815 7.156592324376106 189.7574346512556 42.08336647599936 34.29664864391088 7.075718782842159 0.1407513320446014 23.3059860393405 6.102415725588799 0 0 0 8.907914400100708 0 0 0 4.912418149411678 0 45.46499297767878 8.909098543226719
54.29284133017063 48.61282193660736 18.1405603736639 75.73987123370171 4.084346458315849 3.773811638355255 40.03497351706028 4.624019518494606 5.314164668321609 506.7577490657568 8.590927988290787 217.0671773701906 200.5444137454033 30.88609197735786 1.348174288868904 0.4444664716720581 0 0.2615842521190643 0 0 0.8455775380134583 7.319860398769379 0 0 0.2660059332847595 0 0 0 0 0 11.32379443943501 0.3751331269741058 19.76016291975975 0 0 0 53.28078750520945 4.0633445084095 21.64870022237301 0.9774050116539001 0.1446978598833084 0 0.1469295024871826 0.5021381676197052 0 4.115674152970314 4.611789360642433 0.2475068941712379 0 0 0 1.803828299045563 9.395913705229759 0.1898615211248398 0.1273995786905289 0.7691298127174377 27.2293808311224 7.765410147607327 2.697388663887978 0.1789009273052216 5.179561406373978 25.60624244809151 0.4457728564739227 0 0.1252535581588745 0.3218894898891449 0 0.1522916704416275 0.1606611907482147 0 299.4266397804022 325.7856586277485 15.7624676823616 2.042508482933044 0.7909295931458473 1.310307919979095 0.4642235636711121 0.3468376398086548 0.1682954579591751 16.40932929515839 1.526269428431988 27.40310932695866 0.2929378747940063 3.52862111479044 0 0.6319518312811852 0.2224631905555725 7.707500480115414 5.108730249106884 14.90883210301399 5.809641987085342 5.103350020945072 0.3588313907384872 0.2873155623674393 0.3383216857910156 356.3787821233273 370.633951485157 33.47868223488331 91.28120046854019 248.3885609358549 0 1.427375942468643 0.2077573835849762 1.640674874186516 0.1025945916771889 1.860659629106522 0.4011066854000092 1.06706190854311 2.017225787043571 3.884879730641842 1.470838725566864 7.096919178962708 8.661015704274178 13.11765841394663 8.106607504189014 0.1178357750177383 0 0 0 0 0 0 0 0 0 0 0 0 0 0.9839118421077728 0 1.512122213840485 0 0.5203572809696198 0 0 0 0 0.2220405638217926 4.54394942522049 0.3335666954517365 4.556641347706318 3.469533503055573 1.750729322433472 0.1769914031028748 0 0 0 0 0.2994060814380646 0 0 0 0 0 0.3933195471763611 4.151846162974834 0 0 0 0.1372536569833755 0.1811761409044266 0.4680009335279465 1.074550360441208 0 0 5.538660988211632 0 0 0 0 0 0 0 0 0.1189698353409767 5.504892483353615 2.3042853474617 0 0 0 2.454639673233032 0 1.142226904630661 0.2145608961582184 0 0 0.123633548617363 0 0 0 0 0 0.1779070943593979 0 0 0 2.982883550226688 2.224946051836014 6.446761056780815 95.08428426086903 0.2792387455701828 9.914077013731003 1.986477732658386 333.4455198198557 0 0.1289319545030594 0.938466340303421 16.13299567997456 0 0.8963173478841782 0 28.88651271164417 0 0 0.2741491198539734 0.4349689781665802 0 131.3988647758961 13.41302091628313
348.2373581826687 2893.261545792222 461.1178663298488 1004.12696095556 794.085053794086 40.03497351706028 1109.680356517434 194.8086680546403 884.5745360702276 2507.641618184745 288.227243937552 377.7100880295038 8767.390983879566 4432.272288560867 28.21854913234711 15.87749084085226 2.509563252329826 0.09525038301944733 0.6282920390367508 0 1.232816316187382 0 0.1258991807699203 0 0 0 0 0 0.156490758061409 0 159.5540535449982 79.23866718262434 11.89348602294922 0.1783940643072128 0.2062832415103912 1.168248772621155 40.63956844061613 1.651111736893654 3.842660702764988 1.173017174005508 0.793770045042038 0.3589863032102585 0.9204927086830139 7.308516681194305 1.926291026175022 3.253005795180798 332.2584757730365 1.114359885454178 0.5578816905617714 1.083903037011623 0.08370507508516312 0 0.3820266425609589 0.6021480485796928 5.173554219305515 7.014205038547516 134.8089187666774 278.7293869033456 83.06895698606968 105.8330059796572 2.8786775842309 6.069949239492416 0.9454706907272339 54.00358363986015 7.799249552190304 7.895607598125935 4.007565841078758 0.8745913133025169 0.7817929536104202 0.1505490392446518 15.97977969795465 0 0 223.1921781301498 164.5545831918716 122.4793211445212 17.44867478311062 32.46418336033821 2.343257524073124 16.08880313485861 5.508182309567928 13.59704673290253 35.97198642790318 0.4537600576877594 3.728414535522461 11.12302856147289 1.636981189250946 0 2.984749011695385 0 0.2201827242970467 0.3302513659000397 1.496756836771965 0.303785152733326 0.2197380512952805 19.01236848533154 1.281467258930206 0 3.147000581026077 142.5350342839956 4.806922316551208 12.449089884758 31.78125190734863 92.53725756704807 0.9496815055608749 136.2792601287365 22.67324680835009 34.53596557676792 101.2160024642944 33.37537056207657 6.907118380069733 240.8945443555713 97.44814090430737 88.31397115439177 31.65393744409084 0 2.013329520821571 0 0 0 0 0 0 0 0 0 0 0.913631334900856 0 0 0 0 0 0 0.4780872613191605 0.640593484044075 0 0.08344772458076477 0.2146585583686829 17.87474146485329 1.577513411641121 13.48657260090113 5.245255678892136 0.661086730659008 0 0 0 0.1618912518024445 0.2992209792137146 0.4073586240410805 0 0.1943461000919342 4.718377657234669 0 0 0 0.5689030736684799 0 0.4104620963335037 0.7284937724471092 0.344661645591259 5.165434278547764 5.337607234716415 2.253656558692455 0 0 9.010288201272488 2.907850593328476 0.2293078079819679 0.3741790503263474 0.1046182513237 0 0 0 0 0 11.57465226948261 0 0 0.1116663813591003 0 8.0570198148489 1.083071976900101 2.411641195416451 2.799820736050606 6.50843895226717 3.543988183140755 3.611899510025978 0.4225740432739258 0 0 0 0 0 0 0 0 20.70678370445967 5.622102521359921 13.25710055977106 645.7826206460595 21.80238506197929 434.173513032496 92.7999100163579 204.8787926808 19.05496034026146 1.052038870751858 48.98255305737257 47.39365211874247 0.1204808279871941 27.01869298517704 1.67739437520504 67.90447172522545 2.481233276426792 0.1425027400255203 0.1719173640012741 6.825817234814167 0.9389625787734985 273.1972086802125 42.19840873777866
219.5206437632442 939.1563019305468 5147.381003551185 23.15805008262396 861.5684378519654 4.624019518494606 194.8086680546403 1226.500958196819 546.1374980434775 12.534593783319 2704.164857819676 15.55497317016125 188.1514758244157 1349.949690364301 28.00085824728012 18.86735268682241 4.211718149483204 4.267809972167015 2.927629761397839 0.5532234311103821 15.53263381123543 0.7527113407850266 1.55779442191124 0.8918631970882416 1.796642825007439 1.113399475812912 0 3.084369122982025 0.5240893512964249 0.3568435162305832 1194.133229076862 2226.572704985738 95.66850896179676 8.793030127882957 0.6310053616762161 0.8306799083948135 62.54285280406475 2.320826396346092 6.139691837131977 3.565371409058571 5.718762248754501 15.77146635949612 19.62367583811283 28.98898827284575 6.296128571033478 37.50075198709965 159.6461887136102 2.313960529863834 2.1136504560709 9.231444656848907 0.5183792039752007 1.899717003107071 0 9.623618490993977 1.462798617780209 2.592032618820667 70.85380907356739 360.4330374374986 35.1748763769865 39.26890621334314 25.22511533647776 7.425039395689964 5.011011645197868 233.549166329205 3.33369430154562 4.202033676207066 3.119207493960857 3.42444271594286 20.87494643777609 24.14816901087761 8.050795063376427 0.660105973482132 0 79.31860491633415 115.6225190609694 68.61249528080225 53.07040150463581 897.432955019176 727.0369093865156 714.5063051506877 138.6930500939488 246.3485665917397 10.56865137070417 0 4.322178237140179 4.615385785698891 7.927142396569252 0 1.263366483151913 0 0.5952907577157021 0.4359181821346283 29.94720550626516 3.746913373470306 7.31701835244894 3.820168845355511 1.099309131503105 0 3.565110340714455 166.6059148311615 0 0 0 0.2413547933101654 0 1.248819917440414 0.6015755832195282 1.85603404045105 0.3869446292519569 1.408407010138035 0.7916843146085739 1.395992457866669 5.106897577643394 5.239976823329926 3.203922338783741 0 0.274669349193573 0 0.476499617099762 0.8854905366897583 0 0 0 0 0 0 0 0.2243385016918182 0 0 0.2532544434070587 0.1539274007081985 0 0 0 0 0.1774067133665085 0 0 3.462548807263374 0.236323207616806 4.214806869626045 1.521315343677998 0.8154233619570732 0 1.256809115409851 0.7205950617790222 0 0 0 0.7697381973266602 0 0 0 0 0 0.1383989453315735 1.41005315631628 0 0 0 0 0 0 0.1382376551628113 0.3576375246047974 0.9676919877529144 0 0 0 0 0 0 0 0.19218610227108 0.9843012690544128 1.861000046133995 0.1348931193351746 0 0.1162533015012741 0.8430477678775787 1.791685238480568 0 1.297378331422806 0 0.8184258341789246 0 0 0 0 0 0 0 0 0.2634421586990356 0 0 1.795865274965763 1.648764304816723 5.81004586070776 231.2552127242088 12.24396205693483 200.5323842391372 47.41373830288649 35.34931679815054 8.800035871565342 0.6402868553996086 19.68157535046339 8.366218708455563 0.1304736584424973 1.003954313695431 0.4518843293190002 3.36416283249855 0.5630027055740356 0 0 4.349787451326847 0.6604222357273102 38.85855067521334 2.901142902672291
7.088736936450005 965.9178956374526 637.9644380956888 12.5840739607811 4686.556069083512 5.314164668321609 884.5745360702276 546.1374980434775 954.4546643048525 177.2204527929425 1546.57438660413 54.21460645645857 579.0306132510304 1704.522714860737 8.419047594070435 5.594196371734142 0.3904728442430496 0 0.1483720242977142 0 0.4973574131727219 0 0.1622944325208664 0 0 0 0 0.1810491979122162 0 0 31.40398997813463 26.3540505617857 11.38953750580549 0 0 0 19.70275895297527 0.2154878675937653 1.434810817241669 0.6621707603335381 0 0.8625483512878418 0.8312817066907883 1.889979898929596 0.3089590296149254 1.446533627808094 49.65771217644215 0.2313162162899971 0 0.1188624352216721 0 0 0.4064215123653412 0.1563196927309036 0.3324532806873322 0.2940962389111519 6.778871178627014 21.50218722969294 5.632818914949894 11.52400596439838 0.887031689286232 0 0.3805611059069633 9.182373769581318 0.2865374088287354 0.2756489887833595 0.08430252224206924 0 0.7942796871066093 0.4848397076129913 9.417827755212784 0 0 21.18687932193279 17.72521110624075 19.4156676530838 4.299648344516754 9.187463127076626 2.59954197704792 71.88475272059441 1.805840775370598 4.889615252614021 2.695607870817184 0 0.3102953433990479 0.3020582646131516 0.5431075394153595 0 0 0 0 0 1.466028310358524 0 0.171125665307045 6.106565743684769 0.5690837427973747 0 0.4605541825294495 7.27788034081459 0 2.14429122209549 0.15104840695858 1.035442650318146 0 2.81334213912487 0.3198840618133545 1.017460256814957 2.923171505331993 5.993600875139236 1.55364802479744 5.70614480227232 19.73937932401896 13.62203194200993 10.89941483736038 0 0 0 0 0 0 0 0 0 0 0 0 0.1341715455055237 0 0 0 0 0 0 0 0 0 0 0 7.974555172026157 0.1542794853448868 3.795306190848351 1.227378010749817 1.169516295194626 0.4526687562465668 0 0 0 0 0.1115342676639557 0 0.1007194742560387 0 0 0 0 0 0 0 0 0 0 0 0 0.160071462392807 0 3.772618278861046 0 0 0 0 0 0 0 0 0 5.723311617970467 0 0 0 0 4.578341543674469 0 2.667879581451416 0.09095339477062225 0.2273567616939545 0 0 0 0 0 0 0 0 0 0 0 7.878744579851627 2.188381463289261 4.618923634290695 158.5728624910116 2.200473688542843 70.01534849405289 19.11197923868895 13.61629104614258 3.001753218472004 0.3773813545703888 14.97434037178755 11.63304320722818 0 0.459336057305336 0 10.39801251888275 0 1.452479720115662 0 2.40336649119854 0.1546213328838348 54.54136390239 9.261524014174938
1596.050712652504 1261.683587379754 52.41533765941858 3716.708854444325 327.4943683817983 506.7577490657568 2507.641618184745 12.534593783319 177.2204527929425 2630.932854034007 49.44120860099792 3199.287636615336 7020.093440584838 321.4202754721045 9.997357115149498 4.419328011572361 2.433349959552288 0 0.3952193111181259 0 0.4366066679358482 0 0 0 0 0.546759769320488 0 0.1761039048433304 0.2501164376735687 0 55.77958819270134 3.743449151515961 26.84373328089714 0 0 0 194.6366026997566 4.18170590698719 6.008318021893501 0.104594498872757 0 0 0.1904205679893494 1.546746671199799 1.233410619199276 1.51148896664381 142.9250149205327 2.501310802996159 0 0.3267213404178619 0 0.4220312088727951 0.3084321320056915 0 1.695985406637192 4.104730658233166 113.8320314884186 152.6433763802052 55.97504578530788 49.538938395679 1.22479359805584 13.53406571596861 1.125877499580383 13.82352120429277 4.5351652354002 3.65859530121088 1.990532390773296 0.1157767623662949 0.1018708273768425 0.7798514887690544 240.4832687526941 4.349113523960114 0 88.41424699872732 65.37505941092968 35.54470683634281 5.903992712497711 7.830074943602085 0.7222116366028786 10.33016523718834 1.807787396013737 20.30358482152224 16.27410500496626 0.1502272039651871 2.260338142514229 6.920080304145813 0.8375188335776329 0 1.623186953365803 0 0.2187929302453995 0 0.1375414431095123 0 0 173.050120793283 91.22759903967381 0 19.86550202220678 1084.05387236923 2.328549161553383 40.5373345464468 13.04835119843483 51.56025265157223 1.755205437541008 211.697059802711 11.54001305997372 42.97066710889339 90.57766906917095 75.21011719107628 12.70515466481447 188.8500520735979 260.4593256637454 240.5806050077081 81.71401873230934 0.1075428277254105 0 0 0 0 0 0 0 0 0 0 0 0 0 0 0 0 0 0 0.4286649823188782 0.8602528274059296 0 0 0 41.41315963864326 1.661926776170731 18.91670145839453 7.065058194100857 2.051397807896137 0 0 0 0 0 1.455713510513306 0 0 0 0 0 0 0.6647254824638367 0.1449089497327805 0 0 0 1.92279764264822 0.4398222416639328 6.651812389492989 1.221937358379364 0.2125410288572311 21.15005355328321 0 0 0.3169678896665573 0 0 0 0 0 0 33.66674476116896 0.969285786151886 0 0 0 23.74876518547535 0 8.114161014556885 0.5320268720388412 0.1184882149100304 0.6828464269638062 1.193866565823555 0.8452200293540955 0 0 0 0 0 0 0 0 48.38363688439131 4.865046329796314 16.34588934481144 893.5550113469362 9.852240420877934 220.4149516820908 56.02763010561466 1266.349182270467 10.76730190217495 0.8488231301307678 33.34267323464155 206.4329344108701 0.2906642556190491 1.754968971014023 0.524707093834877 212.2739135250449 0.2010977268218994 0 0 4.487774901092052 0 1442.207427188754 169.2585957124829
224.8708974123001 927.1688568890095 2822.028931625187 53.85995358228683 1947.678212635219 8.590927988290787 288.227243937552 2704.164857819676 1546.57438660413 49.44120860099792 1533.832083329558 190.8555117696524 1354.56545740366 4797.826185025275 42.8811712116003 34.65334790945053 2.203272178769112 2.254525855183601 1.874297469854355 1.6008031219244 23.0875239521265 5.645261183381081 8.232633858919144 2.352998957037926 6.74001781642437 8.095636874437332 0 9.698008611798286 0.5040340274572372 1.33717754483223 679.6157536283135 341.8037053719163 302.5900074094534 7.262508139014244 2.021871462464333 4.644136264920235 545.9758708328009 21.4027137234807 51.17664250731468 13.98735508322716 24.2246030792594 23.5083976238966 15.30565387755632 14.09175853431225 5.682894438505173 8.863291203975677 140.5181842297316 1.440642483532429 0.7167457938194275 3.968718513846397 2.193652644753456 1.939943671226501 2.478245496749878 17.23483502864838 1.577717646956444 2.137890443205833 40.55940426141024 149.3108470439911 19.87277932465076 27.3772094398737 11.42726231366396 18.49721670150757 4.276074677705765 40.39706255495548 2.292768836021423 3.620743922889233 4.516128353774548 3.544165007770061 17.50352641195059 25.29433764517307 78.26026049256325 4.974522598087788 0 60.06121133267879 57.80855742841959 56.16038093715906 15.01764845848083 65.3840419575572 127.6727255955338 311.0549302846193 62.80153643339872 122.5665923655033 8.315891116857529 0 2.543880678713322 3.173751935362816 4.737053632736206 0.1216705590486526 2.643239453434944 0 2.771071195602417 0.7288787811994553 51.90513209998608 9.685485079884529 7.966935433447361 30.75957803428173 5.334061488509178 0 36.65156085789204 107.5047996416688 0.384612001478672 1.310310944914818 1.376146465539932 2.41443906724453 0.8653430342674255 6.895966067910194 0.2755986750125885 2.114261083304882 5.325780928134918 7.55276595056057 2.361989036202431 12.05342011153698 36.12492630630732 28.11143998801708 31.93394053727388 0.3931828588247299 0.2172709256410599 0 0 1.059147834777832 0 0 0 0 0 1.343978434801102 1.121328055858612 0.3620273470878601 0.5138515830039978 0 1.229378148913383 0.168421596288681 0.8467380255460739 0 0.1397644877433777 0.1081175282597542 0 0 0.2652580440044403 19.87422308325768 1.915971353650093 12.89290349185467 6.596972644329071 3.8641626983881 0.3373460173606873 0.4065824896097183 0 0 0 1.798689648509026 0.9532831907272339 0 0.4311993271112442 0 0.5085439085960388 1.01587787270546 0.8752948492765427 11.31854896247387 0 0 0 0.7202684283256531 0.2965992093086243 0 0 1.279931738972664 9.778212763369083 0 0 0 0 0.143088236451149 0 0 0 1.51291099190712 20.87617556005716 0.7795309573411942 0 0.1641957610845566 0.7643582224845886 8.110382780432701 1.415546596050262 3.950996443629265 0 0 0 0 0 0.278767853975296 0 0.2212001532316208 0 0.6135533452033997 0 0.464243046939373 0.1471166759729385 12.17070957273245 7.98223153501749 16.92543090879917 545.1153160780668 18.18386273086071 197.2459100410342 84.54532989114523 44.24675069749355 6.477853588759899 0.2843099981546402 38.57949285209179 25.5729605704546 0.7064265608787537 1.743334501981735 0.3497441709041595 28.66333356499672 0 0 0 11.72207474708557 1.526944637298584 103.0977600440383 19.05761834233999
111.2808239385486 203.2180534824729 31.13239985704422 592.9319765120745 54.12626846134663 217.0671773701906 377.7100880295038 15.55497317016125 54.21460645645857 3199.287636615336 190.8555117696524 147.5335499048233 1989.156624987721 247.6349293813109 6.432866767048836 9.674086838960648 0.1976878941059113 0 0 0 0.7327886819839478 1.064278125762939 0.1984010636806488 0 0.2153836339712143 0 0.1904972940683365 2.622282460331917 0 0 10.24376357346773 0.6273541450500488 9.084071487188339 0.7038156390190125 0 0 97.27493408322334 1.437763303518295 6.916808113455772 1.742898911237717 0.743806391954422 1.977979138493538 1.684857606887817 2.857279904186726 0 0.8000123798847198 32.03310236334801 0.4074409902095795 0 0.8551605716347694 0.3471156805753708 0.4407755732536316 0 1.252057269215584 0.4768806174397469 0.4035763591527939 7.49146618694067 11.62977857887745 5.391090005636215 5.682712055742741 3.680575057864189 5.240623250603676 0 4.354357779026031 0.1006319373846054 0.695735938847065 0.2735534980893135 0.3844983577728271 1.78145107626915 0.5324777364730835 109.3061572834849 1.789695411920547 0 8.890258066356182 8.599276162683964 8.155365809798241 2.845295444130898 5.713167548179626 1.095169305801392 38.9474726319313 1.34007902443409 11.59142260998487 2.010204769670963 0 0.5890035480260849 0.7431552857160568 0.5769900158047676 0 0.318490669131279 0.5756071656942368 0 0 3.030368030071259 0 1.006318494677544 511.8122882470489 36.30302183330059 0 24.68663848936558 75.36998199671507 1.503107137978077 14.98855815082788 5.060771211981773 26.09783242642879 1.012803874909878 34.38305904716253 2.042631782591343 28.22452193498611 41.40050818026066 51.74827090650797 13.64371984452009 60.47362040728331 182.9688604027033 177.5754209384322 91.44745521247387 0 0.2139059528708458 0 0 0 0 0.406876415014267 0 0 0 0.3718767166137695 0 0 0 0 0.9868977665901184 0 0 0 0.8475966602563858 0.2303864657878876 0 0 0 44.90029267221689 3.045375570654869 27.73765214532614 7.542926728725433 2.001229979097843 0 0 0 0 0 0.1601128429174423 0 0 0.590004175901413 0 0.428429901599884 0 0.3475422561168671 1.413759931921959 0.2327856570482254 0 0 1.092112243175507 0.2123913019895554 3.675977908074856 0.1400663554668427 0 15.653464384377 0 0 0 0 0 0 0 0 0.510479748249054 43.47422743588686 1.594821751117706 0 0 0 20.92862394452095 0.3288336247205734 5.286758489906788 0.6320464909076691 0.3712847232818604 0 0 0.224043995141983 0 0 0 0 0.1915115416049957 0 0 0 56.1749678850174 11.7073738053441 23.14011288434267 304.8784310147166 4.287864364683628 45.64135258644819 23.59018662571907 150.7474491968751 2.534009382128716 0.1759429126977921 10.58930751681328 90.5462439879775 0 2.676401108503342 1.269813098013401 104.0025559365749 0.3495821803808212 0 0 4.727352276444435 0 1197.222861140966 129.1166798397899
372.6905428990722 2336.099842779338 193.2449081763625 2351.865098446608 308.5907132774591 200.5444137454033 8767.390983879566 188.1514758244157 579.0306132510304 7020.093440584838 1354.56545740366 1989.156624987721 7289.148618936539 5449.928264036775 49.92938319593668 38.8872302994132 4.161399096250534 2.421953827142715 2.378183007240295 0.4481160640716553 3.983191519975662 6.323446288704872 1.049687013030052 0.1955715715885162 1.259218275547028 4.945804357528687 0 6.725786045193672 1.0679702013731 0.3759959638118744 112.8062224537134 31.34815209358931 216.918260961771 3.111108526587486 0.6481008380651474 2.214622154831886 573.628139205277 36.79020843654871 119.4802668318152 22.22954332083464 8.743910565972328 12.16582779586315 7.083334051072598 16.26140826940536 2.83628936111927 9.416916757822037 250.407661780715 2.697160854935646 1.193630293011665 3.174345552921295 0.4956621453166008 5.748340964317322 2.016915053129196 10.1829931885004 3.003991261124611 4.784123681485653 96.07155822962523 167.1033453121781 60.65404707938433 67.10536665469408 11.58003098517656 90.14808491617441 2.638960734009743 30.18805409222841 6.763609938323498 4.304198816418648 3.423418581485748 2.375654511153698 7.113945186138153 6.452691406011581 665.2554049193859 9.019455939531326 0 127.2071038410068 91.55830512195826 83.33983016014099 15.15474963188171 32.72225469350815 8.514283619821072 283.325547106564 14.96469420939684 96.84538530558348 19.67411857098341 0.2526643797755241 4.287330508232117 9.940755099058151 2.20378465205431 0.2184050977230072 1.420495666563511 0.4379411935806274 2.844482861459255 1.592389076948166 14.16317702829838 5.563451319932938 6.120719522237778 1041.82116612792 50.03536298125982 0.1649055182933807 274.3510437980294 210.9728601723909 3.042838156223297 23.57459296286106 11.81868060678244 14.62030272185802 3.103804983198643 73.58024973422289 5.464627824723721 51.36541117727757 67.19409004598856 89.18149199336767 23.10967995971441 188.6707208231091 314.0289605557919 276.2967544943094 225.2926622629166 0.1712669730186462 1.007648289203644 0 0 0.5778132677078247 0 0.3781878054141998 0 0.150069922208786 0.5286270380020142 3.609829738736153 0.817838229238987 2.000433936715126 0 0.1576182991266251 0.6511314809322357 0.145593985915184 0.385893851518631 0.1531091630458832 2.120340809226036 2.595752537250519 0 0.8982888087630272 0.2072759717702866 111.6747457236052 7.363017700612545 71.68422813713551 18.02542623132467 5.632373444736004 0 0.1892023682594299 0 0 0 1.981940537691116 0.3621466159820557 0 0.5635690540075302 0 0.1824710965156555 0.8672047406435013 1.771346770226955 4.897699356079102 0.1116456687450409 0 0 1.805275216698647 3.184604808688164 6.549449011683464 0.1353777050971985 2.18161603808403 55.13240002840757 0 0 0 0 0 0 0 0 0.1505949348211288 112.4203396290541 0.3894186764955521 0 0 0.2363498657941818 48.28355352580547 0.8901920169591904 18.92606446146965 0.146939754486084 2.510457590222359 1.056370094418526 0.3292588591575623 0 0 0 0 0 0 0 0.3920319378376007 0 124.8414226770401 34.75671047717333 53.61055627465248 1115.312345944345 27.9502234980464 362.6231032907963 116.0201058760285 305.7214161530137 13.46418901532888 1.094191402196884 63.49710665643215 208.5597102046013 0.1765076965093613 5.432559408247471 2.08264571428299 194.1104735285044 0.5067601203918457 0 0.5045140981674194 14.67819010466337 1.152577996253967 1616.679864019156 232.6636052727699
