492.9789480268955 1920.666214868426 179.5107314512134 2084.315664701164 43.73157568275928 292.4120094627142 424.576711691916 7.271531336009502 17.57514169812202 1579.02772488445 36.93834219872952 74.48594215512276 162.0265813618898 26.84663310647011 0.6589435636997223 0 0 0 0 0 0.1051562577486038 0 0 0 0 0 0.07046511769294739 0 0.1109924986958504 0 588.3487519472837 1.740589901804924 0.3974887505173683 0 0 0.09703341871500015 0.3979755714535713 0 0.2650649286806583 0 0 0.08159264922142029 0.1085234135389328 0 0 0 64.94945089519024 2.776806585490704 0.1168274432420731 0 0.4280283972620964 0 0 0 6.588224865496159 8.353686906397343 129.2729331925511 704.0436317324638 147.594956047833 59.37273020297289 0 0.3485340178012848 0 6.174479633569717 5.671206124126911 2.461608611047268 1.11255294084549 0.447440080344677 0.4910052120685577 0 1.476207181811333 0.3851153403520584 0 227.5387169793248 21.51505710184574 30.35713594406843 2.175698854029179 0.190931499004364 0.7116159349679947 0.7096449360251427 0.3483055531978607 0.4608113467693329 26.24831675738096 0.102897472679615 3.281897753477097 4.991819746792316 0.922291599214077 0.08183422684669495 1.271028481423855 0 0.8003851100802422 0.1829712837934494 0.08149683475494385 0.4658666327595711 0.207828015089035 7.200997069478035 0.144633948802948 0.2140502482652664 0.2658194899559021 1759.767495825887 0.3742587566375732 14.84716054797173 1.489591673016548 5.800967089831829 0 6.33307309448719 35.7886226773262 1.209792003035545 10.65534148365259 14.96994392573833 0 16.35309369117022 32.48530673980713 11.26637832820415 3.83221273124218 0 0 0 0 0 0 0 0 0 0 0 0 0 0 0 0 0.800866425037384 0 0 0.1936048865318298 0 0 0 0 1.359622299671173 0 1.205070614814758 1.657507717609406 0 0 0 0 0 0 0 0 0 0 0 0 0 0 0 0 0 0 0 0 0.144530788064003 0 0 3.885858178138733 0 0 0 0 0 0 0 0 0 2.473807767033577 0 0 0 0 1.163801997900009 0 2.380214780569077 0.1309350878000259 0 0 0 0 0 0 0 0 0 0 0 0 6.196208745241165 0 2.997322857379913 249.0283024981618 6.153735615313053 225.0589296892285 7.002622671425343 1091.021586865187 9.180341951549053 3.226765677332878 4.993569873273373 18.49872699379921 0 0.1739215552806854 0 81.21109453588724 0 0 0 2.076806396245956 0 187.6879554316401 27.56315476447344
1920.666214868426 2078.514518912882 1281.327533602715 623.8159117177129 2029.380542643368 94.15024489164352 2855.242955826223 146.0206577330828 2857.292035058141 605.3333639502525 884.433192178607 70.1962878704071 558.2267377078533 771.8472766056657 7.330226190388203 0.6555191054940224 1.796158604323864 0.3054139986634254 0.09429089725017548 0 0 0 0 0 0.3594077080488205 0 0 0.08020613342523575 0 0.2056087106466293 1952.378114983439 81.8275705203414 8.082155607640743 0 0 0.5547481179237366 2.426130227744579 1.291218087077141 0.9352311193943024 0.4689088240265846 0.1231569275259972 0.1831867098808289 0.3380749970674515 0.3116446286439896 0 0.3544067293405533 226.0355707108974 3.277191869914532 1.149768501520157 0 1.453308038413525 0 0.2032441720366478 0.1868295148015022 15.83892770856619 22.46738044545054 141.9329502210021 1193.769747309387 299.5854503363371 172.6833288967609 1.268532857298851 1.006769552826881 0 78.51631014794111 10.51907046884298 7.550222430378199 2.626951456069946 1.106907293200493 1.539310060441494 0.3277863711118698 11.41123480349779 8.292893305420876 0.09457454085350037 592.9498860798776 147.7938087880611 131.5178332477808 20.67762118577957 1.437087029218674 0.8600674569606781 7.581033892929554 0.714020200073719 3.845979474484921 64.08058482408524 0.09523390233516693 9.338302083313465 14.58848176896572 3.281057633459568 0.0884675607085228 2.591194011271 0.2081069648265839 3.621808707714081 0.5846657827496529 0.3187302500009537 0.8288144618272781 1.11768126860261 11.86145623773336 1.626324221491814 0 0.3871042430400848 1034.396184213459 0.1267575323581696 12.14656014740467 0.7741709351539612 1.618503361940384 0 2.773672305047512 15.92676567286253 3.755453929305077 13.70258554071188 9.951081812381744 0 18.23223456740379 37.79153221100569 21.78996566683054 9.780254542827606 0 0 0 0 0 0 0 0 0 0 0 0 0 0 0 0 0 0 0 0 0.2143989950418472 0 0 0 7.19473485648632 0 7.707426235079765 1.743296921253204 0 0 0 0 0 0 0 0 0.2129958719015121 0.11407370865345 0 0 0 0 0 0 0 0 0 0 0.3093734085559845 0 0 6.292367607355118 0.3490116000175476 0 0 0 0 0.187159925699234 0 0 0 9.555633030831814 0.7148559987545013 0 0 0 0 0 1.014889478683472 1.79251366853714 0 0 0 1.263094514608383 0 0 0 0.09854494780302048 0.2219814583659172 0 0 0 14.6761319488287 0.9999297857284546 3.861102253198624 420.1634509041905 16.98427234590054 914.0811491012573 77.09065891057253 611.2205534949899 73.52939030528069 1.864937737584114 31.11134069412947 10.89669106900692 0 6.458536326885223 0.5920993685722351 23.03903034329414 0 1.860429644584656 2.553340435028076 12.71914781630039 0 171.37684930861 13.18100749701262
179.5107314512134 1281.327533602715 1396.946284525096 9.893547847867012 1279.783477663994 11.33577136695385 145.2491714805365 2725.793996848166 1094.884315721691 22.05804131180048 1816.62848187983 16.96250969171524 109.9332084655762 644.3553811311722 5.830377615988255 3.270664229989052 0.9751157835125923 0.1822284013032913 0 0 2.124408766627312 0 0 0 2.385834723711014 0.3178191781044006 0 0 0 0.08218865841627121 3691.768796570599 256.2588523849845 69.03337252140045 0 2.109603188931942 2.574208907783031 28.61714739352465 10.82514255493879 2.469865292310715 0.3592966943979263 0.5377830490469933 1.372751884162426 8.563937045633793 0.1837189197540283 0 0.6903704702854156 35.32095035910606 1.051151543855667 0.1965474635362625 1.009954638779163 2.355293750762939 0 0 0.1081096976995468 2.951351188123226 3.920412786304951 45.09376215934753 766.1856323182583 76.92659102752805 27.95073060691357 0.6852958351373672 25.77680239081383 1.31981835514307 68.87022791802883 2.244132459163666 3.912135019898415 1.817676715552807 1.972687736153603 19.68200482428074 4.094726957380772 51.86191788315773 12.75532415509224 0 138.0486182421446 59.59579140692949 32.80625782161951 12.50387214869261 2.174378134310246 13.12860073894262 302.327854834497 0.1085982918739319 90.44222521781921 10.01622394472361 0 2.94274877756834 1.957409210503101 5.906335800886154 0 0.75324896723032 0.1116754338145256 0.600168339908123 0.08315014839172363 17.87577070295811 2.776829950511456 1.492791227996349 25.09890134632587 7.047485508024693 0 4.141305759549141 332.9815974906087 0 0.3989511728286743 0 0.2138873785734177 0 1.582039207220078 1.087720304727554 0.6570960879325867 1.213544636964798 1.425892561674118 0.3033742308616638 5.849577441811562 11.21934328228235 4.734298825263977 8.393464893102646 0 0 0 0 0 0 0 0 0 0 0 0 0 0 0 0 0.315413773059845 0 0 0.9504061937332153 0.3906796872615814 0 0 0 5.470182344317436 0 2.468532800674438 1.179241359233856 0.4585142135620117 0 0.1350637972354889 0 0 0 0 0.4011312425136566 0.3789111971855164 0 0 0 0 0 0 0 0 0 0 0 0.1944869160652161 0 0 3.608794659376144 0 0.3551677167415619 0 0 0 0 0 0 0 6.799521170556545 0 0 0 0 1.566810667514801 0 0 0 0 0 0 0 0 0 0 0 0.2138427272439003 0 0 0 4.964877277612686 3.266967564821243 3.121959067881107 64.92469508945942 3.309990487992764 137.4480624869466 20.87449402362108 123.8068607822061 8.246774233877659 0 8.355570241808891 3.768614299595356 0 1.983552724123001 0.3814221620559692 8.552197217941284 0.5566808581352234 0 0 4.583114549517632 0 33.14333865046501 3.23717126250267
2084.315664701164 623.8159117177129 9.893547847867012 785.522455111146 76.99305160343647 1467.455811150372 1502.783485949039 2.128408543765545 7.97396481782198 2845.228793568909 1.218312963843346 336.4643025249243 1285.455145515501 161.7649448812008 0.6873554289340973 0 0.2716294825077057 0 0 0 0 0 0 0.09455662220716476 0 0 0 0 0 0 36.66501523554325 2.465181179344654 0.752654954791069 0 0 0 0.1225050464272499 0 0 0 0 0 0 0.2367206588387489 0 0 23.98821573704481 0.1690995991230011 0 0 0.3112670630216599 0.1055175364017487 0 0 0.978024423122406 1.562507204711437 19.01853116601706 89.39358988404274 29.39928998053074 19.71219289302826 0.4523030668497086 0.1000786349177361 0.2962526082992554 5.186391569674015 0.4427663683891296 0.2618556097149849 0.2137763500213623 0 0 0 2.329963833093643 1.594212248921394 0 56.80978538841009 10.73264284431934 15.48070684075356 1.251728862524033 0.1689984649419785 0 0 0 0.4733407199382782 5.946224860846996 0 0.6631499007344246 0.4786563739180565 0.37538081407547 0 0.351734921336174 0.1161811798810959 0.1989201307296753 0.09815021604299545 0 0 0.08420754969120026 19.98399196565151 0.4012808054685593 0 0.1256481111049652 547.3892622441053 1.287313774228096 10.95936185866594 5.372194468975067 4.546909905970097 0 6.122822627425194 37.62650472670794 2.82783205807209 12.59361841529608 13.31615180522203 0 20.93796623498201 30.42407804727554 8.30504435300827 5.364914983510971 0 0 0.1019664332270622 0 0 0 0 0 0 0 0 0 0 0 0 0 0 0 0 0 0 0 0 0 2.98632088303566 0 1.229510843753815 0.664000391960144 1.464319467544556 0 0 0 0 0 0 0 0 0.3670158386230469 0 0 0 0 0 0 0 0 0 0.1040821745991707 1.66220223903656 0 0 1.857145845890045 0 0 0 0 0 0 0 0 0 6.333215519785881 0.2149092555046082 0 0 0 1.841472208499908 0 1.430864274501801 0.1070112287998199 0 0 0 0 0 0 0 0 0 0 0 0 3.164036825299263 1.552830219268799 3.659446865320206 114.405795827508 1.027437061071396 111.1240010932088 7.909894660115242 562.0745120942593 7.940501801669598 0.1166712269186974 1.887822344899178 16.0056386590004 0 1.035456001758575 1.918507695198059 65.78012516349554 0 0 2.5433509349823 1.992134392261505 0 152.2171027883887 12.83745305240154
43.73157568275928 2029.380542643368 1279.783477663994 76.99305160343647 1795.51759172231 2.13921307772398 1655.497014969587 123.9299360439181 4006.790964178741 229.8851121068001 1072.152860805392 27.72559617459774 544.5905366614461 2278.884496867657 2.78049985319376 0.1926707923412323 0.1159632429480553 0 0 0 0 0 0 0 0 0 0 0 0 0 248.2796551734209 30.92068022489548 7.198286324739456 0 0 0.1303445100784302 1.513771720230579 1.154626920819283 0 0.1008757203817368 0 0 0 0 0 0.1860030591487885 37.6132024154067 0.2778985500335693 0 0 0.08980367332696915 0 0 0 1.571794152259827 2.443097352981567 8.592984654009342 92.83201748132706 36.44412180036306 24.74614518135786 0.09067147970199585 0.1436972171068192 0 28.4404257312417 1.299701929092407 0.8924596831202507 0.4332076981663704 0 0.08767587691545486 0.1692131906747818 4.547602497041225 1.556440800428391 0 80.97055754065514 37.46177265793085 34.07675028592348 6.795483507215977 0.9000217169523239 0.9446173161268234 2.257115088403225 0.1780696511268616 0.368216410279274 6.046007558703423 0 0.9941519945859909 1.533079899847507 0.3631906136870384 0.09990052878856659 0.08019976317882538 0 0.3953915759921074 0 0.2441612258553505 0 0.123345635831356 3.98498922586441 0.8935653194785118 0 0.1031283512711525 10.62461957335472 0 0.5030720382928848 0.1315193921327591 0.8694782555103302 0 1.805257469415665 1.383156776428223 1.497194841504097 3.156046286225319 0.917284682393074 0.308347076177597 3.231546647846699 12.55550596117973 2.757556602358818 2.20581129193306 0 0 0 0 0 0 0 0 0 0 0 0 0 0 0 0 0 0 0 0 0 0 0 0 2.818732708692551 0 2.6850825548172 1.767508059740067 0 0 0 0 0 0 0 0 0 0 0 0 0 0 0 0 0 0 0.610267162322998 0 0 0 0 2.970142409205437 0 0 0 0 0 0 0 0 0 3.815350070595741 0 0 0 0 0.4814232587814331 0.3053317964076996 0 0 0 0 0 0 0 0 0 0 0 0 0 0 2.577093511819839 2.54784369468689 0.8683145642280579 105.580268368125 3.880114279687405 189.8297650665045 26.89471472799778 33.85686650127172 21.92842812091112 1.751739948987961 11.26289729773998 2.927581459283829 0 2.419571682810783 0 5.458564728498459 0 0 0 3.996182307600975 0 22.86950097233057 2.259729221463203
292.4120094627142 94.15024489164352 11.33577136695385 1467.455811150372 2.13921307772398 37.15290115773678 47.68438248336315 1.472483605146408 2.575315497815609 1295.688931114972 5.647893503308296 183.0837201625109 100.768192127347 10.77830669283867 0 0.2001472935080528 0 0 0 0 0 0.4481078833341599 0 0 0 0 0 0 0 0 36.22733139246702 0.2683163285255432 6.269087284803391 0 0 0 10.94259023666382 0.5411827117204666 2.409953981637955 0 0 0 0 0 0 0 1.25227365642786 0 0 0 0 5.276677750051022 0 0 0 0.1808103621006012 125.915188036859 49.32053488492966 4.102043054997921 1.44567059725523 0 0 0 0 0 0.1491924673318863 0 0 0 0 83.49694921076298 209.0901088193059 12.11165545135736 6.569349326193333 0.3777808845043182 0.3456786423921585 0.3378138095140457 0 0 0.326920211315155 0 0 0.2001122012734413 0.1949266716837883 0 1.701161205768585 0.1864746659994125 3.299046613276005 0.7673456221818924 6.096666365861893 0.659106507897377 1.491228640079498 0 0 0.391074076294899 394.15598551929 86.42171958088875 14.47058533132076 21.54078969359398 353.553155221045 0 6.164559364318848 0.5031736344099045 1.170459941029549 0 3.55664224922657 22.34294991195202 0.1665593385696411 4.668163284659386 9.156074300408363 0 8.613023966550827 18.06884835660458 5.129378862679005 0.10623899102211 0 0 0 0 0 0 0 0 0 0 0 0 0 0 0 0 0.6620859056711197 0 0 0 0 0 0 0 1.012420177459717 0 0.5741980075836182 1.757165923714638 1.027942486107349 0 0 0 0 0 0 0 0 0 0 0 0 0.1430782675743103 0 0 0 0 0 0 0 0 0 2.013645529747009 0 0 0 0 0 0 0 0 0 0.6558983698487282 2.175875037908554 0 0 0 0 0 0 0 0 0.1696783751249313 0 0 0 0 0 0 0 0 0 0 2.150980293750763 1.381043314933777 4.301173754036427 20.00636400282383 0.3234808593988419 5.534805752336979 2.106650605797768 263.0160542353988 1.052501872181892 0 0.1074801385402679 6.691018685698509 0 0.156393975019455 0.5702508091926575 22.97873494029045 0 0 0 0.511792004108429 0 56.16548731178045 15.89302298426628
424.576711691916 2855.242955826223 145.2491714805365 1502.783485949039 1655.497014969587 47.68438248336315 1369.41791459173 46.39600804448128 853.5909333825111 1678.015526518226 129.8302081376314 296.4720942601562 4596.000255428255 1592.740514151752 7.147829987108707 1.312922917306423 1.297788344323635 0 0 0 0 0 0 0 0 0 0 0 0 0 182.8813088163733 38.45486960560083 3.718892566859722 0 0.2410985678434372 0 3.864705540239811 0.4425583407282829 0.4541339874267578 0 0 0 0 0 0 0 91.19899174571037 0.3676680698990822 0.2883893847465515 0.1212337464094162 0 0 0 0.08806836605072021 2.793244376778603 3.610592350363731 19.38800866156816 143.8336016461253 64.89959745854139 50.59213192015886 0.4018021523952484 0.08968858420848846 0.1398196518421173 46.0129608809948 2.212468013167381 1.423364214599133 0.1884384751319885 0.1830906644463539 0.3200860321521759 0.09416569769382477 11.0343773663044 11.35457801818848 0 144.3702517524362 59.73230367898941 65.3204170614481 12.68883235752583 1.151096552610397 0.954841360449791 1.625586174428463 0 0.5822608023881912 11.35492277890444 0.1754565834999084 1.518176682293415 1.754099123179913 0.5017291381955147 0 0.6174973025918007 0.1796049028635025 0.6577099338173866 0.2099757045507431 0.1002261117100716 0 0.1045724302530289 33.57800122350454 1.787215039134026 0 0.3107923865318298 36.50977473706007 0.4112097024917603 4.495485834777355 2.615599066019058 3.776947870850563 0 4.603393480181694 16.84421383589506 7.799699679017067 19.85852009803057 13.35379007458687 1.135605067014694 42.88765846937895 106.7546064481139 38.20448461920023 20.73965980112553 1.23382344096899 0 0 0 0 0 0 0 0 0 0 0 0 0 0 0 0 0 0 0 0 0 0 0 23.90428280085325 0.9702514410018921 17.43663866072893 4.781515210866928 0.5085766911506653 0 0 0 0 0 0 0 0 1.120106384158134 0 0 0 0 0 0.1132113188505173 0 0 0 0 0.35197514295578 0 0 14.49514661729336 0 0 0 0 0 0 0 0 0 15.45511269569397 0.1844998747110367 0 0 0 5.33670762181282 0 3.255424872040749 0.3020541667938232 0.4720902740955353 0.1458033174276352 0 0 0 0 0 0 0 0 0 0 23.51240788400173 7.656512655317783 17.90129531174898 255.8081691339612 8.564792968332767 422.644358471036 68.10969147831202 118.6683876216412 48.587218567729 5.586465045809746 34.80027440935373 11.78061643242836 0 10.67912960797548 2.706489384174347 44.24649476259947 7.470501840114594 0 2.457240700721741 8.716424219310284 3.636687874794006 80.78593507409096 22.78778730332851
7.271531336009502 146.0206577330828 2725.793996848166 2.128408543765545 123.9299360439181 1.472483605146408 46.39600804448128 903.7435604706407 134.6671663895249 7.468311138451099 1298.387947909534 20.72100467979908 130.2972796708345 2085.855624884367 9.36250364035368 7.228450447320938 1.714954659342766 1.706499122083187 0.127635732293129 0.3762565031647682 8.706497497856617 0 0.3518971055746078 0.1399467885494232 12.46603541076183 0.2930583357810974 0.09812723100185394 0.2527477741241455 0.07268344610929489 0.2207321524620056 1045.902866743505 1826.141932576895 174.222402445972 0.4241954386234283 12.9906160235405 29.8381270095706 109.3011809661984 69.1113690584898 6.264858774840832 4.095489777624607 3.103731259703636 3.894550614058971 24.67999105155468 1.640384465456009 0 3.450427994132042 39.94722254574299 4.66548565775156 1.714578799903393 9.732621066272259 7.144050985574722 0.1022421941161156 0 1.174904331564903 1.27480947971344 1.089654251933098 12.06970009207726 147.235094614327 24.45593838393688 21.37055969238281 30.56850684434175 77.9937139749527 10.18697658926249 593.1096076145768 1.186981521546841 6.071489334106445 5.33533588796854 9.729611411690712 49.72889816761017 13.35033962875605 76.68894968926907 11.66868716478348 0.3701801598072052 73.87402246147394 66.60042285919189 46.58179464936256 34.6245576441288 96.81087099015713 720.2529473304749 921.3310346975923 15.58882852643728 696.4896262437105 5.663701646029949 0 5.06053302437067 1.509713917970657 29.50424693524837 0 1.314087271690369 0 2.26516917347908 0.719776950776577 50.55421479046345 10.21634153276682 2.592088796198368 25.55985078215599 4.830998107790947 0 4.697134047746658 18.59725334495306 0 0.1557733565568924 0.1277649998664856 0.3193120658397675 0 0.9697356224060059 0.4170619696378708 2.737156897783279 1.127961099147797 0.2636859491467476 0.4894161522388458 10.62308359891176 11.59391079097986 4.641737073659897 5.156042404472828 0 0 0 0 0 0 0 0 0 0 0 0 0 0 0 0.3522710204124451 0 0 0 0.4564242362976074 0.4108008146286011 0 0 0 3.90661147236824 0 6.554895274341106 1.665345914661884 0.5167556405067444 0 0 0 0 0 0 0.2931065559387207 0 0 0 0 0 0.1944733709096909 0.3065865114331245 0 0 0 0 0 0 0 0 3.167098253965378 0 0 0 0 0 0 0 0 0 6.968167915940285 0.1920665353536606 0.3757717460393906 0.08584152907133102 0.09412437677383423 0.8392273187637329 0 0.3675902783870697 0 0 0 0 0.2834320962429047 0 0 0 0 0.1890352070331573 0 0 0.1075779646635056 5.911420002579689 2.01620165258646 3.947359040379524 57.53521509468555 3.562930382788181 138.6727329567075 33.76961904764175 16.6500383540988 10.88074925541878 0.2802690863609314 12.15856920927763 4.876060888171196 0.4539616405963898 0.6140956878662109 1.05660954117775 2.822109177708626 1.160164058208466 0 0.8703522682189941 2.643456622958183 0.7230554819107056 23.1406060680747 2.012455388903618
17.57514169812202 2857.292035058141 1094.884315721691 7.97396481782198 4006.790964178741 2.575315497815609 853.5909333825111 134.6671663895249 529.5645350962877 114.3149925991893 527.5435718894005 39.28847715258598 948.3049266785383 997.1539425104856 1.947362929582596 0.8994907811284065 0.8696009069681168 0 0 0 0 0 0 0 0.1042435541749001 0 0 0 0 0 99.31833775341511 16.87733641266823 4.347490958869457 0 0 0 1.07878702878952 0.3324114009737968 0.09452906250953674 0.1046145930886269 0 0.1205350160598755 0.2677956074476242 0 0 0 26.20766351372004 0 0.2641389518976212 0 0.3056059926748276 0 0 0 1.060117959976196 1.111718870699406 3.882071763277054 45.10494524240494 17.59668680280447 15.34942030161619 0 0.2088683024048805 0 18.14240399003029 0.8341271057724953 0.7010385170578957 0.0720185860991478 0.1005853489041328 0.1803309097886086 0 4.75422939658165 3.464472956955433 0 41.86386330425739 22.75845135748386 24.94616010040045 6.918408162891865 0.5406854674220085 0.6600139290094376 1.346554443240166 0.2789510488510132 0.395486868917942 2.368303336203098 0 0.8072445765137672 1.221848182380199 0 0 0.3750796392560005 0 0.250662550330162 0.253662496805191 0.1139791756868362 0.1817145347595215 0.2046003043651581 7.975225828588009 0.7198154330253601 0 0.2542257905006409 5.266189582645893 0 0.4527726769447327 0.2183178067207336 0.2543817982077599 0 0.7661511525511742 2.755935996770859 1.505208790302277 3.047295279800892 1.851170562207699 1.072386145591736 11.11318669468164 20.03266228735447 7.612929366528988 3.811319686472416 0.1221843436360359 0 0 0 0 0 0 0 0 0 0 0 0 0 0 0 0 0 0 0 0 0 0 0 7.143767192959785 0 6.134911499917507 1.106156706809998 0 0 0 0 0 0 0 0 0 0 0 0 0 0 0 0 0.6974611878395081 0 0 0 0 0 0 2.421310991048813 0 0 0.6689403653144836 0 0 0 0 0 0 4.228324413299561 0 0 0 0 1.949877336621284 0 0 0 0 0 0 0 0 0 0 0 0 0 0 0 4.134132534265518 2.039910539984703 2.539424911141396 75.87632318586111 4.514063596725464 129.6066255941987 27.72082033753395 17.49535871297121 13.63482548296452 0 12.97312504798174 6.806412801146507 0 4.532112300395966 0 4.883436307311058 0.2184134870767593 0 0.3100273162126541 1.678359493613243 0.6303339302539825 19.30117429792881 3.415598303079605
1579.02772488445 605.3333639502525 22.05804131180048 2845.228793568909 229.8851121068001 1295.688931114972 1678.015526518226 7.468311138451099 114.3149925991893 2099.333983898163 16.4950717613101 1255.6608986184 4334.247278667986 348.5215853154659 3.718224287033081 1.521284736692905 0.4935208410024643 0 0 0 0 0 0 0 0 0.08076037466526031 0.09069866687059402 0 0 0 36.77375354617834 6.171298056840897 9.966922946274281 0 0 0 12.88440230488777 0.359297126531601 0.373922199010849 0 0 0 0.08733536303043365 0 0.1056560203433037 0 40.56102415919304 0 0.1299876123666763 0.1120889559388161 0.1351372748613358 0 0 0 2.374286636710167 2.04144474864006 33.47080893814564 63.30237031728029 25.14435883611441 18.65015850961208 0.08377442508935928 0.7197269797325134 0 11.87180582433939 1.256373926997185 0.5686240941286087 0.2430940195918083 0.1993122473359108 0.322159618139267 0 79.07511083036661 62.99027691036463 0 60.31347164511681 16.68855113536119 30.64310789108276 6.222960002720356 1.17430541664362 0.3584821000695229 2.70722171664238 0.1752748340368271 0.2051565200090408 5.248250477015972 0.08275274932384491 1.112099267542362 0.9782526791095734 0 0.1144994795322418 0.1714902967214584 0.130959764122963 0.4285853356122971 0 0.2623968049883842 0.3015749305486679 0.1133624911308289 444.2462736368179 17.99943444132805 0.1301825791597366 0.8719624280929565 534.2959563061595 5.95607103407383 106.916820064187 32.87718162685633 90.99700924009085 3.337464779615402 78.0751766487956 306.2273362278938 62.84820818901062 139.4601310193539 157.0655234232545 7.808141097426414 315.172704257071 622.9112105965614 197.0022722110152 98.27355850487947 3.058631122112274 0 0 0 0 0 0 0 0 0 0 0 0 0 0 0 0.720501184463501 0.3522274494171143 0 0.6916162446141243 1.575262367725372 0 0 0 97.68329018354416 4.536021202802658 81.8389603048563 43.71557694673538 7.04667940735817 0.9980126023292542 0 0 0 1.060261890292168 3.028370380401611 0 0.2101716995239258 5.979324541985989 0 0 0 0.75798499584198 0 0.1028407216072083 0 0.6301887631416321 2.967551067471504 1.593063026666641 9.653669208288193 0.8439751863479614 0.8216529488563538 94.11751940846443 1.072238683700562 0 0.1625870615243912 0 0 0 0 0 0 112.6003560498357 0 0 1.085285604000092 0 37.07972599565983 1.928321719169617 7.298879489302635 1.395747326314449 0.1267289072275162 1.116067737340927 1.714270174503326 0.4298075735569 0 0 0 0 0 0 0 0 129.6021885573864 28.53482280671597 76.49559083580971 432.4095706343651 6.157037004828453 195.7890843823552 65.01592572033405 798.8400626704097 40.42052203416824 56.43903291225433 46.99173374474049 160.9381282478571 4.543038487434387 41.43220860511065 17.52409791946411 452.624221868813 11.62929637730122 19.38148945569992 13.46189799904823 10.78731892257929 2.526310086250305 923.4186581596732 180.8084235563874
36.93834219872952 884.433192178607 1816.62848187983 1.218312963843346 1072.152860805392 5.647893503308296 129.8302081376314 1298.387947909534 527.5435718894005 16.4950717613101 699.7743948251009 60.20023520290852 922.1655864194036 3159.665971852839 13.85644172877073 9.672268554568291 2.050387747585773 0.3637936413288116 0.09371810406446457 0.3022227585315704 2.861667603254318 0 0 0.6615880280733109 12.11166916787624 0.6219834536314011 0 0 0 0 387.3146531581879 294.0189785882831 664.2110950946808 0.2032224833965302 8.767080456018448 16.78594075143337 225.2219083532691 62.74634258449078 7.085188440978527 2.368012636899948 0.6681839153170586 2.363192789256573 3.71664222329855 1.061334617435932 0 1.856747828423977 47.1983582302928 0.3599856942892075 0.7197941020131111 0.7102283611893654 4.971239864826202 0 0.2363612800836563 0.3955000564455986 1.017358630895615 1.425065018236637 8.472818776965141 87.11221193522215 25.50174031406641 24.13858132064342 2.338671967387199 32.81607862561941 4.936124488711357 83.19069340080023 0.6319456845521927 3.010398052632809 3.238862618803978 4.859898790717125 22.43117173016071 7.830090209841728 124.5146590843797 11.38159081339836 0.1995827555656433 65.06574258953333 56.82743429392576 65.95131696015596 25.83146867156029 3.574919328093529 26.02643702924252 50.8497229591012 0.5606750324368477 9.713462144136429 5.950132198631763 0 1.287141919136047 0.9104858972132206 4.176828995347023 0 0.5832251757383347 0.0687878429889679 0.820246547460556 0.1098364666104317 34.91492053866386 7.326490230858326 0.9926284328103065 37.91129047423601 7.580978855490685 0 7.589279033243656 18.09698600322008 0.1534706801176071 1.065983295440674 0.3859157562255859 0 0 1.058063983917236 0.7590665444731712 2.033694416284561 3.686837568879128 1.064913406968117 0.451710969209671 10.2198623418808 23.99955557286739 11.25340995937586 8.859001301229 0.5920160710811615 0 0 0 0 0 0 0 0 0.1217241957783699 0 0 0 0.120260514318943 0 0 0 0.7649051547050476 0 0 0 0 0 0 12.49696359038353 0 8.035160958766937 2.18510939925909 0.6670956015586853 0.1845623850822449 0 0 0 0.5928611159324646 0 0 0 0.3033773899078369 0 0.1083768978714943 0 0.5953453779220581 0.2694738209247589 0 0 0 0 0.7385252714157104 0.1213298439979553 0.7873256206512451 0 12.84360754489899 0 0 0 0 0 0 0 0 0 17.47803495824337 0.8455479741096497 0 0.1415397077798843 0 2.660739332437515 0.508965790271759 3.248347789049149 0 0 0 0 0 0 0 0 0 0.1390316933393478 0 0 0 9.061059042811394 4.247943505644798 6.003701500594616 79.36549850553274 7.500730261206627 169.498253159225 42.15049171447754 18.0942236110568 16.49437303096056 2.87822026014328 13.66585512459278 8.468969121575356 0 2.737962886691093 0.4975070953369141 3.121400251984596 1.448630452156067 0 0.6514392495155334 6.035032711923122 0.4367776215076447 30.4781945720315 9.464914292097092
74.48594215512276 70.1962878704071 16.96250969171524 336.4643025249243 27.72559617459774 183.0837201625109 296.4720942601562 20.72100467979908 39.28847715258598 1255.6608986184 60.20023520290852 144.4620516076684 1075.379071719944 229.9529562368989 21.5020666718483 11.78159558773041 1.371808305382729 0 0.1346159279346466 0 0.1307558715343475 0 0 0.1499773114919662 0 0 0.08588237315416336 0 0 0 5.679546639323235 1.412411883473396 116.2010971829295 0.07851202040910721 0.2727663815021515 0.4902782589197159 621.3945900201797 26.11082603782415 0.8025880455970764 0.3126968517899513 0 0.07571101933717728 0 0.4469499140977859 0 0 37.87094985693693 0.2207726314663887 0.233854353427887 0 0.2657843083143234 0 0 0 0 0.4596582725644112 8.89779482036829 6.233948104083538 7.886197626590729 11.80976966023445 0.396812230348587 14.02638778090477 0 7.317482993006706 0.2738148421049118 0.08551701903343201 0.4434414133429527 0.407968245446682 1.161315612494946 0.1268830299377441 557.2202191352844 49.97853354364634 0 23.09684978425503 21.11958790570498 51.38216675817966 20.81995840370655 3.281051680445671 0.4761282503604889 33.45171348005533 0.08766276389360428 5.989298313856125 1.688641674816608 0 0.2820617407560349 0.1546197533607483 0.3752053081989288 0 0.2438008487224579 0.1022665053606033 0 0.1198247894644737 0.8671220913529396 0.09849964082241058 0.207051545381546 959.1882610842586 45.9978117197752 0 5.170548878610134 63.97815310955048 0.5166603028774261 29.98119689524174 8.746699124574661 17.73261443525553 0.8063491880893707 34.32632615417242 111.6349862962961 41.46517719328403 73.29622794687748 71.15452679246664 3.749475687742233 210.4231535717845 407.6585641279817 130.7152962833643 65.05011820048094 2.93114023655653 0 0 0 0 0 0 0 0 0 0 0 0 0 0 0 0.5532485246658325 0 0 0.4716996103525162 1.432555124163628 0 0 0 46.19586750864983 0 48.65711072087288 18.42581197619438 1.487023323774338 0 0 0 0.2957370579242706 0.6213514804840088 0 0 0 1.64096737653017 0 0 0 1.272176161408424 0 0 0.1104701980948448 0 0.857461117208004 1.578707836568356 2.708656534552574 0 0.2445013076066971 47.7886651456356 0.3128676116466522 0 0.6122296452522278 0 0 0 0 0 0 54.38432083278894 0.7615266591310501 0 0.135360985994339 0 26.92600729316473 0.90848608314991 9.673611208796501 2.20136721432209 0 0.2039632946252823 0 0.7338574677705765 0.08465688675642014 0 0 0 0 0 0.1222410798072815 0 106.8609161600471 10.86820155382156 34.16166771948338 256.2795169427991 5.222459979355335 189.6548083126545 87.03341533988714 214.7285831794143 24.90437880903482 13.7493442595005 34.46390073001385 46.10520721226931 0 27.72200971096754 11.85117016732693 156.6113794669509 3.701114758849144 0.7630411386489868 3.046217367053032 16.51966400444508 0.9277506023645401 585.8040249794722 142.8133553341031
162.0265813618898 558.2267377078533 109.9332084655762 1285.455145515501 544.5905366614461 100.768192127347 4596.000255428255 130.2972796708345 948.3049266785383 4334.247278667986 922.1655864194036 1075.379071719944 2117.268512517214 4305.291225038469 48.67680194228888 26.88823954761028 4.165198445320129 0 0.1434313356876373 0 0.2559522166848183 0 0 0 0.5342708006501198 0 0 0 0 0.1239330023527145 70.81264006346464 26.35156239569187 480.6732059121132 0 0.5465897470712662 3.21647036075592 435.2829100638628 27.55757376551628 7.503025025129318 3.29619799554348 0.1172648519277573 0.4735079631209373 1.00379654020071 1.039424106478691 0.08796121180057526 0 140.1723662093282 0.3089177533984184 3.164199978113174 0.3121290877461433 0.4459223076701164 0 0.1519190222024918 0.225774459540844 1.13531406223774 2.269586972892284 13.50556935369968 63.03504277020693 45.79823245108128 50.83842021226883 0.6988577917218208 41.76700196415186 0.2034833207726479 48.67779357731342 1.105685196816921 0.8488122299313545 0.1623694002628326 0.8880898654460907 6.350448377430439 1.033178381621838 386.3536520004272 62.03637633472681 0 117.5241314768791 104.6738446205854 172.2588152438402 59.95405936986208 8.075334601104259 1.430869281291962 84.59837161004543 0.6013448536396027 7.131491996347904 5.633028328418732 0.170886792242527 1.228154428303242 1.270357571542263 1.572333611547947 0 0.09792294353246689 0 0.1586629003286362 0 3.712217256426811 1.213826708495617 0.4532362371683121 678.1543317362666 17.38378518819809 0 7.12908012419939 38.33470077812672 4.365080118179321 57.22685127705336 15.49128181487322 29.30474846810102 4.937908940017223 60.69401612877846 158.8932203128934 51.82262788712978 115.4315326586366 97.55414617061615 10.9607468098402 317.31781026721 580.5551961883903 198.9842439740896 111.6879342719913 3.597054049372673 0 0 0 0 0 0 0 0 0 0 0 0 0 0 0 0 0.5761848092079163 0 2.831535279750824 3.115427613258362 0 0.1452944278717041 0 115.5149905979633 3.543942987918854 72.34886004030704 30.92236805707216 4.003678299486637 0 0 0 0 2.406258940696716 0 0.1533930599689484 0.7917749509215355 2.153194271028042 0 0 0.2518097534775734 4.425312668085098 0 0.4638506323099136 0 0 0.6530724242329597 3.021461352705956 6.021031588315964 0.8584526777267456 0 66.11917464435101 0.9606279507279396 0 0.7868090569972992 0 0 0 0 0 0 114.0371236801147 1.244318157434464 0 0 0.1394422203302383 38.58175945281982 0.5156607031822205 13.21733298897743 1.372262120246887 0.8763816207647324 0.5080877542495728 0 0.1225709915161133 0 0 0 0 0.09268061071634293 0 0 0 135.5965244024992 25.81508539617062 74.75737669318914 682.7463135719299 14.60912802070379 658.0171132907271 245.5212989524007 164.7010117322206 90.64107821136713 37.97579607367516 119.5641107037663 134.9016392379999 1.892920732498169 47.79365068674088 12.37160041183233 250.9355457350612 8.921827621757984 9.153957217931747 10.35447336733341 46.05463153123856 0.494606226682663 545.9033479839563 156.5246487781405
26.84663310647011 771.8472766056657 644.3553811311722 161.7649448812008 2278.884496867657 10.77830669283867 1592.740514151752 2085.855624884367 997.1539425104856 348.5215853154659 3159.665971852839 229.9529562368989 4305.291225038469 2177.026918388903 34.81323096901178 15.50061048567295 4.35339393466711 0.2398446798324585 0.23720633238554 0.2209551110863686 1.156602494418621 0 0 0.1281629204750061 3.758107990026474 0.2545818313956261 0.1509919613599777 0 0.07516717165708542 0 248.142791710794 117.4977327436209 1358.353115655482 0.498530387878418 5.956029370427132 9.538912981748581 553.4606036096811 54.55205775797367 7.82081937789917 1.496297478675842 0.5483371987938881 0.4770302698016167 1.975032866001129 1.250771671533585 0.3361151739954948 0.1872919574379921 140.2189372181892 0.8290442824363708 1.541975103318691 0.4716618955135345 2.960529483854771 0.1138205528259277 0 0 2.745675437152386 3.903984770178795 12.11679971218109 111.3024775013328 56.85205758735538 64.62511608749628 1.529743328690529 55.09460664540529 0.4948843866586685 121.254992172122 1.726350508630276 3.636321224272251 1.589159939438105 1.938487812876701 9.34068039059639 3.71191031485796 244.058137126267 23.81372802704573 0 149.5714467465878 135.01128038764 166.1931575611234 65.78994087874889 6.802891716361046 20.26174599677324 140.63883369416 1.070354767143726 24.7049970254302 8.948032699525356 0 1.679758228361607 2.178357660770416 3.885636448860168 0 0.5552593320608139 0 1.256623692810535 0.1562338024377823 13.88972077518702 4.427080869674683 0.5701274648308754 118.7892638444901 12.11219317466021 0 8.168654836714268 6.780883826315403 0.161657303571701 5.989680662751198 2.186878904700279 1.840271592140198 4.227756530046463 8.782494202256203 14.70525845885277 6.340426877140999 16.95142149180174 13.10850197821856 0.8121745437383652 54.91316891461611 105.9863258451223 35.6149520650506 34.91931869834661 0.1399905532598495 0 0 0 0 0 0 0.1605925112962723 0 0 0 0 0 0 0 0 0 0 0 2.760457158088684 0.1439168900251389 0 0 0 42.4130068346858 0.443403035402298 31.07469965517521 10.85637101531029 0.4195175617933273 0 0 0.2991178035736084 0.1261240690946579 0 1.41112357378006 0 0 4.09908838570118 0 0 0.1149575710296631 0.1414870619773865 0 0 0 0.1277187317609787 0.1297819018363953 0.2378586530685425 0.4092966094613075 0 0 29.69174291938543 0 0 0 0 0 0 0 0 0 34.51141342520714 0.1523182839155197 0 0.1285095661878586 0.2521721050143242 10.40034157037735 0 4.447838947176933 0 0.368270605802536 0 0 0.1259207278490067 0 0 0 0 0 0 0 0 37.21006348729134 12.45337900519371 27.41191650182009 430.6391702219844 13.01047472655773 610.5907433852553 171.4758420176804 59.09439931064844 82.65375906974077 3.830151773989201 77.27168361097574 21.62030530720949 0.7735179662704468 10.69126489758492 5.929410308599472 28.12586002796888 4.693626262247562 1.681115508079529 6.070461928844452 25.06178989261389 2.102894209325314 84.80607061088085 27.16375497728586
0.6589435636997223 7.330226190388203 5.830377615988255 0.6873554289340973 2.78049985319376 0 7.147829987108707 9.36250364035368 1.947362929582596 3.718224287033081 13.85644172877073 21.5020666718483 48.67680194228888 34.81323096901178 567.4089482426643 2243.579158425331 322.7760853096843 11.26940193772316 48.72965645045042 6.069846987724304 0.945149652659893 0 0 0.09489427506923676 25.84163365513086 0 0.443705752491951 0.5683476328849792 0.6804681196808815 0.3322463929653168 4.160572901368141 2.669905625283718 73.76219418644905 8.951969146728516 4.570256106555462 59.32061187177896 207.338398039341 197.7978745624423 109.5993168056011 89.26388696581125 0.5911983102560043 0.2419601678848267 1.320273779332638 257.4653168544173 58.67084164917469 28.30599801242352 226.9578290060163 21.97059331834316 34.61802943795919 2.635530933737755 2.78797871619463 0.4896050691604614 9.757689103484154 0.730083592236042 0.4642903283238411 0.219794437289238 0.3773313388228416 1.339968077838421 73.2239745631814 543.509444385767 5.865831784904003 19.50119947642088 3.101045563817024 1.912143774330616 0.8561612367630005 2.567889202386141 0.7753980457782745 1.490477085113525 4.626995049417019 0.936422310769558 102.7422304600477 10.66462234407663 0.3638747036457062 521.8707880452275 3.628844119608402 1622.470781549811 103.0545869767666 248.6212929114699 12.24719920009375 12.57242706418037 18.06167098879814 12.85598520189524 3.978947155177593 0 6.180061139166355 0.5242879688739777 11.48274529725313 0.2199134230613708 0.5104033425450325 0.4272433221340179 2.742451913654804 0.4774230420589447 5.78891172260046 4.314460068941116 2.22349289059639 13.76441916078329 5.931589663028717 0.1522171348333359 51.72044820338488 0.1373759657144547 0 0 0 0 0 0 0.1473768204450607 0.1932653188705444 0 0 1.327913135290146 1.433979272842407 1.076008938252926 0.3480538427829742 2.816479325294495 0.2073346376419067 0 0 0 0 0 0 0 0 0 0 0 0.2573523074388504 0 0 0 1.623966135084629 0 0 0.8277031481266022 0 0 0 0 6.32967071980238 0.4398213922977448 6.898597776889801 10.03171489387751 6.24230695515871 0 0.4198263883590698 0 0 0 0.3405282497406006 0 0 0.4530190676450729 0 0 0.1056178286671638 3.120389096438885 0.1115235611796379 0 0 0 0 0.1163652390241623 0 0.286141574382782 0 2.658114477992058 0.4685551226139069 0 0 0 0 0 0 0 0 4.835431098937988 0.7044097483158112 0.5930200293660164 0.2030077278614044 0.7551260590553284 1.015033543109894 0 1.835255458950996 0 0 0.1883827149868011 0 0.724693775177002 0.1128144562244415 0 0 0 0.1143593564629555 0.201758474111557 0.1862160563468933 0 1.078141614794731 6.149587526917458 12.92444548010826 4.745052576065063 19.17115928977728 343.3684115931392 17.33095760643482 1.206173166632652 0.4273675680160522 0 0.836487740278244 5.304789394140244 0 1.910009831190109 0.573040097951889 0 0 0 0.5582864433526993 1.459305241703987 0.6124609112739563 5.759541340172291 4.399733938276768
