360.8711656816304 1686.728649996221 348.432052295655 1454.898116268218 73.58538073301315 106.3102921396494 522.2902916446328 260.1456495821476 17.48657318204641 953.8243935778737 283.2375766038895 355.633074298501 163.9595135226846 210.338262014091 21.69128582626581 1.446502357721329 0 0.4856999889016151 0 0.2803552523255348 0 0.3183757439255714 0 0 0 0 0 0.2683194652199745 0.09530559927225113 0 1942.53981969133 51.1254518032074 27.27799701690674 0.1238450407981873 0 0 13.71763993799686 0.857759952545166 1.631592869758606 0 0.3259472474455833 1.0715356990695 0.3352459371089935 0.5983504503965378 0.2045351415872574 0.07690016180276871 84.82797902077436 25.16654247045517 3.632402360439301 1.031497843563557 1.529885448515415 1.561476401984692 0.1910717040300369 0.2350866198539734 6.103183403611183 8.043983794748783 157.9954067245126 1051.593139402568 30.14579797536135 151.1306257545948 0.2392803356051445 1.687798894941807 0 208.4212646186352 13.2582942545414 8.78123002499342 0.9495485872030258 2.625872187316418 1.437709353864193 0.2726006731390953 20.64566624909639 19.36879871785641 2.368617206811905 452.775294624269 154.2684337347746 98.43372483551502 11.1291671320796 5.036347649991512 1.434496894478798 71.01554915308952 0 2.646403767168522 45.42734266072512 0.7633364424109459 15.25800343602896 13.94488211721182 7.494211941957474 0.5878833457827568 2.303489349782467 0.5638455674052238 1.351391851902008 0.2611845210194588 2.979140132665634 1.403599210083485 2.902375854551792 134.914502799511 15.57929395139217 2.42567278444767 3.000304020941257 1050.146339718252 0.3538035154342651 4.39511751383543 2.238037332892418 1.941064409911633 0.1609580516815186 4.391166798770428 7.386571645736694 3.041642151772976 26.81565438210964 8.263939097523689 0.1543048471212387 18.02345344424248 26.95116789638996 9.115158319473267 3.416045472025871 0 0 0 0 0 0 0.5298700928688049 0 0 0.5352083444595337 0 0 0 0 0.08328665792942047 0 0.1095593199133873 1.030331701040268 0.2125537097454071 0.4294417500495911 2.024458199739456 0.6521399617195129 0 0 0.4989884197711945 0 1.454824596643448 0.1131526902318001 0.67463219165802 0 0 0 0 0 1.010937124490738 0 0.1596862524747849 0.7979844808578491 0 0 0 0.3247642815113068 0 0.07256422191858292 0 0.08594784885644913 0.1797587126493454 0.3150332272052765 1.14870673418045 0 0 1.070774622261524 0.4180796444416046 0 0 0.105352371931076 0 0 0.09014108777046204 0 0.458518922328949 4.886149123311043 0 0 0 0.1387305557727814 1.880869582295418 0.7410587072372437 0.2342401072382927 0.2852876484394073 0 0.1093956232070923 0.6470931768417358 0.9453912973403931 0 0.2732428312301636 0 0 0.1774191558361053 0 0 0 3.720591463148594 0.3748691007494926 0.1775018125772476 355.4639887139201 5.877424076199532 168.2803785949945 20.76570218801498 1211.198212228715 4.892549104988575 3.815739676356316 0.3284478411078453 5.202618293464184 0 0.1271280497312546 0 37.67724204063416 0 1.464013934135437 0 1.56992744654417 0 543.088970772922 12.61431437730789
1686.728649996221 3535.022492043674 1969.787788137794 765.8407670557499 2581.088121317327 82.53710889071226 4486.804106093943 1691.75465926528 1646.978106223047 2190.911948934197 3860.414741195738 173.2691327705979 673.2730900496244 753.6734190285206 89.98658911883831 10.07425270974636 0.4977816566824913 0.7385238483548164 0.2681829631328583 0.1001830250024796 0.08633524924516678 0.08647452294826508 0 0 0 0.838668093085289 0 0.2511809095740318 0.310889907181263 0 2961.792727094144 251.4454954862595 74.65668342262506 0.1706657409667969 0 0.3223085701465607 25.05005776137114 1.778990037739277 3.125017464160919 0.09477222710847855 1.054758407175541 2.290174439549446 0.4215592667460442 2.7849081158638 0.3526105284690857 0.9760911017656326 526.4540766552091 39.57628823071718 8.449116624891758 2.630116194486618 2.893842257559299 0.2763627097010612 0.2056237906217575 0.9484162405133247 9.667879484593868 10.00512068718672 44.48969312012196 516.4629670009017 22.27081107348204 345.8166860863566 0.2158467173576355 7.038452610373497 0.09025808423757553 753.6500584259629 16.80880366265774 17.65202326327562 3.074169084429741 3.266466706991196 4.224421918392181 1.967361532151699 48.32321819663048 1.74720611423254 0.9425935745239258 440.9339424446225 266.4645437300205 340.8489884063601 172.9775403812528 53.07294553518295 11.19679376482964 244.4824795126915 0.4436428248882294 7.731454014778137 70.69545236974955 0.1616405844688416 23.06880681216717 22.36031874269247 14.01454311609268 0.5722375884652138 3.349361769855022 0.2713231444358826 2.477908477187157 0.8888396844267845 7.198999345302582 1.748020604252815 3.41265369951725 109.6607200801373 3.42760094255209 0.1597387045621872 4.085343927145004 420.1020781211555 2.416515983641148 7.290234357118607 9.442052952945232 5.34091828763485 1.713169530034065 78.95044862478971 22.46290819346905 4.056897774338722 52.02149263769388 25.57754234224558 4.040021158754826 46.37250596284866 57.09870483726263 24.80113049596548 22.00559534132481 1.722482196986675 0 0 0.3207851052284241 0 0.3851934373378754 0 0 0 0 0 0 0.5744794011116028 0 0 0 0 0 0 2.54640519618988 7.971197538077831 0 0 0 5.55902074277401 0 7.735602535307407 0.6968402788043022 0.5598975718021393 0 0 0.1726853400468826 0.2945383787155151 0 2.367906577885151 0 0.5595318824052811 0.7319239526987076 0 0 0 0.4843251407146454 0 0 0 0.0923442617058754 0.07902945578098297 0.1514002829790115 2.378568768501282 0 0 3.881640575826168 1.186332926154137 0 0 0.1898055225610733 0 0.4789054691791534 0 0.08998008072376251 0 27.90139710903168 0.1457154005765915 0 0.1891003474593163 0 14.65759174525738 0.08521171659231186 2.135013312101364 0.9597513154149055 0.7055021524429321 0.8498916402459145 0.4848474264144897 0.5551970601081848 0 0.1957375258207321 0 0.08566626161336899 0.1125914379954338 0.1191589534282684 0 0 38.54280063509941 2.642255112528801 4.69311460852623 360.5077474191785 15.43750809133053 771.4333046302199 127.0719844959676 517.3040696159005 34.6174374371767 4.23122151196003 4.398441210389137 4.176619879901409 0.1126968413591385 3.778516039252281 0.1374858319759369 34.22686282545328 0.4591880738735199 4.020083904266357 0 21.10924875736237 1.410930991172791 302.3321039900184 15.42185074090958
348.432052295655 1969.787788137794 1829.760743692517 8.712540321052074 1196.744403719902 2.559076935052872 110.56572169438 4914.47672791779 703.2596096694469 10.03084111213684 4055.623804494739 93.70888245105743 449.6443996503949 1033.57461181283 29.70964539796114 6.680519327521324 1.325144171714783 1.592841938138008 0.5689485967159271 2.823750644922256 2.818505071103573 0 0.108586959540844 0.3804135844111443 0.3369430303573608 0 0 0.1325799971818924 0.2738877758383751 0 3958.603410325944 1615.893006138504 143.0902138203382 0.3309791013598442 0.1029416769742966 0.4855904281139374 38.74228208512068 2.99156030267477 4.629742123186588 0.1776579469442368 3.682665728032589 7.236502654850483 5.436359636485577 2.398067645728588 1.9099505469203 4.195211552083492 116.0331824347377 5.719574458897114 2.346503138542175 7.072293125092983 2.462171576917171 0.2886506915092468 0.2687889635562897 0.6238089725375175 1.1552864164114 1.33399336785078 6.274799093604088 128.6953841000795 3.834951594471931 77.67690975964069 4.751284323632717 16.67692677676678 0.719239130616188 334.2432573139668 1.938793398439884 3.717400722205639 0.3676880374550819 0.8228374719619751 16.84643261879683 12.32747020572424 47.70210651308298 0.187918022274971 0 89.59492022544146 70.65706977248192 89.13542936742306 81.51489640027285 39.60284374654293 56.20605973154306 1223.702808752656 2.787268206477165 175.0092157796025 10.98987565934658 0.1242512539029121 4.274593442678452 4.923878818750381 4.89623187482357 0 0.252390094101429 0 0.5650111064314842 0 38.26073618233204 2.578844033181667 4.801203884184361 53.84428307414055 4.01972658932209 0 6.242255322635174 42.18725097179413 0.1915069818496704 0.1299668103456497 0 0 0 0.8454425632953644 1.907579116523266 0.127628892660141 1.600332148373127 2.331626869738102 0.6191527545452118 1.021329268813133 6.313138097524643 2.974129155278206 3.199809111654758 0 0.08141243457794189 0 0 0 0 0 0 0 0 0 0 0.2720327377319336 0 0 0 0 0 0 0.3362318724393845 0 0 0 0 0.8709061518311501 0 2.987597920000553 0.8695015832781792 1.088787578046322 0.15646792948246 0 0 0.1209143251180649 0 0.5621005892753601 0 0.165466383099556 0 0 0 0.2454175353050232 0 0 0.1554051786661148 0 0 0 0.2014694809913635 0 0 0 0.176983430981636 0.4225574135780334 0 0 0 0 0 0.08247560262680054 0 0.1318937689065933 2.981982924044132 0.6897942423820496 0 0 0 4.791562616825104 0 0.7080511003732681 0 0.3059132993221283 0.1033782064914703 0 0.1019699648022652 0 0 0 0 0 0.1291074305772781 0 0 3.455511935055256 1.856720685958862 2.3263154104352 68.29593326896429 3.214295409619808 145.4644107893109 29.87190525233746 39.71900685876608 6.614141307771206 0.3627007305622101 1.450558967888355 1.897891595959663 0.09666804224252701 1.099872447550297 0.1362324655056 1.539131343364716 0 0 0.1222995519638062 7.422559045255184 1.668433025479317 18.9439802095294 0.5872412696480751
1454.898116268218 765.8407670557499 8.712540321052074 501.3045776858926 8.424802839756012 407.3649351671338 787.8070686906576 2.962211534380913 1.107899613678455 2108.593607395887 5.616063311696053 1303.980216994882 298.6515996679664 7.701714470982552 7.470493376255035 0.4517303630709648 0.37884771078825 0 0 0 0.09860306233167648 0.09464140236377716 0 0 0 0 0 0.0853850394487381 0 0 131.5988451093435 10.53716675937176 2.074435725808144 0 0 0 0.6896462440490723 0.2098338976502419 0.2254724055528641 0 0 0.1962087899446487 0 0.1986521631479263 0 0 49.46921210736036 9.737692043185234 1.028630174696445 0.6790226846933365 0.2567948177456856 0.6623644232749939 0 0.08279998600482941 3.039160765707493 3.302252471446991 40.48948142677546 161.0570876970887 7.278698809444904 62.92493637651205 0 0.347089409828186 0 69.95738629996777 3.508049391210079 4.258206129074097 0.5263210758566856 0.4893167912960052 0.6165538802742958 0 6.46200393140316 3.068133570253849 0.9151264578104019 141.3199882432818 55.11383771151304 41.88834635913372 4.515652649104595 0.9736620783805847 0.3889378681778908 1.451879568397999 0 0.1851614564657211 18.49444761872292 0.1268807351589203 4.507516175508499 5.695954322814941 3.055220022797585 0.4594596698880196 0.768815353512764 0.09321156889200211 0.354315772652626 0.1250837743282318 0.3583239987492561 0.2721995264291763 0.4645838066935539 74.94681380689144 4.416001945734024 1.069998979568481 0.6332073509693146 721.628167361021 0 2.027471750974655 2.375282235443592 10.35879629850388 0.7005874142050743 10.06980283558369 6.409984394907951 0.9578359425067902 25.29533466696739 9.993624113500118 0.3698059320449829 17.07683584839106 20.96591867506504 5.521484926342964 1.188879057765007 0 0 0 0 0 0 0 0 0.6007170677185059 0 0 0 0 0 0 0 0 0 0 0.9949281960725784 0.4698575735092163 0 0 0 0.4997994899749756 0 0.6044356673955917 0.2299996614456177 0 0 0 0 0 0 0.9033292829990387 0 0 0.5574431419372559 0 0 0 0.3383939266204834 0 0 0.1276973932981491 0.1318136155605316 0.08883477747440338 0.2962214052677155 0.2719369828701019 0 0 0.1230170354247093 0.4861502945423126 0 0 0 0 0 0 0 0 3.787488266825676 0 0 0 0 1.849542118608952 0 0.2214057445526123 0 0 0.1335418671369553 0 0.1740721315145493 0 0 0 0 0 0 0 0 5.414749979972839 0.1551854312419891 0 141.0588035807014 1.673576585948467 88.81367659568787 10.95522528886795 756.8328661695123 2.111057609319687 3.233229801058769 0.2279163897037506 1.033330991864204 0 1.117691323161125 0 17.59197035431862 0 1.503092527389526 0 1.053184270858765 0 239.4410592988133 6.016878709197044
73.58538073301315 2581.088121317327 1196.744403719902 8.424802839756012 1756.046648085117 9.057986617088318 702.0538118109107 1077.73992010951 3927.422946199775 344.0969356447458 5188.491394713521 52.28680311143398 649.0003312155604 780.0121439099312 36.20402176678181 5.197367310523987 0.1828898042440414 0.230879932641983 0 0 0.5011243894696236 0 0 0 0 0 0 0 0 0 165.0207350924611 46.90697553008795 16.19878353178501 0 0 0.1558636724948883 10.80036576837301 0.5467018708586693 1.396581009030342 0 0.1380942761898041 0.3378205597400665 0.1435232311487198 0.6145079433917999 0.2393466010689735 0.2092982679605484 160.8742633312941 5.877638421952724 1.309477373957634 0.582859218120575 0.317007765173912 0 0 0.1782816424965858 0.4030893221497536 0.9116152077913284 3.474066771566868 16.32809687405825 2.574993804097176 73.41479665786028 0.1944724768400192 1.872552707791328 0 159.4503381848335 1.53050758689642 2.135318078100681 0.3290925100445747 0.3639152646064758 0.9664153084158897 0.7404448464512825 33.88204585760832 0 0.2030551582574844 44.98998600244522 36.8845571577549 95.22463215142488 88.42756962031126 34.45632742345333 4.182443529367447 21.77890139818192 0.2922431454062462 4.49708554148674 8.318020932376385 0.09957403689622879 4.363846071064472 2.936622865498066 2.202397994697094 0.1005027145147324 0.08159992098808289 0 0.4730564132332802 0.07592532783746719 1.478952534496784 0.6577713042497635 1.021052360534668 106.9657353311777 2.800584957003593 0 2.114939704537392 6.411889769136906 0.6873344704508781 4.434436894953251 9.923969954252243 7.668016016483307 3.858092710375786 8.004716105759144 15.76044399291277 3.46081281453371 28.55032665282488 27.59153129160404 5.92629749327898 44.68072693049908 68.39144466072321 29.43843329697847 27.54559531807899 0.6692077741026878 0.7523246705532074 0 2.234390318393707 0 0 0 0 0 0 0 0 0 0 0 0 0 0 0 2.800801731646061 5.629150487482548 0.5424855351448059 0 0 5.958272278308868 0.8571746349334717 5.06739380210638 1.86112105846405 0.4134064316749573 0 0 0 0.5302210450172424 0 1.820337012410164 0 0.5460363030433655 0.1044020131230354 0 0 0 0 0 0 0 0 0.3345578983426094 1.680501237511635 1.302290119230747 0.9007521867752075 0 3.925361208617687 0.6145369485020638 0.1844388395547867 0 0 0 0 0 0 0 33.78034393489361 0 0 0 0 16.82881211489439 0.1453135013580322 2.832704290747643 0.4112581238150597 0.9583989977836609 0.2400743365287781 0.6256022676825523 0.1375088095664978 0 0 0 0 0.1704385280609131 0 0 0 51.10541585832834 4.401392683386803 5.516581036150455 203.3312969952822 4.936410434544086 238.5792228914797 70.87959764152765 69.06835547834635 14.66613269597292 0 5.905710242688656 4.757698878645897 0 4.882004395127296 3.652476117014885 26.35348553210497 0.2574414983391762 0.1607468873262405 0.1789496392011642 20.69782762229443 1.737443387508392 187.2396649494767 23.77346413582563
106.3102921396494 82.53710889071226 2.559076935052872 407.3649351671338 9.057986617088318 7.235959112644196 59.23395589739084 1.020572885870934 5.673553988337517 810.8378016129136 2.857324212789536 248.1937893256545 80.370595484972 8.507324054837227 0 0 0 0 0 0 0.1990118622779846 5.95395427942276 0 0 0 0 0 0 0 0 18.81408212333918 0.5223015546798706 7.589720368385315 0 0 0 7.865581899881363 0.1329635381698608 2.841731160879135 0 0 0.2818191945552826 0 0 0 0 0.7567722946405411 0.7247902303934097 0.183587834239006 0 0.387083612382412 25.03900007903576 0.9707586169242859 0.7644705772399902 0.1379020512104034 4.886911906301975 84.12416476011276 56.35312701016665 1.836017437279224 3.275000967085361 0 1.428463444113731 0 1.680971346795559 0.1394201368093491 0.3768925368785858 0.1036894246935844 0.1259046345949173 0 0 112.833414979279 303.0335414260626 49.97925060242414 13.04062843322754 2.462439462542534 1.112617015838623 0.2957841157913208 0.8559257537126541 0 6.135200455784798 0.08909893035888672 1.797497287392616 0.9632950872182846 11.61364378780127 0.2235953435301781 7.150505252182484 0.2197804376482964 7.427822157740593 5.420909449458122 32.16848009079695 2.399327531456947 0.1955503970384598 0 0 0.09488082677125931 320.4538088440895 384.8022450208664 36.37343995273113 38.55274240672588 210.5358737111092 0.2512594759464264 5.978162378072739 4.001406461000443 3.385423123836517 0.5975179225206375 1.709052741527557 7.312589302659035 2.84318645298481 13.42002400755882 10.02648450434208 1.124613419175148 13.96747803688049 9.00613684207201 6.761337772011757 2.207843273878098 0 0.1756380647420883 0 0 0 0 0 0 0 0 0 0 0 0 0 0 0 0 0 0.3536445945501328 1.561834275722504 0 0 0 0 0 0 0 0.292416512966156 0 0 0 0 0 0 0 0 0 0 0 0 0 0 0.3371356204152107 0 0.9011176005005836 0 0 0.4808987528085709 0 0 0.2259657233953476 0 0 0 0 0 0 0 0 0 0.9696908071637154 0.3610546588897705 0 0 0.1667326241731644 1.781871095299721 0 0 0.3991856276988983 0.253909170627594 0 0.1280859708786011 0 0 2.47921296954155 0.5119915753602982 0 0.3594723343849182 0 0 0 1.567613676190376 0.1564479172229767 1.473475053906441 32.00848093628883 0.6709032654762268 2.792729608714581 0.7989123165607452 189.8347076773643 0.9921066910028458 4.537111394107342 0 0 0.2352428138256073 0.4064043760299683 0 32.83407917618752 0 0 0 0 0 169.0908225029707 5.017167046666145
522.2902916446328 4486.804106093943 110.56572169438 787.8070686906576 702.0538118109107 59.23395589739084 608.4890783876181 86.31905641406775 1611.056807078421 3089.462533697486 666.5103796422482 926.0505517870188 3307.201185889542 2082.754126496613 28.02732688188553 3.766054257750511 0.6748057305812836 0 0 0.3268813043832779 0 0 0 0 0 0 0 0 0 0 102.1300145834684 31.412627376616 13.94966384768486 0.1169588416814804 0 0 4.9336311891675 0.6548759937286377 0.3222122490406036 0 0.2599972039461136 0.4208179339766502 0 0.4287054985761642 0.08340370655059814 0.1174925789237022 165.3696606755257 11.19088973104954 2.054498985409737 0.4360110908746719 0.6895432472229004 0 0.6439602375030518 0.2402045205235481 1.740750879049301 1.799035549163818 6.397209368646145 44.42851597070694 6.240393653512001 89.6649169921875 0 0.9197067245841026 0 166.0400869958103 2.658674784004688 4.525848641991615 0.4538793414831161 0.9700997322797775 0.7337717041373253 0 29.94380013644695 0 0.117556169629097 83.48256631940603 61.71211084723473 94.84469581767917 57.43269430100918 20.07129940390587 3.88124842196703 14.54163978993893 0 5.37738298624754 15.53761830925941 0 5.383844420313835 5.484583556652069 4.449883818626404 0.2769438773393631 0.8191893100738525 0.09157044440507889 1.007699310779572 0.07631378620862961 1.894438423216343 0.7030576318502426 1.002714335918427 234.9254703894258 1.422353342175484 0 3.146483391523361 32.61593431979418 3.477185778319836 9.754454143345356 19.23316600173712 22.9511628895998 5.08615517616272 34.82081193476915 34.19667956233025 7.403891429305077 77.62994613498449 68.32614812999964 8.239861220121384 122.5024853050709 123.6774519979954 49.50357845425606 43.71274420619011 0.1791876778006554 0.412436231970787 0.1522126942873001 0 0 0 0 0 0 0 0 0 0.5078506469726562 0 0 0 0.7013105750083923 0 0.128218948841095 5.531810879707336 10.86394036561251 0 0 0.1109040528535843 9.704749599099159 0.1691188514232635 11.19311118125916 1.998388856649399 0.2946485579013824 0 0 0 0 0.2851341962814331 2.571000151336193 0 1.688676349818707 0.4464400410652161 0 0.1019306406378746 0.1131983324885368 1.254979848861694 0 0 0.2661599218845367 0 1.485257759690285 1.086290001869202 3.426798760890961 0 0 6.922344565391541 2.1084940508008 0.4761520251631737 0.1968492418527603 0 0 0 0 0 0.2172427326440811 40.36916567385197 0.369243785738945 0 0.1423420161008835 0.1354208737611771 20.9265183582902 0.5298922061920166 3.221939966082573 2.475182749330997 2.328476525843143 1.913899637758732 0.1101225763559341 0.1201235800981522 0.1461078822612762 0 0 0 0.2037995904684067 0 0 0.164304181933403 73.26664516329765 6.66869381070137 6.808948695659637 179.5590613633394 4.975831128656864 257.618365675211 53.74521251767874 138.4071321859956 14.70331785082817 2.615257054567337 3.042053878307343 8.603500731289387 0 8.231674984097481 1.764070697128773 44.6172965541482 0.3608562052249908 1.071007490158081 0 17.99592404812574 0.904541015625 403.5723568052053 35.19526086747646
260.1456495821476 1691.75465926528 4914.47672791779 2.962211534380913 1077.73992010951 1.020572885870934 86.31905641406775 1338.005747139454 717.5542018711567 6.206527575850487 1543.669766820967 125.6865374743938 892.5971423909068 2011.970118172467 58.93951392918825 22.32511548697948 1.544395454227924 2.129130534827709 0.6481564193964005 5.872481673955917 14.80397221446037 1.35030061006546 3.332926660776138 3.12443321198225 0.6724307537078857 0.7904756665229797 0 0.5122258514165878 0.9829754233360291 0 1502.210315056145 1686.918363519013 483.5368113443255 1.530056484043598 2.045291103422642 5.102751880884171 134.4490829929709 28.44639774411917 20.3928874656558 1.97277058660984 20.95510096848011 19.76793172955513 9.898297317326069 6.76765201985836 1.727443888783455 4.938299752771854 152.3629515394568 4.554012030363083 2.230501398444176 11.05730686336756 6.519014425575733 3.000157281756401 0.2332578748464584 1.416350170969963 0.5711302310228348 1.009419023990631 2.922294363379478 46.71693443506956 3.289769202470779 60.89710040390491 11.52005258947611 63.08626959472895 3.237549938261509 333.4362402707338 1.19059044867754 3.645590223371983 1.24813798815012 4.383679501712322 37.4441554248333 43.32462211698294 97.73777791112661 0.8598044365644455 0.08866961300373077 51.39796535670757 49.83230923861265 101.7547399625182 164.6478774920106 140.675472445786 958.4550890997052 2030.30311922729 5.38861645758152 541.6377092376351 6.73817104101181 0.2003333568572998 2.411551274359226 1.438855655491352 7.433107748627663 0.1038534119725227 0.0872269868850708 0 1.464982569217682 0.1567214280366898 144.5891509279609 8.898498959839344 11.88443876057863 30.2161098793149 10.11511628329754 0 23.41176874935627 21.59727245569229 0.6395879238843918 0.3349066078662872 0.2592246830463409 0.4760012775659561 0 0.105457566678524 0.5485607236623764 0.1259997934103012 1.666536249220371 0.3448037803173065 0.7439532428979874 2.185779079794884 4.354422971606255 1.13836695253849 4.651372686028481 0.3612397909164429 0.7484723553061485 0 0.7145583182573318 0 0 0 0 0 0 0.4604203701019287 0 0 0 0 0.2689236700534821 0.3248582631349564 0 0 0.3570061773061752 1.053624652326107 0.4223097860813141 0.465917557477951 0 2.226071953773499 0.2636625319719315 3.541910566389561 2.556234203279018 1.869838997721672 0.2912515699863434 0 0 0.1366137862205505 0.5385401844978333 2.019282855093479 0 0 0.388176441192627 0 0 0.09930901229381561 0.2332377731800079 0.5306205451488495 0 0 0 0 0.175427183508873 0.1238895505666733 0.4796158373355865 0.2247179746627808 2.755479417741299 0.9342479333281517 0 0 0.09668631106615067 0.2516745924949646 0 0.1100478619337082 0 0 7.692232318222523 2.897799074649811 0 0.3461855575442314 0.2328736037015915 5.539103165268898 0.148976668715477 3.431791126728058 0.2163040190935135 0.6333799958229065 0.3031763806939125 0.4567273855209351 0 0.2754949405789375 0 0 0 0.09100368618965149 0.1402798742055893 0 0 4.712085045874119 2.763479977846146 5.572070419788361 206.3372573330998 6.26691310852766 198.0006507560611 69.27885454893112 62.3205998390913 10.04209458082914 1.718234732747078 4.146748833358288 5.935599893331528 0 1.561995655298233 0 5.664049133658409 0 0 0 24.91612758487463 2.238433957099915 14.92930903285742 2.083842128515244
17.48657318204641 1646.978106223047 703.2596096694469 1.107899613678455 3927.422946199775 5.673553988337517 1611.056807078421 717.5542018711567 525.9809493124485 147.7840727120638 1595.303008973598 66.1524622887373 1682.669145748019 1889.679173454642 9.147772282361984 2.203172147274017 0 0 0 0 0.3492703288793564 0 0 0 0 0 0 0 0 0 36.82934506982565 12.436911419034 16.99612911045551 0 0 0 8.066201373934746 0.7271565124392509 0.4903429746627808 0 0 0.8436447009444237 0 0.3560920283198357 0 0 31.94591658562422 0.9418565183877945 0.469001792371273 0.09046332538127899 0.1263828426599503 0.681364119052887 0 0 0 0.2631589323282242 1.166430488228798 4.079342737793922 1.201806798577309 10.5201800763607 0 1.879985272884369 0 31.56120295077562 0.3075034469366074 0.5030446499586105 0.07326503098011017 0.3859015554189682 0.2905778288841248 0.2343987822532654 15.56483422219753 0.2081442177295685 0 8.830924510955811 5.947986260056496 20.5448944196105 21.01492520421743 10.87491129338741 2.173687659204006 20.52766528725624 0 1.03747621178627 1.429790690541267 0 1.13608156144619 0.3221371173858643 0.2458008825778961 0 0.3943212255835533 0 0.08285768330097198 0 1.394119761884212 0.09473796933889389 0 78.97262771427631 0.565294548869133 0 1.412496328353882 2.555639989674091 0.6022515222430229 3.499684035778046 3.514860481023788 5.084033124148846 1.417590670287609 5.792608417570591 10.85185738652945 3.415214255452156 14.56137023866177 19.28856711834669 4.434338018298149 26.80036560446024 46.11201537400484 18.41847064346075 12.63494373857975 0.2479870319366455 0.8373543620109558 0 0 0 0 0 0 0 0 0 0 0 0 0 0 0 0 0 1.921075001358986 2.58164644241333 0 0 0 3.405716866254807 0 3.766435891389847 1.290510445833206 0.314819723367691 0 0 0 0 0 0 0 0.2617118209600449 0.4059861376881599 0 0 0 0.5405260324478149 0 0 0 0 0.272649884223938 0.1072152554988861 0.9775712341070175 0 0 1.497259393334389 1.013012789189816 0 0 0 0 0 0 0 0 19.6284421980381 0.5186631232500076 0 0 0 9.654556132853031 0 0.6656866669654846 1.521737948060036 0.2126015648245811 0.5406514853239059 0.3514626622200012 1.09916415810585 0 0 0 0 0 0 0 0 35.47317743301392 2.06462312489748 2.5600511059165 70.54146657139063 3.495508313179016 49.5221636518836 23.11980525404215 24.8807831928134 2.639825738966465 2.98558659106493 1.673500776290894 1.240741439163685 0 2.213654533028603 0.6745426580309868 12.31422395259142 0.2616472840309143 0 0 5.174117378890514 0 111.1535064727068 13.09183320403099
953.8243935778737 2190.911948934197 10.03084111213684 2108.593607395887 344.0969356447458 810.8378016129136 3089.462533697486 6.206527575850487 147.7840727120638 2387.242723084986 21.29433436691761 2434.623562291265 3913.640551060438 223.19723983109 8.303959295153618 1.263085767626762 0 0 0 0 0 0.8458744585514069 0 0 0 0.1049569100141525 0 0 0 0 58.50732060521841 13.22795588523149 50.29268862307072 0.2357630282640457 0 0 32.63123066723347 0.7596122398972511 1.703166849911213 0 0 0.1127103567123413 0 0.6375223472714424 0 0.08925965428352356 50.55560018867254 7.17646512389183 0.8357498720288277 0.09259389340877533 0.4835798889398575 2.238034754991531 0 0.09079132974147797 1.426100671291351 1.527285948395729 45.31714670360088 63.47369585931301 4.134920425713062 44.04158872365952 0 2.29495470225811 0 63.49400159716606 1.693656831979752 2.556394509971142 0.1746849566698074 0.3328943476080894 0.3262873888015747 0.1170636340975761 393.2967720702291 7.263732448220253 2.577699273824692 70.07543477416039 36.49065660685301 33.46478173136711 10.21744263917208 2.80033640563488 1.143537051975727 7.78091362118721 0.2294749841094017 2.146668046712875 11.61565067619085 0.6020599752664566 4.314742878079414 3.279852606356144 1.18609943240881 0.1523768603801727 0.1052228882908821 0.8666171804070473 0.6108493655920029 0.7855121642351151 2.254779025912285 0.266283243894577 0.2578747645020485 532.0252507701516 40.34990890324116 1.589488327503204 6.489066250622272 409.2281279414892 5.862647458910942 34.92535136640072 31.60854847729206 54.55017858743668 8.849599875509739 59.2977097928524 99.29920490086079 14.35734228789806 168.7568263635039 176.0495308637619 15.36959310621023 195.4351592808962 336.4161619469523 113.5676954910159 54.15839164704084 3.310263097286224 2.059332281351089 0 3.587854437530041 0 0 0 0 0 0 0 0 0 0 1.545359313488007 0 1.066675424575806 0.3989346921443939 1.029062360525131 12.86842539161444 15.61250764876604 0 0.7922810912132263 0 13.17943832278252 0.6656809151172638 8.191407263278961 0.5380812883377075 0.9063500165939331 0 0.09399878978729248 0 0 1.365030243992805 1.874620318412781 0 1.810847736895084 2.036392636597157 0 0 0.128162756562233 0.5712412148714066 0 0.1249739602208138 0 0 2.880964383482933 2.000999182462692 11.78028786927462 1.702540755271912 1.015192031860352 8.332752726972103 1.447138838469982 0.1986453086137772 0.2168731689453125 0 0 0 0.08511045575141907 0 0.718353733420372 67.45886782556772 1.07291804254055 0.138202115893364 0 0 30.30299081653357 1.27148425579071 2.391054578125477 1.917132683098316 2.375856466591358 1.928175695240498 0.2189460694789886 0.1683984398841858 0.08609600365161896 0.6691975966095924 0 0 0.08853753656148911 0 0.1074905768036842 0 101.4749757498503 2.899762950837612 9.571837969124317 355.3419461250305 8.289224341511726 91.90167796611786 20.48497065901756 567.1902909204364 2.755525358021259 21.46853265911341 0.676469124853611 9.127527579665184 0.1951422095298767 4.944515660405159 1.418472088873386 211.4391685128212 1.281812071800232 0 0.3387597873806953 4.058558985590935 0.8601464629173279 1537.34324593842 58.69407457858324
283.2375766038895 3860.414741195738 4055.623804494739 5.616063311696053 5188.491394713521 2.857324212789536 666.5103796422482 1543.669766820967 1595.303008973598 21.29433436691761 1269.822532266378 168.5719989687204 2900.597821123898 2966.406048804522 17.10614302754402 4.22140458971262 0.5978728383779526 0.2155516892671585 0 0.1337088197469711 1.089441940188408 0 0.1687690913677216 0 0.3542702198028564 0 0 0.6998834609985352 0.3993376195430756 0 564.6128653660417 113.2647317275405 775.6716744154692 0.1314719915390015 0 0.7052270621061325 184.7905622050166 9.969382151961327 10.08535266667604 0.7396734803915024 2.441771954298019 2.600658014416695 0.2660649493336678 1.310161247849464 0.1105726584792137 0.2234628722071648 44.18160600960255 3.439505152404308 0.09003791213035583 0.2731500416994095 0.5348576903343201 0.1075046434998512 0 0.1421045213937759 0.4726319164037704 0.2555311769247055 2.330320976674557 27.3917221724987 1.314801126718521 26.35356183350086 0 52.79696084558964 0.2848044037818909 69.16141552478075 0.8368699625134468 1.006824620068073 0.2755020186305046 0.5592344030737877 2.564857736229897 2.533809706568718 131.3556056022644 0.1735518723726273 0 25.10633689165115 16.39939169585705 33.96477591991425 36.82669042050838 20.95118419826031 19.3720356747508 586.6526433303952 0 10.49793487042189 4.018663473427296 0 1.315582409501076 1.246981203556061 1.040200993418694 0 0.2979905009269714 0 0.240269348025322 0.097547747194767 12.93457958102226 1.699570134282112 0.6044958010315895 27.02310581505299 2.371132709085941 0 9.338131636381149 16.4118681922555 0.4063284695148468 0.4808413162827492 0.283604234457016 0.616455078125 0.2358464971184731 0.2789891958236694 1.157915681600571 0.1795233637094498 2.829280324280262 2.186586908996105 1.105244562029839 3.439837522804737 4.857862897217274 1.782029449939728 2.452027142047882 0.2252708449959755 0 0 0.4032869040966034 0 0 0 0 0 0 0.2466332763433456 0 0 0 0 0 0 0.3329397737979889 0 0.1338115185499191 1.489379689097404 0 0 0 1.122127026319504 0.1245948821306229 1.182609021663666 1.241082817316055 0.2541440799832344 0 0 0 0 0.2140213400125504 0.5789715424180031 0 0 0 0 0 0 0 0.1340035498142242 0 0.1897322684526443 0 0 0.1114179491996765 0 0.1437937021255493 0.1505514830350876 0.9360525086522102 0.7479754090309143 0 0 0.08195415884256363 0 0 0 0 0 2.990046449005604 0.2152035385370255 0 0 0 1.723335660994053 0.1186805441975594 0 0.1702927350997925 0.3482993245124817 0.5624932646751404 0 0 0 0 0 0 0.1523521095514297 0 0 0 4.977898426353931 0.8307885900139809 2.670627325773239 62.68932499736547 4.261932715773582 64.92801950871944 23.06855951249599 24.99488569796085 4.880161248147488 0.1911133229732513 2.056071609258652 3.068566754460335 0 1.748694829642773 0 2.338738776743412 0 0 0.3294329047203064 4.102867096662521 1.734144508838654 12.49329327791929 1.416549265384674
355.633074298501 173.2691327705979 93.70888245105743 1303.980216994882 52.28680311143398 248.1937893256545 926.0505517870188 125.6865374743938 66.1524622887373 2434.623562291265 168.5719989687204 385.1245298683643 2700.503694757819 224.2210951298475 7.543164148926735 5.214836806058884 0 0 0.1361974030733109 0 0.2136464864015579 1.102350696921349 0.1490079462528229 0 1.683803886175156 2.325438737869263 0 1.241403184831142 0.5146362781524658 0 44.26363076269627 45.8873452693224 296.7250819802284 0 0.3716332316398621 0.8864169716835022 462.8555063679814 38.16473945230246 21.68982657790184 3.182425960898399 1.143144980072975 1.390367545187473 0.2113661766052246 2.032378256320953 0 1.431129485368729 42.07500985264778 1.820361413061619 0.3628039658069611 0.444884367287159 0.4124660566449165 0.1904278844594955 0 3.394735351204872 0.187684491276741 0.2888440564274788 6.309516035020351 25.52974474430084 2.508585125207901 18.70830192416906 0 8.338746517896652 0 41.69884473830462 0.9764712676405907 0.8335105329751968 0.08041134476661682 0.2503063231706619 1.47261156886816 1.496057219803333 199.4045535847545 0.2454838156700134 0.146268829703331 26.54641278833151 14.474235445261 18.54424197226763 22.7665895447135 11.79803717136383 3.719897702336311 59.29668097943068 0.1111600548028946 3.085422962903976 6.096350222826004 0 0.9125508219003677 0.8444833159446716 0.613857164978981 0 0.1847202330827713 0.3321826905012131 0.1793977096676826 0 7.562637738883495 0.8369008600711823 0.8916172683238983 596.8276365548372 18.46578454226255 0.123662993311882 19.2672493159771 69.70033494383097 1.533346123993397 6.554867215454578 6.470640055835247 7.254280582070351 3.348639540374279 7.940033450722694 19.22959166765213 4.059563726186752 27.48938459157944 36.04403205215931 3.945818923413754 51.74825392663479 82.7627234607935 29.21041537076235 26.44325493276119 0.3405605480074883 0.6848112791776657 0 0.188478872179985 0 0 0.3724773228168488 0 0 0.1464018970727921 0 0 1.142874553799629 0 0 0 0.1172033697366714 0 0 3.216465227305889 8.212932646274567 0 0 0 8.993110075592995 0.4008063077926636 8.649451784789562 1.744775459170341 1.120640762150288 0 0 0.2236136347055435 0 0 1.791615337133408 0 0.4460265785455704 0.1185095831751823 0 0 0.1334143579006195 0 0.372801885008812 0 0.2093298584222794 0 0.5684130787849426 0.4974042177200317 1.931808173656464 0.1482457369565964 0.2348949611186981 5.911292485892773 1.042807042598724 0.1210471242666245 0.110658586025238 0 0 0 0 0 0 32.4688334017992 1.524177893996239 0.1230937391519547 0.2906009256839752 0.372660830616951 17.72216431796551 0 2.53095580637455 1.548747137188911 0.4605463147163391 0.4143140017986298 0.4785790294408798 0.3847851902246475 0 0 0 0 0 0 0.1062618866562843 0 57.40277810394764 5.121579557657242 8.330650582909584 156.4690229073167 2.796942718327045 79.5035666897893 30.88268222659826 176.0776549205184 4.174423642456532 0.3253076076507568 2.895437106490135 4.931126773357391 0 4.630962811410427 0.4860307276248932 33.34467795491219 0.2221845015883446 0 0 12.78902491927147 0 521.6825125589967 32.60075162351131
163.9595135226846 673.2730900496244 449.6443996503949 298.6515996679664 649.0003312155604 80.370595484972 3307.201185889542 892.5971423909068 1682.669145748019 3913.640551060438 2900.597821123898 2700.503694757819 2836.590482220054 4213.467347547412 33.08137102425098 19.2146922647953 0.4789355546236038 0.2664424628019333 0 0.2779483273625374 3.014904052019119 0.2711611092090607 0.3533927649259567 0.565908245742321 1.945365250110626 2.291291460394859 0 2.386810444295406 0 0 146.3079315125942 129.2233895137906 815.4516841396689 0 0 1.968915671110153 770.2186086922884 34.33590366691351 41.65523581206799 2.494945377111435 3.933559417724609 6.950989745557308 0.9259118586778641 2.996929839253426 0.3968371450901031 0.6269352585077286 118.3093415871263 2.451970539987087 1.250851184129715 1.819054253399372 2.38008189201355 1.954366758465767 4.704297184944153 3.018858179450035 0.6136456653475761 0.5789067074656487 4.312376521527767 21.03124739229679 1.656415730714798 41.19343566894531 0.4434971585869789 20.79213637113571 0.5478296875953674 117.8315188884735 0.7546491622924805 0.7933017536997795 0.3207882791757584 0.9618520885705948 6.378858610987663 3.914042614400387 504.5758426636457 0.2879551947116852 0.6363567411899567 33.48040374368429 23.16413709521294 54.51624228060246 83.31083126366138 43.36842557787895 17.01548628509045 250.8412208929658 0.6125482171773911 8.92125540971756 6.371322900056839 0 3.265186741948128 1.851483874022961 1.343264423310757 0.09488027542829514 0.4327176064252853 0 0.4195893406867981 0 23.18739017099142 2.889030277729034 4.572183951735497 1922.348533704877 20.824547290802 0.7209630161523819 40.59109588712454 28.63210022449493 2.674599334597588 14.40834641456604 15.60775634646416 19.26535574346781 7.902809023857117 12.92424636334181 51.1860229820013 8.581636816263199 66.117890432477 76.55476112663746 13.99878547340631 118.5189905613661 166.913677342236 70.32435625046492 65.79623045772314 1.514948919415474 1.114474162459373 0 0.7222766280174255 0 0 0 0 0 0.1412311941385269 0.3757142275571823 0 0.1775469481945038 0 0.2087425291538239 0 0.4290255457162857 0.1707704365253448 0 5.346955120563507 13.069336168468 0 0.247141420841217 0 19.08498915284872 0.3957802131772041 20.67999161779881 4.914531230926514 2.646912708878517 0.4770224690437317 0 0 0 0.1251855790615082 0.3396276086568832 0 1.361008301377296 2.383110798895359 0 0 0.4313111826777458 0.6266610622406006 0.3284101486206055 0 0.2291970103979111 0.1920957192778587 1.842236332595348 3.368387714028358 4.057702176272869 0.192431852221489 0.6654959321022034 12.11647868901491 1.665185920894146 0.1149427741765976 0.2117664590477943 0 0.2756504714488983 0 0.1133531630039215 0 0.08521213382482529 77.13011433184147 2.828832142055035 0 0.2569219842553139 0 42.00123766064644 0.2455487996339798 3.43087812513113 2.299342393875122 3.326621398329735 1.531063720583916 1.066377863287926 0.7917501330375671 0 0 0 0.09235314279794693 0 0 0 0.1426030248403549 132.4028310030699 18.80643948912621 21.9378939718008 308.9410665631294 5.311306163668633 186.7018009051681 76.8426982536912 143.4418772235513 12.14427772164345 4.77074345946312 7.567060954868793 17.20072881132364 0 10.62480895966291 3.637626715004444 56.02046908438206 1.773730710148811 1.105219960212708 0.3945277184247971 23.97080688178539 5.052032977342606 687.3673054799438 73.02605929225683
