142.8049907833338 1399.826498664916 790.4040210917592 1237.770220912993 726.0566867440939 37.15019762516022 627.7995985895395 182.5419136211276 80.22153899073601 1984.91122251749 374.1822506114841 451.749360717833 488.3958555832505 321.1070555821061 26.62749107182026 12.16793119162321 23.00524035096169 0.08153696358203888 0.1282624453306198 0.2140059843659401 0.8476118892431259 0 0.5139523223042488 0.7245813831686974 1.510613776743412 1.397437639534473 0.7853870466351509 1.23447435349226 0.628088966012001 0.2330920770764351 707.0985279530287 10.02318295836449 74.97584527730942 0.9187129884958267 0.2649396806955338 0.3722128719091415 27.36509545147419 0.4045332670211792 2.972776308655739 1.660351522266865 1.394068695604801 1.78628545999527 0.5320702642202377 1.833349116146564 0.3625538647174835 0.95810716599226 131.9026857838035 9.877371460199356 9.106306977570057 0.4627466946840286 3.271563589572906 0.8703817427158356 1.492574073374271 0.5185441002249718 0.1526209563016891 0 251.0399286001921 966.3273734971881 51.46136835217476 41.52566789835691 1.829821735620499 23.72175814956427 3.598606288433075 12.50300635397434 0.6112437844276428 0.9399771690368652 2.685245141386986 6.145356819033623 0.2965170964598656 1.145321302115917 14.61345451325178 2.925747871398926 0 209.5755176730454 8.914929591119289 9.316159188747406 1.5269371047616 0.7381207421422005 17.89360161870718 45.10114001482725 1.160813920199871 67.36912797391415 1.278335280716419 0 0.5711153522133827 1.070732302963734 0.6067967489361763 0 5.260931245982647 0.3406273350119591 5.550228506326675 2.54802979528904 1.516758948564529 2.011996656656265 3.961760848760605 17.72455145418644 3.196084663271904 0 0.7212114110589027 804.7748215571046 0 1.797562502324581 1.106795907020569 0 0 8.617550402879715 6.03262984007597 6.718446686863899 2.808600164949894 10.73329027742147 0.8656734377145767 0.9986908584833145 2.54720002412796 0.4506808221340179 0 0.5315216183662415 0 0 0 0 0 0 0.5348531156778336 0 0 0 0 0.2685112580657005 0 1.256939813494682 0 1.23689603805542 1.611622989177704 0.1381328999996185 0.3185335397720337 0.09294916689395905 0 0 0 0.3673118352890015 0.5461548566818237 3.858485326170921 2.593381285667419 3.190039753913879 0 0 0 0 0 0 0 0 1.7234246134758 0 0.5447338819503784 0 8.790857344865799 0 0 0.2544572502374649 0 0 0.6180801913142204 0 0 0 0 0 0 0 0 0 0 0 1.181875824928284 0 2.146181873977184 2.53787000477314 0 0 0 0 0 0 0.2825819253921509 0.7296617925167084 0.1521910578012466 0 0 0 0 0.08811934292316437 0 0.4502812996506691 0 0 0 3.581973500549793 3.161227457225323 1.44308827072382 514.668310046196 27.35469347238541 593.927952259779 69.94085323810577 666.3532755598426 16.33396507799625 0.282006174325943 12.50742608308792 32.15452982485294 0 0.4531930387020111 0 42.79172831773758 0 1.227904200553894 0 7.031845957040787 0 274.4161873459816 7.014841809868813
1399.826498664916 966.2217728346586 946.9399662166834 375.8383561521769 1623.463839396834 38.73374009132385 1113.688005283475 1174.548622645438 428.8185480311513 1179.452429279685 2678.068462774158 292.3614998683333 1179.147325545549 1264.746700935066 98.13382162153721 52.05158475041389 61.41209095716476 0.2226928398013115 0.1093062981963158 0.3226463347673416 2.781312957406044 0 2.92689398676157 1.722256876528263 6.282407321035862 0.8277763575315475 2.452040955424309 0.7702591344714165 1.408799789845943 0.4111749902367592 620.8484108746052 13.5220228433609 57.80512442439795 1.990249440073967 2.285581104457378 1.603549517691135 24.32116724550724 4.659236453473568 8.937361642718315 5.982515200972557 7.018531143665314 3.092811778187752 0.2115452960133553 1.737854041159153 0.3185444250702858 0.7220111638307571 181.6988843232393 7.294718995690346 20.63989664614201 0.2017059922218323 2.90479850769043 0.3405626937747002 0.8124457746744156 1.158063590526581 0.1239706948399544 0 76.44096484035254 298.7505910024047 29.05665162950754 34.20366117358208 13.85937339067459 35.02946285903454 8.542133711278439 20.19245057553053 0.2455400824546814 0.1948835030198097 2.421503536403179 5.308570854365826 0.4698478057980537 3.00828080624342 18.21568017452955 14.79236754775047 0 129.9917588382959 10.62842152267694 12.67998051643372 2.409714944660664 0.3775765150785446 24.59082844108343 44.0837267935276 5.466538138687611 72.32365767657757 0.6036108434200287 0 0.8886213600635529 0.3861139193177223 2.042755372822285 0 3.375647060573101 0.1795481219887733 4.555190391838551 0.9315349608659744 4.48379223793745 1.848075196146965 4.523324444890022 19.08732112497091 9.467444509267807 0 1.748099312186241 272.1105448827147 1.12626526504755 3.639959923923016 1.782365381717682 0.1188159435987473 0 15.59839344769716 7.751448348164558 11.89322470873594 4.305616460740566 17.50582847744226 0.4531693011522293 1.304264761507511 4.31262344121933 1.150286987423897 2.070959195494652 2.777925238013268 0 0.7903133630752563 0.2322647273540497 0 0 0 0.4518694579601288 0 0 0 0 0.3158103972673416 1.509541839361191 0.2126473560929298 0 1.654800899326801 2.738313376903534 1.01395471394062 0.5614008083939552 0 0 0.2403875738382339 0 0.9431300908327103 1.13087671995163 7.856738097965717 11.26863539218903 6.779748812317848 0 0 0 0 0 0 0 0 5.62419967353344 0 0.1328044682741165 0.09087046980857849 30.82036076486111 0 0 0 0 0.4122495427727699 1.50763837993145 0 0 0 0.416026845574379 0.289250373840332 0 0.1041898727416992 0.2652879059314728 0 0 0 0 0 4.659033805131912 2.696460321545601 0 0 0 0 0 0 1.181551910936832 1.936178304255009 0 0.1800941675901413 0 0 0.0740714967250824 0 0 0.09711728990077972 0.1047319546341896 0 0 10.24765130132437 11.64936269074678 4.788468331098557 302.9985989034176 22.54784514009953 639.4262892976403 89.14087272435427 437.0296074897051 17.0100202858448 0 14.60907691717148 33.90356062352657 0 2.940103076398373 0 47.67596189677715 0 0 0.2930809259414673 14.30375738441944 0 52.03156235069036 16.81240764260292
790.4040210917592 946.9399662166834 656.7110413089395 6.493676342070103 238.5342243760824 2.112188577651978 28.09987495094538 2026.830298103392 161.643154092133 40.84540859609842 2484.10947997123 102.2720720469952 281.960914902389 699.7590172588825 285.7806964740157 508.6075094640255 128.6452637165785 0.2936685681343079 0.3516508638858795 0.4409588202834129 3.988038651645184 0.1633718460798264 2.163214899599552 1.79744178801775 3.396736070513725 1.571065291762352 3.856800064444542 1.272325128316879 0.6168341115117073 2.402727082371712 3778.963557869196 299.9054560363293 321.439127586782 2.762559130787849 3.082303933799267 2.852359019219875 52.02820134907961 3.707672044634819 1.850517988204956 4.273673050105572 9.140347041189671 2.301375865936279 0.8613355606794357 3.388795420527458 0.2918627858161926 2.37822962552309 240.3585935235023 10.48704079538584 15.81037662923336 0.6876100637018681 3.872502505779266 0.2821376919746399 0.543738067150116 1.056804485619068 0.09444818645715714 0.2807442843914032 124.3937400281429 790.4474959149957 32.62313900887966 65.39404410868883 21.75413835793734 85.48081032186747 7.823209658265114 260.9535686299205 0.1427363529801369 0.7486806511878967 2.961315855383873 6.122282758355141 1.325655795633793 4.016027621924877 6.75698583573103 2.393767416477203 0 229.0079876147211 22.39114717394114 27.55142775923014 5.900651104748249 1.515514723956585 456.5863453894854 421.8839138224721 20.25335489213467 923.9596642926335 0.4406992644071579 0 0.5438987612724304 1.315741360187531 1.392421744763851 0.1794170960783958 5.642421200871468 0.6788714826107025 6.208536244928837 2.285283222794533 8.364794068038464 2.953429974615574 4.130694717168808 4.764380760490894 5.228932976722717 0 0.4338979795575142 445.6093493774533 0.2386683970689774 0.1251973062753677 0.7285663634538651 0.1055643931031227 0 3.989878997206688 1.525047801434994 2.122681237757206 1.524197027087212 4.911868162453175 0 0.6429941058158875 0.9175925180315971 0.5647296532988548 0.6250192373991013 0.3517492637038231 0 0 0 0 0 0 0 0 0 0 0 0.1551631689071655 0.1303333342075348 0 0 1.205448500812054 0.466437965631485 0 0 0 0 0 0 0.1786351054906845 0.1259816586971283 1.706962049007416 1.368299297988415 1.333264820277691 0 0 0 0 0 0 0 0 2.144587643444538 0 0 0 2.920474193990231 0 0 0 0 0 0.6119534596800804 0.2173794955015182 0 0 0 0.1500604152679443 0 0.08256471157073975 0 0 0 0.2118333280086517 0 0 1.787721335887909 0.8069441318511963 0 0 0 0 0 0 0.977759838104248 0.4638561904430389 0 0 0 0.08227313309907913 0 0 0 0.6345505714416504 0.3549826741218567 0 0 2.447104051709175 1.949011728167534 0.739665798842907 58.52631644904613 8.185544274747372 459.7363724261522 33.07478851079941 186.0493877306581 7.564415454864502 0 4.131347365677357 3.905482992529869 0.0861283466219902 0.2333079725503922 0 9.94258189201355 0 0 0 2.815127223730087 0 23.5798451602459 2.41935832798481
1237.770220912993 375.8383561521769 6.493676342070103 831.8887032866478 34.03036686778069 56.72635245323181 1074.473947152495 2.035694524645805 29.083287358284 2743.713959306479 357.4310792908072 997.611302100122 1676.635261788964 836.6708972379565 7.712417587637901 2.214323543012142 6.518829263746738 0 0.3339632153511047 0 0.5209878832101822 0 0.528077244758606 0.4331005960702896 3.057151570916176 0.2415280491113663 0.286851242184639 0.3676265627145767 0.1674190908670425 0.4230439960956573 56.66843604296446 0.4539419561624527 79.28636085987091 0.1845367550849915 0 0 28.57663706690073 1.127446383237839 3.520914375782013 2.06930673122406 1.23429274559021 0.3721278384327888 0 0.5452420338988304 0 0 29.7472201064229 1.477885350584984 2.285616651177406 0.06979069858789444 0.8083191141486168 0.5964264273643494 1.215962290763855 0.23641686886549 0 0 35.49224513024092 137.4972300156951 7.174991145730019 9.574738867580891 1.583002686500549 14.22862799465656 1.76293907314539 2.561202377080917 0 0.1107496246695518 0.3893524557352066 1.531574912369251 0.4814702048897743 0.5932301804423332 9.109318643808365 2.918657973408699 0 38.81575386971235 1.38862531632185 1.869845703244209 0.4013071730732918 0 0.4479991272091866 1.286145091056824 0.7966511696577072 16.89474538713694 0.1645135134458542 0 0 0.1036944165825844 0.1133318617939949 0 1.412112303078175 0.1010973751544952 1.174340680241585 0 0.5670919269323349 0 1.030271984636784 23.56332017481327 9.656572952866554 0 0.3647352457046509 246.5693726316094 0.2438620775938034 0.751890666782856 0.6268157884478569 0 0.2423285394906998 5.107209265232086 4.975172705948353 5.718470975756645 3.073306538164616 9.093627758324146 0 0.4368673264980316 1.808549880981445 0.1047122180461884 0.3512069061398506 2.870104849338531 0 0 0 0 0 0 0.1923503428697586 0 0 0.1877453923225403 0 0.9816782176494598 0 0 0.6110297441482544 0.5323028564453125 0.3817093968391418 0.4608887583017349 0.1481683552265167 0 0 0 0 0.2943425923585892 0 3.56194194406271 1.859607301652431 3.130168460309505 0 0 0 0 0 0 0 0 2.859455727040768 0 0 0 4.69009180366993 0 0 0 0.1530187875032425 0.1619666665792465 0.8261777609586716 0.1472717374563217 0 0 0 0 0 0 0 0 0 0 0 0 2.897757329046726 1.265792742371559 0 0 0 0 0 0 0 0 0.1076553240418434 0 0.2603861764073372 0 0 0.1159666404128075 0 0.2094325721263885 0 0 0 1.289474979043007 4.356204986572266 0.9483873844146729 315.5526082888246 6.109040752053261 164.9257972911 19.45694290101528 458.2527087330818 4.547884047031403 0 3.762482829391956 27.44981728494167 0 0.3133796602487564 0.2474749386310577 47.15930873900652 0 0 1.237760901451111 1.27476903796196 0 77.79504334926605 2.452765822410583
726.0566867440939 1623.463839396834 238.5342243760824 34.03036686778069 1181.244020346552 21.85523357987404 690.3418252468109 531.8346854560077 1250.058540135622 1363.083946637809 3508.516444854438 118.3375265523791 727.4544294551015 1082.070571988821 68.04137061536312 46.44374137371778 52.1023818552494 0 0.1276366710662842 0.3476581871509552 1.596713528037071 0.9194504618644714 1.269783832132816 1.240803584456444 1.262865744531155 0.6056466102600098 1.56994491070509 0.8699005395174026 0.5138835906982422 0.2019237354397774 52.12124614417553 2.535560756921768 10.39839109778404 1.536271601915359 0.8247693330049515 0.7710732817649841 2.71971270442009 3.050392210483551 5.409277275204659 3.223439328372478 1.826775699853897 1.431021578609943 0.2711532115936279 1.058913379907608 0 0.5497641637921333 114.4040502607822 3.583956710994244 15.1696318462491 0 1.558555960655212 1.247695699334145 2.322500988841057 0.7776877358555794 0 0.07873070240020752 23.37365858256817 63.00728918612003 14.89653037488461 18.26527282595634 6.145956330001354 24.10815634578466 4.283777624368668 9.310339488089085 0 0.1822784096002579 1.436421193182468 1.577054098248482 0.9699520915746689 0.9440687075257301 12.84513372182846 10.0528456568718 0 58.99429363012314 5.838503889739513 6.296768143773079 1.567100897431374 0 2.503602884709835 5.438394121825695 1.017278142273426 8.39092355966568 0.5557944774627686 0 0 0.6051303297281265 0.642607182264328 0 1.671040378510952 0.1560695469379425 2.875524416565895 1.055442094802856 1.394946746528149 1.490772679448128 2.504570744931698 30.41056131571531 11.90081578493118 0 3.159432426095009 21.97324577718973 1.843912959098816 1.919078096747398 1.954019919037819 0.1344330757856369 0.2654444426298141 15.14220015704632 9.867688193917274 9.651916787028313 2.546056255698204 13.96274223178625 1.012593001127243 2.176253363490105 6.171526931226254 1.048139780759811 3.504294373095036 3.121951565146446 0 0 0 0 0 0 1.272596508264542 0 0 0 0.08446414023637772 1.55605660378933 0 0.2369783222675323 0 1.899420529603958 0.9312308430671692 1.013332813978195 1.18517093360424 0 0 0 0 0.4764464423060417 0.5733605921268463 5.543671667575836 8.4559391066432 8.870412103831768 0 0 0 0 0 0 0 0 7.61602608859539 0 0 0 30.79783824831247 0 0 0 0 0.1930244415998459 1.899641141295433 0.3681880831718445 0 0 0.1071064844727516 0 0 0 0 0 0 0 0 0 5.322130814194679 2.50756673514843 0 0 0 0 0 0 0.8254385441541672 1.396667823195457 0 0.4482370167970657 0.1222021281719208 0.1542916744947433 0 0.1647316291928291 0 0.3842720463871956 0.08100993931293488 0 0 7.632265135645866 8.928654424846172 4.124333269894123 177.7976424917579 13.42013718932867 373.3506509140134 52.45022263377905 201.4304158762097 11.74038914591074 0.3785042762756348 10.86499361693859 30.70851637423038 0 2.852435521781445 0 49.37873512506485 0 0 0 7.353600293397903 0 62.72746916115284 12.8439479097724
37.15019762516022 38.73374009132385 2.112188577651978 56.72635245323181 21.85523357987404 4.595317184925079 133.1394633799791 0.6109218150377274 70.37156008183956 1501.582892149687 44.76558212190866 124.120831489563 53.82659329473972 15.47163033485413 0.1159236282110214 0 0.1592920571565628 0 0 0 0 1.417017668485641 0.2588164508342743 0.4296287298202515 1.258880272507668 1.263834550976753 0.3918455541133881 0.4795954674482346 0.6120379120111465 0 5.559525206685066 0 74.23450018465519 0 0.1827957034111023 0 53.18098796904087 11.65684553980827 11.52422552555799 6.444207720458508 0.3427137956023216 0.2812720686197281 0 0 0 0 0 0 0 0 0 1.38167205452919 4.458397671580315 0.1828651130199432 0 0 7.115639358758926 2.19409342110157 1.148777946829796 0 0 6.439649522304535 0 0 0 0 0 0 0 0.3310279548168182 75.48939083516598 23.68465568125248 0.5682651996612549 0.5031482875347137 0.1305983513593674 0 0 0 0 0.1836705505847931 0 0 0 0 0 0 0 0 0 0.6021908819675446 0.2975116968154907 0 0.3203216791152954 0 0.706495888531208 137.4289835467935 44.25445422530174 1.3923679292202 2.970010221004486 128.5175015330315 1.863486096262932 14.34494832158089 3.754776783287525 0.7908311635255814 0 43.72020240873098 54.34177735447884 24.74966367334127 10.94765569269657 69.33285316824913 0.5155101343989372 4.426409855484962 9.509655877947807 2.846197880804539 2.598123475909233 3.219236701726913 0 0 0 0 0 0 0.3504516035318375 0 0 0 0 0.1845412999391556 0.1124945282936096 0.138148695230484 0.1198636591434479 0 0 0.5167720168828964 1.988191574811935 0.1542549282312393 0 0 0 1.968555852770805 1.080406099557877 13.60626681894064 6.377191498875618 4.608753524720669 0 0 0 0 0 0 0 0.3281913250684738 5.245379514992237 0 1.216388240456581 0 2.79976511746645 0 0 0 0 0.1372223794460297 1.772008515894413 0.1966128498315811 0 0 0.3295604884624481 0 0.1269561499357224 0 0 0 0 0 0 0 4.870815612375736 2.429760470986366 0 0 0 0.1016974002122879 0 0 0.3716657534241676 0.7496988400816917 0 0.1273796707391739 0 0 0 0 0 0 0 0 0 23.57758508622646 4.416034236550331 5.886715672910213 424.7702276334167 1.785855382680893 3.694961816072464 1.972306407988071 114.9438884556293 1.029915377497673 0 0 222.3299953565001 0 2.001468196511269 0 426.5737156793475 0 0 1.33506166934967 0 0 62.06225189566612 68.5424735173583
627.7995985895395 1113.688005283475 28.09987495094538 1074.473947152495 690.3418252468109 133.1394633799791 116.7971808612347 29.57889357954264 633.0804035961628 1970.855484820902 1347.202282696962 965.9849547147751 3138.648353226483 1880.338134862483 19.01588812470436 11.97097807377577 26.23490652441978 0.8628937005996704 0 0.4425513744354248 6.566800579428673 0 4.99582301825285 4.904492035508156 23.19790108501911 4.539480298757553 11.10168445110321 2.270773112773895 0.6775888502597809 1.74831622838974 19.89835633337498 1.62511134147644 88.46429264545441 1.782592169940472 5.116426259279251 3.928778260946274 26.13966418802738 32.81094103306532 17.02380902320147 22.42463797330856 26.43186090141535 4.626753158867359 0.4954009354114532 0.9307023882865906 0 1.864803180098534 39.16530355066061 3.06979912519455 4.759478941559792 0.6204289346933365 0.6809782907366753 0 2.105124890804291 0.2190010771155357 0 1.655641436576843 14.19993788003922 26.55132000148296 5.585769839584827 7.326133489608765 30.58273194730282 39.83857196569443 23.32311326265335 4.358856610953808 0.08033780753612518 0 0.1141057312488556 0.7797918915748596 4.12691680341959 2.09348351508379 48.61869768053293 5.245153740048409 0 25.49085118621588 1.424832835793495 2.396364487707615 0.3282402902841568 0.1837374567985535 2.010778203606606 2.528232470154762 4.070217899978161 10.67407119274139 0.0733710452914238 0 0 0.07853437215089798 0.9807395190000534 0 1.426558129489422 0.2103605419397354 0.70789984613657 0.3958444148302078 13.19823911041021 2.549421355128288 0.6424986720085144 277.5202721655369 46.62534593045712 0 5.3391158208251 57.48253677785397 1.399585403501987 4.993133552372456 5.7506403028965 0.5498797222971916 0 33.70466510951519 22.2849397957325 22.20813621580601 12.29046519100666 37.98395127803087 0.4786914810538292 3.858303509652615 10.62422183156013 2.677609667181969 4.26438844949007 5.962165348231792 0.1101266369223595 0 0.1353624016046524 0 0 0 0.7060754746198654 0 0 0 0 1.740421496331692 0.1976279467344284 0.1219523549079895 0.1468714773654938 0.4690724536776543 1.061501353979111 0.8944204151630402 2.10198912024498 0 0 0 0 2.56210096180439 0.8137669637799263 15.73849395662546 14.32420518249273 13.19795277714729 0.1992880403995514 0 0 0 0 0 0 0.2626587375998497 8.854324288666248 0.2676575481891632 0.6980823799967766 0 20.48276876658201 0 0.0846579298377037 0 0 1.074233561754227 3.724720470607281 0.3633678704500198 0 0 0.7968594804406166 0.5956378579139709 0.4737217128276825 0 0 0 0 0 0 0 10.4519227668643 2.742435619235039 0 0 0 0 0 0 1.633124642074108 2.093901731073856 0.6019038259983063 0.2059922218322754 0.4427702724933624 0 0 0 0 0.06800652295351028 0 0 0 22.80711252987385 15.28909991681576 8.502329334616661 167.8933487161994 4.27092270553112 173.7209548354149 27.48336796462536 226.3628818616271 8.445401936769485 0 10.05838874727488 63.00039627403021 0.1198189109563828 6.014403998851776 0.4814452826976776 128.511698924005 0 0 0.5721154808998108 7.171348176896572 0 229.9814725294709 31.19367615133524
182.5419136211276 1174.548622645438 2026.830298103392 2.035694524645805 531.8346854560077 0.6109218150377274 29.57889357954264 322.1354012861848 89.73802257329226 31.14294958114624 2043.588256910443 158.3588505238295 670.7091719955206 1700.82599824667 193.3598912581801 180.3873072117567 126.5847185701132 3.782334342598915 0.7175969108939171 4.923956803977489 334.1473654955626 0 357.0247931182384 130.4305711239576 375.7756672501564 115.7603308036923 261.9412554576993 8.844686791300774 3.736812390387058 37.63989577442408 1408.484446808696 641.9605686292052 1242.246870212257 150.3022141233087 365.5969653651118 459.2197172790766 356.0362632647157 124.5810127407312 7.969577223062515 67.71960043907166 529.5457389801741 41.03165354579687 17.87531140446663 112.0370057821274 0.7949772551655769 19.00375557690859 215.2540288008749 22.93542912602425 47.73101096600294 26.8647205978632 4.041912406682968 0.1825998201966286 1.209771737456322 1.101306289434433 1.184358030557632 0.0905165821313858 94.18602926284075 399.0199548080564 27.63636817038059 49.10719310119748 1611.626074030995 1258.109316941351 423.8301055207849 589.2256738916039 0.2527941837906837 0.5850245133042336 2.435422815382481 6.136579781770706 59.18341001868248 137.4794186837971 30.68613841384649 2.564324945211411 0 179.8350307270885 23.7896661311388 21.0108285844326 9.069148577749729 13.56784752011299 1024.59147683531 974.5394198819995 845.9595769420266 2714.429369293153 2.23186332732439 0 0.1699953973293304 0.704268105328083 25.54214960336685 0.1569946333765984 4.942932814359665 0.0847809836268425 5.093019962310791 1.752979248762131 322.5493360385299 41.59338020533323 5.131297215819359 7.17552138119936 7.351992130279541 0 1.423079833388329 91.08998976647854 0 0.1860489100217819 0.2035736292600632 0 0 2.173204071819782 3.078854449093342 1.954872526228428 1.101314231753349 3.632038906216621 0 0.4487915337085724 2.073602832853794 1.142565660178661 0.3197473734617233 1.322669386863708 0 0 0 0 0 0 0 0 0 0 0 0 0 0 0 0 0 0 0.407707192003727 0 0 0 0 1.320536762475967 0.9925613105297089 3.222773164510727 3.287965126335621 1.184335522353649 0 0 0 0 0 0 0 0 0.7978569865226746 0 0.5516856908798218 0 4.2354351952672 0 0 0 0.08487756550312042 0.4573145508766174 0.1761164367198944 0.5599237754940987 0 0 0.1757844835519791 0.229900948703289 0.08912722766399384 0.2462453618645668 0 0 0 0 0 0 0.8611287698149681 2.297665163874626 0 0 0 0 0 0 0.0970151424407959 0.4801523685455322 0 0.1054731160402298 0 0 0 0 0 0.4143298119306564 0 0 0 1.543882682919502 2.542528368532658 1.582335121929646 109.6617927849293 8.475106209516525 503.1723423227668 59.86029034107924 234.2241291329265 12.54417863488197 0 7.985855087637901 5.999303765594959 0 1.45844829082489 0 8.593662574887276 0 0 0 6.310261867940426 0 23.93850885331631 0.7795314788818359
80.22153899073601 428.8185480311513 161.643154092133 29.083287358284 1250.058540135622 70.37156008183956 633.0804035961628 89.73802257329226 414.2874888032675 468.7024004235864 2370.954481601715 175.7117717713118 1160.433915480971 1486.727729000151 14.88440999388695 11.70642518252134 19.6304961591959 0.145545706152916 0 0 2.881806567311287 0.2660808563232422 2.096589982509613 2.436555735766888 4.946988970041275 3.052555322647095 2.995347946882248 0.9671992361545563 1.479081563651562 0.8248258382081985 11.10766404867172 0.9260266944766045 22.38005982339382 1.678562805056572 1.74914076924324 1.488123290240765 4.159254767000675 6.208481289446354 7.558851771056652 4.973439231514931 11.02891816198826 1.08890838176012 0.3881168365478516 0.3749663829803467 0.2734894752502441 2.429760485887527 26.24359038472176 4.247586689889431 4.698403850197792 0.4955203682184219 0.3211066275835037 0 1.220655024051666 0.4800995513796806 0 0 7.681501902639866 16.30445270985365 5.943130195140839 4.326972663402557 27.80649526417255 14.29484091699123 10.10402847826481 4.554745703935623 0 0 0.08986178040504456 0.6198458075523376 1.116890862584114 3.482118956744671 19.23714944720268 5.588681444525719 0 18.79541772603989 1.004472307860851 1.752077400684357 0.4364562630653381 0.494359478354454 6.412485420703888 11.5605675727129 3.261200048029423 23.35424190759659 0.08312516659498215 0 0 0.2381531447172165 0 0 0.2556541562080383 0 0.5503837540745735 0.1365970075130463 6.233826890587807 1.433099612593651 0.1893883571028709 100.277587428689 27.02589997649193 0 3.387423723936081 19.13992723077536 0.797560840845108 4.468260481953621 2.498742736876011 0.09684446454048157 0.2895845919847488 21.90352752059698 11.80692790448666 12.74094425141811 7.449435509741306 23.15942266583443 0.7799037173390388 2.65601409226656 5.684958219528198 2.192690521478653 1.988439843058586 2.576635524630547 0 0.2257667779922485 0 0 0 0 0.1833257973194122 0 0 0 0.231803186237812 1.035172082483768 0 0.1374936550855637 0 0.5572010278701782 1.091502532362938 0.1903620809316635 0.8635634556412697 0 0 0.2335331588983536 0 0.6522467508912086 1.710929214954376 8.559749431908131 6.666601583361626 6.713658981025219 0 0 0 0 0 0 0 0 4.200921393930912 0 0.2400272041559219 0 12.79628380388021 0 0 0 0 0.7500849738717079 2.48917169123888 0.3998616561293602 0 0 0.3109221607446671 0 0.6145563572645187 0 0 0 0 0 0 0 5.835760615766048 2.913542181253433 0 0 0 0 0 0 1.173656709492207 0.6509637162089348 0.3110494613647461 0.1824906766414642 0 0 0 0 0 0 0 0 0 13.7491255402565 8.344821251928806 7.717825889587402 96.29325766861439 5.147943682968616 121.5603786483407 19.50819148868322 142.8183919638395 2.321319214999676 0 5.229296535253525 30.86431435495615 0 4.122992552816868 0 76.94489540159702 0 0 0.31922647356987 2.727964788675308 0 121.2741115391254 15.77857153862715
1984.91122251749 1179.452429279685 40.84540859609842 2743.713959306479 1363.083946637809 1501.582892149687 1970.855484820902 31.14294958114624 468.7024004235864 1841.411520421505 264.2545462325215 2010.55109731108 6390.488866180182 623.0627704113722 16.34870050102472 7.257338330149651 23.35885610431433 0.6997176334261894 0 0.2866464257240295 19.85069325566292 0.3144359141588211 18.87971518188715 12.15173903852701 62.21320936083794 24.93199540674686 24.55941592156887 3.447350561618805 3.297714985907078 3.763003528118134 58.13613125681877 0.4007959216833115 331.7305385172367 4.61747482419014 10.98447625339031 15.21302963793278 240.5905580297112 76.68049594014883 64.93118457496166 69.40680364519358 111.2150598838925 21.41028694063425 0.2623048424720764 1.240575082600117 0.5273755788803101 1.88413093239069 38.71472672373056 4.446226984262466 5.120743297040462 0.970022439956665 0.8274103850126266 8.099996283650398 7.140691310167313 0.732502318918705 0.1061981767416 0 47.3377633318305 116.1890544518828 14.54962035268545 11.201634734869 66.29136867821217 163.1449391692877 82.47120645642281 4.680734679102898 0 0.114163763821125 0.7802396714687347 2.044594801962376 10.17593118548393 9.961851760745049 709.9830790385604 79.63584962487221 0.7045423686504364 43.64154402166605 2.660384960472584 1.921049617230892 0.4109107553958893 0.523828998208046 5.330942265689373 2.466643169522285 12.65760383754969 18.39576317369938 0.1056738197803497 0 0 0 2.642598673701286 0 1.350493274629116 2.60852974653244 1.176615498960018 1.335862852632999 45.34355510026217 11.27837305516005 3.062694132328033 1318.573804967105 166.3813776001334 0 20.99087376892567 1007.861804142594 6.747567504644394 32.59874583035707 21.32088065892458 2.684477791190147 0.4377479329705238 144.9581764340401 112.5246848613024 107.8967353329062 45.94330944120884 206.5490615218878 7.805591866374016 19.64669642597437 39.2744849845767 17.00112007558346 19.40597724169493 25.41077015548944 1.091807499527931 1.112524226307869 0.2865481004118919 0 0 0 2.268029808998108 0.1052625626325607 0 0.8837300539016724 1.317770801484585 8.142729923129082 1.821378737688065 2.312098018825054 1.144751466810703 9.000485889613628 7.160850077867508 1.689998403191566 9.955151580274105 0 0 0.1415950059890747 0 11.42546117305756 5.212254136800766 70.33806268870831 56.78700255602598 45.92439237236977 0 0 0 0 0 0 0 2.879926145076752 44.53904902935028 0 2.751541167497635 0.1614211648702621 83.46270666271448 0 0 0 0.0988314226269722 2.780745461583138 17.00357441604137 1.814365491271019 0 0.1981513649225235 3.022214785218239 0.5554113760590553 0.4471919983625412 0.1665674522519112 0 0.3969229161739349 0 0 0 0 37.12157279998064 20.56988842785358 0 0 0 0.4085162878036499 0 0 5.612922146916389 8.799605764448643 0.5105993151664734 0.5557064041495323 0.467482402920723 0 0 0 0 0.2084045335650444 0.1036679968237877 0 0 103.3351482152939 64.5424268245697 35.77701582014561 1419.944290399551 24.4369403719902 252.2534771263599 46.77934430539608 1353.357815116644 11.39973956346512 0.9981231689453125 15.23775395750999 459.9234311059117 0.5210329592227936 20.17661012709141 0.5958834439516068 854.0436331853271 6.150765180587769 0.5701667666435242 1.141291752457619 8.595420718193054 0.6369060277938843 1587.04826772958 188.9865474328399
374.1822506114841 2678.068462774158 2484.10947997123 357.4310792908072 3508.516444854438 44.76558212190866 1347.202282696962 2043.588256910443 2370.954481601715 264.2545462325215 2295.683790013194 426.0932938233018 2911.070228166878 4940.581215947866 64.8874539732933 59.02592831850052 49.44750037789345 0.817318320274353 0.1596030443906784 1.323031671345234 118.5204233154655 0 138.9277604743838 72.68667903542519 457.4383444190025 126.0887961611152 141.9617408216 21.57134978473186 7.894048057496548 21.48200546205044 325.728049710393 9.771893531084061 2026.138570055366 49.96430728584528 129.1154244989157 325.390551827848 1358.38686414063 522.8987993299961 54.92634787410498 236.2477802187204 279.1365917399526 37.22493683546782 1.373624227941036 3.715945601463318 0.1166371926665306 4.590272650122643 94.65567333996296 7.165171802043915 14.56472091376781 2.999063417315483 1.950768500566483 0.8246145695447922 3.273641616106033 1.862521834671497 0.1576387360692024 0 34.61154633760452 109.6378074213862 12.91555055975914 19.89194773137569 92.34101596474648 1448.575079761446 121.2588087692857 22.43805170059204 0 0.3589644283056259 0.991679422557354 2.887080252170563 11.46619449555874 20.12505635619164 190.010648816824 2.557349897921085 0 65.10695358365774 6.613951094448566 7.472095981240273 1.981996767222881 0.2309399396181107 92.93666444718838 248.297912709415 13.32881024479866 370.4260708540678 0.4780964329838753 0 0 0.237348236143589 3.704057082533836 0 2.532800666987896 0.1107882335782051 3.129956983029842 1.422851234674454 83.6383750513196 17.07362707704306 2.791667096316814 130.9310463219881 31.59830555319786 0 4.475153513252735 72.74475515633821 1.442904494702816 3.075525015592575 2.184724010527134 0.8796591833233833 0.2626930549740791 21.09052890539169 10.25147818028927 10.07933072000742 5.543190240859985 23.42252732813358 0.6440080553293228 2.104146838188171 5.994442254304886 1.468200318515301 3.424953036010265 4.646103978157043 0 0.1319835484027863 0 0 0 0 0.1432633846998215 0 0 0 0.2251925095915794 0.8786894530057907 0 0 0 2.019464217126369 2.273891419172287 0.1489646881818771 1.552731730043888 0 0 0 0 2.943126291036606 1.13822066038847 12.39913834631443 10.73208320885897 8.325801618397236 0 0 0 0.08431863039731979 0 0 0 0.5930953919887543 2.952333733439445 0 1.016918957233429 0 20.30398953706026 0.1222459524869919 0 0 0 1.675361558794975 3.100456617772579 0 0 0 0 0.5252966806292534 0 0 0.08577999472618103 0 0 0 0 0 7.880962431430817 3.387654289603233 0 0 0 0.1143364906311035 0 0 1.108142897486687 1.700968682765961 0 0 0.24906275421381 0 0 0 0 0.1478489935398102 0 0 0 14.55659845471382 13.56172472983599 4.521710395812988 162.723771199584 10.84005810320377 322.8468769043684 41.01267718523741 254.5783973038197 8.074915379285812 0.2638690173625946 8.067461706697941 33.79538989067078 0.5036068111658096 3.101885087788105 0.3194993436336517 59.40848845988512 0.6325785517692566 1.067738056182861 0.6040468811988831 6.647460713982582 0 105.1225734949112 20.80918586999178
451.749360717833 292.3614998683333 102.2720720469952 997.611302100122 118.3375265523791 124.120831489563 965.9849547147751 158.3588505238295 175.7117717713118 2010.55109731108 426.0932938233018 67.00889670103788 235.5957617387176 98.07227076590061 7.09893698990345 3.535713441669941 6.605723567306995 0.252862237393856 0 0 16.42805359512568 0.7483085989952087 12.23609215021133 14.13469252735376 50.80925416946411 77.7953217253089 15.46550191938877 36.8554407581687 11.9835187420249 5.02835489064455 33.89898099005222 0.8350642025470734 115.4840461686254 3.347866550087929 6.979458957910538 14.22866208851337 228.6643233969808 131.3063751906157 182.491800762713 95.62825532257557 73.61129064112902 18.97471914440393 0.2826125919818878 0.7768237963318825 0 1.768927484750748 17.74829310923815 1.236820854246616 4.045860424637794 0.5957417115569115 0.5643177703022957 0.8627412840723991 10.85590770095587 7.138455264270306 0.119322195649147 0 7.604112580418587 20.84979552030563 1.445866391062737 3.334553152322769 23.16486670821905 25.50574819743633 23.89921173453331 1.695942997932434 0 0 0.2896655201911926 0.4240333586931229 1.861708402633667 3.408651277422905 617.4784980267286 4.815235815942287 0 13.18690954148769 1.25869495421648 0.8284849226474762 0.4857820421457291 0.602922648191452 1.028233289718628 2.425307177007198 3.021579429507256 8.100908257067204 0.08526885509490967 0 0 0 0.8916526883840561 0 1.012836068868637 0.1218865811824799 0.2870341092348099 0.1945658028125763 18.52093628793955 4.913032837212086 4.996975921094418 683.5462438687682 114.9151961281896 0 49.88124972581863 37.81339675188065 1.445063680410385 2.305184476077557 1.963512539863586 0 0 18.0901803150773 9.081090472638607 11.49457112699747 4.461195595562458 15.88004159927368 0.4044316634535789 2.116568550467491 5.262495495378971 2.315727420151234 2.00341934710741 3.045489504933357 0 0.8416510224342346 0 0 0 0 0 0 0 0 0.1259205192327499 0.7152270674705505 0 0.2517555877566338 0.1198920905590057 1.754724629223347 1.289302572607994 0 1.250198021531105 0 0 0 0 0.9364010691642761 0.8600802347064018 6.886640764772892 11.49469331651926 8.492259234189987 0.09227388352155685 0 0 0 0 0 0 0.08107199519872665 4.221712827682495 0 0.4877817630767822 0.1306065320968628 17.14714029431343 0 0 0 0 0.6751751899719238 2.266395539045334 0 0 0.1242855936288834 0.072529137134552 0.2958071380853653 0 0 0 0 0 0 0 0 5.867138989269733 2.911419905722141 0 0 0 0 0 0 0.3976200968027115 3.098423175513744 0.7395534068346024 0.1563281118869781 0.1103499308228493 0 0 0 0 0 0 0 0 14.25689256936312 10.49497581273317 4.331304989755154 110.365320160985 2.437205664813519 55.43388219922781 14.66990249603987 132.2261834591627 6.025520123541355 0 2.61207602918148 27.412065140903 0 4.373945720493793 0 64.78157967329025 0 0 0 4.114588096737862 0.4385218396782875 225.4798882976174 23.13805730640888
488.3958555832505 1179.147325545549 281.960914902389 1676.635261788964 727.4544294551015 53.82659329473972 3138.648353226483 670.7091719955206 1160.433915480971 6390.488866180182 2911.070228166878 235.5957617387176 297.2676872983575 450.821330294013 13.80060395598412 12.24400725960732 10.39421378821135 0.8344346880912781 0 0.5908708721399307 17.13646844029427 0.6961776837706566 12.48171010613441 22.55425374209881 94.30652011930943 65.45337690412998 52.65482491999865 36.81305625289679 46.70026703178883 13.80418990552425 58.04191890358925 1.012454360723495 88.94727998226881 1.388655260205269 7.711055792868137 10.45294259488583 1394.285124823451 255.3543514758348 251.0279761552811 622.3896304816008 58.39205596596003 9.193431667983532 0.8290988504886627 1.557887271046638 0.2862563654780388 1.711640223860741 30.25030789524317 1.857190392911434 5.090718232095242 0.3943155854940414 0.1851467341184616 1.286125414073467 7.049312993884087 13.19330375641584 0 0 10.56371319293976 31.14226607233286 5.68914769589901 5.657856978476048 41.86706498265266 35.84183715283871 30.94293187558651 2.881322376430035 0.1670753806829453 0.1602528318762779 0.4554882720112801 0.7828300148248672 0.97646664083004 4.688944332301617 340.0271732583642 1.380910612642765 0 21.30212163925171 1.554878160357475 1.651451274752617 0.7672456800937653 0 2.791848339140415 6.396965734660625 3.837235301733017 11.61766767501831 0.08668097108602524 0 0 0 1.491309106349945 0 0.3496085181832314 0 1.03808031976223 0.5916664376854897 21.05048628151417 4.357392974197865 7.760351754724979 329.1754153817892 22.93559104204178 0 34.59074456989765 34.77603352814913 1.066446095705032 1.143973417580128 1.844814501702785 0.4177681654691696 0 8.328200541436672 4.788311064243317 5.712345637381077 3.704624839127064 7.833403870463371 0.1203935667872429 1.214106053113937 2.705586396157742 0.7482709288597107 2.021987691521645 1.619822755455971 0 0 0 0 0 0 0.2276969030499458 0 0 0.4982142671942711 0 0.2380330339074135 0.1477765738964081 0.4676321446895599 0 0.7425188422203064 0.9670849740505219 0.4250289499759674 0.2728441804647446 0 0 0 0 0.3363415449857712 0.150842159986496 3.97804418951273 4.875579908490181 4.665943928062916 0 0 0 0 0 0 0 0.1149877458810806 4.530764177441597 0 0.551862508058548 0 15.67412279546261 0 0 0 0 0 1.323364429175854 0 0.1144156232476234 0 0 0.08649572730064392 0 0 0 0 0 0 0 0 3.713530607521534 2.858902461826801 0.1317282915115356 0 0 0 0 0 0.07614284008741379 1.107563428580761 0.1140067279338837 0.1413819044828415 0.08553289622068405 0 0 0 0 0.1777208894491196 0 0 0 6.555805556476116 8.840648494660854 3.446045555174351 114.8673685565591 5.654183015227318 102.3807579055429 17.17624554038048 135.132732719183 2.119290769100189 0 2.913163840770721 19.36399331688881 0.1192190200090408 1.60637529194355 0 35.41397716850042 0 0 0 4.541737526655197 0 82.76942926645279 8.527949579060078
