187.9901572316885 1375.734593577683 686.2367898523808 952.8323037177324 17.35065480321646 142.3912473469973 281.7548959702253 67.62002864480019 12.03367732465267 1166.533482514322 113.6103461608291 245.1337127834558 140.4678571671247 40.91264640539885 1.695549353957176 0.1234623193740845 0 0.1228236928582191 0 0 0 0 0 0 0 0 0 0 0 0 1031.043631285429 2.605398029088974 0.7499574422836304 0 0 0 2.137509435415268 0.1068129539489746 0.5511308461427689 0 0 0 0 0 0 0 2.778610542416573 0.9384623840451241 0 0.3384875357151031 0 0.2256027460098267 0 0 1.713721081614494 4.767745971679688 166.1452379599214 928.8243547827005 33.225147806108 7.566239729523659 0 0.6808584034442902 0.09676718711853027 1.964060105383396 0.6519547700881958 0.4388375654816628 0 0.1182561591267586 0 0 3.004352062940598 0.9763150066137314 0.2698650062084198 149.3556011915207 7.209477938711643 15.55179062485695 0.5316416621208191 0.2430855333805084 0.7066826820373535 12.0887580960989 0 0.8553275689482689 6.706057280302048 0.1374188661575317 1.352277271449566 1.748241156339645 0.342052198946476 0.4134320169687271 0.122675895690918 0.2435809373855591 0.1134049892425537 0.24080590903759 0.5811968892812729 0 0.1040339842438698 31.06750087440014 3.312982022762299 0 0.4233834594488144 928.4285089373589 1.128487184643745 6.626905664801598 11.69020430743694 2.209814429283142 11.12862429022789 32.85441459715366 6.499239236116409 8.991408735513687 14.6256577372551 6.522485613822937 5.767711907625198 11.28975130617619 16.00461106002331 8.852843344211578 2.364751204848289 0 1.124626010656357 0 0 0 0 0 0 0 0 0 0 0 0 1.319714903831482 0 0 0 0 0 1.13328230381012 0 0 0 1.87146383523941 0 0.0970345139503479 1.864441052079201 0 0 0 0 0 0 0 0 1.707764238119125 0 0 0 0 0 0 0 0 0 0 1.691262722015381 2.106226295232773 0 0 2.437421798706055 0 0.1518452316522598 0 0 0 0 0 0 0 5.404226437211037 0 0 0 0 0.9389110207557678 0 0 0 0 0 0 0 0 0 0 0 0 0 0 0 2.756541505455971 0.3753566145896912 0.1676862239837646 308.8643632233143 1.195258647203445 50.41150885820389 8.52637854218483 627.0588600561023 4.642077744007111 1.390069633722305 0.178465411067009 27.00080980360508 0.2810384035110474 2.18549644947052 0.9598895907402039 61.66301533579826 0 11.94540643692017 0 0.1500713378190994 0 150.7453509420156 7.328770399093628
1375.734593577683 3756.294978201389 1253.681536853313 548.0225807204843 2590.699088387191 137.7743382826447 4362.795529894531 246.9359248429537 1077.60826601088 1275.557486243546 620.5345235317945 162.9933856278658 1462.080981351435 629.3799422308803 38.92924772202969 10.23647315055132 0.6004291921854019 0 0 0 0 0 0 0.1203166171908379 0.5988907217979431 0.1302478164434433 0.209524393081665 0 0.9180934950709343 0.204348661005497 2372.314017653465 62.43733538687229 17.55301433056593 0.1154297068715096 0.3594848811626434 0.1943373456597328 12.51162393391132 2.038603462278843 2.521879129111767 0.9383623450994492 0.2252078726887703 0.4688835442066193 0.3442265093326569 1.350788533687592 0 0.1279509365558624 191.370720282197 9.24955940246582 1.26962860673666 0.40721645206213 2.013276427984238 0 0.2089227586984634 1.826147690415382 15.34437807649374 32.30419557541609 82.18699257075787 918.7474835589528 46.6734055057168 140.3811191469431 0.782842755317688 4.267193846404552 0.9579907134175301 82.74645248055458 11.44778380542994 14.58039269596338 0.8613074570894241 0.6755318269133568 0.2710845693945885 0.1842820346355438 31.09339126944542 0.6946571990847588 0 562.2923344820738 161.5001584216952 361.674867361784 46.93020543456078 7.720959670841694 0.6612470075488091 23.09853429347277 0.5460682958364487 3.384874939918518 57.1441595107317 1.163450077176094 29.0784917101264 16.51085699349642 4.431504257023335 0.2240642756223679 1.718624092638493 0.1139582619071007 2.844538845121861 0.8823828175663948 0.3510948717594147 0.8041444420814514 1.009993739426136 74.58308208733797 9.419492959976196 0 3.545243285596371 865.3359264284372 1.026163309812546 8.675438553094864 13.98520517349243 4.577959656715393 15.43783135712147 51.33826790750027 10.32722237706184 7.9498111307621 37.52158497273922 13.694828979671 10.62729530036449 45.27660232782364 52.93315980583429 30.74899969995022 22.89929334819317 3.42085063457489 0.6033584922552109 0 0 0 0 0 0 0 0 0 0 0.165374793112278 0 0 0 0.07795316725969315 0.1288094818592072 0 3.24361714720726 4.246119633316994 0 0.5623224377632141 0 5.523686468601227 0 8.61689804494381 2.125758290290833 2.439421199262142 0 0 0 0 0.1287306100130081 0 0 0 1.82292902469635 0 0 0 2.064197458326817 0 0.4312969744205475 0 0 0.4370667785406113 1.645640850067139 2.350153297185898 0 0.1270658522844315 14.68403932452202 2.806920692324638 0 0 0 0.1030877679586411 0 0 0 0 29.87001632153988 0.8468275964260101 0 0 0 26.93612575531006 0.5195972919464111 3.071466132998466 0.8248961567878723 4.176439940929413 1.077132500708103 0.08832017332315445 0 0 0.1150951161980629 0 0 0.142392098903656 0 0 0 15.87151294946671 7.202163405716419 7.707074917852879 450.6506445631385 20.39052518457174 543.9288721308112 79.12924411147833 447.1733068227768 9.50248596817255 1.486135877668858 4.921725831925869 40.88774717599154 0.194261834025383 15.63988430052996 1.988532543182373 46.84688451141119 0 2.679525546729565 0 2.623953379690647 0 158.0488879010081 26.24196697771549
686.2367898523808 1253.681536853313 1300.66750446707 74.17765346169472 469.0517354384065 30.58179175853729 102.4193425700068 2758.344361893833 611.3993642628193 9.837882518768311 3150.274718262255 32.1406342163682 278.5001842305064 1889.134605489671 18.15459952503443 21.24331396073103 0.4197806864976883 0 1.040184691548347 0.4538286328315735 3.445276707410812 0 2.650193557143211 1.212609127163887 0.2590492963790894 0.1546114683151245 0 0.1149495914578438 0.2685927152633667 0 3917.45203448832 298.0872127637267 114.0840637460351 0.6559889912605286 2.012628093361855 0.4972594678401947 46.23141524940729 3.370936386287212 6.754729881882668 0.4865027964115143 4.127088755369186 2.778469458222389 7.007455453276634 1.619811780750751 0.7426828742027283 0.483210876584053 53.08360103517771 1.714826099574566 1.041356191039085 10.24705695360899 4.542753666639328 0.1193427294492722 1.186360858380795 0.9559485763311386 2.561425812542439 6.291245125234127 22.49689906835556 476.2619757130742 13.18319584429264 31.85314913839102 2.780763074755669 17.4370140209794 0.3834979385137558 89.62369418889284 2.417655676603317 3.592938639223576 3.189239285886288 4.52592907845974 40.7267435118556 4.921061970293522 45.90805388987064 2.016620397567749 0 133.5921646952629 58.81754814088345 89.94566577672958 28.93833543360233 23.70859529078007 36.97090723365545 350.5945381969213 5.023397110402584 112.3078720793128 12.24298513680696 0.1333849877119064 6.284759916365147 3.577260285615921 9.33739510178566 0.0847918689250946 0.6631165519356728 0.1369667053222656 1.368186481297016 0.4663480967283249 31.50784733891487 0.9189645797014236 2.754828304052353 75.20709735900164 16.05431418120861 0 4.891947612166405 131.6631682291627 2.101913034915924 0.3045873939990997 4.320310533046722 0 8.088317394256592 15.11899766325951 0 1.222067445516586 5.937234222888947 1.069222867488861 2.4206832498312 19.71534167230129 15.12666046619415 9.57247868180275 10.17299185693264 0.2734092846512794 0.6981108114123344 0 0.1184631288051605 0 0 0.1497507989406586 0 0 0 0 0 0.283599466085434 0 0.1641215980052948 0 0.2719778791069984 0 0 0.3326902389526367 2.161291480064392 0 0.5775917172431946 0 6.156943812966347 0.282200887799263 6.459511697292328 3.446139857172966 1.114697009325027 0 0 0.3752812147140503 0 0.1735071092844009 0.5863102674484253 0 0 0 0.2783786058425903 0.3543420881032944 0 0.2338737845420837 0.1961456835269928 0.3347904086112976 0 0 0.4115041643381119 4.072265043854713 0 0.2276996374130249 0.5086203217506409 4.411560446023941 2.685442984104156 0 0 0 0.1130993217229843 0 0 0.2433109432458878 0.1571920961141586 19.49312801659107 0.4853748977184296 0 0 0.4534017071127892 13.24148119986057 0.6905614733695984 2.180103734135628 0 0.8981724977493286 0.4155852496623993 0.1122442558407784 0.5697392523288727 0.1110938563942909 0 0 0 0 0.2440509125590324 0.1409429907798767 0 6.139865934848785 9.449497021734715 7.393354870378971 137.3976855352521 8.975188322365284 132.6710738688707 28.49506609141827 81.30484423786402 2.090688563883305 0.1065252423286438 1.957194618880749 20.06248091906309 0.9790668934583664 7.630801729857922 1.173199146986008 11.59241707623005 0.8026500344276428 4.225083440542221 0.1845723390579224 2.312955111265182 0.3005696833133698 24.20148596912622 6.837911188602448
952.8323037177324 548.0225807204843 74.17765346169472 298.2395577728748 30.36854517459869 365.7946317046881 689.5781459584832 2.700590364634991 3.545763105154037 1481.875074699521 3.387922033667564 1667.163802966475 1207.645531520247 58.28032198548317 2.785283051431179 0 0 0 0 0 0 0 0 0 0 0 0 0 0 0 104.5522286444902 1.120854012668133 1.073482528328896 0 0 0 0.4555069878697395 0.09660641103982925 0.09367155283689499 0.3713249787688255 0 0 0 0 0.1013829931616783 0 14.37149557471275 1.553050987422466 0 0.1158302947878838 0.09867849946022034 0 0 0 2.711119264364243 5.495216816663742 41.61498475074768 284.3836676105857 17.46481907367706 19.75932505726814 0 0.8783557862043381 0 2.553450524806976 0.7359278872609138 1.817608304321766 0.101097047328949 0.1140618994832039 0 0 0.4708307534456253 0 0 151.3173239305615 18.50619095563889 38.58609246462584 1.247061170637608 0.1163698211312294 0 0.1178407669067383 0 0 8.732262082397938 0.2577019408345222 3.09284220635891 2.616370648145676 0.2824305668473244 0 0.3215344846248627 0.1339460462331772 0.2301929667592049 0 0 0.3243391215801239 0.08878670632839203 13.50002029538155 16.69362127780914 0.2068037986755371 0.8338555842638016 591.545724183321 0.3720425814390182 4.592123255133629 6.716685235500336 13.70960937440395 2.791517421603203 14.63978864252567 1.524928063154221 3.200739026069641 8.103091031312943 4.375195980072021 0.2265027165412903 6.050124458968639 6.330341249704361 6.994609802961349 0.7230684161186218 0 0 0 0 0 0 0 0 0 0 0 0 0 0 0 0 0 0 0 0.9828587919473648 0.3566761910915375 0 0 0 0.1270398646593094 0 0.2235441356897354 0.1668244153261185 0.5786755681037903 0 0 0 0 0 0 0 0 0 0 0 0 0 0 0 0 0 0.1620585769414902 0.41800457239151 1.368194043636322 0 0 0.3033412098884583 0 0 0 0 0.1821951121091843 0 0 0 0 0.4532651454210281 0 0 0 0 0 0 0 0.1342390179634094 0.1245816648006439 0 0.622614860534668 0 0 0 0 0 0 0 0 0 1.500435411930084 0 0 64.7466134801507 1.153168261051178 75.34312240034342 6.219552621245384 221.6063378155231 1.47704716026783 0.1662814170122147 0.6912826001644135 11.17554774880409 0 0.9699319750070572 0.1061898469924927 18.69206102192402 0 0 0 0.3875192403793335 0 108.1202363371849 3.388157933950424
17.35065480321646 2590.699088387191 469.0517354384065 30.36854517459869 1671.014427937567 3.471367090940475 2358.619469128549 81.63894810527563 5435.847391992807 236.8156620189548 874.494168125093 44.64192333817482 680.7088393494487 1029.316854134202 23.50908240675926 8.78434844315052 0.3048654869198799 0 0.09933078289031982 0 0 0 0 0 0.1305301785469055 0 0 0 0.1479756683111191 0 246.5071941465139 64.16768196970224 5.713282205164433 0.2163384035229683 0 0.1097000017762184 5.921143859624863 1.628511995077133 2.960394874215126 0.4760632887482643 0.1531252413988113 0.1238530352711678 0 1.184344507753849 0 0.1015676110982895 69.33508692681789 2.259518548846245 0 0.1316975206136703 0.3093282282352448 0 0.1943134143948555 0.1129331365227699 2.907729662954807 6.20718539506197 7.582510516047478 94.43179557472467 4.248383015394211 38.88681546598673 0.3310718536376953 2.934042930603027 0 54.63729435950518 2.219083748757839 3.519610151648521 0.6096930131316185 0.2084055095911026 0.1425863206386566 0 22.63310717046261 1.503953158855438 0 90.3655273988843 59.90649726986885 122.1461146846414 39.84113580733538 11.58793676644564 0.2442485988140106 6.788312181830406 0.1112696528434753 3.371954776346684 10.16411629319191 0 6.780781030654907 3.777409069240093 0.5173540487885475 0 0.1127896383404732 0 0.9420792013406754 0.2259839773178101 0 0.3740885108709335 0.4876644164323807 89.27028905600309 4.897468686103821 0 3.030245393514633 4.768314823508263 4.703388169407845 2.169332921504974 15.62670066952705 7.520161002874374 22.71557861566544 57.70780539512634 2.986516356468201 18.87094016373158 25.49614974856377 14.86252370476723 19.89441019296646 59.05255672335625 86.04429130256176 44.49857018887997 29.9911680072546 0.3922557085752487 0.6678297519683838 0 0 0 0 0 0 0 0 0 0 2.293055988848209 0 0.1070440784096718 0 0 0 0 1.3691376298666 4.344179108738899 0 0.1745353639125824 0 8.501891896128654 0.4317978620529175 8.953699380159378 3.725507825613022 0.753407396376133 0 0 0 2.114765882492065 0 0 0 0.09482009708881378 3.649062275886536 0 0 0 0 0 0 0 0 3.356069713830948 2.720041006803513 1.953996121883392 0 1.877075508236885 12.63302911072969 1.968238055706024 0 0.1837055832147598 0 0 0 0 0 0 39.66620588302612 0.7690030559897423 0 0 0 39.80328005552292 0 1.458626508712769 2.80960875749588 5.362431108951569 0.9644415825605392 0 0.6219582259654999 0 0 0 0 0 0 0 0 29.26988555490971 17.85222532600164 14.25041907280684 170.6040767654777 10.3992652669549 173.4129077717662 39.52975764125586 6.825751408934593 2.413944706320763 0.9279549196362495 3.800066456198692 17.48829717189074 0 17.36293706297874 1.023809179663658 67.54312200844288 1.56978052854538 0.1045215800404549 0 2.012310609221458 0 41.37015769630671 20.75639356672764
142.3912473469973 137.7743382826447 30.58179175853729 365.7946317046881 3.471367090940475 17.37449209392071 81.25107572972775 4.131327643990517 2.093445673584938 665.7225110307336 5.804304748773575 166.1004697605968 121.7501998841763 19.32593023777008 1.929104469716549 3.636160813271999 0 0 0 0 0 5.349762380123138 0 0 0.3301720693707466 0 0 0 0 0 67.43252715468407 0.509078249335289 6.766845479607582 0 0 0 19.92694380879402 2.400903284549713 13.04820097237825 1.358676716685295 0 0 0 0.637974701821804 0 0.1297723203897476 4.15816131234169 0.1292159706354141 0 0 0.1706550717353821 22.6682745590806 5.59876261651516 0.849101647734642 1.505910694599152 0.3187534660100937 237.2318543195724 57.40515410900116 9.372965626418591 1.006155215203762 0.828895777463913 2.518056407570839 0.3202506303787231 0.6094962954521179 0 0.2363037243485451 0.1258625984191895 0 0 0 72.53862728923559 229.6690685003996 31.34453296661377 27.21551243215799 2.601473554968834 7.402514405548573 0.8534269630908966 1.087910190224648 0 1.734011940658092 0 2.420127674937248 0.5684881284832954 0.5929113626480103 0.2268184125423431 0.1668863743543625 0.228963702917099 4.616786994040012 2.288176022469997 17.85119036585093 3.094601966440678 4.796375207602978 0 0.1504883319139481 1.9601886048913 213.4949257224798 217.6374732553959 27.76889536529779 46.92337537556887 210.5293269604445 1.417989552021027 0.2917847633361816 1.553442925214767 1.755655199289322 4.631646484136581 11.21220953762531 1.866252213716507 3.661074370145798 7.791255801916122 2.99721622467041 0.9691842198371887 7.271217659115791 11.63356257975101 3.357366278767586 0.9724945425987244 0 0 0.1139066368341446 0 0 0 0 0 0.1344243437051773 0 0 0 0 0 0.1183813139796257 0 0.3386026695370674 0 0.1404531747102737 0 0 0 1.163819372653961 0 0.1710927188396454 0 1.500960074365139 2.298779748380184 0.4933762848377228 0 0 0 0 0.2687609493732452 0 0 0 0 0 0 0 0.4619285687804222 0 0 0 0 0 0.646049439907074 1.037405773997307 0 0 0 0.2864334285259247 0 0 0 0 0 0 0 0.1212547719478607 0.8865679204463959 6.519013226032257 0 0 0.1089464575052261 0.2850971817970276 0 0 0.4298696219921112 0 0 0 0 0 0 0 0 0.2134307846426964 0.5716445595026016 0.2283791825175285 0 1.084358602762222 1.710314378142357 1.287509068846703 21.38071308284998 0.293487161397934 19.49842536449432 2.615173473954201 197.7992871403694 11.46203987300396 0 0.2490244358778 5.709560461342335 0 2.163765780627728 1.773802071809769 25.74896951019764 0.3963992893695831 0.1478231996297836 0 0.1757332980632782 0 84.25141210854053 11.01304563879967
281.7548959702253 4362.795529894531 102.4193425700068 689.5781459584832 2358.619469128549 81.25107572972775 1357.148878015578 9.091921441257 2490.716007247567 1996.076742097735 411.8197164461017 550.7125300839543 2748.724530436099 2165.998465560377 17.63863629847765 7.929793290793896 0.3511778190732002 0 0 0 0 0 0 0 0.1175682470202446 0.1221491694450378 0 0.3595798462629318 0.3866573423147202 0 217.3841600865126 23.62951610982418 6.103692948818207 0.1402523219585419 0 0.4582579061388969 7.68913359194994 0.5084314942359924 2.0907316878438 0.09316775947809219 0 0.3954067081212997 0.09403986483812332 0.8580249771475792 0 0.3430170863866806 86.06554741412401 3.869230538606644 0.1146460324525833 0.2749441340565681 0.2749587148427963 0.1621857583522797 0.1269100308418274 0.1284802407026291 4.825263060629368 13.30914063751698 29.27454447746277 264.5538811534643 17.8632970303297 64.38644080609083 0.09006519615650177 1.524695858359337 0.1154987514019012 33.38561750948429 3.63372491300106 5.442374132573605 0.3238745108246803 0.608825109899044 0 0 23.92246763408184 1.787332475185394 0 225.414532057941 72.63826211541891 159.5927570983768 29.01185878366232 6.831108547747135 0.1080425754189491 2.659387715160847 0 0.8443863689899445 22.74618555605412 0.3452828302979469 9.628920190036297 7.087423764169216 2.544101625680923 0.2125454396009445 0.4640931412577629 0.3109479993581772 1.394672840833664 0.2867583781480789 0.09114797413349152 0.1296611726284027 0.365802176296711 94.71259249001741 12.69545693695545 0 0.8949896618723869 65.74938873946667 2.258922263979912 10.86612704396248 22.47913247346878 10.35661743581295 46.67575993388891 123.6456113010645 10.02292300760746 41.68679079413414 57.39931309223175 25.45724828541279 11.63696867227554 174.6425018757582 130.524461530149 82.47122725099325 33.73737049102783 0.3155592679977417 0 0 0 0.8059739470481873 0 0 0 0 0 0 0 0 0 0 0 0.08153790235519409 0 0 12.9257108271122 10.31470985710621 0 0.2247208207845688 0 8.874077782034874 1.546675622463226 13.26704452931881 2.51884688436985 0.728509783744812 0 0 0 0.143767461180687 0 0.2059083804488182 0 0.709216445684433 2.150549605488777 0 0 0 0 0 0.3350134193897247 3.131633877754211 0 1.102551139891148 2.845977857708931 8.594053581357002 0 5.398847490549088 18.05751717090607 3.488070487976074 0 0 0 0 0 0 0 0 51.28549575805664 1.093193158507347 0 0 0 32.88010208308697 0 1.655450642108917 2.219532296061516 0.4679118245840073 2.115338511765003 1.727861285209656 0.3467143476009369 0 0 0 0 0 0.1505031883716583 0.1362626701593399 0 36.76544326543808 12.05060391128063 10.64715600013733 203.1746479943395 7.71789925545454 241.6153881698847 40.41264646500349 139.2496337518096 3.488584384322166 0.6503610461950302 2.622189916670322 60.23749630153179 2.261035919189453 29.09315326809883 6.427805103361607 112.8784646391869 0 0 0 2.090808920562267 0 214.4741340503097 55.43833289295435
67.62002864480019 246.9359248429537 2758.344361893833 2.700590364634991 81.63894810527563 4.131327643990517 9.091921441257 1853.649790465832 153.3170374780893 0.7129974216222763 2267.558404937387 11.02333641052246 124.1456135064363 1420.740999013186 23.9855709373951 48.24776900559664 2.525452449917793 1.696889564394951 0.1580089032649994 5.360127791762352 17.14225944876671 0 23.10921074450016 11.52086491882801 3.242835462093353 1.536305204033852 0.4539669156074524 0 0 0 1855.172264918685 2621.320363849401 54.79353512823582 8.685666486620903 9.875853151082993 5.617006435990334 35.58033362776041 16.20089051127434 22.65414632856846 4.219415903091431 24.78437335789204 13.25057894736528 47.74348174035549 33.04576671123505 3.546287141740322 1.688710518181324 63.74286061525345 5.136366039514542 1.007904447615147 49.29302050173283 11.4581591412425 0 2.686997383832932 2.22688551992178 1.725694462656975 2.986518763005733 7.709594018757343 207.8036980777979 5.303159803152084 17.39257334917784 41.25614830851555 100.0275762379169 0.3402655869722366 203.2204857617617 1.23707577586174 7.635796904563904 14.78482930362225 30.21187055110931 178.8141229301691 39.29906291514635 40.21045334637165 8.043068468570709 0.8581622540950775 78.52356193214655 74.31305333226919 82.53267524391413 52.92678261548281 268.8913983181119 987.7000569775701 1388.37142573297 75.63078043609858 775.7963690683246 7.712317258119583 0.09677253663539886 5.348494201898575 6.224493362009525 36.22555196285248 0.09004506468772888 1.504001766443253 0.3118419945240021 6.598626516759396 2.614568039774895 161.3599350303411 3.371674478054047 7.652210161089897 15.29595095664263 5.177965462207794 0 13.54753629118204 20.14994132518768 2.396589159965515 0 0.4801231026649475 0.2117315977811813 5.802598059177399 1.996070921421051 0 0.902729794383049 1.738832086324692 0 0.5777351260185242 7.605739027261734 5.969513058662415 1.351680517196655 3.53589528799057 0.3505093902349472 0.3499488681554794 0 0 0 0 0.1803616583347321 0 0.2676546275615692 0 0.1107039973139763 0 0.697464682161808 0 0.6969032809138298 0 0.9141227230429649 0 0.1173881813883781 0.5337013602256775 1.323287725448608 0 1.128229454159737 0 2.618286177515984 0.5417565703392029 7.231990240514278 2.078927740454674 2.858684659004211 0.2083939462900162 0.3484011813998222 0.8466544449329376 0 0.3344201743602753 0.5035610347986221 0 0.3006445467472076 0.8017580509185791 0 0 0.2777945771813393 1.578966088593006 0.2749359384179115 0.3683268427848816 1.347565531730652 0 0.6689817607402802 0.6994870603084564 0 0.1204443201422691 0 2.612976342439651 0.8785841017961502 0 0.6922668218612671 0 0 0.5009844377636909 0.5754959136247635 1.538596607744694 1.165591478347778 10.07451921701431 1.96738675236702 0.4062354117631912 0.1793335527181625 1.870034225285053 3.628311842679977 0.5835400819778442 1.722775742411613 1.056081429123878 0.9318582117557526 0.738094225525856 0 0.6737818568944931 0 0 0 0 0 0.2393893897533417 3.138258218765259 0.1940251737833023 4.821785941720009 3.96263674646616 4.726252324879169 133.2098682746291 17.53722313046455 146.194307051599 44.16537994146347 7.207226604223251 2.126823946833611 0.1605385094881058 2.046902909874916 9.312797337770462 1.167969584465027 5.014009386301041 1.313882768154144 9.006821095943451 0.198991134762764 0 0 1.925086081027985 0 10.97427754849195 4.323405258357525
12.03367732465267 1077.60826601088 611.3993642628193 3.545763105154037 5435.847391992807 2.093445673584938 2490.716007247567 153.3170374780893 1571.460963696241 182.9426249489188 1801.305399812758 56.30791837722063 1395.959254197776 1654.120780557394 19.05118010938168 21.08889796584845 0.2217378988862038 0.1049337163567543 0 0 0 0 0 0 0.1198695749044418 0 0.1029560118913651 0.1176390051841736 0.3297756910324097 0.1016777381300926 83.98164115846157 42.15242920815945 9.391547113656998 0.2138541787862778 0 0.3260794058442116 8.367095202207565 0.6075596138834953 1.222442045807838 0.6430598348379135 0 0 0.2070620357990265 2.843690104782581 0.1074714362621307 0.07813591510057449 36.9881889000535 0.3207785785198212 0.1028193458914757 0.2944626435637474 0.1039616167545319 0.1154326125979424 0.1290535479784012 0 0.9278826862573624 2.100142754614353 1.358363851904869 26.27579130977392 2.233289375901222 15.9848654717207 0.4821212142705917 3.074807018041611 0.2086369097232819 31.06888517737389 1.010564588010311 1.319817952811718 0.2060077860951424 0.2023501321673393 0.1927341222763062 0.09355191886425018 26.42254223674536 1.070699654519558 0 30.72352468967438 37.49065896123648 75.23593058437109 42.81146433204412 22.20785584300756 0.6402165219187737 9.158467300236225 0.2096351161599159 1.263298027217388 2.255614526569843 0 2.565238662064075 1.322151377797127 0.2970701456069946 0 0.2113377377390862 0 0.6255451440811157 0 0.4406472742557526 0.3659981489181519 0.4448925629258156 67.894575946033 4.043625794351101 0 0.8818085044622421 3.509994275867939 0.9527289867401123 1.910906076431274 11.35035878419876 10.74667198956013 24.33860974013805 64.401067905128 4.276789739727974 18.98527032881975 29.48287975788116 21.04876443743706 18.62209703028202 54.75672198086977 89.84876448661089 55.69860614091158 25.67044789344072 0.9752942770719528 0.984900951385498 0 0 0 0.1479188352823257 0 0 0 0 0 0 0 0 0.08761513233184814 0 0 0.09957603365182877 0 5.015618592500687 7.645418345928192 0 0 0 6.861302584409714 1.582149937748909 7.626428581774235 3.648187279701233 0 0 0 0 0.3639328181743622 0.1031637340784073 0 0 1.001047372817993 3.13072481751442 0 0 0.4456710815429688 0 0 0 1.01140558719635 0 2.932484373450279 0.8180549889802933 3.704917639493942 0 0 15.17123010754585 0.55740025639534 0.3018049895763397 0 0 0 0 0 0 0 42.05168476700783 0.3722741901874542 0 0 0 31.45716895163059 1.177339792251587 1.461552500724792 5.016008496284485 2.991788230836391 2.463664188981056 0 0 0.4642021656036377 0 0 0 0 0 0 0 32.94150660187006 12.96321438997984 4.116571024060249 111.954465970397 7.445215001702309 94.56499224156141 25.92760149389505 10.17973577976227 2.352741114795208 0.2271430194377899 3.85016605257988 30.23291753232479 0 15.61832605302334 2.285664081573486 41.71282337605953 1.189295053482056 2.436177507042885 0 2.845526739954948 0 66.77993050217628 34.58335850387812
1166.533482514322 1275.557486243546 9.837882518768311 1481.875074699521 236.8156620189548 665.7225110307336 1996.076742097735 0.7129974216222763 182.9426249489188 1460.858561754227 18.95738268643618 2483.09040736407 5211.338259354234 488.7665476128459 2.070282325148582 0.3345459178090096 0.2527624070644379 0 0 0 0 0 0 0 0 0.1039818897843361 0 0.105493076145649 0 0 87.33107779175043 0.6408213227987289 14.13006609678268 0 0 0.1012133359909058 9.577857464551926 0.3829924911260605 0.6415235474705696 0 0 0.09606020152568817 0 0.0913480743765831 0 0 17.5032562687993 2.011889562010765 0 0.1698891222476959 0 0 0 0 2.716420345008373 7.886945448815823 112.3821140527725 294.1046788692474 20.95127771049738 20.68249614536762 0 0.562485858798027 0 2.367052979767323 1.910502709448338 3.035568714141846 0.0995752140879631 0.09953207522630692 0.08647039532661438 0 32.77815847098827 2.842459201812744 0.1400694847106934 166.4917959198356 16.99697537720203 40.39946172386408 1.593602418899536 0.5944341272115707 0 0.4553872421383858 0 0.8927850499749184 11.58316270262003 0.2154821529984474 3.914186142385006 2.480881094932556 0.3217516019940376 0.1134282425045967 0.169159397482872 0 0.3112421631813049 0.2429456189274788 0 0 0.2232076227664948 159.2809122353792 54.65816061198711 0 1.822397015988827 674.6190931424499 1.966966405510902 17.62897863984108 44.41084825992584 24.52751992642879 44.70399217307568 196.9645551890135 44.84874068200588 58.12452475726604 122.2787184640765 78.65353347361088 15.13948994874954 165.4209356084466 230.3682924807072 133.3238003402948 23.43122833967209 0 0 0 0 0 0 0 0 0 0 0 0 0 0 0 0 0 0 0 2.84425562620163 12.60947488248348 0 0 0 5.828895226120949 0 0.6204964369535446 0.1688667088747025 0.2032508105039597 0 0 0 0 0 0 0 0 0.4701174944639206 0 0 0 0 0 0 0.3728471919894218 0.4323027729988098 2.712463811039925 1.246781036257744 7.82783642411232 0 0 5.594386830925941 1.080647014081478 0.1345657706260681 0 0 0 0 0 0 0 32.13519009947777 1.058930143713951 0 0 0 19.36141440272331 0 0.9798857420682907 2.388172850012779 3.076470896601677 0.4857531413435936 0 0.1008771955966949 0 0 0 0 0 0 0.2430837973952293 0 35.51034016162157 4.636235430836678 2.070092409849167 215.9658302366734 1.375250369310379 72.38518307358027 8.261808529496193 755.9188390225172 6.593392990529537 0.6001952886581421 0 93.46759456396103 0 7.605176508426666 1.015413999557495 213.421925470233 0.1277978420257568 0 0 0.1225854083895683 0 503.927154764533 104.8520671576262
113.6103461608291 620.5345235317945 3150.274718262255 3.387922033667564 874.494168125093 5.804304748773575 411.8197164461017 2267.558404937387 1801.305399812758 18.95738268643618 2835.240614362061 44.25702447444201 993.3752260953188 2918.551580183208 67.05878064036369 100.0717423483729 1.350850582122803 0 1.187443055212498 1.066290289163589 2.845317706465721 1.809218883514404 2.629641711711884 2.554660841822624 1.423732049763203 0 0.3016521856188774 0.3599421381950378 1.25914953649044 0 1224.612436793745 502.9770635291934 533.5271384268999 0.6209532022476196 0.4122918397188187 9.46466851234436 167.8522674590349 8.466931022703648 13.04923572391272 2.162334896624088 5.595941297709942 4.418654039502144 2.832062296569347 12.25212573260069 0.6661671102046967 1.830567017197609 105.5514990538359 3.454815991222858 0.9350353628396988 5.783864922821522 2.50649482011795 0 0.4796977937221527 1.831935420632362 1.786523327231407 5.684696339070797 7.797709070146084 174.8508516326547 9.781952358782291 51.0186009183526 3.863704308867455 34.51789982616901 0.5889126658439636 133.5379747077823 2.637941926717758 5.28096529841423 4.032840877771378 3.862771213054657 20.08814910054207 4.105142861604691 70.0883963778615 2.825927585363388 0.1280192136764526 111.0633662194014 118.4596960321069 223.5519828349352 124.8364969044924 83.46645227819681 88.83095863461494 1128.439060688019 13.5175736322999 232.4435956701636 13.40114343911409 0.3452563062310219 10.15622285753489 4.048143066465855 6.244983911514282 0.1124374344944954 1.321658805012703 0.4237768054008484 3.390491470694542 1.188387356698513 24.20284494757652 2.924018383026123 4.590168930590153 84.42608207464218 16.30218558013439 0 3.767343990504742 34.23921308666468 1.180220976471901 0 3.274796396493912 2.17358210682869 16.14290642738342 30.98953665792942 1.77412086725235 7.279576510190964 7.317928627133369 6.456448420882225 4.141860127449036 23.33658426254988 24.92991399765015 19.98293664306402 16.20974951982498 0.1839520856738091 1.046520359814167 0.4097789525985718 0 0 0 0 0 0.11864223331213 0 0.1149428859353065 0 0.7568043917417526 0 0 0.1712969690561295 0.3700411915779114 0.3075163289904594 0.3703067004680634 2.627862542867661 8.226328462362289 0 1.855972498655319 0 5.766569525003433 2.388886414468288 8.256038047373295 3.424247644841671 1.507782302796841 0 0 0 0.1942333579063416 0.4581670463085175 1.535263977944851 0 2.595459312200546 0.7388999611139297 0 0 0.2034321278333664 0.4212228506803513 0.1135014444589615 0.8616939932107925 0.4203115999698639 0 1.84890128672123 2.206710427999496 4.40097039937973 1.23919553309679 1.024359107017517 16.92684298753738 1.593556568026543 0 0.771701455116272 0 0 0 0 0.4080127254128456 0.1713907569646835 29.34187220036983 0.7949738800525665 0.4461781233549118 0.1228725537657738 0.8658384680747986 23.84954965859652 0.3453629314899445 2.824620172381401 2.661346808075905 3.086602233350277 0.3662408962845802 0.1332188248634338 0 0.1205359846353531 0 0 0 0.1689831167459488 0 0.674700453877449 0.1451336443424225 14.39726941287518 14.42444077134132 9.807160615921021 275.8982970565557 18.63083197176456 259.0631802603602 74.18664037436247 17.31955898553133 4.582930512726307 4.316441863775253 7.682669706642628 10.80539731681347 2.535713940858841 8.530615329742432 0.9852929338812828 30.25451666116714 1.245910853147507 0 0.2785205245018005 5.454471729695797 0.1271499991416931 27.01345355063677 11.28188040107489
245.1337127834558 162.9933856278658 32.1406342163682 1667.163802966475 44.64192333817482 166.1004697605968 550.7125300839543 11.02333641052246 56.30791837722063 2483.09040736407 44.25702447444201 162.1697651445866 1954.37566369772 221.598023660481 15.22895906865597 29.59778732806444 0.3678727969527245 0.2679111510515213 0 0.1883900612592697 0 0 0 0 0.3763147443532944 0 0.1062954515218735 0.1036530435085297 0.08961588144302368 0 22.59541361033916 6.056681126356125 25.02936211973429 0 0 0.6540079116821289 156.6665907129645 0.7880806177854538 3.226009286940098 0.5592579171061516 0.4434916973114014 0 0 1.858541309833527 0.1454968899488449 0.3184796124696732 18.95936451107264 0.6926237940788269 0 1.077560171484947 0.5073992908000946 0 0.1890068501234055 0.1381333321332932 1.32600973546505 2.650209337472916 15.62742447853088 74.77868085354567 5.992155268788338 12.69534090906382 0.4076126888394356 5.24987405538559 0.3035305291414261 9.022028394043446 0.8204534128308296 0.4952403604984283 0 0.5065998509526253 0.508901059627533 0.1330953538417816 101.5656934529543 6.240076027810574 0 55.5252623707056 15.15090253204107 30.63938730955124 19.44379945099354 12.76566999405622 0.3164931088685989 14.76606951653957 0.5050061643123627 3.952170208096504 3.477293469011784 0 0.6503354161977768 0.9682755321264267 0.1804451122879982 0 0.1969725787639618 0 0.6257008463144302 0 1.551243878901005 0 0 675.0881234407425 53.14593914151192 0 3.813409812748432 82.80780712515116 5.240455538034439 9.808320924639702 31.39568245410919 9.8252042979002 53.85703384876251 144.6546872854233 13.89532501995564 46.02464133501053 75.45795878022909 37.27614774554968 23.38566152751446 156.3291027322412 217.3596367537975 121.6256104037166 53.59894463419914 1.896026380360126 1.017962798476219 0 0 0 0 0 0 0 0 0 0 0.1625769585371017 0 0 0 0 0.161994531750679 0.09473738074302673 7.778100684285164 19.05687304586172 0 1.145043849945068 0 17.78499799221754 2.081068336963654 15.72785624861717 3.164533250033855 1.14207947999239 0 0 0 0.7110619246959686 0 0.1592583656311035 0 4.571699112653732 4.516003102064133 0 0 0 0.8643425405025482 0 0.8259930610656738 1.2123042345047 0.1799969673156738 5.969098523259163 8.615419447422028 1.815719276666641 0.07672420889139175 1.55115282535553 21.32399708032608 5.427712306380272 0.9661002159118652 1.225626558065414 0 0 0.3948740065097809 0.2895251512527466 0 0 99.79300703108311 0.3392864018678665 0 0 0 59.61945912241936 0.8669793009757996 5.078256785869598 6.058073423802853 7.695537596940994 1.048465706408024 2.502256080508232 0.6162651181221008 0.123397134244442 0 0 0 0 0 0.4839764535427094 0 108.4481443241239 37.41664693504572 13.06373951584101 95.97325507551432 4.418768979609013 61.49990803748369 22.00240943580866 183.2939191535115 1.860824704170227 0.108121782541275 1.12086209654808 46.42236465960741 0.6482984125614166 42.17531326413155 9.953146353363991 103.7383053004742 1.436458796262741 0 0.7795466035604477 0.506132036447525 0.7248910665512085 550.7835535034537 123.4427614286542
140.4678571671247 1462.080981351435 278.5001842305064 1207.645531520247 680.7088393494487 121.7501998841763 2748.724530436099 124.1456135064363 1395.959254197776 5211.338259354234 993.3752260953188 1954.37566369772 2630.090229079127 2862.750280171633 72.69688538461924 136.2874629348516 1.541898943483829 0 0.5259467214345932 0.1386560946702957 0 1.63775273412466 0 0.1001555547118187 5.339863322675228 0.1239156126976013 0.3207518756389618 0.3160980865359306 0.5610881075263023 0 129.1933721676469 49.9472521096468 380.8635374158621 0.4694017171859741 0.3448968157172203 1.012461610138416 263.6445751935244 24.42775414139032 103.5720672830939 4.127239927649498 1.293840177357197 0.6921522617340088 0.5974966436624527 14.62849204242229 1.188584268093109 1.294905804097652 110.7354479208589 3.313340403139591 0.3642201274633408 1.83561185002327 0.7094777226448059 1.366214543581009 0.1843619123101234 0.683295913040638 3.431509301066399 6.873563833534718 22.53277588635683 142.8827517554164 10.49482688307762 44.61667705327272 1.571689113974571 71.43838676065207 0.5697003155946732 61.87348337471485 2.0369036719203 2.877672731876373 0.6036652699112892 1.090913437306881 3.482259146869183 0.09252046793699265 342.2569319233298 12.49060523509979 0 141.1602734923363 90.38482886552811 187.6693239063025 117.9724694937468 78.5604479983449 3.115641921758652 83.87427894771099 2.662298381328583 34.3120925873518 13.4524194970727 0.2468150481581688 6.552158266305923 4.367608547210693 2.580945916473866 0.1433604508638382 0.3797060623764992 0.1155315414071083 1.517811559140682 1.263086818158627 3.646075680851936 2.731926463544369 4.492116838693619 1313.130585096776 87.59435688704252 0.1180596649646759 19.22077367454767 66.74574866890907 6.510782770812511 21.69122270494699 75.26655872166157 26.15434328466654 109.9795469194651 353.085274413228 23.17675949633121 106.1175673455 168.5868867635727 81.36957879364491 54.49124437570572 361.1003984808922 487.8544890880585 273.7880557328463 148.0866898149252 2.614787079393864 2.178540468215942 0.3737705051898956 0 0.09596948325634003 0 0 0 0 0.1691263020038605 0 0 0.2149142697453499 0 0.1398717761039734 0.1282411217689514 1.082670167088509 0 0 21.77538286149502 33.63082794100046 0 2.026789203286171 0 39.81853154301643 2.612454958260059 32.97466921806335 13.46327266842127 2.440554685890675 0.2165878117084503 0 0 0.382710188627243 2.042165830731392 0.4513605460524559 0 4.309656351804733 6.925922654569149 0 0 0 0.8623539581894875 0 1.378373548388481 3.17638586461544 0 12.29561834037304 15.27386119961739 9.956173360347748 1.606009244918823 3.344100773334503 59.69881273806095 13.2876081764698 0.6946296468377113 0.4242861270904541 0 0 0 0 0.1458840072154999 0 206.4028041064739 1.516935884952545 0.171360194683075 0 0 117.5340297520161 2.834801435470581 15.23292420804501 12.89836440980434 25.24463476240635 3.843323700129986 2.503600858151913 1.655200734734535 0.848387286067009 0.136651337146759 0 0.2418785840272903 0 0.3116526901721954 0.2182727754116058 0 208.4109895303845 74.24834228307009 29.81597580015659 370.7010482475162 23.15036282688379 299.6611286252737 99.91822274029255 202.376324236393 6.488641887903214 4.589253686368465 9.233316406607628 124.9296818003058 0.8218227922916412 83.23515859991312 16.49537408351898 231.2543999105692 2.050997212529182 0.6606996208429337 0.9642647355794907 7.973988339304924 0.1116291657090187 815.5992903262377 226.7295129969716
