243.7680859193206 2103.596766643226 764.9477186575532 1634.255651324987 48.60246393084526 223.8352734744549 647.1170613616705 171.9709054976702 1.559314735233784 1013.101477324963 70.61870750784874 89.86655405908823 140.4939111992717 118.2435593977571 3.309859283268452 4.694336667656898 0.436025008559227 0.1072945296764374 0 1.522007212042809 1.298698246479034 0 0 0 0.2087061554193497 0.144326388835907 0 0 0.4586152732372284 0 787.957364320755 5.043025732040405 95.36306585371494 0.2089249864220619 0 0 18.49418811500072 0.4488520920276642 0.8021950423717499 0.3934551998972893 0.1851370930671692 0.9312224090099335 0.1270194500684738 0.3499470502138138 0.1413141787052155 0 16.94461791962385 3.753027208149433 0.2838113382458687 0.7755359187722206 0.30368971824646 0 0 0 12.7916172593832 11.07402581721544 292.8889257386327 1281.189053870738 186.1150629892945 10.17154808342457 0.2614149078726768 0.8865611776709557 0 14.59601587802172 10.62293804436922 3.391622394323349 0.4414635896682739 0 0.9679583981633186 1.696100763976574 15.98905746638775 5.799399197101593 0.1727690845727921 411.0137237906456 90.27295429259539 21.39061240106821 7.940953865647316 3.433484360575676 0.5876199305057526 120.7962402701378 0.3960392028093338 19.13784262537956 17.78594859689474 0 4.842363633215427 3.974988862872124 0.8553264662623405 1.154947534203529 1.274013541638851 0 0.8121620193123817 0 2.823298387229443 0.717093750834465 0.1182875707745552 24.20551961660385 5.245393842458725 0 1.54423500597477 670.5231146216393 0 0.2231304496526718 0.450251042842865 0 0.1649602204561234 0.8199839890003204 1.97207909822464 1.10684871673584 12.91581971943378 0.1623404026031494 0 0.5465743988752365 0.7979780584573746 0.8810855150222778 0 0 0 0 0 0 0 0 0 0 0 0 0 0 0 0 0 0 0 0 0 0 0 0 0 0.3082591593265533 0 0.3611088395118713 0 0 0 0 0 0 0 0 0 0 0 0 0 0 0 0 0 0 0 0 0 0 0 0 0 0 0 0 0 0 0 0 0 0 0.5829875469207764 0 0 0 0 0 0 0 0 0 0 0 0 0 0 0.1485872119665146 0 0.126576691865921 0 0 0 0.5275908708572388 2.334088236093521 1.668939247727394 24.74841447174549 3.864602781832218 112.4487141445279 7.615295358002186 494.7160402238369 3.315461277961731 0.5178544819355011 2.253589645028114 1.834348812699318 0 0 0 0 0 0 0 1.409652531147003 0.3160277903079987 285.4489162117243 0
2103.596766643226 2740.748590506613 2165.762415476143 2692.366175331175 1522.304055958986 412.2942903786898 3717.185501404107 633.3270876035094 515.4986154958606 869.8087947964668 549.5069806948304 73.26304227113724 545.6196914613247 1000.656970225275 13.27880584448576 12.41557897627354 2.121298186480999 1.176861330866814 0 1.371509417891502 2.294703722000122 0.3857667446136475 0 0.09529410302639008 0.1290518492460251 0.1184949204325676 0.3116213753819466 0.4035670235753059 0 0.2288371622562408 2409.17258939147 12.23377259075642 164.4851846545935 0 0 0.6913590356707573 53.9793276488781 1.579537197947502 2.944624200463295 0.7834477424621582 0.9882526844739914 0.8313972279429436 0.1322697252035141 1.381596751511097 0.1749278903007507 0.2767284065485001 93.03923911601305 17.69790288805962 1.908042699098587 1.595759674906731 2.551653757691383 0.1418626457452774 0 0.3470667153596878 46.02802770584822 47.85137801617384 256.5104621499777 894.3707595840096 178.1709510907531 50.99163202941418 0.4299468398094177 5.180251814424992 0.09693117439746857 58.78666430711746 43.63252671808004 16.37689134478569 2.212452657520771 0.7626844272017479 2.955712355673313 2.254580579698086 51.53997845202684 0 0 840.3715531602502 274.1930706724524 109.1565404236317 93.80085375159979 14.1141439974308 4.989053852856159 285.6599821895361 1.88719978928566 41.45382175594568 82.84070479124784 0.1781917214393616 16.41723646223545 25.58001769334078 5.004251591861248 0.4823707491159439 5.045879542827606 0.1239072680473328 1.606978170573711 0.3743215650320053 5.300087489187717 0.4509388506412506 0.3275461867451668 44.90856830775738 0.1788102686405182 0 2.274289764463902 786.6968110129237 0.1669589430093765 0.2398258596658707 1.5922691822052 0 1.584176123142242 4.952227115631104 7.897269055247307 0.9916357696056366 34.89614583551884 1.633729681372643 0.5728974342346191 1.658903479576111 4.634785085916519 4.517463132739067 1.344951748847961 0 0 0 0.09881138801574707 0 0 0 0 0 0 0 0 0 0 0 0 0 0 0 0 1.040002942085266 0 0 0 0.9998385012149811 0 1.176845237612724 0.4482080414891243 0.99806147813797 0 0 0 0 0 0 0 0 0 0 0 0 0.3285989761352539 0 0.1038764864206314 0 0.3438120782375336 0 0.09860284626483917 0 0 0 0 0 0 0 0.1170963048934937 0.1225856393575668 0 0 0 0 3.740451738238335 0.1939347088336945 0 0 0.1595020443201065 0 0 0.3285046517848969 0 0 0 0.1201389133930206 0 0 0 0.591200515627861 0 0.4792249426245689 0 0 0 3.749360054731369 4.734025321900845 5.159016720950603 107.4382288753986 13.86674285680056 700.9191387072206 84.93762870132923 575.0760331526399 15.94915024936199 0.769899807870388 9.583191975951195 0.1427609324455261 0 0 0.2629213333129883 2.656209230422974 0 0 0 3.486896455287933 0 214.0251262933016 1.971909135580063
764.9477186575532 2165.762415476143 1489.329178966582 175.7651990428567 213.8033946380019 49.94850876927376 86.2699840888381 2028.104920916259 349.0597721040249 23.07564067095518 1388.043351657689 77.20237480849028 434.2566199451685 1603.393677763641 17.4861396625638 18.82822403311729 2.964610368013382 1.874718338251114 0.228752925992012 2.527114421129227 4.165282674133778 0 0 0 0.1298363357782364 1.263208910822868 0 0 0.460195928812027 1.026415973901749 2943.462421685457 135.5425434112549 296.2370163649321 0.09778453409671783 0.3913189917802811 1.398083113133907 70.56578511744738 3.82566262036562 2.865825742483139 0.5013095736503601 3.973180077970028 2.659097716212273 1.01910388469696 2.498653799295425 0.8423458859324455 0.9392485767602921 44.06308727711439 7.903373144567013 1.507521972060204 2.499244913458824 1.796563602983952 0.2218607068061829 0.1294751018285751 0.195673018693924 11.58750589936972 12.97338461130857 84.98856740444899 329.7354989424348 55.14275829493999 16.63237807899714 0.9699839875102043 8.353785946965218 0.2600526437163353 159.4551654532552 12.44029060006142 4.48883843421936 0.6275233328342438 1.638410821557045 5.439123272895813 4.923053756356239 62.30236864835024 0 0 273.5630943179131 117.850650511682 58.48354939371347 62.38880686461926 26.53170326352119 31.10217884927988 786.4549831822515 1.520898975431919 215.1967626139522 22.4513443633914 0.1668577939271927 3.986146852374077 5.211473248898983 3.643211051821709 0.1193766295909882 1.061626002192497 0 1.844290308654308 0.7286307439208031 7.1129514798522 1.688219927251339 0.6460137963294983 45.53890569508076 5.295004114508629 0 3.297822497785091 129.437222212553 0 0 0.1697674691677094 0 0.938065230846405 0.4424914419651031 0.242486983537674 0.9907425493001938 0.4843353033065796 0 1.625260472297668 2.818998783826828 2.958287730813026 2.127697348594666 0.850340910255909 0 0 0 0.2217233180999756 0 0 0 0 0 0 0 0 0 0 0.4097882211208344 0 0.3005723655223846 0 0 0 0.1469429135322571 0 0 0 0.3838323354721069 0 0.6504629850387573 2.641992419958115 0 0 0 0 0 0 0 0 0 0 0 0.3581524789333344 0 0.1430643945932388 0 0.08089036494493484 0 0.104132667183876 0 0 0 0 0 0 0 0 0 0 0 0 0 0 0 1.605609104037285 0.1129301264882088 0.6892416477203369 0 0.1759024262428284 0.7992858290672302 0 0 0 0 0 0 0 0 0 0.1683445423841476 0 0.1225931867957115 0 0.3265787065029144 0 6.121931076049805 5.108169794082642 1.374706983566284 74.19824179261923 6.459849864244461 211.8836840689182 32.31944186985493 100.0670010298491 4.464295700192451 0.3801441118121147 5.849696800112724 0.4991425573825836 0 0.3033294081687927 0.713621973991394 0.8658496141433716 0 0 0 1.488513603806496 0 41.60829047858715 0.5016905963420868
1634.255651324987 2692.366175331175 175.7651990428567 462.4815296679735 56.85610504448414 281.9583856314421 1879.969916939735 11.72774296998978 19.36587381362915 1275.487268641591 8.723133370280266 1013.851202830672 1155.506847299635 28.42514760792255 0.3664411306381226 0.1064941957592964 0 0 0 0 0 0 0 0 0 0 0 0 0 0 80.32408881187439 0.394215390086174 7.358038753271103 0 0 0 9.819354578852654 0 0 0 0 0 0 0.2591847479343414 0 0 6.481010094285011 1.361551851034164 0.1846027821302414 0.1988522708415985 0 0 0.1140973344445229 0 3.37082389742136 6.177027352154255 33.13368117064238 62.26133479177952 23.93245673179626 4.396550267934799 0 0 0 0.4745820164680481 4.063194423913956 0.9029181227087975 0.2833543717861176 0 0 0 14.98397070169449 0 0 98.79582922160625 23.14546518027782 10.17333628237247 4.728528156876564 0.101066991686821 0 7.410468757152557 0.1427382677793503 0.3274184167385101 6.785487227141857 0 1.343502037227154 0.7961761802434921 0.1085872799158096 0 0.3652915805578232 0 0.6030109450221062 0.1092044860124588 0 0 0 15.32414104044437 0.2132073491811752 0 0 374.0639052167535 0.2917299568653107 0.3926905989646912 0.2638048529624939 0 0 1.880302608013153 4.098594188690186 0 1.964936852455139 0.2526246905326843 0 1.780012667179108 5.238837406039238 0.8562484532594681 0 0 0 0 0 0 0 0 0 0 0 0 0 0 0 0 0 0 0 0 0 1.351071238517761 0 0 0 0 0 0 0 0 0 0 0 0 0 0 0 0 0 0 0 0 0 0 0 0 0 0 0 0 0 0 0 0 0 0.2478103637695312 0 0 0 0 0 0 0 0 0 0 0 0 0 0 0 0 0 0 0 0 0 0 0 0 0 0 0 0.3145348280668259 0 0.8932982087135315 4.849430620670319 1.650690466165543 70.43493790179491 3.680333435535431 349.5312632620335 0.7138667851686478 0.2883648425340652 0.1629329472780228 0 0 0 0 0 0 0 0 5.819859623908997 0.2126357406377792 120.4645328447223 1.400223717093468
48.60246393084526 1522.304055958986 213.8033946380019 56.85610504448414 1496.602357909083 6.901168718934059 1905.260025843978 153.9822863191366 2351.092702165246 29.32530815899372 1424.96081148088 6.603769548237324 752.2312362194061 2633.677156552672 8.63006242364645 12.88785922527313 2.467750549316406 0.236372284591198 0.1289487034082413 0.7319063097238541 0.2622349262237549 0 0 0.1118732243776321 0.1148168817162514 0 0 0 0.4198598638176918 0 161.2732728496194 13.91077926009893 12.67571593821049 0 0 0 7.262877643108368 0.3579617291688919 0.5582892596721649 0.11221993714571 0 0.1454714983701706 0.1520281583070755 0.9871348887681961 0.3385029584169388 0.5013801455497742 90.42983137071133 11.06942629814148 0.7040021345019341 2.079625599086285 0.6363838836550713 0 0 0 24.14192547649145 25.70428635925055 44.56282483786345 65.09733031690121 47.96621292084455 37.91676378250122 0.5282383263111115 0 0 56.45493102818727 20.51408569514751 7.494202449917793 1.570303417742252 0.9228360876441002 2.188016973435879 0.1709201037883759 36.71401506662369 0.1965803653001785 0 305.0978574380279 98.61227647960186 84.3601560741663 116.1957266777754 20.807413674891 0.9548185616731644 32.60363344103098 5.16487131267786 2.776489287614822 47.66827380657196 0.2534170299768448 9.166752308607101 12.28532616794109 4.1944340467453 0.1075362786650658 2.377516716718674 0 2.10018789768219 0.0977068692445755 0.4361355900764465 0.1895682141184807 0.1952946782112122 77.42069986462593 0.1161166206002235 0 3.706868126988411 65.92600417882204 1.480071842670441 1.013184547424316 1.127792626619339 0 0.9677190780639648 2.305919677019119 4.525823771953583 0 3.456025958061218 2.273726463317871 0.8178139925003052 3.232219323515892 10.26274339854717 8.801662862300873 3.537697970867157 0 0 0 0 0 0 0 0 0 0 0 0 0 0 0 0 0 0 0 0 0.8669742345809937 0 0 0 2.561537146568298 0 0 2.078688122332096 1.337352275848389 0 0 0 0 0 0 0 0 0 0 0 0 0 0 0 0 0.3077854812145233 0.1861864626407623 0 0 0 0 2.486901640892029 0 0 0 0 0 0 0 0 0 8.989803224802017 0 0 0 0 0.9050949215888977 0 0 0 0 0 0 0 0 0 0 0 0.869367778301239 0 0 0 2.896038770675659 6.857060432434082 3.985121756792068 204.1588631942868 11.21514939516783 707.348862066865 131.2807108089328 74.63503879308701 20.56099501252174 1.580792769789696 20.90219981968403 1.823751270771027 0.46525838971138 0 0 1.423756122589111 0 0 0 6.177644953131676 0.2615291476249695 75.32631520926952 0.09698488563299179
223.8352734744549 412.2942903786898 49.94850876927376 281.9583856314421 6.901168718934059 0.9331194311380386 228.4151266813278 6.584013164043427 1.586931511759758 683.2242991477251 2.067080862820148 296.7080490961671 214.8734390884638 7.635707721114159 0.1148308739066124 0.1102268546819687 0 0 0 0 0 1.493073552846909 0 0 0 0 0 0 0 0 83.62170181423426 0 3.896630764007568 0 0 0 9.858219236135483 0 1.743187934160233 0 0.2238132059574127 0 0 0 0 0 0.4309666454792023 0.2106402814388275 0 0 0.6792099922895432 0.505943164229393 0 0 0.6454063802957535 2.642961531877518 113.0826216265559 21.10015690326691 4.610059045255184 0.1021905392408371 0 0 0 0.4624736905097961 0 0 0 0 0 0 68.45163996517658 154.1819108724594 51.92827251553535 7.919621929526329 1.803880713880062 0.5030995681881905 0.6618370115756989 0.09335275739431381 0.1760916709899902 2.875718712806702 0 0.3738638460636139 0.8737607598304749 15.41304980963469 0 2.393129341304302 0 4.475153714418411 1.976413503289223 21.04282329976559 0.847992330789566 3.770602941513062 0.2028403133153915 0 0 328.8703715801239 132.1586904078722 37.32656076550484 20.17102046310902 195.9560163021088 1.037801116704941 4.962039157748222 12.19648300111294 4.487061053514481 8.242921561002731 5.01102477312088 78.86812749505043 3.658252716064453 13.13864295184612 24.05486795306206 1.140736475586891 11.72885248064995 47.72991585731506 13.39157775044441 2.235201045870781 0 0 0 0 0 0 0 0 0 0 0 0 0 0 0 0 0 0 0 0 2.940600261092186 0 0 0 0 0 1.052831411361694 0.7571285218000412 0 0 0 0 0 0 0 0 0 0 0 0 0 0 0 0 0 0 0.1153770312666893 0 0.07126937806606293 0 0 2.487801715731621 0.2038798481225967 0 0 0 0 0 0 0 0 4.63370680809021 1.526939272880554 0 0 0 0.3404451012611389 0 0.3484472632408142 0.1676846966147423 0.7689526826143265 0.1941094100475311 0 0 0 0 0 0 0 0 0 0 7.685379654169083 8.305359929800034 6.205306231975555 1.126481451094151 0.5868411660194397 2.832698062062263 0 93.0622173845768 3.473847910761833 0.1525313258171082 0 3.745917350053787 0 0.1692987084388733 0 4.071890473365784 0.1264060437679291 0 0 0.1958833783864975 0 45.83222676813602 28.69950594007969
647.1170613616705 3717.185501404107 86.2699840888381 1879.969916939735 1905.260025843978 228.4151266813278 1909.960382930934 23.99975915253162 1012.637050956488 3047.753222882748 264.7523080781102 80.13081854581833 4315.116168223321 1867.507925823331 13.24652482569218 15.31765116006136 1.52135968208313 0.5518308356404305 0 0.8044854998588562 0.9442735016345978 0 0 0 0 0.4671149551868439 0 0 0 0 156.6652161031961 7.595896795392036 4.748016446828842 0 0 0 17.08477994799614 0.1103873252868652 1.238315761089325 0.1251726597547531 0 0.2208024710416794 1.123950943350792 1.623226597905159 0.2381308451294899 0.4630211442708969 96.5554319024086 10.46837351471186 0.9485723748803139 1.935584485530853 0.4548555687069893 0.0984027087688446 0 0 30.50101324915886 33.36070976406336 74.26806943118572 115.4536830410361 75.72372987121344 41.47645238786936 0.1623061150312424 0 0.2815075814723969 45.54803319275379 27.51345702260733 11.51255619525909 2.046592004597187 0.1420802175998688 0.1175944283604622 1.50578560680151 55.02782583236694 0.08232185244560242 0 425.1977668106556 130.9119153320789 93.43873988091946 104.2521229460835 21.00383590906858 2.643547549843788 3.126213982701302 2.955501511693001 2.248736649751663 57.06420072168112 0.2473681345582008 9.414160840213299 14.70077589899302 5.564258195459843 0.3007718771696091 3.306404829025269 0 1.227058172225952 0 0.6327047795057297 0.8940493166446686 0.3305080980062485 207.0768682956696 2.710059463977814 0 13.42663944512606 180.2154781669378 7.704441979527473 5.914278008043766 170.2554729282856 144.953776538372 11.36133033037186 122.7145835906267 62.56185162067413 71.08483545482159 248.0482349693775 117.9188782423735 3.515625402331352 400.347742035985 56.96977068483829 10.99622896313667 9.279698982834816 0.1087855473160744 0 0 0 0 0 0 0 0 0 0 0 0 0 0 0 0 0 0 0.7917462363839149 4.07345923781395 0 0 0 3.917466253042221 0 0.6233956813812256 2.966213315725327 1.037812829017639 0 0 0 0 0 0 0 2.574907176196575 2.278727397322655 0 0.4176995158195496 0 0 0 0.9456436112523079 1.887329578399658 0.1809244081377983 3.371467657387257 1.833323337137699 1.881653420627117 0.3993794620037079 0 1.55743396282196 2.505129113793373 0.7973804846405983 1.283024676144123 0.08839928358793259 0 0.1043212488293648 0 0 0 19.07836493849754 0 0 0 0.113947756588459 5.869917884469032 0 2.176023960113525 11.45886529237032 7.628374844789505 9.212440952658653 3.02991609275341 1.320566102862358 0 0.3026416376233101 0.1010816916823387 0 0.4876809865236282 0 0 0 17.2924510538578 17.18274714052677 8.559215441346169 284.1615413725376 19.54823766648769 791.9910805299878 163.8166897520423 275.9576031714678 28.7283701300621 1.511031374335289 36.82950700819492 4.45074151456356 0.2632534578442574 22.20128811150789 4.388222880661488 39.47592517733574 5.834168210625648 0.1227368488907814 0.3481532633304596 1.685284495353699 0 187.6711364388466 11.35903517901897
171.9709054976702 633.3270876035094 2028.104920916259 11.72774296998978 153.9822863191366 6.584013164043427 23.99975915253162 1811.292326025665 69.19546620547771 2.275178596377373 1342.753037415445 54.80581530928612 233.8350858390331 840.8021714612842 65.00374156981707 69.50455852597952 25.7813004180789 30.2474926635623 4.209350153803825 85.59131656587124 87.28021666407585 0 0.3680749088525772 0.1222978308796883 7.382819384336472 3.113306246697903 1.112267673015594 3.131444625556469 2.420520544052124 2.820824414491653 2080.152623303235 1065.939237102866 526.7191277742386 5.326247543096542 2.495613537728786 12.41645470261574 87.40416605770588 11.15790814161301 8.935841239988804 4.373185776174068 21.51791296154261 20.31604893505573 39.52822966128588 14.7073061093688 19.1204629689455 40.69360331445932 136.6091633886099 28.24951627850533 9.696951128542423 72.86890111863613 17.80313658714294 1.009327717125416 0.3341251760721207 7.764675781130791 18.1023368909955 14.37993539124727 42.37033636122942 142.4195085540414 29.61446165293455 39.64169856160879 71.29485291242599 28.84272118657827 3.189051046967506 209.5280743315816 17.07784630358219 24.14510080963373 3.397072024643421 13.95074854791164 102.9889946579933 91.82837740331888 71.50056818127632 0.3983410447835922 0.1705453395843506 266.8562551885843 125.0050640702248 135.0283582061529 243.9548979774117 188.0794346928596 1604.710096374154 3781.4199064821 155.2057523578405 2965.749305330217 42.33966557681561 0.300991490483284 19.09658849239349 11.60925424844027 55.01881863176823 0.2237082272768021 7.758943051099777 1.084500253200531 21.99563556909561 7.795464985072613 67.93833409994841 13.76145531237125 11.38514042645693 29.46470388770103 0.8012719824910164 0 5.935466818511486 35.73093907535076 0.206907756626606 0 0 0 0.6081418991088867 0 0.3901346623897552 0 0 0.2068069279193878 1.538993507623672 0.7729536592960358 2.706145897507668 1.454632878303528 1.237968906760216 0 0 0 0 0 0 0 0 0 0 0 0 0 0 0 0 0.717798575758934 0.4291427135467529 0 0 0.4630605280399323 0 0 0 3.421027883887291 0 0.6001507043838501 1.826502956449986 0 0 0 0.5392907559871674 0 0 0 0 0 0 0 0 0.2455971837043762 0 0.2848857939243317 0 0 0.4351353868842125 0 0 0 0 0 0.6749410629272461 0 0 0 0.2798493057489395 0.1388236433267593 0 0.5804049894213676 0.1267725080251694 0.300193727016449 4.548154875636101 0 0.1579528450965881 0.3461364954710007 2.074633091688156 1.088822185993195 0 0.6697708368301392 0 0 0.3526861369609833 0.1447572857141495 0 0 0.1061614900827408 0.4047722071409225 0.1245590671896935 0.8674130737781525 0 1.297039896249771 0 1.221141025424004 6.059323653578758 3.313031874597073 168.4633451625705 18.29366800934076 512.9408373087645 96.83067782968283 25.02118391543627 7.392405226826668 0.8813143074512482 12.53316667675972 1.97767037153244 0 0.4886482656002045 0.199840784072876 0 0 0 0 2.674318358302116 0 22.51085793972015 0.4217952489852905
1.559314735233784 515.4986154958606 349.0597721040249 19.36587381362915 2351.092702165246 1.586931511759758 1012.637050956488 69.19546620547771 846.8737736791372 48.04812291264534 487.4447108507156 2.557266518473625 337.284324914217 949.7899635732174 11.94053123891354 10.70765463262796 1.456046231091022 0.9973368272185326 0.4161444678902626 0.3392591550946236 0.9446360543370247 0 0 0 0.1210438311100006 0 0 0 0 0 22.20259831100702 4.932377584278584 8.586550325155258 0 0 0 10.64086481928825 0.9631010890007019 0.08869055658578873 0.3680435866117477 0.2765942513942719 0.2108377814292908 0.794469840824604 0.517188586294651 0.2541098892688751 0.2808399125933647 46.47868300974369 2.866850137710571 0.7431005164980888 0.980033352971077 0.3277223408222198 0 0 0.2741797268390656 7.596928901970387 6.3053133264184 10.15644508600235 9.574508801102638 10.65698646754026 16.24444514513016 0.1841075420379639 0.4807399958372116 0.265319786965847 19.53559285402298 5.259556621313095 2.073152661323547 0.5311105325818062 0.1031971350312233 1.613341227173805 0.3772115036845207 33.23942563682795 0 0 70.22856447100639 22.11142958700657 39.58715360611677 44.81048035621643 16.88051594048738 0.518515020608902 4.748264819383621 2.897378318011761 4.562914870679379 12.30803862214088 0.1436382979154587 3.018706247210503 2.667563654482365 1.659385778009892 0 0.5434868708252907 0 0.192270815372467 1.252710796892643 0.7082629352807999 0.6595862805843353 1.083908036351204 85.44080930948257 3.265221357345581 0 7.151932626962662 6.591109894216061 1.233384907245636 0 2.445939958095551 0 5.287293761968613 2.278524726629257 5.012596145272255 3.939421385526657 4.47580498456955 5.120368421077728 0.7839392423629761 4.508211731910706 21.07803742587566 4.346580594778061 4.848922237753868 0.2791040241718292 0 0 0 0 0 0 0 0 0 0 0 0 0 0 0 0 0 0 0.2697871923446655 2.957330524921417 0 0 0 2.855840444564819 0 0.6380196511745453 3.05538272857666 0.8865495324134827 0 0 0 0 0 0 0 0 0 0 0 0 0 0 0 0 0 0.2729384899139404 0 0 0 0 0 0 0 0 0 0 0 0 0 0 13.11041444540024 0 0 0 0 2.831012547016144 0 0.9103289842605591 0 0.3761665523052216 0 0 0 0 0 0 0 0 0 0.1443082094192505 0 4.286684274673462 8.491190195083618 5.035227388143539 174.8675712198019 7.914711132645607 292.4071619138122 82.40112229436636 23.97153477370739 13.66059885919094 0.1387980729341507 18.38333454728127 0.271144837141037 0 0.5525445938110352 0 0.4055621027946472 0 0 0 4.895602598786354 0 38.94539018720388 1.047139644622803
1013.101477324963 869.8087947964668 23.07564067095518 1275.487268641591 29.32530815899372 683.2242991477251 3047.753222882748 2.275178596377373 48.04812291264534 826.9145039916039 2.724108666181564 3815.586819127202 5187.796845711768 87.92674304544926 0.4190322160720825 0.3721758052706718 0 0 0 0 0 0 0 0 0 0.1342770159244537 0 0.2594620734453201 0.4264589697122574 0 14.02719444036484 0.1640678942203522 69.51581338047981 0 0 0 95.94262341409922 0.9808811992406845 0.6767430752515793 0.2168600261211395 0.2143779247999191 0 0 0.111536793410778 0 0.1215106844902039 3.098622232675552 0.7325283885002136 0 0.1649831980466843 0.3473099172115326 0 0 0 1.649956926703453 0.9624995663762093 9.070269145071507 15.38022519648075 6.479558698832989 1.479751721024513 0.3373728692531586 0.1677867025136948 0 0.7373768985271454 1.062960959970951 0.4144073203206062 0 0 0 0 206.2864346802235 0 0 21.247514359653 6.164953097701073 1.908593282103539 1.068290442228317 0.5145881697535515 0 1.170935109257698 0 2.065841302275658 1.427762508392334 0 0 0.4482766315340996 0 0 0 0.1456681936979294 0 0 0 0 0 152.3114943727851 10.39847579598427 0.1700249761343002 1.540517508983612 168.1536303162575 5.543798714876175 13.81195938587189 72.19608809053898 15.18539194762707 43.57968652248383 89.45940531790257 325.7777984291315 29.85500784963369 177.4931173622608 154.4433019012213 15.3177027925849 406.8535785451531 519.0822542160749 152.2500644400716 26.43413278460503 0.7115559875965118 0 0.1188611313700676 0 0 0 0 0 0 0 0 0 0 0 0 0 0 0 0 4.647369079291821 23.35152404010296 0 0 0 10.08022427558899 0.8790916204452515 0.6430701613426208 0.9594503790140152 0 0 0 0 0 0.1255759447813034 0.1278938204050064 0 0.2324632704257965 0.1522919237613678 0 0 0 0.9914822578430176 0 0.3047353401780128 0 0.1626095771789551 0.1081575304269791 0.5463088750839233 0.9686017036437988 0 0 2.669460237026215 0.1536961197853088 0 0 0 0.1435985565185547 0 0 0 0 42.26985872536898 0.2133252322673798 0 0.1204689741134644 0 9.926549814641476 0 5.431735038757324 1.585859932005405 1.666352041065693 1.5622878074646 0.2250059396028519 0.6941930055618286 0 0.1208156198263168 0 0 0 0 0 0 52.85329473018646 13.84286205470562 13.02676072716713 7.356626898050308 0 18.58411322534084 2.300467193126678 379.1460412889719 0.1972003579139709 0 0.4057199060916901 0.8595646768808365 0 2.753328911960125 0.6215933710336685 22.11783169209957 0.6283122375607491 0 0.2409196943044662 0 0 679.3097274005413 57.3517872095108
70.61870750784874 549.5069806948304 1388.043351657689 8.723133370280266 1424.96081148088 2.067080862820148 264.7523080781102 1342.753037415445 487.4447108507156 2.724108666181564 1036.968046672642 131.6993407011032 2059.242850989103 2090.248512491584 30.25266383588314 29.89477463066578 3.730634823441505 1.583871841430664 0.1083115264773369 6.12266581505537 6.244349598884583 0 0.696242980659008 0 2.260709762573242 2.738845981657505 0.7105303704738617 1.903489328920841 3.106216229498386 1.525307059288025 94.67634857445955 7.899277746677399 614.0800997018814 0.443356066942215 0.6943173259496689 1.77568768709898 323.646519459784 22.92634375393391 16.41448368132114 2.866900227963924 6.391934812068939 4.217631459236145 1.452564686536789 3.374006219208241 1.448344692587852 1.728366501629353 51.34835482388735 3.851981461048126 1.1993008852005 5.867199502885342 2.109962165355682 0 0.296061247587204 0.4688652530312538 2.635223463177681 4.681012041866779 7.4638352394104 11.37058516591787 4.396220929920673 11.66139143705368 3.912674285471439 31.79089230298996 0.9288475587964058 28.90996876358986 4.555101431906223 2.408443279564381 0.6608258932828903 1.499015673995018 8.746035516262054 11.05702515691519 174.9248814284801 0.4421087652444839 0 50.81021412461996 21.82454088330269 43.69302318990231 52.86130841821432 27.28918066620827 11.74206084012985 881.6335204467177 5.123395010828972 280.0607780665159 7.424577325582504 0 2.2206826582551 3.177348449826241 3.605441235005856 0 0.2940433323383331 0 1.411630541086197 0.4316595643758774 14.14505342394114 6.95480964332819 1.763066351413727 50.46938301622868 3.313307628035545 0 9.49274979531765 4.540659971535206 0 0.1010072380304337 0 0 0 0.2859602272510529 2.311406254768372 0 0.3524190932512283 1.817842051386833 0.5317412614822388 2.984897822141647 5.30647037923336 2.379815578460693 1.814863741397858 0.6974299699068069 0 0 0.2699263319373131 0 0 0 0 0 0 0.3702646791934967 0 0 0 0 0 0 0 0 0 0 0 0 0 1.616730108857155 0 0.9903998970985413 1.704105496406555 1.299669072031975 0 0 0 0 0 0 0 0 0.6648761630058289 0 0 0.1667218804359436 0.4703580737113953 0 0 0 0 0 0 0 0 0 0.1651673913002014 0 0 0 0 0 0 0 0 0 7.525209292769432 0.2165189832448959 0 0 0 0.8135415464639664 0 1.626322150230408 0 0 0 0 0 0 0 0 0 0.2496720924973488 0.7705444693565369 0 0 1.267949357628822 9.395770013332367 2.779796272516251 131.4273484423757 8.742610067129135 213.4151350781322 60.47996012866497 11.38252177834511 4.625431783497334 0.3247978389263153 12.11029905080795 1.415256023406982 0 0 0.6003991514444351 0 0 0 0 2.224866934120655 0.3779336512088776 7.982335291802883 1.246954157948494
89.86655405908823 73.26304227113724 77.20237480849028 1013.851202830672 6.603769548237324 296.7080490961671 80.13081854581833 54.80581530928612 2.557266518473625 3815.586819127202 131.6993407011032 461.6542109549046 1186.552570164204 157.3987020105124 13.63627728074789 12.13808225095272 0.8805797770619392 0.1683992147445679 0 0.9626968204975128 1.100010186433792 0 0 0 0 2.556260287761688 0.4975820034742355 0.6304005980491638 1.181796349585056 0 4.642996057868004 2.607639342546463 98.78456202149391 0 0.1245514005422592 0.9007243812084198 160.6039030402899 13.15476296842098 9.875066794455051 3.312828496098518 1.345651149749756 0.6583181321620941 0.1763572096824646 0.7736486345529556 0.3939561992883682 0.4953518211841583 23.06782715022564 0.5478183031082153 0.1200340390205383 0.3634629249572754 0.2945529222488403 0.1620419174432755 0.5501338317990303 0 0.9382494688034058 0.3483623340725899 2.555079430341721 3.351758435368538 2.726389862596989 4.600527115166187 1.736540071666241 3.123346038162708 0.8740495666861534 2.424335829913616 0.6298250928521156 0.3050344735383987 0.2099327221512794 0 1.089856214821339 1.563431560993195 235.5223753377795 0.9487889409065247 0 14.15583904832602 3.373866498470306 13.99859214574099 11.17673862725496 7.292069248855114 0.3142410665750504 60.57878014445305 0.7177697867155075 11.86094854772091 0.8760674968361855 0 0.6256239712238312 0.5770383551716805 0.3731119856238365 0 0.09640892595052719 0 0.4707334041595459 0.1408677250146866 2.055789053440094 0.4445363879203796 0.2429383099079132 489.1368746459484 15.28262415528297 0 15.41421540081501 22.21917001903057 6.683568201959133 5.602699398994446 31.30605140328407 4.357583850622177 24.14216259121895 25.5267990976572 126.1018655523658 19.0066012442112 53.03871115297079 58.67935502529144 14.44477987289429 81.14436226338148 224.8612520471215 82.06520779430866 49.09717946499586 0.7982456088066101 0 0.3489771783351898 0.1482934057712555 0.118564210832119 0 0.172649160027504 0 0 0 0.890254020690918 0 0.2364633530378342 0 0 0 0 0 0 8.558879502117634 20.01675782352686 0 0 0 24.07182291895151 0 5.94805671274662 14.47431506216526 1.964573562145233 0 0.2287006676197052 0 0 0 0 0 0.8680796325206757 0.6231695413589478 0 0 0 0.6133606508374214 0 0 0 0 0.2417748719453812 1.792116269469261 1.041146278381348 0 0 8.997906863689423 1.160718277096748 0.2888130247592926 0 0 0 0 0 0 0 73.71368952840567 0.2079436182975769 0.1785677671432495 0 0.2532744705677032 18.38681757450104 0.1238295882940292 7.217803955078125 0.8374100252985954 2.477438822388649 2.946238167583942 0.6812985762953758 1.315999194979668 0 0 0 0 0 0 0 0 64.6492054015398 49.23848892003298 41.35843697935343 103.8630991205573 3.396783955395222 82.72011837363243 34.96916385740042 149.534037977457 1.900912567973137 0.1223387196660042 5.854378521442413 9.515065059065819 0.2485760301351547 4.251712709665298 1.8576705083251 5.913203716278076 0.2941318154335022 0 0.514988124370575 1.957783408463001 1.378197431564331 575.3414056971669 24.15703071653843
140.4939111992717 545.6196914613247 434.2566199451685 1155.506847299635 752.2312362194061 214.8734390884638 4315.116168223321 233.8350858390331 337.284324914217 5187.796845711768 2059.242850989103 1186.552570164204 4322.315348520875 3620.802262715995 80.67234882712364 77.81893067061901 5.770783692598343 2.527147211134434 0.1529621481895447 4.436078757047653 6.447903618216515 0.4462293237447739 0.1086191982030869 0.1293783187866211 2.027966409921646 5.511858291924 1.959999643266201 4.390853621065617 7.36462440341711 0.9067284613847733 38.25684916228056 6.219172306358814 536.4636978060007 1.854035004973412 0.1786595582962036 3.01729653775692 1527.195666134357 94.61885869503021 59.79605647921562 21.51252057403326 5.270830318331718 2.951846204698086 2.912043623626232 5.88462271541357 3.238517284393311 3.542154505848885 148.7350918352604 5.438534550368786 1.462129563093185 6.242370694875717 2.020328275859356 0.7877591848373413 2.40412962436676 2.538173250854015 5.792787842452526 8.23386787623167 18.57744367420673 16.39403542131186 16.69003596901894 29.30444810539484 9.170101769268513 22.05291680246592 3.785250350832939 58.37286329269409 7.795291937887669 4.326998829841614 0.8285571932792664 2.046301528811455 8.485080927610397 11.20689928531647 902.3125141635537 4.670397743582726 0.3426076769828796 112.2077276259661 35.24726805835962 120.9052891656756 107.0492062419653 50.77105733007193 1.507100887596607 227.1308306381106 6.865990646183491 52.61129292845726 17.27295416593552 0.08605816960334778 3.993521876633167 5.382358722388744 4.699448101222515 0.1384494602680206 2.181702487170696 0.1170643642544746 2.247263789176941 1.031273804605007 10.97044594585896 2.225336991250515 1.65621779859066 1356.85294008255 30.98151452839375 0 45.45920345187187 39.20450593531132 8.619573876261711 10.91232662647963 37.00898240506649 3.469500482082367 59.0961302369833 53.13213386386633 172.5585193634033 31.83263220638037 170.0882363766432 109.4628776460886 46.1548708230257 193.6685693636537 443.6105081215501 133.4868410676718 108.6642600670457 3.10118006169796 1.346114322543144 0 0.08851461857557297 0 0.120265893638134 0.2351355999708176 0.2664407789707184 0 0 0 0 2.244604468345642 0 0.1038841083645821 0 0 0 0 12.84268264472485 38.23144890367985 0.4930402562022209 0 0.5897539854049683 54.54455845057964 0 23.72446959465742 28.57145332545042 3.771986871957779 0.8242050260305405 0 0 0 0.4494382664561272 0.4048406556248665 0 0.5109249800443649 1.89101193100214 0.8218940496444702 0 0.3694985061883926 0.7607601881027222 0.3025302141904831 0 0.1160991862416267 0 0.2829582169651985 1.322741158306599 0.5792466551065445 0 0.263716459274292 17.14444638043642 1.722279407083988 0.2990100905299187 0 0 0 0 0 0 0 146.349813349545 0.638613149523735 0 0.3818348199129105 0.3255115449428558 42.09111467003822 0 13.44446256756783 3.754211068153381 1.357211358845234 4.306966468691826 1.265160590410233 0.3006159663200378 0 0 0.09415481239557266 0.1425625383853912 0.09569490700960159 0.109979934990406 0.226595550775528 0 108.4813879951835 116.5216271132231 93.88349465280771 733.4240740016103 42.75581988692284 728.950643286109 269.3544249236584 140.7953726053238 25.29562532901764 2.532487943768501 71.44504757225513 12.63692666590214 0.1723325997591019 8.472102433443069 4.196378409862518 13.72126430273056 1.822874411940575 0 0.7777093946933746 17.40524466335773 0.3340768218040466 504.7657566666603 43.36625542491674
118.2435593977571 1000.656970225275 1603.393677763641 28.42514760792255 2633.677156552672 7.635707721114159 1867.507925823331 840.8021714612842 949.7899635732174 87.92674304544926 2090.248512491584 157.3987020105124 3620.802262715995 835.8060681372881 43.90228518098593 42.29027261584997 3.872464582324028 1.113740436732769 0.6843070909380913 3.804050505161285 5.266388267278671 0.121050238609314 0 0 2.270169787108898 5.813120812177658 0.624005138874054 2.296047888696194 4.85526941716671 0.7820495367050171 69.88929880410433 2.366559594869614 1343.51882570982 0.2577657550573349 1.035681933164597 2.72053549438715 1717.470712833107 63.85054416954517 35.22707922011614 9.055986441671848 8.247391901910305 2.763080276548862 1.736752264201641 3.578450188040733 1.364878639578819 2.572571784257889 80.39044975489378 4.580357648432255 1.069976903498173 3.455577321350574 1.512683093547821 0.5703792721033096 0.9191994220018387 0.5572244077920914 4.965008333325386 6.298576705157757 12.78667947649956 16.48146834969521 11.49143045395613 19.17015593498945 6.377309061586857 34.71583324670792 2.210664294660091 30.86628321558237 5.886240571737289 2.12005939334631 1.298851497471333 1.267226666212082 6.502380065619946 9.344648607075214 596.191545240581 1.300025954842567 0.1987195312976837 77.62179045379162 21.01676557958126 72.84305024147034 63.21688686311245 27.99942538142204 8.052219420671463 389.5729843452573 4.026413954794407 163.3166849017143 11.30430076271296 0 2.260164886713028 3.262375056743622 4.579091221094131 0.109615184366703 1.527780935168266 0 1.379360720515251 0.3636712729930878 10.34532072395086 2.55645627528429 0.5066082775592804 227.9357843995094 11.71657431125641 0.5136059820652008 27.94589605182409 7.030429594218731 0.2139845043420792 0.5881639868021011 2.669499799609184 0 8.645932115614414 5.002065062522888 9.199555143713951 4.050619319081306 4.941885724663734 4.33673857152462 5.266477629542351 13.01504300534725 60.31988632678986 17.86876726150513 22.25633339583874 0.3268508613109589 0 0 0 0 0 0 0 0 0.2122379988431931 0.1991679966449738 0 0 0 0.5734081566333771 0 0.123826764523983 0 0 1.381517507135868 5.177403494715691 0.112923726439476 0 0 4.255592122673988 0 0.9963952451944351 6.97034614533186 1.073642805218697 0 0 0 0.2256347239017487 0 0 0.1945875883102417 0 0.8979731500148773 0 0 0.1838040202856064 0.7397682368755341 0.2071956396102905 0 0 0 0.09915930777788162 0.3069659471511841 0.1049495339393616 0.5356847047805786 0 1.328455686569214 0.561589814722538 0 0 0.09687419980764389 0 0 0 0 0 24.06338733434677 0.3604311645030975 0 0.1493430137634277 0.1529226899147034 8.061611920595169 0 6.000619977712631 0.2462472915649414 0.7588366717100143 0.7827119082212448 0 0.1245427280664444 0 0 0 0 0 0 0 0 14.10901601612568 40.84609185159206 26.46478132158518 310.0285562500358 18.13801977783442 386.1526509746909 123.8134481459856 25.59730926156044 10.28408272564411 2.15742489695549 29.83962814509869 3.398143753409386 0 1.168700501322746 1.831764101982117 1.058048479259014 0 0.1746387481689453 0.8601335883140564 5.775542721152306 0.5693351626396179 40.09881032258272 5.548211231827736
3.309859283268452 13.27880584448576 17.4861396625638 0.3664411306381226 8.63006242364645 0.1148308739066124 13.24652482569218 65.00374156981707 11.94053123891354 0.4190322160720825 30.25266383588314 13.63627728074789 80.67234882712364 43.90228518098593 224.4859922453761 1823.799341768026 580.9282674565911 22.23233773559332 108.4472729414701 4.027488380670547 0.8431324511766434 0.501679964363575 1.571972370147705 2.557610124349594 49.57270592451096 4.205077208578587 7.707883968949318 1.978111810982227 29.15798274427652 8.28532449901104 32.44819851964712 75.24170276522636 49.43241886794567 1.56317549943924 2.243928670883179 38.82800632715225 109.9392279684544 61.35209392756224 178.348992921412 121.4979130327702 1.534113518893719 2.992000199854374 2.012517035007477 270.2063577026129 121.6188153326511 26.81478450447321 198.9927292540669 13.45163705199957 31.48856695741415 13.51258938014507 1.575161330401897 6.048450574278831 27.5399042442441 1.308547399938107 0 0.6911906152963638 1.720527082681656 2.707777619361877 1.38996909558773 86.05798200517893 3.98822458833456 12.70401676744223 1.318940341472626 17.40389964729548 1.229862473905087 1.718129210174084 0.4920863211154938 0.9734530299901962 3.620155416429043 0.8695545643568039 115.4558090567589 4.317766390740871 0 123.2467467933893 4.089700758457184 515.6729791238904 129.8754868134856 1281.1279797405 33.84398176521063 95.04960377514362 58.09117858111858 63.3881503418088 5.787630788981915 0 1.207255423069 0.7393815144896507 6.171719513833523 0 0.7395782917737961 1.064244359731674 4.60661007463932 3.497800201177597 2.8054124340415 1.929867945611477 4.433094270527363 16.18841617554426 36.22418507933617 0.8107564970850945 124.3636990040541 0.4674015194177628 0 0 0 0 0.2520663738250732 0 0 0 0 0 0.2409226149320602 0.28996741771698 1.601582437753677 0 0.8839395493268967 2.2390326410532 0.7656551599502563 1.152777493000031 0.5531985834240913 0 0 0 0 0 0 0.7271898090839386 0 1.092881061136723 0 2.836935631930828 0 3.561950847506523 0.6032105982303619 2.592258617281914 0 0.2182581573724747 0 0 0 2.378016881644726 0 0.7043105065822601 17.18257847428322 9.561824582517147 0 0 0 0 0.7787242829799652 1.585344180464745 0 0 1.216110460460186 0 0 0 13.22481972724199 0.320859506726265 0 0 0 0 0 0 0 1.696812987327576 1.551823288202286 0 0.1010714918375015 0 0 0.09976042807102203 0 0 0 0 2.745260387659073 6.281551957130432 0 0.2464043274521828 0.1715584397315979 0 0 0.624880850315094 0 0 0 0.1427348107099533 0.7159619629383087 0 0 0 0 0 0 0.1740417629480362 0 0.7608816176652908 27.04515990614891 35.10868264734745 31.56575252860785 35.55171199887991 320.1174530535936 27.73588547855616 0.221067912876606 0.1045917421579361 0.2806821763515472 1.060126140713692 7.245716385543346 0.7017403244972229 2.663658656179905 1.227129749953747 0.8774696588516235 0 0 0.5241860151290894 0 0 0.2998591288924217 5.347844086587429
