427.9822091385722 4714.707314878702 777.7036446481943 1241.925247088075 101.0594135075808 259.643614590168 360.4528012722731 43.42178151011467 24.77580001950264 456.6287007853389 120.6978977769613 79.43524703383446 188.7725038900971 121.4084931910038 0.772877149283886 0.1013935133814812 0 0.1276058852672577 0 0 0 0.9065863192081451 0.3502971529960632 1.291483871638775 3.185738377273083 0 0.9830038323998451 0 0 0 1996.813779376447 5.953537382185459 5.315736189484596 0 0.9629750624299049 0.9228198081254959 4.651195973157883 1.702723637223244 1.040625244379044 0.6566947102546692 0.2509151995182037 1.08477446436882 0 0.1217933148145676 0 0 10.16524691879749 0.6421279907226562 0 0.1731534749269485 0.1241470873355865 1.784103646874428 0 0 5.479113668203354 4.735490128397942 354.6142597571015 635.9630941897631 86.23490399867296 4.372671380639076 0 0.7012064307928085 0.1180724948644638 7.776391826570034 3.334577552974224 1.383072428405285 0.1599029004573822 0.9183853417634964 0.4737824946641922 0.7193362638354301 23.23051743209362 6.81356492638588 0.3342295587062836 165.1287674158812 44.0018103569746 19.22206825017929 4.01861298084259 1.322857789695263 0.3377445489168167 8.536471128463745 0.1452345848083496 0.7415332645177841 4.823908649384975 0.1984205693006516 1.29840711504221 1.220412291586399 1.556745491921902 0.2005894780158997 0.7830657660961151 1.388639286160469 0.8398281335830688 0 1.477131143212318 0.6908974647521973 0.1282816678285599 59.20066431164742 36.23875987529755 1.869943886995316 5.76119227707386 1648.842668786645 0.3949824571609497 0 0 0.1660872548818588 0 2.862353593111038 0 0 0.3647250235080719 3.827890425920486 0 1.889332070946693 3.34444785118103 1.973723739385605 3.834154933691025 0 0 0 0 0 0 0 0 0 0 0 0 0 0 0 0 0 0 0 0 0 0 0 0 1.552283927798271 0 0.6830835118889809 0.2859806418418884 0.1378380805253983 0 0 0 0 0 0 0 0 0 0 0 0 0 0 0 0 0 0 0 0 0 0 0 0 0 0 0 0 0 0 0 0 4.467209696769714 0.1646771132946014 0 0 0 0 0 0 0.2943114042282104 0 0.3491707444190979 0 0 0 0 0.1220954656600952 0 0 0 0 0 3.187433660030365 0.1426424831151962 1.445636585354805 80.24149830639362 2.438151344656944 46.3538014292717 6.195253148674965 576.3185637667775 3.783100262284279 1.24270461499691 2.948465645313263 2.248388960957527 0 0.5587578117847443 0.1753625124692917 5.503139927983284 0.1612881571054459 0.2555782496929169 0 0 0 184.9576556235552 2.381530970335007
4714.707314878702 3244.794662706554 1512.215118177235 1793.973540313542 1893.337914779782 288.8645599260926 3319.943564906716 249.4414159283042 2459.457111932337 1320.715465441346 1508.110301055014 86.30007260292768 993.7205078825355 3400.10313333571 22.34386669844389 5.301674738526344 0.3612930625677109 0.5983181968331337 0.5820875465869904 0.445432186126709 1.005571901798248 0 1.705233439803123 2.636543110013008 18.03644923120737 1.109323427081108 2.630158238112926 0.8707392662763596 0.2813086062669754 0.8245521932840347 2991.966305449605 40.27967307716608 36.87752614170313 0.111337848007679 5.118983648717403 9.400865934789181 14.82377520948648 14.8884055018425 4.89663764834404 3.930431134998798 10.02374003082514 10.32142704725266 1.19972039014101 1.443980023264885 1.388611994683743 2.562015309929848 130.6640492379665 4.567687846720219 0.5534513145685196 1.898460030555725 2.034203514456749 0.657117486000061 0.2439138740301132 0.3779254332184792 36.14071693271399 35.94037758558989 437.976997025311 848.168269649148 149.4435937032104 57.78491026908159 1.741865716874599 3.634377382695675 0.617525115609169 279.1905937045813 23.78740524500608 12.0786208063364 2.95996368676424 6.467533141374588 2.863335132598877 3.98848457634449 13.43764986097813 0.6836646050214767 0.1263117790222168 758.9303151443601 517.4081835225224 342.3802334442735 73.36233510077 12.12844272702932 3.656050346791744 46.43881849944592 3.45574264973402 4.173961088061333 41.44010822474957 0.4510972276329994 10.70928976684809 12.27308095246553 5.550440102815628 0.6925834268331528 4.933113276958466 0.194918155670166 6.642145596444607 0.7080488577485085 7.327503509819508 6.624379299581051 1.234331086277962 13.21590835601091 2.970812246203423 0 2.335848554968834 1597.963513888419 0.3727749362587929 0.5445530116558075 0 0.773351788520813 0.7429608702659607 103.6722794026136 0.1228523924946785 0.1550205647945404 1.236203730106354 3.958756938576698 0 1.485299423336983 4.703817486763 3.428465403616428 4.70141988992691 0 0 0 0 0 0 0 0 0 0 0.1234902068972588 0 0 0 0 0 0 0 0 0.3461259305477142 0 0 0.2281617522239685 0 3.552223265171051 0.2429066374897957 1.274238683283329 1.852594174444675 0.5629018247127533 0 0.1098667532205582 0 0 0 0 0 0 0.2433913350105286 0 0 0.1684986799955368 0 0 0 0 0 0 0 0.2209343612194061 0 0 1.881583333015442 0 0 0 0 0 0 0 0 0 9.98695333302021 0 0 0 0.1177232190966606 0.1452448070049286 0 1.391436398029327 0.3878392279148102 0 0.1404900401830673 0 0 0 0 0 0.09715263545513153 0 0.1549045443534851 0 0.1311369091272354 7.068547397851944 1.239031098783016 3.995065309107304 349.1089700162411 9.038044832646847 315.6846391931176 41.5616457387805 719.7997837290168 26.34033366292715 9.849042303860188 24.56085486710072 5.25499863922596 0.3003786653280258 1.274894088506699 2.21373450756073 7.030077666044235 0.1628140807151794 0.1038195118308067 0.1422845870256424 0.8831961154937744 0 269.9640685915947 4.307640224695206
777.7036446481943 1512.215118177235 1769.205935664475 46.46374949067831 822.280923768878 14.5982284322381 94.03967296332121 4758.489812225103 1520.053220532835 9.08476384729147 6454.455396227539 4.189823225140572 58.02168822288513 2751.94871532917 33.78298576921225 15.20396766066551 1.776899978518486 7.671997427940369 0.9289371594786644 5.0468705072999 30.90641091763973 0.1417492032051086 32.59232818335295 41.90658190846443 179.266070984304 26.13392516225576 46.50103789567947 4.831978619098663 1.729691609740257 13.97394628077745 6830.665916062891 269.5240513384342 169.8148000687361 7.138002425432205 120.6243083924055 79.51844216883183 30.84943034499884 68.27908063679934 11.09541703760624 26.72938548773527 173.7751929089427 148.3221452608705 16.63333319872618 1.98866805434227 9.116813518106937 17.87402234226465 101.2020752355456 3.625601015985012 5.186822839081287 18.39519934356213 34.41993026435375 0.6602053195238113 0.7555400282144547 2.883927799761295 11.00323205441236 14.50669305026531 265.1064879000187 610.7709119170904 67.5354510396719 26.9326815828681 17.40049335360527 50.87906689196825 16.43301111459732 960.9261160120368 12.37164124846458 10.86201243102551 7.932154782116413 37.93372243642807 76.91788136214018 153.1079683378339 19.90985134243965 2.315820351243019 0.1520776003599167 297.1186021119356 272.7815889194608 229.0504504963756 100.6873024106026 23.93627914786339 7.521786712110043 1430.05637948215 9.441037826240063 197.9279212728143 16.79457700252533 0.09915036708116531 6.126658864319324 7.376027129590511 15.45017746835947 0 10.29965923726559 0.2427389472723007 38.2799629047513 3.521899126470089 213.226499542594 72.75545373558998 20.56490367650986 2.862320877611637 0.8846392035484314 0 3.315659783780575 204.4057664945722 0.6043893098831177 0 0 0 0 0 0.1366274505853653 0 0 0.4861994832754135 0.3655426651239395 0.9071366935968399 0.3277957439422607 0.6031004637479782 1.045824348926544 0.3803387805819511 0 0 0 0 0 0 0.1877550780773163 0 0 1.861229427158833 0 1.055199109017849 0 0 0.8974445164203644 0.08468960970640182 0.1487555354833603 0 0 0 0 0.3863508626818657 0 3.331820704042912 1.505170732736588 3.187934547662735 4.844588033854961 1.654584102332592 0 0.3693942502140999 0.6682972833514214 0.3312285542488098 0.2350412160158157 0.2775279060006142 0.1248984858393669 0.2624607533216476 0.2267027646303177 0 0.1204277649521828 1.411916337907314 0 2.91714184731245 0 0.1363939791917801 0 0 0.1094479784369469 0 0.1540787220001221 0 0.9924526512622833 0 0 0 0 0 0 0.1412259638309479 0.5366291999816895 0.7764104530215263 2.30500515550375 0.1401925086975098 0 1.688928328454494 3.29310817271471 1.202122882008553 0.1208959072828293 0.3222026526927948 0 0.5340356081724167 0.6382242143154144 0 0.5222052335739136 0.157274454832077 0 0 0 0.1594963222742081 1.032413616776466 0.5172514468431473 1.110476575791836 1.281076461076736 1.859421759843826 6.105306357145309 202.2243646457791 31.34949053823948 214.9261864796281 47.94537315517664 94.47107519209385 18.54685932397842 3.845862656831741 33.47720227390528 4.207008711993694 0.3869446441531181 1.562793485820293 1.176253363490105 2.563402608036995 0.4470653906464577 0 0.3687968552112579 2.64036650210619 0.4860396087169647 40.75154663622379 0.4689145386219025
1241.925247088075 1793.973540313542 46.46374949067831 1001.04064360261 51.0015681385994 440.3252282142639 1087.167117580771 2.938620023429394 21.16314640641212 1433.608283154666 4.771527320146561 1400.371610477567 3200.618414781988 202.5331274494529 1.052855506539345 0.1271830350160599 0 0 0 0 0 0.1725060045719147 0.145160585641861 0.1118413507938385 0.619799941778183 0 0 0.1056389212608337 0 0 148.0401420518756 0.2211515009403229 16.47922320663929 0 0.1328230947256088 0.1108623743057251 10.39827804267406 0 1.021269455552101 0.1522170156240463 0 0.0967404767870903 0 0 0 0.1072067096829414 7.430835708975792 0.3368733301758766 0 0.3151087239384651 0.1249007880687714 0.5505367666482925 0.1973743736743927 0 5.078756935894489 5.021402835845947 111.7218904197216 148.2775233238935 36.46935911476612 8.742878042161465 0.1082103177905083 0 0 5.03133299946785 3.703140452504158 1.938653811812401 0.3285826295614243 0.3872909992933273 0.2380044683814049 0 16.56305756419897 0.9215441942214966 0.5024577379226685 136.2378086745739 54.38593695312738 25.86991985887289 3.034268580377102 0.4837863072752953 0 1.067969880998135 0.2307956367731094 0.3708611130714417 6.345772445201874 0 1.752616100013256 2.213945470750332 0.1760805696249008 0.2524032220244408 0.317356139421463 0.2669443041086197 0.0957438200712204 0 0.2129664570093155 0.1155504211783409 0 61.40013709664345 13.52103091776371 0.6256924867630005 3.614072494208813 686.9174828603864 0.5558996945619583 0 0.1801469624042511 0.3092697188258171 0.2756610512733459 11.72091776132584 0.6091683059930801 0 1.425302147865295 2.554680496454239 2.965929448604584 2.304574072360992 6.456950888037682 5.223793864250183 3.311888992786407 0 0 0 0 0 0 0 0 0 0 0 0 0 0 0 0 0 0 0 0.2057693153619766 0 0 0 0 3.514226585626602 0 1.981273740530014 0.116855151951313 0 0.1146785989403725 0 0 0 0 0 0 0 0.2725575268268585 0 0 0 0 0 0 0 0 0.1195990145206451 0 0.9411628395318985 0 0 0.2409234791994095 0.137238398194313 0 0 0 0 0 0 0 0 8.443762682378292 0 0 0 0 0.1404420286417007 0 0 0 0.2216192781925201 0.3747648298740387 0 0.1237563416361809 0 0 0 0 0 0 0 0 6.236566513776779 0.8179143220186234 2.429059833288193 69.75337814539671 1.383004501461983 34.86901702731848 2.835626892745495 500.8107148781419 2.572499491274357 0.9144733622670174 2.240213736891747 1.414344370365143 0 0.4213476702570915 0 5.109133332967758 0.1522590667009354 0 0 0.2299951761960983 0 304.7085954919457 5.290068164467812
101.0594135075808 1893.337914779782 822.280923768878 51.0015681385994 2903.509051710367 16.5068264901638 1286.525425419211 72.07356011122465 6052.041055135429 200.0123966783285 712.097950167954 29.01529299467802 339.7159539908171 3560.66351942718 16.7539167702198 2.614906534552574 0.4707066267728806 0.4812961965799332 0.2676176354289055 0.221630334854126 0.527576856315136 0 0.8603687882423401 0.7285032346844673 5.121683791279793 0.5784985944628716 0.6199578419327736 0.2115667909383774 0 0.414138600230217 157.7875566333532 22.48731264472008 3.21633467823267 0.2126657217741013 1.4349350258708 1.525723375380039 3.001612357795238 3.181945189833641 0.9316506609320641 1.042863637208939 2.043036825954914 1.854938007891178 0.392733708024025 0.772037461400032 1.236295521259308 0.9474938288331032 82.88847466558218 1.828220427036285 0.3328336030244827 0.6132283285260201 0.3865824714303017 0 0 0 13.65013425797224 16.18151713162661 48.33352302759886 138.4154073223472 25.28399219363928 24.76008186489344 1.805266834795475 0.7162504345178604 0.09550017118453979 143.9173849001527 12.32940927892923 5.860744789242744 1.013840205967426 4.065911889076233 1.761687308549881 0.9055019319057465 3.844128802418709 0.3884760290384293 0 195.6207420378923 190.442580319941 178.399923376739 50.60298179835081 7.73182363063097 2.000841312110424 18.51791052520275 1.878363512456417 2.075534276664257 15.40589322149754 0.1200655847787857 5.11323469877243 4.439961574971676 2.596201218664646 0.2363852635025978 1.555875673890114 0.1537026911973953 1.466434724628925 0.3197145685553551 1.072416961193085 0.8510281816124916 0 12.92729517817497 0.7476746141910553 0.1768362820148468 1.030838489532471 77.75115586817265 0.1649647057056427 0.1532031893730164 0 0 0.3527388870716095 12.4519809037447 0.2063694298267365 0.6385930776596069 1.901704028248787 2.262584388256073 0 0.9764473438262939 3.752068102359772 3.980073258280754 1.964515835046768 0.1154878810048103 0.1185424774885178 0 0 0 0 0 0 0 0 0 0 0 0 0 0 0 0.1583443433046341 0 0 0 0 0 0 2.121460072696209 0 1.789169922471046 0.5638089179992676 0.3671146929264069 0 0 0 0 0 0 0 0 0 0 0 0 0 0 0 0 0 0 0 0 0 0 1.446350559592247 0 0 0 0.1063972637057304 0 0 0 0 0 9.832042917609215 0 0 0 0 1.799098059535027 0 0 0 0 0 0 0 0 0 0 0 0 0 0 0 5.425527349114418 0.8352184742689133 2.33882424980402 196.5731313079596 5.159806862473488 194.8659824132919 17.72721799463034 147.215182967484 15.44863086938858 2.692815750837326 17.18488004803658 1.406967781484127 0 0.6400343477725983 0.4266804456710815 4.100570783019066 0 0 0 1.645907685160637 0 93.78356520086527 1.916396304965019
259.643614590168 288.8645599260926 14.5982284322381 440.3252282142639 16.5068264901638 6.17288638651371 109.5554893687367 2.202659144997597 6.531824991106987 297.3777697756886 4.499442018568516 78.81495776027441 160.4344651848078 34.78925082832575 0 0.1337595283985138 0 0 0 0 0 13.00593659281731 0 0 0.5502701252698898 0 0 0 0.2426805347204208 0 65.15816895663738 0 18.03190104663372 0 0 0.3048655688762665 44.37311337143183 7.702961593866348 20.87606504559517 1.089744225144386 0 0 0 0 0 0 1.519719004631042 0 0 0 0 63.66295927762985 4.918522536754608 1.185152009129524 0 4.676495745778084 83.10593349486589 17.4029091745615 4.111824721097946 0.3902795910835266 0.1257181465625763 2.878851592540741 0 0.1344584822654724 0 0.264147937297821 0.1521138697862625 0 0 0 300.1138399094343 367.398988828063 26.72889298200607 4.816272892057896 6.023794203996658 1.323471032083035 0 0 0 0.948532298207283 0 1.161596357822418 0.4626895040273666 4.330535724759102 0 1.793811485171318 0 3.280839055776596 3.190944612026215 23.65762759745121 0.2549794912338257 1.706537038087845 0.1359566748142242 0 0.7721409499645233 374.3603690117598 553.7020430266857 59.25606563687325 112.5622245073318 304.8745711371303 0.2978462874889374 0.4926005750894547 0 0 0.2463136166334152 0 0.5318935662508011 0 1.08093124628067 7.0914146900177 0.1518926173448563 4.497948601841927 7.49262410402298 3.780052959918976 5.553551942110062 0 0.1251484751701355 0 0.2399320602416992 0 0 0 0 0 0 0 0 0.2393497675657272 0 0 0 0.2544487714767456 0 0 0 0.5848454833030701 0 0 0 5.966707266867161 0.7307199686765671 1.932087697088718 3.271365478634834 0.7366041541099548 0 0 0 0 0 0.1980475634336472 0 0.2098522931337357 0 0 0 0.3331151902675629 0.333743691444397 0 0 0 0 0 0 0 0 0 1.722415208816528 0.3941067606210709 0 0 0.330111563205719 0 0 0 0 0.1451410204172134 10.2557532787323 0 0 0 0.2988096624612808 0 0 0 0 0 0.3631373792886734 0.1683754622936249 0 0 0 0 0 0.1682286858558655 0.1677908301353455 0 0 18.03949496150017 1.182774171233177 7.255791381001472 31.64305701851845 0.3302591145038605 6.227523930370808 0.9850146770477295 130.7180444598198 3.11146368086338 0.9249522387981415 0.196781650185585 2.426468044519424 0 0.8489770814776421 0 3.225390523672104 0 0 0 0 0 82.7754982188344 6.807503327727318
360.4528012722731 3319.943564906716 94.03967296332121 1087.167117580771 1286.525425419211 109.5554893687367 761.7492557913065 9.530038855969906 368.7418927252293 1460.979785591364 49.74085800349712 386.629271119833 2852.729568645358 1404.536743357778 29.20315059274435 3.372066110372543 0.7609352022409439 0.4634139239788055 0.355555534362793 0.4480693563818932 0.1072033122181892 0 0.4830511212348938 0.2374496906995773 4.928062506020069 0.5801036804914474 1.027040526270866 0.123577892780304 0.250260204076767 0.2290562242269516 107.7987756878138 12.56267514824867 18.75018090754747 0.3829150721430779 0.5193203464150429 1.381597332656384 9.360496237874031 6.940745107829571 2.364959746599197 0.7331865951418877 2.448870405554771 2.448831826448441 0.3798696547746658 0.4747533723711967 0.9167511984705925 1.189842313528061 127.1950285509229 2.195073060691357 0.4487988278269768 0.5928139090538025 0.6189548447728157 0 0 0.223843589425087 19.18668151646852 22.77544604986906 102.9388622865081 202.8761540427804 41.98777875304222 38.99791500717402 2.041975818574429 1.89764853566885 0.238918237388134 131.9768972247839 15.96776951104403 8.523543946444988 1.956067554652691 3.986093357205391 1.023813515901566 0.276306688785553 15.16568133980036 0.8973744809627533 0.1517976224422455 304.7770965993404 231.1673761084676 249.5492578223348 62.81441823393106 6.959227055311203 2.04427994787693 6.89437397569418 2.531697608530521 2.855438470840454 23.62366595864296 0.2131874263286591 7.342519111931324 7.248914986848831 3.75046905875206 0.3148981705307961 3.281505115330219 0 1.445989616215229 0.5943145900964737 2.318246059119701 1.814496994018555 0.4522931054234505 99.50764045119286 5.265280872583389 0.2553363740444183 2.130670934915543 297.6805173903704 1.408211909234524 4.32338210940361 8.657166495919228 5.296002805233002 1.82042732834816 28.4176442027092 2.574189811944962 4.462073653936386 14.07822473347187 14.53350476920605 2.023656353354454 20.27641700208187 23.79497653990984 19.98193834722042 13.82384154200554 0.1932902038097382 0.3790435269474983 0 0 0 0 0 0 0 0 0 0 0 0 0 0.1267742216587067 0 0 0.5125555396080017 1.630523264408112 0.5496663749217987 0 0.1111339628696442 0 19.3857077807188 1.379183635115623 8.249573692679405 3.676695749163628 1.714824035763741 0 0.1197962760925293 0.1537682563066483 0.1151867434382439 0.5085332989692688 0 0 0 0.1279284954071045 0 0 0 0 0 0 0 0 0.3466688990592957 0.2607511356472969 0.1319022625684738 0.8392129987478256 0 6.331641852855682 0.1448343545198441 0 0 0 0 0 0 0 0 46.19735689461231 0 0 0 0 1.311325050890446 0 1.664427727460861 0.2288689017295837 0.9997869580984116 0.7104213833808899 0.180539071559906 0 0 0 0.2304574400186539 0 0.1164242103695869 0 0 0 34.37694017589092 7.493339024484158 15.59253294765949 362.1298829764128 6.029275439679623 284.7125703543425 30.23924807459116 436.5676063597202 28.08684115856886 3.539316147565842 36.54945027828217 6.97097434848547 0.1436842828989029 1.980329543352127 1.360030047595501 18.53370037674904 0.7710589021444321 0.1319012343883514 0 4.364462897181511 1.228715226054192 365.8804189637303 16.25467696040869
43.42178151011467 249.4414159283042 4758.489812225103 2.938620023429394 72.07356011122465 2.202659144997597 9.530038855969906 2825.131685741246 234.9503612965345 4.367474004626274 3681.093862101436 1.205351829528809 6.393813580274582 1157.138120748103 26.03579374402761 12.69008459150791 3.786887273192406 21.06233754009008 1.069378636777401 18.00418180972338 55.83896545320749 0 27.68515281379223 40.97978035360575 146.1397570744157 30.16584706306458 40.17692638933659 2.837031304836273 1.043501853942871 11.60085577517748 757.6142074614763 3662.970066696405 125.9055291265249 15.75844134390354 106.4913092404604 85.29184827208519 31.31865877658129 80.83460534363985 9.086554825305939 23.70519219338894 163.9018964394927 105.0239460095763 62.85825737565756 21.1229657381773 34.84250319749117 110.377217553556 78.236910790205 1.698762901127338 5.75102324038744 31.23064079880714 19.5222911387682 0.4723134487867355 0.1700872033834457 6.043517887592316 4.477824561297894 4.63204100728035 34.56706552952528 110.0658665150404 9.177151747047901 11.96121536195278 229.2893351614475 205.1028817594051 32.05304072797298 670.9925789758563 4.899699948728085 9.779638141393661 6.468594253063202 47.10892494767904 133.9618008062243 222.9959376603365 10.3592732027173 0.2611860334873199 0 67.15973012894392 120.8733189329505 127.6188405975699 201.1855726093054 250.1667035669088 793.4722886234522 3871.604414016008 439.7781470045447 2398.729159541428 5.729086264967918 0 2.281547084450722 4.249171681702137 14.48638179898262 0.1413028687238693 8.326957061886787 0 25.90603271871805 3.589052490890026 204.7745421826839 57.69606302678585 17.23618160933256 2.058080181479454 0.4476252421736717 0 2.080498993396759 21.86631509661674 0 0 0 0 0 0 0 0 0.7611898183822632 0.7346931248903275 0 0 1.262728676199913 1.44823145866394 0.3114862442016602 0.1347984373569489 0.1246927976608276 0 0 0 0 0 0.1117107644677162 0 0 1.080175377428532 0 0.1143808737397194 0.4519032463431358 0 0.2220176756381989 0.352215051651001 0.2843241542577744 0 0 0.1153984591364861 0 0 0 2.050040513277054 0.3545110076665878 3.970802582800388 3.193419896066189 0.4481793269515038 0.1491868793964386 0.6882137730717659 0.4141810685396194 0 0.3573000431060791 0 0.1167238652706146 0 0.1311022192239761 0 0.3451259732246399 1.39132171869278 0.3078115433454514 2.729347206652164 0 0 0.1391026377677917 0 0 0 0 0.22479547560215 0.2568913400173187 0.1086079925298691 0 0 0.1179673448204994 0.1413266360759735 0.321847677230835 0 0.1684611886739731 0.9069000408053398 1.795519232749939 0.3501610606908798 0 1.072234526276588 2.70266480743885 0.6837258338928223 0.2577219009399414 0.1511132270097733 0 0.281079038977623 0.09574345499277115 0 0.1833665519952774 0 0 0 0 0.3498043268918991 1.306427463889122 0.5552544891834259 0.6574133858084679 1.413716450333595 0.508011668920517 4.948391646146774 105.4612589776516 26.03293959796429 140.6597370952368 42.57829602062702 29.8887535110116 11.63560215383768 1.373708926141262 24.74757456034422 3.997981481254101 0.2603942826390266 0.713649719953537 0.1679731607437134 0 0 0 1.248682618141174 3.369030803442001 0.2883029878139496 13.21842629462481 1.635067746043205
24.77580001950264 2459.457111932337 1520.053220532835 21.16314640641212 6052.041055135429 6.531824991106987 368.7418927252293 234.9503612965345 1375.263170547783 173.1397708952427 1922.801448829472 19.47989474236965 874.347281306982 1562.728904508054 20.02635415643454 5.316056735813618 0.336615152657032 0.1152403801679611 0 0.2204005047678947 0.294611319899559 0 0.4788478016853333 0.6712419912219048 8.015830107033253 0.6499112844467163 0.580542728304863 0.1866045445203781 0.3159928917884827 0.44248166680336 88.57617039978504 9.339297205209732 19.3282168507576 0.2217985540628433 1.397014200687408 1.907669931650162 8.756627529859543 5.690225884318352 3.124986663460732 1.468448892235756 2.852513439953327 3.831839099526405 0.1211425587534904 0.5203505381941795 0.643721379339695 0.6964594945311546 70.65413092076778 0.9369672015309334 0.1033938527107239 0.4943552911281586 0.964009016752243 0.1564888507127762 0.1022316440939903 0 6.128976300358772 5.760639443993568 17.66113122552633 43.09123846888542 6.810239620506763 11.98035253584385 0.5162739753723145 1.028275981545448 0 53.11670576035976 9.187585033476353 2.672507278621197 0.4977294877171516 2.611531808972359 0.535641260445118 0.3680881634354591 4.79444669932127 0.828514888882637 0 83.20360800623894 74.30293880403042 129.4939360320568 37.63941761851311 5.143214344978333 0.9666832014918327 13.05691973865032 0.8071790859103203 2.172229252755642 9.059778213500977 0.5879799500107765 2.71916164457798 1.564375102519989 1.255360923707485 0.2234164401888847 2.057485319674015 0 1.678866729140282 0 0.8111097812652588 1.100796423852444 0 29.97473594546318 2.340077668428421 0 1.002798661589622 44.43133420497179 0.322998583316803 0.3761106133460999 0.4294654577970505 1.164009600877762 0.1411440521478653 4.523455560207367 1.256075084209442 0 2.715063154697418 5.757708102464676 1.495679602026939 4.063470810651779 10.47719670832157 6.259323388338089 7.919560119509697 0 0.129158154129982 0.09094308316707611 0 0 0 0 0 0 0 0 0 0.1382427960634232 0 0 0 0 0 0 1.200194329023361 0 0 0 0 11.2853601500392 0.3608830720186234 5.61841007322073 1.459943301975727 0.8355980217456818 0 0 0 0 0.1271395832300186 0.1406906694173813 0 0.1074251532554626 0.1181183233857155 0 0 0 0 0.136521652340889 0 0 0 0 0.1335019767284393 0 0 0 2.890685886144638 0.3971811830997467 0 0 0.1529037356376648 0 0.2084541767835617 0 0.09481362998485565 0 30.21949955821037 0 0 0 0 1.113752856850624 0 0.3632369637489319 0 0.1146648302674294 0.1077694371342659 0 0.2693358883261681 0 0 0 0 0 0 0.1118936389684677 0 20.25700230896473 3.703189425170422 6.294357776641846 149.3942535817623 4.779264993965626 122.5312181636691 16.15557843446732 78.61644988507032 11.7068315371871 1.315732337534428 25.25720528513193 3.31797581911087 0 2.979372836649418 1.083121463656425 6.785438880324364 0 0 0.4100340753793716 0.8856192380189896 0 96.08081921935081 5.501746095716953
456.6287007853389 1320.715465441346 9.08476384729147 1433.608283154666 200.0123966783285 297.3777697756886 1460.979785591364 4.367474004626274 173.1397708952427 516.5400099307299 10.88027828931808 2711.165078908205 11221.4045837298 1003.516652777791 1.77304995059967 0 0.197586327791214 0.1465307921171188 0 0 0 0.4336406886577606 0 0 0.2269127070903778 0 0 0 0 0 33.3324723392725 0 92.8333368897438 0 0 0.1157149896025658 75.67304933816195 1.280245497822762 5.556231275200844 0.3347012996673584 0.09531378746032715 0 0 0 0 0.1296164691448212 17.35565687716007 0.3082738593220711 0.1279154568910599 0 0 2.445217594504356 0.755460187792778 0 3.957200966775417 3.388511419296265 82.18672364205122 54.91652753949165 13.15339577198029 5.276651494204998 0 1.449728757143021 0 7.420460030436516 2.136167168617249 1.210474207997322 0.2574349716305733 0.4068570956587791 0 0 187.5385325923562 6.82845014333725 0.7036897987127304 68.07388035207987 28.87606268376112 18.59290781617165 2.543868020176888 0 0 0.6209838539361954 0 0.6608570739626884 2.818551428616047 0.2012726962566376 1.123870186507702 1.288854897022247 0.1914917379617691 0.1064046695828438 0.2081331387162209 1.470774635672569 0.1012274697422981 0 0 0 0.1479154080152512 351.5389541238546 195.9710012376308 2.472752049565315 24.41935074329376 418.2668735235929 4.010831914842129 5.058588191866875 4.383167341351509 4.951100304722786 4.890918999910355 3.839566215872765 1.85761883854866 3.343748152256012 22.27704736590385 57.12932959198952 8.210777387022972 37.11630471795797 76.57999924570322 63.16875464469194 56.15878816694021 0.8184249028563499 0.9579591974616051 0 0 0 0.1420934498310089 0 0 0.1106916666030884 0 0.2658734023571014 0 0.5852482318878174 0 0 0 0 0 0 1.683051317930222 0.7179283797740936 0 0 0 48.18897821009159 0.1352033466100693 22.33125312626362 4.498635917901993 1.987607792019844 0 0.6096014976501465 0 0.1842715293169022 1.023572392761707 1.024479016661644 0 0.09225351363420486 1.096436411142349 0.2227991372346878 0 0 0 0.5208916068077087 0 0 0 0.1395855247974396 0.3839123547077179 1.225047200918198 0.1244612410664558 0.2825613021850586 16.78827051818371 0.590264804661274 0.1100227832794189 0.1330022662878036 0 0 0 0 0 0 163.3830517679453 0 0 0 0.1510899364948273 10.00753249228001 0.1833337545394897 0.9400136917829514 0.7822372391819954 0.7391000166535378 1.00878743827343 0.8577352166175842 0.9894536808133125 0.1259045600891113 0 0 0 0.1213228702545166 0.3541422784328461 0.1319050639867783 0 136.9226768761873 26.94247977435589 47.19973888993263 224.316280439496 1.440250635147095 33.24268391728401 5.37848187983036 543.5029378682375 6.106022745370865 2.668456420302391 6.056506857275963 14.48947802186012 0 3.923701867461205 1.215945169329643 73.80293926596642 0.5380988270044327 0 0.2374634221196175 0 0 1032.064238399267 56.92394808679819
120.6978977769613 1508.110301055014 6454.455396227539 4.771527320146561 712.097950167954 4.499442018568516 49.74085800349712 3681.093862101436 1922.801448829472 10.88027828931808 1293.503611646593 8.936794601380825 136.2034296169877 2982.866904996336 40.38598005473614 18.23393280804157 0.6046845763921738 1.290238127112389 0.4467556774616241 1.134459495544434 3.498494297266006 0 14.96739772707224 22.95834903419018 178.883270278573 17.04668243974447 28.40164217352867 0.8913844898343086 1.225832276046276 9.503821462392807 963.6102883666754 127.770183108747 745.7957511171699 1.09257335960865 42.93065056949854 88.98220429569483 233.9690913185477 303.5156338140368 41.50533907115459 56.85546759516001 68.43592624366283 71.19706372916698 1.562702417373657 0.6293019577860832 1.210356287658215 2.233120955526829 96.78171094506979 1.044766984879971 1.850834719836712 3.167662516236305 4.545370019972324 1.483419567346573 0.4094904810190201 2.710484653711319 4.843740023672581 5.482608832418919 32.75875362753868 88.51414152234793 8.156500741839409 15.48608894646168 3.928740091621876 92.74290182441473 7.845312558114529 104.3626227304339 3.860112525522709 3.627498418092728 1.851701602339745 4.455179981887341 6.660073511302471 13.76649653166533 86.84308534115553 0.9959166646003723 0 88.60325321555138 114.7770761102438 172.0435809120536 81.52268620580435 23.76147305220366 2.650262638926506 525.1806834414601 3.077096149325371 32.73712488263845 5.713210046291351 0.1245606616139412 2.718594431877136 3.384581178426743 2.771753914654255 0.2165954783558846 7.883049324154854 0.3129316121339798 28.71832481026649 6.71734431385994 38.63657213002443 36.04595929384232 13.08284764736891 6.796415776014328 1.027770228683949 0.1955273598432541 8.456557944417 42.08542431890965 0 0 0 2.273772001266479 0 0.5203558206558228 0.9092189073562622 0 0 1.730333536863327 0.498234897851944 0.398997962474823 1.057895064353943 1.392242878675461 5.304555758833885 0.263107493519783 0 0 0 0 0 0.1746337711811066 0 0 0 0.2674246355891228 0 0.5018195956945419 0 0 0.7820186093449593 0.1493250280618668 0.1786088347434998 0 0 0.119591236114502 0 1.018412232398987 0.1853657364845276 4.574125975370407 1.765145875513554 6.637968681752682 4.856634542346001 1.93450902402401 0.1253004223108292 0.6066727489233017 0 0.2152049914002419 0.2017399445176125 0.184594601392746 0 0 0.5897184461355209 0 0.1636849194765091 0.2737559378147125 0.2885319069027901 0.778290644288063 0 0 0 0.4310981631278992 0 0 0.6151348650455475 0.7912502884864807 1.116067543625832 0.1156249865889549 0.13019660115242 0 0.2062802761793137 0 0 0.3093215376138687 0.3298091292381287 0.1072895154356956 10.20908091962337 0.4570688158273697 0 0.5465396493673325 0.2896178364753723 0 0.1110415384173393 2.070042595267296 0 0.4838272482156754 0.8004264980554581 0.1708528399467468 0.4887852072715759 0 0 0 0 0.310232475399971 0.2007724493741989 0.1262696981430054 0 5.130129605531693 2.746152922511101 10.18905609101057 144.6621287465096 6.485852614045143 148.0929301604629 44.75980460643768 44.38319442421198 13.50766441226006 0.8188674002885818 34.45385024696589 4.269735507667065 0 1.572882987558842 1.436690211296082 0.6213315725326538 0.1475555449724197 0 0 3.332681849598885 0.5706799030303955 25.52800195664167 1.189881235361099
79.43524703383446 86.30007260292768 4.189823225140572 1400.371610477567 29.01529299467802 78.81495776027441 386.629271119833 1.205351829528809 19.47989474236965 2711.165078908205 8.936794601380825 161.5788592994213 3714.647134765983 257.6053176224232 9.069377191364765 5.514314509928226 0.2780068069696426 0 0 0 0 0.1870041191577911 0 0.1041773930191994 4.311390161514282 0 0 0 0 1.336890071630478 2.485078401863575 0 247.4057331681252 0.1085796058177948 0.1400194317102432 0.3666308224201202 497.165829859674 40.82197685539722 10.97244130074978 4.690170601010323 3.12230783700943 1.630274266004562 0.4381502866744995 0.2684747576713562 0.2179766520857811 0.2616466879844666 24.36100206524134 0.1008606553077698 0 0 0.1234133616089821 0.5921988636255264 0.2161934822797775 1.404828369617462 0.4303877949714661 0.9620376750826836 8.128359600901604 7.046294271945953 2.487770691514015 3.470455169677734 0.4245366007089615 0.3201915919780731 0 0.4418696761131287 1.10891780257225 0.69419876486063 0 0.09669500589370728 0 0 383.0278830006719 4.336542636156082 0.1385766267776489 14.70609504729509 12.1087783947587 22.43588978797197 6.305024906992912 4.025935389101505 0 5.191865175962448 0.5677062720060349 1.0597193390131 2.570121988654137 0 0.651806004345417 0.7849674448370934 0.1868765652179718 0 0.2255056798458099 0.162195548415184 0.9272109419107437 0 0.6734467372298241 0 0.8114860206842422 516.1190172880888 38.02592399716377 0.1394974142313004 5.776198610663414 62.30554772168398 4.557794965803623 1.434436947107315 0.8795192390680313 0.8440711498260498 2.458777591586113 2.696059912443161 1.762716829776764 0.739735946059227 3.97312243282795 15.13667750358582 5.571436300873756 16.62178236246109 35.43746269494295 38.43390813469887 42.29335398226976 0.6660940498113632 0.6605454832315445 0 0.693068653345108 0 0 0.1360504478216171 0.1344503462314606 0 0 0.4031002670526505 0 0.5605907440185547 0 0 0.409745991230011 0 0.1532461792230606 0 1.304444670677185 0.4954856038093567 0 0 0 55.31000332534313 2.077818229794502 41.05245088785887 7.951902836561203 2.106136918067932 0.1192890554666519 0.7076240926980972 0.1006623655557632 0.9188960343599319 0.4127962440252304 0.3492236733436584 0 0.3603940904140472 1.997631929814816 0 0 0 0.1712555438280106 0 0 0 0 0.3796906620264053 0.6763366982340813 0 1.004729509353638 1.428834676742554 25.22108459472656 0.5619150549173355 0.1755107194185257 0 0 0 0.2439953535795212 0 0 0.1090519577264786 94.01564049720764 0.6040193736553192 0 0 0 7.611897245049477 0.331700474023819 4.533980697393417 0.8940506428480148 1.685738027095795 1.712883360683918 0.5435407683253288 1.629990749061108 0 0 0 0 0 0.3022223263978958 0.2007222920656204 0 80.81633312255144 21.9801082983613 63.08994024991989 134.0653902664781 0.1936962753534317 40.96155807375908 18.9012191593647 133.8749791681767 5.82428765296936 0.2996319830417633 12.97665014117956 13.40302707999945 0 2.306114792823792 2.317808777093887 49.48709292709827 1.153069853782654 0 1.849355265498161 1.716985076665878 0 506.8442903533578 15.24938170611858
188.7725038900971 993.7205078825355 58.02168822288513 3200.618414781988 339.7159539908171 160.4344651848078 2852.729568645358 6.393813580274582 874.347281306982 11221.4045837298 136.2034296169877 3714.647134765983 3829.505625888705 6260.409763604403 53.51013164967299 27.03962342441082 0.4001955986022949 0.4132850989699364 0.2439318597316742 0 0 0.8333147615194321 0.6694409847259521 2.178140968084335 22.47811249643564 1.198731452226639 1.505373865365982 0.2401338815689087 0.19471774995327 0.4993434846401215 24.17559886723757 4.656417027115822 898.9535007327795 0 2.728641755878925 6.359663911163807 601.7655096799135 78.86137311160564 22.882708363235 15.03218162804842 6.363014884293079 12.59978654980659 0.1926062256097794 1.593623168766499 0.4064826965332031 1.092435352504253 147.5054818168283 1.912018924951553 0.4623067006468773 0.663215160369873 0.8913572281599045 1.583798244595528 0.659566693007946 1.853957429528236 7.251042760908604 8.000266872346401 34.85794920474291 53.72618128359318 17.32554315030575 20.79945757240057 0.7397244572639465 3.19695707410574 0.4617048650979996 44.66544277966022 7.542846657335758 3.719050966203213 0.8349727541208267 2.561967022716999 0.8103901743888855 0.5899334028363228 505.7985269352794 9.085679218173027 0 119.4821249842644 92.20691797882318 182.5514612570405 57.84529140591621 20.65790475904942 0.7850531041622162 17.74829724431038 0.7316742390394211 3.004787467420101 11.67966064810753 0.1257842034101486 3.945149324834347 3.244346737861633 2.086675494909286 0.1237700060009956 2.171908386051655 0.7071426212787628 5.376653060317039 3.0489821434021 3.23557985574007 4.975987039506435 4.362330004572868 1456.994370952249 35.51380036026239 0.8644081652164459 11.77834881842136 204.162807866931 6.213272750377655 3.193038865923882 3.99081264436245 3.455582231283188 9.498736932873726 53.00583724677563 5.393337316811085 10.14463900029659 24.5966943949461 47.94013860821724 13.01765623688698 79.18027760833502 87.43551236391068 75.690375238657 110.9001569002867 3.398486688733101 2.928065858781338 0.1743413209915161 0.7798000574111938 0 0.2788529396057129 0 0 0 0 0 0 0.68129563331604 0 0 0.1838930249214172 0.8483832329511642 0.4343096241354942 0 5.904554218053818 1.47100467979908 0 2.268087148666382 0 120.6243643686175 2.116702765226364 83.15658962726593 17.41900654137135 4.710609406232834 0.1860405951738358 0.9544780254364014 0.3462790846824646 1.012900896370411 2.726519197225571 1.351450487971306 0 0.8121262043714523 5.500064961612225 0.1535867154598236 0.4328519552946091 0.5945756435394287 0 0.1722782254219055 0.1871519386768341 0.5563417822122574 0 1.57196906208992 1.551055304706097 1.041293933987617 2.857492610812187 0.6761210262775421 50.51425933837891 1.789984412491322 0.549196869134903 0.1559952944517136 0 0.09917773306369781 0.2558523863554001 0.2474744468927383 0 0 260.0323858708143 0.6494610607624054 0 0.2637251615524292 0.3896167576313019 18.26340283453465 1.645202353596687 11.52953079342842 1.110496453940868 2.58786902576685 6.451559796929359 0.7048935666680336 5.072843238711357 0.1507486552000046 0.2521471083164215 0 0 0 0.2150644063949585 0 0 165.3858572915196 51.92630659788847 140.7021019682288 454.1915673911572 5.543840028345585 284.1574012637138 79.25240202248096 417.0715088769794 31.82541564106941 5.977189913392067 78.44699294120073 40.74103949964046 0.4375695288181305 18.27157234400511 7.915744632482529 59.33565177768469 1.510382518172264 0 2.768249318003654 7.893007040023804 0.7861093580722809 1023.088308535516 44.68344408273697
