200.7842372357845 1498.863221481442 722.1827710792422 1759.478428073227 25.74524402618408 23.69111205637455 550.7492074295878 51.02482239156961 14.65978780388832 1275.334480836987 88.72539880126715 55.30894854664803 60.77241864800453 162.0602906048298 0.3584258854389191 0 0 0 0 0 0 0 0 0 0 0.1020504534244537 0 0 0 0 1734.040269121528 49.59415862709284 35.96222670376301 0 0 0 14.00722812116146 0.7363862842321396 0.6547252684831619 0.414192408323288 0 0 0 0 0 0 14.09084917604923 0.4825108051300049 0 0 0.3669433668255806 0.6232688128948212 0 0 2.272885799407959 5.061118058860302 234.9077200219035 948.028654076159 33.63193149864674 13.74911065399647 0.4325020462274551 2.723565950989723 0 104.6196505278349 2.187852956354618 1.487013608217239 0.7271793261170387 0.6979891359806061 0 0 12.77327166497707 34.59158629179001 1.086304992437363 143.3753670379519 61.52213368564844 26.58791434764862 0.4592904523015022 0 0.5534155443310738 31.1966747045517 0.1412185579538345 5.07132163643837 8.899047665297985 0.1051839590072632 0.6506986394524574 1.685796037316322 0.1257893592119217 0 0.2961450517177582 0.212374746799469 0.370862103998661 0 0 0 0 196.4979090988636 36.51078227162361 2.09343359619379 14.44642336666584 831.6720839887857 0.6880789399147034 1.249208450317383 14.08439634740353 8.438424065709114 5.730032920837402 10.49039143323898 1.852442800998688 12.37542796134949 21.45815176516771 19.39414614439011 8.427751317620277 4.983957096934319 19.86607687920332 8.821770809590816 21.71640568971634 0 0 0 0 0 0 0 0 0 0 0 0 0.1229892745614052 0 0 0.1183356717228889 0 0 0 2.632564872503281 2.170205935835838 0 0 0 8.010419189929962 1.946192532777786 3.371911913156509 0.8764679580926895 0.6878204494714737 0.1179257780313492 0 0 0 0 0 0 0 0 0 0 0 0.7623124867677689 0 0 0 0 0 0.2525221705436707 0 0 0.8682211190462112 6.279711753129959 0 0 0 0 0 0 0 0 0 1.705050602555275 1.30909039080143 0 0 0 17.90273930132389 0.5454911440610886 2.795015841722488 0.1288427114486694 0.2525170743465424 0 0 0.3367721438407898 0 0 0 0 0.0895245373249054 0 0 0 13.47225479781628 1.323540702462196 6.014245882630348 479.3863200545311 2.801038511097431 91.863530151546 11.54137362539768 665.0168492943048 38.58821007609367 0.6924085319042206 1.223395064473152 69.35194683074951 0 1.21575853228569 0 48.54157298803329 0 0 0 0 0.1859917938709259 108.3447082638741 30.20855230093002
1498.863221481442 2334.279672920704 1236.624272957444 1395.244064763188 2966.643256217241 34.7735923230648 4746.944606788456 214.0055722594261 1854.392623402178 694.4225417077541 1460.263125956059 19.47307831794024 213.9796836674213 2845.580293871462 3.707316316664219 0.2864239811897278 0 0 0 0 0 0 0 0 0 0 0 0.1214363053441048 0 0 2242.646972030401 107.0366559848189 70.22832702100277 0 0 0.2592888176441193 1.889150202274323 0.5918490588665009 0 0.2726666927337646 0.2145334780216217 0.07548680901527405 0 0 0 0.1200850829482079 50.57444509863853 3.816826976835728 0 0.3644973710179329 1.399739623069763 0.2121846005320549 0 0 5.696190237998962 8.82304509729147 98.78087323904037 618.5312271714211 63.04963412880898 43.36757387965918 0.66019506752491 3.809957206249237 0 244.2864518985152 8.075290344655514 7.521816335618496 2.44874557107687 0.8008639216423035 0.3641749918460846 0 6.171981021761894 0.8858734518289566 0.1303945928812027 300.5233162418008 315.0285538733006 133.9005655869842 13.06603047996759 1.49137157946825 1.628500714898109 153.0686779022217 0.6993865743279457 3.148815475404263 22.1520127132535 0.445929616689682 3.201233692467213 8.691500380635262 0.8661643862724304 0.3502223044633865 1.312665954232216 0.1984981372952461 0.8345614671707153 0.0879371240735054 0.1377694606781006 0.1085542738437653 0.1145047172904015 39.83664155006409 1.547038197517395 0 0.6130396500229836 211.0304098948836 0 0.1250459551811218 4.29324384778738 4.179947443306446 4.64389181137085 11.86382683366537 0.2589541375637054 5.9827481508255 19.78563579916954 19.45673550665379 7.966117680072784 10.62894657999277 31.59893741458654 9.328513264656067 44.49435726553202 0.3489979207515717 0.5860702320933342 0 0 0 0 0 0 0 0 0 0 0 0 0 0 0 0 0 1.586189396679401 3.81581898778677 0 0.3350768685340881 0 12.78747499734163 0 8.706994511187077 1.94690765440464 0.2656565010547638 0 0 0 0 0.1203808188438416 0.1241796538233757 0 0.2685076221823692 0.2598308473825455 0 0 0 0.126930296421051 0 0 0 0 0.0898502916097641 0.09744978696107864 0 0 0.2414023727178574 9.127151407301426 0 0 0 0 0.1119558289647102 0 0.1176806911826134 0 0 11.42932030558586 0.5343857556581497 0 0 0.108555294573307 9.841703727841377 0.7680946588516235 6.4107451364398 0.08362647145986557 0.4590309858322144 0.2090777009725571 0 0.4408773183822632 0 0 0 0 0.1180660650134087 0 0.08400661498308182 0 28.75382490456104 4.305741541087627 6.721079513430595 361.4843177124858 13.76363672316074 294.3132927417755 39.20551381260157 374.0106985643506 49.11748469620943 1.235056608915329 7.884475387632847 30.51890487223864 0.3295229375362396 0.2283272743225098 0.7075305134057999 9.306591436266899 0.1423545330762863 0 0.2782929837703705 1.078353896737099 0 144.425348199904 27.68229293823242
722.1827710792422 1236.624272957444 387.5620903521776 390.2690552249551 1571.698792047799 9.685051679611206 209.949527181685 814.3704541176558 648.329082749784 109.4289876967669 4437.588661119342 5.192529946565628 31.94890184700489 2111.274152465165 2.142881989479065 0.1296983510255814 0 0 0 0 0 0 0 0 0 0 0 0 0 0 1116.008851215243 90.45641099661589 86.87476179003716 0 0 0 4.551347941160202 0.3589178025722504 0.4339452236890793 0.1454506367444992 0.1977763921022415 0 0 0 0 0 12.25461670011282 0.2481799721717834 0.1305657029151917 0 0.9636355265974998 0 0 0 0.5998852923512459 1.414314866065979 17.1459636464715 157.512987203896 6.952783368527889 7.715884193778038 1.685895204544067 11.90052522718906 0 143.2192590534687 1.436007626354694 1.223048605024815 0.3469742238521576 2.084870658814907 2.794967897236347 0.5636477470397949 4.989170581102371 0 0.1409784555435181 49.41939081251621 75.11115847527981 34.00903223454952 6.308838032186031 1.196608707308769 34.64315089583397 451.1514742225409 0.6137036830186844 16.21955704689026 2.205221235752106 0.1164163276553154 0.8675023838877678 0.3062248602509499 0.2264810055494308 0 0.1996403709053993 0.1120660006999969 0.1181327998638153 0.118189200758934 1.761951714754105 0.318828746676445 0.2452051788568497 22.39580562710762 3.224073156714439 0 0.8160089403390884 70.36868050694466 0 1.645212113857269 0.5413939654827118 1.800117179751396 2.011955559253693 3.988311380147934 0 5.480366483330727 8.75211539119482 4.9343641102314 2.809151172637939 2.293808072805405 15.30228254199028 4.510281071066856 15.25982458144426 0.1085002720355988 0 0 0 0 0 0 0 0 0 0 0 0 0 0 0 0 0 0 0 1.760969117283821 0 0 0 4.734651334583759 0.1644949615001678 1.657548531889915 0 0.3518297523260117 0 0 0 0 0 0 0 0 0 0 0 0 0.115832544863224 0 0.3495463728904724 0 0 0.3270448446273804 0 0 0 0 8.348194509744644 0 0 0 0 0 0 0 0.1165338754653931 0 3.987771734595299 0 0 0 0 4.635476440191269 0.336165726184845 1.930827304720879 0 0 0.2555570006370544 0 0 0 0 0 0 0 0 0.09853635728359222 0 7.314350120723248 0.6667023003101349 0.3841992542147636 152.4591513723135 4.036318391561508 61.8302166312933 9.85123635828495 275.7510906010866 15.53267778456211 0 3.623864531517029 14.51402659714222 0.1926126927137375 0.1112772673368454 0 9.51372766494751 0 0 0 0 0 23.0982902571559 11.75800549983978
1759.478428073227 1395.244064763188 390.2690552249551 418.3368948101997 7.301860377192497 405.589900046587 665.7517236694694 3.416675880551338 13.16205385327339 1412.473881296813 6.344073846936226 200.6048147529364 704.5107197910547 183.1883163899183 0 0 0 0 0 0 0 0 0 0 0 0 0 0 0 0 599.7041465416551 18.38116504997015 3.947378538548946 0 0 0 1.53315994143486 0 0 0 0 0.104668028652668 0 0 0 0 2.182099461555481 0.355443648993969 0 0 0.3035748526453972 0 0 0 1.187790960073471 1.907650753855705 53.12315952777863 279.5328660383821 15.41468146443367 6.173563912510872 0.1369378417730331 1.136740043759346 0 23.97816708683968 0.7687122970819473 1.263373374938965 0.3666582480072975 0.09411817044019699 0.138592854142189 0 1.575016915798187 3.450502276420593 0.367953822016716 63.62759982049465 28.48910048604012 7.67308684438467 0.2464156001806259 0.1456258893013 0.2418264672160149 2.570047527551651 0.121188759803772 0.5072191059589386 3.839523769915104 0.1145031079649925 0.6807072907686234 1.252563759684563 0 0 0.09249036014080048 0.2205487787723541 0.1101672425866127 0 0 0 0 42.73185901343822 3.471703290939331 0.2340027391910553 1.267990753054619 412.743824608624 0.8034902662038803 17.91401892900467 22.65987476706505 25.15059391409159 3.433136284351349 19.13037634640932 69.96465764939785 11.86422837525606 92.79986765235662 15.97780403494835 3.008015543222427 6.47442626953125 24.35997874289751 3.592242129147053 3.461424775421619 0 0 0 0 0 0 0 0 0 0 0 0 0 0 0 0 0 0 0.1089734733104706 1.28264544904232 0 0 0 0 2.418273836374283 0 0.8358590602874756 0.2322447597980499 0.177167147397995 0 0 0 0 0 0 0 0 0 0 0 0 0 0 0 0.2116331905126572 0 0.1993488818407059 0.2091389894485474 4.777820579707623 0 0 0.8270509093999863 0 0 0 0 0 0 0 0 0 1.987812027335167 0.2387785241007805 0 0 0 1.430693507194519 0.2881753444671631 0.340703547000885 0 0 0 0 0 0 0 0 0 0 0 0 0 4.294758781790733 0.6944012939929962 0.3863142505288124 58.28037329018116 1.639092437922955 32.79785792529583 1.752063445746899 490.9347006753087 11.02557127177715 0.3815362900495529 1.203398212790489 19.76337056607008 0.2160294950008392 0 0 56.18470169603825 0 0 0 0 0 149.9041450992227 51.564288854599
25.74524402618408 2966.643256217241 1571.698792047799 7.301860377192497 2074.081318639219 3.709621176123619 718.7477729767561 62.20995105057955 3046.824387259781 85.38530223071575 1148.041248500347 7.916070595383644 69.98558964580297 1805.140764467418 1.476052895188332 0.1131093800067902 0 0 0 0 0 0 0 0 0.09948601573705673 0 0 0 0 0 263.9318449124694 53.43940812349319 4.468496508896351 0 0 0 4.312614224851131 0 0.09165730327367783 0 0 0 0 0 0 0 20.24102943390608 0.3505338802933693 0 0.08562786132097244 0.2847849130630493 0 0 0 1.371659867465496 2.447643809020519 16.81311758607626 89.17377109080553 10.65007532387972 9.772207714617252 0.07972722500562668 0 0 64.90425119549036 1.178774200379848 1.606543079018593 0.4272617623209953 0.08904920518398285 0 0 4.785917028784752 0.4694521874189377 0 60.50072111934423 82.3840993270278 55.36010724306107 7.873432993888855 0.8755473718047142 1.022295005619526 7.061394944787025 0.106334961950779 0.51381716132164 4.446982361376286 0.08972349017858505 1.525757864117622 2.050421603024006 0.2033922299742699 0.2056764289736748 0.3549041002988815 0 0.2812946364283562 0.2874013558030128 0.2116513699293137 0.1128413528203964 0.333126924932003 29.45556043088436 1.873759388923645 0 1.52767463773489 7.858835332095623 0.1066975593566895 1.610872909426689 2.35122837126255 2.149478957056999 2.911438100039959 9.140000730752945 0.5103887915611267 9.507193177938461 21.76170618832111 9.592998325824738 4.711443103849888 8.577503085136414 29.19963240623474 13.11881165206432 34.57672375440598 0.1023139879107475 0 0 0 0 0 0 0 0 0 0 0 0 0 0 0 0 0 0.2464144229888916 1.176516719162464 2.301689356565475 0 0 0.1078042387962341 16.8101440295577 1.57183812558651 4.998263597488403 1.500803411006927 0.9201547279953957 0 0 0 0 0 0.1103376820683479 0 0 0.08966842293739319 0 0 0 0 0 0 0 0 0.1596976667642593 0 0 0 0 12.04265131056309 0.2429197132587433 0 0.08334071189165115 0 0 0 0.07605227082967758 0 0 12.20800191164017 0.119247280061245 0.124225065112114 0.10594292730093 0 10.65891806036234 0.4306591376662254 7.24458435177803 0 0.3125516921281815 0.4271840676665306 0 0.1049173027276993 0 0 0 0 0 0 0 0 28.08483377099037 2.009069040417671 3.647054180502892 127.1417436301708 7.018911279737949 90.98063544929028 21.70547154545784 37.30423549562693 12.15840590000153 0.3733391463756561 3.844222947955132 11.98122805356979 0 0.8346739038825035 0.09424924105405807 19.33090165257454 0 0 0.1496721655130386 2.188414439558983 0 54.67730880528688 18.72752224653959
23.69111205637455 34.7735923230648 9.685051679611206 405.589900046587 3.709621176123619 0 55.7630595639348 1.150228440761566 0 505.8471766114235 0.6944490820169449 64.70565585792065 44.85597279667854 10.97982107847929 0.1133224368095398 0 0 0 0 0 0 0.6126857846975327 0 0 0 0 0 0 0 0 5.416500017046928 0 6.97672039270401 0 0 0 13.58374229073524 0 2.487259596586227 0 0 0 0 0 0 0 0 0 0 0 0.2324768528342247 1.362481623888016 3.549627780914307 0.1386343985795975 0 0 26.02708414196968 1.67785269767046 0.8319295644760132 0 0 0 0 0 0 0 0 0 0 0 39.14304783940315 183.540052883327 9.487918190658092 0.1259283274412155 0.7672322392463684 0.2029523625969887 0 0 0 3.512745350599289 0 0.4778498560190201 0 0 0 0.4633096158504486 0.1235742270946503 0.659426361322403 0.185505636036396 1.466074138879776 0 0.2275024205446243 0 0 0 177.9648928046227 138.9902288913727 15.57682792842388 42.72124560177326 106.5238647162914 0 0 0 0 0 0 0 0.2324937880039215 0.3553786128759384 1.432572364807129 0 0 0.3383990824222565 0 0.3380325138568878 0.1424385160207748 0.2008128389716148 0 0 0 0 0 0.1943811923265457 0 0 0.1546024084091187 0.1386445611715317 0.6171945855021477 0 0.3037922158837318 0 0.4927397295832634 0.4334083199501038 0.4547845646739006 0 0.4799869954586029 0 0.1491572260856628 0 0.1304165720939636 0.5703934356570244 1.724036507308483 1.364943020045757 2.38795056194067 0 0 0 0 0 0 0 0 0 0 0 0 2.614297837018967 0 0 0 0 0 0 0 0 0.1677670180797577 0.2745345532894135 0 0 0 0 0 0 0 0 0 0.1134873554110527 7.034796364605427 0.6714447140693665 0 0 0.2295975536108017 0.141456127166748 0 0 0 0 0 0.09522757679224014 0 0 0 0 0 0 0 0 0.4289842247962952 0.9655972123146057 2.050513692200184 0.2602069526910782 0.09874631464481354 0.3827855363488197 0.2566914856433868 11.76883268356323 0.1330089271068573 0 0 0.5920267403125763 0 0 0 0.1366758644580841 0 0 0 0 0 11.44373321533203 1.741535142064095
550.7492074295878 4746.944606788456 209.949527181685 665.7517236694694 718.7477729767561 55.7630595639348 650.8739272356033 44.08307888358831 1293.840467557311 1205.123706318438 336.6463813558221 114.2576982751489 2502.754017852247 3623.996202014387 4.715253174304962 0.1178547665476799 0.1130117774009705 0 0 0.1257370561361313 0 0 0 0 0.2990841269493103 0.1267735362052917 0 0.2222679480910301 0 0 499.8391015231609 100.4866931140423 19.17550584673882 0 0 0.1072334796190262 13.45495101809502 0.6697607636451721 0.2273480072617531 0.1758743524551392 0.7017097920179367 0 0 0.1060801967978477 0 0 53.83983770757914 2.489372380077839 0.234602615237236 0.1190131157636642 1.468107722699642 0.1392713636159897 0 0.1426181197166443 2.839186377823353 7.540784291923046 64.89222373068333 311.7497564256191 41.97520068287849 33.4984120503068 1.039676390588284 1.820278018712997 0.3925934880971909 156.8673414066434 4.089437246322632 6.897429756820202 2.45727913826704 1.800837554037571 0.4222103133797646 0 11.7288558408618 1.175717771053314 0 200.8634438291192 245.7908682450652 152.2360218018293 22.89096942543983 1.339747726917267 2.160573855042458 7.867657385766506 0.6329411491751671 3.535533718764782 17.72497320920229 0.3607496842741966 2.538421951234341 6.361190184950829 0.7609858438372612 0.1038385927677155 1.555061995983124 0.1001299321651459 1.002506464719772 0.1043864488601685 0 0 0 132.1168168485165 9.858917683362961 0.1858218908309937 5.501770831644535 98.65274330228567 3.357863120734692 10.78189200162888 31.10638517141342 38.89676062017679 18.11957890540361 49.27887073904276 12.21694827079773 28.84925074130297 105.3751464486122 83.9782716780901 20.21963057667017 34.34024124592543 108.0791651904583 37.70045046508312 128.225959546864 0.1802851408720016 0.8009665161371231 0 0 0 0 0 0 0 0 0 0 0.4651640653610229 0 0 0 0 0 0 3.475249901413918 15.33947340399027 0 0 0 48.1598329693079 3.7368218973279 14.32272931188345 3.740435719490051 0.6780232116580009 0 0 0 0.2536617591977119 0.509372241795063 0 0 0.6039496511220932 0.2455457150936127 0 0 0.4268403053283691 0 0 0.2003083750605583 0.1038810089230537 0 1.239668175578117 2.535353124141693 0.8829570785164833 0 0.8452350497245789 37.19409320503473 0.2126640304923058 0.3049518764019012 0.210788682103157 0 0.09019452333450317 0 0 0 0 43.57243004441261 0.5367203056812286 0 0 0.0891641229391098 25.49201213568449 3.352549359202385 19.77646886557341 0.6862804815173149 2.344246298074722 0.8586233481764793 0.1326249539852142 1.105856113135815 0 0 0 0 0 0.1085916981101036 0 0 85.22419428825378 7.842774346470833 12.94919443130493 405.2800261378288 18.61393489688635 275.5133948922157 50.49259892106056 213.9212559014559 48.41590311378241 1.42603412270546 12.88163933902979 42.07337918877602 0 2.87256783246994 1.128590308129787 59.89944287389517 0.5746209844946861 0 0.2301415205001831 1.812643066048622 1.836155712604523 267.072497189045 86.41284874081612
51.02482239156961 214.0055722594261 814.3704541176558 3.416675880551338 62.20995105057955 1.150228440761566 44.08307888358831 710.3405951708555 152.375608690083 10.58786218613386 850.7035555839539 13.67626732587814 91.17774379998446 1356.606131829321 10.68068992346525 2.187127113342285 0.4148463010787964 0.2551221251487732 0 0 0.3880991041660309 0.4842249751091003 0 0 0.1682013869285583 0 0 0 0 0 1005.52831055969 1178.52377127111 243.9476190060377 0 0 0.4334429949522018 40.54832257330418 10.31073606014252 2.40069842338562 1.08344803750515 0.6885937005281448 1.087252706289291 0.5775037407875061 0.85023482888937 0.1100397035479546 0.1084497272968292 77.53894022107124 2.13501563668251 0.9726565033197403 2.343156792223454 16.31486892700195 0.5242075622081757 0 0.6886115670204163 2.578961655497551 4.905658155679703 25.9236121699214 247.4182086065412 23.6099284440279 41.87375325709581 18.17966524511576 123.6039796620607 0 452.9976600557566 3.02357430011034 5.027963921427727 2.686190634965897 15.88100234419107 24.86199151724577 3.624305322766304 23.37856049090624 0 0 152.0827610343695 269.1537468880415 200.1148968860507 79.37630572170019 19.91408658772707 680.1817678511143 1099.436665475368 34.95760595053434 315.7802427709103 10.68909098953009 0.3660474047064781 1.641759350895882 3.353205651044846 2.97718421369791 0.09106381982564926 1.395740777254105 0.1083488911390305 0.8625629171729088 0.2298614084720612 20.31028621643782 3.101456254720688 0.9861055538058281 170.5723103061318 10.47250083088875 0 8.460619710385799 29.91112329810858 0.2426466941833496 0.7532864138484001 3.832892924547195 2.178745537996292 4.488170236349106 12.96125718206167 0.1077818498015404 6.479042187333107 22.49126964062452 14.91858053207397 11.67802366614342 7.213058702647686 32.33781384676695 12.08241136372089 61.61049294471741 0 0.3465981855988503 0 0 0 0 0 0 0.4771063327789307 0 0.4724375605583191 0 0 0 0 0 0.104751318693161 0 0 2.183526337146759 8.406350776553154 0 0 0 28.65526799112558 2.931197196245193 11.36224292218685 4.017961964011192 1.515704289078712 0 0.2131837904453278 0 0 0.4382713437080383 0 0 0 0 0 0 0.4353808760643005 0 0 0 0 0 0.8290442824363708 0 0 0 0 21.95435458421707 0 0 0 0 0.169612318277359 0.1056053563952446 0.2082957252860069 0 0 20.746542096138 0 0 0 0.5613634586334229 22.24862830340862 0.4396850690245628 15.10634941607714 0 1.061690583825111 0.3255268484354019 0 0.7388851568102837 0 0 0 0.1064667329192162 0 0 0.07664301246404648 0 39.61542441695929 5.14074881374836 7.580811470746994 622.8779400810599 19.01633759588003 326.1785401552916 83.68166737258434 142.2532968446612 47.81776543706656 0.632958710193634 31.93872786313295 47.57340808212757 0.6579837054014206 0.9094172045588493 0.734699510037899 5.090422362089157 0.3817234635353088 0 0.7572805732488632 10.36676352471113 2.583014629781246 70.60154387354851 22.86255267262459
14.65978780388832 1854.392623402178 648.329082749784 13.16205385327339 3046.824387259781 0 1293.840467557311 152.375608690083 450.694387331605 47.48562225699425 967.0024001374841 4.763925522565842 272.1133730262518 2201.65399993211 0.9584795981645584 0 0 0 0 0 0 0 0 0 0 0 0 0 0 0 179.073177061975 22.84282868355513 1.687563344836235 0 0 0 2.352260142564774 0 0 0 0 0 0 0 0 0 5.340373955667019 0 0 0.1172157377004623 0.08425822854042053 0 0 0 0.2017903104424477 0.5452058687806129 3.765558138489723 29.36156961321831 3.302032522857189 3.34873703122139 0 2.64385013282299 0 21.46125420928001 0.419208824634552 0.546860471367836 0.3849152326583862 0.2988384440541267 0.1709987223148346 0 1.646296963095665 0 0 20.45001600682735 28.15242344886065 19.44368612021208 2.671354755759239 0.5886135473847389 0.4722161218523979 42.11270362138748 0 0.8308510333299637 1.298624694347382 0 0.5502728521823883 0.09784114360809326 0.1260015517473221 0 0.09223192185163498 0 0.1014830395579338 0 0 0.1458265781402588 0 14.53230080753565 1.247352406382561 0 0 2.123001240193844 0 0.2798426002264023 1.789980120956898 0.78798907995224 0.6861487925052643 4.966632254421711 0 2.452273115515709 5.300563029944897 3.347950607538223 2.326546430587769 3.273981213569641 9.161904767155647 4.181991867721081 11.66166967153549 0 0.09783007949590683 0 0 0 0 0 0 0 0 0 0 0 0 0 0 0 0 0 0.4876639693975449 1.354014724493027 0 0.1708097010850906 0 6.981614224612713 0.7952996864914894 1.784546799957752 0.1157804057002068 0.2877413928508759 0 0 0 0 0 0 0 0 0.1114804744720459 0 0 0 0 0 0 0 0 0 0 0 0 0 3.960440672934055 0 0 0 0 0 0 0 0 0 2.485790282487869 0.1362060606479645 0 0 0 2.00642791390419 0 3.254852026700974 0 0.191769577562809 0 0 0.1985741779208183 0 0 0 0 0 0 0 0 9.756389454007149 0.2392007559537888 0.6215750947594643 46.58818765729666 2.918330959975719 32.873884357512 7.269346870481968 17.21914898604155 3.830778457224369 0 1.501776903867722 5.399225249886513 0 0.2011471912264824 0 4.164177507162094 0 0 0.1153265163302422 0.5297352001070976 0.1733317226171494 16.58833411335945 6.574127674102783
1275.334480836987 694.4225417077541 109.4289876967669 1412.473881296813 85.38530223071575 505.8471766114235 1205.123706318438 10.58786218613386 47.48562225699425 1459.820777706802 22.69197036325932 1589.75604441762 6099.119140505791 869.9384506642818 2.378968209028244 0.2973454967141151 0 0 0 0.1084596291184425 0 0 0 0 0 0 0 0 0 0 265.1182994022965 41.92997279763222 140.502246171236 0 0 0 216.9472393766046 0.1249020770192146 1.099912412464619 0.1031553819775581 0 0.110497958958149 0 0 0 0 19.69956088811159 1.577821277081966 0 0 0.3070782423019409 0 1.020590968430042 0 2.58089566975832 2.728191502392292 87.13050813227892 195.0554180890322 17.38851596415043 15.52057301998138 0.1471428275108337 5.376975409686565 0 55.16538485139608 2.07073749601841 1.950327485799789 0.5891746208071709 0.8645353317260742 0.6802022755146027 0.2022941410541534 37.5243586152792 22.4982647895813 1.791083782911301 87.69944323599339 89.83997598290443 57.45675330609083 8.495532661676407 0.688193067908287 1.490858875215054 7.380415171384811 0.5627106130123138 3.792261831462383 8.477829366922379 0.7593429684638977 0.9169107228517532 2.985791385173798 0.2323745936155319 0.1020960584282875 0.4006567820906639 0.8503261059522629 0.1075893193483353 0 0.3904829174280167 0.4113732576370239 0.1217155531048775 471.8688311725855 44.2122897207737 1.093107774853706 15.49965587258339 584.9079702198505 2.586222365498543 9.954775720834732 48.80424498766661 46.95714934170246 37.49096100777388 150.936555981636 13.40186570584774 72.16903611272573 212.9872286096215 129.015156082809 50.05401012301445 67.44882684201002 216.8724577203393 73.76463469862938 188.4373690932989 0.3329828903079033 0.5262507051229477 0 0 0 0 0 0 0 0 0 0 0.107828214764595 0 0 0 0.1247657164931297 0 0.2869486883282661 5.064968176186085 19.62687537074089 0 1.052718743681908 0 56.85047440230846 2.207351110875607 22.88257530331612 6.305246241390705 2.11468143761158 0 0.0917012095451355 0 0 0.4042140543460846 0.1255190968513489 0 0.1176432073116302 0.08985993266105652 0 0 0.298669695854187 1.103004671633244 0.1262752562761307 0 0 0.08806165307760239 0.6160173192620277 0.7783782556653023 3.36569732427597 0.3052951097488403 0.7165082097053528 47.23333551734686 0.8007696345448494 0 0 0 0.07777045667171478 0 0 0 0 58.19773208349943 2.105612024664879 0 0 0 36.22395377606153 1.995059609413147 24.34874307364225 0.3188384994864464 1.858915321528912 0.6529778465628624 0 0.7033760249614716 0 0 0 0 0 0.136531874537468 0 0 138.7874567434192 7.656485110521317 15.91018427163363 256.2085508406162 6.599655255675316 108.711952008307 17.69912439584732 1098.460486099124 23.80618628114462 1.197628483176231 2.848355144262314 107.0897000953555 0.4164291545748711 2.765492931008339 0.8515462428331375 123.6428769081831 0.8259865939617157 0.2071680128574371 0.135692223906517 1.625507578253746 0 1115.487365312874 301.5991810485721
88.72539880126715 1460.263125956059 4437.588661119342 6.344073846936226 1148.041248500347 0.6944490820169449 336.6463813558221 850.7035555839539 967.0024001374841 22.69197036325932 921.5679196864367 6.82593309879303 263.2628824561834 2014.392951674759 4.964614517986774 1.294854268431664 0.2272794246673584 0 0 0 0 0.6728002727031708 0 0 0 0.1483424305915833 0 0 0 0 1571.112908273935 389.23482888937 381.0744055435061 0 0 0 41.71809332817793 12.43085860460997 3.840363711118698 0.7668186500668526 0.3946584537625313 0 0.1312682330608368 0 0 0 25.22414134442806 0.2249827012419701 0 0.1024756580591202 1.872412636876106 0.2026318907737732 0.2209634184837341 0.2042254060506821 0.7697803601622581 1.468183442950249 11.76895849406719 117.3046580851078 8.309177197515965 11.05636832118034 1.1030483096838 207.8008004724979 0 184.2068520188332 1.132792517542839 1.933619365096092 0.8141313344240189 2.130460940301418 3.230048201978207 1.383773401379585 14.72799012809992 0.1623299866914749 0 49.60038772970438 75.25275447964668 76.19806410372257 20.4253908470273 1.226653650403023 59.88653861731291 577.7567111477256 2.793840937316418 87.71096009761095 3.973861426115036 0.2194039523601532 0.8431548178195953 1.635363936424255 0.1010938584804535 0.09097655862569809 0.09348160773515701 0 0.6637907847762108 0.1059990748763084 4.339432939887047 0.7902453541755676 0.1110540479421616 66.40342922508717 8.729664817452431 0 4.306097745895386 9.269008450210094 0.8194765374064445 1.376976937055588 6.437833547592163 3.527479395270348 2.15331357717514 6.06396459788084 0.324510931968689 5.740949213504791 13.76699996739626 10.33046787977219 4.101805254817009 6.155091233551502 20.70473557710648 9.460091553628445 29.57965041697025 0 0.3166674971580505 0 0 0 0 0 0 0 0 0 0 0 0 0 0 0 0.1833037883043289 0 0.7469497323036194 1.992880828678608 0 0.4315317869186401 0 16.99869621545076 0.6282635778188705 5.016157105565071 1.561883814632893 0.2444587722420692 0 0 0 0 0.09755466878414154 0 0 0 0 0 0 0 0.1524579674005508 0.1338096559047699 0 0 0 0.2017165422439575 0 0.3337982892990112 0 0.7870917320251465 9.595928013324738 0 0 0 0 0 0 0.09076386690139771 0 0.1107046529650688 9.466528192162514 0 0.1365638077259064 0 0 9.23381695151329 0.3052195459604263 6.806362956762314 0.1079946756362915 0.4613703638315201 0.2102480009198189 0.1050354391336441 0.4726619645953178 0 0 0 0 0 0 0.122305229306221 0 23.43575552850962 2.32809504121542 5.651802845299244 208.7991153374314 8.190879128873348 108.1027184873819 36.35807327926159 40.96112266182899 15.25322068482637 0.6370858028531075 8.882897473871708 17.28709388524294 0 0.3015261963009834 0.421184241771698 11.39860181510448 0 0 0 5.268120691180229 0.3643025755882263 34.23851358145475 9.689910225570202
55.30894854664803 19.47307831794024 5.192529946565628 200.6048147529364 7.916070595383644 64.70565585792065 114.2576982751489 13.67626732587814 4.763925522565842 1589.75604441762 6.82593309879303 192.939722135663 1486.54767523706 374.909736007452 4.256613582372665 1.145902454853058 0 0.1767781376838684 0 0 0 0.1386080682277679 0 0 0 0 0 0 0 0 5.456267565488815 6.491654992103577 217.1988386362791 0 0 0 704.9707900062203 7.4390469789505 9.635003887116909 0.3118351548910141 0.6723601967096329 0.2437754720449448 0 0 0 0 9.372533358633518 0.3431639075279236 0.1828745305538177 0.262467622756958 2.800505325198174 0.7100877165794373 0 0 0.2267699837684631 0.6375294849276543 7.057054959237576 8.759985908865929 1.584473162889481 5.980900481343269 1.099835008382797 26.27096697688103 0 12.149264767766 0 0.4274645745754242 0.3642088696360588 8.043607704341412 5.334994524717331 0 122.0970090478659 5.446813970804214 0 16.10426010936499 21.17431066930294 27.10461746901274 8.41379489004612 1.042189061641693 1.376378118991852 23.5899595618248 0.2858404070138931 12.83833207935095 0.9164456725120544 0 0 0.2135147675871849 0.1384921967983246 0 0.1183586344122887 0.2313001602888107 0.615378737449646 0 8.957127846777439 1.374710001051426 0 682.0537145063281 31.98859972506762 0.6474148780107498 24.90084625035524 80.2173730134964 0.5446702241897583 2.308954812586308 14.02787237614393 17.23988529294729 11.56796710938215 34.17769409716129 2.141788274049759 27.64724559336901 88.68206296116114 74.72380471229553 24.6560754776001 35.67509590089321 170.8916588649154 67.92092987149954 136.7593178525567 1.052026182413101 0.8257053270936012 0 0 0 0 0 0 0 0 0 0 0.1465578526258469 0 0 0 0 0 0.1063070893287659 3.086327143013477 8.941944934427738 0 1.209552764892578 0 63.24371040612459 6.164952725172043 23.31946032494307 3.568134851753712 2.02685309946537 0 0 0 0 0.7121312543749809 0 0 0 0.9132029041647911 0 0 1.145290181040764 0.0968775674700737 0.1254526376724243 0 0 0 0.5305031314492226 0.5611269846558571 0.3296380341053009 0.5292180776596069 0.4752653539180756 31.68779738247395 0.1321602910757065 0 0 0 0 0 0 0 0.3287542462348938 59.40542127937078 0.9432311058044434 0.1344723999500275 0 0 28.578688621521 0.8598458990454674 18.65624607354403 0.174467146396637 1.228349238634109 0.9081176444888115 0.2910812050104141 1.192476473748684 0 0 0 0 0 0 0 0 128.5308779105544 13.00574259459972 15.22810574620962 102.2725803107023 2.786079525947571 39.97430504858494 15.87802568078041 126.733338534832 7.929958678781986 0 1.821364998817444 40.0907481983304 0.212689682841301 2.684309042990208 0.9793467149138451 33.53627537935972 0.1320969313383102 0 0.4099352285265923 0.7167607098817825 0.3541224896907806 614.4372758865356 119.9936073645949
60.77241864800453 213.9796836674213 31.94890184700489 704.5107197910547 69.98558964580297 44.85597279667854 2502.754017852247 91.17774379998446 272.1133730262518 6099.119140505791 263.2628824561834 1486.54767523706 3020.671212054789 3562.022835046053 11.69580837339163 1.399647317826748 0.1195854619145393 0 0 0 0.5969653129577637 0.1950228959321976 0 0 0.1416510194540024 0 0 0 0 0 28.04712381213903 21.03636831045151 932.2003779262304 0 0 0.3187449872493744 878.6847505494952 10.46995766460896 9.240660712122917 5.171962976455688 0.3737020343542099 0 0 0.1299369335174561 0 0.2316787838935852 33.79356224834919 0.5828499719500542 0.3690301179885864 0.1134664714336395 7.314314946532249 0.2490473538637161 0.9015043452382088 0 0.8619726151227951 1.019953668117523 8.268785379827023 28.05402304977179 7.113814987242222 11.59656455367804 1.72912972420454 41.39006285369396 0 38.45177984237671 0.2929882630705833 1.331121906638145 1.488510832190514 7.530961409211159 8.425509318709373 1.268277943134308 208.5665864571929 4.605701938271523 0.3962176665663719 41.75552550703287 76.26974492520094 96.77635127305984 25.12055712193251 2.691036440432072 10.26929478347301 39.12392740696669 2.636858575046062 22.66625580191612 3.12872676551342 0 0.5425184071063995 0.9152045473456383 0.2734513357281685 0.1146653741598129 0.3094494119286537 0 0.2489568144083023 0 6.983844697475433 3.173849895596504 0.5278248190879822 937.5418817102909 42.26887628436089 0.8756849765777588 22.0290727391839 46.97688660025597 1.167257815599442 5.233824267983437 25.58284671604633 16.77177945524454 21.48723512887955 78.81185423582792 1.227800562977791 45.42246931046247 160.0510112270713 77.46857844293118 38.43306005001068 72.87865661084652 198.2578395903111 88.56454523652792 227.1446353048086 1.257201291620731 0.9795467779040337 0 0 0 0 0 0 0 0.1254001706838608 0 0 0.1226533725857735 0 0 0.2928261160850525 0 0 0 8.489200845360756 17.75504823029041 0 0.2865691781044006 0.1712129265069962 96.83477711677551 5.791154198348522 33.87650398910046 7.733786009252071 2.329843871295452 0.4078945517539978 0 0 0 0.8655434846878052 0.4115551263093948 0 0 0.5110812410712242 0 0 0 0.4399214237928391 0 0.336754322052002 0.2833801507949829 0 1.458002984523773 0 0.8086249977350235 0.1442880481481552 1.460916072130203 59.98372908681631 0.5617250725626945 0 0 0 0 0 0 0 0 89.23303020745516 1.592658087611198 0.1088188514113426 0 0 54.02250633388758 2.696237064898014 34.22547666728497 1.46896243840456 2.040080308914185 1.939251840114594 0.4083272367715836 2.662456288933754 0 0 0 0 0.09724363684654236 0.1185524463653564 0.1198841109871864 0.1283106654882431 171.4806570634246 15.98693253844976 27.43324875086546 355.5714135318995 5.465733885765076 158.6677156835794 70.47996511310339 161.4444900453091 17.88344994187355 0.2556852102279663 14.66887149214745 55.42229082435369 0 4.457358434796333 0.4385737553238869 48.44499448686838 0 0 0.8646534979343414 6.335039168596268 1.156511381268501 642.1591499820352 167.9440161436796
162.0602906048298 2845.580293871462 2111.274152465165 183.1883163899183 1805.140764467418 10.97982107847929 3623.996202014387 1356.606131829321 2201.65399993211 869.9384506642818 2014.392951674759 374.909736007452 3562.022835046053 1408.662461057305 19.29264594614506 2.801148444414139 0.3042535334825516 0.1394518464803696 0 0.2651216983795166 0 1.875071167945862 0.2144970744848251 0.9282081127166748 0.3850693702697754 0 0 0.1310137808322906 0 0 1273.552444122732 133.4965763539076 2235.42731731385 0 0 0.3344983160495758 868.9705265760422 31.45596644282341 28.87543496489525 3.721705310046673 0.4430440664291382 0.8497282788157463 0.6108301356434822 0.2850084230303764 0 0 60.3107976987958 2.357398502528667 0.5967337638139725 0.2543908879160881 10.9103467091918 0 0 0.162143349647522 1.885982677340508 3.200073421001434 22.90210828185081 143.7400423660874 13.96438241750002 28.67005448788404 4.601731561124325 317.0627387240529 0.3878858759999275 139.0345820710063 3.01021583378315 4.209475055336952 1.856846787035465 8.123363845050335 13.58576427400112 1.30179862678051 180.4000996723771 0.640087716281414 0.1315775364637375 102.3961506932974 154.055274002254 181.229878693819 47.84268428385258 5.029557675123215 36.86924487352371 806.99232634902 5.836526364088058 56.73620384931564 8.456372484564781 0.1384513378143311 1.592097111046314 2.981370992958546 1.563154235482216 0.2078839167952538 0.7739542797207832 0.2058756425976753 1.747226238250732 0.2232928201556206 14.23373238742352 1.840881042182446 0.3388510644435883 524.7400182634592 28.38781253248453 0 37.94397419691086 22.68984192609787 0.1082814857363701 2.608318760991096 8.864754371345043 6.268626034259796 6.731156252324581 22.97040513902903 0.3556786775588989 17.6366199105978 50.63343073427677 29.2598660364747 18.21907822787762 21.04487397521734 87.3111142963171 38.1547674164176 125.1618601083755 0.7230367287993431 1.146510764956474 0 0 0 0 0 0 0 0 0 0 0 0 0 0 0 0 0 5.003111287951469 11.40147534012794 0 1.517481043934822 0 56.02150842547417 7.549404449760914 25.42737903445959 6.212987698614597 1.269999645650387 0 0 0.8761676549911499 0.2458004727959633 1.046916842460632 0.107376366853714 0 0.1655912548303604 0.3456836119294167 0 0 0 0.2781995311379433 0.2587049603462219 0 0 0 0.642249621450901 0.5726320594549179 0.1167786344885826 0.2977964505553246 0.1317394822835922 37.90587452054024 0 0.1018080115318298 0 0 0 0 0 0 0.135322242975235 48.21192093193531 0.5067892149090767 0 0 0.1493146866559982 26.78385277092457 2.507657811045647 17.86632814258337 0.4648192524909973 1.193780809640884 1.029881201684475 0.1043139919638634 1.134875908493996 0 0 0 0 0 0 0.4007425382733345 0.1406040191650391 91.60731248557568 12.46005717664957 20.97682566195726 527.1974579468369 18.13877569139004 281.9305737167597 93.64951696246862 120.8875988870859 34.9511633887887 1.211068361997604 22.07200500369072 39.61824797838926 0.4244774729013443 2.498895265161991 1.033101245760918 22.08807700127363 0.5132981240749359 0 1.015365719795227 12.18225573003292 0.8480026125907898 184.213169708848 54.31467555463314
0.3584258854389191 3.707316316664219 2.142881989479065 0 1.476052895188332 0.1133224368095398 4.715253174304962 10.68068992346525 0.9584795981645584 2.378968209028244 4.964614517986774 4.256613582372665 11.69580837339163 19.29264594614506 280.0644455850124 1538.236044593155 464.777191080153 32.81110183894634 68.45762464404106 2.811437055468559 0.6363365054130554 0 1.701714485883713 1.270093999803066 145.2033698707819 0 13.33870728313923 1.30716485530138 2.709661610424519 0.9610563740134239 3.645663864910603 9.666469939053059 65.84322098642588 15.21590282022953 16.88989399373531 126.6822910532355 58.82972740381956 198.2210978269577 61.23048861324787 117.0574108213186 1.017351612448692 1.456917889416218 1.230578318238258 222.1422849074006 36.0134050026536 58.46250160783529 471.6603405103087 5.401819705963135 62.91398487240076 9.30196375399828 6.148481957614422 0 7.73039198666811 0.1052732467651367 3.062789671123028 3.699055157601833 69.90527401119471 7.762993179261684 155.0223048850894 319.6652675196528 162.3601900711656 180.2015760913491 83.406698346138 15.10291117429733 1.571272738277912 2.617848187685013 1.186499536037445 2.941712819039822 1.9881926253438 0.2280151173472404 8.573711633682251 5.236795730888844 0.2539201974868774 1226.744418889284 13.66237358748913 891.0720214396715 192.4587121605873 420.5694063082337 20.950329862535 33.3399071469903 123.6207403168082 176.43646954 16.97158379107714 0.126804530620575 1.989469029009342 2.184854701161385 3.318155348300934 0.1616726219654083 1.08289860188961 1.840090207755566 4.274111017584801 0.7055272907018661 1.07390708476305 2.1608996540308 1.503275811672211 6.351562730967999 11.72156746685505 0.1307870894670486 25.86515616625547 0.7691373229026794 0 0 0 0 0 0.1131065934896469 0 0 0.1523589491844177 0 0 0.1048885434865952 0 0 1.351238623261452 0.4159726202487946 0.2962684705853462 0 0 0 0.1727622896432877 0.1213437020778656 0 0.1085517480969429 0.2273626178503036 0 0.3437786027789116 1.45273657143116 0.2245737761259079 1.945156797766685 0.1874057352542877 1.155377648770809 0.8308607190847397 2.429749973118305 0 0.3206881731748581 0.6424922943115234 1.627075791358948 1.045442365109921 1.211932487785816 1.537600882351398 2.993049129843712 3.350869961082935 3.701112926006317 0 0 0.1106553226709366 0.1255037784576416 0.2800317034125328 1.150592654943466 0.1341435611248016 0 0 0 0 0 3.212869666516781 0.1171811744570732 0 0 0 0.07996036857366562 0 0 2.003726631402969 2.263497464358807 1.10470537096262 0 0 0 0 0 0.2841991186141968 0.2960592657327652 0.3695529699325562 0.2754428461194038 0.2746617347002029 2.693243399262428 0 0 0.2517060413956642 0.3342926502227783 0.5710994601249695 0.8571694269776344 0 0.07514770328998566 0.08866046369075775 0 0.1651022285223007 0.2635619640350342 0 0 0 0.1111651360988617 0.3253478780388832 0.2383084893226624 0 0.1853465512394905 1.69332217425108 5.470979906618595 24.25446760654449 10.3515427261591 498.2213461697102 18.78188442438841 3.840997248888016 31.73027380555868 1.391871333122253 0.8770773708820343 4.827245816588402 0.1423839777708054 0.1950210109353065 0.1020573079586029 0 0 0 0.09733136743307114 3.018882893025875 0 47.95573219656944 1.682924680411816
