425.2413060739636 1978.359898068011 535.6674690321088 1512.919018805027 327.7436538860202 66.91423909366131 325.2259949371219 69.15455029904842 27.52258911728859 1056.053762629628 324.0761358812451 38.35659098625183 104.8321770355105 109.0257839113474 2.642180368304253 0.2982354164123535 0.08150187134742737 0 0.1305383443832397 0 0 0 0 0 0 0 0 0 0 0 721.014240860939 0.4335256591439247 9.451027929782867 0 0 0 2.683614045381546 1.535094730556011 0.3151698932051659 0.2821167707443237 0 0 0.09694796800613403 0 0 0.3933102115988731 10.89447679370642 1.671046018600464 0.3276986479759216 0.4018465951085091 0.08875634521245956 0.2817527651786804 0 0 4.316056653857231 5.249041475355625 134.8828451186419 926.8493840247393 49.88852728158236 15.19268255680799 0.09101361781358719 6.506214886903763 0 8.241278275847435 5.798013024032116 3.944276534020901 0.4541852921247482 1.110869720578194 0.1606760770082474 0.128807470202446 17.43333780765533 13.13839755952358 0.3171340227127075 249.5048784390092 68.09354988485575 63.36979705840349 1.340966172516346 0.08780979365110397 0.2308621928095818 9.92781388014555 0.1462629288434982 2.336976900696754 10.91993111371994 0 3.737372808158398 7.786144271492958 0.9170420542359352 0.5658531039953232 2.250560335814953 1.753274083137512 0.1947164535522461 0.2984871566295624 0.1367363929748535 0 0.08611349761486053 37.84471379220486 13.91856840252876 0 3.833461955189705 1085.180202752352 0 1.375993087887764 0.5585309118032455 0 0.1713443547487259 5.689210847020149 0.7564643025398254 1.704181760549545 12.69860792160034 3.013468012213707 0 4.259322859346867 5.787361547350883 1.486192472279072 0.7996117696166039 0 0 0 0 0 0.3015016913414001 0 0 0.71097731590271 0 0 0 0.7736980617046356 0 0 0 0.1131433919072151 1.148770213127136 0 0 0 0 0 0.2135548144578934 1.864767506718636 0 2.987338557839394 1.742729038000107 1.885717332363129 0 0 0 0 0.4831042289733887 1.761913776397705 0 0 0.2974033802747726 0 0 0 0.1164958700537682 0 0 0 0.08267916738986969 0 0 0 0 0 1.836671337485313 0 0 0.2254483997821808 0 0 0 0 0 0 2.724085107445717 0 0 0 0 1.688867077231407 0.4191646873950958 1.033907443284988 0 1.31251534819603 0.3679279088973999 0 0 0.08198405802249908 0.1388675719499588 0 0 0.2140607759356499 0 0 0 1.443497404456139 0.7398054003715515 4.827168539166451 247.005769431591 5.72552651911974 91.94332714378834 20.79712551087141 597.0584356486797 6.320853315293789 3.476874098181725 1.864306822419167 10.30889117717743 0.5926868915557861 0.5854113772511482 0 15.47597861289978 0 0.2268567979335785 0 145.1436109989882 28.63909128308296 164.9347414895892 1.765204943716526
1978.359898068011 3228.305953770876 2001.563476644456 1279.065877571702 2753.798873715103 70.8214780241251 3397.942410506308 329.4378663748503 988.4374055564404 1462.760892882943 1166.51502032578 3.870189994573593 1240.862389981747 1038.308124937117 6.724127732217312 1.40955226123333 0.2000378668308258 0.1617929190397263 0.1102496832609177 0 0 0 0 0.1090026944875717 0 0 0.1112514287233353 0 0 0 1745.830065377057 5.700702898204327 8.162666387856007 0.09476109594106674 0 0 0.2555786967277527 0.5596424862742424 0.1600706577301025 0 0.1742404103279114 0 0 0.7570327147841454 0 0.5796831175684929 31.60729709267616 2.1992506980896 0.2265143468976021 0.2807478234171867 0.1069946736097336 0 0.07881801575422287 0 8.461123548448086 10.56982647627592 65.54567225277424 699.8894038572907 60.15535040944815 33.91640201210976 0.6291802898049355 1.799739986658096 0 34.58350812643766 10.15997403115034 8.078621692955494 1.290183059871197 0.7619192004203796 1.137286879122257 0 2.782187767326832 0.3037206828594208 0 401.5199230276048 180.8042036220431 174.9224846884608 13.50846062600613 0.7959267646074295 0.3045298457145691 20.96658901125193 0.6097395122051239 1.609484948217869 20.31290890276432 0.1071928516030312 9.397509552538395 14.59092897176743 2.450443744659424 0.366219088435173 2.578521504998207 0.326525941491127 0.3171695172786713 0.40157750248909 0.1821196973323822 0 0.1913582012057304 2.953477524220943 0.3281937837600708 0 0 744.7781616002321 0 0.3925969004631042 0.6496596485376358 0.8506226539611816 1.00854155421257 6.9158631041646 0.1423366814851761 0.6735117733478546 11.04236507415771 4.217016287147999 1.558693826198578 2.206623546779156 5.872033551335335 2.034717291593552 2.379773147404194 0 0 0 0 0 0 0 0 0 0 0 0 0 0 0 0 0.3379274904727936 0.2211422175168991 0 0.1422161757946014 0 0 0 0 1.956377722322941 0 1.603792771697044 0.7479444220662117 0.2940633594989777 0 0 0 0 0 0 0 0 0 0 0 0 0.713080108165741 0 0 0 0.2420819476246834 0 0 0 0.5581361055374146 0 0.8595753684639931 0 0 0.09200157970190048 0.09885141253471375 0 0 0.09577272087335587 0 0 4.404289856553078 0.2918907478451729 0 0.2855659797787666 0 0.5192588791251183 0 0.7505776584148407 0 0 0 0 0.6393153518438339 0 0.2771086245775223 0 0 0.2890457957983017 0 0 0 1.372418880462646 0.1396532356739044 0.7716325521469116 157.5105612725019 7.848971374332905 170.6192866414785 24.25313298404217 348.0475980490446 7.65056961029768 1.970999501645565 5.34563560038805 5.295738399028778 0.2980710119009018 1.307764299213886 0.3006472885608673 6.388212144374847 0 0.3511002063751221 0 1.288151971995831 0 64.27754547446966 3.145216442644596
535.6674690321088 2001.563476644456 2211.658438272774 22.32772133499384 886.3999888673425 0.4369642958045006 188.6746878772974 4175.120990268886 682.9211141318083 33.48249091953039 3101.694714181125 0.6717738434672356 127.0373524054885 908.5126818940043 4.125464357435703 4.463534981012344 1.138173669576645 1.324750050902367 0.2194045633077621 2.84587574750185 5.770200550556183 0 0.2236216366291046 0.496800422668457 0 0.5977490544319153 0 0 0 0 6497.45510160923 774.8250500410795 19.56059046089649 0.7899648025631905 0 0.1466482877731323 0.5646173357963562 0.342483289539814 0.09603969007730484 0.2420932725071907 0.4747823551297188 0.4450470879673958 3.738317079842091 1.418193556368351 0.5378003418445587 6.11780671030283 7.800241388380527 1.673787802457809 0.9072129726409912 5.082783870398998 0.3283429443836212 0 0.2244761437177658 0 3.193575836718082 3.464309751987457 46.33839994668961 1014.599238708615 41.62016164138913 7.488576978445053 10.01967190206051 3.951186284422874 0.2552738785743713 802.6803154796362 2.924184776842594 5.503970220685005 1.230331808328629 8.056865647435188 26.67970032244921 2.92414553463459 1.652061052620411 0 0 205.2757552079856 119.0249526724219 44.78329760581255 6.490016080439091 2.257463216781616 22.55268391221762 462.1995387971401 15.27962390333414 61.04476284235716 9.127066068351269 0 3.033522471785545 3.778135240077972 6.956613630056381 0.2279549911618233 1.030804924666882 0 0.8046548441052437 0.5645946189761162 4.405831597745419 0.7694146707653999 1.070477709174156 0.9362106174230576 0.1021367162466049 0 0 201.4836100637913 0 0 0 0.1317225694656372 0 0 0 0 0.1480313241481781 0.1606742292642593 0 0.102217435836792 0.2844336628913879 0.5110268890857697 0 0 0 0 0 0 0 0 0 0 0 0 0 0 0 0 0 0 0 0 0 0 0 0 0 0.3468631654977798 0 0 0 0 0 0 0 0 0 0 0 0 0 0 0 0.1528329253196716 0 0 0 0 0 0 0 0 0 0 0 0 0 0.09574122726917267 0 0 0.1104438379406929 0.1176344677805901 0 0.1242859661579132 0.2143469676375389 0 0 0 0 0.2103782892227173 0 0 0 0 0 0 0 0 0 0.2063869312405586 0 0.07595335692167282 0 0.1570342928171158 0 0 0 0 26.70858982950449 1.510994262993336 48.10009308159351 9.964249938726425 18.955267585814 3.157746724784374 0.6990648061037064 1.410930216312408 0.3726271018385887 0.5245881080627441 0.09400461614131927 0 0.1341090500354767 0 0 0 0.4494670256972313 0 13.17574992030859 0.6016237214207649
1512.919018805027 1279.065877571702 22.32772133499384 893.9948785007 115.6746788471937 458.7759170755744 2223.511330612004 0.9343475922942162 37.11740140616894 3500.146649494767 23.51787680387497 2.082808561623096 798.4497392624617 155.0863252058625 0.1377134323120117 0.7185685932636261 0 0 0 0 0 0 0 0 0 0 0 0 0 0 38.2509458437562 0.5151566341519356 0.1350551694631577 0 0 0 0.1004777848720551 0.7263423800468445 0.1130116730928421 0 0 0 0 0 0 0 4.206419326364994 0.4989835098385811 0 0.1809194758534431 0 0 0 0 1.689455017447472 1.545473054051399 15.92532118409872 80.44353772699833 10.25508446991444 6.760457880795002 0.10235445946455 0.5382803156971931 0 2.824739150702953 1.598404042422771 1.255628563463688 0.3543772622942924 0.4205344542860985 0.09074763208627701 0 1.219301134347916 2.249541997909546 0 74.36606157571077 27.06718432158232 24.16661660373211 1.439851522445679 0.224675178527832 0 0.4901706203818321 0 0.3872111365199089 3.255793541669846 0 0.7081215307116508 2.83267730474472 0.3730361610651016 0 0.1158665865659714 0.2754528671503067 0 0.1028575375676155 0 0 0 3.062958091497421 0 0 0.1484949290752411 338.0027621909976 0.1449293196201324 1.82549586892128 52.83841869235039 40.51177424192429 0 94.67830135673285 23.42469589412212 4.851236239075661 207.2144115492702 19.02966602146626 0 19.37202719599009 43.18755251169205 5.107945971190929 0.9504182934761047 0 0.2243740558624268 0 0 0 0 0 0 0 0 0 0 0.1061651855707169 0 0 0 0 0 0 0.3579460978507996 0 0 0 0 0.1155151352286339 0 1.079375505447388 0.1731676608324051 0.4500994086265564 0 0 0 0 0 0 0 0.1051074862480164 0.3630987703800201 0 0 0 0 0 0 0 0 0 0.1334773451089859 0 0 0 0.2155889272689819 0 0 0 0 0 0 0 0 0 0.7487101554870605 0 0 0 0 0.5535784661769867 0.1215306371450424 0.1776958703994751 0.08866937458515167 0.2582739591598511 0.3139775842428207 0 0 0 0.08105413615703583 0 0 0.1721087917685509 0 0 0 0.104490227997303 0.1187096014618874 0.1799658536911011 55.18266974389553 0.7085598111152649 29.34646298736334 8.072174310684204 390.4317666515708 1.872443437576294 0.4660612940788269 0.8867013230919838 2.564995959401131 0 1.853805877268314 0.07708508521318436 4.444766238331795 0.1013696491718292 0 0 681.8654678612947 129.2690143436193 47.42833309620619 1.310878440737724
327.7436538860202 2753.798873715103 886.3999888673425 115.6746788471937 2532.399087451398 5.469648964703083 1747.608817987144 84.89332274347544 5001.043206490576 900.5704688057303 1487.710230536759 3.635628253221512 351.9077513962984 1595.426533594728 8.167557924985886 2.680646046996117 0.4877215847373009 0.08890336006879807 0.1327980160713196 0 0 0 0 0 0 0 0 0 0 0.1298955678939819 227.3762192875147 7.348530642688274 3.394302822649479 0 0 0.1852233409881592 0.9380446225404739 0.5623256266117096 0.1069607138633728 0.1043385416269302 0 0.1597920358181 0 0.3488811478018761 0 0.6706704571843147 39.95651783794165 2.338163942098618 0.2462997511029243 0.2731870636343956 0.1103033423423767 0 0 0 3.299675472080708 4.792424902319908 24.01534386724234 225.2008412629366 21.11653637886047 20.90506906807423 0.5783059522509575 1.560872629284859 0 33.06526792794466 5.082245424389839 4.522988744080067 0.6840745359659195 0.8244475275278091 0.0861036628484726 0.08505814522504807 2.866037003695965 0.4135106056928635 0 183.701665699482 110.2849440053105 132.8902611881495 16.30263450741768 0.7878830134868622 1.113849513232708 5.406821422278881 0.6378478482365608 1.798534162342548 11.30741623789072 0.2483822554349899 5.044766962528229 7.16814237087965 3.23734487593174 0 1.258432425558567 0 0.2074305787682533 0.3807214125990868 0 0 0.2149578332901001 7.653610438108444 3.080971322953701 0 0 78.18756445497274 0 0 0.3791545182466507 0 0 2.717329934239388 0.5955864116549492 2.540818110108376 4.247929386794567 5.544519662857056 1.051703490316868 8.798127420246601 12.93495999276638 8.424760676920414 3.798885069787502 0.3758223652839661 0.1172293126583099 0 0 0 0 0 0 0 0 0 0 0 0 0 0 0.2263330668210983 0 0 0 0 0 0 0.5096864700317383 4.375496253371239 0.7702382802963257 6.989835530519485 0.9785763919353485 0.4500295743346214 0 0 0 0 0 0.6032633781433105 0 0 0.6945857107639313 0 0 0 0.2306606322526932 0 0.09424059092998505 0 0.088500015437603 0 0 0 0 0.1268776059150696 1.153998374938965 0.3190052211284637 0 0 0.1596694141626358 0 0 0.07756337523460388 0 0.1836258918046951 9.631599247455597 0 0.1329391300678253 0 0 3.90397684276104 0.1283968240022659 4.054907135665417 0.2333368062973022 0 1.724935375154018 0 0.5146418809890747 0 0.1977391391992569 0 0 0.1115540042519569 0 0 0 3.847741693258286 1.933448523283005 4.982928462326527 122.9617150872946 4.735331267118454 132.899281732738 19.3392875790596 83.68790900707245 8.231433518230915 1.117191538214684 3.233185708522797 8.833235949277878 0.3175618276000023 2.512488320469856 1.029107838869095 8.419870115816593 0 0.07966378331184387 0.1991481930017471 0.9473149329423904 0.2195452600717545 34.66452667862177 6.941964738070965
66.91423909366131 70.8214780241251 0.4369642958045006 458.7759170755744 5.469648964703083 1.044889509677887 36.34055010229349 0 7.185680523514748 749.4377539306879 1.392867021262646 173.788879647851 104.5415224209428 34.47961384057999 1.93098109215498 1.318282209336758 0.1213781163096428 0 0 0 0 1.404169775545597 0 0 0 0 0 0 0 0 0.3904284685850143 0 21.68216416239738 0 0 0.2375743240118027 22.94174690544605 4.921676151454449 5.87770589441061 0.9668020009994507 0 0 0 0.1500343531370163 0 0.3444957733154297 1.317439578473568 0 0 0 0.104001984000206 7.668715432286263 0 0 0.1030954793095589 0.749017022550106 177.3694954887033 24.39194209128618 3.813760004937649 0.1482772529125214 0.389123260974884 10.26513696461916 0 0 0.1079976186156273 0.2278010621666908 0.1237682849168777 0 0 0 135.0705582946539 349.5786196738482 14.52324110269547 2.496198743581772 0.4670375436544418 1.448579981923103 0.4164934903383255 0.6417004838585854 0 3.019504696130753 0.8563785254955292 1.564334705471992 0 1.820556744933128 0.2074190974235535 2.222981095314026 0 11.75292810052633 4.714343324303627 23.89995092898607 1.496938392519951 3.862609103322029 0 0 0.6810109913349152 138.1239638328552 147.9353816956282 6.204937763512135 29.08789508789778 297.7024875283241 0 0 0 0 0.1424646526575089 0 0 0.5624062716960907 0.2911712974309921 0.4601226150989532 0 0 0.4939444214105606 0 0.2485457509756088 0 0 0 0 0 0 0 0.3298749923706055 0.1190994679927826 0 0 0.2653341293334961 0 0.6537479087710381 0.3858712166547775 0.1575431972742081 1.978778980672359 3.988424360752106 0.6918641626834869 0 0 0 0 0.3413416147232056 0.5002037063241005 0.1434320211410522 0.4973897859454155 0.5049907937645912 1.485542744398117 0 0 0 0 0.164493203163147 0 0 0 0.2171910256147385 0 0 0 1.959324561059475 0.1704293936491013 0.09271865338087082 0 0 0 0 0 0 0 0.4149759113788605 0 0 0 0.092147096991539 0 0 0.1763963550329208 0 0 0.8898379877209663 2.332050524652004 0 0 0 0 0 0 0 0 0.2791326493024826 0 0 0 0 0 0 0.2285475581884384 0.2077310904860497 0 0 0.3942782282829285 0.5230134949088097 0.393452562391758 22.35671531409025 0.1651183366775513 5.133486427366734 1.560135021805763 134.8788288384676 6.389064162969589 0.1158009991049767 0 2.381623394787312 0.2177861407399178 0 0 1.114323496818542 0 0 0 160.5497406572104 18.13504505157471 55.68494658917189 1.319573387503624
325.2259949371219 3397.942410506308 188.6746878772974 2223.511330612004 1747.608817987144 36.34055010229349 573.223564863205 16.68196894973516 1533.1817163378 3422.471710838377 265.1809643507004 44.80603829026222 4507.90710234642 2302.362076058984 13.69600651413202 4.28336276113987 0.2816511914134026 0.2310835421085358 0 0 0.1413792669773102 0 0 0 0.1273557841777802 0.1156705915927887 0 0.3956510275602341 0.1476907134056091 0 140.220819234848 5.989814542233944 7.101279005408287 0.09814202040433884 0 0.3069789707660675 1.698567107319832 0.5629888400435448 0.3067279458045959 0.09382089972496033 0 0.08490415662527084 0.2685905024409294 0.8263997212052345 0 0.63832888007164 60.27690217643976 2.847856901586056 0.3143329173326492 0.492057129740715 0.1292649656534195 0 0 0 4.55111226439476 7.032401509582996 23.36723667383194 187.202742792666 22.78511284291744 30.13318585604429 1.072344943881035 1.888217970728874 0 36.40148801356554 6.124404698610306 5.496192030608654 1.192501842975616 1.628810927271843 0.2788661792874336 0.1069725975394249 7.030538186430931 0.09765419363975525 0 202.4233096987009 114.157088406384 164.3675437569618 19.20323012024164 2.451359704136848 0.9245738610625267 6.908303938806057 1.223778523504734 4.117889732122421 12.96045634150505 0.1809858530759811 6.636139206588268 10.805060967803 1.741974487900734 0 1.689874343574047 0 0.4561152681708336 0 0 0.4543301165103912 0.453738160431385 13.31787939369678 5.093276530504227 0 1.034519299864769 84.40443463623524 4.107219845056534 8.790779389441013 270.7222801670432 48.22120350599289 2.784132570028305 239.6419964805245 24.39964400231838 57.76071523874998 226.8616569638252 42.93137315660715 4.68741749972105 40.09919756650925 38.72090201824903 12.81693863868713 12.5690708681941 1.927644580602646 1.217825539410114 0 0.3140668272972107 0 0 0 0 0.1819655448198318 0 0 0 2.184923052787781 0 0 0.1899131238460541 1.485197976231575 0 0 2.274128682911396 0.1195599287748337 0 0 1.028708308935165 12.43956410139799 0.2848566770553589 10.67308773100376 2.882884815335274 1.144276775419712 0 0 0 0.2658283784985542 0.3494933694601059 0.8197176903486252 0 1.117743574082851 3.1516093313694 0 0 0 1.716876804828644 0 0.3056591153144836 0 0.1687647849321365 1.591974847018719 4.070598475635052 0.7235801964998245 1.122617416083813 0.1922580301761627 4.569858431816101 2.1325958147645 0.1813047677278519 0.3093016743659973 0 0.1088127344846725 0 0 0.1014600768685341 0 23.81245023012161 0 0 0 0 9.664233222603798 1.047788634896278 5.75596622377634 3.547076694667339 5.559339627623558 2.712634474039078 0.7480403929948807 0.9708622023463249 0.5472452268004417 0 0.08933224529027939 0 0.491005539894104 0 0 0 9.754014417529106 5.171712160110474 7.961291648447514 206.7455941736698 7.289589613676071 172.5066189095378 21.43007070571184 257.4523178935051 10.45434482395649 1.205975160002708 5.531657762825489 28.77574121206999 0.4003576263785362 9.943744622170925 1.911010846495628 26.98930720984936 0.3996667787432671 0.8274954780936241 1.02046162635088 1.415187522768974 0 85.1476970538497 20.77768775075674
69.15455029904842 329.4378663748503 4175.120990268886 0.9343475922942162 84.89332274347544 0 16.68196894973516 2284.327128045261 107.2388844266534 5.588239774107933 3189.927242584527 1.045329995453358 42.17950140684843 551.9746849164367 22.25614640116692 18.89210177212954 6.382324993610382 4.366956003010273 1.062780037522316 15.8045547157526 24.53699792921543 0 1.024153590202332 0.406808964908123 0 0.2580593228340149 0 0 0.1397405564785004 0 2222.730444714427 2275.458259865642 11.71130115538836 2.94709163159132 1.104322358965874 0.1216149181127548 0.5701701194047928 1.255888149142265 0.2575029358267784 0.4962408468127251 2.244642570614815 2.346239946782589 17.77460072189569 23.30794950574636 0.6119451150298119 38.05016680806875 57.14512902498245 3.726906888186932 5.206670634448528 24.78192320466042 2.212671630084515 0 0 0.5550049319863319 3.60051029920578 4.655920639634132 26.79094091802835 505.2701444551349 27.47788515686989 21.22518184036016 77.64557509869337 18.26353341341019 1.345705062150955 718.8697692751884 5.685466274619102 13.68466930091381 5.737078718841076 32.61690345406532 109.4412086755037 17.48735807090998 1.866685181856155 0.2061010003089905 0 186.3717096783221 185.2175069078803 153.3478923216462 541.0004935711622 131.6350723132491 705.3281706869602 1774.169506572187 158.6568247824907 472.3195234760642 10.02249693125486 0.09412217140197754 5.837200954556465 7.952391065657139 27.71643551439047 0.07503794133663177 2.270781219005585 0 2.661112807691097 1.334191761910915 19.33595801889896 2.823607571423054 4.080411285161972 1.241519659757614 0.7108962014317513 0 0.6903282254934311 45.65725083649158 0 0 0 0 0 0.1210789680480957 0 0 0 0.1162209436297417 0.4646383225917816 0.2364802360534668 0.4713997095823288 0.3737799823284149 0.3481347560882568 0 0.1385871917009354 0 0 0 0 0 0 0 0 0 0 0.1089885234832764 0 0 0 0 0.08657065033912659 0 0 0 0 0 0.1279457658529282 0.422123059630394 0 0.411804161965847 0 0.2236140593886375 0 0 0 0 0.1731119006872177 0 0 0 0 0 0 0 0 0.1791822463274002 0 0 0.08284225314855576 0 0 0 0 0 0.1094718500971794 0 0 0 0 0.2363447844982147 0.1919624209403992 0.2053253874182701 0.1137618198990822 0 0.4559793323278427 0 0.1105837449431419 0 1.337908089160919 0 0 0 0 0 0 0 0 0 0 0.09020865708589554 0 0.1497869342565536 0.3501493856310844 0.3449044227600098 0 0 0.2675548046827316 0.2330096885561943 108.6093451455235 9.718332797288895 144.5032942295074 19.45378190279007 42.67324727773666 10.56548898667097 0.5266992449760437 3.804281212389469 0.6319868862628937 0.6085705384612083 0.6475812792778015 0.09999703615903854 0.1298722922801971 0 0.1670307889580727 0.233808845281601 0.6926048249006271 0.3217738717794418 14.87054437398911 0.5429684519767761
27.52258911728859 988.4374055564404 682.9211141318083 37.11740140616894 5001.043206490576 7.185680523514748 1533.1817163378 107.2388844266534 532.3103760704398 634.6926047876477 909.1964272409678 21.13300431519747 677.0359160900116 716.4056834056973 9.041061729192734 4.161119014024734 0.302537590265274 0.08232949674129486 0 0 0 0 0 0.07435382157564163 0.1017258688807487 0 0 0 0 0 57.16811746358871 6.19533397257328 12.09625003486872 0.08906435966491699 0 0 0.4841712936758995 0.6720151379704475 0.4043624922633171 0.3085339441895485 0 0 0.09307160228490829 0.4454352855682373 0 0.6153509020805359 20.93565905839205 1.939582943916321 0.3099811896681786 0.3776828721165657 0.4807789474725723 0 0 0 0.4985437020659447 1.918676801025867 5.509891286492348 51.05191759392619 6.013060424476862 7.520245231688023 0.4685113728046417 1.912735186517239 0 15.44911973923445 2.016258709132671 1.981119185686111 0.3656444028019905 0.4925462231040001 0.6969828307628632 0 3.994190387427807 0.162907674908638 0 48.95475563779473 35.47169877588749 61.15584580600262 11.33253840357065 2.53903853148222 0.102480947971344 7.610025390982628 0.4421369507908821 1.55893748998642 4.899679213762283 0 1.399151615798473 2.994419045746326 0.6670540869235992 0 0.9503795504570007 0 0.1135646179318428 0 0.1276895254850388 0.07407426834106445 0.1032386422157288 7.877863340079784 2.468395598232746 0 0.1631422936916351 9.400344908237457 0 1.469838589429855 1.927136413753033 0.7314402759075165 2.856547601521015 7.613401718437672 0.8768588677048683 7.697594627737999 7.569410391151905 9.94349405169487 3.884490206837654 18.28149685263634 26.91812098771334 10.88752982020378 7.046677581965923 1.240310944616795 1.11584510654211 0 0 0 0 0 0 0.4256604909896851 0 0 0 0.3619857728481293 0 0 0 1.48165588080883 0 0 0.4117446914315224 0.1906888633966446 0 0.8124866783618927 0.7179366499185562 6.400174148380756 0.363705575466156 9.863977447152138 3.411512285470963 1.288021832704544 0 0 0 0.2810004055500031 0.5455783829092979 0 0 0 0.8844170644879341 0 0 0 0.1409884095191956 0 0 0 0 0.2904237434267998 0.3611146956682205 0 0.2610835880041122 0 1.65228345990181 0.2991493716835976 0 0 0 0 0 0 0 0 17.74129381775856 0 0 0 0 7.282069377601147 1.251625508069992 6.045228071510792 0.604797475039959 0.5930598825216293 1.617576420307159 0.6466828361153603 1.28909507393837 0.08513327687978745 0 0 0 0 0.0886399894952774 0 0 9.969295628368855 4.093203909695148 6.135410137474537 79.64305656403303 2.063124977052212 61.33200380206108 6.47079312056303 43.71473747491837 5.761749744415283 1.468831330537796 2.13945148140192 11.89885795861483 0.7365419268608093 3.235868230462074 0.899082288146019 17.04539330303669 0 0.4004881680011749 0.4599618464708328 1.140482358634472 0 43.344965480268 14.90620359778404
1056.053762629628 1462.760892882943 33.48249091953039 3500.146649494767 900.5704688057303 749.4377539306879 3422.471710838377 5.588239774107933 634.6926047876477 3661.825027085841 52.0189171358943 2587.489608928561 7436.764659024775 1040.876871205866 11.74609524011612 3.970552943646908 0.3351708650588989 0 0 0.07769879698753357 0 0.1418583989143372 0 0.1777648031711578 0 0.558313325047493 0 0.3648980259895325 0.7029038667678833 0.1586674749851227 52.17370635271072 2.797060109674931 16.47766665369272 0 0 1.206968560814857 5.750653192400932 1.254757687449455 1.064619958400726 0.5719209462404251 0 0 0 0.5881184935569763 0.09694846719503403 0.340075671672821 39.287581987679 1.79747262597084 0.6011764258146286 0.2995845302939415 0.2033407688140869 0.6412634253501892 0 0.3566825389862061 3.607992835342884 3.847322247922421 69.33032577484846 129.5873423740268 16.13085247576237 23.37659191340208 1.272960409522057 4.592005796730518 0 15.40247737616301 5.833247125148773 4.35498721152544 0.6756008788943291 1.283702224493027 0.7685341611504555 0.3078067004680634 37.24289067834616 11.31407308578491 0.4691407978534698 151.8504292368889 76.33747537434101 120.4712934494019 10.33658124506474 2.625326082110405 0.212834931910038 12.82501199841499 0.6768049225211143 4.742496445775032 10.11408439278603 0.1071197912096977 5.654532082378864 7.726349867880344 1.167329050600529 0.4021766558289528 2.497095875442028 0.4196940883994102 0.7967042401432991 0.9602325707674026 0.4917307198047638 0.1893252283334732 0.4575530141592026 505.1065707504749 31.71029718965292 0.6038395911455154 5.369804613292217 517.3167528733611 0.6798172518610954 10.80827889591455 33.3400651589036 21.64330791682005 12.75340244174004 136.7117234021425 25.35722235590219 75.21207624673843 164.2096889391541 157.7526836842299 28.59366671741009 141.6745257377625 299.1074465438724 119.2988128513098 53.85325354337692 4.368501409888268 6.007949016988277 0.8662030100822449 2.209123216569424 0 0 0 0.3625507354736328 1.414993762969971 0 0 0 4.742645472288132 1.224732488393784 0.312156081199646 0 6.613277822732925 0.5366075336933136 0.6343297809362411 3.636394865810871 1.60824678838253 0.5440024733543396 2.031558975577354 2.964562594890594 42.5160311833024 2.453464269638062 43.88521049916744 11.32830335199833 12.01281209290028 0 0 0 0.6392470970749855 3.357565514743328 2.728112205862999 0 1.333547309041023 5.745854675769806 0.1353752613067627 0 0 3.825007691979408 0 0.7056926488876343 1.225962862372398 0.0912654772400856 0.4115817248821259 1.097942739725113 0.5626388639211655 5.734484851360321 4.557470425963402 16.40139896422625 2.661727540194988 0.1189401373267174 0.5609973594546318 0.2904089987277985 1.209819503128529 0 0.196297362446785 0 0.1173726171255112 104.821467064321 1.55911573767662 0 0 0 38.98113238066435 7.458432599902153 29.52727917581797 4.258259318768978 6.0663001537323 6.122203268110752 2.287747874855995 2.230344668030739 0.1132907643914223 0 0.3764038234949112 0 0.2200925052165985 0.1254680752754211 0 0 67.78742887079716 20.40378877520561 39.55977675318718 841.7902133762836 13.07184125483036 136.1420818865299 19.36225467175245 2039.318040192127 12.40457692742348 0.5128374472260475 3.315034687519073 137.7331152558327 1.910394787788391 20.30555625259876 5.120059803128242 225.7502625733614 0.4121125340461731 0.7190667912364006 3.066874966025352 0.7864910662174225 0.4162083864212036 1035.315434865654 157.3445037677884
324.0761358812451 1166.51502032578 3101.694714181125 23.51787680387497 1487.710230536759 1.392867021262646 265.1809643507004 3189.927242584527 909.1964272409678 52.0189171358943 1197.701745577157 23.49609389156103 667.2961888238788 2688.467601481825 148.9762709140778 142.5141482576728 3.337525628507137 2.988709531724453 0.1014166474342346 11.40757961571217 23.01045643538237 0.829976923763752 3.393643893301487 2.441666752099991 4.872302688658237 1.03560084104538 0.3628015220165253 0.1404701620340347 0.4181115627288818 0.1132746860384941 1058.313963599503 193.8581112846732 421.3011934757233 3.956797666847706 3.234164141118526 6.804865248501301 63.51932359486818 52.68023629486561 9.143068194389343 11.38459554314613 9.059574611485004 4.872611038386822 6.110601268708706 14.03297498822212 0.3752266019582748 8.09650194644928 249.7048857063055 7.129262425005436 2.292501017451286 10.05060125887394 7.721432253718376 1.169314920902252 0.1067783534526825 1.436142653226852 7.080788306891918 10.37249213457108 38.80683661997318 476.7737571299076 30.96917921677232 57.31285909563303 12.33129732310772 183.8785950392485 2.114659957587719 177.1412675529718 10.9031734764576 17.3558955937624 8.71582854539156 36.11057959869504 132.1111755743623 24.13214746117592 82.69637740403414 1.583570100367069 0.455302968621254 294.8176961168647 248.1725345104933 454.3378463611007 154.1353285014629 62.27018204331398 28.13169155269861 1167.320091381669 9.752054959535599 177.7628901749849 25.11772901564837 0 12.69581087678671 14.54035738110542 17.27124229073524 0.250823937356472 5.888907112181187 0 3.020681276917458 1.960924752056599 47.15661682933569 8.42430604249239 6.801399223506451 32.36942169815302 10.38383740186691 0.07262980192899704 7.968694388866425 103.7155818194151 0 0.7778283953666687 0.3300030082464218 0.140762135386467 0.3538770973682404 4.397989116609097 0 4.154965594410896 2.975622937083244 2.78497076779604 2.39106211066246 6.711190119385719 11.75604335218668 6.410149045288563 4.321318626403809 0.6072055324912071 0.6601610034704208 0.1508906930685043 0 0 0 0 0 0.1325520724058151 0.4972062706947327 0 0 1.670645177364349 0 0.6225917339324951 0.6085890084505081 0.3964229002594948 0.1892946660518646 0 0.4305235743522644 1.496435880661011 0 0 0.1096732765436172 5.937765032052994 0.7709429860115051 8.327959343791008 2.039160810410976 1.096916392445564 0.3034413754940033 0.2526748180389404 0 0 1.511567950248718 0.2362512797117233 0 0.1463457345962524 1.352328762412071 0 0 0 0.876680999994278 0.922698050737381 0.2445794939994812 0 0 0 0.4962256848812103 0 0.7354082241654396 0.3827865421772003 1.758591130375862 0.4806647896766663 0 0.1052205264568329 0 0 0 0.3841858580708504 0 0.2031908631324768 15.45386680960655 0.1884434670209885 0 0.2603389620780945 0.4601091593503952 6.522158794105053 0.4120302647352219 2.501195162534714 0.2680083140730858 0.6382509842514992 0.7909199818968773 0.8447231352329254 1.390845149755478 0.09832423180341721 0.08776529878377914 0.2115104123950005 0 0.4436093345284462 0.8951132595539093 0.2703574001789093 0 7.042515680193901 3.396820604801178 7.592131115496159 523.5147680863738 26.51871468126774 516.2515418715775 83.31628302484751 156.213548026979 41.77772882580757 1.885796643793583 26.12343572080135 15.9066255018115 0.9367299601435661 5.182416051626205 1.091542974114418 7.037869676947594 0.745377242565155 0.4021452665328979 0 8.371550016105175 0.6774374097585678 44.83641728758812 9.692934565246105
38.35659098625183 3.870189994573593 0.6717738434672356 2.082808561623096 3.635628253221512 173.788879647851 44.80603829026222 1.045329995453358 21.13300431519747 2587.489608928561 23.49609389156103 636.2185368537903 1443.924683459103 125.7097813859582 31.85565645992756 29.88324075192213 1.055961973965168 0.1965248882770538 0 0 0.4492586255073547 0 0 0.5117520093917847 0.3676105439662933 0 0 0 0.1561740338802338 0 0.9297749325633049 0.8319103121757507 89.70626457035542 0 0 0 67.89059557020664 12.33052453398705 18.01335866749287 4.318018041551113 1.550632640719414 0.4034093767404556 0 1.697504341602325 0 0.7248722910881042 34.91015318781137 0.3215630650520325 0.2261517494916916 0 0.8129337131977081 0.5461094677448273 0 0 0.3815763294696808 0.7854234501719475 8.145028077065945 4.198817029595375 1.86555914580822 3.980207569897175 0.1722151339054108 12.76128900796175 0 2.289052382111549 0.5702612549066544 0.9150259345769882 0.664431132376194 0.4103934243321419 2.062882967293262 0.6779903620481491 155.367487475276 5.824354216456413 0.1510231047868729 11.14866873621941 4.605284430086613 33.01377683877945 13.3396522551775 7.797302134335041 0 16.80712467432022 0.2425949797034264 5.459487721323967 0.403733104467392 0 0.7043942213058472 0.4751638174057007 1.001169420778751 0.09946610033512115 0.3587308824062347 0.2068386822938919 0.3497753143310547 0.4968962073326111 0.6085819751024246 1.68968141078949 0.8227253556251526 1303.806383416057 181.6293705552816 0 21.9434867054224 77.49676526337862 0 2.230581626296043 5.948080375790596 1.89579825848341 3.803115181624889 44.07730861008167 9.325243718922138 32.97478426247835 49.12326671928167 70.65254629403353 12.81873355060816 74.30753846466541 150.5493155494332 70.37859276682138 39.98124169558287 2.29875735193491 0.5822036266326904 0 0.1322658807039261 0 0 0.3627464175224304 0 0.1208711788058281 0 0.3466229140758514 0.3460786938667297 0.5210627019405365 0.2363958954811096 0.1205325871706009 0.1600195169448853 1.82323931902647 0.4824202358722687 0 0.5240532383322716 1.159164875745773 0 0.3416174650192261 0.2276960760354996 24.20439482480288 1.035353511571884 15.78095399588346 5.171887949109077 1.963320791721344 0.3400981053709984 0.1230808570981026 0 0.09582436829805374 0.6234635263681412 0.5462400019168854 0 0.1161786168813705 2.120351135730743 0 0.1067286729812622 0.1992648392915726 1.609708040952682 0.4014439359307289 0.1902471631765366 0 0.3166091069579124 0.119890570640564 1.169300727546215 0.1932421773672104 1.14972260594368 0.2039110660552979 7.849597610533237 0.4796230345964432 0 0.2032194584608078 0 0 0 0 0 0 80.45893936604261 0.8223771899938583 0.1241199523210526 0 0.7888373881578445 22.48857050389051 2.019218727946281 15.06347289681435 0.7462111115455627 2.486120201647282 2.89140273630619 0.4895252361893654 1.600765615701675 0.1325089633464813 0 0 0 0 0 0.1201776117086411 0.1151067763566971 64.25572732836008 11.42832428961992 16.67421931773424 230.3819581344724 5.068401508033276 90.5122335255146 18.31091298162937 677.9606114178896 7.903071835637093 0 6.713344931602478 30.2881415784359 0 10.46348855644464 3.057828135788441 56.15928328037262 0.7941711694002151 0 1.32104080915451 2.865075215697289 0.8258339464664459 937.7010964378715 122.7606469988823
104.8321770355105 1240.862389981747 127.0373524054885 798.4497392624617 351.9077513962984 104.5415224209428 4507.90710234642 42.17950140684843 677.0359160900116 7436.764659024775 667.2961888238788 1443.924683459103 4452.37010961026 4419.817682094872 115.5478496402502 122.4563587158918 3.169652245938778 0.4796353727579117 0 0.8269486203789711 1.777871079742908 0.3122740834951401 0.1157008856534958 0.1205373108386993 1.457613192498684 0.899409644305706 0.1007491797208786 0.4587274640798569 0.3821667730808258 0 57.07086689770222 8.477460816502571 1296.313799604774 0.9503576532006264 0 3.116489350795746 310.6228615045547 70.6407485306263 53.71763984113932 20.59647840261459 0.9777607768774033 2.387657091021538 1.090811192989349 10.28393145650625 0.1004319489002228 2.92549654841423 189.4612755477428 3.633954957127571 1.22087386995554 1.457356385886669 1.30805429816246 1.816737830638885 0.6210891008377075 0.2912300527095795 2.738233372569084 4.173827856779099 15.1665578559041 65.91584289819002 11.01814866065979 34.27937772125006 1.860605627298355 68.30260407924652 0.1405098140239716 40.08019692450762 3.738584339618683 5.475854709744453 4.594782695174217 8.754602409899235 25.6559474170208 1.519857302308083 409.0006303489208 8.212389402091503 0.9051708877086639 103.119028352201 74.85247953608632 226.5024959594011 81.35499326884747 42.80742175877094 1.524903938174248 98.69601358473301 1.851782441139221 17.6578515842557 7.801425859332085 0 5.138342946767807 5.545709177851677 4.044805012643337 0.4268759936094284 1.944001048803329 0.2104764133691788 1.235230132937431 0.8149389401078224 8.075325883924961 2.320320524275303 2.05778456479311 1172.745583973825 156.7577369138598 0 51.4223381280899 67.11217062920332 0.439758338034153 6.987220346927643 14.53541952371597 3.568970270454884 13.08786973357201 81.30795892328024 13.64416535198689 62.33737290650606 80.68771134316921 135.1195132285357 30.29604875296354 150.148045308888 267.1064865067601 118.1758005619049 79.59259965270758 7.421984493732452 6.5416519343853 0 1.008858472108841 0 0 0 0 0.5097977519035339 0 0.2108074128627777 0 5.210007533431053 0 0.4266626983880997 0.2026717364788055 3.576678358018398 0.5099649354815483 0.1485401540994644 4.794117487967014 2.253001354634762 0 0.3899706304073334 3.104059159755707 58.0831543058157 5.951269492506981 55.69279027730227 11.37695780396461 7.080497689545155 0.3390195146203041 0.4165233671665192 0.09609801322221756 0.5673676133155823 2.438370831310749 3.620498567819595 0 2.700284361839294 7.394115932285786 0.2761242091655731 0 0 4.89716112613678 1.248589977622032 0 0.1107005476951599 0.08009301871061325 0.3063868582248688 2.27567470818758 0.2413070946931839 3.759977042675018 1.33438964933157 21.3790372684598 3.902425818145275 0 0.2141210436820984 0 0.2297010868787766 0.4402659013867378 0.1414041221141815 0 0.8278713822364807 171.2217525914311 0.9242763519287109 0 0 0 54.41972876340151 5.968212358653545 37.53715507686138 3.70024861395359 5.775337792932987 7.978049211204052 2.973762139678001 3.736339867115021 0.4086567312479019 0 0 0.2561077475547791 1.452661879360676 0.5890386998653412 0.3929832279682159 0.2112418413162231 126.1794841438532 25.36491573601961 56.42959148436785 685.0841460675001 14.07485981285572 416.4436750262976 72.12337156385183 598.8733136206865 33.77312319725752 1.499002054333687 27.86193879693747 93.38479444384575 2.461277842521667 26.16325643658638 5.843227915465832 112.1839947327971 1.221629418432713 0.9168343022465706 3.761069849133492 10.58745645731688 1.159315511584282 947.0263911038637 202.3494420573115
