16.46219734102488 1911.316081754863 533.7960387766361 1575.079909235239 32.4830327630043 11.41058701276779 647.3735439777374 133.3888060152531 8.852039836347103 838.6102406457067 189.1818016171455 5.120210856199265 38.73488236218691 28.07221708446741 1.017804548144341 0.4142161160707474 0.0934264063835144 0.09184858202934265 0 0.1379948258399963 0 0 0 0.08600056916475296 0.196387454867363 0.1200063228607178 0 0 0.2107411772012711 0 180.9115967303514 3.138930968940258 2.252220138907433 0 0 0 0.3014051094651222 0 0.1472562700510025 0 0 0.09070290625095367 0 0.2318927794694901 0 0.1314636319875717 22.78379236906767 2.256615750491619 0.4164882861077785 0 0.9428005069494247 0 0 0 2.650099508464336 1.170133210718632 46.09139526635408 399.2598905563354 14.33519820123911 22.32410577684641 0.3464032933115959 0.5371708869934082 0 9.450383298099041 4.810284711420536 3.513312004506588 1.449880957603455 0.08153121918439865 0 0 0.8673449754714966 0 0 90.67675215750933 90.46189969033003 21.14082716405392 2.932843379676342 0.7630395591259003 0.1573504507541656 0.7405099272727966 0.1256569027900696 0.1627917513251305 8.978341564536095 0 2.644454807043076 2.195299178361893 0.1894484385848045 0.4822341501712799 2.293904766440392 0 0.4587060958147049 0.1906227171421051 0.08587093651294708 0.2632728144526482 0.08970934152603149 23.94499029219151 0.2349530905485153 0.6206161379814148 0 758.0569402351975 0 4.138440608978271 0.230607658624649 0.3392527103424072 0 3.053654119372368 17.67023357748985 0.6755340695381165 6.689153850078583 6.402683928608894 0.7234622687101364 15.32760487496853 17.91700504720211 7.10477052628994 2.71039292216301 0 0 0 0 0 0 0 0 0 0 0 0 0 0 0 0 0 0 0 0.1695751696825027 1.529540300369263 0 0.3576790392398834 0 0.6282033920288086 5.005510598421097 1.30667519569397 0 0.427473396062851 0 0 0 0.6875212639570236 0 0 0 0 0.6554007530212402 0 0 0 0.5790525078773499 0 0 0 0 0 0.1095438376069069 0 0.3604334592819214 1.796148031949997 4.145813807845116 0.2698724567890167 0 0 0 0 0 0 0 0 1.004130601882935 0 0 0 0.1009653434157372 3.735915884375572 5.92737677693367 6.746882729232311 0 0 0 0 0 0 0 0.09336314350366592 0 0.08137832581996918 0 0 0 5.417688742280006 0.4470809549093246 1.413259640336037 487.157091550529 6.220892913639545 162.7008857503533 18.60417879372835 395.6494772657752 16.36224840581417 3.087110199034214 3.851335503160954 42.50776130706072 0 0.9240400046110153 1.34427098929882 30.60768160223961 3.801539778709412 0 0.8728131651878357 2.477506682276726 0 280.1335069537163 21.14421223849058
1911.316081754863 1696.746630877256 1114.482388757169 280.7474834993482 667.3926738202572 58.17767779529095 945.1615842208266 1465.156657591462 497.2434121221304 541.0775496065617 693.8867531046271 7.480467759072781 798.8293493166566 1010.191920593381 15.57722731679678 5.739886581897736 1.00182369351387 0.311006210744381 0 0.1869071982800961 0.1713526993989944 0.0875546932220459 0 0 0 0.1229328215122223 0 0.7004628404974937 0 0 1332.294577911496 42.83239453285933 6.455700188875198 0.1926984861493111 0 0 1.635614268481731 0.290059432387352 0.09455743432044983 0 0 0.7907437011599541 0.2176307737827301 1.392252422869205 0 0.2652754709124565 180.4520299322903 8.242133166640997 1.807070974260569 1.997856449335814 3.107334293425083 0.1234278678894043 0.4480296969413757 0.07458072155714035 6.105722285807133 3.210394948720932 54.76951282098889 416.0752730444074 30.72301237285137 67.67869085073471 1.17465565353632 0.3168166950345039 0 60.95188702270389 11.40490664169192 8.702937617897987 4.307265475392342 1.131707228720188 0.5426541790366173 0.5677138045430183 2.468273624777794 0.3113994970917702 0.08149418979883194 229.3266957588494 294.9418340101838 172.8268955498934 54.85634155571461 8.56329308450222 4.834179431200027 17.5879582837224 2.363045550882816 1.712563455104828 24.67611064016819 0 8.213780909776688 8.175234697759151 0.7405422925949097 1.404987439513206 5.366029299795628 0.07444289326667786 1.453241609036922 0.4293836131691933 0.7118855193257332 0.5915268510580063 0.8714627847075462 11.33964846283197 3.017721921205521 0.1374012231826782 0.2999216988682747 693.9404489845037 0 0 0 0 0 1.424953989684582 2.072928488254547 0.1817822605371475 1.392128586769104 1.672140643000603 0.7075205445289612 3.525561116635799 3.232059799134731 2.353766076266766 0.4131074994802475 0 0 0 0 0 0 0 0 0 0.1061083674430847 0 0 0 0 0 0 0 0 0 0 0.3517711162567139 0 0 0 0 0 0.498798742890358 0.1516609489917755 0 0 0 0 0 0 0 0 0 0 0.07911241054534912 0 0 0.2126703411340714 0 0 0 0.09189115464687347 0 0 0 0 0.2224242016673088 0.4125561863183975 0 0 0.230577826499939 0.1360573917627335 0 0 0 0 0 0.725319042801857 0.5422976762056351 0 0 0.1071345135569572 0.5488483607769012 1.295734442770481 0.56038448959589 0 0 0.382089227437973 0 0.4054783582687378 0.08107554912567139 0 0 0 0.222894623875618 0.1091857329010963 0 0 0.9831027537584305 0.3719568997621536 0.6967718824744225 397.1798659861088 20.13209272176027 613.3040463626385 67.18042874336243 270.0914823561907 59.70439012348652 3.435434095561504 15.4636942371726 11.3200576454401 0.1621729135513306 0.5628379583358765 0.1022340506315231 4.075903691351414 0.1547844856977463 0 0.1453432440757751 8.45416159927845 3.967011213302612 207.8767244666815 5.290159836411476
533.7960387766361 1114.482388757169 528.5364274382591 24.83746106177568 157.0588738769293 0.3566349297761917 187.6518502831459 1929.456316411495 206.5895351618528 20.42328204214573 513.4998916015029 0.8751042932271957 43.68091802299023 384.3198424875736 8.747496142983437 6.606859505176544 0.3519256934523582 0.6285275518894196 0 0.2956384271383286 0.54612897336483 0 0.2479889392852783 0.1576617360115051 0 0.1482545733451843 0 0.08863282203674316 0 0.140190601348877 1567.402366101742 174.1122292205691 10.29535216093063 0.5965929329395294 0.7088301852345467 0.2843901515007019 1.072459310293198 0.114533044397831 0.3358607143163681 0 0.165204718708992 0.3121204301714897 0.3235956057906151 2.442168042063713 0 0.4752169027924538 55.37993367016315 2.559664096683264 1.555026408284903 1.681240368634462 0.2777392342686653 0.09426531195640564 0.175900049507618 0 1.139087274670601 0.4110977053642273 22.59030504524708 395.8159083724022 9.676730319857597 21.38063331693411 1.207138232886791 5.200407512485981 0.1733580082654953 37.9245989471674 2.380319394171238 2.854447431862354 0.7876526713371277 0.6162764504551888 2.217228055000305 1.133977122604847 2.447587978094816 1.22707699239254 0.3981558382511139 76.87158384174109 99.08804805576801 60.55825632065535 32.71261396259069 7.656366385519505 16.70570565015078 62.42554869502783 3.303549535572529 15.83007975667715 6.570727489888668 0 2.588540632277727 2.88846156001091 0.2335017919540405 0.2057346478104591 1.750003352761269 0.09921251237392426 0.3370793983340263 0.2555847391486168 1.409310817718506 0.3847354725003242 0.08553413301706314 3.34605897963047 1.343982882797718 0.2582980990409851 0.5740014985203743 399.1999490410089 0 0 0 0 0 0 0 0 0.5272149741649628 0 0 0.2903363704681396 0.9427658244967461 0.3287259861826897 0.1181009560823441 0 0 0 0 0 0 0 0 0 0 0 0 0.4015203267335892 0 0 0 0 0.2373499274253845 0 0 0.2321238145232201 0 0.394628494977951 0 0 0 0.3658242225646973 0 0 0 0 0 0 0.09292527288198471 0 0 0 0.3364313840866089 0 0 0 0 0.1415121853351593 0 0 0 0 0 0 0 0.09995359182357788 0.1476726830005646 0 0 0 0 0 0 0 0 0 0.3082336559891701 0.1232994347810745 0 0 0 0.7230488657951355 0.09152041375637054 1.613268166780472 0 0 0 0 0 0 0 0 0 0 0 0 0 0.5954761058092117 0.5892069265246391 0.08872227370738983 102.040837623179 5.33138819783926 149.8581302762032 24.38754917681217 55.84583910554647 15.11983365565538 1.215937748551369 3.185126461088657 1.572191789746284 0 1.185771584510803 0 0.6201573610305786 0 0.1070094779133797 0.2234438061714172 2.107875175774097 0.5059624314308167 51.81263336539268 1.145205527544022
1575.079909235239 280.7474834993482 24.83746106177568 233.8397788852453 41.12577240169048 422.0419640541077 314.5585056766868 2.770039737224579 9.539879038929939 1084.468287616968 16.00855094194412 123.0663091540337 535.0327143967152 106.0256785899401 1.316844537854195 0.3174308463931084 0.3458886221051216 0.08969351649284363 0 0 0 0 0 0 0 0 0 0 0 0 52.09401609003544 0.5191585868597031 3.401225060224533 0 0 0 2.23247304558754 0 0 0 0 0.09322161227464676 0 0 0 0 12.73528613895178 0.8251811787486076 0.1375693157315254 0.08886996656656265 0.4677245169878006 0 0 0 0.8523559048771858 0 4.762873388826847 29.78375446796417 3.161712244153023 5.450900927186012 0 0 0 3.198442779481411 0.7684700787067413 0.7794180735945702 0.256470188498497 0.2280114367604256 0 0 0.9142654240131378 0 0 20.11555453389883 21.97922295331955 9.949260592460632 1.836878791451454 0.297635592520237 0.1662745252251625 0.08321838080883026 0.1302879601716995 0 3.016863025724888 0 0.6647266298532486 1.018112652003765 0.0891985148191452 0.2249393984675407 0.1548731699585915 0 0 0 0.1258998364210129 0.1507049798965454 0.1847788244485855 33.23140376061201 0.8616224378347397 0 0 64.75847740471363 0 0.4683183580636978 0.1366543173789978 0 0.1644268333911896 1.350391939282417 4.249673798680305 0 0.7955164536833763 3.213892981410027 0.5279197692871094 9.551269814372063 6.995807729661465 2.886532656848431 0.4901092648506165 0 0 0 0 0 0 0 0 0 0 0 0 0 0 0 0 0 0 0 0.1124712824821472 0 0 0 0 0.9469804018735886 0.5094348639249802 0 0 0.3825424909591675 0 0 0 0 0.2797465622425079 0 0 0.4638072848320007 0 0 0 0 0 0 0 0 0.06272664666175842 0 0 0 0 0 0 0 0 0 0.1013192534446716 0 0 0 0 0 0.2864562496542931 0 0 0 0 0.1750800013542175 0.4455597400665283 0.3114959448575974 0 0 0 0 0 0 0 0 0 0 0 0 0 1.142092019319534 0.2489908337593079 0.5755032598972321 69.73026863485575 1.163667902350426 52.76090090721846 6.728495605289936 163.008978061378 4.980254575610161 0.1026562228798866 1.263156823813915 5.405364111065865 0 0 0 6.688376486301422 0 0 0 2.270513027906418 1.472399473190308 92.82173750549555 12.1312957033515
32.4830327630043 667.3926738202572 157.0588738769293 41.12577240169048 1220.273800268769 1.529396839439869 700.0070390105247 422.1456918567419 1580.855887427926 87.91525840014219 430.7712498083711 1.123701795935631 529.4978008940816 649.3427620306611 5.965397447347641 2.049423903226852 0.09396928548812866 0 0 0 0 0 0 0 0.08950231224298477 0.06424693763256073 0 0.2232721969485283 0 0 75.07121880352497 11.79446524381638 0.5617629438638687 0 0 0 0.1968786418437958 0 0 0 0.07297433912754059 0.2982023805379868 0 0.1889798641204834 0 0 35.8051892220974 0.6753074452280998 0.1715712137520313 0.4173446483910084 0.3360603153705597 0.07632207870483398 0 0.1997597441077232 0.6978990733623505 0.2442885562777519 2.67682858556509 10.17666153609753 2.678859740495682 9.391216449439526 0.09531094878911972 0.09339221566915512 0 10.26622061431408 1.255780711770058 0.5981199890375137 0.1414234340190887 0.1713469699025154 0.09806869924068451 0 0 0 0 21.76727624982595 29.00977156311274 40.59579787403345 12.90650798380375 1.523333720862865 2.12307009100914 0.246950738132 0.08385206013917923 0.2151195928454399 1.890617817640305 0 0.6963993459939957 0.7100295349955559 0.07502410560846329 0.1745774745941162 0.3607096001505852 0 0.07228422164916992 0.2721070423722267 0.1116792261600494 0 0.09488198161125183 5.827415004372597 0.5173637270927429 0.1445100754499435 0 6.229847006499767 0 0.2203351110219955 0.1446148753166199 0 0.1403540968894958 0 0.6904806718230247 0 0.5333317518234253 0.8094487562775612 0.2838376760482788 2.191323846578598 2.86743787676096 1.951099038124084 0.2083896845579147 0 0 0 0 0 0 0 0 0 0 0 0 0 0 0 0 0 0 0 0.09930884838104248 0.1320847570896149 0 0.199994683265686 0 0.2251325398683548 0.2686446607112885 0.2469757348299026 0 0 0 0 0 0 0 0 0 0 0 0 0 0 0 0 0 0 0 0 0 0 0 0 0.137303039431572 0 0 0 0 0 0 0 0 0 0.6937471628189087 0 0 0 0 0.3975140899419785 0.6939543336629868 0.4467995166778564 0.1200911030173302 0 0 0 0 0 0 0 0 0 0 0 0 1.10547848045826 0.2401752918958664 1.043731093406677 117.3833767697215 4.673746630549431 93.76021071895957 17.95134969800711 49.49939791113138 14.63615976274014 0.1806784421205521 5.624666750431061 4.157720953226089 0 0 0.2405556589365005 3.292386800050735 0.7896842360496521 0.5594766736030579 0 3.463186338543892 0 19.10612723231316 2.371611133217812
11.41058701276779 58.17767779529095 0.3566349297761917 422.0419640541077 1.529396839439869 7.265103042125702 158.6874109953642 0.3144352585077286 1.206218630075455 486.3476834967732 2.61175399273634 22.47955502569675 22.84822376072407 10.5897192209959 0.2466826215386391 0.09043516963720322 0.2725671008229256 0.2205553948879242 0 0 0 0.6254598796367645 0 0 0 0 0 0.1577929109334946 0 0.3690002262592316 2.193365097045898 0 5.42121809720993 0 0 0 1.508532032370567 0 0 0.1485787481069565 0 0.3460389375686646 0 0 0 0 0.09736678004264832 0 0.1286828964948654 0 0.1403448432683945 1.563063621520996 4.53704334795475 0.310691773891449 0 0 13.22532966732979 8.206231981515884 0.2474087476730347 0 1.363212816417217 9.734752126038074 0 0 0.1303038597106934 0 0.1817765086889267 0 0 0 21.62411576509476 286.5161659568548 2.332850001752377 0.3879837691783905 0.3939197361469269 0.21560899913311 0.1284013241529465 0.163839191198349 0.4103482365608215 3.250484511256218 0.2371424362063408 3.477004647254944 0 0 0 0.615173801779747 0 1.062597200274467 0.1460317373275757 1.195971757173538 0 0 0 0 0.3222812712192535 18.28742378950119 14.27327413856983 32.28731542825699 0.5249920785427094 339.6012664437294 0 5.160568282008171 0.9139763563871384 0 0.7322935461997986 8.95900596678257 41.6589881926775 3.088238924741745 14.11257761716843 20.25199700891972 1.544172435998917 33.88499186187983 43.52869127690792 18.59369248151779 5.899569556117058 0.147027924656868 0 0 0 0 0 0 0 0 0 0.2432625293731689 0 0.5325296819210052 0 0.131393700838089 0 0.7303139567375183 2.225696846842766 0.1110721156001091 0.1166496127843857 2.209468275308609 0 0.5238803774118423 0 0.9584896340966225 0 0.269755557179451 0.5627603381872177 0.7584772109985352 0 0 0 1.572794318199158 0 0 0 0 0.9540595710277557 0 0 0 4.053645975887775 0 0 0 0 1.578029453754425 0.2511816620826721 0 0 2.710416413843632 2.694862276315689 0 0 0.2356636375188828 0 0 0 0 0 0 0.1503827720880508 4.859516501426697 0 0 0 6.79285953938961 6.796948671340942 6.771195963025093 0.3194777369499207 0.1442187279462814 0.1224897280335426 1.487066626548767 0 0 0 0 0 0 0 0 0 7.818564265966415 0.2074403464794159 1.602908954024315 338.4029878303409 1.724253952503204 1.491404511034489 1.100741237401962 208.5521277785301 0.1355972141027451 0.1262869834899902 4.520354717969894 89.22885406017303 0 2.896024093031883 0.2817614674568176 68.61885042488575 0 0.6003363728523254 0 0 0 109.4138060957193 70.83955264091492
647.3735439777374 945.1615842208266 187.6518502831459 314.5585056766868 700.0070390105247 158.6874109953642 307.2159687317908 118.2728049606085 633.9319265931845 2221.214377596974 221.3224684670568 69.0290597230196 2363.82336564362 1362.664159595966 24.65798223763704 13.56422366946936 0.7272081896662712 0.1395181119441986 0.09347479790449142 0.2806481346487999 0.2819804027676582 0 0.06791453808546066 0 0 0 0.1161864623427391 0.343565471470356 0 0.09449164569377899 272.1476106569171 20.53597483038902 13.28143215179443 0 0 0.3488228321075439 6.493415430188179 0.1252371966838837 0 0 0.2467974647879601 0.3627481237053871 0.09422617405653 1.232236221432686 0.176386684179306 0.07597709447145462 152.8727545551956 5.282104399055243 1.601586397737265 0.4589707665145397 1.943630494177341 0 0.2043360620737076 0.5238315239548683 1.931331999599934 1.828789785504341 21.25111490488052 85.59666532278061 16.57191959768534 38.9258488714695 0.4876560866832733 0.5276146233081818 0.08068814873695374 36.74444273859262 5.946384586393833 5.001004680991173 1.512004494667053 0.8464127331972122 0.1181633397936821 0.306752011179924 6.607957974076271 0.5750677734613419 0.1991798505187035 120.1275440081954 144.9081781208515 164.045201972127 52.89137338474393 9.538130298256874 2.19205516576767 0.7573204040527344 0.7307634577155113 0.9924461543560028 11.65755895525217 0 4.024767454713583 4.577102497220039 0.8530860841274261 0.6968836039304733 3.537270464003086 0.3958073407411575 1.348033159971237 0.1706272512674332 0.6908367201685905 0.4189849123358727 0.7643051818013191 69.285934060812 7.409648105502129 0.2156820446252823 0.9787670597434044 99.06366842240095 0 0.7899273782968521 0.5188834443688393 0 1.288292706012726 4.717512503266335 12.27639009058475 1.538541935384274 8.864648275077343 10.7952878922224 2.257315129041672 26.89395690709352 36.68200167268515 16.15501596033573 3.211285755038261 0.3799596726894379 0 0 0 0 0 0 0 0 0 0 0 0.2885669320821762 0 0 0.1609215140342712 0 0 0 0.4727570042014122 2.435126855969429 0 0.4672126621007919 0 0.7836520299315453 1.045109376311302 1.781346723437309 0 0.7081601321697235 0 0 0 0 0.4571598172187805 0 0 0.7160958647727966 0.5665916427969933 0 0 0.08395806699991226 0.4887102544307709 0 0 0 0.3572605475783348 0.07362479716539383 0.3748790994286537 0 0.1818926110863686 0.854576401412487 2.348110392689705 0.3584435284137726 0.2936593592166901 0.142539456486702 0.08770009875297546 0 0 0.1036430299282074 0 0 2.281427033245564 0.635576419532299 0 0 0 3.676945596933365 4.271971665322781 5.551969647407532 0.2970700860023499 0.6680219545960426 0.1029310747981071 0 0.2054310888051987 0 0.1753118932247162 0.08025192469358444 0.05647094547748566 0 0 0 0 9.05217245221138 2.704697072505951 1.607530109584332 560.1095078662038 19.21924363076687 473.0730770751834 92.99774935096502 317.332708850503 56.98644233494997 1.770919121801853 26.43030474334955 26.60832852125168 0.5181593671441078 2.168306559324265 0.8093018680810928 21.50631561130285 0.8448261320590973 0 0.2898646295070648 17.17669627815485 6.01645827293396 219.0082930848002 41.30032470822334
133.3888060152531 1465.156657591462 1929.456316411495 2.770039737224579 422.1456918567419 0.3144352585077286 118.2728049606085 841.2613332271576 283.0379213839769 7.70960246771574 689.3454016670585 6.189336091279984 175.0240393653512 1554.825996540487 82.40834406018257 83.79829504340887 16.35567538440228 10.93709550797939 0.665326215326786 7.316539764404297 28.6535872220993 0.2466417923569679 5.544779054820538 2.06577704846859 2.066457524895668 0.3901782333850861 1.877122022211552 0.6208719909191132 0.4818079769611359 0.4046140611171722 1702.364289097488 857.797275826335 239.6844404041767 6.996996037662029 9.307473637163639 2.589325055480003 12.10413777828217 4.883108966052532 4.503876179456711 0.9524708166718483 5.443662077188492 3.220340717583895 16.41394412145019 33.40697722136974 1.794937461614609 25.83764687180519 189.2925571128726 15.71202351525426 34.34157141298056 45.27393975481391 6.896121352910995 0.2253565341234207 2.002082340419292 2.589284561574459 0.6644855961203575 0.9706859961152077 10.34155856072903 58.3164456859231 7.802010275423527 27.39985253661871 81.74587142467499 69.09520364552736 16.22186788916588 213.2140124589205 2.533682592213154 2.790862753987312 1.193657372146845 4.755107156932354 31.06973019242287 45.68642684072256 49.92122461646795 15.10376277565956 0.342909038066864 78.63535626605153 142.865343824029 209.8471229225397 189.3515098318458 137.7543774619699 1009.035725235939 849.295345030725 79.03131265938282 1073.774889737368 7.415928483009338 0.07958609610795975 4.043610960245132 1.933304309844971 6.852790385484695 0.4873477220535278 2.451546028256416 0.06610309332609177 0.4306522905826569 0.1818086802959442 37.30711319297552 4.519587196409702 0.8590677231550217 43.74800128489733 44.67400659620762 2.748592428863049 12.84384001791477 29.65772508084774 0.1047044843435287 1.250009402632713 0 0 2.252652317285538 1.782374396920204 2.638176217675209 0 1.686667516827583 3.664218202233315 2.386484116315842 8.212287597358227 14.80921559780836 7.464398294687271 5.238130964338779 0.6950060799717903 0.7747881561517715 0.0930318757891655 0.2089108228683472 0 0 0 0.1538222432136536 0 0 0 0 0.9459687769412994 0 1.455398999154568 0.3845931589603424 1.105453856289387 0.3044305145740509 0.2029320672154427 0.5315488204360008 1.868371412158012 0 3.591073110699654 1.306715227663517 1.899763308465481 4.770029470324516 5.842105761170387 1.040423385798931 1.527647919952869 0 0.2358035743236542 0.4251614063978195 0.5532604604959488 0.5428944900631905 0.1440881937742233 0 0.07928493618965149 1.09902410954237 0.2202332317829132 0.1282187700271606 0.1216522008180618 4.103268638253212 0.3618265762925148 0 0 0 0 0.1604917347431183 0 1.738187342882156 4.769739031791687 4.371031671762466 0 0 0.07662459462881088 0.07551859319210052 0.1506080403923988 0.1864162310957909 0 0.3946262821555138 0.434602402150631 6.286987960338593 1.247002772986889 0 0.2346381098031998 0.5753869935870171 3.975662656128407 4.901737354695797 7.550410963594913 0 0.4784476310014725 0.2988256439566612 0.1510655879974365 0.4277342557907104 0.3499659448862076 0 0 0.1028550341725349 0 0.1962680965662003 0.1998364999890327 0.2156051844358444 7.225044012069702 7.389472909271717 8.63194826990366 292.1260821074247 23.60341350734234 356.9629782959819 98.09054801613092 80.4342348575592 41.06494098901749 1.542591147124767 10.71070586144924 14.57809087634087 1.010687790811062 1.599740959703922 0.8000715970993042 10.27286266535521 0 0 0 19.02705747634172 4.800997957587242 53.05084919929504 17.70233923196793
8.852039836347103 497.2434121221304 206.5895351618528 9.539879038929939 1580.855887427926 1.206218630075455 633.9319265931845 283.0379213839769 176.2057834714651 151.7902750298381 607.7500729635358 6.055831149220467 348.8382443636656 386.3455975875258 13.09711697697639 5.45920717716217 0.1705801114439964 0.08362911641597748 0 0 0 0 0.09130069613456726 0 0 0.0842764750123024 0 0 0 0 63.59495229274035 17.77022872120142 2.464202105998993 0 0 0 0.284841500222683 0 0.08646675944328308 0 0 0 0.1543765664100647 0.5198901742696762 0 0.09510400146245956 53.17040378600359 1.075802274048328 0.3294467143714428 0.1587013378739357 0.07134184241294861 0 0 0.1940648034214973 0.2774751558899879 0.08070620149374008 2.139773890376091 5.313936054706573 3.679412245750427 7.198346339166164 0.1622470319271088 0 0.1037328094244003 14.79505240172148 0.9022079110145569 0.7186813876032829 0.4321383386850357 0.1648135706782341 0 0 1.504474848508835 0.1007940173149109 0 23.88038571923971 29.12649921327829 53.94790535420179 23.47577850520611 4.287487544119358 0.5767008811235428 0.288617268204689 0.3844119012355804 0.6606899425387383 1.572649672627449 0 0.7536921352148056 0.4485651627182961 0.09583753347396851 0.08927633613348007 0.3251507878303528 0 0.09048354625701904 0 0 0 0 14.92533970624208 2.523859918117523 0 0.1073250025510788 3.512103714048862 0 0.505765900015831 0 0 0 0.8318811133503914 2.55708970874548 0.173266276717186 1.484634079039097 3.527169682085514 0.6256931126117706 6.214869268238544 8.257624730467796 4.26541756093502 0.7842414677143097 0 0 0 0 0 0 0 0 0 0 0 0 0 0 0 0 0 0 0.07700828462839127 0 1.236899197101593 0 0.422926589846611 0 0.3660084903240204 0.5006467700004578 0.3287827670574188 0 0.1362976580858231 0 0 0 0.2061005830764771 0 0 0 0 0 0 0 0 0 0 0 0.2154584228992462 0 0 0 0 0.1463336497545242 1.110195875167847 0.9794774577021599 0 0 0 0 0 0 0 0 0 0.7722506001591682 0.09196914732456207 0 0 0 0.5395674556493759 0.7864639833569527 2.566186398267746 0 0 0.253790944814682 0 0 0 0 0 0 0 0 0 0 2.318301469087601 0.3225244656205177 0.3424778133630753 183.351387001574 6.081306606531143 123.0941525325179 36.87244162708521 60.8313704431057 23.40089950710535 0 11.5582869052887 4.060775645077229 0 0.3692084401845932 1.164804816246033 4.44073199480772 0.1545999795198441 0 0.1586873531341553 4.452660828828812 4.083019405603409 30.18458569049835 10.44765247404575
838.6102406457067 541.0775496065617 20.42328204214573 1084.468287616968 87.91525840014219 486.3476834967732 2221.214377596974 7.70960246771574 151.7902750298381 1254.949507631361 22.25706522166729 665.7964918315411 4961.554215468466 807.9468301683664 8.990690171718597 6.709973707795143 0.3077516183257103 0.06412526220083237 0 0 0 0 0 0 0 0.1225974187254906 0.1454599946737289 0.5431932806968689 0.1485467106103897 0 64.16051413863897 2.92793545871973 73.22557145357132 0.3188439905643463 0 0 48.41279658675194 0.09353569149971008 0 0 0.1939267218112946 0.4247942566871643 0.09604278206825256 0.7132699340581894 0 0.404916912317276 42.66291511058807 1.280860185623169 0.4290762916207314 0.3079797029495239 0.2149271443486214 0 0.2729227542877197 0 1.056919194757938 0.1530209109187126 5.37938129901886 18.2581630423665 3.888753369450569 6.740259289741516 0.3057269155979156 0.9036590829491615 0 7.471209891140461 1.592232339084148 1.092336863279343 0.5035324022173882 0.2206702083349228 0 0.1349559873342514 14.96844772994518 1.845282703638077 0 24.819011464715 23.87613890320063 32.95368281006813 13.18463381379843 3.811561428010464 1.816571936011314 2.123382657766342 1.695602215826511 0.4916444644331932 2.896292760968208 0 1.040678188204765 1.223072692751884 0.1339678764343262 0.080523282289505 0.4995049238204956 0 0 0.1278348118066788 0.4862873032689095 0.3937309384346008 0.4788683503866196 365.0928900167346 29.42771150171757 0.2020366340875626 0.4455658346414566 67.15151528269053 0 8.569684684276581 2.908793687820435 0.5444542020559311 4.218820944428444 44.53645648062229 82.56249164789915 10.43358059227467 64.60078703612089 52.5785121768713 13.95405422896147 175.0411601811647 181.5464556887746 88.23892202228308 28.03521502763033 0.3198188990354538 0.1634011417627335 0.1179562956094742 0 0 0 0 0 0 0 0 0 1.189368292689323 0 0.3141937404870987 0 0 0 1.391382217407227 1.84622061252594 8.441988930106163 0 0.6165613830089569 0 2.811176314949989 3.917379893362522 7.43441715836525 0.407616913318634 0.9001415222883224 0 0 0.2782440781593323 0.1730766147375107 0 0 0 0.9954693168401718 1.293681859970093 0 0 0 0.7601296603679657 0 0 0 0 0.6743919774889946 0.4542618095874786 0 3.544203996658325 3.991004541516304 14.67091670632362 0.4668463170528412 0.1909636259078979 0.2602893114089966 0.2557736709713936 0 0 0 0 0 14.6727809086442 0.3296661078929901 0 0 0 19.11353831738234 17.40101781487465 23.94490469992161 1.68664813041687 3.540502674877644 1.218049861490726 0.6775066554546356 0 0 0 0 0 0.09718332439661026 0 0 0 42.1563626229763 6.118108823895454 4.095634877681732 524.8074807599187 7.273714371025562 152.7437888979912 54.54385101795197 405.1213919967413 28.76052613556385 0.1927420273423195 17.73689547926188 116.9700538218021 0.3097040355205536 5.567361183464527 3.203368738293648 123.5013376623392 4.529825136065483 0 0 15.41517673432827 1.546496585011482 811.751698218286 232.2421798333526
189.1818016171455 693.8867531046271 513.4998916015029 16.00855094194412 430.7712498083711 2.61175399273634 221.3224684670568 689.3454016670585 607.7500729635358 22.25706522166729 100.7066683918238 32.21902987360954 663.0596591904759 1515.854814335704 61.58852088451385 70.24188318103552 4.218548007309437 1.657949902117252 0.2737905159592628 1.717940576374531 5.662098824977875 0.1536210477352142 1.977302990853786 0.4581659585237503 0.6375245749950409 0.4080570042133331 3.33742506057024 1.595241025090218 0.8485130667686462 1.000084951519966 374.2647307291627 69.08882583677769 155.974535100162 1.346595272421837 2.557861089706421 1.06426115334034 70.9766659066081 6.678140744566917 3.950464226305485 1.21488805860281 3.044845372438431 1.369678787887096 2.096124708652496 12.22482617944479 0.5601604357361794 3.531217783689499 128.3183657005429 3.564486410468817 4.570976480841637 6.062676150351763 2.370860062539577 0 1.334195114672184 0.8197488337755203 0.9662433788180351 0.2422070801258087 4.746738716959953 24.42996661365032 4.505395956337452 17.40277119725943 9.71619775146246 18.94175087660551 2.483283363282681 54.58335407823324 0.7268553748726845 1.666733004152775 0.7634019888937473 0.9010760188102722 6.194681145250797 7.1805804297328 68.75951250642538 4.550263620913029 0 46.08292533457279 61.22207022458315 140.8299402669072 100.8031007871032 44.02920465171337 67.62360139936209 96.70894242078066 14.88542828708887 75.64623404294252 3.312787517905235 0 1.535190626978874 0.6659936383366585 2.521762549877167 0.1020719036459923 0.3239537701010704 0 0.3748449012637138 0 9.728922419250011 1.7042525857687 0.2081171572208405 116.789039760828 39.73352015763521 0.6667126566171646 5.177510969340801 15.29578679054976 0.2012732177972794 0 0.8539227396249771 0 1.091309949755669 1.396769732236862 3.737134672701359 0.189740777015686 2.182616598904133 4.813783906400204 1.344912812113762 8.33959286659956 18.75402416288853 9.603116765618324 3.362494058907032 0.2287507504224777 0 0.08460706472396851 0 0 0 0 0.1215892061591148 0.107803612947464 0 0 0 0.6467529982328415 0.1050714924931526 0.3827096596360207 0.1300460398197174 0.1402291506528854 0.5037374794483185 0.6255124360322952 0.5378412902355194 2.056489378213882 0.4806733429431915 1.70874335616827 0.1007295101881027 1.448816135525703 2.180829301476479 4.922920063138008 0.4811856150627136 2.389118880033493 0 0.1148713976144791 0.1050340384244919 0.4009689390659332 0.6930027455091476 0.2192542627453804 0 0 0.1047585755586624 0 0.3978304862976074 0 2.408310070633888 0.6006946861743927 0 0 0 0.1211262345314026 0.9347546473145485 0 0.9774143099784851 1.546265490353107 3.481376878917217 0.1000315174460411 0.111688919365406 0 0.09199228882789612 0 0 0.08522946387529373 0.2300465553998947 0.1062722876667976 3.991117663681507 1.267807647585869 0.5129759311676025 0 0.250766895711422 5.358816795051098 5.116029173135757 7.996196262538433 0.1319096386432648 0.8016205281019211 0.3321118652820587 0.1585025936365128 0.1242341324687004 0.1234029680490494 0 0 0 0 0.1324525624513626 0 0 8.089677982032299 4.765863381326199 2.994748301804066 310.7957451269031 18.83252808451653 246.4116417579353 82.81461000442505 73.89367111772299 32.32859679311514 0.3177674040198326 19.2045331299305 7.724943362176418 0.4190754294395447 2.756079435348511 0 5.3843018040061 0.6691717207431793 0 0.4085268750786781 16.28307350724936 4.39964471757412 60.06341538578272 24.50013843178749
5.120210856199265 7.480467759072781 0.8751042932271957 123.0663091540337 1.123701795935631 22.47955502569675 69.0290597230196 6.189336091279984 6.055831149220467 665.7964918315411 32.21902987360954 56.67764648795128 1086.629843346775 179.083429902792 45.19935152679682 62.57189712673426 3.616293869912624 0.671836644411087 0 0.486666701734066 2.102275177836418 0 0.8784068152308464 0.385016456246376 4.923358008265495 0.2266700565814972 3.527953773736954 1.861379235982895 0.6126216351985931 2.423908099532127 4.177106916904449 2.478809997439384 209.2294052988291 0.2989712506532669 1.942543610930443 2.592182412743568 175.9462869688869 13.23785078525543 17.72253066301346 1.917096391320229 1.875458680093288 1.381065331399441 0.6639237701892853 5.795388132333755 0.3055380880832672 1.611208289861679 57.5001999810338 1.752174645662308 2.082682620733976 3.447941113263369 1.308674804866314 0 4.568853735923767 0.6302505433559418 0 0 1.046800695359707 1.11622016876936 0.6599897891283035 1.714757271111012 5.007076427340508 56.30865671485662 0.3735610246658325 13.11241440474987 0.2866362854838371 0.2732265442609787 0.9329967424273491 1.214293576776981 5.135162129998207 5.934141702950001 183.1060256958008 7.52989836782217 0.1279961764812469 4.031413018703461 7.088653780519962 37.37496933341026 33.61072344332933 20.40339308977127 4.065930850803852 60.4094106554985 5.170008778572083 24.15136454999447 0.2473830804228783 0 0.2682382613420486 0 0.6224465295672417 0 0.1539686918258667 0 0.0758928507566452 0 9.269954428076744 0.876196525990963 0.1361273378133774 631.8103019073606 84.57070698589087 1.422846600413322 8.187839902937412 4.161754250526428 0.1082753911614418 0.8666537404060364 0.2968676537275314 0 1.244509026408195 6.66570370644331 14.25256272405386 1.456043772399426 6.791032955050468 6.000309556722641 1.991170391440392 20.00213445723057 26.02987899631262 14.89129985123873 4.634797587990761 0 0.1338434666395187 0 0.1169734746217728 0 0 0 0 0 0 0 0 0.2485177740454674 0 1.042366154491901 0.1874991655349731 0 0.2180472984910011 0.2686499357223511 0 1.098896592855453 0.1309830993413925 0 0 2.278166860342026 1.892998643219471 2.679330684244633 0.2369479462504387 0.3663560003042221 0 0.1417370140552521 0 0 0.1053154543042183 0 0 0 0 0 0 0 0.971657894551754 0.4805166721343994 0 0 0 0 0 0 0.4295395836234093 0.7809026017785072 2.156170576810837 0 0 0 0 0 0 0 0.1146785989403725 0.2522630468010902 4.275987051427364 0.721366785466671 0 0 0 3.140401855111122 4.788961552083492 4.655331395566463 0.3572295904159546 0 0 0 0 0.1289138942956924 0 0 0.1195265874266624 0.1048624962568283 0.1081523299217224 0.3919278606772423 0 7.920198187232018 1.038448058068752 2.10178566724062 335.4226379171014 6.452010735869408 133.7670427933335 90.57004103064537 79.42513328790665 15.72775182873011 0 9.923492655158043 19.77728665620089 0.1073905378580093 2.139148451387882 0.2593835890293121 20.84183406829834 0.4840473532676697 0 1.496759429574013 31.15655662119389 5.437624290585518 669.2429450973868 57.15230198949575
38.73488236218691 798.8293493166566 43.68091802299023 535.0327143967152 529.4978008940816 22.84822376072407 2363.82336564362 175.0240393653512 348.8382443636656 4961.554215468466 663.0596591904759 1086.629843346775 1924.068214438856 2227.529679611325 103.3523973748088 122.6164829581976 8.056205935776234 1.224106192588806 0 1.217032432556152 2.747885189950466 0.7126828581094742 1.798670932650566 0.7348674610257149 9.259968787431717 1.809375308454037 5.110433459281921 5.367816209793091 1.637710429728031 1.957527175545692 23.80059380829334 16.93138435482979 1157.923589587212 0.6941944509744644 1.689670749008656 2.672582253813744 670.2336271479726 53.29061742872 56.38760235905647 8.087114483118057 7.315126106142998 2.400887496769428 1.573498785495758 16.4931680932641 0.4766914620995522 3.513134777545929 164.5227935016155 4.334853805601597 5.849532820284367 7.530014470219612 2.955146566033363 0 5.338794931769371 1.055984377861023 0.09230669587850571 0.1540979817509651 3.446962483227253 7.466153547167778 2.360656782984734 12.22034568339586 9.76889356225729 101.2260151579976 0.8453330919146538 53.45010160654783 0.867156021296978 1.021461807191372 0.6164164990186691 2.293741978704929 8.446518592536449 7.953198350965977 547.3287256807089 9.107537254691124 0.1432577520608902 27.16836409270763 41.77004000544548 123.7775003314018 103.4781298190355 52.08131977170706 10.96150698512793 176.9992499426007 17.47603806108236 28.50755579024553 1.842783745378256 0 1.249956503510475 0.8118177503347397 1.397072225809097 0.1943293362855911 0.3809765204787254 0.225512757897377 1.102410949766636 0.3129438012838364 13.77543862909079 2.358201034367085 0.2243659645318985 1311.453121058643 104.6410613507032 1.246323972940445 20.79739464819431 9.897259369492531 0.09648728370666504 2.624380826950073 0.9177825748920441 0 2.036286883056164 15.76038105785847 40.60270889848471 3.183169782161713 22.59928841888905 39.22841692715883 7.864153988659382 81.27103306353092 116.301150739193 57.79026550799608 15.21400260925293 0.7920748069882393 0.3289821520447731 0 0 0 0 0 0 0 0 0.5819947868585587 0 0.2143341228365898 1.578503251075745 0.4463655054569244 0.2564546167850494 0 2.317677527666092 0.1414190679788589 0.9586153253912926 8.437581576406956 0.4133633971214294 1.874381236732006 0.1197810545563698 2.386110231280327 3.368847355246544 7.207610160112381 0.8076295256614685 0.6487131267786026 0.4187248051166534 0.1886126846075058 0.2113925665616989 0.2710538059473038 0.7748016715049744 0.1008017063140869 0 0 1.109033048152924 0.2399523928761482 0.1450743824243546 0.1018051430583 4.667532235383987 0.618330642580986 0.09679095447063446 0.1392731666564941 0.1270082890987396 0.8160410076379776 0.6022474840283394 0.1738594770431519 0.6380473300814629 4.034964963793755 7.713736698031425 0.3196288719773293 0.302388459444046 0.5605454817414284 0 0 0 0 0 0.2070790976285934 10.26913249492645 2.284963890910149 0.438562422990799 0.3539643734693527 0 16.41961499303579 15.76660849899054 15.97939629107714 0.7628396824002266 1.490270167589188 1.01756663620472 0.3976134359836578 0.1425400972366333 0.08210290223360062 0 0 0 0 0.2795709520578384 0.08725026994943619 0 33.93981926888227 11.43225385248661 8.102136336266994 644.0041832849383 22.27734689414501 343.0857638046145 188.9685004428029 140.5670665204525 44.70840375870466 0.2403877675533295 29.54330094158649 41.99952232092619 0.6224160343408585 8.829122632741928 2.509048476815224 62.3326823040843 0.9680377990007401 0 0.6286582797765732 52.78295868635178 8.676600515842438 858.3721946701407 168.7126605734229
