146.0725421011448 2625.212322309613 1418.590734235942 1192.668721176684 357.4997548237443 102.5563522279263 642.2888866961002 231.3518365100026 58.84462961554527 1786.203685246408 73.82753808051348 385.3789638131857 610.1571733132005 429.5998503044248 3.471344664692879 2.927984945476055 0.3769710883498192 0.1864990368485451 0.1315378844738007 0.3095819354057312 0 0.1336373686790466 0 0 0.6384634003043175 0.5021101459860802 0 0 0.2533040344715118 0 776.7264079153538 12.80244582146406 137.0301944464445 0 0.244799941778183 1.105370424687862 77.19920894503593 8.968957141041756 19.43684302270412 2.204277329146862 0.3404915928840637 0 0.08139241486787796 0.23055799305439 0 0 17.27460671216249 0.8975607827305794 0 0.2389767840504646 0.1667965650558472 0 1.580773830413818 0.4183171689510345 5.244240805506706 6.365502335131168 187.3646831288934 788.050751067698 12.28675763309002 6.09816137701273 0.3533985167741776 6.117209933698177 0.1222669258713722 97.30302573740482 3.467183239758015 5.78606005012989 0.6621812209486961 0.968643955886364 0.1865595504641533 0.6303260251879692 90.87175541371107 1.959438852965832 0 83.52678863704205 75.27073150128126 10.37716194987297 3.35815592110157 0.3313944637775421 0.4922419413924217 22.3034001365304 0.3102550953626633 0.8446592688560486 10.04716861248016 1.267940066754818 1.211392417550087 2.192917257547379 0.07456979155540466 0.1194752231240273 0.3728345111012459 0 0 0 0.8372510671615601 0 0.09450694918632507 60.3606670871377 5.123370580375195 0.1180964410305023 27.47437521070242 849.1640281155705 0.1967381089925766 3.790237426757812 0.9851750954985619 0.3610619157552719 0.783283643424511 14.080361738801 0.213278204202652 2.579608477652073 3.704755030572414 6.269145116209984 0.770709440112114 7.152642630040646 6.064006842672825 3.066586963832378 3.397331885993481 0 0.1059547066688538 0 0 0 0 0 0 0 0 0.1650406420230865 0 0 0 0 0 0.1372787654399872 0 0 0 0.2510389164090157 0 0.108114592730999 0 1.373901776969433 0 0.727112241089344 0.4236712232232094 0 0 0 0.08260437846183777 0 0 0 0 0 0.09737259894609451 0 0 0 0.2762813940644264 0 0 0 0 0.6763327419757843 0.6363700777292252 0 0 0 0.4728828221559525 0 0 0 0 0 0 0 0 0 6.377852693200111 0.1394979059696198 0 0 0 2.13478709757328 0 0 0 0 0.08866266161203384 0 0 0 0 0 0 0 0 0 0 4.637439221143723 0.1274458318948746 0.4629716500639915 152.258366920054 5.149885386228561 130.178357064724 22.55711267888546 1041.687278911471 17.39483787119389 2.041141591966152 5.706142663955688 9.179059609770775 0 0.6128187477588654 0.1122327148914337 8.91665044426918 0 0 0 0 0 167.9859528616071 1.802901707589626
2625.212322309613 1404.977513663471 841.2199347913265 1861.86021950841 1566.499313257635 119.5252866446972 2489.653176225722 314.5400043725967 2437.395786836743 2810.897220298648 1137.604721628129 398.2362471073866 2707.141145691276 2536.424749277532 17.92040011286736 5.739977724850178 0.8941931650042534 0.1814682856202126 0.09359170496463776 0.1242156326770782 0.4466970860958099 0.2800094485282898 0 0 0.6908979713916779 0.2830306962132454 0.1089508086442947 0 0.3708439990878105 0.11642786860466 1097.965834476054 17.38952631503344 100.8867708817124 0 0 0.443367101252079 61.90692599117756 5.83621197193861 12.4388780221343 1.276494540274143 1.072782337665558 0.1042051091790199 0.7556744366884232 0.6319480687379837 0 0.4269348084926605 112.587623052299 2.983040109276772 0.2684471160173416 0.06566579639911652 0.182150810956955 0 1.162161231040955 0.09075483679771423 11.95536040514708 12.31969780474901 189.56162725389 700.9954884499311 41.28912478685379 31.2448710128665 0.9598681330680847 3.459569305181503 0.2041647434234619 188.1429032310843 7.706646509468555 16.0752607434988 2.910066373646259 1.932906448841095 0.4852298125624657 0.3146732151508331 85.85191513597965 2.491587869822979 0.2612593472003937 234.4445795044303 204.6484879851341 48.05349276214838 18.74014488607645 0.4667209684848785 0.6639521270990372 17.61680120974779 0 1.318234860897064 22.87659653276205 2.340137086808681 2.551191829144955 3.0648178383708 0.1703079044818878 0.1943444982171059 0.5547147020697594 0 0 0.144019678235054 0.6017027869820595 0 0 94.85099273175001 14.20057138055563 0 29.85998859256506 937.3014975488186 2.341256648302078 1.905273109674454 3.398349307477474 2.873499393463135 9.288281701505184 32.75516002625227 0.5173012614250183 28.8602554500103 31.88282285630703 29.08354591578245 12.3813212364912 54.39438880980015 37.22021552920341 19.1033908650279 34.44206537306309 0.315884530544281 0 0 0.4587628841400146 0 0 0 0.1007479280233383 0 0.1107379570603371 0 0 0 0 0.1179276779294014 0 0 0.1634651273488998 0 1.107968106865883 2.857468724250793 0 0 0 8.976313769817352 0.8190478980541229 13.3561685308814 2.698542982339859 0.8537063002586365 0.0946921780705452 0 0 0 0.1086731776595116 0.112672433257103 0 0.1222958639264107 0.5486982688307762 0 0 0 0.8863084763288498 0.2695680409669876 0 0 0 3.449988901615143 1.821941316127777 0 0 0 3.812920242547989 0.1977899521589279 0.1315523982048035 0.1044843345880508 0 0 0 0 0 0 26.42404908686876 0.6726827919483185 0 0 0 9.810630090534687 0 0.7731112390756607 0.6041049957275391 3.086467437446117 0.803991824388504 0 0 0 0 0 0 0 0 0 0 44.71329703181982 5.461682111024857 2.571493215858936 292.7144147306681 11.46430709958076 440.024181202054 103.3241261318326 754.6090385094285 35.12721539288759 2.844619981944561 19.57348390668631 16.83365561813116 0.3488177508115768 6.37944845110178 2.515091300010681 31.31474561989307 0.5051197558641434 0 0.4823602735996246 0.266185849905014 0 141.0902799069881 17.45166733115911
1418.590734235942 841.2199347913265 444.4501085802913 83.91405734419823 799.9113571196795 12.76826491951942 110.2964145168662 1677.60863019526 1037.950886502862 191.9683604240417 1210.729189880192 156.6982381343842 519.7161935195327 2990.656620770693 28.93164291232824 15.39900998771191 2.093422397971153 3.468960419297218 0.4414087980985641 2.780127413570881 17.1006982177496 0.2701942697167397 0.606837160885334 1.814431987702847 7.955153807997704 4.406017661094666 0.4885528683662415 2.037489205598831 1.265549600124359 0.1125145927071571 4938.640511259437 428.10645852983 414.2693258598447 1.575243458151817 1.246670722961426 4.10430222004652 101.6065900325775 32.2951625213027 37.64333275705576 7.093781962990761 12.00516524910927 0.7499510571360588 9.290535971522331 2.178700245916843 1.748969115316868 6.314462505280972 105.9216317161918 3.377804860472679 0.7563454359769821 6.469524279236794 0.4227384552359581 0.9467140287160873 5.005107238888741 0.6444046720862389 12.55199262499809 11.31510047614574 201.5308135524392 1311.445999585092 36.28191972896457 27.60740174353123 14.3085619956255 62.86815988272429 3.465590998530388 1610.209161877632 9.302394449710846 16.8957115188241 3.204128243029118 4.449512958526611 4.891722187399864 14.74958537518978 118.6477401480079 4.183840326964855 0 204.1726037785411 371.2409415766597 65.25253522396088 28.03526539355516 4.120808869600296 83.35449020564556 406.5395437777042 11.63815597444773 151.8147109821439 23.51748221367598 1.885064646601677 2.245081141591072 3.698316439986229 3.323059625923634 0.3580886796116829 0.4459188580513 0.12361079454422 0.2822082862257957 0 12.25460629165173 1.227891698479652 0.7702261358499527 97.34989360719919 17.59918796271086 0.4889708682894707 46.55755171924829 1105.364758640528 0.7736621797084808 0.1237381845712662 3.313180476427078 0 5.517577193677425 10.43071966618299 0.4831268712878227 20.95357210934162 10.00824042409658 14.31098102778196 7.816986538469791 28.1155217140913 28.11258587241173 15.60261125862598 28.20715349912643 0.4457099437713623 0.4955969750881195 0.642543263733387 0.1054188460111618 0 1.417188882827759 0 0 0 0 0 0 0.227330707013607 0 0 0 0.1095482558012009 0 0 0.7147808447480202 1.884779624640942 0 0 0 7.184209160506725 1.427358329296112 11.64020453393459 0.8122139722108841 0.7784284204244614 0 0 0.1479696035385132 0 0.1192780360579491 0 0 0.1002722233533859 0.8007900640368462 0 0.3128995299339294 0 1.147519432008266 0.3856205120682716 0.2010389417409897 0.3805585280060768 0 1.77646766602993 1.667474672198296 0 0.09241420775651932 0.09059382230043411 3.612966760993004 0 0 0.2495851665735245 0 0.07949414104223251 0 0 0 0.1204852536320686 20.47761061787605 0.541860818862915 0.1227156892418861 0 0 9.216512516140938 0.2017830312252045 0.7874030470848083 0 0.7778694555163383 0.1083582118153572 0.1250065714120865 0.09514119476079941 0 0 0 0 0 0 0 0 29.46937167644501 4.334454081952572 3.530802845954895 288.1101739257574 14.20112473517656 403.3059730678797 102.9202273562551 358.2625023052096 37.536695279181 5.221697777509689 16.29125107079744 8.641337051987648 0.08577444404363632 4.194210603833199 0 13.78891788423061 0.4891171455383301 0 0 0.6827977150678635 0 102.3570735007524 13.81816934794188
1192.668721176684 1861.86021950841 83.91405734419823 214.2201812490821 358.9111138433218 286.4332514107227 1653.618652135134 1.731635205447674 19.0732539743185 1303.581431105733 15.56672352552414 638.1935112029314 1305.136053115129 14.18751569092274 0.3134210854768753 0 0 0 0 0 0 0 0 0 0 0 0 0 0 0 80.59392895549536 0.7726487517356873 0.7827776223421097 0 0 0 0.4237875938415527 0 0 0 0 0 0 0 0 0 7.025681249797344 0.20647232234478 0.09147890657186508 0 0 0 0 0 0.8205873593688011 1.482875660061836 34.41662912815809 149.0060097947717 4.41727814078331 2.112718604505062 0 0.1148613318800926 0 15.78448490053415 0.8156203702092171 1.856132030487061 0.08708267658948898 0.08619608730077744 0 0 0.513558991253376 0 0 27.78103130310774 20.83411260694265 2.968410298228264 0.1935397684574127 0 0.1752234250307083 0.4910766035318375 0 0 2.46501299738884 0.1196679696440697 0.3760679811239243 0.1981695592403412 0.1013461276888847 0 0.1017817929387093 0 0 0 0.108601488173008 0 0 2.554270461201668 0 0 0.3620561361312866 355.6601779535413 0 2.176809877157211 2.625556021928787 15.66823866963387 0 25.19803340733051 5.835671573877335 2.524025946855545 4.758321732282639 3.51995824277401 1.397599205374718 4.400488838553429 1.717855617403984 2.932058252394199 0.2191906273365021 0 0 0 0 0 0 0 0 0 0 0 0 0 0 0 0 0 0 0 0 0 0 0 0 0.1291518211364746 0 0 0 0 0 0 0 0 0 0 0 0 0 0 0 0 0.1729789823293686 0 0 0.08723026514053345 0 0.1709245890378952 0 0 0 0 0 0 0 0.3105655610561371 0 0 0 0 0 0 0.7175249457359314 0 0 0 0 0.7426461577415466 0 0 0 0 0 0 0 0 0 0 0 0 0 0 0 1.118500962853432 0 0 73.99721454828978 0.3705460950732231 39.60777368396521 5.647875927388668 756.8711685016751 4.728374101221561 0.1930516064167023 3.976037584245205 6.629491567611694 0 0 0 6.787988647818565 0 0 0 0.4116004705429077 1.342107445001602 85.82899452745914 0
357.4997548237443 1566.499313257635 799.9113571196795 358.9111138433218 406.2602228820324 17.30936504900455 1929.151683360338 85.94115555286407 1712.71233600378 2842.847869694233 407.0290062427521 122.8947836011648 2025.622088372707 1404.319089405239 13.96156588196754 1.666833847761154 0.2104810103774071 0 0.1113248094916344 0 0.1096463203430176 0 0 0.1090800911188126 0 0 0 0 0 0 75.04572270810604 4.561854213476181 8.174049235880375 0 0 0 5.894320949912071 0 0.6738388687372208 0 0 0.1447026580572128 0.07257121056318283 0 0 0.1630674302577972 69.28360287100077 1.142450541257858 0.09628361463546753 0.08016654849052429 0.09952355176210403 0 0.1308989226818085 0 3.122978545725346 3.238740682601929 41.40262841433287 115.845119304955 14.92346736043692 13.04621807485819 0.9026451259851456 0 0 50.31874773651361 2.207574985921383 5.48216824233532 0.6734945774078369 0.4105996713042259 0.08613030612468719 0.090897336602211 49.38698936998844 1.992174878716469 0 87.80312296748161 67.69651804119349 23.07197604328394 10.32104229182005 0.3342075645923615 0.1042099818587303 1.883179165422916 0 1.576023645699024 8.908921949565411 0.6424488574266434 1.030991844832897 0.7255613654851913 0 0.1094837188720703 0.1991541087627411 0 0.1187103465199471 0 0 0 0 54.18681737780571 19.78342124819756 0 17.77598651498556 44.70303823798895 4.463120311498642 4.138890005648136 3.684609115123749 0.7490497231483459 19.30629201978445 62.2825581356883 3.328638687729836 51.92636378109455 22.42929194867611 37.4452696070075 22.00026346743107 73.92882990837097 67.56989935040474 34.81891676038504 48.70385365188122 0.3931531012058258 0.7727211117744446 0 0 0 0 0 0 0 0 0 0 0.1690100133419037 0 0.6996187567710876 0 0 0 0 0.8758643269538879 2.701293841004372 0 0 0.2329946011304855 15.34286396205425 2.34507092833519 20.33575747907162 0.3754783272743225 0.1559144109487534 0 0 0 0 0 1.196683406829834 0 0 1.276110671460629 0 0 0 3.627556934952736 0.1822120696306229 0.3279276043176651 0.4125884175300598 0 2.763449542224407 2.633719891309738 0.5087673664093018 1.164013385772705 0 9.184663489460945 0.9012589305639267 0.4302999526262283 0.7912300229072571 0 0 0 0 0 0.1206909343600273 27.73353660851717 0 0 0.1056540384888649 0 12.24331399053335 0 0.6469413638114929 0.4034367725253105 0.5559874922037125 1.314532428979874 0 0.8894989490509033 0 0 0 0 0 0 0 0 70.49580832570791 8.035890676081181 4.449159137904644 232.6464993581176 8.860898166894913 182.6683773398399 55.07437863200903 214.1342686936259 16.75836446881294 0.9230000451207161 8.770630210638046 27.1430548876524 0.423413097858429 6.194238066673279 1.475633054971695 41.59793418645859 3.424797929823399 0 0 0 0 68.94875656068325 16.17418222129345
102.5563522279263 119.5252866446972 12.76826491951942 286.4332514107227 17.30936504900455 0 46.6151537001133 1.345426723361015 6.516525968909264 618.6046332716942 6.259394347667694 77.02139773964882 71.87828397750854 14.88894581794739 0 0.1130208671092987 0 0 0 0.1555159091949463 0 1.554206565022469 0 0 0 0 0 0 0 0 20.1438764333725 0.2041149139404297 2.845007598400116 0 0 5.701030075550079 4.754945918917656 0.6752528697252274 4.306750357151031 0.7800301909446716 0.1489804089069366 0 0 0 0 0 0 0 0 0 0 7.501415230333805 0.5054124891757965 0.4212194159626961 0 0 242.7354167923331 31.48698125034571 0.08707038313150406 0 0.6957228779792786 3.425733506679535 0.1900642365217209 0 0 0.1339196115732193 0 0 0 0 60.11028672754765 113.7752995789051 8.803404308855534 0 0 0.626031681895256 0.150424599647522 0 0 3.387798935174942 0 1.548032149672508 0 0.9957611411809921 0 0.08699171990156174 0.1354240924119949 3.421999864280224 0.1161233857274055 5.148734591901302 0 0.3951094895601273 0 0 0.3714927434921265 191.099540874362 269.9770538210869 6.567000135779381 29.17330910265446 169.8706178963184 0 0 0 0 0 0 0 0.2059074193239212 0.2048624902963638 0.450953796505928 0 1.12364262342453 0.3925082460045815 0.1779616326093674 0 0 0 0 0 0 0 0 0 0 0 0 0 0 0 0 0 0.1725570857524872 0 0 0 0 0 0 0.1275053918361664 0.1550492197275162 0 0 0 0 0 0 0 0 0 0 0 0 0 0 0 0 0.2629403546452522 0 0 0 0 0 0 0 0 0 0.1153233572840691 0 0 0 0 0 0 0 0 0 0.4777199327945709 0.6533081084489822 0 0 0 0.8297557830810547 0 0 0 0 0 0 0 0 0 0 0 0 0 0 0 1.043238669633865 0 0 6.930400595068932 0.08818978816270828 0.8518932536244392 0 355.3295693844557 0.2397794276475906 0 0 0.3147231042385101 0.1016100347042084 0 0 0 0 0 0 0 0 28.56490568816662 0.5570797026157379
642.2888866961002 2489.653176225722 110.2964145168662 1653.618652135134 1929.151683360338 46.6151537001133 158.0646811649203 4.078738838434219 255.4964955300093 3088.787131853402 89.55097486823797 205.4819019213319 1062.357745319605 602.27259978652 5.649382680654526 1.126320265233517 0 0 0 0 0.08938851952552795 0 0 0 0 0 0 0 0.2399621903896332 0.1240581348538399 39.30047096312046 3.138890385627747 3.867226868867874 0.1088687926530838 0 0 5.244337171316147 0.5335047394037247 0.5002848505973816 0.3928619176149368 0 0.1651949137449265 0 0.1002681106328964 0 0.2293028458952904 35.03150825202465 0.5710013285279274 0 0 0.08479062467813492 0 0 0.1521865129470825 3.134041115641594 1.81333165615797 28.93219003081322 102.991576269269 9.520651161670685 8.155279718339443 0.1816468685865402 0.2698914110660553 0.1340023875236511 26.69997227191925 0.9445803761482239 2.173291996121407 0.2528317049145699 0.4749758094549179 0.09042134881019592 0 23.65604513883591 2.223327130079269 0 50.52078355848789 38.09991424530745 14.23211730271578 4.894930377602577 0 0.08486113697290421 0.3919343203306198 0 0.09427660703659058 3.982403621077538 0.3970153629779816 0.5584064424037933 0.7030939757823944 0 0.1187219396233559 0.1931354552507401 0 0 0 0 0 0 52.45854708552361 8.11014598608017 0 3.69193772226572 54.90443378686905 12.14601974189281 40.00082101672888 322.7960671037436 62.87202319502831 8.575397536158562 70.15963535755873 12.27848796546459 51.76957499235868 35.35740013420582 81.3904245942831 19.45625229924917 48.79777649044991 45.30237299948931 20.34505711495876 27.57972476631403 0.90348120033741 0.3291124105453491 0.2628270834684372 0 0 0 0 0 0 0 0 0 0 0 0 0 0 0 0 4.632032968103886 2.345447823405266 0 0 0 5.965837217867374 2.444797933101654 12.65038897842169 0.8046005070209503 0.298662394285202 0 0 0 0 0.09241079539060593 0 0 1.392755284905434 4.801994234323502 0 0.1149129718542099 0 0 0 0.9376088082790375 0.4618218541145325 0.08530353754758835 10.83098562434316 7.960040830075741 0.5974428206682205 0 0 5.01845882833004 0.8338301256299019 0.8537682965397835 1.274173408746719 0 0.1001922935247421 0.1046986654400826 0.0864219143986702 0 0 19.34103193134069 0.8434882611036301 0 0 0 5.231232419610023 0.2742846310138702 0 1.158268436789513 9.088477097451687 1.920122772455215 0.09630854427814484 0.4776944145560265 0.2438888028264046 0.08785397559404373 0 0 0 0 0 0 37.30021287500858 2.237201660871506 0.7961267977952957 135.5318399518728 4.339539229869843 107.9980566725135 27.11805741488934 227.4802284389734 6.400121860206127 0.5271025598049164 2.923151925206184 19.73907352238894 0.2709991782903671 19.45310993492603 2.34172809869051 47.51455917209387 4.754182383418083 0 1.051544353365898 0 0 64.81407468020916 25.91240998357534
231.3518365100026 314.5400043725967 1677.60863019526 1.731635205447674 85.94115555286407 1.345426723361015 4.078738838434219 412.2655060589314 133.3667067289352 15.10141813755035 1235.900573417544 46.31202590465546 147.5280279517174 1424.608047477901 147.0011598393321 117.7781053707004 9.506520219147205 14.62665566056967 2.993968315422535 17.90056240558624 67.25832937657833 0.2773637473583221 3.831663407385349 6.093969009816647 31.53582616895437 16.14989019185305 0.3216874152421951 5.709952540695667 1.965371660888195 0.2068388015031815 1751.760551445186 3008.170747742057 344.6804048642516 7.148129284381866 5.703539468348026 23.68911600112915 64.10196562111378 42.03290231525898 29.15549416095018 18.93749395757914 42.79324005544186 2.956193804740906 30.34415158629417 38.21198973059654 8.286799088120461 46.4072028324008 300.5010002851486 3.613334059715271 2.604789808392525 17.34540750831366 1.246848277747631 0.4716999083757401 5.385293252766132 1.565889559686184 9.399604186415672 9.343657709658146 113.8421038985252 423.1217583864927 50.23721652850509 54.86217458546162 168.8217605501413 171.9876740127802 23.51861876249313 1475.987264044583 6.168016970157623 15.67504996806383 2.153099238872528 7.868584997951984 12.8996839672327 58.7257796227932 69.91450120508671 5.84639223664999 0 298.4822106212378 406.4444344490767 196.9617036879063 325.7866980805993 307.6635995879769 466.6717735528946 836.9009827971458 394.8800968676805 1428.987062081695 15.19042832404375 1.968072161078453 1.930631153285503 3.097908243536949 7.715930465608835 0.4873528778553009 0.4108247607946396 0 0.1321060061454773 0.3105587512254715 34.15659906715155 3.795417383313179 2.195904947817326 41.74988089501858 15.04776399582624 0 45.38834599405527 187.4291890338063 0.3544590622186661 0.5687492489814758 1.527466058731079 0 3.834282889962196 6.105701342225075 0 5.473569095134735 3.153658710420132 4.163723155856133 2.425836347043514 13.8569096326828 7.686539195477962 8.339495643973351 14.27234657853842 1.011658556759357 0.2355441749095917 0 0 0 0 0 0 0 0.4541604146361351 0.3489045649766922 0 0 0 0 0.1325973719358444 0 0 0 0.8009587004780769 0.5265590772032738 0 0.5359896644949913 0 6.493096180260181 0.9372618794441223 6.389375194907188 1.58405764400959 0.7422374039888382 0.5425316542387009 0 0 0 0.2392441183328629 0 0 0.1280233114957809 0.7240714505314827 0 0 0.08735287934541702 2.314087718725204 0.7759972959756851 0.3141888901591301 0.1693388521671295 0 1.132580764591694 0.3150681406259537 0 0 0 2.802604004740715 0.2351698204874992 0 0 0 0.08570769429206848 0.1242474168539047 0 0 0.120989628136158 8.196154519915581 0.9828467965126038 0 0 0.3238947987556458 5.769253864884377 0.2525423169136047 0 0.6703208386898041 0.519229345023632 0.477623924612999 0 0 0 0 0 0 0 0 0.1071133315563202 0.6944733634591103 20.06319464743137 5.56718335300684 2.205388069152832 767.0200030207634 31.1691847667098 710.4762272238731 256.6523976400495 149.2314034849405 42.28251322358847 6.387052565813065 43.92033434659243 7.178848758339882 0.1132849082350731 2.368935450911522 0.5216048806905746 6.872915968298912 0.8634566366672516 0 0.4375751614570618 7.068292126059532 0 64.83137203007936 8.774112805724144
58.84462961554527 2437.395786836743 1037.950886502862 19.0732539743185 1712.71233600378 6.516525968909264 255.4964955300093 133.3667067289352 363.3134824931622 887.7321928292513 651.1260415539145 325.7709040939808 779.0444152951241 369.094408929348 6.907168358564377 3.417473793029785 0.2515722885727882 0 0 0 0 0 0 0 0 0 0 0.2124272137880325 0 0.1828984022140503 29.81964058429003 1.797030664980412 12.82047665119171 0 0 0 7.486175388097763 1.573419913649559 1.638295963406563 0.4114110469818115 0 0 0 0.3724558129906654 0 0 24.42872864753008 0.8251850977540016 0 0 0 0 0.1119866594672203 0 0.7647716775536537 0.6292794123291969 8.609535045921803 14.46650197356939 3.782842934131622 3.726017579436302 0.1195694655179977 0 0 10.06330324709415 0.4421088770031929 1.065430991351604 0.1785261034965515 0.297146163880825 0 0.1156885325908661 28.10829465091228 1.945778861641884 0 18.55693040043116 13.85133328288794 8.337707117199898 3.290437079966068 0.3079726696014404 0.1367731392383575 1.198714554309845 0 0 1.801924459636211 0 0.5587844923138618 0 0 0 0 0.1305972635746002 0 0 0 0 0 78.10629414021969 7.365791380405426 0 9.906436376273632 14.27254451811314 0 1.264653936028481 4.270402103662491 0.7333925068378448 11.78581777960062 35.76231067627668 2.284874826669693 39.61542391777039 19.96057113260031 36.04597648978233 11.62846509367228 62.51046127080917 52.93162648379803 31.05683739483356 27.12214879691601 0 0.5735403895378113 0 0 0 0 0 0 0 0 0 0 0.3336131572723389 0 0 0 0 0 0 0.9486429244279861 4.169495493173599 0 0 0 12.95444068312645 1.473031371831894 8.697283178567886 0.6744651943445206 1.515785902738571 0 0 0 0.1254580169916153 0.2484823241829872 0 0 0.2947309613227844 1.996232256293297 0.1347974836826324 0 0 0.7820356786251068 0 0 0.2427534312009811 0.1283933222293854 1.467405259609222 1.037278175354004 0 0.6638897061347961 0 7.678909212350845 0.3751031458377838 0 0.5978130921721458 0 0 0 0 0 0 15.41528002917767 0.5727439522743225 0 0 0 9.519381023943424 0 1.246776789426804 0.8794196397066116 1.159321457147598 0.3913506790995598 0 0 0 0 0 0 0 0 0 0 56.7335539162159 4.099435016512871 3.418021962046623 121.325104765594 2.6195979565382 52.0680213868618 17.31588239967823 68.85351062566042 2.792246125638485 0.4095930904150009 6.030306033790112 22.18029463291168 0.145395815372467 2.096097081899643 0.9504188597202301 30.89245936274529 1.323288708925247 0 0.1918632835149765 0 0 47.02068953216076 13.26632303744555
1786.203685246408 2810.897220298648 191.9683604240417 1303.581431105733 2842.847869694233 618.6046332716942 3088.787131853402 15.10141813755035 887.7321928292513 1351.026408940554 173.2622731551528 1004.61916346848 6195.066968791187 666.7688657045364 2.330830752849579 0 0.09382698684930801 0 0 0.6760091781616211 0 0 0 0.2384102195501328 0.09912417083978653 0 0 0 0.1146523356437683 0 110.7880149707198 1.510122671723366 11.54048907756805 0 0 0 59.46262139827013 2.40527755022049 4.172369092702866 0.1063895151019096 0 0 0.1055449098348618 0.2426224797964096 0 0 14.50285415351391 0.2990199327468872 0 0.1396001577377319 0.1176505237817764 0.7941326498985291 0 0.2234695181250572 1.571819573640823 1.000004082918167 72.19316227734089 192.5739195272326 6.077028125524521 3.160801135003567 0.07936394214630127 0.1037193760275841 0 20.78718365728855 0.6791722699999809 2.099891372025013 0.3690671995282173 0.2029888778924942 0 0.306531734764576 79.06984566897154 6.005428969860077 0.5408830270171165 32.24820668250322 24.15999615192413 4.990505248308182 1.169050060212612 0.2699703276157379 0 2.439309246838093 0.1736603379249573 0 3.32614579051733 0.2439447939395905 0.5759949237108231 0.44364845007658 0 0.606759250164032 0.07244953513145447 0.2922977209091187 0 0 0 0 0 201.4753190726042 44.60961912572384 1.169031590223312 15.52864116430283 817.5814174339175 3.838684730231762 4.074490875005722 9.44903240352869 7.426933668553829 20.53226450830698 105.8877254649997 19.2167574763298 100.406813018024 61.6230795904994 139.7439646199346 17.78964471071959 142.3757439553738 155.488840483129 78.85681214928627 47.64134506881237 0.1064030453562737 0.3177390918135643 0 0 0 0 0 0 0 0 0 0 0.4350895583629608 0 0 0 0 0 0 3.416593044996262 5.75678314268589 0 0 0 8.45003005862236 0 12.3735738992691 0 0.5193356573581696 0 0 0 0 0 0 0 0 0.8316608071327209 0 0 0 0.9819158911705017 0 0.2604424804449081 0.8975554704666138 0 1.476971119642258 1.294652417302132 0.312210351228714 0 0 7.953902266919613 0 0.1244091913104057 0 0 0 0 0 0 0 22.72611118108034 3.364427633583546 0 0 0.1186551004648209 7.486348509788513 0 0.6584128066897392 1.5876145362854 2.368734009563923 0.2671544030308723 0 0 0.4120673164725304 0 0 0 0 0 0 0 81.82598946243525 1.95598192512989 3.911869540810585 454.1629345566034 3.451006859540939 59.83895546197891 13.0927140340209 1915.04608476907 7.949001558125019 1.308737277984619 2.152741745114326 125.788759753108 0 4.749360427260399 0.9489395990967751 154.8144339844584 1.195842400193214 0 0.4187425076961517 0 0 608.1299690231681 20.04696927219629
73.82753808051348 1137.604721628129 1210.729189880192 15.56672352552414 407.0290062427521 6.259394347667694 89.55097486823797 1235.900573417544 651.1260415539145 173.2622731551528 346.399541683495 601.0733341425657 1001.695073656738 1549.695193164051 72.57842028141022 47.94483461976051 4.18567306548357 2.667058281600475 0.2633050754666328 4.372951880097389 23.8071204200387 3.248594596982002 1.756738103926182 2.016983404755592 36.42710725218058 8.633520446717739 1.376958526670933 6.539254009723663 3.197282209992409 0 193.4759388044477 145.779577113688 719.6654224619269 0.8893829137086868 4.874671533703804 39.16010277718306 391.1845997571945 121.6241016611457 128.5120280385017 37.13687009364367 29.31095907092094 0.941042847931385 6.883924767374992 5.732266932725906 0.6402162835001945 2.086457617580891 130.3821815699339 0.3556032106280327 1.054845415055752 2.356717385351658 0.7820891588926315 3.755726955831051 25.84792192280293 1.74199914932251 3.199533849954605 2.831879824399948 31.59754731506109 66.50776720792055 15.76111301034689 20.64589669555426 17.70770181715488 205.4138738140464 6.744649283587933 97.45460154861212 1.251534305512905 5.762062542140484 0.6998227387666702 2.313423752784729 5.607616730034351 27.6450219899416 552.1913188323379 23.18762979656458 1.283804312348366 104.1179582551122 71.45667331665754 76.06928192079067 39.43597108870745 8.554278142750263 6.44047450274229 241.3169272765517 3.244776979088783 100.3040044009686 5.871655352413654 0.4946416169404984 0.5309344083070755 0.8079647570848465 1.590077906847 0.1018242463469505 0.4754859805107117 0.3169526755809784 0.1655480116605759 0 26.0391683280468 2.371082000434399 1.370614513754845 359.0629251748323 81.4358342513442 2.080991141498089 211.1856561079621 31.16527641564608 3.236875422298908 3.0588059425354 5.061036340892315 0.4944640398025513 16.27812197804451 28.73835837095976 1.704854220151901 37.94731792807579 15.6946699693799 24.78000639379025 23.52467042952776 66.61185971647501 53.91223104298115 44.8027121424675 64.38721570372581 2.745105355978012 1.040723867714405 0.1622404307126999 0.2666583657264709 0 0 0.1283470541238785 0.2113983780145645 0 0 0 0 1.28490125387907 0 1.130190372467041 0 0.9632857888936996 0.1365735232830048 0.3868534564971924 1.398600585758686 10.98225688189268 0 0.3938838094472885 0 19.20246436446905 3.574396230280399 28.89666148275137 2.661721482872963 2.697186388075352 0 0.2589203044772148 0.7187706232070923 0 0.21175616979599 0.3735007792711258 0.1489541381597519 1.172558836638927 1.442991480231285 0.1962847709655762 0 0.2258861884474754 4.005310289561749 0.7187787890434265 0 0.1189858168363571 0 4.209728911519051 4.070798054337502 0.5557932406663895 0.2787276208400726 0.2634280696511269 10.06883998960257 1.110985733568668 0.2346176505088806 0.5129848718643188 0 0.1009601503610611 0 0 0 0.7670213729143143 66.31704089045525 2.666329108178616 0 0 0.3123109936714172 16.42815715819597 0 1.120783805847168 2.387721836566925 2.622289180755615 2.637873731553555 0.159107431769371 0 0 0 0 0 0 0 0 0 87.15969467908144 20.23941430449486 10.8157592639327 686.9845685809851 26.70914781838655 349.856567516923 149.699300788343 112.9541821852326 25.5933583676815 1.678925357758999 33.40073848515749 19.99219306558371 0.6532652080059052 8.792333297431469 3.817828327417374 29.42293115705252 0.6343839913606644 0 0 1.659225791692734 0.1954086869955063 74.3834567964077 35.75139033049345
385.3789638131857 398.2362471073866 156.6982381343842 638.1935112029314 122.8947836011648 77.02139773964882 205.4819019213319 46.31202590465546 325.7709040939808 1004.61916346848 601.0733341425657 43.82357303798199 1126.733391515911 879.9804878681898 35.78141404688358 23.64312685281038 1.500937528908253 0.6752470880746841 0 0.4992586597800255 2.492023721337318 0.6720107197761536 0.4026024416089058 0.47988061606884 7.014059878885746 0.6851504966616631 0.763647772371769 0.254223145544529 1.347286283969879 0.2235676646232605 108.2821508273482 12.49603397399187 51.33077422529459 0 0.3198079764842987 3.127595506608486 99.21535843610764 18.46174291521311 111.297948397696 11.58436703681946 5.333771876990795 0.2445538640022278 1.115893453359604 1.575810320675373 0.2250288277864456 0.6630200818181038 40.26123309880495 0.3832656666636467 0.3571357429027557 0.5850897952914238 0.2247950732707977 1.328529082238674 16.31619657576084 0.618887722492218 0.3469003513455391 0.6058700680732727 11.52123495936394 26.85369807481766 4.946630395948887 6.897535093128681 1.23403000831604 8.180233269929886 0.4623943790793419 15.88174153864384 0.384172298014164 1.627465672791004 0 0.7824328616261482 1.565760843455791 3.684928521513939 145.6356195807457 12.28337281942368 0.1538273692131042 25.14260140806437 17.76082506030798 26.59675093740225 14.31508115679026 5.105274677276611 0.1711416989564896 30.56216428428888 0.1725913882255554 2.737951837480068 1.482734762132168 0.07882716506719589 0.2083901762962341 0.08489266037940979 0.535462275147438 0 0.1442743390798569 0.2550309002399445 0 0 6.424983993172646 1.041904136538506 0.4055413454771042 812.1692027971148 43.72409179806709 0.8121795952320099 66.1835235953331 103.6313970759511 5.196260198950768 3.488697856664658 14.54402979463339 9.487201936542988 27.33407520502806 92.7693038508296 10.19057301431894 124.282436825335 56.38578106462955 153.8941222056746 36.14253617823124 197.5106146857142 166.1432180553675 83.91232597827911 97.54595099389553 1.235968448221684 0.1053773909807205 0.1350151896476746 0 0 0 0 0 0 0 0 0 2.740385681390762 0 0 0 0 1.042320743203163 0 4.48603568226099 10.51310426741838 0.1383152157068253 0 0 27.3484415486455 2.261508710682392 32.03747802227736 3.439574636518955 0.2253981530666351 0 0.1035785898566246 0 0 0 0.1166023388504982 0 1.533877044916153 1.964520037174225 0 0.2986114621162415 0 2.119459174573421 0.1899625808000565 0.5989808365702629 0.1489337384700775 0.09012272208929062 5.647145360708237 4.568030618131161 0.8122125566005707 0.1038935631513596 0 12.00470952689648 0.2570801228284836 0.3818020075559616 0.68537687510252 0 0 0 0 0 0 66.95653493702412 6.515521734952927 0.3562841862440109 0 0.1742197424173355 27.60227855294943 0 2.364507421851158 1.081509493291378 2.340179532766342 2.733181342482567 0.1189755797386169 1.296665579080582 0.1201923862099648 0 0 0.2229564189910889 0 0 0.0993674248456955 0 194.8985782638192 10.35400972515345 3.599005445837975 449.0793166011572 16.293929874897 140.613604195416 62.94460162520409 309.6182778179646 8.446330815553665 4.298889309167862 11.16685005277395 70.29173659533262 0 16.33443223685026 2.867989718914032 75.1493032425642 3.796894676983356 0 0.221040353178978 1.101770490407944 0.1906708776950836 421.9805645495653 93.87925644218922
610.1571733132005 2707.141145691276 519.7161935195327 1305.136053115129 2025.622088372707 71.87828397750854 1062.357745319605 147.5280279517174 779.0444152951241 6195.066968791187 1001.695073656738 1126.733391515911 396.883196786046 3448.785567156971 38.79428321868181 24.7039991915226 3.47034552693367 0.4272278845310211 0 0.9020714312791824 1.426746495068073 0.6727790087461472 0.1348110288381577 0.2075193375349045 5.985748782753944 0.4702112972736359 0 0.6288092285394669 1.924463659524918 0.347211629152298 198.9455632716417 25.73411183059216 194.8239698708057 0 0.1568682491779327 2.653961271047592 263.0424293726683 33.35205715894699 222.6135983690619 11.53893350809813 3.602429270744324 0.134754940867424 0.9607404172420502 2.150634355843067 0.1701010018587112 0.1940871104598045 58.5356097817421 0.3875832334160805 0 0.4033718258142471 0 0.6380288675427437 29.32639352977276 0.3725838214159012 1.654124051332474 0.557000070810318 19.51263097673655 49.2599228322506 8.650332801043987 8.796529062092304 1.764222271740437 16.36186016350985 0.3779175132513046 32.56413407623768 0.6987607181072235 2.186984203755856 0.438505083322525 0.5776295810937881 0.8521895706653595 3.307275824248791 220.6001441031694 8.984516732394695 0.7070177122950554 40.72844363003969 28.01412450522184 31.62383767217398 20.42336361855268 3.700239688158035 0 38.88564257323742 0.2979388982057571 5.113948367536068 1.01358050853014 0 0.2689418122172356 0.9449791461229324 0.2561433538794518 0 0 0.2502446100115776 0 0 2.900503717362881 0.2569940909743309 0.4203305542469025 1038.455938950181 33.00559760630131 0.713393822312355 134.4982955306768 113.3219197019935 6.916717059910297 7.2986790984869 13.50185975432396 6.868704125285149 42.50157066434622 148.11102283746 12.60436453670263 155.1424179673195 90.15831396728754 170.3785431981087 43.49228931218386 229.6419362649322 196.2998586967587 106.2191470265388 111.5360877141356 1.314732261002064 0.4455896615982056 0 0.1224700659513474 0 0 0 0 0 0.09482292085886002 0 0.1219272911548615 0.5181965082883835 0 0.135811373591423 0 0.2236701399087906 0.4153728187084198 1.058860182762146 6.523479290306568 12.90098545700312 0 1.227741420269012 0 31.24474504590034 5.288564786314964 37.47489579766989 5.246397770941257 2.545193158090115 0 0 0 0 0.08308544754981995 0.4059693217277527 0 1.318130850791931 2.22004522383213 0.1095609590411186 0 0.1963022798299789 2.906770944595337 0 0.1142459437251091 0.649265930056572 0 4.539540112018585 6.617285557091236 0.739587813615799 0 0.1228897199034691 15.12208934128284 1.425598308444023 0.3659011721611023 1.642737731337547 0 0 0 0 0 0.125641793012619 71.13702613860369 9.285663940012455 0 0 0.1350522041320801 22.48479091376066 0 1.724631935358047 2.776783220469952 5.535716518759727 2.025993853807449 0.918216273188591 1.672812536358833 0.1697254329919815 0 0.1159265711903572 0 0 0 0.09204012155532837 0 203.7392851635814 9.822944954037666 9.785899192094803 471.0069676190615 15.89095454663038 188.1662800759077 80.17381458729506 396.4121335223317 10.43544439971447 0.8262602314352989 18.99623028188944 88.48674168437719 0.8174748346209526 16.11028600484133 4.419439986348152 102.9727809727192 1.485359683632851 0 0.09857330471277237 0.2609410583972931 0.8818423748016357 316.1236712783575 67.81188813596964
429.5998503044248 2536.424749277532 2990.656620770693 14.18751569092274 1404.319089405239 14.88894581794739 602.27259978652 1424.608047477901 369.094408929348 666.7688657045364 1549.695193164051 879.9804878681898 3448.785567156971 498.6248791888356 27.93422291427851 12.53690924495459 1.632266484200954 0.2186807245016098 0.1113325282931328 0.2313694432377815 0.9195796102285385 0.4437687397003174 0 0 3.419044531881809 0.2446418553590775 2.479669868946075 0.3079811483621597 1.591756880283356 0 563.6820610761642 51.59232814610004 510.2392433583736 0.1333872973918915 0.4726310521364212 6.756935022771358 874.5055766627192 108.5607382506132 453.0262643247843 21.52916730195284 3.576290093362331 0 0.7645863220095634 0.6618170589208603 0.09251721948385239 0.1070238873362541 54.3452762439847 0.2697792872786522 0.4278428554534912 0.546820767223835 0.207222156226635 1.267467476427555 36.38441843539476 1.056989140808582 1.734652504324913 1.23186706751585 18.33833408355713 53.74394485354424 6.295793294906616 9.015535771846771 1.868657149374485 60.82046987116337 0.3363330662250519 39.07327657938004 0.730676956474781 2.042339332401752 0.4003913700580597 0.4315263032913208 0.8217533454298973 1.903289072215557 582.2468452751637 7.111113674938679 0.2145354449748993 43.44123643636703 29.91292300820351 30.17330928146839 15.09377827495337 2.099503114819527 7.416561380028725 92.88769816607237 0 108.3404888361692 3.624303832650185 0.4867758005857468 0.2482750788331032 0.2645339071750641 0.2682466804981232 0.1629822552204132 0.09426335990428925 0 0 0 2.896525181829929 0.5551935434341431 0 312.0572511851788 26.7017555385828 1.049848824739456 316.7130368575454 102.6746924519539 5.077227763831615 2.542241588234901 8.401132680475712 2.26380555331707 14.53747701644897 130.2791117429733 6.597930118441582 70.91935972124338 33.74623376131058 72.2713753208518 26.30167930573225 122.1339523419738 102.9154364019632 49.10783578455448 58.76507707685232 3.279087863862514 1.596207894384861 0 0.3765312731266022 0 0 0 0.1164195761084557 0 0 0 0 2.045179203152657 0 0 0 0.6058310866355896 0 0.1348685473203659 1.461437977850437 6.206283375620842 0 0.1160193458199501 0 16.24535030126572 1.50386194139719 25.81958248466253 3.604286536574364 0.7934980168938637 0.2760519087314606 0.2643390595912933 0 0 0 1.688371062278748 0 0.609404131770134 1.055450282990932 0 0 0 1.535625092685223 0.1086117699742317 0 0.6301820278167725 0 6.55311656743288 1.629001572728157 0.4732267484068871 0 0.09696584939956665 8.525980189442635 1.507032282650471 0.3658336848020554 0.492994487285614 0 0 0.4390599802136421 0 0 0.1327776461839676 46.12124654650688 3.442080669105053 0.3451821655035019 0 0 15.00328187644482 0.1095020845532417 2.002757638692856 0.5382048636674881 2.633515484631062 0.2598176747560501 0.5225687325000763 0.3279547989368439 0 0 0 0 0.08009699732065201 0 0 0 103.7763256877661 6.448193028569221 5.080376051366329 347.9607856050134 15.90888341516256 148.9162715524435 56.50789092481136 117.7580862566829 9.262136474251747 1.485295630991459 13.42593976855278 40.79738005250692 0 11.38291984051466 2.177065663039684 43.09020540863276 1.769924588501453 0 0.2003160119056702 0.7668504863977432 0.6866116523742676 92.69181607663631 35.27541216462851
