337.6922026574612 1534.494732998312 68.51360242068768 1077.839765973389 54.45597422122955 84.254574239254 752.3733708187938 109.8458727523685 23.31626409292221 1964.578546658158 203.4248037859797 647.0751288086176 394.8193765804172 377.7791727259755 3.091017805039883 1.377089135348797 0 0.2542201057076454 0 0.3756421133875847 0.5374982804059982 0.9370722025632858 0.4833699315786362 1.205680504441261 0.2805646806955338 2.647693380713463 1.165378510951996 0.9229358285665512 0.2623699009418488 0.9661872163414955 457.6437621414661 0.7105144783854485 20.14947370439768 0 0.4734145849943161 0 17.32834677398205 3.330488689243793 3.829135097563267 0.1521932631731033 1.829091906547546 1.104778856039047 1.109031736850739 0 0 0.1050571128726006 13.86304911226034 2.222610116004944 0 0.8261983096599579 3.088877208530903 0.3288958817720413 0.4223759695887566 3.242977157235146 0.3833220452070236 1.230754591524601 324.4119983837008 435.4266495853662 5.572513394057751 4.521250665187836 0.6610792204737663 4.25937294960022 0 17.60308692604303 2.172941260039806 0.4467429369688034 1.100308172404766 1.577938482165337 1.951737068593502 5.188424974679947 26.51874805986881 6.91449835896492 1.270199030637741 202.7740572020411 34.16429834067822 12.62107969075441 1.426292859017849 0.7880206108093262 1.857213564217091 79.52161421626806 0.1967367082834244 12.53077893704176 5.455052822828293 0.1473462730646133 0.7735390812158585 2.099023424088955 0.6208931803703308 0.1459901630878448 0.7530930787324905 0.4223520159721375 0.150870680809021 0.3081400841474533 13.55569460242987 0.7718222290277481 0.7939163967967033 125.7927886098623 10.33978700637817 5.275659576058388 1.916740596294403 840.1396684274077 0 0.1675015240907669 0 0 0 1.483459241688251 0 3.952411606907845 2.047016888856888 0.5348814874887466 0.158221110701561 2.178847558796406 5.808131985366344 1.726886779069901 1.264937087893486 0.08282338827848434 0.1846983581781387 0 0 0 0 0 0 0 0 0 0 0 0 0 0 0 0 0 0 0 0 0 0 0.4791429042816162 0.2260251492261887 0.4411488622426987 0.187014564871788 0 0 0 0 0 0 0 0 0 0 0 0 0 0 0.1321193426847458 0 0 0 0 0 0 0 0.1374291628599167 0.4436195567250252 0 0 0 0 0 0 0 0 0 2.124033197760582 0 0 0 0 0.8318629860877991 0.544025644659996 0 0 0 0 0 0.3736014440655708 0 0 0 0 0 0.1732934415340424 0 0 1.142379894852638 2.058517932891846 0.4607153087854385 89.08646254986525 3.77477540820837 78.97232715785503 14.79289174824953 405.0292746052146 1.826187871396542 4.467467159032822 0.4127519577741623 5.476021535694599 0 2.294043213129044 0.1465156823396683 6.221291154623032 0.4309088438749313 0 0 0.9001655802130699 0 183.5235524773598 6.998412884771824
1534.494732998312 2421.795077256858 1368.535221002996 440.8452429398894 1858.746993646026 108.1754941567779 1707.705333270133 513.2367198616266 713.8913211598992 730.8863560333848 1847.053675979376 137.0157439932227 1006.426073104143 2100.970594391227 45.13292797654867 3.876875042915344 0.959530383348465 1.26454896479845 0 0.8706825897097588 0.5413092821836472 0.5242285281419754 0.6158705353736877 2.286956116557121 0.7664250209927559 2.464781954884529 1.230635441839695 1.224109627306461 0.5719667971134186 1.369110018014908 991.2660808712244 10.50676287710667 45.7546673938632 0.2394926697015762 0.8755638599395752 0.3349058479070663 29.31047782301903 6.657626338303089 5.290493197739124 0.1411291360855103 3.100128419697285 0.9019961953163147 0.5916619598865509 0.5345816984772682 0 0 94.59411755204201 12.28796029090881 1.152664668858051 0.7399444356560707 6.928416959941387 1.216515243053436 0.5069779902696609 5.685795240104198 5.541595235466957 3.879452787339687 474.7297477796674 686.8924336507916 26.751494795084 65.49585857987404 0.3353488072752953 6.035054117441177 0.08193831145763397 158.3190982043743 5.776738204061985 3.807051479816437 6.193939581513405 4.161576256155968 4.838369652628899 5.691596060991287 40.8543369024992 3.43119440227747 1.161195605993271 623.2748914957047 318.5184827744961 185.2103760838509 14.81590592116117 1.537910491228104 1.45007911324501 171.1615139096975 0.6159059628844261 9.508148290216923 27.69444890320301 0.1717982888221741 5.111810572445393 6.578745111823082 1.237402431666851 0.5595412850379944 2.991715833544731 0.7547623291611671 1.866602398455143 0.5899439305067062 15.50939980149269 4.56290290504694 1.781943775713444 94.2725028693676 7.375120900571346 7.453902691602707 5.932932659983635 942.154914483428 0.1772647649049759 1.302165724337101 4.214982874691486 0.1466271132230759 0 10.64994981139898 1.762356318533421 7.867717042565346 13.94407310336828 7.030854485929012 2.391111254692078 14.32153240591288 38.01682514697313 17.85538613796234 11.53304262459278 0 0.515143558382988 0 0 0 0 0 0.1015499979257584 0 0 0.1258361339569092 0 0 0 0.5672890320420265 0.1025614589452744 0.4934806674718857 0.2341443672776222 0 0.6166135966777802 0.607686460018158 0 0.319694459438324 0.5708158612251282 2.104163773357868 0.6880210340023041 4.304000496864319 0.2817352861166 0.111275240778923 0 0 0 0 0.1909729018807411 0.4334027394652367 0 0 0 0 0 0.07743730396032333 0 0.3841037154197693 0 0 0.3247636556625366 0 0.7100030183792114 0.1438422352075577 0.7039132714271545 0.9470147117972374 8.159667909145355 1.048907846212387 0 0.1913580819964409 0 0 0.09510477632284164 0.3153486177325249 0.1727069839835167 0.1302726417779922 13.87783834338188 0 0 0 0.596362829208374 4.591311350464821 0.9060367867350578 4.648472279310226 0.1424178332090378 0 0.2598584890365601 0.09787895530462265 0 0.1204843297600746 0 0 0.1020477414131165 0.1836625561118126 0.2311161309480667 0.08507221192121506 0 8.94914822280407 1.926409907639027 1.266765169799328 535.5942147150636 13.51905524730682 479.3691683411598 70.42507446557283 560.2352413982153 26.10624226927757 7.646634951233864 12.35835874825716 34.7188384309411 0.1313067376613617 4.489704169332981 1.595623776316643 29.82792370021343 0.1047208234667778 0.7667666152119637 0.1716573983430862 23.98319854587317 1.294631525874138 342.9146700799465 27.18049732595682
68.51360242068768 1368.535221002996 1652.09245981276 6.454466246068478 538.3195764645934 1.680358529090881 144.5531529560685 3771.663535274565 253.8036809265614 23.21957083046436 2464.234984084964 14.84903705865145 153.0667795538902 1210.531006842852 5.498679079115391 1.526296377182007 0.1268903166055679 1.150915138423443 0 1.185512073338032 10.10278376191854 4.441670000553131 2.831664204597473 5.672990038990974 2.969067521393299 12.14753115177155 8.785123400390148 6.631395436823368 0.6971718072891235 4.300759226083755 6237.198064133525 623.0491976588964 54.27257180213928 0.1147971227765083 4.037859663367271 1.750667080283165 33.17064238339663 12.00619143992662 7.963482983410358 1.061989411711693 19.19011002779007 9.209601193666458 0.855975016951561 0.1372060775756836 0 0.2060667425394058 7.810866698622704 0.7482468113303185 0.7321022599935532 0.858135461807251 7.346103243529797 0.295285552740097 0 11.09816497564316 0.4958657771348953 1.46138983219862 116.5513197034597 433.7111869975924 1.379318207502365 5.028112798929214 5.387602984905243 25.18704778701067 0.1351825445890427 949.6608833745122 0.4330528900027275 0.8417376652359962 3.078538611531258 5.534233264625072 11.18782883137465 49.05663173645735 24.52624796330929 0.4477532505989075 0 75.7452080026269 142.7377411201596 16.42959091812372 3.50683830678463 0.4459858164191246 57.19308430701494 724.8171084970236 2.028556652367115 170.9618320986629 1.860965244472027 0 0.2464536651968956 2.007856152951717 0.2101245820522308 0.08956333249807358 0.1980132609605789 0 0.1802256256341934 0.3284622952342033 77.73236612230539 6.041083253920078 0.9740916416049004 8.43524082750082 1.294066965579987 0 5.318294867873192 126.1523542776704 0 0 0 0 0 0 0 0 0.1821883171796799 0.237641230225563 0.1338058710098267 0.2782616317272186 1.0484728962183 1.203047335147858 0.7395633533596992 0 0 0 0 0 0 0 0 0 0 0.5313403531908989 0 0 0 0 0.349353089928627 0 0.1387481838464737 0 0 0 0 0 0 0.473387286067009 0.1023929044604301 0.2858864217996597 0.113500103354454 0.08216305077075958 0.134034663438797 0 0 0.9312276840209961 0 0 0 0 0.1000723987817764 0 0 0 0 0.9159166663885117 0 0 0 0 0 0 0 0.2504637017846107 0.3696714267134666 0 0 0 0 0.08845803886651993 0 0 0 0 1.275916695594788 0 0.1527100801467896 0.1022266298532486 0.1365438550710678 0.203106477856636 0.1123324558138847 0.662358246743679 0 0 0.07833912223577499 0 0 0 0 0 0 0.0937279537320137 0 0 0 0.5179842039942741 0.1338541358709335 0.1628346517682076 30.70147371292114 1.587472878396511 37.31517571955919 8.942848414182663 35.85394591093063 1.595347084105015 1.414339184761047 0.9387350380420685 1.50192266702652 0 0.2710541263222694 0 1.62592027336359 0.2345505058765411 0.1332309544086456 0 0.3454043865203857 0.3195837438106537 15.92454349249601 2.713236227631569
1077.839765973389 440.8452429398894 6.454466246068478 194.4883690327406 21.31066602468491 150.2274228334427 1386.871299110353 0.2428418695926666 11.22529165446758 2344.647292338312 1.794956050813198 1088.880819037557 1179.855006784201 113.0287005975842 2.235423557460308 0.2141394838690758 0 0.09470095485448837 0 0 0 0.4556718468666077 0 0 0 0 0 0.09828745573759079 0 0 41.94990006089211 0.1463542133569717 5.372729785740376 0 0 0 1.413188196718693 0.3138632848858833 0.9960995092988014 0.1185001730918884 0 0 0.1031472459435463 0 0 0 8.378097370266914 1.34950065612793 0.2023491933941841 0.1802630573511124 0.5518968477845192 1.133520931005478 0.2926790565252304 0.5435360819101334 1.081889167428017 0.7650404423475266 82.3073912113905 83.82988647371531 3.245957754552364 3.350214146077633 0 0.3722036182880402 0 9.659890525043011 0.9548921510577202 0.5120346397161484 0.3977582231163979 0.398592472076416 0 0.2074971497058868 10.31841177493334 6.350761145353317 0.4561756551265717 79.11958712339401 21.43379988521338 11.05313691496849 0.4988783821463585 0.09848658740520477 0 1.994386322796345 0.2080809324979782 0.5476580262184143 4.089980982244015 0.1782375425100327 0.3834897801280022 0.1959132850170135 0.1011755764484406 0.7798366546630859 0.2624338269233704 0.6071198880672455 0.2674476504325867 0.7496049329638481 0 0.1971386447548866 0.4288516491651535 106.2312727123499 9.425663277506828 6.25728240609169 1.406812354922295 750.5849681273103 0 0.1792992800474167 0.6597801223397255 0.159722775220871 0.1568829119205475 3.962111011147499 1.453280739486217 1.436662629246712 4.838231027126312 4.024365738034248 1.379090517759323 5.196611076593399 16.70893964916468 4.351088851690292 3.456060491502285 0 0 0 0 0 0 0 0 0 0 0 0 0 0 0 0 0 0.308381624519825 0 0 0.1486884504556656 0 0 0 0.2530734986066818 0 1.251835778355598 0 0 0 0 0 0 0 0 0 0 0 0 0 0 0 0 0.3946291506290436 0 0 0 0 0 0.1315971314907074 0 2.557699911296368 0 0 0 0 0 0 0 0 0 2.418432280421257 0.1628238409757614 0 0.08728510141372681 0 1.530063889920712 0.08993706107139587 1.498783990740776 0 0 0 0 0 0 0 0 0 0 0 0 0 3.943087697029114 0.3566732034087181 0.3825177699327469 76.00000593811274 1.599017530679703 44.01646620035172 4.097075514495373 289.6134539023042 0.9826512932777405 1.530285507440567 0.5681410655379295 8.543362021446228 0 0.5306908190250397 0.6380087435245514 11.9090877622366 0 0.2164938300848007 0 1.567806102335453 0 181.4608375802636 11.18643508851528
54.45597422122955 1858.746993646026 538.3195764645934 21.31066602468491 2228.084099650383 4.342194348573685 3208.890868276358 337.6961196288466 2830.239934973419 289.0602716580033 1881.964380398393 71.08809026330709 1341.517413385212 1722.238754712045 44.2540417984128 3.801064632833004 1.311711855232716 0.105762854218483 0.1157616823911667 0.09734487533569336 0.148237556219101 0 0 0.1041222810745239 0.1057835966348648 0.3414642214775085 0 0.6647099107503891 0 0 202.4091663211584 12.08585421741009 6.923308908939362 0 0 0.09068111330270767 2.98370249569416 0.1469160467386246 0.6060704067349434 0.1861057281494141 0 0.09243432432413101 0 0 0.11045241355896 0 74.87222991883755 2.990255072712898 0.2115498036146164 0.4215813353657722 2.414970315992832 0.1983808577060699 0 0.4688511192798615 1.099191449582577 1.6901860460639 98.36159137636423 145.452215783298 14.66295743733644 51.18698866665363 0.3676921129226685 0.885511077940464 0 83.5959015712142 1.875619858503342 1.025026217103004 1.74939326196909 1.40113215893507 0.4022800698876381 0.2260504439473152 13.79211573302746 0.3673248961567879 0.09679562598466873 191.3594991341233 133.7436990216374 144.5540329217911 19.24511508643627 1.320278786122799 0.2960375472903252 10.11384123563766 0.1943714171648026 0.8519887328147888 10.35725402832031 0 1.197196163237095 1.643167838454247 1.587943486869335 0.208145372569561 0.8072442263364792 0.09665866196155548 0.9890652447938919 0.2393520176410675 0.8917619436979294 0.309625431895256 0.2283048927783966 32.12292706221342 4.122769318521023 0.5788038522005081 0.9583455771207809 31.0780885964632 0.1539466679096222 1.016155324876308 1.570168912410736 0.131853461265564 0 6.18115271627903 0.3155231475830078 5.864807225763798 12.17167700082064 5.724028401076794 2.789898872375488 9.333926670253277 39.11897582560778 13.54919052124023 18.18994151800871 0.2655921876430511 0.44015833735466 0 0 0 0 0 0 0 0 0 0 0.316922664642334 0 0 0 0 0 0 0.7795981764793396 1.245725050568581 0 0.7230594381690025 0 3.498584307730198 0.2597092986106873 4.997986197471619 0.2981412634253502 0.2912374958395958 0 0.2882134020328522 0 0 0.2802887558937073 0.2364335060119629 0 0.4241859614849091 0.1916327178478241 0 0 0 0 0 0.2806839644908905 0 0 0.7837068736553192 0.5989605188369751 0 0.5269625335931778 0.2109701633453369 12.77631827443838 0.683775007724762 0 0.6971055865287781 0 0 0 0 0 0 21.27356138825417 0.1059292107820511 0 0 0.1619789749383926 10.66570890694857 5.718444898724556 11.86678770184517 0.8802695497870445 0 0.1153101846575737 0 0.1313070356845856 0.08749681711196899 0 0 0 0.175690196454525 0 0 0 13.34834410995245 3.475738771259785 3.648075483739376 338.8657719790936 8.605332605540752 282.3488463535905 44.35465478152037 31.62943231314421 22.21380876004696 1.413124084472656 9.460627637803555 26.0919705927372 0 2.642831787467003 2.150648035109043 18.29413508623838 0.1426611840724945 0.4262335598468781 0 17.35332093387842 0.6426980346441269 74.72452890127897 31.56432443857193
84.254574239254 108.1754941567779 1.680358529090881 150.2274228334427 4.342194348573685 9.438726603984833 80.47035427391529 3.787441454827785 2.844629853963852 582.452523201704 3.469697520136833 246.8596254140139 152.9715964794159 42.38262172043324 4.27172327786684 6.112222172319889 0 0 0 0 0.1622551381587982 3.894206918776035 0 0 0 0 0.113213799893856 0 0 0 7.067542135715485 0.8777333870530128 22.49067994952202 0 0 0.1782419085502625 28.71265283972025 3.127466388046741 7.325427651405334 0 0 0.1035183668136597 0.2561308518052101 0.2767887637019157 0 0 5.611787773668766 0.5199860334396362 0 0.8559626042842865 1.96011159569025 18.54819232225418 4.376257658004761 1.779959134757519 0.3143334686756134 2.497976779937744 97.82798182219267 32.31109175831079 2.106976211071014 1.831964939832687 1.054546892642975 10.85815224051476 0.2532848566770554 3.512947790324688 0 0.2578039616346359 0.3426813781261444 1.097903802990913 0.430526040494442 0.307614877820015 160.6726152971387 86.78930930793285 12.06610411405563 16.45433402061462 7.423575446009636 5.753547608852386 2.842234916985035 1.993723563849926 0.84557244181633 28.71768727898598 0.5438882485032082 14.89197774231434 0.8949987888336182 1.817408829927444 0.3417228981852531 2.016576305031776 1.471033975481987 6.569341242313385 3.913441702723503 10.08548121154308 2.392489612102509 5.851890310645103 0.4197533428668976 0.7062572091817856 2.767819136381149 347.826223731041 279.7945141270757 139.6131993532181 25.30393155664206 185.7744839191437 0 0.1806299686431885 0 0 0 0.3567184209823608 0 0.4337112307548523 0.8917757719755173 0 0.1553114652633667 0.3464430719614029 0.8324026390910149 1.807428404688835 0.5159730315208435 0 0 0 0 0 0 0.1243664845824242 0 0 0 0 0 0 0.1200572550296783 0.2239076495170593 0 0 0.1139903590083122 0.1104626134037971 0 0 0 0 0 0.1109286025166512 0 0.2059633880853653 0.1722473278641701 0.2166744992136955 0 0 0 0 0 0 0 0.3433747589588165 0 0 0 0 0.3552560582756996 0 0 0 0 0 0 0 0.08169353753328323 0.1815187186002731 0.1381416916847229 0 0 0 0 0 0.08785586804151535 0 0.1073610559105873 0 0.6557098180055618 0.3685132414102554 0.1664917916059494 0.1200376972556114 0.2924342602491379 0 0.3599185645580292 0.1629050821065903 0 0 0 0 0 0 0 0 0 0.3745215386152267 0.1171095818281174 0 0 1.557942152023315 0.1075017899274826 0.09711137413978577 41.51892930269241 1.392659440636635 16.6715669631958 5.194677919149399 77.33132675290108 0.2392353713512421 1.245405375957489 0.1985375434160233 2.085769593715668 0 0 0 0.3111909627914429 0 0 0 1.581071317195892 0 62.12545136362314 3.214454971253872
752.3733708187938 1707.705333270133 144.5531529560685 1386.871299110353 3208.890868276358 80.47035427391529 688.650134190917 7.360345341265202 1524.707539431751 1513.57002145052 374.2645009383559 327.0050082579255 2648.617360457778 2126.589035063982 36.56962637603283 4.199721559882164 0.2115226909518242 0.1138622537255287 0.2603633925318718 0.2497202306985855 0 0.2344833612442017 0 0.1066052466630936 0 0.6859726756811142 0.1010807156562805 0 0.3491973951458931 0.08191122114658356 104.3455039411783 4.051805339753628 9.90322507172823 0.081953264772892 0 0 7.537752285599709 1.626752845942974 0.926176555454731 0.1115586534142494 0.0908694788813591 0.6176214665174484 0.2492375671863556 0.1832014843821526 0 0.1249866634607315 78.9560806453228 5.421837329864502 0.359034538269043 0.2046212032437325 1.707423843443394 0.9792956784367561 0.4905263632535934 1.114776872098446 1.783406622707844 0.9423508197069168 133.4895472973585 172.3028181567788 14.38558609783649 42.40091929584742 0.1705312132835388 0.7427350580692291 0.1057256162166595 70.1125603094697 1.790544204413891 1.859262377023697 2.569909922778606 2.14910651743412 0.3909667581319809 0.2418647259473801 30.64754669368267 7.207467555999756 1.031176812946796 250.6206718683243 132.5710575282574 124.3720571324229 16.61712991446257 1.581204831600189 0.5185087770223618 11.56391459703445 0.4741259515285492 1.413231939077377 11.58325975388288 0.2749595046043396 1.000415809452534 1.599306352436543 1.117890663444996 0.4675503969192505 1.20128907263279 0.2455224990844727 1.084397532045841 0.2645292356610298 1.231599561870098 0.2020751759409904 0.4392536580562592 182.3530810549855 15.22118795663118 5.741344109177589 1.686974696815014 130.9806579947472 1.313313171267509 6.40369138866663 30.47094178199768 3.711350776255131 0.7938741743564606 48.74050528556108 6.023871392011642 16.78066275268793 54.60518258810043 27.64295582473278 11.77110043168068 40.30899364501238 137.0306373983622 52.08032815903425 51.29683917015791 0.1473017483949661 0.6516976654529572 0 0 0 0 0 0.1040377840399742 0 0 0 0 0.2710952162742615 0.1832090616226196 0.8957714587450027 0 0 0 0.2551524639129639 2.488175466656685 2.101605430245399 0 0.5545706823468208 0.575104683637619 13.75801931321621 2.396705567836761 15.43710480630398 0.3976583331823349 0 0 0.5815186500549316 0 0.1105406209826469 0.7271210625767708 0.3509576767683029 0 1.3378521874547 0.9110163077712059 0 0 0 0.6382800042629242 0.1827348619699478 0.3052965402603149 0.2126619294285774 0.119174525141716 0.4972899854183197 0.7984171211719513 1.296946689486504 1.889516115188599 3.635912224650383 36.64706532657146 1.261334732174873 0.2285769134759903 0.1126552149653435 0 0 0.07734120637178421 0.09099464118480682 0 0 52.7417211458087 0.2450698912143707 0.07964430004358292 0.1959612965583801 0.4617018848657608 36.55506450682878 10.6405760422349 28.85370156168938 1.379672892391682 0.1153426915407181 0 0 0.2578953504562378 0.1339289098978043 0 0 0 0.3094029948115349 0 0.4169619306921959 0 45.15059665590525 10.03530929982662 6.670041970908642 578.9428666830063 7.215576156973839 336.8322186097503 57.19145101308823 205.8042215406895 23.56800824403763 4.353498786687851 13.57696574181318 99.85941811650991 0.3496166467666626 12.61587496846914 4.034292407333851 88.0110686570406 1.88170750439167 0 0.8584398031234741 20.54034349322319 3.017359837889671 429.1482253596187 118.8686641901731
109.8458727523685 513.2367198616266 3771.663535274565 0.2428418695926666 337.6961196288466 3.787441454827785 7.360345341265202 2656.159661643207 201.15331633389 2.490484513342381 2049.094658464193 4.055168062448502 42.14045452326536 787.5787460431457 12.93605058640242 4.433764815330505 1.392048105597496 3.49329000711441 0 7.003562442958355 35.81202377378941 4.967373445630074 13.33145685493946 16.82676643878222 6.994638003408909 47.50087577104568 17.09687449038029 13.68362364917994 0.3943431079387665 10.2177118062973 2624.926544517279 1754.798583224416 215.4003115519881 0.1137488558888435 12.64090287685394 6.989916928112507 94.1663623303175 40.73673339188099 26.87207286804914 2.859802685678005 58.59472209215164 34.31592811644077 6.992364332079887 3.642204225063324 0 2.006412863731384 23.3449779227376 2.360152043402195 1.518082246184349 5.015286952257156 28.65075400471687 2.987233899533749 0.1227328106760979 26.05513957887888 0.5894803628325462 1.810188211500645 71.70220216363668 216.9300098270178 2.829627141356468 8.491413034498692 94.64680818468332 153.1755550950766 3.142271280288696 460.0451847910881 0.8363679572939873 3.299415931105614 5.518333271145821 15.04385014623404 38.89614968746901 154.4575806036592 59.08861005306244 0.5535723194479942 0 64.9341079518199 148.5468042865396 41.97243670374155 76.67734938114882 123.891227722168 1647.649022169411 4335.115831419826 98.44713118672371 2113.14774158597 1.536357261240482 0 0.4065231531858444 3.95875571668148 1.727188818156719 0 0.4971941635012627 0.2330065220594406 0.834200955927372 0.3047313690185547 240.6629724651575 28.01097573339939 5.990522615611553 19.40994630753994 4.796350583434105 0.4558472633361816 14.01777864992619 91.62664300948381 0 0 0 0 0 0 0 0.1309671550989151 0.8319523632526398 0.1245170757174492 0.1763339936733246 0.4959856867790222 1.235973224043846 1.387881711125374 0.8884315863251686 0 0 0 0 0 0 0 0.1257762908935547 0 0.2538372874259949 1.48863197863102 0 0.2003844678401947 0 0 1.364655219018459 0 0.987809456884861 0.1122303530573845 0 0.06779001653194427 0 0.3617381900548935 0 1.895253174006939 1.156526803970337 0.8068199753761292 0.06929098814725876 0 1.132813185453415 0.5315065979957581 0 0 0.3268903344869614 0.2297322079539299 0 0 0 0 0 0.1887896209955215 0.1401430368423462 1.813480772078037 0 0.1097739934921265 0 0.1796045154333115 0.2504540681838989 0 0.5591375529766083 1.211567111313343 4.820657797157764 0.0948285311460495 0 0 0 0.09516247361898422 0 0 0 0.3912923634052277 3.487090222537518 0.2067526951432228 0.1313280314207077 0.2223319932818413 0.2953265160322189 1.311799973249435 1.025740318000317 1.483569383621216 0.4349721595644951 0 0.179773360490799 0 0.07768777757883072 0 0.1483742743730545 0 0 0.2688252404332161 0.1744155585765839 0.1139839142560959 0.1330950707197189 1.810763597488403 0.998357392847538 1.557043433189392 50.1653271690011 3.897452883422375 71.19250649213791 21.64483574777842 8.189616344869137 2.303932555019855 0.6596150398254395 0.6424611881375313 3.065544344484806 0.1201592236757278 1.853096805512905 0.5901064500212669 0.7957749292254448 0.153792604804039 0 0.4980515688657761 6.606672927737236 1.1326664686203 10.98060064762831 5.369559153914452
23.31626409292221 713.8913211598992 253.8036809265614 11.22529165446758 2830.239934973419 2.844629853963852 1524.707539431751 201.15331633389 856.5818334370852 104.4364060610533 998.004164531827 25.44786548614502 1374.668672673404 1891.837510898709 20.08377409726381 3.89358052611351 0.3558329194784164 0.1077187731862068 0 0 0 0 0 0 0 0 0.1472459435462952 0.3468433022499084 0.5078618079423904 0 56.40150182694197 6.307944349944592 5.293320901691914 0 0 0 3.224836058914661 0.4433193057775497 0.1427664309740067 0 0 0.4378191456198692 0.08820279687643051 0.3342095240950584 0.09251787513494492 0 37.45431187748909 1.366759315133095 0 0.1980985254049301 0.5958025455474854 0 0.23888298869133 0 0.6365217566490173 0.7987900599837303 28.66270560026169 38.96210765838623 3.33808920532465 20.35424757003784 0 0.2951882779598236 0 27.34517110139132 0.8494638279080391 0.7551599517464638 0.8605106249451637 0.2974465191364288 0.195636935532093 0 10.7774633616209 0.1618069708347321 0 71.65084060281515 46.21353856474161 68.43311523646116 15.34791015833616 1.650388516485691 0.6363669037818909 90.51536467671394 0.09011851996183395 0.8463723957538605 2.672303378582001 0 0.3142288252711296 0.3834662139415741 0.1108592376112938 0 0.1072841435670853 0.1742602363228798 0.3233111724257469 0 0.5325924009084702 0.2022283002734184 0.08514244854450226 38.56517541408539 1.684420466423035 0.3704600632190704 0.5091161727905273 8.534782849252224 0.7546041905879974 0.5203229337930679 1.480084769427776 0.7743523418903351 0.5138708800077438 6.331839941442013 2.242206588387489 4.996533378958702 13.48341036587954 5.275035589933395 1.179489433765411 11.21383710205555 31.68851785361767 11.61150205880404 18.13935504108667 0 0.3401446416974068 0 0 0 0 0 0.1600110083818436 0 0 0 0 0.1225362867116928 0.1316080540418625 0.4690921604633331 0 0 0.08492757380008698 0.1266044229269028 1.565610870718956 0.4945148006081581 0 0.7887030988931656 0 3.853002764284611 1.941822469234467 5.120511971414089 0.6029882431030273 0 0 0 0 0 1.014930039644241 0 0 0 0.4600226283073425 0 0 0 0.1190164461731911 0.3750188648700714 0 0 0.1861559301614761 0.3617246598005295 0.6745920181274414 0 0.7553763389587402 1.122092694044113 15.80001831799746 0.6578274965286255 0 0 0 0 0 0.100765161216259 0 0 15.88696397095919 0 0 0 0.1423406898975372 10.28865043073893 4.140676513314247 11.83753015100956 1.087992772459984 0 0.1525617688894272 0.5109975934028625 0 0 0 0 0 0 0 0 0.2430470585823059 13.73873006552458 1.905788764357567 2.394153162837029 206.8687390908599 2.05195713788271 142.6494313329458 37.76306159794331 19.66800132393837 14.44451494514942 1.971855953335762 4.676362797617912 25.66908773034811 0 2.852510951459408 1.827867105603218 19.39930462092161 0.1632908135652542 0 0.1238750070333481 15.31139673292637 1.887019246816635 53.9574638530612 33.65186151862144
1964.578546658158 730.8863560333848 23.21957083046436 2344.647292338312 289.0602716580033 582.452523201704 1513.57002145052 2.490484513342381 104.4364060610533 1622.228270187974 25.35884353518486 1797.767763644457 5485.051299385726 399.3933787792921 5.934085376560688 2.509326905012131 0 0.1669687628746033 0 0.1349488794803619 0 1.596192747354507 0 0 0 0.6995788812637329 0 0 0.1251824945211411 0 23.43882113695145 0.9179838374257088 45.63954517990351 0 0 0 28.14760413020849 2.913823746144772 2.617317132651806 0.09780222177505493 0 0.5993622243404388 0 0.4311938136816025 0 0 13.99696071445942 0.6467483714222908 0.1238620728254318 0 0.9322267845273018 7.639716297388077 2.615690127015114 0.8541903793811798 0.5818621143698692 0.6738651543855667 75.8476287946105 63.85719165951014 2.389702960848808 5.459709540009499 0.9914381206035614 4.741828113794327 0.1198624297976494 10.5394776687026 0.3585329726338387 0.2510501518845558 0.1872477829456329 0.8159795254468918 0.2311695292592049 0.1039354279637337 167.156860396266 26.24158661067486 4.971557304263115 70.95319124311209 24.34662923961878 15.31142694503069 3.335103005170822 0.3401826247572899 1.174344912171364 26.22095549106598 0.1677840650081635 4.26446221768856 3.071077264845371 0.2308327406644821 0.5178809091448784 0.8645942807197571 1.391613036394119 1.673910766839981 0.7811536937952042 1.889596775174141 1.270156905055046 1.873907424509525 0 0.5905356258153915 2.25915702432394 471.0739452689886 169.8340868502855 44.97052271664143 10.43981958180666 463.2080433741212 0.7447708398103714 5.823461852967739 8.044114299118519 4.65429525077343 0.3708749264478683 39.12236554920673 6.064564563333988 17.75621222704649 82.84025675803423 65.3976791575551 8.30948793888092 55.79304146766663 180.8669385612011 52.70224191248417 42.15630946308374 0 0.2156512886285782 0 0 0 0 0 0 0 0 0.231915295124054 0.1130815744400024 0 0.2067429423332214 1.574090652167797 0.4577221423387527 0.1145531013607979 0.1629844158887863 0.4278388023376465 3.18353994935751 1.569093391299248 0 0 0 7.595097057521343 0.792214646935463 7.35498970746994 0.1854286193847656 0.4247141480445862 0 0.139795109629631 0 0 0.109642006456852 0.3096636757254601 0 1.141460746526718 0.8282672688364983 0.1458945274353027 0 0 0.2531439065933228 0.1123679876327515 0.2281821519136429 0.4905068203806877 0 2.348767101764679 0.1777210235595703 0.4448598027229309 0.1617682576179504 0.4206134676933289 20.3457400649786 0.5258432626724243 0 0 0 0 0 0 0 0 39.46613278239965 0.1532201915979385 0.2330891489982605 0 0 26.206259585917 4.177650287747383 18.28836733847857 3.405440129339695 1.1156095713377 0.2638030052185059 0 0 0 0 0 0.1755941808223724 0.1315030008554459 0.1281743347644806 0.1588799208402634 0 37.46882103383541 7.248556017875671 2.97158594429493 219.5336151048541 1.919258669018745 55.00976654887199 15.20078357309103 293.8919711336493 1.062702432274818 1.145439594984055 2.202847942709923 74.75478410720825 0 5.702872268855572 2.725736118853092 101.1368493586779 0.3553247302770615 0 0.7590218633413315 1.365061461925507 0 572.8677609935403 134.107747733593
203.4248037859797 1847.053675979376 2464.234984084964 1.794956050813198 1881.964380398393 3.469697520136833 374.2645009383559 2049.094658464193 998.004164531827 25.35884353518486 1825.961468048394 91.76127822697163 1460.904812447727 4850.996119141579 18.91674124449492 10.324457898736 0.9223418608307838 0.4763822704553604 0 0.9190764352679253 0 1.596442550420761 0 0.9799219369888306 1.869035094976425 4.90763059258461 1.645776957273483 1.734350562095642 0.5719525218009949 1.085456274449825 728.7568937912583 44.44053487479687 366.2256202623248 0 0 0.4295305162668228 143.2796784043312 18.23730239272118 21.59176535159349 1.509373724460602 2.509717658162117 3.522006824612617 0.286031574010849 0.3704901039600372 0 0 30.52344901114702 2.381980143487453 0.7517778128385544 1.773840084671974 4.101085819303989 0.3276644647121429 0 11.85045218467712 0.09546341001987457 0.4257716163992882 32.66185785084963 71.72607412189245 3.802486784756184 13.72812168300152 0.09733709692955017 14.6718741953373 0 40.23077084124088 0.6455465108156204 0.1752707809209824 0.9235793575644493 1.866440735757351 0.8025156706571579 2.542329728603363 150.2010621875525 0.1218579038977623 0 52.18891344964504 56.76145231723785 50.21361562609673 20.44633977115154 4.908912472426891 7.704076640307903 1365.933019585907 0.2742245122790337 2.746865972876549 1.707580827176571 0 0.4045895412564278 0.8181147947907448 0.3940232545137405 0 0.08930521458387375 0.08642343431711197 0.4791131913661957 0 11.32617459446192 6.600507453083992 1.080796994268894 32.3366010338068 5.232894159853458 0 16.3794407248497 51.21271538734436 0.1721402108669281 0 0.4270324259996414 0 0 1.362934872508049 0 0.520306870341301 1.470804214477539 0.1203075274825096 0.2146174758672714 1.357030630111694 5.249124996364117 1.748897090554237 2.425481356680393 0 0 0 0 0 0 0 0 0 0 0.1184016689658165 0.3405905067920685 0 0 0 0.1166424006223679 0 0 0 0 0 0 0 0 0.3357265889644623 0.07937147468328476 0.9187604114413261 0 0 0.148744598031044 0 0 0 0.09454753249883652 0 0 0 0.1356752067804337 0 0 0 0 0.1205731779336929 0 0 0.08752091228961945 0 0.1848883330821991 0 0.5329738855361938 0 3.128023624420166 0 0 0 0 0 0 0 0 0.159726694226265 3.848179221153259 0 0 0 0 1.281219676136971 0.2585504651069641 0.7740895599126816 0.4068295955657959 0.1167465820908546 0 0 0 0 0 0 0 0 0 0 0.08035048842430115 1.031907632946968 0.8034172803163528 0.2032280564308167 93.83018832653761 1.936908036470413 80.18922667950392 21.0019261315465 9.443410649895668 6.52100333571434 0.5195905119180679 1.651207558810711 4.382043108344078 0 0.4928028658032417 0.4411237090826035 2.789504110813141 0 0 0.4826425015926361 6.282538890838623 1.420928403735161 15.07789939641953 6.197210967540741
647.0751288086176 137.0157439932227 14.84903705865145 1088.880819037557 71.08809026330709 246.8596254140139 327.0050082579255 4.055168062448502 25.44786548614502 1797.767763644457 91.76127822697163 242.3086085617542 1871.040092818439 234.1095184758306 24.33742491155863 13.45398193597794 0.3719265460968018 0.1512721180915833 0 0 0 4.495130062103271 0 0.9127554297447205 0.3725894391536713 0.7651228755712509 0.1675655096769333 0.2058379650115967 0.4597526043653488 0.4605838805437088 7.818164274096489 2.15822871774435 38.82121809571981 0 0 0.2267634272575378 49.19824243336916 7.196196511387825 8.474959589540958 0.7312794178724289 0.8674534857273102 0.4035069048404694 0.4129893556237221 0.5578915700316429 0.09938344359397888 0 31.84385807812214 0.4898981899023056 0.3007304593920708 0.6236610114574432 1.988583870232105 0.9960820525884628 0 10.68845346570015 0 0.4021998792886734 22.55579009652138 16.45522644370794 1.466782197356224 7.829167932271957 0.08766171336174011 6.471819266676903 0 15.81113987416029 0.227912425994873 0.2044075131416321 0.5677627325057983 0.3218847215175629 0.8107635900378227 0.4979834854602814 125.3534910753369 2.292446553707123 0 31.64262349158525 35.16006051003933 37.74604395776987 16.1155641824007 4.001664936542511 0 9.63432914763689 0.2164210230112076 0.6227348670363426 0.7131289392709732 0 0.1282514184713364 0.2629119977355003 0.7623665407299995 0.1381727010011673 0 0.5571179687976837 0.364788293838501 0.7556430846452713 4.339306637644768 0.7420604154467583 1.039117187261581 615.5509829372168 23.00879361480474 4.999552071094513 9.697588950395584 89.41690175235271 0.6734898388385773 2.267289474606514 5.161530546844006 0.9750958681106567 1.373781844973564 32.16850926727057 5.757476478815079 14.26958255469799 42.10673020780087 17.2196042984724 6.529173888266087 41.28836045414209 105.3970335423946 42.34695684164762 48.37301934510469 0 0.5295466780662537 0 0 0 0 0 0 0 0 0.4494758322834969 0 0.1341669112443924 0 0.4440035820007324 0 0 0.5059424787759781 0 1.928399376571178 0.9471205919981003 0 0.1400917917490005 0 11.28860176354647 1.75138183683157 11.85269580036402 1.180626571178436 0.1075413152575493 0 0.5843364000320435 0 0.3616838753223419 0.1021320074796677 0 0 0.4192830920219421 0.6097186654806137 0.3866691589355469 0 0.6731242537498474 0.2614748105406761 0.7709468454122543 0 0.4089041650295258 0 1.310472451150417 0.5302965641021729 0.9349246546626091 0.6026117652654648 2.330199256539345 37.34979287534952 1.210107780992985 0.3288931250572205 0.2341038137674332 0.2584808468818665 0 0 0 0 0.5628248304128647 53.63415106385946 0.8234263062477112 0 0.08936691284179688 0.1249704658985138 29.07849788665771 7.235081404447556 23.94908620417118 2.250194400548935 0.6962568908929825 0.4056007266044617 0 0 0.3210015445947647 0 0.1725601851940155 0 0.2433848232030869 0.1765787452459335 0.1537933796644211 0.189762681722641 43.28619074076414 8.172730997204781 6.474782578647137 220.4496680945158 2.158275336027145 85.53643083572388 38.94860051572323 59.27915292978287 4.845781892538071 0 3.031539067625999 68.12024338543415 0 7.015218928456306 1.475733771920204 66.36430956423283 0 0.1360144764184952 0.2668053209781647 9.76734297722578 0 475.7412672936916 156.174651093781
394.8193765804172 1006.426073104143 153.0667795538902 1179.855006784201 1341.517413385212 152.9715964794159 2648.617360457778 42.14045452326536 1374.668672673404 5485.051299385726 1460.904812447727 1871.040092818439 2728.746782489121 3764.38852660358 77.47068349272013 40.77568621188402 0.893083892762661 0.7439085841178894 0 1.560667812824249 0.2800972387194633 5.749067753553391 0 2.402873039245605 0.9725226610898972 12.17326517403126 2.745943330228329 6.98304595053196 14.63328938931227 1.360317781567574 67.50684007257223 15.85723273456097 677.5975880101323 0.1068462878465652 0 0.7481919676065445 311.645180746913 34.64337859302759 50.05171418935061 2.481277026236057 2.849995002150536 5.784467041492462 0.3857907205820084 1.00201341509819 0.1062486097216606 0.5876374468207359 136.6031860113144 3.005940571427345 0.3045832440257072 1.997199654579163 4.161946423351765 2.266200855374336 0.9780249148607254 23.15891958028078 0.4987163543701172 0.773070327937603 55.57514390349388 62.76300752162933 7.0549491122365 40.33334948867559 1.402364060282707 49.35103245079517 0.2939142882823944 71.68547512590885 0.324376218020916 1.607676766812801 3.025122240185738 2.561468064785004 3.145732760429382 1.31935703754425 471.7343244105577 5.454003721475601 0.5938165485858917 126.366461917758 124.7108783498406 166.8501557186246 78.25638940930367 15.40773844718933 0.4987262561917305 145.627804979682 0.5712684243917465 17.56085645407438 5.106327779591084 0.1457060277462006 0.9858492240309715 2.044448979198933 0.1115747317671776 0.2899319231510162 0.5019048452377319 0.8756442666053772 0.1258221715688705 1.233220256865025 17.46347663551569 3.397850327193737 3.5549635887146 1338.378088258207 40.28324468433857 4.558077126741409 37.7228984311223 102.2297617569566 3.184025406837463 9.175644814968109 15.64105719327927 1.520197845995426 2.236094258725643 73.06818590313196 10.10735363513231 36.98277880996466 98.38819725066423 44.82488391548395 17.72597426176071 105.9485146030784 269.1222693920135 109.031746789813 121.1765528842807 0.1425982266664505 0.7465050220489502 0 0 0.1249366626143456 0 0 0.3331523686647415 0.1603518724441528 0.1957204192876816 0.4556370377540588 0 0.9157148450613022 0.3999475389719009 0.2928801774978638 0.6642823368310928 0.5187602862715721 1.334830105304718 0.3979684710502625 5.708448387682438 3.093643747270107 0 0.8042428866028786 0.3281925171613693 27.94720359891653 4.384323716163635 34.73847453296185 1.113584376871586 0.9392877370119095 0.3362350463867188 1.381568543612957 0 0 0.4520634040236473 0.7552544921636581 0 0.5890148282051086 0.938874214887619 0.1526371538639069 0 0.1263772398233414 0.2911255061626434 2.648062311112881 1.277456477284431 0.5801510587334633 0 6.187787763774395 3.206397175788879 0.7881545424461365 2.296682089567184 5.621550269424915 95.71800431609154 4.212144434452057 0.2703867852687836 0.8017658069729805 0 0 0 0.5042482167482376 0 0.2116590440273285 131.0566237270832 1.873952515423298 0.5893417075276375 0.1186831369996071 0.1144333183765411 69.77177564054728 18.86705891788006 60.55677957832813 3.123604394495487 0.5866795182228088 0.9205265566706657 0.805036798119545 0 0 0.1546013951301575 0 0 0.1272958070039749 0.2723788470029831 0.3193034157156944 0.4047101810574532 89.78331159800291 15.73536352813244 14.02134464681149 745.9984549805522 9.682822950184345 363.0005720704794 147.0434073731303 110.288146853447 22.03552433848381 0.4674105271697044 16.28970416635275 172.9338690415025 0 30.36469826102257 8.296149216592312 160.95433627069 2.964044257998466 0 4.369279518723488 32.64210982620716 5.331573963165283 708.2933622822165 327.9988882020116
