515.6436118930578 2221.026505365968 1294.093148440123 1731.012770533562 59.23858518898487 200.1381246000528 414.0312583148479 183.1606356650591 22.91028060764074 1227.686902970076 308.6290812492371 22.05523504316807 45.28764127939939 149.5451452732086 1.863502308726311 0.7010957077145576 0 0.185787245631218 0 0.08973071724176407 0.3458728492259979 0.4446898102760315 0 0 0 0 0 0 0 0.08023209869861603 725.4356825575233 3.414109580218792 10.47813892364502 0 0 0.3120917081832886 1.787970565259457 0 0.110887885093689 0.2327999025583267 0 0 0 0.2025797963142395 0.1038240045309067 0.1124692633748055 22.89023045450449 0.7365633845329285 0 0 0.5231911391019821 0.2851301431655884 0 0 7.923035733401775 12.15936612337828 233.9021257162094 691.210364036262 32.38183598220348 60.15946373343468 0.1097326129674911 2.168035507202148 0.1460369825363159 12.03941728174686 5.942694693803787 2.726890005171299 1.595838747918606 0.3233418166637421 0.09944954514503479 1.246357150375843 7.184429503977299 5.138765394687653 0 237.3400580585003 45.04401611536741 37.68200075626373 6.820297874510288 0.2883543521165848 0.5150387287139893 60.10667086392641 0.2678937390446663 0.6020632460713387 26.93779354542494 0.2208713963627815 1.285681076347828 8.416063975542784 0.2627501264214516 0.1780796572566032 2.121826395392418 0.2476866096258163 0.2574545592069626 0 0.1991143524646759 0.6007518768310547 0 77.12347497045994 1.857979744672775 1.048756301403046 0.407288059592247 1141.82562418282 0 9.035959780216217 0.876616507768631 1.974550276994705 2.343028590083122 1.720708325505257 29.24866104125977 2.519792824983597 8.051677852869034 11.15327695012093 0.985866904258728 8.503368437290192 15.81545501202345 11.44102355837822 3.99709440767765 0 0 0 0 0 0 0 0 1.069501519203186 0 0 0 0 0 0.1685536205768585 0 0 0 0 2.221304789185524 0.8052424788475037 0 0 0 0 0.9221851229667664 1.000817686319351 0.7462479472160339 0.2898112833499908 0 0 0 0 0 0 0 0 0.8100655525922775 0 0 0.1612820327281952 0 0 0 0 0.08573150634765625 0.2659516185522079 0.6419025510549545 0.1904839277267456 0 0 3.874482095241547 0 0 0.08368581533432007 0.08338980376720428 0 0 0.2715758830308914 0 0.3411350250244141 0.5860812813043594 0.6660250425338745 0 0 0.09706452488899231 5.01555660367012 0 2.832858085632324 0.447025939822197 0.8553758561611176 0.4401454329490662 0 0 0 0 0 0 0.1357439458370209 0 0 0 8.896553128957748 0 0.8285805583000183 369.3185681700706 2.270465798676014 56.65907750278711 18.31142447888851 1016.312417633832 3.59906592220068 1.689018584787846 1.058778285980225 18.35997100174427 0.09765341132879257 1.302938103675842 0 50.24030318856239 0 0 0 0 0 131.8151257261634 8.363441973924637
2221.026505365968 3084.93012367934 2269.453857585788 1607.341338850558 4106.65693090111 90.8173259049654 4512.867689065635 839.1887949928641 2343.468937732279 2291.409640170634 4146.902291536331 68.42877611517906 584.6109239310026 1225.186944797635 19.35439924150705 6.836040399968624 0.535061240196228 0.1832215338945389 0.09084678441286087 0.09537329524755478 0.2337422147393227 0 0.4769228994846344 1.791622892022133 0.3316039741039276 0.4154374152421951 1.472172565758228 0.1079937666654587 0.9353189393877983 0.1017123535275459 1477.109438382089 60.97734571993351 16.56169651448727 0 0.6304527893662453 0.7976372241973877 0.5703092664480209 0.7381455078721046 0.9228049665689468 0.8103455230593681 0.4129219502210617 0.5652581825852394 0 1.51840490847826 0.2400888279080391 0.9039015546441078 170.7580463737249 8.108173452317715 1.492879569530487 0.2346455603837967 1.715630531311035 0.1840168610215187 0.7544397786259651 0.1138437986373901 35.60994251817465 48.06737472116947 312.5281184241176 1212.986880086362 40.39722330123186 158.5801286324859 1.50380802154541 2.37725168466568 0.1344336718320847 147.7202114015818 36.03906098380685 23.41035909205675 13.86707919463515 4.641052693128586 0.8972155973315239 1.59813442081213 1.825803771615028 0 0 543.8664246723056 297.291147723794 281.4034817293286 67.98227742314339 3.902327083051205 3.802981935441494 173.8023649603128 0.4065728187561035 7.518579714000225 133.6008627042174 0.7782154083251953 14.16287419199944 44.5026456899941 1.920485250651836 1.908934220671654 16.90129974484444 0.5525880232453346 3.556494370102882 0.6905534118413925 0.629649356007576 0.5217580273747444 0.3063362240791321 15.46646811068058 0.09278367459774017 0.1567496508359909 0.1183952689170837 503.5513562783599 0 1.003829643130302 0.5197570696473122 1.470740705728531 0.7749243378639221 1.789215222001076 7.002315789461136 3.849934712052345 6.083721481263638 7.738028071820736 0.8426218032836914 5.764030478894711 14.36632599681616 12.13521698117256 4.469629108905792 0 0 0.2054173499345779 0 0 0 0 0 0 0 0 0 0.6412344127893448 0 0 0 0 0 0 1.41566900908947 0.4268603324890137 0.1519431620836258 0 0 0.9916684553027153 0.7271995097398758 0.7285919487476349 1.125144347548485 0.3213256299495697 0 0 0 0 0.1723473519086838 0 0 0.2465788573026657 0.1989476233720779 0 0.1877110376954079 0 0 0 0.4860700070858002 0 0.4873173162341118 0 1.032317966222763 0.1513402312994003 0 0.3660221844911575 3.319418579339981 0.4413733780384064 0 0.2381872981786728 0.359919972717762 0.3881675750017166 0.1704492419958115 0.2756457626819611 0 0 2.201131135225296 0 0 0 0.2779276221990585 3.514266885817051 0.2081681489944458 3.014281466603279 0.1358345001935959 0.1232186928391457 0.2838217690587044 0 0 0.08740165084600449 0.3163390085101128 0.3511609360575676 0 0.6276696100831032 0 0.08397360891103745 0.0772310271859169 7.231391787528992 0.4571412205696106 1.708569563925266 199.4523564130068 13.72008538991213 292.4129634723067 46.65018607676029 306.9690081253648 6.657868809998035 3.737069815397263 11.84457540512085 4.668998010456562 0.6771942377090454 1.685131557285786 0.2712213397026062 6.57538691163063 0 0.3610482662916183 0 2.652027457952499 0 110.0260919257998 7.66919794678688
1294.093148440123 2269.453857585788 674.6164628118277 6.777110360562801 398.0522509589791 3.243530586361885 104.8418215364218 3940.094842031598 200.8873276337981 149.4222935289145 3987.42931317538 43.92334888130426 220.4888086542487 1070.007889933884 15.89074368029833 11.50676112622023 1.264102168381214 5.708100900053978 0 9.590437278151512 24.17999941110611 0.5773457288742065 40.43163760006428 41.61365406215191 4.412432961165905 5.569908276200294 13.50253689289093 0.800620973110199 0.3473945036530495 3.448818556964397 3404.115853771567 713.9396105706692 103.2246803939342 3.066961638629436 17.01097827404737 1.92428532242775 1.704907231032848 4.651269167661667 0.8095776736736298 0.8963415622711182 12.61794614046812 5.729652181267738 22.07371093332767 2.682368755340576 0.7096896842122078 1.742488503456116 59.32895662635565 3.415635988116264 4.516784816980362 17.74579893052578 25.22332768142223 0.1256171762943268 0.1318821609020233 1.738493598997593 6.433812372386456 9.088454030454159 106.027884952724 900.0922003164887 9.082001887261868 43.69082542508841 36.8474505096674 33.74451413750648 1.53151012212038 395.6040170192719 6.567131966352463 8.262866869568825 3.438939578831196 34.07075609266758 87.61447678506374 57.69173503667116 3.536913491785526 0.3192666098475456 0.5365737080574036 185.4799106791615 160.4323380887508 93.36838903278112 31.60970414429903 8.345444194972515 168.2222009673715 1270.266881585121 9.475347526371479 489.5556149706244 26.61339052766562 0 4.076645031571388 7.772689566016197 12.74429469555616 0.2722769677639008 3.165692195296288 0 2.269488632678986 0.3283398300409317 56.61350817233324 12.3841330781579 0.9501163959503174 9.843330033123493 0 0 0.1531219631433487 55.85331012308598 0.5587951689958572 1.226035565137863 1.566556863486767 0.1423597186803818 8.221336878836155 2.583883292973042 3.60590460896492 6.670315504074097 7.338168278336525 17.28188037872314 6.90325216203928 10.98471240699291 17.48329792916775 16.30573736131191 10.49862445890903 0.2012831419706345 0.1658622175455093 0 0 0 0 0 0 0 0 0.5763505846261978 0 1.806648448109627 0 0 0.2574548721313477 0.9337377548217773 0.8840759247541428 0 3.081979840993881 0.4342737942934036 0 0 0.1231081560254097 2.539194501936436 5.207597874104977 6.569071173667908 1.125075817108154 1.893316477537155 0 0.4371219128370285 0 0 0 0 0.2143906354904175 0.4220732450485229 0.8860874474048615 0 0 0 0 1.410353004932404 0.602250337600708 0 0.3203554749488831 0.5215828269720078 0.6420001834630966 0.5838394165039062 0.1095755100250244 1.380969554185867 13.20753202587366 0 0 0.3953646868467331 0 0 0.1592807024717331 0.0821470245718956 0 0.3171669244766235 9.171771205961704 0.2972160279750824 0 0 1.485020123422146 9.529315456748009 0.4684113413095474 7.413180619478226 0.7100401073694229 3.647871509194374 0.872859038412571 0 0.1470873951911926 0.644944965839386 0.08339114487171173 0 0 0.1261386871337891 0 0.3141602426767349 0.6653366684913635 13.12484438717365 5.164676889777184 3.810240589082241 86.0564916357398 41.07006610929966 114.8058476746082 43.520383939147 30.77609069645405 1.919367872178555 1.418531619012356 5.970072224736214 1.696818113327026 0 3.809846982359886 0.3265537545084953 6.599371030926704 0 0 0 3.14195267111063 0 29.54572431743145 6.900433599948883
1731.012770533562 1607.341338850558 6.777110360562801 828.7395526170731 76.98597905039787 493.1479664742947 682.0348789766431 6.273467473685741 61.66730940341949 2908.31379018724 48.01972237229347 60.91884414851665 138.4066626653075 140.4746228680015 1.715863615274429 0.4228309988975525 0 0 0 0 0.1631736904382706 0 0.1694298088550568 0.6751434803009033 0.1263202428817749 0 0 0 0 0 30.81126933544874 2.633116818964481 25.11602026969194 0.1153394877910614 0 0 0 0.4267552644014359 0.173699289560318 0.1125626713037491 0 0 0 0.1935180425643921 0 0 26.96038588136435 0.5037183314561844 0.2043146193027496 0.2634439170360565 0.1856265068054199 0.108880378305912 0.2203468233346939 0 6.721515662968159 8.238482058048248 82.63483404368162 197.3005748540163 13.4460933059454 36.23550875484943 0.2099408730864525 3.126884147524834 0.1444146782159805 8.853709764778614 4.708320625126362 2.162367135286331 0.8957023397088051 0.37484972178936 0.08839897811412811 0 3.193360686302185 1.623743981122971 0 131.5696971714497 33.75363638997078 27.80037918686867 4.883942566812038 0 0 9.93336121737957 0.1309200376272202 3.788969784975052 20.75454281270504 0 2.515109524130821 6.054372131824493 0.102353572845459 0.1642583906650543 1.304444760084152 0 0.5470712259411812 0 0.2299966216087341 0.1064821481704712 0 70.88801757991314 0 0 0.7551195323467255 640.094119310379 0 5.586601883172989 1.122963637113571 0.8235131353139877 5.02466793358326 3.486644431948662 26.2017537355423 1.710558108985424 6.343017667531967 14.35423099994659 5.589581981301308 9.640710487961769 15.61726970970631 15.85259515047073 7.61162143945694 0 0 0 0 0 0 0 0 0 0 0 0 1.256328582763672 0 0 0 0 0 0 2.697314590215683 1.085261344909668 0 0.354301780462265 0 0.6174235641956329 2.211788892745972 3.517367288470268 0.6864991337060928 0.4511599689722061 0 0.4999479949474335 0 0 0 0 0 0 0 0 0 0 0 0 0 0 0 0 1.651359617710114 0 0 0 4.363029569387436 0 0 0.1783890128135681 0 0 0 0.08320523053407669 0 0 4.571931913495064 0 0 0 0 4.544353857636452 0 2.995659559965134 1.656735070049763 0.778242863714695 0 0 0 0.3479400053620338 0 0 0 0.2083273231983185 0.1627111583948135 0 0 10.64056825637817 0.9178750216960907 1.340331271290779 128.483564697206 1.142431989312172 51.64781142771244 9.664038509130478 521.8910228163004 2.844283185899258 0.6765895485877991 1.286759376525879 5.80552539229393 0 1.328610181808472 0.5313953012228012 16.89045263826847 0 0 0 0.5959382504224777 0 79.23865620046854 10.02119648456573
59.23858518898487 4106.65693090111 398.0522509589791 76.98597905039787 2882.160817138851 6.269990891218185 2097.561250992119 652.8610295578837 3599.403098158538 1295.051592953503 5047.313921026886 44.82715607434511 708.3675433844328 1107.191929079592 17.09095580130816 8.47866490483284 0.09300962090492249 0 0.08037860691547394 0 0.309956967830658 0 0.3566193506121635 1.380042813718319 0.5692956000566483 0 0.758768193423748 0.1042081043124199 0.8250971063971519 0.3361964151263237 161.6220468431711 60.07175453007221 7.835117369890213 0.1951175704598427 0.110904149711132 0.7890084460377693 0.2713518962264061 1.499092951416969 0.4391508921980858 1.259326472878456 0.2516319379210472 0.5026667267084122 0.2790509089827538 0.9709387123584747 0.4141899719834328 0.8409154415130615 90.49025048315525 3.08618375658989 0.9713640809059143 0.1297361999750137 0.741492435336113 0 0.4781901761889458 0.5028004720807076 8.102143473923206 14.14395826309919 25.69850605726242 95.40691687911749 3.592098705470562 42.89686290174723 0.8521140888333321 1.177662551403046 0.3884643763303757 82.94831853359938 11.01497373729944 8.067417811602354 5.923438359051943 2.584022857248783 1.142705306410789 0.466105043888092 0.2762090787291527 0 0 82.50216975808144 106.0981734767556 130.9534981548786 60.86468321830034 3.58338787406683 3.827291138470173 40.74777639657259 1.108893789350986 5.667696312069893 35.6620816513896 0.0854581743478775 4.556015260517597 14.06094113737345 0.8919331431388855 0.7193340808153152 6.143955506384373 0.0696994960308075 0.9320638626813889 0.3276339620351791 0.3494271412491798 0.167091004550457 0.4072041884064674 6.959970861673355 0 0 0.2014175802469254 5.503765806555748 0.3073535561561584 1.601802960038185 1.530333906412125 0.4759772270917892 2.903007701039314 1.329166807234287 6.538000755012035 4.716082975268364 5.555700391530991 6.161181710660458 1.110304653644562 7.946348749101162 14.24658349901438 12.39388227462769 4.641893863677979 0.1199859976768494 0 0 0 0 0 0 0 0 0 0.08836003392934799 0 0.1263266950845718 0 0.09557604789733887 0 0 0 0 0.6178983598947525 0 0 0 0.1304489225149155 0.9818180948495865 0.3162350654602051 1.286466360092163 0.09606564044952393 0 0 0 0 0 0 0 0 0.1279094517230988 0.1072506606578827 0 0 0 0.1694159060716629 0 0.2152451276779175 0 0.2321883291006088 0 0.7532513961195946 0 0 0 2.650989815592766 0 0.08490502089262009 0 0.08131494373083115 0 0 0.09158475697040558 0 0 1.198566101491451 0 0 0 0 2.57673841714859 0 1.886655479669571 0.5728946328163147 0.8597714602947235 0 0 0 0.08708839118480682 0.1498163118958473 0.07617497444152832 0 0.07564964890480042 0 0 0 7.766755670309067 0.5129918530583382 0.7921651676297188 109.3167480751872 5.194022759795189 138.0030140578747 19.9209002032876 19.24557664990425 2.213078431785107 1.785515390336514 8.103020407259464 1.061493441462517 0.09055827558040619 1.636351585388184 0.1717087030410767 6.858907870948315 0 0.08409207314252853 0 0.7537403777241707 0 25.64452939480543 6.729059606790543
200.1381246000528 90.8173259049654 3.243530586361885 493.1479664742947 6.269990891218185 37.98376333713531 35.61827214062214 1.180396735668182 17.80168375372887 894.7557843849063 13.16428531706333 352.0023540705442 254.637912094593 24.70624543726444 0 0 0 0 0 0 0 7.642379239201546 0 0 0 0 0 0 0 0 21.69898757338524 0.8517115563154221 33.78436817228794 0 0 0.3914653137326241 9.769604690372944 4.258620023727417 2.460588686168194 1.77506897598505 0.2195387780666351 0 0 0.6197444796562195 0 0.1366971731185913 1.914359323680401 0.7622229605913162 0 0 0 20.82056082040071 4.185271576046944 0 1.186998382210732 0.2004326730966568 37.87682744115591 20.33375397324562 4.344686813652515 4.001816272735596 0 19.2773243188858 0 0.152765154838562 0.4220042675733566 0.206937775015831 0 0 0 0 119.3896242380142 132.8890779465437 1.939859479665756 12.67023838311434 1.729374937713146 3.442177593708038 0.5411540418863297 0 0 6.776219248771667 0 4.052100405097008 1.83250916749239 0.1330657750368118 0.210073709487915 0.3133600130677223 0.128458097577095 1.130614928901196 1.376939870417118 10.2083648070693 5.137732788920403 2.187917217612267 0 1.174903124570847 1.154042929410934 391.3294022381306 97.78459118306637 20.24847087264061 7.266566455364227 671.2228934317827 0 17.15264856815338 1.988638438284397 6.559357345104218 6.033992111682892 5.687749452888966 101.1092444211245 9.080512940883636 14.84051261842251 27.24465763568878 5.263724774122238 16.93420888483524 35.73201459646225 23.38724721968174 6.281407810747623 0 0 0 0 0 0 0 0 0 0 0 0 0.09173626452684402 0 0 0 0 0 0 2.161072134971619 0 0 0 0 0.9383300542831421 0.2487178295850754 0.485432893037796 0.1602228581905365 0.7358924150466919 0 0.6378066539764404 0.3244392573833466 0 0 0 0 0.4410741925239563 0 0 0 0.8524032682180405 0 0.7114350199699402 0.09130629152059555 0 0 0 0.1062648072838783 0.36888387799263 0 0 5.053495734930038 0 0 0.1572646200656891 0 0 0 0 0 0.9989528059959412 1.697122603654861 0.5413368344306946 0.4571083039045334 0 0.1732610613107681 5.23359203338623 0.7642400711774826 3.049449145793915 0 0.2727142423391342 0.2389487028121948 0 0 0 0 0 0 0 0.2088037431240082 0 0 28.0544768422842 0.3590397834777832 1.1178337931633 283.2876125723124 0.932161457836628 6.591120563447475 2.475132070481777 408.3527058437467 0.8197733387351036 0 1.128255605697632 21.8856281042099 0 1.753390550613403 0 124.2347885519266 0 0 0 0 0 97.27988337725401 25.14871546626091
414.0312583148479 4512.867689065635 104.8418215364218 682.0348789766431 2097.561250992119 35.61827214062214 812.3980837613344 154.6093337386847 3003.57774092257 2007.796668410301 2121.17059995234 87.8335872143507 4846.492697544396 4583.815059095621 28.81699196994305 11.28953897207975 0.08635867387056351 0.08797530084848404 0.1912044957280159 0.1084173992276192 0.3666313141584396 0.3527379035949707 0.2157891616225243 0.7430864125490189 0.5378990396857262 0.4368470087647438 1.254945509135723 0.08917392790317535 0.4077838510274887 0.9935484007000923 179.2425173893571 61.2881004139781 10.81961899995804 0.3461700081825256 0.09809395670890808 1.017895080149174 0.9059273675084114 1.959721751511097 1.23442118614912 1.132230326533318 0.5956873744726181 0.6816148906946182 0.3167181313037872 2.662796474993229 0.7391634657979012 1.925127260386944 163.8249176964164 4.393395490944386 1.18725398182869 0.7166286706924438 1.060051962733269 0.08896303921937943 0.8826459869742393 0.218564473092556 18.83348187059164 26.08218142390251 74.58919019252062 244.4594760388136 9.220322303473949 86.12971542775631 1.728099055588245 3.149246394634247 1.900469779968262 103.3085324242711 20.23869938403368 15.59390404075384 9.121666826307774 2.932490035891533 0.7674664780497551 0.6075105890631676 2.275555796921253 0.1499044150114059 0 205.6915056928992 171.2695218771696 200.8051757365465 76.79065871983767 4.691022947430611 3.981209181249142 53.38372032344341 0.331786185503006 5.134312704205513 78.27379466593266 0.3529573976993561 9.702380910515785 25.66700861230493 1.490223161876202 0.8908178955316544 10.21878644824028 0.5744756981730461 1.999631449580193 0.8723527863621712 0.5561809539794922 1.545617870986462 0.3659346774220467 27.08101803064346 0.4218426495790482 0 0.3820508494973183 46.11463514715433 0.2514737173914909 4.545001432299614 1.009796485304832 9.768809407949448 4.723955512046814 5.048845827579498 18.58519053459167 8.488885313272476 18.23598152399063 17.85968620330095 4.225445926189423 14.84723836183548 24.45691757649183 21.78832611441612 5.648284323513508 0.3737021684646606 0 0 0 0.3346820175647736 0 0 0 0 0 0 0 0.516286164522171 0 0 0 0.08463361114263535 0 0 2.463488221168518 0.3175321519374847 0 0.1338140964508057 0 1.244925528764725 2.225991412997246 3.345150135457516 0.4841718673706055 0.2084046453237534 0 0 0 0 0 0 0 0.7213865369558334 0 0 0 0 0.6960447430610657 0 0.09511615335941315 0 0.5259283855557442 0.1256635040044785 1.137778006494045 0 0 0 6.349765658378601 0 0.08090347051620483 0 0.1710011214017868 0 0 0.6164114773273468 0.2954471334815025 0 4.365668311715126 0 0.139853447675705 0.1892700344324112 0 9.782390527427197 0.2606049478054047 2.264739692211151 1.094131536781788 0.5793115794658661 0.2710037603974342 0.2484188228845596 0 0.1697105020284653 0.1582314074039459 0.09345126152038574 0 0.3422009944915771 0.1014898046851158 0 0 14.93136542290449 0.6506345570087433 1.596054561436176 199.2496277987957 13.5962900146842 279.1447809562087 37.69867139309645 86.92668624967337 4.783361822366714 2.853246323764324 16.93648184835911 7.012526609003544 0.519396685063839 2.597442351281643 0.6894220858812332 11.11703024804592 0.3470732569694519 0.1864098384976387 0 1.633457608520985 0 72.90780021250248 14.62831589579582
183.1606356650591 839.1887949928641 3940.094842031598 6.273467473685741 652.8610295578837 1.180396735668182 154.6093337386847 2781.98211620003 681.4540942385793 144.6597725301981 4227.793488785625 31.54100255668163 216.1748584657907 1575.797650203109 50.21915453672409 54.65219716727734 2.688462629914284 7.262491516768932 0.3132424429059029 18.42757730185986 51.50883441418409 0 84.68518780171871 117.2167070582509 18.1518957093358 16.77378526329994 51.43313715606928 4.999097503721714 3.112812861800194 15.73381672799587 910.131828777492 2341.830556415021 179.1958765983582 10.42972451448441 44.32070198655128 7.181798703968525 8.365302264690399 22.34638999402523 2.528960414230824 10.72092339396477 30.34122393280268 15.12916204333305 37.69710063934326 32.25119767338037 3.04738300293684 8.235804721713066 153.6409931704402 7.499445013701916 8.525913320481777 25.83849766850471 40.20244532078505 1.323022097349167 1.621265269815922 0.8802041634917259 3.421629287302494 7.881695836782455 33.9984171167016 191.9212661832571 2.741813361644745 41.64448480308056 125.9475791826844 126.8927889987826 5.461424194276333 596.9667066782713 6.438379362225533 13.70393723994493 4.652770660817623 64.81817342340946 138.4594908058643 117.4624435305595 7.64362458139658 0.4320607930421829 0.377440482378006 87.23182609677315 161.1327888742089 168.8865466937423 220.1683931350708 406.2147431448102 1295.376794844866 3396.024166531861 62.25858456641436 1513.716853626072 26.24965240806341 0.2589467987418175 6.653687812387943 7.266520604491234 25.28444716334343 0.1874622255563736 3.742156609892845 0.2102382481098175 5.763512320816517 1.51496197283268 92.97271640598774 23.12788918614388 4.680468827486038 4.716642066836357 0 0 1.22962848842144 9.057522267103195 0.1874505877494812 2.427167490124702 0 0 3.699863165616989 1.561227612197399 1.700257539749146 3.507521115243435 5.52722330391407 2.897099539637566 2.078475654125214 3.578770622611046 9.188786350190639 8.328752234578133 2.636555597186089 0 0 0 0 0 0 0 0 0 0 0.3560183644294739 0 0.2746807932853699 0 0 1.606197595596313 0 1.125260561704636 0.7825639843940735 0.1936516314744949 0 0 0.2733897566795349 0.109474241733551 0.7558021396398544 0.7853243798017502 1.611175887286663 0.7579762563109398 0.8786108791828156 0.7059860825538635 0.4133934676647186 0 0 0 0 0 0 0 0 0 0.3807864785194397 0.1962567269802094 4.019611179828644 0 0.1956914514303207 0.3160878270864487 0.2319271266460419 0.3358443975448608 0 0.1302114576101303 1.200217187404633 6.253554195165634 0 0.2720889672636986 0.08828231692314148 0 0 0.2523360252380371 0.2128394618630409 0.1187050864100456 0 3.172057971358299 0.5282184332609177 0.5976265668869019 0.4230144545435905 0.632678359746933 4.385965779423714 0 0.7006175369024277 0.5821718275547028 0 0.1680296957492828 0 0 0 0 0 0 0 0.1301558464765549 0.108012467622757 0.7978940308094025 2.963573083281517 0.4359482824802399 1.166148021817207 240.7126946076751 48.95401384681463 249.5014363601804 101.8320153430104 23.82122641056776 4.346970163285732 0.2605460584163666 22.35072477906942 0.8989232033491135 0.2676884904503822 1.391615867614746 0.1146252155303955 3.054001793265343 0 0 0 3.68242609500885 0.3072657287120819 20.70581674575806 5.395185679197311
22.91028060764074 2343.468937732279 200.8873276337981 61.66730940341949 3599.403098158538 17.80168375372887 3003.57774092257 681.4540942385793 1010.882340833545 513.8583337366581 1719.965173847973 105.1728575974703 2545.503631472588 1481.925333939493 14.32177387177944 12.81902645528316 0.1336349546909332 0 0.1273632496595383 0.2413970828056335 0.1558032929897308 0 0.5255716443061829 1.33868695795536 0.5149941965937614 0.8749047815799713 0.8328912258148193 0 0.2629004940390587 0.5661305710673332 31.72504123300314 14.470947265625 14.34543973207474 0.121423177421093 0 0.6877012699842453 0.1581234037876129 0.7490580081939697 0.3921533823013306 0.1858839020133018 0.8377628177404404 0.1876665949821472 0.1297609508037567 1.862926006317139 0.2945826426148415 0.835255965590477 43.36214472353458 1.016379997134209 0.595807820558548 0.228704959154129 0.6590093672275543 0.105863481760025 0.255565881729126 0 2.492780230939388 4.109759129583836 5.666655190289021 18.48340985178947 1.087574452161789 13.80787288397551 0.4764376580715179 1.693802013993263 0.7057005614042282 20.54925938695669 3.24737149477005 1.652047760784626 1.226545549929142 1.122022122144699 0.4331778809428215 1.19022835791111 0.3972873911261559 0.396062821149826 0.2048090994358063 23.58830650150776 29.4546030536294 50.07163492590189 29.11454587429762 5.783751033246517 3.360625654459 54.98122057318687 0.3284332901239395 2.680211126804352 9.400083914399147 0 1.313710108399391 3.103491075336933 0.2095553129911423 0.08055665343999863 1.083367377519608 0.08790306001901627 0.3070142790675163 0.2140773460268974 2.510279528796673 1.328897438943386 0.2310911118984222 45.53163723647594 0 0 0.134263202548027 3.846201576292515 1.304814681410789 5.557159915566444 1.999801658093929 0.6817552074790001 4.265779003500938 4.221383906900883 20.16326035559177 8.529230758547783 19.70340450853109 20.27889941632748 3.993496999144554 14.81077233701944 36.59108325839043 31.91769570112228 8.324618063867092 0.4736390113830566 0 0 0 0 0 0 0 0 0 0 0 0.5944564789533615 0 0 0.345802366733551 0 0 0 1.56850703060627 1.212003722786903 0 0.7950068116188049 0.2319268733263016 3.208434596657753 0.8918951600790024 4.090935796499252 0.4100893884897232 0.7166122645139694 0 0.1083973944187164 0 0 0 0 0 0.1102338954806328 0.7528454661369324 0 0 0.2262698262929916 0.1223506256937981 0 0.3402198106050491 0.2992924451828003 0 0.3473261296749115 1.626435630023479 0.5130118280649185 0 0 5.06071400642395 0.3333733081817627 0 0 0.229622095823288 0 0 0 0 0 6.046156480908394 0.2566370069980621 0 0.1273476034402847 0 12.22870352864265 0.7581663727760315 2.085231743752956 0.482452392578125 0.4787913039326668 0.2131548896431923 0 0 0.08060892671346664 0 0 0 0.1895345225930214 0.3412213400006294 0 0 21.96636924147606 1.217441216111183 2.405090063810349 75.30009339004755 3.692853540182114 69.31574352830648 12.71296048909426 20.65204160660505 1.972061514854431 0.2916062474250793 7.270509779453278 4.512152642011642 0 3.01576092094183 0.2712660431861877 10.72691609710455 0 0.09071441739797592 0 1.967912338674068 0.504027783870697 49.30562102049589 22.98067606985569
1227.686902970076 2291.409640170634 149.4222935289145 2908.31379018724 1295.051592953503 894.7557843849063 2007.796668410301 144.6597725301981 513.8583337366581 3603.991302914917 411.8242619857192 2641.546670936048 8415.76974453032 907.5360335633159 60.69661635905504 35.05611878633499 0.540390245616436 0.4418498799204826 0 0.419819176197052 0.2366749793291092 0.1452782154083252 1.153565660119057 3.523802794516087 2.596726723015308 0.7984504550695419 2.368361234664917 0.4646701961755753 2.28705145418644 1.733933910727501 178.3957078754902 70.91066133975983 110.4179239571095 0.3839228972792625 0.8738230168819427 3.029906235635281 6.68692833930254 4.465560130774975 3.375289484858513 3.484028533101082 0.6624700278043747 0.7326227501034737 0.9174695611000061 5.205304689705372 2.296475827693939 3.084638275206089 383.935498945415 8.152258567512035 2.92083066701889 0.6205010563135147 2.019677340984344 0.4812995791435242 1.518871083855629 0.4966335892677307 35.90985991805792 51.32005120068789 120.6522499918938 285.2104080840945 19.57552437484264 174.1632205396891 8.08255098760128 18.01320485025644 4.640579931437969 139.7195104509592 38.4240780621767 27.70261781662703 14.07438613474369 4.583009168505669 1.318707458674908 2.291156210005283 27.99054554104805 0.9657232612371445 0.09284041076898575 338.9735933989286 264.9693261086941 346.0237108692527 157.1868217885494 14.16534195840359 12.81315363943577 170.1091940253973 2.351227708160877 17.94036791473627 149.9216304197907 0.6007124483585358 16.64298748224974 49.07139061391354 3.219273403286934 2.530874341726303 20.1256116554141 0.3365452960133553 4.158787965774536 1.367868535220623 3.419268593192101 2.288413688540459 0.5393956080079079 383.633347325027 5.408741176128387 0 2.856333196163177 336.3358171209693 8.415528982877731 47.51773025095463 24.16329377144575 12.55546214431524 60.29224316775799 39.03185149282217 249.909534342587 70.43754609674215 152.0081636160612 234.2841594964266 48.15351980179548 174.8341819271445 313.8313103020191 308.5598073974252 84.3461867198348 0.5210762768983841 0 0.4118384420871735 0.09602880477905273 0 0 0 0 0 0 0 0 5.946818187832832 0 0.1332853436470032 0 0.665764644742012 0 0 22.20236200094223 6.759181708097458 0 1.703925490379333 0.7009851634502411 18.88428483903408 17.66036178916693 38.49025499075651 9.155154094099998 3.035919025540352 0 0 0.7365103513002396 0.2321135848760605 0 0 0.3273918032646179 3.410874933004379 5.098585620522499 0.09387809038162231 0 0.2413768246769905 1.221373282372952 0.2968367040157318 1.485647946596146 0.3840901851654053 2.015032440423965 5.010972067713737 10.74253403395414 1.524367019534111 0.5002436637878418 2.083286255598068 78.06596079468727 1.224392339587212 0.1339420974254608 1.033305387943983 0.2029905170202255 0.09651330858469009 1.089537225663662 0.5541442856192589 1.694643199443817 0.1833614110946655 54.71817143261433 5.686109274625778 0.1323315650224686 0.3039583191275597 0.2079231888055801 81.54913962632418 2.666548550128937 19.56652398407459 6.837142154574394 14.09287867695093 7.267125345766544 0.8194272667169571 0.3421077877283096 0.1582052409648895 0.8294626474380493 0.2042702659964561 0 1.719491802155972 0.8589460104703903 2.09444921463728 0 199.2008745446801 12.2828621417284 9.078333057463169 921.1495581194758 27.69083484262228 711.329648334533 126.4278129339218 547.4967209324241 18.45961028337479 6.96354565769434 61.10617956519127 52.05659814178944 0.2509313151240349 26.66894748061895 5.337896957993507 198.6038099825382 0 0.1852650567889214 0 8.002674654126167 0.6119635999202728 587.2957370951772 175.5429262891412
308.6290812492371 4146.902291536331 3987.42931317538 48.01972237229347 5047.313921026886 13.16428531706333 2121.17059995234 4227.793488785625 1719.965173847973 411.8242619857192 3088.718876369298 119.1168474406004 3961.306146457791 2224.958554685116 49.84816375374794 43.8250886797905 0.7835341840982437 1.833629339933395 0 1.464464351534843 4.348546609282494 0 5.872111439704895 10.1753184646368 1.833052411675453 2.354393288493156 11.27579309046268 1.168893739581108 0.5393382236361504 3.792499750852585 240.1878033727407 34.14696613699198 186.7298488020897 0.1526376307010651 4.326492264866829 0.8973415046930313 5.503753311932087 4.877349510788918 0.6841208934783936 2.314119540154934 4.540556594729424 1.241623438894749 2.044838383793831 5.435819566249847 1.023200713098049 2.071948878467083 117.1538403853774 1.105392590165138 3.290779322385788 2.922386273741722 4.711122788488865 0.6766118556261063 1.119066752493382 0.5747473835945129 4.089499890804291 7.529743492603302 21.85493672639132 98.88021075725555 3.690360456705093 32.25343097746372 3.003406517207623 5.429890058934689 0.7304694503545761 45.99540246278048 4.300570052117109 3.826526336371899 2.237215735018253 2.666240744292736 7.863259568810463 9.22142006456852 7.320382565259933 0.2254118770360947 0 57.21909707039595 62.3268653973937 125.9166475087404 79.32147578150034 21.07771743088961 41.26066478341818 1604.876112923026 0.6686753928661346 20.10411953926086 17.68669079244137 0.6736038774251938 3.717006616294384 6.35038061439991 2.049013137817383 0.8688198104500771 3.45199429243803 0.09819164127111435 1.343503132462502 0.395597368478775 13.69019311666489 5.38170387595892 0.4431663304567337 25.89333680272102 1.011438608169556 0 0.3526188731193542 22.11189329624176 0 6.058296293020248 2.382317341864109 1.852757066488266 9.62687124311924 2.995728880167007 18.95176129043102 7.181482151150703 20.71433635056019 27.17630738019943 9.323294341564178 16.25554998964071 35.96245604753494 31.32567305862904 8.98577618598938 0 0.1060337424278259 0.1895377635955811 0 0 0 0 0 0 0 0 0.4755341112613678 0.3728272616863251 0 0 0 0 0.1755991280078888 0 3.233998477458954 1.053588405251503 0 0.8221443891525269 0.7408632636070251 2.451877519488335 3.297634109854698 4.519520699977875 2.110910966992378 0.2492768168449402 0 0 0 0 0 0 0 0.2314032912254333 0.8628560453653336 0 0 0 0.1230482384562492 0.4728651344776154 0.1863684356212616 0.6949070692062378 0.2580876499414444 0.1147568449378014 0.8493825048208237 0 0 0 10.6721048951149 0 0.3078736737370491 0.08557296544313431 0 0.09559889882802963 0 0 0.3054749071598053 1.219205290079117 8.612303137779236 0.6649817079305649 0.4265834242105484 0.1636723428964615 1.139048099517822 6.88788540661335 0.1065030917525291 2.887572631239891 0.6998003944754601 1.097280323505402 0.6375589817762375 0 0 0 0 0 0 0.2075068727135658 0 0 0 23.90083278715611 1.386750414967537 2.860745914280415 164.4136804267764 8.298461504280567 162.1001236364245 42.50337002426386 28.81064019352198 5.409784905612469 0.6024040579795837 19.10054336488247 3.035874180495739 0 3.654705956578255 0.2276786267757416 11.83280003070831 0 0 0.4991015195846558 2.407506614923477 0 39.6996963173151 20.17370982468128
22.05523504316807 68.42877611517906 43.92334888130426 60.91884414851665 44.82715607434511 352.0023540705442 87.8335872143507 31.54100255668163 105.1728575974703 2641.546670936048 119.1168474406004 168.7656899690628 1476.879003107548 140.0635331273079 62.08706288039684 54.82579100131989 3.252959422767162 2.973105169832706 0.3459007292985916 2.904690325260162 2.146580092608929 27.59884795546532 3.853068977594376 5.586714714765549 5.257083535194397 4.824818193912506 11.95002989470959 1.789278641343117 7.142967328429222 7.340258277952671 17.06668379157782 12.25230538845062 184.1718025654554 0.3996361643075943 1.333765298128128 4.170488208532333 137.8136417418718 16.77170016616583 30.84188893437386 27.54916568100452 8.544981010258198 7.146225623786449 4.283252120018005 3.420958913862705 1.432964630424976 3.447621747851372 97.50885277241468 1.461830832064152 2.974415011703968 6.278556443750858 9.862522028386593 12.23560910671949 107.4013932719827 2.859295062720776 3.416978366672993 5.009013839066029 8.512133479118347 21.25232697278261 1.296705827116966 22.88315258920193 1.699932061135769 18.95561048388481 1.669770240783691 42.54150603711605 3.158859021961689 3.090240687131882 2.318855784833431 5.497911460697651 12.9811620414257 13.25368899106979 295.3369015008211 43.58417963981628 6.964538589119911 34.28620395064354 41.22258063405752 75.49048848450184 54.50924518704414 8.916513651609421 2.652534775435925 33.10402486473322 1.263052247464657 2.093858562409878 18.22063618898392 0.1147409304976463 1.180600576102734 4.927319087088108 4.850263468921185 0.3220625594258308 2.238781429827213 1.28950260579586 7.90069792419672 1.718142077326775 23.11026296764612 25.81673815846443 7.311579957604408 1616.298016391695 383.7563687562943 8.037188649177551 116.2277681604028 29.77400831878185 2.545496478676796 13.49017404019833 8.986976496875286 7.366220727562904 27.15006033331156 20.82859113067389 110.033618927002 41.06861381232738 78.75517962872982 98.11977986246347 16.95179195702076 65.60707129538059 178.4033715128899 163.118152603507 39.17150551080704 0.5017914921045303 0 0 0 0 0 0 0.6772746741771698 0 0.4394228905439377 2.42092590034008 0 3.52640039473772 0 0.3908252045512199 1.481211140751839 0.9826514348387718 1.255141854286194 0 11.58815936744213 1.120204471051693 0.3941067159175873 1.168711945414543 1.539004132151604 12.2126736715436 6.634651772677898 15.63845801353455 6.514265947043896 5.030237779021263 0.2365782409906387 0.7444172129034996 0.2215794548392296 1.246760576963425 0.2335566580295563 0.1216553077101707 0.4227036237716675 2.070270277559757 2.12189806997776 0 0.2642666399478912 1.195958912372589 4.230781890451908 1.797974608838558 0.4788166731595993 0.5686324536800385 0.3675059154629707 1.911586821079254 4.407388508319855 0.2958156764507294 0.2791917771100998 2.497457101941109 19.58166909962893 0.9999637454748154 0.3377185016870499 0.7046272754669189 0 0.1290708482265472 0.7340473830699921 0 0 0.1316552609205246 31.73765357583761 10.11970108747482 0.1850935369729996 0.4922147989273071 1.355317175388336 29.45540773123503 0.6334763690829277 11.14754550904036 5.686579406261444 5.563962541520596 1.585302636027336 0.1252200603485107 0.3893645629286766 0.1237138211727142 0 0.1629873514175415 0.281171590089798 0.6676060408353806 0.8281795531511307 0 0.5092482566833496 126.9922868162394 9.76338666677475 11.68206381797791 317.2958063259721 17.47012843936682 207.5015587136149 75.20876908302307 260.0581362918019 5.464534141123295 0.2888046726584435 20.16769110411406 14.38208079338074 0.588314525783062 17.23137656599283 2.281309351325035 73.17233749479055 0 0 0 5.537294782698154 0.1608429849147797 558.0280191972852 163.1641658619046
