710.117902547121 2075.574773348868 209.9048121199012 1792.471908397973 3.577128477394581 159.8561271578074 575.8285669982433 9.072324395179749 6.240826942026615 2875.76980753988 40.09545700252056 320.5758937001228 156.3661874160171 89.26959849148989 2.906442508101463 0.3083949834108353 0.8054936975240707 0 0.1154887452721596 0 0.3706960380077362 0 0 0.2523880898952484 0.483343280851841 0 0 0.2592122256755829 0 0.1255870759487152 1222.745593696833 13.37328853458166 3.131471216678619 0 0 0.3083686456084251 1.656101301312447 0.8532633185386658 0.4832954928278923 0.2136237770318985 0.3372316956520081 0.1977856084704399 0.2320444881916046 0.4896093010902405 0.2935950458049774 0 73.65629408508539 14.1962316557765 0.9378651529550552 0.2384481281042099 2.060526147484779 0.1550160795450211 0 0.09613914787769318 12.33095533400774 21.06786748766899 139.3293529972434 931.0036672502756 28.55157668888569 67.78768194466829 1.20364610850811 1.486857816576958 0.3172080367803574 68.84017980843782 19.18274752050638 19.89371029287577 7.508034504950047 3.120317965745926 0.7360116168856621 1.049928896129131 9.385882757604122 3.255269020795822 0.269318163394928 237.7163317501545 148.4815853387117 72.33368749171495 28.82449261844158 5.611599996685982 2.651523545384407 8.620740488171577 0.5451750308275223 2.341455392539501 56.3458107188344 1.6952113956213 10.40422533452511 16.26530600339174 1.441158652305603 1.147074401378632 4.714977234601974 0.8266993314027786 1.341699302196503 0.2213180288672447 0.4869293197989464 0 0.2808756828308105 290.900676548481 52.07474428415298 1.076211124658585 2.481823712587357 1700.160864897072 1.390567049384117 5.055977329611778 5.03884881734848 5.607008635997772 1.913084715604782 3.719378627836704 7.440510362386703 1.407201826572418 9.242190316319466 19.29455372691154 2.992305159568787 2.116911724209785 16.7724466919899 7.321598261594772 3.504599273204803 0 0.2561758458614349 0 0.6000598073005676 0 0 0 0 0 0 0 0 0.9838570952415466 0 0.4081123769283295 0 0.2712576687335968 0 0 5.191219583153725 0.7876467108726501 0 0.680195651948452 0.8198641389608383 0.9393815994262695 0.8376906663179398 9.466337382793427 3.781585037708282 1.261806070804596 0.3474473357200623 0 0 0.5298896431922913 0 0 0 0 0.4134843200445175 0.09520621597766876 0 0 0 0.2705061733722687 0.09349899739027023 0 0.3304901048541069 0.1042941063642502 0.4321497604250908 0.6949451416730881 0 1.281183481216431 6.304985448718071 0.2759349942207336 0 0 0 0.1034097671508789 0 0.585969366133213 0 0 2.756297215819359 0 0 0 0 2.923010885715485 0.4405756592750549 4.349116787314415 0.9779426231980324 0 0.3611007332801819 0 0 0 0.2677907794713974 0.09333563596010208 0 0.2808181941509247 0 0 0 2.822695672512054 1.130377680063248 5.689832270145416 370.3197944685817 22.21348126232624 358.2782811895013 86.37064778059721 988.1837062835693 58.44209773093462 9.479104109108448 7.705391183495522 56.33036299049854 1.494963750243187 3.911578677594662 1.988880984485149 57.88561962544918 1.354578040540218 3.049596428871155 0 0.5138078033924103 0.510217010974884 479.0127789005637 7.544424824416637
2075.574773348868 4105.780841052532 3258.443559221923 1130.422072082758 1606.519775293767 101.2152299135923 2940.692964553833 788.6257084235549 1781.312531664968 2770.458044834435 3259.340327262878 7.512041129171848 1085.637660332024 2970.912677079439 11.69790918380022 3.338416494429111 1.518354259431362 0.1755324602127075 0.3174559026956558 0.8640806302428246 5.229321159422398 0.1472050994634628 0 0.4390968382358551 1.002263851463795 1.217524006962776 0.1334555745124817 0.7657289654016495 0.3344811201095581 0 3601.853770188987 129.5850868672132 21.12246399372816 0 0.1250852942466736 1.634173192083836 1.997322283685207 1.319140166044235 1.248683206737041 0.9353213310241699 3.958314657211304 0.5976023226976395 0.8250051960349083 3.152020797133446 0.8811345621943474 0.6127406284213066 169.8823594599962 22.44123048335314 0.9781773909926414 1.010585837066174 3.727309934794903 0.2519405111670494 0.1036637127399445 0.7453527376055717 14.78116908669472 24.67905816435814 57.54382190853357 910.6984552145004 22.34460993111134 120.9486691951752 1.765814229846001 8.99254584312439 1.075835056602955 206.2031349092722 22.95700924098492 30.00718270242214 9.988526344299316 5.848493523895741 5.37458011507988 4.285960137844086 7.693570517003536 0.7456491142511368 0 285.9542913138866 234.0929765701294 205.0146661400795 107.0254316553473 24.44287913292646 23.82320673763752 82.19122425466776 3.049447007477283 17.90756940841675 68.21691010147333 2.141433820128441 18.5077241808176 24.94502305239439 4.386178262531757 1.638525292277336 8.309652276337147 0.2634468078613281 2.55854794383049 0.470854863524437 4.372747227549553 0.4547244682908058 0.5861220881342888 16.47604692727327 2.770099177956581 0 2.240641370415688 887.1597089618444 0 1.574476726353168 1.055205300450325 0.2626281380653381 0.4057751893997192 11.36250920593739 3.053118191659451 0.1517439335584641 4.937665022909641 6.358410023152828 1.0279900431633 2.126507960259914 7.588931150734425 2.165616735816002 3.048506900668144 0 0 0 0 0 0 0 0 0.104155570268631 0 0 0 0.1417973637580872 0 0 0.4025858342647552 0.1190176829695702 0 0 0.5136999189853668 0.2584406584501266 0 0 0 0.5684561505913734 0.4510807394981384 2.392738655209541 1.862280026078224 0.3844496682286263 0 0 0 0 0 0 0 0.4599831998348236 0.1183407679200172 0 0 0 0 0 0 0.09553778171539307 0.08304052799940109 0.2886232957243919 0 0.3911297246813774 0 0 3.431527301669121 0 0 0.08736731857061386 0 0 0 0.2291606664657593 0 0 0.6967165023088455 0 0 0 0.1441998183727264 0.2461590021848679 0.4835804998874664 1.199504353106022 0.2522567063570023 0 0 0 0.8898722529411316 0 0.3795949071645737 0.2645197957754135 0.08761552721261978 0.260537326335907 0.1844166442751884 0.1630783230066299 0 1.168415695428848 0.6001499891281128 1.042341478168964 325.5313317403197 21.64232103526592 512.3081625252962 102.8231363520026 388.7497665882111 56.52070952951908 7.763544343411922 37.29240304976702 11.5653562694788 1.196341939270496 1.516794733703136 1.515934884548187 12.11512333899736 0.7879554927349091 1.661493435502052 0.09802533686161041 4.299163915216923 2.056181907653809 260.6177837625146 2.759838759899139
209.9048121199012 3258.443559221923 2030.982914119959 48.7771957218647 1012.91731633991 3.326756164431572 650.739635117352 3748.669086962938 1173.156848922372 282.9371779114008 3675.853302493691 4.729210376739502 168.717471934855 2002.584431670606 2.749121904373169 2.047386817634106 0.3420765548944473 0.5295731574296951 0.09464631974697113 1.251757465302944 12.46785368770361 0 0 0.4711934030056 1.381920628249645 4.224953874945641 0.2224253267049789 0.4710152596235275 0 0 3751.962761998177 639.0167257487774 88.65084058791399 0.3290889635682106 1.178034253418446 2.108800083398819 0.8080950677394867 2.119732461869717 0.738898329436779 1.273105263710022 9.716126479208469 0.8766981288790703 1.597093917429447 5.207820221781731 1.439026534557343 1.243347369134426 28.10937216132879 3.0866469591856 0.1075792908668518 1.54977735131979 1.98169931024313 0 0 0.9326239377260208 3.689153827726841 2.173378132283688 12.04833301156759 277.1314342319965 2.702732890844345 18.82614149153233 8.016768001019955 30.2091940715909 3.315593481063843 127.1352098062634 3.274966813623905 5.994086220860481 1.220183715224266 1.539331771433353 10.65034783631563 13.41059655696154 4.978140875697136 0.3995698392391205 0 55.74957219511271 48.61686287075281 37.15289906412363 27.12719175219536 35.96871297061443 140.7796627357602 584.8221427798271 11.74091159552336 106.6395557448268 8.323574557900429 0.2686653882265091 2.325309172272682 2.658414326608181 2.007684826850891 0.6099460795521736 1.378642067313194 0 0.5244208723306656 0.2954846620559692 11.39296291023493 0.6157226413488388 0.4518732726573944 2.380612090229988 0.4004150480031967 0 0.5922538042068481 58.31538678705692 0 0 0.2028030455112457 0.134703516960144 0 0.2411814630031586 0.1159210875630379 0.1151574775576591 0 0.1378602236509323 0.1464968472719193 0.1993458867073059 0.4840279072523117 0.4056848511099815 0.4765864461660385 0 0 0 0 0.1479941755533218 0 0 0 0 0 0 0 0.226606197655201 0 0 0 0 0 0 0 0.1321446150541306 0 0 0 0.6263977736234665 0 1.208959430456161 0.5895219594240189 0.2825213819742203 0 0 0.1486167013645172 0 0 0 0 0 0 0 0 0 0 0 0 0 0 0.09350563585758209 0.09566242247819901 0 0 0 0.3096605539321899 0 0 0 0 0 0 0 0 0 0 0 0 0 0.1112697944045067 0.1919494122266769 0 0.5010194182395935 0.08305521309375763 0 0 0 0 0 0 0 0 0.08946749567985535 0 0 0 0.749394416809082 0.3415379673242569 0.2554328292608261 43.99177829176188 4.410411141812801 79.33718427270651 18.51561775803566 24.77725856006145 7.201287187635899 1.108537405729294 6.412398092448711 3.061414062976837 0 0.3070984706282616 0.09202579408884048 0.7801121771335602 0.1123415008187294 0.7691623494029045 0 0.8089953064918518 0 36.6004850268364 0
1792.471908397973 1130.422072082758 48.7771957218647 341.2314517050982 22.64246841520071 255.3836955428123 765.0028586313128 0.5264127999544144 8.562962532043457 2134.980933845043 10.61569979041815 109.1066623032093 270.0907624140382 221.1135454252362 1.424229755997658 0.09682268649339676 0.2370695769786835 0 0 0 0 0.1523377597332001 0 0 0 0 0 0 0 0 166.9564176276326 4.090406261384487 1.04483450204134 0 0 0 0.1681699156761169 0.1976359933614731 0 0.1646980568766594 0.1006570309400558 0 0 0.2303472980856895 0 0 35.03443343192339 3.867062740027905 0.2663170546293259 0 0.2965501248836517 0.2900069952011108 0 0 4.022687621414661 7.802992008626461 38.92688842862844 178.5605264604092 6.596800796687603 32.86625059694052 0.2909204214811325 0.6863310486078262 0.1294371485710144 35.43465682119131 6.517801553010941 7.410585537552834 2.274034067988396 1.318046860396862 0.217124342918396 0.2527092024683952 4.626216910779476 0 0 71.09660685807467 50.59832238405943 31.74518382549286 13.52663956582546 2.057730123400688 0.7037721276283264 1.011370703577995 0.1981940120458603 0.8176537603139877 19.82832992821932 0.5784710720181465 3.637514032423496 5.421285532414913 0.9905966892838478 0.3912991583347321 1.74891746789217 0 0.8033875301480293 0 0.1137826293706894 0 0.1161385029554367 152.0570392757654 9.585011005401611 0.1975118368864059 0.7474708259105682 593.245454005897 0.3517122641205788 2.629777610301971 6.219839587807655 8.311040155589581 2.376740738749504 9.106473624706268 7.390932321548462 0.8170458674430847 4.649356976151466 16.46962955594063 3.462266847491264 2.458344846963882 18.99896790832281 6.755265027284622 4.241593420505524 0 0 0 0 0 0 0 0 0 0 0 0 0.8139620423316956 0.1207591369748116 0.7598910927772522 0.3040426969528198 0 0 0 1.359699696302414 2.491026982665062 0 1.370411783456802 0 0.9395498931407928 1.279209434986115 5.18390129506588 2.586190328001976 1.371038094162941 0.5107901096343994 0.2208940833806992 0.3544938862323761 0 0 0.3454749882221222 0 0.1383040398359299 0.2729067206382751 0 0 0 0.9586564004421234 0.2166646718978882 0 0 0 0.2724144458770752 0.6200190186500549 0.6482765823602676 0 2.231902211904526 5.592802301049232 0.7560590505599976 0 0 0 0 0 0 0 0 1.63147097826004 0.2218206971883774 0.1322314888238907 0 0 0.784325510263443 3.241935953497887 3.222425743937492 0.5758487582206726 0.3755142688751221 0.452139787375927 0.1117907017469406 0 0 0 0 0 0.104316845536232 0 0 0 2.632351197302341 0.7935627698898315 2.707040831446648 192.3015148863196 5.3096097484231 145.7139823809266 30.67901169508696 1114.26657359302 25.05231183022261 3.587058410048485 4.295500084757805 47.56559163331985 0.4927610456943512 1.807128466665745 0.7502377852797508 48.72318083047867 0.1988472938537598 0.4035393074154854 0 2.16651862859726 0.3600913882255554 267.5952766314149 8.661031052470207
3.577128477394581 1606.519775293767 1012.91731633991 22.64246841520071 1606.402198195457 0.1539115458726883 2284.690927065909 202.2286183387041 1798.309848353267 533.1084687039256 1285.394957773387 2.002577021718025 337.7264926061034 1979.75443033874 0.9494670927524567 0.3426408097147942 0.09972056746482849 0 0 0 0 0 0 0 0 0.1372267603874207 0 0 0 0.0913078635931015 60.66449568420649 7.764877863228321 1.257065951824188 0 0 0.1616150587797165 0 0.1801486313343048 0 0 0 0.1594577580690384 0.1024607121944427 0 0 0.08727986365556717 14.59020148962736 1.04655671864748 0.1036680638790131 0 0 0 0.1180107295513153 0 0.7073042616248131 0.6498680338263512 1.351390279829502 15.19624201208353 0.6872009485960007 6.383405633270741 0.09594117105007172 0.3835229203104973 0 13.11621353030205 0.7775161117315292 1.470562376081944 0.3715032041072845 0 0 0.1453019827604294 0.4669776037335396 0.2149245738983154 0 9.707671716809273 10.31107927113771 15.77828454971313 10.66631159931421 3.216806761920452 1.764520697295666 2.272320844233036 0.2277754992246628 0.693915992975235 2.593351572751999 0 0.5425611287355423 0.9970440864562988 0.5685296654701233 0 0.6542396023869514 0 0 0 0 0 0 3.832262709736824 1.06613752245903 0 0.7654972076416016 0.6927784830331802 0 0 0.1266132295131683 0 0 3.498322293162346 0 0 0.8210461586713791 0.6424394994974136 0 0.2454678416252136 1.743427187204361 0.4678912162780762 0.6197508424520493 0 0 0 0 0 0 0 0 0 0 0 0 0 0 0 0 0 0 0 0.2245672047138214 0 0 0 0 0.4937367737293243 0 0.3760140985250473 0.1379851102828979 0 0 0 0 0 0 0 0 0 0 0 0 0 0 0 0 0 0 0 0 0 0 0 0.7043718695640564 0 0 0 0 0 0 0 0 0 0.09591173380613327 0 0 0 0 0.414487823843956 0 0.6832616925239563 0 0 0 0 0 0 0 0 0 0.08231346309185028 0 0 0 0.4127083122730255 0 0 30.95273537933826 0.8270574733614922 39.13852406293154 8.535581290721893 5.064467415213585 3.907838962972164 0.282525509595871 6.223613537847996 1.479765936732292 0 0.2474850565195084 0.1208276152610779 0.7481385916471481 0 0.09790347516536713 0 1.908238291740417 0 7.77219807356596 0.1191174536943436
159.8561271578074 101.2152299135923 3.326756164431572 255.3836955428123 0.1539115458726883 4.747153013944626 10.43659366667271 0.3556523472070694 0.5912852585315704 604.1242798417807 0.9973283410072327 140.5822324305773 66.4155291467905 6.885036908090115 0 0 0 0 0 0 1.44869589805603 2.736055955290794 0 0 0.1516532748937607 0 0 0 0 0 24.41964704543352 0.1256914436817169 21.03914733231068 0 0 0 9.609888657927513 0.2028174102306366 4.37513542920351 0.8040098696947098 0 0 0 0 0 0 0.7606232315301895 0.1724301874637604 0.4934522211551666 0.1151133105158806 0.1071274504065514 17.62724667042494 3.109536275267601 0.1340924203395844 0.4063294753432274 1.593582026660442 34.37950721383095 18.92621601372957 1.18845596909523 0 0 3.434021189808846 0 0.5410837605595589 0.3074258118867874 0.848515048623085 0.2223928645253181 0 0 0 58.43324166536331 141.1168629527092 7.78555728495121 4.939126491546631 1.723747543990612 0.2753265351057053 0.9589179158210754 0.1342885941267014 0 1.043569304049015 0 0 0.8038719817996025 5.077582716941833 0 4.7349688783288 0 6.058860190212727 4.037192121148109 8.963146597146988 0.2836591303348541 0.5186224579811096 0 0 0.1252662986516953 243.9791216999292 254.0475775152445 52.19865171611309 14.39421609044075 286.4471582174301 0 0.1890083998441696 0.5663979798555374 0.7314780056476593 0.5925845503807068 0.2193691730499268 1.175682008266449 0 0.1459822803735733 2.559329271316528 0.5208196640014648 0.4853106290102005 1.687141358852386 0.9549676924943924 0 0 0.6502823829650879 0 0 0 0 0 0 0 0.2287726551294327 0 0 0 0 0 0 0.1088608354330063 0.3177884966135025 0 0.6069958209991455 0 0 0 0 0.4323483109474182 0 0.8895510286092758 0 0.1884862631559372 0 0 0 0 0 0 0 0 0 0 0 0 0 0.7306505739688873 0 0 0.2724083662033081 0 0 0 0 0 0.9269190430641174 0 0 0 0 0 0 0 0 0 0 0 0.2712510824203491 0 0 0 0 0.5303860902786255 0 0 0 0 0 0 0.2592172399163246 0 0.1674211174249649 0 0 0 0 1.105301097035408 0 0.3276695013046265 36.34968695044518 0.5922001898288727 5.621961794793606 1.822732053697109 142.5259387344122 0.9642345458269119 2.088905185461044 0 8.648963198065758 0 0.3137691095471382 0 7.614090070128441 0.1223805621266365 0 0.1048694923520088 0 0 78.97448686510324 0.8034825548529625
575.8285669982433 2940.692964553833 650.739635117352 765.0028586313128 2284.690927065909 10.43659366667271 1143.731298089027 43.43436218798161 2455.128181859851 3316.647256277502 1144.450827874243 85.88289675861597 5245.976126931608 5958.265257894993 6.839795514941216 2.224517330527306 0.4804660305380821 0.2977552562952042 0.1808503940701485 0.4783471748232841 1.535446353256702 0.2709101438522339 0.09883984178304672 0 0.5694322437047958 0.5572766363620758 0.09283360838890076 0.2921842187643051 0.09287271648645401 0.1072842627763748 263.3622596785426 31.50364589691162 19.28710552304983 0 0.09549435973167419 0.4847810640931129 5.667624600231647 0.9863577857613564 0.312315508723259 0.8035132735967636 0.91641466319561 0.2518684789538383 0.364338606595993 1.336574546992779 0 0.3075182363390923 88.49141518771648 7.271532952785492 0.43416777998209 0.3758061081171036 1.311883427202702 0 0 0.220784418284893 4.027918435633183 6.600938737392426 6.391126319766045 96.59343926608562 4.405535563826561 42.28526918590069 1.224909722805023 2.427215225994587 0.5293229222297668 74.79589419811964 6.072275131940842 9.515490233898163 2.857628837227821 2.219960369169712 1.826084934175014 1.730141915380955 10.74731681495905 0.3976049870252609 0 73.11791809648275 66.87597949802876 93.44442496448755 61.53814183920622 17.23924535512924 7.679098784923553 7.327367305755615 2.001035571098328 4.946861788630486 16.08547777682543 0.4306540787220001 5.074394054710865 6.005048908293247 1.65000144392252 0.1773560047149658 2.105624005198479 0.09292054921388626 0.599407359957695 0 2.348166465759277 0.1103400737047195 0.09726148098707199 28.35578251630068 6.800895750522614 0 1.080733880400658 16.12145125120878 0.2519541010260582 0.8989212885499001 3.722569905221462 2.045669414103031 1.79423926025629 5.065698400139809 2.694975309073925 2.129734769463539 6.655658081173897 18.1395240649581 2.153517708182335 4.507715947926044 15.23988271504641 8.641859121620655 6.019147455692291 0 0 0 0 0 0 0 0 0 0 0 0 0 0 0.2678862512111664 0 0.1324558258056641 0 0.3596191108226776 2.414622932672501 1.815702058374882 0 0 0 2.892607368528843 0 4.55830517411232 0.4709027409553528 0.1181273981928825 0 0.1547496616840363 0 0 0 0 0 0 0 0 0 0 0.09317442774772644 0 0.1717005297541618 0 0 0.1563176512718201 0.3522353693842888 0 0 0 2.963036090135574 0.1251693665981293 0 0 0 0 0 0 0 0 3.143871456384659 0 0 0 0 1.761785633862019 0.1457891166210175 3.067828886210918 0.2369379550218582 1.147999942302704 0 0.1091503649950027 0 0 0 0 0 0.07909422367811203 0 0 0 4.211071364581585 0.9845861792564392 2.21179424226284 209.4746756106615 9.410454586148262 249.8159630298615 46.05400484055281 85.19967024773359 22.35868079215288 1.319324910640717 33.56218694895506 15.13165666908026 0.9237608164548874 2.103230908513069 1.129131935536861 11.56962857395411 0.5602124333381653 0.1013419553637505 0.135781541466713 7.118987433612347 0.7450786530971527 83.91279736161232 2.933940656483173
9.072324395179749 788.6257084235549 3748.669086962938 0.5264127999544144 202.2286183387041 0.3556523472070694 43.43436218798161 3358.529256306589 296.6102880984545 44.40147493034601 4536.85826856643 25.13257742673159 187.1811987310648 2225.641742445529 13.83695125579834 16.72433748841286 0.7348718345165253 0.7835248559713364 0.8801733329892159 11.54128690063953 96.57720533758402 0.3426700234413147 0.2768319994211197 3.613584026694298 5.477494418621063 18.5489791110158 0.6743723601102829 3.058902151882648 0.6143584400415421 0.6309329122304916 1389.539172574878 2607.392860502005 141.6816149875522 7.286376982927322 6.687515079975128 11.9812850356102 11.01012576371431 7.424799770116806 3.095559477806091 3.679109305143356 55.83396889269352 8.17223896831274 10.44382171332836 47.60041251033545 5.685837753117085 23.29042440652847 60.86145982146263 1.855548456311226 2.901864990592003 11.54442568123341 8.137438155710697 0.6299677640199661 0 2.431540310382843 0.7851696163415909 1.424382694065571 3.360046826303005 108.5839602574706 2.077428482472897 15.44174233078957 115.7768884375691 134.6345446631312 36.96091487258673 346.415131047368 1.29664684087038 2.209785468876362 2.45317504554987 4.840161621570587 84.02744361758232 116.6649182140827 23.0897518619895 4.448154047131538 0 32.74594114720821 52.79718605428934 57.11152963340282 153.4972034171224 668.8407049924135 2525.862624406815 1476.713377989829 182.9123367220163 1313.654414214194 4.430387198925018 0.2165289968252182 1.116310656070709 1.419364534318447 9.598381735384464 0 0.4137125164270401 0 1.530469857156277 1.322063438594341 86.59546885639429 6.785578399896622 3.775268159806728 8.499016404151917 2.92087459564209 0 4.389962248504162 4.632344700396061 0 0 0.1452887952327728 0 0.1648814976215363 0 0.2143158912658691 0 0 2.187306582927704 0.2266082465648651 0.3858422785997391 2.092290967702866 1.394564747810364 2.193574547767639 0 0.2719739079475403 0.3816126883029938 0 0 0 0 0 0 0 0.1777128726243973 0 0.5017952173948288 0 0 0 0.4142889529466629 0 0 0.3291575014591217 0 0 0 0.2239763140678406 2.894835993647575 0.8616635426878929 4.32083011418581 2.870381370186806 0.9271547943353653 0.4058190286159515 0 0 0 0 0 0.1909345239400864 0 0.9399484992027283 0 0 0.4527720212936401 0.3343553245067596 0.2471344098448753 0 0 0 0 0 0 0 0.3458692133426666 5.322240374982357 0 0 0 0 0 0 0 0 0 1.879382476210594 0.1821497529745102 0.2124122232198715 0 0.1612981557846069 0.580665722489357 0.665923997759819 0.7690871059894562 0 0.5205866098403931 0.7658768892288208 0 0 0 0 0 0 0 0.1944746375083923 0 0.1412832289934158 1.819018304347992 2.301406040787697 3.351856485009193 73.60079260915518 9.802806660532951 112.186507076025 35.56498734652996 19.14821283519268 6.501203790307045 1.14662878215313 15.1466378569603 4.262822687625885 0.179638996720314 0.8111760690808296 0 2.509716868400574 0.2293308973312378 0.3093880638480186 0 4.430824041366577 2.070113033056259 28.85024680942297 0.6174118220806122
6.240826942026615 1781.312531664968 1173.156848922372 8.562962532043457 1798.309848353267 0.5912852585315704 2455.128181859851 296.6102880984545 554.5467127710581 128.3155193775892 875.561526954174 3.186940774321556 626.6152643486857 1630.358913235366 0.4464687779545784 0.1948696151375771 0 0.1045973151922226 0 0.3141479790210724 0.4026890397071838 0 0 0 0 0.1320618987083435 0.2994327768683434 0 0 0 31.88527376204729 4.398096725344658 1.994058161973953 0 0 0.114965632557869 0.6248648464679718 0.2415250167250633 0.08447088301181793 0 0.3322398364543915 0 0.1122911795973778 0 0 0.08241128176450729 8.755694977939129 0.4541579931974411 0 0.08079556375741959 0 0 0.1678639650344849 0 0.2955534756183624 0.3378729298710823 0.1764335185289383 5.744281217455864 0.332157127559185 3.946642875671387 0.5086224302649498 1.568889006972313 0 5.330253854393959 0.4199019894003868 0.2294639348983765 0.2754788026213646 0.1766995042562485 0.09570703655481339 0.7415057644248009 0.7708654254674911 0 0 4.705463834106922 4.147258535027504 6.801027789711952 6.237013034522533 1.430991746485233 13.58374413847923 9.821536093950272 0.1023730412125587 0.4950049445033073 0.5707639679312706 0 0.4361589699983597 0.3400947153568268 0 0.2817574292421341 0.2476774603128433 0 0 0.07865535467863083 0.3447695672512054 0 0 1.653258562088013 0.5145557522773743 0 0.10451640188694 0.2253518849611282 0 0 0 0 0 1.867481231689453 0 0 0.1185285001993179 0.7744118273258209 0.1819403916597366 0.4200720638036728 0.737549290060997 0.4740080088376999 0 0 0 0 0 0 0 0 0 0 0 0 0 0 0 0 0 0 0 0 0 0.0999298021197319 0 0 0 0.1306958496570587 0 0.5177313238382339 0 0 0 0 0 0 0 0 0 0 0.3366506397724152 0 0 0 0 0 0 0 0 0 0 0 0 0 0.1843480467796326 0 0 0 0.07924260944128036 0 0 0 0 0 0.449871301651001 0 0 0 0 0.2361398339271545 0 0.2309808656573296 0 0 0 0 0 0 0 0 0 0 0 0 0 0.5172926932573318 0.1717364937067032 0 17.4419849589467 1.3434953764081 15.09553750604391 2.788496650755405 3.038021542131901 1.240494467318058 0 2.128492213785648 0.6365155205130577 0.1047103628516197 0 0.2749471068382263 0.1150135099887848 0 0.1188030615448952 0 0.6084298193454742 0 4.433758325874805 0.8672911897301674
2875.76980753988 2770.458044834435 282.9371779114008 2134.980933845043 533.1084687039256 604.1242798417807 3316.647256277502 44.40147493034601 128.3155193775892 1472.297071278095 187.7193771153688 1585.822384394705 9517.302545100451 1195.608140848577 18.1629523485899 14.6143212467432 0.9975411370396614 0 0.2597908228635788 1.149871863424778 6.381920881569386 1.164246186614037 0 1.021567143499851 1.559054553508759 2.681857518851757 0.4417413026094437 0.2834260761737823 0.491173043847084 0.4838016629219055 221.8160726055503 42.54541792720556 161.4244671463966 0.6537221595644951 0.5105354115366936 1.464363798499107 46.67215200513601 5.209827281534672 5.257256515324116 3.750885799527168 6.410406149923801 2.143588870763779 0.2004024833440781 6.415643468499184 0.7839139774441719 1.116521902382374 200.6111496910453 10.87994017452002 0.8500189036130905 2.475342847406864 2.05635392665863 2.342047780752182 0.9003649801015854 0.4635226726531982 4.87813850492239 11.07392241805792 36.84638947248459 144.406437382102 11.45368038117886 69.74982549250126 4.841602943837643 38.87791988253593 2.833382487297058 107.6539433822036 8.347813598811626 14.40714344382286 3.986710242927074 4.31080774217844 9.265220336616039 9.990478664636612 195.7309586629272 23.47163981199265 0.6306331157684326 110.1833979785442 100.8441551327705 170.0470668971539 130.4206295758486 57.95311541855335 22.08919836580753 17.96852274984121 11.59471267461777 24.86762218177319 22.54324900358915 1.143110260367393 7.249913342297077 7.905476711690426 2.597656100988388 1.408563114702702 3.406085088849068 0.9203538447618484 2.004319913685322 0.2999797537922859 11.58526527881622 1.158882789313793 1.29219127446413 821.9705778881907 239.9292129576206 4.666810765862465 21.28148286789656 415.2808426469564 8.599903255701065 52.92367327213287 81.75660695880651 70.59745279699564 39.47184059768915 26.79699397832155 109.9560505151749 13.06116427481174 155.6538390740752 407.0454262197018 49.56259429454803 79.08581712841988 396.9146407023072 162.6220630630851 103.910031080246 0.7065092027187347 1.110618650913239 0.1832398474216461 0 0.1135359779000282 0 0 0.8260950446128845 0 0.7435576170682907 0 0.2474343627691269 3.450061097741127 2.300108879804611 2.735930643975735 3.545631885528564 2.395618364214897 0.2806782722473145 0.8753119707107544 25.39168088883162 29.61498579382896 0 0.6757700443267822 1.301922157406807 43.83085914701223 8.721278131008148 71.37580214440823 15.34491769224405 5.686354957520962 0.4536323696374893 1.659864202141762 0.6160602271556854 2.225056394934654 0.139868900179863 0 0.3363586664199829 1.709690608084202 5.61267151683569 0 0 0.2171311974525452 0.9727805405855179 2.115010865032673 0.3919708132743835 0 0.2632363140583038 3.008233398199081 5.207212761044502 6.389732763171196 0.2729757130146027 4.118181370198727 78.01680533587933 5.223486877977848 0.4292519390583038 0.3998048901557922 0.09577445685863495 0.4099713265895844 0 0.1243706047534943 0 0.5243770480155945 61.40904622524977 4.201670750975609 0.6827153414487839 0.3586846590042114 2.099880181252956 42.79434049129486 14.44532677531242 37.36614209413528 3.477649547159672 9.85937736928463 5.215317256748676 1.015625506639481 0.8287169113755226 0.117964081466198 0.3426643535494804 0.1332586407661438 0.2516417503356934 0 0.6654835194349289 0.168753370642662 1.013579823076725 95.58380038291216 25.97930116206408 46.49406565725803 1306.10575773567 28.37928088009357 618.826832190156 164.302560582757 1578.686089277267 111.0314316824079 4.866105794906616 221.4816504940391 436.3627259507775 2.09559690207243 33.19910271465778 6.378018274903297 477.0570493638515 6.222442001104355 2.70769214630127 2.350963547825813 29.48106629401445 14.55442440509796 2014.163624890149 73.20180994272232
40.09545700252056 3259.340327262878 3675.853302493691 10.61569979041815 1285.394957773387 0.9973283410072327 1144.450827874243 4536.85826856643 875.561526954174 187.7193771153688 1767.037165373564 137.233771301806 1753.864166244864 4082.358773827553 13.23032554984093 17.6632184907794 1.057079285383224 0.9916039928793907 0.866185687482357 2.744940973818302 36.25887682288885 1.087504208087921 1.619722455739975 5.055922076106071 11.17384292185307 25.18959772586823 1.80126666277647 4.158546596765518 1.298258788883686 1.248886175453663 661.2376099005342 145.9800700247288 570.3363285809755 2.290236987173557 4.698650754988194 14.37009716778994 157.759315289557 27.25735484808683 15.72305598109961 9.295430682599545 43.83543779700994 7.548340164124966 1.55402534455061 12.29783384501934 0.616075187921524 2.456043317914009 54.40786960721016 3.558755531907082 0.8045312315225601 2.438635237514973 5.829214006662369 2.013264209032059 1.335111945867538 2.701862640678883 0.9540022537112236 2.436824530363083 2.891978017985821 57.21427887678146 2.018377222120762 16.05575574189425 13.40556358546019 111.2964632958174 7.373143844306469 59.92108828574419 1.724323563277721 2.483998641371727 1.402033507823944 3.438648663461208 16.3631497323513 33.18374141305685 128.5736122652888 0.7460945248603821 0 24.49818074703217 30.92861350625753 54.02699475735426 69.26231893897057 56.67488376051188 569.4152365028858 1865.334375828505 12.06141546368599 693.2737426534295 6.082774341106415 0 1.568052746355534 2.100283280014992 2.585345506668091 0.1812221705913544 1.646162167191505 0 1.75336629897356 0 30.39413129538298 3.246181473135948 1.900066316127777 22.56881050765514 5.029598861932755 0.1295897662639618 10.75767650455236 6.510500364005566 0 0 1.329289972782135 0.4787475019693375 0.8465296626091003 0 0.1893351078033447 0 2.430297859013081 2.358782976865768 1.817678093910217 0.5592228621244431 3.429797515273094 1.359947927296162 2.480319544672966 0 0.1887597739696503 0 0 0 0 0 0.3021344244480133 0 0 0 0.1513146460056305 0.2043836116790771 0 0 0 0.103694848716259 0.1976405382156372 0.1466125696897507 0.5717610269784927 0.6875655949115753 0 0.1163349822163582 0 1.009893961250782 0.3763116076588631 1.698625825345516 0.8059472218155861 0.1237495392560959 0 0 0 0 0 0 0 0 0 0 0 0.1123810634016991 0.2130237370729446 0.2064445316791534 0 0 0 0 0.4973102509975433 0 0 0 3.699370168149471 0.2355591356754303 0 0 0 0 0 0 0 0 1.129761606454849 0.4251821339130402 0 0.1097602769732475 0 0.9934835061430931 0.4586422741413116 0.1322121769189835 0.1639373302459717 0 0 0.1431111842393875 0 0.1015968322753906 0 0 0 0 0.3820392787456512 0 0 1.615109816193581 1.180005311965942 2.374409765005112 100.1039472222328 7.610820531845093 112.8288657590747 36.11943444609642 12.64751106500626 10.90197787433863 0.6853380128741264 22.82688601315022 2.689154677093029 0.4157673716545105 1.762968793511391 0 1.169975638389587 0 0.1072704643011093 0 1.65121753513813 1.013459920883179 21.11169068515301 1.441522933542728
320.5758937001228 7.512041129171848 4.729210376739502 109.1066623032093 2.002577021718025 140.5822324305773 85.88289675861597 25.13257742673159 3.186940774321556 1585.822384394705 137.233771301806 154.1103502511978 1533.697052627802 236.1268159672618 13.74255078285933 14.66176745295525 0.8858547061681747 2.050226502120495 0.125021904706955 4.02227421104908 25.97624903172255 11.12670585513115 0.38381227850914 2.011224552989006 12.48960234224796 15.53107285499573 0.8135058507323265 2.434762865304947 3.8549974411726 0.7498306930065155 7.53954591602087 9.766385644674301 169.277795933187 0.5465065613389015 1.153569370508194 5.431138753890991 153.645206362009 31.39874694496393 34.59542734920979 15.32806970179081 34.50714562833309 5.20742616802454 0.7051443606615067 5.311849921941757 0.3546110317111015 0.1417204141616821 44.64912652224302 0.6315807700157166 1.066638797521591 0.7136906832456589 6.743627168238163 3.294084072113037 5.570136271417141 8.169184640049934 0 0.5031987950205803 1.06383540481329 4.477393783628941 0.7205094769597054 5.311540618538857 2.806039273738861 19.03121389448643 2.477707207202911 18.26808428764343 0.6308963149785995 1.952463611960411 1.000519305467606 3.404949456453323 10.31601186096668 22.11811920255423 264.0240820944309 13.44647040963173 0 7.752554379403591 9.046107217669487 35.62419526278973 43.136339597404 34.78119017183781 10.86722036451101 8.685641929507256 4.58435133844614 9.562146231532097 1.922353655099869 0 0.3095550537109375 0.2022793292999268 0.9923229217529297 0.09598910808563232 0.7560721039772034 0.1306779235601425 3.003931753337383 1.565399080514908 31.80079571157694 6.835517883300781 4.28102184087038 732.0374559685588 158.5923845246434 0.2587216198444366 31.84026929736137 22.52695308625698 2.973209217190742 13.89278053492308 27.73273034393787 22.58941871672869 12.87537889927626 32.65375237166882 31.32024579495192 4.241755209863186 57.94778184592724 122.4558177962899 13.53231031447649 33.2928255200386 188.6968495547771 76.79052402824163 33.98446902632713 0.54123654961586 0.5670067816972733 0 0.1338796317577362 0 0 0 0.1924427151679993 0 0.9222172200679779 0 0.3553811460733414 1.158133178949356 0.3625073432922363 0.1284774392843246 0.8928085714578629 0.1136896908283234 0.6280519217252731 0.4774964153766632 10.02454405277967 11.2653177306056 0 0.2308038920164108 0.4408729821443558 13.00462181121111 1.93558319658041 21.78994988650084 3.979165822267532 0.6613798588514328 0.6901651620864868 0.4428307190537453 0 0.3671770989894867 0 0 0.726491391658783 0.4382531642913818 1.086311526596546 0 0.1179800927639008 0.7781779170036316 0.7383382618427277 0.8275983557105064 0 0 0.3040271773934364 0.8504636660218239 1.6000140234828 2.633830651640892 0 0.4198624193668365 25.4880051612854 2.314211070537567 0 0 0 0 0 0.1042888611555099 0.1942739933729172 0.08172286301851273 23.30161841958761 1.789541147649288 0.2410832643508911 0 0.4061803966760635 9.819178521633148 1.415479063987732 7.489351317286491 1.549016609787941 3.237990997731686 1.046936042606831 1.534063227474689 0.6345756202936172 0 0 0 0 0 0 0.1373025327920914 0.4287240207195282 38.95864821225405 8.113419011235237 13.18090721964836 178.0210939049721 8.780099809169769 121.1955467611551 54.0018775165081 114.1161851137877 11.10441157221794 0.3211618959903717 41.5572060868144 100.8737472891808 0 11.32115629315376 2.149757079780102 120.262449093163 0.116156630218029 0 0.8827102780342102 3.508106589317322 2.168850749731064 937.3516045883298 24.84529243409634
156.3661874160171 1085.637660332024 168.717471934855 270.0907624140382 337.7264926061034 66.4155291467905 5245.976126931608 187.1811987310648 626.6152643486857 9517.302545100451 1753.864166244864 1533.697052627802 3261.15124540031 6137.826959252357 25.7724187001586 32.7715700045228 1.492287375032902 1.132377117872238 0.4483938366174698 4.197173275053501 45.82744120806456 6.073733538389206 0.2855219766497612 4.064080595970154 16.63895843923092 18.16733692586422 1.257158704102039 5.153227217495441 2.827894650399685 0.9419794008135796 57.77985702455044 35.17198479175568 1193.237031787634 1.474214278161526 3.055031947791576 11.96288910508156 993.4897133111954 46.19297403842211 109.7570958808064 29.53957147151232 51.92022021859884 11.2969598993659 3.815118558704853 21.03294118493795 0.8930165395140648 4.327149666845798 136.7412320896983 2.603887125849724 1.93061837553978 5.302704460918903 10.52854509651661 2.889011219143867 9.592281594872475 5.685923285782337 0.3004445284605026 1.903951406478882 4.999891586601734 25.89151918143034 4.420779399573803 26.97478698939085 13.84214141219854 48.49803654104471 5.708863519132137 62.3778844550252 1.906266167759895 3.781246304512024 1.767010733485222 4.442312113940716 26.83552182465792 47.72971495240927 601.6776069924235 10.62459909915924 0.1488872319459915 27.55698093026876 38.58204153180122 107.749382995069 103.8653320819139 105.3759264945984 47.47268313914537 55.82291242480278 23.42530074715614 47.59381930530071 5.76839105784893 0 2.951579481363297 2.890280000865459 3.923765271902084 0.2548943907022476 1.544198617339134 0 1.809104397892952 0.6304490119218826 54.78658562153578 7.47108368575573 5.688777387142181 982.9178855121136 113.57637501508 1.122528865933418 65.66168188303709 16.00832687318325 4.55382314324379 15.20430951565504 23.61489346623421 21.6509088948369 16.82184737920761 10.11135284602642 36.16352321207523 6.48286122828722 53.71030982583761 143.9268501251936 21.38833679258823 36.73405405133963 178.6535673588514 83.01652704924345 57.76060871034861 0.3794959187507629 0.7757979705929756 0 0 0.1571965217590332 0 0 0 0.1203503236174583 0.1079889088869095 0.1248484551906586 0.6535129994153976 1.788125492632389 1.304250776767731 2.020812660455704 0.752934530377388 1.35212941467762 0.1110731586813927 0.6534487456083298 15.44824839383364 12.8610964268446 0 0 0.1105556339025497 24.33173051476479 1.694310002028942 31.7874711304903 7.094971366226673 2.401053234934807 0.5496819019317627 0.5155689418315887 0.3187237828969955 1.164313405752182 0 0 0 1.90990849584341 3.099961049854755 0 0.120849147439003 0.1141528412699699 0.2187509313225746 1.186789281666279 0 0 0.1018861383199692 1.162589013576508 3.030981451272964 1.862953022122383 0 0 37.70597264170647 6.125931434333324 0 0.1624680012464523 0 0 0 0 0.2264216765761375 0 33.7471000701189 1.965007022023201 0.7612699419260025 0.3072632551193237 0.862732782959938 14.57977145910263 4.585629820823669 14.84449584782124 3.673174455761909 4.25360406935215 3.900851786136627 1.536600887775421 0.2284197360277176 0.1113699898123741 0 0 0.09726147353649139 0 0.1211876273155212 0.1511749178171158 0.8077582791447639 52.7163054049015 15.91127198934555 24.45182269066572 371.5207358375192 11.99309744685888 324.3989402651787 107.9477438032627 88.91438788175583 35.09917424619198 1.400203481316566 112.775577686727 132.0058156847954 0.7650720626115799 12.89692123234272 2.045495145022869 140.3190457075834 0.7293940484523773 0.8090977370738983 1.808000043034554 11.368657797575 4.731253802776337 806.672775760293 39.39509020745754
