172.9423919245601 2261.99310234189 1080.162935450673 302.998745970428 85.98045948892832 217.7877829149365 375.933688044548 316.5879251286387 34.107935115695 409.7657532319427 210.5873847529292 21.90553828328848 62.2976413667202 68.83538147807121 7.615354955196381 1.48864933103323 0.1957648321986198 0.321932390332222 0 0.3401203975081444 0.2376830577850342 3.281715497374535 0.2748071253299713 0 0.9510400295257568 0.08844234794378281 0 0 0 0 1271.609025903046 186.9514818936586 7.138517007231712 0.1000667661428452 0.264084130525589 0.7984000742435455 4.662675686180592 2.224805623292923 1.491161361336708 0.6996312588453293 0.8617896661162376 0.6166640818119049 0.7327398881316185 0.09305772930383682 0.3819554075598717 0.09851764887571335 43.59987314790487 6.803199090063572 0.4419987052679062 1.117817796766758 1.525554627180099 3.469859942793846 0 0.2230141907930374 9.356409713625908 5.493280038237572 120.7545824050903 928.4442171603441 20.63788966089487 29.3938105031848 0.4020319953560829 1.999900102615356 0.3438959792256355 21.14640852063894 9.371505849063396 7.12211736291647 3.991745449602604 3.039764299988747 4.767509490251541 4.247175090014935 14.04547399282455 15.9145924448967 2.452709317207336 94.41942849755287 61.3129274174571 116.4664308354259 36.21726962924004 6.361962959170341 1.270460195839405 21.10531468689442 0.5473976954817772 2.560396581888199 27.75667221099138 0.9227550029754639 3.421282157301903 7.885944083333015 2.058964669704437 0.1366780698299408 1.215717457234859 1.634143747389317 0.1670223549008369 0.07960006594657898 10.39602262526751 1.545612819492817 0 179.6141618341208 41.79307109117508 11.4454460889101 5.051582433283329 965.6278220638633 0.2826381623744965 87.21042989194393 8.495203897356987 22.28127887845039 0.8687758445739746 12.63331893086433 165.2756427899003 4.292420268058777 18.38427901268005 70.5612840950489 4.165715843439102 7.362849339842796 26.43468183279037 25.61353971809149 3.638105764985085 0 0 0 0 0 0 0 0 0 0 0.1279407888650894 0 0.3536908030509949 0 0 0 0 0.4366472661495209 0 0.8110200762748718 0.1636831164360046 0 0 0 1.604921713471413 0.3357490450143814 3.732331164181232 0.8178238570690155 0.4928064122796059 0 0 0 0 0 0 0 0 0 0 0 0 0 0 0 0 0.8092929124832153 0.2059284597635269 0.394894003868103 0 0 1.651683494448662 0 0 0 0 0 0 0 0 0 0 2.063758619129658 2.034065969288349 0.4008427262306213 0 0 1.585575386881828 0.3760741949081421 0 0.09179931879043579 0.1689111143350601 0.1049791127443314 0.2230989933013916 0.1647599041461945 0 0.3309975117444992 0 0 0 0.1905983164906502 0 0 8.222125828266144 2.908661581575871 1.04276867210865 41.16073874384165 4.571671359241009 215.9214468300343 34.21911062300205 525.6134755387902 11.78043835610151 3.977746099233627 2.173382259905338 0 0.2000672593712807 0.3351585865020752 0.1208097115159035 62.92242592573166 0.1063846945762634 0.1468494385480881 0 0.4314131438732147 0 924.7942582219839 93.12279585003853
2261.99310234189 2151.160679392517 2161.722938932478 322.3431451544166 2404.811828330159 156.4982048347592 2911.446909811348 758.656922891736 1778.562258526683 956.4294728934765 1255.367114327848 172.019815646112 1688.895281046629 1459.187098816037 26.87747296690941 6.524903148412704 1.507550828158855 1.55884875357151 0.1813394874334335 0.8601807653903961 0.4995852112770081 0.3270322903990746 0 0.101411372423172 0.3993396013975143 0.2056159600615501 0.1620219796895981 0.4718846678733826 0 0.220063827931881 3168.05210866034 129.9362200647593 20.44824859499931 0.09883332252502441 0.5104123204946518 1.462214440107346 10.50717826932669 1.883299186825752 1.032799534499645 0.2129388973116875 1.03699603676796 3.053520441055298 0.9563164561986923 0.8218005746603012 0.3971356377005577 0.6027679368853569 117.9435577988625 15.60610985010862 3.105304926633835 1.261135198175907 3.933408953249454 0.4839055091142654 0.957924596965313 0.3151147738099098 8.692071907222271 8.1592972651124 101.9579336643219 701.8934544473886 23.40315894037485 57.53931245207787 1.184014528989792 4.453239969909191 0.9722307547926903 224.29791816324 11.87045906484127 15.13425183296204 4.68435151129961 6.63143065571785 4.985879167914391 4.54313613474369 8.802344560623169 4.079844653606415 0.3353189006447792 153.3371173739433 211.3516416028142 361.1829109042883 269.4853925034404 15.4853523671627 3.960108071565628 33.21365488320589 0.1749926805496216 4.461785458028316 42.05309134349227 1.135484963655472 11.12654364854097 12.7261832728982 4.332758106291294 0.1706491857767105 1.611425876617432 0.1105582639575005 1.15946663916111 0.3168114125728607 11.894222676754 4.912411741912365 0.2982214912772179 69.77316706627607 9.514624044299126 2.129093647003174 2.826384425163269 853.5595977604389 0.4947329461574554 6.218743279576302 3.550186574459076 3.058030910789967 2.490586660802364 4.470200210809708 25.79838973283768 2.207413785159588 9.009902015328407 19.02696993201971 4.214756011962891 5.149650365114212 12.30042950809002 14.0632411763072 3.225714862346649 0 0 0 0 0 0 0.2432499825954437 0 0 0 0 0 0.3522526025772095 0 0 0 0 0 0.1027308702468872 0.6694142520427704 2.250558823347092 0 0.2272064983844757 0 1.835969284176826 0.5330455750226974 3.364573314785957 0.8897135108709335 0.3537810072302818 0 0 0 0 0 0 0 0 0 0 0 0 0.3448388874530792 0.1860133558511734 0.2857305109500885 0 0.3547270819544792 0 0.5401266068220139 0 0 0.4940131902694702 1.003889568150043 0.1187246143817902 0 0 0.09317940473556519 0.08303792029619217 0 0 0 0 4.270367726683617 0 0.1682517975568771 0 0 2.153210118412971 0.1761821508407593 0 0 0 0 0 0 0 0.3178386837244034 0 0 0.1712905392050743 0.08201535046100616 0 0 6.138919271528721 1.883837759494781 1.164756290614605 107.9809921309352 5.615345548838377 433.8032156527042 71.41622961312532 94.30408858507872 19.48281412571669 3.418186716735363 29.24919927120209 1.04708293825388 0.5941445380449295 0.5310934111475945 0.655687227845192 4.124070361256599 0.3662469089031219 0.1664004325866699 0 2.16582365334034 0.76776073127985 133.6660168021917 14.58055098354816
1080.162935450673 2161.722938932478 866.9980707317591 18.34186135232449 1147.331305630505 4.865868829190731 438.9047031477094 2319.732217974961 927.3341553509235 51.22381636500359 1850.59804802388 59.39607663452625 235.1045851707458 829.3555965647101 11.88570933043957 6.747795447707176 1.750553704798222 3.941465727984905 1.18725872784853 4.951609447598457 3.425096586346626 0 0.6243723183870316 1.788044586777687 0 0 0.0848970040678978 0 0 0 2457.814798340201 1058.488682560623 37.49917198717594 1.330554835498333 1.109964065253735 1.151548534631729 19.4253216907382 1.647787034511566 0.2287363335490227 0.09301898628473282 3.718773059546947 5.775448031723499 5.536737158894539 2.225728861987591 3.99799532443285 2.272881142795086 33.60006902366877 3.777582988142967 1.894715808331966 5.316841192543507 5.176063194870949 0.07478153705596924 0 0 1.806249111890793 1.500964470207691 22.05585220456123 187.7890114858747 4.243767894804478 12.68295658379793 4.644565656781197 11.37621455639601 2.254438154399395 472.8231115937233 1.665144056081772 3.56566184014082 2.160118028521538 4.783652640879154 24.89547334611416 22.14066039770842 10.2250063419342 0.1330874711275101 0 27.46276657283306 92.54549339413643 73.11221785843372 181.5128386989236 83.91481032222509 20.98998229205608 241.4772193133831 2.376656241714954 28.85356224328279 6.948272682726383 0.2913235127925873 2.589175939559937 2.026466272771358 4.577200554311275 0 0.7011368423700333 0 0.2893274128437042 0 51.22832196950912 9.789240308105946 0.8767592757940292 2.18710582703352 0.6915447935461998 0 0.2500665932893753 130.3685806021094 0 0 0.5102103874087334 0.1261443346738815 0.2141671478748322 1.592376716434956 0.3918272107839584 0.9282453209161758 0.1233388036489487 2.579197630286217 0 1.518405519425869 3.837624877691269 2.618617564439774 0.9384746700525284 0.09968893975019455 0 0 0 0 0 0 0 0 0 0.243907555937767 0 0.1934175789356232 0 0 0 0 0 0 0 0 0 0 0.1830552220344543 0.6452691406011581 0.5014085471630096 2.566796466708183 0.4177240133285522 0.2303944975137711 0 0 0 0 0 0 0 0.1095083430409431 0 0 0 0 0 0.2453610599040985 0 0 0 0 0.232843428850174 0 0 0 0.1353107392787933 0.4083926677703857 0 0 0 0 0.1201372444629669 0 0 0 0.972170926630497 0.4386900812387466 0.1320838779211044 0 0 2.089858442544937 0.3350363969802856 0.1369795352220535 0 0.179971382021904 0 0 0.3239201009273529 0 0 0 0 0 0 0.1694442480802536 0 0.7443344220519066 1.448340684175491 0.1491749137639999 59.84547556191683 2.190250709652901 111.8604046478868 22.84676937013865 15.3794364258647 3.081836573779583 0.2989593222737312 6.35380457341671 1.093191385269165 0.2217804193496704 0.2764356732368469 0 1.104553148150444 0.2456321865320206 0 0 0.5848775058984756 0.3308126032352448 12.60258613526821 0.9460957944393158
302.998745970428 322.3431451544166 18.34186135232449 114.5147739425302 25.47835911810398 150.8953849300742 421.4065991863608 1.66629084944725 5.209048748016357 942.458825185895 2.472128517925739 168.6689472049475 852.3106599971652 104.459337554872 2.503806836903095 0.3124791011214256 0 0 0 0 0 0.3868106305599213 0 0 0 0 0 0 0 0 120.6297388002276 1.541035562753677 2.494601294398308 0 0 0 1.675882391631603 0.294515460729599 0.9946979805827141 0 0 0 0 0 0 0 16.63038375973701 1.910297594964504 0.316591665148735 0.2882419973611832 0 0.4150683730840683 0.2227202653884888 0.09001816809177399 1.964183166623116 1.753590047359467 19.29720827937126 104.2933561056852 3.730214104056358 8.924752086400986 0 0 0 10.15812449157238 2.696498200297356 1.451090753078461 0.7675533667206764 1.237410545349121 0.4019340425729752 0.1069287806749344 4.342947006225586 2.675454452633858 0.09780613332986832 26.54267149418592 25.91268575191498 54.1470205783844 21.63654171675444 0.2496593147516251 0 0.1686562746763229 0 0.1985703334212303 7.282651342451572 0.5140442848205566 0.7531378567218781 2.299798190593719 0.5797527655959129 0 0.3538619801402092 0.6416603922843933 0 0 0 0.08618525415658951 0 83.33339934051037 7.77681665122509 0.7290287464857101 2.071630723774433 168.9200344085693 0 7.656336218118668 1.775840871036053 6.235069379210472 0.3301788866519928 5.277586124837399 27.34263190627098 1.059258207678795 2.911241680383682 8.837217405438423 2.003784030675888 8.68505235016346 15.99932839721441 18.95374624431133 1.152488522231579 0.1486563235521317 0 0 0 0 0 0 0 0 0 0 0 0.5114220976829529 0 0 0 0 0 0 0.6880425214767456 0.6228663623332977 0 0 0 0.6029742956161499 0 2.717597037553787 0 0.6345107182860374 0 0 0 0 0 0 0 0 0 0 0 0.1171815916895866 0 0 0.160335585474968 0 0 0 0 0 0 0 0 0 0 0 0 0 0 0 0 0 0.750510036945343 0.5600858479738235 0 0 0 1.769282788038254 0 0 0 0 0 0 0 0 0 0 0.1495693773031235 0 0 0 0 4.269217476248741 0 0 17.70641346275806 1.096553586423397 71.3076600804925 9.566934987902641 43.61078156530857 3.38846381008625 0.5390608161687851 2.581363037228584 0 0.08882813155651093 0 0.5925078392028809 2.912893772125244 0 0.1590768098831177 0 1.054847359657288 0 115.3895250558853 16.45532108843327
85.98045948892832 2404.811828330159 1147.331305630505 25.47835911810398 1043.279460117221 13.79778759181499 1424.833236098289 400.154490172863 1724.055310882628 301.3750156164169 1018.704400248826 53.76668370515108 1294.236565023661 2396.84692273289 11.81352545320988 3.027494266629219 0.08822298794984818 0.1009123772382736 0 0.312187634408474 0 0 0 0.09255751967430115 0 0 0 0 0.1302158683538437 0 150.141691967845 25.49229217320681 2.467675395309925 0 0 0.4204139113426208 1.691119343042374 0.1942154318094254 0.08674468100070953 0 0.2140445485711098 0.1330401003360748 0.1869406029582024 0 0 0.1003426983952522 38.13565422594547 3.681610397994518 0.8454023152589798 0.5615244582295418 0.618043839931488 0 0 0 1.092549189925194 0.898384302854538 13.82974530756474 45.12224328517914 3.724604211747646 12.75409846752882 0.08806081861257553 0.3207137361168861 0.1397970467805862 47.11808649450541 1.608365915715694 1.817513547837734 0.4247623533010483 1.713662892580032 0.6328600123524666 0.3497832864522934 3.93105249106884 0.1913634985685349 0 25.77599011361599 43.52563544362783 78.24662847071886 92.23954499512911 5.826735317707062 1.422425158321857 2.556187078356743 0 0.8654962554574013 5.545601353049278 0 2.435442686080933 2.246759064495564 0.6045992448925972 0.0835883766412735 0.2841608971357346 0 0.2433639019727707 0 0.9054134339094162 0.4466414898633957 0 12.34854918718338 0.607349306344986 0 0.4424305334687233 6.501169055700302 0.2736687287688255 2.720751255750656 3.615599624812603 2.597816288471222 0.9128469973802567 4.691874854266644 18.62634063512087 3.543991513550282 6.62339460849762 9.747624933719635 3.500482782721519 8.367351613938808 17.50604927539825 21.45216169208288 4.201843522489071 0 0 0 0 0 0 0 0 0 0 0 0 0 0 0 0 0 0 0 0.5693251490592957 1.021352760493755 0 0 0 2.707017108798027 0.4116165861487389 4.144599221646786 0.4265170469880104 0.518461599946022 0 0 0 0 0 0 0 0 0 0 0 0 0.1727740913629532 0 0 0 0.247095488011837 0.3284763991832733 0.08572546392679214 0 0 0.1903282105922699 0.6081570461392403 0 0 0 0 0 0 0 0 0 4.731838792562485 0 0 0 0 4.509951032698154 0.1280586272478104 0.1138792186975479 0 0 0 0 0 0 0.07336630672216415 0 0 0 0 0 0 6.571677908301353 0.6176385432481766 0.6674413979053497 59.49843302369118 1.720850214362144 144.1756947115064 29.85771679505706 21.35098046064377 4.530605800449848 0.5176688209176064 13.95896732062101 0.7461163625121117 0 0.2867212295532227 0.1730019599199295 2.726350694894791 0 0 0 1.66852605342865 0.4629178941249847 17.4367767572403 4.917999066412449
217.7877829149365 156.4982048347592 4.865868829190731 150.8953849300742 13.79778759181499 0.9569528847932816 139.7313511297107 3.639121815562248 5.562799051403999 617.9306932389736 3.952425323426723 190.504160746932 351.1772750243545 53.96708155423403 0.4369982481002808 0.3054122254252434 0.1112373098731041 0 0 0.33938367664814 0 4.790555819869041 0 0 0.1367400288581848 0 0 0.1985256224870682 0.1333752423524857 0 171.3273100703955 0 6.624862730503082 0 0 0.440595269203186 12.66192372143269 3.376331388950348 5.864364877343178 0 0.1244950667023659 0.2595446854829788 0 0 0 0 16.56247469037771 0.8483963459730148 0.1699821054935455 0.6867641359567642 0.2154489830136299 9.903539583086967 4.636551052331924 0.5407057106494904 1.09042589366436 1.739940136671066 48.95543725043535 127.9037668034434 3.784329250454903 12.48711822926998 0 1.915270239114761 0 2.254101425409317 1.984217151999474 1.235078640282154 0.8410993292927742 0.6951086670160294 0.1701628640294075 0 36.71492677181959 57.62905983626842 5.859077297151089 25.05795183777809 19.11364009976387 41.33797617256641 8.758581705391407 0.6908361613750458 0 1.314054369926453 0 0.2656396850943565 4.939878918230534 1.119115129113197 1.062339797616005 2.010237574577332 0 1.13536025583744 0.2909610569477081 4.211361937224865 0 0.1080785468220711 0.1241470277309418 0.2702774032950401 0.4414122104644775 257.2359849363565 129.336448982358 48.98638164997101 21.4502077549696 255.4317789673805 0 17.0475244820118 1.738972246646881 5.893840603530407 1.191880732774734 3.907044090330601 59.04649506509304 3.648345708847046 3.320916399359703 18.62506759166718 2.738611876964569 3.273551091551781 11.26800594478846 12.75024455785751 1.112512052059174 0 0 0 0 0 0 0 0 0 0 0 0 0.4692879021167755 0 0 0 0 0 0 0.4412143379449844 0 0 0 0 0 0.11768639087677 0.5963841080665588 0 0 0 0 0 0 0 0 0 0 0 0 0 0 0 0.1905310600996017 0 0 0.1454413384199142 0 0 0.784456193447113 0 0 0 0 0 0.1898204237222672 0 0 0 0 0 0 0.6149384826421738 0.3431448191404343 0.140432596206665 0.2420162856578827 0 1.173544108867645 0 0.3292123079299927 0.1623936146497726 0 0 0 0 0 0 0 0.1294424086809158 0 0 0 0 5.755340397357941 0.2914399206638336 0.5516238883137703 71.36697173118591 0.1442660242319107 86.10257343202829 5.886668846011162 201.8620140179992 6.986039027571678 0 1.096431002020836 0.1236258968710899 0 0.151541993021965 0.6926012337207794 11.04485428333282 0 0 0 0 0 72.45377928763628 20.93629577755928
375.933688044548 2911.446909811348 438.9047031477094 421.4065991863608 1424.833236098289 139.7313511297107 1176.905525662005 24.54704111814499 1538.737069889903 1680.33289077878 191.1226595118642 258.7943582758307 4211.747733309865 2671.932612717152 16.30966292321682 5.550937309861183 0.4190576449036598 0.6717206239700317 0.07871545851230621 0 0.2309983894228935 0.2419885471463203 0.1078898087143898 0.0797092616558075 0 0 0 0.1095721572637558 0 0.07530011236667633 197.9641277492046 18.61015024781227 3.801994986832142 0.0815521776676178 0.1609959676861763 0 5.062056235969067 0.6638202667236328 0.3777362704277039 0.1336295455694199 0.1079040020704269 0.239245317876339 0.6540053933858871 0.1460034400224686 0.09056183695793152 0 71.04625150561333 7.424530297517776 1.756157971918583 0.7974312230944633 1.011925630271435 0.1447653621435165 0 0.08101960271596909 2.831093557178974 3.202618263661861 32.22994884103537 132.8976931422949 10.0322153493762 28.36524223536253 0.5204372853040695 0.3244863897562027 0.3658959046006203 64.02265580743551 3.876738481223583 4.138299472630024 2.545530889183283 2.520916052162647 1.678980313241482 0.3569115549325943 10.51967281103134 1.355885490775108 0.1596507281064987 64.07791651785374 84.01103326678276 158.2334723547101 144.6775259673595 6.272430807352066 1.142828375101089 3.446373112499714 0.08074519038200378 1.579790964722633 13.6921566799283 0.430629663169384 4.660523399710655 3.809794422239065 1.353509493172169 0 1.063306137919426 0.5793112069368362 0.1493734121322632 0.1429936289787292 1.419465452432632 0.744037002325058 0.08962754905223846 82.74924185872078 7.141988418996334 0.6392963230609894 1.526614174246788 49.44646456092596 0.9994362592697144 18.29600584506989 27.77754921466112 22.04194277524948 2.806018866598606 29.5562157034874 74.84526880085468 13.12635217607021 47.68111156672239 57.76965841650963 11.74483961611986 32.66597110778093 81.22371787577868 79.55897088348866 13.1364092156291 0 0 0 0 0 0 0 0 0 0 0 0 0.1235265284776688 0 0 0.1106213182210922 0 0 0 2.195201344788074 3.613107286393642 0 0.1983013451099396 0 8.451336823403835 1.859183982014656 13.92495434731245 0.3189810365438461 0.4343322589993477 0 0 0 0.116713359951973 0 0.1700781732797623 0 0 0.2116274535655975 0 0 0 0.552034467458725 0.1508198827505112 0.1662684977054596 0.2525403127074242 0.09013409167528152 0.4512906149029732 0.6792807057499886 0.563234806060791 0 0.3633131980895996 2.033879145979881 1.506212167441845 0 0 0.1715980619192123 0 0.09747917205095291 0 0 0 16.22544001787901 0.9804415479302406 0.1507894545793533 0.0715898722410202 0 7.374120958149433 0.7775320559740067 1.507548779249191 0.08038021624088287 0.1981697529554367 0.2612763270735741 0.1486302018165588 0.2806268036365509 0 0.1242652535438538 0 0.1661568731069565 0.1838222742080688 0.2423671185970306 0.09762122482061386 0 25.80886381864548 2.798060812056065 1.243701621890068 131.6791914701462 4.749730907380581 272.0188550874591 52.20036198198795 53.45272577553988 9.136863842606544 1.047060340642929 22.2747860699892 4.916912131011486 0.1084177121520042 0.9049021154642105 0.2892927750945091 7.996734969317913 0.4266062751412392 0 0.4384606033563614 3.718936033546925 0.1610719710588455 88.67633753269911 34.01085947453976
316.5879251286387 758.656922891736 2319.732217974961 1.66629084944725 400.154490172863 3.639121815562248 24.54704111814499 1108.165953718126 244.874670304358 3.841001965105534 2195.308700248599 100.5256083607674 281.3720983788371 1723.941202014685 32.38675097376108 34.63079825043678 11.81886014342308 38.42467401921749 23.3780096322298 71.52853848785162 36.6659390181303 0 16.13395038992167 12.36994295567274 1.815872393548489 5.9068363904953 0.6208895817399025 0.2094306945800781 0.8079733476042747 0.5419825613498688 1176.531350191683 2920.713967144489 181.1180324852467 34.03067827224731 28.01211086660624 18.98745366930962 74.2770277634263 20.22856476157904 2.822758764028549 1.225360937416553 19.8719131052494 33.01022834330797 47.98532921820879 67.60251735150814 102.180480748415 57.14224941283464 81.74233424663544 10.70647320151329 17.76075558364391 39.38746140897274 27.15315967053175 0.4287099614739418 0.4579633474349976 0.9813440144062042 1.40380297601223 2.215045362710953 15.77180730551481 116.2819264754653 2.9809375628829 16.49503429979086 154.5703259631991 138.5907493382692 75.85491304844618 480.6967209354043 3.282228082418442 13.44237690418959 6.583558723330498 15.94656729698181 134.7146061211824 143.1568301767111 22.63825088739395 2.235964871942997 0 31.62212724983692 107.452153518796 104.3067311868072 495.9353976547718 282.0276892781258 1424.418116807938 1574.610440805554 59.32311924546957 845.2631833180785 10.86801835149527 0.08744616806507111 8.598343305289745 2.35346569865942 23.73359737545252 0.07190431654453278 0.8908982872962952 0.1098534390330315 0.4039412066340446 0.5537487268447876 282.4211571440101 45.09132648259401 3.861939959228039 2.656352572143078 1.585201777517796 0 2.047669500112534 40.77352581173182 1.162779122591019 0.535479724407196 0.2579778879880905 0.5914861485362053 0 0.5653270408511162 4.509035304188728 0.1559815406799316 0.4112527221441269 0.5331263691186905 1.669832080602646 0.9803469404578209 3.944808460772038 4.372738040983677 3.119474336504936 0.2078539431095123 0 0 0 0 0 0 0 0 0 0.329444944858551 0 0.4457149505615234 0 0.1145665049552917 0.5654147043824196 0 0 0.1214657202363014 0.5789358615875244 1.42325821518898 0 1.416672095656395 0.2843549251556396 0.6230303272604942 1.90053852647543 5.683932155370712 1.969247780740261 1.553976021707058 0.4471227824687958 0.3148642480373383 0 0 0 0.1219294592738152 0.1176244243979454 0 0 0 0 0.456572636961937 0.2039447203278542 1.190044820308685 0 0 0.07345514744520187 0 0 0 0 3.333435505628586 1.172778941690922 0.93140709400177 0 0 0 0.4078827500343323 0.1838017925620079 0 0.0878879725933075 0 3.029136091470718 0.7812216132879257 0.1003813818097115 0.09577380865812302 0.7774654179811478 3.485049925744534 0.949589878320694 1.474466174840927 0 0.7921609878540039 0.4021199718117714 0 0 0 0.08590259402990341 0 0 0 0.5095036402344704 0.1255725026130676 0.5444107055664062 1.055401869118214 5.820027999579906 4.785479560494423 130.750389367342 10.02167516946793 209.0162912458181 47.88562797755003 20.51076105982065 3.608981184661388 1.422632277011871 11.68395747244358 1.969974689185619 0.2547280564904213 1.173674076795578 0.1155575662851334 1.522718220949173 0 0 0 5.23738668859005 0.2942200303077698 9.724252328276634 0.7266532853245735
34.107935115695 1778.562258526683 927.3341553509235 5.209048748016357 1724.055310882628 5.562799051403999 1538.737069889903 244.874670304358 578.3174738138914 33.06629037857056 538.5483344718814 51.81880439817905 430.1891191080213 1117.612322337925 5.657996520400047 3.699749417603016 0.1737196892499924 0.2164919972419739 0 0.2301389798521996 0.1714064031839371 0 0 0.2439353168010712 0 0.1027285680174828 0 0 0 0 45.56608201563358 16.51477311551571 16.57068100571632 0.1291898190975189 1.01080921292305 0.1533437222242355 17.32417325675488 0.6865644305944443 0 0.4068132638931274 0.58454779535532 1.326916255056858 0 0 0 0 16.76829090714455 1.454838052392006 1.053521990776062 0 0.6211862787604332 0 0 0 0 0.2538015767931938 1.407833054661751 7.295046947896481 1.602274432778358 3.485358066856861 0.1324037462472916 1.012874566018581 0.4842023104429245 7.701631434261799 0.5878102630376816 0.3930108398199081 0.3720872327685356 0.8778819590806961 0.977329783141613 1.068700425326824 5.553832411766052 0 0 7.311193041503429 10.30484525114298 20.04414057731628 31.17300401628017 4.68200010061264 0.09428403526544571 5.624746292829514 0.1104495599865913 0.726252369582653 1.548588767647743 0 0.3282936736941338 0.08064933866262436 0.4340376406908035 0.08865566551685333 0 0 0.07022574543952942 0 2.693860292434692 1.374889843165874 0 10.23834238946438 0.428769439458847 0 0.1771251112222672 2.542338140308857 0.4010024070739746 2.432786613702774 1.758575670421124 0.6310479938983917 0.5475860387086868 2.079547427594662 7.013790056109428 0.9543928429484367 2.691830560564995 4.108774185180664 2.697015330195427 3.236683234572411 11.31773170083761 9.828362435102463 2.97300136834383 0 0 0 0 0 0 0 0 0 0 0 0 0.1905942857265472 0 0 0 0 0 0 0 0.4100207388401031 0 0 0 2.001773566007614 1.2460096180439 2.505487620830536 0 0 0 0 0 0 0 0 0 0 0 0 0 0 0 0 0 0 0 0 0 0 0 0 0.7789828181266785 0 0 0 0 0.1142008155584335 0 0 0 0 3.014376506209373 0.5721613466739655 0.1264346837997437 0 0.1199577152729034 3.045901864767075 0 1.450377970933914 0 0 0 0 0 0 0 0 0 0.1157382279634476 0 0 0 4.348109126091003 0.963111437857151 0.2345378622412682 64.10027730464935 0.7178042978048325 57.699388474226 14.54879407584667 13.31262169778347 1.652884140610695 0.1123220771551132 7.717613443732262 0.5348032116889954 0 0.379295751452446 0 0.3076324164867401 0 0 0 0.3580571562051773 0.1960092782974243 5.445459768176079 5.822614759206772
409.7657532319427 956.4294728934765 51.22381636500359 942.458825185895 301.3750156164169 617.9306932389736 1680.33289077878 3.841001965105534 33.06629037857056 1171.342686645687 10.26087123155594 1015.502038165927 5656.213870368898 501.6383465528488 15.00435794889927 4.36745048314333 0.7340955436229706 0.3607511445879936 0 0 0.3178243935108185 1.35888284444809 0 0 0 0.349896639585495 0 0.269402801990509 0.1084525734186172 0 129.778494566679 6.508339829742908 14.67811231315136 0.1440074592828751 0 0.6784054636955261 40.1789867207408 0.7368322610855103 2.228412598371506 0.1348335295915604 0.2587451264262199 0.5894061177968979 0.2374493926763535 0.3525782451033592 0 0 68.2796378955245 7.831578120589256 2.333666414022446 0.6753961741924286 0.8936747685074806 1.180713295936584 0.3473574817180634 0 3.333441473543644 3.649415083229542 39.09454353898764 136.3167992159724 13.46151286363602 30.01771917194128 0 1.551709279417992 0 45.43005935847759 3.422971807420254 4.922148354351521 2.479160338640213 2.687296479940414 0.743717186152935 0.3744547888636589 179.4883847758174 9.495866671204567 0.4957190901041031 63.01161740720272 84.17149455100298 168.7039076685905 121.6818639263511 2.096528314054012 0.4550524428486824 2.495085395872593 0.4827989041805267 0.5560607239603996 15.18745060265064 0.8363149091601372 3.147764824330807 3.557050496339798 1.221690706908703 0.1841907724738121 1.008417509496212 1.095949590206146 0.1746783256530762 0 1.923301339149475 0.4365876838564873 0.7823049575090408 325.8810554966331 98.67821826040745 7.045694530010223 9.241728931665421 132.0947659388185 0.6843126118183136 52.64860285818577 25.4028107598424 16.82554461807013 8.294797867536545 60.52854292839766 218.4760939106345 35.68050333112478 77.56853592395782 119.8071306273341 35.61362141370773 110.5607164427638 164.2520556673408 162.0193375498056 21.58764901012182 0 0 0 0 0 0 0 0 0 0 0 0 1.622256197035313 0 0.1156142428517342 0 0 0 0 6.416281625628471 8.922160357236862 0 0.1432264298200607 0 10.11997696757317 5.557875983417034 24.87959768623114 1.397095672786236 0.656370684504509 0 0 0 0.244212880730629 0 0 0 0.1149799972772598 0.1045487970113754 0 0 0.4825966134667397 0.1344972550868988 0 0 0.1302980035543442 0.1936484798789024 0.8994316905736923 0.5965610593557358 0 0 3.207964837551117 6.244172893464565 2.333028629422188 0.40987828373909 0.2197637259960175 0 0 0 0 0 0 21.82640494406223 5.155671551823616 1.315313063561916 0.4993804544210434 0 24.01391300559044 1.833293318748474 1.277294635772705 0 0.5356827974319458 0.1114666238427162 0 0.2126689925789833 0 0.1315144151449203 0 0 0 0 0 0 51.71379610896111 5.067080371081829 2.356860458850861 336.392375767231 3.96863055229187 318.5355408266187 82.48233276605606 162.9479684978724 16.13196159154177 2.017807491123676 84.97127161175013 4.644132904708385 0.1025799736380577 0.5007119923830032 0.1994025036692619 38.56141659617424 0.1008341088891029 0.1015404760837555 0 5.04777005314827 0.4193510115146637 369.3542204499245 130.540265917778
210.5873847529292 1255.367114327848 1850.59804802388 2.472128517925739 1018.704400248826 3.952425323426723 191.1226595118642 2195.308700248599 538.5483344718814 10.26087123155594 665.9643441587687 318.7533781528473 788.9343038499355 2156.172812007368 19.66624356806278 25.75183728337288 2.561325542628765 1.259807728230953 0.4432495981454849 5.879607275128365 8.939902186393738 0.4001350849866867 3.007573865354061 3.235152915120125 0.2140836417675018 4.510379515588284 1.182402603328228 0.942594975233078 0 0 430.3770662248135 345.5584909170866 502.5648609027267 1.77309588342905 7.66414251178503 9.242560148239136 184.1619744971395 13.81846979260445 0.6532366424798965 0.06512037664651871 12.77919287234545 24.36566933244467 2.109005503356457 0.9454340115189552 2.97098807990551 2.741141594946384 57.29819240421057 2.246393941342831 1.512176841497421 2.260860338807106 6.989116311073303 0.1190487369894981 0.07766390591859818 0.5966940298676491 0.8972194641828537 0.4449218809604645 7.745422631502151 39.20560409873724 3.050239481031895 11.42294252663851 6.431558057665825 95.06398525089025 18.19318953901529 59.3846386000514 0.9039012566208839 2.986900106072426 3.336481645703316 4.402212373912334 17.14042976498604 21.96813768148422 67.73032239079475 1.023469768464565 0 18.65350601822138 22.85161484032869 61.9045370221138 112.53203086555 37.16060633212328 31.99564545601606 117.614474311471 0.4958148151636124 27.39395356178284 3.975649200379848 0 1.905266381800175 1.879833549261093 2.638893760740757 0 0.166968896985054 0 0.2380753010511398 0.3301434367895126 58.91489434987307 24.45437406003475 3.261697791516781 7.225548446178436 3.223643898963928 0 0.3617785051465034 23.42325257509947 0.172710046172142 1.94313657283783 0.1367386728525162 0 0.128291055560112 0.9971484541893005 2.768676392734051 0.8488027900457382 1.090047366917133 4.536632776260376 0.9375005662441254 0.9742014557123184 6.187037520110607 5.800287432968616 0.5950281322002411 0.09661012142896652 0 0 0 0 0 0 0 0 0 1.058241799473763 0 0.3362645357847214 0 0 0.3335712850093842 0 0 0 0.548543281853199 0.818884864449501 0.08986986428499222 0.507873922586441 0.3181024491786957 2.791062884032726 0.9923116490244865 5.052209883928299 1.249885946512222 1.44155665487051 0.5039243698120117 0 0.111134946346283 0.1215475052595139 0.2018924504518509 0 0 0.09897539019584656 0.1965204477310181 0 0 0.4532970562577248 0.1059902086853981 1.058771975338459 0 0 0.1080191284418106 0 0.2206353396177292 0 0 1.824892342090607 1.578152552247047 0.6702516153454781 0 0 0 0 0.1779517978429794 0 0 0.1246808171272278 5.733522683382034 0 0 0.1187488064169884 0.1268882304430008 2.807224698364735 2.664116904139519 1.826946318149567 0.5112912654876709 0 0.1745814234018326 0 0.2256719022989273 0 0 0 0 0 0 0 0 1.009163148701191 2.637684024870396 2.03111770004034 116.3576682060957 6.177635475993156 134.8743426501751 36.05455044656992 18.24363625794649 3.513879604637623 0.4033610075712204 10.67425086349249 2.78843942284584 0 0.8394001498818398 0 0.1946384161710739 0 0 0 8.417913250625134 0.4420873895287514 6.457084476947784 1.406582400202751
21.90553828328848 172.019815646112 59.39607663452625 168.6689472049475 53.76668370515108 190.504160746932 258.7943582758307 100.5256083607674 51.81880439817905 1015.502038165927 318.7533781528473 31.70369309186935 851.0827407538891 492.4299526065588 25.12078146636486 39.92333763837814 4.493180438876152 2.216195732355118 0 5.508344352245331 10.06974497437477 1.636760406196117 3.316503405570984 2.311182722449303 32.52787917852402 60.25291363894939 2.449641227722168 17.81378189474344 6.147235900163651 1.020762890577316 26.18925180286169 7.680455282330513 91.82293400168419 1.231512397527695 28.19628915190697 62.19252256304026 215.8701938763261 80.15867530554533 7.133705362677574 6.381536789238453 38.83048855513334 34.9278721511364 0.7480423152446747 1.151108399033546 0.4238739535212517 3.099398449063301 51.11222742497921 1.243262924253941 1.305524520576 0.3466038703918457 1.391050182282925 2.51833501458168 5.595842242240906 3.682726494967937 0.7114365696907043 0.0907762199640274 2.777279175817966 11.83961876481771 2.409427501261234 6.436413325369358 6.959470592439175 19.51721189171076 16.60635855793953 6.825472235679626 0.3319942057132721 0.4271968454122543 0.5712557211518288 0.6135530322790146 1.629074454307556 4.323298893868923 122.9172142595053 15.1381723433733 0.3979348689317703 15.33527506142855 13.62267177551985 43.165651679039 52.28020510822535 16.52673552185297 1.714299045503139 26.90858456492424 0.5198269188404083 4.046588115394115 0.864779956638813 0 1.033916972577572 0.9494624361395836 0.4479425549507141 0 0.205229178071022 0.127337709069252 0.2905707359313965 0 16.52886715531349 20.1158539056778 4.663698673248291 685.6003042012453 75.78378282487392 0.9769284576177597 9.527883097529411 13.32457016408443 6.779058128595352 19.4216670691967 14.2761120647192 6.132703356444836 9.377047382295132 33.67791329324245 81.28251969069242 16.75339188426733 44.73389016091824 84.2800000756979 30.72040105611086 47.4843081086874 172.6920675709844 171.6408355981112 34.00185141712427 0.591095931828022 0.2043445557355881 0.1096826195716858 0.1315976232290268 0 0 0 0.2284259721636772 0.116208590567112 0.9038443043828011 1.879927128553391 0 3.642565086483955 0.7890049070119858 0.273051030933857 0.9258113950490952 0.2661685422062874 0.5721629187464714 0.2553762421011925 9.582533203065395 12.30281146615744 0.2571881860494614 3.755212858319283 0.1938038617372513 26.44056747853756 11.46865873783827 64.78426048904657 11.56100281327963 7.402500681579113 1.4493767619133 0 0 0.3352992907166481 0.6643309444189072 0.4041421413421631 0.3517273664474487 0.6132160425186157 0.4292911142110825 0 0 0.4133405536413193 2.936471588909626 1.639789775013924 0.1294464617967606 0.1093906536698341 0 1.08112546056509 2.525417409837246 0.3964451849460602 2.844774976372719 12.53154942393303 12.54061776399612 3.575703926384449 0 0.2228976935148239 0.0869356095790863 0 0 0 0 0 70.44107419997454 5.258031576871872 0.606173150241375 0 0.2717267498373985 45.70185328274965 9.21039991825819 7.424826800823212 0.3917888626456261 1.214853718876839 1.455400586128235 0.5598106235265732 0.8656524270772934 0 0 0 0.1961169242858887 0.2751721292734146 0 0 0 75.44686558097601 31.0395253226161 22.7049213796854 328.7409929558635 10.26538352668285 158.6282629221678 58.10232006758451 35.44274703413248 3.856541782617569 0.5795534402132034 17.21877919137478 10.74287703633308 0 1.619614474475384 1.649232342839241 22.87472581863403 0.5097165554761887 0 1.563261792063713 11.86478289961815 1.698334619402885 149.2230173796415 87.8217920139432
62.2976413667202 1688.895281046629 235.1045851707458 852.3106599971652 1294.236565023661 351.1772750243545 4211.747733309865 281.3720983788371 430.1891191080213 5656.213870368898 788.9343038499355 851.0827407538891 2232.487608544528 4822.317182831466 45.95743127912283 44.73950736969709 3.628545954823494 1.145622469484806 0 1.726848676800728 6.992186680436134 0.4703742489218712 2.055386081337929 1.375535741448402 11.04691931605339 13.91930470615625 2.069561570882797 5.436926960945129 4.512992486357689 0.3796834647655487 60.96982924640179 23.95656810700893 559.987400919199 0.7087946012616158 7.136966921389103 10.61979500949383 1425.029102742672 69.17216074466705 5.549312978982925 3.886054575443268 17.838717661798 27.61764919012785 0.3778842240571976 0.6411535516381264 0.6502131372690201 0.9536051005125046 110.3084680885077 4.502398043870926 2.946585930883884 0.7220503091812134 4.055090665817261 0.785067543387413 2.159409664571285 1.980562917888165 0.714187316596508 1.016674384474754 12.34303568303585 26.90953823179007 5.25056516379118 14.28300831466913 3.889556311070919 16.8820458650589 9.018474332988262 19.11212351173162 1.344394192099571 2.945287920534611 1.868541471660137 2.909256469458342 4.156302504241467 7.438450567424297 217.8015490323305 6.636526674032211 0 30.05076862126589 31.84781564772129 97.8779606372118 128.4489362984896 27.33953818678856 2.353907912969589 30.06550775468349 0 1.183503769338131 4.597987145185471 0.2825751379132271 2.339282125234604 1.895111575722694 1.401682153344154 0 0.3099443465471268 0 0.2324478998780251 0.1319324523210526 22.3374303355813 15.25122844427824 4.203924857079983 982.4369710236788 16.64452523738146 0.9200315177440643 7.281987987458706 25.04314515739679 4.926813788712025 44.06982180476189 33.49135556817055 20.76694874465466 15.77780044823885 79.84971937537193 205.1994721591473 47.0576486364007 100.4580680578947 173.8286003917456 46.78369633853436 144.8136634901166 305.6041906252503 308.4795429259539 52.25926990807056 0.9534449726343155 0.4007662311196327 0 0.1726666390895844 0 0 0.09405922144651413 0.4608418866991997 0 0.129802867770195 1.153705701231956 0 2.252039894461632 0.2836795747280121 0.7094190344214439 0.3500799238681793 0 0.4176105037331581 0 11.57539993524551 17.49032493680716 0 2.100373260676861 0.7318798750638962 36.98795910179615 12.6954351067543 70.420345954597 7.51616008579731 3.591976694762707 1.766464747488499 0 0 0.09943621605634689 0.1113942116498947 1.075311884284019 0.185710072517395 0.9305345490574837 0.7498408779501915 0 0 1.284167781472206 2.796774946153164 0.7070929259061813 0 0.2130801752209663 0 1.912443086504936 2.210255824029446 0 0.1515500098466873 8.88845494389534 15.45168929547071 3.976381592452526 0.3044578656554222 0.08841893821954727 0 0.08865732699632645 0 0 0 0 96.03087253123522 8.285462893545628 0.6284452080726624 0.5886170193552971 0.1293187290430069 52.61173994839191 6.975097790360451 6.228570640087128 0.3058494105935097 0.9743961244821548 1.211276359856129 0.2422926053404808 0.5160161405801773 0 0 0 0.118401937186718 0 0 0 0 127.7175691500306 32.65128387510777 16.35776154696941 535.9224069565535 6.076243348419666 339.9245773553848 107.2753435224295 81.10815849900246 8.103529021143913 0.0985724925994873 44.54691392928362 10.91922817379236 0.5318604409694672 4.160510927438736 1.07612182199955 27.62832324951887 0.1007582917809486 0.1036333292722702 0.9426371157169342 13.50938555598259 0.622862920165062 284.8977286964655 149.7676496058702
