81.42725584656 520.9028486013412 311.7357101142406 907.1457877978683 16.86361658573151 77.90957830101252 698.4310487434268 205.3510287106037 28.35937560349703 1029.15714405477 381.1908923685551 125.2337284088135 168.3977863788605 254.7836205214262 0.1047201603651047 0.08780201524496078 0 0 0.08562550693750381 0 0 0 0.09054676443338394 0.2065501362085342 0 0 0.08749893307685852 0 0 0 593.1199690774083 8.243176266551018 87.53082512319088 0.07228780537843704 0 0 7.659008629620075 0.255053848028183 0.355792909860611 0 0 0 0.3603448420763016 0.1884832829236984 0.09579545259475708 0.1671053767204285 6.942606382071972 0.9002340957522392 0 0 0.1678271815180779 0 0 0 5.197999373078346 3.302820317447186 55.69868735969067 806.2457928732038 78.40118739753962 3.597769975662231 0.2494774758815765 2.137180864810944 0 18.30114793777466 2.772723831236362 1.211234785616398 0.5487058162689209 0.1794135347008705 0.1623930558562279 0.2441635206341743 31.0050750747323 0 0 83.06264217942953 26.34816499054432 3.766159690916538 0.7983439862728119 0.1041364818811417 0.2397581040859222 42.50382929295301 0.5782488361001015 2.056041076779366 12.60786297172308 0 0 1.626069560647011 0.09683763235807419 0 0.27297293394804 0 0 0 0.7201381623744965 0 0 34.29645970463753 5.151479706168175 0 0.3471663892269135 1537.895071834326 0 7.224466741085052 0.7049967646598816 0.6751781105995178 3.534583687782288 5.941894918680191 0 4.880579948425293 17.44796086102724 4.338636472821236 0.3937349319458008 1.120572939515114 7.67944323271513 2.257355853915215 0.4408216625452042 0 0 0 0 0 0 0 0 0 0 0 0 0 0 0.3310319185256958 0 0 0 0 0 0 0 0 0 0 0.1304483115673065 0.1037634536623955 0.340198889374733 0 0 0 0 0 0 0 0 0 0 0 0 0 0 0 0 0 0 0 0 0 0 0 0 0 0 0 0 0 0 0 0 0 0.1175557971000671 0 0 0 0 0 0 0.213908463716507 0 0 0.1013014689087868 0 0 0 0 0 0 0 0 0 0 0.5592045336961746 0.6707808971405029 0 77.96197953075171 0.4328408017754555 38.6314467638731 2.657647147774696 871.1453707069159 5.522161804139614 1.186108089983463 0.1133667752146721 6.416172593832016 0 0 0 23.50688019394875 0 0 0 0 0 177.769100278616 1.871753051877022
520.9028486013412 693.4297730326653 415.2308985739946 932.6747868731618 605.7845197319984 58.37754645198584 3839.870198518038 112.6577084362507 760.9784029200673 294.6327670291066 542.0213738158345 34.478805154562 618.756401501596 577.2230158448219 2.090160988271236 0.5670723170042038 0.08711039274930954 0 0 0.08777658641338348 0.07212647795677185 0 0 0.1783885508775711 0 0 0.2613921090960503 0 0 0 1049.655324853957 15.77037020772696 38.23945097625256 0.2392323985695839 0.2309700921177864 0.07504082471132278 5.42598906904459 0.9682386890053749 0.2402034625411034 0 0.09163772314786911 0 0.3546891286969185 0.4036687016487122 0.8108408898115158 0.5420718789100647 34.02840868383646 2.217081785202026 0.2964829802513123 0.08010037988424301 0.2567468136548996 0 0 0 5.86282729357481 5.698498778045177 19.84717416018248 466.9617798775434 83.19317788630724 23.9041980728507 0.4444009587168694 3.294935815036297 0.08666921406984329 93.62858420610428 4.603642150759697 3.099447600543499 1.288443215191364 0.2648809030652046 0.5627994984388351 0.4852175340056419 19.92003885656595 0 0 125.7624253928661 88.16468162834644 39.41752454638481 11.3814038336277 1.047863930463791 0.9500049203634262 14.39192639291286 0.4213983044028282 1.785614848136902 20.34322603046894 0.6199906915426254 1.151588849723339 2.925904534757137 0.4741955101490021 0 0.5434543490409851 0 0.2902697026729584 0 1.164516016840935 0.8039011731743813 0.06227535754442215 2.010079249739647 1.463647902011871 0 1.135551512241364 580.6499873995781 0 3.282709032297134 0.9395135343074799 0.9458602368831635 3.844350948929787 16.5398338213563 0.7343649417161942 4.849303156137466 10.97442432492971 5.351796872913837 2.590278148651123 10.98291131854057 25.42016177624464 12.57214070856571 5.941537752747536 0 0 0 0 0 0 0 0 0 0 0 0 0.6792499721050262 0 0 0 0 0 0 0.2890768647193909 0.5867536216974258 0 0 0 0 3.343022897839546 2.26966430991888 0.6440813764929771 0 0 0 0 0 0 0 0 0 0 0 0 0 0 0 0 0 0 0 0.1329057216644287 0 0 1.054252356290817 4.752696163952351 0 0 0 0 0 0 0 0 0 7.954427301883698 1.635255664587021 0 0 0 0 2.449939668178558 4.742485709488392 0.3973741829395294 0 0.2526146769523621 0 0 0 0 0 0 0.3045191168785095 0 0 0 2.58329726755619 0.9515930265188217 2.433956257998943 107.5088020637631 2.024030551314354 170.2970464006066 19.4179672896862 436.850466132164 33.33182975649834 0.8351752832531929 11.78966337442398 2.813496381044388 0 1.86858269572258 0.1747919917106628 20.54764513671398 0.6822705566883087 0 0 4.710253573954105 0.4189071208238602 77.4443541392684 8.088638834655285
311.7357101142406 415.2308985739946 463.3983776792884 241.7312273010612 396.8706814944744 9.024237334728241 208.4439694136381 909.8563248515129 859.8960481286049 32.36722049862146 1519.477193623781 9.137710198760033 83.81004069745541 285.7031052783132 8.225315481424332 2.205808915197849 0 0 0 0.1604209616780281 0.6172196939587593 0 0 0.5361387729644775 1.362884722650051 0.3448503091931343 1.463719114661217 0 0 0 4164.157373346388 610.2101432606578 55.08219208568335 0.6339324936270714 1.683420307934284 0.9208720698952675 6.949459262192249 3.962820522487164 0.4347933903336525 0.3868089243769646 2.734416447579861 0.7683535255491734 0.4934170991182327 1.186389416456223 0.4382053911685944 1.102873153984547 67.93075359612703 3.271379470825195 0.1039786487817764 0.08005543798208237 0.2974505499005318 0 0.2053325176239014 0 9.671349331736565 8.187981568276882 22.7901309877634 580.9414589777589 104.9528013467789 58.35459730029106 1.884182222187519 42.25819133967161 1.284071482717991 536.0818227156997 5.363250531256199 5.053589068353176 1.460505343973637 1.077192433178425 1.499803263694048 2.15547576546669 18.09851702302694 0.2280212789773941 0 176.3446877263486 144.7960272282362 94.26910983026028 32.54771330952644 2.670905485749245 16.03971516340971 199.261326380074 1.958698309957981 41.5851064696908 32.50207636505365 0.4736622646450996 1.795971445739269 5.714116625487804 0.08543799817562103 0 0.7158654481172562 0 0.6953821629285812 0 5.189999043941498 2.687827207148075 0.08182118833065033 1.448422841727734 0.7398419380187988 0 0.6234703361988068 370.1645741909742 0 0.4254091382026672 0.4354324340820312 0.1578486561775208 0.8662959337234497 4.53735713660717 0 1.808515965938568 1.283117398619652 0.9198719710111618 2.931626170873642 4.1973597407341 7.937238112092018 1.663422413170338 0.9670824632048607 0 0 0 0 0 0 0 0 0 0 0.1031365171074867 0 0.1575399190187454 0 0 0 0 0 0 0.1394622027873993 0.455171525478363 0 0.3230989277362823 0 0.2003306448459625 2.386521309614182 2.450187407433987 0.3660865426063538 0.3615365922451019 0 0 0 0.3194719552993774 0 0 0 0.9877217411994934 0 0 0 0 0 0 0 0 0 0.4946008622646332 0 0 0 0.9022476971149445 2.15611907094717 0.7694960087537766 0 0 0 0 0 0 0 0 1.819333456456661 0 0 0 0 0.1126070022583008 1.776667460799217 4.499684244394302 0.7331586331129074 0.4958569705486298 0 0 0.1400298476219177 0 0 0 0 0 0 0 0 0.311958372592926 0.5490686595439911 1.353389620780945 99.05598733574152 3.201806128025055 267.0773240551353 35.32358445972204 218.5355838388205 43.73427818715572 0.937810406088829 19.12807440757751 1.704908102750778 0.1203597113490105 0.4180955588817596 0 5.726777210831642 0.3404083251953125 0 0 6.102291293442249 0.2021473497152328 52.1657789722085 3.102662116289139
907.1457877978683 932.6747868731618 241.7312273010612 378.2143595218658 60.30321621894836 360.6585852578282 520.6068752631545 2.424161896109581 2.244209229946136 1450.170778550208 28.0823477730155 403.318241044879 267.2146077156067 2.815889373421669 0 0 0 0 0 0 0 0 0 0 0 0.08134087920188904 0 0 0 0 78.04763365536928 0 0.7182710468769073 0 0 0 0 0 0 0 0 0 0 0 0 0 2.41798223555088 0.2224450260400772 0 0 0 0 0 0 2.452116906642914 1.186306796967983 11.47226270288229 187.4840520694852 23.10212021321058 0.6131050288677216 0 0.1636791974306107 0 8.231971703469753 0.7294075191020966 0.6738103777170181 0 0.2552465945482254 0.07139573991298676 0 4.819157585501671 0 0 26.12333919107914 9.278156355023384 2.159441083669662 0.5754860937595367 0 0 0.1003973707556725 0 0.09664937108755112 1.866776220500469 0 0.1590513959527016 0.5131697952747345 0.09241333603858948 0 0.08094876259565353 0 0 0 0.1873200684785843 0.07479456812143326 0 1.388095706701279 0 0 0 383.417384788394 2.348412089049816 6.377282567322254 8.048530533909798 9.734284296631813 0 22.6849844828248 10.84589444100857 4.530775636434555 38.04094950854778 4.734717004001141 0 4.886615552008152 29.73247933387756 3.474678389728069 0 0 0 0 0 0 0 0 0 0 0 0 0 0 0 0 0 0 0 0 0.1593399792909622 0 0 0 0 0 0 0 0 0 0 0 0 0 0 0 0 0 0 0 0 0 0 0 0 0 0 0.1914560720324516 0.6649839207530022 0.1237433776259422 0 0 0.1139852702617645 0.3715547919273376 0 0 0 0 0 0 0 0 0.5013112053275108 0.4077243506908417 0 0 0 0 0 0 0.2118238657712936 0.4225484505295753 0.1739173531532288 0 0.2009591907262802 0 0 0 0.1393293738365173 0 0 0 0 1.568098768591881 0.1578087210655212 0 21.48360015824437 0.1377800703048706 14.74195928871632 1.427504889667034 336.5438811630011 1.389015033841133 0.2108454704284668 0 1.802481591701508 0 0.4226959422230721 0 14.87680745124817 0 0 0 1.780581146478653 0 54.10805014520884 6.197752356529236
16.86361658573151 605.7845197319984 396.8706814944744 60.30321621894836 412.2729614973068 4.615505650639534 2617.523285090923 204.9160630553961 1775.788930922747 116.5836981981993 139.0623696446419 19.39667570590973 835.7289968803525 1255.775036908686 3.025427892804146 0.8069499135017395 0.1399262696504593 0 0 0 0 0 0 0 0 0 0 0 0 0 45.70414044708014 1.54925113171339 6.369195744395256 0 0 0 2.395733818411827 0.7527357339859009 0.3728123530745506 0 0 0.08319120854139328 0.183210201561451 0 0.1613826677203178 0 19.80705773830414 1.053641274571419 0 0 0 0 0 0.1022707894444466 1.142148926854134 1.094743952155113 4.618492364883423 30.47615245729685 16.23923547565937 11.44433391094208 0 3.157250359654427 0 16.63139523565769 0.8311261981725693 0.83108239620924 0.5505167320370674 0.5060929208993912 0.2120452374219894 0.07968458533287048 15.28930109739304 0 0 27.27649345248938 21.39826992899179 21.21991094946861 5.132199317216873 1.317552968859673 0.5467002764344215 0.446031741797924 0.1061710938811302 0.3332232460379601 5.455772191286087 0 0.28806072473526 0.5479463785886765 0.1836791336536407 0 0 0 0 0 0.2326103672385216 0 0.1030944362282753 4.427994459867477 1.796440422534943 0 3.197269961237907 2.86603569239378 0 5.080592945218086 1.118214130401611 1.372566223144531 1.254171907901764 12.13582709431648 0.1209388077259064 5.147482424974442 8.31059604883194 4.929693855345249 5.624205432832241 11.37732013314962 24.70777476578951 10.83110628277063 7.070524170994759 0 0 0 0 0 0 0 0 0 0 0 0 0.1210200861096382 0 0.2364554554224014 0 0 0 0 0 1.70730271935463 0 0.4485273361206055 0 0.2819520384073257 1.975180953741074 4.466480374336243 0.4449959546327591 0.4662704765796661 0 0 0 0 0 0 0 0.3085030019283295 0.5734097361564636 0 0 0 0 0.1240280717611313 0 0 0 1.124692156910896 0 0 0 2.919619679450989 7.625636763870716 0 0 0 0 0 0 0 0 0 8.446413338184357 0.3490202575922012 0 0 0 0.8964299857616425 2.996672198176384 3.545702688395977 0.3028568923473358 0.3956067264080048 0.8637004345655441 0 0 0 0 0 0 0 0 0 0 4.781872667372227 2.123074389994144 3.94993994385004 59.76167847961187 0.4358886107802391 71.93682367354631 14.08984543383121 32.50747312605381 14.31159914284945 0 14.97002126276493 3.122990876436234 0 7.322360783815384 0.3618181347846985 11.05094747245312 1.661561459302902 0 0 3.694398872554302 0 32.3326453641057 7.431565530598164
77.90957830101252 58.37754645198584 9.024237334728241 360.6585852578282 4.615505650639534 3.884218648076057 85.30227541178465 0.4310733526945114 3.743663907051086 746.4501316547394 1.403581231832504 235.6577408835292 138.6458094418049 17.56143835186958 0.3830802738666534 0 0 0 0 0 0 0 0 0 0 0 0 0 0 0 4.839018888771534 0 14.79505326598883 0 0 0 2.728795036673546 1.789222449064255 1.11415658891201 0 0.0770590752363205 0 0 0 0 0 0.1154579445719719 0 0 0 0 0.4343519806861877 0 0 0 0.1549561321735382 3.245617173612118 16.27832428365946 2.283539108932018 0 0 2.033500552177429 0 0.1404248178005219 0 0 0 0 0 0 103.4990199282765 22.93454924225807 3.182420812547207 0.713490404188633 0.2449885755777359 0 0.1403861790895462 0 0 0.9019297957420349 0 0.3902743458747864 0.2036242559552193 0.388870470225811 0 0.1138459295034409 0 2.170133873820305 0.1820773631334305 3.098394386470318 0 0 0 0 0 416.5361267477274 203.4974350333214 1.588211953639984 22.46258781850338 67.30983547866344 0 0 0 0 0 0 0 0.2972632646560669 9.189007937908173 0 0.1192586123943329 0.4963432848453522 2.437097057700157 0.4563810080289841 0.2565853372216225 0 0 0 0 0 0 0 0 0 0 0 0.2791390717029572 0.101628951728344 0 0 0 0.2597179636359215 0.2784564346075058 0.4450119286775589 0 0 0 0 0 0 0.3519513458013535 0.1368662416934967 0 0 0 0 0 0 0 0 0 0 0 0 0 0 0.1822029054164886 0 0 0 0 0 0 0 0 0 0.239722453057766 0 0 0 0 0 0 0 0 0 0.6675261482596397 0.884805291891098 0 0 0 0 0 0 0 0 0 0 0 0 0 0 0 0 0 0 0 0.3549981340765953 0 0 1.13133992254734 0 0.6174409538507462 1.041589140892029 46.51683423668146 0.2950548529624939 0 0.3597560748457909 0 0 0 0 1.423203706741333 0 0 0 0 0 14.13433565199375 0.8300932347774506
698.4310487434268 3839.870198518038 208.4439694136381 520.6068752631545 2617.523285090923 85.30227541178465 1314.671264596283 3.201046101748943 1127.814085036516 1049.313745819032 262.8988564759493 145.2205251678824 1499.960095703602 1240.999100282788 10.51017944514751 4.928692303597927 0.3527000397443771 0 0 0 0.1007569283246994 0 0.1720060184597969 0.08590319752693176 0 0.1310926377773285 0 0.2333635091781616 0.1123273298144341 0 213.8382328674197 3.948556400835514 33.0979595631361 0.1542925164103508 0.08702188730239868 0.08218841254711151 9.203803241252899 2.805065505206585 1.901823192834854 0 0.2374897971749306 0.2141558080911636 0.3203571438789368 0.4676764830946922 0.3987141102552414 0.08444900810718536 66.22566336393356 2.774315513670444 0.2309057489037514 0 0.2559580877423286 0 0 0 5.85717449337244 4.561379678547382 13.93922977894545 250.926695778966 70.92456386983395 44.29154170304537 0.5796334519982338 15.87441227585077 0 67.94087106734514 3.402976885437965 2.59022168815136 0.8264474719762802 0.3994865790009499 0.1832521334290504 0.4060712307691574 74.28720861673355 0.6195232719182968 0.192459300160408 108.5690523833036 82.10751137882471 70.89704326540232 22.89523496478796 2.559711433947086 0.7708367332816124 7.452695742249489 0.3551816642284393 2.815566308796406 22.34631655365229 0.1000587195158005 1.329871788620949 2.729111976921558 0.3376119956374168 0 0.1711331233382225 0 0 0 0.9258417189121246 0.09416163712739944 0 29.9605725184083 8.399850495159626 0 9.782868303358555 145.4881911575794 1.338027350604534 25.33095663785934 26.13765478134155 16.84381058812141 21.94622059166431 120.6736107170582 13.17448163032532 62.38010221719742 81.28980006277561 41.05171604454517 31.36136422306299 108.2342592999339 193.5722151473165 64.69844857603312 45.0950969606638 0.5064188241958618 0.9351368471980095 0 0.3675963953137398 0 0 0 0 0 0 0 0 1.613774880766869 0 0 0 0 0 0 3.186339676380157 5.59681760519743 0 0.8414996489882469 0.1707459092140198 3.352805413305759 14.91936156898737 27.41447325050831 3.107972361147404 2.962845787405968 0 0 0 0.3232327401638031 0 0 0 2.868549153208733 4.20654983073473 0 0 0.2728371322154999 0.5635757744312286 0.1131085753440857 0.1847347915172577 0.1913558393716812 0 1.973232910037041 4.954601496458054 0.9726734608411789 0.7555699497461319 1.330066964030266 38.37881610542536 3.840701922774315 0 0 0 0 0 0 0 0.4841395914554596 47.5791088566184 7.439460620284081 0.291923850774765 0.2135868519544601 0.1526131480932236 5.142482168972492 10.80549953877926 21.35591846704483 2.63878633081913 2.446327358484268 1.965692117810249 0.7624559104442596 0.678202711045742 0 0 0.2230057194828987 0.5423295944929123 0 0.1852665394544601 0 0 27.58294501155615 9.91005901247263 19.30163928121328 263.049141690135 3.465906582772732 258.9139526486397 57.41757450997829 433.7111710011959 56.62460538744926 0.7330486550927162 55.31654373556376 32.01089496910572 0 16.55147419124842 2.222846657037735 75.29187516868114 3.20872987806797 0 1.026262789964676 34.37744428962469 0.773697167634964 234.5564243420959 58.36114441603422
205.3510287106037 112.6577084362507 909.8563248515129 2.424161896109581 204.9160630553961 0.4310733526945114 3.201046101748943 881.2214721292257 146.9187225475907 0.529440775513649 1141.241976290941 15.39063043892384 70.66356136649847 121.5699117407203 25.51372867822647 19.92145126312971 0.5656599551439285 0.4065578579902649 0.1724562123417854 1.080814965069294 9.828105315566063 0 4.659318245947361 5.308726295828819 12.67335194349289 3.062669634819031 12.54786574095488 0.9539357274770737 0.1764776781201363 0.3867226168513298 1020.923503406346 1651.246542803943 140.4517056122422 2.936676807701588 20.63109166920185 13.18942223489285 23.18874054402113 17.09010773897171 1.876177974045277 1.434848606586456 13.74602849781513 5.413583971560001 2.792235255241394 18.58328867703676 0.7189979255199432 3.013489499688148 73.03930103778839 0.9096155539155006 0.3905537724494934 0.7814169079065323 4.243649519979954 2.297083899378777 0.2028875127434731 0.4438567161560059 2.774682283401489 1.702145524322987 4.814626313745975 106.2565550431609 26.97488869726658 40.16456207633018 30.68031314015388 272.9108511954546 7.385808907449245 232.5260220840573 1.659463874995708 1.021513655781746 1.104265213012695 1.429476391524076 4.284537479281425 19.08494030684233 13.69844648241997 2.174554541707039 0 63.89923046529293 61.63422492146492 93.46315991133451 70.22070949524641 114.1101565435529 517.4260496497154 2165.286512702703 60.68283919990063 329.7859748750925 10.4434829056263 0 0.7478193379938602 1.378310412168503 0.2400756552815437 0 0.7914919629693031 0 3.850746311247349 0.3291510567069054 49.6578132584691 31.39323239773512 3.221955627202988 3.194522798061371 1.279337123036385 0 1.871068842709064 65.5011640638113 0 1.529557943344116 0 0 0 1.210492372512817 0 0.175970271229744 0.1148825362324715 0 0 0.4244087934494019 1.313722208142281 0.106533482670784 0.7758945971727371 0 0 0 0 0 0 0 0 0 0 0.2923383414745331 0 0 0 0 0.1180686578154564 0 0 0 0.128061518073082 0 0 0 0 0 0.4743026793003082 1.787713766098022 1.147550262510777 0.6761804074048996 0.1400607228279114 0.2375058084726334 0 0 0 0 0 0 0 0 0 0.2059231698513031 0.0990961492061615 0.5081228092312813 0 0 0 0 0.7272953987121582 0 0 0.4378438591957092 2.196283832192421 0.3284915089607239 0 0 0 0 0 0 0 0.2353482693433762 0.8369556590914726 1.286156043410301 0 0 0.2511675953865051 0 0.8757310509681702 0.7223764806985855 1.340718746185303 0 0.1355055272579193 0 0 0 0 0 0 0 0 0 0 0 1.295709356665611 1.136316582560539 100.6924339532852 2.23011826723814 153.7498298659921 38.74606621265411 35.76222065091133 23.36404975503683 0 26.6768588796258 0.206322468817234 0 0.5716463699936867 0.4916848987340927 2.395065099000931 0 0 0 8.026387073099613 0.1022342666983604 11.65693078935146 0.7226080894470215
28.35937560349703 760.9784029200673 859.8960481286049 2.244209229946136 1775.788930922747 3.743663907051086 1127.814085036516 146.9187225475907 235.719185359776 72.3906005769968 1241.751172676682 25.76429069042206 1441.067549534142 313.4147619381547 16.72680017352104 6.784719735383987 0.1240821033716202 0 0.1045322492718697 0.1365650594234467 0 0.2592509388923645 0.07169642299413681 0.1493833810091019 0.07506833225488663 0 0 0 0.07325907051563263 0 55.42332722991705 15.70153867453337 17.86951852589846 0 0 0 7.145554021000862 2.152797803282738 0.3177583813667297 0 0 0 0 0 0.08130230754613876 0 51.53802240639925 1.344873368740082 0.4010671451687813 0 0 0 0.09315071254968643 0 1.369253717362881 0.6807029098272324 3.452604174613953 21.27106031775475 16.82280574738979 23.7123529240489 0.7565276026725769 9.381062440574169 0.09047242254018784 20.84252074360847 1.269010573625565 0.9022457152605057 0.4229616969823837 0.1741883903741837 0 0 25.54134111106396 1.052595034241676 0 34.29545119404793 25.31201573461294 46.97261159867048 17.02317613363266 3.831088721752167 0.2382059395313263 15.10078974068165 0.3165402561426163 2.457312494516373 6.255825564265251 0.1378866583108902 0.3216628283262253 0.7712520509958267 0.1844972223043442 0 0.3906892612576485 0 0 0 0.6847220808267593 0.1926754713058472 0 8.623725637793541 5.693376369774342 0 4.201924443244934 5.642421439290047 0.08201203495264053 3.497854083776474 1.831220984458923 0.3732328340411186 6.279276117682457 27.83901267498732 0.6011915504932404 8.297345884144306 12.71874926239252 7.959114082157612 5.520954355597496 20.12833070009947 55.67381702363491 25.57599480450153 11.71264693886042 0.1909734755754471 0.6137286275625229 0 0 0 0 0 0 0 0 0 0 0 0 0.491926521062851 0 0 0 0 0.5202400386333466 0.5715301111340523 0 0.5038641095161438 0 1.117523409426212 4.962729260325432 9.030183285474777 0.5130897164344788 0.8561250194907188 0 0 0 0.4269638508558273 0 0 0 1.010700136423111 0.6536314785480499 0 0 0 0 0 0 0 0 0.2075489908456802 0 0.197268545627594 0 2.306672632694244 15.11840393394232 1.03147454559803 0 0 0 0 0 0 0 0 18.2580029964447 1.943582698702812 0 0.1355530619621277 0 2.033073015511036 6.560142010450363 8.691930130124092 1.167021036148071 0.4257267117500305 0.1964463889598846 0.6006036996841431 0.5055364072322845 0 0 0 0 0 0 0 0 8.454951129853725 5.846823893487453 5.012820370495319 158.5882909968495 4.233429759740829 132.1122285798192 38.93860855698586 29.46483209729195 25.73290288448334 0.3339707180857658 35.86943620443344 3.699951559305191 0 4.061434112489223 0.4392234981060028 19.09853009879589 0.5875285863876343 0 0.3393693268299103 9.710385285317898 0.362575888633728 42.02021558582783 16.43473054468632
1029.15714405477 294.6327670291066 32.36722049862146 1450.170778550208 116.5836981981993 746.4501316547394 1049.313745819032 0.529440775513649 72.3906005769968 1526.885444588959 38.4956666007638 1547.158965170383 2005.523387923837 223.4401856064796 2.967919915914536 1.319900654256344 0.09698955714702606 0 0 0.112027533352375 0.06759468466043472 0 0 0 0 0 0 0 0 0 117.5144199132919 2.006371147930622 65.80131846666336 0 0 0 21.92450425028801 2.079036526381969 1.074871048331261 0 0.09895750880241394 0.1535089761018753 0.1673455238342285 0.3091732636094093 0.24916722625494 0.5703245177865028 16.29117238521576 0.808255709707737 0.1033535823225975 0 0.09075189381837845 0 0 0 2.866015054285526 2.402694575488567 19.11024636775255 229.0431006327271 37.98601666837931 9.835246980190277 0 5.910337820649147 0.2029490321874619 21.52028007805347 1.506517134606838 1.317022442817688 0.4476760029792786 0 0.2548318058252335 0 460.7467288598418 9.180151477456093 1.69929051399231 59.54696360975504 34.65023725479841 18.25907326489687 4.297473773360252 0.5208338275551796 0.3015047460794449 4.034790351986885 0.1007980033755302 1.348759114742279 10.15817300975323 0.1439174711704254 0.3757650330662727 1.354256317019463 0.1690711379051208 0.7280628085136414 0.4944429621100426 0.2767086774110794 0 0 0.4138593599200249 0.07341666519641876 0.09568068385124207 182.9721850156784 115.6227490603924 0 40.29912869632244 600.5109127536416 5.173072807490826 36.19263751804829 37.60671106725931 47.76687455177307 11.96761229634285 154.0500994846225 29.3949910402298 33.79307242482901 158.1760036274791 58.1623455286026 9.216861471533775 70.25086472928524 264.2672600075603 72.82893083244562 25.1067236289382 0 0 0 0 0 0 0 0 0 0 0 0 0.1168642193078995 0 0 0.7458177208900452 0 0.1240677759051323 0.09942562133073807 1.57726664096117 1.821169286966324 0 0.4432875216007233 0.1689149439334869 2.553653568029404 6.966723293066025 11.78307624906301 2.336944013834 1.291219979524612 0 0 0 0 0 0 0 1.633402854204178 1.179173052310944 0 0 0 0.5404756814241409 0 0 0 0 0.7401052713394165 1.31418789178133 1.411683738231659 0 2.690973430871964 14.318418815732 0.8165122643113136 0 0 0 0 0 0 0 0 30.49344082921743 8.497795537114143 0.3345894813537598 0.521928682923317 0.5927777886390686 1.970833830535412 6.420518353581429 10.47009062021971 1.099595807492733 2.676906585693359 0.6867428719997406 1.081433579325676 0.2933620810508728 0 0 0.4761076122522354 0.3503637835383415 0.1696708053350449 0 0 0 26.68094480037689 5.575603432953358 8.553343027830124 177.449611030519 1.57452654838562 70.03717800974846 13.90032608062029 934.4281895309687 14.59669852256775 0.1955373734235764 9.969055213034153 27.94329756498337 0 3.514944851398468 1.079381793737411 123.4665082320571 0 0 0.987666517496109 6.379728004336357 0 424.6402330249548 78.45938301831484
381.1908923685551 542.0213738158345 1519.477193623781 28.0823477730155 139.0623696446419 1.403581231832504 262.8988564759493 1141.241976290941 1241.751172676682 38.4956666007638 852.3386642038822 99.80986906588078 1578.460609659553 1136.141095899045 28.93469127267599 19.21669985353947 0.7672306299209595 0.2661559209227562 0.07606890797615051 0 0.2271294593811035 0.5091506391763687 0 0.3342279866337776 0.7059739902615547 0.2766783833503723 0.6391816064715385 0.1260527074337006 0 0 756.6221220567822 161.5929092988372 1028.631597146392 0.208738349378109 0.6389831528067589 0.4846064001321793 162.8521177768707 28.9780693128705 7.358628183603287 0.3379749432206154 1.060997970402241 0.527859278023243 0.2503214403986931 1.099550187587738 0.2489908039569855 0.258141316473484 93.22752963006496 2.423531144857407 0.5583770051598549 0 0.2178735807538033 0.09076394885778427 0.3242767453193665 0 3.957079730927944 2.33489341288805 8.482696294784546 116.8545676544309 42.55978462845087 46.20148346573114 0.9173020720481873 202.2863686829805 0.3699631914496422 71.04738836735487 2.785858303308487 2.903391037136316 0.333344392478466 0.4331826716661453 0.2277297452092171 2.039073392748833 259.1056112200022 0.4946601390838623 0 82.59632191061974 57.81277203559875 86.80065339803696 38.76105559617281 12.30303540080786 29.59315844625235 1199.326655529439 0.4614128768444061 70.14973141252995 15.41410230100155 0.09045074135065079 0.5926007702946663 1.751610346138477 0.2647354602813721 0 0.3688677549362183 0 0.1573835983872414 0.09424580633640289 0.6560162827372551 2.103466808795929 0.1757976859807968 11.71812212467194 4.172905653715134 0 12.25814473628998 94.87921752780676 0.367688924074173 1.584774851799011 0 0.1122233718633652 2.16697171330452 9.127230256795883 0.1092740744352341 4.991591215133667 8.850557319819927 1.890222296118736 4.445323258638382 7.621048882603645 15.32106317579746 9.649774648249149 3.112901136279106 0.1343460232019424 0.1194871813058853 0 0.1438831388950348 0 0 0 0 0 0 0 0 0.8771968558430672 0 0 0 0 0 0 0 1.050008177757263 0 0.3782257884740829 0 0.262708306312561 4.196608863770962 5.212122485041618 1.257441706955433 0.4900023266673088 0.1877237409353256 0.2479298338294029 0 0 0.09278251975774765 0 0 0.3447356224060059 0 0 0 0 0 0.3713857531547546 0 0 0 0 0.4816710948944092 0.3168291747570038 1.372794628143311 0.6348767876625061 10.02936723083258 0.8831924349069595 0 0 0 0 0 0 0 0 5.276705034077168 1.409429550170898 0 0 0 0.1249636933207512 2.042657241225243 6.194784790277481 0.5102670788764954 0 0.1172846555709839 0.3108544051647186 0 0 0 0 0 0 0 0 0 2.901590242981911 1.981576167047024 4.034868627786636 255.2851585894823 3.769958697259426 236.0363717600703 65.7430532053113 74.05932269990444 50.58866419643164 0.2834152728319168 60.93800900131464 4.417694635689259 0 3.940730348229408 0 4.632758527994156 0 0 1.441477954387665 21.48496539145708 0.5718759894371033 28.7168729826808 5.081593826413155
125.2337284088135 34.478805154562 9.137710198760033 403.318241044879 19.39667570590973 235.6577408835292 145.2205251678824 15.39063043892384 25.76429069042206 1547.158965170383 99.80986906588078 415.3485365509987 800.6801577284932 186.4933006837964 17.57704569399357 15.53007429838181 0.3703705966472626 0 0 0 0.4690325111150742 0 0 0.1987518519163132 0 0.09699284285306931 0.3030836209654808 0 0 0 24.88004053384066 4.137029059231281 144.1418649628758 0 0.4428462460637093 0.6378785595297813 82.51391176134348 9.181423775851727 7.039121545851231 0 0.2880926728248596 0.1256070733070374 0.07558123022317886 0.4946054220199585 0 0.1587058156728745 34.97438200563192 0.2683769538998604 0.4683484509587288 0 0.1035493016242981 1.325105786323547 0 0 0.7107141613960266 0.7657220140099525 3.090831473469734 24.80284628272057 10.38331248611212 11.65787187963724 0.2021112963557243 22.68408223986626 0.2002722844481468 4.147638157010078 0.2693153396248817 0.4048779606819153 0.0982537642121315 0 0.2287622541189194 0.09587088227272034 657.2002488300204 6.96679276227951 0 17.23183682560921 8.329260267317295 30.32443123310804 14.88072826713324 9.90222429484129 0.4464002475142479 21.46645048260689 0.8313682675361633 3.491501934826374 2.586920894682407 0.09914123266935349 0.180931955575943 0.2321756780147552 0.4198889285326004 0 0 0.1999583393335342 0.1113404706120491 0 1.992339983582497 0.4166026264429092 0.1208682283759117 381.978190600872 31.50180146098137 0.696238100528717 39.19532288610935 81.97117964923382 1.212593674659729 16.63223317265511 12.94021651148796 4.782442457973957 19.21167427301407 103.0276254042983 3.856808319687843 34.18036010116339 56.94909720867872 39.21201462298632 23.04459840804338 77.14813248813152 190.405088417232 79.80622671544552 40.72113308310509 0.4088566452264786 0.1576100438833237 0 0 0 0 0 0 0.1139843985438347 0 0 0 0.4367232322692871 0 0 0.1246119141578674 0 0 0 0.1617878824472427 4.62239857763052 0 0 0.1266292482614517 2.669412821531296 13.7807459756732 23.97408545017242 1.597968675196171 1.851444534957409 0 0.1104441955685616 0 0.1805180311203003 0 0.1419195681810379 0 3.317920185625553 0.6172233074903488 0 0 0.573882669210434 0.9326789975166321 0.4063855037093163 0 0 0.1303764581680298 0.4243287667632103 0.2650437355041504 3.559291303157806 0.6717957258224487 4.823294065892696 31.35344977676868 1.775055915117264 0 0 0 0 0 0 0 0 57.08718767017126 12.82979941368103 0.1175569519400597 0.7276090383529663 0.4649409130215645 3.327941864728928 12.10617600381374 22.25110732764006 1.351153135299683 1.695140361785889 0.5646271109580994 0.7288053259253502 0.4153975993394852 0 0 0 0.6582849249243736 0 0.1960723549127579 0 0 35.6159605383873 7.038731545209885 19.93493650853634 275.4494405090809 2.649187743663788 83.66311208158731 37.1355464309454 419.4909625947475 18.51413255929947 0 50.31810749322176 16.26164223253727 0 8.342921786010265 1.376661688089371 69.04123329371214 3.618088260293007 0 0 10.88861618936062 0 424.6917266324162 91.33099034428596
168.3977863788605 618.756401501596 83.81004069745541 267.2146077156067 835.7289968803525 138.6458094418049 1499.960095703602 70.66356136649847 1441.067549534142 2005.523387923837 1578.460609659553 800.6801577284932 780.3775585591793 2720.281988799572 46.66811837255955 41.49072579294443 0.9625703096389771 0.2717589288949966 0 0.1017455458641052 0.7841415256261826 0.1259038597345352 0 0.3523684069514275 0.3353768214583397 0.1796631515026093 0.3137848153710365 0.1602360606193542 0.1192336529493332 0 67.6339920759201 16.74159920215607 602.1932095810771 0.1565535739064217 1.565421275794506 0.3050706908106804 408.6642563715577 19.13644511252642 73.82570444047451 0.1269312798976898 0.870094008743763 0.7042967975139618 0 1.452617399394512 0 0 87.36338862031698 1.325856171548367 0.2495284751057625 0 0.0783269926905632 0.6467073559761047 0.0894344374537468 0 1.658547185361385 1.669875927269459 5.750533632934093 52.02785039693117 27.97060137242079 34.42779497057199 0.8922055959701538 95.09876001626253 0.2805849090218544 13.1229984909296 1.160221673548222 1.342149503529072 0.2556801363825798 0.4514970853924751 0 0.6512585133314133 715.9461830556393 5.961306743323803 0 51.32009407877922 31.67301941663027 91.80511121451855 35.83900883048773 17.30679486691952 2.89775975048542 91.67988194525242 0.4927689507603645 6.523114614188671 9.459574945271015 0.1425569653511047 0.5353511050343513 0.6304764300584793 0.1004639118909836 0 0.4932691305875778 0 0 0.1488118767738342 3.144130758941174 2.234510064125061 0.3507733568549156 215.8671702593565 20.73882973194122 0 31.79349432885647 71.70265690982342 1.669636383652687 25.70941302925348 19.93782755732536 5.905847288668156 22.70459239929914 145.9045641645789 6.208126723766327 47.0242782458663 98.23948536068201 45.95171937346458 30.9727335870266 107.6666941121221 264.5023769289255 122.4913993626833 63.57345239818096 0.8935581147670746 0.3433852717280388 0 0 0 0 0 0 0 0 0.1233749389648438 0.1157757490873337 1.586553417146206 0.1816038936376572 0 0.3620552122592926 0 0 0.1059827879071236 1.962878078222275 7.334364682435989 0 1.452400043606758 0 3.172996111214161 15.76772753894329 36.38423600792885 4.437919788062572 0.7813709154725075 0 0 0 0 0 1.0081627368927 0 4.722767502069473 1.104412242770195 0 0.3205036222934723 0.1356237232685089 0.9002659469842911 0.6033252328634262 0 0 0 2.52597438544035 0.800922155380249 0 0.1958254426717758 8.354384914040565 59.95075488835573 4.04089392721653 0 0 0 0 0 0 0 0 86.15971090644598 8.590571582317352 1.126223243772984 0.9208175837993622 0.1437273323535919 6.519199788570404 13.64336014539003 34.56039958447218 2.766513653099537 2.328776612877846 3.080675363540649 1.831144243478775 0.1135056838393211 0 0 0.3505545258522034 0.4777456447482109 0.1137866601347923 0 0 0 59.16473957151175 16.13476623594761 26.52285420894623 553.9538328722119 5.912471793591976 239.7779653891921 98.31269638985395 369.2107178345323 48.94238589704037 0.942531056702137 119.4651186615229 28.90045671910048 1.094907462596893 13.51315066963434 3.705700576305389 76.47281385958195 6.712345212697983 0 0.8645956516265869 29.21165165305138 0.7508566081523895 386.1827823445201 102.8948492929339
254.7836205214262 577.2230158448219 285.7031052783132 2.815889373421669 1255.775036908686 17.56143835186958 1240.999100282788 121.5699117407203 313.4147619381547 223.4401856064796 1136.141095899045 186.4933006837964 2720.281988799572 329.1751026958227 19.07788822799921 14.91129621863365 0.4017682299017906 0.2198737040162086 0 0.08618605136871338 0.09257517755031586 0 0.1660248190164566 0 0.1113860234618187 0.135207861661911 0.2326408699154854 0.1041095778346062 0 0 204.4579548612237 21.24280247092247 1336.629472136497 0 0.4019696190953255 0.7478515282273293 387.6365488916636 33.48927782475948 32.40102226287127 0.132070392370224 0.2873051539063454 0.1612363159656525 0.108688548207283 0.8522157371044159 0 0.377423033118248 31.15942975878716 0.6591066122055054 0.4106743708252907 0 0 0 0 0.2144148498773575 1.030464850366116 0.1484221816062927 2.042636893689632 34.60109892487526 11.37711107730865 16.61080615967512 0.2755735293030739 302.3766260668635 0.3865695223212242 14.7890512123704 0.5222644209861755 0.4238995984196663 0.2222529277205467 0.08004350215196609 0.08987476676702499 0.412089891731739 821.2004569470882 1.530569300055504 0 22.40546748787165 15.63793592900038 39.6463271304965 16.80865940451622 7.204998575150967 0.9222761243581772 687.9969014003873 0.1823597252368927 111.8974242508411 4.127037964761257 0 0.09672405570745468 0.07197365909814835 0 0 0 0.1588263511657715 0.1109470725059509 0.2566815316677094 1.366336479783058 0.7616168484091759 0.1068841367959976 73.23695048689842 5.777822747826576 0 30.83799608796835 30.54486234486103 0.3157853931188583 0.8442842066287994 1.903499186038971 1.53093147277832 4.050007581710815 25.28205762058496 0.4297027811408043 11.04423476010561 18.2555173933506 7.584351316094398 5.836358420550823 21.73564819991589 54.72966755181551 23.27691525965929 16.62647688388824 0 0.918490469455719 0 0 0 0 0 0 0 0 0 0 0.3364176601171494 0 0 0 0 0 0 0.352937325835228 2.862637713551521 0 0.5996915772557259 0.1558490991592407 1.102754980325699 4.811881333589554 13.66391395032406 1.454961180686951 0.4667965397238731 0 0 0 0.2050654739141464 0.1230608597397804 0 0 1.182138174772263 0.1735990196466446 0 0 0 0.2147748991847038 0 0 0 0 0.8161008879542351 1.339760720729828 0 0.2553119361400604 1.75521893799305 14.88214380294085 1.180050127208233 0 0 0 0 0 0.1323753446340561 0 0 18.47447130829096 2.50872216373682 0 0 0 2.131218776106834 8.203155249357224 9.117128662765026 0.1148819401860237 1.035105317831039 0.245717465877533 0.08715507388114929 0.5724268704652786 0 0 0.2744281440973282 0.09442406892776489 0 0 0 0 11.10993181169033 5.700592003762722 8.30506320297718 203.4416310340166 2.814958140254021 97.89216847717762 33.95248122513294 64.38124565035105 21.90661992877722 0.4494207128882408 38.61258418858051 6.055271491408348 0 5.311102584004402 0.7365729659795761 25.42409833520651 1.866590112447739 0 0.1240964159369469 10.91101671755314 0.3006319850683212 71.94553671777248 20.36940202116966
0.1047201603651047 2.090160988271236 8.225315481424332 0 3.025427892804146 0.3830802738666534 10.51017944514751 25.51372867822647 16.72680017352104 2.967919915914536 28.93469127267599 17.57704569399357 46.66811837255955 19.07788822799921 384.0613962560892 1204.584922909737 230.2259328812361 6.844848997890949 28.68465284258127 2.379187047481537 0.3195965886116028 0 1.253965780138969 2.501298256218433 15.23185684531927 0.7036054208874702 6.835038639605045 0.5310436487197876 1.794462002813816 0.4534157663583755 6.247904799878597 12.70323503017426 27.70639934390783 1.545977629721165 2.371636152267456 11.06492409855127 16.33757454901934 49.05912801623344 31.98243564367294 12.28024406731129 2.455196686089039 3.509342201054096 8.671125091612339 288.5343202129006 48.08666627109051 85.38549087941647 182.9056871682405 5.367161922156811 7.612841077148914 5.120742797851562 1.723088927567005 0.7336227223277092 10.18019542098045 0.4701924622058868 2.138082951307297 0.4425114020705223 0 1.237623959779739 100.8917534276843 373.8734834492207 68.8989268168807 166.8564991354942 9.459658823907375 7.93552403151989 2.709259375929832 6.366647154092789 2.439772881567478 11.07621935009956 8.597561344504356 1.871920071542263 9.699369214475155 2.806487642228603 0 122.7153737619519 1.083537042140961 1098.419394925237 114.8598949462175 468.3548033833504 44.1673640832305 31.79817464947701 38.18093129992485 87.07419716566801 19.86774104088545 0 1.695888131856918 3.665845841169357 3.213669173419476 0 1.836979053914547 0.08913879841566086 1.161033771932125 0 5.206200361251831 3.58549040555954 2.881701923906803 0.3484137356281281 3.264871500432491 0 16.49025423824787 0.264779768884182 0 0 0 0 0 0 0 0 0 0 0 0 0.2068745493888855 0 0.0987638384103775 0 0.09394991397857666 0 0 0 0 0 0 0 0 0 0 3.901978649199009 0.1140728443861008 0.4659258127212524 0 0.8880247995257378 0 0.4394772052764893 0 0 0 2.820697717368603 1.865693017840385 0 0.8521171882748604 0.5735738277435303 2.374834671616554 1.528350509703159 0 0 0 0 0.500558465719223 0.7308702170848846 0 0 0 0 0 0 4.794493019580841 0.1179646924138069 0 0 0 0 0 0 1.287950001657009 3.707533694803715 0.8263670429587364 0 0 0 0 0 0 0 0 0.1359025090932846 0.3257055133581161 2.672950327396393 0 0 0.1307035386562347 0 0.5132321491837502 0 0.2623837888240814 0 0.4141163527965546 0.4342162013053894 0.4232463836669922 0 0 0 0 0 0.08058580756187439 0 0 0.09733006358146667 1.345911838114262 2.103986330330372 14.66355115175247 3.700578451156616 228.6388482302427 32.90426500141621 20.83219528198242 18.58625350892544 0 11.9639018625021 1.641751855611801 0 0.3767668604850769 0 1.598079919815063 0 0 0 10.45148434489965 0 24.64331936836243 0
