30.87801300734282 1866.105388045311 133.9067461043596 332.3960402533412 50.9229783192277 45.21881005167961 593.0991324484348 23.4787296205759 4.688110932707787 1193.722150526941 31.41420153528452 552.2034828662872 220.5371714755893 53.63990134745836 1.659531868994236 1.639881886541843 0.1301030218601227 0 0 0 0 0 0.1319159120321274 0 0.3695524632930756 0 0 0 0 0 312.4180250838399 3.518362298607826 17.1584153175354 0 0.104013629257679 0 7.457583233714104 0 0.7890707552433014 0.1435151845216751 0 0.2326918393373489 0 0 0 0 5.080164790153503 0.3817727640271187 0 0 0.08615072816610336 0 0 0 3.426556602120399 1.558723457157612 81.753746971488 651.5787637829781 54.21674662083387 6.366085208952427 0 1.714345425367355 0 21.03541278839111 1.809250719845295 0.8547056391835213 0 0.1422341465950012 0.1028723940253258 0.1048722118139267 33.34892554581165 1.023310139775276 0.3519918471574783 92.13083916157484 23.58182473480701 3.758642673492432 0.115710161626339 0.9178871512413025 0.5988944470882416 9.294735744595528 0.1366487890481949 0.1489103436470032 4.166206777095795 0 1.034852057695389 0.6211521402001381 0.07937011122703552 0.08701449632644653 0.1928488239645958 0 0.2067553102970123 0 0.3425338938832283 0.2280424907803535 0.122055672109127 65.09016820788383 11.94297288358212 0.1525068283081055 3.324516013264656 415.1285450309515 0 23.98218101263046 16.19909869134426 15.72386725246906 5.627794414758682 43.43316201865673 17.85883420705795 34.38166719675064 16.40692394971848 18.5737586915493 0.7037671208381653 14.8996669203043 9.339106142520905 1.441152185201645 0.9010020345449448 0 0 0 0 0 0 0 0 0 0 0 0 0 0 0 0 0 0 0 1.607635900378227 0 0 0 0 0.1649803519248962 2.773039907217026 0.6237281709909439 0.2554815411567688 0 0 0 0 0.3213545680046082 0 0 0 0 0.430191844701767 0 0 0 0.4259125292301178 0 0 0 0 0 0 0 0 0 0.286403477191925 0.2138568311929703 0 0 0 0 0 0 0 0 3.249254584312439 0 0 0 0 7.434194833040237 0 0.9202455058693886 0 0 0 0 0 0 0 0 0 0.1142111718654633 0 0 0 6.510429188609123 0.3088714331388474 0.2670110464096069 20.14112692326307 1.42532978951931 35.50234536081553 2.721142835915089 580.5863120630383 5.855790629982948 0.1446138918399811 0.537086121737957 4.755303144454956 0 0 0 232.5116705000401 0 0 0 7.860737338662148 0 367.9948276728392 134.1277684271336
1866.105388045311 1444.460748694837 613.1924480348825 165.4641781449318 1286.269322283566 71.84025652706623 1320.775246530771 256.5508219823241 437.9617080241442 604.7325786650181 446.037339374423 134.7285953462124 1412.467022582889 1454.311978310347 65.98988804221153 20.125154517591 0.9666942358016968 0 0.262616291642189 0.09690020233392715 0.5291263535618782 0 0.3368823379278183 0.321334034204483 1.477966390550137 0.1135353893041611 0.8988366052508354 0.1093358546495438 0.2922071069478989 0.2636204361915588 1780.86037248373 31.79756937921047 95.5733399912715 0 0.4252724349498749 1.386408269405365 47.24140423536301 2.455011114478111 6.899669304490089 1.690473094582558 0.9465328007936478 0.1066438779234886 0.381087027490139 1.278611250221729 1.253282375633717 0.7371028214693069 87.03483993560076 2.722042001783848 1.400268517434597 0.7876968085765839 3.55353457480669 0.2834329009056091 0.1943988800048828 0.1805959418416023 20.18906936794519 13.14778595417738 222.5627269744873 1204.071326196194 243.2455820962787 107.1034332811832 0.8746833726763725 8.099084883928299 0 118.1253688707948 14.97406051307917 6.313984215259552 1.967772394418716 1.040670938789845 0.6539987102150917 0.5740426182746887 69.29988741874695 6.185853287577629 0 487.5187417045236 163.6365717574954 99.1652520596981 9.206364788115025 5.507608763873577 9.768221005797386 132.5105421766639 0.858815461397171 10.46981704607606 36.0052659958601 0 8.137450903654099 8.21671561896801 0.9028799012303352 0.09785741567611694 3.22854371368885 1.408110618591309 1.813861675560474 0 1.784986153244972 0.8602953776717186 0.5899822562932968 28.19782736897469 7.198466897010803 0 5.278594151139259 1561.910953231156 2.126564353704453 2.510621309280396 12.21887246519327 4.636523701250553 7.248760879039764 30.57972797006369 2.383997887372971 24.25638065487146 12.82737001031637 9.557605974376202 1.26309996843338 18.33408117294312 12.18140801787376 3.811694547533989 6.344752080738544 0.3431447744369507 0 0 0 0 0 0.09838737547397614 0 0 0 0 0 2.279999494552612 0 0 0 0 0.1246253177523613 0 9.10963848978281 2.54224157333374 0 0 0.4502229243516922 7.647365286946297 3.274290353059769 15.18767412006855 3.811745353043079 0 0.2943860292434692 0 0 0.3131237626075745 1.244436472654343 0.3903771340847015 0 0 0.5966887921094894 0 0.1154517829418182 0 0.3256058394908905 0.1228047236800194 0 0 0.07617843896150589 0.8103845715522766 2.24607926607132 0 0.9945721626281738 0 9.742462269961834 2.423314690589905 0.2961079478263855 0 0 0 0 0.08169097453355789 0 0 15.20172648131847 0.7254209220409393 0 0 0 28.25426300615072 0.4473838359117508 11.12435926496983 0.7889654636383057 1.451395809650421 0.1390351802110672 0 0 0.08011087030172348 0 0.2144512385129929 0 0.08249727636575699 0 0.1049204394221306 0 11.78114145249128 5.530380055308342 10.02939900755882 166.6484103053808 13.52712214738131 532.8687059953809 44.31367196142673 586.8607964962721 71.96973989903927 2.354970179498196 24.67635700106621 3.365494966506958 0 0.9075792878866196 0 46.42372271418571 0 0 0 18.71749851107597 0 368.3456096723676 47.5086666867137
133.9067461043596 613.1924480348825 816.9377249628305 0 1017.12579048425 0 70.32029581815004 1735.328249789774 511.9449266791344 9.804302789270878 1244.110023409128 72.18229804933071 199.5355237573385 865.7530511766672 39.20296388119459 34.25877280533314 2.647708870470524 0.1938658282160759 0.1603312790393829 1.662900440394878 7.153722770512104 0 3.331990987062454 1.832963779568672 9.675506182014942 1.506443582475185 5.668356575071812 0.7037862092256546 0.5448266640305519 0.3278256356716156 2603.827547185123 138.1649732515216 138.1865012645721 0.4095267802476883 4.255325973033905 7.108164325356483 54.12373048812151 6.931042283773422 11.5364994853735 3.401787362992764 4.719154626131058 0.9874439835548401 1.216611839830875 1.13787492364645 0.7303958535194397 2.112339973449707 43.47233872115612 1.292576044797897 1.281116709113121 3.553861476480961 4.534527115523815 0.141674280166626 0.2703320682048798 0.1967148259282112 4.053826093673706 2.318355329334736 53.64370430260897 513.1383969709277 62.90984965860844 26.65313325077295 2.229306556284428 30.51243026554585 0.5106198042631149 55.09232480078936 2.974321559071541 3.912676572799683 2.707453183829784 3.849787868559361 6.197805188596249 11.37076550722122 78.39784928411245 9.474462397396564 0 145.7864798307419 61.46731286495924 31.30676318705082 4.336496017873287 8.059300020337105 52.29444566369057 431.3858367726207 3.806290581822395 126.3724553883076 7.709335751831532 0.09208323806524277 1.921098262071609 2.696878865361214 2.662003695964813 0 0.6863163411617279 0.09638573974370956 0.7134195640683174 0.1085022985935211 14.04270350188017 2.266312658786774 0.9300516471266747 18.64940989017487 9.007847532629967 0 4.137827686965466 666.4268373996019 3.448876053094864 0.6946535706520081 1.680170699954033 0 1.378567308187485 2.963481172919273 0.1546258628368378 3.764588251709938 0.4066098928451538 0.8560381084680557 1.450544729828835 4.187655314803123 4.186812967061996 0.2768689841032028 2.810549549758434 0 1.434442281723022 0 0.1756984144449234 0 0 0 0 0 0.1493171155452728 0.4675334393978119 0 1.331182979047298 0.5421239137649536 0.5790509209036827 0 0.1141766831278801 0.3003647029399872 0.2331313043832779 2.749007791280746 1.420267462730408 0 0 0.6931822896003723 5.851995646953583 1.946443125605583 11.09198097884655 5.368432894349098 2.08615417778492 0 0 0 0.4734034538269043 1.395142585039139 0.3539284914731979 0 0.7294505387544632 0.1446085870265961 0 0 0 0.7556769400835037 0.2531415671110153 0 0 0 0.8430630564689636 0.4573811888694763 0 1.033724337816238 0.631137490272522 10.86338463425636 4.148413896560669 0.2014754712581635 0.1157654523849487 0 0 0.1778163090348244 0.08588040620088577 0 0.2062516137957573 9.069573611021042 2.422056749463081 0 0.09366399049758911 0.5283161476254463 7.267551906406879 0.4388130009174347 9.654859080910683 0.4666678607463837 3.380336940288544 0.3431394100189209 0.5355300903320312 1.312801592051983 0.08959928154945374 0 0 0 0 0 0.08834177255630493 0 7.097313828766346 6.491200432181358 11.33730874210596 57.3323542624712 3.564311154186726 139.1361879482865 16.77528639882803 61.40642803162336 18.3197577893734 0.769413597881794 9.309755869209766 2.986885145306587 0 0.5124234333634377 0 5.054035544395447 0 0 0 4.422000676393509 0 31.86240697652102 7.660503923892975
332.3960402533412 165.4641781449318 0 239.6817630380392 27.16612013429403 146.0496114343405 446.046616345644 0.5867433995008469 0 1542.343733429909 0.6662919670343399 1916.241853415966 813.1410972476006 29.06309524178505 2.097722671926022 1.692300736904144 0 0 0 0 0.108772486448288 0 0 0 0 0 0.3387503623962402 0 0 0 8.197533093392849 0.3506401628255844 90.84837260842323 0 0 0 34.00890887528658 0.7074636667966843 2.895161509513855 1.096053883433342 0 0.2144458293914795 0 0 0.4480441212654114 0 2.318592548370361 0 0 0 0 0 0 0 0.1046238243579865 0.1057929173111916 1.624554038047791 12.61801489442587 2.577801913022995 0.8358391895890236 0 0 0 1.536386519670486 0.0946912094950676 0 0 0 0 0 181.535213470459 0.2055579125881195 0 3.46816573292017 1.076144777238369 0.964674785733223 0 0 0.2166018635034561 1.126601383090019 0 0.1503957360982895 0 0 0 0.09578034281730652 0 0 0 0 0 0 0 0 0 175.1172463446856 1.293285623192787 0 3.019111901521683 53.32844259589911 0.1346915513277054 3.916998267173767 23.60247468948364 13.49522672593594 2.101681292057037 20.31976779550314 4.249999806284904 5.273079007863998 8.191612645983696 8.814971908926964 0 6.687239468097687 47.32256486266851 1.219556361436844 0.592541366815567 0 0 0 0 0 0 0 0 0 0 0 0 0 0 0.1253635436296463 0 0 0 0 1.153747424483299 0 0 0 0 0.7436549142003059 0 0.9326033443212509 0.5512890219688416 0 0 0 0 0 0 0 0 0 0 0 0 0 0 0.1393644213676453 0 0 0 0 0 0 0 0 3.836965307593346 0 0 0 0 0 0 0 0 0 2.125649809837341 0 0 0 0 2.558907434344292 0 1.066629633307457 0 0 0.1216475814580917 0 0 0 0 0 0 0 0 0 0 3.201117232441902 0.1281412541866302 0.1544748395681381 9.618363842368126 0.1430076956748962 6.701040081679821 1.63165295869112 101.4076646268368 1.712750978767872 0 1.450733363628387 0.1643128991127014 0 0.6524598523974419 0 8.208945840597153 0 0 0 0.6547737419605255 0 106.6570948511362 14.21139766275883
50.9229783192277 1286.269322283566 1017.12579048425 27.16612013429403 1315.418368391693 20.49979525059462 728.0594507306814 281.7873929068446 1497.69020999223 335.4951592534781 434.7055883258581 28.49387990683317 733.487738609314 1450.805501885712 103.4262057244778 37.16484726965427 1.249206967651844 0 0.1988441869616508 0 0.2170981615781784 0 0.220264196395874 0.1347024738788605 0.4099424928426743 0 0.4224870726466179 0 0.1346434503793716 0 306.4179694056511 34.632449477911 28.07936970889568 0 0.2554675489664078 0.5781926065683365 24.92401400208473 3.253669753670692 3.589462988078594 1.344162434339523 0 0.4227298647165298 0.07310625910758972 0.7747485935688019 0.7540784925222397 0 84.17331842333078 1.507518462836742 0.4015963897109032 0.2746299207210541 2.094169177114964 0.5999601483345032 0 0.2245505079627037 9.028561033308506 7.506187282502651 56.46138101443648 132.8747506737709 83.34269148111343 72.85567672550678 0 9.337567001581192 0 56.3276289999485 5.094802968204021 2.933732092380524 1.629795633256435 0.3520763739943504 0.1912847310304642 0.6398501694202423 62.04850060492754 10.73900203406811 0 183.4558051265776 88.41958554089069 85.11315656453371 12.48056541383266 7.38706523925066 7.671535700559616 15.00315501540899 0.8406592458486557 9.012479998171329 16.36902313679457 0.2696110606193542 3.65045802295208 3.876812770962715 0.2918097004294395 0 2.06752172857523 0.1972276568412781 1.017080895602703 0.2783905491232872 1.134661868214607 0.7608404383063316 0.4370743408799171 87.45050905644894 14.40670178830624 0 8.401239693164825 36.68308334797621 3.243940353393555 5.987825237214565 30.78336953371763 6.18365340679884 25.76520281285048 79.50671434402466 8.348972417414188 89.09890935570002 28.89040926843882 22.79088938981295 9.834033362567425 62.14889388531446 35.13712225109339 17.01852036267519 28.36248177289963 0.5648086667060852 0.4253678321838379 0 0 0 0 0 0.3658761605620384 0 0 0 0 4.289688035845757 0 0 0 0.4821987226605415 0.3007346540689468 0.2110673785209656 28.77148723602295 3.64994589984417 0 0.3212359845638275 0.4433015882968903 19.85130500048399 7.794894129037857 48.45321933925152 7.234715715050697 3.46415363997221 0.1439585983753204 0 0.2583951652050018 0.3955447971820831 1.307223558425903 0.2531165182590485 0 0.4943214356899261 0 0 0 0.1748523712158203 1.368361353874207 0.1427153050899506 0 0 0.09571243822574615 4.240750074386597 8.73499883711338 0 1.084871143102646 0.1837253570556641 35.33709129691124 14.43171355128288 0 0.1801788657903671 0 0 0 0 0.1849433928728104 0 41.99704644083977 0.9675085097551346 0 0 0.124210350215435 63.12133321166039 0.4770449697971344 29.55748558044434 1.63023453950882 3.146729655563831 0.09760936349630356 0 0.8220298737287521 0 0 0 0 0 0 0 0 46.9093027934432 12.1926581710577 23.76155067235231 240.8617127686739 11.93390641361475 407.2443396449089 56.37482117861509 97.79608977586031 76.32824750989676 1.581846438348293 47.63323994725943 7.534520745277405 0.1597967743873596 2.378836244344711 0 49.70358923077583 0.1947736591100693 0 0 19.13380362838507 0.391890823841095 169.4498243927956 90.79032621532679
45.21881005167961 71.84025652706623 0 146.0496114343405 20.49979525059462 1.993943929672241 104.7494188472629 0 1.244203001260757 530.6955887079239 0.7572880834341049 154.2253058105707 100.1499944478273 9.348580047488213 0.1322132647037506 0.1755008697509766 0 0.1631994247436523 0 0 0 2.626843519508839 0 0 0 0 0 0 0 0 3.619568780064583 0 10.42924223840237 0 0 0 12.38837486505508 0.2067424952983856 1.213893219828606 0 0 0.5150327607989311 0.1562319844961166 0 0 0 0.2638035342097282 0 0.4856394678354263 0 0 11.24688491970301 0.1750587970018387 0.6782239526510239 0 0.9439548328518867 28.10943557322025 7.016106635332108 1.637711919844151 0.7258664965629578 0 1.385013923048973 0 0 0 0.1031759604811668 0 0 0 0 110.0365556031466 258.010958135128 34.46352562308311 1.122427843511105 0.2550249174237251 0 0 0 0 0.165509507060051 0 0 0.1487288475036621 1.101904161274433 0 0.6295660808682442 0.1194178238511086 18.52564748376608 5.333116710186005 31.87061235308647 6.559457361698151 12.90430227667093 0 0.3212958723306656 5.411526881158352 233.9693972170353 203.1526283323765 23.00648037344217 42.58029288053513 135.8011973798275 0 2.188711285591125 0.9658546894788742 1.072724282741547 1.579252392053604 3.320271477103233 1.030586525797844 2.358999654650688 0.2174347639083862 2.992636546492577 0 3.062478721141815 0.7687029168009758 0.3265936449170113 0.1233202219009399 0 0 0 0 0 0 0 0 0 0 0 0 0.1378590911626816 0 0 0 0 0.1401970535516739 0 0.1307821422815323 0 0 0 0 0.2763254940509796 0 0 0 0 0.2364566624164581 0 0 0 0 0 0 0 0 0 0 0.1403878927230835 0 0 0 0 0 0 0 0 0 0 0.141470730304718 0 0 0 0.1371358931064606 0.09789741784334183 0.1245894953608513 0.09490872174501419 0.07484611123800278 0 0.5304141640663147 0 0 0 0 0 0 0 0 0 0 0 0 0.1031403169035912 0 0 0 0.126160055398941 0.6141974851489067 0 0 1.405207306146622 0 0.2844057381153107 2.855334348976612 1.631602540612221 1.757947511970997 0.4142402857542038 130.6649037376046 0 0 0.1748997122049332 0 0 0 0 8.841999530792236 0 0 0 0.7446404695510864 0 68.32527795433998 15.34324251115322
593.0991324484348 1320.775246530771 70.32029581815004 446.046616345644 728.0594507306814 104.7494188472629 159.6233385801315 29.87250480800867 1069.660946935415 1331.388992257416 107.7324537560344 206.3192672356963 1836.498132631183 857.698421664536 69.97384082525969 36.02011630684137 1.151210427284241 0.1159547194838524 0 0 0.111932747066021 0 0.3023847416043282 0.140950009226799 0.5040524154901505 0.1326968818902969 0.1340497434139252 0.1030500903725624 0.3224170506000519 0 114.1487989276648 12.27366209775209 51.8011507615447 0 0.135238990187645 0.4387973099946976 44.30919028073549 0.5622847601771355 2.944395244121552 0.5948362872004509 0.4801143780350685 0.3081493303179741 0.1640569195151329 0.5178306326270103 0.6606829464435577 0.3776214420795441 61.29042810946703 1.148016348481178 0.4220540672540665 0.3477125912904739 0.4803398698568344 0 0.1366322338581085 0 9.480083160102367 5.382700722664595 59.68629103899002 180.7972857058048 77.09012529999018 51.27317298948765 0.08851436525583267 8.475023739039898 0 36.58342035859823 6.110817678272724 3.285501204431057 0.493435449898243 0.4739164039492607 0.2567126154899597 0.7137972414493561 90.87941490113735 6.70861229300499 0 153.3411251455545 54.75390382856131 57.93946730345488 8.318543419241905 4.746280111372471 3.997826039791107 6.821789562702179 0.4279464483261108 7.262762323021889 14.10423808544874 0 2.485774978995323 2.689642392098904 0.5694958567619324 0 0.7521651238203049 0.1478298455476761 0.640421524643898 0.2290207222104073 0.5099157020449638 0.5613154992461205 0.1793543919920921 201.1428087279201 15.65390782803297 0 7.909344047307968 72.04840369522572 6.419987618923187 38.43040750920773 123.2926048114896 62.18368722498417 42.41426115483046 140.9650326445699 35.00628963857889 134.9939457401633 89.07410174608231 59.71844010800123 10.000408411026 103.868973530829 69.56474404782057 21.1135101094842 34.82785563915968 0.1966114044189453 0 0.3040653318166733 0 0 0.4880962669849396 0 0.1326794773340225 0 0 0.2599174380302429 0 1.853521935641766 0 0.5545089244842529 0 1.037469729781151 0.7299812287092209 0.1276176571846008 39.04196857661009 9.112095534801483 0.2439040243625641 0.1513630449771881 0 20.49207026511431 7.771304965019226 50.22157614678144 7.529472164809704 6.135774001479149 0.5710659176111221 0.2049053162336349 0 1.15655654668808 1.176785320043564 0.8824223279953003 0 0.7338331863284111 0.7044899016618729 0 0 0 0 0 0 0.2253025695681572 0 2.501859419047832 4.644770108163357 0.5653255730867386 0.8583784997463226 1.236251831054688 39.8711955845356 16.78621287643909 0.4005516469478607 0 0 0.097000353038311 0.4931200742721558 0 0.08390389382839203 0 62.90765715390444 1.823536694049835 0 0.1118091493844986 0 91.52168161422014 2.719079941511154 44.85871911793947 1.097406655550003 8.741941213607788 0.8376376777887344 0 0.4401900321245193 0 0 0 0 0 0 0 0 74.80439230054617 17.82725386321545 31.51751143485308 215.468254417181 9.297369994223118 310.5606125071645 49.71999707818031 217.8971784561872 53.86316858977079 3.358628988265991 46.37261262536049 17.92029122263193 0.1470711380243301 6.397093944251537 1.030509397387505 117.2533420026302 0.8546026647090912 0 0.6250011324882507 12.04964182525873 0 462.9216425344348 199.9961204826832
23.4787296205759 256.5508219823241 1735.328249789774 0.5867433995008469 281.7873929068446 0 29.87250480800867 279.4012605249882 658.2893422544003 1.272258296608925 442.9602025523782 79.19991379976273 246.9986207857728 1397.568086840212 105.0633574724197 105.503849953413 6.419602937996387 0.5575507134199142 0.8902192488312721 9.843034282326698 31.55379397422075 0.3797452449798584 12.94994484633207 4.588390953838825 41.19864156097174 4.816532097756863 20.10831639170647 0.7622425109148026 0.7010795250535011 0.8100403770804405 726.164912134409 575.2662715688348 282.3569563999772 1.06205615401268 14.09936220943928 29.27572551369667 107.052385404706 33.40725358575583 34.06385824084282 16.92196494340897 16.03938660770655 3.920645862817764 5.295301772654057 4.403817750513554 3.445851996541023 15.25785626471043 73.02303871512413 1.867487177252769 2.42592665553093 7.294082552194595 11.81179707497358 0.4426576346158981 0.4840368330478668 0.7669762596487999 3.833913832902908 1.984859362244606 24.18728883564472 99.72023016214371 31.26865781843662 37.56605345755816 13.47738764435053 120.4949310645461 4.192655146121979 73.3634714409709 3.38537336140871 6.052369989454746 7.890453703701496 14.97305372357368 19.26347275823355 46.09907153248787 69.85810298472643 7.079285442829132 0.253566563129425 92.36574202030897 52.30051577091217 58.93613666296005 18.32999780029058 60.4731507897377 1644.836652949452 1276.006849318743 33.27635942399502 1102.007040046155 6.614161275327206 0 2.858406022191048 2.538769997656345 8.000763237476349 0 1.619249135255814 0.105733796954155 1.956500105559826 0.2240552008152008 62.00465502589941 10.4925864264369 1.320544503629208 10.22966931760311 1.766536094248295 0.2446959391236305 11.32891411334276 29.10575965046883 0 0 0.432319700717926 0 1.599528402090073 3.745633333921432 0 2.951924011111259 0.3489628285169601 0 1.488927721977234 1.890804752707481 1.148532874882221 0.3587403297424316 1.506490990519524 0.1009510010480881 0.09320047497749329 0 0.7594969719648361 0 0 0.2144442051649094 0 0 0 0.1575530618429184 0.1102776750922203 1.277698747813702 0 0.1051680073142052 0 0.4642430245876312 0.7733815610408783 0 2.135130017995834 0.314495861530304 0 1.62687349319458 0.9536777138710022 1.82384304702282 1.502220802009106 4.807980723679066 2.398078195750713 0.9552634954452515 0.1952554136514664 0.3659174144268036 0.4196695685386658 0 0.3940926566720009 0.122392050921917 0 0 0.1156854555010796 0 0.2037553861737251 0 1.025076195597649 1.037676565349102 0 0 0 0 0.6154169738292694 0 3.706241816282272 0.1403665840625763 3.547666326165199 4.067675977945328 0 0 0 0 0.7428002208471298 0.07761666178703308 0.3607197627425194 0.3436800912022591 3.542213536798954 0.79637211561203 0.09079422056674957 0.3234691023826599 0.9545855894684792 5.049689099192619 0 3.390222698450089 0 0.2560041546821594 0.2255593612790108 0.6425344347953796 0.1193422600626945 0 0 0 0 0.1829862147569656 0.3902584239840508 0.2047237679362297 0.5167637318372726 1.277327254414558 1.078928798437119 4.83727890253067 116.0745010599494 13.5446494743228 218.9589651748538 44.89683523029089 17.34556332230568 31.82804947346449 0.3956809863448143 25.85076396167278 2.806044459342957 0.3118439167737961 0.8415107652544975 0 6.02801987528801 0 0 0 10.78051974624395 0 22.54738966375589 4.111057266592979
4.688110932707787 437.9617080241442 511.9449266791344 0 1497.69020999223 1.244203001260757 1069.660946935415 658.2893422544003 356.513718560338 9.075596377253532 906.3543917760253 8.189009413123131 366.2147024869919 234.1520131677389 25.74839144945145 14.02207390964031 0.3261172622442245 0 0.1101314499974251 0.1956117525696754 0.1123785376548767 0 0 0 0.95798210054636 0 0 0 0 0 38.18966238200665 8.234504558146 57.20231679081917 0 0.2228030040860176 0.9381649270653725 21.8561027944088 2.595922611653805 4.223078019917011 0.784440353512764 0.09562978148460388 0 0 0.4133779555559158 0.2231450304389 0 17.35653948783875 0.3946001976728439 0.1068989485502243 0 0 0 0 0 1.192160308361053 1.12353304028511 8.332978397607803 15.16691660881042 14.51735056191683 14.86480841040611 0.1202307343482971 5.713210463523865 0 12.77867733687162 0.9879746735095978 0.3177611231803894 0.2051873505115509 0.09153924137353897 0.07999878376722336 0.9947992041707039 16.4479049667716 2.878607407212257 0 24.03566771745682 13.26753696799278 17.86078742146492 4.215332970023155 3.397034510970116 2.58601039648056 21.64702402055264 0.2804314345121384 4.989589728415012 2.492683589458466 0 0.8501831814646721 0.977294385433197 0 0.1201182827353477 0 0 0.2479434758424759 0 0.5138753950595856 0.1933750733733177 0.1437050551176071 14.68665070831776 5.709454089403152 0 1.83638846129179 6.797277711331844 2.252753496170044 0.5910224765539169 2.583745926618576 2.888053871691227 4.056493103504181 10.96698424965143 1.804381012916565 13.37305321544409 2.815017588436604 2.696966290473938 1.774046540260315 8.823853641748428 6.537890039384365 1.355455450713634 6.810312129557133 0 0.180291086435318 0 0 0 0 0 0 0 0 0 0 0.601861298084259 0.1262071132659912 0 0 0 0 0 4.69683825969696 0 0 0 0 3.071928448975086 0.7598463594913483 8.215985812246799 1.231433972716331 0.9309296309947968 0 0 0 1.299130022525787 0 0 0 0 0.1293757557868958 0 0 0 0 0 0 0 0 0 0.2867245078086853 0 0 0 5.394322916865349 1.627223253250122 0 0.3246821463108063 0 0 0 0 0 0 7.515537157654762 0 0 0 0 14.85238070785999 0 5.500888720154762 0.5414286330342293 0 0.1315103769302368 0 0 0 0 0 0 0 0 0 0 6.498296499252319 2.79706472158432 3.779724039137363 66.45450089126825 1.128865167498589 83.77867145836353 17.84489495307207 14.41613828390837 16.49560503661633 0.4982111155986786 15.55618949234486 0 0 0.4491869509220123 0 8.347396478056908 0 0 0 3.06040021777153 0 25.16873513162136 16.67484828829765
1193.722150526941 604.7325786650181 9.804302789270878 1542.343733429909 335.4951592534781 530.6955887079239 1331.388992257416 1.272258296608925 9.075596377253532 749.403108291328 11.26614754647017 1993.698141172528 3115.58320300281 182.7538008093834 12.73756273090839 10.42994924634695 0 0 0.1358886212110519 0.1302345544099808 0 0.4519719630479813 0 0 0.8878999203443527 0.1607073247432709 0.1202237457036972 0 0.1441724002361298 0 30.59832365810871 2.179386995732784 205.5699265450239 0.145574226975441 0.2205532342195511 0.9464615881443024 151.384165994823 3.952643200755119 11.33496555685997 0.7864899635314941 0.109706275165081 0.1606874465942383 0 0.1730866879224777 0.1822499334812164 0.4194218069314957 15.95670045167208 0.1355762481689453 0.4518115296959877 0 0 0.3689818829298019 0 0 2.00617454200983 0.4984487295150757 20.48231434822083 65.99870685487986 13.90060476958752 8.603694558143616 0 5.824986144900322 0 6.546756535768509 1.503905199468136 0.6972347870469093 0 0.2148584127426147 0.3726365938782692 0.3864127472043037 568.8790315464139 17.86106698215008 0.343556672334671 30.39206879585981 14.14346845448017 7.988738149404526 0.9146037474274635 0.6556504219770432 0.53876031935215 6.571711763739586 0 2.090915590524673 2.411223903298378 0 0.4363294839859009 0.627884641289711 0.09601542353630066 0.1057242974638939 0.1230422332882881 0.4153405725955963 0.4756648242473602 0.8598476350307465 0.5770102366805077 0.797087199985981 0.5247643440961838 384.8546811640263 164.3335622400045 2.788939714431763 49.94819673895836 190.3538762256503 1.300751872360706 41.71947658061981 60.1018884703517 124.5468981489539 36.15727568417788 157.7305154278874 50.2776962518692 164.8580977171659 113.1294813454151 105.8775782585144 9.906506612896919 112.3896820768714 219.6535112932324 36.15412922948599 27.14761707931757 0.1348365396261215 0.2453172653913498 0.4415408223867416 0.1229891702532768 0 0 0 0.1781858950853348 0 0 0 0 0.4414667338132858 0.3676915168762207 0.129522517323494 0 0.4106079787015915 0.6410726755857468 0 27.1286876052618 2.966415055096149 0 0 0.1827773749828339 16.14581119269133 0.9266419410705566 25.0730379447341 6.485528528690338 1.648383677005768 0.3471857905387878 0 0 0 1.665321722626686 0.5334508270025253 0 0.847945511341095 1.163429155945778 0 0 0 1.672995984554291 0 0 0.4583071172237396 0 0.2128764018416405 1.733225077390671 0.2669716253876686 4.343570441007614 0.1500723958015442 28.71064705401659 6.441091552376747 0.2501291930675507 0 0 0 0 0 0 0 42.54095540195704 0.1567208468914032 0 0 0 51.21975377947092 0.2298082709312439 19.47102238237858 0.4346078112721443 2.275548726320267 0.2680477648973465 0 0.1440949141979218 0 0 0 0 0 0 0 0 80.30935369431973 7.751880429685116 12.01308742165565 70.86661999672651 1.362145334482193 61.93214440345764 13.37874922901392 441.0132426768541 11.48226404935122 0.1314176023006439 9.63762928545475 3.986810490489006 0.158130094408989 2.407632201910019 0.8063312917947769 197.7163424640894 0.3629737347364426 6.625729560852051 0 10.55474229156971 0.6684869527816772 1089.183530777693 366.3835707753897
31.41420153528452 446.037339374423 1244.110023409128 0.6662919670343399 434.7055883258581 0.7572880834341049 107.7324537560344 442.9602025523782 906.3543917760253 11.26614754647017 361.2854178026319 85.64590047299862 389.6808586791158 2926.845318704844 122.8891590759158 112.5939017161727 6.943333126604557 0.4633036851882935 0.4395464584231377 2.970422476530075 10.97039544582367 0.8148208111524582 6.895205862820148 2.970597684383392 35.40583370625973 5.238402508199215 16.92892880737782 1.757711797952652 1.672664768993855 1.156269080936909 346.4121142551303 163.1540859416127 1029.792439624667 0.7524319514632225 8.096324846148491 32.00820277631283 394.1120281293988 83.55591446906328 90.28114552050829 30.66469971835613 13.52774466574192 3.359738878905773 0.5580089166760445 1.630106702446938 2.432140745222569 1.495190404355526 85.70451521873474 1.22823540866375 1.495861873030663 1.791103914380074 7.853267416357994 0.3497601225972176 0.471543200314045 2.999636985361576 4.077197261154652 2.014395736157894 34.53171823173761 85.8674042224884 34.49880499392748 44.85375314205885 1.304847881197929 163.3158765733242 2.575048543512821 38.89089543372393 3.04191579669714 3.561938129365444 5.514166556298733 4.717431135475636 6.282763883471489 15.67478842288256 180.1722369641066 9.428728550672531 0.1157318204641342 97.672866076231 46.70142202824354 65.12502308189869 11.9577604457736 21.47437761723995 411.2994574606419 287.7917060181499 2.646263852715492 144.8873746916652 7.607060819864273 0 2.05732911080122 2.073468446731567 2.932182610034943 0.176761269569397 0.9029109552502632 0.09669343382120132 1.436747811734676 0 26.9207621589303 7.745210915803909 2.224231205880642 20.09324581176043 3.930140770971775 1.048571214079857 28.28516358137131 36.13347192853689 0.4782874584197998 1.156845659017563 1.192712619900703 1.124355144798756 1.459596440196037 3.316862225532532 0.3176438808441162 5.798822127282619 2.711478903889656 0.1416352987289429 1.569014333188534 5.970796942710876 3.374495401978493 0.8180835917592049 2.356564536690712 0.5688169673085213 0.2102475762367249 0 0.1146272420883179 0 0 0 0 0 0 0 0.1164851635694504 1.747747093439102 0 0.1262068152427673 0.1967623606324196 0.08888548612594604 0.2683049067854881 0.08463270217180252 3.169707894325256 0.241904079914093 0 0.3427062332630157 0.733159676194191 3.561579808592796 2.163103632628918 10.88532967120409 2.966437220573425 1.365676045417786 0.2794449031352997 0 0.3784148171544075 0.1556989699602127 0 0.2091718092560768 0.1313765347003937 0 0 0 0.1966195628046989 0.3133304864168167 0.8870132490992546 0.2638629972934723 0 0 0 0 0 0 0.2250147759914398 0 6.217693820595741 1.111829996109009 0 0 0 0.1142558753490448 0.5895910859107971 0.1144562289118767 0.2331896647810936 0.1947728544473648 5.928950518369675 1.158359311521053 0.3321325555443764 0.2011487931013107 0.2080651074647903 9.963672757148743 0.2398526668548584 2.684132143855095 0.1784854829311371 2.159550189971924 0.5326471254229546 0.1159192994236946 1.333673402667046 0 0 0 0 0.08430708944797516 0.5822429582476616 0 0.1155541315674782 4.915474511682987 1.742568045854568 5.875792481005192 182.7875965684652 11.33069965988398 280.1416928544641 62.71606381982565 22.53171951323748 41.58899085223675 1.38667506724596 35.60747195035219 1.724853366613388 0 0.7762435674667358 0 2.218649089336395 0 0 0 15.79025667160749 0.2600000500679016 30.818617798388 7.209051720798016
552.2034828662872 134.7285953462124 72.18229804933071 1916.241853415966 28.49387990683317 154.2253058105707 206.3192672356963 79.19991379976273 8.189009413123131 1993.698141172528 85.64590047299862 190.0635255426168 859.1523670405149 183.1653512567282 56.02107321470976 60.03905837237835 1.026341736316681 0.2673419117927551 0.1806454733014107 0.2757699713110924 1.200221098959446 0 0.8970932438969612 0.4289526641368866 6.95466323941946 0.9207954257726669 2.309816293418407 0 0.4532425701618195 0 15.12909810245037 4.890203267335892 316.4526103287935 0.1655122935771942 1.254387512803078 4.320258215069771 245.3203917071223 13.32477635145187 29.56825509667397 6.512574933469296 0.8094572871923447 0.7907315865159035 0.2640998512506485 0.7183132916688919 0.388824425637722 0.2477488592267036 44.16344570368528 0.5955226048827171 0 0.08605311810970306 2.019390895962715 0.3946405351161957 0.3765158355236053 1.414667755365372 1.094621077179909 0.8516922071576118 7.166083633899689 14.65636273473501 6.909405097365379 14.24946305900812 0.337060883641243 7.120961897075176 0.3704304993152618 3.49870815128088 0.5669659599661827 1.120431914925575 0.4752856343984604 0.8251949101686478 1.167911849915981 1.573312222957611 304.3817543685436 5.278449684381485 0 15.91212099045515 4.300808236002922 15.03633263707161 4.332971408963203 2.446043692529202 3.898199558258057 9.95726877450943 0.3758998140692711 7.415845796465874 2.60443277657032 0 0 0.3728181421756744 0.4284497946500778 0 0.6594181284308434 0.3408672958612442 0.4967916831374168 0.2452872917056084 3.787216782569885 0.9212547913193703 0.6837573945522308 358.2518960833549 5.64332789182663 0 22.88064999878407 20.04538791626692 0 5.095725163817406 20.8455363959074 6.997926093637943 16.62318027764559 47.72882837802172 7.448059216141701 55.54921165853739 20.18910635262728 16.13718996196985 6.551864728331566 52.68474747240543 21.636230237782 9.212225593626499 14.83211955428123 0.2464662939310074 0 0 0.448896624147892 0 0 0 0.09759289771318436 0 0 0.126830592751503 0 0.7501539811491966 0 0.146978959441185 0 0 0.111844576895237 0 17.68884005397558 3.74979567527771 0 0 0.09264244884252548 10.10914628207684 2.764859676361084 17.27597660571337 3.396965473890305 0.6119088605046272 0 0 0.0891101211309433 0 0.5667844861745834 0 0 0.4218223392963409 0.1439052373170853 0.2498493045568466 0.1236702874302864 0 0.7088689133524895 0.2928742319345474 0 0 0 1.15240129083395 0.5975094512104988 0 0.1704152673482895 0.5309044122695923 18.4342642351985 3.971205487847328 0 0 0 0.1072124689817429 0.1128430962562561 0 0 0 36.15685942023993 0.5194910168647766 0.1991840004920959 0 0 36.74328178167343 0.2425387650728226 9.472499832510948 0.4106322452425957 3.009233489632607 0.1105235293507576 0 0.6797855868935585 0 0 0.1264959275722504 0 0 0 0 0 36.50140372663736 5.282523915171623 14.18638765066862 167.3566685840487 4.08294515311718 129.9395858570933 37.40534549951553 80.90058814734221 23.39448774605989 0.7760230749845505 31.97229266166687 4.464978456497192 0.2089578807353973 0.3615095019340515 0 34.79936389625072 0.3465056270360947 0 0 11.99153216183186 0 243.1470541357994 97.68009215593338
220.5371714755893 1412.467022582889 199.5355237573385 813.1410972476006 733.487738609314 100.1499944478273 1836.498132631183 246.9986207857728 366.2147024869919 3115.58320300281 389.6808586791158 859.1523670405149 3009.386200204492 2097.794593572617 149.1575596183538 127.0278857797384 1.274717412889004 0 0.4752490520477295 0.3218682333827019 1.993114709854126 0 1.220209129154682 1.116410963237286 6.843242645263672 1.156180761754513 2.904683023691177 0.9610306844115257 0.455752044916153 0.5575314909219742 44.19666504859924 15.70090491324663 420.4326006770134 0.1977323591709137 1.944332487881184 7.510469153523445 788.4700540155172 18.113834656775 37.26472160965204 6.737878069281578 3.708434462547302 0.4138601273298264 0.1891518905758858 1.357385940849781 0.6935287863016129 1.059264719486237 88.11516444385052 0.8782822266221046 0.9579546675086021 0.7775068804621696 2.101826995611191 0.8023616597056389 0.6141289472579956 0.744394838809967 2.950818412005901 1.922076381742954 20.65626812726259 32.42916839569807 25.36656552553177 38.92773173749447 0.4979445189237595 17.25385067611933 0.8391445428133011 13.05531960725784 2.334820494055748 1.634419202804565 1.466857962310314 1.135089136660099 1.834033623337746 3.459513582289219 404.6657680571079 10.70061949640512 0 49.75197795778513 24.97971127182245 57.72318096458912 15.33972123265266 8.797612935304642 11.43253308534622 25.0319989323616 0.1131396442651749 27.11733187735081 5.9803626537323 0.1364102363586426 0.8648722320795059 1.706177927553654 0.7474614083766937 0.1021867394447327 0.582188218832016 0.09739662706851959 0.7044336870312691 0.0855477973818779 6.944829799234867 1.782488107681274 0.6210541427135468 642.4714467749 17.95235577970743 0 24.25737780332565 31.9845854640007 1.882396318018436 13.43195082247257 46.08060721307993 16.53918025642633 50.14124082773924 163.9665686935186 17.29175235331059 164.0700002461672 78.25806651264429 46.10071147233248 18.92491452395916 139.6649013906717 77.47406154870987 34.93415591865778 47.87147334963083 0.5749377012252808 0.7529211118817329 0.1890228241682053 0.1346353441476822 0 0 0 0.2827257961034775 0 0 0.1619888544082642 0.1021763607859612 1.033820055425167 0.2245448231697083 0.3454433977603912 0 0.4053488820791245 1.094975635409355 0.2343061044812202 45.10283553600311 12.90848027169704 0 0 0.2939741834998131 26.63767074048519 9.870473712682724 45.82466055452824 7.917856439948082 4.342307053506374 0 0 0.1204134300351143 1.465249612927437 0.761897549033165 0.6424832940101624 0 0.9314794763922691 2.443900138139725 0 0 0 1.361298978328705 0.486862026154995 0 0.122590608894825 0 2.557369351387024 5.938102006912231 0.3639746904373169 1.404399633407593 0.4127968102693558 46.97301761060953 11.90241274237633 0.08208849281072617 0.1922810524702072 0 0 0.1705554723739624 0.1027780696749687 0 0.1319143325090408 92.35049419105053 1.006985545158386 0.132030189037323 0.3182465806603432 0.1482207477092743 113.9683167636395 1.367742270231247 39.1969201117754 1.373045921325684 7.150136575102806 1.248960986733437 1.77064173668623 0.2327683642506599 0 0 0 0 0 0.1735201776027679 0 0.0982896089553833 105.1238210573792 15.42234150320292 31.4575162306428 333.6628747731447 10.70727046579123 330.8749480322003 85.43992044776678 86.08529680222273 61.52606815099716 1.289665453135967 77.86867775022984 10.12895398586988 0.2746939659118652 7.773877456784248 1.96377208083868 93.00340202450752 0.2423229813575745 0 0 26.13645286858082 0.2371816039085388 346.1169299408793 240.5455464422703
