565.1091068387032 3151.244000591338 695.6805739402771 2854.47469881922 92.02079220861197 165.3549756705761 840.5441155508161 105.7045463398099 33.13654993474483 2057.585275679827 185.8133097440004 88.874646037817 127.2730606496334 152.6581861898303 1.659615263342857 0.8988614529371262 0.3600234165787697 0.2963685840368271 0 0.309894010424614 0.9279048964381218 0 0 0.5555346608161926 1.01445659250021 1.170884750783443 0 0.2939668595790863 0.1308387368917465 0 1081.171243302524 5.550287187099457 38.5332223623991 0.08347200602293015 1.043039835989475 1.827571511268616 4.329412579536438 4.648512445390224 0.8467328250408173 0.1147667914628983 0.8813906013965607 1.566406905651093 0.3858064413070679 0.186992347240448 0 0.2284527495503426 23.01885260641575 5.085159368813038 0.7871497645974159 0.08492065221071243 0.429329626262188 0.9176219552755356 0.6171361058950424 0.2468930333852768 4.63635291904211 3.071514330804348 144.4110368937254 722.878887347877 96.76720080897212 14.24593959748745 0.3118852823972702 15.49200541526079 0.7105354741215706 27.28052579239011 1.908417798578739 6.318759433925152 1.136929869651794 1.427366435527802 0.9197907522320747 0.8040938898921013 28.35974887758493 7.101744599640369 0 208.2672258391976 42.13472615927458 35.46661341190338 5.452130377292633 1.952011108398438 0.6073314100503922 88.11958523094654 0.3885977938771248 16.99156408011913 31.10727144777775 0.5051880702376366 3.96646286547184 4.402430973947048 2.455561183393002 0 1.123301908373833 0.4747833758592606 1.150407426059246 0.1872709468007088 2.181299299001694 0.6350393146276474 0.4544622525572777 99.30214344710112 41.36091006547213 2.717100501060486 6.876255258917809 1513.72235994041 0.8183236122131348 0.5435656309127808 8.552715122699738 2.818880513310432 7.900543883442879 26.09825266897678 8.556147381663322 8.295199483633041 25.99432815611362 28.97377179563046 0.1302269846200943 29.11522489786148 18.35919588804245 8.67260430008173 7.828888408839703 0.1716729253530502 0 0 0 0 0 0 0 0 0 0 0 0 0 0 0 0 0.1095850020647049 0 3.89319583773613 18.11740842461586 0 0.1108269169926643 0 2.361487537622452 2.677109308540821 3.629030004143715 1.179890424013138 0.8722046911716461 0 0 0 0 1.087870597839355 0 0 0.2966060936450958 0.1159168928861618 0 0 0 0 0.09863273799419403 0 0 0 0 1.704694509506226 0 0.1853938847780228 0.7188076376914978 2.930720388889313 0 0 0.10976642370224 0 0 0 0 0 0.09924081712961197 5.416744887828827 1.308925449848175 0 0 0.08652681857347488 11.35639768838882 0.07862339913845062 6.917405292391777 0.09590388089418411 1.095517426729202 0 0 0 0 0 0 0 0 0.1062767878174782 0 0 6.120706476271152 2.272310696542263 3.740034662187099 102.7799523174763 4.195717118680477 90.52870833128691 11.54562400281429 1257.782786108553 13.70570546388626 3.274889096617699 6.021832287311554 14.84430441260338 3.776417821645737 3.858905024826527 1.582173258066177 7.947270542383194 0 0.3035006821155548 0 0 0 267.3475080654025 25.92262271046638
3151.244000591338 2406.078756995499 1340.187109827995 799.4776013791561 2593.004482351243 86.13565258681774 2097.40638769418 335.5350468605757 980.8678032085299 665.8429977595806 2335.580814696848 213.3246484175324 709.4427847415209 1705.884210109711 42.29373160004616 22.18443681299686 2.36809441447258 0.2602056637406349 0.2571117654442787 0.7926085740327835 1.950152434408665 0 0.1111114695668221 0.1096702441573143 1.321779675781727 1.171445988118649 0.6027522161602974 0.8534820824861526 0.4569146037101746 0.1404302269220352 1654.857748638839 55.81500396132469 66.58309400826693 0.7836413681507111 1.037010796368122 3.584324099123478 12.74863028526306 4.359749644994736 2.046584874391556 0.4202049151062965 0.8326427415013313 2.935151994228363 0.2017665430903435 3.121062442660332 0.1615724414587021 1.390822418034077 200.2197260335088 19.8629382699728 4.862914457917213 1.033409550786018 0.5735698565840721 0.3302376046776772 0.1149252578616142 0.4661535397171974 8.452152147889137 5.095770165324211 117.7420431524515 597.4646048620343 121.1876789331436 66.20588624477386 1.184011951088905 10.30992444604635 1.179398857057095 182.8913125991821 5.760716907680035 15.28025330975652 4.011129125952721 4.221552409231663 3.685513518750668 2.102669008076191 21.7129033356905 3.280061066150665 0 411.2629511505365 171.9736021161079 337.5277812108397 88.14655818045139 57.49802315235138 2.952564977109432 189.7986376285553 3.091482304036617 12.10596393048763 65.18551800400019 0.9997706785798073 12.14548157155514 11.11001844704151 5.759120061993599 0.1741334795951843 2.128735095262527 0.5618544891476631 3.741499334573746 1.686812557280064 2.542366161942482 1.360360950231552 2.412125416100025 107.69660230726 4.12424536049366 0.3589124083518982 4.79392234236002 829.6966127455235 0.2529645189642906 3.55478610098362 3.370022773742676 0.5060879811644554 11.73143948614597 45.6290053203702 6.382741823792458 10.05728347599506 24.21329157054424 22.0879737213254 3.317434415221214 51.58288706094027 32.89982690662146 21.25499214231968 13.9270503371954 0.1317897588014603 0.4067857563495636 0 0.2183467000722885 0 0 0 0 0 0 0 0 0 0 0 0.09101615846157074 0 0 0 5.261040195822716 7.429396286606789 0 0.2745998576283455 0 3.451270595192909 1.567409045994282 8.406829588115215 1.133198998868465 0.2541583850979805 0 0.09128672629594803 0 0.4823255240917206 0.5431767702102661 0.1502432227134705 0 0 0.6907965391874313 0.2095322459936142 0 0.4776095375418663 0 0.1049250960350037 0.4905141070485115 0.4554572030901909 0.4758830890059471 0.267610490322113 1.086093783378601 0.2429577484726906 0.1860610842704773 0.4960575550794601 4.571678459644318 0.3006393313407898 0 0 0 0 0 0.07383344322443008 0.08526358008384705 0.0888325572013855 14.50589112192392 2.375683091580868 0.1278748214244843 0 0.0924682691693306 18.46958369761705 0.6821165829896927 11.08914678543806 0.1752351224422455 0.7801814898848534 0.5980130583047867 0.1535906344652176 0.2031782567501068 0.08227042853832245 0 0.07329469919204712 0.09060057252645493 0.0981764942407608 0 0.08592866361141205 0 27.2564810141921 4.846341289579868 3.332583479583263 403.937241345644 15.84281788021326 403.5888277441263 60.8117645457387 773.174047164619 36.70672760903835 1.069710195064545 65.0181458517909 3.184035703539848 1.575486160814762 5.187339305877686 2.880675673484802 8.605884097516537 0 0.2671934366226196 0.1162400767207146 1.594380468130112 0 175.5680076628923 33.66273388266563
695.6805739402771 1340.187109827995 1995.407460868359 61.22537934780121 553.3057971447706 8.402434825897217 150.0401978567243 3747.518209390342 362.1940326690674 49.67495725303888 3557.66642254591 86.57060311734676 230.6084086596966 1284.313411455601 22.52556098997593 21.22576565295458 2.301101997494698 2.692027434706688 0.3395221009850502 18.3422643840313 49.09372812509537 0.2843455448746681 1.005745492875576 1.925843760371208 11.10360822081566 12.97430372238159 0.3439936637878418 4.437470354139805 0.3313524201512337 0.160651721060276 3822.534180164337 1245.005799256265 287.5321242138743 5.346932373940945 24.28092215210199 47.56782412528992 27.29995229840279 41.5530491694808 6.516307353973389 2.73106524348259 26.41271576285362 21.78477609157562 10.01263154298067 4.273776419460773 0.9542180225253105 1.719438649713993 76.9024933129549 8.562594681978226 4.70610224455595 6.835067324340343 9.590766325592995 0.6541522592306137 0.100085161626339 0.8046705946326256 3.567434646189213 2.447885990142822 83.25677234306931 744.284303676337 70.65561304241419 28.16721938550472 14.57899115979671 24.92622785270214 13.08815693110228 642.5539023503661 3.963430285453796 9.143158242106438 3.410118095576763 8.407173000276089 54.43525628745556 25.60006888955832 54.70851434767246 4.409086190164089 0.09024465084075928 257.0094747506082 163.7440025359392 184.5022029057145 68.32720623910427 82.23351260274649 47.43805151432753 1538.911934811622 31.508743673563 186.0626593008637 29.64950667321682 0.2990294098854065 6.431818634271622 6.957794040441513 6.467894181609154 0.07060707360506058 1.153133988380432 0.2280856370925903 2.070211343467236 0.7388272061944008 63.46203903853893 22.28384248912334 12.41478970646858 95.82313790172338 6.423645853996277 0.2117969989776611 7.323488898575306 417.202157381922 0 2.428801327943802 2.384693264961243 1.29136760532856 1.245896607637405 8.124307855963707 1.59123283624649 2.588643431663513 10.96765237301588 3.157028421759605 3.278852447867393 16.93986011296511 11.75572090595961 9.723089277744293 6.954207345843315 0 0.1282942146062851 0 0.1441607624292374 0.1557454466819763 0 0 0.1274712383747101 0 0.2431101724505424 0.7571051940321922 0 0.5910192430019379 0 0 0.6553777381777763 0 0.2565542384982109 0 4.52362672239542 9.619338594377041 0 0.9317385256290436 0 4.562115989625454 2.284381739795208 6.904078595340252 0.7193598747253418 0.6131966412067413 0.3322362303733826 0.9658765196800232 0 0 0.510380931198597 0.1968574002385139 0 0.2591090798377991 1.362960487604141 0 0 0.5960134714841843 0 2.016018062829971 0 0.5999235212802887 0.1078757643699646 1.08167290687561 1.355514168739319 0.1571255922317505 0.1070060208439827 0.8051102235913277 5.474859856069088 0.2216274812817574 0.2107135951519012 0 0.1039687767624855 0 0 0 0 0.6125122532248497 6.627269767224789 0.1289213597774506 0 0 0.3192562088370323 10.71712122112513 3.825730234384537 3.981741860508919 1.751877330243587 1.468310594558716 0 0.09208177775144577 0.0799887552857399 0.143003061413765 0 0 0 0.07771603018045425 0.128117099404335 0.07336688786745071 0 7.092039152979851 4.436255283653736 6.476095981895924 117.8455311581492 16.76629033684731 154.4327240735292 29.17163058370352 157.3726131543517 11.60275022685528 1.37937443703413 13.50794843584299 4.600438430905342 0.6934878155589104 3.884968817234039 0.958749458193779 3.842897996306419 0.2648877501487732 1.753972202539444 0 2.448241122066975 0.5668271034955978 44.4347733259201 10.95191933214664
2854.47469881922 799.4776013791561 61.22537934780121 987.2643180936575 33.09645543992519 333.9212071597576 1052.13587025553 0.5085127651691437 11.26466752588749 1857.24164608866 18.71931650489569 355.5900444090366 561.2065517902374 10.86321235448122 2.612282410264015 1.07722707092762 0.340657964348793 0 0 0.08103970438241959 0.06689348071813583 0 0 0 0 0 0 0.09871137142181396 0 0 97.08281877636909 1.307972565293312 6.104104571044445 0 0 0.1149517372250557 1.072751045227051 0.8074584007263184 0.1179308891296387 0 0 0 0.08130783587694168 0.2843667939305305 0.09606028348207474 0 25.41837024688721 4.089781522750854 0.2120493948459625 0.1436814814805984 0 0 0 0 1.991371691226959 1.111258834600449 29.79558029770851 124.586594376713 36.49966000020504 10.55701898783445 0 1.324313707649708 0.1012359485030174 17.06144808977842 0.9513907060027122 4.049722820520401 1.080025248229504 1.725047662854195 0.09289722144603729 0 0.2000745236873627 0.6615420579910278 0 92.26336058601737 30.59630773216486 49.58715885132551 5.518280275166035 1.338173940777779 0 0.2499641180038452 0 1.032308615744114 16.17434949427843 0.186816543340683 2.558089733123779 2.922473385930061 0.7549928352236748 0.2587354332208633 0.4816119447350502 0.08425880968570709 0.5299513563513756 0.3721886947751045 0 0.09025749564170837 0.1832200735807419 17.43372517079115 1.198600910604 0 0.1070299595594406 415.3742751553655 0 0 2.172267973423004 0.8042202442884445 0.7683098465204239 3.990442365407944 1.744594022631645 2.871214732527733 5.401022166013718 4.939726546406746 0.8864036351442337 7.338475257158279 3.332304038107395 1.823084942996502 0.2110226452350616 0 0 0 0 0 0 0 0 0 0 0 0 0 0 0 0 0 0 0 0.8977430909872055 0.2562422156333923 0 0 0 0.1142028644680977 0 0 0.1104148477315903 0 0 0 0 0 0 0 0 0 0 0 0 0 0.1144528165459633 0 0 0 0 0 0.1736986488103867 0 0 0 0 0 0 0.08322611451148987 0 0 0 0 0 0 0.8170875012874603 0 0 0 0 0.8185831308364868 0 0.364481657743454 0 0 0 0 0 0.08682208508253098 0 0 0.2752929329872131 0 0 0 0 0.2754630967974663 0.5303567200899124 0 34.38318715244532 1.824407294392586 62.61310839653015 5.455116450786591 346.42120372504 6.717654004693031 0.8100307211279869 4.382420979440212 1.793494403362274 0 0.3081700801849365 0.2675862908363342 1.946339249610901 0 2.000775337219238 0 0 0 70.15476194769144 5.313908785581589
92.02079220861197 2593.004482351243 553.3057971447706 33.09645543992519 2350.7454636693 4.291777923703194 1610.632207609713 269.3481445088983 2400.645427830517 92.05249024927616 2892.754977330565 59.68581453710794 674.6870208531618 2314.247602790594 30.1904616728425 19.05678179860115 0.3207054734230042 0.3310781046748161 0.1991473957896233 0.535369798541069 0 0 0.09542977064847946 0.08391283452510834 0.1330729722976685 0.2041400074958801 0.1320991516113281 0 0.1112821027636528 0 90.40634595602751 25.31147672235966 7.995205529034138 0 0 0.5056691691279411 2.647480092942715 0.7318423092365265 0.3743448033928871 0.1307200193405151 0 0.1992637813091278 0.2729554250836372 2.988936588168144 0 0.2590482383966446 90.02262600511312 6.010463684797287 0.9825076311826706 0.1605308130383492 0.2935557886958122 0.0794849768280983 0 0.1800147742033005 1.37152935564518 0.8049773424863815 16.47037649899721 67.43705372512341 21.84832167625427 25.11081326752901 0.3922200128436089 1.065982095897198 0.1045452058315277 79.47365298122168 1.058779127895832 4.740948960185051 1.010681979358196 1.840117715299129 0.2258866727352142 0.09105488657951355 11.2417143881321 0.9487990438938141 0 71.53680521994829 41.88421093672514 143.0763873159885 57.23846999555826 49.86562536656857 2.374890871345997 9.341523692011833 1.179206445813179 1.857136458158493 13.98144718259573 0.09328113496303558 2.866354629397392 2.906067349016666 1.816953860223293 0.1781548857688904 0.166694276034832 0 0.9880777969956398 0.2921779677271843 0.413571685552597 0.373211458325386 0.3893387988209724 67.46895509958267 1.463663905858994 0 2.344165489077568 12.30754673480988 0.5117743909358978 1.853252410888672 3.890789568424225 1.449421390891075 5.616202771663666 31.78667762875557 3.523901388049126 8.371698655188084 26.94603925198317 17.05414710938931 3.808808878064156 53.70658685266972 38.08830992877483 21.48310941457748 11.60159215331078 0.6624552607536316 0 0 0 0 0 0 0 0 0 0 0 0.08770022541284561 0 0 0 0 0 0 9.155264511704445 10.75340460985899 0 0 0.2208955436944962 3.370257720351219 1.194324642419815 7.282521180808544 0.2656850814819336 0 0 0 0 0.1075630038976669 0 0 0 0.5693689733743668 0.3042789474129677 0 0 0.1181398257613182 0 0 0 0.3467027246952057 0 1.57834866642952 1.052079483866692 0 0 0 2.708110459148884 0.2589119672775269 0.3192367404699326 0 0.08349515497684479 0 0 0 0 0 15.07616444677114 1.30272401869297 0 0.1481058746576309 0.2812209278345108 15.23749236017466 1.868983089923859 3.238888531923294 1.047625496983528 0.4958137571811676 0.08059460669755936 0.2696435749530792 0.1175151318311691 0 0 0 0 0 0.1249465942382812 0 0 30.96732527017593 6.252819903194904 2.010448835790157 286.5007462128997 7.061652019619942 199.6212842613459 52.02924367785454 60.62547519057989 17.93096000701189 0.4761040061712265 60.12320140004158 3.033977575600147 0.1910000145435333 4.620088838040829 2.096230700612068 3.744451314210892 0.4226015508174896 0.09753561764955521 0 0.8752758800983429 1.539919406175613 57.36457882076502 40.74924230575562
165.3549756705761 86.13565258681774 8.402434825897217 333.9212071597576 4.291777923703194 39.21132105588913 23.61958028376102 0.2138412147760391 3.637643650174141 520.5144663751125 1.207836300134659 38.9505520015955 51.64468341320753 5.505798824131489 0.1590676009654999 0.07785416394472122 0 0 0 0 0 3.047624334692955 0 0 0.2054543197154999 0 0 0 0 0 7.37544222176075 0 18.44285191595554 0 0 0.829782709479332 8.536614567041397 6.778612107038498 2.427463054656982 0 0 0 0 0.1933412849903107 0.138716459274292 0 0.4072146564722061 0.1138358488678932 0.2567650377750397 0 0.2073822245001793 11.72890786081553 2.248277619481087 0.1401020884513855 0.128935232758522 0.5239825546741486 18.78045554459095 9.456395693123341 1.462105326354504 0.757375106215477 0 10.42135921120644 0 2.311597935855389 0.1303177773952484 0.1629848703742027 0.214163713157177 0.1389873325824738 0 0.1570216119289398 99.28818945586681 96.44290378689766 7.71051861345768 2.818735457956791 0.4102203994989395 0.7214425504207611 0 0 0 2.543234437704086 0 3.985909193754196 0.661676786839962 0 0.1168726161122322 0.3141357600688934 0 2.238913491368294 0.854743704199791 5.382666617631912 0.6105059385299683 2.410514414310455 0 0.4507779777050018 1.031322561204433 195.866199195385 435.0397662222385 52.70263610780239 32.57835549116135 243.7403929382563 0 0 5.301983997225761 0 0 1.609466299414635 2.527762874960899 0.621629536151886 6.730462193489075 12.14067773520947 0 7.171741187572479 4.117858394980431 0.8182483613491058 0.6594204902648926 0 0 0 0 0 0 0 0 0 0 0 0 0 0 0 0 0.1153286769986153 0.1295218020677567 0 0.3081971034407616 0 0 0 0 1.532952398061752 0.3217269033193588 0.7761584520339966 0.2866821736097336 0.1320247948169708 0 0 0 0 0 0 0 0.2536726295948029 0 0 0 0 0.1401583254337311 0.2452764362096786 0 0 0 0 0 0 0 0 0.1516850143671036 0.101271279156208 0 0 0 0 0.1037232875823975 0 0 0 0.9236901625990868 0.2088374197483063 0 0 0.09089530259370804 2.782300233840942 0 0.2943893074989319 0 0 0 0 0 0 0 0 0 0 0.3275176808238029 0 0 3.336339205503464 0.8904050439596176 0.291631817817688 19.17024209350348 0.1175700575113297 3.838455073535442 0.7780563831329346 160.214436814189 3.251468017697334 0.1070081517100334 0.1010859832167625 4.448539733886719 0 0 0 1.266062438488007 0 0 0 0.4205743074417114 0 77.74302937090397 9.06439845263958
840.5441155508161 2097.40638769418 150.0401978567243 1052.13587025553 1610.632207609713 23.61958028376102 334.8165960162878 16.28485985845327 1486.712516836822 1705.359507232904 1403.792850986123 981.0920095071197 2764.366974636912 2351.434703439474 43.26176526397467 26.65317376703024 1.479382090270519 0.2198055759072304 0.2168085351586342 1.028370685875416 0.2015125378966331 0 0 0.08398270606994629 0.4462877959012985 0.440187469124794 0.1679284423589706 0.7593319341540337 0 0.1323715150356293 135.3695804663002 20.94159087538719 18.50776571035385 0.4611721709370613 0.1121029853820801 0.9007446020841599 7.362170986831188 0.9834975227713585 0.6645749136805534 0.6252345889806747 0 0.3618992045521736 0.5135200917720795 2.505691885948181 0.9674893617630005 0.3885451406240463 134.5431842803955 11.04503140598536 1.944618612527847 0.273149162530899 0.5875167772173882 0.09031454473733902 0.4040243476629257 0.1331599354743958 4.333709411323071 2.46265897154808 39.48961681127548 167.1660272479057 47.70486793667078 44.06862771511078 1.169337682425976 3.444809205830097 0.2665603458881378 105.8912676125765 3.451829507946968 8.769683234393597 1.964194402098656 3.038206733763218 1.516169108450413 0 21.19471891224384 2.021330744028091 0 164.0076377764344 78.86762454360723 218.4432183653116 61.72082628309727 47.70529294013977 3.069411315023899 7.052878119051456 2.413005240261555 1.719436906278133 32.05970714241266 0.682063452899456 4.929833792150021 5.313016474246979 3.169065073132515 0.07808923721313477 1.5649568811059 0.07748083770275116 2.065953448414803 0.507779598236084 0.3845497667789459 0.3944981247186661 0.6664704754948616 200.6862408593297 2.154964618384838 0.1340380609035492 1.543765842914581 113.572372213006 3.434393167495728 3.803855866193771 21.64872720837593 6.271635368466377 29.68975239992142 109.261707469821 22.44696574658155 34.37241867184639 110.719368852675 81.78421957045794 12.21043842285872 194.9389843344688 151.3265860006213 82.86896032840014 45.7821129411459 0.5328797250986099 0.4249863028526306 0 0 0 0 0 0.1152568086981773 0 0 0 0.6347565650939941 0 0 0.1523545682430267 0 0 0.1738074272871017 0 15.6183941885829 35.00569269061089 0 0.6319687590003014 0 11.32218866795301 5.265599384903908 17.5327824652195 1.009766705334187 0.2545838356018066 0 0 0 0.4939627349376678 0.3022681176662445 0 0 1.246412634849548 1.421011939644814 0 0.1894334256649017 0.3501011431217194 0 0 0 0.2453241646289825 0 1.672443248331547 3.411559373140335 0.1488762348890305 0 1.168126374483109 12.81108097732067 0.1016315147280693 0.7461502104997635 0.4016210064291954 0 0 0.1945036798715591 0 0.139739602804184 0.4155918061733246 48.84976600110531 5.3443219140172 0.6406720951199532 0.2318227961659431 0.3196611851453781 62.21899940818548 5.489330224692822 19.33508241176605 1.952371194958687 1.814910471439362 0.419382631778717 0.2282030880451202 0.298654317855835 0.2619097828865051 0 0.1621270775794983 0.2624489516019821 0.4634147584438324 0.3836675062775612 0 0 117.9249282553792 15.54975157976151 10.69366788864136 403.7373479828238 10.20108938962221 325.1179438233376 64.29555707424879 360.9899452924728 29.32515598088503 0.6114295572042465 71.35573793202639 12.23704916983843 0.7404919117689133 12.38483761996031 1.439193241298199 20.09953287988901 0.6735783219337463 2.606847047805786 0.7671841681003571 1.20118336379528 1.411249160766602 320.4656566828489 147.1782255545259
105.7045463398099 335.5350468605757 3747.518209390342 0.5085127651691437 269.3481445088983 0.2138412147760391 16.28485985845327 1392.127361550927 191.4286815226078 1.855140544474125 3281.535977229476 20.70018741488457 79.75556946545839 1241.571731634438 33.91581896692514 38.40096192806959 2.872860319912434 5.430055364966393 0.6279520243406296 82.18963561952114 120.4212394952774 1.205861911177635 3.946328476071358 4.55112186819315 19.89002813398838 27.17845665663481 0.4167943000793457 12.09725869446993 0.9770306199789047 0.6156245768070221 494.7973270267248 1622.122888065875 301.8894958049059 24.11589945852757 60.86277041584253 102.3676495030522 27.50093454122543 81.81551618874073 8.509906806051731 4.490159288048744 53.23536116629839 34.78366180509329 30.19425195455551 23.84523890167475 4.506389550864697 18.10650359094143 58.00086103379726 3.70937218517065 7.655868493020535 19.71389541774988 16.29013369232416 1.17899177968502 0 4.746393851935863 0.8010930418968201 0.7661690339446068 12.54299111664295 105.797180313617 12.26387457549572 12.72307281941175 210.6398339644074 95.46088960021734 61.45333854109049 395.031703568995 4.000140227377415 6.692891225218773 2.295240715146065 12.30259798467159 122.3617029711604 75.34999179840088 36.68276354670525 4.531800985336304 0.1024979576468468 47.15596328303218 57.59371183812618 106.1210073754191 122.2142977714539 901.6535818353295 1937.489652112126 2333.296404913068 630.8593328893185 1359.881948158145 9.346116505563259 0 2.957902289927006 2.574347198009491 8.365870386362076 0.07447528094053268 0.8369695991277695 0 1.306117042899132 0.8456174060702324 134.9431077465415 44.96793407946825 27.4137961268425 21.0024948194623 4.357799366116524 0.1136308014392853 8.72209432721138 24.85472145676613 0 0.7689561247825623 0.5605476051568985 0 1.265918076038361 5.216198906302452 0.4385205507278442 1.341903686523438 3.312947489321232 1.395924881100655 0.3643857836723328 7.851888008415699 6.797458171844482 4.017169021070004 3.197371497750282 0.2828752622008324 0.2358802780508995 0 0 0.3841647356748581 0 0 0.2642173171043396 0 0.1716866046190262 0.746735654771328 0 0.4587642326951027 0 0 0.9487904831767082 0.1170823723077774 0 0 2.353679701685905 2.266785398125648 0 0.5516029819846153 0 2.234659001231194 1.855845011770725 3.314043596386909 1.788315519690514 0.5856248214840889 0.6194454059004784 1.126961186528206 0 0 0 0.5177488029003143 0.3833711743354797 0.3490535020828247 0.3901411220431328 0 0 1.185357183218002 0 2.886130161583424 0 0.1895209550857544 0 0 0.7568429857492447 0.1327047497034073 0.2815688326954842 1.727268360555172 2.259857200086117 0 0.1636282652616501 0.2058942914009094 0.09676177799701691 0.2167700529098511 0 0 0 0 5.436661526560783 0.3918810188770294 0.1170482710003853 0 0.9723061323165894 6.285464912652969 2.361978180706501 2.564591482281685 0.5643797218799591 0.9595412388443947 0.2550651431083679 0 0.09436199814081192 0.1126617044210434 0 0 0 0 0 0 0 5.660467222332954 3.132945477962494 3.993724502623081 129.7821838110685 25.06899368017912 130.2687219530344 41.02338759601116 23.43027198314667 5.108538217842579 0.5707280486822128 17.76908752322197 5.433895617723465 0.2596437782049179 3.681439787149429 1.032778985798359 5.196656376123428 0 0.1707835495471954 0.6633180975914001 2.343352444469929 0.3953970968723297 18.76938283443451 11.49707607924938
33.13654993474483 980.8678032085299 362.1940326690674 11.26466752588749 2400.645427830517 3.637643650174141 1486.712516836822 191.4286815226078 807.8990640565753 146.0283433496952 2334.064986720681 93.71884130686522 778.8892651349306 1458.883006609976 27.57556317001581 21.60856623202562 1.004906721413136 0.3104409873485565 0.1867689713835716 0.3904239237308502 0.2346378266811371 0 0 0 0.2243969589471817 0 0 0 0.332610160112381 0 37.35781899094582 12.77347376197577 3.328237727284431 0 0.2030655145645142 0.274951696395874 4.506737157702446 0.2154764756560326 0 0.2950133010745049 0.652397096157074 0.2959318906068802 0.0978524386882782 2.828742660582066 0 0.219164252281189 60.42686218768358 3.383761957287788 0.924941785633564 0 0.0930611714720726 0 0 0.1684844568371773 1.88412394374609 0.07475502789020538 5.620816219598055 26.68714106455445 8.414517983794212 13.31860796362162 1.023585326969624 1.166164204478264 0.4161775186657906 40.62839518487453 0.73113913834095 1.953448437154293 0.4868751093745232 0.9058568626642227 0.2511131465435028 0.3890391811728477 7.729196980595589 1.533494986593723 0.09641756117343903 27.69910214468837 18.83028554171324 85.75695883482695 39.01363582164049 42.72393055260181 2.373226121068001 11.31913516670465 2.002536848187447 2.271771140396595 5.915123857557774 0 2.157852374017239 1.377196036279202 1.049648962914944 0 0.4191252887248993 0.1167518123984337 0.3511336669325829 0.5174683779478073 0.2177883386611938 0.103287860751152 0 82.26843659579754 3.947142980992794 0.1324615478515625 0.5909944623708725 8.662034995853901 1.024661965668201 3.053301103413105 9.554933600127697 1.72032069414854 14.54361496120691 51.68347043544054 10.07928737252951 13.13603401184082 53.42684026807547 36.09838052839041 8.416179224848747 83.83767039328814 82.35194483399391 44.89035864919424 25.45512033998966 0.1131468042731285 0 0 0 0.09714902192354202 0 0 0 0 0 0 0.08914238959550858 0 0 0 0 0 0 0 9.238715462386608 18.78863193839788 0 0.4027659296989441 0.4346536993980408 6.001516997814178 0.5973288118839264 5.548776656389236 0.2414660975337029 0.5328046604990959 0 0 0 0.2312813103199005 0.1282075941562653 0 0 0.1063253730535507 0.90032759308815 0 0 0.1060313582420349 0.1163019761443138 0 0 0 0 0.5492169335484505 2.078599639236927 0 0.08946263045072556 1.13715897500515 7.645818181335926 0.5582296252250671 1.131041377782822 0 0 0 0 0 0 0 35.85873351991177 1.967101044952869 0.6958605051040649 0.09780020266771317 0.2282916679978371 25.58734434098005 3.40237944573164 5.614605762064457 1.308104895055294 0.6321523487567902 0.2094946056604385 0.2324476018548012 0 0.225121758878231 0.07690150290727615 0.4167725220322609 0.1589252501726151 0.123572826385498 0.3535487055778503 0 0 70.95915986597538 10.56797288358212 5.124294690787792 203.5705650821328 5.564870528876781 142.6455053016543 38.68420095741749 50.93518910557032 11.44399071484804 0.1194136887788773 52.8041459992528 7.210904031991959 0.3863816782832146 7.656825050711632 3.155066542327404 9.703050136566162 0.1379481703042984 0.1433542370796204 0.1339549571275711 1.399836242198944 0 107.2361703142524 92.82200792431831
2057.585275679827 665.8429977595806 49.67495725303888 1857.24164608866 92.05249024927616 520.5144663751125 1705.359507232904 1.855140544474125 146.0283433496952 2001.080537594855 22.79282874614 1143.235112674534 3192.35721000284 231.9351478889585 9.515347130596638 4.981969207525253 0.1224892362952232 0.1925601065158844 0 0 0.6956911608576775 0 0 0.1930409222841263 0.1266496628522873 0 0.1158676669001579 0 0 0 69.32256712019444 2.478297956287861 36.03816322982311 0.1045951098203659 0.1133086979389191 0.3830816671252251 28.66156961023808 1.050278186798096 1.332788161933422 0.2072123289108276 0 0.750244215130806 0.1934733241796494 0.77153679728508 0 0.09144756942987442 32.72006432712078 3.539205387234688 0.8842732235789299 0 0.2094858735799789 0.1214893087744713 0 0.6109788343310356 1.663940869271755 1.882920823991299 39.91582053899765 85.72568071633577 26.9941159710288 11.29250896722078 0.4110436365008354 1.116332121193409 0.2108938097953796 22.01282795518637 1.290222942829132 3.214983724057674 0.7137783244252205 0.6357971206307411 0.8724061772227287 0.1201796233654022 118.3527490198612 3.102882221341133 0 77.36680395901203 26.81762500107288 42.61793396621943 9.417386338114738 5.214036665856838 0.5859938785433769 4.201839990913868 0.890220582485199 1.728262327611446 12.18573912233114 0.1817036345601082 2.256467677652836 3.092939235270023 0.9291390478610992 0 0.1648840308189392 0.1922360807657242 0.4029971659183502 0.2081443145871162 0.3712229654192924 0.4115148335695267 0.4596826732158661 369.0331815779209 46.16626493632793 0.7083154171705246 5.86957873404026 594.8578898310661 0.6148063912987709 6.775415375828743 19.73650002479553 6.287346944212914 21.14277347922325 111.3586591333151 41.50605788826942 34.93186309933662 120.843937754631 116.6885675117373 9.567980498075485 183.5164951384068 132.6756849661469 72.32481772452593 33.63279101252556 0.1268181204795837 0.109910823404789 0 0 0 0 0 0 0 0 0 0 0 0 0 0 0 0 0 11.16190391033888 27.15505124628544 0 0.3750430643558502 0 4.093426302075386 2.097064539790154 4.789059214293957 0 0 0.8514564037322998 0 0 0.1164697334170341 0 0.3517706990242004 0 0 0.812160350382328 0 0 0.7099473252892494 0.3833777159452438 0 0 0 0.08270730823278427 1.478234343230724 1.541458278894424 0.1907571107149124 0.2244115397334099 0.110107846558094 5.570773348212242 2.085793815553188 0.2304147630929947 0 0.08872296661138535 0.1044313013553619 0.1635583490133286 0 0 0 35.85616551339626 11.71132931858301 0.8072055354714394 0.1283352673053741 0.245054766535759 35.19589499384165 1.53112268447876 6.835874758660793 0.5647212564945221 1.09280513972044 0.703463152050972 0.1208584755659103 0 0 0 0 0.2933778464794159 0.5770264640450478 0.4381869211792946 0 0 120.9678823947906 12.59979806095362 5.789564423263073 96.5091954022646 2.347824715077877 76.69700798392296 17.37129385024309 819.1039456948638 8.975339345633984 0.5820334106683731 14.40301494300365 7.789695374667645 0.2352082207798958 4.375242434442043 0.4681193605065346 17.5495493337512 0.6489776372909546 0.2608164101839066 0 0.7581926733255386 0 825.4513664841652 225.561342664063
185.8133097440004 2335.580814696848 3557.66642254591 18.71931650489569 2892.754977330565 1.207836300134659 1403.792850986123 3281.535977229476 2334.064986720681 22.79282874614 1799.882559239864 296.1727582290769 2585.764769636095 2064.417487464845 22.63450159877539 17.80098239332438 1.203269317746162 0.1696288883686066 0.124524362385273 2.180035583674908 3.183856643736362 0 0.09156779944896698 0.5837282091379166 6.724617443978786 5.348652429878712 0.9641517996788025 2.274979792535305 0.4498250558972359 0.3098111748695374 240.6091041043401 115.9710985049605 276.6059760376811 0 4.795950040221214 16.33094324171543 75.41519079357386 29.87506502121687 4.741239875555038 2.037116706371307 6.152772009372711 8.501708433032036 1.526066936552525 2.937768206000328 0.2527155578136444 0.3815612271428108 45.03747297078371 1.575324177742004 0.997221440076828 0.7723684534430504 0.8414057493209839 0.2117292284965515 0.150526836514473 1.327617548406124 0.5679839625954628 0.7980590164661407 7.936400022357702 52.57724142074585 12.02044865489006 13.80586805194616 2.395589679479599 103.489543274045 0.9566598758101463 63.17638838291168 1.161199875175953 2.39698001742363 0.2097439095377922 0.9804372265934944 4.906583771109581 2.540626585483551 42.73766826093197 0.5444679632782936 0 42.93644496425986 25.02937556058168 72.41068479418755 35.30662400275469 48.43181391060352 36.70247473567724 419.5863939896226 12.54806989431381 76.39951552450657 6.16050398349762 0 1.19229893758893 1.043927900493145 1.11035268753767 0 0.2540344744920731 0.08624909818172455 0.4834260195493698 0.1281874775886536 7.031423166394234 6.045876204967499 4.116309851408005 19.50091078877449 2.819252282381058 0.5798675268888474 6.374350622296333 24.91747566312551 0 0.4330798089504242 1.180693432688713 0 1.153657600283623 5.752996355295181 0.3064936697483063 1.145069390535355 2.281352892518044 0.7382399886846542 1.017370037734509 4.816749729216099 3.809901773929596 4.289253197610378 3.401755698025227 0 0.08097253739833832 0 0 0 0 0 0 0 0 0.2573185339570045 0 0.2855924367904663 0 0 0.2297302037477493 0 0.1229372620582581 0 1.349770724773407 1.989746376872063 0 0.2147129997611046 0 1.174561068415642 0.6013409122824669 1.959025852382183 0.1532154977321625 0 0 0 0 0 0 0 0 0 0.2230147123336792 0 0 0.2605200782418251 0 0.3347255513072014 0 0 0 0.440576858818531 0.3860500305891037 0 0 0.3687409609556198 0.6630727350711823 0 0 0.09251748770475388 0 0 0 0 0 0 2.32364884018898 0.2639147639274597 0 0 0.2410056069493294 3.777168780565262 0.4994085431098938 0.2390062138438225 0 0.09528364986181259 0 0 0.1008451879024506 0 0 0 0 0.08195142447948456 0 0 0 3.42237513512373 1.554158143699169 0.8456711173057556 110.8165098652244 6.373262748122215 90.1111876219511 23.57619677484035 31.12184149771929 7.172152936458588 0.2073787376284599 24.34900826960802 2.709327176213264 0.2668744921684265 1.489214703440666 0.3306188136339188 1.542859017848969 0 1.292163729667664 0.2071632444858551 0.9368334412574768 0 13.80396028608084 5.657557919621468
88.874646037817 213.3246484175324 86.57060311734676 355.5900444090366 59.68581453710794 38.9505520015955 981.0920095071197 20.70018741488457 93.71884130686522 1143.235112674534 296.1727582290769 248.7296447306871 1875.40432048589 747.2846010923386 71.26004225760698 82.27445083856583 4.624501660466194 1.968456774950027 0 7.608628466725349 14.92139578610659 1.175716422498226 0.328656829893589 0.3871007859706879 22.56225892156363 14.34203830361366 1.790822833776474 11.03077837079763 2.787356816232204 1.088418170809746 24.68814395368099 17.37382292002439 388.734509781003 1.227195590734482 7.866727791726589 32.31573849916458 459.3498041182756 88.91131241619587 38.84506124258041 13.59436096251011 15.20079560577869 26.30373150110245 5.876260034739971 13.13929573446512 0.3502032682299614 1.546747602522373 77.92697068303823 2.287097781896591 4.522096566855907 4.676527418196201 5.149359583854675 2.970117822289467 8.659980826079845 6.375055991113186 0.4886506721377373 0.1244414299726486 5.258069962263107 14.88497046381235 6.307263188064098 12.30641093850136 6.718401364982128 51.57603136450052 4.129064239561558 27.28937132656574 0.6302634552121162 2.218475207686424 1.558516964316368 3.33388477563858 24.0844087228179 9.721665509045124 342.6388825774193 15.41165973246098 0.5702585279941559 21.04979997128248 16.0685243755579 82.76383155584335 55.52874617278576 62.54097402840853 13.86988931149244 68.18637249618769 28.47877579927444 43.34966021776199 6.743899308145046 0.06988461315631866 0.8690209537744522 1.555551879107952 2.764733217656612 0 0.6125873103737831 0.09854426234960556 1.6239363104105 1.395027153193951 28.88355385512114 18.8678827881813 20.62555183470249 908.5779784843326 141.7233879342675 3.382012009620667 57.11009201407433 26.26695013791323 3.05217968672514 1.471151769161224 6.284643605351448 1.527620546519756 9.262819774448872 42.40844809263945 10.17256617546082 16.05745538324118 41.15662758797407 27.06500767171383 7.949545122683048 79.05009666830301 75.08159735798836 49.52579749375582 30.20889160037041 0.09328018128871918 0.8140410929918289 0 0 0 0 0 0.2657374441623688 0 0 1.142398007214069 0 0.8555943444371223 0.3899630531668663 0.1165967062115669 0.3826842606067657 0.1112746521830559 0.6954192221164703 0 6.644926682114601 11.19774053990841 0 0.8529880493879318 0.377876415848732 11.25410108268261 2.234641790390015 11.46974614262581 3.379218146204948 0.864575058221817 0.6632166802883148 0.7262459769845009 0.2220422700047493 0.3136554956436157 0.3306900039315224 0.2568741589784622 0.185307577252388 0.6485480591654778 0.9101213663816452 0 0 1.729352466762066 0.225087583065033 3.12101699411869 0 0.4376155659556389 0 1.272611290216446 1.748660169541836 0.16556715965271 0.3202257752418518 0.8979755863547325 6.612428084015846 0.1878283470869064 0.1066734343767166 0.3983761742711067 0 0 0 0 0.09371327608823776 0.205085501074791 43.85111495107412 6.847651459276676 0.8811975792050362 0.1764192432165146 0.5349383950233459 26.85048168152571 2.207527607679367 8.495583519339561 1.764605537056923 1.636686235666275 1.106101259589195 0.1854531019926071 0.5593963488936424 0.1424199640750885 0.1193567216396332 0 0.120051421225071 0 0.7861439436674118 0.2413947880268097 0 79.26546473056078 17.05811680853367 11.05416934192181 390.4640412703156 17.08216121792793 200.7414872050285 88.80686210095882 83.15885061770678 10.59810584038496 0.1303248554468155 61.26218134909868 7.60725250095129 0.3895820155739784 6.860739819705486 0.9837652370333672 11.79925133287907 0.3474435657262802 0.161873921751976 0.5125480219721794 8.2402164041996 1.090127468109131 310.3308794721961 157.2472948655486
