307.3359313607216 3019.440781608224 738.5135785415769 2228.512578815222 59.99844855815172 55.02594031393528 352.2753617689013 25.71661184728146 15.97138381004333 1105.508669860661 14.86077421158552 138.9617990404367 152.0482194200158 24.34637540578842 0.09395768493413925 0.1908377707004547 0.2149706035852432 0 0 0.1056868210434914 0.1615999191999435 0.5003653168678284 0 0.2136530503630638 0 0.1087222769856453 0 0 0 0 1193.033362872899 14.14241414517164 0.3362792283296585 0 0.2765415161848068 0 1.31771794706583 0.4356749281287193 0 0.1092561185359955 0 0.09993771463632584 0.7554637044668198 0.2013515159487724 0.08830968290567398 0.2117090448737144 6.411588810384274 0.9013301208615303 0.3397403880953789 0.0846109539270401 0.1094011068344116 0.1464141011238098 0 0 2.607272200286388 3.102710202336311 120.2275965064764 683.2639568224549 17.93174439668655 6.929598346352577 0.1152246296405792 1.11510107666254 0 22.26729465276003 3.744869664311409 1.135148569941521 0.193002462387085 0.2887921184301376 0.6482284367084503 0.4428344890475273 3.168192267417908 3.772264897823334 0.3795362561941147 100.7571046799421 52.95264316350222 64.12547155469656 13.38092136383057 0.1187436729669571 0 1.12807409465313 0 1.036310195922852 8.220370158553123 0 0.9500340297818184 1.740928925573826 0.5791733041405678 0 0 0.1042859479784966 0.3912313133478165 0.1162044107913971 0.647591158747673 0.4931499063968658 0.1375521719455719 20.88300165534019 8.653286941349506 0.649613618850708 0.3933355882763863 682.470634534955 0 7.007417067885399 6.312481112778187 5.384354136884212 0 13.95075283944607 6.440240159630775 2.009887516498566 8.545809343457222 4.337045751512051 0 0.9143887758255005 3.145998008549213 0.8020704984664917 1.155744254589081 0 0 0 0 0 0 0 0 0 0 0 0 0 0 0 0 0 0 0 0 0.3955803737044334 0 0 0 0.8497311472892761 0.2232842743396759 0 0.6469588428735733 0 0 0 0 0 0 0 0 0 0 0 0 0 0 0 0 0 0 0 0 0 0 0 2.613895408809185 0 0 0 0 0 0 0 0 0 2.374302580952644 0 0 0 0 0.5189050436019897 0 0 0 0 0 0 0 0 0 0 0 0 0 0 0 0.1704006940126419 0 0.9980264008045197 28.71100921183825 2.824843071401119 60.99376843124628 7.758990876376629 305.6637257486582 6.809261426329613 5.05068451166153 0.2717582136392593 0.8873184323310852 0 0.3458870202302933 0 22.90495836734772 0 0 0 0 0 312.5893307924271 9.19493742287159
3019.440781608224 2507.493399530649 1816.33513559401 814.444052554667 1776.871976882219 164.3015032559633 2889.187529429793 120.1910615339875 677.0553197339177 856.3733564019203 246.3811671510339 49.44464182853699 1178.102921701968 1128.809870608151 15.93559569865465 5.670918338000774 0.3511779233813286 0.6424373835325241 0 0.188552051782608 0.3852337226271629 0.3020715266466141 0.0824812650680542 0 0.07349276542663574 0.3578548058867455 0.08670392632484436 0.1167130395770073 0.4884720221161842 0 2449.11154743284 28.01693804562092 4.113257810473442 0.3346872925758362 0.06890258938074112 0.4979714527726173 7.992471732199192 0.4230980724096298 0.3176519721746445 0.1937324032187462 0.7003182470798492 0.3407188504934311 1.170641757547855 0.1940905526280403 0.2516183033585548 0.3048957586288452 114.8543761819601 6.465268045663834 1.432116508483887 0.8552982434630394 0.1566901952028275 0.1709618717432022 0.1017894148826599 0.3739601373672485 11.21553905308247 12.10949402302504 61.1231679469347 677.161458671093 29.79827823489904 67.52354399859905 0.4457192122936249 1.484596237540245 0 129.588251747191 12.88750867545605 5.074304461479187 1.285579420626163 1.796879068017006 0.8488617241382599 0.581784188747406 3.171369262039661 3.598937951028347 0 248.7464305758476 247.9507955685258 356.4451588466763 240.6718117371202 2.239631481468678 1.11511355638504 2.273761190474033 0.4884557202458382 1.320001624524593 30.73140327632427 0.1589272320270538 6.494211085140705 8.293162990361452 2.085754714906216 0.2475670278072357 0.2306335121393204 0.09474042803049088 0.7016600854694843 0.07686342298984528 1.11132750660181 1.322317354381084 0.7088361158967018 14.61477218568325 5.538857147097588 0.8553957641124725 0.8269905596971512 456.0651743561029 0.3386330604553223 15.96563828736544 24.2200688496232 20.97084080427885 5.5850795134902 114.1262110024691 30.63789639621973 14.70167861133814 32.73846899718046 32.77061735093594 4.996468663215637 20.17751059681177 28.0381326675415 5.725531630218029 10.64146620035172 0.5805481672286987 0 0 0 0 0 0 0 0 0 0 0 0.7502655386924744 0 0 0 0 0 0 2.02057109773159 3.196207322180271 0 0.1500302702188492 0.8582192063331604 5.494294121861458 4.232285037636757 2.925066225230694 1.623358383774757 0.5993492901325226 0 0 0 0 0 0 0 0 0 0 0 0 0.2349454462528229 0.1062547713518143 0 0 0 0 0 0.5003879368305206 0 2.078780353069305 7.097796469926834 0 0 0 0 0 0 0 0 0.09738174080848694 27.84905076771975 1.268945172429085 0.1197960674762726 0 0 5.808814309537411 1.353664115071297 7.910282582044601 0 0.3850794434547424 0 0 0 0 0 0 0 0 0 0 0.2653579115867615 7.732869490981102 2.09117691218853 4.040383078157902 232.3858866393566 14.42648828029633 300.7696394920349 34.71985249221325 336.0512841418386 36.65191636234522 4.245730169117451 16.00302172452211 7.24696222692728 0.1281111240386963 3.73809839040041 0.8968979269266129 23.35325276851654 0.8346008956432343 0.09609047323465347 0 2.114027231931686 0.2830203175544739 536.1532578244805 32.42468868941069
738.5135785415769 1816.33513559401 1199.330965943635 106.6612713113427 962.4311766922474 25.53083977103233 169.080827049911 982.6031639799476 1245.796273991466 23.38387790322304 1735.262983262539 39.70485814660788 217.1634169518948 1843.690838418901 23.23456763476133 22.19724992662668 1.039751149713993 0.5460751205682755 0.1015965864062309 6.520499512553215 47.46443481743336 0.1910507082939148 16.20623798668385 8.880139298737049 3.791135899722576 2.041127070784569 2.249824069440365 0.1405771672725677 0 0.131110817193985 4435.234447322786 692.8197225630283 286.2329613789916 5.595516689121723 11.76495117694139 8.179056085646152 182.3765720278025 11.68110946565866 3.35747928917408 1.380873657763004 8.638330340385437 6.669457793235779 17.15122111141682 1.198738522827625 1.453974902629852 1.415970616042614 101.849182382226 4.845385275781155 1.721333369612694 1.593027651309967 12.0550070181489 0.3069985210895538 0.2128117829561234 0.687162384390831 7.744321674108505 9.280531041324139 48.14773482829332 622.4258968681097 24.86112992465496 44.57298763096333 28.11320462077856 88.95929215848446 1.216025672852993 359.8099755570292 7.426262080669403 4.405314348638058 2.31899455934763 7.629484660923481 33.81233698129654 30.85772212594748 14.2046897560358 4.716253213584423 0 172.8540267422795 259.7255217283964 254.1511812582612 265.0478959828615 8.975218243896961 55.04742912948132 527.5272104218602 2.978967905044556 242.9531784057617 19.86223421245813 0.08911009877920151 4.131875686347485 6.392378784716129 1.862845867872238 0.164857991039753 0.6236761882901192 0.09635328501462936 1.392223633825779 0.2799490615725517 42.35033802688122 8.055252023041248 0.720212496817112 25.93831288814545 19.09845267981291 1.041993349790573 5.73917418718338 137.1383582279086 0.720216765999794 0.6726156175136566 3.587571449577808 3.525346510112286 1.576188080012798 9.047277212142944 2.889775782823563 5.340279206633568 5.141724638640881 5.953324511647224 1.35268372297287 3.810553178191185 5.053828984498978 2.915867544710636 5.396413400769234 0 0 0 0 0 0 0 0 0 0 0 0 0.4912012442946434 0 0 0 0 0 0 1.046807572245598 0.8168675899505615 0 0.2828571498394012 0 3.198963239789009 3.5960927978158 2.396532118320465 1.115826018154621 1.293255046010017 0.1232743561267853 0.112485870718956 0 0 0.09226018935441971 0 0 0 0 0 0 0.129145473241806 0.09851869940757751 0.6871207728981972 0 0 0 0.345866896212101 0 0.480947732925415 0.1080797836184502 0.4328223019838333 7.744774542748928 0 0 0 0 0 0.3093913644552231 0.1184338927268982 0.2214327156543732 0.4984765201807022 15.22447770833969 0.5932509154081345 0.08564471453428268 0 0.4217237234115601 0.7214350327849388 0.3872123658657074 6.272849641740322 0.2206044495105743 0 0.09629563987255096 0 0.3642888963222504 0 0.06972445547580719 0 0 0 0 0 0.09452694654464722 4.226769179105759 3.04524514824152 5.424797132611275 156.4350122585893 9.804275177419186 198.5492577329278 22.98725366592407 69.99049565196037 23.21854105591774 1.311782531440258 10.8704549074173 2.538031302392483 0.2424514889717102 0.807668074965477 0.1845452040433884 8.259212672710419 0 0 0 2.665124081075191 0.3226469159126282 112.2678494602442 6.889039918780327
2228.512578815222 814.444052554667 106.6612713113427 1131.762503884733 71.00786048173904 1092.195476338267 555.1675993204117 1.143485091626644 18.57105936855078 1935.629426509142 0.2510234192013741 421.1647407263517 902.73528444767 98.92972002178431 0.9437816366553307 0 0 0 0 0 0 0 0 0 0 0 0 0 0 0 86.75224474072456 0.1099447011947632 1.030566573143005 0 0 0 2.890482276678085 0.09462913125753403 0 0 0 0 0 0 0 0 4.161579109728336 0.3721872121095657 0 0 0 0.09135918319225311 0 0 0.6587290465831757 1.020848155021667 6.251382291316986 66.78192241489887 2.565839819610119 2.942186839878559 0.07990262657403946 0.2630940079689026 0 4.356667749583721 1.077161557972431 0.7519493028521538 0.1930532902479172 0 0 0 0 0.3001520931720734 0 16.29280046373606 12.63371420651674 20.960164450109 9.690903127193451 0.3047698512673378 0 0 0 0 2.003968104720116 0 0.4900735542178154 0.1796794235706329 0.0917881652712822 0 1.792948365211487 0 0.09549534320831299 0 0 0.07683837413787842 0 28.84592548012733 6.293322086334229 0 0 133.1161283329129 0.1719581633806229 8.822967231273651 22.8010847568512 22.53053612262011 1.993164524435997 40.01520031690598 27.23133034259081 7.109924040734768 21.73955414444208 29.84286108613014 0.2992339134216309 14.13828032463789 13.83600762486458 3.903586491942406 3.90517645329237 0 0 0 0 0 0 0 0.1143515780568123 0 0 0 0 0 0 0 0 0 0 0 0.6130091696977615 0.5581956878304482 0 1.751017451286316 0 1.776532962918282 1.640603631734848 0.82298244535923 0.2588018774986267 1.763518005609512 0 0 0 0 0.6368094682693481 0 0 0 0 0 0 0 0 0 0 0 0 0 0.09957324713468552 0.390388160943985 0 0 2.366051390767097 0 0 0 0 0 0 0 0 0 6.179489493370056 0.6439149901270866 0 0 0 1.170800507068634 1.138746693730354 1.942431524395943 0 0 0 0 0 0 0 0.08714743703603745 0 0 0 0 0 5.820809632539749 0.4551495164632797 0.14497971534729 9.106664419174194 0.3863397166132927 16.33308842033148 1.858386732637882 160.9574192836881 1.489466659724712 0 2.236382275819778 2.52191549539566 0 0.6395048871636391 0 25.05891853570938 0 0 0 0 0 665.3250201940536 36.43994382023811
59.99844855815172 1776.871976882219 962.4311766922474 71.00786048173904 975.3776682838798 3.409364588558674 1712.87839987874 114.987731449306 5823.39247816056 351.8038261830807 544.2564037665725 38.46976545453072 696.4392551407218 1912.096822611988 16.96591171622276 5.176656849682331 0.1245406121015549 0.1704840734601021 0 0.1727177947759628 0.2127907797694206 0 0 0 0.2086669951677322 0 0 0.8014499098062515 0 0 137.6310022473335 8.907739244401455 5.832009240984917 0.08188840001821518 0 0 9.583805166184902 0.3396644666790962 0.8102965652942657 0.3179667666554451 0.1887841373682022 0 0.3254126310348511 0.297697402536869 0.07504952698945999 0.1958509162068367 80.70115242153406 2.46072082221508 1.011173613369465 0.07322016358375549 0.1752786785364151 0 0 0.2657714784145355 1.289270788431168 2.525181896984577 7.985021464526653 72.04197680950165 4.764365263283253 24.38295526057482 0.3597591519355774 1.531620107591152 0 44.44170547276735 2.787602886557579 1.139344997704029 0.6330037489533424 0.5434117093682289 0.509665384888649 0.07617676258087158 3.355444334447384 1.007230073213577 0 51.41808048635721 52.86671971529722 104.6024336591363 100.2827939018607 1.008922323584557 1.091887973248959 1.682588241994381 0.7839637324213982 0.4709965214133263 9.866250559687614 0 2.300774820148945 1.332288220524788 0.6262218579649925 0 0.2523759379982948 0 0.1825972050428391 0.186107374727726 0.2056426256895065 0.08926952630281448 0.3104131445288658 22.80163733661175 3.425055906176567 0 0.2785857170820236 10.29102070629597 0.2183649241924286 0.8989828154444695 6.306263327598572 2.978696256875992 2.507052287459373 38.19510412961245 5.249477043747902 10.78689588606358 14.51938427984715 9.702480144798756 4.526397928595543 16.40332777798176 28.16305670887232 10.24399864673615 14.88881830126047 0 0 0 0 0 0 0 0 0 0 0 0 0.5989578291773796 0 0 0 0 0 0 1.365784630179405 1.304057583212852 0 0.2691443860530853 0 9.813300028443336 3.658030174672604 3.805009171366692 0.7916449904441833 0.1575262546539307 0 0 0 0 0.1553045958280563 0 0 0 0.3953039199113846 0 0 0 0.09798736870288849 0 0 0 0 0 0.2083730101585388 0 0 1.231159031391144 8.919665306806564 0 0 0 0 0 0 0 0 0 35.02573839575052 0.5643609315156937 0 0 0 6.90472087264061 3.132104441523552 11.72554734349251 0.2770170569419861 0.1835221797227859 0 0 0 0 0 0 0 0 0 0 0 10.086445979774 2.653358772397041 5.407491505146027 171.9068670272827 10.19028259068727 130.8914824947715 22.51342774927616 33.00833148509264 20.78916369378567 4.283398881554604 17.01743673533201 3.082645669579506 0 1.064848825335503 0.246963158249855 2.5871771723032 0 0 0 2.526742532849312 0 27.56390931457281 6.987425781786442
55.02594031393528 164.3015032559633 25.53083977103233 1092.195476338267 3.409364588558674 8.062233328819275 33.18698167055845 0.6796092242002487 1.983110323548317 516.253101490438 0.1327643245458603 146.1856476515532 90.90491274744272 12.9182032123208 0 0.3331073597073555 0 0 0 0 0 3.138416841626167 0 0 0.2009454220533371 0 0 0 0 0 45.52800117433071 0 4.080559156835079 0 0 0 18.03562997281551 2.481689393520355 3.390751913189888 0.2828812599182129 0 0.1454592943191528 0 0 0 0 1.224238745868206 0 0 0 0.2684074938297272 6.848497115075588 3.246297657489777 0 0.342850923538208 0.1012311801314354 34.09146769344807 13.33967518061399 0.7707329094409943 0.1430059671401978 0 2.463149219751358 0 0 0.1540319472551346 0 0.1513074785470963 0.116787426173687 0 0 36.67944353073835 71.36222688108683 2.467509344220161 0.682329535484314 0.8428457751870155 1.700157880783081 0.8674227446317673 0 0 1.067508801817894 0 0.2738856300711632 0 0 0 0.2745627164840698 0.1083043143153191 0.6253467351198196 0.9068466573953629 3.340177066624165 0.7518974244594574 0.6125897243618965 0 0.6418968737125397 0.6626500487327576 214.3180427849293 79.14326758682728 24.92812298238277 8.434112399816513 153.852587133646 0 2.024755343794823 4.897130206227303 3.81174398213625 0.4886821061372757 14.21166425943375 8.351081356406212 4.220058217644691 11.18861393630505 13.85586701333523 0.1102372109889984 4.954932913184166 9.282845333218575 1.11239866912365 0.5344529300928116 0 0 0 0 0 0 0 0 0 0 0 0 0 0 0 0 0 0 0 0.3026143014431 0 0 0 0 0.7898934110999107 0 0.6275238692760468 0.1384489983320236 0 0 0.1442547589540482 0 0 0 0 0 0 0 0 0 0 0.1270008981227875 0 0 0 0 0 0 0 0 0 0 0 0 0 0 0 0 0 0 0 2.032010406255722 0.4670886844396591 0 0 0.1082043647766113 0 0 0 0 0 0 0 0 0 0 0 0.1048600822687149 0 0.1034600436687469 0 0 4.59924041479826 0.2750329822301865 0.3736682012677193 1.720972642302513 0.131244421005249 1.914778344333172 0 75.7970215678215 0.389183446764946 0 0 0.7216156125068665 0 0 0 5.344403058290482 0 0 0 0 0 17.64305041730404 11.99219739437103
352.2753617689013 2889.187529429793 169.080827049911 555.1675993204117 1712.87839987874 33.18698167055845 769.629179418087 20.47436690330505 1296.580696441233 1460.464799456298 14.56555739790201 105.0030739754438 3876.342611633241 2363.22335921973 12.96560297161341 6.255403220653534 0.2168518975377083 0.3939442858099937 0 0.1410686001181602 0.118891067802906 0.09289658814668655 0.1114826425909996 0.1316381692886353 0.07332354038953781 0 0 0 0.1045250371098518 0 97.5118712335825 7.571627974510193 2.966287769377232 0.1564930751919746 0 0.5841878056526184 5.717138864099979 0.2468472942709923 0.2825842052698135 0 0.3183439895510674 0 0.4103258028626442 0 0.163380928337574 0.1561687588691711 71.62196249514818 2.970267117023468 1.200870536267757 0.08049336820840836 0.1817123368382454 0.08409318327903748 0 0 3.621962428092957 4.414343103766441 15.90369733422995 132.7059533074498 8.566923595964909 27.76456519961357 0.4510392695665359 0.07914236187934875 0 46.11811121553183 4.571616441011429 1.310294561088085 0.504525750875473 1.218192078173161 0.3423015922307968 0.1682115495204926 2.782471381127834 0.3926335573196411 0 76.47751987725496 77.3179636746645 137.6082652360201 101.7010360583663 1.54395566880703 0.9992116168141365 0.3888905942440033 0.1960202008485794 0.8486485630273819 11.42677375674248 0.08358500897884369 2.695047505199909 2.186123378574848 0.5392886325716972 0 0.417390912771225 0 0.1673234179615974 0.105697937309742 0.1200660765171051 0.4115883037447929 0.2575507834553719 38.73187185823917 9.29967226088047 0.4657668620347977 1.059613898396492 27.52850947529078 1.034923911094666 4.181173391640186 91.8865118175745 40.41314312070608 3.141638189554214 148.7328356876969 28.07577518373728 202.1928067281842 102.8323185220361 41.55789648741484 8.527932174503803 45.39695455878973 45.08315686136484 13.39915163069963 19.46638149768114 0.2425256371498108 0 0 0 0 0 0 0 0 0 0 0 0.3824674561619759 0 0 0 0 0 0 3.40717389434576 3.423402011394501 0 0 2.210447147488594 9.57039899379015 4.116564765572548 5.919928878545761 0.6951094120740891 0.7664653360843658 0 0 0 0 0 0 0 0 0 0 0 0.2403850257396698 0.1571934595704079 0 0 0 0 0.3717739433050156 0.2059092149138451 0.109733559191227 0 1.234330832958221 12.79994648694992 0 0 0 0 0 0 0 0 0 46.48449938744307 1.57508235424757 0.106489896774292 0 0 7.567445009946823 3.929645568132401 11.27147509157658 0.8879780694842339 0.5040739253163338 0.3466310501098633 0 0 0.1696764379739761 0 0 0 0 0 0 0 22.79494369029999 5.052599683403969 7.667851775884628 158.2466957345605 11.3631956204772 144.0593016296625 17.20563793927431 50.30987534672022 20.26838021725416 2.149139769375324 16.87865902483463 3.656034409999847 0 5.632946476340294 0.6765254884958267 14.18189110606909 1.767966784536839 0 0.1520524471998215 2.004232808947563 0 170.740242511034 25.1592094451189
25.71661184728146 120.1910615339875 982.6031639799476 1.143485091626644 114.987731449306 0.6796092242002487 20.47436690330505 1253.085734292865 197.5556156560779 3.898408196866512 2483.79223510623 13.85825006663799 92.68844383955002 1518.022922836244 34.64150298386812 36.19170649349689 0.5912283286452293 4.113193474709988 0 18.89089314639568 68.42344316840172 0.2376533374190331 37.15320622175932 19.98872707039118 6.847552984952927 4.890616558492184 5.224720418453217 0.6022294759750366 0.430394321680069 0.2048511356115341 1167.580904014409 2459.102706849575 437.760883949697 15.91882087290287 31.34219508618116 19.08782950788736 121.1989709436893 17.97140359133482 3.371117159724236 2.622564420104027 13.97654096037149 8.841949485242367 47.65618033707142 3.345214605331421 1.646794617176056 14.41265090554953 89.71625261753798 3.975997567176819 1.228869505226612 5.59836957603693 19.3515290170908 0.4707424193620682 0.4210812523961067 1.778931155800819 1.877730786800385 2.739089973270893 10.4595750644803 184.1898049339652 5.561069935560226 18.65199355781078 354.2727116495371 310.3951568827033 10.02857214957476 630.3888616412878 2.292041309177876 2.808387361466885 2.189535565674305 11.79219119995832 50.65645986795425 53.01031849533319 11.35622480511665 3.727253273129463 0 45.83832999318838 114.1958682537079 104.1571953073144 329.7120461165905 135.298008017242 942.9928784742951 2598.749328069389 387.0239497646689 1624.239417880774 7.231584578752518 0 2.512299299240112 1.242357760667801 2.962857037782669 0 0.9736195802688599 0.5955525040626526 1.402532942593098 0.09027212858200073 64.64794009923935 12.43322877585888 1.290017664432526 8.211669147014618 13.96670366823673 0.398357667028904 4.498402409255505 15.06325782835484 0.7874307632446289 0 0 0 0 1.25806974619627 0 0 0 0.152956947684288 0.5101748406887054 1.114252395927906 1.947536267340183 0.2298955321311951 1.763996727764606 0.2836509644985199 0.2274750545620918 0 0 0 0 0 0 0 0 0 0 0.4121150821447372 0 0 0 0 0.1579653173685074 0 0.3110395669937134 0.9506379067897797 0 0.9394093751907349 0.4272267818450928 1.149582102894783 0.806322768330574 2.233765043318272 1.287438452243805 0.2749048620462418 0.1324124932289124 0.2157050520181656 0 0 0 0.9908790439367294 0.3576469421386719 0 0 0 0 0.2091206684708595 0.1119922623038292 0.9695850536227226 0 0 0 0 0 0 0.2381828054785728 0.9126698523759842 4.370013400912285 0 0 0 0 0 0 0 0.3455120623111725 0.4013321176171303 7.042529948055744 0.153718501329422 0.1697484403848648 0 0.2018607705831528 0.7025646790862083 0.9158723205327988 3.420483604073524 0 0 0 0.09020662307739258 0.09316200762987137 0 0.4323303997516632 0 0 0.1044471859931946 0.124623604118824 0.1450040340423584 0.2045400813221931 1.942291438579559 2.216239601373672 4.05223736166954 89.64444427192211 4.492592953145504 100.709484949708 18.66029760986567 11.15528680384159 7.50412604957819 0.09314010292291641 8.45412915199995 2.023093931376934 0 0.3493306189775467 0.09227440506219864 0.2603597044944763 0.6532449126243591 0 0 1.578627981245518 0 9.498150572180748 1.252511098980904
15.97138381004333 677.0553197339177 1245.796273991466 18.57105936855078 5823.39247816056 1.983110323548317 1296.580696441233 197.5556156560779 517.8042014464736 119.1596935614944 657.8805139064789 58.53379952162504 743.3619774505496 1166.260511182249 23.68706986308098 12.1754083186388 0.5345313102006912 0.2267022728919983 0 0.1520329490303993 0.2745852619409561 0.0723278820514679 0.07901826500892639 0 0 0.1466050446033478 0.1010261550545692 0.4369596242904663 0.4167197048664093 0.07819254696369171 41.09480179846287 5.98807518184185 13.9816977456212 0.1635650023818016 0 0 28.45055758208036 0.864144578576088 0.4568915590643883 0.605944998562336 0.2846894264221191 0.1563669964671135 0.7527022659778595 0.2322279885411263 0.1808633655309677 0.08643670380115509 80.97434976696968 1.87285266071558 0.3708358108997345 0 0.3581226021051407 0 0.3587826415896416 0 1.309438146650791 1.736985214054585 2.42906578630209 22.84306636452675 3.794228121638298 16.28877836465836 0.3312333300709724 1.949317023158073 0.08602772653102875 24.36396915465593 1.920529007911682 0.8763207420706749 0.1431475579738617 0.2326139509677887 0.1701680198311806 0.09636321663856506 3.674782678484917 1.419829532504082 0 27.86626023799181 25.66235986351967 65.73225153237581 65.24427495151758 2.447437591850758 2.681442409753799 10.9064272120595 0.4654803201556206 1.110884219408035 5.294276051223278 0 0.9049943685531616 0.9925070554018021 0.5123463124036789 0 0.07784921675920486 0 0.1546285524964333 0 0.2752982452511787 0.50908263027668 0.3655795156955719 36.06533605605364 7.465382628142834 0 0.5883100032806396 2.113346487283707 0.1545301824808121 2.025783225893974 3.225358664989471 1.976993970572948 5.940570048987865 30.21547338366508 3.624212436378002 14.66222137957811 21.35136005282402 11.42650058120489 3.807740539312363 17.08811190724373 29.47821789234877 10.23171720653772 16.03596615046263 0.08155728876590729 0 0 0 0 0 0 0 0 0 0 0 0.2723837196826935 0 0 0 0 0 0 1.377787403762341 1.55897481739521 0 0.2784454226493835 0 11.14760567247868 6.058030925691128 8.5655148178339 0.5424376279115677 0.1227414160966873 0 0 0 0 0.2951781749725342 0 0 0 0.2327951043844223 0 0 0 0 0 0 0 0 0.2984297424554825 0.8200845718383789 0 0.2089196741580963 1.091997757554054 11.5145445689559 0 0 0 0 0 0 0 0 0 48.08682657778263 1.35794647783041 0.160430371761322 0 0 7.886893041431904 2.016014248132706 12.67648855596781 0.2991380393505096 0 0.1127562820911407 0 0 0 0 0 0 0 0.07188019901514053 0 0 19.39496662467718 4.963538028299809 5.235855378210545 178.2894818708301 11.87644530832767 120.6298679113388 27.55419161170721 35.36107584089041 13.80567286163568 0.09386137872934341 24.11133123934269 4.338775239884853 0.3884527236223221 0.5538077801465988 0.2607964873313904 2.169153191149235 0.3316011279821396 0 0 2.959439530968666 0.1372680813074112 18.42524736374617 8.546406783163548
1105.508669860661 856.3733564019203 23.38387790322304 1935.629426509142 351.8038261830807 516.253101490438 1460.464799456298 3.898408196866512 119.1596935614944 1547.370359197259 0.7112882286310196 1949.999998532236 4368.891985051334 519.0526148080826 5.711428500711918 1.868985757231712 0.1441164463758469 0.1695870012044907 0 0.08353974670171738 0.109191820025444 0 0 0 0 0 0 0 0 0 41.38801925629377 0.9916465878486633 21.75958707183599 0.2027158662676811 0 0.08791928738355637 81.5571876168251 0.651526503264904 0.4034469053149223 0 0.1122005358338356 0.1964628025889397 0.2343117147684097 0.1939105838537216 0 0.08022543787956238 27.65145425498486 1.172628551721573 0.3519861027598381 0 0 0.5840002298355103 0.348222553730011 0 2.465831473469734 3.242082864046097 12.08459012210369 87.99563098698854 4.661659099161625 13.17485726624727 0.3283585011959076 0.3358162119984627 0 16.12005835771561 1.678566403687 0.8522448018193245 0.2743039280176163 0.08074438571929932 0.06886842101812363 0 10.82366520911455 16.23076996207237 0.1673667132854462 44.51855225861073 36.1021378710866 60.51946026831865 37.12276497483253 1.060153275728226 0.08925321698188782 0.8704797998070717 0.5088351368904114 0.7398166880011559 6.153985761106014 0 0.7214015945792198 1.848491184413433 0.4458418227732182 0.09146928787231445 0.1821554079651833 0.2533417567610741 0 0.1333331614732742 1.09020371735096 0.2696427553892136 0.1762665957212448 438.8333238959312 72.20537184178829 2.57697719335556 1.992353573441505 254.3885126262903 2.991849988698959 32.25559276342392 205.9814413487911 140.55500651896 22.12676461786032 521.752425737679 251.1699681133032 129.7687985673547 309.2321924641728 272.5742976367474 31.33447896689177 180.0776326656342 252.4930143728852 69.30525854229927 68.06412698328495 0.1160484552383423 0 0 0 0 0 0 0.1133994162082672 0 0 0 0 1.767412796616554 0 0 0 0 0 0 9.044379867613316 10.04921287298203 0 4.579352766275406 4.607788920402527 39.1149794459343 15.70756556093693 19.25941891223192 5.853300333023071 1.296804033219814 0 0 0 1.409746766090393 0.8139365315437317 0 0 0 0.3421535938978195 0 0 0.1028574034571648 0.8200027421116829 0 0 0 0 0.4299852252006531 0.3649017214775085 0.1653762012720108 1.096015453338623 7.652013942599297 46.07463953644037 0.2009608447551727 0 0 0 0.07759130746126175 0 0 0 0 135.0196879431605 16.201111741364 0.568340890109539 0 0 18.27023488283157 8.868339210748672 40.9102446809411 1.584174856543541 0.6714144051074982 0.1021571159362793 0.1232418194413185 0 0.07554431259632111 0 0 0.5074049234390259 0 0.07522473484277725 0 0 131.3297954648733 16.6469818726182 15.31044451147318 103.9754137173295 10.92792170494795 70.49301236867905 12.09604542702436 147.9348509982228 10.10823003947735 5.218951277434826 14.26809354126453 21.68486991524696 0 9.910211496055126 0.861845999956131 59.18710792064667 0.816120408475399 3.859567105770111 0.1017813086509705 3.431029796600342 0.3366694301366806 1090.936216853559 163.6078082695603
14.86077421158552 246.3811671510339 1735.262983262539 0.2510234192013741 544.2564037665725 0.1327643245458603 14.56555739790201 2483.79223510623 657.8805139064789 0.7112882286310196 821.6257428079844 36.87168350070715 252.7116349413991 2180.474532574415 33.63674229383469 24.75305356830359 0.8247208446264267 0.2402253150939941 0 0.255493201315403 1.914011470973492 0.1401480138301849 0.6641995906829834 0.3733479231595993 2.039751842617989 0.108688198029995 0.6571003049612045 0.6731188520789146 0.2678448259830475 0 148.46589320153 44.93506224453449 606.052792340517 0.1769517064094543 0.3965335711836815 2.859320737421513 298.4202686920762 13.82812823355198 2.220407120883465 0.8044112548232079 1.510171540081501 1.758145704865456 0.6775210648775101 1.513759270310402 0 0.5405173823237419 96.2685933187604 2.122367955744267 0.9653984233736992 0.08382803946733475 0.1636016741394997 0.2562572583556175 0.2567765042185783 0.2416378483176231 1.331561170518398 1.318238124251366 2.664725229144096 37.95984859019518 2.844751380383968 18.36485630273819 2.640043973922729 52.19717644155025 0.8728782534599304 41.99045063555241 1.153426043689251 0.7916131839156151 0.6673014983534813 0.6035246029496193 0.7453948184847832 1.293655544519424 21.07720611989498 3.019083835184574 0 27.93411013484001 30.3608537837863 77.51847571879625 99.51946150511503 9.493358917534351 22.66941025853157 156.0433797165751 1.763651102781296 85.73782642185688 5.351145125925541 0 1.84470821171999 0.5625349283218384 0.17989731580019 0 0.08297494798898697 0 0.1582096442580223 0.07663881033658981 2.372277624905109 1.183208592236042 0.1391765624284744 15.56687679886818 5.987089283764362 0 3.103822827339172 2.403633408248425 0 0 0 0 0.2381157055497169 1.808198407292366 0 1.107651188969612 1.446896314620972 0.7369017526507378 0.9984261468052864 1.66548427939415 2.564139269292355 1.988861918449402 2.777755044400692 0 0 0 0 0 0 0 0 0 0 0 0 0.5093685984611511 0 0 0 0 0 0 0.2259306758642197 0.2986663058400154 0 0 0 2.145621605217457 0.1315470337867737 3.188071727752686 1.115687623620033 0.6028203889727592 0 0 0 0.1838838160037994 0 0 0 0 0.1138559952378273 0 0 0.2157362699508667 0.1093956828117371 0 0 0 0 0 0 0 0 0.1718622595071793 1.983755454421043 0 0 0 0 0 0 0 0 0 13.60255908966064 0.2163105383515358 0 0 0.2045742496848106 1.265226952731609 1.072408750653267 2.97477201372385 0 0.1115906164050102 0 0 0 0 0 0 0 0 0 0 0 3.933538779616356 1.375843770802021 2.74877105653286 166.2883413881063 10.1709246635437 121.8392619043589 31.60105608403683 28.42112899571657 14.36993685364723 0 19.23093914985657 2.130358383059502 0.2136978954076767 0.3071731701493263 0 0.09465489536523819 0 0 0 5.55076602846384 0.5265706181526184 9.980656653642654 2.489791728556156
138.9617990404367 49.44464182853699 39.70485814660788 421.1647407263517 38.46976545453072 146.1856476515532 105.0030739754438 13.85825006663799 58.53379952162504 1949.999998532236 36.87168350070715 161.2223587855697 1485.466301374137 231.9256159365177 25.3429094478488 23.67523458600044 0.4798662140965462 0.1221837997436523 0 0.1251891702413559 0.3100793063640594 0.3214100450277328 0 0.1464992165565491 2.145285427570343 0 0.3734276592731476 0.2371836602687836 0 0 4.158194519579411 0.863200768828392 60.43842296302319 0.09418461471796036 0 0.113225981593132 146.5302222147584 5.926109537482262 11.70227686315775 4.430525861680508 2.183394998311996 5.845079362392426 0.1329613775014877 2.387477211654186 0 0.4120862483978271 32.37486044317484 0.3644279539585114 0.4932714998722076 0.2203835695981979 0.6601232811808586 1.137480594217777 2.135330826044083 1.299071401357651 0 0.0864020437002182 3.383310422301292 6.424099549651146 0.5248941779136658 4.931517198681831 0.4411350190639496 9.841174311935902 0.1958806812763214 1.683509603142738 0.1137848794460297 0.1157242059707642 0.1198666468262672 0.1093826815485954 0.2463807612657547 0.2275949344038963 97.85624814033508 82.85544808208942 0 5.845730923116207 5.122196644544601 14.61697588115931 17.27848377078772 7.94871624559164 0.2749034836888313 7.755269512534142 0.8229113593697548 2.269988745450974 0.5023935735225677 2.006713390350342 0.1164672821760178 0.2066931873559952 0 0 0.4233622550964355 0.3219744265079498 0 0.1754097193479538 1.729461431503296 5.06531984359026 1.958666652441025 1582.552314922214 321.1741199344397 1.035909831523895 211.5174054726958 115.7389467582107 1.273425877094269 3.434459716081619 31.99435040354729 12.31795697659254 22.06281720101833 207.2746489048004 39.92663890123367 69.11769092828035 126.6205916404724 78.9631977006793 27.01723494380713 151.2831881120801 241.3062121868134 96.54503079503775 109.8859933242202 0.3234141319990158 0.1433823108673096 0 0 0 0 0 0 0 0 0.3516183942556381 0 0.1371034383773804 0.2496151775121689 0 0 0 0.9022501707077026 0 6.571065790951252 9.523060992360115 0 1.493405818939209 0.6863433867692947 63.69633001089096 13.54366496950388 26.22408130019903 4.341789335012436 1.431713558733463 0 0 0 0 0.8977656364440918 0.4678429365158081 0 0.4099185168743134 0.128269836306572 0 0 0.1222829669713974 0.1182828843593597 0.2936234474182129 0 0 0 0.2303962036967278 0.567145511507988 0.336720883846283 0.506988525390625 1.234885111451149 41.42309998720884 0.4689523428678513 0.1058971062302589 0 0 0 0 0 0 0.2838597297668457 324.3781255781651 18.07016659528017 0.5943641364574432 0.1396700888872147 0.09941727668046951 20.30423779785633 5.165479615330696 40.88324245065451 0.8540208339691162 1.052116118371487 0.1162097454071045 0 0.1933896616101265 0 0 0 0 0 0 0.1375964879989624 0 187.652128867805 34.9253203868866 28.10504210740328 122.0663534775376 8.839833304286003 56.91099812835455 23.04157953709364 62.12473350763321 6.956206947565079 4.146108150482178 7.481573015451431 16.85376417636871 0 4.778720065951347 0.7428720444440842 10.88039057701826 1.041288748383522 0 0.613542377948761 1.740033879876137 0 370.0210756361485 164.243209078908
152.0482194200158 1178.102921701968 217.1634169518948 902.73528444767 696.4392551407218 90.90491274744272 3876.342611633241 92.68844383955002 743.3619774505496 4368.891985051334 252.7116349413991 1485.466301374137 2064.173694521189 2130.339866727591 83.42079012095928 72.50233804434538 1.423464305698872 0.2959008738398552 0 0.3880163282155991 0.7707998752593994 1.878792405128479 0.7274154797196388 0.3457619100809097 2.21638111770153 0.5359206423163414 1.902368068695068 1.277776643633842 0.5179846882820129 0.2716604918241501 33.63501074910164 5.686485648155212 214.3649614900351 0.5082956477999687 0 2.636355385184288 476.2360361069441 47.51235039532185 26.78303326666355 19.5372311770916 4.056768730282784 6.912443935871124 1.536328487098217 2.631465509533882 0.1905594617128372 0.9615660384297371 164.8455402925611 2.285518832504749 3.243775963783264 0.3393232300877571 1.455232761800289 2.650400288403034 0.8867951259016991 3.103550009429455 0.8591085895895958 2.524043269455433 12.47175925225019 38.33803261816502 3.104003138840199 23.34241693466902 3.148441575467587 15.68301655352116 0 21.81164523214102 2.188811235129833 1.792638331651688 0.2765214890241623 1.162949211895466 0.7439514622092247 1.119668312370777 281.7354524806142 74.39410464465618 0.2833503931760788 40.13247713446617 34.0497662872076 109.5677234455943 102.9744257554412 19.87026572972536 7.881630674004555 38.7563608661294 2.561074495315552 7.96453033387661 6.99731308221817 0.08940429240465164 1.164066448807716 1.220560517162085 0.7714188769459724 0.08253435045480728 0.5993329063057899 0.4482767730951309 0.6191895604133606 0.2723443508148193 2.371215045452118 8.139944419264793 1.140512458980083 1565.578236460686 203.7821854874492 1.537022709846497 114.3664238601923 81.08358760923147 2.729822479188442 8.390600234270096 56.81047599762678 25.16392471641302 38.39425661414862 401.6048747375607 63.95202489942312 132.8336061760783 235.6904834508896 143.2012834623456 44.81865818798542 233.9079582393169 389.600072927773 133.9311594888568 171.8203565552831 0.4138917028903961 0 0.1112079843878746 0 0 0 0 0.4407167285680771 0 0.1194879934191704 0.2697914391756058 0 1.643534980714321 0 0 0 0.6174318492412567 0.1178840771317482 0 10.0525162294507 19.7206350043416 0 4.537327721714973 0.9053041860461235 104.8029385581613 24.12642440199852 49.76134341955185 5.563227459788322 5.356045454740524 0 0.1393087357282639 0 0 0.5523815751075745 0.3525018990039825 0 0.8696930706501007 0.2250386849045753 0 0 1.029174499213696 1.222090914845467 0.4596650302410126 0.3367893248796463 0 0 1.107848145067692 0.6772172152996063 0.0953863188624382 0 5.941194966435432 84.53976103663445 0.4551127329468727 0.1215429976582527 0 0 0.1985148712992668 0 0 0.3226636052131653 0.6216835081577301 469.1270089820027 23.98098701238632 2.011343128979206 0.08323665708303452 0.1161438077688217 54.95460726320744 14.2979346960783 69.20708772540092 1.538512982428074 1.529525496065617 0.4357645362615585 0 0.215754359960556 0 0 0.5611040890216827 0 0 0.1064471751451492 0 0 261.9380323812366 52.90405406057835 48.98385009169579 478.494421645999 18.45960626006126 247.4195159077644 87.85000219196081 112.2051008492708 33.26020749658346 4.511548675596714 46.50923334062099 21.15011154860258 0.5633344799280167 11.28726889938116 2.950236834585667 19.11439800262451 2.229771926999092 0 0.6526838093996048 10.99584871530533 0.5698848813772202 373.9291484057903 207.0628315284848
24.34637540578842 1128.809870608151 1843.690838418901 98.92972002178431 1912.096822611988 12.9182032123208 2363.22335921973 1518.022922836244 1166.260511182249 519.0526148080826 2180.474532574415 231.9256159365177 2130.339866727591 1284.634299695492 140.9919104129076 113.9360247850418 1.574936650693417 0.4720636084675789 0.08724392205476761 0.7561137080192566 4.204204857349396 0.6006687581539154 0.9886228144168854 1.385215006768703 2.455291613936424 0.5535440072417259 2.266746759414673 1.293701827526093 0.8310805335640907 0.3025995567440987 70.38227745145559 20.37630335241556 659.5931819453835 0.7669852897524834 1.511806502938271 5.787683971226215 590.9007114097476 15.27160108834505 6.100404754281044 2.503961112350225 4.427282370626926 4.999964095652103 1.664828076958656 4.832250021398067 0.3470839187502861 0.4382997751235962 286.7550593242049 3.856991298496723 4.331557810306549 0.5626576617360115 1.866927839815617 0.6099027693271637 1.06804671138525 0.8254858627915382 2.939602933824062 2.960168600082397 7.696004159748554 36.18296487629414 4.981538534164429 38.17724286019802 5.18538574129343 39.49443301558495 0.2220581844449043 40.77557631582022 2.919616714119911 1.873092986643314 0.7616679817438126 0.9001955464482307 3.97268134355545 4.300398483872414 54.94081599265337 16.01470221579075 0.164854422211647 55.26301667839289 34.51658756285906 180.7222735211253 165.6633471176028 30.75403290987015 28.30976351350546 125.6684782728553 4.456322826445103 46.79140788316727 9.896505005657673 0 2.203613348305225 1.385133624076843 0.5120269581675529 0 0.3711597323417664 0 0.8467614948749542 0.4343960508704185 7.137595683336258 3.694141000509262 0.9545870274305344 371.7794738039374 63.6788068562746 0.9251784235239029 15.87149273604155 19.3047728985548 1.371180780231953 4.659973919391632 18.03788249194622 5.682134516537189 20.07157444953918 154.9410959333181 21.77530761808157 55.28700925409794 96.62961304932833 47.38061267882586 22.60258802771568 95.73719993233681 160.883308313787 55.5595983043313 71.93731063604355 0.2566423937678337 0.1007538884878159 0 0.1575812697410583 0 0 0 0.2904112637042999 0 0 0 0 0.3582476899027824 0 0 0.1465939283370972 0 0.1115290001034737 0 6.80469162017107 13.47790785878897 0 2.231941089034081 1.22081458568573 54.49620485305786 15.82655843347311 25.31624110043049 3.883628852665424 2.495462156832218 0 0 0 0 0.6319558024406433 1.170789986848831 0.1675002574920654 0.3728713616728783 0.3213188052177429 0 0 0.4109202697873116 0.1610168665647507 0.1186776012182236 0 0 0 0.8013726398348808 0.8266140222549438 0.08740369975566864 0.8864985406398773 4.500213354825974 51.74935648590326 0.6770236268639565 0 0 0 0 0 0 0 0.475361131131649 241.8661719411612 7.814721293747425 0.2433581873774529 0.1149759143590927 0 26.39857950806618 8.129841715097427 47.98484134674072 1.336412101984024 1.632462412118912 0.9560633301734924 0 0.5416304916143417 0 0 0 0.1003106161952019 0.08338803052902222 0.09918669611215591 0 0 113.9198393896222 25.92191129177809 29.30806871503592 674.4956385567784 42.1034289970994 389.4186700284481 120.7682730332017 101.6975788623095 46.72067841887474 3.704319849610329 71.97465596348047 17.25750780105591 0 5.050940170884132 0.9486768990755081 12.30574207007885 0.575519010424614 0 0.5793223530054092 15.6617089882493 1.657620295882225 96.13602660596371 79.58715078979731
