372.7021838948131 2120.526596955955 435.7655123993754 1222.771231018007 23.61246067285538 253.8244993537664 235.2902810722589 96.34429264068604 3.889483496546745 741.3549439534545 24.70776347070932 3.463687852025032 55.71791817992926 36.44875793159008 0.1073071211576462 0 0 0.2169049605727196 0 0.08915212750434875 0 0 0 0 0 0 0 0.1751196980476379 0 0 783.4610847830772 82.94025365263224 4.908376581966877 0 0 0 0.2628186717629433 0.08892484754323959 0.2475384846329689 0 0 0 0 0.1942695006728172 0 0 25.25323785096407 2.209143579006195 0.4773036167025566 0 0.6976186260581017 0 0 0 3.316881865262985 6.135975487530231 492.9685492441058 549.4513797387481 49.13395289331675 36.32442158460617 0.2240863740444183 0.1333242356777191 0.09250744432210922 7.219976931810379 2.781383447349072 0.7201369777321815 1.65487065911293 0.2997817695140839 0 0 0.8178939074277878 2.829362809658051 0.1459134668111801 109.2861925661564 1.380580626428127 2.42199344933033 0.1475591212511063 0.2054695412516594 0 18.19748664647341 0 0.3365089446306229 29.08446096628904 0.5031161457300186 1.92716158926487 3.519163250923157 0.1076426729559898 0.2341340780258179 1.534039348363876 0.09224872291088104 0.1816976591944695 0 0.0831616073846817 0.332415983080864 0 40.01704348623753 1.367230281233788 0 0.2487753853201866 1240.259450271726 0 0 0 0 0 0 0 0.6641430854797363 0.6158058643341064 0.2824216783046722 0 0 0 0 0.1675092875957489 0 0 0 0 0 0 0 0 0 0 0 0 0 0 0 0 0 0 0 0 0 0 0 0 0.2814236283302307 0 0 0 0 0 0 0 0 0 0 0 0 0 0 0 0 0 0 0 0 0 0 0 0 0 0 0 0 0 0 0 0 0 0 0 0 0 0 0 0 0 0 0 0 0 0 0 0 0 0 0 0 0 0.1295495182275772 0.1090626567602158 0.09843696653842926 0 1.277097463607788 0 0.1365476697683334 21.38648825138807 1.128157816827297 63.09293769299984 1.778131619095802 941.6303026378155 7.091846160590649 1.079535707831383 0.1747221648693085 0 0 0 0 1.439590454101562 0 0 0 0 0 285.7654862031341 0
2120.526596955955 1334.666825667024 1498.908791124821 1423.265121854842 356.1255642026663 306.8747151717544 1456.43377687782 1843.249078497291 652.9046097397804 1665.671959407628 1333.658800296485 14.01982628554106 293.5952770262957 666.0843112319708 4.156922228634357 0.3639330193400383 0.364364817738533 0.2441576719284058 0 0.08909660577774048 0.07670670002698898 0 0.1012294739484787 0 0.3406383320689201 0.1354183554649353 0 0.07732505351305008 0 0 2325.080690205097 96.73175877332687 12.61966498196125 0.1544127911329269 0.519817128777504 0.3296545371413231 1.194914810359478 0.5215673968195915 0.7838747948408127 0 0 0.5377120226621628 0.08512600511312485 2.065518170595169 0 1.542204186320305 282.9187353402376 9.668780691921711 0.8203394263982773 0.2153770923614502 2.149693429470062 0.09460952132940292 0 0.09510260075330734 12.65505403280258 15.04770489037037 333.458121009171 601.789632588625 100.0824251323938 140.9443234428763 0.7764447778463364 0.3903896510601044 0.2769050300121307 52.93072291463614 8.167206197977066 2.432964235544205 4.687560506165028 1.86860778927803 0.636084221303463 0.08260007202625275 4.406331941485405 0.2949869409203529 0 348.0909512042999 81.95192586630583 74.94496952742338 14.03266786783934 1.537090614438057 0.7207729816436768 120.1050988137722 0.9906253218650818 1.719337351620197 85.03942507505417 0.7836167439818382 5.977773025631905 13.73575607687235 1.589467592537403 0.09618044644594193 5.515206329524517 0.07878457009792328 1.397150292992592 0.2989244237542152 0.4900364801287651 1.337279707193375 0.4846711158752441 21.25061069428921 4.504031002521515 0.1545461714267731 1.605611808598042 560.9202968105674 0 0 2.93987737596035 0 3.37132054567337 3.237990215420723 0 5.687888160347939 13.55235187709332 18.21560813486576 6.312616847455502 4.522855818271637 13.58245979249477 6.197030894458294 13.88642216473818 0 0 0 0 0 0 0 0.2187430858612061 0 0 0.1441390663385391 0 0 0 0 0 0 0 0 0.9773660600185394 0 0 0 0 11.5794125571847 0.1565132141113281 5.854165308177471 2.393764242529869 0.09579246491193771 0 0 0 0 0 0 0 0 0 0 0.1995543241500854 0.1927985101938248 0.1342155486345291 0 0 0 0 0.1270151436328888 0.2056269869208336 0.09931346774101257 0 0 0 0.08044251054525375 0 0 0.1194616481661797 0.1181191578507423 0 0.0856795608997345 0.09835813194513321 0 7.870609879493713 1.248571887612343 0.2768780663609505 0.6572678685188293 0 4.403518199920654 0 0 0 0.6790229678153992 0 0 0 0.09471213072538376 0 0 0 0.1712029650807381 0.1850746348500252 0 0 13.02801734954119 2.083256855607033 5.845719590783119 440.7636295035481 14.90126224607229 454.3920996189117 44.40213359892368 384.5824668854475 21.26431162655354 2.504606738686562 13.2479033768177 4.204786077141762 0 2.196803420782089 0 2.91340796649456 0.7186939865350723 0 0 3.982734270393848 0 143.8883276730776 1.463645711541176
435.7655123993754 1498.908791124821 1710.27238561213 106.9012209326029 1766.098636090755 7.530615426599979 463.5151187479496 3231.479508318007 617.6867028921843 321.620632827282 1949.259558513761 8.413491941988468 186.876233316958 880.5005153864622 2.588541351258755 0 0 0 0 0.1664871647953987 0.416336253285408 0.3296612799167633 0.3412071540951729 0.1111523136496544 0 0.110583983361721 0 0.1491309404373169 0 0.1039581522345543 2113.484156064689 381.4227210655808 105.6559862419963 0.09506796300411224 0.3260448202490807 0.4254767224192619 5.735310584306717 1.690728291869164 1.008800700306892 0.1115766763687134 0.2776150107383728 0.5000442937016487 0.0874362513422966 0.9100368767976761 0.412423737347126 1.787062220275402 122.9501401782036 3.029949232935905 0.9130610227584839 0.1652733758091927 0.8262834846973419 0.297865092754364 0.1012612134218216 0.2826504409313202 4.994637586176395 5.045103833079338 126.5891360603273 405.7543875202537 37.24106355011463 56.99608475714922 1.557965755462646 5.507574386894703 0.7696534469723701 228.8394926339388 2.578200720250607 1.070601545274258 1.602285139262676 0.4097720980644226 0.3277416080236435 0.167419321835041 5.085753008723259 0.330522209405899 0 154.3219373002648 74.9318879917264 49.58243057131767 16.33716510981321 1.140710934996605 1.302189767360687 204.3669198527932 0.9436215236783028 5.027376808226109 31.92070209234953 0.07773704081773758 3.43257375061512 4.827071875333786 0.6506564170122147 0 1.421664170920849 0.1533898264169693 0.7209471240639687 0.08688537776470184 0.2446542158722878 0.7187897488474846 0.2861699759960175 10.38131925463676 4.119851388037205 0 2.190899044275284 48.06361410021782 0 0 0.9063948094844818 0 0 3.472943618893623 1.226485908031464 1.423110172152519 1.456547640264034 8.859633222222328 3.384869307279587 4.388993196189404 3.306267082691193 2.030309788882732 5.908624991774559 0 0 0 0 0 0 0 0 0 0 0 0 0 0 0 0 0 0 0 0 0.3686271011829376 0 0 0 3.547935023903847 0 6.503942869603634 0.8566058576107025 0 0 0 0 0 0 0 0 0.1574098467826843 0.9424563050270081 0 0 0.1552508175373077 0 0 0 0 0.1147199496626854 0 0.09033675491809845 0 0 0 0 0 0 0 0 0 0 0.08810790628194809 0 0 4.358177118003368 0.5007569193840027 0.1546299904584885 0 0 0.6187830790877342 0 0 0.6217337548732758 0 0 0 0.2580817714333534 0 0 0 0 0 0 0 0 8.518928162753582 1.256081059575081 2.686838053166866 178.0316334366798 3.846176870167255 163.5135926529765 19.07698339223862 30.09734760224819 6.43285121768713 0.9768500179052353 5.789412051439285 2.48047911375761 0 0.1556049436330795 0.1826443374156952 1.204752579331398 0.09591715782880783 0 0 2.058720707893372 0 26.59140662103891 1.692464627325535
1222.771231018007 1423.265121854842 106.9012209326029 605.2683796137571 48.55597531050444 783.8851203545928 513.7765047028661 6.729499101638794 17.80961115658283 3862.900798797607 9.168257251381874 2.481516525149345 534.6712966486812 110.1151044368744 1.193326383829117 0 0 0.1773099601268768 0.08073811233043671 0.1132421866059303 0.09153449535369873 0.09085448086261749 0.08858338743448257 0 0.08864606916904449 0.1025230586528778 0 0 0 0 57.87390249967575 0.7841083481907845 0.1062363758683205 0.07121342420578003 0 0 1.254498451948166 0 0.1203935369849205 0.1352897584438324 0.1059443578124046 0.08099760860204697 0 0.2427843511104584 0.1982497274875641 0.3291466534137726 90.13645446300507 5.192051567137241 0.2018194198608398 0.1001484766602516 0.82008146494627 0.1547754257917404 0 0.09487982094287872 6.796716123819351 6.649482473731041 188.2828302234411 183.7165422216058 48.48606085032225 63.43599646538496 0.08974242955446243 0 0 0.8381740376353264 3.663576550781727 1.814443111419678 3.324385762214661 0.3746094256639481 0.2772802338004112 0 0.4104669988155365 0.5221011936664581 0.2889006957411766 151.1127859950066 14.20226964354515 13.95290234684944 2.779090128839016 0.637162983417511 0.2027996778488159 0.2921612709760666 0.1190793141722679 0 40.47395653277636 0.6774089708924294 2.602713294327259 5.551776476204395 1.254301115870476 0.2394897416234016 1.85171040892601 0 0.5348366349935532 0.1441391855478287 0 0.09984907507896423 0.1758728325366974 10.83855256438255 1.179765611886978 0 0.5206647515296936 520.9489605426788 0.1158156022429466 1.368379831314087 16.5693923085928 14.04126369208097 0 5.229875087738037 10.99224010854959 1.535200178623199 19.41794957220554 9.105657160282135 0 0 4.255955517292023 2.302221536636353 3.347555667161942 0 0 0 0 0 0 0 0 0 0 0 0 0 0 0 0 0 0 0 0 0 0 0 0 1.065526276826859 0 0.1181703805923462 0.4965436160564423 0 0 0 0 0 0 0.07912973314523697 0 0 0.9765293821692467 0 0 0 0 0 0 0 0.2522839307785034 0.4562046602368355 0.1192885041236877 0 0 0 0 0 0 0 0 0.114960141479969 0 0.09159067273139954 0.09164225310087204 0 0.4627037197351456 0 0 0.1562372595071793 0 0 0 0 0.5710201412439346 0.7810927107930183 0 0 0 0 0 0 0 0.113439530134201 0.09862805157899857 0 0 7.788108617067337 0.6929322481155396 0.1589243113994598 97.20552882552147 2.519494354724884 158.522379912436 6.553906813263893 521.5691181570292 5.787686109542847 1.224718481302261 2.984056942164898 1.581281617283821 0 0.5650691911578178 0.3793198466300964 8.60988849401474 0 0 0 0.2241811156272888 0 288.3627485558391 4.268083065748215
23.61246067285538 356.1255642026663 1766.098636090755 48.55597531050444 602.0193636864424 2.642138540744781 728.4608440250158 1223.937492564321 1767.181833073497 1075.254747226834 2277.812422096729 16.31745234131813 468.4935108050704 755.1065494567156 1.303489081561565 0.4425594508647919 0 0.08250763267278671 0 0.09799548238515854 0 0.1629874259233475 0 0 0.1056663766503334 0 0 0 0.3075793832540512 0 86.05744931101799 9.878600053489208 1.590401694178581 0 0 0.08870860934257507 0.7186739593744278 0.1459653526544571 0.5006370767951012 0 0 0.08123484998941422 0.1222315058112144 0.9806816801428795 0.1478694602847099 0.8050479739904404 105.344072714448 1.252939738333225 0.1307865381240845 0 0.2464017421007156 0.1175169199705124 0 0.1563680320978165 1.855819329619408 2.779132068157196 35.26896771788597 76.92254212498665 13.15810555964708 28.1525546386838 0.3523020148277283 0.1760910451412201 0.2104444652795792 19.42497363686562 1.619458250701427 0.5493484735488892 1.000386670231819 0.3507944718003273 0.1652244031429291 0.222002699971199 4.197156004607677 0.48691126704216 0 58.86858116835356 37.42564402520657 30.4582627043128 14.33404896408319 0.5947406813502312 0.254408597946167 3.382310964167118 0.1775481104850769 0.5427773147821426 14.32644492387772 0.2701235413551331 1.503356955945492 2.554968699812889 0.08561263978481293 0.08773891627788544 0.9905069097876549 0 0.2928819581866264 0 0 0.09269081056118011 0.08138874173164368 23.99831964075565 4.750408202409744 0.1458732634782791 1.091837696731091 3.197724886238575 0.5185577943921089 0.2915980368852615 2.326943770051003 0.3160969614982605 0.1933182179927826 4.164772242307663 0.3523915931582451 4.364788524806499 4.31254767626524 20.61881769448519 4.545866817235947 9.045297645032406 9.25272162258625 8.09621673822403 15.04300650209188 0 0 0 0 0 0 0 0.1890805959701538 0 0 0.3287824392318726 0 0.7191343009471893 0 0 0 0 0 0 2.203305155038834 2.484367311000824 0 0 0 9.40243561565876 2.021981731057167 12.57004664093256 1.518755868077278 0 0 0 0.2114083021879196 0 0 0 0 0.5384553372859955 0 0 0 0 0.1359621286392212 0 0 0 0 1.225604638457298 0.7908260151743889 0 0 0 1.088370680809021 0 0 0 0 0 0 0 0 0 5.329409092664719 0.2478607892990112 0.1279114484786987 0.1405584216117859 0 5.305457010865211 0 0 0.3807629644870758 0.8053067624568939 0.9383710622787476 0 1.466707825660706 0 0 0 0 0 0 0 0 15.9570120126009 1.580399096012115 5.717393442988396 316.6606579869986 7.272897005081177 191.8311508521438 30.15537752956152 25.76207242906094 10.15121723711491 1.393630012869835 10.77140083909035 7.298323087394238 0 0.2092548906803131 0 2.296292051672935 0 1.049360156059265 0 3.604421570897102 0 42.49205907434225 8.167547538876534
253.8244993537664 306.8747151717544 7.530615426599979 783.8851203545928 2.642138540744781 19.54959635436535 168.6892434433103 10.65074940025806 17.67338806390762 1911.375354856253 1.082995891571045 51.29359075427055 169.1876638457179 32.45602218806744 0.6786159723997116 0 0 0 0 0.1368008106946945 0 3.961198337376118 0 0 0 0 0 0 0.1608231067657471 0.1576720327138901 105.4935540854931 1.61567722260952 0.6706953942775726 0 0 0.3008566200733185 3.014364585280418 0.1532367616891861 4.227829724550247 0.135609894990921 0 0 0 0 0 0 3.321722388267517 0 0 0 0 2.22407890856266 1.07043494284153 0 0.6208722591400146 0.3715419918298721 59.42382597923279 9.387472167611122 1.098892316222191 2.271231442689896 0.7152999490499496 0.9719576090574265 0 1.705456472933292 0 0 0 0.1285463720560074 0 0.1074274852871895 23.84553037583828 105.2407774552703 8.295058235526085 4.197606451809406 0.5824789106845856 0.1177878230810165 0 0 0 2.233546152710915 0 1.181348696351051 0.2255778089165688 0.6902400255203247 0.2326738089323044 0 0 1.188221782445908 0.3344791233539581 4.752240017056465 0 0.6843366473913193 0.2122976332902908 0 0 358.9725009053946 105.6823976784945 17.36921000480652 20.66453072428703 382.9975831657648 0.2641672194004059 0 7.828365802764893 0 0 2.861747369170189 4.502307385206223 0 6.611190438270569 9.878848999738693 0.286655992269516 3.262049645185471 6.124862223863602 4.153225809335709 4.612086370587349 0 0 0 0 0 0 0 0 0 0 0 0 0 0.2447097152471542 0 0 0 0 0 0 0.2804239988327026 0 0 0 0.8105767965316772 0 0 0.1149622648954391 0 0 0 0 0 0 0 0 0 0 0 0 0 0 0 0 0 0 0 0 0 0 0 0 0 0 0 0 0 0 0 0 0 9.872856616973877 0 0 0 0 0 0 0 0 0.5559613704681396 0 0 0 0 0 0 0 0 0.1084494888782501 0 0 27.09783013164997 0.1953648179769516 0 6.901419341564178 0.1634483933448792 4.828268565237522 0.1428925842046738 444.6310879290104 1.298322111368179 0 0 4.984034180641174 0 0 0 82.01192179322243 0 0 0 0 0 201.4365425482392 31.67546628415585
235.2902810722589 1456.43377687782 463.5151187479496 513.7765047028661 728.4608440250158 168.6892434433103 985.4900425598025 234.0035136789083 1273.260001644492 3706.772321924567 493.4618027210236 34.11070521175861 3996.180535823107 1596.550431080163 4.499860271811485 0.6738769933581352 0.2323137149214745 0.190420888364315 0 0.09611396491527557 0.3013885244727135 0 0 0 0 0 0 0.2028363049030304 0.285888135433197 0 152.3328381702304 22.59013232588768 4.014683336019516 0 0.328487291932106 0.3054522275924683 4.391484461724758 0.3774901181459427 0.6131386011838913 0.1351495981216431 0.08715581148862839 0.5413431152701378 0.190562829375267 0.8211604207754135 0.07935499399900436 0.912785068154335 247.190183788538 4.770498685538769 0.539001539349556 0.1147731468081474 1.479492016136646 0.3818492367863655 0 0.2086547464132309 7.41154783219099 9.581400796771049 106.5399409979582 165.1515429541469 45.55034101754427 79.25463375449181 0.2286184281110764 1.672053314745426 0 17.49054110795259 4.649923913180828 2.209155954420567 2.49460144340992 0.5012446790933609 0.09536200016736984 0.08855481445789337 15.34403886646032 0.406722865998745 0.1550396829843521 185.0403567105532 60.97553383558989 60.07260427623987 16.01499249786139 1.470616653561592 0.7813217788934708 4.466601744294167 0.1865228936076164 2.102370403707027 44.12896135449409 0.1698688268661499 4.727916486561298 7.713325195014477 1.041948273777962 0.3316385746002197 2.558855853974819 0.09577175229787827 0.9119363874197006 0.1197052896022797 0.196627601981163 0.7461764514446259 0.1886151880025864 81.16049911826849 12.43862849473953 0.1483274102210999 4.624613076448441 67.14919193834066 1.308779656887054 1.855689242482185 21.74542421847582 12.38864770531654 9.020302921533585 43.13027550280094 10.41232057660818 13.19738839566708 30.67905819416046 37.80193868279457 9.718422211706638 33.20338127017021 41.87960807234049 18.74751137942076 32.31969807296991 1.239394694566727 0 0 0 0 0 0 0 0 0 0 0 0 0 0 0 0 0.1480691581964493 0 4.162052534520626 3.802244231104851 0 0 0 19.27524477988482 1.355374425649643 28.92894343286753 10.78577285259962 1.130900263786316 0 0 0 0 0 0 0 0.4711464196443558 3.941758573055267 0 0 1.047166079282761 0.2342147976160049 0 0 0 0.1404660940170288 2.568659521639347 3.424694061279297 0.3712006360292435 0 0 0 2.435362711548805 0.4907756745815277 0 0 0 0 0 0 0 20.58540650457144 2.107257299125195 0.398771733045578 0.2841173559427261 0 8.675896838307381 0 0 1.753025822341442 2.521265402436256 0.867106981575489 0 0.4862772077322006 0 0 0.09877727180719376 0 0.195439800620079 0 0 0 50.6330076828599 8.76581309735775 14.17779137939215 553.792777761817 13.08073351532221 396.3078278303146 56.95058710873127 145.0770095512271 19.76595363020897 1.13051076233387 18.73128489404917 15.25472156703472 0 4.397184960544109 0.4946636557579041 14.04797526448965 0.1920324116945267 0 0.2413495630025864 7.999882653355598 0.5291839838027954 187.6878160759807 21.93789792060852
96.34429264068604 1843.249078497291 3231.479508318007 6.729499101638794 1223.937492564321 10.65074940025806 234.0035136789083 268.2515380606055 845.0984811410308 112.7197485864162 1434.913050621748 131.6382076889277 530.4752980321646 1249.238421909511 6.366871573030949 7.0721415579319 0.6015040278434753 0.8502451330423355 0.4580356031656265 1.449226565659046 8.395085774362087 8.608897626399994 10.91272766888142 12.84485477954149 26.19393841177225 12.36973700672388 2.427774749696255 3.883070111274719 8.545082531869411 3.415937393903732 864.4468877092004 1514.903466269374 495.6012920662761 4.368777424097061 25.90445111691952 60.81557828187943 191.1818675994873 102.0888573303819 61.05319346487522 6.435132414102554 8.342854894697666 11.6757018044591 0.4594348445534706 21.17182721197605 1.460371941328049 25.77220392227173 59.66995390504599 1.597637221217155 0.6965372636914253 1.287428289651871 0.3075411692261696 2.039373636245728 6.766301453113556 6.803281620144844 0.7944159582257271 1.501390308141708 25.60281211137772 117.6698124185205 8.858840815722942 14.30414790660143 160.2494971007109 297.235895678401 39.95737715810537 634.4286125451326 0.6235906109213829 0.5556640177965164 0.2833536118268967 0.3966423645615578 1.738148868083954 5.621071197092533 191.7179333567619 17.0095719024539 1.022788055241108 45.28704679012299 38.98545141518116 26.6372657045722 34.61624160408974 44.27515349537134 211.5436004325747 499.536824464798 130.0297775939107 747.0058701112866 8.737395755946636 0.2502259686589241 0.8464848399162292 1.793523319065571 0.6900084987282753 0 0.4581985324621201 0.4200526550412178 0.4434366896748543 0.5496001392602921 7.118090957403183 5.555920474231243 2.974135540425777 160.4462489783764 55.39094900339842 0.9151155203580856 76.78293065726757 13.89547900110483 3.711761012673378 0.2441044300794601 8.359480828046799 0.7470715939998627 2.321038387715816 7.449017725884914 0.1594225168228149 11.79332006722689 10.81595548242331 44.5218301564455 26.42256449908018 7.482599064707756 29.46240162849426 10.34696494787931 56.83269562572241 0 0.6073318123817444 0 0 0 0 0 0.1653385907411575 0 0 3.237706571817398 0 1.716064289212227 0.2089682966470718 0 0.2631537020206451 0.6947916746139526 1.067243561148643 0 4.400621622800827 3.988134272396564 0 0.1307359933853149 0 31.5158104300499 3.075628951191902 68.85218545794487 26.43088455498219 6.152661293745041 0.2039571702480316 0 0 0.6945546269416809 0.1217339560389519 0 0 3.471172362565994 3.416442811489105 0.1183149740099907 0.2064129784703255 1.835583955049515 8.090751223266125 0.777442067861557 0 0 0 1.027174539864063 3.198215447366238 0.2547453641891479 0.1035207584500313 0 2.27078115940094 5.785739377140999 0.08734577894210815 0 0 0 0 0.1121528223156929 0 0.2887394726276398 26.93375396728516 14.14987663179636 0.6468619555234909 0.3164788782596588 0.3782456666231155 13.75363498926163 0 0.1095762327313423 3.273501709103584 5.420696303248405 0.5399559438228607 0.6690533757209778 0.7921655774116516 0 0 0.1963235139846802 0 0.1547521501779556 0.1148429363965988 0 0.09566449373960495 28.60663061589003 31.24375057965517 51.38263041526079 159.5110231265426 8.129064746201038 95.00229603052139 24.53377407044172 18.88889820873737 3.462599836289883 0.4718794375658035 6.874843373894691 11.75736206769943 0.7339861690998077 7.763564810156822 2.709157109260559 3.303023494780064 4.691672071814537 0 0 4.854670435190201 1.230248540639877 58.63050433248281 29.97749692201614
3.889483496546745 652.9046097397804 617.6867028921843 17.80961115658283 1767.181833073497 17.67338806390762 1273.260001644492 845.0984811410308 341.3491874486208 1145.926278442144 1540.684771165252 43.84191669523716 2060.982861742377 1494.727128796279 7.224455907940865 6.589859329164028 0.7686509639024734 0.2411374747753143 0 0 0.8505270853638649 0.8248063623905182 0.1048302352428436 0.295276015996933 0.7615347057580948 0.2232890278100967 0.1142673641443253 0.1332464665174484 0.2076256796717644 0.1421329528093338 25.85704483836889 127.5993024855852 17.88326270878315 0.1007238700985909 0.1301437467336655 0.6352023780345917 10.36588008701801 4.355261392891407 4.448902755975723 0.1616082936525345 0.203467071056366 0.6280755549669266 0 0.8656095042824745 0.252508670091629 0.5186157152056694 109.8979716971517 1.231944389641285 0.6401061192154884 0 0.2359772548079491 0 0.3905821144580841 0.1149023398756981 0.2056141644716263 1.37485659122467 18.93673449009657 27.27409601211548 9.153143018484116 20.28002409636974 0.9306340217590332 4.761812254786491 0.1247175112366676 15.87653855234385 0.5532470047473907 0.2328523024916649 0.6108342781662941 0.08515746146440506 0.384017787873745 0 31.34558365494013 0.7971993535757065 0.122477762401104 36.8218390122056 31.84271071851254 41.7412484139204 23.64318193495274 2.450285419821739 1.474398069083691 96.20314005762339 0 4.862423934042454 6.31929287314415 0.1089936122298241 0.8110532686114311 1.173026323318481 0.2056631669402122 0.1159208193421364 0.4730827584862709 0 0.1101033240556717 0.1617331355810165 0 0.4380213394761086 0.417060375213623 102.863802947104 24.36988019198179 0.9861087873578072 6.365805432200432 2.990197271108627 2.581673167645931 1.447689101099968 9.191953726112843 0.2828830778598785 9.306882962584496 22.702252574265 5.632764466106892 15.79579394310713 20.14080327004194 63.08448118716478 24.45301722735167 17.54702168703079 59.42894174158573 26.50671242177486 51.5954223126173 0.1352695673704147 0 0.09952178597450256 0 0 0 0 0.4943841993808746 0 0 0.1194993481040001 0 0.1260003000497818 0 0 0 0 0.1128307357430458 0 5.308941565454006 2.159893907606602 0 0.6902830600738525 0.1309798359870911 38.78578622639179 0.550520047545433 39.77328314632177 12.15658193081617 2.17612574249506 0 0 0 0 0 0 0 0.9147930890321732 2.160065390169621 0 0 1.153426870703697 0.9035155773162842 0.2462183684110641 0 0.134039580821991 0 0.8783555924892426 3.445349924266338 0 0 0 0.3243576884269714 0.5217100977897644 0.1011603251099586 0 0 0 0 0 0 0 35.1283848285675 7.52645605802536 0.3747747913002968 0 0 9.674252241849899 0 0.247830256819725 0.8778754398226738 2.101935058832169 1.398302339017391 0.269661970436573 0.3861163929104805 0 0 0.9824610203504562 0.1292782872915268 0 0 0 0 76.35873897373676 11.32850637286901 20.13717445731163 556.3387201577425 21.04395270347595 259.586431376636 66.78632157295942 34.99197670817375 14.16430647671223 1.744424551725388 24.52276752889156 10.76158080995083 0.4400704205036163 2.109881781041622 0 16.26045125722885 0.1720003932714462 0 0.2162729352712631 13.23855096101761 0 113.8907073736191 21.99057216197252
741.3549439534545 1665.671959407628 321.620632827282 3862.900798797607 1075.254747226834 1911.375354856253 3706.772321924567 112.7197485864162 1145.926278442144 3922.062528125942 165.2991823852062 506.8341542854905 3990.989170126617 967.2073408737779 13.35887347906828 6.028109721839428 0.1427489817142487 0.7423758283257484 0 0.2343809083104134 0.3970870673656464 3.246194630861282 0.208138644695282 0.6582991033792496 1.550767153501511 0.9989033192396164 0.6446683555841446 1.35030697286129 2.071491032838821 1.455047279596329 23.95502801984549 16.29195207357407 50.26281283050776 0 0.8129581436514854 1.591264575719833 114.6263013854623 12.9519257247448 48.2403260320425 0.6758773475885391 0.09287478774785995 0 0 1.221277005970478 0.370078444480896 0.8675793781876564 218.1301414370537 2.893913902342319 0.6040875092148781 0 0.8698516637086868 0.8030262440443039 3.979846715927124 1.699718341231346 4.061272487044334 5.770355254411697 72.72267996519804 64.28426381200552 24.78187394142151 45.55729059129953 4.282788462936878 22.82841895520687 2.034766711294651 9.47057744115591 2.024244271218777 1.124645195901394 1.542405806481838 0.6902187913656235 0.1719280928373337 0.5397969931364059 914.5330870896578 15.61980350315571 1.718885682523251 89.80700591951609 34.80239254236221 38.21404831111431 16.06136916577816 1.294474102556705 4.537725068628788 37.57184176892042 0.5696391016244888 21.33458009362221 30.0860246643424 0.6471730843186378 2.408546149730682 2.817459113895893 0.4928544387221336 0.3497064635157585 2.153619095683098 0.9332964718341827 0.5751925930380821 0.1702494323253632 0.1131537929177284 0.1670480221509933 0.631541021168232 1804.495704635978 119.8044359907508 2.408642642199993 122.663151063025 542.9491129815578 16.4675123244524 4.904948361217976 86.18984627723694 12.46311809122562 29.5179795846343 83.40756792575121 42.49854090064764 66.14732525497675 95.05009193718433 279.4192037433386 94.03112118691206 72.30665490031242 274.2877358347178 133.0690156146884 226.5597546696663 0.1897198557853699 0.3147448748350143 0.137504443526268 0.2872859388589859 0 0 0 2.91107115894556 0 0 0.286917969584465 0 1.104459583759308 0.2456123828887939 0 0 0 0.3894094228744507 0 18.25624077767134 5.510774239897728 0 0.2418629229068756 0.109622947871685 119.5201651081443 7.464693181216717 147.1705694943666 37.76691246032715 6.124970853328705 0 0 0 0 0 0 0 1.827689312398434 11.60001853108406 0.089986652135849 0.1101772338151932 3.552911698818207 4.874479502439499 0 0 0 0 4.892412483692169 11.34071649610996 1.876914903521538 0 0.103119820356369 2.446007296442986 2.906749002635479 0.4550721347332001 0 0 0 0 0 0 0 145.3036749884486 13.69033462554216 3.934064500033855 1.70379763841629 0 41.60589361190796 0 0 4.718165904283524 1.97147748619318 7.207633204758167 0 0.241888053715229 0 0 0.7277122735977173 0.2728472948074341 0.2264108881354332 0.1720137745141983 0 0 450.129123263061 45.94584007561207 73.20435081422329 1160.167322136462 30.67738473415375 429.9822503849864 87.60945208370686 1084.824801512063 30.2147309333086 14.39421031624079 34.71996954083443 29.76414799690247 0.7928565740585327 16.12730208784342 3.503010667860508 206.2996578365564 1.280013881623745 1.294448375701904 1.008252814412117 11.59640508890152 1.900940358638763 2181.588431663811 172.86305693537
24.70776347070932 1333.658800296485 1949.259558513761 9.168257251381874 2277.812422096729 1.082995891571045 493.4618027210236 1434.913050621748 1540.684771165252 165.2991823852062 592.8419187366962 38.66897773742676 1016.878447182477 2554.609049260616 4.029169082641602 1.237177208065987 0 0 0 0.08553466945886612 0 0.249740906059742 0.2728694155812263 0 0.1375492066144943 0 0.1356653124094009 0 0.1332394331693649 0 178.8392197340727 454.5193915814161 105.425989292562 0 0.2764582335948944 0.4621099233627319 13.60315259546041 2.414814330637455 3.448091514408588 0.1428090482950211 0 0.1056738942861557 0 0.609953872859478 0.372764065861702 0.2895159050822258 61.23003318160772 1.04199855774641 0.08854872733354568 0.1011880487203598 0.1767290234565735 0.1929049342870712 0 0.132112517952919 1.328950367867947 1.901273645460606 23.0090376958251 62.92993830144405 7.92553635686636 17.01701363176107 0.5226445570588112 3.850696109235287 0.2602301687002182 28.12510923296213 1.083112448453903 0.07587063312530518 0.2665739580988884 0.09667426347732544 0 0.08889630436897278 15.33466745167971 0.3260436058044434 0 42.52301021665335 34.44025734812021 31.16057410091162 13.56338404864073 1.398255594074726 0.7189351096749306 895.4754250347614 0.0787627249956131 16.84469684958458 7.421365976333618 0.1183139532804489 0.3495376110076904 1.261526614427567 0.2919453606009483 0.08972333371639252 0.5030247792601585 0 0.09144233167171478 0 0 0 0.1262630224227905 10.88451008498669 3.408970832824707 0 3.276443734765053 2.349280662834644 1.049333572387695 0 0.3094472289085388 0 1.149579353630543 2.306930780410767 1.478428289294243 0.6167018488049507 0.1839793175458908 8.691570520401001 2.308305725455284 3.811816766858101 2.981348842382431 3.116724029183388 9.658668644726276 0 0 0 0 0 0 0 0 0 0 0 0 0 0 0 0 0 0 0 0.2371787875890732 0.2638984322547913 0 0 0 4.730815559625626 0 6.779974639415741 1.252195335924625 0.3836959078907967 0 0 0 0 0 0 0 0.3491353392601013 1.318911671638489 0 0 0.1719193011522293 0 0 0 0 0 0 0.1885543763637543 0 0 0 0 0 0 0 0 0 0 0 0 0 3.272202208638191 1.040262758731842 0 0 0 1.267543330788612 0 0 0.1103089824318886 0.1307844221591949 0.8504903316497803 0 0.1271390467882156 0 0 0 0 0.1389696002006531 0 0 0.1452210247516632 4.609296575188637 0.6484682857990265 1.356429934501648 198.1292351186275 5.786164037883282 135.6778074800968 25.76617015898228 12.50087478756905 3.966887801885605 0.3116068243980408 12.01602562516928 1.739604875445366 0.2204693704843521 1.184630990028381 0.4539076089859009 1.430454701185226 0 0 0 6.490417763590813 0.6617703214287758 16.59766169637442 1.95427317917347
3.463687852025032 14.01982628554106 8.413491941988468 2.481516525149345 16.31745234131813 51.29359075427055 34.11070521175861 131.6382076889277 43.84191669523716 506.8341542854905 38.66897773742676 92.42245823144913 803.569965928793 444.0753738954663 19.15192667394876 23.40821797400713 1.067935682833195 0.1410179883241653 0.0973920002579689 0 0.1606098413467407 5.621549598872662 0.8589436858892441 1.757079139351845 4.736361004412174 2.990749478340149 1.83678662031889 2.555843308568001 6.316622406244278 1.501810699701309 14.91657274216413 28.66063190251589 142.2724424600601 0.6050996258854866 1.714572802186012 3.038526475429535 349.9134675487876 32.70969236642122 161.702848739922 2.032793372869492 1.80464481562376 1.174435414373875 0 0.9096318036317825 0.5337619334459305 0.5562453046441078 77.39749981462955 1.118977166712284 0.8064363226294518 0.1493884027004242 0.1431402117013931 2.120088279247284 4.458560109138489 1.664813093841076 0.3867839947342873 0.8535114601254463 8.050802253186703 7.050578415393829 1.477167032659054 8.903348736464977 12.39148016273975 81.220379576087 3.562138997018337 9.735535077750683 0.4177207350730896 0.2400482892990112 0.09623367339372635 0.07788113504648209 0.2192065864801407 0.3104359358549118 1367.456994153559 15.74487034976482 1.804455928504467 16.02856134623289 6.932646557688713 19.98742628097534 11.37260863184929 4.269706003367901 17.27157920598984 279.216705173254 0.7208526134490967 87.16303630918264 3.594881765544415 0.1074170097708702 0.3617233112454414 0.8324541226029396 0.1164355576038361 0.4753825590014458 0.1010259091854095 1.125129729509354 0 0 0.3950055837631226 0.1484454572200775 0.5381738841533661 884.8913958072662 197.8363202065229 3.930148065090179 379.9079829156399 15.88344959169626 2.359133809804916 0.2040576115250587 2.51724150031805 0.5334836840629578 6.9713014960289 7.628935292363167 4.216908678412437 14.42724611610174 7.535474218428135 33.9418191164732 12.4666056483984 15.15679949522018 41.12505555897951 20.32877741008997 40.72301652282476 0.1000695750117302 0 0 0.5350990891456604 0 0 0 0.6448091268539429 0 0 0.7247217446565628 0 0.2205839902162552 0 0.708979070186615 0.151725098490715 0.1301282048225403 0.2503371983766556 0 2.212785191833973 0.4180204719305038 0 0.2196253538131714 0.1228750497102737 19.07223899662495 2.704226695001125 20.9092119410634 7.121915332973003 1.533409304916859 0 0 0 0 0 0 0 0.7336015477776527 2.132555261254311 0 0 0.5176257416605949 4.653039276599884 0.1200381740927696 0.1478194296360016 0 0 0.2784081920981407 1.896492049098015 0.07854307442903519 0 0 0 1.363427273929119 0 0 0 0 0 0 0 0 26.80076676607132 5.067238569259644 0.3969714641571045 0.2233070060610771 0 8.677971012890339 0 0 1.924931041896343 1.283709280192852 0.2864490449428558 0.1256779134273529 0.1537910550832748 0 0 0 0 0 0 0 0 80.39770136028528 7.524720184504986 14.2281876578927 419.0872670859098 11.54326844215393 128.1465332061052 45.08045392483473 67.14017535746098 5.627086170017719 0.5003633350133896 10.97321674227715 10.13319046795368 0 4.772490404546261 0.163608580827713 20.43933998793364 0 0 0.3430338650941849 6.734374612569809 0 276.3730726912618 27.76829723268747
55.71791817992926 293.5952770262957 186.876233316958 534.6712966486812 468.4935108050704 169.1876638457179 3996.180535823107 530.4752980321646 2060.982861742377 3990.989170126617 1016.878447182477 803.569965928793 2252.936681382358 3461.344916380942 24.65213254839182 25.28802853822708 0.5041077062487602 0.3754319250583649 0.1162120252847672 0.2061382457613945 0.3420418873429298 1.648943021893501 0.2632383406162262 0.444461926817894 3.661409236490726 0.6599772945046425 0.724338136613369 0.8282937780022621 2.141358464956284 0.9159545004367828 28.56886414438486 80.23990717530251 631.8602909222245 0.6530512794852257 1.300962403416634 4.472399547696114 898.949818983674 58.22090489417315 231.4476851075888 3.16823810338974 1.152604423463345 1.139500193297863 0.1789456680417061 1.489508338272572 0.3193352967500687 0.734343595802784 155.1278335228562 1.481446951627731 0.7302258610725403 0.08994614332914352 0.08662593364715576 0.9291729182004929 3.527706012129784 0.2618888318538666 1.301527790725231 2.429511725902557 30.79242195934057 37.65676880627871 12.82899534702301 30.40917452424765 6.847640231251717 113.1767367720604 3.294146373867989 9.685916431248188 1.057769142091274 0.4619871824979782 1.096150331199169 0.5524639934301376 0.1429969221353531 0.2397892028093338 634.5395450741053 6.016691088676453 0.338417187333107 53.1991253644228 24.94852213561535 51.48103310167789 24.44710429012775 5.500647693872452 9.807798005640507 479.0128993690014 1.179875515401363 104.1470732390881 14.2290199175477 0.304434522986412 1.526894077658653 1.456515252590179 0.3619176223874092 0.1096142157912254 0.685324639081955 0 0.5963368788361549 0 0.2601933255791664 0.3392291218042374 0.9537500590085983 727.3962666913867 62.56163337826729 2.257151640951633 182.5101978778839 39.72315836697817 2.320615902543068 2.399426385760307 12.17892800271511 2.094981960952282 13.2604164108634 25.04978636652231 8.614028617739677 26.39376273006201 28.39569097012281 66.25804090499878 35.02433671057224 26.43781661242247 93.89096396416426 37.07219781726599 74.39718510210514 0.7148678377270699 0.1986404657363892 0 0 0 0 0 0.3702022805809975 0 0 0.6755264922976494 0 1.942485801875591 0 0 0.1320972889661789 0 0.2522834837436676 0 9.119348615407944 6.223152726888657 0.8414991497993469 0.3394084870815277 0 60.60036507993937 0.7767180576920509 44.66408265382051 18.31378050148487 1.315269015729427 0 0 0 0 0.09279604256153107 0 0 0.3526531979441643 3.20231070369482 0 0 1.078057155013084 1.891454555094242 0 0 0 0 1.067009814083576 8.363195300102234 0.9904851093888283 0 0 2.392802901566029 3.326801411807537 0 0 0 0 0 0 0 0 60.67694887518883 8.074288085103035 0.9643399566411972 0.1533938497304916 0.1678503006696701 15.02473581582308 0 0 1.406438298523426 1.877776056528091 3.593526616692543 0.350325308740139 2.398924499750137 0 0 0.229937419295311 0 0.181964635848999 0 0 0 151.2894803136587 15.62954362481833 21.0123678073287 675.0455217510462 24.14740543812513 306.040481492877 82.2120199277997 98.84813311696053 17.72527438402176 0.5648510828614235 18.36065319180489 16.39301242679358 3.302297592163086 5.401495888829231 0.4891500324010849 33.16198773682117 0.201720230281353 0 0.4182671532034874 13.89950327575207 1.163847386837006 416.6991396844387 39.97074531018734
36.44875793159008 666.0843112319708 880.5005153864622 110.1151044368744 755.1065494567156 32.45602218806744 1596.550431080163 1249.238421909511 1494.727128796279 967.2073408737779 2554.609049260616 444.0753738954663 3461.344916380942 1663.476486764848 20.60440804064274 14.64161849021912 1.427576638758183 0.2052778303623199 0.5994594693183899 0 0.1152025684714317 2.941191278398037 1.894369952380657 3.211666487157345 17.82261701673269 2.233651228249073 3.884591728448868 1.026427514851093 9.102952852845192 4.374574139714241 259.591761611402 1197.690621398389 1550.178335912526 1.467304363846779 7.623316921293736 17.78241863101721 1535.105223082006 265.1267718151212 284.7321734949946 17.16311218589544 0.4440192133188248 2.360264360904694 0.09778165072202682 1.465269356966019 1.542452089488506 1.573813259601593 160.1872543990612 2.100634068250656 0.7993100434541702 0.341424822807312 0.2239291667938232 0.187127023935318 5.733967967331409 3.409857034683228 1.248891323804855 1.615477591753006 33.680390432477 76.75611037015915 12.02034888416529 29.76624669879675 15.47504502534866 192.4897849187255 5.300031617283821 85.44864445924759 0.5581991598010063 0.3785290271043777 0.8905674517154694 0.281346395611763 0.2744081988930702 0.3437402844429016 834.4448172524571 5.741574615240097 0.3571561127901077 57.60864170640707 46.73675768822432 64.33271385729313 30.44969323277473 4.78738147765398 13.81329657137394 634.3987238779664 0.9189975261688232 101.725604981184 11.65698201209307 0 0.5031896606087685 0.8205637857317924 0.1786265671253204 0.1754938066005707 0.7013887912034988 0.2286625877022743 0.242441363632679 0.2520046979188919 0.8842481002211571 0.989555224776268 0.383046455681324 142.3140103891492 32.66629798710346 1.239245675504208 194.0859473273158 12.31584779918194 3.693650081753731 1.48179030418396 2.553185768425465 2.070791468024254 9.301279366016388 18.32058198004961 1.605188712477684 11.79110934585333 8.694318793714046 34.56756206601858 11.11914806067944 17.87579124420881 43.41719533503056 20.79992098361254 36.0927355363965 0.1229450181126595 0 0.1338029354810715 0 0 0 0.1981201469898224 0.2623604238033295 0 0 0.1366855204105377 0.93958979845047 1.379134118556976 0 0 0 0.2423959523439407 0.220959484577179 0 5.456233747303486 1.643421642482281 0 0 0 20.2570613771677 0.3680428713560104 33.08938447386026 5.677426069974899 0.794983871281147 0 0 0 0 0 0 0 0.2763637751340866 0.5778117701411247 0 0 0.3986795842647552 1.833492211997509 0.1223335638642311 0 0.09391910582780838 0.09095275402069092 0.3585042133927345 5.500160731375217 0.1608386933803558 0 0.3798201978206635 0.5892385244369507 1.535254590213299 0 0 0 0 0 0 0 0 22.67236030101776 3.644231230020523 0.2301648631691933 0.2807083129882812 0 9.982478551566601 0 0 1.854066342115402 0.2346200719475746 1.110283501446247 0.2475813701748848 0 0 0 0 0 0 0 0 0 49.96858623623848 10.92876400053501 13.28697554022074 565.0535998940468 18.54292194545269 297.2113602980971 75.69028546661139 48.40638963878155 18.78323986381292 1.563196301460266 22.4414785951376 9.200259193778038 0 3.893945604562759 0.1020115464925766 7.509630300104618 2.292169094085693 0 0 12.08424746990204 0 100.0608882829547 19.60539178550243
