452.9633731693029 1740.368315383792 475.0004606619477 1095.953634507954 20.75410149991512 264.303917825222 125.0883017927408 26.28650533407927 21.07401474565268 1047.377048000693 148.2360659241676 134.5724240019917 141.2628710567951 170.2448252290487 3.379903681576252 2.771682262420654 1.288624212145805 0.2937920913100243 0.1977054327726364 0.3903140723705292 0.1429900079965591 1.110611170530319 0.5156202986836433 0.1285996586084366 0.9315675646066666 0.1103253960609436 0 0 0.4639254435896873 0 928.6277324706316 6.937455005943775 30.76971540600061 0.351199172437191 0 0.2730125039815903 28.32370717078447 2.077745318412781 8.128185957670212 1.285193376243114 0 0.3782008662819862 0.08975761383771896 1.70014826208353 0.2142536640167236 1.027920126914978 73.66729940474033 4.394358679652214 1.227897673845291 0.08269414305686951 1.223376162350178 1.155682355165482 0.3074346110224724 0.624877467751503 7.633501596748829 12.27610608190298 390.6405301466584 951.1681858673692 101.4137010574341 78.43428949266672 1.101242959499359 7.986199833452702 0.2795098945498466 112.0329768210649 17.50545527040958 22.81158789992332 1.85650273412466 1.377615332603455 0.1877065300941467 0 27.00805178284645 7.130508542060852 1.441406324505806 342.6624560952187 87.61837960034609 64.35935174673796 5.408296748995781 3.051797032356262 1.87069097161293 70.42759776860476 0.343269869685173 8.768958263099194 37.62384018301964 0.09372466802597046 5.499738924205303 9.54931466281414 3.361414358019829 0.8872792273759842 3.286578290164471 0.7581244856119156 0.7915819734334946 0 0.181107759475708 0.3410132974386215 0.6078846827149391 662.8051113039255 154.9302785843611 1.475747585296631 9.383134014904499 1613.046960309148 1.151510655879974 12.74546174705029 9.633028745651245 6.084233552217484 2.970447421073914 4.91696685552597 18.22398541867733 1.077099561691284 45.31140574067831 56.10531485080719 1.805174559354782 19.13034775853157 81.41784662008286 39.30833481252193 5.954800210893154 2.533871576189995 2.642039850354195 0.2573775053024292 0 0 0 0 0 0 0.1861582398414612 0.3748967200517654 0 0.2982833981513977 0.7913221120834351 3.93800613284111 0 1.664999842643738 4.689937874674797 0.8204892873764038 1.514675095677376 0.7282148078083992 1.738854289054871 0 0 17.25766280293465 3.843817248940468 16.47809274494648 16.41158670186996 6.846788264811039 0 0 0 0 1.356441020965576 1.426903039216995 0 0.437530130147934 2.404517009854317 0 0 1.170635312795639 4.088338702917099 0.9580066502094269 0 0 0 0.2186833769083023 1.686956495046616 1.028037145733833 0.4150267243385315 3.822206377983093 5.989979073405266 2.373962745070457 0 0 0 0 0.2722919583320618 0 0 0 15.47678515315056 3.366643324494362 0 0 0.1405704617500305 2.825119107961655 2.517227590084076 5.029562100768089 0.8213529139757156 3.109323889017105 2.789859771728516 0.1416065841913223 0.5487619191408157 0 0 0.100192166864872 0 0.2808818966150284 0 0 0 22.70215092599392 11.90928302705288 18.3735967874527 671.7811865210533 17.25282783806324 273.0597579479218 33.86544373631477 1221.399704217911 38.60368698090315 6.748958572745323 3.534017361700535 176.7006413713098 0.1426696181297302 11.27896763384342 0.6512940526008606 139.4983440637589 1.254681408405304 0.6244709119200706 1.022861480712891 3.29828716814518 0.1978096812963486 669.3342956826091 10.10647989064455
1740.368315383792 2504.706267267466 1393.981434874237 2670.609872624278 550.7525289207697 119.6140743941069 3259.440736919641 175.5102280601859 1190.182158686221 2739.60361340642 1102.176202446222 109.9803992733359 2228.425139002502 3461.104898624122 13.71086056530476 6.661375895142555 1.693068385124207 0.5020263120532036 0 0.4580229818820953 0.4611848443746567 3.224554628133774 0.4427349269390106 0.509128212928772 1.324174970388412 0.4405244141817093 0.1418964564800262 1.125614851713181 2.052087537944317 0.2110508978366852 1575.975671954453 56.95501348376274 87.99960868060589 0.2242944613099098 0.3131463974714279 1.5812648832798 63.78338577598333 5.780099913477898 15.29783909767866 3.240789532661438 0.1405218243598938 1.247601270675659 0.1964962407946587 3.093466535210609 0.7858600094914436 2.035143680870533 143.0527104437351 5.259560078382492 1.010202012956142 0.3253709003329277 0.6412219256162643 0.1270044595003128 2.497280053794384 1.667860992252827 7.778114780783653 7.636264026165009 152.3817106559873 679.5017103999853 59.91027188301086 104.8125192075968 2.138889081776142 21.05799259245396 0.9039496630430222 212.8331440165639 11.70575340092182 13.87159941345453 1.272457353770733 0.180489182472229 0.5678588449954987 0.5572483018040657 25.73387295007706 5.543113946914673 0.2609528601169586 256.8941519707441 120.2949469462037 143.1934701725841 23.69796019047499 5.482177548110485 6.326026476919651 150.4178381338716 1.775543309748173 30.4956473633647 32.89871593564749 0 6.278902061283588 5.25910834223032 4.063726343214512 0.2385697811841965 2.206021569669247 0.1460065841674805 1.481536343693733 0.1914906576275826 0 0.228336937725544 2.411751978099346 53.02468629181385 13.56762911379337 0.1667205989360809 4.365383662283421 760.9957628920674 0 0.5811599642038345 2.608562156558037 0.5437829494476318 0.8242547810077667 23.13814930617809 1.552133172750473 0.8201236724853516 81.72859060764313 19.20903569459915 1.976543486118317 14.40251843631268 33.87731772661209 17.30780209600925 5.481828331947327 4.093139231204987 1.054603740572929 0.7060473561286926 1.525744676589966 0 0 0 0 0 0 0.5119413137435913 0 0.9988577514886856 0.193244144320488 0.3696303963661194 0 1.304064072668552 1.512259483337402 0.8000081032514572 3.249032974243164 0.7617269158363342 0 1.269889175891876 0.1220480427145958 22.05000242590904 6.588520154356956 21.4285286590457 28.99971141666174 9.175575159490108 1.221270740032196 0.218490332365036 0 0.2845199704170227 1.528170555830002 1.913209736347198 0.2634012699127197 0.2312736660242081 4.288983151316643 0 0 0.1348914206027985 3.268816351890564 0 0.1162004098296165 0.09965015947818756 0 0.7855053544044495 1.331813022494316 0 0 5.670557782053947 10.68922170996666 1.477799922227859 0.1445811539888382 0.3221466094255447 0 0 0 0 0 0 21.5973532423377 3.884008511900902 0 0.1662909835577011 0.09614050388336182 2.494175583124161 1.628109455108643 10.07050889730453 0.4360070377588272 3.394356198608875 1.037687063217163 1.545542627573013 1.062111541628838 0 0.1245134249329567 0.1187595278024673 0 0 0 0 0 12.15311573445797 17.05004474520683 30.41635803133249 594.3711854815483 9.749850668013096 349.2248546034098 53.39598934352398 314.0904428064823 34.79068542271852 3.656127959489822 13.86483131349087 34.01146624982357 0.6203138828277588 9.917331159114838 2.133486345410347 17.27883575856686 0.4228167086839676 0.7257904708385468 0 2.272405974566936 0.3604520559310913 89.53573107719421 12.88269653916359
475.0004606619477 1393.981434874237 554.4929767400026 134.5008254349232 176.4471412673593 22.37766958773136 191.1345945894718 1077.562916055322 716.5296096503735 684.1082097142935 2852.686090894043 49.89130382239819 434.014081068337 2151.351931653917 10.99662374705076 6.80590058863163 1.654117360711098 0.4469222947955132 0.1587540656328201 2.38866213709116 6.525129109621048 11.29313442111015 2.969679072499275 4.004581704735756 8.108722932636738 5.621028177440166 0.3236201703548431 1.757234677672386 10.8512591868639 1.338890165090561 3397.678244747221 362.0327059850097 161.8004964888096 0.1487273424863815 1.321042701601982 8.64567568898201 129.0393778532743 19.83074972033501 28.88484437763691 16.42728344351053 4.766586944460869 6.146367996931076 0.974188044667244 5.42368158698082 0.3999568223953247 2.124038092792034 56.00204221904278 1.720556244254112 1.061536580324173 0.2689910382032394 0.3254746198654175 9.627149052917957 10.39347175508738 3.475868850946426 1.488714948296547 1.60490058362484 44.85142939537764 246.4367731809616 12.85130786895752 26.71563681215048 7.382980093359947 47.23684998601675 1.182236708700657 112.6024128571153 3.346618421375751 2.55503835529089 0.1093016415834427 0.07758970558643341 0.3040493503212929 4.222730949521065 36.38810186088085 11.8508028164506 0.7351851016283035 56.54610788822174 31.84273059666157 58.34210784733295 21.32095477730036 50.92405434697866 768.1982329040766 977.969887085259 3.495716385543346 144.6597847566009 6.726455360651016 0.1998122930526733 0.8021766617894173 0.9296518936753273 0.7261484414339066 0.6000146716833115 0.3396756649017334 0.6641826778650284 0.1077319458127022 0 2.051065817475319 0.3566737845540047 6.477788344025612 78.04222095012665 26.24616266787052 0.7505793124437332 8.894554823637009 168.9614926874638 0 1.490873515605927 0.1734380125999451 0 1.541417837142944 1.431840181350708 0.4455081522464752 0.3046244084835052 2.298277407884598 9.370578467845917 1.06949707120657 8.508093267679214 25.09020408987999 14.8793918043375 4.933038488030434 2.211754947900772 1.004944361746311 0.5968531966209412 0.510406494140625 0 0 0.3386886268854141 0.796952560544014 0 0 4.789320059120655 0.2384476512670517 1.120459951460361 0 0.4953349977731705 2.391304925084114 2.326250202953815 5.751806400716305 0.5396728217601776 0.2786597907543182 1.0962875187397 0 0 0 21.0539449006319 6.67410746216774 22.53631484508514 28.32023983448744 10.85846965014935 1.608032144606113 0.519395150244236 0.4269220381975174 0.4873565137386322 2.498915150761604 0.7995089143514633 0.5847547501325607 1.671692818403244 2.712640792131424 0 0 0 5.080284863710403 3.75660914182663 0 0 0 1.009501069784164 0.6755560636520386 0 0.8922131508588791 5.283189624547958 9.55766224861145 1.254752233624458 0 0 0 0 0 0 0.1174677163362503 0.3519740402698517 15.73256746679544 5.888361878693104 0.5371208041906357 0 0.5813295096158981 1.948921754956245 1.013927966356277 6.05011972784996 3.137927919626236 2.43736469745636 1.798294723033905 0.5219972282648087 0.6093306839466095 0 0 0 0 0 0.1325505077838898 0 0 11.97313511371613 20.55803589522839 30.97077669203281 368.6254534497857 4.568144418299198 123.2464767321944 36.12219494581223 121.7537314295769 6.004535987973213 1.201467141509056 12.11063873767853 26.47883092612028 0.1501709222793579 11.75400613993406 1.16838712990284 18.13616754114628 1.052706182003021 0.2746375203132629 0 1.551450848579407 1.096356511116028 28.28095973283052 10.56893764436245
1095.953634507954 2670.609872624278 134.5008254349232 608.0846436098218 121.5996799096465 379.5942778289318 499.5747736915946 1.815796114504337 36.27310124784708 3682.896831974387 39.81539499014616 199.2382355630398 2099.697398029268 798.9772477820516 2.004167385399342 1.347394771873951 0.09141082316637039 0.2051941305398941 0 0.2451329231262207 0 0 0.1194812804460526 0.08256476372480392 0 0.226618729531765 0 0.1453752666711807 0 0.0983014777302742 300.2931803762913 6.153830006718636 7.992189407348633 0.2463774830102921 0 1.055986501276493 15.8200795352459 0.4727759957313538 4.801160164177418 0.1659006923437119 0 0 0 0.1795407459139824 0.1240159273147583 0.61825130879879 59.24310784041882 2.710536293685436 0.531816266477108 0.1184839084744453 0.6482254266738892 0 0 0 3.740869104862213 4.447395175695419 65.87181835621595 370.065151385963 30.85394230484962 42.8385771587491 0.6973369121551514 5.943369060754776 0 92.65734845399857 8.779909402132034 10.09031203389168 0.4861811324954033 0.1930963024497032 0.0951814129948616 0.1347602307796478 7.175219774246216 2.580819457769394 0.6775300800800323 127.2393037751317 48.18832454830408 45.58536370098591 3.822005353868008 0.7779465988278389 0.8373784571886063 4.21392448246479 0.3499603047966957 5.509774640202522 18.84068177640438 0 1.637038998305798 3.456081092357635 1.150430880486965 0.2912037000060081 1.233718395233154 0.123587854206562 0.4377853199839592 0 0 0.09556920081377029 0 151.513592466712 15.75540934503078 0 2.580955967307091 630.0487218052149 0.1819075345993042 2.458901643753052 36.64988937973976 12.05855509638786 0.3991264849901199 78.601896494627 7.359246045351028 7.309776932001114 65.61617980897427 23.41292661428452 0.697165384888649 20.99260234087706 34.15364976227283 16.35566205531359 3.98670157790184 0.1616320610046387 0.3349247574806213 0 0 0 0 0.1668517738580704 0 0 0 0.5206782817840576 0 0 0.729494571685791 0 0 0 0 0 1.989602483808994 0 0 0 0 7.799881100654602 1.801914304494858 7.993707366287708 13.50773853808641 4.674211107194424 0 0 0 0 0 0 0 0.1903348714113235 1.132331818342209 0 0 0.2480513900518417 0.1061391681432724 0 0 0 0 0.4076566323637962 1.557408772408962 0.1617240756750107 0 0 5.819705426692963 0.6386818736791611 0.1122729182243347 0 0 0 0 0 0 0.3209880888462067 6.117773219943047 1.310493871569633 0 0 0 0.4238463342189789 0 2.461566850543022 1.197444595396519 1.296476289629936 0.9846365749835968 0.5260231494903564 0 0 0 0 0 0 0 0 0 11.35119415819645 6.883264169096947 13.44885260611773 216.4364663958549 5.746809363365173 166.6823137700558 16.18817396461964 666.5355820506811 20.73327558487654 1.77716663479805 3.655633918941021 50.47905023396015 0.1978605985641479 4.187629967927933 1.149988107383251 34.35220396518707 0 0 0 1.374955102801323 0 218.6434676423669 5.350096300244331
20.75410149991512 550.7525289207697 176.4471412673593 121.5996799096465 884.5281038880348 0 2069.436528027058 138.3762173801661 2754.864967763424 374.7065675407648 764.8866738006473 17.09932887554169 662.6706931218505 3302.997072905302 1.65321272611618 0.6179023832082748 0 0 0.1281313598155975 0.1006897464394569 0 0 0 0.1024489030241966 0 0 0 0 0 0 23.60211861878633 5.611067414283752 1.777777597308159 0 0 0 7.481315515935421 0.5668123066425323 0.4891218394041061 0.5127892047166824 0 0.1137563437223434 0.09663406014442444 0.4012643843889236 0 0.2987512946128845 10.44375368952751 0.1198330521583557 0.1311743855476379 0.0951414555311203 0.1145468726754189 0 0 0.1343266367912292 0.2278963774442673 0.2600343525409698 2.227247446775436 19.00765018165112 3.084118880331516 8.073349468410015 0 2.106831535696983 0.5030984878540039 13.08660996705294 0.680793359875679 0.6568689867854118 0.08784700930118561 0.1962511613965034 0 0 0.2328662127256393 0.2638071179389954 0 9.105709940195084 6.484783053398132 10.7999525219202 2.395725056529045 0.2333578690886497 1.338289618492126 26.42535325139761 0.1854387223720551 1.854343354701996 1.205458641052246 0 0.1027573496103287 0 0 0 0 0 0.3061476945877075 0 0 0.1343496590852737 0.3382454365491867 6.532896146178246 0.8836791813373566 0.2085483819246292 0.3495764136314392 2.120534643530846 0.2984806597232819 0 0.6644347310066223 0 0.1535238176584244 1.975460857152939 0 0 3.348610401153564 2.61780971288681 0 2.702134341001511 6.317987099289894 4.708183750510216 0.895132914185524 0.3118110001087189 0 0 0 0 0 0 0 0 0 0 0 0 0 0 0 0 0 0 0.6714730858802795 0 0 0 0 3.241164989769459 0.8802392035722733 3.426902346313 4.999076128005981 0.1684266775846481 0 0 0 0.1646074801683426 0 0 0 0.4404728412628174 0.3346710503101349 0 0 0 0 0 0 0 0 0 0 0 0.8858559429645538 1.181451082229614 0.741255909204483 0.4511997997760773 0.267505407333374 0 0 0 0 0 0 0 2.927640900015831 0 0 0 0 0.3097195029258728 0.7465793788433075 1.784501954913139 0.6934350728988647 0.4942901283502579 0.3741942048072815 0 0.1177029460668564 0 0 0 0 0 0 0 0 3.920894727110863 1.44980052113533 4.736911162734032 79.59995939582586 0.7671527191996574 28.8541893735528 6.339179322123528 21.79531369358301 0.9897767603397369 0.1360766887664795 2.065324172377586 5.683569446206093 0 2.195896118879318 0 3.459248811006546 0.3961405158042908 0 0 1.44410465657711 0 5.746488429605961 2.700283318758011
264.303917825222 119.6140743941069 22.37766958773136 379.5942778289318 0 7.658519834280014 6.519176781177521 0.5935015678405762 1.89261157810688 940.2186851650476 6.343458414077759 113.193805500865 62.38867826759815 31.24213030189276 1.04505567252636 1.145886391401291 0.2636347711086273 0 0 0 0 0.487320750951767 0 0 0 0 0 0 0.982860803604126 0 68.61866880953312 0.2347186356782913 17.0425630658865 0 0 0.3834942728281021 63.85830225050449 0.3224983066320419 11.4578024148941 1.298654794692993 0 0 0 0 0 0 4.579327553510666 0.2188762202858925 0 0 0.1099728345870972 1.712941899895668 1.124740302562714 0 0 0.8262039050459862 54.8561038300395 60.18878111988306 2.550235323607922 2.866986870765686 0 4.084128335118294 0 5.205315709114075 0 0.6124786585569382 0 0 0 0 81.69914484769106 47.22119817137718 11.13635761290789 9.996238924562931 1.033630952239037 2.072528220713139 0.2920275926589966 0 0 5.579751618206501 0.6860436201095581 1.605603501200676 1.399816088378429 1.541587725281715 0.3203588128089905 0.8268463984131813 0 2.05494949221611 0.4229126498103142 3.384684935212135 0 0 0 0 0 586.9326818287373 196.6667328178883 9.935750082135201 29.23348648846149 728.1189680993557 0 4.080306589603424 3.237627327442169 0.9906033128499985 1.020764499902725 0.162089928984642 3.792633399367332 0 6.376967594027519 22.7344573289156 1.052243486046791 6.562895134091377 18.73539359867573 7.525351777672768 1.688224658370018 0 0.3724620044231415 1.160538733005524 0 0 0 0 0.155609667301178 0 0 0.2388294190168381 0 0.1283763349056244 0 0.4518923759460449 0 0.3531213700771332 2.112946882843971 0 0 0 0 0 0 2.602220922708511 0.1455757319927216 2.275784566998482 6.023518197238445 1.937654837965965 0 0 0 0 0 0.1298013925552368 0 0 0 0 0 0 1.39507457613945 0 0 0 0 0 0.1266333162784576 0.1313062608242035 0 1.130005389451981 1.461422309279442 0.2682832479476929 0 0 0 0 0 0 0 0 4.416458025574684 1.715143039822578 0 0 0 0.3699272274971008 0 1.222350478172302 0.3905215412378311 1.53641477227211 0.8725836277008057 0.304961234331131 0 0.1064876765012741 0 0 0 0 0 0 0 2.595163762569427 3.02267561852932 3.795409023761749 116.0222384482622 2.784876376390457 10.84486670792103 1.64008241891861 245.2778577581048 2.292583733797073 1.026240348815918 0.6507506370544434 37.80896410346031 0 1.301121979951859 0.1175978630781174 33.93381671607494 0 0 0 0 0 153.955020159483 3.709052711725235
125.0883017927408 3259.440736919641 191.1345945894718 499.5747736915946 2069.436528027058 6.519176781177521 2037.356419987977 8.107920214533806 1250.817253835499 1643.249960720539 202.6288778111339 42.77693916857243 8275.168915145099 3905.597574159503 5.860156260430813 1.360367067158222 0.08998928964138031 0.08946293592453003 0 0 0.08208420872688293 0 0.1049532890319824 0 0 0.0854962170124054 0.08162465691566467 0.2685628011822701 0.1461639404296875 0.2671994268894196 167.0550814494491 20.94664666056633 2.291915282607079 0 0 0.495540976524353 7.976115420460701 0.683699443936348 1.734861686825752 0.09542927891016006 0 0.2699835374951363 0.1403323262929916 0.8388229012489319 0.08498965203762054 0.5918547436594963 56.17300172895193 1.896571062505245 0.09650866687297821 0.08970572054386139 0.3614019080996513 0 0 0.2246380001306534 2.366328924894333 1.849788188934326 25.74851733446121 162.7913698777556 16.73665829747915 39.8881176635623 1.073084905743599 5.809918865561485 0.3472161144018173 75.19898149371147 3.592787176370621 4.432820603251457 0.292709544301033 0.0923478752374649 0.07395151257514954 0.1225378885865211 3.031713426113129 3.438492551445961 0 67.84731354564428 44.79258759319782 55.4996727257967 9.630585707724094 1.139118276536465 3.289599344134331 5.512616254389286 0.6563093662261963 4.058619678020477 8.359194457530975 0 2.237514346837997 1.507721684873104 1.550182200968266 0.09540677070617676 0.4648816511034966 0 0.2968442663550377 0 0 0.2728884443640709 0 5.956292748451233 1.472881108522415 0 0.9829842448234558 22.5951634645462 0.667204961180687 3.217020064592361 102.7106253430247 21.42424694448709 2.417275592684746 271.3566233366728 2.762455314397812 125.1104654818773 44.45113733410835 13.38347804546356 0.3305543810129166 80.17935378849506 21.8307793661952 13.7650481313467 3.237525045871735 0.1129885390400887 0.7986291944980621 0 0.317709892988205 0 0 0 0 0 0 0 0 0 0 0 0 0.2337401062250137 0.543630063533783 0 6.241098687052727 0 0 0 0 4.660654827952385 0.7158631384372711 8.441920392215252 8.009360402822495 1.434449553489685 0 0 0 0 0.4629144072532654 0.7914944887161255 0 0.7132678776979446 3.537433810532093 0 0 0 0 0 0 0 0 0.08576294779777527 0.5836189463734627 0 0 1.907280996441841 3.999225482344627 1.529521435499191 0.1116669997572899 0 0 0 0 0 0 0 5.804415717720985 0.5042271614074707 0 0 0 1.583699598908424 0.2130579352378845 1.948870539665222 1.304477512836456 2.986779622733593 1.563096597790718 0.4447512030601501 0.8230191916227341 0.0950484424829483 0 0 0 0 0 0 0 2.971060454845428 5.031905367970467 7.23906571418047 214.8592422828078 3.781754814088345 117.112909026444 17.99271459877491 87.75974822044373 6.791088752448559 0.7318353578448296 5.258295834064484 16.09922127425671 0 4.260474875569344 0.2564158886671066 5.659621745347977 1.473287492990494 0.1007255166769028 0 2.033071130514145 0 20.91988523304462 3.726256191730499
26.28650533407927 175.5102280601859 1077.562916055322 1.815796114504337 138.3762173801661 0.5935015678405762 8.107920214533806 925.3682790100574 166.4092852026224 73.84599327296019 2997.250494778156 9.897271603345871 152.1126838326454 1157.934562653303 7.073202677071095 4.564795896410942 2.330262504518032 0.3005750626325607 0.3222721517086029 3.119893506169319 12.86016931384802 21.93281239271164 6.575951755046844 6.600971356034279 16.0792518556118 7.389810860157013 1.585348889231682 4.557641729712486 19.60204675793648 1.28021551668644 755.1967393755913 1037.117800302804 65.06071180105209 1.043527446687222 4.003614045679569 28.3005076944828 39.51247923821211 21.45731153339148 15.54884880781174 16.36332841217518 9.098615244030952 9.571978077292442 1.397095918655396 5.400577060878277 0.1195362284779549 3.385480381548405 43.41649983078241 1.586542263627052 0.3547249957919121 1.592576935887337 0.3758389204740524 16.41220358759165 10.76180112361908 5.348931789398193 0.9078594595193863 0.2714676856994629 17.19063310325146 131.2453355491161 7.612043753266335 24.4262143522501 19.32660242915154 85.64316256344318 1.830661155283451 125.1287130713463 1.554986350238323 1.323376499116421 0.1956037953495979 0 1.767279364168644 6.130061894655228 15.91394066810608 10.59509383141994 1.363831646740437 32.27803793549538 29.04031085968018 49.33060143887997 20.6715322136879 153.3417319506407 1323.635652631521 1003.516177110374 15.58945433795452 361.1958605796099 4.978976808488369 0.1996351480484009 1.205630488693714 0.3813905417919159 1.145864151418209 0.7409146502614021 1.178166590631008 0.7431908547878265 0.3769235163927078 0.9162624478340149 1.402528308331966 1.494117543101311 8.200486421585083 14.30355393886566 8.079432770609856 0.8351138383150101 2.38675394654274 13.8112606331706 0 0.1868954449892044 0.3009390830993652 0 0 0.1189815551042557 0 0 0.315635085105896 0.9448104202747345 0 1.709066048264503 4.200874090194702 3.274723693728447 0.9186135530471802 0.5649293065071106 1.194473296403885 0.2536467909812927 0 0.2095253169536591 0 0.3514038026332855 0.7169724851846695 0 0 7.071924813091755 0.1765231341123581 1.961404725909233 0.6995355039834976 0.6297804191708565 2.498889803886414 0.9224402159452438 3.953779086470604 1.095636114478111 0 0 0 0 0 3.532815143465996 1.262035235762596 2.864684358239174 7.138552524149418 2.892826348543167 2.599280267953873 0.5328175276517868 0.754873663187027 0.2486207485198975 0 0 0.8925322592258453 0 0.5287861973047256 0 0 0.1863992363214493 2.270768567919731 6.969421580433846 0 0 0 0.3926330208778381 0 0 0.4021451473236084 0 1.774417877197266 0.35276859998703 0 0 0.2402522638440132 0 0 0 0 0.4916046857833862 2.088491976261139 3.480994746088982 1.796533510088921 0 0.9600436836481094 0.2792780548334122 0.3051218688488007 0.6791732609272003 0.314832478761673 1.082469686865807 0.8304570913314819 0.2569392323493958 0.4374942034482956 0 0 0 0 0 0.5976264923810959 0.3346290439367294 0.3847067803144455 0.1831087023019791 4.408790819346905 6.16718702018261 175.051409907639 10.42165973782539 99.24313300848007 26.73529299348593 30.84590784460306 6.631839819252491 0.2349882572889328 3.643531575798988 7.170773774385452 0 2.427664786577225 0.702502578496933 3.758976638317108 1.572274446487427 0 0 0 0 13.37209918349981 1.2872454226017
21.07401474565268 1190.182158686221 716.5296096503735 36.27310124784708 2754.864967763424 1.89261157810688 1250.817253835499 166.4092852026224 510.4022809267044 198.0182746201754 1278.225725248456 30.99967202544212 1357.728221207857 2325.551811769605 3.189145594835281 1.440648689866066 0.1664409190416336 0 0 0.08834586292505264 0 0 0 0 0.1152695640921593 0 0.5204448401927948 0 0 0 66.65039520710707 8.916603922843933 9.944403059780598 0 0 0 14.37036759406328 1.641648069024086 0.8401714712381363 0.5406167358160019 0 0.1728138029575348 0 0.8086621537804604 0.1471829861402512 0.7886499240994453 21.07468463480473 0.326124906539917 0.2532903254032135 0.1568764448165894 0 0 0.1594364047050476 0 0 0.08221185952425003 2.741045758128166 19.96580777317286 2.105809271335602 12.80351544171572 0 1.244515784084797 0.1197211965918541 19.73352049291134 0.6366853043437004 0.5053660497069359 0 0.1387795060873032 0 0.2776710391044617 2.357376039028168 0 0 15.73931513726711 8.950446203351021 23.96278110891581 6.65922174602747 2.066245354712009 5.861173242330551 119.7330296486616 0.5604199543595314 5.925354458391666 1.880540460348129 0 0.3967073336243629 0.1758720129728317 0.1153915375471115 0 0.4079446196556091 0.1886887103319168 0 0.1433924436569214 0 0 0 8.801752015948296 0.4843397438526154 0 1.681699723005295 6.091531001031399 0 0 1.270485758781433 0.316392719745636 0.4506638944149017 3.55702531337738 0 0 2.72319296002388 3.788453757762909 0.4423496723175049 1.955370038747787 7.8081174492836 6.831459045410156 0.3821655660867691 0.2633151412010193 0 0 0 0 0 0 0 0 0 0 0 0 0 0.756674587726593 0 0 0 0 0.3442390859127045 0.5486841201782227 0 0 0 5.224879503250122 2.370766535401344 6.053724959492683 5.872228667140007 3.250996351242065 0 0 0 0.3158021867275238 0 0.2477937787771225 0 0 0.2424095571041107 0 0 0 0.4610437750816345 0 0 0 0 0 0 0 0 0.4587813317775726 1.50262388586998 0.2292423844337463 0 0.18187615275383 0 0 0 0 0 0 4.583144798874855 0 0 0 0 0.2134056389331818 0 1.732012987136841 0.533403292298317 1.314046815037727 0.2495337128639221 0.8541899919509888 0.9812536761164665 0 0 0 0 0 0 0 0 4.626844301819801 4.288078159093857 7.431805662810802 136.823321737349 1.151281014084816 41.45408719033003 10.5886644795537 29.10415308177471 1.791052162647247 0.149322047829628 3.540597304701805 7.83157117664814 0 1.056323781609535 0.9276711940765381 5.897067204117775 0 0 0 0.9951105713844299 0 10.95662108063698 1.878024980425835
1047.377048000693 2739.60361340642 684.1082097142935 3682.896831974387 374.7065675407648 940.2186851650476 1643.249960720539 73.84599327296019 198.0182746201754 3442.109410226345 190.5117627903819 4135.071459814906 6935.064856737852 1328.108006507158 8.531970851123333 4.007426224648952 1.32251138985157 0 0 0 0 1.103753283619881 0 0.1476992070674896 0.2258190214633942 0 0.3072928488254547 0 0.1522695869207382 0 188.3802656009793 14.03039322793484 117.0912859737873 0 0 3.121562451124191 248.4566189795732 9.942225590348244 29.79520683735609 4.427120983600616 0.1253330707550049 0.5299145430326462 0 1.490801006555557 0.2157638892531395 0.4016168862581253 66.67790240049362 1.740950703620911 0.5287446454167366 0.1123219504952431 0.3730204924941063 0.2323097735643387 0.6353548467159271 0.1349441409111023 2.667291879653931 2.757472038269043 50.61053714901209 236.6489594057202 23.4023804962635 47.10348402708769 3.248304814100266 60.51007645577192 0 77.4713634327054 4.498861744999886 6.499029405415058 0.8200966492295265 0.2993672862648964 0.6724924072623253 0 121.5694736689329 15.620769277215 0.7013315483927727 97.60545620322227 44.17200598865747 50.66421841830015 9.69877628237009 2.58436243981123 1.423615776002407 26.92942299693823 1.007327601313591 40.62837478518486 12.78125718981028 0 1.54447677731514 1.681351415812969 1.09360732883215 0.1276750862598419 0.8608468919992447 0 0.5587680041790009 0 0 0.1066936701536179 0.39787657558918 524.4174439311028 119.4354887902737 0.6642900258302689 17.79867546260357 374.3131655529141 3.424845062196255 30.42196554690599 232.4634576439857 93.19439591467381 17.53654745221138 141.2008345201612 72.02418287098408 21.8100463449955 157.9140167534351 328.0364101007581 14.78479531407356 149.9453427121043 558.6477335765958 263.7423712834716 59.81201343238354 5.697905771434307 4.452804908156395 3.975228562951088 0.7436370551586151 0.6191914677619934 0.9639786630868912 0 0.2634430825710297 0.39593306183815 1.289884299039841 0 1.304782599210739 2.823439195752144 1.381291508674622 0.2776524424552917 1.257769867777824 3.507604986429214 2.103539407253265 0 19.67737742513418 3.701949879527092 0.2460283488035202 0.1584484577178955 3.762581080198288 117.5103095769882 25.45428106933832 111.6906826272607 110.7657326757908 27.11407811939716 0.7378870248794556 0.4321820437908173 0 0.5139150619506836 2.6163689494133 5.916481494903564 0.814945250749588 9.578319981694221 17.30754388868809 0.4368900880217552 0.4154437929391861 0 6.537571787834167 0 0.2917352020740509 1.05862782895565 0 1.914764598011971 8.585680447518826 1.186222702264786 4.441092818975449 12.55686251819134 53.18923273682594 12.05805242061615 1.362573206424713 1.155876003205776 0 0 0.3227871134877205 0.1321742832660675 0 0.3114847838878632 159.4121419414878 10.4457423388958 0.5810935497283936 0.1785625070333481 0 9.620303139090538 6.09295454621315 27.45449613779783 13.05331894010305 19.47134301066399 11.31649389863014 3.675410374999046 4.127365723252296 1.008505672216415 0.2917482256889343 0 0 0.2545175850391388 0.1987949460744858 0 0 161.4442998170853 70.2942453622818 120.7328391000628 663.3277903795242 8.173910401761532 181.7698170393705 36.06479572504759 700.8740087598562 20.04685608297586 1.252919889986515 16.95700839161873 293.5875301286578 0.5382204428315163 56.57533048093319 6.718981139361858 277.4345198646188 5.148118078708649 0.1046026274561882 0.6963356509804726 4.197633892297745 0 1130.720804125071 149.2916495651007
148.2360659241676 1102.176202446222 2852.686090894043 39.81539499014616 764.8866738006473 6.343458414077759 202.6288778111339 2997.250494778156 1278.225725248456 190.5117627903819 2395.077663443983 51.43629863113165 1092.448314882815 3506.082886569202 24.65006627142429 17.78557719290257 3.179107442498207 0.1460651308298111 0.2020910829305649 0.2860850915312767 3.791774488985538 12.30578520148993 1.421749338507652 1.507491447031498 11.98922076821327 2.041099414229393 0.9525927528738976 1.836296960711479 19.38705259561539 2.770787298679352 1031.849792204797 179.6246964707971 1197.847083777189 0 1.170596227049828 21.29661779105663 463.2367520183325 73.99910765886307 92.14140982925892 43.72853011637926 4.537428364157677 3.786232739686966 0.5909362584352493 4.646290682256222 0.8402099460363388 1.849146410822868 73.39165290445089 1.445635750889778 0.6449455916881561 0.641558937728405 0.1914793625473976 13.90333941578865 11.34063925594091 5.281293779611588 1.03390384465456 1.202292434871197 33.84932106733322 136.5953133553267 12.4211400821805 39.88742019981146 4.405730396509171 268.4422814399004 0.6910672038793564 83.21632435917854 2.976140178740025 2.766165047883987 0.4870942234992981 0.2324782982468605 0 1.335575133562088 65.77312629669905 15.33246407657862 2.145060561597347 54.94439292699099 38.29507798701525 83.97101114690304 36.61461903899908 18.09381230175495 268.5578900724649 1574.752997905016 3.616962842643261 833.0410585105419 5.99925185739994 0.7386635765433311 1.137673154473305 0.9286504313349724 1.029340416193008 0.3167021572589874 1.043079987168312 1.267200842499733 0.09207256883382797 0.8897977769374847 1.522677585482597 0.453549399971962 6.431009449064732 95.78343617916107 33.92710001766682 0.4673043340444565 17.26781322807074 81.1406641304493 0 0.5974272489547729 0.1767404526472092 0.6021208763122559 1.229205936193466 0 1.366573989391327 0 1.572158381342888 6.538027808070183 1.085139632225037 6.176284268498421 12.13496285676956 7.335543841123581 3.910116463899612 1.576158612966537 1.375724457204342 0.5637197494506836 0 0.3147627711296082 0 0.3499643951654434 0.7492639869451523 0 1.144066005945206 2.785918295383453 0.1048559322953224 2.35346944630146 0.3316124826669693 0.7796219065785408 1.862912371754646 2.624089621007442 4.117111444473267 1.12758657336235 2.580640390515327 0.177328497171402 0.2991764545440674 0.1335945129394531 1.312443748116493 11.11648166179657 2.361682444810867 11.12758868187666 17.0126922801137 7.32600636780262 3.416500687599182 0.4055730700492859 0.2777397409081459 0 0.3507114946842194 0.7106808125972748 0.4266009628772736 0 1.965913876891136 0.5311610400676727 0 0 9.494411267340183 4.301938183605671 0 0 0 0.1478366702795029 0.2178750336170197 0 0.3345586806535721 2.518515825271606 3.704675450921059 0.1200593486428261 0 0 0 0 0 0 0 1.148358955979347 7.425906762480736 6.03439786285162 0.5229263752698898 0 0.5910517573356628 1.135370835661888 0.3454795777797699 2.685965120792389 1.600665263831615 1.285715222358704 1.390677005052567 0.6830074936151505 0.1689666956663132 0.1604777872562408 0 0 0 0.1152537167072296 0.562106266617775 0 0.2673141360282898 7.16094134747982 9.392095476388931 16.45868947356939 315.3093407601118 8.668751008808613 136.3113404512405 39.64910880476236 53.21501056849957 5.796583749353886 0.5391134694218636 5.8771847859025 19.5627773180604 0.1438618898391724 3.964285627007484 2.782913692295551 5.907488286495209 0.2099628448486328 0 0 0.1446306705474854 0.4842423498630524 28.63205943256617 10.05545650422573
134.5724240019917 109.9803992733359 49.89130382239819 199.2382355630398 17.09932887554169 113.193805500865 42.77693916857243 9.897271603345871 30.99967202544212 4135.071459814906 51.43629863113165 409.9750110805035 1089.083963155746 190.1604246124625 6.5194011926651 4.281561508774757 0.751733124256134 0.1442795246839523 0 0.3013904094696045 0 0 0 0 0.3508116975426674 0.1625464260578156 0 0 0.1116679832339287 0.1970283836126328 10.99334909766912 1.127300851047039 41.39516104757786 0 0 0.1449148058891296 463.8984195291996 5.634956210851669 5.709663517773151 2.927095487713814 0.1596227735280991 0 0 1.382106944918633 0.6005345955491066 0 16.07149974256754 0.3145267888903618 0.1703511476516724 0 0 0.2983249574899673 0.491882786154747 0 0.1396759748458862 0.08726160973310471 0.9998012334108353 8.192375473678112 0.9854039624333382 5.315137475728989 0.1189634874463081 14.66353045403957 0 5.615181498229504 0.1123215854167938 0.3810330331325531 0 0 0 0 98.13496050983667 7.649905033409595 0.2746512144804001 3.530444890260696 3.270813584327698 14.07593181729317 6.811138480901718 4.011822894215584 1.247359603643417 7.67992028594017 1.24516399949789 5.156814530491829 1.023470602929592 0 0 0.189166821539402 0.1019038483500481 0 0 0 0 0.1628570109605789 0 0 0 865.8074192479253 21.71575136482716 0 5.309730030596256 20.36032506078482 1.342196568846703 4.641981586813927 8.22557308524847 4.438894003629684 4.741111993789673 4.361016280949116 14.50423614680767 4.944017827510834 47.6514018625021 108.042474925518 6.140620112419128 83.57901766896248 265.4298841804266 149.6123251467943 35.55326326191425 3.177246019244194 1.686716578900814 0.146553561091423 0.1395343095064163 0 0 0 0 0.1430980116128922 0.1893062740564346 0 0 0.6872752457857132 0.8785012513399124 0.1262881010770798 0.2437784224748611 1.22738790512085 0.8031625151634216 0.7192344814538956 8.385115683078766 0.6524922549724579 0.2852716892957687 0.6206014752388 0.4038675129413605 88.16167256981134 8.810496486723423 64.10054685920477 34.65396362543106 11.57125269621611 0.1243066862225533 0.1588432937860489 0 0.1344588100910187 1.113073259592056 1.17974878847599 0 2.056674495339394 6.145887695252895 0 0.2413332015275955 0.463920995593071 0.6546961069107056 0.5241451114416122 0 0 0 1.235573776066303 3.578854016959667 0 1.449638530611992 4.323710337281227 25.25987486541271 3.453334808349609 0.3039986491203308 0.3272714763879776 0 0 0 0 0 0.7831116169691086 103.879210203886 1.408854991197586 0 0.2786026298999786 0 5.770171403884888 1.380516245961189 20.34833069890738 3.312076047062874 8.967750310897827 7.720269866287708 1.587348222732544 1.649664826691151 0 0 0 0 0.1583514511585236 0 0 0.1377293169498444 98.19524675607681 19.58137084543705 43.2657787874341 193.0785621851683 1.179042711853981 36.47057124227285 15.98998007923365 70.68157391250134 1.17447866499424 0 5.061694994568825 71.23015258461237 0.3960468173027039 17.24330522119999 2.258381679654121 69.81649738550186 0.81158746778965 0 0.5248265713453293 0.6595326662063599 0.2283880412578583 860.2529052123427 78.81682604551315
