295.5006843954325 4006.761702656746 915.9382513388991 1614.175193190575 24.83499400317669 99.5599282681942 111.0526464730501 432.6494785919785 0.9565344899892807 757.1933050826192 255.9651629775763 126.5970813855529 37.86650136858225 124.9232540279627 7.27437537163496 9.399382665753365 0.7848033010959625 0 0 0.2277896106243134 11.33902707695961 0 4.849880062043667 1.85459753125906 0.4152011275291443 0.8900867328047752 0.671453632414341 0.3595398291945457 0.130761057138443 0 1005.688063822687 3.668634004890919 19.41444972157478 0.1629568338394165 2.246884874999523 0.81424929946661 8.447246685624123 2.099184066057205 1.170206911861897 0.6543516889214516 2.066053509712219 0.3243468254804611 0.4756727740168571 1.15707590430975 0 0 22.09514512866735 7.433681152760983 1.218740731477737 1.624877817928791 0.2124873027205467 0 0.4592153131961823 0.09152299165725708 14.54265402257442 11.85478346049786 178.1067573949695 362.66175480932 129.9576119259 41.81482710689306 0.7039648741483688 2.951418831944466 0 18.40838500112295 7.573616348206997 2.785977236926556 0.3883650600910187 1.43961551040411 0.5404998660087585 3.584090813994408 21.69187577813864 8.19529028236866 0.5898173451423645 159.2059631124139 89.21064901351929 30.16574380546808 6.636194683611393 2.623084612190723 3.451256662607193 65.51726131141186 0.08500858396291733 19.94514194875956 38.35769583284855 0.3550659790635109 7.602786369621754 2.794510044157505 2.353294998407364 0.3697079420089722 0.5764785185456276 0.1473856270313263 0.7143013551831245 0 2.713804475963116 0.2494827583432198 0.1126834377646446 199.9042482748628 16.9563719779253 2.447348579764366 3.091782718896866 1168.917843848467 0 7.038474060595036 9.545211546123028 21.48689743131399 1.000969529151917 22.00453479588032 11.67012786865234 16.98436361551285 60.47954306006432 30.44939531385899 10.17539644241333 16.44373865425587 27.89747631549835 11.30561444908381 25.84046798199415 0.2245520651340485 0.1663534492254257 0 0 0 0 0 0 0 0 0 0 0.380482941865921 0 0.1663838773965836 0 0.3035085573792458 0 0 0.2871855795383453 0.3966610729694366 0 0 0 16.13485123962164 5.481181547045708 13.82289177179337 2.209035150706768 1.361472979187965 0 0 0 0 0 0 0 0 0.2081762403249741 0 0 0.1058529168367386 0.9021072238683701 0.2302828058600426 1.134132571518421 0.1086138561367989 1.475993499159813 0 0.6971241533756256 1.071711957454681 0.2475884109735489 3.185582637786865 14.14932458102703 0.2771619856357574 0 0.7519219666719437 0.1332706809043884 0.1845853179693222 0 0.1476969122886658 0 0.1729481220245361 5.412785664200783 0.2132959067821503 0 0 0.1132421046495438 10.20250257849693 1.596761897206306 5.911774933338165 0.4468385577201843 0.3438905775547028 0.1345748603343964 0 0 0 0.2160854712128639 0.1386441439390182 0 0.4799835830926895 0 0 0 4.985587477684021 4.654086671769619 8.410234607756138 573.8630001246929 11.34146572649479 115.8012305647135 33.09778032451868 1370.4854882285 12.91753049939871 2.826280161738396 0.5020099431276321 19.58622299134731 0.7966504096984863 1.411023303866386 0.5150028467178345 93.74915885925293 0.9620462656021118 0.3537432178854942 0 1.249284312129021 0.2431424111127853 452.32911708951 8.623307839035988
4006.761702656746 5387.723919771612 2500.603868030012 535.9719313457608 1876.158392377198 123.8892267495394 2947.387903146446 1191.062181599438 2734.138477995992 1987.965717844665 1839.55733051151 236.9309508502483 2039.375914171338 2919.177137769759 114.6991949975491 69.47376228868961 3.026278130710125 0.707275502383709 0.851199559867382 2.231162622570992 23.63262216001749 0.1876110285520554 7.858599811792374 5.357407569885254 0.9756663516163826 1.365551747381687 1.666867211461067 0.627453587949276 0.5342178791761398 0.4158363342285156 2041.839267343283 22.41389746963978 39.37868893146515 3.579144336283207 5.54331311583519 2.256095483899117 19.34349767118692 6.912165872752666 1.64316900074482 2.848830722272396 4.586989589035511 1.807957969605923 2.238196484744549 6.185217715799809 1.780270971357822 0.7942710965871811 259.1657969355583 62.71591238677502 7.514857418835163 4.880704246461391 4.304095968604088 0.6567537114024162 1.076608560979366 0.9768752753734589 27.98705641180277 46.63530348241329 132.1862555593252 866.4644302874804 223.1579855531454 249.7715458646417 2.20103619992733 13.56505519151688 0.4198278039693832 199.8169262111187 33.53705937415361 24.97252010554075 3.719135299324989 11.96874997019768 5.533451043069363 14.0990182608366 19.09817537665367 2.802513584494591 0.3654051870107651 523.4254861921072 386.495677575469 325.9272059500217 74.41322936862707 18.91961077600718 8.630559913814068 178.8501119464636 2.378247261047363 60.49719178676605 171.7811799272895 1.395456157624722 50.67431400716305 16.90873638540506 20.92836177349091 0.4324179291725159 8.127686627209187 0.1289174109697342 5.745323441922665 2.4086704403162 4.266420967876911 3.561036378145218 2.33267816901207 63.07206204533577 6.656235724687576 0.8684881180524826 1.87394043058157 980.3750483617187 0.3311392962932587 8.336070448160172 14.73194654285908 22.30015379190445 1.2745221555233 38.69445094466209 15.73146165162325 27.0840922370553 36.61292953789234 39.00475112348795 19.55367793887854 51.26119956374168 69.90305576473475 29.50475813448429 69.58464652299881 0.5469253361225128 0.593496136367321 0 0.6249514222145081 0 0 0 0 0 0 0.09372294694185257 0.1681729555130005 0.5117845982313156 0 0 0 0.1806418597698212 0 0 1.630397334694862 0.6848506182432175 0 1.304463937878609 0.5128892064094543 45.15212687849998 14.85585872083902 34.47700916975737 4.390601575374603 2.208701685070992 0.1596515476703644 0 0 0 0.6395397037267685 0.8320819735527039 0 0.2376719415187836 0.6891451776027679 0 0 0.1318178474903107 1.272003881633282 0.09733765572309494 3.07054490596056 0 3.849182516336441 0.1781165450811386 1.407724305987358 0.7131374180316925 0 1.834313824772835 39.55774318426847 0.1075373739004135 0 1.715377926826477 0.5379149615764618 0 0.1043108031153679 0.3350194692611694 0.2175708115100861 0.5773519724607468 16.46019144356251 0.4680077135562897 0 0.1239158362150192 0.5388750806450844 23.59508368372917 0.6123959273099899 12.63175485283136 1.116809748113155 1.832257173955441 0.8290578573942184 0.1146963015198708 0.2422843053936958 0.2207349166274071 3.358517602086067 1.516885869204998 0 1.756586939096451 0.3965805172920227 0.3210727721452713 0 17.95735098421574 10.15913385152817 22.38502302765846 920.2070785686374 55.32368727773428 1139.801632642746 141.3747152611613 1033.741697266698 175.9602946192026 10.64552444964647 17.36545372009277 27.82997174561024 0.9209709987044334 6.386552318930626 1.740460067987442 95.49702090024948 0.8421593308448792 1.196186929941177 0 20.48194382339716 1.025481425225735 387.4131254553795 15.72771836072206
915.9382513388991 2500.603868030012 1693.056627608836 37.01081246882677 255.6543330103159 6.748819038271904 43.67094504833221 5123.723414927721 989.0725776553154 64.00398913770914 2319.143592208624 35.43087437748909 213.9175222888589 1038.477002806962 57.11421793699265 64.55357768386602 2.190866194665432 3.708779878914356 0.6281811445951462 21.13316785544157 127.9750780463219 0.334361657500267 35.28128622472286 30.03108993172646 3.902675494551659 8.666274949908257 5.502054139971733 1.170593276619911 0.6635431423783302 0.4978646412491798 3971.276820331812 166.8692422583699 67.20266389101744 16.21979891508818 33.82938220351934 2.530107885599136 21.23600965738297 8.684434242546558 7.906870156526566 5.582242101430893 20.68828402459621 6.27261208742857 31.2683132737875 8.404272578656673 3.837397649884224 2.946847252547741 112.3357033953071 12.53350845724344 4.480390124022961 18.54765385389328 1.99422650039196 0.1589963138103485 0.5520346686244011 1.244197390973568 5.923029825091362 7.894075684249401 21.86336162686348 394.2557292506099 38.67451846599579 52.35372985899448 16.33734495192766 37.28956744074821 0.5989886224269867 120.6975106298923 5.217540480196476 5.047304756939411 1.058297298848629 5.051213145256042 23.86974944919348 88.94523309916258 21.07044740021229 3.062609478831291 0.9001326709985733 86.68960374593735 150.8049564734101 95.72891756892204 52.29280479997396 16.58882271498442 161.7002819031477 831.9273266047239 6.538111761212349 408.7749591395259 29.79088963568211 0.2657015100121498 8.239379599690437 2.720473155379295 9.484164237976074 0.1201871857047081 1.208832614123821 0.4591916799545288 4.061004318296909 1.199668377637863 17.37158352136612 2.772582426667213 1.366927355527878 18.56676688790321 5.519151598215103 2.832329779863358 3.742418527603149 162.2976607754827 0 1.958487302064896 0.9891332983970642 1.491156399250031 0 3.881070643663406 0.6426037400960922 2.590859189629555 2.767120897769928 5.096573665738106 4.147440880537033 5.567493461072445 11.002904266119 6.544605754315853 23.68992667645216 0.3654676005244255 0.3334990292787552 0 0.4989796355366707 0 0 0 0 0 0 0.1683570891618729 0 4.151489697396755 0 0 0 0.9498309940099716 0 0.8044464439153671 0.1105409860610962 0.8197188079357147 0 1.473271608352661 0.7345305979251862 18.59300410747528 6.008043467998505 14.06853949278593 5.773103781044483 4.340833023190498 0.3445762693881989 0 0.2249006778001785 0 0.3163644671440125 1.038837343454361 0 0.6002418994903564 1.082564815878868 0 0 0.3605391085147858 2.225399233400822 0.4747006371617317 0.360118642449379 0 0.4506479948759079 0 0.5944754183292389 0 0.5235188752412796 1.559456586837769 18.73343852162361 0.1696091443300247 0 0.6686283126473427 0 0 0 0 0 0.2378994822502136 7.391372360289097 0.6187328100204468 0 0.08710718899965286 0.3426825478672981 6.578751958906651 1.052219167351723 3.874411404132843 0.2462530881166458 0.2221441566944122 0.3383186832070351 0.1222163811326027 0.3221466094255447 0 0.4704985097050667 0 0 0.4087473452091217 0 0.1090127229690552 0.1122380867600441 6.085568889975548 6.321014918386936 12.54220134019852 238.7316951155663 18.15430299192667 301.3609690517187 38.20824425667524 118.4970937520266 35.43528200685978 2.158176049590111 5.519891113042831 10.01749255508184 1.160967454314232 1.444486491382122 0.72917789965868 6.579616650938988 0.1377246975898743 0 0 11.92230877280235 0.6643823981285095 47.23563626408577 6.650550916790962
1614.175193190575 535.9719313457608 37.01081246882677 347.5629784166813 4.648539997637272 282.6694371700287 169.6723253652453 22.7084728255868 4.616771027445793 1341.026954114437 15.4553082510829 24.10828642547131 62.12570081651211 63.71280132979155 7.382540971040726 1.154549568891525 0.3945459201931953 0 0 0 0.3284501358866692 0 0 0 0.1167115345597267 0 0.1132910996675491 0.1122268363833427 0.4015675187110901 0 95.36057947576046 1.732950054109097 0.147545799612999 0 0 0.1873267441987991 0.4498018324375153 0.5483719408512115 0.3761026412248611 0 0 0 0 0.664313331246376 0.1851435676217079 0 24.30090414732695 10.19695715606213 1.163418553769588 0.6935195773839951 0.8620344921946526 0 0 0 8.219917841255665 8.72405693680048 28.51879054307938 91.67971078306437 48.7556736022234 38.63200535625219 0.4588908404111862 1.540207870304585 0 20.17684420198202 6.776604384183884 3.35737057030201 0.3647069111466408 1.866950146853924 0.2431254088878632 0.1907315999269485 1.906531274318695 0 0 101.2867898494005 75.36499992758036 36.77181023359299 8.671818144619465 1.26630100607872 1.007013842463493 0.795023113489151 0.3173892721533775 0.597953662276268 32.79490069299936 0.5880520716309547 7.460987590253353 3.75180783867836 2.940182857215405 0 1.213393211364746 0.3807219713926315 0.9349495396018028 0.3129512742161751 0 0.3848470002412796 0 14.30258804559708 0.5193532109260559 0.1450817286968231 0.3106060922145844 178.8279106020927 0.295768991112709 5.498625569045544 12.59280084818602 26.67322766035795 0.6147862076759338 31.48362284898758 15.86440212279558 17.73977255821228 62.96186339110136 31.6791583225131 7.175769254565239 21.27291088551283 30.97790146619081 14.63507390022278 26.87303546816111 0 0 0 0 0 0 0 0 0 0 0 0 0 0 0 0 0 0 0 0.5825644508004189 0.3204185664653778 0 0 0 12.26931688189507 2.744143649935722 12.35663196444511 2.061484321951866 1.420754358172417 0 0 0 0 0 0 0 0.4506446793675423 0 0 0 0.100974328815937 0 0 0.4793598800897598 0 0.3970536887645721 0.1232103556394577 0.1500750035047531 0.846569836139679 0 0 16.10151140391827 0 0.1169875115156174 0.1250237375497818 0 0 0 0 0 0 3.027831345796585 0.8929434269666672 0 0 0.09861662238836288 9.410536728799343 0.7668544352054596 4.438926368951797 0.477834552526474 0.736879788339138 0.2437088638544083 0 0.1292504519224167 0 0.3273860141634941 0.1909332871437073 0 0 0.1180237904191017 0.2003116756677628 0 3.039062157273293 1.596091210842133 5.354501500725746 242.1523071080446 8.848431766033173 123.9257299974561 20.36451943218708 404.6353529319167 9.072649963200092 1.630965568125248 0 16.62833628803492 0 1.2463398873806 0.7981251552700996 101.4294843524694 0.3733975887298584 0.2384450435638428 0 2.228872813284397 0 232.2963942438364 6.326951861381531
24.83499400317669 1876.158392377198 255.6543330103159 4.648539997637272 1820.456757694483 4.832378849387169 2359.031670115888 153.6293434873223 4576.33499532938 1122.934987053275 1174.308848969638 114.5326984524727 1203.152960024774 3188.389660395682 19.44443248957396 17.70321964472532 0 0 0 0 0.2859500050544739 0 0 0.3177951872348785 0 0 0.3501474261283875 0 0 0 10.95933628082275 2.669607624411583 5.27045476436615 0.1071906387805939 0.2618120387196541 0.3257502019405365 2.293291673064232 0.3378504365682602 0.2835424542427063 0 0.1364213526248932 0.1121495738625526 0.2263243943452835 0.4982207864522934 0.09772876650094986 0 33.50105930864811 5.553869940340519 1.07425756752491 0.3389435112476349 0.1077564582228661 0 0 0 0.8783870041370392 2.140566304326057 0.9841384813189507 11.08684088289738 4.755905576050282 15.14171309769154 0 0.163355827331543 0 9.009672336280346 0.9896908178925514 0.9475292637944221 0.2245358750224113 1.193678073585033 0 0.3429095223546028 1.126984506845474 2.265880793333054 0 14.14487197995186 11.84330666810274 32.13844159245491 11.0966107994318 2.546476438641548 0 1.947481110692024 0 0.7018683105707169 5.875913165509701 0 2.279937401413918 0.2553888261318207 2.177766904234886 0 0.4546162560582161 0 0.3497202172875404 0.1202352866530418 0.4235049411654472 0.3423176407814026 0 18.8842598348856 1.487160816788673 0 0 1.276006035506725 0 0.8749320209026337 0.1336507499217987 2.161531031131744 0.1693425327539444 9.056963548064232 1.593729481101036 7.905452817678452 9.544693700969219 7.628227740526199 5.910271644592285 17.77911428362131 21.39613503962755 12.27713830769062 26.39648130536079 0.1321537047624588 0.1017295941710472 0 0 0 0 0 0 0 0 0.1482997536659241 0 0 0 0 0 0 0 0 0.1555330902338028 0.201145276427269 0 0.2734635174274445 0 15.51735713332891 2.555795542895794 8.59113397449255 0.8508893251419067 1.254246681928635 0.3084408342838287 0 0 0 0 0.1514303684234619 0 0 0.3015514314174652 0 0 0 0 0 0 0 0.1191620528697968 0.4220755398273468 0 0 0.1779095828533173 0 10.03886716812849 0 0 0.2559720799326897 0 0 0 0.1346883475780487 0 0 5.795254580676556 0.1443931311368942 0 0 0 7.358941912651062 0.18104587495327 2.595555201172829 0.3257189393043518 0.5873498171567917 0.5950386375188828 0.1148636192083359 0.1076362356543541 0 0.4732447639107704 0 0 0 0 0 0 9.810621105134487 4.002941645681858 3.565197549760342 118.5565272793174 4.255866281688213 123.8083197399974 17.99768590182066 18.38747878372669 22.22765558958054 0.1985552906990051 3.700357511639595 1.241118386387825 0.2157485485076904 1.559312775731087 0.2735271528363228 7.87919258326292 0.2373408079147339 0 0 4.683404661715031 0.6105798482894897 29.38289511948824 5.572811171412468
99.5599282681942 123.8892267495394 6.748819038271904 282.6694371700287 4.832378849387169 3.902825266122818 26.31836172938347 1.328564822673798 2.677161738276482 508.3436215892434 1.530056267976761 397.1221472471952 93.98474327474833 12.02585034072399 0 0 0 0 0 0.1312991827726364 0 1.985548749566078 0 0 0 0 0 0 0 0 50.15410940349102 2.742596000432968 15.97666229307652 0 0 0 30.55707615613937 2.696569800376892 5.596605539321899 0 0 0 0 0 0 0 0.1546752899885178 0.4808246940374374 0 0 0.5081937611103058 2.102668233215809 0 0 0 0 110.4000727981329 12.32256901264191 4.818912953138351 2.946439959108829 0 5.552810609340668 0 1.034089118242264 0.4251552373170853 0 0.1783443987369537 1.150211460888386 0 0 117.9643614217639 95.38767731189728 7.198619082570076 3.959832064807415 1.280880570411682 0 0 0 0 3.045710995793343 0 1.746982291340828 0.5582951605319977 0.6993886530399323 0.166750505566597 0.4341655224561691 0.9194768816232681 4.316055543720722 2.305699542164803 1.639582976698875 2.213219150900841 1.43904472887516 0 0 0.4581328332424164 266.8751404583454 130.4236645996571 23.15192840993404 22.76303660869598 234.7809634655714 0 2.463603273034096 3.167654648423195 8.974270433187485 0.8350358009338379 4.941573232412338 5.748698964715004 5.729185104370117 15.21278427541256 10.09586425125599 0.563091516494751 4.175127133727074 6.305996708571911 3.077528238296509 4.015650570392609 0 0 0 0 0 0 0 0 0 0 0 0 0 0 0 0 0 0 0.151931419968605 0 0 0 0 0 1.452736496925354 0 1.419581219553947 0.1191814988851547 0.5569455921649933 0 0 0 0 0 0 0 0 0 0 0 0 0.4675716459751129 0.4880570471286774 0 0 0 0 0 0.6304856389760971 0 0 0.6978252679109573 0.1187690272927284 0 0 0 0 0 0 0 0 0.6566576957702637 1.38712078332901 0.4952532947063446 0 1.406568557024002 0.2404580861330032 0 0 0 0 0 0 0 0 0 0 0 0 0 0 0 0.7637306302785873 2.463362604379654 1.594057634472847 20.7923725694418 0.5138093382120132 3.663516968488693 0.1647357046604156 139.4818849861622 1.944120764732361 0 0 4.357334613800049 0 0 0 25.86654430627823 0 0 0 0 0 47.39660249650478 5.284199550747871
111.0526464730501 2947.387903146446 43.67094504833221 169.6723253652453 2359.031670115888 26.31836172938347 1117.671814061701 19.0296862795949 3565.496789991856 3072.57259645313 212.8320336937904 174.0955845788121 4062.080377615988 3849.350971654058 53.14892596006393 35.94927776604891 1.745864585042 0.2131941020488739 0.292841374874115 0 1.451291263103485 0.1441980600357056 0.1410124599933624 0.2031636014580727 0.2295193076133728 0.2627387866377831 1.036902368068695 0.2239293530583382 0 0.7347878217697144 91.78750256448984 4.149491563439369 13.28176970034838 0.09020381420850754 0.3687519952654839 0 9.240173280239105 1.233166709542274 0.7371123507618904 0.4977129697799683 0.1191507801413536 0.6029797270894051 0.4507533982396126 2.544977433979511 0.2023275718092918 0.6372797563672066 132.5826096609235 22.33459236472845 3.800379663705826 1.715337082743645 1.706451945006847 0 0.1401864439249039 0.4343907162547112 8.660423278808594 14.00098010897636 21.54272627830505 98.06517415493727 53.8792414739728 85.54465544968843 0.117543525993824 2.281078085303307 0.1222059205174446 57.0569247379899 10.63657692819834 8.026172518730164 0.6046294495463371 5.186981916427612 0.651418499648571 1.258978478610516 4.900956727564335 0.547654464840889 0 132.6577016115189 100.5784552767873 130.4952571690083 35.21026923507452 7.244910873472691 0.5030591487884521 4.777273997664452 0.6036314517259598 1.681491985917091 55.82759296149015 0.1262085437774658 18.26873914897442 6.425282031297684 9.803830705583096 0.2156540527939796 2.508532874286175 0 2.519855290651321 0.194935567677021 0.219152569770813 1.680526502430439 0.6818859130144119 25.57373823225498 2.037989243865013 0.1407325267791748 0.1207114085555077 35.49085636436939 0 3.291790455579758 8.376285456120968 10.21043705940247 0.420933909714222 16.8690242767334 5.872531227767467 19.32965414971113 25.71025335788727 21.54096063971519 12.4875785112381 32.57836775481701 51.13245446234941 29.00331858545542 55.80737505853176 0.2524187564849854 0.189201682806015 0 0.2886248528957367 0 0 0 0 0 0 0 0 0.08755866438150406 0 0 0 0 0 0 1.176309414207935 0.1874446868896484 0 0.7364869862794876 0 29.97548487782478 4.787410333752632 18.38072003424168 2.08048802614212 0.3547574654221535 0 0 0 0 0.1031022816896439 0 0 0.1326513290405273 0.725371390581131 0 0 0 0.1850640997290611 0 0.8434895128011703 0 0.5959736108779907 0 0.4377045035362244 0.1942304968833923 0 0.6916384696960449 26.43083212524652 0.1938445419073105 0 0.9418291226029396 0.120962455868721 0.1612474322319031 0 0.1206105425953865 0 0 10.27456468343735 0.9022095650434494 0 0 0.09760695695877075 12.9720166400075 0.1412766128778458 9.217114046216011 0.6557532995939255 0.5254651829600334 1.145858690142632 0.1072750091552734 0.1138574257493019 0 0.6901175901293755 0.2621442377567291 0 0.7021866515278816 0.0996023491024971 0 0 16.5238376930356 7.122832238674164 14.79128678888083 394.9914298430085 19.20929196476936 508.7884446159005 60.24655145406723 172.8053517863154 100.2129007130861 3.478793941438198 9.691200494766235 13.09101827442646 0.1776219457387924 2.486591428518295 4.063537731766701 33.29328442364931 0 0.124759279191494 0 14.23794536292553 1.530938804149628 126.0805471464992 11.91060904413462
432.6494785919785 1191.062181599438 5123.723414927721 22.7084728255868 153.6293434873223 1.328564822673798 19.0296862795949 2148.140114396811 163.7603936269879 22.45243212580681 2062.748101197183 32.20430222898722 215.1362467184663 1540.011875733733 113.3776744753122 127.5237986147404 6.612969815731049 18.65048369020224 3.403703421354294 93.49636107683182 309.5453456714749 0.2348974049091339 101.9337794035673 74.37806531786919 5.135051585733891 18.33688527345657 8.816772937774658 3.432764753699303 0.9084268808364868 1.57093983143568 2910.958819948137 2719.84607090801 109.5080357193947 68.68716326355934 96.97848388552666 5.70508548617363 36.4443397372961 21.9208437949419 7.461757771670818 6.356386728584766 45.39341192692518 19.03259984403849 96.09651777148247 36.16011466085911 41.18160703778267 53.95323402434587 175.4621678292751 20.02369367331266 13.45855830609798 73.41371335089207 4.12399584800005 0.9590582251548767 1.106679618358612 5.361918419599533 6.166816525161266 7.685723230242729 19.74541761726141 324.8334782794118 41.08798964321613 70.21030140668154 313.7970555499196 155.5682137534022 6.73003064841032 521.5066927745938 5.578796438872814 7.017169617116451 1.668298333883286 8.190871939063072 72.92751187086105 189.7324706241488 23.28338477760553 2.523989260196686 0.473669596016407 95.21887744963169 154.8135957196355 152.9088038429618 146.4454484581947 386.3253731429577 901.6803360283375 2817.751405850053 316.0191155523062 1778.027242325246 31.03659047931433 0.1135098189115524 13.43490013480186 3.37175777554512 20.22683158516884 0.4703060537576675 2.463315173983574 0.5422670170664787 5.35288517922163 1.445940390229225 32.14746404439211 8.871679857373238 5.786066606640816 10.13123232126236 0.583610862493515 3.711788386106491 5.379250258207321 75.02452317625284 0 0.832688644528389 0.2083070576190948 0.2938392609357834 0 0.6492863595485687 0 2.806374400854111 1.05818384885788 1.721638858318329 1.605818495154381 2.416167065501213 5.636401496827602 2.213230028748512 11.0492700189352 0.2420935332775116 0.7376144826412201 0 0.3638297915458679 0 0 0 0.2097924947738647 0 0 0.5429134890437126 0.5007995963096619 0.3833822757005692 0 0.1196603029966354 0 1.223150789737701 0.215122178196907 0 0 0 0 0.686099074780941 0.3434244692325592 12.2732802554965 5.337333887815475 11.60402219742537 7.802836425602436 3.145787551999092 0.3477059006690979 0.2274591401219368 0 0 0 1.19305757433176 0.1217472106218338 0.1937889158725739 0.5390557646751404 0 0.2538141012191772 0.3341455534100533 3.042167216539383 0.5022769197821617 0.3037541657686234 0 0.7516844868659973 0.3446030616760254 0.1806332319974899 0 1.329479366540909 0.4775043129920959 8.661563605070114 0 0 0.2732436954975128 0.1480932533740997 0 0 0 0.1117053478956223 0.127488374710083 3.475759476423264 0 0 0.2481378763914108 0.8743137791752815 6.571592397987843 0.2978794574737549 2.033675774931908 0.2839612066745758 0.4742094576358795 0.1384552419185638 0.9197300672531128 0 0 0.7251916080713272 0.160168468952179 0 0.6112048029899597 0.2321087568998337 0.207708902657032 0.3278108388185501 3.033549100160599 4.49032399058342 14.98849902302027 262.3480399027467 25.28743109852076 460.1957454830408 59.5405792221427 66.09821916371584 61.14644276350737 2.352583445608616 9.352034464478493 5.363322466611862 0.1095035001635551 1.910134255886078 0.2043053507804871 8.659858554601669 0.4241827428340912 0.1161103174090385 0 18.74789854884148 2.891848206520081 37.41167151927948 3.339542806148529
0.9565344899892807 2734.138477995992 989.0725776553154 4.616771027445793 4576.33499532938 2.677161738276482 3565.496789991856 163.7603936269879 1347.932745859027 540.2667494639754 1224.514040887356 89.20292158424854 1814.241926401854 3152.816320575774 17.79346939921379 17.00326909869909 0.2581950202584267 0 0 0.3624522462487221 1.061458073556423 0 0.2244185134768486 0.1153137534856796 0 0 0.4223237633705139 0 0 0.1070018634200096 2.342351838946342 1.559657946228981 8.829932034015656 0.1144636496901512 0.471838153898716 0 3.222770251333714 0.7633410021662712 0 0 0.1187496185302734 0 0.1288876235485077 0.5678323060274124 0 0 29.21903068572283 1.94593321532011 0.6026489585638046 0.2146112248301506 0 0 0 0.5959133058786392 0.6429098919034004 1.058834321796894 1.084688916802406 1.89623336493969 2.43770794570446 13.37489465624094 0 0.3087113201618195 0 7.01349488645792 0.5765701234340668 0.8574414253234863 0 0.4150123223662376 0.2349831536412239 0.9505622982978821 0.6776102781295776 0.955414816737175 0 6.750053659081459 5.377971194684505 22.75486404448748 9.395358353853226 2.296419188380241 0.1224268302321434 5.429321877658367 0 0.4427606165409088 3.134273320436478 0 1.59816387295723 0.2158592268824577 0.5287635549902916 0 0.1259588003158569 0 0.6800535768270493 0 0.1140633970499039 0 0 11.31024916470051 2.010188564658165 0 0.154632568359375 1.087911687791348 0 0.5265528559684753 1.665541276335716 1.915138840675354 0.1581338047981262 7.487957544624805 1.053722709417343 7.256093397736549 8.989152617752552 9.414781376719475 3.63510750234127 14.26385445147753 22.3577217310667 12.81067874282598 26.09471522271633 0.1425009369850159 0 0 0 0 0 0 0 0 0 0 0 0 0 0.1160017475485802 0 0 0 0 0.4545929431915283 0.4392474591732025 0 0 0 13.16799245029688 2.22860798984766 9.454429984092712 1.222848452627659 0.2371910214424133 0.351990133523941 0 0 0 0.1145694851875305 0.1755646020174026 0 0 0.510465107858181 0 0 0 0 0 0.2927307561039925 0 0.1123618632555008 0 0 0 0 0 11.77726124227047 0 0 0.3443743884563446 0 0 0 0 0 0 6.84318333119154 0.1700980961322784 0 0 0 8.89860163629055 0 2.479773819446564 0.2738887667655945 0.6695672273635864 0.1298842281103134 0 0 0 0 0 0 0.1259455978870392 0 0 0 5.002917498350143 2.242211729288101 5.722986288368702 92.27793964743614 3.00681708753109 87.22852271795273 11.24974747747183 18.90852498263121 19.70411132276058 0.7964040711522102 1.957912385463715 0.9370317682623863 0 2.334014661610126 0.4417335093021393 5.388674631714821 0 0 0 6.317414417862892 0.2178757190704346 23.24653102457523 6.876245908439159
757.1933050826192 1987.965717844665 64.00398913770914 1341.026954114437 1122.934987053275 508.3436215892434 3072.57259645313 22.45243212580681 540.2667494639754 4090.249665856361 163.9879464358091 2642.180937580764 11026.08607255667 1543.166443064809 63.40851882845163 41.47035645693541 0.746605284512043 0.2560292631387711 0.2416886910796165 0.09753984212875366 1.401051603257656 0 0.1976476609706879 0.2471254616975784 0.6699916794896126 0.4365254342556 0.2630675435066223 0.4713605791330338 0.1205221489071846 0.4456877708435059 90.27035042643547 2.162179678678513 208.1668908372521 0 0.09663157165050507 0.7169894576072693 365.0339554920793 13.33963304758072 6.760662019252777 1.064587011933327 1.00059562921524 0.4378123730421066 0.2972136810421944 2.320778779685497 0.1198976635932922 0.6154686585068703 130.9532003626227 21.34544859826565 2.801240757107735 1.104770317673683 0.9891455173492432 0.1430515646934509 0 0 5.38442537933588 11.01091998815536 45.17762815952301 86.63437251746655 52.84481026977301 80.43852338939905 0.2923236265778542 11.19793294370174 0.1160030886530876 49.82189757376909 7.163625322282314 4.414937779307365 0.6596086099743843 3.500619947910309 1.279773019254208 0.544191874563694 965.1697457432747 22.33714519441128 0.4378177374601364 122.3062692284584 85.97862153500319 109.9618509709835 30.92486415058374 6.111840598285198 2.779391430318356 19.88482876867056 0 10.50774604082108 45.33231082558632 0 13.66109205037355 5.492211878299713 5.446129389107227 0.6648073047399521 3.962841369211674 0 1.764453701674938 1.211599141359329 0.8468587398529053 0.6034840568900108 0.5386050641536713 618.1309988647699 55.81919895112514 2.232182040810585 5.091098800301552 360.9471495375037 2.931864209473133 63.59678515791893 81.18754550814629 210.7368346229196 4.91443657875061 264.1174041330814 146.2695719897747 204.6000357866287 379.2753473818302 264.414472438395 106.1493884325027 297.514365516603 466.4971649050713 181.6836779043078 387.7244449555874 2.075320288538933 2.752133451402187 0 0.2576261311769485 0 0 0 0.1153220310807228 0 0 0 0.3631478548049927 0 0 0 0 0.9614944458007812 0 0.2587583065032959 10.73792008310556 2.453719988465309 0 0.733424961566925 0 186.0816483795643 41.74764670431614 129.3737409487367 11.20943796634674 2.670012429356575 2.021382600069046 0 0.1222377493977547 0 0.4217533022165298 0.124217800796032 0.1528166234493256 2.700555860996246 3.497594028711319 0 0 0 0.1539061218500137 0.3760245740413666 2.572159975767136 0.2241031974554062 1.039308674633503 0.3864003568887711 3.627733610570431 4.307244151830673 0.5353560000658035 2.791674494743347 166.6977936923504 2.373982831835747 0.5338696539402008 1.282965123653412 0.1925406455993652 0 0 0.2445880174636841 0 0.1355456411838531 78.24827390164137 4.955349400639534 0 0 0.2321411073207855 131.9788334667683 8.271916285157204 42.1355048418045 6.906950175762177 8.378392308950424 2.958072066307068 1.877380020916462 0.7961990982294083 0.4041582643985748 1.031625315546989 0 0 0.7684339582920074 0.2585943415760994 0.9717698991298676 0.1510559618473053 108.166803047061 35.02866733074188 78.24243447929621 1330.468191578984 29.50093806535006 633.1959157064557 83.48618743568659 745.7736415416002 160.0758594945073 2.57702299952507 27.05475559085608 101.6167702898383 1.476470254361629 29.96291713416576 6.320056781172752 434.2635261118412 3.836095631122589 0.3752961754798889 0.1868799179792404 44.52868893742561 2.470737934112549 1226.459854103625 129.7902838289738
255.9651629775763 1839.55733051151 2319.143592208624 15.4553082510829 1174.308848969638 1.530056267976761 212.8320336937904 2062.748101197183 1224.514040887356 163.9879464358091 1120.308149948716 166.8820992410183 1498.923161156476 4105.547285556793 75.77442639321089 112.0280246436596 2.115583427250385 0.9326966181397438 0.1081193462014198 1.450686618685722 40.83085469156504 0.3467580676078796 14.14645417779684 10.83814880996943 3.320966497063637 3.481527119874954 4.913670808076859 0.4678737297654152 0.4082915931940079 0.6717526018619537 154.5787426531315 19.73049719631672 979.6009999662638 1.763908445835114 10.42971581965685 4.825815342366695 182.9779099971056 51.86973734200001 9.475096136331558 2.876468986272812 15.66862946003675 4.328303284943104 2.284379921853542 9.699237257242203 0.9980716556310654 2.054990261793137 109.5901254713535 7.408249758183956 5.550086885690689 3.110734894871712 0.7721005082130432 0.8346763700246811 0.8329274505376816 0.429238460958004 1.06615737080574 2.224890753626823 5.04821303486824 20.09811992943287 12.03230963647366 28.35904648154974 2.55501364171505 45.20004253834486 0.5782344341278076 39.14825669676065 1.550904348492622 2.061358340084553 0.2755426093935966 2.440420560538769 6.103494442999363 20.28535165637732 61.06747486442327 5.508598491549492 0.2719765305519104 23.23733776062727 28.47029402107 68.21678538620472 55.11518521606922 20.09444890171289 4.068358846008778 1613.841889977455 1.27582723647356 198.6444109678268 9.929696306586266 0 4.728034369647503 0.5373640358448029 2.490564025938511 0.2602738738059998 0.664153203368187 0.5441532135009766 1.676972836256027 0.5730756297707558 6.298852726817131 1.987501874566078 1.37713547796011 18.66912826895714 2.766019552946091 4.098561510443687 4.788755223155022 7.712723888456821 0 0 0.4792066663503647 0.2336382120847702 0 2.491394743323326 0.3180233240127563 2.691063329577446 1.836251087486744 3.19494017213583 2.145940810441971 5.190373294055462 8.856028541922569 4.903483748435974 17.10808874666691 0.2668725997209549 0.2383490279316902 0 0 0 0 0 0 0 0 0 0 1.454913571476936 0 0 0.1064757332205772 1.334462158381939 0 0 0.3866588026285172 0.4146546423435211 0 1.811636388301849 0.1554580628871918 15.97446569800377 9.10562040656805 11.66886176168919 5.52485329657793 3.912650123238564 0 0.1844980418682098 0 0 0.2819245457649231 1.265097767114639 0 0 0.5676186978816986 0 0 0.1005962938070297 2.052651576697826 0.1138106361031532 0.2196489572525024 0.2111515551805496 0 0.206660658121109 0 0 0.2451514452695847 0.896749883890152 7.939991794526577 0 0 0.1314423233270645 0 0 0 0 0 0 4.261082261800766 1.529926985502243 0 0.1055003553628922 0 4.304725483059883 0.1397124826908112 0.8865946978330612 0.8520917594432831 0.1032096445560455 0.4310302734375 0.1467652022838593 0 0 0 0 0 0.110059417784214 0.09049466252326965 0 0 4.667043328285217 7.95920218527317 12.66557226330042 249.9509157091379 12.60903733223677 300.4849949255586 42.07044115662575 52.10435517132282 43.49402392655611 0.2753086686134338 8.212559513747692 4.492649227380753 0 2.776376128196716 0.122053749859333 5.479653880000114 0.4079740643501282 0.09685312211513519 0 22.44023474305868 3.755702212452888 19.85149846971035 7.029161378741264
126.5970813855529 236.9309508502483 35.43087437748909 24.10828642547131 114.5326984524727 397.1221472471952 174.0955845788121 32.20430222898722 89.20292158424854 2642.180937580764 166.8820992410183 227.0990009754896 1032.265652149916 289.2418647184968 42.77980769425631 74.12629079073668 0.8914310485124588 0 0 0.09472957998514175 2.651597321033478 0.5755004435777664 0.7945516109466553 0.1456989049911499 1.229662820696831 0.1630339473485947 0.1054898947477341 0.3216521963477135 0.8486549258232117 0 23.00502847135067 3.227834701538086 351.9791912138462 0.2652132213115692 0.2682691738009453 3.379431337118149 726.7438205555081 41.97718386352062 26.48220697790384 1.51388942450285 1.512267678976059 0.9912927821278572 0 6.352016001939774 0.3751697316765785 0.09249304980039597 55.65567898750305 2.645638711750507 3.241299815475941 0.2989333271980286 0.1312621980905533 0.6426041275262833 0.08967496454715729 0.2486594915390015 0.578896127641201 1.668009921908379 15.89031825959682 4.913170374929905 5.470463156700134 9.723710589110851 0.4933266192674637 43.51492550969124 0.1041785031557083 14.21355145424604 0.4326850846409798 1.108592331409454 0 0.4602871313691139 1.534089080989361 1.501605778932571 2059.683127306402 32.5028922483325 0.3331717103719711 9.85732863843441 12.51156732439995 22.48463861644268 21.8293389827013 11.00994715839624 0 65.02623173594475 1.059135250747204 29.79668283462524 3.808965437114239 0 1.487458996474743 0.1041803359985352 0.3384172469377518 0.5659689828753471 0.6766115054488182 0.4155716449022293 0.9537533521652222 0 0.7907282784581184 0.5088527798652649 0.353499062359333 1302.675658322871 242.3993983864784 2.56685908138752 18.57432224601507 179.904006883502 1.088924430310726 12.28233770281076 37.74987538158894 49.39242143929005 1.891213826835155 123.3244862854481 48.45463179051876 121.4294494464993 126.4368372932076 130.4607952386141 55.53257387876511 175.5130368992686 302.6638077050447 128.3474936038256 215.5266390666366 1.855385094881058 0.9560020267963409 0 0 0 0 0 0 0 0 0 0 1.449037656188011 0.1430632770061493 0 0 0.2403237372636795 0.1246985793113708 0.123040683567524 3.157042361795902 1.195311769843102 0 1.418394416570663 0 111.983465090394 19.7280155941844 57.05639624595642 4.401705324649811 3.707587100565434 0.4306033700704575 0.113759458065033 0 0 0.1252601742744446 1.698531106114388 0.224119707942009 1.225871443748474 2.207444712519646 0 0 0 0.63783960044384 0.160797119140625 0.4314917549490929 0.1006757244467735 0.6484172344207764 0.2138513475656509 1.539239928126335 0.7914230078458786 1.452025324106216 1.144069463014603 73.39408736675978 0.4834851250052452 0 0.7255925834178925 0 0 0 0.1222911775112152 0 0.3773443847894669 53.74278390407562 3.626603186130524 0 0 0 56.86229462921619 3.238219723105431 16.99228805303574 1.697254881262779 2.716918982565403 1.117706350982189 0.1306202560663223 0.652439296245575 0.21690384298563 0.1083710119128227 0.1257070749998093 0.1214864104986191 0.1929076462984085 0.1033920049667358 0 0 86.9976519420743 16.76840475201607 48.80860504508018 464.8035128042102 6.45167651027441 199.7563287839293 54.65428234636784 267.3240118920803 41.5061144977808 0.7183553278446198 8.449640102684498 29.57026300579309 0 14.39760590344667 3.308576941490173 148.6298853829503 1.312381379306316 0 0.3432858288288116 34.96470690518618 2.236313089728355 894.6315006315708 127.283683873713
