385.802295692265 3364.893657743931 1077.112347014248 1228.10863392055 28.95191860944033 198.4542486667633 519.663725912571 66.20707783102989 2.62274157255888 1384.58908559382 76.96920074522495 59.77306593209505 81.52358350157738 9.144665196537971 1.131322726607323 0 0 0.2877575755119324 0 0.2626027166843414 0 0.263269454240799 0 0 0 0.9030888974666595 0 0.2494866549968719 0 0 1106.006955347955 3.402868382632732 4.152664452791214 0.1125837191939354 0.2234303802251816 0.1482848227024078 3.504638731479645 0 0 0.4867037385702133 0.4204742163419724 0 0 0.2621707916259766 0 0.1469082832336426 8.688614964485168 0.4524987190961838 0.1064313501119614 0 0 0.2555641531944275 0 1.003435544669628 2.033234030008316 2.256565563380718 258.5102626755834 1209.284063622355 61.93161138892174 19.0503456518054 0.6930518820881844 3.464612722396851 0 9.208380460739136 0.2202285081148148 0.1887239962816238 0.2983384877443314 0.5773254409432411 0 0.3619653880596161 10.03858545422554 5.88181534409523 0.3492453396320343 116.2767022997141 16.79998050630093 9.212775647640228 2.242777988314629 0.3133654296398163 2.364747598767281 17.42127904295921 0.5596745014190674 11.19486078619957 4.585841305553913 0.9258197024464607 0.4512312859296799 0.2964735627174377 0 0.1385953426361084 0.1201743558049202 0.6876985430717468 0 0 0.1456629037857056 0 0 69.44893848896027 15.67155383527279 0.7466942369937897 1.019660353660583 1556.217697992921 0 5.536050513386726 1.639949172735214 1.511584907770157 1.765129685401917 21.21825514733791 1.846551701426506 25.1807018071413 23.60353407263756 26.31688186526299 0 8.813408449292183 18.44643811881542 4.693418845534325 11.26725942641497 0.8895397782325745 0 0 0 0 0 0 0 0 0 0 0 0 0 0 0 0 0 0 0.7914565801620483 0 0 0 0.9333536624908447 1.833830773830414 0.8024185299873352 3.654986560344696 0.5967537611722946 0 0 0 0 0 0 1.845436334609985 0 0 0 0 0 0.73944091796875 1.675056532025337 0.1503622084856033 0 0 0 0 1.039119005203247 5.313703119754791 0 0 5.47733336687088 0.1402569562196732 0 0.1404827982187271 0 0 0 0 0 0 7.975854426622391 0 0 0 0 1.723707795143127 0 1.207256555557251 0.2870116233825684 0.8663402199745178 0.2217124551534653 0 0 0 0.1600442826747894 0 0 0.1206557005643845 0 0 0 3.920143559575081 4.746437773108482 1.756219878792763 523.7248896062374 6.080343939363956 68.72724618017673 10.0907826051116 761.0223052799702 27.48910294473171 4.606147959828377 1.315929308533669 40.52966601401567 1.369907230138779 3.369632259011269 0.1695281565189362 87.21468558907509 0.8132103532552719 2.524603843688965 0.9572669863700867 0 0 312.76554299891 8.43050941824913
3364.893657743931 3161.985139206052 3043.267345555127 875.1039846688509 1285.351198747754 114.5435109883547 2480.671666286886 936.7919713407755 316.7139149978757 788.5887406617403 1079.112918145955 46.40140978991985 537.8684769570827 534.7375551760197 31.07715047895908 8.38233744353056 0.8596370369195938 0.2757677212357521 0.1003304719924927 0.3226950615644455 4.162276349961758 0 0.3243507593870163 1.116689234972 6.07685924321413 3.005054824054241 2.97990183532238 1.061519593000412 1.524619281291962 0.3885847181081772 3356.567861706018 149.2862956747413 80.39354812353849 0.9131240993738174 2.034641101956367 2.071509048342705 5.482139766216278 2.375362522900105 1.426751166582108 6.936075739562511 3.527365669608116 1.592146143317223 0.6519973203539848 2.561647169291973 0.438723511993885 2.106137432157993 200.1772756502032 9.714300684630871 2.650158286094666 1.349202878773212 0.2699466049671173 0.07671304792165756 1.378062054514885 0.7520880699157715 18.35715206712484 14.86073860526085 241.2964588701725 1146.666756793857 98.80748320370913 123.8180785253644 14.54447660595179 25.05823195725679 0.2303736954927444 215.5644530281425 4.173909954726696 3.255121245980263 1.294424928724766 1.606372103095055 1.212176151573658 2.791195899248123 10.62351737171412 0.8747170865535736 0.3982186987996101 423.8708332851529 209.6367859616876 189.0009901374578 113.6223954334855 15.98135257512331 60.90802380442619 400.7547217532992 15.29203906655312 172.8897529095411 39.51718738675117 5.210893735289574 7.519456684589386 5.68561465293169 3.559952855110168 1.777477107942104 0.6089505702257156 0.5565834194421768 0.3514380306005478 0.4394940137863159 2.99889300018549 0.2637154906988144 0.6401691734790802 18.51093382388353 1.727885670959949 0 3.126130767166615 1040.79468537122 0.6922472715377808 1.804703652858734 0.5394614934921265 0.664141833782196 1.338313311338425 6.44152145087719 1.472013026475906 5.992552727460861 22.59192308783531 8.015024468302727 1.245728731155396 3.896149665117264 3.970427230000496 1.862756982445717 5.006119266152382 0.221040666103363 0 0 0 0 0 0 0.1353882998228073 0.1199372112751007 0 0 0 0 0 0.1327428370714188 0 0.09404990822076797 0.1174800768494606 0 0 0.1423826366662979 0 0.1216622740030289 0 4.936375521123409 0.6620024442672729 4.847846582531929 1.078188247978687 0.8354088068008423 0 0 0 0 0 0 0 0 0.126875638961792 0 0 0 0.9744580686092377 0.1116483137011528 0.9733125939965248 0.1555735170841217 0.8734453544020653 0.9286643713712692 0.1213909611105919 0.8478779792785645 1.635339975357056 0 4.068074934184551 0 0 0 0 0 0 0 0 0 4.267394371330738 0 0 0 0 0.5555527210235596 0.5715480446815491 2.396561056375504 0.1097062304615974 0 0.5169830322265625 0 0 0 0.6875385344028473 0.08138212561607361 0 0.5380629226565361 0 0 0 3.632597126066685 3.414683863520622 2.061311602592468 541.6621543392539 32.64645674079657 384.5762556046247 39.70003053545952 723.8857149481773 64.19368612021208 13.89482144266367 16.42690190672874 19.86239390075207 1.988918483257294 6.888198107481003 4.068162962794304 19.34707717597485 1.661900222301483 2.200653247535229 0.7197692319750786 8.222359493374825 1.52165587246418 168.2490246221423 6.222043998539448
1077.112347014248 3043.267345555127 2440.496501460671 83.87340054661036 737.3415077477694 9.122872561216354 312.5501182153821 3673.047222852707 376.8388734087348 8.6707469150424 2590.127360992134 48.57659020274878 704.8901122882962 1162.468296989799 14.05473302304745 10.34991916269064 0.7321079969406128 0.6446126773953438 0 2.088647678494453 17.68153926730156 0.2703455984592438 2.043542452156544 2.494535021483898 13.66903336346149 5.747259214520454 5.511642932891846 3.073720425367355 1.731407590210438 0.8005858212709427 4162.988240495324 2228.224353417754 132.5610114261508 1.30531370639801 7.4810441583395 3.606572553515434 12.42563346773386 3.041722796857357 2.390262417495251 13.79497803747654 14.8081045076251 2.098132915794849 1.428337790071964 1.209788747131824 0.1563639640808105 2.325635224580765 48.78519838303328 1.842783890664577 0.1301360130310059 2.84437345713377 0.3080719411373138 0.09771575778722763 0.9867345988750458 0.7187723517417908 4.239844046533108 4.191443793475628 68.41720391064882 519.4206107631326 22.67262077331543 30.97580029815435 47.93025059252977 49.18023566156626 1.472512297332287 116.7751677781343 0.7694356888532639 1.047444358468056 0.1725917235016823 0.6749428138136864 5.031479954719543 18.7382330596447 9.191691927611828 0.2339677661657333 0.08539320528507233 98.65484818071127 58.44398812949657 52.21227612346411 37.74214482307434 21.67872481793165 327.1667178347707 957.120496250689 61.84076074510813 420.7416814118624 8.556948348879814 0.794403962790966 2.243429377675056 1.578370332717896 0.8190160095691681 0.3856051713228226 0.1133437380194664 0 0.2526099011301994 0.2674416974186897 18.87347523123026 2.192901559174061 0.6182323023676872 3.898181669414043 2.278714306652546 0 0.6765614375472069 133.5839123874903 0 0 0.08386489003896713 0 0 0.471921980381012 0.4632779359817505 1.714675545692444 0.9386497288942337 0.1275883615016937 0.1328141093254089 0.9628718420863152 0.114151194691658 0.6352488100528717 0.7178097814321518 0 0 0 0 0 0 0.1508226543664932 0 0 0 0.09663945436477661 0 0.09479300677776337 0 0.1042239814996719 0.1070363000035286 0 0.4392189830541611 0 0.1776087433099747 0.1192406266927719 0 0 0 1.630777455866337 0.3402684330940247 0.7200321033596992 0.2388902604579926 0 0 0 0 0.1824761480093002 0 0 0 0 0 0 0.1108447536826134 0 0.2017548307776451 0.1082510650157928 0 0.08966434746980667 0.08905855566263199 0.1077802553772926 0 0 0 0 0.5564930886030197 0 0 0 0 0 0 0 0 0 1.320626370608807 0 0 0 0.1916050463914871 0.1203939989209175 0 1.490200594067574 0.5031049773097038 0 0.2582886815071106 0 0 0 0.2466345354914665 0 0 0.2853981405496597 0 0 0 0.7247158139944077 0.989625371992588 1.033186852931976 110.8521916642785 5.16892234236002 87.87097594887018 17.01655067503452 51.84667568653822 12.82734284549952 2.149418130517006 5.776830941438675 4.798660904169083 0.6918267086148262 1.209067448973656 0.9673453345894814 0.612595334649086 0.2852489054203033 0.5123433545231819 0 2.299581579864025 0 21.18548690527678 0.7271580919623375
1228.10863392055 875.1039846688509 83.87340054661036 494.7751561105251 7.462429046630859 167.3011188656092 868.536137714982 4.023847959935665 3.94246369600296 1093.726620644331 5.888797909021378 59.79839061200619 120.961345680058 0.7224767357110977 1.52820548415184 0.08789083361625671 0.1413555890321732 0 0 0 0.2064906507730484 0 0 0 0 0.1092384159564972 0.1128305941820145 0 0 0 73.28437147289515 3.328365810215473 0.1442135274410248 0.1048412695527077 0 0 0.1698878705501556 0 0 0 0 0 0 0 0 0 17.88552655279636 1.048209734261036 0.3658443763852119 0.1140246465802193 0 0 0 0 4.094490259885788 1.431368343532085 62.20522621273994 165.7427347302437 22.86654757708311 22.02166295796633 0.5983490720391273 0.8485673069953918 0 15.62062910944223 0.3535290732979774 0.5987334400415421 0.3039157390594482 0.298808865249157 0.100655123591423 0 0.1057113781571388 0 0 90.9412949308753 24.24064791202545 16.94778177887201 5.069598272442818 0.6304458230733871 0 0 0 0.7515343204140663 6.666495390236378 1.642197571694851 1.637393176555634 0.8673030808568001 0.3342756554484367 0.475653737783432 0.08328495919704437 0.1020041108131409 0.1091170161962509 0 0.102881483733654 0 0 13.71618549525738 2.911420255899429 0 0 270.4310715869069 0 0.7010241746902466 0 0 0 5.237340375781059 0.500601202249527 1.362470224499702 23.65352477133274 2.539765954017639 0 0.3185263276100159 1.195466428995132 0 1.176856815814972 0 0 0 0 0 0 0 0 0 0 0 0 0 0 0 0 0 0 0 0 0.5730216503143311 0 0 0 0.5911538004875183 0 0.2973335087299347 0 0 0 0 0 0 0 0 0 0 0.3563604652881622 0 0 0 0.9037027955055237 0 0.243336521089077 0 0 0.09476561844348907 0.1212243139743805 0 0 0 0.1652308702468872 0 0 0.09523110836744308 0 0 0 0 0 0 0.5677355080842972 0 0 0 0 0.4441807270050049 0 0 0.2995882630348206 0 0 0 0 0 0 0 0 0 0 0 0 0 0.7040054798126221 0 66.76380843669176 5.369586654007435 58.75165718793869 4.95420877635479 190.055604532361 9.884528748691082 2.170324191451073 0.6326604261994362 9.333104580640793 0.3689264133572578 2.221310541033745 0.8373104333877563 4.009064540266991 0.4113697037100792 0.3501209169626236 0.1282567530870438 0 0 123.5319757089019 0.8146343678236008
28.95191860944033 1285.351198747754 737.3415077477694 7.462429046630859 2704.159513324499 0.6946726143360138 2983.562296569347 596.7642113417387 2582.630260378122 30.10018598288298 1601.218309484422 2.278480008244514 1100.855338208377 2203.35301104933 18.21694633364677 5.363073237240314 0.2881425768136978 0.1572807729244232 0 0.1871440559625626 0.5316886082291603 0.08647038787603378 0.09325700253248215 0.1248604878783226 0 0.2448837384581566 0 0.247404508292675 0.2091333270072937 0 107.6284173876047 22.30916897207499 7.425282888114452 0.4620734229683876 0.1983393728733063 0 2.06942280381918 0.6150843724608421 0.5218079835176468 0.3092734292149544 0.6077506244182587 0 0.0945582389831543 0.7944935262203217 0.310145229101181 0.7947345227003098 76.2521703094244 2.22860311716795 0.5685932636260986 0.5020295828580856 0.1561827138066292 0.0836244523525238 0.1929409801959991 0 2.960949465632439 3.142395302653313 23.96108409762383 54.84807208925486 9.655163824558258 26.9380572065711 2.934990122914314 2.960107669234276 0.4666984379291534 67.36956679075956 0.358100987970829 0.406294971704483 0.1443267837166786 0.6300644055008888 0.2859919294714928 1.108839809894562 9.47462771832943 0 0 60.47142149507999 46.42890542000532 65.63734297454357 58.67375005036592 8.290880061686039 18.42575427144766 71.34924391657114 5.061037167906761 4.681572265923023 7.219732962548733 0.507499024271965 1.758245885372162 1.294807933270931 0.7221091464161873 0.6022255271673203 0.2400146201252937 0.3545297682285309 0.1675419807434082 0 0.6929769143462181 0.1040952652692795 0.156725101172924 13.17886400222778 0.9263803362846375 0 2.972113966941833 8.647824004292488 0 2.201380208134651 0.8377065658569336 1.150130704045296 0.6525421142578125 7.226960420608521 0.4328112304210663 5.294650971889496 5.286872863769531 3.584411516785622 0.297677755355835 5.589409470558167 8.813863694667816 4.996067181229591 6.892827525734901 0 0 0 0 0 0 0 0 0 0 0 0 0 0 0 0 0 0 0 0 0 0.6033098697662354 0 0 6.145547561347485 1.584985643625259 9.173813484609127 1.294871807098389 1.962144456803799 0 0 0 0 0 0 0 0.7222400903701782 0 0 0 0 0.9580367803573608 0 0.07762985676527023 0 0 0.1847197785973549 0.3000043630599976 0 0 1.024059653282166 2.346038639545441 0 0 0 0 0 0 0 0 0 4.240101300179958 0 0 0 0.5127585083246231 1.619537845253944 0 2.462560772895813 2.670235179364681 0.4422958940267563 0.3337900936603546 0 0.4475133419036865 0 0.318939782679081 0 0 0 0.09303091466426849 0 0 3.964215680956841 3.384344875812531 2.254208877682686 227.0183040127158 8.823534332215786 112.0520067438483 20.161586843431 25.93423461914062 14.78674463182688 2.132351472973824 7.423395738005638 11.95931849628687 0.1490144729614258 3.369629897177219 0.5654977411031723 1.191082924604416 0.1092321425676346 0.2554976940155029 0 2.567700952291489 0 26.58184640109539 2.728396750986576
198.4542486667633 114.5435109883547 9.122872561216354 167.3011188656092 0.6946726143360138 5.489168763160706 59.94076135754585 0.1575697660446167 0.1831409931182861 560.9884186759591 3.207263112068176 167.1949311420321 83.90239463746548 10.13640442490578 0.1552833020687103 0.6784911304712296 0 0 0 0 0 7.207367464900017 0 0.2869945466518402 0.1495965421199799 0.3625732064247131 0 0 0.1647822260856628 0 1.046271324157715 0 31.99634374678135 0 0 0 11.29021751880646 0.7652303427457809 5.907642260193825 0.3883855938911438 0 0 0 0 0 0 1.035846561193466 0 0 0 0.5459717959165573 37.83843856304884 0.596930131316185 1.002947703003883 0.7815209999680519 0.6362017244100571 97.14664050936699 21.56477326154709 1.546963751316071 2.424755364656448 0.6729663908481598 11.47642785310745 0 5.176166161894798 0.1140945702791214 0.1157961487770081 0.2177697569131851 0.09715705364942551 0.3613438308238983 0 161.2282804250717 380.9917183220387 16.83831691741943 7.014729633927345 0 0.87026546895504 0.8551005721092224 0.1637046337127686 0.1391454935073853 11.2847004532814 0.3101241588592529 9.28317779302597 0.4004906713962555 1.330057196319103 0.222916767001152 0.4762770384550095 0.3670058846473694 2.226652771234512 1.337479740381241 6.701768487691879 1.863691844046116 5.095093950629234 0.1331003308296204 0 1.085753291845322 421.3000794500113 327.5124884098768 14.7383189201355 19.75175553560257 353.9385269582272 0 0.947804868221283 0.8574317544698715 0.2427015602588654 0 1.242905110120773 0 1.816545337438583 5.082520678639412 2.856294348835945 0 1.847562879323959 1.527187168598175 1.01928873360157 0.9182799011468887 0.4853311032056808 0 0 0.1627465188503265 0 0 0 0 0 0 0 0.1250299215316772 0.1876600235700607 0 0 0 0.9145776554942131 0.2380501180887222 0.1197338476777077 0 0 0 0.1218857988715172 0 1.382853910326958 0 0 1.259101696312428 1.026920035481453 0 0.1255537867546082 0 0 0 0 0 0 0.4045988768339157 0 0 0.1522134989500046 2.173260219395161 0.1229344233870506 0 0 0 0 0 0 0 0 0.5269530564546585 0 0 0 0 0 0.2166421040892601 0.1317643970251083 0 0.4639806151390076 1.675268113613129 2.538008309900761 0 0 0.8199734017252922 0 0 0 0 0.2969386577606201 0 0 0 0 0 0 0.1522411406040192 0.1525890827178955 0 0 0 0.6065337657928467 1.802018910646439 1.557282164692879 26.14299870282412 0.942627526819706 2.524954274296761 1.866332650184631 89.36215740442276 0.1114491894841194 0.3404119908809662 0 5.227552697062492 0 2.141411662101746 0 7.966054797172546 0 0 0 0 0 59.83989941328764 10.14178074896336
519.663725912571 2480.671666286886 312.5501182153821 868.536137714982 2983.562296569347 59.94076135754585 364.7055351734161 40.61637566238642 1722.364265307784 1415.882330037653 864.8103450909257 246.7579700946808 1371.463747411966 2230.42457292974 39.61961524933577 13.97962426394224 0.3251191899180412 0.3862089738249779 0 0.2535645142197609 2.020004577934742 0 0.1476252377033234 0.3204211369156837 0.8359172195196152 1.240996189415455 0.6539047360420227 0.7278053984045982 0.7528453841805458 0.1104746386408806 343.327411390841 45.29162449389696 13.61956863105297 1.111166797578335 0.5403438434004784 0.2703938186168671 3.857044145464897 2.83079269528389 1.54510585218668 1.119472667574883 2.075455568730831 0.08945395797491074 0.09360963106155396 2.04385656863451 0.5341552570462227 2.583517968654633 208.4603826105595 6.40397223085165 0.4765033200383186 0.9488663226366043 0.1983538269996643 0 1.030487395823002 0.45538330078125 12.65121626108885 8.445318177342415 115.0048963427544 328.8927738592029 55.96872453391552 88.84326753765345 9.783807508647442 9.380468763411045 1.624908074736595 187.7601829618216 3.130715154111385 3.357429847121239 0.3904643058776855 1.331802323460579 1.347464330494404 2.2381991147995 16.8200407102704 1.321885854005814 0.126364141702652 257.2880226224661 170.6556370183825 184.1885611191392 133.1183542236686 20.73222424834967 12.93140968680382 11.26434884220362 11.40484261512756 15.16416312009096 29.37220165133476 4.455127283930779 5.548591427505016 5.242497928440571 1.944966770708561 1.457049511373043 1.151627577841282 0.2504849433898926 0.22248824685812 0.7092888951301575 2.590364515781403 0.396254688501358 0.3809142708778381 59.51083715260029 4.506539702415466 0 1.911914937198162 108.1914944127202 0.9905392527580261 3.174709111452103 4.445981860160828 0.8249502032995224 3.265247970819473 39.84732750058174 2.647159025073051 33.05524455010891 53.42423491179943 31.8949152380228 1.055624052882195 25.50313298404217 31.29329811781645 15.61027687042952 34.75736325234175 0 0 0 0 0 0 0 0 0 0 0 0 0 0 0 0.1145007982850075 0 0 0 1.870046965777874 3.545868366956711 0 0.2244737595319748 0 26.86108848452568 4.272483497858047 17.51923859864473 5.681905955076218 0.8410946428775787 0 0 0 0 0 0.1116247549653053 0 1.782536208629608 2.190710693597794 0 0 0 3.349464744329453 0.1159530505537987 0.2738768607378006 0 0.07492470741271973 1.454499632120132 6.70107039809227 3.087215900421143 0 1.012723922729492 13.34875531494617 0 0.2878357470035553 0 0 0 0 0 0 0 26.46769564598799 1.264303743839264 0 0 0 5.592858135700226 1.12739360332489 10.49032312631607 0.1026395931839943 1.869933053851128 4.498190268874168 0 0 0 0.3346315324306488 0.09067916125059128 0 0.1778799146413803 0 0 0 18.03148271888494 13.47333312034607 10.44617481529713 627.495584487915 24.93117218464613 353.5921603813767 42.5761886164546 159.7752570658922 54.59214397519827 10.2155484855175 21.67318774759769 46.91724140942097 1.818141102790833 11.73900463432074 2.609549716114998 26.80691511929035 0.7132644578814507 3.044137343764305 1.062892414629459 7.927286274731159 2.566647082567215 220.1760535761714 11.79305921494961
66.20707783102989 936.7919713407755 3673.047222852707 4.023847959935665 596.7642113417387 0.1575697660446167 40.61637566238642 1507.302299916744 430.4352918937802 3.828702516853809 3110.893697418272 42.72235912084579 255.0375363975763 744.1982809305191 30.44619756937027 32.19239544123411 1.716511070728302 2.27093069255352 0.3457579389214516 4.833612136542797 69.2448703572154 0.5365407466888428 9.028266236186028 13.89276850968599 57.12834067642689 24.72763086110353 16.39011357724667 8.321671731770039 4.647900015115738 2.959951728582382 717.819683521986 1717.872858345509 267.0880399867892 4.106320351362228 28.03366377204657 14.64147147536278 15.43522025644779 5.90646331012249 6.317998550832272 35.11177150905132 58.57687766104937 8.257849380373955 3.436924137175083 3.244481563568115 0.681946724653244 9.471239015460014 85.8254709020257 1.740477822721004 1.839368514716625 4.041300162672997 0.4265174120664597 0 4.991280317306519 1.47718808054924 2.588883846998215 1.768322020769119 28.92031157016754 114.8755005896091 12.36165083944798 20.49198523908854 312.2262944430113 193.4657944664359 4.879444472491741 144.4213972836733 0.8124881237745285 0.4619083628058434 0.09784017503261566 0.7969388961791992 9.378409527242184 51.16603307425976 13.97682488709688 1.670742258429527 0 55.24460784345865 52.11313173919916 67.00958029925823 106.7660854309797 109.8268085792661 3006.003999739885 2103.052568674088 561.7401628941298 2031.8080746755 5.49679096788168 0.5778142735362053 1.078421793878078 0.7675192430615425 1.692335605621338 0.2643342092633247 0 0 0.1997532695531845 0.1308671087026596 69.19608294963837 6.261935189366341 1.210539981722832 5.257157318294048 2.539929538965225 0 4.641730546951294 21.8631374463439 0 0.3532590568065643 0 0 0 2.407424062490463 0 2.594439297914505 1.5255226790905 0.1856462210416794 0.4322748482227325 1.80379094183445 0.8570637851953506 0.8353091329336166 2.581159986555576 0.2337962985038757 0 0 0 0 0 0 0 0 0 0.3817887753248215 0 0.424557089805603 0.2481255978345871 0 0.1234423518180847 0.2165950238704681 1.159843161702156 0.2585153579711914 0.4894054234027863 0.6705196499824524 0 0 0.210918515920639 4.703469723463058 0.5594580546021461 3.074943758547306 1.4432203322649 0.8051937222480774 0 0.4190121293067932 0.1243517771363258 0 0 0.1961776316165924 0 0 0.1185268312692642 0 0 0.3922510594129562 0 1.083355844020844 0.08944831043481827 0 0.07531419396400452 0 0 0 0 0.427349328994751 1.105971470475197 0 0 0 0 0 0 0 0 0 2.235398255288601 0.1681729853153229 0 0 0 1.151711955666542 0 1.766791872680187 0.5503590703010559 0 0 0 0.2658448815345764 0 0.1821976006031036 0 0 0.1902501806616783 0 0 0 0.5596267133951187 1.698427334427834 1.3491340726614 263.2778390273452 6.944888949394226 152.4527284353971 41.65193977206945 25.48412466794252 21.37455485761166 0.9824121817946434 13.63615026324987 10.27831593155861 0.4407044351100922 3.282604113221169 0.4264702796936035 0.7534663677215576 0.3674965649843216 0.1187136247754097 0 9.517949722707272 0 14.24512990564108 1.816060863435268
2.62274157255888 316.7139149978757 376.8388734087348 3.94246369600296 2582.630260378122 0.1831409931182861 1722.364265307784 430.4352918937802 467.7897883951664 25.42660517990589 1317.619602143764 11.10893253982067 1364.0265346542 1082.808050170541 4.058362640440464 2.48265528678894 0.1450306475162506 0 0 0 0.1171955317258835 0 0 0.1338634490966797 0 0 0 0 0 0 19.74146975576878 4.347093515098095 10.47279307991266 0.08860279619693756 0.1206106692552567 0 0.7995925918221474 1.094939708709717 0 0 0 0 0.193673700094223 0.2733011841773987 0 0.07703225314617157 16.46134260296822 0.4691343978047371 0 0.1378688216209412 0 0 0.1423946171998978 0.0901358351111412 0.8654425367712975 0.7294541150331497 3.751279078423977 8.676560819149017 2.18879846483469 5.128276340663433 1.330837182700634 1.628329917788506 0.2124341502785683 13.59905137121677 0 0 0 0.07439275830984116 0 0.1112472340464592 2.496061503887177 0.1231540516018867 0 12.84152234345675 9.320946909487247 14.66343932598829 12.35720862448215 3.677540995180607 5.023022949695587 38.46741584688425 1.131500400602818 4.124318107962608 1.480584919452667 0.07424011081457138 0.416064128279686 0.3526369482278824 0.2416292279958725 0.0827636793255806 0.1826507821679115 0 0.1643958315253258 0.09704556316137314 0.2156975343823433 0 0 5.386151984333992 0 0 0.1052711009979248 0.8894228935241699 0.2553028762340546 0.5643249303102493 0.1119057387113571 0.332226037979126 0 2.04485210776329 0.4842956960201263 1.691061548888683 2.746495917439461 3.000603035092354 0 1.944461598992348 3.725617334246635 1.723715826869011 2.453103825449944 0 0.5816038250923157 0 0 0 0 0 0 0 0 0 0 0 0 0 0 0 0 0 0.333140641450882 1.229817748069763 0 0 0 1.820443212985992 0.4975530207157135 1.201273128390312 0.9395487532019615 0 0 0 0 0 0 0 0 0.4014361202716827 0 0 0 0 0 0.1017976552248001 0 0 0 0 0 0.1998625993728638 1.555666327476501 0 1.60795184969902 0 0 0 0 0 0 0 0 0 3.448899641633034 0 0 0 0 1.258961081504822 0 0 0 0 0 0 0 0 0 0 0 0.07627426832914352 0 0 0 2.043909817934036 2.583552613854408 1.058555066585541 59.63062839955091 1.134758278727531 24.60877241194248 3.165601283311844 4.672313801944256 4.084482103586197 0.3722386583685875 2.453499712049961 2.723160848021507 0.1012405902147293 2.452446267008781 0.08202055841684341 1.226263627409935 0.09902283549308777 0 0 0.3422468900680542 0 9.539968386292458 1.722676604986191
1384.58908559382 788.5887406617403 8.6707469150424 1093.726620644331 30.10018598288298 560.9884186759591 1415.882330037653 3.828702516853809 25.42660517990589 2126.41708509624 10.25406923890114 1517.132961645722 3483.72780707106 71.80296225100756 4.39138725399971 2.434908367693424 0 0 0 0 0.4251808598637581 0.2796220853924751 0 0.2522281110286713 0.7150142565369606 0.3975034356117249 0 0 0.1683704704046249 0.1181997731328011 77.93643306195736 1.778687916696072 79.98680201172829 0.2601369768381119 0.4130041524767876 0.3522480428218842 56.47104814648628 0 1.173912242054939 1.177315071225166 0.2317940816283226 0.2414947897195816 0 0.3662818372249603 0.09930045157670975 0.3236360251903534 31.04913763701916 1.220020242035389 0.2152851969003677 0.2074492275714874 0 2.915646471083164 0 0.1015861332416534 5.684231743216515 3.375868648290634 115.8559477999806 241.2578308805823 32.92849031835794 40.13617125153542 1.344443291425705 6.49976821243763 0 21.1639931127429 0.9671688750386238 0.6074594408273697 0.5111496224999428 0.3195813894271851 0.280729703605175 0.1521577686071396 282.1836657971144 20.12518975138664 1.212737061083317 130.3818876370788 40.26231879740953 33.50759623199701 7.971759311854839 1.87661524116993 3.105483770370483 6.112987890839577 2.439736947417259 6.283527955412865 10.70918998867273 1.46836231648922 1.381366334855556 1.315429888665676 0.6794032976031303 0.9895352423191071 0.114412248134613 0.8683041259646416 0.3013253659009933 0.6096414998173714 0.67929657548666 0.1983626782894135 0.2611663639545441 293.3729529231787 47.88906610012054 2.080000191926956 4.539747074246407 551.4661392271519 1.151320189237595 15.93372476100922 20.59759321808815 14.3918516933918 8.431641265749931 67.04012730717659 8.617727756500244 54.71855014562607 55.88835992664099 79.22852797806263 3.343046456575394 34.12269294261932 53.9098901078105 17.49667624384165 34.48802677541971 1.379453003406525 0.1164950206875801 0 0 0 0 0 0 0 0 0 0 0 0 0 0 0 0 0 1.368785306811333 5.990705579519272 1.443301558494568 1.099897861480713 0 25.74969605356455 3.04248520731926 14.05686578154564 7.471953518688679 4.606737405061722 0 0 0.2379234284162521 0 0 0 0 2.023030176758766 1.868939757347107 0 0 0 1.667933754622936 0.1189898326992989 0.6467016935348511 0.5838688015937805 0.1867782920598984 0.4327157139778137 3.661999493837357 8.300632819533348 0.5723572969436646 0.84715735912323 9.952694453299046 0.4381447434425354 0.7718456536531448 0.1002895087003708 0 0 0 0 0 0 27.72475838661194 0.387490913271904 0 0 0.1644509881734848 6.860785417258739 0 6.422375828027725 2.071108378469944 1.886550188064575 4.380713075399399 0.8944666385650635 0 0 0.4409165233373642 0 0 0.07834912091493607 0 0 0 18.84757709503174 4.647941805422306 2.2426792755723 260.2738327383995 9.015566304326057 106.4519673585892 11.60259633511305 524.7929191291332 20.83247643709183 4.58101537078619 2.354151770472527 96.62436582893133 0.5655587911605835 10.67252682894468 2.927343107759953 111.3237468600273 1.938662022352219 0.8286777958273888 0 0.4734963029623032 0 811.9005094990134 25.35395985096693
76.96920074522495 1079.112918145955 2590.127360992134 5.888797909021378 1601.218309484422 3.207263112068176 864.8103450909257 3110.893697418272 1317.619602143764 10.25406923890114 1983.794313699007 175.4771721512079 2250.346590258181 2128.841105096042 19.7021461725235 16.51025646924973 0.5810884311795235 0.552271768450737 0 0.6472191661596298 7.215994544327259 0.4556868225336075 0.8155593648552895 1.709291905164719 13.85507426410913 6.213720813393593 4.378931306302547 2.011414587497711 2.466630592942238 1.326230496168137 92.84182731062174 46.25757924467325 397.3679469153285 0.8497454971075058 4.17621286958456 4.076106376945972 208.0164670646191 2.892127580940723 4.106319420039654 14.02995052188635 10.99874889105558 1.900837704539299 0.7312113046646118 1.350312687456608 0.08785218000411987 0.5017685294151306 35.2046500518918 0.6129108890891075 0.2289417460560799 0.5737242251634598 0 0.22789216786623 2.343402624130249 0.7769842743873596 0.8907486796379089 0.5989346578717232 7.094532243907452 17.36991982907057 2.597449585795403 8.16745288670063 25.94329936057329 124.4646589681506 1.469042919576168 31.55567546188831 0 0.08171778917312622 0.08677243441343307 0 0.81072648614645 3.354256466031075 96.12953618913889 0.8877786993980408 0 16.52271731942892 17.73030882328749 29.40986635535955 37.87527320533991 15.05105647444725 438.8641886040568 1005.054520450532 38.36340501904488 539.1230418533087 1.528702765703201 0.3804043531417847 0.4410852864384651 0.2500889301300049 0.2621093168854713 0.08944002538919449 0.09995440393686295 0 0.7611260116100311 0.6141762435436249 6.255279690027237 0.6367166340351105 1.08299919962883 44.33445540070534 4.712940379977226 0 3.195198193192482 5.534128606319427 0 0.3489499688148499 0.115181066095829 0.2284993380308151 1.212648339569569 4.362135261297226 0 4.024531736969948 5.074991516768932 3.974628567695618 0.6284752488136292 3.538758493959904 5.927543595433235 3.372005373239517 7.145555719733238 0 0.1573241651058197 0 0 0 0 0 0 0 0 0 0 0 0 0 0 0.09095607697963715 0 0 0.9293351471424103 0.338841550052166 0 0.2521918118000031 0 10.0622355863452 0 3.915844142436981 1.301899835467339 0.7202547341585159 0 0.125748798251152 0 0 0 0.6912919282913208 0 0 0.4937389045953751 0 0 0 0.4206002950668335 0.2288012802600861 0 0 0 0.1195331588387489 0.2268565520644188 0.1601006984710693 0.6050349771976471 0 5.55350287258625 0 0 0 0 0 0 0 0 0 7.474834926426411 0.2557682320475578 0 0 0 2.208969242870808 0.3531045168638229 2.448664873838425 1.001174569129944 0.1065346524119377 0.7909738570451736 0 0 0 0 0 0 0.08921395987272263 0 0 0 4.404411718249321 3.09826323390007 1.231919035315514 113.8929554894567 3.319887228310108 63.25885020941496 14.09861794859171 8.616749912500381 6.413051888346672 0.3147458136081696 7.707707338035107 4.452654309570789 0 3.039428129792213 1.702927149832249 3.164739899337292 0 0.1019980683922768 0.5980569422245026 5.911303862929344 0.637610912322998 23.16034627705812 4.735167972743511
59.77306593209505 46.40140978991985 48.57659020274878 59.79839061200619 2.278480008244514 167.1949311420321 246.7579700946808 42.72235912084579 11.10893253982067 1517.132961645722 175.4771721512079 191.4902782961726 1423.515281245112 257.7864492237568 25.44290282577276 26.5854923799634 0.7598555386066437 0.2089000791311264 0 0.8447136059403419 7.982589088380337 0.3645588383078575 1.61747719347477 2.336961306631565 12.76134343445301 7.552602469921112 3.693646147847176 2.019766539335251 1.396912224590778 0.379204273223877 14.80089759081602 14.73842968791723 141.1851899251342 0.5076421946287155 6.411842286586761 3.143773578107357 557.5604077875614 2.583043090999126 3.564137853682041 7.463230580091476 12.49505809694529 1.528940282762051 0 1.63542265444994 0.2430164813995361 1.330964334309101 36.32008967548609 0.4089461714029312 0.1289517879486084 0.2980511784553528 0.2479543909430504 0.7992427051067352 0.9969889223575592 0.3973797187209129 0.8289747983217239 0.5279057025909424 13.82061494141817 11.4373335391283 4.944836691021919 6.18293671309948 31.80476638674736 28.09519902616739 0.7109572738409042 28.37036339193583 0.09409947693347931 0.4091972559690475 0 0.1076901704072952 1.159240022301674 4.20165603607893 367.775826357305 4.895125463604927 0.3335292935371399 14.16092377156019 14.30273159593344 29.73788166791201 48.60885297507048 18.30176088958979 28.85438401997089 60.54804557561874 37.30951184779406 67.75947331637144 3.053463906049728 0.6668518632650375 0.3278659880161285 0.2012397944927216 0.1682866737246513 0.1397609263658524 0 0.2527985647320747 0.08651439100503922 0.2359900176525116 8.28756457567215 1.66135523468256 0 430.8424155935645 26.3767654299736 0 3.032289147377014 97.15062469244003 1.91297896951437 13.3493241071701 9.562331587076187 3.237918943166733 13.99445199966431 78.16819251328707 11.50725407153368 94.61800984293222 70.40421114861965 102.3289143145084 7.454945787787437 59.35048961639404 84.04851647466421 42.75373891741037 74.19272530823946 0.2302583307027817 0.2272829785943031 0 0.144980326294899 0 0 0 0.3932307511568069 0 0.2899444997310638 0 0 0 0 0 0.2684336453676224 0 0.320693626999855 0 10.21986128389835 8.12081366032362 1.648627668619156 0 0 55.83845224231482 5.326588958501816 28.07782361656427 15.5164185911417 3.853471495211124 0.1950059235095978 0 0.5716939568519592 0 0.5993474721908569 1.032231792807579 0 0 1.705972537398338 0 0.5377179980278015 0.1183429881930351 1.486645936965942 0.5261798650026321 0.6937003210186958 0 0.1781146228313446 4.058660268783569 7.092223525047302 6.69799080491066 1.112147450447083 1.060357272624969 29.15575063228607 1.270737037062645 0.1009240821003914 0.1965551674365997 0 0 0 0 0 0 66.49391147494316 0.3958732336759567 0 0 0 14.61913649737835 1.314025640487671 20.85456281900406 5.015181228518486 6.229940630495548 6.893077716231346 0.2740267217159271 0.1263560056686401 0 0 0 0 0 0 0 0 37.79146556556225 22.33986807614565 16.71783145517111 327.2353493720293 2.786883302032948 78.47395011782646 19.41501680016518 135.3628659173846 13.1409073844552 1.683546170592308 9.638692833483219 94.74072603136301 0 28.65872642397881 1.838564068078995 175.4761835336685 0.6122061312198639 0 0.5103428363800049 4.19548973441124 1.033295035362244 756.6279439926147 37.59734842181206
81.52358350157738 537.8684769570827 704.8901122882962 120.961345680058 1100.855338208377 83.90239463746548 1371.463747411966 255.0375363975763 1364.0265346542 3483.72780707106 2250.346590258181 1423.515281245112 2604.10515063256 3664.944398887455 101.5367506071925 71.5959364771843 1.531228877604008 0.5280693545937538 0.08122275024652481 1.211748257279396 23.5232494994998 0.3796741589903831 4.594385422766209 3.976514808833599 15.13034220784903 9.056033626198769 4.849892392754555 2.302202329039574 1.331050969660282 0.5992690175771713 113.6519960165024 61.70878504216671 403.1302721723914 2.741777129471302 10.58542601019144 4.819415114820004 410.1230966374278 3.899310104548931 8.083111859858036 13.60867182165384 23.46710582822561 3.251708723604679 0.8208970502018929 4.331349395215511 0.9253292605280876 5.962676279246807 188.1523259207606 3.035404220223427 1.34852597117424 1.677121467888355 0.5586163252592087 0.3784081190824509 1.774338275194168 0.8241819366812706 4.72615797072649 4.342753998935223 41.84324634820223 62.73271995037794 18.88281870633364 40.65864571928978 57.71814874559641 73.81408130377531 2.253102816641331 153.4905998110771 1.995881818234921 1.832850269973278 0.4696138054132462 0.7597299963235855 5.109342731535435 14.42638007551432 204.8683592155576 3.871147647500038 0.2196756973862648 103.710820518434 102.5530137866735 188.6226216703653 216.9412636011839 72.54256723076105 110.6372398585081 122.8526571244001 96.49417436867952 138.6390595212579 14.78777679800987 2.021291337907314 3.376659043133259 1.324815280735493 2.283344492316246 0.6435679867863655 0.3148889020085335 0.4468236938118935 0.5592678785324097 0.1351140290498734 20.77059093862772 2.872492253780365 1.052915073931217 436.3046338558197 23.06126042455435 0.2864964380860329 9.878571413457394 60.31851831823587 3.958420261740685 17.57360967248678 7.718994826078415 2.353211142122746 23.06554404646158 84.29132957011461 12.86118807643652 122.676027238369 100.3269327357411 123.3999462425709 12.34174777567387 77.80173901468515 134.4308007508516 55.89344748109579 107.7093242555857 2.51219142973423 0.7742846757173538 0 0 0 0 0 0.5252216830849648 0 0 0.5646899044513702 0 1.625004976987839 0 0 0.3152711987495422 0.7827544808387756 1.389996588230133 0 9.55850800126791 8.849917553365231 0.09371324628591537 0.7970087230205536 0.1932874023914337 92.8115995824337 9.565650701522827 61.94492679834366 27.47696857154369 8.628961093723774 0 0 0 0 0.1481321752071381 3.546935297548771 0 2.524023987352848 5.105633161962032 0 0.3141881227493286 0 2.970577545464039 0.6723994538187981 0.1473669111728668 0.1187878400087357 0.07555456459522247 5.78427192568779 13.64519208669662 11.54077817499638 3.029826790094376 1.990037262439728 49.91286296397448 3.72794097661972 0.9138205647468567 0 0 0 0 0 0 0.1552528142929077 107.7586171105504 0 0.1246586814522743 0 0.1246511936187744 21.34788162261248 2.281378924846649 26.81918396800756 13.50412905961275 5.621658608317375 8.432844586670399 1.639992326498032 0.1120560243725777 0 0.06667747348546982 0.1829251050949097 0.08012167364358902 0.1673038080334663 0 0 0 69.93351157009602 48.84229830652475 29.85312636941671 825.3488246127963 21.21139890700579 344.6589069068432 75.28491946309805 161.8650644794106 41.4422751814127 5.513995654881001 31.89436310529709 122.299970805645 1.145335264503956 35.31013985723257 3.162914209067822 173.3702712804079 4.010854378342628 0.5954946205019951 4.737930290400982 21.06054421514273 0.4054456949234009 576.0640851929784 46.28862224519253
