225.6732793077826 2836.378260120749 704.5255297198892 1297.893219783902 67.77436354756355 39.44737599790096 795.253435395658 244.4020287171006 50.3845492079854 1384.718069702387 218.3695887625217 73.34960843622684 290.6217210292816 411.112766481936 2.20730023086071 0 0.2472236827015877 0 0 0.2974464818835258 2.288406230509281 0.1496074646711349 0.6110751554369926 0.2207737863063812 0.1142915040254593 1.547247223556042 0 0.6474922373890877 1.155078783631325 0 785.359241835773 21.40815160423517 99.51797820627689 0.1110263615846634 0.4500692486763 0 13.91572769731283 1.149941898882389 0.5425892174243927 0 1.90294872969389 0.7674692273139954 0.08833661675453186 0.2271248623728752 0.1032187640666962 0.1338794231414795 22.03148491680622 3.432411499321461 0.2484854608774185 0 0.3304896429181099 0.5068193152546883 0.2857698053121567 0 1.492903009057045 2.949183650314808 230.801552131772 767.013153553009 214.0453943833709 9.291324369609356 0.1901500821113586 3.197838388383389 0.1048539876937866 3.581866785883904 4.718079246580601 0.8305023387074471 0 1.381784401834011 0.9443827867507935 0.8895009085536003 21.76567184925079 12.87611995637417 1.131063736975193 185.2612034380436 30.52044174820185 11.77865618467331 0.1066273376345634 0.8912413641810417 3.819607600569725 58.33218061923981 0.2584424912929535 7.825220234692097 16.75031412392855 0.2495567873120308 1.639489553868771 1.561748534440994 0.2853565737605095 0 0.09457068890333176 0.7607150971889496 0.1134227886795998 0.09708193689584732 1.086672089993954 0.3834541141986847 0 105.3076134100556 27.79302398860455 2.389405682682991 0.8570113033056259 1077.110832840204 0.9571496248245239 2.950696408748627 4.766159370541573 5.265346542000771 1.051246255636215 4.360925391316414 2.175514072179794 2.631850570440292 4.514557287096977 22.90203875303268 2.240683525800705 16.35869371145964 27.22811630368233 9.587066076695919 2.036105200648308 0 0 0 0 0 0 0 0 0 0 0.1539035439491272 0.186537891626358 0 0 1.117976188659668 0 0.1104856729507446 0.1418266594409943 0 0 0.1855479925870895 0 0.282931387424469 0.1332888752222061 2.931530810892582 0 1.490310043096542 1.960566639900208 1.502985969185829 0 0 0 0 0 0 0 0 0 0 0 0.2730471938848495 1.242081552743912 0.1246263310313225 0 0 0 0 0.2591137066483498 0 2.083591997623444 2.295920193195343 1.754593104124069 0 0 0 0 0 0 0 0 0 10.59370972961187 0.1808383464813232 0 0 0.1584172695875168 0.9742351397871971 0.356551855802536 2.159548036754131 0 0 0 0 1.002223253250122 0 0 0 0 0 0 0 0 8.544980987906456 2.783938199281693 1.792790859937668 540.3196326494217 3.947749860584736 169.7573885470629 69.32149317860603 530.2929536625743 81.06500523537397 2.471407771110535 12.92943385243416 32.80381835997105 0 0.315217137336731 0 10.20726503431797 0 0 0.3126446306705475 1.111001268029213 0 155.6747398003936 40.2307827398181
2836.378260120749 1729.956274576485 2320.750218398869 1680.328204996884 819.8730410858989 134.5941379144788 1786.437693588436 1076.565194576979 421.3105064257979 876.4801374077797 2080.779202535748 147.2931130453944 1686.951964527369 2263.049119696021 11.72413962334394 1.523911222815514 0.7189823612570763 0.1695883274078369 0.1313405930995941 0.9882546663284302 1.87969309091568 0 1.277554012835026 1.105192668735981 0 2.168506361544132 0 0.9807644709944725 0.4314737468957901 0.5089033842086792 1489.106783952564 46.28155502676964 125.2355051934719 0.3792142048478127 1.010427229106426 0.426932767033577 19.10698264837265 2.357620283961296 1.779473520815372 0.1008851826190948 3.687012247741222 1.424577578902245 0.7903805375099182 0.1963691711425781 1.265959106385708 0.9788157269358635 82.76998251676559 2.977576769888401 0 0.4851679876446724 0.3840967863798141 0.225866362452507 0 0.368724100291729 1.189091704785824 4.601567804813385 131.5615947172046 566.2793478965759 156.4226970598102 40.51239363104105 1.584432274103165 2.365085810422897 0.1866116225719452 42.48067957907915 4.195387132465839 0.7336035296320915 0 0.8526392355561256 1.737437717616558 1.479133851826191 28.07289510965347 0.6114241033792496 0 280.0318507477641 88.72502261400223 62.04877816140652 0.9115667641162872 3.111956834793091 4.033562123775482 111.688671797514 0.09776517748832703 15.21404016017914 15.53094886988401 0.2898859828710556 1.757114842534065 1.349588975310326 0 0.1882607191801071 0.1781010925769806 0 0 0.2192415297031403 2.633733533322811 0.4647449254989624 0.1945599168539047 18.73099439591169 1.829254686832428 0 0.2358920350670815 856.0940672680736 0.3687686622142792 3.084645688533783 2.15058571100235 1.739326596260071 2.791574075818062 3.364766746759415 4.232907921075821 1.247187480330467 2.824119657278061 10.00141368806362 2.975744470953941 17.29752691090107 20.42635129392147 11.97090819478035 4.919105976819992 0 0.6435684561729431 0 0 0 0 0 0 0 0 0 0 0.7491583228111267 0 0.1247917488217354 0 0 0 0 0.7933979332447052 2.624519504606724 0 1.551165968179703 0 0.5231115221977234 1.314522743225098 3.039192259311676 1.092662453651428 2.052110195159912 0 0.3430905193090439 0 0 0 0 0 0 0.4294447898864746 0 0 0 0.1059100478887558 0.6074612364172935 0 0.594023585319519 0 0.750881016254425 0 0 0 0.1962324380874634 0.6173255294561386 0 0 0 0 0 0 0 0 0 10.36643782258034 0 0 0 0 3.103797316551208 0 2.475021257996559 0 0 0 0 0 0.1139970049262047 0 0 0 0 0 0 0 16.23262632638216 1.025001093745232 3.625708319246769 444.32052539289 7.901711970567703 247.6918513774872 83.4711365327239 452.6701195985079 95.14551855623722 2.253384090960026 23.04129888862371 12.68532513082027 0 2.794169634580612 0.8513462096452713 12.59690116345882 0 0 0 1.457216031849384 0.2574357092380524 118.8108444213867 39.36891662329435
704.5255297198892 2320.750218398869 1462.431875258684 295.4812814369798 305.6308142319322 23.30410306155682 82.26911359280348 2613.203200370073 603.5167592763901 35.26454254984856 1182.936507746577 15.28252391517162 226.3416346237063 1013.910034894943 8.78414610773325 3.554164335131645 0.85853461176157 1.916390284895897 0 6.320819839835167 70.18908949196339 0.1363751143217087 21.82254672050476 18.98499604314566 4.698296137154102 26.34574583172798 1.868321798741817 7.710878014564514 0.4453473538160324 0.4261383190751076 3905.68189266324 1218.496326334774 98.10737668722868 5.537491492927074 9.397372081875801 8.680231489241123 5.866213619709015 8.464652858674526 0.5944704189896584 0.7625401988625526 60.60283745080233 11.01212342083454 2.099992118775845 1.174593657255173 0.6091822981834412 4.287484213709831 38.40432906895876 1.554440692067146 0.7179650217294693 1.380388140678406 3.516036532819271 0.8065120428800583 0 1.281411543488503 0.4128147810697556 1.299643382430077 90.78945618867874 563.1572032943368 92.47099711000919 15.89364662766457 12.89136970043182 15.3753572255373 3.99148516356945 196.9339114576578 2.223629027605057 1.533669598400593 1.084067031741142 6.333344452083111 16.46797771751881 16.95598782598972 7.683225892484188 1.055187627673149 0 126.68194013834 41.65386668592691 29.73384441435337 4.473207198083401 65.6353474855423 46.94537249207497 506.302868373692 7.047037690877914 206.2310388460755 7.935662887990475 0.09044370800256729 1.265882112085819 1.715494051575661 0.08949361741542816 0 0 0.08941270411014557 0.244664341211319 0.1653573960065842 46.69261974096298 1.376642324030399 1.67414191365242 8.587903186678886 1.519204616546631 0 0.2462941110134125 346.378210298717 0.3047009408473969 0 0.6146707534790039 0 0 1.725630879402161 0.3953169584274292 2.660987734794617 0.6157987117767334 1.098223209381104 0.3646949529647827 0.8965295478701591 2.39814829826355 1.866968810558319 3.354167021811008 0.1188586056232452 0 0 0 0 0 0 0 0 0 0.5262832641601562 0 0 0 0 0 0 0 0 0 0.5308060720562935 0 0 0.1518317461013794 1.111842066049576 0 0 0 1.259610027074814 0 0 0 0 0 0 1.066654324531555 0 0.402634859085083 0 0 0 0.3375000059604645 1.593605905771255 0 0 0 0 0 0 0 0.3918220400810242 0.1458609402179718 0 0 0 0 0 0 0 0 0 3.248179771006107 0.5200724452733994 0 0 0 1.427308887243271 0 0.4632402807474136 0.3474166393280029 0 0 0 0 0 0 0 0 0.1522228717803955 0.1700204610824585 0.1195690110325813 0 2.192319877445698 0.4831568971276283 0.5247111544013023 164.5119872689247 7.563706636428833 111.9294225797057 43.72258710116148 98.88816063851118 39.56402065604925 1.377682007849216 9.681349858641624 2.68744208663702 0.2939129248261452 1.080515652894974 0.4854387938976288 0.1662068516016006 0.8192180395126343 0 0 1.37016624212265 0.1959169656038284 32.37329208850861 5.40059095621109
1297.893219783902 1680.328204996884 295.4812814369798 510.2048532962799 424.0365794077516 208.3156033828855 1735.99384880811 15.54633443802595 122.9682616889477 2211.967404998839 147.4574723392725 251.4213936030865 1016.73825841397 75.15720091760159 0.4717514514923096 0.106013260781765 0 0.09097171574831009 0 0 0.0951608419418335 0.3396194130182266 0 0.1105460897088051 0 0 0 0.1583798080682755 0 0 46.16978131979704 0.8357227444648743 4.795647367835045 0 0 0 1.158940121531487 0.1400924772024155 0.3268467038869858 0 0.07700721919536591 0 0 0.1098968014121056 0 0.07127895951271057 12.04151532053947 0.6749199479818344 0 0 0 0 0 0.1506690829992294 0.5689068213105202 0.2896756902337074 30.53817069530487 68.48164638131857 28.34055276960135 5.540677346289158 0.07473630458116531 0.09862944483757019 0 2.866358451545238 0.94314044713974 0.1991780698299408 0.1194398626685143 0.09957609325647354 0.274825744330883 0 3.283049881458282 24.54901348054409 2.623586341738701 53.36745575815439 11.70854985713959 8.376887127757072 0.09066317230463028 0.118608184158802 0 1.730124294757843 0 0.6915479525923729 2.297621920704842 0.07411552965641022 0.1021769270300865 0.6950459852814674 0 0.2725256979465485 0 0.4167615994811058 0.2635351121425629 0 0 0 0.2539729923009872 13.12039576470852 16.79602088034153 3.34900127351284 0.4901894479990005 308.4896904751658 0 4.762425810098648 65.05261448025703 15.24797835946083 0 38.2078105956316 5.234423890709877 3.095700919628143 19.46598264575005 9.313131853938103 0.9918807744979858 29.75113697350025 34.92691966891289 12.79513073712587 0 0 0 0 0 0 0 0 0 0 0 0 0 0 0 0 0 0.8282064199447632 0 0 0.3724470734596252 0.508502759039402 0 0 0 0.2133758068084717 0.1358567327260971 0.9077041149139404 0.1259837746620178 0.6321804523468018 0 0 0 0 0 0 0 0 0 0 0 0 0.2005274593830109 0.2395166754722595 0 0 0 0.106800377368927 0 0 0 0 0.9846199750900269 0 0 0 0 0 0 0 0 0 3.323722988367081 0.1630412936210632 0 0 0.188308522105217 0 0 0 0.1812726706266403 0 0 0 0 0 0 0 0 0 0 0 0 7.145893484354019 0.870918869972229 0 138.7050343230367 0.7890653759241104 53.34213355928659 18.25748556852341 335.5899853855371 22.08397022634745 0 1.929514653980732 3.758137680590153 0 0.7784202694892883 0.535983145236969 6.45944207906723 0 0 0 0.1945099532604218 0 86.34669052809477 23.7031616717577
67.77436354756355 819.8730410858989 305.6308142319322 424.0365794077516 300.4591386094689 27.01797184348106 826.1993129774928 1097.911965459585 1297.797858685255 713.1920315623283 1016.929531276226 212.9758677855134 965.9640379324555 1986.995959639549 13.19605346769094 1.829391665756702 0.2588880136609077 0 0 0.2238581031560898 1.674006767570972 0 0.4532486945390701 0.4837042912840843 0 0.9468755424022675 0 0.4707060679793358 0.09405571967363358 0 226.9969931021333 12.47162560373545 15.51903841644526 0.1922204792499542 0.4157819077372551 0.3811677768826485 11.03130933642387 0.08381479233503342 1.352227076888084 0.1689052730798721 1.316274173557758 0.4665013700723648 0.08000540733337402 0.2267772406339645 0.9428665861487389 1.372880376875401 76.13899349421263 1.623927086591721 0.3898526132106781 0.3803310468792915 0.2472046688199043 0.1223721355199814 0.1673563420772552 0.2620976716279984 0.1822280064225197 1.393167950212955 21.88276150077581 91.85166773945093 22.96478932350874 26.13186559826136 1.043064512312412 2.673804685473442 0 31.28586419671774 0.8208137229084969 0.1952122375369072 0.09018092602491379 0.4836418777704239 0.4467621743679047 0.5512083023786545 60.42900010943413 0 0 106.1472151204944 48.06163711100817 50.89149513840675 1.233842760324478 2.442564219236374 0.5160248577594757 14.78999430686235 0.2277766540646553 7.972023911774158 3.63520272821188 0 0.6781034991145134 0.5197048112750053 0 0.1791717708110809 0 0 0 0 1.781641967594624 0.654047317802906 0.1226174831390381 31.84742753207684 2.017467752099037 0 4.292758762836456 22.17951899766922 0.2993996888399124 0.2008173167705536 5.481581583619118 0 6.603434562683105 5.426945760846138 2.574216797947884 2.350056260824203 9.601103872060776 22.52134712040424 3.410018026828766 25.33334488421679 44.46523627638817 31.73411019146442 12.64539673179388 0.2036397308111191 0 0 0 0 0 0 0 0 0 0 0 0 0 0 0 0 0.09737406671047211 0 1.791918680071831 9.313653096556664 0 0 0 1.857317298650742 0.5758416652679443 0.5894630998373032 1.637397050857544 3.599681675434113 0 0 0.1253024935722351 0 0 0 0 0.7284290790557861 0.7327912151813507 0 0 0 0 0 0 0 0 0 0.7246394157409668 0 0 0.2357253134250641 1.849016726016998 0 0 0 0 0 0 0 0 0 29.03245101124048 1.326501831412315 0 0 0 7.974674209952354 0 4.978562325239182 0.4828070104122162 0 0 0 0 0 0 0 0 0 0 0 0 37.08696830272675 3.114349409937859 4.473014399409294 254.6883360520005 4.429177187383175 164.0803118422627 43.58881105482578 190.3587337359786 55.97263093292713 1.350712157785892 24.02964267134666 20.89384708553553 0 2.276258885860443 0.537394642829895 7.495471686124802 0 0 0 1.442659184336662 0 96.76254384964705 87.7252080142498
39.44737599790096 134.5941379144788 23.30410306155682 208.3156033828855 27.01797184348106 0 116.2937608882785 4.508319914340973 14.2715006172657 641.302216231823 8.594409331679344 169.8773274347186 105.3714163079858 32.49907092005014 0.1142252162098885 0 0 0 0 0 0 0.9944205284118652 0 0.09991148859262466 0 0 0 0 0.2105818539857864 0 7.672398686408997 0.2337590903043747 27.00692305713892 0 0 0 15.97933382540941 1.37790410220623 3.376971065998077 0.1192060336470604 0 0 0 0 0 0 0.2663131207227707 0.1403986364603043 0 0 0.4798165559768677 7.14912448823452 3.01297952234745 1.047418177127838 0.3666928112506866 0.4637070745229721 68.95554132759571 24.35525327175856 8.281779654324055 0 0.4863442778587341 7.872011095285416 0 0 0.08774414658546448 0 0 0.1011524870991707 0 0 44.63787105679512 192.1871976107359 16.21119414269924 3.32835678756237 0.4432240277528763 0.2759194523096085 0 0 0 9.586529545485973 0 5.421394392848015 0.09805698692798615 0.4006405547261238 0 0.4131565615534782 0.1076991334557533 1.860646866261959 1.955990761518478 9.78677998483181 1.604329466819763 1.751073002815247 0 0.3820920139551163 0.31690314412117 316.6956915780902 249.6720890253782 30.82998858392239 5.905298426747322 278.1043544262648 0 0 0 0 0 0 0.6346184611320496 0 0 0.8097773790359497 0.1701923310756683 0.1246450617909431 0.5897364020347595 0 0.1681792587041855 0.4499310851097107 0 0 0 0 0 0 0 0 0 0.7564833015203476 0 0 0 0.4934315979480743 0.2200481295585632 0 2.273010864853859 0.5611849874258041 0 0.1085987836122513 0 0 0 0.4049549102783203 0 0 0.5052855983376503 0.4618267863988876 0.1682237833738327 0.5544141381978989 0.09420119225978851 0 0 0 0 0 0 0 0 0.7822924852371216 0.8462275415658951 3.201831065118313 0 0 0.1907768100500107 0 0 0 0 0 0 0 0 0 0 0 0 0 0.114302821457386 0.1410431265830994 0.7699258774518967 2.944662362337112 2.693728059530258 0 0.4521801769733429 0.1476170718669891 0 0 0 0 0 0 0 0 0 0 0.2369987368583679 0.1028645411133766 0.3795973807573318 0.1390315592288971 0.4789842218160629 0.3322258591651917 1.215620420873165 0.570333831012249 22.49372339248657 0.276352122426033 5.871166810393333 1.463326402008533 150.2935975790024 2.581945315003395 0 0 2.678627163171768 0 0 0.1120086759328842 1.137389540672302 0 0 0 0 0 37.89516504108906 10.81877003610134
795.253435395658 1786.437693588436 82.26911359280348 1735.99384880811 826.1993129774928 116.2937608882785 326.6814941316843 9.964874900877476 534.355327218771 1587.68346093595 204.8515743464231 693.1281846910715 2977.371201500297 1754.459998689592 9.72393474727869 1.09595987200737 0.2497332319617271 0.2195550501346588 0.2077418938279152 0.3091718629002571 1.17620812356472 0 0.3317048698663712 0 0.1109671220183372 0.2275131791830063 0.1150651648640633 0.3306708186864853 0.5244802981615067 0 246.6353140026331 13.58306166529655 25.90087033063173 0.2622817829251289 0.3460025042295456 0.1347521245479584 0.8996700793504715 0.1183382123708725 1.543483838438988 0.1445327699184418 0.7982545718550682 0.1813414320349693 0.2667790576815605 0.6238715127110481 0.5981929153203964 0.696581743657589 71.95985093712807 1.868216946721077 0 0.09693694859743118 0 0 0.1168714985251427 0.5223581120371819 1.191672846674919 2.883794069290161 56.5095192193985 184.9581239745021 68.66486438363791 38.92598528414965 1.319464005529881 2.165342099964619 0.4052419811487198 20.03464530408382 2.600870750844479 0.8661939650774002 0 0.1867926642298698 0.5011420547962189 0.08046208322048187 68.02926354855299 0.2586958110332489 0 170.9666663110256 61.71044763922691 51.68985666334629 1.117870710790157 1.61781807243824 0.245063453912735 6.995538622140884 0.4044774025678635 4.034167602658272 8.72573708742857 0.1819852367043495 1.13975278288126 1.262668661773205 0.5584992542862892 0 0.08725170791149139 0 0 0 0.5285515636205673 0.1415877491235733 0.08952801674604416 50.54364631325006 3.424532070755959 0 2.06932757794857 125.4725719168782 1.147217340767384 4.326203525066376 30.11989764869213 4.856728404760361 4.036446154117584 15.07431787997484 5.968109682202339 4.027793765068054 20.61760800331831 31.91258610785007 9.522775515913963 46.90626279264688 64.82237445563078 56.16892046481371 17.98258634656668 0.2978450357913971 0.1517080962657928 0 0 0 0 0 0 0 0 0 0 0 0 0.1647598147392273 0 0 0 0 1.534135162830353 6.714001752436161 0 0.6367544531822205 0 5.000886701047421 1.004090338945389 4.726565316319466 2.994510442018509 0.9863457381725311 0 0 0 0 0.5365639328956604 0 0 0 2.252822875976562 0 0 0.154066190123558 1.071241855621338 0 0 0 0.1243728995323181 0.5928982421755791 0.6298442184925079 0 0 0.8815248608589172 4.521828830242157 2.23358479142189 0.9698501825332642 0 0 0 0.3087038397789001 0 0 0 41.41792009025812 0.1614386886358261 0.2018239051103592 0 0 9.388081036508083 1.502986758947372 3.490176260471344 0.7030152976512909 0 0 0.4732780754566193 0 0 0 0 0 0 0 0 0 49.41746887564659 7.040637105703354 8.895264312624931 344.2421932220459 5.790788248181343 192.2090229019523 56.24300999939442 362.2432139590383 74.31573417037725 2.337874829769135 19.89256131649017 19.56956956535578 0 7.248844854533672 1.54752117395401 10.59321667253971 2.166688174009323 0 0 1.868499271571636 0 224.2492264136672 148.6885398998857
244.4020287171006 1076.565194576979 2613.203200370073 15.54633443802595 1097.911965459585 4.508319914340973 9.964874900877476 1202.100151956081 172.7247110009193 9.546034574508667 1862.582617878914 18.59817028790712 299.2278846800327 1153.248683720827 22.96081770956516 7.840153113007545 0.4945680201053619 1.72899617254734 0.3518506214022636 6.989243760704994 58.41003368794918 0.2822996601462364 22.06708732247353 23.1337573081255 8.905917048454285 21.99576365202665 2.808882161974907 7.871654622256756 1.409037053585052 1.085271053016186 1702.24474748224 1158.453048273921 93.36440446227789 7.322199195623398 15.38535906374454 18.38717156648636 4.293119460344315 12.06536936014891 0.2650102451443672 0.7271561920642853 44.4360580816865 6.283500224351883 1.548283167183399 3.113638304173946 1.71866699308157 9.345627278089523 109.2925061360002 1.431107968091965 0.8043601736426353 1.414817113429308 2.81653106957674 0 0 1.972382731735706 0.3724139556288719 0.8786971643567085 29.40767016261816 163.9783670008183 30.72471542656422 32.82962825149298 98.34181744605303 38.94721563160419 11.48207360506058 201.5927210897207 0.4395394921302795 0.4659513235092163 0.7867316231131554 4.104865185916424 13.70910377800465 15.99520965665579 11.20200549811125 0.7893540039658546 0.1107436567544937 99.45289582759142 76.12006372958422 75.10723252594471 19.61766154319048 177.0672958642244 486.0297255516052 1002.025285676122 337.2097945436835 748.6182713061571 4.345332473516464 0 0.3618620485067368 0.9294329732656479 0.1152594536542892 0.189519926905632 0 0.09964384138584137 0 0.1015547886490822 28.9359340146184 1.941821724176407 1.968584083020687 12.37448983639479 1.988077819347382 0.4206907600164413 0.348224550485611 49.93809090554714 0 0 0 0 0.563827320933342 0.3327232897281647 0.1738044172525406 0 1.800381660461426 0.1488168835639954 0 0.4589023664593697 2.571338430047035 4.534514404833317 0.8678378313779831 0 0 0 0 0 0 0 0.1931416988372803 0 0 0.9251402318477631 0 0.1430287212133408 0 0 0.1585444360971451 0 0.2752583846449852 0 0.1525107622146606 0.10813207924366 0 0 0.8459867835044861 0.314700186252594 1.030848473310471 0.3720736503601074 0.78110571205616 0.3244617730379105 1.665492862462997 0.4027556777000427 0 0 0 0 0 0 0 0 0 0 0.5713613480329514 0.1243032291531563 0 0 0 0 0.07650691270828247 0 0 1.406727612018585 0.4124214798212051 0 0 0 0 0 0 0 0.1959827691316605 0 3.792090989649296 0.147530734539032 0 0 0 1.298822946846485 0.2653596848249435 0.1440703868865967 0 0 0 0 0 0 0 0 0 0 0 0 0 1.404041483998299 1.065917395055294 1.039130859076977 289.3539395406842 9.983212225139141 182.5436409860849 66.32229069620371 68.40409957617521 44.22784997522831 0.7101346552371979 28.20445918291807 2.70057687163353 0 0 0 0.7208599150180817 0.5981786847114563 0 0 1.606870785355568 0.3125448822975159 14.59274927526712 5.283122718334198
50.3845492079854 421.3105064257979 603.5167592763901 122.9682616889477 1297.797858685255 14.2715006172657 534.355327218771 172.7247110009193 404.7810638025403 250.9579557180405 1072.330813594162 266.9971996843815 1173.203639410436 1090.760582506657 8.214366003870964 1.573137573897839 0.09935013204813004 0.2145482003688812 0.2989960759878159 0.374229833483696 2.383907809853554 0 0.4767348319292068 0.4666758924722672 0.2160166949033737 1.105018228292465 0 0.6101639270782471 0.1549701392650604 0.430111363530159 101.5095935836434 8.631524227559566 26.19672914594412 0.1322395950555801 0.244922399520874 0.4299521222710609 6.301724568009377 0.4414170235395432 1.003435917198658 0 1.515226915478706 0 0 0.3740176856517792 0.295667476952076 0.09048585593700409 50.73288082331419 1.030702814459801 0 0 0 0 0 0.1090515181422234 0.3016350418329239 0.5707505196332932 11.11594741046429 38.50752791017294 12.86234391480684 14.9755302220583 0.6789366230368614 1.981585882604122 0 17.06827860325575 0.4041854441165924 0.231767363846302 0 0.3810776770114899 0.5916940569877625 0.4772611632943153 68.4902860969305 0 0 47.81276059895754 21.59950836747885 26.58685046434402 0.4050327762961388 0.8144320622086525 1.623183578252792 28.51809291541576 0.1028417721390724 4.728859268128872 2.101632945239544 0 0.7161892056465149 0.412105031311512 0.09359601885080338 0 0.07722561806440353 0 0.1540040969848633 0 1.554217875003815 0 0.2931881919503212 28.36209252476692 0.9443135112524033 0 1.839053571224213 16.87658047676086 1.225810080766678 1.599141851067543 2.61317104101181 2.014227688312531 5.124585211277008 7.575191140174866 2.459542632102966 3.178442493081093 10.05510576069355 19.63996762037277 5.122451439499855 26.59048515558243 44.88875558227301 33.84128588438034 16.10321233421564 0 0 0 0 0 0 0 0 0 0 0.2731181085109711 0 0 0 0 0.3623904287815094 0 0 0 0.6747397780418396 7.486463844776154 0 0.3144923448562622 0 4.06833428889513 0.5039361119270325 0.8300349414348602 2.21843296289444 1.395189195871353 0 0 0 0 0 1.200171709060669 0 0 0.938360869884491 0 0 0 0.8294329643249512 0 0 0 0 0 0.9534492492675781 0 2.281593799591064 4.867122977972031 6.684564620256424 0 0 0 0 0 0 0 0 0.6515238285064697 28.32141298800707 1.602942228317261 0.2202192395925522 0 0 5.910738602280617 0 1.450570628046989 1.306229181587696 0 0 0 0.3933183550834656 0 0 0 0 0 0 0 0 36.53284334391356 3.194248750805855 4.378893166780472 186.2808560878038 4.468480415642262 83.0706659257412 25.46470795571804 104.0774110928178 30.93113208562136 0.3295289874076843 16.88930080831051 4.190023705363274 0.541845440864563 0.9720565974712372 0.7223359644412994 8.581774190068245 0 0 0 0.1928413957357407 0 96.36460060626268 77.98308050632477
1384.718069702387 876.4801374077797 35.26454254984856 2211.967404998839 713.1920315623283 641.302216231823 1587.68346093595 9.546034574508667 250.9579557180405 1671.332853630185 57.93718019872904 3842.721145160496 3900.353904746473 270.3773533329368 9.609288953244686 1.537510402500629 0.1142293959856033 0.3287080079317093 0 0.5793537423014641 0.999695785343647 0 0.1095134317874908 0.4126680046319962 0 0.2524108216166496 0 0 0.1182864680886269 0.3480666726827621 154.7581266984344 5.877878196537495 82.61315702646971 0.2135161757469177 0.11701600253582 0.3351475298404694 26.20976550132036 0.9824892356991768 5.591691575944424 0 1.167851977050304 0.184054933488369 0.168886125087738 0.4699626490473747 0.6734274923801422 1.076790615916252 125.9097254797816 2.578277833759785 0 0 0.1070069521665573 0.5125187337398529 0.3197228610515594 0.5367221981287003 0.4694945588707924 2.473995536565781 103.4860730171204 188.8093655332923 99.48457965999842 43.71706314384937 2.078762017190456 7.270394638180733 0.3867226615548134 21.77126652747393 2.904635883867741 0.732739046216011 0 0.3823109045624733 0.8435510471463203 0.8229527473449707 168.5997344776988 7.305153489112854 0.2446636706590652 227.1894943490624 74.21046405285597 56.81159212440252 0.8719617575407028 1.16745250672102 0.2654893845319748 28.65111409127712 0.2176796793937683 10.83182903379202 13.8851518034935 0.08873254805803299 1.665314182639122 1.614077143371105 0.1762548461556435 0.2997905910015106 0.3012295216321945 0.4067205786705017 0.08907949924468994 0.2154412344098091 0.3796400800347328 0.1333588063716888 0.4605231583118439 342.6503246277571 20.742342710495 0.2177780270576477 2.893630802631378 892.7246420308948 1.510354571044445 12.84282528609037 17.7130426093936 6.129302427172661 15.51204766333103 42.69458492100239 18.81622939556837 21.46492473781109 48.19000181555748 80.39362297207117 19.34786392748356 138.7693523019552 158.5506948456168 122.0765429660678 30.221510656178 0 0 0.5087684988975525 0 0 0 0 0 0.2961806356906891 0 0.175139456987381 0 0.8199504017829895 0 0 0 0.4586438536643982 0.1605559587478638 0.2053912729024887 1.983763247728348 14.17491133511066 0.7975849509239197 0 0 7.627763539552689 2.956118434667587 5.921318292617798 2.128497049212456 2.023045085370541 0 0 0 0 0 0 0 0 4.404521584510803 0 0 0 0.322069838643074 0.2488579303026199 0 0 0 0.1583118736743927 1.250239670276642 0.6833845227956772 0.3034818470478058 4.97252357006073 12.90530322492123 0 0 0 0 0 0 0 0 0 61.24142212420702 0.3392260670661926 0 0 0 19.67932289093733 2.445522159337997 6.919874593615532 0.8660667538642883 0.5251652598381042 0.6946593523025513 0 1.83941125869751 0 0 0 0 0 0 0 0.234438419342041 111.9328457713127 10.63061237335205 9.180857196450233 794.6502593979239 7.794804617762566 333.007529899478 96.09495422244072 1776.938979394734 131.2092867530882 2.494624726474285 35.05383292585611 52.61637395620346 0 12.91274239122868 4.83617490530014 47.22459703683853 2.490774035453796 0 0 0.3814505487680435 0.7581651210784912 1105.602344699204 456.5873276293278
218.3695887625217 2080.779202535748 1182.936507746577 147.4574723392725 1016.929531276226 8.594409331679344 204.8515743464231 1862.582617878914 1072.330813594162 57.93718019872904 1767.113232627511 59.74267853796482 1805.590865753591 2597.704839944839 16.65756768733263 4.436444945633411 0.1105759590864182 0.7365011125802994 0.09148436784744263 0.7739954814314842 13.96056481450796 0 3.197919331490993 3.764040075242519 3.365719109773636 10.60950854420662 1.07314532995224 4.387549243867397 1.419168658554554 1.546489663422108 401.1480500623584 169.7701030597091 269.5487987846136 0.6712186709046364 2.519230149686337 3.301783919334412 32.89464720338583 12.24918892979622 4.726237125694752 0.4855514541268349 19.16291645169258 6.281599886715412 0.3564402759075165 0.8680727407336235 0.3190808594226837 0.6985148638486862 60.23088221997023 0.4139997735619545 0.3519539311528206 0.2973476201295853 2.265072211623192 0.4878929406404495 0.4057930707931519 1.855952695012093 0.2174998670816422 0.2722150385379791 11.25164467096329 61.37989903986454 13.94648709148169 12.44767305999994 2.332029543817043 25.03175574541092 0.4505206346511841 15.59954614192247 0.6614190191030502 0.1127704605460167 0.5091904848814011 1.941009521484375 4.311708137392998 3.600502900779247 49.11438979953527 5.384263604879379 0 41.05040695518255 27.5410118624568 37.73039875924587 2.415731810033321 4.306307695806026 110.0326136052608 512.8089724853635 0.7060032933950424 238.2615600526333 1.922166645526886 0 0.2550058588385582 0.08798623830080032 0 0 0.1025937125086784 0.1140366196632385 0.3639838844537735 0.09321620315313339 10.67319854348898 1.504402033984661 0.4922524243593216 76.64220714569092 16.95705428719521 0.2639772221446037 3.621899396181107 44.60975494980812 0.1149146631360054 0.3429501354694366 1.371289871633053 0.8204575181007385 1.456710413098335 0.341774508357048 1.073081061244011 1.732219457626343 2.221440494060516 8.151289492845535 5.207272693514824 10.56877425312996 16.06242088973522 14.13881409913301 7.148358531296253 0.257095031440258 0.2706297114491463 0 0 0 0 0 0.1496232748031616 0 0 0.4121535569429398 0 0.107678160071373 0 0.2115369215607643 0.2459951639175415 0.6815366148948669 1.455549992620945 0.2782116830348969 1.580005317926407 4.153238549828529 0 0 0 2.687271244823933 0.7389857172966003 3.62424024194479 0.5849737450480461 1.187309354543686 0 0 0 0 0.1020826250314713 0 0 0.4959153831005096 0.113103836774826 0 0 0.1676054447889328 1.013750113546848 1.006918981671333 0 0 0 0.1925032436847687 0.4836670756340027 0 0 2.70638619363308 3.188324697315693 0.4140472710132599 0 0 0 0 0 0 0 0 20.19674998521805 0.3774893954396248 0 0 0 5.158583752810955 1.959159828722477 3.412918798625469 0.1983694657683372 0.4288072884082794 0.1306838095188141 0 0 0 0 0 0 0 0 0.1070952862501144 0 15.22138249874115 3.779156975448132 5.243384025990963 239.9809833690524 5.696260519325733 108.0248972401023 32.35764765739441 53.46034964174032 26.51133570075035 0.4015693962574005 27.32715417444706 6.396335944533348 0 2.95185624063015 0.152800127863884 4.297603756189346 0.5222633630037308 0 0 1.588734269142151 0 30.29006058722734 30.68940325081348
73.34960843622684 147.2931130453944 15.28252391517162 251.4213936030865 212.9758677855134 169.8773274347186 693.1281846910715 18.59817028790712 266.9971996843815 3842.721145160496 59.74267853796482 277.7035648226738 2359.75525546819 502.1021903455257 11.17910451442003 5.414473652839661 0.6875515729188919 1.131232067942619 0 0.5198926255106926 5.061862431466579 2.817786827683449 1.486224681138992 1.006067425012589 1.358330309391022 4.401505969464779 0.2762987464666367 4.116444393992424 4.809664867818356 0.3201583027839661 30.69900412112474 2.589149504899979 105.4751157984138 0.3983645886182785 0 0.1179324313998222 121.9409728273749 32.42383047193289 32.39363673329353 0.3406999856233597 9.194594070315361 4.638259567320347 0.8644827157258987 0.2922619134187698 0.3748088553547859 1.33834145963192 45.65415214002132 0.5067471563816071 0.2435775622725487 0.6135103106498718 1.872963652014732 1.208732008934021 6.373750939965248 1.093098260462284 0.1144103109836578 0.43821632117033 11.64987841248512 20.35488852113485 9.989532805979252 9.07395800948143 10.36488173156977 19.86116065084934 7.852877825498581 5.346291065216064 0.2768923714756966 0.2634027749300003 0.7558660209178925 2.697499968111515 3.682350523769855 2.388276763260365 288.588744789362 35.23876293003559 0.7838208228349686 26.55151949077845 16.09767653793097 23.38068146258593 0.890533022582531 1.274392753839493 0.2010179609060287 21.54899244010448 0 4.567258670926094 1.382273502647877 0 0.2175029739737511 0.2702780067920685 0 0 0.2208629548549652 0.756429523229599 1.164995618164539 0.4653975963592529 8.128514476120472 1.53641077876091 0.3262541592121124 1393.08756673336 215.8222975879908 3.041543707251549 46.65365336835384 121.0363876819611 4.103791035711765 4.6240528896451 11.9582683891058 3.540776744484901 15.62255790829659 28.65789613872766 10.72821454703808 10.3117668479681 40.03775149583817 57.10923081636429 26.10865367949009 129.4666999280453 166.6296477466822 168.8473984077573 66.87731951475143 0.2722432985901833 0 0.3188728988170624 0.7086195722222328 0 0 0 0.2464619576931 0 0 0.8800529316067696 0 1.084647357463837 0.5501660108566284 0 1.539143487811089 0.3268026188015938 2.048440620303154 1.192765437066555 6.106276251375675 28.40315997600555 0 1.95024311542511 0.3144114315509796 15.01302019506693 1.338291481137276 10.09026500582695 4.220802940428257 5.410827696323395 0 0 0 0.5421884059906006 0.6877212524414062 0.4210344254970551 0 0 3.21280762553215 0 0 0.445869505405426 2.255012862384319 1.190987832844257 0 0 0.3634588122367859 1.33531578630209 0.9788896888494492 0 1.01913570612669 8.598416969180107 13.7417728677392 2.998391732573509 0 0 0 0.3694161176681519 0 0 0 0.1268675327301025 143.456704698503 4.853269651532173 0.6100193411111832 0 0.145508348941803 37.28133200109005 3.010852560400963 13.96032564342022 6.028566740453243 1.252910509705544 0.7261189520359039 0.1454630196094513 0.7096040844917297 0 0 0.1350957751274109 0 0.2220285981893539 0 0.1098956093192101 0 161.5767070651054 24.0311786159873 23.93169716000557 319.753658272326 2.330588012933731 94.36480915546417 33.90867585688829 339.5937048047781 36.52047666162252 0.376383863389492 20.94620468467474 45.68254903703928 0.2428207993507385 19.04270293563604 3.23610507696867 25.77098824083805 6.219598039984703 0 0.8956916630268097 1.267791241407394 0.4570903778076172 899.4538253098726 468.3278512954712
290.6217210292816 1686.951964527369 226.3416346237063 1016.73825841397 965.9640379324555 105.3714163079858 2977.371201500297 299.2278846800327 1173.203639410436 3900.353904746473 1805.590865753591 2359.75525546819 4007.410992726684 2658.0179695189 31.41059117764235 12.76780771464109 0.1854793429374695 1.759973779320717 0.2340064570307732 0.70283392816782 8.624668873846531 2.153798773884773 2.017662093043327 2.160277463495731 1.865284115076065 6.525742307305336 2.439799800515175 6.677597299218178 8.435377404093742 1.431219667196274 134.1717626675963 9.73981536179781 745.1913202553988 1.051677949726582 1.230351567268372 6.148264557123184 443.4944992139935 143.4775022119284 94.7472515180707 4.097149237990379 22.19227208942175 5.467552930116653 0.8424839302897453 1.395954370498657 0.8367961645126343 4.044470280408859 94.56013122200966 0.9159730076789856 0.7279837504029274 0.9938839599490166 4.067978478968143 1.327857509255409 3.969459421932697 3.50749658793211 0.2071234509348869 1.031215250492096 23.58306027948856 64.68808217346668 25.47656843811274 19.97847954928875 11.70068241655827 250.9540804848075 5.985218927264214 17.56570664793253 0.8287417367100716 1.013087138533592 1.245023652911186 3.316826105117798 4.978109583258629 3.79522705078125 627.2115749940276 41.17437936365604 1.694844760000706 78.50510307401419 43.68134838342667 59.1434429064393 3.832796789705753 4.01799338310957 1.977212086319923 235.7571319714189 0.3345624133944511 45.70574053376913 4.652058407664299 0.1916718930006027 0 0.3460116907954216 0 0.1070779412984848 0.7343816086649895 1.32967047393322 1.350321561098099 0.8600483536720276 13.09494159370661 2.839381515979767 2.954007975757122 1625.786148168147 333.9688707366586 3.913567870855331 82.15570573508739 125.6474347785115 3.404310695827007 13.11029110848904 19.96366989612579 5.470522716641426 18.19989942014217 44.8480876609683 17.70190490782261 18.04564677923918 57.09874111413956 93.51245619356632 40.74344220012426 206.150596819818 281.1491223499179 257.8261994123459 104.1620600372553 1.749459341168404 1.162977501749992 0.1557432562112808 0.151215672492981 0 0 0.1259480118751526 0.1290738433599472 0 0 1.529710844159126 0.3606480956077576 0.4730321019887924 0.496539369225502 0.279267430305481 1.760910451412201 1.664185859262943 2.707434095442295 1.137575909495354 6.502520523965359 37.83229134976864 0.228861540555954 2.625106871128082 0.1265669614076614 28.8277605548501 2.311551094055176 14.08160109072924 8.422191798686981 12.57108902931213 0.2768626511096954 0.1946094632148743 0.104430302977562 1.725225299596786 0.2474897727370262 1.128186896443367 0 1.160123139619827 8.011973097920418 0 0 0.3546326011419296 4.813435941934586 3.089442305266857 0.4395261406898499 0.4686923027038574 0 3.678761884570122 2.942741475999355 0.7685884237289429 5.411546498537064 9.941306963562965 25.43274112790823 3.187112204730511 0.1096565052866936 0.4021981358528137 0 0 0 0 0 0.3358062952756882 221.3758485838771 8.913578420877457 0.7912587821483612 0 0.2829264998435974 62.62384189665318 5.312143795192242 22.02644014358521 3.206860721111298 0.09613311290740967 0.7333755344152451 0.3502541184425354 1.981889933347702 0.6153774261474609 0 0 0.1499354839324951 0.2573645114898682 0.2409123182296753 0 0 247.3809734657407 40.86271330714226 35.30169216543436 642.3018011301756 9.09956356137991 205.4452463164926 69.03874064981937 343.4443174600601 60.95638453960419 0.8795289769768715 49.75245336443186 66.07853379845619 0.641712486743927 31.04451213032007 5.80398628115654 39.05914089083672 6.221704930067062 0 2.604029774665833 3.247910901904106 0.7764886021614075 775.2697564214468 635.1109808385372
