487.2612531632185 1632.46542789042 424.7958008870482 1133.481395982206 3.153887182474136 178.8018690645695 95.88527954369783 35.23525117337704 0 580.2962031215429 19.91559845209122 11.37582631409168 4.556503929197788 2.823277831077576 2.368072137236595 1.098938301205635 0 0.2664952576160431 0 0.1226814910769463 0.1408513784408569 0.4745044708251953 0.175502210855484 0.5048745051026344 1.368730530142784 0.1510747373104095 0.3831784501671791 0.414950504899025 0.7375218421220779 0.155998095870018 971.9800496697426 8.231076210737228 3.060681901872158 0 0.273906834423542 1.48675762116909 2.378305278718472 0.8057671114802361 3.101052075624466 0.4330231249332428 0.1484028249979019 0.5174809843301773 0 0.151552177965641 0 0.3673062324523926 7.417614161968231 0.215593658387661 0.1980800479650497 0 0.1874060034751892 0.7795124650001526 1.365066796541214 0.4361799508333206 3.489837028086185 4.750645384192467 196.8583716824651 423.1773569434881 16.46604593098164 3.734755389392376 0.2669606730341911 1.094575271010399 0.1813177764415741 0.4604350253939629 1.40379223972559 0.4329675585031509 0.1000587046146393 0 0 0.1353715807199478 0.6681853160262108 13.8614831790328 1.157811522483826 49.43678052723408 3.415815733373165 4.856098420917988 0.8547126203775406 0.4464947581291199 6.279764376580715 23.41013840585947 0.4732159897685051 7.514741033315659 3.082790248095989 0 0.3139456883072853 0.8339440003037453 0.08445280790328979 0.5777817219495773 0.08994230628013611 0.3854164928197861 0.4043450802564621 0 0 0.1436902731657028 0 56.50781594216824 53.19250680506229 0.3580969870090485 5.083227686583996 962.9381556808949 0 5.009158343076706 0.4041173458099365 2.47117879986763 0.4061003625392914 1.682953491806984 1.762559443712234 0.257799357175827 2.009127527475357 5.406959369778633 0.8216787576675415 0.9364806711673737 2.205429032444954 0.2013745903968811 0 0 0 0 0 0 0 0 0 0 0 0.4215633869171143 0 0.1473935097455978 0 0 0 0 0 0 0 0 0 0 0 0.9294674322009087 0 0.1253617256879807 1.572879791259766 0.1116658300161362 0 0 0 0 0 0 0 0 0 0 0 0 0.1796992570161819 0 0 0 0 0 1.145578145980835 0.5910359919071198 0 0 0.8393944203853607 0 0 0 0 0 0 0 0.1673041731119156 0 2.905643068253994 0 0 0 0 0.6045467406511307 0 0.5967292785644531 0 0 0 0 0 0 0.1408224403858185 0 0 0 0 0 0 3.744831435382366 0 0.2337595224380493 279.7881788387895 0.4101737588644028 51.36991320550442 8.576170273125172 802.3235933184624 3.726678103208542 0.7694753482937813 0.9569119364023209 9.872001245617867 0 0 0.1302159875631332 36.18801362812519 0 0 0 6.508529394865036 0 330.0231711491942 7.526022851467133
1632.46542789042 3725.525327347219 2780.583554148674 2348.619941316545 1103.035141266882 233.404739446938 1663.910988308489 777.8561674878001 2023.188302867115 3044.678257197142 1007.888056226075 338.0293333604932 930.3392735645175 699.9191052094102 43.48729158937931 12.73250647634268 1.295284509658813 0.1688150390982628 0 0.9750945940613747 1.104853928089142 3.892170146107674 0.3501623421907425 1.068292915821075 5.322567537426949 0.9616676419973373 0.9071478471159935 2.864074468612671 1.358584053814411 0 550.8713450878859 14.64867763221264 73.62467981874943 0.2284840047359467 3.164462246000767 5.25733907520771 41.29142992943525 8.0295430123806 9.348049744963646 2.754022851586342 1.267554074525833 1.920897997915745 0.3403250202536583 3.496654771268368 0.08190331608057022 1.326730519533157 136.4015711024404 10.11273976415396 1.90941509604454 0.4641837179660797 0.2279878854751587 3.352911867201328 8.32936780154705 3.390443675220013 41.28274581581354 65.975291647017 270.3373707309365 562.6991132050753 105.9971238523722 53.05805974453688 1.933200061321259 8.520278051495552 1.30902487039566 42.62399036437273 16.06476134806871 4.87369979172945 1.195133537054062 1.725072115659714 0.3516514971852303 0.535726010799408 68.77760826051235 7.95087368786335 0.8042057305574417 373.4076223373413 72.54188579320908 104.0831063613296 16.39490509778261 6.416931547224522 13.57090802490711 73.3932388946414 3.336873311549425 28.88961410522461 46.74172632396221 1.1910021007061 6.275733463466167 8.440260984003544 1.601240903139114 0.1182161495089531 1.271156772971153 0.5845402181148529 0.3648668900132179 0.468479610979557 0.5806285887956619 1.53342130035162 1.026036597788334 50.55125597864389 12.6428704932332 0.7761291265487671 40.53887202590704 320.5712874084711 0 1.510491847991943 2.777327984571457 4.855522081255913 0.4588867425918579 11.44975057989359 0 3.488259568810463 7.427472628653049 9.767501756548882 2.874832354485989 16.04232577979565 13.91199084371328 3.187733754515648 8.107265681028366 0.1740764826536179 0 0 0 0 0 0.2748513221740723 0.8797241747379303 0 0.2826292514801025 0.163041740655899 0 0.5621209442615509 0.2245068252086639 0 0.8301030322909355 0.6438208818435669 0.1533827483654022 0.1157305985689163 0.1494015753269196 0.9868010878562927 0 2.105006635189056 0.207786425948143 3.59612787514925 2.282026380300522 2.243510603904724 3.660140134394169 3.146963864564896 0 0 0 0 0 0 0 0 0 0 0 0 0.8911249935626984 0.2750878855586052 0.1018348634243011 0 0 0.1090302392840385 0.1030455231666565 2.678222447633743 0 2.526532463729382 2.57136395573616 0 0 0 0 0 0 0 0 0 15.35989255458117 0.3277661502361298 0.2816443145275116 0 0.1200356334447861 3.883023343980312 0.2313062846660614 5.013545259833336 0 0 0 0 0 0 0.1111264675855637 0.08258295059204102 0 0 0 0 0 15.35017746686935 3.493200868368149 8.616075858473778 716.6863074228168 17.01536843180656 744.0785219147801 172.1156179085374 591.9639305695891 74.3573254942894 3.060050189495087 32.50666226446629 13.43590202927589 0.560166172683239 1.806542903184891 0.3613427132368088 23.97379787266254 0 0.2328630909323692 0.1398996710777283 20.7183203920722 0 221.3826300352812 11.10423417389393
424.7958008870482 2780.583554148674 1141.506114020944 200.1189424619079 601.5419443100691 12.17953379452229 209.1347873285413 5194.910829871893 1963.944715991616 135.1583747044206 2409.208079650998 677.2729553058743 1177.248217858374 1229.423265464604 24.76761583983898 16.24678932130337 1.214671462774277 0.6034072116017342 0.1020555421710014 0.5977215394377708 1.797344878315926 12.02493163943291 3.080585964024067 2.420478336513042 14.21880968660116 0.9348239377140999 6.759981513023376 3.664280205965042 1.616663798689842 2.250038489699364 2033.268291331828 345.7861244231462 262.2930877134204 0.2581710964441299 15.46541731804609 13.67870455980301 98.74089649319649 22.20542009919882 15.82603695988655 6.412697561085224 2.634201169013977 5.475135244429111 0.309707909822464 0.5872889757156372 0.1693778038024902 0.8678659275174141 60.51553729176521 4.185593023896217 0.8314400315284729 0.5856532603502274 0 10.80842406302691 18.05165504664183 9.776304870843887 16.11291274428368 27.9566051736474 142.7607885152102 525.4864690005779 41.97749733924866 20.43638129532337 7.544866010546684 22.3795457482338 3.37302078306675 30.30247043073177 6.807825647294521 1.765203326940536 0.1990502923727036 0.3748973682522774 0.1109421849250793 2.595756575465202 115.1264809295535 15.13742622733116 4.140407629311085 177.6563279703259 45.67859475314617 53.38314834982157 11.74845557659864 24.44565586745739 103.9549671038985 386.7477085962892 7.61129217594862 113.1758152991533 13.96014434844255 0.6038616821169853 2.983395978808403 3.275417931377888 1.221344023942947 0.6713902279734612 0.4752573445439339 1.721246838569641 0.4868439808487892 0.3435364961624146 1.333896271884441 1.614079117774963 3.276975102722645 42.82733434438705 5.530711315572262 3.110982224345207 21.47463747859001 108.0883636027575 0 0.9525446146726608 0.5575612932443619 0.4296131134033203 1.624912261962891 5.366946309804916 0.2748781442642212 2.367916919291019 1.663554526865482 4.472650222480297 2.480433747172356 8.196646176278591 7.37329164147377 1.674414128065109 3.793402567505836 0 0 0 0.09361131489276886 0 0 0 0.5530648529529572 0 0.847301721572876 0.9113495796918869 0 0.6656701043248177 0 0 0.9794702678918839 0.2711493149399757 3.705055505037308 0.4261803403496742 0.3628847301006317 0.1488896161317825 0 1.803102411329746 0.9757955372333527 3.142682589590549 2.39243371784687 2.806801274418831 4.289308205246925 0.3049478009343147 1.419121146202087 0 0 0 0 0 0 0 0 0 0 0.1867020428180695 1.350883811712265 2.332986883819103 0 0 0 0 0 0.2381604313850403 0 0 4.303243145346642 0 0 0 0 0 0 0 0 0 17.36990447342396 1.21811631321907 0.4083614647388458 0 0 2.494774922728539 0.4162977784872055 3.377367176115513 0 0.09485943615436554 0 0 0 0 0 0 0 0.1222030222415924 0.09926830232143402 0 0 13.39425698667765 3.220724672079086 4.761911354959011 335.8311224728823 6.504276283085346 293.069017842412 80.42506796866655 161.1784438863397 24.79034739732742 3.758027695119381 14.01623161882162 5.099653847515583 0 0.2407630831003189 0.09481201320886612 9.446993246674538 0 0.2872259467840195 0 4.868004657328129 0 66.36915365606546 7.79041463881731
1133.481395982206 2348.619941316545 200.1189424619079 587.5641845911741 7.624982103705406 348.6688391491771 1011.4336373806 1.017218142747879 0.252436488866806 2445.606070138514 0.9035186395049095 595.0224128738046 595.4954678490758 0 2.156892783939838 0.6368926987051964 0.1711415946483612 0 0 0 0 0 0 0.09866999834775925 0.1256876140832901 0 0 0 0 0 88.44148200750351 0.4457901194691658 0 0 0 0.1630803197622299 1.127315081655979 0 0.7257081568241119 0 0 0.2243523225188255 0 0.400105394423008 0 0 7.223637536168098 1.26565370708704 0 0 0.2337613627314568 0 0 0 5.385806433856487 6.48789756000042 59.30401300638914 88.25578330457211 14.00596307218075 4.380929745733738 0 0 0 0.6021315157413483 1.357798367738724 0.3821648582816124 0.1205071434378624 0.1055001839995384 0 0 1.272830486297607 3.078020572662354 0.3137013167142868 51.34890542179346 4.617879346013069 5.184756435453892 1.055220901966095 0 0.1788821965456009 0 0.1254483312368393 0.5642931163311005 3.550449959933758 0.3660981506109238 0.5017337873578072 0.6544251069426537 0 0 0.1825524196028709 0.1208259463310242 0.120014913380146 0.1183192133903503 0 0.1184276938438416 0 16.92693639546633 3.356353834271431 0.1884229183197021 4.752314113080502 308.6239013820887 1.114036321640015 3.58999191224575 16.80577889084816 12.60700142383575 0 19.14852056652308 0.452323243021965 0.136637955904007 24.29206503927708 9.833674728870392 1.462206616997719 1.106866754591465 3.481152251362801 1.005001820623875 0 0 0 0 0 0 0 0 0 0 0 0 0 0 0 0 0 0.2441946119070053 0 0 0.4227656424045563 0 0 0 0 0 0 0 0.4087220430374146 0 0 0 0 0 0 0 0 0 0.1735333055257797 0 0 0 0 0 0 0.0974828377366066 0 0 0 1.208321779966354 0 0 0 0 0 0 0 0 0 0 0 0 1.971662402153015 0.1583832204341888 0 0 0 1.183509945869446 0 0 0 0 0 0 0 0 0 0 0 0 0 0 0 2.382970362901688 0 0.6576389074325562 176.0672338157892 0.6547021567821503 76.161816008389 14.71922882646322 424.6501757577062 6.674485266208649 0.5571959018707275 1.163879036903381 16.47427855432034 0 0.2161145582795143 0 26.31031155586243 0 0.1112590655684471 0 0 0 324.0473439991474 6.171923644840717
3.153887182474136 1103.035141266882 601.5419443100691 7.624982103705406 2654.591291680932 3.63058565557003 3342.588719919324 407.4628086388111 6552.988736286759 706.7879148945212 1231.485283993185 207.1474177241325 1248.080791138113 811.6444697976112 15.0017366707325 5.721705764532089 0.5621035918593407 0.199358768761158 0 0.2271155714988708 0 0.1945574283599854 0.1019250750541687 0.1156463995575905 0 0.0742536187171936 0.2403653934597969 0.2740655466914177 0.1342470496892929 0 45.98629257827997 4.692485399544239 5.920674316585064 0.1128634288907051 0.2043271064758301 0.6914414763450623 8.294499889016151 1.196192629635334 1.320768289268017 0.3074910938739777 0.1449643522500992 0.2980446740984917 0 0.2463524863123894 0 0.7333573848009109 44.32609179615974 4.77513363212347 0.1012095659971237 0.1870679780840874 0.09323062002658844 0.094480000436306 0.499895952641964 0.1580285578966141 7.170400537550449 10.86977882683277 33.021085716784 66.34514442831278 16.15247654914856 12.20712979137897 0.1165208742022514 1.415358707308769 0 17.93101008981466 4.138546794652939 0.7632303610444069 0.08084111660718918 0.4342858195304871 0 0.2380720674991608 36.48238269984722 0.1281100660562515 0 60.69324158132076 22.52428989857435 37.57945746928453 7.589170336723328 0.7078198194503784 7.628235049545765 9.652507893741131 0.1950774565339088 3.495027802884579 10.6458251029253 0.08059027791023254 1.489926300942898 2.253151163458824 0.2837967127561569 0 0.3635651096701622 0 0 0 0.193443238735199 0.4430086612701416 0.06358480453491211 41.20914751291275 5.064027845859528 0 25.45886521786451 1.126555509865284 0 4.079510688781738 0 1.006116151809692 0 13.5900435000658 0 1.914284378290176 4.997740373015404 6.968028038740158 1.637336790561676 9.187533482909203 13.71376488357782 4.984182849526405 8.765466094017029 0 0 0 0 0 0 0 0 0 0 0 0 0 0 0 0 0 0 0 0 0 0 0.7195090651512146 0.2782595157623291 2.05858863145113 1.678089439868927 4.873241782188416 2.019777983427048 0 0 0 0 0 0 0 0 0 0 0 0 0 0 0 0 0 0 0 1.153619647026062 0.5696660876274109 0 0 5.391469806432724 0 0 0 0 0 0 0 0 0 17.37410306930542 0 0 0 0 4.499411284923553 1.598066866397858 3.618640899658203 0 0 0 0 0 0 0 0 0 0 0 0 0 10.18420301377773 2.774790741503239 4.852399945259094 264.5739107728004 5.324367925524712 199.0784342139959 41.79181005805731 66.9658724591136 25.7243185043335 1.029196389019489 10.11708568036556 3.618772923946381 0 0.5074121206998825 0 23.14917540550232 0 0 0 1.690825283527374 0 48.73721919953823 5.792198210954666
178.8018690645695 233.404739446938 12.17953379452229 348.6688391491771 3.63058565557003 7.210420995950699 18.03641021251678 0.7280945479869843 5.732487700879574 315.706279233098 3.172194853425026 155.8951068073511 64.3119565024972 4.085143141448498 0.4870900586247444 0.9476110488176346 0.1370765864849091 0 0 0 0 0.3050551936030388 0 0 0.2727040350437164 0 0.1586621403694153 0 0 0 18.51710939407349 0.8343481719493866 1.405968502163887 0.1629140824079514 0.8072552680969238 0.5714422166347504 3.442012906074524 2.950993746519089 17.64743161946535 0.6452028900384903 0 0 0 1.232517912983894 0 0.3021540939807892 0.3130888342857361 0 0 0 0 3.523840397596359 4.191191211342812 0.1247402355074883 0 0.2676326483488083 73.89650721102953 5.299471542239189 0.92637799680233 0 0.3997562676668167 1.688339740037918 1.679703444242477 0.1386636048555374 0 0 0 0 0 0 2.341267138719559 179.7790552526712 12.015983261168 0.4464996606111526 0.6398473381996155 0.3386411741375923 0.1753954440355301 0.1042573750019073 0 0.7316758036613464 1.398106291890144 1.082091242074966 0 0.5192157924175262 0 0 0 1.820738293230534 0 3.676870450377464 0 0.4367714524269104 0 0 0 156.6795377284288 112.5470452904701 19.08763639628887 29.20839270204306 195.2671113759279 0 1.49136483669281 0.2001725286245346 0.2553696036338806 0 1.778563350439072 0.4690962880849838 1.31179042160511 0.9680020362138748 3.588492780923843 0.1568722724914551 0.8711545467376709 0.9585378170013428 0.1603320091962814 0 0 0 0 0 0 0 0 0 0 0 0 0 0 0 0 0 0 0 0 0 0 0 0 0 0 0 0 0 0 0 0 0 0 0 0 0 0 0 0 0 0 0 0 0 0 0 0 0 0 0 0 0.3565416634082794 0 0 0 0 0 0 0 0 0 0.5686373710632324 0 0 0 0 0 0 0 0 0 0 0 0 0 0 0 0 0 0 0 0 1.646424308419228 0 0 20.31671820580959 0.7686135172843933 0.6695595979690552 1.51703667640686 56.17483866214752 1.675066351890564 0 0 1.185372233390808 0 0 0 5.694481074810028 0 0 0 1.285907238721848 0 39.16429867595434 2.286577075719833
95.88527954369783 1663.910988308489 209.1347873285413 1011.4336373806 3342.588719919324 18.03641021251678 922.7471670880914 30.14621754735708 3105.492486655712 3191.598378777504 296.8000816628337 969.4716882333159 4302.999745026231 3427.470475278795 11.55718975514174 4.621552906930447 0.6434517949819565 0 0.1166800856590271 0 0.702344685792923 0.1730267107486725 0.2000955790281296 0 0.5091696530580521 0 0.115577831864357 0.1594776660203934 0 0 41.50178296118975 3.805683016777039 15.57249838113785 0.09502129256725311 0.3662820681929588 0 12.86297731101513 0.7646092027425766 1.352098815143108 0.2656300291419029 0 0.1194778084754944 0.1855178028345108 0.5173773244023323 0 0.9049251675605774 42.1229045689106 3.581296287477016 0.7126693055033684 0.08775677531957626 0 0.1725980043411255 0.3274575993418694 0.1849833130836487 8.430756732821465 14.62242144346237 43.84634291380644 85.41803483664989 25.67822334170341 13.82805256545544 0.4154892414808273 1.588207259774208 0 13.87348937243223 4.33053395152092 1.281494304537773 0.1794675439596176 0.3133744746446609 0 0.09884563088417053 31.35257470607758 0.8701722323894501 0 73.04722376167774 20.94627517461777 31.80201724171638 5.343516148626804 1.025296568870544 3.994736477732658 9.019939370453358 0.9981421679258347 2.77289717644453 11.42422885447741 0.6486022546887398 1.501708179712296 2.001782089471817 0.7519944831728935 0.2150364071130753 0.8601459786295891 0 0 0 0.3099607154726982 0.1055044457316399 0.1797856464982033 45.47928146272898 7.46557828783989 0 29.19913971424103 28.06959889084101 0.3853187561035156 4.302711218595505 6.854530796408653 8.671995922923088 1.29375159740448 45.87956012785435 2.271141827106476 27.27366901934147 45.39178734272718 9.578580304980278 2.144631907343864 70.19154407829046 35.24881069362164 4.068898275494576 3.203924030065536 0 0 0 0 0 0 0 0 0 0 0.1631419807672501 0 0.1439912170171738 0 0 0 0 0 0 1.898896068334579 0 0 1.018056571483612 0 4.370406597852707 3.354485660791397 1.148901909589767 2.299529306590557 1.700557947158813 0 0 0 0.1266136765480042 0 0 0 0.1014523506164551 0.2581349685788155 0 0 0 0.205252006649971 0 0 0.09875937551259995 0 0.089424729347229 0.09655052423477173 0 0 0 4.40673241019249 0 0 0.1749925836920738 0 0 0 0 0 0 14.23444917798042 0.1208677664399147 0 0 0.09197157621383667 3.945885509252548 0 6.624392971396446 0.3771239221096039 0.4181412905454636 0.3497165217995644 0 0 0 0 0 0 0 0 0 0 15.4387342184782 3.623738378286362 2.675914280116558 262.1714178174734 5.629457421600819 236.4196570590138 56.13284615427256 115.014920823276 36.74457824975252 1.495301514863968 7.784529782831669 4.476705104112625 0 1.338505506515503 0.8343337774276733 19.16685897111893 0 0.4061380177736282 0 0.2550362795591354 0 79.58923548460007 5.430600494146347
35.23525117337704 777.8561674878001 5194.910829871893 1.017218142747879 407.4628086388111 0.7280945479869843 30.14621754735708 1645.727271459997 449.5929613932967 8.545315317809582 2802.632760703564 138.4913970530033 456.3324866220355 626.016168192029 53.92806605249643 33.72338523715734 2.604480430483818 3.588386058807373 0 6.596470020711422 32.6821533292532 12.19272361695766 22.93122215569019 26.55745216459036 22.33464528620243 7.757386192679405 20.41931089758873 17.58416972309351 1.841329343616962 6.302669696509838 549.8669421672821 1133.698400683701 36.58462125808001 3.664038106799126 45.35773897916079 23.46507129073143 18.5207951515913 8.960929736495018 11.98034812510014 9.03574026376009 35.96200701594353 36.00444027781487 6.579205125570297 2.937573865056038 0.234964594244957 24.25880093127489 160.0577389374375 5.781948812305927 4.275722503662109 6.055634938180447 2.588346302509308 19.80304228514433 9.114383891224861 29.96760126203299 10.49685470759869 17.07056817412376 54.60387904942036 192.4698474928737 23.13410463929176 23.88303040713072 123.2538431659341 36.54744232445955 24.79845075309277 52.20784056186676 5.6467105448246 2.478814370930195 1.733576819300652 2.136241160333157 5.460105180740356 59.54408344626427 22.07376462966204 9.999996617436409 7.248978339135647 107.3240556567907 62.27871319651604 88.51408373564482 35.69475399702787 56.65647006779909 1376.200381137431 1336.962656222284 292.1627887710929 1085.138061985373 18.06075169891119 0.2916034907102585 3.111080907285213 4.558300398290157 2.399597965180874 0 1.262952975928783 0.4988625645637512 3.662153445184231 2.504976280033588 25.0863998606801 11.30557658523321 20.49403371661901 8.401129633188248 9.828325197100639 1.377325609326363 8.446182616055012 15.31614615023136 0 0.2733471393585205 0 0 0 0.7915967702865601 0 1.350549802184105 0.9044004827737808 0.7454024255275726 0.7956282198429108 1.419833973050117 1.587128177285194 0.4668614417314529 1.412939310073853 0.5581542998552322 0 0 0 0 0.4839762151241302 0.3240872174501419 1.967191651463509 0 2.330400034785271 7.065683126449585 0.3460826277732849 0.1284777522087097 1.561822101473808 0.9991844221949577 9.342005223035812 0.4092314913868904 5.509194411337376 1.232305914163589 0 0 0 0.9829349219799042 0.4411044716835022 2.424451872706413 0.6364993751049042 0.9341630563139915 3.498544476926327 0.7682062163949013 7.261432245373726 1.368831485509872 0 0 0.1596215963363647 0.8944037854671478 0.1453070640563965 0 0 0 0 0.9730427488684654 2.886192843317986 10.14329872280359 0 0 0 0 0 0 0 0.09699472784996033 0.3318321853876114 0 0 0 0 0.1142043396830559 0 0 0.1454043835401535 0.5950095802545547 3.630747705698013 1.364545531570911 1.478544510900974 0.09381397813558578 0.9203725978732109 1.233287125825882 0 2.88918174803257 0 0 0 0 0 0.09744349867105484 0 0 0 0 0 0.1283857673406601 0 1.898191936314106 1.440901823341846 2.373410426080227 596.5477974936366 17.3498570099473 523.0055507458746 136.2153023406863 162.8710293024778 59.34186542034149 1.533810742199421 32.75681358575821 5.07173453271389 0.837372399866581 0.4038034230470657 0.6995970904827118 0.9475297629833221 0 0.220331221818924 0 13.71372550725937 0.3814761638641357 29.48183020949364 2.028535634279251
0 2023.188302867115 1963.944715991616 0.252436488866806 6552.988736286759 5.732487700879574 3105.492486655712 449.5929613932967 755.7808156758547 210.1150986850262 811.8787582367659 277.8743389472365 2152.274265781045 2047.861773662269 3.964863628149033 2.467215567827225 0.1272817552089691 0.1312574446201324 0 0 0 0 0 0.1445778608322144 0.4112496823072433 0.1225349083542824 0 0 0 0 4.315736070275307 0.1642242223024368 44.0424786657095 0 0.1698164045810699 0.3619520962238312 46.66627398878336 3.689678035676479 0.7609374150633812 0 0 0.3533238023519516 0 0 0 0.07685010135173798 9.312310285866261 0.1849851235747337 0.8779307827353477 0 0 1.530367434024811 0.7680023908615112 0.2577098459005356 0.7091684117913246 1.333032466471195 3.450113534927368 6.808215655386448 2.648782044649124 1.948911421000957 0.5498783588409424 4.786421060562134 0.2772703766822815 3.247449524700642 0.6869666501879692 0.07272650301456451 0 0 0 0.3168111145496368 36.44217048585415 2.673579283058643 0.1413613557815552 7.723669312894344 3.631417192518711 7.943259909749031 2.071144685149193 1.570711091160774 2.431870356202126 44.13453730195761 0.5257178246974945 4.373655088245869 1.276635847985744 0 0.2062228322029114 0.2505405023694038 0.3460403606295586 0 0.08463027328252792 0.2072291299700737 0.08229298144578934 0.1235919743776321 0 0 0 34.20012181997299 2.821241825819016 0.1948367059230804 11.39630711823702 2.660637080669403 0 2.247556418180466 0.5400406718254089 0 0 8.744282186031342 0 4.561387330293655 4.342575743794441 5.068357512354851 2.573789536952972 6.707742854952812 7.449108004570007 1.354325085878372 3.691996350884438 0 0 0 0 0 0 1.197888612747192 0 0 0 0.1823450028896332 0 0.2499233037233353 0 0.2023998200893402 0 0 0.1712839305400848 0.4317978322505951 0 1.200658559799194 0 0 0 0.895203486084938 0 0.9487852305173874 0.1277924031019211 0 0 0 0 0 0 0 0 0 0 0 0 0 0.1209699064493179 0.4257397130131721 0 0 0 0 0.2580275237560272 0.787646621465683 0 1.059120297431946 1.677552759647369 0 0 0 0 0 0 0 0 0 8.711061477661133 0 0 0 0.2325721681118011 1.960123896598816 0.7999593019485474 3.522934541106224 0 0.8936519026756287 0 0 0 0 0 0 0 0 0 0 0 8.662171810865402 1.675214141607285 1.320548817515373 58.35767278075218 0.6828819215297699 38.48174584656954 9.657981775701046 16.51511108875275 4.028938442468643 0.2467028349637985 3.406274072825909 2.221705704927444 0 0.2934232950210571 0 4.774205610156059 0 0 0.2435642182826996 1.358966946601868 0 24.88560760766268 5.772501014173031
580.2962031215429 3044.678257197142 135.1583747044206 2445.606070138514 706.7879148945212 315.706279233098 3191.598378777504 8.545315317809582 210.1150986850262 2124.099893689156 73.06030859053135 2303.142847217619 2867.998730555177 461.6601939946413 2.155784077942371 1.535767249763012 0.3896819353103638 0 0 0 0 0.1616000682115555 0 0 0.2374709695577621 0 0.1345034837722778 0.5096655935049057 0.2374618947505951 0.2941185384988785 20.83785030245781 0.1115352660417557 13.53913328051567 0.3186473175883293 0.781264528632164 0.1698526293039322 5.279187940061092 0.8224696964025497 6.464420355856419 0.2550962790846825 0 0.4970389232039452 0 0.2577786296606064 0 0 6.16213995963335 0.4731687307357788 0.149882510304451 0 0 0.4468666464090347 1.999938264489174 0.4855581521987915 1.012330546975136 1.040059559047222 67.17849698662758 35.81753040105104 6.815168023109436 1.606595903635025 0.1372644156217575 1.086958646774292 1.365794770419598 1.002180337905884 0.6611829400062561 0.08035524189472198 0 0.5909772515296936 0 0 22.7419691234827 72.45395777374506 2.336520418524742 16.61792192608118 2.306251838803291 3.395777441561222 0.6425827965140343 0.6830210164189339 0.8982920050621033 1.416827321052551 0.3947688639163971 1.085875384509563 1.017395839095116 0.1821571439504623 0.4575756639242172 0.1631740406155586 0 0.5999454706907272 0.09649120271205902 0.6935304254293442 0 0.1278764009475708 0.0949837937951088 0 0.1447279751300812 191.4007607251406 38.04150575399399 6.999909862875938 19.19924759119749 350.2515366971493 0.6752330958843231 30.14442391693592 23.08393809199333 16.85444862395525 4.609892457723618 125.9320343062282 9.288911208510399 27.4655629992485 141.8296115323901 108.4858869463205 12.24540120363235 108.4992119148374 68.01996399462223 14.83217486739159 15.17978920042515 0.1359422355890274 0 0 0 0 0 0 0.6981929540634155 0 0 0.1250156313180923 0 0.08198432624340057 0 0 0 0 0 0.09265368431806564 1.404631979763508 3.533492535352707 0 0 0 4.09199233353138 1.892446130514145 2.049151301383972 1.924156159162521 0.5942654609680176 0 0 0 0 0 0 0 0 0 0 0 0 0.279065415263176 0 0 0 0 0.2076816111803055 3.003965966403484 14.93781563639641 0 0 6.793512091040611 0.3596728444099426 0 0 0.09122363477945328 0 0 0 0 0 50.70621395111084 0.8974926471710205 0 0 0 8.309917032718658 2.18427312374115 2.567662835121155 0.1638016849756241 0.3365261256694794 0.115666851401329 0 0 0 0 0 0 0 0 0 0 85.75169887393713 2.513255007565022 5.128796651959419 349.9160696566105 2.721436709165573 34.1538479924202 9.586881175637245 381.0691976025701 6.680094517767429 4.603122889995575 1.250196054577827 87.59730201214552 0 1.371018886566162 1.782384067773819 258.9714730903506 0 0.3533645272254944 0 1.342626184225082 0 981.4365640580654 91.2178173661232
19.91559845209122 1007.888056226075 2409.208079650998 0.9035186395049095 1231.485283993185 3.172194853425026 296.8000816628337 2802.632760703564 811.8787582367659 73.06030859053135 1503.861200734973 324.9766780138016 1153.571226865053 2057.978689111769 15.56622129678726 13.5431165844202 0.550592839717865 0.5301888361573219 0.1059654802083969 0.9957310855388641 5.244311153888702 44.87400130927563 6.722907908260822 9.616947703063488 58.11400321125984 6.20925198495388 20.03402306884527 10.03536003828049 11.08124905079603 10.72269274294376 209.2355599179864 437.8110080435872 1832.820770144463 0.5560290440917015 57.11679657548666 98.42985484749079 420.633666343987 415.8819240406156 118.5537335127592 44.46848185360432 8.3181012570858 8.658927522599697 0.4152655228972435 0.8121406361460686 0 2.866443052887917 37.02260661125183 2.261840596795082 1.568460211157799 0.7702780961990356 0.07364626228809357 43.24421594291925 83.14379335194826 32.36615855246782 2.460029244422913 4.793769426643848 20.84456031769514 50.36003219336271 7.209291636943817 6.535388939082623 14.99923570454121 591.3639905974269 23.57876419275999 13.03445822745562 1.703203618526459 0.7479616850614548 0.2505308538675308 0.1092442125082016 0.1630038619041443 4.455547757446766 174.1001016721129 52.22430071979761 16.50239203125238 35.19516177475452 15.07554130256176 24.02133238315582 7.451276823878288 7.210338279604912 19.59606902301311 1418.219144873321 37.52024266123772 422.4106845483184 4.089201509952545 0.308687150478363 0.70124351978302 0.6599085703492165 0.4997673481702805 1.266983561217785 0.2712324410676956 4.394104167819023 1.472184792160988 1.670428760349751 1.659078523516655 2.834131218492985 12.97947559505701 61.89934644848108 10.31757958233356 7.561550565063953 65.9001238271594 8.229426845908165 0.3149417787790298 2.157450944185257 0.7012839019298553 0.1500765681266785 1.365897551178932 2.667479738593102 0.8260070532560349 1.577761672437191 7.395010933279991 10.20617412775755 4.843135327100754 12.76471748948097 14.23911069333553 5.272923640906811 11.76079900562763 0.0902874618768692 0 0 0 0 0.1183290183544159 0 1.518103219568729 0 1.458492338657379 1.445498645305634 0.3665114939212799 2.844946078956127 0.8916803598403931 0.7146984711289406 2.483098797500134 1.646981924772263 4.315075933933258 0.09100881218910217 0.5556875616312027 0 0 3.037035740911961 0.2734698131680489 13.38263916969299 6.707252085208893 6.386402763426304 7.045399099588394 1.355861067771912 3.362482324242592 0.4704984128475189 0 0 0 0.127974659204483 0 0 0.6724169552326202 0 0 0.4180045425891876 5.666809797286987 6.292051427066326 0 0.1545502990484238 0 0 0.1048247888684273 0 0.1003924608230591 4.566202022135258 12.66100683063269 0 0.2028812021017075 0 0 0 0 0 0 0.1110091656446457 45.24011445045471 2.767914921045303 3.79942774772644 0.0806700587272644 0.4782483279705048 6.702455259859562 0.481594130396843 10.34894853830338 0.3414861261844635 0 0.2628640234470367 0 0 0 0 0 0 0 0 0 0.2867198884487152 20.43225314468145 9.542506620287895 11.9467203989625 204.7494497969747 4.721413515508175 115.9167747274041 39.68316792696714 48.28446601331234 18.73958637565374 0.2561051845550537 10.82184702903032 14.75129396468401 0.897749662399292 2.358742661774158 0.696103923022747 19.44057444483042 0 0.09913429617881775 0 3.393782719969749 0 38.48459139466286 15.32357029616833
11.37582631409168 338.0293333604932 677.2729553058743 595.0224128738046 207.1474177241325 155.8951068073511 969.4716882333159 138.4913970530033 277.8743389472365 2303.142847217619 324.9766780138016 116.6169610992074 1201.100378610194 179.2431108355522 17.47079662978649 27.97617627680302 0.4326716735959053 0.2227934300899506 0 0.6764895766973495 0.4831674322485924 14.02189704030752 0.7620668485760689 0.6848854050040245 12.20620577782393 0.4852568209171295 2.723675258457661 3.175155572593212 3.76615284383297 1.835725255310535 17.68849165737629 3.851818136870861 224.3281067684293 0 9.344476863741875 20.63954953104258 151.749574020505 101.5549189299345 30.28635705262423 8.85704093426466 1.45926807820797 1.827921666204929 0 4.122295737266541 0 1.778645895421505 26.6329657882452 0.6133805811405182 0.8641487285494804 0 0 17.74766397476196 44.65102622658014 6.910576663911343 1.198463514447212 2.28584323823452 11.45023381710052 11.37649234384298 4.819858729839325 2.84875301271677 4.608805313706398 164.218017026782 5.737781152129173 7.347935229539871 0.3923122361302376 0.09093034267425537 0.417646624147892 0.2522917091846466 0.1325369030237198 0.6646516993641853 137.8612896353006 49.0747480019927 7.232486858963966 11.94092810899019 6.094341866672039 16.34992978721857 12.13762502372265 14.35644680261612 0.8366678208112717 77.5367279946804 2.489823468029499 48.34488495439291 2.460045546293259 0.3693586513400078 0.2613065764307976 0.07917367666959763 0.3592325150966644 2.773155197501183 0.1583351045846939 3.275309003889561 0.5789731070399284 0.3337337151169777 0 1.004247836768627 1.963075637817383 741.791194178164 47.17623800784349 10.00601284205914 70.11307146400213 21.0522652938962 1.276799358427525 22.63889016956091 11.45374132692814 3.91619798541069 10.19712410122156 71.36051760613918 9.136513903737068 39.90046167373657 57.41263680160046 89.94726879149675 22.24193600565195 104.5234430059791 97.50429448485374 25.24858349561691 51.3195693269372 0.2532630488276482 0 0 0 0 0 0.1637619435787201 0.7607203125953674 0 1.503518313169479 0.1858931630849838 0.3175829201936722 1.027612641453743 0.1352790594100952 1.659588418900967 1.446674473583698 3.045525684952736 2.447893463075161 0.7265801802277565 3.032725714147091 1.891903854906559 0 4.716070331633091 1.215964607894421 21.59704230725765 8.229048728942871 17.07032014429569 16.530298627913 2.026105880737305 0.2619406580924988 0.1513753980398178 0 0 0.1161036416888237 0.6340085715055466 0.2259930223226547 0.1770398914813995 1.941871762275696 0 0.4510811269283295 0.1189818978309631 7.748652838170528 1.531896404922009 0.09184989333152771 0 0 0.3715105503797531 1.24586246907711 7.368320532143116 0.4976207911968231 6.011425487697124 33.91299135237932 0 0 0.06846940517425537 0 0 0 0 0 0 159.0615601837635 4.305414326488972 0.7724442407488823 0 0.2367966175079346 20.77109348028898 1.030509687960148 28.76526898890734 0.6774122565984726 0.3887437805533409 0.2043702155351639 0.1043256893754005 0 0 0 0.1216911450028419 0 0 0 0.1231080517172813 0 145.953881777823 17.59964361786842 31.49558497965336 357.51579772681 6.446682684123516 97.74144444614649 31.22169926762581 112.4092150330544 11.27905185520649 0.6329350471496582 10.68670104444027 80.19473840296268 0.8803055882453918 5.339591652154922 0.9516753926873207 170.8041207566857 0.3822457045316696 0 0.1136986538767815 5.255806021392345 0 634.4840729981661 93.02518193423748
4.556503929197788 930.3392735645175 1177.248217858374 595.4954678490758 1248.080791138113 64.3119565024972 4302.999745026231 456.3324866220355 2152.274265781045 2867.998730555177 1153.571226865053 1201.100378610194 2892.152703367174 2082.094545923173 36.19865088909864 44.87346659600735 1.077273204922676 0.235839419066906 0.1167944222688675 0.3468155488371849 0.4203237742185593 8.339505985379219 1.26585877686739 1.508725374937057 12.32125033438206 0.743208684027195 2.24077670276165 3.680617734789848 2.275375060737133 1.759026706218719 17.98697777092457 3.521151669323444 396.5175647437572 0.09902376681566238 12.0533219948411 14.2987599670887 150.7786927819252 136.2509989365935 74.12883038818836 8.516110479831696 0.5684715509414673 2.077005676925182 0.5293323770165443 2.641321890056133 0.06841141730546951 0.394014410674572 69.47394742071629 2.980143934488297 2.669875279068947 0.3424591347575188 0.09530043601989746 10.98572461307049 24.05076844990253 7.228471085429192 2.615405522286892 5.939203783869743 19.55745166540146 26.64257849007845 11.33780765533447 8.606852494180202 2.442721202969551 152.6145598813891 2.518356464803219 15.46121441572905 1.990407317876816 0.8105484545230865 0.2893970757722855 0.08050844818353653 0 0.6319248601794243 230.9927457049489 23.28984867781401 3.694580584764481 31.49238114804029 16.34013154357672 44.36529624462128 21.69247733056545 16.40848727524281 2.505512580275536 60.21563433855772 2.697998128831387 29.3591778203845 6.376315824687481 0.1117318868637085 1.416575454175472 1.803779438138008 0.3676505237817764 0.4279920756816864 0.3986293897032738 0.9408193826675415 0.4649509191513062 0.07713551074266434 0.4787553176283836 0.6041195914149284 3.154299341142178 835.2471741139889 24.38782453536987 3.240086294710636 103.962916828692 11.11051770299673 1.097706250846386 14.93787481635809 10.92510668933392 1.675901107490063 11.6357129663229 177.2541631534696 8.336973682045937 39.00115915387869 91.95400097966194 82.28437212854624 21.02372980862856 133.0951027199626 102.971491754055 24.30291464924812 47.69826985895634 0.6696411743760109 0 0 0.192600816488266 0 0 0 0.3487183079123497 0 0.3643200993537903 1.557724893093109 0 0.8773283585906029 0.1144019439816475 1.392688743770123 1.547394059598446 1.759682402014732 1.416196241974831 0.3650108352303505 1.823956437408924 4.2118249386549 0 8.153422258794308 1.124173134565353 21.36453679203987 7.425864435732365 15.7132606357336 16.64357086271048 1.653795458376408 0.6856488734483719 0.401790976524353 0 0.1002862229943275 0 0.494062602519989 0.1121860966086388 0.1177806407213211 0.5683233961462975 0 0 0.2434062659740448 5.062769554555416 2.153449550271034 0.1194653138518333 0.1655309647321701 0.2165631353855133 1.081899061799049 0.8621702268719673 9.12140879034996 0.774574339389801 7.917539849877357 33.05610775947571 1.192856647074223 0 0 0 0 0 0 0 0 139.8513094633818 1.201592408120632 1.233255550265312 0.1154980957508087 0.327063113451004 19.90908640623093 1.392516046762466 29.67534521222115 0.9920131117105484 0.6632411479949951 0.4439286217093468 0.08676493167877197 0 0 0 0 0 0 0 0 0 133.4750008657575 19.72901926189661 31.59476821124554 499.947563201189 7.44660010933876 232.2871023714542 72.60814898461103 127.2143566682935 30.08531265705824 0.5394569113850594 20.80166445672512 56.37648562341928 0.2920971736311913 6.29230023920536 2.141843795776367 148.6192192360759 0.5642654821276665 0.2548910528421402 0.1176106631755829 9.222721979022026 0.6136775389313698 338.9918719530106 67.45374765992165
