185.0135094448924 1235.720170333982 813.5020407661796 1257.127426974475 355.8064912706614 104.9749034941196 993.6710401922464 32.83961398899555 76.89503997564316 1775.245479799807 418.3141411393881 139.6192090213299 577.4322760105133 365.506672590971 10.70732913166285 2.482194669544697 0.3728305250406265 0.08588214963674545 0.2550136744976044 0 0 0.2143732309341431 0 0 0 0.1440007090568542 0 0 0.1102545633912086 0 474.4283598810434 14.00831438601017 44.87918584048748 0.1046760603785515 0 0.6157054454088211 4.965945459902287 0.8561243563890457 0.1890174597501755 0.1141479387879372 0.1116205230355263 0.2816541269421577 0.08801838010549545 1.081252448260784 0.6396036744117737 0.1985768973827362 81.29117999225855 6.076779656112194 0.267734982073307 0.5016433298587799 0.1346367448568344 0 0 0.5395948141813278 11.79283231496811 7.564764380455017 162.1539938375354 887.779688090086 86.40427401661873 94.95080193132162 0.8209954053163528 2.762734569609165 0 208.7726646289229 11.14463292807341 12.80285225063562 3.005915731191635 1.906198479235172 0.2163332626223564 0.8496789932250977 7.358300179243088 0 0 256.7797240465879 127.6349994242191 131.7804975286126 20.06074318289757 4.835403464734554 3.011770531535149 21.07486683130264 1.91553408652544 2.889738269150257 61.41613157093525 0 7.046247527003288 12.53980708867311 1.425646267831326 0.3093236163258553 0.8007929921150208 0 0.08448450267314911 0.08412966877222061 0.3810593858361244 0.1945552229881287 0.08736282587051392 38.0461655408144 0.7893408685922623 0 1.795653901994228 1097.678887397051 0 0 0 35.05830590426922 0 2.752344340085983 0 0.1545499563217163 15.4914144128561 0.7649215161800385 0 0.9295010566711426 1.868213504552841 0.9748661518096924 0 0 0 0 0 0 0 0 0 0 0 0 0 0 0 0 0 0 0 0 0 0 0 0.1049829572439194 0 2.530555263161659 0.5530259758234024 0.4748513549566269 0.5734960436820984 0 0 0 0 0 0.3888547569513321 0 0 0 0 0 0 0 0 0 0 0 0 0 0 0 0 2.012456923723221 1.450890213251114 0 0 0 0 0 0 0 0 0 0.871471643447876 0 0 0 0 0.185315728187561 0.1626172214746475 1.019181624054909 0 0 0 0 0.2994377017021179 0 0 0 0 0 0 0 0 0.1248732879757881 0.9225561171770096 0.6871600225567818 189.8522922322154 5.036981679499149 257.9123013168573 13.10409028828144 1044.237084060907 31.51557303220034 2.285095356404781 24.70249343663454 11.86987265944481 0.2113223969936371 0.8184763789176941 0.6098377108573914 0 0 0 0 0.4583928734064102 1.53692315518856 176.2649524584413 0.4457947611808777
1235.720170333982 3324.998873122036 1333.903741925955 740.565877020359 3852.164619609714 51.14751783758402 4893.758869789541 62.62431444972754 2069.028441183269 821.2204067856073 522.5118647962809 211.7689257860184 2070.515992045403 3382.073496513069 8.464538365602493 2.105257205665112 0.4118412211537361 0.07634063065052032 0 0 0.07141649723052979 0 0 0 0.2085154131054878 0 0 0 0 0 1193.23729904741 28.40983755141497 35.24542694538832 0 0 0.4523690938949585 4.105375811457634 0.5639359131455421 0.2475624829530716 0 0.1030079573392868 0 0.1191888824105263 0.2033751010894775 0.291953057050705 0.1022758632898331 80.03890678286552 2.598663009703159 0.09931304305791855 0.154052622616291 0 0 0 0.3222567662596703 5.035616628825665 3.284352727234364 50.47909466922283 348.8506525829434 32.18093877658248 47.70650396496058 0.3213071152567863 1.799942597746849 0 90.12870790064335 5.719123661518097 6.281679786741734 0.8533416390419006 1.240323163568974 0.2715206518769264 0.7190404832363129 10.80413471907377 0 0 111.2058605700731 66.02894230931997 83.24977324157953 19.09639394283295 2.81093879789114 1.633577436208725 4.006296500563622 1.036591812968254 1.698879688978195 31.10366476327181 0.07997047901153564 3.46743405610323 3.92243180423975 0.9186569154262543 0 0.5534651428461075 0 0 0.2358617782592773 0.1700610518455505 0 0 11.67719087004662 0.5884464904665947 0 1.04688087105751 895.0015329346061 0 0 0.4127841889858246 5.983860969543457 0 11.80510893464088 0.1485823392868042 0.9411883354187012 6.239381968975067 0.4760801047086716 0.5438080281019211 1.645303890109062 2.880441553890705 1.030568331480026 1.159963674843311 0 0 0 0 0 0 0 0 0 0 0 0 0 0 0 0 0 0 0 0 0 0 0 0 1.424752064049244 0.568451389670372 0.4605554938316345 0.6600513160228729 0 0 0 0 0 0 0 0 0 0 0 0 0 0.09686420112848282 0 0 0 0.07711274176836014 0 0 0 0 0 3.003266617655754 0 0 0 0 0 0 0 0 0 0.8156460002064705 0 0 0 0 0.6169866174459457 0 0.4709033668041229 0 0 0 0 0 0 0.08737111836671829 0 0 0 0 0 0 1.834622502326965 0.4913198128342628 0.3850469887256622 75.39064004272223 3.493071340024471 171.0142504945397 9.205418914556503 356.8164478763938 24.96037798374891 0.8145214840769768 11.83219527453184 1.897706612944603 0 0.1120241656899452 0 0 0 0 0 0.4889816790819168 0 49.80741385370493 0.3164669275283813
813.5020407661796 1333.903741925955 709.246986694634 73.81274195760489 544.2968374714255 11.77995354682207 47.32595634460449 2109.202118001878 540.6495767086744 142.7100003585219 2824.637244202197 140.8561599999666 158.8579655736685 2007.929533809423 39.30479852855206 26.20532284677029 0.8385970070958138 0.5095360651612282 0.1117795407772064 1.754688747227192 4.32849745452404 0 1.658375352621078 0.5277913585305214 1.801404565572739 0.4118143022060394 0.6562508940696716 0.351147323846817 0 0 5082.693865127861 1058.04492392391 211.3056000396609 2.291513100266457 2.415392354130745 7.370659492909908 13.42301922291517 5.267892993986607 1.597231835126877 0.5111747682094574 0.4179038852453232 1.638378731906414 1.452319949865341 2.842352159321308 2.498558297753334 4.387171812355518 85.51033157110214 3.387274481356144 2.736778818070889 2.6614850461483 0.9569916129112244 0.1899426653981209 0.5100698471069336 2.344135105609894 4.360064491629601 3.016641497612 48.91603621095419 468.2924319282174 32.94035345315933 43.19244623184204 14.35810802876949 38.92948606610298 1.300728753209114 274.2273044958711 5.279497317969799 4.451564729213715 1.317390561103821 3.187067493796349 5.835868984460831 9.091044642031193 37.84806798398495 0.1605331897735596 0 107.8430426120758 79.40350119024515 102.2618596926332 58.87637496739626 38.58675340563059 217.8867461383343 615.6359308436513 13.20940398424864 227.8477708548307 23.08288388699293 0 2.517156273126602 4.121947772800922 3.120521731674671 0.1813547760248184 0.4725185111165047 0 0.1078286990523338 0.3013129457831383 6.119236037135124 0.5315363556146622 0.6859555467963219 22.47435487806797 1.684738785028458 0.1544480174779892 3.985997542738914 333.5447901561856 0.2066017985343933 0 0.1570978164672852 2.100941300392151 0 1.221068829298019 0.4933838546276093 2.435226991772652 0.6521616280078888 1.712263435125351 1.83002045750618 4.224265873432159 11.16206623613834 2.947512976825237 3.014508709311485 0.1116236075758934 0.3752836212515831 0 0 0 0 0 0.1068823486566544 0 0 0 0 0 0 0 0.4369448721408844 0 0 0 0.4061737656593323 0.4905109107494354 0 0.1367499679327011 0 3.646637476980686 1.624271355569363 5.468442417681217 1.514142438769341 0.293559804558754 0.1178629994392395 0 0 0.5202361345291138 0 0 0 0.1098476573824883 0 0 0 0 0.415018305182457 0 0 0 0 0 0 0 0.7094219624996185 2.525600641965866 3.943061746656895 0 0 0 0 0 0 0 0 0 4.956746190786362 0 0 0 0 5.331201538443565 2.200211331248283 3.42808773368597 0 0 0.9642447233200073 0 0.2113120704889297 0 0 0 0 0 0 0 0 1.959644317626953 3.393761426210403 4.695629678666592 134.119154766202 5.878098219633102 204.9565088525414 38.6996885985136 136.0903960615396 25.50591143965721 0.8099249452352524 23.41767317801714 6.084437467157841 0 1.008113779127598 0.4020810425281525 3.938477784395218 0.130900964140892 0 0 1.892990440130234 0 45.54461488127708 4.834519922733307
1257.127426974475 740.565877020359 73.81274195760489 495.1535080075264 470.1024356931448 422.0932608246803 2409.366530068219 0.1836728155612946 66.45412764698267 2933.977942690253 41.31397292762995 283.544849857688 1564.056551016867 313.9023073464632 1.094008520245552 0.1154642552137375 0 0 0 0.0948646292090416 0 0 0 0 0 0 0 0 0 0 30.06427972763777 1.323590978980064 0.8640903308987617 0.1056921556591988 0 0 0.1171017810702324 0 0.08066820353269577 0 0 0 0 0.1013454720377922 0.1059203594923019 0 16.57438693940639 0.3515092432498932 0 0 0 0 0 0 1.41760990768671 0.3470299169421196 9.117538310587406 30.46669941395521 5.746056042611599 11.31847597658634 0.1214249059557915 0.4038209319114685 0 15.23215201497078 1.305701695382595 0.967296727001667 0.2333276122808456 0.1619611009955406 0 0 8.173371523618698 0 0 20.33260709047318 14.89137400686741 14.81178845465183 1.966628134250641 0.4768792390823364 0.6757297664880753 0 0.217444472014904 0.2692570984363556 6.250497385859489 0 0.4401470646262169 1.272942364215851 0.1607088446617126 0 0.09554662555456161 0 0 0 0 0.07786977291107178 0 6.055337369441986 0 0 0 91.12310377508402 0.4520014226436615 8.84123283624649 7.128949567675591 46.96792080998421 0 19.36227986216545 14.19476667046547 13.67976659536362 94.99552804231644 6.089149177074432 0 49.19551089406013 7.127930715680122 1.589625954627991 0.3347596228122711 0 0 0 0 0 0 0 0 0 0 0 0 0 0 0 0 0 0 0 0 0 0 0 0 0 1.418628692626953 0 0 0.1523766219615936 0 0 0 0 0 0 0 0.09096918255090714 0 0 0 0 0 0 0 0 0 0.1058112233877182 0.08736300468444824 0 0 0 1.500118553638458 0 0 0 0 0 0 0 0 0 0.2351507395505905 0 0 0 0 0 0.357298344373703 3.760791897773743 0 0 0 0 0 0 0 0 0 0 0 0 0 0 0 0.1347032785415649 59.03511705249548 0.5498202070593834 47.12034742534161 1.785165749490261 686.7585086897016 5.564276851713657 0 0.9303383454680443 0.1805852651596069 0 0.4687214940786362 0 5.289670184254646 0 0 0 2.066584378480911 1.444300830364227 26.22229564934969 1.324176892638206
355.8064912706614 3852.164619609714 544.2968374714255 470.1024356931448 1046.638121768832 3.162304766476154 1656.892922177911 46.52569065243006 2764.416219592094 501.7155507951975 284.8591685444117 68.25735930353403 1193.520101994276 3482.923389099538 11.8612998649478 4.496536016464233 0.1155684143304825 0 0.1067097932100296 0 0 0 0 0 0 0 0.08279820531606674 0 0 0 247.6142012774944 24.50267916172743 4.317384794354439 0.1978127658367157 0 0 0.1029684841632843 0.08123362809419632 0 0 0 0.1075598374009132 0 0.6394213661551476 0.08090335875749588 0.3062176927924156 75.06470539420843 2.464927926659584 0.2448197156190872 0.3234184756875038 0 0 0 0.1942826956510544 2.467492483556271 2.484318569302559 19.93800764530897 88.12303714454174 15.56010297685862 31.67238789796829 0 0.1044864133000374 0.1232651248574257 58.61728025972843 2.789832927286625 4.435672134160995 1.085502274334431 0.9782606065273285 0.3791143745183945 0.2063842788338661 1.032242521643639 0 0 58.48757689446211 48.66341680288315 73.99685801565647 19.31549213081598 3.328936509788036 1.667159684002399 1.664712354540825 0.3876557871699333 1.630247950553894 16.68756811320782 0 3.000585108995438 3.73546127229929 0.6570284590125084 0 0.09113048762083054 0.09741467237472534 0 0 0.1152990013360977 0 0 2.793306089937687 0 0 0.2400128021836281 40.99716033786535 0 0 0.9560547024011612 1.041893437504768 0 1.250856280326843 0 0 4.362362772226334 0.2995809018611908 0.9784952327609062 4.158013701438904 6.743076384067535 4.029329374432564 3.003218218684196 0 0 0 0 0 0 0 0 0 0 0 0 0 0 0 0 0 0 0 0.158496305346489 0.2457236051559448 0 0 0 2.140273779630661 0.4804374799132347 2.835975989699364 0.2492185235023499 0 0 0 0 0 0 0 0 0 0 0 0 0 0 0 0 0 0 0 0.09487294405698776 0 0 0 1.413221627473831 0 0 0 0 0 0 0 0 0 1.67118313908577 0 0 0 0 0.8015141487121582 0.1892579048871994 0.768362894654274 0 0.3778035640716553 0 0 0 0 0 0 0 0 0 0 0 2.833104662597179 0.3670061230659485 0.4024583101272583 75.83907938748598 3.149473436176777 158.2422488927841 12.61307302117348 81.49497170001268 22.87749401479959 0.4903637766838074 10.0320907831192 5.931376338005066 0 0.1132255420088768 0 0.4644589871168137 0.4051026552915573 0 0 0.370756208896637 0 27.3070720359683 2.791724182665348
104.9749034941196 51.14751783758402 11.77995354682207 422.0932608246803 3.162304766476154 12.18762347102165 54.75898093730211 0.5787112414836884 1.085101619362831 540.1912733912468 8.445701435208321 126.4452359676361 101.4928078576922 36.52461236715317 0 0 0 0 0 0 0 3.571946874260902 0 0 0.1637496501207352 0 0 0 0 0 14.74692893773317 1.567678570747375 24.28753256797791 0.1519697159528732 0 0.577484667301178 14.02690523862839 1.32801716029644 0.9771476238965988 0.2469450980424881 0 0 0 0 0.31781105697155 0 2.867299906909466 0.366473026573658 0 0.1478948295116425 0 11.25689286738634 3.233297348022461 0.9299217909574509 0.2153222411870956 0.376397967338562 81.92339831590652 132.6112194210291 2.949571691453457 3.475735604763031 0.3900467157363892 3.611582309007645 0 5.16303077340126 0.6734747365117073 0.2227525860071182 0.2778094559907913 0.3173849955201149 0.1166001707315445 0 144.2644479423761 238.5941048264503 7.761396192014217 10.24883081018925 5.511021852493286 3.095373749732971 0 0.2273270487785339 0.3279470205307007 1.393521666526794 0.1007629185914993 1.499869555234909 1.804822772741318 2.546863660216331 0.1911415308713913 0.7583062872290611 0.09234011173248291 5.397112019360065 2.532782010734081 10.97864933311939 1.209538206458092 2.567055650055408 0 0.2284310758113861 0.7459376901388168 296.5757631212473 47.93914005160332 16.58938735723495 21.04328832030296 514.0124914497137 0 0 0 14.04987409710884 0.1690635681152344 1.824852287769318 0.6585079878568649 1.01483453810215 5.17896044254303 2.691732421517372 0.3383598923683167 7.951424345374107 10.73900888860226 7.339546740055084 2.397698357701302 0 0 0 0 0 0 0 0 0.4743111729621887 0 0 0 0.518317848443985 0 0.3775572329759598 0 1.167431503534317 0.1579609513282776 0.4618137776851654 0 0 0 0 0.1843675971031189 0.658862516283989 0.7132799029350281 1.479982405900955 0.8553338646888733 2.282276079058647 0 0 0 0 0.1673289388418198 0 0 0 0.2207920700311661 0 0 0 1.16292217373848 0 0 0 0 0 0 0 0 0 0 0 0 0.09991952776908875 0 0 0.261281818151474 0 0 0 0.3105183690786362 2.1583122164011 0 0 0 0.5097212940454483 0 0 0.1004001796245575 0 0 0 0 0 0 0 0 0 0.1770931929349899 0 0 3.205782756209373 0.7581580430269241 0.7538060396909714 52.24407759308815 1.138560175895691 11.60499127954245 0.3612366020679474 234.1173368245363 1.973426967859268 6.607871875166893 0 16.37430843710899 0.09899623692035675 0.5818349123001099 0 5.157846197485924 0 0 0 0 0 56.23136642575264 1.679850772023201
993.6710401922464 4893.758869789541 47.32595634460449 2409.366530068219 1656.892922177911 54.75898093730211 1448.528660006821 7.110358461737633 462.2280102372169 2021.084442555904 48.54157331585884 305.1306762844324 2863.005848221481 1117.571277342737 17.8869007229805 4.624064520001411 0.6863042190670967 0 0 0 0 0 0.1689545065164566 0 0 0 0 0 0.1125045865774155 0 217.2316697761416 28.22510807216167 1.25022280216217 0 0 0 0.1706830710172653 0 0 0.07702051848173141 0 0.2648180201649666 0.1189472377300262 0.6580084189772606 0.2055318728089333 0.2052541375160217 167.5100218057632 3.859287843108177 0.7440587356686592 0.2403508275747299 0 0 0 0.5853856578469276 6.121797777712345 4.503739677369595 42.08873808383942 151.0943653360009 37.60972829908133 76.43806639313698 0.9525709450244904 0.7324677780270576 0.09395436197519302 132.4482120499015 8.381398536264896 7.480222046375275 1.857525147497654 1.669774174690247 0 0.1630590483546257 8.709875792264938 0 0 127.1194370016456 97.30945061147213 145.7569982782006 37.7565894946456 4.007742032408714 2.659314468502998 2.959527358412743 1.276848465204239 2.662051104009151 39.03992656618357 0 5.843233242630959 6.961299404501915 1.213995531201363 0 0.342462845146656 0.1910069361329079 0.1720395311713219 0.176291286945343 0.5588790774345398 0.07997532933950424 0.2550616040825844 16.64557021856308 0 0 0.3112712055444717 56.37286289781332 3.019079223275185 5.762744791805744 72.27877897769213 440.3802509829402 0.4848173409700394 154.6852212250233 28.30478872358799 60.12323972582817 373.3976277559996 85.33199691772461 1.864308327436447 351.9154656156898 66.66802992671728 27.50952606648207 3.901692070066929 0.1291922330856323 0 0 0.1108511760830879 0 0.1526851058006287 0 0 0 0 0 0 0.1548148393630981 0 0 0 0 0 0 3.286447964608669 0.7373573929071426 0 0 0 3.585909463465214 1.680533558130264 5.443071283400059 1.003135517239571 0.1761691570281982 0 0 0 0 0 0 0 1.816875904798508 0.676335908472538 0 0 0 0 0 0.07246941328048706 0.2667767256498337 0.2571452930569649 1.607286795973778 2.621034547686577 0.4615725129842758 0.0908953994512558 0 1.572107441723347 1.251586131751537 0.2497379183769226 0.3209716975688934 0.3325806111097336 0 0 0 0 0.08913533389568329 4.996376171708107 0.09620287269353867 0 0 0 2.409025587141514 1.748608723282814 1.351648256182671 1.314999215304852 1.270618498325348 1.460989318788052 0.589946448802948 0 0 0 0 0 0 0.2378171384334564 0 0 5.910744957625866 1.690537348389626 2.536793187260628 174.0982331782579 4.692892476916313 343.4068907499313 25.23969483375549 351.6540974751115 49.27659153193235 0.7922473400831223 28.0969173759222 12.3266383856535 0.1363426744937897 10.94236717373133 0.8336526975035667 15.33266109973192 1.588290713727474 0 1.320105493068695 0 0 79.51332550495863 6.526462763547897
32.83961398899555 62.62431444972754 2109.202118001878 0.1836728155612946 46.52569065243006 0.5787112414836884 7.110358461737633 1713.79172911495 859.7787583917379 14.0787431076169 2462.920454569161 11.99551443010569 32.56593050807714 504.0174758285284 101.9953249245882 125.8238974511623 9.446254163980484 5.28540912270546 2.284434013068676 15.5031646490097 39.20824886113405 1.19495852291584 14.95044362545013 3.224239870905876 9.677807688713074 4.160611145198345 0.8501152992248535 2.979244075715542 0.5845184102654457 0 1845.750386834145 1742.5572623685 173.6977660357952 27.02792704105377 18.80592446029186 49.63585745543242 19.34715858101845 24.83774941414595 7.826735801994801 3.48433144390583 8.901729889214039 17.93538234382868 29.41404514759779 32.34541817754507 43.81179843097925 77.09593816101551 94.19852666556835 7.590143389999866 18.61129143089056 36.02266805619001 7.23570255190134 2.535196706652641 2.129273533821106 19.1936206817627 1.675855219364166 0.855594202876091 27.13187939673662 236.4170050173998 12.98495960235596 21.89773254096508 307.4179371744394 270.8201349154115 19.80800123512745 880.1333543136716 2.091261029243469 3.161455526947975 1.602170430123806 14.28713768720627 48.52871110290289 86.7686860114336 47.01634457707405 3.274108663201332 0 55.11766257882118 104.875502422452 131.6344269886613 640.9329275488853 358.33238183707 1629.124650403857 1276.32371801883 512.7999043762684 1679.930103480816 9.186722725629807 0.09836678206920624 1.539298608899117 2.051529489457607 31.72513591498137 0.11077681183815 0.08993575721979141 0.1002345010638237 2.319978520274162 2.104036554694176 48.38862354308367 6.234931401908398 7.593208946287632 17.97620014846325 7.454530335962772 0.7266927063465118 9.736944086849689 40.31780753284693 0 0 0.5278362929821014 0 0 0.9663639068603516 0 0.257866382598877 1.047248244285583 0 0.9533525258302689 1.24283304810524 5.641937911510468 0.4234137684106827 3.837784685194492 0.2705025523900986 0.3259575292468071 0 0.1385431289672852 0 0 0 0.1116202622652054 0 0 0.7238080501556396 0 0 0.1792912781238556 0 0.1820303648710251 0.158228263258934 0.1676424145698547 0 0 0.6717653423547745 0 0.2496895343065262 0.4523551315069199 4.650627426803112 3.685859747231007 6.96120872348547 0.6694698706269264 1.181187823414803 0.4737436175346375 0 0 0 0.7297438755631447 0 0 0 0.2748371809720993 0 0 0.1817720383405685 2.913032934069633 0.7788700312376022 0.1817998290061951 0 0 0.0997047945857048 0.1524551808834076 0 0.1529199481010437 2.096153080463409 4.560437425971031 0.3619896173477173 0 0 0 0 0 0 0 0 3.220406427979469 0.9475327432155609 0.1395243704319 0.4962280541658401 0.7656791135668755 1.476366743445396 4.72155949473381 4.648948952555656 0.08749327808618546 0.2645761072635651 0.1306224316358566 0 0 0 0 0 0 0 0.2422429248690605 0.1102871000766754 0 2.447887510061264 1.691062644124031 5.885354906320572 171.6741604879498 16.84422664344311 250.5269664376974 102.2145879268646 22.424769975245 17.31019961833954 0.3825534731149673 28.4610136076808 3.845172934234142 0.1768546849489212 1.244649566709995 0 1.119763240218163 0.1213999018073082 0 0.1626346111297607 1.526028007268906 1.752796828746796 16.1629653275013 4.774306185543537
76.89503997564316 2069.028441183269 540.6495767086744 66.45412764698267 2764.416219592094 1.085101619362831 462.2280102372169 859.7787583917379 399.8467252105474 177.7830823883414 491.5151752829552 48.14013150334358 523.638559743762 2038.975184164941 7.841573350131512 2.629967473447323 0 0 0 0 0 0 0 0 0 0 0 0 0 0 99.66131717711687 14.71366091817617 23.05211340636015 0 0 0.1588677316904068 0.2384184151887894 0.2599973306059837 0 0 0 0.1332255601882935 0 0 0 0.09550271183252335 34.69271366298199 0.7175171002745628 0.2885124683380127 0 0.09429080784320831 0 0.1277309209108353 0.1635743528604507 1.048183485865593 0.4177826270461082 8.400933831930161 33.10053688287735 5.494295552372932 14.15598365664482 0 0.5579092502593994 0 28.54449391365051 1.526870422065258 1.926903821527958 0.2367005199193954 0.09321205317974091 0 0.1416211277246475 3.421736419200897 0 0 20.93973246216774 17.092539511621 28.86445128172636 12.41122781485319 1.619709223508835 3.95416983217001 50.40313202142715 0.4879400953650475 1.983726009726524 5.70596095174551 0 1.158632263541222 1.193226911127567 0 0 0.3428806141018867 0 0 0 0 0 0.1017855927348137 3.581742376089096 1.297089070081711 0 0.2208118140697479 11.63327363878489 0 0 0.3362398445606232 0.4119588434696198 0.1832018792629242 1.336495146155357 0.3145778179168701 1.203083157539368 2.909834042191505 1.925407543778419 1.368161402642727 2.607806012034416 9.11751601099968 2.468012601137161 2.4061478972435 0 0 0 0 0 0 0 0 0 0 0 0 0 0 0 0 0 0 0 0 0.1894480437040329 0 0 0 2.478213354945183 0.7307639420032501 1.002843134105206 0 0 0 0 0 0 0 0 0 0.1786747425794601 0.431416928768158 0 0 0 0.07908152043819427 0 0 0 0 0 0.0960780531167984 0 0 0 2.875455729663372 0 0 0 0 0 0 0 0 0 2.353211052715778 0.30526003241539 0 0 0 1.53675702214241 0.301482230424881 0.1742914170026779 0 0 0 0 0.1985532641410828 0 0 0 0 0 0 0 0 2.874670751392841 0.1367331147193909 1.633967034518719 42.6897456496954 1.584152579307556 71.80867005139589 7.517848156392574 28.72229576855898 10.7005802989006 0.1002429947257042 7.324134297668934 2.515197440981865 0 0.1155263110995293 0 0 0 0 0 0.5147127956151962 0 17.12290873378515 2.984576411545277
1775.245479799807 821.2204067856073 142.7100003585219 2933.977942690253 501.7155507951975 540.1912733912468 2021.084442555904 14.0787431076169 177.7830823883414 1245.558179035783 399.552223302424 2350.063413776457 7834.842508248985 1217.347640641034 18.82036864757538 3.661446273326874 0.1257776468992233 0 0 0 0 0 0 0 0.159185066819191 0 0 0 0 0 96.61392216384411 11.52171795815229 83.17315486073494 0.08139867335557938 0 0.1227075308561325 18.61686207354069 2.709624424576759 1.710641860961914 0 0 0 0.09599411487579346 0.5962514281272888 0.3673497885465622 0.2360860332846642 90.94621586054564 1.820698410272598 0.2001743540167809 0.2091448605060577 0 0.1425295472145081 0 0 2.897985018789768 2.223579660058022 36.35630150139332 78.68368674069643 18.62507262080908 40.93809999525547 0.2931270822882652 8.552592359483242 0.1206152960658073 112.5714021325111 3.161041371524334 4.136546611785889 1.277711950242519 1.113924048841 0 0.08301378786563873 393.999004021287 1.032816201448441 0 58.31976519525051 70.97462610900402 72.60738891363144 27.45580512285233 6.184765987098217 2.078053303062916 11.98459433764219 0.2838418707251549 5.777252621948719 17.47001112252474 0 2.530817896127701 3.248566143214703 0.5180505439639091 0.09924442321062088 0.08085184544324875 0.08233234286308289 0 0.2295399606227875 0 0 0.1160889267921448 150.8801529929042 19.74263370037079 0 4.715118527412415 309.1010710895061 2.376034528017044 23.02426383644342 32.66324502229691 57.0960671454668 4.235782690346241 45.35734334588051 51.40530252456665 32.41894808411598 101.2292120307684 105.9546263068914 12.09949557483196 147.1315112411976 273.8886337801814 88.54009892046452 52.54931668192148 0 0.6939694583415985 0.2806894481182098 0 0 0 0 0 0 0.3755530416965485 0 0 3.760895803570747 0.1891569793224335 0 0 0.2413330376148224 0 0 1.628490209579468 16.18343805521727 0 3.41259503364563 0.1635113954544067 31.34035293012857 16.03636705875397 31.15373866260052 4.144902057945728 7.554028525948524 0.1372362524271011 0 0 0 1.90902191400528 0 0 1.584985509514809 0.2872432768344879 0 0 0 2.029780849814415 0 0.08208861947059631 0.9691259562969208 0.07349486649036407 1.154612928628922 1.653400093317032 0.1381654739379883 0.9745005816221237 9.476162135601044 33.29212184250355 1.53508734703064 0 0.283227764070034 0.1443563103675842 0 0 0 0 0 41.25774559378624 0 0 0.3480677604675293 0 15.84915591776371 15.51845560967922 31.13755160570145 2.123979814350605 2.179169520735741 0.2833916172385216 0.534553162753582 0 0.535649836063385 0 0 0 0 0 0 0 71.46520633995533 9.584603145718575 15.7651285380125 1367.066092938185 11.32592234760523 322.0919560268521 41.41361293196678 1552.191247798502 56.37573982775211 0.1024648249149323 56.4798973724246 187.1937535107136 0.9595658481121063 4.129758827388287 0.8266056329011917 87.92076870054007 1.549618065357208 0 0.2200112044811249 5.016991659998894 0 429.0434451177716 45.12090457230806
418.3141411393881 522.5118647962809 2824.637244202197 41.31397292762995 284.8591685444117 8.445701435208321 48.54157331585884 2462.920454569161 491.5151752829552 399.552223302424 515.9803037345409 411.7129440382123 908.8641657829285 1679.989074751735 120.8427046462893 93.66487634181976 1.408942736685276 0.7214445844292641 0 3.787656486034393 9.620906189084053 0.7105797752737999 4.209449522197247 0.8584060370922089 3.878364183008671 1.573023974895477 0.6429082006216049 0.8100696429610252 0.3218118697404861 0 1828.67056787014 506.0485128089786 795.5687714219093 2.187263913452625 5.283102117478848 33.02944976091385 110.4619887396693 29.81487625092268 10.68111715465784 2.266953505575657 2.377357304096222 3.208344511687756 2.078551605343819 7.474176064133644 3.66387490183115 5.864050298929214 177.4084568247199 3.961762204766273 2.498816356062889 4.118162855505943 2.070187084376812 0.3134625405073166 0.5976320058107376 2.962085492908955 3.454930819571018 1.835172355175018 41.62181700021029 295.7249189987779 24.6701188236475 45.70914160460234 17.07082586735487 66.08669175952673 3.816725514829159 171.5419212505221 4.559094145894051 4.086184173822403 0.3760204166173935 3.949348315596581 7.66029966622591 13.75924567878246 202.0221562683582 2.249933883547783 0.1203612387180328 94.69841262698174 98.26018350571394 194.3407137691975 125.3696794807911 70.51709052175283 107.4616766422987 302.9368280395865 13.37778574228287 136.7868061065674 18.65845721960068 0 2.433856420218945 3.795184656977654 3.681535765528679 0.1670423522591591 0.2703266814351082 0 0.5512190610170364 0.2907247394323349 9.772919073700905 1.557194083929062 1.044423349201679 140.1648609265685 17.77468778938055 0.6489501297473907 17.16775418072939 201.0388445779681 0.2416208758950233 0.5454781353473663 2.783217594027519 0.2977611124515533 0.9851459562778473 9.126261949539185 1.676434122025967 8.705873981118202 15.23933367431164 8.850292727351189 7.850111834704876 38.67263980209827 68.18610263615847 22.76295437663794 30.30825704336166 0.1604682356119156 1.220203302800655 0.1038472503423691 0 0.174323633313179 0.2491918355226517 0 0 0 0 0 0.1389214843511581 1.915129542350769 0 0 0.1396532654762268 0.1628147959709167 0.1825409978628159 0 2.063216827809811 6.584916085004807 0 1.215736672282219 0.7735627740621567 29.1217896938324 11.68705235421658 33.36932940036058 6.556706257164478 1.940785087645054 0.1077340766787529 0 0.1751544922590256 1.360734932124615 0.996949277818203 0.3319959938526154 0 0.2015250027179718 1.541528448462486 0.1068055480718613 0 0 2.355455704033375 0 0 0.3712873458862305 0 0.5128393769264221 1.748059034347534 0 1.615629762411118 6.977393433451653 32.76091499626637 1.478079676628113 0 0 0 0 0 0 0 0.4469026327133179 29.86157483607531 1.442349851131439 0 0 0 13.98482504487038 11.43722938001156 17.01257455348969 0.3921921625733376 0.5055868029594421 0.846221849322319 0 0.1254521310329437 0 0 0 0 0 0 0 0 26.01453046500683 15.98106575012207 20.25156761705875 503.9024267420173 16.92175734043121 506.3372336775064 128.6702007576823 104.9429711103439 71.62880063056946 0.3217201232910156 73.17759469896555 39.52335878461599 0.4139858484268188 3.138060733675957 0.9195075035095215 21.18345752358437 2.540227547287941 0.1062316745519638 0.9111258238554001 11.15120622515678 1.158401653170586 99.07209131121635 29.23349211364985
139.6192090213299 211.7689257860184 140.8561599999666 283.544849857688 68.25735930353403 126.4452359676361 305.1306762844324 11.99551443010569 48.14013150334358 2350.063413776457 411.7129440382123 135.602733284235 1533.841969840229 866.580697350204 15.69854363799095 18.26496908813715 0.1677364259958267 0.3345690965652466 0 0.2751871570944786 1.810471080243587 0.5006363689899445 0.2873461991548538 0 0 0.1508252322673798 0.2259390950202942 0.2066999226808548 0 0 66.3255991563201 10.39781389385462 116.9578783586621 0.8630688488483429 0.5956880748271942 3.953552976250648 251.7661150619388 24.84308330714703 28.63733050227165 7.561735846102238 0.3340130150318146 0.5008475780487061 0.1191983446478844 1.653013356029987 0.1106828451156616 0.9159082844853401 24.20909484475851 0.3192773088812828 0.3483379259705544 0.09131946414709091 0.261893093585968 0.602387011051178 2.361544787883759 0.1181496679782867 0.06901503354310989 0.1839088499546051 3.589928448200226 15.50742715597153 3.515648543834686 4.059060305356979 1.559626527130604 23.82222532480955 0.9029676020145416 19.02059110254049 0.1021198555827141 0.4905143305659294 0.2891387864947319 0.5790861770510674 1.256198063492775 2.484888292849064 299.0993685349822 9.535492733120918 0.5250611901283264 5.711683720350266 9.457603983581066 22.728900000453 15.4817742779851 10.98628950864077 1.837395839393139 26.84564112126827 1.377173602581024 6.037458159029484 1.914563730359077 0 0.09074269235134125 0.1837457343935966 0.09925805777311325 0 0.2563847303390503 0 0 0.2318735718727112 1.255419857800007 0 0 1053.069891557097 61.48296953737736 2.594055444002151 67.56351408362389 29.18141052126884 0.9889838173985481 0.4023586139082909 7.569324985146523 0.91264508664608 2.698952034115791 27.32724881917238 7.4817795753479 19.82691825926304 41.05780537426472 29.00279386341572 16.76564889401197 97.59939793497324 198.6608782932162 61.42947474867105 63.10414134711027 0.120240107178688 0.3667746931314468 0 0.4321340993046761 0 0 0 0 0 0 0 0 1.467957556247711 0.184150904417038 0 0.1651846617460251 0.1059508174657822 0 0.4626576900482178 0.8921158015727997 6.693330526351929 0 2.220049664378166 0.397806778550148 48.95684140175581 11.10087772458792 51.3520205616951 7.032669693231583 2.944453492760658 0 0 0 0 3.001961655914783 0.7739156186580658 0 0 1.283410377800465 0 0 0 3.383317388594151 0 0 0.6297337263822556 0 0.3736534714698792 1.496923923492432 0 2.991400584578514 3.006779029965401 46.79400533437729 0.580119788646698 0.2904373407363892 0.1299643218517303 0 0.1291630566120148 0 0 0 0 72.05498425662518 0.6113917976617813 0 0 0 23.61828465759754 11.29577548801899 29.2609598338604 0.1878375187516212 1.989077530801296 0.7204308956861496 0 0.5944874212145805 0.2063770219683647 0 0 0.2483575344085693 0 0 0 0 63.8514146655798 22.19565226882696 34.57093396037817 248.0771275758743 0.9769499078392982 78.40923976153135 33.9229499399662 364.9990012273192 9.30980421602726 0 15.40671581029892 79.70727095752954 0.1600966453552246 8.282935760915279 1.071182243525982 32.29789342731237 4.7013980448246 0 2.869306489825249 5.258824676275253 0 711.9163789302111 89.9511398896575
577.4322760105133 2070.515992045403 158.8579655736685 1564.056551016867 1193.520101994276 101.4928078576922 2863.005848221481 32.56593050807714 523.638559743762 7834.842508248985 908.8641657829285 1533.841969840229 1538.606942877173 4342.574163004756 38.4059147015214 28.26097495108843 0.8951613306999207 0.2517410889267921 0.1369789242744446 0.4676091223955154 1.434931568801403 0.1201732605695724 0.3614401966333389 0.2892802208662033 1.341139659285545 1.013498187065125 0 0.139894038438797 0.3145267963409424 0 179.9436031579971 30.43806310743093 605.5006513670087 0.2584595754742622 2.847962506115437 10.81176491081715 872.3819443136454 51.89969599992037 58.592763222754 5.278664946556091 0.8203378021717072 0.2456096783280373 0.2335181161761284 2.28208065032959 1.015535548329353 1.966530680656433 103.1747709661722 1.837891794741154 0.1893946677446365 1.168358601629734 0.4066055044531822 0.9191175475716591 3.153100863099098 0.7695411071181297 1.963374942541122 1.146702371537685 17.43793036788702 57.95624896138906 13.99840015918016 29.70328243821859 3.455237671732903 51.90095024555922 1.835801258683205 62.87825638055801 2.668411917984486 3.513599291443825 0.82232516258955 1.937647059559822 2.607439666986465 2.791266575455666 531.9808601364493 9.870315656065941 0.2165118008852005 47.11216334998608 47.45743142813444 85.59476640075445 38.15925608575344 17.60480510443449 5.206825122237206 82.74626861512661 2.451954059302807 14.80054053664207 14.35580895096064 0 2.195389613509178 2.87011031806469 0.8541530817747116 0 0.4984073787927628 0.1063984856009483 0 0.4802154451608658 1.984679363667965 0.5185040608048439 0.472041979432106 1634.757990404963 46.76645424216986 2.432457268238068 93.28325401991606 43.79282722622156 1.492982998490334 2.304811283946037 63.16124066710472 37.72794568538666 7.137553922832012 121.3745938539505 15.03959773480892 67.95872388780117 288.269715346396 57.46759894490242 26.06186711788177 275.0524689480662 300.9975920245051 124.3724573031068 77.81992926448584 1.362302958965302 1.583881057798862 0 0 0 0 0 0 0 0.147921547293663 0 0 0.6118565648794174 0.4134622365236282 0 0 0 0 0 1.930764526128769 9.922749295830727 0 3.435414284467697 0.3820665031671524 67.19510362297297 19.57372315227985 67.05910021811724 9.895894572138786 3.190525084733963 0.4730519205331802 0.4023822993040085 0 0.9404353275895119 3.32010854780674 0.1532876789569855 0.1304317712783813 0.730678603053093 1.780856519937515 0 0.09734263271093369 0 2.805125266313553 0 0 0 0.08413515985012054 1.584728837013245 2.639291740953922 0.4889348894357681 1.341759778559208 9.153588242828846 60.50138383358717 1.360845535993576 0 0 0 0.09072552621364594 0 0 0.2455771192908287 0.4506327509880066 84.55395627766848 1.720398627221584 0 0 0.1620419174432755 26.95281749218702 12.38346504420042 25.49439398944378 1.044344663619995 1.675084233283997 1.711673900485039 0.3161146640777588 1.023652255535126 0 0.1058942824602127 0 0.325517050921917 0 0 0 0 81.64206077158451 28.92599602043629 46.65881703794003 398.3791270107031 7.09280090034008 272.1407229229808 59.18344417214394 414.6974241957068 46.54130709916353 0.8288792669773102 33.98406042158604 99.62982499599457 0.501049280166626 10.03786787390709 0.5681065917015076 45.08145663142204 3.753074668347836 0.2434293478727341 1.81175571680069 2.647029846906662 0.308580607175827 600.7584055885673 77.64575605839491
365.506672590971 3382.073496513069 2007.929533809423 313.9023073464632 3482.923389099538 36.52461236715317 1117.571277342737 504.0174758285284 2038.975184164941 1217.347640641034 1679.989074751735 866.580697350204 4342.574163004756 1253.466547820717 127.271742336452 82.81400435417891 3.07671070098877 0.3475117087364197 0 1.573501266539097 6.353527039289474 0.6060570105910301 1.228235423564911 0.3845361694693565 3.867775946855545 0.9923852384090424 0 1.463267229497433 0.2825257033109665 0.6420866250991821 797.2990300804377 173.3843076452613 896.2194999754429 1.217187188565731 3.691939756274223 35.24027495086193 696.7443940341473 89.482157766819 45.5769105926156 3.285006977617741 2.078866429626942 3.096513777971268 1.280749693512917 7.094305798411369 2.346769765019417 5.256830304861069 262.0853684544563 5.132468618452549 1.974883183836937 3.235457219183445 0.8127788528800011 1.141433201730251 1.436541102826595 2.310097277164459 7.275116361677647 4.010832242667675 47.1456588357687 221.8629369065166 34.16961710900068 84.60790286958218 9.816397354006767 239.2996853962541 3.24494344741106 193.6541921645403 8.327174223959446 7.050027221441269 1.473787128925323 3.628163583576679 5.359311819076538 7.221412964165211 466.9827294796705 7.67194502055645 0 138.8350612819195 132.1415260359645 276.1116235181689 135.1919549927115 57.47262362390757 34.43988373875618 241.4222959205508 9.590207792818546 148.5443282350898 35.67233857512474 0.07690811902284622 4.535742774605751 6.833855498582125 2.832897923886776 0.2634257152676582 0.3319367244839668 0.2784864157438278 0.4644778445363045 0.2825984060764313 4.269028656184673 1.154843389987946 0.9962956458330154 566.3552442416549 32.12723676115274 3.287664651870728 53.06720872968435 100.6638926565647 2.505146600306034 1.108609087765217 8.514915287494659 3.743198826909065 4.454871729016304 33.94484756886959 6.76954473555088 23.4962527602911 55.23118776828051 33.55244124680758 22.20368348062038 112.824214078486 228.8187842965126 66.51209483295679 71.0180035457015 0.6409823894500732 0.2608804181218147 0.3450525850057602 0 0 0 0 0.1576240658760071 0 0 0 0 2.785086363554001 1.206059917807579 0 0.1191869229078293 0.1005902215838432 0.1895852535963058 0 3.769835159182549 15.27690634131432 0 4.558570772409439 0 67.71915175020695 22.06186669319868 71.74453562498093 11.00033547729254 6.105031371116638 0 0.1188690438866615 0 1.981714583933353 4.309619270265102 0.6388276591897011 0 0.2183891832828522 1.416552037000656 0 0 0 4.687501303851604 0.4140234738588333 0.3278689533472061 0 0.2021110206842422 0.8159207403659821 2.175157696008682 0.2558894753456116 4.097575403749943 11.87669433653355 67.40170554071665 0.8322470411658287 0 0.4057380259037018 0.1030560284852982 0 0 0.1225821971893311 0.1526902467012405 0.1320847719907761 88.22732799500227 1.033112749457359 0 0 0 33.38632679730654 27.30530272424221 45.48006197065115 0.2629133090376854 1.500927343964577 2.101399771869183 0.3232448399066925 1.195442505180836 0.5449990853667259 0 0 0 0 0 0 0 76.82298514991999 27.17901615798473 47.97735196352005 719.9695528373122 17.78727222979069 694.7890411913395 160.0250928476453 226.4231150448322 89.1792679131031 0.5586051866412163 95.21676364541054 100.3219821751118 0.1416295617818832 8.390293009579182 1.872323527932167 46.71261936426163 3.562673032283783 0 1.976521104574203 11.05434224754572 1.062074646353722 351.2193281650543 86.71648915857077
