260.2048868462443 2605.462721988559 540.569464713335 937.2253111973405 350.4673907160759 78.902384147048 1025.963585622609 235.6402360796928 7.774284720420837 907.2685645148158 517.0536826327443 45.30437560379505 214.7928115725517 488.3870014622808 2.455813474953175 0 0.4141351282596588 0.1490423679351807 0 0.1457803845405579 0.4382828027009964 1.300288647413254 0 0 1.362621799111366 0.1503800451755524 0 0 0.2153491824865341 0 359.356248781085 11.94441800564528 43.87349980324507 0 0 0 3.667808324098587 0.4445121735334396 0.8817944973707199 0.4494174271821976 0.8450604528188705 1.022728726267815 0.8432881012558937 0.2220000177621841 0.1132535859942436 0 14.40058515220881 4.558733068406582 0.7174659073352814 0.6160446777939796 0.4396736845374107 0.2983345240354538 0.1535191088914871 2.020656272768974 10.42551559954882 18.65290076285601 351.7948170229793 355.1161818429828 65.3829365670681 21.73377051949501 0 0.9088514000177383 0 5.492190591990948 9.333572238683701 7.68271554261446 1.042384408414364 1.003126092255116 2.236242696642876 2.156979590654373 3.545530289411545 2.84714862704277 1.425075471401215 121.2301406040788 13.81859888881445 7.99782183021307 1.316667713224888 0.4470587745308876 0.4486150369048119 130.3804771602154 0.4161373153328896 5.650596611201763 34.05345536023378 0.245936319231987 5.537166900932789 12.30723716318607 2.452668935060501 1.368425823748112 2.249760881066322 1.881450645625591 0.8360043242573738 0.3121749833226204 1.987832143902779 0.7152891308069229 1.660627380013466 63.24730706214905 2.119807317852974 1.158813953399658 1.373024761676788 1188.055147126317 0.1979909539222717 1.280302092432976 2.657419323921204 3.675714954733849 0.1987869143486023 8.528972029685974 0.2349702417850494 2.670637279748917 15.21020150929689 3.813741609454155 0.1472089737653732 5.771910727024078 7.193111300468445 10.36503261327744 1.417617782950401 0 0 0 0 0 0 0 0 0 0 0 0 0.1162868216633797 0 0 0 0 0.2727528661489487 0 0 0 0 0.141562208533287 0 3.082195207476616 0.7033911943435669 0.8208941966295242 0.1099563241004944 0 0 0 0 0 0 0 0 0 0.09760049730539322 0 0 0 0 0.2035471349954605 0 0.3757196366786957 0 0.1032554656267166 0 0 0 0 2.716399371623993 0 0 0 0 0 0 0 0 0 3.490032561123371 0 0 0 0 0.6517317891120911 0 0.1839048564434052 0 0 0.2659692764282227 0 0 0 0 0 0 0.1190195754170418 0 0 0.2477954253554344 0.8805226385593414 1.540577732026577 3.73832818120718 282.3774930685759 7.354799099266529 218.3527053445578 32.2821926549077 1275.881899423897 13.62140912562609 0.4742866307497025 5.953115530312061 23.11172044277191 0 0.8841653317213058 0 26.39134722948074 0 0.2689222693443298 0.1556190997362137 0 0 209.5086201503873 7.399047583341599
2605.462721988559 5325.511136986315 1443.797356255352 537.2714486792684 2589.855634368956 47.31291596591473 3252.039170295 674.7531433105469 746.6333291828632 235.932079128921 1839.902430802584 10.22749819606543 2036.169110365212 3649.489586278796 5.819965951144695 0.8809595927596092 0.6831279098987579 0.07930493354797363 0 0.2700336202979088 1.242107681930065 1.477267757058144 0 0.1979692131280899 1.257911287248135 0.1151237562298775 0.1171527951955795 0 0.3116241991519928 0 1046.776906706393 25.71593410521746 38.64810316264629 0 0 0.5953298211097717 5.183563694357872 1.436482429504395 1.616297453641891 0.3827948421239853 0.1476822197437286 0.1599220484495163 1.070364527404308 0.1338828504085541 0.2279789596796036 0 35.71341624855995 12.98096396028996 2.610612317919731 1.182496011257172 0.7015802264213562 0.4902257174253464 0.233460858464241 0.6043153926730156 16.34694319218397 31.44566539674997 239.9159781336784 518.485290363431 75.61537282168865 53.124043405056 0.4015154093503952 1.752854272723198 0.09757423400878906 20.13906302303076 19.54657845944166 15.14463593065739 3.945934973657131 0.9232222735881805 3.301666766405106 3.057035475969315 2.914128065109253 0.306633472442627 0 227.7838589698076 38.45772086083889 38.6834540143609 2.031705260276794 0.8868979886174202 1.034286119043827 165.8123888075352 1.18569004535675 9.929706893861294 59.43418352305889 0.52315653860569 11.47176197916269 23.67617843300104 5.492858402431011 0.4455399513244629 3.035752825438976 0.3017973750829697 1.009313553571701 0.2218877375125885 2.38255263119936 0.4008300453424454 0.7083178460597992 12.37533041089773 0.1150774285197258 0 0.2620327919721603 976.4335355907679 0 0.1456362754106522 0.8032351285219193 2.10674712061882 0.9695519953966141 7.588879458606243 0 3.907018721103668 8.136359319090843 5.12631943821907 0.6269481182098389 6.147802896797657 9.238414652645588 10.09880304336548 0.9905065894126892 0 0 0.1301968693733215 0 0 0.2297023683786392 0 0.2846525311470032 0 0 0 0 0.1285970509052277 0 0 0 0.1626376956701279 0.2006132453680038 0 0 0.4203308969736099 0 0 0 4.134565107524395 0 1.588702701032162 0.3822349458932877 0.3264787420630455 0 0 0 0 0 0 0 0 0 0 0 0 0.33197221159935 0 0.1162994727492332 0 0.1061189100146294 0 0 0.318959966301918 0 0 3.2834532558918 0 0 0.07966522872447968 0 0 0 0 0 0 9.058801166713238 0.1704031825065613 0 0 0 0.5799163430929184 0 0.243674099445343 0 0.1339988708496094 0.1066649556159973 0 0 0 0 0.1071864366531372 0 0.1479577869176865 0 0.1305978000164032 0 3.101246409118176 3.077160000801086 3.113170310854912 439.1821166872978 13.21947551518679 508.0614024624228 69.51306914538145 652.81186478585 35.44593658298254 0.9893264472484589 23.84801091998816 14.17600862681866 0.1011941954493523 0.5205987691879272 0.2856072932481766 19.87382891774178 0 0.1270064562559128 0 0.9045809507369995 0.1249033585190773 131.8058895394206 7.979621596634388
540.569464713335 1443.797356255352 2194.985802315176 34.51786956936121 1051.127970695496 10.00703393667936 41.73325166106224 4523.242148481309 102.5818320438266 52.2242661640048 3118.85375457257 1.576310813426971 53.50877300649881 877.8251502066851 6.216727025806904 0.6701703369617462 0.9978157132863998 0.643471285700798 0 0.5280622541904449 7.479535453021526 1.16700953245163 0.2524873018264771 0.2308235168457031 4.403465390205383 1.922014877200127 0.3964558243751526 0 0 0 6383.6489758268 1537.011818960309 69.47109495103359 0.1574486196041107 0.4331629872322083 0.3215831220149994 7.713254198431969 1.010411247611046 1.077673181891441 1.477678567171097 3.027336940169334 1.439653396606445 7.897119052708149 3.005015708506107 0 0.5013329535722733 30.77943070977926 6.188396163284779 2.603837415575981 2.233895070850849 1.838462308049202 0.3782194703817368 1.177362024784088 1.776929885149002 9.157123781740665 18.46385130286217 145.3685865551233 971.5880855545402 55.60816673189402 38.61758378893137 2.419943533837795 12.68576538562775 1.338434174656868 75.20371755957603 11.11475462466478 8.63372965157032 3.171509854495525 3.030888631939888 11.23024863749743 22.69129981100559 0.3361091613769531 0.4526596665382385 0 180.0868788212538 33.45433565974236 26.50206544995308 6.201757974922657 3.010334961116314 25.71842376887798 692.1744124516845 5.830382741987705 95.26441250741482 35.00294779241085 0.1930750757455826 4.782373890280724 14.16786383837461 4.818014681339264 0 1.722178891301155 0.2192238569259644 1.10136952996254 0.9465945735573769 17.94867075234652 4.122025176882744 2.826603911817074 3.183902412652969 0 0 0.1118294075131416 343.7774086669087 0 0 0.1518613249063492 0.3315436542034149 0 0.286392867565155 0 0.2896597683429718 0 0.7430708855390549 0.152979850769043 2.479071095585823 2.979310005903244 1.952907986938953 1.225075259804726 0 0 0 0 0 0 0 0.225484237074852 0 0 0.1458068490028381 0 0.7114272713661194 0 0 0.2075762003660202 0.1219346597790718 0 0 0 0 0 0 0 2.950739949941635 0.3000647276639938 1.062451213598251 1.143237471580505 0.6285895183682442 0 0 0 0 0 0 0 0 0.113196112215519 0 0 0 0.1380019783973694 0 0 0 0 0 0 0.4464422762393951 0 0 1.35438272356987 0 0 0 0 0 0 0 0 0 1.897775091230869 0 0 0 0.4630097597837448 0.4442230761051178 0.3169448673725128 1.13178363442421 0 0 0 0 0 0 0 0 0 0.1301734447479248 0.2375754415988922 0.2573651373386383 0.2841899245977402 0.7714565843343735 3.320952601730824 3.479200348258018 199.6494752839208 10.87522560358047 273.4973594993353 34.05343559384346 195.7248708084226 19.87942452728748 0.9383005872368813 17.45364695042372 3.863690003752708 0 0 0 3.108896367251873 0 0 0 1.980884969234467 0 63.11663671582937 0.7085147947072983
937.2253111973405 537.2714486792684 34.51786956936121 356.1030210703611 151.2362413182855 187.0737369805574 1872.486491754651 5.421989195048809 12.12697842717171 2519.669055745006 52.12327337265015 428.278855368495 2349.331044994295 104.3538145124912 0.3111082762479782 0 0.7016029357910156 0 0 0 0.3024054169654846 0 0 0 0 0 0 0 0 0 34.10290049761534 1.009178996086121 1.754972361028194 0 0 0 1.802894666790962 0 0 0 0 0 0 0.1161084175109863 0 0 5.966971434652805 1.76515319943428 0.4680106267333031 0.249114416539669 0 0.5123319625854492 0 0 5.739562451839447 9.347055464982986 98.42370734363794 67.60771964490414 22.72845969349146 10.7649058625102 0 0 0 1.255316689610481 5.757670439779758 2.528754077851772 0.6219120994210243 0.3821842521429062 0 0.7923670411109924 6.197096139192581 0.4479531347751617 0 50.33257596194744 4.323772348463535 3.267854690551758 0 0 0 2.622959151864052 0.2995239049196243 0.09200093895196915 16.32034492492676 0 1.304682575166225 7.140082411468029 1.485368825495243 0 0.4694938957691193 0 0.1211355626583099 0 0 0 0 21.56598307192326 0.1897502243518829 0 0 1071.058193325996 0.4333567544817924 3.480111196637154 19.78646212816238 27.55264513194561 0 65.47107154130936 8.305302619934082 4.101945817470551 50.30346930027008 8.231324002146721 1.772160857915878 23.05091391503811 24.97665494680405 15.01755192875862 0.5833217799663544 0 0.1057516112923622 0 0 0 0 0 0 0 0 0 0 0 0 0 1.040032863616943 0 0 0 0 0.2549771070480347 0 0 0 4.234174370765686 0.3189995288848877 1.876580208539963 0 0 0 0 0 0 0 0 0 0.411262571811676 0.1697097569704056 0 0 0 0 0 0 0 0 1.424706473946571 0.2458573803305626 0.2284765020012856 0 0 1.920207917690277 0.4637676179409027 0 0 0 0 0 0 0 0.1013516783714294 6.149377852678299 0 0 0 0 1.692427039146423 0 0 0.7688555419445038 0.4550663530826569 0.1561878323554993 0 0 0 0 0 0 0 0 0.1205969154834747 0 2.157353132963181 1.03755022585392 4.213125482201576 275.3596990704536 3.003028303384781 112.3641280531883 12.92832253873348 817.3074536547065 7.85015132278204 0.2892100363969803 3.626393720507622 31.20673532783985 0 4.3106854185462 0.6906401216983795 54.57393252849579 0.1965356916189194 0 0 0 0 147.4743196219206 16.1220298409462
350.4673907160759 2589.855634368956 1051.127970695496 151.2362413182855 780.2120640352368 38.21971816569567 1028.694480746984 1125.556311175227 1741.405470833182 423.5664629265666 1497.757116749883 11.79262787848711 527.8273889347911 2395.266661219299 7.103588923811913 0 0.2291438728570938 0.1056636944413185 0.1072684824466705 0 0.3781189695000648 0 0.1264270693063736 0 0 0 0.1133819296956062 0.1176878586411476 0 0 207.2349045500159 11.53511384874582 13.54919137060642 0.1184505224227905 0 0 13.71638362854719 0 0.1907726526260376 0 0 0.2262155935168266 0.5539793148636818 0.6476615220308304 0 0.2227979749441147 36.55870973318815 8.88797801733017 1.690034784376621 0.9598277732729912 0.110029011964798 0 0 0 9.804421171545982 13.92467947304249 54.56408873200417 169.2384872585535 37.20899917185307 47.21679420024157 0.293159082531929 2.144908539950848 0 28.25620186328888 10.27070819586515 5.706737160682678 2.176619648933411 1.535193078219891 0.7685593217611313 0.9428905546665192 13.62626350671053 0.2505688071250916 0.1806834042072296 140.8140051886439 47.34134385734797 48.40124295651913 4.198332905769348 0.6782789528369904 1.083756946027279 13.90930950641632 1.050517171621323 2.661101497709751 34.98511978983879 0.1654559969902039 7.008811295032501 11.27697171270847 3.8228789716959 0 1.460494339466095 0 0.2336442992091179 0.1011281237006187 0.2838987410068512 0.1018502190709114 0.2330081984400749 10.95801110565662 1.192101716995239 0 0.5816511511802673 83.68645602464676 0.3260644972324371 0.964557558298111 5.612114459276199 4.563942968845367 0.9227398037910461 15.96276859939098 0.4398326724767685 5.650371134281158 5.52650848031044 12.13443222641945 0.4298988580703735 20.6485793441534 24.35812759399414 33.37517540156841 6.111632488667965 0.2866996824741364 0 0 0 0 0 0 0 0 0 0 0 0.08964428305625916 0 0 0 0 0 0 0 0.1552796810865402 0 0 0 13.97755416482687 0 4.432952955365181 1.42232620716095 0.7392387092113495 0 0 0 0 0 0 0 0.1143608465790749 0.1229352727532387 0 0 0 0 0 0 0 0 0.4393888711929321 0 1.275357604026794 0 0 5.076987400650978 0 0 0.1235636100172997 0 0 0 0 0 0 24.8503925204277 0 0 0 0 4.700952902436256 0 1.668277084827423 0.8808263167738914 0 0.2775856852531433 0.1993802338838577 0 0.1414082646369934 0 0 0 0.2528056502342224 0 0 0 5.935460701584816 8.211626105010509 8.756345063447952 463.5571106076241 7.155124321579933 391.8853917121887 53.02967559546232 138.8176695331931 39.97923196852207 0.433480516076088 47.97118645906448 16.58640144765377 0.1323186308145523 2.484526678919792 0 32.26182342320681 0.1304612308740616 0 0 3.170296296477318 0 70.99270671606064 16.50458122044802
78.902384147048 47.31291596591473 10.00703393667936 187.0737369805574 38.21971816569567 22.57384504377842 201.0440573990345 4.192354634404182 12.58119539916515 1034.274840041995 20.68535006046295 208.0050038099289 439.3177942037582 117.4118472114205 0 0 0 0 0 0 0 1.950937420129776 0 0 0 0 0 0 0 0 10.38918293267488 0 28.30793555080891 0 0 0 37.58119483292103 0 4.23921249806881 0 0 0.5326740145683289 0 0 0 0 0.3700099587440491 0.2984535843133926 0 0.6709017753601074 1.102814808487892 23.49544714391232 0.58001509308815 0 0 1.822250634431839 169.7269026562572 8.223721958696842 18.03851260244846 1.105484783649445 0 0.2997533082962036 0 0.1939374953508377 0.2854491844773293 0.1315440386533737 0.7977128028869629 0.4409487694501877 0.3005049377679825 0.4173130542039871 133.4325108379126 344.4768034815788 30.82288470864296 4.481347851455212 0.2118504419922829 1.008511707186699 0 0 0 5.957986697554588 0 1.112924456596375 0.609502449631691 5.427890099585056 0.2908204942941666 3.261732369661331 1.498517319560051 20.45930750668049 15.28891975432634 45.65158806741238 4.562828660011292 28.43815986067057 0 0.2133348733186722 8.885399475693703 339.4697472751141 120.0227086320519 17.03930094838142 72.57949717342854 337.2061105370522 0 0.1931753754615784 0 0.6243551522493362 0.3754739463329315 4.545188948512077 0 1.622390389442444 4.926442310214043 4.620861515402794 0.2961134314537048 3.169672384858131 4.129984959959984 4.050892412662506 0.4003656804561615 0 0 0 0 0 0 0 0 0 0 0 0.2500831484794617 0 0 0.23227559030056 0 0.8406509011983871 0.3389161974191666 0 0.1615433692932129 0 0.1561392843723297 0 0 4.32818515598774 0 0.2774884402751923 0.4143384695053101 0.1698906123638153 0 0 0 0 0 0 0 0 0 0 0 0.1352180242538452 1.14946386218071 0.152003139257431 0 0 0 0.2413639724254608 0 0 0 0 1.573760479688644 0 0 0 0.1157964169979095 0 0 0.1480717957019806 0.1306788623332977 0 1.710146591067314 0 0.8213060647249222 0 0.2097594439983368 1.630182564258575 0 0 0 0 0.3821587562561035 0 0 0.1381316035985947 0.1326497048139572 0 0 0.1171371638774872 0.6117479205131531 0.1714940816164017 0 0.3051494657993317 0.8124702870845795 0.1966902166604996 55.95824154466391 1.023846432566643 8.347026072442532 0.7683896720409393 243.9776864498854 2.657509535551071 0.2900477051734924 0.1647788286209106 11.36757634580135 0 0.4926536530256271 0 16.36525258421898 0 0 0 0 0 100.7137197703123 5.786857172846794
1025.963585622609 3252.039170295 41.73325166106224 1872.486491754651 1028.694480746984 201.0440573990345 1588.115080855787 48.56438484042883 1037.444750823081 2891.373513631523 261.2918005660176 305.7212015017867 6506.3160000965 753.2839429676533 12.76262028515339 0.2344389408826828 1.092287875711918 0.1895753145217896 0 0.3251656293869019 0.09597142785787582 0 0 0 0 0.1180427968502045 0 0 0.1566999405622482 0 166.2837994992733 13.68805465847254 19.8133138641715 0 0 0 13.75707350671291 0.1745499968528748 0 0.3822339177131653 0 0.1801302582025528 1.02903339266777 0.4114551991224289 0.250337041914463 0.2145026326179504 71.38942641019821 17.51706648617983 4.195746161043644 2.502502456307411 0.2174343541264534 0.2841360569000244 0 0.251635953783989 21.49693390727043 34.15709938108921 124.4145106300712 262.3726643323898 80.63241772353649 86.02852073311806 0 3.824936956167221 0.5094396471977234 40.67688342183828 22.45620389282703 14.76566185802221 5.231094837188721 1.223762229084969 1.029486119747162 1.461680620908737 21.36358316242695 0 0 281.8312386274338 79.2596622556448 78.57532528787851 5.431952968239784 1.638985157012939 1.363420002162457 18.5238151922822 1.529484704136848 3.815830007195473 77.13139843940735 0.3861880749464035 15.64123152941465 30.12248751521111 10.43215846270323 0 3.697899840772152 0.2507682293653488 1.664976246654987 0.786654531955719 0.9618932455778122 0.6773386970162392 1.214455284178257 83.6596397459507 0.2234701663255692 0 0.8101861774921417 247.7414765432477 3.634006351232529 12.75145467370749 51.04256798326969 46.45193322747946 8.1100257858634 93.44154839962721 18.1998778283596 38.2487630546093 84.53712601959705 53.0033910498023 3.792869791388512 96.12159238010645 131.1619175747037 119.4249203205109 19.22243447601795 0.1294013559818268 0.1891290694475174 0 0 0 0 0 0 0 0 0 0 0 0 0 0 0 0.1678684502840042 0 0.7042720764875412 0.8535150289535522 0 0.139678105711937 0 49.42228257656097 0.9388761222362518 15.99179281294346 4.739143237471581 0.9026385694742203 0 0 0 0.1308033913373947 0.1541438549757004 0 0 0.353935681283474 0.5292139649391174 0 0 0 0.5147606730461121 0 0.9060167372226715 0.2768409103155136 0 2.24909957498312 3.415696181356907 0.8507502526044846 0 0 11.58959405124187 0.8484852313995361 0.2566813752055168 0.3172563686966896 0 0 0 0 0 0 75.75172263383865 0.8089299499988556 0 0 0 13.64551693201065 0.5069712176918983 7.96534289419651 4.833990074694157 1.27707777172327 0.2562209218740463 0.2635465860366821 0.2561075687408447 0.09165360778570175 0 0 0 0.2036844119429588 0.1488514542579651 0.1332598328590393 0 26.87042781710625 18.68332839012146 36.62018050253391 986.2290078625083 14.67122618854046 793.1162988841534 109.7818880975246 600.4602872654796 71.20467346161604 2.19808941334486 71.9204853400588 90.80198538303375 0 12.58017826080322 2.408770762383938 146.1321427896619 0.5808842927217484 0.7425879240036011 0 2.390259832143784 0.6698949337005615 276.5220532938838 83.68028099089861
235.6402360796928 674.7531433105469 4523.242148481309 5.421989195048809 1125.556311175227 4.192354634404182 48.56438484042883 2058.55866984278 1085.060264602304 23.19209159165621 2131.30137488991 3.803486332297325 84.76145945489407 860.1161412224174 74.09185399115086 5.94289031624794 3.423484861850739 9.253902077674866 0 29.65122624486685 111.4686826914549 4.874483302235603 21.24298933148384 1.961311504244804 17.52365300804377 8.604907765984535 1.86267863214016 4.329064190387726 1.063051670789719 0.1355064362287521 2805.608398944139 3431.268383823335 184.7373192980886 6.854528799653053 5.111880600452423 4.075425520539284 19.94062603265047 12.07162714004517 6.998767629265785 5.323767080903053 28.76579468697309 10.30984147638083 133.2111159339547 8.825974091887474 1.099148012697697 19.42218890786171 174.1475028768182 16.30312656611204 7.167774803936481 47.68572469800711 8.245636217296124 2.744919419288635 2.221571758389473 7.847044967114925 12.54640416055918 24.39246653020382 124.6800383999944 686.1093854755163 69.70086225867271 143.6153969317675 301.2527772933245 70.00855558365583 7.305258959531784 421.9307397380471 16.1708686798811 20.67981284856796 16.54766572266817 15.86853002011776 118.9179411828518 281.1635241508484 6.764087602496147 0.3515087217092514 0.3047696948051453 333.578576117754 206.8077438548207 230.382237188518 301.0951099544764 1186.808562517166 1139.947002977133 2310.621792815626 760.7081416398287 2482.122892923653 67.39424643665552 0.4464745298027992 14.329504750669 26.96475910395384 26.91797751188278 0.1081258952617645 4.867351919412613 0.1306654512882233 5.468598164618015 2.196160547435284 144.4439372494817 16.05856017023325 12.84293466061354 4.867985770106316 0.131595566868782 0.2250643968582153 1.341147676110268 232.0092851519585 0.1284915953874588 0.2227946519851685 0.8986350893974304 0.4383804500102997 1.06738269329071 6.118262097239494 0.2377778887748718 1.571946129202843 2.823820888996124 2.580996714532375 1.006012566387653 6.454652734100819 11.19154580682516 17.22113570570946 4.102211393415928 0.1436353772878647 0 0 0.127471998333931 0 0 0 0.5901641547679901 0 0 1.4805868268013 0 1.15198165178299 0.4247232377529144 0.2754693329334259 1.081721991300583 0.4249815121293068 2.92697748541832 0 0 0.1290621012449265 0 0 0.7359059378504753 8.579407580196857 0.269343264400959 7.978028751909733 5.475182458758354 1.930647000670433 0.9361962005496025 0.6661300659179688 0.1491165012121201 0 0 0 0.6572961360216141 0.1151371970772743 0.3013066649436951 0 0 0.1907948106527328 1.009583473205566 2.68882942199707 0.1347343474626541 0.2589539885520935 0 0 0.8068035244941711 0 0.3667661845684052 0.1126133129000664 2.134026318788528 0 0.1527364253997803 0.1321111768484116 0.1361554712057114 0 0 0.1173626035451889 0.3304475396871567 0.3060299009084702 9.142376817762852 0.5203591734170914 0.1709848642349243 0 1.81924893707037 2.019612357020378 0.1689197570085526 1.592632293701172 0.2310661971569061 0 0.09907915443181992 0 0 0.129351481795311 0 0 0 0.108883298933506 0.3473171889781952 1.147340022027493 0.3841459229588509 3.078751608729362 9.351243235170841 13.35328406095505 899.3605750352144 39.57681859284639 966.710614182055 132.997332021594 165.7222782149911 71.23004197329283 2.483947105705738 129.6889622732997 7.729717887938023 0.6747446656227112 1.630320645868778 0.4569157883524895 7.894603677093983 0 0.1510356813669205 0 7.800818651914597 1.601953059434891 63.00338838994503 5.16447126865387
7.774284720420837 746.6333291828632 102.5818320438266 12.12697842717171 1741.405470833182 12.58119539916515 1037.444750823081 1085.060264602304 530.9060612618923 171.9002572000027 1285.469409793615 11.01878502964973 1737.840688109398 617.5823738276958 2.558915622532368 0.2241823151707649 0 0 0 0 0 0 0 0 0 0 0 0 0.1993330717086792 0 13.13892176002264 6.705158621072769 10.17718312144279 0 0 0 4.74749967455864 0 0 0 0 0 0 0 0.09102729707956314 0.1075293123722076 8.419916711747646 0.9247560948133469 0.1786249577999115 0.1188874021172523 0 0 0 0 1.24599227309227 0.9812565892934799 3.162780031561852 13.18181425333023 3.038812153041363 3.746466234326363 0.1288337409496307 0 0 2.976321525871754 0.4609600380063057 0.1362764537334442 0.1028158888220787 0 0.1055093109607697 0 5.943797141313553 0 0 13.58405698090792 6.303549744188786 10.07551916688681 1.217557922005653 0.5344749912619591 0.3158182501792908 6.255196668207645 0 0.8086465895175934 1.380145519971848 0 0.7252707779407501 0.5422973409295082 0.3587740808725357 0 0.2540378794074059 0 0.2933794558048248 0 0.1542167067527771 0 0 10.54619732499123 0 0 0 6.240487948060036 0 2.49031138420105 2.248809143900871 3.876575738191605 1.307814180850983 13.46081440150738 0.5982282161712646 6.587553426623344 6.051511034369469 8.815288081765175 2.386982768774033 14.48760390281677 19.58318744599819 30.4404374808073 5.591567248106003 0 0 0 0 0 0 0 0 0 0 0 0 0 0 0 0 0 0 0 0 0.4452351927757263 0 0 0 16.54914443194866 0 5.798470988869667 0 0.2481890618801117 0 0 0 0 0 0 0 0 0.5560098886489868 0 0 0 0 0 0 0 0 0 0 0 0 0 6.684392511844635 0 0 0 0 0 0 0 0 0 23.29714265465736 0 0 0.4036203920841217 0 4.282355740666389 0 2.081689454615116 0.1773862838745117 0 0.1799172908067703 0.1186365634202957 0 0 0 0 0 0 0 0 0 6.579961776733398 5.723722502589226 10.38058678805828 142.1999911218882 1.336753010749817 64.28605589270592 8.636322036385536 21.04714139550924 5.671792961657047 0 12.19846326857805 15.3162819892168 0 1.0908362865448 0.1823042333126068 18.86798615753651 0 0 0 1.206716656684875 0 38.88002735376358 11.29572220146656
907.2685645148158 235.932079128921 52.2242661640048 2519.669055745006 423.5664629265666 1034.274840041995 2891.373513631523 23.19209159165621 171.9002572000027 1542.513315573335 201.5247237980366 2700.065435618162 8878.719829663634 779.4420116394758 1.189724661409855 0 0.3938153088092804 0.1099132895469666 0 0 0 0.7235244959592819 0.4233566895127296 0 0 0.1739823371171951 0 0 0.3664263188838959 0 17.76968144625425 0.8227766156196594 88.7981076836586 0 0 0 168.9202522337437 0 1.159832254052162 0 0 0 0.3096303194761276 0 0 0 11.13001521676779 3.256106048822403 0 0.1070258393883705 0 2.179585352540016 0 0.1977153271436691 2.995469436049461 7.13245851546526 101.9085737839341 48.55433309078217 21.50501176714897 11.54457284510136 0.9191828444600105 0 0 2.586809933185577 4.400211952626705 2.569830521941185 1.161485679447651 0 0.4259742721915245 0.1846037060022354 176.7244703173637 2.624158516526222 0.5640336722135544 42.46142889559269 5.744652196764946 6.766294687986374 0.3364235162734985 0 0.1704602390527725 7.129609942436218 0.1336169242858887 2.893317759037018 12.09063898772001 0.1375692635774612 1.520687907934189 4.505510061979294 1.720312088727951 0.7434756979346275 0.3752717673778534 2.467566341161728 0 0.6557969003915787 0 0 1.048571273684502 145.727170675993 22.11888113617897 2.858887493610382 2.694086506962776 964.4202450737357 1.469558462500572 16.01992665231228 73.29538260400295 164.8677789717913 3.701153472065926 129.7736670300364 11.54216332733631 29.80430109798908 113.0450996831059 71.84855268895626 3.450257152318954 85.59051481634378 359.0414103791118 102.2697580605745 11.4749461710453 0 0 0 0 0 0 0 0 0 0 0 0 0 0 0 0 0 0 0 0.1621488183736801 0.8383112549781799 0 0 0 18.91528213024139 0.7043188810348511 6.992272362112999 0.6213401556015015 0.4426865577697754 0 0.2721069753170013 0 0 0 0 0 0.2351386621594429 0 0 0 0 0.7270659059286118 0 0.1135638952255249 0.1483259052038193 0 1.722229033708572 1.662418246269226 2.693497434258461 0 0 9.040340825915337 0 0.3330651819705963 0 0 0 0 0 0 0 41.29397194087505 1.208458721637726 0 0 0 3.268383711576462 0 3.096643909811974 1.702428713440895 0.5530250072479248 0.1865430176258087 0 0 0 0.1356935650110245 0.4378636330366135 0 0 0 0 0 22.31190206110477 8.402999714016914 16.67294360697269 602.2807838991284 4.404839307069778 155.1671739667654 17.48141964524984 1202.316608466208 18.80824059993029 0.1263746619224548 17.39728818833828 99.06768614053726 0 3.681990176439285 0.2092207372188568 224.5258105397224 1.698384553194046 0 0 0 0 467.1921713277698 105.0533333271742
517.0536826327443 1839.902430802584 3118.85375457257 52.12327337265015 1497.757116749883 20.68535006046295 261.2918005660176 2131.30137488991 1285.469409793615 201.5247237980366 835.1397444009781 29.10248894244432 1670.021139733493 2529.362716786563 40.53988169878721 1.763152576982975 1.219145461916924 0.6717130467295647 0 0.3898665606975555 4.674208089709282 11.94493125379086 0.7594249099493027 0.3683142960071564 5.373615071177483 2.079587087035179 0.6232351660728455 1.031944066286087 2.093223005533218 0.1864608526229858 1230.893430367112 117.9513650238514 364.6903856918216 0 1.17481592297554 0.4232654869556427 97.28632796555758 7.787363618612289 7.441227078437805 3.616258203983307 3.29085499048233 2.188747197389603 1.549049757421017 2.693218253552914 0.2405619546771049 0.1202922835946083 96.54587256163359 8.205290213227272 3.638379648327827 3.444196879863739 2.869502581655979 2.887068942189217 1.34475289285183 14.67128504812717 8.950697384774685 12.68190125375986 83.33369679003954 219.7031474858522 45.11052979528904 74.80225480347872 0.5707687735557556 8.870014980435371 0.144866019487381 45.77475274354219 9.27166648209095 6.976620137691498 2.909746453166008 3.348866142332554 9.073292218148708 10.43551426380873 56.08964462578297 2.36851991713047 0.3483376950025558 143.3334424123168 75.18928884714842 112.3574853539467 16.30739539861679 26.91110441088676 29.75997237116098 917.4707265794277 3.707137145102024 34.52219232171774 34.98475816100836 0.3249633088707924 6.238161742687225 10.56331790238619 6.566147692501545 0 2.910252101719379 0.593819335103035 0.9797431752085686 1.980294182896614 14.30105362087488 3.467611312866211 7.067946590483189 30.95051093399525 0.7277980446815491 0.2359390258789062 5.14388732612133 210.0656100660563 0.09792768210172653 1.245793581008911 9.671408101916313 6.665700659155846 4.449008330702782 39.77239680290222 0.4851856380701065 13.73997938632965 20.1446308940649 16.67868134379387 5.21258769929409 22.34133620560169 64.69467617571354 80.41296140104532 14.62637385725975 0.4718461185693741 0.3214190304279327 0 0 0 0 0 0.9016390591859818 0 0.36234050989151 2.848047196865082 0 0.6753824800252914 0.3200851827859879 0.3131402879953384 0.300634354352951 1.465403169393539 3.437199145555496 0 0.3838411867618561 1.752273872494698 0 0 0 55.30419962853193 1.456439554691315 23.76181411743164 5.025011390447617 3.780077762901783 0.1532287299633026 0.3502097725868225 0.173029363155365 0 0.117084689438343 0.1181056872010231 0 1.058888137340546 1.101297244429588 0 0 0 2.007675819098949 1.385740861296654 0 0 0 0.28855200111866 0.1180584728717804 0.4984468817710876 0.3724089115858078 0.1481215506792068 22.74349172413349 0 0 0 0 0 0 0 0 0 78.17708630114794 1.493021845817566 0.4064978659152985 0 0.2746665775775909 10.16615568101406 0.4530695974826813 3.253722116351128 0.5645431876182556 1.310254514217377 0.6383132487535477 0 0 0 0 0 0 0 0 0.3445267751812935 0.2518021762371063 22.58599376678467 36.95076131820679 49.01292332261801 1151.279387496412 14.15602365881205 624.9937350675464 118.1715140342712 187.6919188052416 57.87093295902014 0.9382979273796082 141.4580503255129 33.46794479340315 0 4.329773038625717 1.464458115398884 29.21358021348715 0 0 0 3.83876059949398 1.752863168716431 84.53584592044353 15.90358699113131
45.30437560379505 10.22749819606543 1.576310813426971 428.278855368495 11.79262787848711 208.0050038099289 305.7212015017867 3.803486332297325 11.01878502964973 2700.065435618162 29.10248894244432 194.9601041078568 1808.044450394809 149.4333173632622 0.6818446069955826 0 0.4318876564502716 0.1706435680389404 0 0 0.4522882699966431 6.957443058490753 0 0 0.2196904569864273 0 0 0 2.00384584069252 0 1.652554750442505 0.1403989046812057 68.44609903544188 0 0 0 242.8717540800571 0.3847461938858032 3.760147497057915 0.3568690717220306 0.1564885377883911 0.2582033574581146 0 0 0 0 2.315427832305431 0 0 0 0.2988201528787613 6.076244294643402 3.128553986549377 4.399151042103767 0 0.9503936395049095 14.69660249352455 3.476184830069542 1.43428960442543 1.152384825050831 0 2.582029245793819 0.5925361514091492 1.102929338812828 0.2035996094346046 0.7613416388630867 0.766478456556797 0 0 0 76.30795882642269 2.117936670780182 0.2064006179571152 4.005610607564449 1.484649129211903 0.9666745960712433 0 0 0 13.65553956478834 0.1201274245977402 2.460746094584465 1.030436009168625 0.1428779512643814 0.4982984438538551 0.1269375085830688 0 0 0.09126085042953491 0.2623065784573555 0.6323049515485764 0.9929938912391663 1.560129582881927 0.3132424652576447 2.090860739350319 433.2290598750114 4.571715153753757 0.539176344871521 5.545790508389473 77.58043207973242 0.1050003319978714 4.519425861537457 10.26297330856323 7.121430583298206 6.898467384278774 60.62758274376392 1.5503309071064 31.25128039717674 29.77152938395739 44.52638921886683 2.992836013436317 59.19232355058193 109.9034228026867 114.2839270532131 16.67895623296499 0.2151780501008034 0.1240303665399551 0 0 0 0 0 0.4276778250932693 0 0.2227105498313904 0.572430431842804 0 0.1259154230356216 0 0.9118081405758858 0 0.476330853998661 1.72679939866066 0 0 0.8792149499058723 0 0 0 46.257150426507 0.304975226521492 10.10881111770868 4.718187943100929 0.9884166345000267 0 0 0 0 0 0.9075773730874062 0 0 0.3296373337507248 0 0 0.1267969310283661 1.442604452371597 0 0.1159584075212479 0 0 0.332960456609726 0.1243494898080826 0.415971502661705 0 0 7.276659280061722 0 0 0.1066365614533424 0 0 0.1293365657329559 0 0 0 79.65691776573658 3.427223041653633 0 0 0 8.122463241219521 0 4.599491402506828 0.7063285782933235 0.2615507543087006 0.2638358175754547 0 0 0.1372184157371521 0 0 0 0 0 0.4517677128314972 0 37.18985480070114 24.80198768526316 26.83351813256741 117.9083136171103 1.342305570840836 26.22936011850834 5.495232544839382 166.2796661481261 1.663556158542633 1.230624556541443 4.07526732981205 43.73946029692888 0 3.002868704497814 0.3574859276413918 76.56456431746483 0.8498191237449646 0 0 0 0.1185541599988937 291.9457529634237 69.31865386664867
214.7928115725517 2036.169110365212 53.50877300649881 2349.331044994295 527.8273889347911 439.3177942037582 6506.3160000965 84.76145945489407 1737.840688109398 8878.719829663634 1670.021139733493 1808.044450394809 1899.303866490722 3278.773130103946 9.139328092336655 0.3570729121565819 0 0.1532417237758636 0 0.130989596247673 0.575595498085022 22.48071895539761 0 0 1.464660406112671 0.6666593700647354 0.6876940578222275 0 2.777618959546089 0.1182756721973419 32.27662076801062 4.403419658541679 604.8301187753677 0 0 0 1015.281152278185 5.031904324889183 21.34859067201614 2.381820023059845 0.8463159203529358 1.652128577232361 1.083412930369377 1.232210129499435 0 0.6717842519283295 33.62309630215168 4.275132387876511 2.092394180595875 1.367828786373138 1.70402666926384 13.94379417598248 9.955695256590843 15.61761677265167 4.561252392828465 5.947316490113735 39.80424948036671 47.0321412011981 17.43355740606785 26.87364766746759 0 7.409037172794342 0 12.70259268581867 4.955065511167049 3.394127614796162 0.9896656274795532 0.3195368051528931 3.929429188370705 2.268919080495834 321.067473359406 5.986406147480011 0.1706510186195374 52.64850045740604 22.57244949042797 32.90502367168665 6.975298829376698 0.9034051224589348 0.306413546204567 111.4537763744593 0.9302056282758713 8.290993064641953 14.15572016686201 0 3.691868551075459 6.87303089350462 2.652834787964821 0.1121605038642883 1.526016183197498 1.420283108949661 0.5746447741985321 2.349534943699837 1.506663627922535 1.777225971221924 10.26523934304714 1731.415423884988 10.32341296225786 3.163697063922882 14.23935318738222 211.3157473579049 2.786490827798843 17.7953127771616 57.40994744002819 41.54234443604946 20.17943279445171 233.338738873601 8.014148592948914 110.0307816267014 137.336799249053 172.9322109743953 15.79264384508133 237.581924289465 452.0508343800902 444.9086711555719 65.66856465488672 0.9748776108026505 0.8412851765751839 0 0.2386851161718369 0 0 0.5567312687635422 1.678906634449959 0 0.2067302018404007 1.43721367418766 0.3350559175014496 1.350583046674728 1.226696766912937 0.6740238815546036 0.9381499886512756 1.515040837228298 5.930140361189842 0.3672986924648285 2.261457040905952 7.384714342653751 0.2330687418580055 0 0 184.0561380311847 1.194876283407211 43.86952713876963 8.766645409166813 5.632536120712757 0 0 0 0 0 0.8236837536096573 0.1712885200977325 1.053133577108383 1.791960224509239 0 0 1.194183081388474 5.106522180140018 0.6586767733097076 0.2378569692373276 0.5039210319519043 0 2.042677007615566 1.378092139959335 1.344902217388153 1.694132640957832 0.2574717253446579 44.41874495893717 0.7479275092482567 0.7157667875289917 0 0 0 0 0 0 0.5569301098585129 338.6797655969858 6.007714629173279 0.3047591745853424 0.809616819024086 0.2999416440725327 31.09459387511015 1.697537742555141 12.76690679043531 2.637998171150684 0.4240750819444656 1.548662833869457 0.4872335493564606 0.5431209877133369 0.1509391516447067 0 0.1546621024608612 0 0.1795048266649246 0.1271935552358627 0 0 158.1616034060717 104.62436773628 125.2306491881609 939.7604628428817 5.633440926671028 320.4065097495914 52.36243368685246 462.9794816672802 34.1077691540122 0 79.42098178714514 193.5882338061929 0.3996251225471497 16.30513300746679 4.478476829826832 330.6121576204896 0.5942086279392242 0.1237972974777222 0.6886514127254486 1.886596575379372 0.5040495991706848 881.9705521464348 270.1728011518717
488.3870014622808 3649.489586278796 877.8251502066851 104.3538145124912 2395.266661219299 117.4118472114205 753.2839429676533 860.1161412224174 617.5823738276958 779.4420116394758 2529.362716786563 149.4333173632622 3278.773130103946 2480.434113919735 17.02274473011494 0.9857655391097069 0.5624743774533272 0.9017204344272614 0 0.8680014759302139 0.6232291460037231 45.29966519773006 0.3850708901882172 0 7.570771545171738 0.657792866230011 1.631018251180649 1.00702203810215 3.999692380428314 0.6524350196123123 320.2448121681809 36.41377231478691 889.2563100606203 0.2761014103889465 0.3094570711255074 1.025827810168266 777.2263764292002 29.61872375011444 50.14304678142071 10.09179881215096 2.590828910470009 2.370934501290321 0.6951323226094246 2.054673813283443 0.1930779740214348 0.8316085636615753 50.04608719050884 3.430447824299335 1.12005377560854 2.729696452617645 2.60313381254673 19.73422682285309 6.966611698269844 26.84547466039658 4.423567250370979 7.322778962552547 43.53261365741491 87.38075735419989 18.87053100764751 30.30553494393826 0.105356402695179 24.50900702178478 0.298571765422821 13.48936149477959 3.960240572690964 3.526697680354118 1.845080658793449 2.605338871479034 4.757309295237064 7.109914399683475 212.1602146103978 5.087173104286194 0.9270718842744827 69.05190213024616 28.53713980317116 45.99010450392962 6.40021500736475 2.055728547275066 0.7784063816070557 301.7390882894397 2.07796585559845 12.74955643713474 14.41773299127817 0.1630952507257462 3.037676572799683 5.871442914009094 2.255033239722252 0.2979819476604462 1.142703451216221 1.625172004103661 1.376736387610435 1.881540834903717 8.217659786343575 5.545113518834114 15.3284258544445 348.2169209718704 6.533637255430222 1.546095624566078 20.34292098879814 159.1472681611776 0.7943367213010788 7.87985173612833 30.10316842794418 16.36112321168184 15.10641717165709 113.054062306881 5.104584634304047 47.85116364061832 63.86449488997459 82.29847909510136 8.73421373963356 115.4415223971009 255.8948191031814 240.5484788194299 44.26005720347166 0.7005755677819252 0.6784309670329094 0.1105006709694862 0 0 0 0 2.681273549795151 0 0.1234904304146767 5.266037046909332 0 0.8570957779884338 1.104182004928589 1.025167495012283 2.010513141751289 3.076604947447777 12.02114722132683 0.1625510901212692 1.958919458091259 1.110288053750992 0.1309184432029724 0.1218796744942665 0.2229439318180084 125.5157230421901 4.424117721617222 42.09480362385511 14.70429619401693 6.270609699189663 0.2385655343532562 0.3573859483003616 0.1747230887413025 0 0.5196929574012756 0.1288703382015228 0 0.6721256300806999 1.317610241472721 0 0 0.1718219965696335 6.247510582208633 2.793948814272881 0 0.1313850432634354 0 0.7849085628986359 0.3636016249656677 1.585177011787891 0.1134994626045227 1.056847214698792 33.35571254789829 1.138140439987183 0 0.0989706888794899 0 0.1200579851865768 0 0 0 0.5413039922714233 211.3910192027688 4.200662687420845 0.377971738576889 0.7414969652891159 0.4932316839694977 27.91132596135139 1.974509462714195 7.707298517227173 0.6339699998497963 0.9018637239933014 1.657112270593643 0.2383869141340256 0.1086924076080322 0.1213817819952965 0 0 0.1946788281202316 0.2106633633375168 0.190838411450386 0.4184761941432953 0.1919053345918655 87.531647965312 77.16293601691723 96.34950255602598 945.7669075056911 9.21285380423069 359.2936340793967 67.46771838515997 199.0236624255776 30.16567853093147 1.717707268893719 93.65337250381708 87.35207651555538 0.4508255571126938 9.244403034448624 3.210669800639153 147.2953435853124 0.9618407487869263 0 0.5465963259339333 2.467541143298149 0.1594846397638321 364.4963770881295 135.5079330503941
