313.7993591055274 2260.611170299351 374.4757325276732 712.3241335749626 37.24540813267231 61.72777945548296 465.677556142211 233.3404624089599 6.063059493899345 741.8597124218941 111.0142282992601 291.5454414561391 177.8814349845052 84.11375331133604 3.145093463361263 0.9405952244997025 0.5875672996044159 0.1247303709387779 0.521679662168026 0.2981587052345276 0.1517971307039261 0 0 0 0.1305632889270782 0 0 0.4089490175247192 0 0 997.9244411289692 48.0820040255785 56.18052011728287 0 0.1302351206541061 0.3853756636381149 16.06202272325754 0 0.6517478823661804 0.3925860524177551 0.6846113577485085 0.2032859548926353 0.1219687163829803 0.09847614169120789 0.3220054805278778 0.08813462406396866 19.70276780426502 4.328659847378731 0.7862267345190048 0.3709248155355453 1.246787831187248 0.8827277272939682 0 0.2998497784137726 6.328460671007633 12.33256665617228 530.2911305502057 731.5041007325053 54.14374209195375 43.46725101023912 0.5251609683036804 2.014048084616661 0 65.28064666688442 10.53231786936522 12.57897632569075 3.204727955162525 6.463051117956638 0.8533738851547241 0.5780688673257828 94.93761310726404 13.31676966696978 1.762522757053375 268.8603570833802 70.53225283324718 28.96024742722511 6.101721592247486 1.486659519374371 1.770716659724712 133.3129952475429 0.1181827113032341 16.76661312580109 19.41306094825268 0 10.69659228622913 11.35966923832893 2.881458848714828 0.5958020687103271 0.7288346812129021 0.5522919446229935 0.6991689577698708 0.2556857317686081 1.631350874900818 1.194957621395588 0.7765146940946579 289.280876211822 23.29561784863472 1.367954701185226 10.72195889055729 1591.686288245022 0.4350184500217438 1.20262835919857 10.15202928334475 2.752386830747128 1.040936052799225 15.21938332915306 0.1363269835710526 2.053914725780487 27.11329790949821 1.758910581469536 2.466040000319481 6.427785933017731 16.52085711061954 6.930653497576714 1.217538014054298 0 0 0 0 0 0 0 0 0.1690828949213028 0 0 0 0.5876184701919556 0 0.2664155960083008 0 0.117692843079567 0.1248004138469696 0 1.568862468004227 0.9501273185014725 0.1686849743127823 0 0 0.48845574259758 0.2448464184999466 1.727042317390442 1.159945018589497 1.297225348651409 0.3112217783927917 0 0 0 0.5705519318580627 0 0 0 0 0 0 0 0.6993904858827591 0 0 0.139035776257515 0 0 0.2041603028774261 0 0 0 2.409252807497978 0.7319118678569794 0 0 0 0 0 0 0 0.1135446578264236 1.756694860756397 1.468981623649597 0 0 0 2.236132130026817 0.8374585211277008 2.297886610031128 0.2299008890986443 0.6885415613651276 0 0.4699450731277466 0 0 0 0 0 0 0 0 0 0.6198758631944656 1.108328528702259 1.557407081127167 225.7601427361369 3.154967978596687 129.2469646334648 11.80499652773142 2278.231011517346 12.06935428828001 0.659041240811348 0.6333308145403862 48.4442273080349 0 0 0 46.0503339022398 0 0 0 0 0 620.7497839555144 4.99071304500103
2260.611170299351 1277.724693022668 1457.33575977385 3769.777711048722 2046.587142474949 59.81642957031727 3976.913769617677 972.0129110068083 383.1567418128252 1510.651242531836 2054.109162323177 146.0667652487755 1996.246712684631 4832.921867862344 25.55805431306362 6.639588810503483 1.556325018405914 0.3121754676103592 0.09939345717430115 0.5548596009612083 0.8142876997590065 0.4609750211238861 0.2158857956528664 0.7294625416398048 0.5232995301485062 0.4763993173837662 0.488931730389595 1.386652626097202 0 0.2071749120950699 1382.76084060967 25.93253193795681 156.6505762189627 0.09693551063537598 0.3073158860206604 0.1755701974034309 27.80553370714188 0.84620600938797 1.191485650837421 0.1768162101507187 1.351394683122635 0.50539630651474 0.918381467461586 0.9174998626112938 0.4741465002298355 0.2752964496612549 190.9224155843258 15.11105058342218 2.046858295798302 2.64714141190052 3.609887473285198 0.1996678113937378 0.6152860671281815 0.7071773335337639 16.81051677465439 27.12562065571547 150.1110238805413 472.2289701327682 26.06365621834993 187.946651019156 2.453797027468681 7.176796667277813 0.3511208593845367 156.923678278923 36.38721560686827 38.6739731580019 7.821410678327084 17.88804497569799 1.779429711401463 0.3717645555734634 68.53417133539915 0.399517834186554 0.07932229340076447 414.1220478788018 231.3286397606134 180.4875479191542 56.39940366148949 4.295214861631393 7.14543130248785 301.8776515498757 1.00731186568737 47.98228444159031 50.66822636127472 0.359895758330822 24.3596845716238 31.0898674428463 9.80509389936924 0.3805342093110085 4.383883379399776 0.1238003000617027 3.220304824411869 0.3784775286912918 2.544232904911041 4.197787329554558 1.9271609634161 44.26408804953098 0 0.2639075219631195 1.522972390055656 466.1337064653635 3.807863771915436 12.22980513423681 46.20341946184635 19.22890727967024 4.734959572553635 86.23278492689133 2.278245590627193 14.80915860086679 106.4115215614438 13.13705736398697 8.719712480902672 39.96556497365236 96.06063456833363 39.02855356782675 6.038466155529022 0 0.1726240366697311 0.1738103628158569 0 0.2212891429662704 0 0 0 0.1781774312257767 0 0 0 0.1996565610170364 0 0.1225419417023659 0.2069176882505417 0.1174416467547417 0.1317098438739777 0 4.371514827013016 4.817020982503891 0 0 0.414306104183197 4.57360728085041 0 8.883438937366009 5.013898991048336 1.258715502917767 0 0 0 0.1705206334590912 0 0 0 0.1021201685070992 0 0 0 0 0.3222440183162689 0 0 0.8922153115272522 0.1049598306417465 0.09593626856803894 2.088618189096451 0 0 1.456816449761391 8.460095718502998 3.465396225452423 0.4265342652797699 0.2963845729827881 0 0.1085740625858307 0 0.1131696552038193 0.2927105724811554 0 31.02771802991629 0 0 0 0 22.09206925332546 5.850607872009277 14.22388231754303 0.7201589643955231 1.335271917283535 0.7525930553674698 0 0 0 0 0 0 0.5269906744360924 0.374125100672245 0.1539766043424606 0 17.25199214369059 3.386350840330124 10.62718964368105 283.2907375767827 11.74550241231918 759.4075075089931 128.7688409239054 777.9015769958496 61.53236223757267 1.780847437679768 9.769507721066475 108.5232382342219 0 2.912236496806145 0.1298788189888 127.0694931074977 0.9715310633182526 0 0.1484716087579727 0.9613067656755447 0.728696882724762 554.8025640547276 20.54066209495068
374.4757325276732 1457.33575977385 183.1943063512444 157.4682108163834 355.7380181625485 3.324477292597294 36.19242958724499 4568.065851762891 227.8098072484136 11.9339937120676 2583.415508970618 15.51090793311596 189.0710994526744 1285.222739502788 10.5554184243083 5.916976898908615 0.5572270527482033 0.4073843061923981 0.2906323000788689 0.9257735833525658 2.865949109196663 1.100447431206703 0.6144357919692993 0.5255252867937088 1.874190792441368 0.3153183907270432 1.916926249861717 0.2713485509157181 0.5598333775997162 0.1924580186605453 2706.303515352309 215.0925567895174 192.2008512169123 1.145369052886963 0.4205980002880096 1.004575356841087 23.14668425917625 2.00426159799099 0.2875349521636963 0.3297653794288635 6.992336638271809 3.228554621338844 1.046675510704517 1.611691057682037 0.6733230650424957 0.7952414825558662 51.41748436540365 2.014188326895237 0.5510448515415192 0.7013028711080551 3.019296772778034 0.7205526977777481 0.7285699546337128 1.145390644669533 2.851758480072021 5.409413158893585 43.49803245067596 222.3305924087763 5.782792925834656 44.49661049991846 1.955896720290184 20.17044952511787 0.4014340937137604 169.0018484815955 7.770638383924961 7.394950538873672 5.564492009580135 5.524838134646416 10.16364462673664 8.286363288760185 44.90294606238604 0.381244570016861 0.1656606793403625 87.66913269460201 71.67313891649246 55.95350011438131 28.11846067011356 2.435936138033867 100.1135149970651 950.4468168467283 6.736289940774441 281.5691967085004 7.889164201915264 0.222762756049633 4.106079384684563 5.69454038143158 1.994669385254383 0.7280323058366776 2.009345844388008 0.7605628669261932 1.351739525794983 1.195458360016346 13.25915415585041 7.60995551943779 3.703839458525181 2.602775648236275 0 0 1.968995660543442 143.1190180033445 0 0 1.603675536811352 1.003433078527451 0 4.004156932234764 0 1.45800256729126 1.446286357939243 0.287554994225502 0.4604165852069855 1.667180374264717 3.901721604168415 4.282241754233837 0.5177233815193176 0 0 0 0 0 0 0 0 0 0 0 0 0 0 0.2108119577169418 0 0.1145010069012642 0 0 0.4175973832607269 0.1800982505083084 0 0 0 1.954470977187157 0.2839469313621521 4.286065377295017 2.17843409627676 1.104993276298046 0.1981081813573837 0.3600531741976738 0 0 0 0 0 0 0 0 0 0 0.4219841212034225 0.5932793915271759 0 0 0 0.2008339166641235 0.671938493847847 0 0 0.4279455691576004 0.9919902607798576 0.8967730402946472 0 0 0 0.2729294300079346 0 0 0 0.5799153745174408 3.77693247795105 0.2831199169158936 0.3863706886768341 0 0.4034263864159584 2.937955565750599 0.5678042471408844 2.066332161426544 0 1.562973320484161 0 0 0 0 0 0 0 0.1334325969219208 0 0 0 1.732294999063015 0.7952137887477875 2.220476262271404 73.46303344517946 5.509165927767754 142.8821830078959 33.4972453340888 76.16481652855873 10.46028684824705 0.5433495044708252 2.915120810270309 10.39689889550209 0 0.6752832755446434 0 8.090661928057671 0 0 0 1.258322954177856 0 27.88467578589916 1.057932674884796
712.3241335749626 3769.777711048722 157.4682108163834 531.060166656971 48.88700997829437 204.6293391659856 1327.744161300361 5.465686358511448 0.4192796051502228 3654.345348723233 12.75655574351549 2982.520836822689 1306.728445358574 49.49715606868267 1.057001076638699 0.2562864869832993 0.110011413693428 0 0 0 0 0 0 0 0 0 0 0 0 0 108.3625869378448 0 4.649598270654678 0 0 0 7.74664881080389 0 0 0 0 0 0 0 0 0 4.453880816698074 0.2349204644560814 0 0 0.2247007563710213 0 0 0 1.85814356803894 2.494295254349709 83.24169155955315 108.7001023963094 6.735892526805401 9.753573372960091 0 0.143835574388504 0 5.087300516664982 3.791517727077007 2.365676373243332 0.6490992605686188 0.8489111512899399 0.131294310092926 0.1439095884561539 4.93539771437645 0 0 57.27243557572365 12.46723572164774 5.528519511222839 0.7923746779561043 0 0 4.838067427277565 0 0.5105280503630638 4.807796478271484 0 1.571415916085243 2.015867240726948 0.5067962855100632 0 0.2719510495662689 0.09790105372667313 0.09611016511917114 0 0.1034908890724182 0.1985518932342529 0.09791038185358047 35.57868853211403 0 0 0 304.0994018539786 0.5740339830517769 27.65209819376469 37.37528356164694 191.1830471083522 0.1829342991113663 32.15113563835621 3.971956580877304 1.80754116922617 97.34488356113434 5.128981113433838 0.7486271560192108 5.052251383662224 79.44222559779882 5.874503701925278 0.3843408226966858 0 0 0 0 0 0 0 0 0 0 0 0 0 0 0 0 0 0 0 0.434661403298378 0.530551552772522 0 0 0 0 0 0.6392788738012314 0 0 0 0 0 0 0 0 0 0 0 0 0 0 0 0 0 0 0 0 0.7123962044715881 0.1483747214078903 0 0 0.1402689516544342 0.3298119306564331 0 0.1090227365493774 0 0 0 0 0 0 0.8537346869707108 0.118185393512249 0 0 0 0.5977157950401306 0.8145537376403809 0.3108357787132263 0 0 0 0 0.3063749074935913 0 0 0 0 0 0 0 0 2.600363582372665 0.3157382905483246 0 45.13762864470482 0.2063923105597496 32.3983506038785 3.906791441142559 674.0480161905289 2.999406024813652 0.1264984011650085 0 20.70449586212635 0 0.09937316179275513 0 20.89585187286139 0 0 0 0.7358208298683167 0 236.6029272824526 2.365932829678059
37.24540813267231 2046.587142474949 355.7380181625485 48.88700997829437 653.4333527460694 4.661157719790936 684.0261229872704 339.3169783204794 4790.917015172541 239.5030848830938 1136.092070132494 34.21880252659321 733.578448228538 5286.010839700699 12.15527161955833 3.180457018315792 0.4097230285406113 0.1516836583614349 0.1029128506779671 0.3805336132645607 0.1197618246078491 0 0 0.2737261429429054 0.1874858066439629 0.09593566507101059 0.2010823041200638 0 0.2848440483212471 0.2810036614537239 63.73430600017309 2.665091954171658 16.97348625212908 0 0.09147242456674576 0 10.67727207392454 0 0 0 0.1482030004262924 0.697381965816021 0.0801028311252594 0.08011948317289352 0.1789505630731583 0 67.91583085805178 2.306911587715149 0.4439032077789307 0.09309817105531693 0.598624087870121 0 0 0.2152170091867447 2.865624494850636 5.230077050626278 8.003561861813068 24.03251700848341 2.860919967293739 44.49670352786779 0.5380324572324753 2.074621878564358 0 27.36135841161013 5.459813021123409 6.239330120384693 1.983844794332981 2.489669509232044 0.1974414139986038 0.2533818334341049 34.41503196954727 0.4099055826663971 0 48.85518206655979 43.22269521653652 54.7730206027627 19.22391916066408 2.102555520832539 0 24.45820514112711 0.1845796853303909 8.05504734814167 8.337866671383381 0 4.541585989296436 4.500746056437492 1.49081639945507 0 0.606073796749115 0 0.5978152081370354 0.08651959896087646 0.2732169926166534 0.4126421958208084 0.5466995239257812 34.90634602308273 1.19142934679985 0 0.4578940868377686 5.611690059304237 1.092040404677391 3.810137361288071 31.27729394286871 8.94230068475008 6.322261989116669 43.6498102247715 0.5602132827043533 10.13852802664042 16.27823510766029 7.410104744136333 7.842274457216263 22.98455982655287 62.80439451336861 31.88779000937939 7.232146888971329 0 0 0 0 0 0 0 0.1188661903142929 0 0 0 0 0 0 0 0 0 0 0 2.452599585056305 4.096686780452728 0 0 0.357740193605423 3.907432772219181 0.1735059022903442 7.22797804325819 4.277766011655331 2.420745521783829 0 0 0 0 0 0 0 0.2002230435609818 0.3189316838979721 0 0 0 0.1250241547822952 0 0 0 0 0.1629042029380798 1.168898612260818 0.1298994868993759 0 0.5079172849655151 2.026735231280327 2.19880311191082 0 0.2702902853488922 0 0 0 0 0 0 23.5179290920496 0 0 0 0 16.57959282398224 5.036220446228981 6.332300081849098 0.7498790621757507 0.7646929770708084 0.1047359555959702 0.1557463705539703 0 0 0 0 0 0 0 0.09577831625938416 0 13.46960873156786 1.221676170825958 3.817444868385792 89.03073012828827 3.4673912525177 208.8732561916113 52.65372297167778 55.06553676724434 15.08163268119097 0.7018323689699173 3.706330724060535 53.73110036551952 0 0.534444123506546 0 45.47686817497015 0 0 0 2.911001816391945 0 99.43240246921778 11.80177117884159
61.72777945548296 59.81642957031727 3.324477292597294 204.6293391659856 4.661157719790936 0.2155027538537979 41.21149092912674 0.7506973296403885 0.2384667694568634 465.9533344134688 1.296029642224312 205.571960195899 144.0534117147326 12.30465545505285 0 0.1254781633615494 0 0 0 0 0 2.054513603448868 0 0 0 0 0 0 0 0 9.241600573062897 0 23.04702960699797 0 0 0 46.8445510417223 0.2232863754034042 4.50213099271059 0 0 0 0 0 0 0 0.3228546530008316 0 0 0 0 8.708232648670673 0.0837218165397644 0 0.08365336805582047 2.019577160477638 26.43096055835485 2.87045718729496 3.654941074550152 0 0 1.454698652029037 0 0 0 0.2872842773795128 1.256432235240936 0.3793491423130035 0 0 404.8076307177544 227.6962405964732 19.51224426925182 0.1302695274353027 0 0 0 0 0.2773571908473969 3.211340263485909 0 2.360138818621635 0 2.114789694547653 0 4.249411650002003 0 3.295988760888577 4.59264861792326 12.46124360710382 2.601594194769859 0.4625861048698425 0 0.1094034761190414 0 381.8961893320084 145.2712224200368 35.45639621466398 52.27147693186998 132.5585279911757 0 0.4526621997356415 0.3176233172416687 0 0.1326923370361328 0.2321320176124573 0 0.185590460896492 3.508924007415771 0.1207940056920052 0 0.2483750283718109 0.9113717377185822 0.1367498338222504 0.1718068867921829 0.108125276863575 0.5020956695079803 0.1015037223696709 0 0 0 0 0.1791852116584778 0.1213039457798004 0 0 0.2285584509372711 0.3830175399780273 0 1.58662323653698 0 2.234992653131485 1.046513065695763 1.461180076003075 0 0.188460573554039 0.2751254439353943 0 0 0.3671336024999619 0 0.1371394544839859 1.099990196526051 2.154554232954979 0 0 0 0 0 0.1333669573068619 0 0 0 0 0 0 5.321417562663555 0 0 0 0 0.2185854017734528 0 0 0 0 0.809797391295433 0 0 0 0 0.1283155381679535 0 0 0 0 0.9532982856035233 10.70238237082958 0 0 0 0 0 0.279743030667305 0 0 0 0 0 0 0 0 0 0 0 0 0 0 0.3525900617241859 2.045474052429199 4.667486399412155 0.1640621274709702 0.9145425632596016 0 106.9398902505636 0 0.4645500406622887 0 2.368107929825783 0 0.194620668888092 0 1.423592314124107 0 0 0 0 0 63.09501703083515 1.465878844261169
465.677556142211 3976.913769617677 36.19242958724499 1327.744161300361 684.0261229872704 41.21149092912674 1715.556008063257 15.12509350478649 648.6805465072393 2175.128073707223 399.1745496541262 278.7922762557864 4312.081459075212 3061.43812096864 9.583894781768322 2.752099275588989 0.8318211734294891 0.1142528876662254 0.197918489575386 0.46845393627882 0.3130796328186989 0 0.1099085137248039 0.5761606618762016 0.1199743673205376 0.29279775172472 0.2348416596651077 0.1075383648276329 0 0.4129940271377563 64.25865852832794 2.150586672127247 30.72707384824753 0.1957987248897552 0 0 19.07571721076965 0 0.147088959813118 0.5099812746047974 0.1179309189319611 0.3026888743042946 0.5974957421422005 0.1059056892991066 0.5859418362379074 0 68.68427556753159 4.146984606981277 0.6550564989447594 0.5167841911315918 1.178165577352047 0.3065287470817566 0 0.2149502411484718 4.433066226541996 8.803632237017155 28.94418377429247 72.57393179833889 6.722851194441319 58.80269673466682 0.5257167667150497 2.605393551290035 0 31.08594799786806 8.282668806612492 9.412559814751148 2.562754578888416 3.953510463237762 0.4678345546126366 0 63.15202672034502 0.1279957145452499 0.1167283281683922 101.7065095826983 55.40867586433887 57.45964340120554 16.84387220442295 2.118587352335453 1.408774241805077 29.12562324106693 0.397446021437645 10.80756238847971 12.16290102899075 0.09865576028823853 8.099234476685524 7.672184392809868 2.471247009932995 0.3844806477427483 0.615134209394455 0 0.9936006963253021 0.238794669508934 0.7736707851290703 0.6220102906227112 0.285602442920208 97.43141007423401 0.08985672891139984 0 1.199393384158611 41.05896849185228 4.209581665694714 12.1907802298665 73.142746925354 37.04257985204458 5.127624675631523 124.9383342564106 6.765515454113483 39.55714713037014 115.4602050259709 33.63267919421196 13.10665941238403 57.15980446338654 145.0009636133909 73.03847194463015 13.37472964823246 0 0.1530715376138687 0 0 0 0 0 0 0 0 0 0 0.4309422075748444 0 0 0 0 0 0 4.793803632259369 6.369176998734474 0 1.155848264694214 0 4.273849382996559 0 8.024352923035622 2.533946759998798 1.573094494640827 0.2105993628501892 0.1474202424287796 0 0 0 0 0 0 0.2320763766765594 0 0 0 0 0 0 0 0.1602571532130241 1.558643586933613 2.148816429078579 0.2534602284431458 0 1.044791221618652 8.046953730285168 3.805281460285187 0 0.9921810925006866 0 0 0 0.1309496462345123 0 0 47.39109238237143 0.1240966692566872 0 0 0.1541237980127335 26.45577286183834 3.855356961488724 11.19266102463007 0.6379664689302444 1.61686684936285 0.895088255405426 0.5237906128168106 0 0 0.1025997549295425 0.3102905452251434 0 0 0 0 0 24.99080219864845 4.276610590517521 8.52757690101862 152.3482692539692 5.208951711654663 249.1546956673265 51.31879957765341 288.7922788262367 23.44018943607807 0.3699752390384674 6.111984729766846 106.1479784101248 0 2.331820920109749 0.8785177394747734 127.5752966701984 0.5464170575141907 0 0 0.8711488097906113 0 393.5535819530487 31.83312584459782
233.3404624089599 972.0129110068083 4568.065851762891 5.465686358511448 339.3169783204794 0.7506973296403885 15.12509350478649 1673.033492133021 251.1971265971661 7.698681704699993 2099.765373058617 27.15443802624941 223.7239203974605 858.2959395796061 64.52853804826736 48.52324679493904 3.439443439245224 0.9916135221719742 1.643335707485676 4.777163088321686 24.2091730684042 1.352953404188156 7.72663789242506 3.44519504904747 17.97531118243933 9.010178565979004 11.93834286928177 6.053530566394329 0.2723219394683838 1.167374275624752 3114.789668917656 1133.26322671771 311.2583434060216 4.97043377161026 12.41380024701357 8.864958614110947 79.07379851490259 5.164592906832695 1.209816962480545 1.896967425942421 69.92517377436161 21.60258179157972 8.680036842823029 12.63118278980255 11.10170601308346 7.244850970804691 216.4797890111804 3.117282502353191 1.942723914980888 7.514188297092915 20.88516995310783 6.130974933505058 1.099314942955971 5.354845955967903 2.287598334252834 3.850596435368061 15.81799361109734 61.00904181599617 5.342546388506889 73.27335696667433 36.88142565637827 74.78229647129774 4.463952116668224 487.8360733613372 5.269482783973217 17.19584490358829 18.5393281430006 18.45555245876312 61.75172850489616 68.54273907095194 91.15215987712145 2.866052210330963 0.7479277178645134 56.83807783573866 76.06607827544212 154.5401196032763 107.0079501792789 135.4180093258619 1212.20788116008 1061.880009233952 162.7712494879961 2242.223102919757 8.430125273764133 0 5.072860524058342 9.169504784047604 5.407346859574318 1.055415764451027 3.985371954739094 2.12915475666523 8.003064922988415 1.963873900473118 122.5558562427759 75.74025946855545 9.434115089476109 12.20848155021667 0 0 4.538942314684391 56.33507311344147 0.1259113103151321 0.1095951572060585 1.737003050744534 0.2746305465698242 0.4052495956420898 4.808310031890869 0.2204304486513138 1.830638825893402 2.618685580790043 1.016780316829681 3.948851928114891 3.724464625120163 7.830057792365551 4.248273968696594 1.869926929473877 0 0 0 0 0 0 0 0.6477276086807251 0 0.5848259031772614 0.9090019315481186 0 0.3491809070110321 0 1.218308970332146 2.706317812204361 0.5509596914052963 3.916329428553581 0.3636775389313698 0.9767660200595856 0.2109128683805466 0.1743685603141785 0.4422431588172913 0.9502682983875275 1.960308194160461 0 5.603215575218201 9.615394942462444 3.13670340180397 0.3036307692527771 1.218858070671558 0 0 0 0 0.2081669569015503 0.2353586107492447 0.1535466611385345 0 0 0 3.892665661871433 3.185035400092602 0 0 0.1053317561745644 0.1267639845609665 1.477525874972343 0 0 1.075221613049507 3.434978447854519 1.084479741752148 0 0.3359649777412415 0 0 0 0.09759294241666794 0.1181641221046448 0.4487916529178619 8.501141555607319 1.066436663269997 0.5021102875471115 0.1467921733856201 1.407981507480145 5.623592704534531 1.865657418966293 5.560882553458214 0 0.8683224469423294 0.314561516046524 0.2843001633882523 0.1614842414855957 0 0 0 0 0 0.3323211371898651 0.7044799104332924 0.499790832400322 2.129840463399887 3.583551160991192 8.39768823236227 380.6737116202712 25.00290796160698 390.757944688201 181.8575430363417 100.8770571276546 45.20984174311161 1.1909364387393 26.67361976951361 17.21964558213949 0 1.914850153028965 0.3614705353975296 12.14508707076311 0.1727157235145569 0 0 10.36607165634632 1.92494124174118 21.81341159343719 1.259864836931229
6.063059493899345 383.1567418128252 227.8098072484136 0.4192796051502228 4790.917015172541 0.2384667694568634 648.6805465072393 251.1971265971661 323.5641004890203 73.58358912169933 489.9317845106125 1.974519148468971 883.3461634367704 1425.23379381001 2.744234338402748 0.3644385486841202 0.1025067418813705 0 0 0 0 0 0 0.1096904724836349 0.1277616918087006 0 0 0.1517158448696136 0 0.09859094023704529 14.8573883920908 0.2539462074637413 17.17183480411768 0 0 0 1.72686904668808 0 0 0 0 0.1372192800045013 0 0.1037960201501846 0 0 11.84511044621468 0.1222505569458008 0 0.08315756171941757 0.1981424763798714 0 0 0 0.07932108640670776 0.4867680296301842 1.219134598970413 3.126386702060699 0.5620703771710396 7.405565842986107 0 0.3838014602661133 0 4.817586742341518 0.7342488914728165 0.9073676317930222 0.2297813892364502 0.6379484832286835 0 0 5.286723434925079 0 0 6.264485858380795 6.560608945786953 8.142685361206532 2.481393076479435 0 0 155.6032529398799 0.1001385152339935 8.6419677734375 1.4502944201231 0 0.6498537510633469 0.3237530589103699 0.4354821890592575 0 0.09616350382566452 0 0.173923671245575 0 0 0.1722858920693398 0 4.373238727450371 0 0 0 0.4957690685987473 0 0 4.680559039115906 0.7709676697850227 2.286385864019394 15.7204789891839 0 1.186392337083817 2.767380125820637 0.5804911702871323 2.991455495357513 2.862655028700829 9.312775418162346 3.319190226495266 0.3434972316026688 0.1696652323007584 0 0 0 0 0 0 0 0 0 0 0 0 0 0 0 0 0 0 0.179391011595726 0.8590459227561951 0 0 0 0.4608860313892365 0 1.74248318374157 0.8440819680690765 0 0 0 0 0 0 0 0 0 0 0 0 0 0 0 0 0 0 0.1320856213569641 0 0 0 0 0 1.236015453934669 0 0 0 0 0 0 0 0 3.958201825618744 0 0 0 0 1.326749041676521 1.205463945865631 0.851433053612709 0 1.317213505506516 0 0 0 0 0 0 0 0 0 0 0 1.409918934106827 0.8880235403776169 0.5928094089031219 18.93824324011803 0.3707482665777206 29.46138512343168 9.069216296076775 6.604254379868507 2.944097332656384 0 0.7115478813648224 3.960917666554451 0 0 0 7.522907465696335 0 0 0 0 0 8.855398289859295 2.558249920606613
741.8597124218941 1510.651242531836 11.9339937120676 3654.345348723233 239.5030848830938 465.9533344134688 2175.128073707223 7.698681704699993 73.58358912169933 2371.825595594943 72.15836910903454 3347.161114379764 3562.983771309257 328.4998148754239 2.003706403076649 0.9833927825093269 0.2764380127191544 0 0 0 0 0 0.1822203993797302 0 0.7264465689659119 0 0 0 0 0 18.11372869461775 0 55.66314248740673 0 0 0 32.38031212240458 0.1370484977960587 0.8157451152801514 0 0 0.095210961997509 0 0.1791749894618988 0.2319052666425705 0 14.98079699277878 0.8834549263119698 0 0.09269044548273087 0.1073776334524155 1.274544589221478 0 0.6499303579330444 1.59670665115118 3.340791493654251 58.45320446789265 72.51491604745388 7.550615534186363 12.5652295127511 0 0.6767265647649765 0 5.85754270106554 2.378369085490704 2.266684144735336 0.8262707814574242 1.300092905759811 0.3588619008660316 0.2740319967269897 153.8420654758811 8.858345583081245 1.017587915062904 47.62507459521294 14.81458669155836 10.15416437387466 3.477271102368832 0.8052559792995453 0 8.435394249856472 0 3.138577349483967 4.450955428183079 0 2.172747597098351 2.564891777932644 1.019415356218815 0 0.7648075148463249 0.2587171271443367 0.09299518167972565 0.2585617303848267 0.7725688070058823 0.09624089300632477 0 320.9277637004852 6.771412119269371 2.313058197498322 3.456946700811386 355.1990857422352 2.130139701068401 12.98310171812773 96.49456010013819 99.30564800649881 7.644936427474022 295.7975700721145 3.746393524110317 42.82100273668766 158.3919335082173 43.44617205858231 11.49391766637564 144.672951720655 194.2642355039716 58.48221813887358 4.887835152447224 0.2407516837120056 0 0 0 0 0 0 0 0 0 0 0 0 0 0.7948578596115112 0 0 0 0 4.855607330799103 3.19397945702076 0 0 0 3.680577650666237 0 4.175851836800575 1.391814909875393 1.682512633502483 0.1280745416879654 0 0 0 0 0 0 0.150845006108284 0 0 0 0 0.3014944270253181 0.1838264763355255 0 0.3339969515800476 0 0 0.8828193098306656 0.7234326601028442 0 0.2375395596027374 4.035228431224823 3.942096725106239 0 0 0 0 0 0.1349385976791382 0.3133064061403275 0.5037292242050171 29.56972523778677 0 0 0 0 9.819623649120331 1.666756838560104 3.464223980903625 0.2949015349149704 0.1032875776290894 0.6840087845921516 0.1031228229403496 0 0 0 0.1062231883406639 0 0 0 0 0 22.42498651891947 2.109836593270302 4.019885204732418 118.1550159975886 0.8796811774373055 58.88960486650467 15.8225259333849 1001.914011590183 5.45491324365139 0.9068014100193977 2.640780314803123 110.6081707105041 0 0.9681256115436554 0.272092267870903 121.6822200119495 0.1484705805778503 0 0 0.2920646071434021 0 1001.248622409999 42.90804505348206
111.0142282992601 2054.109162323177 2583.415508970618 12.75655574351549 1136.092070132494 1.296029642224312 399.1745496541262 2099.765373058617 489.9317845106125 72.15836910903454 1200.787975996733 73.03041109442711 1077.609826616943 2690.120836392045 6.939437799155712 5.268246181309223 1.227703347802162 0.1737538278102875 0 0.5320897325873375 0.1216579079627991 1.079996228218079 0.1254984140396118 0 3.067572548985481 1.606810562312603 0.2650316655635834 1.431076005101204 0.642095148563385 0.8922412991523743 860.3406028077006 35.01483128964901 844.7172400504351 0 1.38870133459568 1.327972933650017 188.1462333425879 6.764991030097008 1.40203358232975 0.4418207183480263 1.660958312451839 5.339112550020218 0 0.6844152212142944 0 0 23.70078666508198 1.049281887710094 0.2627228200435638 0 0.6586685329675674 1.868049889802933 0 1.653940290212631 0.2053684294223785 1.007501274347305 5.742810547351837 17.67086113244295 1.17153288424015 13.26295784860849 0.7139584198594093 26.86508172750473 0.2703346833586693 14.28370360285044 1.251136466860771 1.694320172071457 1.825217612087727 1.30219080299139 0.08730282634496689 0.1338473856449127 104.0226926580071 0.5943033695220947 0 14.55467116832733 12.71076410263777 21.93523888289928 12.82621642202139 2.521826043725014 15.79712411761284 2070.760040938854 2.976978451013565 400.2823884636164 2.943550601601601 0 1.260458335280418 1.260241389274597 0.2048986181616783 0.1623074263334274 0.8789029866456985 0.4545814692974091 1.894348941743374 1.169370427727699 0.9049421697854996 3.377412922680378 1.068609327077866 10.11951027810574 0.1763200461864471 0.2261216640472412 2.871515795588493 18.45051687210798 0.09471188485622406 0 2.18827910721302 0.5087450593709946 0.8501263558864594 2.621900856494904 0 0.7210382223129272 1.094688154757023 0.5347325578331947 0.5087627619504929 1.72857815772295 4.572855293750763 2.394169948995113 0.9427759796380997 0 0 0 0 0 0 0 0.3780629634857178 0 0 0 0 0.145503968000412 0.3841284811496735 0.1478734612464905 0 0.6313896030187607 0.3585011065006256 0.5058331042528152 0.9713433384895325 0.8640720844268799 0.2276828736066818 0.1720166057348251 0 0.65483658015728 0.4077954888343811 0.9366603270173073 2.42814801633358 1.218716502189636 0 0 0 0.2342382222414017 0 0 0 0 0 0 0 0.1678424924612045 1.182009652256966 0 0 0.3181344866752625 0 0 0.3489246740937233 0 0.3003993630409241 0.1320525705814362 1.090339943766594 0.2826002985239029 0 0 0 0 0 0.1278263181447983 0 0 4.51891977339983 1.934037402272224 0.2921656966209412 0 0.1694641411304474 4.970208808779716 0.3577201664447784 1.377787798643112 0 0 0.1495302319526672 0 0 0 0 0 0 0.1430881470441818 0 0 0 2.860118523240089 0.7704091593623161 3.766465246677399 65.64910428225994 3.220389440655708 61.49444302916527 28.83343420177698 31.89245957136154 7.542363584041595 0 4.441154360771179 1.510243654251099 0 0.3850009441375732 0 1.848258793354034 0 0 0 0.2571676969528198 0 10.18699783086777 0.8417966663837433
291.5454414561391 146.0667652487755 15.51090793311596 2982.520836822689 34.21880252659321 205.571960195899 278.7922762557864 27.15443802624941 1.974519148468971 3347.161114379764 73.03041109442711 569.4376854002476 2387.672689065337 201.5257231369615 5.288455307483673 3.86690191924572 1.371898531913757 0 0.2181337177753448 0 0 0.4702465534210205 0 0 0 0 0.2104391902685165 0 0 0.3611529767513275 14.86226519942284 2.629119098186493 69.50653401017189 0 0 0.3188486993312836 68.78961200267076 0.8789215236902237 0.5554032698273659 0.2177596986293793 0.1408427208662033 1.257275834679604 0 0.3776584714651108 0 0 15.32291882485151 0.1876925304532051 0 0 0.4346282556653023 3.231661915779114 0.6923690438270569 0 0.7335286810994148 1.230641163885593 21.94975492358208 32.68861140310764 2.167528301477432 7.633074723184109 0.4140367805957794 13.09773974120617 0 6.334806382656097 1.521039508283138 1.197377122938633 0.5452971085906029 0.3367632031440735 0.8535864353179932 0 169.0482045784593 2.659579545259476 0 22.4791484773159 6.392433680593967 8.974492788314819 5.280305422842503 1.184935986995697 1.466507226228714 41.36173357069492 2.626223355531693 18.60858055949211 2.538375787436962 0 0.4705902710556984 1.566523350775242 0.3833637535572052 0.09688664227724075 0.3526346459984779 0 0 0.5129886865615845 0.7661904022097588 1.293079689145088 1.324312686920166 455.0008639618754 2.896474704146385 0.6956387907266617 2.292643159627914 88.57009929418564 2.098873637616634 9.968662440776825 67.33902410417795 21.07850573211908 6.241935595870018 120.2906778901815 3.299272529780865 34.41232820600271 66.42101300507784 20.54452537000179 18.77234324812889 63.40022575110197 137.8922746181488 67.9230609536171 11.98088324069977 0.112851046025753 0 0 0 0 0 0.1189379841089249 0 0 0 0 0 0.652364507317543 0 0.1555114686489105 0.2976821064949036 0.7716204822063446 0.1291233748197556 0.4276375621557236 6.776758469641209 3.72828197479248 0 0.4061832949519157 0 9.278700083494186 0.9613977819681168 11.65747912973166 5.093793094158173 0.8956239372491837 0.593565508723259 0.1480935364961624 0 0 0 0 0 0.1522451490163803 0.4194135814905167 0 0 0 1.744737476110458 0.3053663074970245 0 0 0.1650225818157196 0.9008257538080215 1.874169573187828 0.3999154567718506 0 0.5384664535522461 6.566988095641136 2.742632701992989 0.1468676775693893 0.625142902135849 0 0 0 0 0 0.1502209603786469 46.90425776690245 0.3100126683712006 0 0 0.132440522313118 21.39927123486996 4.168627381324768 10.54295219480991 1.331929907202721 0.3203770965337753 1.032504729926586 0.2639781609177589 0 0 0 0 0 0 0 0 0 29.6281515955925 4.3203996270895 9.409318529069424 160.7286602556705 1.753320276737213 50.01997385174036 24.80558429658413 408.2120098695159 9.502544611692429 0 7.634001702070236 107.9060816913843 0 1.871364586055279 0.2513840198516846 131.5884291157126 0.2660462111234665 0 0.1544535160064697 2.49401268362999 0 728.5749061405659 45.93011230230331
177.8814349845052 1996.246712684631 189.0710994526744 1306.728445358574 733.578448228538 144.0534117147326 4312.081459075212 223.7239203974605 883.3461634367704 3562.983771309257 1077.609826616943 2387.672689065337 3462.358740918338 5588.999444022775 31.82213743776083 26.87243510037661 1.137443095445633 0.1458270996809006 0.08896215260028839 0.2388955280184746 0.5251708775758743 1.550754249095917 0 0.3145352378487587 3.906087428331375 2.219156883656979 1.390935257077217 0.9811969548463821 1.487077757716179 0.2180205732584 92.07339036464691 18.72922545671463 874.4049193114042 0.1213882938027382 1.707749113440514 3.83903756737709 493.195463873446 53.85276564955711 25.19111823290586 0.09930367022752762 4.54493060708046 3.541818037629128 0.4231417402625084 3.424752123653889 0.3222571387887001 0.6818506568670273 141.0485915541649 3.328434847295284 0.8834906667470932 1.035325028002262 1.324852406978607 2.766524896025658 0.7712386250495911 1.484121114015579 3.820874132215977 4.686108641326427 22.31286880373955 32.16022607684135 4.186074748635292 52.35237880051136 2.550317108631134 34.33057722449303 0.2688915506005287 49.42501676827669 5.661551676690578 7.843703962862492 2.582858972251415 2.851708315312862 2.615618579089642 1.974490955471992 582.9849517419934 6.51334585249424 1.017649441957474 56.86454412341118 46.24135891348124 80.99999747425318 44.89790691435337 10.98841759562492 9.054231368005276 444.8226990103722 3.614048808813095 94.65987306088209 8.649522982537746 0 4.161181002855301 3.684092156589031 1.491576090455055 0.1844183355569839 1.00227052718401 0.5885419994592667 0.7601206302642822 1.609409600496292 6.364684775471687 3.951690874993801 2.429936185479164 1323.795707158744 10.3710770457983 0 11.07477474212646 68.52412232756615 6.778628200292587 22.84641382843256 146.0750362873077 43.950060531497 23.54224549978971 278.613567955792 3.601943202316761 81.82476239651442 111.4348266199231 46.41128992289305 63.58258432149887 151.0675443410873 340.9716546162963 201.0037152841687 37.34998258203268 0.1783279180526733 0.7580349892377853 0 0.1256980150938034 0 0.1224431768059731 0 0.3549244105815887 0 0.193805143237114 0 0 0.4195490926504135 0.2010909169912338 0.6097182407975197 1.059633672237396 1.082364268600941 0.4530197009444237 0.3976128622889519 16.94852370768785 21.75045682489872 0 1.834332600235939 0.3164204359054565 26.9225971326232 2.322670161724091 46.59119582176208 23.09650463610888 3.810055300593376 0.5138678923249245 0.6238911896944046 0 0.7495096325874329 0.7397916093468666 0.85294309258461 0 0.7766086012125015 1.164276495575905 0 0.1470767259597778 0.8111070394515991 4.427207298576832 0.3302426636219025 0.5158117190003395 1.319556087255478 0.2694307863712311 1.787617363035679 6.331327803432941 0.9516052380204201 0.2153597325086594 3.024988040328026 34.54182381182909 21.04608222097158 0.2025237828493118 0.9565641507506371 0 0.1231153309345245 0 0 0 0.3556077182292938 153.0146196484566 3.280846953392029 0.39963299036026 0.2288028299808502 0.5257216095924377 96.69685031473637 22.26734136044979 44.95567587018013 2.226305447518826 5.050241410732269 1.942257583141327 3.42367222905159 0.503541573882103 0.1136378943920135 0 0 0 0.1013742834329605 0.2594744935631752 0.1627638339996338 0 94.14278382062912 20.77765445411205 43.27238120138645 609.9804093763232 11.24275942146778 362.6845522671938 162.4909194931388 359.2657527551055 49.04906409233809 1.467633157968521 30.21767754107714 248.1483766809106 0.3368268013000488 8.619870141148567 2.113546624779701 273.6208214685321 1.117620296776295 0.1270910948514938 0.3272801339626312 7.602931410074234 1.230558633804321 816.4303611218929 84.6176441386342
84.11375331133604 4832.921867862344 1285.222739502788 49.49715606868267 5286.010839700699 12.30465545505285 3061.43812096864 858.2959395796061 1425.23379381001 328.4998148754239 2690.120836392045 201.5257231369615 5588.999444022775 2077.725856892765 19.79430158436298 12.27960179746151 1.802190445363522 0.1695093214511871 0.434570387005806 1.163153357803822 0.4570547491312027 2.069257140159607 0.1037429198622704 0.2922014743089676 4.114050321280956 2.428232677280903 2.598963283002377 2.785736329853535 0.267867237329483 0.4600568488240242 228.426956564188 8.157797738909721 1533.137337371707 0.2324256896972656 0.314827561378479 2.708559513092041 917.9598235860467 26.14066980779171 8.715459525585175 0 2.597755029797554 1.257258854806423 0 1.659194700419903 0 0 73.52116123586893 1.773949906229973 0.3522655293345451 0.3828048631548882 1.016865409910679 1.007874339818954 0.282763659954071 2.866705164313316 1.436620973050594 1.934818789362907 7.874243974685669 13.15365741401911 1.959597781300545 35.37509751319885 1.487909980118275 177.8405643552542 0.4040078967809677 32.72419067472219 3.068620592355728 4.550857029855251 2.268281847238541 1.538341261446476 0.7581019774079323 1.625159025192261 311.251987233758 3.728845685720444 0.2306306511163712 32.10652679204941 30.41898139566183 59.34195960313082 25.92544572800398 6.05939382314682 9.197360843420029 994.5541405305266 2.34397092461586 493.9487106129527 3.7483014985919 0.5125217586755753 3.6181301176548 3.235038310289383 1.397601552307606 0 0.9419256970286369 1.301524713635445 0.6866371929645538 0.7532098889350891 2.708460927009583 2.401607446372509 3.201272986829281 112.529036141932 0.4233714938163757 0.1535816639661789 2.871678180992603 13.54135885089636 1.956600144505501 3.579999230802059 27.438223131001 8.658152505755424 5.634330630302429 48.42360602319241 0.1301616877317429 13.197290122509 18.14303716272116 6.481952548027039 15.48498701304197 25.979920104146 79.33860386162996 37.7195860221982 7.590115264058113 0 0 0 0 0 0 0 0 0.1534293591976166 0 0 0 0.5228077173233032 0 0.26822579652071 0.5458458662033081 0.1156992837786674 0 0.1437784433364868 3.63153250515461 5.18315301835537 0 0 0.1481052786111832 5.454828560352325 0.66313236951828 12.17343854159117 6.961218684911728 3.380690194666386 0 0.387895405292511 0 0 0 0.6467764154076576 0 0 0.6923146918416023 0 0 0.1376426666975021 0.847805418074131 0.4201048612594604 0.108480878174305 0 0 1.032330900430679 1.590516149997711 0.1781216710805893 0.3031506240367889 0.9174757450819016 11.30965416878462 5.616191208362579 0 0.357610397040844 0.1860953718423843 0 0 0 0.1876828819513321 0.1440206319093704 37.83739737421274 0.4392657428979874 0 0 0.1238103806972504 27.83616223931313 4.563401028513908 11.25708216428757 0.279432475566864 1.39558370411396 1.047919534146786 0 0 0 0 0 0 0 0 0.1459425836801529 0.1615868806838989 18.51337882131338 5.556482903659344 13.81756293773651 262.2334935590625 8.684619069099426 197.509741909802 79.2736342549324 75.52588337659836 22.62894184142351 1.644918397068977 17.87239119410515 37.43341408669949 0.2288130521774292 1.672482877969742 0.2626685798168182 43.55268054455519 0.5987807512283325 0 0 4.681623667478561 0.8365070223808289 93.99306057393551 13.70320098102093
