1268.644308164716 3079.547529295087 327.0220528915524 2312.690506897867 101.7990403398871 44.30814425647259 939.8889797776937 111.3073133379221 31.23210921138525 1300.166404426098 271.7452171817422 124.4483881890774 140.572723954916 277.4335675835609 0.4695485085248947 0.7258590087294579 0 0 0 0 0 0 0 0 0 0 0 0 0 0 792.4784079045057 4.238967791199684 10.14883914589882 0 0 0.2543015778064728 9.024972468614578 1.588798239827156 1.081933706998825 0.2466344460844994 0.1095225811004639 0 0.2562550529837608 0.1280995905399323 0 0.2107205986976624 14.2847231477499 0.62396090477705 0.7463226318359375 0 0.2385963723063469 0.1164672523736954 0.4839825183153152 0 1.439977183938026 1.327449478209019 207.3387141078711 536.7065222039819 22.2062051743269 19.03228931874037 0.7550810277462006 1.901116013526917 0.1311154961585999 53.7273875400424 1.350048147141933 0.5697473585605621 0.7740676179528236 0.3195041790604591 0.09811070561408997 0 11.49799148738384 5.257501780986786 0.3962351828813553 174.3192704245448 47.40710576623678 39.43530198186636 5.961653515696526 0.2990806922316551 0 61.09321903437376 0.09366293251514435 0.4725259095430374 7.098398670554161 0 0.8231773376464844 1.458984382450581 0 0 1.599185608327389 0 0.5543223842978477 0.3104911670088768 0.4603637531399727 0.458403468132019 0 102.1831620633602 41.50659102201462 1.498199701309204 2.830076470971107 1049.103709481657 2.450539648532867 0.2604796886444092 16.2705457508564 1.50217892229557 2.668111637234688 10.13856253027916 6.741152539849281 1.634531944990158 81.33015485107899 25.83220599591732 0 8.233503341674805 4.368563339114189 1.292910218238831 1.179933056235313 0.567733108997345 0.2651829719543457 0 0 0 0 0 0 0 0 0 0 0 0 0 0 0 0 0 2.405374825000763 1.314165472984314 0 0.2623337209224701 0 0.1638150960206985 5.2561916410923 1.154516100883484 1.534023284912109 0 0 0 0 0 0 0 0 0 0.9163109362125397 0 0 0 0 0.1846896559000015 0 0 0 0 2.382186472415924 0 0 1.064349442720413 1.347426891326904 0 0 0 0 0 0 0 0 0 0.6977586001157761 0.8100365996360779 0 0 0 1.346052557229996 0 0 2.415495574474335 0 0.7385237812995911 0 1.203465819358826 0 0 0.2099457681179047 0 0 0 0 0 1.320284649729729 2.362267911434174 1.297391533851624 251.9872746989131 0.7364310249686241 68.41147641837597 6.642986863851547 733.8166520297527 1.144499190151691 0.937889002263546 0.6020217686891556 14.46663720905781 0 0.9138464331626892 3.141585879027843 16.27207314968109 0 1.837453246116638 0 0.1096860393881798 0 59.94480694830418 19.93597781658173
3079.547529295087 2433.742983423173 2184.608893826604 1190.688290454447 2781.853952556849 95.89701139181852 2180.585700787604 158.1679882183671 944.2673367857933 1921.9563017115 1281.678470991552 410.2969933748245 1469.183384507895 1079.722528487444 19.02487931400537 9.330954022705555 0.3210078477859497 0.5507337749004364 0.1137443408370018 0 0.4733856767416 0 0 0 0.7312445789575577 0.1595650613307953 0 0 0 0 1874.955151088536 36.18325547128916 18.34361094981432 0 0 0.7689549773931503 18.89365399628878 4.596694469451904 3.235529944300652 0.501785896718502 0 0.09509982168674469 0.4806270450353622 0.8019703328609467 0.08903884142637253 0.2352517619729042 174.1025432497263 3.610022448003292 0.8406016677618027 0.09855543822050095 1.454650580883026 0 1.255475521087646 0.1999821290373802 2.31896410882473 5.297443643212318 193.5966234058142 604.0939394533634 45.29333899915218 141.4868307858706 1.40325440466404 0.9575216472148895 0.1088180989027023 190.0490971058607 3.178407564759254 1.018436223268509 3.383643589913845 2.003258362412453 0.4247738942503929 0 24.77947232872248 23.18150714784861 0 468.5114809349179 232.0037072971463 361.7417449578643 90.71098250895739 4.965544208884239 0.5857812091708183 75.35398031771183 1.212777160108089 0.8238822221755981 22.46316058188677 0.3527264595031738 3.226324506103992 5.582418352365494 0.6734258830547333 0 3.090309716761112 0 1.145604945719242 0.1237907409667969 1.488831132650375 0.661220870912075 0.2591359466314316 75.84712025523186 40.91091705113649 0 7.274292297661304 1033.666327118874 12.7021753937006 2.015737295150757 76.67577481269836 10.93067799508572 43.1827200204134 99.19448399543762 21.75174169242382 68.17659421265125 104.2829896658659 103.020362213254 44.08700546622276 85.90194600820541 57.5764766484499 17.00242731720209 29.63186720013618 4.662520840764046 1.331699043512344 0 0 0 0 0 0 0 0 0 0 0 0 0 0 0 0 0 43.37699584662914 6.605013251304626 0 0 0.4647372961044312 14.39751821756363 12.46049720048904 31.86652316898108 4.447613373398781 2.544728681445122 0 0 0 0 0 0.2154300063848495 0 6.475518226623535 5.900314703583717 0 0 0 0.3129173517227173 0 0.3627646565437317 0.6999088823795319 0 7.572055578231812 25.16563484817743 2.582886338233948 0 3.158820688724518 55.78176413476467 7.609180778264999 0 0.6729341745376587 0 0 0.2640394866466522 0 0 0 21.44391801208258 2.824766367673874 0 0 0 37.20478487014771 0 19.25752019882202 14.95701251924038 10.54835890233517 16.03385306894779 2.818628072738647 2.854965269565582 0 0.1015891656279564 0.1259292215108871 0 0.1344498246908188 0.1289348155260086 1.16137957572937 0 11.89965157210827 8.664549887180328 22.00533457100391 373.5593259260058 6.457188695669174 336.373813316226 49.22645409405231 509.8308607116342 5.677262976765633 5.099283687770367 10.75322275608778 59.36547276377678 0 33.81797105818987 7.849181443452835 49.30403903126717 0.7599264159798622 3.298542380332947 1.791557312011719 1.023239031434059 0.8250398635864258 111.5684519708157 47.00957351922989
327.0220528915524 2184.608893826604 2781.957303211093 15.91474515944719 2481.88898538053 3.116293534636497 261.0443527549505 2347.629728764296 967.9752857238054 11.67145748436451 2851.801462136209 14.0436764806509 132.5276442542672 1518.80835133791 29.41552200168371 24.11799517273903 0.925151601433754 3.903826363384724 0 3.032667234539986 3.393085092306137 0.2800438702106476 6.314391203224659 1.399673633277416 0.7990446537733078 0.2848270609974861 0.328763335943222 0.2549767792224884 0 0.3825550973415375 5604.242948375642 688.9956203997135 64.43393880873919 4.290172308683395 3.073728457093239 2.618898376822472 19.10423821210861 3.752952039241791 6.065416686236858 0.4153670817613602 2.063060566782951 0.4342184141278267 8.903517842292786 4.563428215682507 0.5809422582387924 2.944119065999985 178.2073905989528 2.684722602367401 1.065949395298958 4.306332387030125 6.786144644021988 0 0.453551821410656 0 1.957734048366547 3.685681134462357 115.7609739303589 540.9771373718977 23.55308139324188 130.5066639780998 31.81668804585934 29.3377324193716 4.003204934298992 453.8552901670337 1.50403144210577 2.680746346712112 3.149126395583153 11.05630250275135 14.10938307642937 10.71918647736311 27.19745699316263 15.99106792360544 0 326.6626867130399 235.3664753958583 385.9961091056466 155.9219050705433 13.03083890676498 9.198778383433819 1545.126294329762 15.54183044284582 113.2579775750637 14.95520045608282 0 2.438329644501209 2.830763123929501 4.498275443911552 0 2.402886293828487 0 1.702312231063843 0.5526750236749649 50.77408956736326 2.534342683851719 0.6508369743824005 46.21330766379833 52.39414378255606 0.2374693006277084 9.158738523721695 203.4676712602377 10.53808502852917 0 25.32853391766548 0 17.36606828868389 42.65437214076519 3.842572927474976 32.59179212152958 13.14281935989857 34.20717786252499 19.33918677270412 38.53220005333424 23.82069525122643 8.425050765275955 31.59224385023117 1.562205612659454 2.722936302423477 0 0 0 0 0 0 0 0 0 0 0.9991390556097031 0 0.5217443555593491 0 0.5662895739078522 0 0 22.23152175545692 5.594664260745049 0 1.462840974330902 0 11.9207147359848 9.943957537412643 25.65603798627853 7.256188228726387 2.876168742775917 0 0 0.2478672862052917 0 0 0 0 3.132068336009979 1.153151273727417 0 0.1613836586475372 0 1.029142037034035 0 0 0.3506839573383331 0 4.207594364881516 18.62184830009937 1.766445994377136 0.272488534450531 5.220139861106873 26.87725628912449 9.828780755400658 0.4401064813137054 0.8151260018348694 0 0.1130877509713173 0 0.1234286725521088 0 0 12.54186789691448 1.895250260829926 0 0 0.1328162997961044 25.04069498181343 0 9.963551461696625 9.628480024635792 4.668367922306061 9.531862005591393 3.074191719293594 0.7310757786035538 0 0.1452540457248688 0 0 0 0 0 0.1159961372613907 5.083197414875031 5.553070619702339 10.5173661261797 236.8480698987842 5.010505080223083 266.912941865623 47.0921979919076 51.71117045730352 5.455357007682323 1.699393279850483 14.84343920648098 38.42028586566448 0 19.86833029985428 4.788171328604221 6.135287344455719 1.917865850031376 0.1124476119875908 0.4678043723106384 2.140100285410881 0.6601314544677734 23.24443887919188 28.28791718184948
2312.690506897867 1190.688290454447 15.91474515944719 669.8083955794573 50.41113660484552 233.9975564330816 887.6027092188597 3.488920509815216 15.73621071130037 2593.439868077636 0.6161295622587204 1069.766887009144 767.2628352791071 14.47449369728565 0.6758632138371468 0.3308948650956154 0 0 0 0 0 0 0 0 0 0 0 0 0 0 64.86080092936754 0 1.582952007651329 0 0 0 1.670349389314651 0 0.9980314075946808 0 0 0 0 0 0 0 6.366292983293533 0.838929794728756 0 0 0 0 0 0 0.6008450761437416 0.1121515929698944 61.00666788220406 39.23966770619154 3.972719669342041 5.487613536417484 0 0 0 5.33076723664999 0 0 0.09557719528675079 0 0.1161223873496056 0 2.91769377887249 0 0 25.59337945282459 9.669399872422218 11.23538602888584 2.023493774235249 0.243952251970768 0 0.5079171806573868 0.2578858286142349 0 0.9739926978945732 0 0.103098563849926 0.4347506612539291 0 0 0.111563540995121 0 0 0 0.1163303107023239 0 0 18.75148525089025 1.664587780833244 0 0.9618063047528267 508.2325762659311 0.5686322897672653 4.064640775322914 108.3282673954964 68.26516285538673 5.166633799672127 50.68276643753052 43.84150636196136 9.469481498003006 195.9790437221527 67.19144266843796 1.118139952421188 10.0767460912466 67.00366315245628 3.649702966213226 1.686720162630081 0 0.159467950463295 0 0 0 0 0 0 0 0 0 0 0 0 0 0 0 0 0 1.668081849813461 0 0 0 0 1.502798199653625 0 0 0 0 0 0 0 0 0 0 0 0.2098421305418015 0 0 0 0 0 0 0 0 0 0.1672748178243637 1.355458967387676 0 0 0 0 0 0 0 0 0 0 0 0 0 0.188050389289856 0 0 0 0 1.681891143321991 0 0 0 0.6369916200637817 0.1523682922124863 0 0 0 0.1441206037998199 0 0 0 0 0 0 2.945366263389587 0 0.8339778184890747 168.0824649780989 0.2821376919746399 14.40106571465731 0.6940439715981483 558.3800762668252 0.7007356062531471 0 0.5307961702346802 20.28342388570309 0 0.9203576892614365 1.85007655620575 24.88979080319405 0 0 0 0 0 89.07883198559284 16.62407612800598
101.7990403398871 2781.853952556849 2481.88898538053 50.41113660484552 3044.244537353516 16.28381897509098 1436.524999067187 13.00829105824232 4569.798189558089 456.7403447553515 873.0004035830498 74.63570989668369 1366.78714607656 1899.690653078258 30.74145251512527 24.84977483004332 0.5401591658592224 0.5589060336351395 0 0.2996659949421883 0.1834245771169662 0 0.1125481873750687 0.2478267028927803 0.2145954072475433 0 0.1292864084243774 0.1400232911109924 0.2195804715156555 0.09528107196092606 149.1347982361913 37.09964568912983 13.38041314482689 0.1151527762413025 0 0.3925168216228485 20.2635450065136 1.565076418220997 1.742317482829094 0.4220357462763786 0 0 0.1148821040987968 3.501861311495304 0 0.2894729599356651 161.5190087556839 1.204236097633839 0.7764389887452126 0.176663413643837 0.7022459954023361 0 0.2940239012241364 0 0.8751475736498833 2.644277192652225 43.06396143138409 87.32309050858021 16.77542523294687 124.9347517415881 0.4581636264920235 0.8840153813362122 0.4226691499352455 63.18919651955366 1.024569384753704 0.3198148980736732 0.867364227771759 0.7170509025454521 0.6309309154748917 0.4502701610326767 38.10522682219744 15.42215365916491 0 186.7724507153034 115.27291303128 352.7349126189947 74.98079511523247 12.35149066150188 0.4090943485498428 20.14834801107645 0.919470340013504 1.839404232800007 9.112891584634781 0 0.8355583921074867 2.867438852787018 0.1892615705728531 0 1.585194915533066 0 0.7993825078010559 0.2283112183213234 0.5260763466358185 0.8087652400135994 0.1114711761474609 152.4371331259608 64.38522529602051 0 3.725517705082893 33.49161930382252 28.2501350492239 4.984076842665672 158.1841103732586 11.96194487810135 99.06611596047878 237.0099634230137 23.61960883438587 202.5866394340992 113.29793356359 333.3183228373528 84.13049529492855 204.0004412978888 164.0789807513356 45.75316119194031 88.75002874433994 7.999749466776848 3.289998710155487 0.2474523484706879 0 0 0 0 0.3655262589454651 0 0 0 0 2.800691992044449 0 0 0 0.3790105581283569 0 0 66.74547533690929 32.63381412625313 0 3.819986462593079 0 27.60676765441895 16.28303900361061 55.61718580126762 11.30914460122585 6.747008502483368 0 0 0 0.7539796531200409 0 1.496247053146362 0 7.320234969258308 8.853231906890869 0 0 0 0 0 0.5427094697952271 3.30348613858223 0 17.49178458750248 51.6289880797267 3.826861619949341 0 4.670593082904816 117.3740682005882 19.33929372578859 2.58231109380722 0 0 0 0 0 0 0.6322096288204193 42.52584321796894 10.95557168126106 0 0 0.7194488346576691 100.9741257727146 0 31.14585223793983 30.37588500976562 26.93659457564354 20.3943979293108 4.964981555938721 6.474150806665421 0 0 0 0 0 0 0 0 27.57402130961418 19.99524161219597 36.7195498496294 355.4537496268749 7.663290493190289 266.4063181504607 49.03592132031918 87.19939973950386 7.396665163338184 3.868039466440678 17.80806205421686 114.7792456150055 0 39.1815947368741 13.00376760214567 64.30182671546936 4.612996935844421 0 1.663086518645287 2.575819298624992 0.5655811429023743 169.6811778843403 74.44711962342262
44.30814425647259 95.89701139181852 3.116293534636497 233.9975564330816 16.28381897509098 1.773471429944038 125.3505695164204 0.3889966011047363 11.46979914605618 819.5521820038557 2.13606333732605 77.02852387726307 98.64712186157703 9.294523544609547 1.234677612781525 3.519734315574169 0 0.1382454335689545 0 0 0 4.76020684838295 0 0 0 0 0 0 0.1412397921085358 0.09693217277526855 7.825540974736214 2.316432446241379 13.37900677323341 0 0.644948422908783 0 11.4703808426857 3.273015543818474 10.10111890733242 0.1532978862524033 0 0 0.08819103986024857 0.6895539909601212 0 0.1528469920158386 7.364007480442524 0 0.09670258313417435 0.1229679509997368 0.9937449991703033 45.42829997837543 7.256631307303905 0.497839592397213 0 0.5075899437069893 169.9089559614658 12.35556147247553 2.390551835298538 1.540652044117451 0 3.752510696649551 0.2822956442832947 0.3656178712844849 0 0 0 0.1614287793636322 0.1587877422571182 0.09507645666599274 61.31236286461353 255.3649954497814 38.9216054007411 3.378009058535099 1.683049619197845 3.98483257740736 2.539382055401802 1.642185263335705 0 15.64865630865097 0.1515879184007645 1.469717845320702 0.6521918177604675 0.921890951693058 0 0.5863373130559921 0 7.39135766774416 6.55998569726944 35.04378708451986 3.112255409359932 27.55912587046623 0.1938020437955856 0.3445678949356079 3.23239254206419 521.4129091054201 391.1933779120445 29.21111232042313 42.7128351777792 244.595676228404 0 1.112714529037476 18.79658979177475 2.314006209373474 1.73803699016571 10.09783723950386 12.47292710840702 5.181657999753952 77.87057879567146 38.23957498371601 0.6484424024820328 12.31106132268906 6.402754127979279 1.209890097379684 0.6465456485748291 0 0 0 0 0 0 0 0 0 0 0 0 0 0 0 0 0 0 0 1.898180305957794 0.4736600816249847 0 0 0.3689572513103485 0.2010635137557983 1.135991215705872 1.06849679350853 1.465579584240913 0 0 0 0 0 0 0.3115561604499817 0 0 0 0 0 0.1656507700681686 0 0.1199891641736031 0 0 0 0 0 0 0 0 0 0 0 0.1829374730587006 0.2362036481499672 0 0 0.4284919798374176 0 0 0.2705056667327881 2.027007594704628 0.3622944802045822 0 0.2147929072380066 0.7981789112091064 0 0 0.57981838285923 0 0.3682365119457245 0 0 0 0.4188179671764374 0 0.1411100029945374 0.1352640986442566 0.1360449194908142 0 0.1595490127801895 1.274086594581604 0.6583455204963684 1.586327537894249 45.24390017986298 0.481366254389286 9.519252702593803 4.507782310247421 184.6205085590482 2.673721648752689 0.156364694237709 0.1952426731586456 13.68756748735905 0 0.3251918852329254 0.399688333272934 19.41425314545631 0 0 0 0 0 55.43225489556789 15.38906618952751
939.8889797776937 2180.585700787604 261.0443527549505 887.6027092188597 1436.524999067187 125.3505695164204 1333.178555995226 3.837653197348118 2026.49262239784 2335.019510291517 84.35913300514221 696.050636395812 4314.889912642539 1031.010492898524 5.7344781011343 5.3237424492836 0 0 0 0 0 0.3299255967140198 0 0 0.1423219293355942 0 0 0 0 0 108.7407037466764 4.159396030008793 16.2509687691927 0 0 0 24.36226873099804 0.8543711751699448 1.157939493656158 0.91917684674263 0 0 0.1085665002465248 0.6590678542852402 0 0 48.80721400678158 0.5972902253270149 0.277178555727005 0 0.1416535377502441 0 0 0.08926369994878769 0.9510757327079773 0.7188531458377838 52.60961778461933 88.47308930754662 8.852850906550884 31.3838309571147 0.1150480583310127 0.388933852314949 0.1128045544028282 33.60220623761415 0.3066690936684608 0.11192237585783 0.7325118780136108 0.09611064195632935 0.1860766485333443 0.2243098467588425 12.96804584562778 8.236421786248684 0 89.75288589298725 46.80115036666393 88.18615908175707 16.217967197299 2.348382361233234 0.2884156629443169 2.825242981314659 0.09551046788692474 0.2524818629026413 3.61000270396471 0.117516003549099 0.3506514132022858 1.21313988417387 0.2095908224582672 0 0.894494891166687 0 0.1004263609647751 0.09326585382223129 0.1555647552013397 0.1231282278895378 0 116.6179977655411 26.5137120783329 0 2.135583400726318 148.9435515776277 13.41573932766914 7.957904383540154 185.7247864454985 107.4181764125824 61.24484060704708 207.9407776594162 56.61848825216293 157.1866998299956 166.2586503624916 314.7672435194254 56.02475094795227 181.0163728073239 167.3449944406748 37.23686841130257 48.58471038937569 3.038735970854759 0 0 0 0 0 0 0.880291759967804 0 0 0 0 2.844466388225555 0 0 0 0 0 0 35.71178625524044 8.629361286759377 0 0.3936969935894012 0 13.98879903554916 6.229012235999107 18.62162244319916 3.473648995161057 0.7555151805281639 0 0 0 0 0.6644155979156494 0.6169298887252808 0 4.429698377847672 7.451890528202057 0 0 0 0 0 0.973564624786377 0.3247007727622986 0 9.3758150562644 28.10758210718632 2.469973601400852 0.4017487764358521 3.194325923919678 60.3266891092062 14.15108358860016 0.2970241606235504 0.2259261757135391 0 0 0 0 0 0 25.94115835428238 4.496874958276749 0 0.1784896552562714 0.2496176660060883 46.95768050849438 0 13.06407585740089 23.73549070954323 7.804854989051819 7.842344924807549 1.305459290742874 1.177812248468399 0 0 0.2592566013336182 0.7287056446075439 0.1202792152762413 0 0 0 32.18366822600365 2.67320728302002 10.87610423564911 203.7191770151258 1.464528642594814 83.32189349085093 14.59733118861914 336.9932075887918 2.424608744680882 5.675335355103016 3.466475188732147 124.2599658817053 0.5196684747934341 25.14166995882988 6.086753278970718 78.10746403038502 1.257182687520981 1.321166634559631 0 1.056891784071922 0.5761082768440247 301.8601010292768 69.04705375432968
111.3073133379221 158.1679882183671 2347.629728764296 3.488920509815216 13.00829105824232 0.3889966011047363 3.837653197348118 942.7295754179358 87.87028637528419 1.176480904221535 1685.222776152194 1.638116970658302 15.97808289527893 747.2947847992182 14.35400032997131 31.08845876902342 1.195422694087029 13.99282643944025 0.3093894422054291 19.46308424323797 11.29189476370811 0.4758999943733215 31.39793956279755 6.299427546560764 5.941703833639622 0.9857185035943985 2.138119839131832 0.1293160021305084 0.3982538431882858 1.291279807686806 1162.847040891647 1406.598119862378 73.3604361563921 19.18766389787197 20.24937618523836 27.55141474306583 16.41862830519676 12.66609060764313 6.629040837287903 1.323565684258938 6.772646352648735 4.974402330815792 46.03722359985113 28.67958806455135 7.949007302522659 24.96847305446863 59.75605043023825 5.245183661580086 2.473916880786419 13.84597890079021 23.4549837782979 1.881138145923615 0.3929973244667053 0.5307294726371765 0.3674500584602356 0.8513415306806564 19.77475944161415 113.7585511207581 4.848760008811951 32.40378230065107 262.1972785368562 139.166477881372 24.57913202047348 506.869082480669 0.5546736344695091 2.805558361113071 2.46589732915163 32.79198826849461 60.02297376096249 51.01899908483028 11.30691874027252 5.966108664870262 0.1603167355060577 67.65910418331623 78.30080712586641 131.9865386337042 454.5667900890112 159.4730013608932 652.366722561419 4540.440113678575 251.5678157135844 2189.359566152096 2.889536991715431 0 3.46325309574604 0.7401628047227859 17.74199951440096 0 0.6899029687047005 0 3.077558852732182 0.6718753799796104 190.4630647152662 10.64088844507933 5.986290752887726 6.222979262471199 10.4806262999773 0.2075718641281128 2.674130141735077 41.93918872624636 0.7375977337360382 0 0.9324133992195129 0 0 0.2113843709230423 0 0.634418785572052 0 0 0 0.3756179809570312 0.3338260650634766 0.2247694134712219 1.12003955245018 0.2377655208110809 2.743288785219193 0 1.074586629867554 0 0 0 0 0 0 0 0 0.5141020268201828 0 0.8117876350879669 0 1.405633121728897 0 0.765739917755127 1.587906122207642 1.040300726890564 0 1.167740568518639 0 0.8897000551223755 4.05146162956953 1.393254905939102 2.78364036232233 2.566442728042603 0.1531082838773727 0 0.1939682811498642 0 0 2.062602207064629 0 0 1.385394990444183 0 0 0 0.8442570120096207 0.1832252144813538 0 0 0 1.272534482181072 1.658581465482712 0 0.1683741509914398 1.438616812229156 2.39677757024765 0.7584186196327209 0 0 0 0 0 0 0.3078629672527313 0 1.228160321712494 3.446994841098785 0.3774698376655579 0.1196716576814651 0.3676041215658188 3.262476205825806 0 0.5731192231178284 0.4959158599376678 2.768173068761826 0.7697894275188446 0 0.5520857721567154 0 0 0 0 0 0.8003611117601395 0 0 0 3.214284405112267 2.054386593401432 75.01318467408419 1.850500367581844 77.68845503032207 15.81323561817408 11.44099929183722 0.09977994859218597 0.09793663769960403 6.903394870460033 2.497236870229244 0.1345960944890976 1.434804081916809 1.361990176141262 0.9598732888698578 0 0.09840608388185501 0 0.3863755539059639 0 4.189892314374447 5.453632242977619
31.23210921138525 944.2673367857933 967.9752857238054 15.73621071130037 4569.798189558089 11.46979914605618 2026.49262239784 87.87028637528419 1970.063363239169 165.2041152715683 2243.842726908624 136.6888624280691 1572.340024068952 2913.079678751528 26.80070897936821 41.21524088084698 0.5871755629777908 0.5107588022947311 0.1014284566044807 0 0 0.1374970972537994 0 0.1554218232631683 0.4865816682577133 0.1163708791136742 0.6924633532762527 0 0 0.4162208586931229 38.24955902993679 29.70926381647587 65.19776170700788 0.3212726265192032 1.089671269059181 0.1439871042966843 40.18177240341902 3.656971000134945 2.981177821755409 1.398539558053017 0.3190897405147552 0 0.5013665929436684 3.918603092432022 0.1045552417635918 0.1503278911113739 85.13044640421867 0.91399135440588 1.02390444278717 0.2211594954133034 0.4003184512257576 0 0.1040722876787186 0 0.5844383910298347 0.559222400188446 7.173125468194485 7.932576783001423 2.125846602022648 44.29658391326666 0.5966783165931702 0.5563596338033676 0.1389792561531067 11.37576621025801 0.8588419035077095 0 0.1831439584493637 0.6617868468165398 1.465632162988186 0.6042269170284271 26.59023969620466 6.385524764657021 0 40.82121764868498 21.69325296580791 165.2586904540658 33.59572891145945 17.91247557848692 0.1163782998919487 89.15472157299519 1.239350989460945 1.35839107632637 2.311451204121113 0 0.2658773213624954 0.1905536651611328 0.4768071621656418 0 0.6113104298710823 0 0 0.1048194766044617 5.562871888279915 0.09491273015737534 0.1263623982667923 131.6608927175403 37.42364574968815 0.2308355867862701 2.686652906239033 8.855436958372593 19.83454909920692 3.743486046791077 109.4170665517449 9.302811689674854 74.92734822630882 187.3179007172585 28.19481088221073 124.8271371126175 109.4864460676908 240.0531824529171 68.99473971873522 172.9136598557234 132.906219355762 31.98274428397417 45.7609169408679 2.925682336091995 1.714997485280037 0 0 0 0 0 0.1921719759702682 0 0 0 0 0.1750635504722595 0 0 0 0 0 0 34.57296393811703 20.19364889711142 0 0.1814041882753372 0.2938404083251953 12.20618656277657 7.514746829867363 28.78101702034473 2.985303327441216 0.5155221819877625 0 0 0 0 0 0.2337192744016647 0 2.277312949299812 6.316921517252922 0.116053432226181 0 0.3242829144001007 0 0.1783638000488281 0 1.854020833969116 0 3.233725547790527 21.37710826843977 0.6662929058074951 0 0 68.21479117870331 12.50151526927948 0.6994312405586243 0.5744355916976929 0 0 0 0 0 0 26.29705290496349 12.10154041647911 0.4239557683467865 0 0.1189864724874496 40.0205295085907 0 19.07864913344383 8.795308031141758 8.674662008881569 13.41712039709091 0 2.380979359149933 0 0 0 0 0.3038153797388077 0 0 0 26.36004580557346 7.915328398346901 11.39358156919479 219.6771912500262 3.786861747503281 119.9840482845902 27.93908321112394 35.10407844185829 3.035994105041027 0.3396778851747513 19.83645638823509 56.54625727981329 0.2349644303321838 22.89499694108963 6.369283571839333 39.23021336644888 0.8894785642623901 0.1139147132635117 1.903720393776894 1.135114505887032 0.4723214358091354 170.2276912406087 79.24822810292244
1300.166404426098 1921.9563017115 11.67145748436451 2593.439868077636 456.7403447553515 819.5521820038557 2335.019510291517 1.176480904221535 165.2041152715683 1829.545950070024 4.500993937253952 2006.104046016932 4944.971688009799 104.4872132390738 3.24397661536932 6.389848001301289 0.1274034082889557 0 0 0 0 0 0 0 0.4573369026184082 0 0 0 0 0 26.26641920208931 1.196388028562069 56.66761393845081 0 0.1727990657091141 0 73.43509187549353 4.83270263671875 5.896603107452393 0.4965665489435196 0 0 0 0.5607620403170586 0 0 13.35189202427864 0.2087213695049286 0 0 0.2621565759181976 0 0 0.1875176280736923 0 0.1383058428764343 102.0286106690764 21.9074404463172 3.644747160375118 3.816113337874413 0.4970288872718811 0.4318576455116272 0 6.316259391605854 0 0 0 0 0 0 51.6089099124074 6.513765022158623 0 12.36444096267223 3.620034091174603 11.95952300727367 7.270953580737114 2.07136482745409 0 2.031341835856438 0 0.5187428444623947 0.2786755114793777 0 0.1079596430063248 0 0.248641163110733 0 0 0 0 0.1294102072715759 3.329412676393986 0 0 386.9927120059729 32.22356604039669 0 3.486215926706791 718.7432608082891 8.263203844428062 16.53909859061241 253.0849481597543 148.5423965901136 69.623659491539 392.0427727550268 170.4884005263448 198.930560298264 480.5451720952988 753.4189286530018 54.5573196709156 338.2451087459922 270.7230495065451 48.61265391856432 18.35280694067478 1.534053027629852 0.1353322267532349 0 0 0 0 0 0.6161008775234222 0 0 0 0 0.1528903245925903 0 0 0 0 0 0 26.31043557822704 9.761142134666443 0 0.2395399212837219 0 9.056586652994156 2.075942575931549 8.709561035037041 0.7549524903297424 0.2902983129024506 0 0 0 0 0 0 0 5.541660904884338 1.119623869657516 0 0 0.4033427834510803 0 0.1574331074953079 0 0 0 6.500241607427597 22.07614828646183 1.882572405040264 0 0 14.82886463403702 3.345008879899979 0.5069467425346375 0.7450774312019348 0 0 0 0 0 0 10.79397150874138 12.18754966557026 0 0.3204579427838326 0.7294118404388428 27.7904195189476 0.1432178467512131 5.705392703413963 5.306850224733353 4.22683410346508 3.597214065492153 0.2038646787405014 1.240441739559174 0 0.1458726525306702 0.5310456454753876 0.3469192013144493 0.1364097148180008 0.3370261788368225 0 0 63.44328904151917 23.48531603813171 3.943615689873695 454.5922401174903 0.6441167742013931 23.12379472702742 5.445705235004425 942.1438944935799 2.521001756191254 3.550575494766235 2.153300330042839 172.9332065209746 0.646526038646698 10.06443218141794 1.556886062026024 238.1310701221228 0.6039146780967712 0 0.1522140651941299 0 0 1553.493732020259 262.7371468544006
271.7452171817422 1281.678470991552 2851.801462136209 0.6161295622587204 873.0004035830498 2.13606333732605 84.35913300514221 1685.222776152194 2243.842726908624 4.500993937253952 1388.847040563822 88.59509194642305 270.9320028796792 2691.452746912837 30.98683266341686 48.75617469102144 0.5073851495981216 1.809896603226662 0 2.283060863614082 4.978817954659462 0.6796443611383438 15.07948078215122 5.785396806895733 2.844781175255775 0.5175060778856277 2.564738288521767 0.6456486433744431 0.4327579885721207 1.259194791316986 1083.120253235102 231.8913963139057 536.3375556319952 4.309808291494846 7.238346487283707 19.75548990815878 205.5314049050212 53.00287611037493 31.2795634791255 4.295752540230751 8.075851313769817 1.804168462753296 5.169976897537708 5.644350178539753 0.2832696437835693 1.657669425010681 102.0987282320857 1.227822914719582 0.6298809945583344 1.215491615235806 9.780421115458012 1.653701677918434 0.8139826953411102 0.8123814612627029 0.141080304980278 1.05772752314806 22.51436164975166 88.44014104455709 7.220186896622181 64.33897349238396 21.79082055389881 10.36045275628567 5.841214671730995 59.21377577632666 0.5988545343279839 1.065558768808842 0.8551126644015312 8.104286752641201 12.12562434375286 16.19558501988649 51.63410857319832 10.99477182328701 0 94.70843182504177 67.86994006484747 210.8625650405884 73.22565827518702 22.84293936192989 0.7582890689373016 2241.441248647869 7.111498072743416 14.69385918229818 4.312617763876915 0 1.231066651642323 0.7433317974209785 3.581850051879883 0 0.9159177914261818 0 1.577692210674286 0.5080285593867302 68.89018106460571 7.176434919238091 3.508837297558784 44.18633405864239 40.79481415450573 0 11.01780065149069 53.77383443713188 4.400802493095398 0 5.883909612894058 0.531857967376709 6.319093063473701 10.00648678839207 2.145936965942383 11.14721155166626 2.986491903662682 11.57815508544445 2.959275349974632 11.986960709095 8.734273478388786 2.302791357040405 18.22729828953743 1.620236203074455 1.917018622159958 0 0.2391943037509918 0 0 0 0 0 0 0 0 0.3696705847978592 0 0 0 0 0 0 9.627919554710388 0.9899341464042664 0 1.448468536138535 0 5.47515794634819 7.195996582508087 8.829387657344341 4.131862290203571 2.498400822281837 0 0 0 0 0 0.7061383053660393 0 0.5533042699098587 2.573645934462547 0 0 0 0.8377998471260071 0 0 0.7169177532196045 0 1.600219547748566 9.243576921522617 0.8125346302986145 0.21612948179245 0 10.60597759485245 1.330805450677872 0 0.2216086983680725 0 0 0.4691958725452423 0 0 0 4.234457641839981 4.076660588383675 0 0.2151836156845093 0 9.596091598272324 0 4.478619277477264 3.277632102370262 4.362516582012177 2.69657826423645 0 0.3029591590166092 0 0 0 0 0 0 0 0 3.354237332940102 5.392498657107353 7.515533432364464 188.4218776971102 4.024273842573166 137.7440283969045 29.60184851288795 20.9354510307312 3.27510154992342 0 10.18525432795286 8.125464662909508 0 4.700016126036644 2.327294766902924 7.275161564350128 0.6694372296333313 0 0 0.8922375291585922 0 12.53289922326803 13.60665300488472
124.4483881890774 410.2969933748245 14.0436764806509 1069.766887009144 74.63570989668369 77.02852387726307 696.050636395812 1.638116970658302 136.6888624280691 2006.104046016932 88.59509194642305 249.488022223115 1907.235802523792 489.0728130042553 25.50006798654795 50.60324218869209 0.6255097687244415 0.7950928509235382 0.1034116148948669 0.284771166741848 1.191213123500347 0.2646499872207642 1.944760128855705 1.44898784160614 7.063072554767132 0.484907940030098 1.817706897854805 0.7492300868034363 0.1410903334617615 1.318730533123016 11.27667061984539 5.72371181845665 331.0779294520617 0.1492124944925308 1.690715447068214 4.234615534543991 982.2486268132925 52.46168018877506 80.25107274204493 19.03625360876322 1.326902583241463 0.4942029565572739 1.364084802567959 6.923555299639702 0.476744532585144 1.316762991249561 62.14631640911102 0.7765713334083557 0.5692658796906471 0.7653099671006203 5.497196815907955 0.4013586938381195 2.773777984082699 0.5731589496135712 0 0.3116974234580994 8.825047135353088 8.318672619760036 0.7221401184797287 10.58616794645786 4.721984788775444 15.83380648493767 1.970520406961441 21.4359093233943 0.1087692379951477 0.3887994512915611 0.1562199741601944 4.058730207383633 4.583654917776585 4.544307425618172 490.1245050132275 38.06920536607504 0 12.35592146962881 9.990306869149208 58.79796629399061 33.48027396202087 20.4874120131135 0 125.8297562599182 1.406198427081108 5.736437752842903 0.4343336522579193 0 0.4001481011509895 0.4800056889653206 1.115547582507133 0 0.4210733324289322 0.1749967634677887 0.8670543283224106 0.3079720586538315 28.2183208912611 3.48032308369875 0.7013290822505951 996.4835146740079 130.8146064504981 0 93.6497912928462 54.01350523531437 9.735893025994301 4.895334959030151 73.98698991537094 1.283864356577396 50.97237527370453 96.89401589334011 6.920544534921646 69.55247619748116 65.2680698633194 141.6224087029696 55.72511588037014 136.5125823095441 111.8850190043449 31.97751276195049 36.88433982431889 3.141952164471149 1.424032501876354 0 0.1298270672559738 0 0 0 0 0.4855179339647293 0 0.2594726085662842 0 0.2470867410302162 0 1.27623151242733 0.1809778213500977 0 0 0 25.95490006357431 9.232056185603142 0 1.30512011796236 0 11.29742939770222 6.393763467669487 14.40692427009344 1.648393288254738 2.2000937089324 0 0 0 0 0.4402487874031067 1.155255749821663 0 5.487687282264233 5.914424285292625 0 0 0.4995793402194977 0.3478593230247498 0 0 0.5549949407577515 0.4386487156152725 5.444241866469383 19.2429139316082 0.7526578232645988 0.1729003638029099 2.769696056842804 24.34899479150772 7.479465782642365 0.1253450959920883 0.3789125233888626 0 0.1333378702402115 0 0.3870708644390106 0 0.4748742878437042 12.65530936419964 11.68959751725197 0.5438390374183655 0 0 27.19898879528046 0.578161895275116 5.151030868291855 7.761746026575565 8.154174402356148 6.000755608081818 0.1578122079372406 1.477297231554985 0 0 0.2793537974357605 0.1797699779272079 0.6606721729040146 0 0.1611934453248978 0 29.99030357599258 3.573033913969994 10.08328157663345 200.7881373986602 1.508318334817886 91.43270678073168 35.35978431254625 69.7018463909626 1.446909479796886 0 13.52389626950026 31.04290563613176 1.125180006027222 15.85446290671825 4.812523305416107 17.94102193415165 1.254693493247032 0.2383100837469101 0.9087538123130798 1.068582512438297 0.5172188282012939 222.9358282610774 84.906554043293
140.572723954916 1469.183384507895 132.5276442542672 767.2628352791071 1366.78714607656 98.64712186157703 4314.889912642539 15.97808289527893 1572.340024068952 4944.971688009799 270.9320028796792 1907.235802523792 4428.210765652359 4693.049913771451 39.52179951965809 77.30862227827311 1.317837350070477 1.322750426828861 0.3677088841795921 0.9215173646807671 1.991653621196747 1.05580236017704 1.919001720845699 1.791794568300247 6.037451788783073 0.2931099757552147 1.208067715167999 0 0.09957205504179001 0.6803340464830399 18.64012411236763 8.920451104640961 779.6128211319447 0.3394106328487396 1.054428040981293 5.437993250787258 765.9597671702504 63.74834232032299 53.47374948114157 20.83619008213282 2.678022645413876 0.7100825756788254 2.045013010501862 7.55567505210638 0.2355900034308434 0.8821945115923882 100.0633463338017 0.5176830217242241 1.998578190803528 0.8140314519405365 4.131760492920876 2.106554210186005 0.9840362444519997 1.238884404301643 0.1072753444314003 0.1929822564125061 14.91993472725153 15.05895061045885 2.680914632976055 27.38884561508894 3.475108712911606 6.052459523081779 0.6512926816940308 20.96070790290833 0.3053018748760223 1.068212725222111 0.53447425365448 4.210060589015484 4.41497416049242 6.055912658572197 252.0695297941566 26.25785046070814 0 25.1116948723793 19.36193954199553 136.9292873591185 53.27170944213867 27.07103932648897 0 107.6432753875852 1.096141576766968 3.671511195600033 1.849068447947502 1.870292544364929 0.2973786517977715 0.1197455823421478 1.30753368884325 0 0.1034102886915207 0 0.5668047741055489 0.4460400640964508 26.86072275042534 2.864301145076752 0.9362910687923431 954.9977178499103 113.6486269235611 0 23.71316003799438 63.32183732837439 21.60378380119801 6.948114819824696 209.6869116723537 20.79309669137001 123.8559215217829 421.7370804697275 48.20247680693865 268.3422810658813 249.2721019983292 567.8771764561534 131.0229499340057 420.6892769411206 346.9202617332339 92.01289788633585 59.94604314863682 3.493000417947769 4.098550781607628 0 0.5836201906204224 0 0 0 0.1732515841722488 0.1651091426610947 0.4168083071708679 0 0 0.1472867280244827 0 0.3042971938848495 0 0 0 0 63.27432683855295 22.07595898211002 0 0.4611750990152359 0 20.08961008489132 6.653208464384079 23.03424388170242 3.229302354156971 5.880483150482178 0 0 0 0 0.1839631348848343 0.4841599613428116 0 4.192581921815872 13.05777379125357 0 0 0.1326311677694321 0 0.1602923274040222 1.298082709312439 0.5271697044372559 0 8.839835532009602 34.28254614025354 0.6922089457511902 0 3.119788393378258 62.5931343883276 10.01630592346191 0.1621029675006866 0.1272776126861572 0 0.1228254437446594 0 0.1186977550387383 0.1166617944836617 0 26.98342631757259 20.16943949460983 1.260801739990711 0.669538788497448 0.7087830826640129 63.06015571951866 0.5016824007034302 19.82698525488377 22.49777544289827 14.98731002211571 14.64550135284662 0.9277318120002747 1.618988811969757 0 0 0.09442812949419022 0.1297252923250198 1.29546532034874 0.2956800758838654 0.1480379700660706 0.2094595730304718 78.82655241340399 7.049360103905201 14.63155406713486 307.246430106461 2.696775995194912 138.3976567015052 44.20255800336599 122.0963933691382 3.642560966312885 0.1461692452430725 24.53162401914597 101.0460791885853 1.539825201034546 40.96353272348642 10.74964413791895 80.83642318844795 2.125640526413918 0 0.8109196871519089 4.106118008494377 1.172985568642616 631.6711452752352 209.6011165827513
