162.879417553544 1431.644949693233 265.1245559379458 773.6226207092404 66.09527453780174 97.70181398838758 281.789392106235 24.26641011238098 15.97955612838268 497.3144440799952 76.47162026166916 7.337001912295818 103.9687458872795 131.1029691323638 1.601677305996418 0.5172851532697678 0.3405161276459694 0 0.101321704685688 0.1913614049553871 0 0.1295171231031418 0.142262727022171 0 0.1386124640703201 0 0.6072306334972382 0 0.3721682131290436 0 308.7291850298643 2.290221132338047 13.28367698192596 0 0.2519208490848541 0 7.635126397013664 0.2854757159948349 0.56903076171875 0.2251916378736496 0 0.3189756721258163 0 0.9258286580443382 0 0.6064626127481461 33.63913789391518 1.320076271891594 0.5369166359305382 0.2851061075925827 0.292085126042366 0.145050898194313 0.5296149253845215 0.1211521103978157 13.99128446727991 50.93548810482025 209.4168355837464 330.753126911819 108.4766229465604 40.77150426805019 0.6016313210129738 0.338245116174221 0.2054646611213684 8.951946139335632 13.09824601560831 4.776825733482838 0.1899275854229927 0.09036028385162354 0.07747030258178711 0.623250350356102 14.03362309932709 1.58085822314024 0.7939723134040833 191.9361664429307 30.85874472558498 57.96393924206495 1.596945323050022 1.541212752461433 0.5178932994604111 9.856181725859642 0.3894874006509781 4.662896797060966 20.68705826997757 1.178717732429504 2.837354429066181 13.23282781243324 0.8148893490433693 0.1171654462814331 0.7997232303023338 0.09540026634931564 0.5232064127922058 0 0.7390084192156792 0.4097830876708031 0.5137708187103271 86.56525882333517 2.507628604769707 0.8625839948654175 1.14760797470808 767.9658306017518 0.3733172118663788 19.293925344944 1.08662174642086 1.988608419895172 0.3095826208591461 10.52110163867474 14.69860557466745 4.747322484850883 17.04825147986412 23.93532943725586 5.836284473538399 19.00158479064703 20.26082690060139 11.96353571116924 7.614696852862835 0 0 0 0 0 0 0 0 0 0.6094333529472351 0 0 1.240137934684753 0.8945221453905106 0 0.9304380863904953 0.1616528332233429 0.4664909094572067 0 0 1.173184603452682 0 0 0 2.173096865415573 0 1.514675140380859 1.35608909279108 0.1358679383993149 0 0 0 0 0 0 0 0.1913387775421143 0 0 0 0 0.1200777590274811 0 0 0 0 0.3679276928305626 0.8875206634402275 3.75475549697876 0 0 2.970403656363487 0 0 0 0 0 0 0 0 0.09938222914934158 3.348376028239727 0.311967521905899 0 0 0 12.5349750071764 0.6287567615509033 1.615386039018631 0.1275609582662582 0 0.1387443989515305 0 0 0 0 0 0 0 0 0 0 4.286518044769764 2.309743158519268 3.455741845071316 437.455653630197 7.067414879798889 158.3748286440969 42.78725149482489 1007.758002266288 28.61700280755758 3.079292751848698 6.46735717356205 6.327692419290543 0 1.100374408066273 0.2517756447196007 66.10277716070414 0 0 0 2.163164600729942 0 410.6731910407543 14.22477192431688
1431.644949693233 1725.314301539212 1087.869863085449 1407.880753137171 1147.643168509007 263.2479543536901 3490.274683497846 324.9428838118911 445.023062042892 1106.345789313316 624.0891059339046 71.76876877248287 1804.315927095711 1384.494014836848 6.691149301826954 3.732709236443043 1.598329223692417 0.5751078277826309 0.2411577701568604 0.6068513169884682 0.8599643111228943 0.3552121371030807 0.344653382897377 0 1.247840374708176 0.4256415590643883 1.735492445528507 0.190123125910759 0.4490171447396278 0.08115574717521667 1441.072021950036 10.10200714319944 99.7079605832696 0 0.5144318342208862 0.7211799696087837 34.63323084264994 2.442155074328184 1.48223427683115 1.025918290019035 0.2765259146690369 2.083692096173763 0.1251826882362366 2.132478564977646 0.7796693593263626 1.468755468726158 114.1617544665933 4.161553099751472 1.422158524394035 0.4611899703741074 0.8132988810539246 1.729238130152225 1.792573533952236 1.448544956743717 17.49622995406389 81.79050646349788 189.20202216506 559.9682086184621 176.4350949302316 97.11811941117048 0.6192616969347 4.326930724084377 0 41.43164863437414 19.17877995967865 10.60399225354195 0.8020494654774666 0.4450035095214844 1.271129779517651 1.347493752837181 13.83268266916275 1.238397151231766 0.3995008021593094 345.7083129584789 108.0550498589873 168.181239515543 9.314954817295074 2.523899964988232 7.427630715072155 45.20207222551107 1.087212592363358 17.21252847462893 41.17577411234379 2.541447281837463 7.373931013047695 21.30035966262221 2.771379895508289 0.283612847328186 1.47442089766264 0 0.4562327116727829 0.2239624932408333 1.798909984529018 1.07273668050766 2.161229707300663 23.17206349223852 2.097650252282619 0.1354933232069016 1.555566653609276 703.7124686464667 0.1413376033306122 8.892679534852505 0.8963012844324112 0.9485478028655052 0.1491251289844513 19.08990715444088 8.415341734886169 5.057157978415489 22.89988484978676 16.72871471196413 10.5796161070466 16.90186857432127 28.00090900808573 19.82526011765003 26.36002779752016 0 0 0 0 0 0 0.6808289885520935 0.6051285862922668 0 0.1596030592918396 0.2590150684118271 0 0.5258876830339432 0.1152225732803345 0.1110482737421989 1.175307504832745 0.5959747731685638 1.431572504341602 0.09771379828453064 0.2167446911334991 0.8013216480612755 0 0 0 9.758183047175407 0.3152109384536743 10.07632419466972 4.321544334292412 2.056468658149242 0.5548055842518806 0 0 0 0 0.2575591802597046 0 0.3188631385564804 0.6986358985304832 0 0 0 1.517889626324177 0.9136531502008438 0.1010247394442558 0 0 0.1037919446825981 0.7129788249731064 0.8243192583322525 0 0 12.13467908650637 0.3240541815757751 0 0 0 0 0 0 0 0.8313921317458153 17.95528113096952 1.02304145693779 0.2759219110012054 0 0 23.57684597373009 2.627143740653992 12.0073911473155 0.1048301681876183 0 0.518216036260128 0 0 0 0.09402438253164291 0 0 0 0.1070241332054138 0.1657478958368301 0 12.52390839904547 5.882776737213135 5.324167132377625 461.58558691293 16.14972878992558 383.3065199404955 99.41562108695507 578.6354365423322 74.89790269732475 5.088408634066582 31.51039756834507 6.959614634513855 0 1.713697083294392 0.5485586896538734 24.30591563880444 0.3241011798381805 0.1467367559671402 0 5.610891401767731 0.4725366532802582 202.1690418124199 12.03208540380001
265.1245559379458 1087.869863085449 649.9320814982057 47.99456741660833 570.5339040085673 4.441864728927612 176.2968214601278 1375.816839128733 606.6293845996261 88.92160392552614 1493.389924965799 16.25152846425772 297.5429609194398 1590.070395857096 2.105904810130596 3.367601633071899 1.949139542877674 0.1865316480398178 0.2283867970108986 2.811225898563862 3.947680369019508 0 0.5269259214401245 0.5867216438055038 3.648975126445293 0.3445105254650116 3.274041764438152 0.1819995641708374 0.3188469037413597 0.4498865902423859 2119.224122673273 455.3229279220104 105.129960745573 0.4025395214557648 4.255616098642349 1.001492515206337 35.44273667782545 3.869932860136032 3.380109332501888 1.826538093388081 0.8229223787784576 2.854092977941036 1.583997994661331 4.158431008458138 0.7546704187989235 4.785205446183681 16.9922429472208 0.533333957195282 0.2837328761816025 3.385354593396187 1.917838111519814 3.064672455191612 3.189289420843124 2.033188603818417 3.529124319553375 14.23560390621424 41.00409732758999 234.3501942232251 36.39301687479019 14.24345640838146 15.88383972644806 7.436517648398876 0.6695508807897568 16.12168293446302 3.51510102301836 3.030653238296509 0.748060055077076 0.9564803317189217 5.569765597581863 12.78944934159517 24.61474393308163 3.578752927482128 0.4898108690977097 68.55433060228825 33.37514465302229 31.63404284417629 3.891140669584274 7.773117229342461 83.77562994509935 379.239284388721 19.08759965002537 164.2864625900984 7.021334156394005 0.6527165174484253 2.470545172691345 3.8198287114501 1.479919798672199 0 0.4432062208652496 0.7352403253316879 0.08287272602319717 0.2353593558073044 7.434346683323383 2.9893778860569 3.189434491097927 5.414612419903278 3.039804197847843 0 3.571857113391161 60.53570231795311 0.1122285053133965 5.86018081009388 0.356429859995842 1.223096832633018 0.3437857776880264 2.749460570514202 3.046510577201843 4.571276322007179 7.752681940793991 5.992504864931107 10.02887900173664 11.48609292507172 15.50063161551952 10.22637366503477 16.51769395172596 0.2255582511425018 0 0 0.1398086249828339 0 0 0.1329530626535416 0.1301300674676895 0 0.1922526508569717 0.8828397989273071 0 0.4078503772616386 0.8670228123664856 0 1.205304361879826 0 2.216144226491451 0 0.1539341360330582 2.05356328189373 0 1.882369600236416 0.6242893785238266 6.155331030488014 2.323115915060043 8.726644605398178 2.650309391319752 0.9756947755813599 0.8369257152080536 0.289708286523819 0 0 0 0 0 0 0.1828100085258484 0 0 0.2215033620595932 1.849111944437027 1.089970782399178 0.09011799842119217 0 0 0.1375668197870255 0.1061708480119705 0.7029067426919937 0 0 10.14145835489035 0.5915472805500031 0 0 0 0 0 0.1942262798547745 0 0.2670429050922394 11.52664153277874 0 0.2986792176961899 0 0.4304899126291275 23.19897544384003 3.019629046320915 10.53450103849173 0.6375681012868881 0.1141332611441612 0.6733774244785309 0.1102372333407402 0 0 0 0 0.1327657550573349 0 0.1012987196445465 0 0.1778670251369476 8.936880715191364 10.00417973846197 7.641366578638554 95.43270328640938 5.772388264536858 55.76133978366852 17.92566443234682 56.28649332374334 9.078938968479633 0.4376056343317032 5.681872509419918 8.424106180667877 0.09810422360897064 2.711643859744072 1.16416173428297 4.191733829677105 0.9056851267814636 0 0 1.97411485761404 0.1561734080314636 35.84576676785946 4.799866691231728
773.6226207092404 1407.880753137171 47.99456741660833 344.0560268312693 61.42883865535259 616.935037791729 833.5354864746332 0.8444560915231705 23.73472695797682 3532.41019038856 20.5497548058629 53.06966735422611 1734.032543458045 475.2846795395017 1.676244027912617 0.07853687554597855 0 0 0 0 0 0 0 0 0 0 0 0 0 0 35.91360148787498 0.5292644500732422 11.99646741896868 0 0.3248369991779327 0 5.740929841995239 0.8974168077111244 0.3255723267793655 0.1269959509372711 0 0 0 0.2910545989871025 0 0.3335739970207214 30.1288825944066 0.8340092897415161 0.7042783722281456 0 0.1358357518911362 0 0.392905056476593 0.1321389526128769 5.023405939340591 23.23246939480305 44.71165978908539 77.93002865463495 49.44757816940546 33.40090337395668 0.282210186123848 0.2312804609537125 0 8.32809429615736 6.022307932376862 1.584064334630966 0.2130862548947334 0 0.4709020927548409 0.1594105809926987 3.795298650860786 1.84356963634491 0.2935531288385391 101.8685162961483 29.16530036181211 44.41055165976286 1.319195084273815 0.2954332381486893 0.9271629527211189 2.586832292377949 0.2524490207433701 1.016570843756199 13.39499846100807 0.8232376351952553 2.23981562256813 6.838690906763077 1.071612976491451 0.1177375242114067 0.08942192792892456 0 0.1849450320005417 0 0.4529135376214981 0 0.3235077261924744 32.30225966870785 5.889035828411579 0.9848172515630722 5.423955082893372 155.0621700957417 0 9.149371109902859 23.77176609635353 3.340705618262291 0.2248331904411316 9.224091432988644 9.185850881040096 1.116433426737785 30.79880276322365 12.83236372470856 4.256878390908241 14.29272173345089 17.43622145801783 8.060939982533455 6.192794494330883 0.1055651977658272 0 0 0 0 0 0 0 0 0 0 0 0 0 0 0 0 0.2887225747108459 0 0.1329535245895386 0 0 0 0 1.846063323318958 0.4934008941054344 1.046830244362354 0.5783961117267609 0.1261997520923615 0 0 0 0 0 0 0 0 0 0 0 0 0.1127866581082344 0 0 0 0 0.2427754625678062 0.7713752314448357 1.348404467105865 0 0 3.516512855887413 0 0 0 0 0 0 0 0 0 6.430204913020134 0 0 0 0.1235326603055 5.970339611172676 0 4.912813365459442 0.3857139647006989 0.196551725268364 0 0 0 0 0 0 0 0 0.1163234487175941 0 0 4.907623022794724 0.2682233676314354 2.064273431897163 233.6631971672177 3.238905042409897 118.2265846952796 24.52759543061256 542.6278222277761 16.44245540350676 0.4631495475769043 7.32447399944067 7.164681047201157 2.374675795435905 0.3086051046848297 0.205544576048851 28.52854347229004 0 0.102264791727066 1.925568342208862 0.903998576104641 0 153.9407610669732 10.39676986634731
66.09527453780174 1147.643168509007 570.5339040085673 61.42883865535259 704.332299336791 10.09850180894136 1653.322807438672 238.1338220834732 1355.605453029275 450.2831457182765 810.6383604109287 20.37574252486229 426.7868624329567 1174.399683564901 1.727445751428604 0.3460450172424316 0.3762271776795387 0 0.08857700228691101 0.1621977984905243 0.4196146428585052 0 0 0.1184058412909508 0.1703924089670181 0 0 0.150443971157074 0 0 77.08876755833626 3.981336645781994 31.30496846139431 0 0 0 9.252844288945198 0.1668653637170792 0.5273119658231735 0 0 0.1951018422842026 0 0.2090836986899376 0 0 23.7687855809927 1.177010722458363 0 0.2049599960446358 0.1286513358354568 0 0 0.162090465426445 1.958328604698181 9.527976468205452 16.23487637192011 43.27223769575357 17.65741735696793 13.76013036817312 0 0.3937499895691872 0 13.54271760582924 2.409455701708794 0.5845506936311722 0.4064364284276962 0.1772790849208832 0 0.09376205503940582 7.921060919761658 0.9177647829055786 0 32.04487875103951 15.26684804260731 26.81419613212347 3.432121001183987 0.3774607479572296 0.6864021122455597 4.653016947209835 0 2.172069266438484 4.349850192666054 0.1966883614659309 1.017992116510868 2.664738215506077 0.3382030203938484 0 0.08920719474554062 0 0.244484081864357 0.1803815811872482 0.3033241778612137 0.2938282489776611 0.4450679942965508 2.403760060667992 0 0 0.2504895925521851 11.19143182039261 0.1781124174594879 3.753379434347153 0.3712709248065948 0.2583287358283997 0.2065937519073486 3.410384148359299 1.969575732946396 2.291249915957451 2.420672044157982 2.591080084443092 3.109783038496971 9.039192415773869 8.991974338889122 5.287171073257923 8.076692372560501 0 0 0 0 0 0 0 0 0 0 0 0 0 0 0 0 0 0.1504437178373337 0 0 0.9711342602968216 0 0 0 2.511631742119789 0 2.932717457413673 1.547452300786972 0 0 0 0 0 0 0.3749326467514038 0 0 0 0 0 0 0 0 0 0 0 0.1063964068889618 0 0.1855498999357224 1.092221617698669 0.3194833397865295 5.842966645956039 0 0 0 0 0 0 0 0 0 3.430380217730999 0 0 0 0.1271655559539795 5.717942997813225 0 3.71632993221283 0.1741219311952591 0 0 0 0.2012190222740173 0 0 0 0 0 0 0 0 2.876620419323444 1.849713683128357 1.543444603681564 134.1870723962784 3.40268237143755 72.7010759562254 23.87469556182623 32.78158552199602 19.38385020941496 0.433117188513279 6.915417730808258 4.668698817491531 0 1.62390311062336 0.8571908101439476 6.560268834233284 0 0 0.2592346668243408 2.469762176275253 0.3295052945613861 22.0701836720109 3.414787337183952
97.70181398838758 263.2479543536901 4.441864728927612 616.935037791729 10.09850180894136 43.48282553255558 41.53702467679977 0.8678142502903938 3.253593891859055 861.1066627055407 10.83210296928883 92.81257173418999 98.40803417563438 25.06091453135014 0.8728950992226601 1.014084078371525 0.2643579095602036 0 0 0 0 0 0 0.1099711060523987 0 0 0 0 0 0 16.08373062312603 1.435966722667217 50.43861149996519 0 0.1654055863618851 0 81.8347659856081 2.669145025312901 5.362030982971191 0.4244808107614517 0 0.2645116969943047 0.09320580959320068 0.5220929905772209 0 0 3.747532598674297 0 0 0 0.2589368745684624 6.574991501867771 1.023573204874992 0 0.4333306327462196 2.930994533002377 58.2175811752677 29.57699546962976 7.778375707566738 1.586899720132351 0 3.860627539455891 0 3.464821144938469 0.3815095648169518 0.09894032031297684 0.09552063047885895 0 0.1336351037025452 0 255.6768522337079 263.2825100049376 27.00326380133629 10.11584846675396 1.583876214921474 5.581212110817432 2.745480187237263 1.439002476632595 0 21.02505808323622 0 2.550953924655914 0.8753109350800514 0.7093509286642075 0.3498612567782402 1.380287237465382 0.1047418043017387 3.708528898656368 2.848672784864902 9.96626690775156 2.325537197291851 1.558467030525208 0 0.3171453177928925 0.7336452081799507 181.6134469360113 337.3467820286751 35.75704241544008 42.93956549465656 149.7368395626545 0.3507014214992523 9.692043706774712 0.7966792732477188 2.075687110424042 0 5.723184183239937 10.7875487357378 3.019135311245918 9.555304124951363 16.76029144227505 2.260505050420761 4.542528629302979 10.6226367354393 4.157561749219894 4.517129361629486 0 0 0 0 0 0 0 0 0 0 0 0 0.3221263885498047 0 0.3025547116994858 0 0.3475497663021088 0.1045252308249474 0.3732714727520943 0 0.1697825044393539 0 0 0 1.143949389457703 0.6110178381204605 2.911576792597771 1.847245968878269 1.618549346923828 0 0 0 0 0 0.1283970773220062 0 0.2994343340396881 0 0 0 0 4.807869382202625 0 0.1219064220786095 0.09645595401525497 0 0.1162364929914474 0.1177372112870216 1.050029382109642 0 0 1.5902389138937 0 0 0 0.1042883843183517 0 0 0 0 0 1.684928998351097 4.888675197958946 0 0 0 0.8779981434345245 0 0.4340722039341927 0.3180123344063759 0 0 0 0 0 0 0 0 0 0.1034654229879379 0 0 5.017110928893089 2.882671378552914 2.258633859455585 89.57839581370354 0 12.31964179873466 3.196997039020061 302.919506303966 1.286013655364513 0 0.3456492871046066 2.98367577791214 0 0.8912016823887825 0.1251672059297562 23.56207583844662 0 0 0 0.4405300319194794 0 104.7750797718763 14.28816130757332
281.789392106235 3490.274683497846 176.2968214601278 833.5354864746332 1653.322807438672 41.53702467679977 201.7850562483072 26.76020415127277 720.6364635452628 2150.41640201211 364.2725017517805 176.6672832071781 2496.674073413014 3906.541027680039 10.2854136377573 2.529099211096764 2.453574158251286 0.240451455116272 0.1003107577562332 0.5076813995838165 0 0 0.2263241708278656 0.1244428902864456 0 0.1831275075674057 0.3608302474021912 0.4937962144613266 0.7263587564229965 0.09383828938007355 191.1952593773603 17.2790257781744 39.72206664085388 0 0.3494991809129715 0 33.65006197988987 0.9300714135169983 1.025781683623791 0.4775381684303284 0.08445220440626144 0.9266304075717926 0.1032129228115082 1.2025351151824 0.7775119543075562 0.4165882468223572 141.5057461708784 2.452774569392204 0.9177187234163284 0.65180504322052 0.3248873129487038 0.4473884552717209 0.2305125370621681 0.248655691742897 14.70967856049538 47.84392792731524 85.78950093686581 178.8711134493351 97.41273729503155 82.92120908945799 0.8710241690278053 2.05644129961729 0 61.82508105039597 16.92002027481794 8.517023898661137 0.3397138714790344 0.8704683110117912 0.3312009796500206 2.134700588881969 33.11145122349262 4.329134061932564 0 196.7598358243704 77.24171312898397 161.2558791786432 19.66004616767168 2.655237518250942 4.204364784061909 19.77740003168583 0.8409449383616447 11.26762168854475 35.59094677120447 1.02147264778614 6.065878763794899 17.07222142070532 1.50266395509243 0.1501739025115967 0.9161075204610825 0 0.3461839333176613 0.1872981563210487 0.7771641239523888 0.4391258060932159 1.932334586977959 36.21830052137375 3.489788264036179 0 3.129185780882835 36.87331667542458 1.353776566684246 15.47720900923014 10.81785903871059 2.877305597066879 2.102212801575661 19.07824520766735 11.74809277802706 8.462344884872437 44.76116781681776 38.94762855768204 25.60412633419037 39.28994094580412 49.22323137521744 39.58953464776278 43.62585747987032 0.3316357731819153 0.1309263408184052 0.3581734299659729 0 0.6890223622322083 0 0 0 0 1.772280067205429 0 0 0.7812266051769257 1.398674666881561 0 0.2661347538232803 0 0.1271357536315918 0 0.7928166463971138 3.569043830037117 0 0 1.200922608375549 17.33393662422895 2.046197593212128 15.23833309859037 4.439373642206192 2.17249296605587 0 0 0 0 0 0 0 0 0.213879719376564 0 0 0 0.1867670267820358 0.1849612146615982 0 0 0 0.5743283480405807 0.8189148232340813 2.176061473786831 0 0.5446473360061646 26.3436818420887 0.4201451241970062 0 0 0 0 0 0.4346081614494324 0.6887527704238892 0.6168200373649597 33.42646680027246 0 0 0 0.6527860760688782 58.18064872920513 5.799028977751732 22.52813249826431 1.0540631711483 1.404108338057995 0.3583005517721176 0.3901439905166626 0 0 0 0 0 0 0.3438344895839691 0 0.3236184865236282 24.29976037144661 9.590170703828335 16.30222012102604 823.8810435906053 24.91148846596479 463.9705967381597 147.8868733346462 202.8511146977544 114.3899485468864 3.335734091699123 47.54667333513498 8.228557877242565 0.4724683463573456 4.602630808949471 2.62041237205267 45.70410153269768 0.4433835744857788 0 1.581160947680473 12.39051871746778 0.4921111762523651 139.4651827961206 23.71042455732822
24.26641011238098 324.9428838118911 1375.816839128733 0.8444560915231705 238.1338220834732 0.8678142502903938 26.76020415127277 882.9115449413657 424.1481890380383 17.23176402598619 2037.912290796638 4.160192593932152 70.36843154579401 715.9342980980873 8.80813929438591 2.417103759944439 2.716545231640339 0.3700747564435005 0.3342127725481987 4.144077695906162 3.877690345048904 0.1550041884183884 0.8547256737947464 0.4103312194347382 0.6044519394636154 0.4270858764648438 1.240213572978973 0.4541563093662262 0.1379474699497223 0.92057865858078 1411.44255053997 2710.408354759216 42.15889436751604 0.3461611419916153 2.487945348024368 1.591213345527649 13.85701689124107 3.499820344150066 2.362735979259014 1.137703835964203 1.144864723086357 2.549638919532299 3.041287019848824 2.847345747053623 0.6915269941091537 7.15493831038475 55.5028460174799 2.436478734016418 1.104572683572769 2.357126019895077 1.723357297480106 1.039841875433922 3.588901102542877 0.9853134825825691 2.642608143389225 7.5552933588624 22.87993898242712 159.7274088859558 26.8246204033494 21.62718288600445 32.62381043285131 5.383468061685562 2.060853809118271 266.3888285979629 3.322964988648891 1.974168516695499 0.5173818022012711 1.004526048898697 5.822340629994869 18.3456531688571 16.31610914319754 3.619033075869083 0 45.7047258913517 76.36443486809731 62.05265966057777 19.02289386093616 566.1093222498894 1191.056032076478 501.9444967359304 48.48147433251143 489.3052930980921 7.423702590167522 0 0.7622799053788185 2.489063762128353 1.773686632514 0 0.5125555619597435 0.1091511771082878 0.1221629232168198 0.40683663636446 8.278985276818275 2.957634784281254 2.586164116859436 6.461264960467815 0.9272278770804405 0.3447821140289307 0.9116245955228806 14.59344165027142 0 1.54766982793808 0 0 0.2839372158050537 0.9065128564834595 3.262572154402733 0.2045585960149765 3.405446439981461 3.945768713951111 4.729926526546478 4.212374947965145 8.06933356821537 5.733489274978638 6.687411241233349 0 0 0.2864432111382484 1.071290343999863 0 0 0 0 0 0 0.4727336466312408 0 0.2409525960683823 0.1387051343917847 0 0.4674970358610153 0.1164991706609726 1.064435929059982 0.4280656576156616 0 0.568148136138916 0 0 0 3.449514806270599 1.168157055974007 4.192556768655777 5.076119586825371 1.062953844666481 0.8039652854204178 0.1462026089429855 0 0 0.1726341098546982 0 0 0 0.1253951191902161 0 0 0.2056520730257034 0.7767756432294846 0.4938632920384407 0 0 0 0 0.1612066030502319 0 0.2312889397144318 0.1436251997947693 3.083482354879379 0 0 0 0 0 0 0 0.1786354631185532 0 6.941839389503002 0.675604522228241 0.3834025859832764 0 0.5502983182668686 5.265170991420746 0 3.937863200902939 0.3839912340044975 0.5008062943816185 0.3329302966594696 0 0.460332989692688 0 0 0 0 0 0 0 0 6.929203189909458 1.947875916957855 3.64140273630619 155.9003347158432 6.784048952162266 101.3957294002175 34.03376380354166 47.79877807945013 22.49123008549213 0.1041426435112953 10.62473203241825 1.527006819844246 0.8172642588615417 0.3807922452688217 1.491546124219894 6.128016144037247 0 0 0 2.803333625197411 0 23.85999316722155 1.912809893488884
15.97955612838268 445.023062042892 606.6293845996261 23.73472695797682 1355.605453029275 3.253593891859055 720.6364635452628 424.1481890380383 348.2462500035763 232.2232576757669 2088.625042386353 26.23895494639874 759.7986495122313 1423.167806297541 0.9277725368738174 0.6703779697418213 0.5680936276912689 0 0.08973314613103867 0.2373092621564865 0.7349838614463806 0 0.1588776558637619 0.168558344244957 0.2066794335842133 0.2050464302301407 0 0.2592380940914154 0 0 83.28985960036516 12.05845826119184 39.26958130300045 0.09200234711170197 0.3444719612598419 0 15.79276818037033 0.3231391534209251 0.1581104099750519 0.2584863677620888 0.09929049015045166 0.2914964482188225 0.1396345496177673 0.099176324903965 0.210899755358696 0 26.09687173366547 0.5216852948069572 0.2025706619024277 0 0.1242266595363617 0 0 0.4065609499812126 1.264292038977146 6.072613537311554 12.00732935965061 29.40208303555846 9.510329566895962 12.94106643646955 0.1936685666441917 0.8024378716945648 0 15.62538812309504 1.913036830723286 1.362082734704018 0.1563886180520058 0.08888615667819977 0.147841140627861 0 8.93003436923027 0.7276729345321655 0 23.27009821683168 10.11221355944872 25.95065830647945 4.171585895121098 0.2086564376950264 0.8777024298906326 8.684028998017311 0.2596768140792847 3.843630753457546 4.586533956229687 0.1884012818336487 1.031207919120789 1.628724403679371 0.3856577798724174 0 0.1988900378346443 0 0.2290963679552078 0 0.1438595056533813 0.1353627890348434 0.1088578104972839 4.988277748227119 0 0 1.144355371594429 7.294666774570942 0.1875787824392319 3.878257185220718 0 0.9059024453163147 1.266746863722801 4.483986303210258 2.885231956839561 1.539528995752335 8.549299962818623 7.203771740198135 5.424103781580925 13.61316478997469 13.24792314320803 8.395710051059723 12.84944698959589 0 0 0 0 0 0 0 0 0 0 0.2062462717294693 0 1.526250004768372 0 0 0.3233139365911484 0 0.1615138500928879 0 0.2783850282430649 0.9428146779537201 0 0 0 6.909623466432095 0.5856583565473557 7.45583675801754 0.4437974318861961 0 0 0 0 0 0 0.2357513606548309 0 0.2642405927181244 0.5205960422754288 0 0 0 0.3918787986040115 0.09725784510374069 0 0 0 0.1095194816589355 0.5464455634355545 0.6026921272277832 0 0 6.26312443614006 0.5559342503547668 0 0.1026387885212898 0 0 0 0 0 0.1278060525655746 6.612560130655766 0.2083202004432678 0 0 0.447265625 13.7871411293745 0.3024203479290009 5.705429375171661 0 0.2131853774189949 0.3126389756798744 0 0 0 0 0 0 0 0 0 0 4.297976762056351 2.977448865771294 5.687931835651398 127.3058280497789 4.394865661859512 57.8356262370944 21.67740084975958 31.35538764297962 15.50286336243153 0.6415742933750153 8.271106883883476 5.308308511972427 0 0.6542795225977898 0.2427117079496384 5.574006274342537 0.1464382410049438 0.1110958978533745 0.5713770985603333 2.341155171394348 0 24.06403951346874 5.076757580041885
497.3144440799952 1106.345789313316 88.92160392552614 3532.41019038856 450.2831457182765 861.1066627055407 2150.41640201211 17.23176402598619 232.2232576757669 3323.661668539047 154.6245191767812 1882.162293970585 7879.433071136475 1265.961647249758 4.451042227447033 1.227210186421871 0.8438475579023361 0 0.1169538497924805 0.1301096230745316 0.3119891583919525 0.6355472207069397 0.5816938281059265 0 0.2183967381715775 0.4708696454763412 0.8417839407920837 0.1905128806829453 0.4102831035852432 0 55.26840463280678 3.720702856779099 287.6387320160866 0.6192891895771027 0 0.4271262139081955 386.2258592620492 5.291050344705582 2.441525101661682 2.070442348718643 0 2.577471047639847 0.1812541484832764 0.9129146188497543 0.2090372964739799 0.1381332874298096 71.06732570379972 2.669349685311317 0.7157944738864899 0 0.2490350753068924 2.204232409596443 4.935655102133751 4.082445338368416 8.136288933455944 30.67808745056391 58.05855914205313 79.15171656012535 52.99676916003227 45.50107123702765 0.8610240519046783 22.96664203703403 1.077069878578186 23.66004231572151 8.925533086061478 3.743183940649033 0.5027067735791206 0.463848739862442 0.07579495012760162 1.438190527260303 209.7314595729113 19.66006211936474 0.8820269256830215 107.8248445466161 38.20016951858997 70.67394614219666 4.094788394868374 2.295632906258106 1.798070043325424 73.21861774474382 0.2296665012836456 13.8809534534812 18.04815129935741 1.186776749789715 3.07497826218605 10.6569587290287 0.354561448097229 0.4094221517443657 1.03772410005331 0.838205985724926 0.2121942192316055 0.08335565775632858 0.4260982051491737 0.1109015569090843 2.42761854082346 297.5076782479882 73.23902043700218 3.138864248991013 10.86316183209419 189.8761435896158 2.607137717306614 108.1464259773493 26.81675201654434 21.58374094218016 6.432209044694901 100.1834363862872 112.7136593312025 36.30779709666967 190.2636841759086 197.7899981364608 88.18303596228361 215.4328377321362 240.0018111616373 162.7696478664875 156.485917083919 0.150401771068573 0 0.4004491716623306 0.5825924426317215 0 0 0 0 1.282906204462051 3.035180687904358 0.1541066616773605 0 0.4882164597511292 2.009730368852615 0 0.2168796211481094 0 0 0 4.888504341244698 17.53088419139385 0 0.2808241248130798 0 40.55393978208303 3.058011665940285 35.16839524358511 9.091547340154648 5.413421086966991 1.159370392560959 0.3448773324489594 0 0.4202363938093185 0 0.2731934934854507 0 0.6682694405317307 1.90111219137907 0 0 0 2.710169732570648 0.1606999933719635 0.1574620753526688 0.132613018155098 0.07566022872924805 3.158563867211342 4.421166688203812 17.12889764457941 0 0 75.90038038790226 2.883706375956535 0 0.2161130011081696 0.2297707870602608 0 0 0.2098255902528763 0 0.3683750331401825 80.39488349854946 2.209198951721191 0 0 0.4591252654790878 162.1816991940141 8.001263529062271 52.75419157743454 2.523795284330845 3.485216543078423 2.506718508899212 0 1.035471230745316 0 0 0 0 0.1098028048872948 0.2911388874053955 2.42832687497139 0.3026727437973022 91.96246457844973 24.86362397670746 31.64813516288996 987.5338275432587 12.12658526003361 273.2003059536219 90.99269266426563 759.3689651563764 82.17448581010103 2.3371257558465 45.42572904378176 39.35232281684875 0 17.48687411099672 5.202828131616116 341.1436920762062 1.238308668136597 0 1.1953404545784 11.99809301644564 0 888.8214956521988 162.5583944767714
76.47162026166916 624.0891059339046 1493.389924965799 20.5497548058629 810.6383604109287 10.83210296928883 364.2725017517805 2037.912290796638 2088.625042386353 154.6245191767812 489.4611063972116 65.11983848363161 1307.393428966403 4397.167622804642 8.105397373437881 12.0451453179121 5.635514840483665 0.9741475284099579 2.433267459273338 4.698993496596813 10.53735283762217 9.519807651638985 3.379749000072479 2.675516605377197 11.61203582584858 3.372334733605385 9.770943865180016 1.187921091914177 3.461745977401733 2.723634093999863 1173.592638604343 735.2507460340858 867.172598682344 0.1824337393045425 11.27176147699356 4.155585646629333 220.4063075855374 22.76085527986288 16.81998489052057 15.62036971002817 5.345855951309204 14.85566579550505 0.368749663233757 6.361528091132641 4.010493710637093 6.894696861505508 40.54021203517914 0.9662865102291107 0.4984632432460785 1.063226968050003 4.903875470161438 15.67369924485683 16.32099966704845 11.76752159744501 2.89417228102684 7.163307804614305 25.51865961402655 113.4346111491323 25.04485170543194 18.20646704733372 7.56213366985321 15.3593982309103 2.591690234839916 24.85965120047331 3.264838635921478 1.358502857387066 0.6222274228930473 0.08910895138978958 3.872319221496582 9.976328313350677 93.21424990147352 6.27388508617878 1.259889423847198 44.18328928947449 28.47563973069191 41.44419857859612 13.32353067398071 10.0843058526516 124.6579506918788 727.694481857121 6.614336371421814 121.4545135609806 6.976127482950687 0.5362932085990906 0.859024241566658 3.097910828888416 1.520646274089813 0.2831070572137833 0.4930786117911339 1.280528947710991 0.4082933962345123 0.8450312986969948 9.896922715008259 4.476289227604866 11.90978895127773 51.69799472391605 7.441300183534622 1.108130797743797 14.34566430002451 31.57312313467264 0.8490239083766937 6.703417301177979 1.079192489385605 1.726953528821468 0 13.01649104058743 9.730496101081371 12.832474835217 22.53952468186617 16.91351237893105 21.39491798728704 40.57839699834585 49.38950062543154 28.45379089564085 45.79112922400236 1.373253725469112 1.017596900463104 0 0.5832571908831596 0 0.2423410266637802 0 1.806310579180717 0 1.83804477751255 2.230903834104538 0.5257574468851089 3.733726851642132 2.986256927251816 0.467181958258152 4.265178583562374 1.120572075247765 12.55248152464628 0.5014475584030151 1.559329733252525 5.978915303945541 0 1.540062084794044 0.1497608721256256 16.56439873576164 6.305352427065372 22.58679084479809 14.38402635604143 7.928027629852295 1.957581788301468 1.017880916595459 0 0 0 1.166664235293865 0 0.5334753915667534 0.3872686475515366 0 0 0.342469722032547 8.334309279918671 4.131014481186867 0.09318812936544418 0 0 0.3722427487373352 1.164893887937069 1.79629772901535 1.571553155779839 2.878631815314293 31.28907945007086 0.4906274229288101 0 0 0 0 0 0.3326056897640228 0 0.5493349432945251 31.68704252690077 4.774525925517082 1.717060878872871 0 0.653226874768734 45.36075341701508 7.900010854005814 30.38236144185066 1.207615338265896 0.7440660893917084 0.9184375330805779 0 0.2622125819325447 0 0 0 0.1466871500015259 0 0.1422887891530991 0.794778048992157 1.015518516302109 24.43007025867701 15.08795389533043 22.64632395654917 279.218897767365 12.51380046457052 103.8656564801931 52.77508068829775 66.10558559000492 18.87086963653564 0.1236674189567566 21.74532753229141 15.76200299710035 0.5958981141448021 8.292552776634693 1.462736532092094 28.52449510246515 0.6504133641719818 0.14300437271595 1.101046204566956 7.514611184597015 0.7729862928390503 62.91025646775961 15.87028899043798
7.337001912295818 71.76876877248287 16.25152846425772 53.06966735422611 20.37574252486229 92.81257173418999 176.6672832071781 4.160192593932152 26.23895494639874 1882.162293970585 65.11983848363161 27.50564688444138 1128.673787049949 178.6547233313322 0.9195567816495895 1.721564270555973 1.241530723869801 0 0 0 0.5632301867008209 7.098655924201012 0 0.4222807139158249 0.9239018261432648 2.697120927274227 0.8004119694232941 1.899073570966721 0.3836923539638519 0 33.35929770022631 13.26294633746147 113.1232420057058 0.2973000705242157 0 0.2940080761909485 262.2539343982935 6.719993703067303 7.472075834870338 5.674447223544121 1.408747375011444 3.467900604009628 0 0.9440357536077499 0.2491801530122757 0.3841754496097565 9.545128233730793 0 0.4347414374351501 0.4089378714561462 0 2.810457549989223 13.34873336553574 4.539356008172035 0.1237926185131073 0.3957693204283714 3.605149209499359 6.369917094707489 1.072404913604259 2.086640052497387 0.1621469855308533 20.6031641960144 0.1312570720911026 8.575804643332958 0.484639436006546 0.6372924223542213 0 0 1.070150896906853 0.3541396111249924 76.75260153412819 6.57599064707756 1.318215608596802 5.590491719543934 5.569401472806931 8.328416340053082 2.932353176176548 0.5274868384003639 0.420540064573288 65.6623752489686 0.2136870920658112 8.304084628820419 1.01077976077795 0.1621326953172684 0.2858541458845139 0.4625866040587425 0 0.1267132759094238 0.120992936193943 0.8868791610002518 0 0.1802461296319962 0.1510488539934158 0.1222288608551025 4.262793138623238 1078.152588441968 100.177630379796 4.29019470512867 10.253144338727 30.98715797066689 0.8369766175746918 20.95197477936745 1.692087903618813 2.486295513808727 1.466238915920258 27.41291859000921 26.0299147516489 11.4737014323473 46.03227593749762 50.72583969682455 26.82870686799288 68.10923505574465 70.6837304905057 50.31186547130346 35.26294543594122 0.1703915596008301 0.5669392943382263 0 0 0 0 0 0.2259588688611984 0 0.2026774436235428 0.4890749603509903 0 0.140361562371254 1.210078954696655 0.1261453628540039 1.049770019948483 0.4184852764010429 1.402412727475166 0.1427080929279327 0.6635071933269501 8.048053942620754 0.2311043441295624 0.3934042602777481 0 9.888751626014709 0.7266137599945068 5.437139183282852 4.832347840070724 2.576519273221493 0.6341085433959961 0.2862818241119385 0 0 0.1388483047485352 0 0 0.1041939109563828 0.4086000174283981 0 0 0 2.566578567028046 0.3559127151966095 0.08956168591976166 0 0 0.7377513125538826 1.939210020005703 2.329793721437454 0.1173533722758293 0.2329713404178619 11.70815558731556 0.6373256146907806 0 0 0 0 0 0 0 0 28.29890134185553 3.606888264417648 0 0 0.3592291325330734 29.24560099840164 5.003388971090317 7.106464996933937 0.7159597724676132 0.3436119556427002 0.2531121820211411 0.6318145915865898 0 0 0 0 0 0 0 0 0.3305455446243286 29.82707659900188 8.160975217819214 6.79558677226305 101.2151303738356 2.310969799757004 26.34160330146551 12.40054897964001 49.03895452618599 4.353384934365749 0 2.830050647258759 5.752357214689255 0 5.793085515499115 0.6382660120725632 55.87864654511213 1.077714055776596 0 0.7970739156007767 0.4867843389511108 0 325.597443126142 49.81822106987238
103.9687458872795 1804.315927095711 297.5429609194398 1734.032543458045 426.7868624329567 98.40803417563438 2496.674073413014 70.36843154579401 759.7986495122313 7879.433071136475 1307.393428966403 1128.673787049949 3499.940005272627 6103.778117828071 6.837669774889946 5.133454650640488 3.594423353672028 0.1184932962059975 0 0.9711160808801651 2.35646116733551 4.11104428768158 1.166002415120602 0.4434826225042343 3.151924297213554 2.448521263897419 3.829844906926155 1.504411064088345 1.600445732474327 0.1298645883798599 160.834957934916 36.39686646312475 584.3094437122345 0.9143553823232651 1.983224503695965 0.7593151479959488 362.038778334856 12.94171868264675 14.12222800403833 11.26893724501133 1.007119871675968 6.080371581017971 0.119017705321312 1.343687385320663 1.264640226960182 2.148847132921219 58.17555745691061 0.576933965086937 0.3810665383934975 0.1464793235063553 1.508322536945343 3.528754770755768 16.67395243048668 9.104567751288414 3.507033340632915 13.84847649559379 32.63566837459803 67.02766888588667 27.44392904639244 24.48166722804308 2.499344564974308 57.31252446770668 0.6916258707642555 32.51375885307789 5.003004066646099 2.513851590454578 1.075790472328663 0.09257554262876511 1.716621451079845 3.020052492618561 158.4468195438385 6.919273070991039 1.290428176522255 56.52909300476313 27.81358401477337 59.51542893797159 11.79188421368599 3.306986711919308 10.06334360688925 147.2527391240001 2.439035080373287 49.54192956537008 11.02501199394464 0.5048361420631409 1.923603132367134 5.062848724424839 0.6668873429298401 0.1130980104207993 0.32449871301651 0.6570165753364563 0.4236398935317993 0.5025824904441833 3.494598902761936 1.576169423758984 4.91848686337471 1086.333980031312 28.81276433169842 1.268728047609329 22.73903347551823 44.8268046528101 2.625365272164345 59.90845157206059 9.531910806894302 11.04338721930981 2.781941652297974 72.84293256700039 60.78390359133482 30.90415623039007 111.9746696129441 121.6698513552547 77.6600014641881 163.3710706606507 225.7727730870247 133.4380234405398 124.8788844272494 0.7865329906344414 0.3828795701265335 0.4724461138248444 0 0.1122350990772247 0 0 0 0.707116425037384 1.943663418292999 0.5247408002614975 0.9466205835342407 2.075858682394028 2.595388293266296 0.4019636809825897 1.711313217878342 0.7136761248111725 3.826699256896973 0 3.163137517869473 17.90595721453428 0.2092769294977188 0 0.8553407937288284 42.09955135732889 9.098550841212273 35.0137697905302 13.29645189642906 3.120857022702694 1.467443630099297 0.3944980800151825 0 0 0 0.8028887510299683 0.670738160610199 0.4583602994680405 2.722846925258636 0 0 0.8153823018074036 4.441063910722733 2.025584302842617 0.360672265291214 0.3940402045845985 0 1.800922855734825 2.044915966689587 7.653177812695503 0.7570140957832336 0.2225158363580704 69.93192313611507 0.9416608214378357 0.1331344693899155 0 0.245382696390152 0 0 0.4629345238208771 0.2261761426925659 0.230822965502739 96.02438858151436 2.260603785514832 0.3126727044582367 0.1212076917290688 0.4010556042194366 114.99496858567 17.40451198816299 41.55464971065521 1.815816938877106 2.56625059992075 1.912760488688946 0.09769900143146515 0.9445612207055092 0 0 0 0 0.2192768082022667 0 0 0 102.0135764181614 17.17682856321335 29.25396905839443 442.7152213826776 11.37084025144577 157.5784760564566 60.90605547279119 132.486153267324 37.41251748800278 0.9722675085067749 24.08868691325188 20.5389688462019 0.7768843844532967 10.72821349650621 3.251165248453617 136.7517917603254 1.647958002984524 0.5694573521614075 0.7363643050193787 6.670767039060593 0 487.8793157935143 109.7769064456224
