284.1787324696779 2066.469287104905 1017.936962485313 1191.747265323997 26.30678608268499 52.9662161692977 109.9199853911996 243.0715754106641 6.621476799249649 1434.393118061125 89.14538906514645 35.57371129095554 64.14060964435339 169.4667565748096 0.09179340302944183 1.284681133925915 0.2039271593093872 0 0.08258220553398132 0 0.1949847042560577 0.1198946833610535 0 0 0.6760447546839714 0.2074283212423325 0.2537812814116478 0 0.6294045746326447 0 426.8984765633941 20.60006752610207 24.65327719599009 0.7207145020365715 4.960217617452145 4.045853242278099 14.04747796058655 1.586748450994492 0.8498141691088676 0.4923970848321915 0 0 0.07631246000528336 0.8127616122364998 0 1.035061717033386 6.932913839817047 2.691797658801079 0.1726621389389038 0.090238057076931 0.2033764496445656 0.2829760685563087 0.5928467363119125 0.2321470230817795 4.323582775890827 7.197561711072922 183.5383074209094 677.604724124074 44.78969684243202 6.078656084835529 4.557619921863079 2.749039009213448 2.398899026215076 7.787428788840771 3.514254786074162 1.395723782479763 0.2557387575507164 0.76119514554739 0.5974456071853638 0 6.867597110569477 0 0.2652761042118073 35.01382783055305 55.61365119367838 3.549049019813538 5.379351757466793 1.039484679698944 6.310886017978191 48.77384272217751 1.063546009361744 18.50080049037933 10.44292790442705 0.6498645767569542 1.49979255348444 4.768787950277328 1.006255403161049 0.5069221183657646 0.9901897236704826 0 0.197851300239563 0 0 0.1111762300133705 0.08808323740959167 73.89582502841949 1.652370050549507 0 1.392363272607327 996.7856911271811 0.3310011327266693 4.764155209064484 5.659437544643879 2.458635702729225 1.124055102467537 6.869689628481865 5.487315803766251 2.221137329936028 16.74938113987446 11.55131587386131 0.8308960497379303 10.48519400507212 5.378380589187145 6.644900791347027 2.853635556995869 0 0 0 0 0 0 0 0 0 0 0 0 0.210039421916008 0 0 0 0 0.2419963032007217 0 1.248362615704536 0.1968516111373901 0 0 0 4.324616558849812 0.1491358131170273 1.280642092227936 0.3345480784773827 0.6873938590288162 0 0 0 0 0 0 0 0.1283870786428452 0.08075954020023346 0 0 0 0.7750539183616638 0 0 0 0 0.2528299689292908 0.2691207230091095 0.5273003131151199 0 0 1.950527355074883 0 0 0 0 0 0 0 0 0 5.416364938020706 0 0 0 0 0.2060199826955795 0 3.003415986895561 0.370230108499527 0 0 0 0 0 0 0 0 0 0 0 0 3.481054343283176 0.6776604801416397 2.460618488490582 235.7159612923861 4.704197071492672 105.3573127835989 14.47910418361425 1093.398387528956 12.59986498951912 5.91306821256876 1.154104940593243 50.17186196148396 0 2.670658424496651 2.191919326782227 28.86874924600124 0 0.3665934652090073 0.09908750653266907 0.1795150190591812 0 355.4054132923484 3.463220492005348
2066.469287104905 2525.660994179547 1620.400269493461 927.4795222207904 1095.931781031191 127.973937690258 1972.832997247577 1179.29665132612 975.0862751081586 1461.509199216962 2146.495191544294 195.221000790596 1870.691976748407 4752.461235404015 9.642371073365211 9.809411250054836 3.549095392227173 0.5630464404821396 1.044897474348545 0.9472038969397545 0.5048637464642525 0.5416931658983231 0.09373383224010468 0.3013333454728127 7.576407335698605 0.237798884510994 0.6093605533242226 0.6861948072910309 0.1977738589048386 0 1509.032118663192 64.00045457482338 332.5158412307501 2.360201142728329 10.84239436686039 23.85760402679443 93.20626416057348 17.87838114798069 6.922255836427212 1.363955244421959 0.166653037071228 0.09206321090459824 1.125772967934608 5.866784296929836 0.7890027463436127 2.85694432258606 138.1197592243552 24.03920151293278 2.342658787965775 2.21961385756731 3.685980118811131 0.3453700244426727 0.9474695026874542 0 26.24326755851507 43.97488237172365 246.9796403124928 845.8015534803271 155.147148065269 80.54932549595833 4.887427300214767 57.30194702744484 4.58984898775816 154.72250995785 30.6223831102252 15.16247649490833 2.835869483649731 5.25966402888298 2.137814000248909 0.531520314514637 37.96980033069849 0.3459616750478745 0 221.8083504587412 495.6536017209291 137.097222417593 114.8073745369911 12.46488247066736 17.66276820003986 398.3861577808857 4.036183379590511 70.51849763095379 83.78940694779158 2.892935894429684 14.47550950199366 36.43406597524881 6.25233256071806 2.086175605654716 8.513993307948112 0.09216608107089996 1.66230483353138 0.3610667511820793 0.423395611345768 0.2659441828727722 0.09412664920091629 44.69620183110237 5.435873508453369 0 6.939113222062588 1361.292817763984 1.164123736321926 14.79073392599821 16.29641225934029 7.431005790829659 1.934826448559761 31.10069759935141 10.97101107239723 12.55584091693163 17.45768813788891 27.00886180996895 2.910805478692055 50.89777506142855 22.98844959586859 28.63886220753193 19.69772513955832 0.1233430132269859 0 0.2477037012577057 0.1376172453165054 0 0 0.1420520544052124 0.2881074249744415 0.3303366452455521 0 0.1547919660806656 0.3471229672431946 0.4346558377146721 0.1408300697803497 0.1396628767251968 0 0 0.1677976548671722 0 4.135157488286495 0.4946811944246292 0 0 0.1621107459068298 34.5396086499095 1.338326200842857 15.00047803670168 3.78039114177227 2.130698941648006 0.8127763941884041 0.1307904571294785 0.5830127596855164 0.3082483932375908 0.4655363708734512 0.8456132411956787 0 0.3891369700431824 0.9520763084292412 0 0 0 0 0 0 0 0.08431325107812881 1.144134394824505 1.155546233057976 1.707751832902431 1.819181859493256 4.286601096391678 14.68295099586248 0.9019952416419983 0 0 0 0 0 0.09389285743236542 0 0 38.11228373646736 0.5496931374073029 0 0 0 3.136429697275162 2.593092784285545 6.270185053348541 1.145467154681683 1.876922786235809 0.1202766820788383 0.08907771110534668 0.1432944238185883 0 0.2636763453483582 0 0 0.1982625797390938 0 0 0 19.058434471488 7.88516853749752 17.44808562844992 560.3737655133009 33.58274141699076 1072.208428032696 115.9582123979926 833.2052619084716 121.8917782232165 12.26871509104967 48.42386800050735 121.0021615028381 0.2912283837795258 5.872165970504284 2.640301458537579 62.45151756703854 1.21676017343998 1.001490548253059 0 21.41163270175457 0.9801550507545471 513.4040504842997 10.1131701245904
1017.936962485313 1620.400269493461 408.9996827766299 66.95121905207634 517.9957038760185 23.89412155747414 36.78429700434208 3583.596771530807 395.7275140359998 151.7508591637015 1801.359162941575 5.67969337105751 38.29416963458061 437.6608407720923 19.89893769472837 24.21581725031137 3.425987385213375 1.90166375041008 0.3237856104969978 10.1230358555913 6.418892800807953 2.743080474436283 3.036284722387791 1.545913323760033 44.07148309797049 7.177361942827702 6.508941650390625 3.056705869734287 5.703435905277729 1.822596982121468 4340.646275877953 722.7138938382268 121.9697616174817 56.98182559013367 215.1762503162026 212.0628564432263 63.38230012357235 25.89106128364801 8.862081833183765 3.968547329306602 5.02226585149765 3.143615171313286 1.869953125715256 11.70767886936665 9.123534746468067 18.91538398712873 67.42405324429274 9.161406636238098 1.376832440495491 1.818609327077866 1.031306557357311 2.343715153634548 1.940167233347893 1.147720105946064 6.092786587774754 13.70578718185425 85.65948385000229 582.9416688457131 44.190449886024 29.14008254557848 128.1061639413238 99.16959988325834 96.12767094373703 333.3030456900597 7.997437305748463 5.039113819599152 2.239289723336697 3.431591555476189 3.980114571750164 0.9170248955488205 34.94099073857069 4.093313947319984 0.4947809725999832 72.68489103764296 270.9466807171702 67.42592042684555 78.10813593119383 60.3714544698596 362.0744938328862 1151.494947485626 47.05343424528837 650.9511988088489 25.41091026365757 1.144757211208344 5.386903055012226 10.25611730664968 6.049670666456223 1.299599677324295 5.570489443838596 1.063762038946152 0.8521705940365791 0.5021281763911247 0.2136269360780716 1.215280875563622 2.128167718648911 38.56360466778278 8.178703315556049 0 5.893685400485992 551.0814494118094 0.238286942243576 3.191658668220043 4.373463928699493 1.153861999511719 1.147291272878647 10.65989729017019 2.460316009819508 3.89104375988245 4.314783819019794 8.113160789012909 2.349527157843113 16.89259741455317 10.92663242667913 15.40330210328102 14.91413103789091 0 0.2392703741788864 0 0 0 0 0 0.1513812094926834 0.122307263314724 0 0.2437921166419983 0.1405156701803207 0.1240870654582977 0.3284323513507843 0 0.7389121428132057 0.6364991813898087 1.022713348269463 0 3.683088690042496 0.3318887874484062 0 0.7830187082290649 0.2788427174091339 30.38441585749388 2.819699943065643 11.7223070114851 4.2154206559062 3.200179122388363 0.3785128146409988 0 0.5071625709533691 0 0.1864847838878632 0.6453921645879745 0 0.2740449607372284 0.7144808247685432 0 0 0 0.766037717461586 0.308209627866745 0.1865185797214508 0 0 0.9966471046209335 0.5754810348153114 1.143472857773304 1.337692812085152 3.454313293099403 17.37277951836586 0 0 0 0 0 0.1175519824028015 0.3558583930134773 0.06814780086278915 0.3585720881819725 20.2492473423481 0.6441149264574051 0 0 0.1249319091439247 2.442914739251137 4.191310033202171 3.743924394249916 1.032585546374321 0.6407080888748169 0.1945440471172333 0.08213238418102264 0.4755983799695969 0.1907123401761055 0 0.1565289199352264 0 0.07105718553066254 0 0.3137412220239639 0.1141087636351585 9.918603084981441 13.78939078748226 23.01076205819845 296.0419218540192 13.16506358981133 412.1527360379696 96.00081214308739 294.1567991375923 28.88823960721493 3.007473506033421 11.98515842854977 39.02040549367666 0.1410961449146271 5.846640855073929 0.5948185324668884 18.57636792957783 1.062394753098488 0 0.9867716431617737 9.502183549106121 0 144.6710092425346 3.280994668602943
1191.747265323997 927.4795222207904 66.95121905207634 461.4000360965729 124.057847365737 670.3850122615695 971.2110557928681 7.026143044233322 29.49132793396711 3714.153501071036 23.45138651132584 497.4409954845905 1270.910983800888 440.9187932908535 0.2375373169779778 0.2838125079870224 0.5712175443768501 0 0.1003905907273293 0.1011854708194733 0.1795048713684082 0 0 0.09628845751285553 0.4188981950283051 0 0 0.1176690608263016 0 0 230.1459374576807 2.219582095742226 9.516596272587776 0.6655522733926773 0.08366148918867111 0.9061875194311142 20.74884180724621 1.11024172604084 0.1099742352962494 0.1227056756615639 0.09227409958839417 0 0.09002093225717545 0.7961188331246376 0.0967622697353363 0.6572304666042328 19.71498282253742 4.492937140166759 0.6295029073953629 0.08304553478956223 0.8723583593964577 0 0.2571819722652435 0 5.428072348237038 12.56725887954235 95.78075008839369 294.5118072107434 43.43025582283735 12.63166762888432 0.2393827363848686 0.2104296907782555 0.7568473368883133 19.94616802036762 6.856183305382729 3.185408435761929 1.053297869861126 1.01008452475071 0.7143611460924149 0.1673935279250145 10.50042115151882 0 0 54.17524057626724 97.7904981970787 11.79860376566648 9.208955228328705 1.192043237388134 1.113215871155262 4.351661637425423 0.4455698803067207 0.7572926208376884 23.68545687198639 0.7816073969006538 3.308313116431236 7.903050735592842 1.32408419251442 0.2835998609662056 2.469896882772446 0.09919166564941406 0.1048535853624344 0.08571097254753113 0 0 0 23.94451847672462 0 0 0.9064488857984543 488.1488443985581 2.760005064308643 18.01047438383102 128.5557421445847 28.43841559439898 2.994136326014996 64.6014538705349 29.32313019037247 17.92979753762484 54.48353564739227 36.4161216840148 6.767908841371536 62.78750500828028 34.24908925592899 28.85581721365452 13.34153264760971 0.202255442738533 0.2244348675012589 0 0 0 0 0 0 0.5170103311538696 0 0 0 0 0 0 0 0 0 0 3.204156316816807 1.435395233333111 0 0.1987760961055756 0.8902451246976852 11.95840445160866 1.928948819637299 4.096734784543514 0.9261761531233788 0.7228570058941841 0 0 0 0 0.08750484138727188 0.09523149579763412 0 0.1882659122347832 0 0 0.09960836917161942 0 0 0 0.2696487084031105 0.0922514796257019 0 1.458718381822109 1.925049118697643 2.653816789388657 0.6114284247159958 0.3379767239093781 9.724556274712086 0 0 0 0 0 0 0.08253997564315796 0 0 16.51296477764845 0 0 0.08185060322284698 0 1.739321827888489 0.6113314628601074 1.484473988413811 0 0.3805340975522995 0.1860984563827515 0 0 0 0.08529055863618851 0.1010361090302467 0 0 0 0 0 12.29100175201893 3.138086594641209 4.500760689377785 346.1059081703424 9.339586228132248 207.669373691082 16.73568084090948 811.4823214784265 15.73483115434647 6.015919841825962 5.216252639889717 127.1127298101783 0.1106759160757065 2.654775030910969 0.6321132108569145 81.83432720601559 0.7575713396072388 0.2425813227891922 0 21.46901535987854 9.345225840806961 417.7169615104795 17.81541334092617
26.30678608268499 1095.931781031191 517.9957038760185 124.057847365737 794.3015269041061 6.444883838295937 1116.456868901849 217.2187221869826 2075.217401146889 867.2598581239581 944.0145356208086 78.31029284000397 401.4935770183802 1667.741879954934 5.272915378212929 1.859479658305645 0.5121866166591644 0.2041157409548759 0 0 0.2516570389270782 0.1358757615089417 0 0 0.3907642960548401 0.1666884571313858 0 0 0 0 108.8948478400707 6.131317012012005 25.2539826631546 0 0.1571299135684967 2.017792001366615 30.45842307806015 4.159355938434601 3.160277843475342 0 0 0 0 0.9661380648612976 0.1668362319469452 0.7726077362895012 43.76793958991766 5.248319007456303 0.3006348311901093 0.2077308222651482 0.351226381957531 0.2012569904327393 0 0 3.386108562350273 6.758571706712246 23.74283809959888 33.54875065386295 21.50770369917154 25.13562355190516 0.905679889023304 8.492910258471966 0.2194497063755989 46.12300129979849 4.630518108606339 2.662024438381195 0.6334637627005577 0.7396716102957726 0.2033621147274971 0 25.27227953076363 0 0 45.85640143603086 84.505934484303 52.4758126065135 32.88906978815794 3.113335356116295 1.986519247293472 17.45762071013451 0.4425309896469116 16.18796272575855 17.75701068341732 0.6031387522816658 3.161896951496601 4.716311946511269 0.71378443390131 0 1.610402338206768 0 0.4388328492641449 0.0873454362154007 0 0 0.1112755835056305 43.26610915362835 9.774195447564125 0 2.599334761500359 7.521285027265549 0.5648347809910774 5.360856130719185 8.556638680398464 5.853995479643345 3.766322284936905 16.08035685122013 5.042854852974415 4.834407657384872 8.873227722942829 15.48051803559065 4.80404144525528 45.70702120661736 20.27701745182276 23.52332381159067 21.90559515357018 0.4616209343075752 0.4521844387054443 0 0 0 0.1076672077178955 0 0 0.5524882674217224 0 0 0 0 0 0 0 0 0 0 1.29146770387888 0.7750443369150162 0.8858798742294312 0.6485816836357117 0 35.98080338537693 1.488298445940018 13.23743555694818 2.531960412859917 0.7467365264892578 0 0 0 0 0.520198754966259 0.716945081949234 0 0.4217871576547623 0.3242716565728188 0 0.1267792135477066 0 0.4529241025447845 0 0.2843910753726959 0 0.1132610663771629 2.011689901351929 0.664883203804493 1.656978160142899 0.515755295753479 1.424848437309265 18.20199320465326 0.461141012609005 0.1017546653747559 0 0 0 0.1894255131483078 0 0 0 33.6837013810873 0.9482734948396683 0 0 0 1.70646096020937 1.229225941002369 4.749636918306351 0.2908201664686203 0.1775484085083008 0 0 0.2114271521568298 0 0.1722909063100815 0 0 0.09873819351196289 0 0 0 15.24280922114849 8.924029253423214 19.10074771940708 201.9975697100163 4.583778776228428 346.6929494664073 52.63806084543467 52.73950606584549 57.84542952477932 1.953241772949696 28.37439645826817 50.61215423047543 0 4.994582086801529 0.8608023449778557 26.04964998364449 1.213488832116127 0 0.1305025219917297 8.475505992770195 1.372177541255951 83.97340901196003 7.811138369143009
52.9662161692977 127.973937690258 23.89412155747414 670.3850122615695 6.444883838295937 3.840139791369438 47.59353402256966 4.008195027709007 3.147438406944275 867.5875717699528 2.522950261831284 97.69500836730003 64.16633400321007 24.06616304814816 0.146578922867775 0.2389765977859497 0 0 0 0 0 0 0 0 0 0 0 0 0 0 21.51012185961008 0.131282702088356 20.27084584534168 0 0 0.1872548907995224 87.91480752825737 4.79535049200058 8.038063704967499 0 0 0 0 0 0 0.1921362578868866 0.8086191341280937 0.1105347946286201 0 0.1284568905830383 0 1.787636943161488 0 0 0.1168472617864609 0.6666615009307861 82.38185401260853 112.0448666065931 4.687229298055172 0.1145436987280846 0 1.765446990728378 0 0.2915601581335068 0.122377336025238 0 0 0 0 0 130.0402838364244 141.2757665961981 29.72477507591248 1.428950384259224 2.206325486302376 0 0.3590254187583923 0 0 3.82724092900753 0.3383646607398987 2.924633949995041 0.5847442001104355 0.6074088960886002 0.1069970801472664 0.3848453089594841 0.0965149998664856 0.6318339854478836 0.1572376489639282 6.482767410576344 0 0 0 0 0 263.8668539524078 87.95345026254654 23.30981352925301 51.66284817457199 322.4220969825983 0.7450278997421265 6.095357969403267 5.900371134281158 4.122462272644043 2.731450825929642 5.87779313325882 8.414542868733406 3.975858010351658 13.67643536627293 13.88064514100552 0.6469772011041641 14.31133028864861 4.413868427276611 5.128070041537285 1.754905797541142 0 0 0 0 0 0 0 0 0.4654181078076363 0 0 0 0.1232032403349876 0 0.7837785184383392 0 0.1240147426724434 0 0.3895833641290665 0.1832838207483292 0 0 0.3389931619167328 0.1406961381435394 1.684495978057384 0.2524952292442322 1.700450137257576 0.5750015303492546 0.1193380281329155 0 0 0 0 0 0.1529575735330582 0 0 0 0 0 0 0.4828183799982071 0 0 0 0 0 0.2861750647425652 0.1529236286878586 0.7974043339490891 0.2522431313991547 2.352624088525772 0 0 0 0 0 0 0 0.115047961473465 0 4.120960749685764 2.102209344506264 0 0 0 0 0.8438476175069809 0.3884706646203995 0 0 0 0 0 0 0 0 0 0 0 0 0 2.402061335742474 3.295793361961842 3.127315185964108 120.0040376782417 0.2609128057956696 5.147630363702774 2.863065339624882 501.6529743224382 3.780834555625916 0.7854156792163849 0.5821200758218765 33.23482228815556 0 0 0 21.01129525899887 0 0 0.2119214236736298 0 0 151.0601819902658 9.132552340626717
109.9199853911996 1972.832997247577 36.78429700434208 971.2110557928681 1116.456868901849 47.59353402256966 819.7921059578657 18.33595658838749 646.3959176391363 2014.10781595856 374.1436424478889 333.9233946353197 3972.008534014225 1469.708453148603 4.095928892493248 2.08986272662878 0.489716649055481 0.195563793182373 0 0.3606859594583511 0 0 0 0 0.1642843633890152 0 0 0 0 0 112.5966234877706 5.370304554700851 29.90163534134626 0.09440427273511887 0 0.7058362513780594 44.85150900483131 1.433488249778748 2.053187102079391 0.2851861715316772 0 0 0 0.6464462876319885 0.4042993560433388 0.227152980864048 37.87421911209822 4.918316081166267 0.6539657935500145 0.2394439876079559 0.4084191769361496 0 0 0 5.078467674553394 8.18179539591074 35.83017103374004 53.39557994157076 28.1871487647295 15.97890027612448 0.2154672741889954 9.080600209534168 0.16377954185009 28.56438589841127 5.295772656798363 1.939111739397049 0.9079925045371056 1.229858078062534 0.758141428232193 0.08585724979639053 42.55079720914364 0.4317784905433655 0 44.65275859832764 75.84605550765991 33.84541276097298 23.12101242691278 2.650510683655739 0.615348756313324 11.2906039878726 0.4149539917707443 11.93646898120642 16.04607032239437 0.4631205722689629 2.128961056470871 5.610823892056942 1.172408699989319 0.2856491878628731 1.410804271697998 0 0.09529668092727661 0.08100099861621857 0.09702292084693909 0 0.08449860662221909 104.4958610758185 5.947219133377075 0 3.25740173459053 24.08836758881807 1.542869254946709 15.5975349843502 39.38053733855486 18.24382284283638 5.847858026623726 42.07671910524368 20.52109596133232 18.03055804222822 35.49895786494017 54.23971452564001 15.11947643756866 105.7225776538253 50.75393576174974 53.37010455131531 31.51589485257864 0 0 0 0 0 0 0 0 0.6347206383943558 0 0 0 0 0 0 0 0 0 0 4.895570777356625 1.181549057364464 0 0 0.5810742527246475 50.82976458221674 3.118046671152115 18.35645863413811 2.267424613237381 1.973070308566093 0.1423870176076889 0 0.07657658308744431 0 0 0.1557418256998062 0 0 0.5479459092020988 0.1245376914739609 0 0 0.1160754337906837 0 0 0 0 1.314450599253178 1.41993473470211 2.206403128802776 2.358490347862244 2.552244544029236 26.78580421954393 0.6577516347169876 0.09139283001422882 0 0 0 0.1005381047725677 0 0 0 57.85086131840944 0.1316403746604919 0 0 0 2.49059521406889 4.257238484919071 3.785048641264439 2.054178796708584 1.690820179879665 0.424236536026001 0 0.3391261994838715 0 0 0 0.1098238527774811 0 0 0 0 43.93718799948692 9.456351332366467 23.35826794058084 260.8389807865024 5.606364481151104 316.9149783626199 42.12788297235966 172.9468449503183 44.00523022562265 2.499188862740993 21.05352535843849 120.3188953846693 0.2382833808660507 8.48436913639307 4.231704585254192 72.62247801572084 1.40191812813282 1.119129061698914 0.2134665846824646 25.25346708297729 0.1415334492921829 235.6179472580552 24.99545767903328
243.0715754106641 1179.29665132612 3583.596771530807 7.026143044233322 217.2187221869826 4.008195027709007 18.33595658838749 950.6550224646926 94.15511748194695 55.33475108444691 1170.683822624385 5.361079156398773 49.06201990693808 979.8797292783856 23.83931496739388 27.76783554255962 2.372963145375252 0.4758285582065582 0.3999122604727745 4.222886949777603 4.069750584661961 1.813878238201141 1.145899891853333 0.8787329643964767 24.38511445373297 2.898541703820229 3.285100013017654 1.95771586149931 3.555963516235352 0.2483429163694382 1358.566241361201 797.0765440911055 166.8258819207549 17.83203856647015 83.57092192023993 97.73056156933308 67.12025064229965 30.86240387707949 8.106668055057526 2.016804277896881 3.431594058871269 1.472431279718876 1.669460818171501 12.07676535099745 2.613324873149395 10.13669463992119 84.68594139069319 6.065436109900475 1.591331027448177 1.179547160863876 0.5591879040002823 0.2753476798534393 2.520051971077919 1.304707244038582 3.840972930192947 6.099433474242687 24.56370425224304 91.11904311925173 23.98256727308035 40.20410141348839 120.6472621187568 132.9018510431051 38.86201091110706 217.721592888236 4.839079223573208 2.906702607870102 1.022018902003765 1.315694183111191 1.542153991758823 0.7810846418142319 25.83868259191513 0.2959019243717194 0.7501386851072311 69.09173330664635 141.9668094739318 137.4165688306093 153.6291867867112 189.5953499749303 717.1910797059536 1447.958152636886 57.33712965250015 896.6246585249901 21.58292585611343 0.2194935455918312 3.72226083651185 5.05883464217186 2.208987340331078 0.7120084092020988 3.112334094941616 0.1587942391633987 0.4188519790768623 0.3861405253410339 0.2480408251285553 0.7409448847174644 0.7423821613192558 24.74964620918036 8.590557120740414 0 5.321329161524773 111.0359881147742 0.6782938838005066 1.026508301496506 1.471737876534462 0.4744388312101364 0.9075417146086693 1.975418403744698 0.6284473687410355 1.302828937768936 2.067514538764954 0.8193347454071045 0.1306864470243454 5.624154604971409 3.310019604861736 6.02691850066185 3.37088680267334 0 0 0 0 0 0 0 0.38279689848423 0 0 0.1661559194326401 0 0 0.5657738447189331 0 0 0 1.206143990159035 0 1.958840295672417 0 0 0 0 12.17961595952511 0.6588965952396393 5.840641386806965 0.976042278110981 1.369894936680794 0 0 0 0 0.1624643951654434 0.1071688905358315 0 0 0.4194469377398491 0.2096684575080872 0 0 0.5577962324023247 0 0.1753858029842377 0.5114935636520386 0 1.17227740585804 0.2799752056598663 0.3003848493099213 0.251651406288147 0.9641611874103546 4.683458127081394 0 0 0 0 0 0 0.09432912617921829 0 0.1452005058526993 7.343584291636944 0.6510272175073624 0.1448822021484375 0 0 0.3826160728931427 0.4603093564510345 1.116352364420891 0.2282033115625381 0.4034458547830582 0.1248892545700073 0.5662025213241577 0.2135732173919678 0.09093443304300308 0 0.1400567144155502 0 0.08889792114496231 0 0.1994329169392586 0 4.124200060963631 4.495453357696533 8.645825535058975 346.7416252940893 6.648284457623959 486.7048151567578 115.9518057852983 62.52258296310902 55.50287858396769 0.6091264933347702 30.00683404505253 14.02630500495434 0 2.250966764986515 0 5.79050201177597 0.116570919752121 0.2255751639604568 0 18.94443936645985 0 43.29900103062391 1.47288653999567
6.621476799249649 975.0862751081586 395.7275140359998 29.49132793396711 2075.217401146889 3.147438406944275 646.3959176391363 94.15511748194695 264.1001384407282 164.5155682936311 640.5459236204624 11.40683202445507 422.6100164502859 638.8399280682206 2.930653862655163 1.279385358095169 0.3911776691675186 0.08965866267681122 0.09784878045320511 0 0 0 0 0 0 0 0 0 0 0 17.21073630452156 1.012163698673248 44.06087012588978 0.1029187142848969 0 0.3735120594501495 11.10636028647423 0.4279407858848572 0.3875698000192642 0 0 0 0 0.3594717681407928 0.09015243500471115 0.2704165875911713 7.771327704191208 1.160236708819866 0 0 0.1130557060241699 0 0 0 0.589038573205471 1.217481590807438 4.542369320988655 2.883251003921032 4.542474016547203 4.939671732485294 0 3.192285522818565 0.1760257929563522 6.463262923061848 0.5560029074549675 0.3300554379820824 0.3597213476896286 0.2009943798184395 0 0 14.44532955437899 0.3696200847625732 0 6.360892362892628 12.1145958378911 10.21843598037958 7.629344515502453 0.5215216651558876 0.312736451625824 15.8040673583746 0 3.336725138127804 1.348204374313354 0 0.2720113173127174 1.319820113480091 0 0.101693756878376 0.1691415682435036 0 0.09642805904150009 0 0 0 0 16.81596459448338 1.666234716773033 0 1.246305033564568 0.7787016779184341 0 2.711564555764198 3.288946680724621 1.25549341738224 1.124848648905754 17.76243095099926 2.715479016304016 3.384185418486595 5.055762067437172 6.251719832420349 1.273591600358486 16.23460211604834 7.918172277510166 10.0617373213172 5.658951170742512 0.1009633615612984 0 0 0 0 0 0 0 0 0 0 0 0 0 0 0 0 0 0 0.892860472202301 0 0 0 0 13.09140323847532 1.341927170753479 5.903693974018097 0.4251161366701126 0.3554074168205261 0 0 0 0 0 0.3607034683227539 0 0.09259224683046341 0.1988913267850876 0 0 0 0 0 0 0 0 0.08971532434225082 0.3121320307254791 0 0.4941925406455994 1.170667350292206 8.734822735190392 0 0 0 0 0 0 0 0 0 15.22161700576544 0 0 0 0 1.607941180467606 1.304829277098179 0.9811281710863113 0.1271983534097672 0.08625868707895279 0 0 0 0 0 0 0 0 0 0 0 9.380206823348999 3.13499178737402 5.585198745131493 64.92880614846945 1.452591001987457 64.8725106716156 13.96530610322952 8.261069722473621 10.80571450293064 0.1190908551216125 6.113514915108681 15.57120504230261 0.3755078166723251 1.899646461009979 0 8.465404063463211 0.2132755219936371 0 0 3.854273453354836 0 24.93121681362391 2.445085279643536
1434.393118061125 1461.509199216962 151.7508591637015 3714.153501071036 867.2598581239581 867.5875717699528 2014.10781595856 55.33475108444691 164.5155682936311 1804.341829165816 189.1183781176805 1500.04259032011 4700.011291265488 532.5464302226901 2.199104860424995 0.8834546506404877 0 0 0 0.1416414976119995 0 0.5697010159492493 0 0 0 0 0.4579421281814575 0 0 0 111.2968294844031 3.635619103908539 169.8998536467552 0.1862387508153915 0.1142133101820946 0.5763385146856308 572.5156269818544 2.530501753091812 1.693968132138252 0.1548444926738739 0 0 0.07375895977020264 0.2318296581506729 0.2370799779891968 0.2042829990386963 9.692150726914406 2.373861864209175 0 0.1247106045484543 0.09497227519750595 0.2549348473548889 1.540160521864891 0.133004292845726 1.285115636885166 3.277204692363739 51.59530990570784 102.3273062035441 17.38642106205225 8.427083201706409 0.177748017013073 7.51166570186615 0.2252104133367538 7.904723010957241 2.919850625097752 0.9341906160116196 0.2935089617967606 0 0.2305709719657898 0.08178235590457916 306.2381786853075 33.48390658199787 6.241324633359909 20.13547936081886 32.20636092871428 6.936048857867718 4.033275820314884 1.689027413725853 0.1048805564641953 21.40334495157003 0.2232747450470924 8.441827416419983 6.282124325633049 0.1002127081155777 0.5624245777726173 3.09715274721384 0.3759475871920586 0.4246629774570465 0.7037431299686432 0.4960493147373199 0.1972523033618927 0 0.08817442506551743 0 0 545.3128793463111 79.97383369505405 13.03438991308212 24.01009890437126 439.2848612144589 6.879370525479317 62.77518179267645 88.56316537410021 98.6266827583313 13.22361766546965 132.2931432053447 99.32021833956242 53.38985406607389 137.7584924846888 248.0234231203794 16.68215151876211 297.5463180467486 219.7261475250125 153.6772831678391 47.43856292963028 0.129449725151062 1.191668227314949 0.1177286878228188 0 0 0.1476239413022995 0 0 0 0 0 0 0.1687285900115967 0 0.1434845924377441 0 0 0 0 13.75464151054621 2.058422811329365 0 1.356132417917252 0.2558652311563492 67.79518060386181 2.266421809792519 23.92966523766518 3.194619365036488 1.564468383789062 0 0 0 0 0.7549306005239487 1.353714674711227 0 1.015973672270775 1.715117216110229 0 0.1532973945140839 0 0.2699444442987442 0 0.06982801854610443 0.2716107368469238 0.08817917108535767 1.380129598081112 3.52118518948555 9.322392471134663 2.141330197453499 3.53925533592701 32.56671173870564 0.6658267006278038 0 0.2549682259559631 0 0 0 0 0 0 89.06690197438002 1.209855429828167 0 0 0 7.616745293140411 2.650237992405891 8.031479254364967 1.56341191381216 0.8069829940795898 0.2494833469390869 0.8707169890403748 0.3309738114476204 0 0 0 0 0.09797897189855576 0 0.0986427515745163 0 96.22324221581221 12.55916037410498 22.14544258266687 412.3718070685863 2.414791792631149 111.29485014081 16.57342789322138 1001.954186946154 12.51982350647449 1.715258024632931 10.26174978166819 356.3801066949964 0.2453737407922745 9.889184460043907 1.703197672963142 282.4872661679983 0.3593814074993134 5.559879243373871 0.118419773876667 25.24375645816326 0.5802710056304932 1320.008466824889 116.5541850402951
89.14538906514645 2146.495191544294 1801.359162941575 23.45138651132584 944.0145356208086 2.522950261831284 374.1436424478889 1170.683822624385 640.5459236204624 189.1183781176805 680.0073445960879 70.68913717567921 1028.374353729188 2601.99221111834 11.92135237157345 14.88239365816116 0.4920808672904968 0.2328256890177727 0 0.3519400358200073 0.2814595699310303 0.3255885541439056 0.1368061602115631 0 7.715022593736649 0.9672380238771439 0.8228010088205338 0.1765535026788712 0.625508651137352 0 212.1510125026107 74.28461646288633 525.6603261008859 0.5150089263916016 5.169977314770222 23.97873800247908 186.8282816931605 44.53312517702579 19.89058566093445 0.8745965957641602 0.3203556835651398 0.3893948495388031 0 2.431324027478695 0.1263712793588638 2.257075428962708 41.53124394267797 3.319077268242836 0.4518107697367668 0.1719454601407051 0.1042239144444466 0.8201281428337097 0.8230752795934677 0.5544275790452957 2.206519067287445 4.117350794374943 15.44753778725863 25.91673392057419 13.8607440367341 22.23121419548988 1.9160221144557 169.8497275859118 3.686370104551315 48.483378469944 2.565023005008698 1.89670792222023 0.3466813713312149 0.4399410411715508 0.09547187387943268 0 42.81038687378168 0.4095332026481628 0 33.0466899946332 61.51964394003153 63.84184931218624 55.62248712778091 9.98157250136137 48.58572369068861 554.4507540613413 2.016072139143944 158.3491669818759 10.63267450779676 0.1799298375844955 2.028847604990005 3.52094554901123 1.208868280053139 0.4472329020500183 1.202478773891926 0 0 0 0 0.09595414251089096 0.1591337621212006 30.4901834577322 10.38719896972179 0 10.28089605271816 17.79180562496185 0.2462942898273468 1.679853066802025 0.6945229470729828 0.9398482441902161 0.6885674223303795 3.145191676914692 1.092415750026703 2.11191414296627 4.326308965682983 2.870149396359921 0.9920749291777611 15.48255284875631 9.969750851392746 7.882125034928322 5.463740095496178 0.1692443192005157 0.2377230077981949 0 0.3975743651390076 0 0 0 0.4753828346729279 0 0 0 0 0.1304710358381271 0 0 0.2501611709594727 0 0.2437936514616013 0 0.7337347269058228 1.287463530898094 0 0 0 17.50406111031771 1.545603699982166 8.35040607303381 0.1304213255643845 1.872285686433315 0.2051908820867538 0 0 0 0 0.108399510383606 0 0.5150290131568909 0.3903781846165657 0 0 0 0 0 0 0 0 0.4161616265773773 1.065898090600967 0.1206356137990952 0.1582028567790985 1.043024212121964 9.722170449793339 0 0.4954995959997177 0 0 0 0 0 0 0 17.0157398879528 0.2560391128063202 0 0 0 0.9768170416355133 1.028733402490616 1.220111906528473 0.6262609213590622 0.7859000042080879 0.3195990025997162 0 0 0 0 0 0 0 0 0 0 6.110870502889156 4.53644285351038 8.363503657281399 269.3111170008779 5.422715559601784 287.4554389193654 72.21182907372713 30.01699183881283 34.24582309275866 0.5934315621852875 20.73377508670092 14.09941953420639 0 3.436511613428593 0.3690607845783234 6.028507679700851 0.8754109740257263 0 0 12.18106582760811 0 32.31617365777493 2.942815952003002
35.57371129095554 195.221000790596 5.67969337105751 497.4409954845905 78.31029284000397 97.69500836730003 333.9233946353197 5.361079156398773 11.40683202445507 1500.04259032011 70.68913717567921 93.37615886330605 844.3507303521037 209.3733226656914 3.521933019161224 3.320752613246441 0.2234201282262802 0 0.152149885892868 0 0 0.8882340937852859 0 0 0.2669068872928619 0 0.1642117649316788 0 0 0 4.888202860951424 0.4615171402692795 101.2703273594379 0 0.8285572379827499 3.580186583101749 536.5362509787083 14.80174748599529 8.587666213512421 0.7871062085032463 0 0 0 1.063715927302837 0 0.5771434754133224 9.024090275168419 0.4528079032897949 0 0 0 0 0.6515220999717712 0 0.3416033536195755 0.295536994934082 2.661595150828362 3.377044036984444 1.66070506721735 4.139435827732086 0.7927930653095245 7.8761365711689 0 3.466307103633881 0 0.09396342933177948 0.09199460595846176 0 0 0 128.115046903491 1.036979928612709 0.339153990149498 4.318191342055798 4.78543072193861 10.79803915321827 8.906582050025463 3.142320163547993 0.2307562083005905 20.02011296898127 0.6415258124470711 5.339557215571404 0.9511527195572853 0 0.1082013249397278 0.2558916360139847 0 0 0 0.1497986018657684 0 0.07855509221553802 0 0 0 678.8898197561502 26.29885698854923 0 10.90480101853609 23.35149151831865 1.625249490141869 13.17376592755318 27.3828070089221 18.19792204350233 5.494351699948311 52.37704862654209 27.14795706421137 21.07735735923052 39.06474237889051 66.78246576339006 5.494543381035328 138.3474356532097 69.0105901658535 78.00352332741022 32.26226414740086 0.2362236678600311 0 0 0.1243010088801384 0 0 0 0 0 0 0 0 0.3706713169813156 0 0 0 0 0 0 6.362543143332005 2.387772187590599 0 0 0 55.0980229601264 1.910242408514023 13.39147458225489 2.091255389153957 0.4798514693975449 0.2417637705802917 0 0 0 0 0 0.2760792672634125 0.553019292652607 0.5232530534267426 0.1317627727985382 0 0 0 0 0 0 0 1.099754028022289 0.4206244945526123 0.8747304230928421 1.302938759326935 0.706570640206337 21.74558579176664 0.97956433147192 0.1066164597868919 0 0 0 0 0 0.09776993840932846 0 65.55796613544226 0.6305452585220337 0 0 0 3.610070295631886 1.630463682115078 3.230826281011105 1.022018179297447 0.3472922071814537 0.2065555602312088 0 0.5849738344550133 0 0 0 0 0 0 0 0 72.25591425597668 11.8994667455554 12.80234872549772 157.274852514267 0.5926758199930191 54.94095639139414 24.27091778069735 41.4958436563611 9.358909137547016 0 2.409798488020897 79.72963128983974 0 4.621900349855423 0.3655337393283844 52.24974579364061 0.5510445982217789 1.050898551940918 0 2.311782956123352 0 590.6044977158308 39.01621665805578
64.14060964435339 1870.691976748407 38.29416963458061 1270.910983800888 401.4935770183802 64.16633400321007 3972.008534014225 49.06201990693808 422.6100164502859 4700.011291265488 1028.374353729188 844.3507303521037 988.706712782383 3781.350408136845 13.47639692574739 17.44880213588476 0.7792320922017097 0 0 0 0.1193066239356995 0 0 0.1535611003637314 4.825747184455395 0.3850635886192322 0 0 0 0 24.74953261762857 3.314689770340919 394.288870871067 0.1189143136143684 1.521482720971107 6.310940161347389 258.756041392684 20.44198530912399 7.676876835525036 0.9792908281087875 0.3549467623233795 0 0.1145016252994537 4.327449396252632 0.6566660702228546 1.48706716299057 26.55936777591705 1.187530092895031 0.2327011972665787 0 0.07859772443771362 0 0.5440963357686996 0 0.938388928771019 1.47412171214819 9.456181704998016 9.057439588010311 6.732488453388214 16.74491281807423 1.624758303165436 45.5132435336709 1.31745507568121 20.76443744450808 1.130799978971481 0.4660966768860817 0.09571317583322525 0.1764662116765976 0 0 151.220906637609 1.452518969774246 0 14.93087235838175 20.53624214977026 38.83818242698908 31.31385597586632 10.10130921751261 1.669054009020329 64.73471324145794 1.423516497015953 20.23699455708265 4.3814302906394 0.2055670693516731 0.559827908873558 1.527223497629166 0.6148595809936523 0 0.8196545541286469 0.1172055974602699 0.191793404519558 0 0 0 0 680.4089492335916 25.4841883033514 0 12.42274881154299 16.39806379377842 2.947136640548706 17.94098855555058 49.25985417515039 26.59838642179966 11.44323026388884 151.3664946183562 36.43616089224815 31.88789688050747 77.40359712392092 101.2058096453547 15.96517167985439 219.1686333417892 117.6708937138319 115.2496281117201 51.65889544039965 0.6180232763290405 0.5673973858356476 0.2462126389145851 0.2179593294858932 0 0 0 0 0.1396067142486572 0 0 0 0 0 0.1252748370170593 0.116211324930191 0 0 0 10.48724509775639 5.60874705016613 0 1.847957968711853 0.1307534277439117 92.04715409874916 5.420061804354191 23.58819851279259 3.849309615790844 1.800558917224407 0.4310122728347778 0 0.1002335995435715 0.09080589562654495 0.7457197830080986 1.595335811376572 0 1.114054501056671 1.610690318048 0 0 0 0 0 0.1162808313965797 0.07519862800836563 0.08501245826482773 1.560843370854855 1.738639660179615 3.148433722555637 1.406416080892086 4.571877300739288 44.01435580104589 0.5112919136881828 0.4374666586518288 0.0866621807217598 0 0 0 0 0 0.1778407841920853 119.9216108247638 1.100632503628731 0.1759696006774902 0 0 9.548580795526505 2.635677427053452 6.393122263252735 1.510451972484589 1.004649698734283 0.9593164548277855 0.2348707318305969 0.2180730849504471 0 0 0 0 0 0 0 0 105.1118030101061 20.59968950599432 33.91833159327507 490.0209736526012 2.961370512843132 211.9058592244983 94.09501119703054 53.88103828579187 23.64326613396406 0.2990008443593979 13.29254246503115 142.1137876361609 0 6.445517048239708 1.862091913819313 87.55483572930098 0.7773027941584587 0 0.5000102072954178 41.3260594829917 1.084842443466187 451.0190770551562 46.61494708061218
