201.2973042652011 2427.533577553928 505.7534150779247 1379.284031882882 47.59555467218161 73.1642332226038 523.827947691083 78.37667904049158 31.05185914039612 1173.632685504854 229.6058408021927 86.3614306896925 85.89009167253971 129.8984999656677 7.340839467942715 0.243582621216774 1.347258314490318 0.217226505279541 0.0884464755654335 0 0 0 0 0.3590656295418739 0 0.2806452214717865 0.9915134161710739 0.1261390596628189 0 0 414.5441494956613 0.1012171357870102 3.57348694652319 0 0.09176788479089737 0 0.9761927649378777 0 0 0 0 0 0.1040670275688171 0.1038534268736839 0 0.09941798448562622 60.82273788750172 3.813312903046608 0.5174619629979134 0 0.7663800120353699 0 0 0.2077422440052032 14.76818054169416 27.56189504265785 112.3573421984911 420.1278506964445 35.08139721304178 44.64696475863457 0.08958189934492111 0 0 11.80233984440565 12.46243771165609 8.300296224653721 3.779945336282253 1.544534541666508 0 0.2420851290225983 2.288046047091484 0 0.2249885052442551 131.5766933858395 15.71236718446016 49.938840508461 0.9300553351640701 0 0.3116947710514069 42.13540475815535 0 0.367324486374855 20.242097645998 0 4.822449989616871 10.27341140061617 0.4531631320714951 0.5736571177840233 4.037090107798576 0.09509490430355072 0.3617719262838364 0.1075480505824089 0 0 0 76.73984286189079 0.2390909343957901 0 0 913.445079818368 0 0 0.1939011961221695 0.3287705481052399 0.2609596252441406 7.958576500415802 0.3801109790802002 2.54175191372633 0 0.8105808049440384 0.09798423200845718 2.97504485398531 0.9621411114931107 2.433386482298374 0.965746596455574 0 0 0 0 0 0 0 0 0 0 0 0 0 0 0 0 0 0.9963314235210419 0 0 0 0 0 0 1.254454359412193 0 0.2125116586685181 0 0 0 0 0 0 0 0.3992367386817932 0 0 0 0 0 0 0 0 0.09517718106508255 0 0 0 0 0 0 0 1.023470059037209 0.1955422759056091 0 0.1379467248916626 0 0 0 0 0 0 2.15016358345747 0 0 0 0 0.8839825391769409 0 0.6794596612453461 0 0 0 0 0 0 0 0 0 0.07807014882564545 0 0 0 0.2098574861884117 0.145854189991951 0.4932654649019241 226.7416075095534 10.35966251045465 208.2830011621118 18.80054999142885 433.1338704004884 8.215918518602848 4.870265834033489 4.951075591146946 14.28377387672663 0.3001928105950356 0 0.1519337594509125 12.09183706343174 0 0 0 2.419524103403091 0 63.36431380361319 1.02681940048933
2427.533577553928 1778.877525120974 673.4041554704309 358.6165817901492 935.9037389084697 100.4796232655644 1597.913921549916 345.1759931147099 784.9289259910583 1301.191148713231 1607.295168325305 118.5403572693467 748.1474860608578 1297.690429076552 32.70055671036243 0.7597795203328133 7.912887550890446 0.4315414875745773 0.1711871922016144 0.1053161174058914 0.6386690139770508 0 0.4803514704108238 1.436344131827354 0.6140787228941917 0.3107383474707603 0.8925152570009232 0.2484036311507225 0.121624693274498 0.1143780946731567 1070.848632261157 4.060325719416142 14.96183210611343 0.2749768495559692 0.1961748078465462 0 1.472505949437618 0.119139239192009 0 0.09091257303953171 0.2139953821897507 0.8382329046726227 0.3560611978173256 0.1961991190910339 0.4376023411750793 0.09500201046466827 273.3385103270411 17.17443489283323 2.367861330509186 0.2988368794322014 4.613095715641975 0.4351938590407372 0 0.3631952553987503 23.58319972455502 55.47879935801029 120.9727596715093 489.2378247752786 59.64400774985552 130.5873585566878 0.3904948383569717 1.286988586187363 0.1214073002338409 82.1839681789279 35.29916875809431 28.03430859744549 7.406164333224297 4.967719420790672 0.4950947389006615 0.8765186816453934 1.009104982018471 0 0 259.9996155947447 103.6410519555211 234.4023056924343 14.80316580832005 1.789320610463619 0.8614374995231628 145.3318016752601 0.1089261397719383 2.671720966696739 47.77613415569067 0.3017356470227242 14.36128847301006 32.40394094586372 1.464695021510124 0.6319449543952942 11.26378851383924 0.8718791976571083 0.9422882869839668 0.4160906225442886 0.09900280088186264 0.3837392926216125 0.6539731547236443 11.67223686724901 0.4982667714357376 0 0 747.4651640430093 1.712293267250061 2.207507058978081 2.189091816544533 1.242145672440529 2.191406100988388 17.89649724215269 5.009415507316589 19.51405417174101 1.908009558916092 8.022064544260502 3.343364618718624 33.67729385197163 11.45488829910755 23.20615693926811 11.90044256299734 0.2730917632579803 1.726485967636108 0 0 0 0 0 0 0 0 0 0 0 0 0 0 0 0.5372438430786133 0 0.3990817219018936 0.2291560769081116 0 1.278682291507721 0 16.51254581660032 0.5415267944335938 4.996832802891731 0.1011787354946136 0 0 0 0 0 0 1.096364349126816 0 0 0.08493419736623764 0 0 0.1265679001808167 0 0 0 0.09488890320062637 0.09272003173828125 0.4434083998203278 0.8506188988685608 0 0 0.5804727077484131 5.341024532914162 0 0 0 0.194506362080574 0 0 0.2206261605024338 0 0 22.71217612177134 0 0 0 0.1583224534988403 5.063474662601948 0 4.026088446378708 0.8794877082109451 1.381739288568497 0 0.1588014960289001 0 0 0.08698920160531998 0 0.1180503070354462 0 0.09186637401580811 0 0 6.361228778958321 4.088670335710049 2.523404084146023 679.652575828135 38.51828986406326 661.2093931660056 80.49085868895054 517.7350938841701 61.22985453158617 2.155935905873775 46.10055466741323 33.49107678979635 0.3207507207989693 0.8832376003265381 0 29.84213279187679 0.1765926480293274 0 0 6.113789163529873 0 99.03483304381371 18.96782801300287
505.7534150779247 673.4041554704309 828.9619727879763 12.90893452614546 272.5121296048164 11.94154992699623 178.6073592975736 4440.403879374266 432.2361638844013 38.03004420548677 2954.671555541456 4.973845452070236 263.6417887732387 1125.836338080466 22.74269585311413 6.761735305190086 5.834799751639366 0.4695395976305008 0.3210143819451332 1.250965930521488 6.24675665050745 0 6.363462902605534 6.748113088309765 11.69717593491077 5.171285703778267 9.697240322828293 4.287622660398483 1.089992180466652 1.946577988564968 3308.981093429029 309.1679718419909 122.4695199653506 0 8.36519780009985 7.818474419414997 8.802363358438015 10.68396183848381 1.528975643217564 1.896549016237259 19.17544486373663 14.32978544384241 1.222290173172951 1.418090254068375 0.5157144889235497 0.8750011175870895 91.26129416376352 6.624867729842663 1.710954293608665 1.00110524892807 4.171165987849236 0.7912847772240639 0.28682641685009 3.116030372679234 15.9930833876133 45.29992900416255 202.7969986200333 1135.570889018476 62.19442265480757 55.33990114927292 19.9482639580965 52.9297334253788 3.920018218457699 148.2604914903641 22.08399486541748 13.36170067638159 5.268486961722374 2.372556924819946 9.282191656529903 29.02856424450874 4.293852746486664 0.4368654564023018 0 224.190709784627 68.41541557759047 128.4491421505809 18.04079894721508 4.886394612491131 92.49266549944878 1169.193103015423 7.441814728081226 177.0517437756062 23.35113020986319 0.08833611011505127 9.237925134599209 17.34155812859535 1.942579351365566 0.2283775433897972 6.121300920844078 0.7091752216219902 0.6995178163051605 0.7430786043405533 15.4078840687871 7.900860004127026 2.065388135612011 3.982662551105022 1.51669317483902 0 0.7989791482686996 419.7858355119824 0 0.365182489156723 0 0 0 3.203531958162785 1.405658602714539 4.700291693210602 0 0.3442679867148399 0.8572351187467575 4.308646574616432 1.791880838572979 3.561939649283886 2.343142583966255 0.1128249913454056 0 0 0 0 0 0 0 0 0 0.4793489351868629 0.1037841439247131 0.150787428021431 0 0 0.148397371172905 0 0.6359179690480232 0 0 0 0 0 0.1310429871082306 5.759937189519405 0.457723543047905 3.189855441451073 0.4637658149003983 0.09314445406198502 0.1351376324892044 0 0 0 0 0.329878643155098 0 0 0 0 0 0.1579436361789703 0.2085588648915291 0.3875478282570839 0.08636198192834854 0 0 0 0 0 0 0.257810190320015 2.621616400778294 0 0 0 0 0 0 0.2057961747050285 0 0 7.434243842959404 0 0 0.09427497535943985 0.4706468880176544 1.210143074393272 0.1458794772624969 0.8711919337511063 0.1262212842702866 0.4293466210365295 0 0 0 0 0.1833648830652237 0 0 0 0 0 0.3190340846776962 1.42139383405447 1.380842261016369 0.8941256478428841 200.9160563871264 19.22864811867476 278.3468055129051 35.81084848940372 161.1123138442636 14.72082907706499 2.48718536645174 15.99250537902117 5.723642647266388 0 0.3044849187135696 0.09005177766084671 1.952165827155113 0 0.08645788580179214 0 1.799725368618965 0 40.57501395046711 1.45934871584177
1379.284031882882 358.6165817901492 12.90893452614546 397.5386360436678 132.5386313349009 379.4247291386127 2860.660676062107 1.873470835387707 265.8493886813521 2498.219214305282 10.60919324308634 449.8652879521251 1425.248391166329 295.2486775964499 2.868816673755646 0 0 0 0 0 0 0 0 0.143308699131012 0 0 0 0 0 0 15.75437230616808 0 0.1527754068374634 0 0.141470268368721 0 0 0.1006637513637543 0.2025288790464401 0 0.1557916849851608 0.5300575792789459 0 0 0 0 29.62453285604715 1.233648866415024 0.1113598793745041 0.1054011955857277 0.8016054779291153 0 0 0 4.429593332111835 8.508030347526073 25.6961086243391 76.15786393731833 13.2483905851841 16.91134954988956 0 0.2306361421942711 0.103745274245739 6.483800001442432 5.060807354748249 3.533248521387577 1.236436687409878 0 0.09385766834020615 0 0.613151416182518 0.7258251309394836 0 42.44842383265495 8.415902160108089 21.91557935625315 0.4657904580235481 0.1070567965507507 0 1.480682700872421 0 0.07980898767709732 7.11094456166029 0.1150575131177902 1.774533860385418 4.539440289139748 0.07644913345575333 0.2423909232020378 1.554521113634109 0.09777047485113144 0.139752671122551 0 0 0 0 40.72600317001343 0 0 0 579.1456886976957 0.3878989219665527 7.586307615041733 57.9884215220809 12.64120142161846 0.1247479245066643 61.55813033133745 3.396118327975273 13.30783034861088 5.063572019338608 4.835181325674057 1.077220000326633 21.11836223304272 2.856434911489487 7.090575568377972 3.653862230479717 0 0 0 0 0.08641868084669113 0 0 0 0 0 0 0 0 0 0 0 0 0.2179606407880783 0 1.661737442016602 0.1201202794909477 0 0 0 3.419731304049492 0 1.241912744939327 0.5307619944214821 0 0 0 0 0 0 0 0 0.2896856889128685 0.4807025417685509 0 0 0 0 0 0 0 0.2271367236971855 0.2873088866472244 0.5300667956471443 0.09971340000629425 0 0.3783552795648575 0.5993239060044289 0 0.1680858284235001 0.1790364384651184 0 0 0 0 0 0 4.771776311099529 0 0 0 0 1.755396597087383 0.09780336916446686 0.8856131136417389 0.733500137925148 0.5216554701328278 0 0.2914404794573784 0 0 0 0 0 0 0 0 0 1.857908390462399 0.4425767436623573 0.188529945909977 126.3445575013757 4.364210471510887 94.02985759824514 9.88906766474247 440.9980561137199 7.510551661252975 0.381712831556797 1.846671208739281 18.76366821676493 0.1323076337575912 1.142109908163548 0.08926654607057571 7.99978207051754 0 0 0 0.3735751509666443 0 73.09782944619656 8.559909857809544
47.59555467218161 935.9037389084697 272.5121296048164 132.5386313349009 443.0664221867919 35.99758923053741 928.8068400025368 161.3222318440676 2772.650190539658 1666.730874948204 1626.970977313817 415.1839708685875 693.0277954787016 450.9549776539207 18.41943471878767 0.8371721804141998 2.615630336105824 0.08294741064310074 0.1228870376944542 0 0.08921658992767334 0 0.2366103306412697 0.486429326236248 0.5505133271217346 0.1106194704771042 0 0.3604866340756416 0.1049152016639709 0.09719234704971313 65.14624934643507 2.451640397310257 22.26538724452257 0 0 0.1446587592363358 6.920903339982033 1.046154871582985 0 0.1327158510684967 0 0.6419561132788658 0 0.4753623753786087 0.1483443975448608 0 142.4549941197038 4.020777605473995 2.428678549826145 0.1524805873632431 1.472138896584511 0.1096935048699379 0 0.5022825747728348 5.746912457048893 9.387596398591995 17.40396753698587 47.24110347777605 13.60621452331543 36.91851874440908 0.2790630310773849 1.072884738445282 0 35.75118274986744 6.813923627138138 5.048852793872356 1.55028872936964 1.047120437026024 0 0.3813874274492264 0.7660995423793793 0.3152282238006592 0 54.93588832765818 41.17989398539066 93.971953086555 14.48468457907438 0.07949204742908478 0.198072224855423 15.53879281878471 0 2.983108595013618 10.54952082037926 0 4.880272008478642 6.229805178940296 0.3254347518086433 0 2.245099157094955 0 0.2016210034489632 0.6204499751329422 0 0 0.2525359690189362 11.48232299089432 1.630834460258484 0 0.1030566319823265 9.981639795005322 0.4592790901660919 6.155554324388504 7.875136598944664 2.21893186122179 4.205663084983826 39.20288333296776 7.995920062065125 54.08737712353468 2.742331057786942 21.77160046249628 7.129771120846272 75.72402938455343 24.54667460173368 58.70833472162485 42.40958169847727 0.1542273312807083 0.1002144664525986 0 0 0 0 0 0 0 0 0 0 0 0 0 0 0 0 0 3.265555962920189 1.870085090398788 0 0.7274942994117737 0 52.82475139200687 4.561759002506733 16.14137821644545 0.8825123459100723 0.6101805567741394 0 0 0 0 0 0 0 0.6167739629745483 1.349515058100224 0 0 0.1306918561458588 0 0 0 0 0 0.1303727477788925 1.275410018861294 0 1.102667778730392 0.4607996344566345 20.5321137458086 0 0.2214299589395523 0 0 0.09302469342947006 0 0 0 0 66.50458682328463 0 0 0 0.1606056988239288 15.29840608686209 1.910559736192226 12.81766303628683 2.435745097696781 1.748281568288803 0.1401358768343925 0 0.8866218626499176 0 0 0 0 0 0.2492320239543915 0.3181096613407135 0 16.84621988236904 11.03850951045752 6.047895148396492 592.6512465775013 14.17366673052311 292.04428499192 50.01695849001408 52.07536891102791 50.75244341790676 1.567909583449364 36.44567479938269 76.15126790851355 0.8051012009382248 1.542343340814114 0.2224591672420502 67.02152373641729 0 0 0.4659306704998016 4.14820285141468 0 71.54547157883644 45.83142319321632
73.1642332226038 100.4796232655644 11.94154992699623 379.4247291386127 35.99758923053741 13.4722164273262 98.20962283015251 3.023137748241425 21.4952587634325 1043.102115638554 6.539305321872234 214.310307353735 197.7865251526237 42.74771995842457 4.69646792113781 3.137071289122105 0.9500933364033699 0 0 0 0 0.4627502858638763 0 0.1464763432741165 0 0 0.3384112864732742 0 0.1193313300609589 0 16.81836365163326 0.09830784052610397 65.80715667456388 0 0 0.4011872112751007 58.69152661412954 2.814974382519722 0.6910411491990089 1.485284119844437 0 0 0 0 0 0 2.148076064884663 0 0 0 2.267859771847725 5.377802185714245 0.08827485144138336 0.1158688589930534 0.128897950053215 1.31476666033268 24.28895983099937 29.47669248282909 4.320420354604721 0.7480640560388565 0 2.235039502382278 0.1437129527330399 3.217301569879055 0.4018819332122803 0.7139693796634674 2.38182870298624 0.4948969632387161 0.2680457979440689 0 182.9024225920439 91.82738007605076 9.703750446438789 2.608936533331871 0.7846117168664932 2.732770420610905 1.358617275953293 0.5813532546162605 0 7.551667958498001 0 0.4389477744698524 0.5319566652178764 2.691887065768242 0.1904231756925583 4.407276950776577 0.6161591857671738 4.971996039152145 5.412699207663536 7.734464958310127 1.883167579770088 1.697312615811825 0 0.2725005149841309 0.2503049373626709 586.0317738652229 72.50182140618563 1.56776450574398 7.12130031734705 218.6736703589559 0.07936336845159531 0.5126261115074158 0.2923063933849335 0.2188735008239746 0 1.272715702652931 0 0.4854554831981659 0 1.256041258573532 0.166958212852478 0.5201846286654472 0.2149571850895882 0.4274221733212471 0.4921948313713074 0 0.1647587418556213 0 0 0 0 0 0 0 0 0 0 0 0 0 0 0 0 0 0 0 0 0.1912335902452469 0 1.922291770577431 0.4495324194431305 0.7146602943539619 0.3925565257668495 0.1923671960830688 0 0 0 0 0 0 0 0 0 0 0 0 0 0 0 0 0 0 0 0 0.2885396480560303 0 1.189100921154022 0 0 0 0 0.09983021765947342 0.1534942835569382 0 0 0 1.811548478901386 0 0.3170710802078247 0 0 0.1414824724197388 0 0.481897346675396 0.1747886091470718 0.5729492604732513 0 0 0 0 0 0 0 0.5201507955789566 0.1206505969166756 0 0 0.7272452339529991 1.973370097577572 1.28080091625452 36.26873340457678 6.140407875180244 9.885411359369755 2.596023641526699 162.1284546107054 0.7004014551639557 0.373378150165081 1.662229441106319 2.212457798421383 0.1899784207344055 0.8804208636283875 0 0.5651326179504395 0 0 0 0.3446043133735657 0 13.25989496707916 1.784271776676178
523.827947691083 1597.913921549916 178.6073592975736 2860.660676062107 928.8068400025368 98.20962283015251 159.5225108861923 7.221122622489929 622.0852482616901 2305.666751392186 243.5048502013087 372.1175523996353 4381.356903262436 3062.211790829897 16.50335215032101 0.7943580076098442 4.46211139112711 0 0.1184182614088058 0.1993342787027359 0.3110028132796288 0 0.3676130920648575 0.1275885850191116 0.09255023300647736 0.09615088254213333 0.1605537384748459 0 0.1133208721876144 0 64.66708486527205 1.562767304480076 14.60570936650038 0 0.3423288613557816 0.3595021292567253 4.57306444644928 0.2376320958137512 0.0870097354054451 0.3286165669560432 0 0.3945193290710449 0 0.09704914689064026 0.1123110949993134 0 137.0782596096396 6.51094163954258 1.585933104157448 0 1.488628327846527 0.09713862836360931 0 0 11.40845059603453 25.91890450567007 39.06153052300215 110.5970131605864 25.3965952694416 50.23488286137581 0.278296560049057 0.7822282090783119 0.1048471257090569 32.09266244620085 15.88711320608854 11.72258930653334 3.065008997917175 1.295150682330132 0.221219964325428 0.185520626604557 1.239062324166298 0 0 101.7433969378471 42.43162105977535 111.6781448945403 9.892832249403 0.6537183374166489 0.08667732775211334 5.913519382476807 0.08443302661180496 1.92422691732645 20.32060216367245 0.1116586923599243 7.37340834736824 12.66778739541769 0.9603252112865448 0.2094819024205208 4.843604795634747 0 0.6607498973608017 0 0.1702972054481506 0 0.4640963226556778 14.804642111063 0.7994773983955383 0 0.1050310134887695 146.2898737639189 0.2415409833192825 7.335121601819992 4.293161273002625 2.435328371822834 3.091280236840248 30.79187130182981 10.81134382635355 49.54067475348711 1.770764373242855 18.3795827627182 4.642063282430172 71.8693293184042 18.54075572639704 49.27086124569178 25.40570077300072 0.07877587527036667 0.1769822686910629 0 0.1024247109889984 0 0 0 0 0 0 0.2032417804002762 0 0.6333279311656952 0 0 0 0.1998933106660843 0 0 1.914732053875923 1.418055675923824 0 0 0 30.84397099912167 1.108708724379539 11.64078237861395 2.556305587291718 0.7368022799491882 0 0 0 0 0 0 0 0.3716834783554077 0.6342214047908783 0 0.2047957181930542 0 0 0.1600599139928818 0.1222056150436401 0 0.2743724212050438 0.1595351696014404 0.3286560028791428 0.1394632011651993 0.7021709680557251 1.73336561024189 10.93625397980213 0 0 0.2588224709033966 0.07761666178703308 0 0 0 0 0 45.86672884970903 0 0 0.09305050224065781 0 11.99195418506861 0 7.025472708046436 0.6980075910687447 1.329812690615654 0.1783096492290497 0 0 0 0.1017653867602348 0 0 0 0 0 0 13.39852198958397 6.667013749480247 5.043407097458839 503.6831842064857 15.89520198106766 354.3698449060321 48.0918045938015 306.7853441536427 39.19318356364965 0.8021583929657936 30.33085246384144 54.2470712736249 0.1070642843842506 1.552189737558365 0.5690665915608406 42.89815769344568 0 0 0 11.42478847503662 0 132.5054481998086 46.32674379646778
78.37667904049158 345.1759931147099 4440.403879374266 1.873470835387707 161.3222318440676 3.023137748241425 7.221122622489929 1372.48371193558 89.22080865502357 3.490900322794914 1937.326524525881 11.43086142838001 217.2448111996055 792.0859020873904 72.55714131146669 14.46615479886532 7.116147086024284 0.6051415279507637 0.3329786583781242 0.8140731826424599 7.179512031376362 1.308372005820274 3.193227261304855 6.812264516949654 15.20557060837746 6.275274470448494 12.46532142162323 6.779567591845989 1.808985747396946 3.273375704884529 1393.304180927575 495.3482958450913 286.997692771256 0.2641659155488014 8.251633740961552 14.69999851286411 43.76531039178371 26.94973661005497 6.517298310995102 3.564262218773365 22.29031368345022 17.41603781282902 1.319614000618458 3.656231813132763 1.129907727241516 1.102458976209164 219.4571994617581 6.04274458438158 1.899533338844776 2.606801226735115 4.37667253613472 2.258449405431747 1.222514808177948 4.473516508936882 5.949872508645058 13.54877333343029 44.3051228299737 184.4864901676774 18.49264454096556 53.80516985803843 34.67480079829693 167.760056629777 7.989602766931057 192.0830056220293 10.72519268840551 8.263512961566448 3.546120174229145 1.6350427120924 7.995521932840347 23.83749548345804 24.3956546112895 2.624773003160954 0 89.59512227028608 111.3201127648354 225.1351637393236 114.5678528025746 28.87238025665283 597.3656671866775 3746.348699301481 8.116660535335541 782.7316975295544 13.88484350591898 0 6.5930130854249 7.939195841550827 1.563843116164207 0.4851519539952278 3.090256318449974 0.1234134510159492 0 1.29304151237011 14.57048830389977 9.343009568750858 4.098539955914021 15.11228617280722 1.629393845796585 0 2.995555572211742 38.40946917980909 0 0 0.3303755670785904 0 0 1.640983387827873 0.408003568649292 4.015686497092247 0 1.430958740413189 0.3948466181755066 4.4739900380373 1.289825260639191 2.868767805397511 4.390812493860722 0 0 0 0 0 0 0.4380716979503632 0.1388745009899139 0 0.4153910577297211 0 0 0 0 0 0.4290307462215424 0 0.1893926858901978 0 0.07067310065031052 0 0.1222238168120384 0.2810404002666473 0 7.032898999750614 0.6717143058776855 3.136233307421207 0.3897537291049957 0.1016916036605835 0.7274054139852524 0.09943359345197678 0 0 0 0.2785782814025879 0 0 0 0 0 0.104473777115345 0.6487742885947227 1.165139071643353 0 0 0 0 0 0 1.010631114244461 0.1214819177985191 2.734572768211365 0 0 0 0 0 0 0.09122441709041595 0 0.2887531369924545 8.985332287847996 0 0 0.3130064755678177 0.3781161308288574 2.617026120424271 0.3522472530603409 3.620590455830097 0 0.349763035774231 0 0 0.08053148537874222 0 0 0 0 0 0 0.1523307114839554 0 1.569076523184776 2.298088893294334 1.567252181470394 480.1745853945613 19.99598877131939 388.7650520205498 73.01224180310965 39.96517736464739 52.18017248809338 0.833603709936142 32.21589121967554 6.287875592708588 0.6368203163146973 0.3699717223644257 0 3.943866014480591 0 0 0 11.02168803662062 0.5592682361602783 14.92465378344059 3.099513955414295
31.05185914039612 784.9289259910583 432.2361638844013 265.8493886813521 2772.650190539658 21.4952587634325 622.0852482616901 89.22080865502357 457.7049261555076 1020.451474256814 1860.050686180592 204.1621837764978 363.7523466795683 592.5989624410868 8.84876125305891 0.5669196546077728 1.654747799038887 0 0 0 0.09849995374679565 0 0 0 0 0 0 0 0.1733347475528717 0.100612498819828 15.82534213364124 0.1238531246781349 20.42603012174368 0.09388674795627594 0.1569715738296509 0 7.321220964193344 1.393144845962524 0 0.0727057009935379 0 0 0 0 0 0 48.63281563669443 2.014701403677464 0.2352174296975136 0.09982652962207794 0.2301600351929665 0.1249392256140709 0 0 1.342456802725792 2.312789686024189 4.460639581084251 11.86936835944653 4.651868917047977 12.99427634477615 0.381617546081543 1.38932678848505 0 6.251372188329697 1.860625356435776 2.226032413542271 0.4854699969291687 0.3832602277398109 0 0.1062411963939667 1.964105151593685 0 0 14.01342506706715 11.71071641892195 30.12625874578953 7.298768803477287 1.042994052171707 0.134493499994278 7.123115234076977 0 2.183212094008923 4.307410061359406 0 1.178158648312092 1.645847171545029 0.104375809431076 0.09555231034755707 1.0009630843997 0 0.237773984670639 0 0.1100880578160286 0 0.1434284150600433 19.58742616325617 0 0 1.603217214345932 8.842790722846985 0.7518694400787354 7.571091696619987 6.172770209610462 2.76341912150383 4.664114341139793 38.14981418848038 10.87703634798527 59.15605115145445 2.714967995882034 21.12152381241322 9.199298530817032 89.81841298937798 24.5249492675066 66.99586582928896 45.1619912609458 0.0809968113899231 0 0 0 0 0 0 0 0 0 0 0 0.3137784600257874 0 0 0 0 0.1316438913345337 0 1.101314082741737 0.8511649519205093 0 1.313854955136776 0 57.2336333617568 0.9629720970988274 13.99760776013136 0.7786642462015152 0.416544497013092 0 0.1586473137140274 0 0 0 0.8812463283538818 0 0.7654419243335724 0.584664024412632 0 0 0.1046253219246864 0 0 0 0 0 0.7865801230072975 0.6366640329360962 0 2.749453663825989 1.417706847190857 19.60714734345675 0 0 0.3229829668998718 0 0 0 0.09283110499382019 0 0 67.85872328281403 0.1464095860719681 0 0.1279233992099762 0 15.0398807823658 0.1256493330001831 8.732569128274918 1.789898321032524 1.386837288737297 0.3999694287776947 0.2663652971386909 0.1113050878047943 0 0 0 0 0 0 0.1686334758996964 0 20.87506633251905 13.13019092381001 7.742539554834366 397.9778008684516 7.153166927397251 120.4661433249712 26.28797193616629 41.84422687441111 29.49586857110262 0.2613271176815033 15.47206370532513 71.68899185210466 0.6657751798629761 2.645069405436516 0.7956729456782341 39.33841863274574 0 0.4766993522644043 0 2.183545038104057 0.2936504334211349 102.5233139172196 60.25322934985161
1173.632685504854 1301.191148713231 38.03004420548677 2498.219214305282 1666.730874948204 1043.102115638554 2305.666751392186 3.490900322794914 1020.451474256814 1989.067491441965 33.12299965322018 1318.46572176367 6955.746379427612 335.6917795315385 9.205969579517841 0.4659051150083542 2.414671763777733 0 0 0 0.1077929586172104 0 0 0.09473101049661636 0.2203386798501015 0 0 0.1443118751049042 0 0 18.48908394575119 0.2295879349112511 22.34501557052135 0.09431327879428864 0.1153649687767029 0 19.37903303653002 0.493927076458931 0.1230129599571228 0 0 0.1274147778749466 0 0 0.09368645399808884 0 69.00537006556988 2.212623380124569 1.061259463429451 0.2191954478621483 1.099053382873535 0.6191051602363586 0 0 5.191490672528744 11.36958216875792 37.42896401137114 66.63827736675739 15.97794232517481 26.45277487486601 0.1042523607611656 1.219132244586945 0.1024354174733162 9.665939226746559 7.264038942754269 5.172730505466461 1.782333120703697 0.4954473525285721 0.9160240888595581 0.2198397591710091 18.50702882558107 3.212516248226166 0.08344913274049759 53.14917255192995 15.37965212762356 45.72856914252043 4.857045330107212 0.5204614400863647 0.2188045009970665 7.651057541370392 0.1066257804632187 0.7237931340932846 10.75686101615429 0.2962333858013153 2.767242550849915 5.342081278562546 0.1241786777973175 0.07746293395757675 2.428514741361141 0 0 0.1183218136429787 0.2394945323467255 0.1412336975336075 0 105.8517054840922 8.35117606818676 0 0.09378199279308319 652.5071204379201 0.1935829669237137 16.12473437190056 36.47857980430126 8.030444577336311 6.592776395380497 90.83144727349281 27.87473584711552 91.22164355963469 20.12124877423048 48.1705472022295 10.2144361063838 148.7407300844789 46.81068184971809 88.85333570837975 47.90001033246517 0 0.1102806255221367 0 0 0 0 0 0 0 0 0 0.09571155160665512 0 0 0 0 0 0 0 5.449181191623211 1.953824073076248 0 0 0 50.88417914509773 4.47868475317955 17.45908636599779 1.823591470718384 0.5169427394866943 0 0 0 0 0 1.09933865070343 0 2.051656253635883 0.2496060132980347 0 0 0 0 0 0.2624583691358566 0.07648439705371857 0.2250859588384628 0.6530461385846138 0.9027954787015915 0.7586162239313126 0 0 25.13881848007441 1.234344139695168 0.231159970164299 0 0 0 0 0 0 0 74.90190079808235 0 0 0 0 18.88380362838507 0.5228218287229538 10.15141283720732 2.662127919495106 1.664275176823139 0.5435498058795929 0.2129067033529282 0.1918336525559425 0 0 0 0 0 0 0 0 22.20199999213219 9.028051398694515 4.450972363352776 694.6752879917622 9.563354916870594 182.8344683796167 29.00071408599615 1312.152623474598 24.23378759622574 1.956359848380089 19.59664940088987 137.6188236698508 0.132057249546051 3.84867936372757 2.267802253365517 117.2902798429132 0.1040466651320457 0 0.07749725878238678 12.36988118290901 0 653.806166626513 133.9495444074273
229.6058408021927 1607.295168325305 2954.671555541456 10.60919324308634 1626.970977313817 6.539305321872234 243.5048502013087 1937.326524525881 1860.050686180592 33.12299965322018 1910.309253692627 265.8636287599802 379.1225504428148 959.8980827331543 37.96609886735678 7.71139345318079 4.69540024548769 0.0796869620680809 0 0.3423509895801544 0.1185279488563538 0 0.21208605915308 0.169622614979744 2.036772400140762 0.4817573055624962 2.22802496701479 1.229505345225334 0.3202833384275436 0 472.2262979224324 31.27742499858141 112.5214150696993 0 0.7060708478093147 2.964072071015835 25.67087302356958 2.899924002587795 2.795875959098339 0.4899400770664215 0.7731020078063011 1.829538471996784 0 1.979313857853413 0.101358562707901 0 122.0227919444442 5.715871632099152 1.033611722290516 1.160344615578651 1.302518486976624 1.347380101680756 0.6679359972476959 0.9981853365898132 3.476450003683567 9.485269300639629 23.86397178471088 85.89939421415329 12.0956789329648 31.04104520380497 1.939491473138332 73.07121338695288 0 40.14605306833982 6.629646308720112 4.718515373766422 2.339278176426888 1.425748489797115 0.3216852992773056 1.289370812475681 17.4674748852849 0.7677603513002396 0 50.13853557407856 50.93762817978859 123.0536808371544 41.58389414101839 10.36611892282963 80.80110438168049 344.0700200274587 0.2752399370074272 51.10355217009783 8.830461174249649 0.07649687677621841 4.155858606100082 3.576448902487755 1.321631580591202 0.2139769792556763 2.077984221279621 0 0.4585925936698914 0.2120514810085297 1.972992576658726 1.094823740422726 0.9084488898515701 12.88668176531792 1.102779768407345 0 0.8668118640780449 58.91717976331711 0.0851585641503334 1.219590499997139 1.124096684157848 0.5363952368497849 1.008023478090763 7.519184224307537 0.6454457938671112 8.502348192036152 0.9369789287447929 2.005957268178463 1.603769563138485 18.5166204944253 6.138601720333099 16.13997184485197 12.14946654438972 0 0 0 0 0 0 0 0 0 0 0.2541260719299316 0 0.1018886566162109 0 0 0 0.1352433413267136 0 0 0 0.6733724176883698 0 0 0 15.86890415102243 1.286491997539997 4.154215231537819 0.7109736055135727 0.4016548842191696 0 0 0 0 0 0 0 0.7545455396175385 0.3705838024616241 0 0.4036112129688263 0 0 0 0 0 0 0 0.8165303096175194 0.1083918958902359 0 0.7975313663482666 6.514537237584591 0 0 0 0.08935737609863281 0 0 0.09467135369777679 0.1097794398665428 0 18.82016797363758 0 0 0.1371351629495621 0 5.086828544735909 0 3.997286155819893 0.38844183832407 0.2817420363426208 0 0 0.08676336705684662 0 0 0 0 0 0 0 0 6.883522018790245 4.082853049039841 3.907826490700245 439.9807675033808 14.37170999497175 241.519520252943 49.30050204694271 38.62011056393385 36.42165841162205 1.588114514946938 22.59042480587959 15.11597762256861 0 1.664085373282433 0.6406697034835815 6.013462834060192 0.1588145941495895 0.2254781424999237 0 4.98372695595026 0.6165517568588257 20.99955972284079 8.387691378593445
86.3614306896925 118.5403572693467 4.973845452070236 449.8652879521251 415.1839708685875 214.310307353735 372.1175523996353 11.43086142838001 204.1621837764978 1318.46572176367 265.8636287599802 46.62838017195463 2304.580750316381 1366.154050186276 6.867050461471081 1.823832623660564 0.961233027279377 0 0.1160436049103737 0 0 4.833587795495987 0 0 2.122462496161461 0 0 0.8494043350219727 0.9362319856882095 0 0.8699452579021454 0.3599042594432831 98.04221635311842 0.1196489110589027 0.1173655316233635 1.286313146352768 815.6399303153157 42.92055078595877 10.48901857435703 11.94871644675732 0.2122903615236282 3.531476154923439 0.3471076488494873 0 0 0 8.604226611554623 0.1029559448361397 0.1826921105384827 0.3376182615756989 0.904693067073822 6.386599078774452 1.584302850067616 2.353651732206345 0.1586093157529831 0.5243602097034454 1.486186042428017 2.743482492864132 0.2988457903265953 2.208700627088547 0 7.763982400298119 0 2.573596388101578 0.1708256006240845 0.2918292135000229 0.74918532371521 0.3001919537782669 0.1311457306146622 0 71.41473408788443 21.36867992579937 1.426153287291527 2.248806141316891 1.675224661827087 7.693107672035694 3.106457695364952 0.9549963250756264 0 75.34380379319191 0 1.010510839521885 0.5135236755013466 0.4926646649837494 0 0.8403646573424339 0.522490382194519 0.675939105451107 1.872240751981735 1.65079240500927 1.318736135959625 2.035857319831848 2.257983833551407 3.080544024705887 2.341145396232605 695.2515341639519 55.9013719111681 0.1834349781274796 11.02720490843058 64.14906589686871 0.9025991857051849 6.660195842385292 7.208016164600849 19.46450690180063 2.660366043448448 32.51672144979239 12.71759951114655 48.12184051424265 21.9822144433856 28.9781815931201 7.284946024417877 87.85860105603933 81.39074025303125 76.66391440480947 44.14818716794252 0.2398221641778946 0.1003718823194504 0.2184108793735504 0 0.09956429898738861 0 0 0 0.07941561192274094 0 0.6371878087520599 0.2995110154151917 0.6056623458862305 0 0.1192503124475479 0 0 0.8843927681446075 0 3.309002868831158 1.489225991070271 0 1.316834181547165 0.1461117416620255 77.5241040289402 5.33323884755373 20.01324981451035 3.123314842581749 1.210079848766327 0 0.3387844562530518 0.1385915577411652 0.1162142306566238 0 2.545596584677696 0 0.3076355308294296 0 0 0 0 0.7889695316553116 0.1985519826412201 0 0.2044131010770798 0.3342519104480743 0.7195174172520638 0.08625435829162598 0.1078662276268005 0.9585483372211456 1.034040860831738 27.20280653238297 0.2907116189599037 0.2009847909212112 0 0 0.1498076319694519 0 0 0 0 113.1668888553977 0.3308892697095871 0 0 0.1807864308357239 18.45206281542778 1.764482237398624 11.23847129195929 1.350282363593578 0.8226049244403839 0.2224880084395409 0.5558396354317665 0.1279450803995132 0 0.1764572858810425 0 0 0.3286243379116058 0.0793704017996788 0.2039892077445984 0 32.04985695332289 29.89215148240328 20.30569858103991 232.9532466158271 7.019478335976601 30.96788749098778 10.57623191922903 247.1501578390598 4.678111419081688 0.1214704066514969 4.046044081449509 33.49790982156992 0.287271611392498 4.311430253088474 1.643003329634666 32.41905343532562 0.7023498043417931 0 0 1.062119215726852 0 423.6648062169552 97.61246780306101
85.89009167253971 748.1474860608578 263.6417887732387 1425.248391166329 693.0277954787016 197.7865251526237 4381.356903262436 217.2448111996055 363.7523466795683 6955.746379427612 379.1225504428148 2304.580750316381 1372.119551829994 1136.209909528494 47.20708890259266 10.24774387478828 4.091954059898853 0 0.6143432334065437 0 0 4.917376577854156 0 0.3839520215988159 1.324915640056133 0.2870392799377441 0.694308876991272 3.628716394305229 0.4620410799980164 0.1390625238418579 28.38454453647137 1.552567966282368 214.3072357326746 0.2603469267487526 0 2.299970872700214 101.8848378881812 31.77667345106602 9.726293928921223 12.98534848541021 0.7725541740655899 4.964758232235909 0 1.217848874628544 0.2629631534218788 0.08213166147470474 81.92488464713097 0.5616289004683495 1.235575295984745 0.4355403706431389 2.552024528384209 7.245926149189472 2.41105143725872 2.87001658976078 0.7579792365431786 2.752209231257439 9.988108746707439 19.76965235173702 5.590227477252483 15.28991694003344 0.2910867631435394 7.639800064265728 0 17.22384563088417 1.737035490572453 2.285294122993946 0.9101229310035706 1.109189592301846 0.7630986422300339 0 112.1671116277575 20.4907609000802 0.6804150938987732 21.10678655654192 21.74915447086096 72.76180247217417 32.25924553722143 8.71375335752964 0.768348753452301 91.53294521570206 0.3165409564971924 2.27081935107708 3.348439730703831 0 0.5924307703971863 2.383072100579739 0.6659170091152191 0 1.135979026556015 0.8676004260778427 0.8890781030058861 3.158386424183846 5.258665919303894 4.049981787800789 5.160031259059906 1273.497882187366 34.28729411959648 0.4024226367473602 12.55901289731264 83.27536565065384 2.917500123381615 21.04117322713137 25.60544852912426 19.614864975214 16.8313770070672 155.6006434857845 49.28371629118919 233.1030391976237 89.56717201322317 98.34992692619562 21.9174554720521 375.2441701814532 95.36924793571234 231.7060245648026 133.3896889314055 0.9282702207565308 0 0.2067756503820419 0 0 0.1954310536384583 0 0 0 0.1908169388771057 0.6093017309904099 0 1.768799215555191 0.2419663518667221 0.7326103746891022 0 0.3822377026081085 0.3409368544816971 0 7.448033101856709 4.00778216868639 0 0.8654231950640678 0 190.5213164538145 12.71578641235828 51.50777641683817 7.200194343924522 1.237961545586586 0.5839540958404541 0.1656084805727005 0.4326112121343613 0 0 0.4867904335260391 0 1.70019943267107 3.290744058787823 0 0 0.4517053812742233 1.721998371183872 0.40452791005373 0 0 0.1556878238916397 0.8214482143521309 3.177132204174995 0.7360046654939651 0.5343384742736816 3.005366198718548 66.2541017010808 1.964155919849873 0.5794843435287476 0.2112118452787399 0.132169634103775 0 0.2542071267962456 0.1025896742939949 0 0 276.1263026595116 0.4272532165050507 0.3758073151111603 0 0.7223146855831146 51.88194681704044 1.709518529474735 35.53369111567736 3.409215092658997 3.631609827280045 3.104023732244968 0.3108043968677521 0.168145440518856 0 0 0 0.2452396750450134 0.2597765997052193 0 0.4877678379416466 0 88.42388448119164 52.86715611070395 37.67829432338476 1140.63931144774 23.13920694589615 232.5076088011265 66.01505541801453 346.569360293448 52.43404993414879 0 33.27306645363569 194.7658224329352 0.5924916714429855 9.971424095332623 2.660277396440506 154.0009339004755 0.4552469775080681 0 0 23.08861066401005 0.1554895043373108 1072.847320593894 332.1011786460876
