144.2224702462554 1902.82325001061 426.1500728055835 897.7589460760355 27.24740539491177 49.18017175793648 461.0406745970249 150.1068543121219 2.685304097831249 588.6336174085736 115.111720725894 46.22756173461676 44.27323305606842 106.8234004825354 3.630828261375427 2.765853129327297 0.4290397316217422 0.4066997691988945 0 0.3462982848286629 0.6037036031484604 0 0.1427026093006134 0.5747559070587158 0.3423075675964355 1.242470368742943 0 0.2495769858360291 0 0 951.9498589709401 6.207353681325912 82.63730960339308 0.1123384460806847 0.08069051802158356 3.302926406264305 32.48556096106768 17.00786478072405 2.929495073854923 1.233958877623081 2.29707396030426 0.9108798801898956 0.7596945315599442 1.192744180560112 0 1.473102107644081 30.13231564313173 2.125721983611584 0.2514446750283241 1.880761444568634 0.1260070949792862 0.7530708611011505 1.23134171962738 0 6.766412474215031 6.964695855975151 402.319867067039 1041.887746870518 48.24081914871931 31.72348990291357 3.74144946038723 7.336831107735634 0.3668009042739868 34.10972140729427 3.126209765672684 2.127111345529556 0.6967744305729866 0.2996121346950531 3.496828407049179 1.952188685536385 53.20670799911022 10.25940781831741 0.7108300775289536 174.9483382403851 79.9668028652668 32.81770709902048 8.269815281033516 4.964616470038891 13.33023845404387 96.80147398263216 3.081334248185158 9.406229831278324 29.83631213754416 0.4833786711096764 2.506609112024307 2.381767906248569 1.398225739598274 0.114118792116642 0.8398545905947685 0.6184079796075821 0.1584130376577377 0.1721931993961334 5.760041035711765 1.998601660132408 0.8393622785806656 544.2275752425194 223.3336919248104 0.5643841028213501 5.914161957800388 900.4331642463803 1.973927557468414 1.383387237787247 4.942864537239075 0.9447874575853348 5.471452079713345 5.99479366093874 1.312469869852066 2.891711175441742 15.56588945537806 13.94851505756378 5.508284829556942 6.612705498933792 23.42091882973909 3.798778295516968 4.102507561445236 0 0 0 0.09676464647054672 0 0 0 0.09921198338270187 0.3117533624172211 0 0 0 0 0.4328142404556274 0 0 0.2122587412595749 0 0 3.894134759902954 2.754364483058453 0.1251900196075439 0.1023054867982864 0.4886147081851959 3.707972384989262 0 3.037717901170254 0.2598633766174316 0 0 0 0 0 0 0 0 0 0.09509701281785965 0 0 0.1087949499487877 0.9630599245429039 0 0 0 0 0.2426062673330307 1.535748638212681 0 0 1.321227788925171 4.44137666374445 0.8884681612253189 0 0 0 0 0 0 0 0.1605635732412338 4.899028748273849 1.362505987286568 0 0 0 4.656940877437592 0.9982295036315918 4.648325070738792 0.09073366969823837 0.1601004302501678 0.2387362867593765 0 0 0 0 0 0 0 0 0 0 4.457260340452194 3.061476841568947 4.226736329495907 434.4882979020476 12.67847777158022 105.7528236582875 17.7224430590868 918.8513807952404 14.51557839661837 1.727307006716728 16.45568330585957 7.973474867641926 0 1.615332275629044 0.3008323311805725 29.27199645340443 0 0 0.1345450580120087 43.89106738567352 0.1260258555412292 540.2728724628687 19.14135927706957
1902.82325001061 2216.726543068886 1166.589904561639 716.0531204342842 1579.127348937094 77.05657503008842 3725.14778830111 878.1986593231559 1016.122472316027 1738.830489724874 1971.962093807757 618.22125505656 1349.14776429534 2373.789887309074 24.25330695509911 8.999746471643448 2.701825529336929 0.7320533767342567 1.262263223528862 2.104212798178196 2.340059414505959 0.140837699174881 0.7348060309886932 1.063761346042156 1.275433383882046 2.152479939162731 0.8990339115262032 0.1125873774290085 0.6047104746103287 0.2536606341600418 3260.187458194792 41.98442275822163 450.0745894834399 0.2297611087560654 0.5257684960961342 6.115656644105911 121.2451593875885 41.44498980790377 11.47761654853821 2.661476150155067 4.70521441847086 2.411189138889313 4.366771973669529 4.200452081859112 0.7281284257769585 3.889414362609386 166.3863547891378 7.583092339336872 1.634478949010372 6.048110947012901 0.917416624724865 0 0.6844120919704437 0.4297919943928719 10.78294612467289 9.141586385667324 133.0558941289783 776.0431653186679 58.96259854733944 143.3541730940342 13.64390613883734 29.63764071464539 1.184839613735676 185.8598848208785 5.780837431550026 5.980054005980492 1.153306305408478 3.114964328706264 9.338742397725582 6.65340930223465 125.3467068299651 5.45585622638464 0.1392277628183365 404.1211140826344 284.4217778816819 250.1587949767709 67.14429018646479 33.62825890630484 53.9222299605608 324.4057667255402 17.31218495965004 31.181216776371 47.37457522004843 0.6477104052901268 8.191144838929176 4.076261401176453 8.451823227107525 0 0.8166919052600861 0 0.8527724891901016 0.1072341501712799 15.19530419260263 3.764693312346935 0.8100381791591644 75.9177218824625 8.830271400511265 0 6.359904251992702 436.5783987566829 3.055221885442734 3.020974449813366 10.2800415083766 1.469193510711193 20.59557820856571 15.24104958027601 3.026929423213005 10.55967883765697 33.90804113447666 21.31336732208729 14.36478878557682 18.21345594525337 43.05487105995417 18.18984839320183 16.4803039804101 0.3188134208321571 0.2399405986070633 0 0.3940990269184113 0.1899796724319458 0.07931371778249741 0 0.1349244564771652 0 0 0 0.09807931631803513 0.4703879207372665 0.6166418567299843 0.9434109553694725 0 1.241615235805511 0 0 16.41661521792412 8.839568078517914 0.09339814633131027 0.3730749785900116 0 10.90486430376768 0.2058356553316116 14.00555099546909 1.99189481139183 0.3569784983992577 0 0 0.1010953634977341 0 0.1585523635149002 0.3173898458480835 0 1.215106666088104 1.685287684202194 0 0 0 1.642259255051613 0.1052733659744263 0 0.1755338311195374 0 1.527442820370197 5.949211686849594 0 0 2.698895245790482 22.90266647934914 3.649249829351902 0.6968831419944763 0 0 0 0 0 0 0.175493523478508 22.62806683033705 2.380413189530373 0 0 0.2180865108966827 16.87757610529661 5.304490499198437 14.49240063875914 1.126278720796108 1.40179654955864 0.4279598593711853 0.3091749846935272 0.7507841289043427 0 0 0.08715046942234039 0 0.07782655954360962 0.1132118552923203 0.1197750046849251 0 11.66509617865086 18.55566933006048 10.6379911378026 575.5844285190105 26.17504917830229 399.9654489159584 83.87297127395868 417.9201653003693 37.96415044367313 1.687628827989101 142.9429820924997 17.77179757505655 0.2859296202659607 9.057776264846325 1.136540733277798 33.52521201968193 0.1247580274939537 0 0.8568372279405594 58.67510755360126 1.806942090392113 276.6307702586055 34.69563504308462
426.1500728055835 1166.589904561639 1126.622299566865 79.93443339318037 595.986847281456 7.336695656180382 162.2125336676836 2500.82600286603 1355.658715769649 57.82367621362209 3225.06757927686 46.34612330794334 188.2873442694545 2130.358404241502 13.99429076164961 9.82464586943388 1.366726137697697 4.193644449114799 0.8436108380556107 9.08289773017168 4.792662099003792 0.2801990360021591 3.037572465837002 0.5948793441057205 1.560037076473236 2.353951029479504 0.4223925694823265 0.3611547499895096 0 0.09136981517076492 2017.759836047888 142.2487345337868 726.1995548307896 2.191916570067406 1.094370476901531 10.67376212775707 179.9388114437461 94.72659796476364 17.09602409601212 4.311356857419014 10.84034051001072 5.629829384386539 14.44494965672493 6.04781699180603 1.151961177587509 8.119715802371502 41.45502820611 2.521371990442276 1.582643166184425 12.9789978787303 3.817320957779884 0.5404094085097313 0.1511393636465073 1.222826458513737 0.7339460402727127 0.7570023685693741 12.85002864897251 136.6513097435236 6.963795483112335 24.17249400913715 50.20129675418139 69.38468147814274 2.800289452075958 117.804471090436 0.4765069410204887 3.647990375757217 0.3019022047519684 5.941471248865128 32.57956656813622 26.24996606260538 143.7538457289338 9.015307180583477 0 39.30210368335247 58.85125427693129 60.21085102111101 29.18915013223886 57.05418095737696 199.2970513179898 1098.611497022212 56.19728589057922 135.4423115924001 4.428385622799397 0 3.257002800703049 0.4102518633008003 11.59207994490862 0 0.4087381809949875 0 0.2328698858618736 0.09963261336088181 40.84214431792498 9.60589849203825 1.461995787918568 47.73531141877174 17.74031679332256 0.1023867800831795 9.550760664045811 41.10714303702116 2.921537436544895 1.212525062263012 6.154911749064922 0.7184413820505142 9.767849579453468 3.988603353500366 1.110684871673584 4.652740657329559 12.42265535891056 9.750040180981159 8.076894678175449 7.791602648794651 15.58905178308487 7.851365424692631 6.879000164568424 0.8072700873017311 0.5475343689322472 0 0 0.1122894808650017 0 0 0.3326821327209473 0.09718992561101913 0 0 0.154530867934227 0.6104245632886887 0 0.1126532331109047 0.5245118737220764 0.367418609559536 0.1735969185829163 0 8.537065111100674 4.261762551963329 0.6668175458908081 0.5850401073694229 0 6.260975562036037 1.974843218922615 14.06586779654026 3.561579033732414 0.4121356979012489 0 0.1415307372808456 0.1721238046884537 0.4225606620311737 0 0.3665301203727722 0 0.8416806980967522 2.307727888226509 0 0 0.4476739764213562 1.196121670305729 0.0968506932258606 0 0 0 0.5397825166583061 7.698172263801098 0 0.1083876118063927 1.404821842908859 18.04834539443254 2.605509892106056 0.776980847120285 0.1126349568367004 0 0 0 0.10167396068573 0 0.2452305853366852 19.87221993505955 3.7972377166152 0 0.1243272423744202 0.2411922141909599 10.70948144048452 7.43857116997242 11.84395803511143 0.6679236963391304 1.012813717126846 0.6554867923259735 1.836223587393761 1.188109390437603 0.08740290999412537 0 0 0 0 0.2019948586821556 0.1125935092568398 0 10.30892815440893 27.32319940626621 12.01404145359993 185.9316643327475 6.252396509051323 86.64019779115915 35.8090251609683 50.73061552643776 4.358666248619556 0.4068446904420853 34.70878783613443 6.255371756851673 0.2983871400356293 6.571778930723667 1.297373719513416 12.23760580271482 0.5916645377874374 0 0 8.860461987555027 1.029778823256493 114.1785853728652 25.47537772357464
897.7589460760355 716.0531204342842 79.93443339318037 411.0168308615685 4.860185943543911 247.6121052652597 943.6913620904088 6.555348545312881 2.656921438872814 2165.642645545304 14.67086610943079 502.3619208782911 291.8462741971016 81.64037476480007 1.546549938619137 0.4730815291404724 0.3367610052227974 0.2860724851489067 0.0927170142531395 0.1439031958580017 0 0 0 0 0 0.1043553128838539 0 0.08558985590934753 0 0 367.2829833701253 4.515479482710361 24.15515869110823 0 0 0.5574129223823547 8.99318490177393 1.045437686145306 0.2992223650217056 0.1011990830302238 0 0 0 0.5015581101179123 0.08546482026576996 0.1823447570204735 23.30752828717232 1.853154301643372 0.09764517843723297 0.1601666733622551 0.2169567495584488 0 0 0 3.230802416801453 4.589872218668461 60.90352403372526 331.4005053341389 23.64338985085487 28.62864670157433 0.7601196244359016 1.821657985448837 0 36.38592617213726 1.891665302217007 1.64287157356739 0.2895103543996811 0.7781630605459213 0.4060637354850769 0.2172552943229675 14.5887997969985 2.798361867666245 0 111.849727332592 58.40796713531017 28.66394197940826 6.27529015392065 1.746329411864281 1.02819798886776 4.750052452087402 0.4915450885891914 1.736169427633286 15.62319249659777 0.3039010539650917 1.802899122238159 1.765109337866306 0.5427729561924934 0.1335017383098602 0.3891598209738731 0 0 0 0.5782856196165085 0.11368577927351 0.109162725508213 74.7400189936161 15.41025710105896 0 1.209817260503769 184.0603319257498 0.1967854350805283 0.8445332050323486 5.629615128040314 0 3.258933782577515 2.381546162068844 0.6428552567958832 1.501371845602989 8.271341167390347 5.377665311098099 5.467148035764694 4.957732439041138 25.28245475143194 5.315133236348629 3.407922342419624 0 0 0 0.1635018885135651 0 0 0 0 0 0 0 0 0 0 0 0 0 0 0 1.970479726791382 2.196334540843964 0 0 0 0.9881594926118851 0 3.36125248670578 0.3248027563095093 0 0 0 0 0 0 0 0 0.2706946134567261 0.3128009289503098 0 0 0 0 0 0 0 0 0 0.6432815045118332 0 0 0 2.555117249488831 0 0 0 0 0 0 0 0 0 5.512732274830341 0.1381670385599136 0 0 0 3.497171357274055 0.740454375743866 3.029484316706657 0.1299552470445633 0 0.2655023634433746 0 0 0 0 0 0 0.07384242117404938 0 0.088079534471035 0 3.630461931228638 4.500143133103848 1.048569723963737 216.003021620214 4.513715051114559 79.38802234083414 15.06968524307013 556.486827082932 7.869334310293198 0.7981669530272484 16.32066801935434 4.705017030239105 0 4.484346225857735 2.347041308879852 16.88031432032585 0.3889550268650055 0 0 1.092047713696957 0 235.2312884703279 8.312367916107178
27.24740539491177 1579.127348937094 595.986847281456 4.860185943543911 2716.372425079346 1.694070473313332 1863.55886990577 199.4336292296648 2379.204437695444 326.6988287568092 1934.939609065652 88.9817878305912 1073.313066236675 2949.746836841106 6.428516179323196 1.246254995465279 0.8087990283966064 0.1029848232865334 0.100734755396843 0.8709293305873871 0.5191963613033295 0 0.1451197415590286 0.1227483227849007 0.2751981168985367 0 0.1763906925916672 0 0 0 136.4020579382777 7.090024873614311 35.33461141586304 0.2357710748910904 0 0.1554460972547531 10.27059988677502 2.846497543156147 0.997131384909153 0.5727512016892433 0.5668929442763329 0.4108452275395393 1.453257381916046 1.074980564415455 0.1207891702651978 0.7554897964000702 46.77299413084984 2.067047014832497 0.3686071038246155 3.004284419119358 0.1042538359761238 0 0 0 1.293893493711948 1.578577376902103 7.70604569464922 36.8088056370616 6.596925757825375 35.74508189409971 3.608338303864002 2.857638321816921 0 35.76509423553944 0.7445794641971588 1.611491128802299 0.4711990877985954 0.195325993001461 2.042837664484978 1.183561459183693 16.53203576058149 0.788266509771347 0 60.62449990212917 48.11298563331366 66.45737563073635 22.91278371959925 9.547289125621319 4.706160254776478 28.95582209527493 4.624439127743244 4.644545011222363 8.282422751188278 0.1052825972437859 1.621211461722851 0.1641067489981651 1.470054991543293 0 0.08337452262639999 0 0.195574015378952 0 1.691388390958309 0.2476339042186737 0.0892079621553421 19.11150442808867 0.3330627158284187 0 0.7259845361113548 2.555724710226059 0.8964883759617805 0.803431048989296 5.159470997750759 0.9894217178225517 10.81183902919292 2.881096996366978 1.237343937158585 4.572517812252045 12.25671122968197 8.839681051671505 6.856269657611847 6.780451394617558 17.68247482925653 7.22748826444149 7.5174720287323 0 0.4890652000904083 0 0 0 0 0 0 0 0 0 0 0.1144344732165337 0 0 0 0 0 0 5.888483323156834 2.856149293482304 0 0.1192459166049957 0 3.647446110844612 0.665069580078125 4.68041905015707 0.8685050010681152 0.6659590378403664 0 0.1053355634212494 0 0 0.4591091275215149 0 0 0.3605283498764038 0.128502294421196 0 0 0 0.6828651577234268 0 0 0.2897131741046906 0 0.09265872091054916 3.408246599137783 0 0 0 9.0713991522789 1.626079693436623 0 0 0 0 0 0 0 0 7.81955574452877 0.799246534705162 0 0 0 5.289179310202599 1.348083913326263 4.405876569449902 0.6404846757650375 0.2125063389539719 0 0.4164663404226303 0.09576580673456192 0 0 0 0 0 0 0 0 3.845688208937645 4.894467681646347 4.251861266791821 157.8007315769792 6.582354605197906 99.24192003905773 24.59867617487907 20.06602865457535 7.379486218094826 0.1536060273647308 45.72639213502407 5.614986896514893 0 1.679546609520912 0.6350494623184204 6.87122717499733 0.2137272208929062 0 0.4235033392906189 9.245697416365147 0.8843535631895065 66.65839918702841 12.56827748566866
49.18017175793648 77.05657503008842 7.336695656180382 247.6121052652597 1.694070473313332 1.827061980962753 77.74573034793139 1.242822512984276 1.774808011949062 337.1659209951758 1.080162361264229 33.05151911824942 33.52815423905849 11.90387247502804 0 0.1305454075336456 0.1529176235198975 0 0 0 0 1.701914444565773 0 0 0 0 0 0 0 0 42.57484991103411 0.6432556435465813 11.03236621618271 0 0 0.5317126512527466 9.803884826600552 3.792530342936516 6.874528825283051 0.5752295851707458 0 0.2876686155796051 0 0.5570845901966095 0 0.3015815317630768 0.5658641383051872 0 0 0 0.1216778084635735 12.89825311303139 6.710232645273209 0.2848371267318726 0.1175071746110916 0.6235236898064613 22.5705511868 8.454047381877899 0.5914324373006821 0.6361460909247398 0 1.856437057256699 0 0.5535567998886108 0.1047865524888039 0.09297007322311401 0.5442660078406334 0 0.1051433980464935 0 91.51325309276581 447.7341437786818 6.358337536454201 1.14282114058733 0.7761444598436356 0.5356970652937889 0.09350284188985825 0.148704007267952 0.6359133124351501 1.455143496394157 0 1.775800615549088 0.2474741861224174 1.02337608486414 0.1037769913673401 2.136268265545368 0 6.755419537425041 6.191307783126831 12.70793785154819 3.966375395655632 5.994998559355736 0 0.1406636387109756 2.730183318257332 203.6460117399693 413.1740946173668 79.3422739058733 31.13208249211311 63.68818408250809 0 0 1.478219255805016 0 0.3113147765398026 0.7974072694778442 2.029114007949829 0.1349583715200424 2.14007842540741 3.252058193087578 0.3849361687898636 0.4085130840539932 3.80064594745636 0.1570970118045807 0.9732795357704163 0 0 0.1391988694667816 0.1251911967992783 0.130125105381012 0 0 0.7730635777115822 0 0 0.1265829056501389 0.113233670592308 0 0.6718957796692848 0 0.4336649477481842 0.2353218048810959 1.279143616557121 0 0 0.2122224569320679 0 0 0 0.6213192939758301 0 1.953169241547585 0.7365166023373604 0 0.4220475554466248 0 0 0 0 0.2016536742448807 0 0 0.3681215345859528 0 0 0 2.870200350880623 0 0.112363688647747 0 0 0.08311653137207031 0 0.1769222915172577 0 0 0.4127445667982101 0 0 0 0.1449834853410721 0 0 0 0.1307631433010101 0 0.2352485060691833 6.01160255074501 0 0 0 0.1755686402320862 0 0 0 0 0.08619120717048645 0 0 0 0 0.1129286214709282 0 0 0 0.1753296256065369 0.256173700094223 0.7638966888189316 0.5219750851392746 0.4548371508717537 42.33971635997295 0.2714287638664246 2.125497043132782 0.2278162240982056 26.96424528211355 0 0 0 1.201636031270027 0 0.1371271014213562 0 3.977367997169495 0 0 0 0.1819447726011276 0 55.75543940067291 8.775442406535149
461.0406745970249 3725.14778830111 162.2125336676836 943.6913620904088 1863.55886990577 77.74573034793139 1436.166470661759 32.56580391526222 1334.183283440769 2232.480102367699 961.7865155935287 558.2273818850517 5055.462084084749 4237.481301218271 18.56933471560478 5.427899591624737 1.679930932819843 1.117932617664337 0.2898507565259933 1.328482270240784 0.3531879410147667 0.1456392109394073 0.3950923830270767 0.4351719319820404 0.4986307770013809 0.504371851682663 0.2054630890488625 0.131581723690033 0 0.3050816059112549 446.9196400940418 23.43601161241531 66.87610964477062 0 0.1111589595675468 1.45189905911684 44.49003680795431 11.09281238168478 3.822826899588108 1.077757574617863 1.039588436484337 0.7574466243386269 2.188583575189114 2.723118774592876 0.5550393238663673 2.888492561876774 128.3355745375156 5.333962865173817 0.9262669757008553 4.225978285074234 0.7744017243385315 0.2072543203830719 0.1742682233452797 0.3226631954312325 4.417351737618446 5.342106401920319 48.88318014889956 224.9562986269593 30.34114366024733 107.5122406333685 9.77908243983984 8.943421453237534 0.5509714707732201 118.7270034700632 3.296158768236637 3.269543640315533 0.776296429336071 0.6560089811682701 4.133059807121754 2.881505861878395 79.85804484784603 2.364315092563629 0.0895807147026062 220.9643241986632 162.5765109732747 180.347953826189 56.47404043376446 21.88604786992073 8.640684090554714 6.093631446361542 9.954356715083122 13.62061854451895 30.87160632759333 0.4463585168123245 4.631921283900738 2.334250912070274 2.071166463196278 0.3022602126002312 0.860572338104248 0 0.4249970614910126 0 4.25505231320858 0.8400132954120636 0.4439547508955002 69.32539727538824 5.200013242661953 0 3.434246219694614 24.12425428628922 13.77578136324883 18.17935507744551 262.1499714404345 195.3390539288521 47.80350717157125 140.9792964607477 86.73887660354376 43.33796901255846 145.5645048543811 244.6532646045089 27.92702425271273 69.42642956227064 87.07065627723932 31.42084877938032 21.97486080229282 0.09822417795658112 0.3482358753681183 0 0 0 0 0 0.1035248562693596 0.178973913192749 0.1066258028149605 0 0 0.1861970722675323 0.1141331046819687 0.2891750633716583 0.8563687354326248 0 0 0.8702815398573875 47.06624644249678 12.59875281900167 0.9292775988578796 3.161048963665962 1.033783778548241 12.48922675102949 0.9307564944028854 15.76049410551786 5.019594572484493 0.8974282890558243 0.1381713002920151 0.1781509220600128 0 0.08930215984582901 0.237763524055481 0.3224537223577499 0 3.059930585324764 3.256177164614201 0 0 0 1.129178233444691 0 0.08226187527179718 0.4671671912074089 0 6.591531351208687 31.39254996180534 0.3509306088089943 0.1053906455636024 1.441304259002209 30.36242070794106 9.966738626360893 0.4051612913608551 0.3539505302906036 0 0 0 0 0 0 29.80892339348793 4.368766129016876 0.1118622794747353 0.09297262877225876 0 18.66072404384613 2.454042859375477 18.44477713853121 3.051613159477711 4.380825541913509 2.436404198408127 1.82341706007719 0.6676992923021317 0.1050924062728882 0 0 0.1142627447843552 0 0 0.1533395051956177 0 21.19414828717709 16.32682313024998 12.09194396436214 515.2328604012728 18.3588335365057 302.458125911653 77.90124795585871 191.5658685788512 23.77002567052841 0.9766231328248978 134.9538895562291 25.99440947920084 0.3633488789200783 34.47707970440388 10.07042937725782 61.33306462317705 4.943324886262417 0.2048383355140686 4.009659461677074 38.25844655185938 2.983147010207176 323.7620396763086 54.84186118096113
150.1068543121219 878.1986593231559 2500.82600286603 6.555348545312881 199.4336292296648 1.242822512984276 32.56580391526222 822.7020614668727 170.6416624039412 6.931362085044384 3090.063508458436 11.23994465917349 90.67319835722446 2494.210209853947 11.29226873070002 7.064379423856735 1.637596346437931 3.651054129004478 1.230056039988995 13.50069781392813 19.08189965039492 0.1390732675790787 3.250784814357758 3.927597381174564 1.57417244464159 4.589223809540272 0.3799927532672882 0.9149076342582703 0 0.1258691251277924 624.1503984704614 601.4216315820813 1066.797235168517 1.711198396980762 0.8617297187447548 14.38518706709146 189.7944849506021 144.1827793568373 20.56801594048738 2.392393209040165 20.61306878179312 11.11611624062061 17.74558775126934 25.95296837389469 1.832926169037819 8.031166300177574 27.71212582290173 1.495254158973694 0.6031586825847626 13.48871476203203 3.625650554895401 0.2489104494452477 0.5427919551730156 0.9469093307852745 0.6914397925138474 0.6235169395804405 4.591112792491913 37.4023162946105 3.268486797809601 12.56156454235315 89.8079703822732 141.946705237031 3.912271589040756 137.3580753281713 0.1871327981352806 2.198956549167633 0.8197705969214439 9.55658221244812 32.29872769117355 43.27422972768545 98.40384865552187 6.914273872971535 0 24.09439637511969 30.17479697614908 44.89427622407675 26.91677271574736 365.5403968170285 1862.432176604867 2937.002186395228 167.0787962675095 513.5761936157942 1.44294036179781 0 0.9115081578493118 0.08667390048503876 10.5346402451396 0 0 0 0.7788990288972855 0 77.45454531162977 13.01960068196058 2.601862139999866 14.93342758715153 2.37991401553154 0 7.422346673905849 9.714465886354446 0.4431442245841026 0.2348116934299469 1.84028235822916 0.216605618596077 1.997768938541412 1.445719338953495 0.5168342590332031 1.117037087678909 2.447366252541542 2.589558631181717 1.861830271780491 2.135978989303112 6.676743149757385 1.883997090160847 2.234040811657906 0 0 0 0 0 0 0 0 0 0 0 0 0 0 0 0 0.111998550593853 0 0 3.309963129460812 0.914282463490963 0 0.102944977581501 0.1231207475066185 2.204169906675816 0 3.471215113997459 1.039627902209759 0.7238603010773659 0 0.1455111503601074 0 0 0 0 0 0.3671457543969154 0.2175620123744011 0 0.1003614440560341 0.829225018620491 0.2793255746364594 0.2077085077762604 0 0.2643434405326843 0 0.1971051022410393 1.415558144450188 0.1367877274751663 0 0 3.282413609325886 0.3919953480362892 0 0.09741515666246414 0 0 0 0 0 0.1412350386381149 6.528429672122002 2.039906673133373 0 0 0.3538749143481255 2.905368871986866 0.2823447287082672 2.135315485298634 0.2951288372278214 0.2568548917770386 0 0.3563957363367081 0.09561558067798615 0 0 0 0 0 0.2257845774292946 0.5196928828954697 0.244074247777462 2.696686863899231 6.456489257514477 4.299318827688694 90.56744118779898 4.536187045276165 51.93898314982653 21.32775589078665 9.524933613836765 2.282621376216412 0 13.1234103217721 1.91530779004097 0 2.649646110832691 0.2459110617637634 2.375497028231621 1.285001218318939 0 0 4.183060891926289 0.1590349823236465 40.86870263516903 8.152195006608963
2.685304097831249 1016.122472316027 1355.658715769649 2.656921438872814 2379.204437695444 1.774808011949062 1334.183283440769 170.6416624039412 656.3886650055647 99.45238868892193 1242.10777694732 32.53274032473564 838.6532698050141 2313.288795866072 5.060180328786373 1.881787367165089 0.2119207680225372 0.1032000407576561 0 0.4231634959578514 0.498272031545639 0 0.1449331045150757 0 0 0.1040084436535835 0 0 0 0 28.86995030194521 3.793253220617771 39.92859597504139 0 0.1434520781040192 0.7347336113452911 9.266355454921722 1.386980056762695 0.8330828323960304 0.5880194902420044 0.1191030442714691 0.5217307433485985 1.545305520296097 0.6842320486903191 0 0.2191152572631836 20.5014551654458 0.4905360639095306 0.2719253972172737 1.140789516270161 0 0 0 0 0.1271346360445023 0.296479843556881 1.974175475537777 8.619626551866531 1.552468717098236 15.49834409356117 3.696783222258091 4.350354671478271 0 13.09822709113359 0.1834217086434364 0.2544814199209213 0.2479897513985634 0.2056574374437332 1.775314338505268 1.478296913206577 14.78855206817389 1.029050827026367 0 22.81975248456001 17.48396497964859 32.92267343401909 12.183763474226 5.497105553746223 4.476279817521572 18.84668838977814 3.814847610890865 2.747114658355713 3.366223134100437 0.2661728411912918 0.2903157770633698 0.1922172009944916 1.252566829323769 0 0.1442005783319473 0 0.1001760363578796 0 1.257968403398991 0.4814285486936569 0 12.72428007423878 1.002702564001083 0 0.5843177512288094 0.09620299190282822 0.1143810749053955 0.8719658106565475 3.22340477257967 0.1952565759420395 5.13666570186615 4.486028559505939 0.8886511102318764 3.370427809655666 12.36531393229961 5.477515578269958 6.22832378745079 4.279112137854099 12.25960363447666 3.971774406731129 3.667656809091568 0.09693015366792679 0 0 0 0 0 0 0.1499342918395996 0 0 0 0 0 0 0 0.1468099802732468 0 0 0 3.57577545940876 2.71527811139822 0 0 0 0.9829791635274887 0 4.886376097798347 1.010752573609352 0.3311396837234497 0 0 0 0 0.1065021529793739 0 0 0.2916650474071503 0.4368549659848213 0 0 0 0 0 0 0 0 0.2268674373626709 0.7700174003839493 0 0 0 5.064693383872509 2.183794252574444 0 0 0 0 0 0 0 0 6.233793273568153 0.3944311589002609 0 0 0 2.295077778398991 0.8284803032875061 4.075986385345459 0.09704351425170898 0.3444155752658844 0 0 0 0 0 0 0 0 0 0 0 4.599817998707294 4.292121656239033 2.340237185359001 81.22916732728481 1.820992976427078 43.53534368425608 13.79312901943922 6.834585569798946 2.890075393021107 0.1064909175038338 25.96258037537336 3.028544187545776 0 1.48505525290966 0.1201766654849052 4.769264280796051 1.046747505664825 0 0.4004461765289307 5.672467671334743 0.4715331047773361 41.67106498032808 10.30269507318735
588.6336174085736 1738.830489724874 57.82367621362209 2165.642645545304 326.6988287568092 337.1659209951758 2232.480102367699 6.931362085044384 99.45238868892193 3038.152354389429 147.3436566218734 2533.820823438466 6454.148409567773 1603.210688397288 10.72397577017546 3.889642626047134 0.5114868730306625 0.5702512860298157 0 0.2274373397231102 0.5905864462256432 0 0.1822204440832138 0 0.2599137797951698 0.4102061167359352 0.6594160795211792 0 0.1175302416086197 0.4005854427814484 259.9472735524178 8.389706037938595 575.1284806355834 0.3689986020326614 0 2.591212779283524 732.9117007777095 15.41146966814995 7.663315966725349 1.006960481405258 1.199914008378983 0.4052019193768501 0.7852133736014366 1.755768947303295 0 1.493673421442509 68.96281229704618 1.233889155089855 0.402045875787735 0.7287531569600105 0.7658710181713104 0.3046606183052063 0.2637980654835701 0 1.424035020172596 2.858507208526134 33.42555662244558 156.5425034090877 14.26592010259628 45.21743793785572 2.519548907876015 26.61752999573946 0.4930625706911087 55.34161213040352 1.722634375095367 1.853455387055874 0.1621709316968918 0.3947459831833839 1.062906481325626 0.5964094623923302 1105.031551212072 5.609707668423653 0 112.4022554606199 69.9166090413928 81.11790434271097 20.03706534206867 8.052053198218346 2.680355094373226 9.913995765149593 1.950428947806358 11.73692351579666 13.95992154628038 0.3173627257347107 1.611313961446285 1.168270826339722 0.8229593187570572 0.08651318401098251 0.09411640465259552 0 0 0.5246286913752556 2.597069151699543 0.3987161219120026 0.2285449355840683 524.7589953988791 354.8120761066675 0.4674294888973236 10.80662347376347 83.8788745701313 5.129201516509056 4.955612421035767 28.19361787289381 3.382654972374439 47.16644547134638 36.91344655305147 9.656816184520721 30.96058314293623 99.49246667325497 73.01896501332521 43.23101884871721 59.3761093840003 125.378924228251 49.3650176525116 30.92415595054626 0.3360905647277832 0.2174595296382904 0.09984457492828369 0 0 0 0 0 0 0 0 0 0.6289087533950806 0.2130852788686752 0 0 0.6931343227624893 0 0 35.29670371115208 11.65464494377375 0 1.619281508028507 0 13.78963454812765 0.6877828240394592 21.44798671454191 3.158482484519482 0.5408245921134949 0.2952865660190582 0.2560015395283699 0 0 0 0 0 1.320910573005676 0.7108922973275185 0 0 0.1246601194143295 0.9587759375572205 0 0 0.66996780782938 0.2368753701448441 1.651173211634159 11.21119222044945 0.4251472428441048 0.09483054280281067 3.060514360666275 43.25455843657255 8.99956963211298 0.100121758878231 0.3809042572975159 0 0 0 0 0 0 39.80990415066481 2.996436916291714 0 0 0.1160692572593689 23.50576146692038 7.986491918563843 21.69003952294588 0.8515506461262703 1.180094949901104 2.681571751832962 0.9657609090209007 0 0 0 0 0 0 0 0 0.6908283829689026 25.8505894318223 20.77881986647844 16.47649216651917 890.2253120094538 10.8738405033946 176.6169928014278 63.90095141530037 482.2612110748887 16.3283676430583 1.462809704244137 168.96589256078 25.24209212511778 0.2575147151947021 10.02019125968218 4.2159403860569 93.50559866428375 0.6061476767063141 0 0.7953944504261017 29.13729076832533 2.353560552000999 981.6831070929766 103.4383148029447
115.111720725894 1971.962093807757 3225.06757927686 14.67086610943079 1934.939609065652 1.080162361264229 961.7865155935287 3090.063508458436 1242.10777694732 147.3436566218734 1251.1250205338 56.33652395009995 920.7999950870872 3460.188923440874 10.03833342343569 6.124816320836544 0.7482855170965195 0.6091068834066391 0.09910410642623901 2.571515366435051 1.779747001826763 0 0.1089104190468788 0.1090326309204102 0.8416363000869751 0.597648948431015 0.2038452252745628 0.2245296612381935 0 0.1186961159110069 164.0050355643034 81.26676990091801 953.4051531627774 0.3999065756797791 0.2788732647895813 4.673392295837402 134.0267056450248 46.83114533871412 9.70398061722517 1.472865074872971 1.839370481669903 1.217267945408821 3.627987749874592 1.851289175450802 0.542146123945713 1.675163835287094 39.40102825313807 1.674666970968246 0.5912578627467155 3.319319747388363 0.6764225363731384 0 0 0.2247886285185814 0.704029455780983 0.5726582780480385 7.178909733891487 24.27199410647154 4.016701400279999 24.83517754077911 12.22919049859047 53.73295607417822 0.7285588830709457 30.08195512741804 0.7005022391676903 0.7572532445192337 0.3056642338633537 1.57329623401165 7.583347268402576 5.736848466098309 72.12198230624199 1.021626278758049 0 41.16685663163662 32.11533890664577 70.8253765553236 25.06097219139338 29.87729026377201 40.13846223056316 876.8682789951563 12.4751513376832 20.73551179468632 3.824526071548462 0.192960649728775 0.721938356757164 0 3.745864495635033 0.1238372251391411 0.09178292751312256 0 0.6093038991093636 0 7.71268106251955 2.364228762686253 0.1749619096517563 11.82713831961155 1.721802890300751 0 4.527735620737076 3.788050830364227 0.4557579308748245 0.443756178021431 2.487534292042255 0 3.093598641455173 1.988457463681698 0.6593769043684006 2.148182451725006 6.725493229925632 3.400906279683113 2.967500425875187 1.465792879462242 9.088242135941982 2.959819331765175 2.2838144749403 0.09950053691864014 0.1004146859049797 0 0 0 0 0 0 0 0 0.1256949007511139 0 0.1388431042432785 0.08481135219335556 0 0 0.08179714530706406 0 0 2.468246385455132 0.7403799518942833 0 1.136203408241272 0 3.047754682600498 0 2.91897951066494 0.608357198536396 0 0 0.130084827542305 0 0 0 0.1531370133161545 0 0.09300403296947479 0 0 0 0.1186654642224312 0.1320387572050095 0 0 0 0 0.1194403767585754 0.5123361647129059 0 0.1095064952969551 0.6093348264694214 4.485105477273464 0.7657405585050583 0 0 0 0 0 0 0 0.1202497035264969 5.303632751107216 1.285761475563049 0 0 0.0878843367099762 1.440195120871067 0.8741460591554642 3.153668560087681 0 0.09377038478851318 0 0.1134517788887024 0 0 0 0 0 0 0 0 0 2.072044670581818 5.490444041788578 2.166265398263931 118.5170767754316 5.227120913565159 82.41846741735935 24.16685401648283 15.17845322936773 5.009622789919376 0.1517010629177094 34.52116807550192 3.928422927856445 0.2826530635356903 1.167145565152168 0.1195344105362892 2.83433672785759 0 0.2660021185874939 0.1301976144313812 7.756889656186104 1.653856188058853 32.00701369345188 6.774247944355011
46.22756173461676 618.22125505656 46.34612330794334 502.3619208782911 88.9817878305912 33.05151911824942 558.2273818850517 11.23994465917349 32.53274032473564 2533.820823438466 56.33652395009995 342.9707547426224 1480.261849552393 605.9674832448363 6.28785964846611 2.182785041630268 0.4126313626766205 0.3254748061299324 0 0.3760789930820465 0.5333515852689743 0 0 0 0.5860063433647156 0 0.2350443005561829 0 0 0 37.49299748986959 2.787704363465309 245.3292469903827 0.357958048582077 0 1.045125678181648 291.4209474697709 24.46879334747791 11.24264397472143 1.498105101287365 0.5195649936795235 1.000440463423729 0.2848995104432106 1.075208477675915 0 0.5373978540301323 19.92827794700861 0.2653240486979485 0.08998538553714752 0.9796511381864548 0.4299235790967941 0.3074871599674225 0.1623799502849579 0.1827431470155716 0 0.2732440531253815 3.864633530378342 17.97094641625881 2.662445463240147 10.5191014111042 2.004803121089935 8.375031389296055 0.5758059918880463 11.44418136775494 0.40463887155056 0.1164407804608345 0.2891731187701225 0.3169723898172379 1.259377904236317 0.8188373297452927 180.2427499443293 1.937574088573456 0 17.71673561632633 13.75289632380009 24.72769213467836 9.540670081973076 6.7515474781394 3.930036023259163 6.519854880869389 2.264202959835529 4.935274340212345 1.473219409584999 0 0.1092204973101616 0 0.6589725092053413 0 0.2727025970816612 0 0.1126524060964584 0 2.914055891335011 0.9861708134412766 0.7234059870243073 184.024230197072 7.692445620894432 0 3.38323400914669 4.489513911306858 2.065987035632133 3.949243500828743 14.57982631027699 1.548922419548035 24.28475569188595 18.41733131557703 5.956689029932022 15.95971250534058 53.21281948685646 35.32646147161722 19.00019180774689 22.09115812182426 72.31087754666805 24.57794500142336 18.25632306188345 0.3260917067527771 0 0 0 0 0 0.09799597412347794 0 0 0 0 0 0 0.4775654077529907 0 0 0.1539041697978973 0 0 21.62216776609421 7.586646616458893 0 0.7519151642918587 0.8238485455513 7.605790629982948 1.467943131923676 16.84405272454023 1.840795934200287 0.7276044189929962 0 0 0 0.4584463536739349 0 0.8052089288830757 0 1.301194444298744 0.5202922150492668 0 0 0 0.9826974421739578 0 0.138276606798172 0.2846797332167625 0 1.480494253337383 3.484514258801937 0.385009765625 0 0.9638748466968536 26.74278302490711 5.599309496581554 0 0.09774644672870636 0 0 0 0 0 0.259221613407135 21.36031389981508 2.817983239889145 0.1262067258358002 0 0 11.60032696276903 1.147237867116928 9.868428096175194 0.9746894314885139 0.9760804027318954 0.3394666165113449 0.8247368559241295 0.1326823234558105 0 0.1887907534837723 0 0 0.1073513850569725 0 0 0 18.5810913965106 11.35631416738033 8.957446224987507 202.6621121391654 3.119354009628296 53.42604463547468 20.80494125932455 40.14189267158508 3.440571717917919 1.13422255218029 36.20560412853956 10.0955241844058 0.2351023703813553 7.107463404536247 2.871906444430351 46.89064898341894 0.5989719033241272 0 0 6.588499926030636 0.5256941318511963 448.6545682400465 54.50174272805452
44.27323305606842 1349.14776429534 188.2873442694545 291.8462741971016 1073.313066236675 33.52815423905849 5055.462084084749 90.67319835722446 838.6532698050141 6454.148409567773 920.7999950870872 1480.261849552393 2502.412934206426 3197.038664251566 17.79438579827547 10.21503467857838 1.781179718673229 0.8770654276013374 0 0.8301396444439888 1.801468156278133 0 0.4499822184443474 0.4056598991155624 1.134629808366299 0.7604122459888458 0.5633322522044182 0.4056945443153381 0.1006199419498444 0.08761606365442276 83.73072604089975 13.38307966291904 489.3144426941872 0.1031405553221703 0.3344718664884567 5.630250789225101 638.2591831758618 60.50831747800112 25.20030790567398 2.602844163775444 4.030772246420383 2.219279922544956 4.132036186754704 2.7340142801404 0.1028149947524071 3.345201015472412 63.90619634091854 1.162962853908539 0.5216551944613457 2.254743903875351 1.103022158145905 0.1528971344232559 0.2980544567108154 0.2444102838635445 0.7350030913949013 0.9610684663057327 8.158749759197235 31.77800574153662 4.68776698410511 32.85425509512424 12.34686878323555 19.29092430323362 2.040319174528122 32.02855826169252 0.3673330694437027 1.278536021709442 0.3140430375933647 1.580001540482044 5.92765785753727 3.48059755563736 245.8737907707691 5.245398484170437 0.1329173892736435 54.99567840993404 38.90338207036257 90.72309072315693 29.78285646438599 23.29257899522781 11.30219194293022 40.9399846419692 10.51438707858324 19.21754005551338 5.685258708894253 0.09343227744102478 1.243746146559715 0.08799408376216888 3.540709979832172 0 0.1680585592985153 0 0.2226192131638527 0 7.686767987906933 2.316735379397869 0.2826723754405975 321.0217771232128 9.200268901884556 0.1524279564619064 9.716008812189102 5.218857161700726 4.999882854521275 3.742208823561668 21.80222907662392 3.847063146531582 38.03686286509037 25.99306615442038 8.828345097601414 22.22296967357397 82.43383458256721 41.8942524343729 29.97571808844805 45.9087890535593 93.17532335966825 31.75420881807804 34.26493334025145 0.1073818504810333 0.2066785544157028 0 0 0 0 0 0.6125612556934357 0 0.265206903219223 0 0 0.4699307307600975 0 0.3421254754066467 0 0.1639616042375565 0 0.0956108346581459 24.84637204557657 9.866268038749695 0 1.40329509973526 0 19.34298181533813 0 27.7502808496356 2.886287078261375 0.8635259568691254 0 0 0 0 0 0.7913892418146133 0 0.6126066893339157 0.727814719080925 0 0 0.467571347951889 2.347541928291321 0.1366730183362961 0.9750773310661316 0.2328647971153259 0 2.368228875100613 6.67854356020689 0.08589610457420349 0.4568136632442474 0.6258219555020332 43.16373968869448 8.546167150139809 0.5117421746253967 0.2650465294718742 0 0 0 0 0 0.1516269892454147 39.43967539072037 3.297767713665962 0.119815468788147 0.8698379173874855 0.1145080924034119 22.44494203478098 6.084650859236717 19.84290897101164 0.8071873784065247 1.309723623096943 1.623556539416313 0.5996514558792114 0.3596903756260872 0 0 0 0 0 0 0.1540701240301132 0 24.7292341068387 19.24854123592377 10.17757768929005 350.4276481494308 9.964291833341122 140.2315772771835 55.50079505890608 37.35879067331553 7.266657173633575 0.1886715143918991 85.65044847875834 15.01585285365582 0.1851752549409866 13.46355058997869 2.713976480066776 37.67569348216057 1.651807516813278 0 0.8400362581014633 19.5006747841835 1.618077091872692 429.6909011974931 79.24663065373898
