506.5730519369245 3950.70507260412 531.5194402709603 997.9841104596853 432.8634753450751 61.47041288018227 1605.495709694922 61.76274298876524 160.1658107116818 623.7934933751822 303.1335759535432 264.4783107936382 474.7226344496012 86.01859551668167 2.246070958673954 1.19726474583149 0.2339805513620377 0 0 0.1346355229616165 0 0 0 0 0 0 0 0 0 0.09945651143789291 340.2610045000911 18.06123703718185 8.763669654726982 0 0 0 1.926154136657715 0.819110244512558 0.1661157310009003 0.9894921183586121 0 0 0 0.08891885727643967 0 0.1081285327672958 14.37199003249407 8.645930282771587 0.722528375685215 0.06828583031892776 1.655380673706532 0 0 0 36.2784630432725 21.86240637302399 298.0609810054302 551.3327635228634 55.69702900201082 5.052271336317062 0 1.828483439981937 0 2.962993741035461 17.40114492177963 6.070701844990253 6.314670324325562 0.9393353909254074 0 0 125.3612730652094 3.481711447238922 0.1657703518867493 364.9869440421462 44.59998928010464 69.96693363785744 1.636574506759644 0.3522726893424988 0.3990501239895821 6.770866349339485 0.2318489551544189 0.9898704886436462 36.93601413816214 0.6002853959798813 6.641601666808128 21.58112256228924 3.318086385726929 0.616589680314064 3.212557800114155 0.3936362266540527 1.881931982934475 0.3939450085163116 0.190541997551918 0.0911635234951973 0.2575032040476799 302.1371408700943 44.32129389792681 0.2693552672863007 2.226483769714832 1253.258339934051 0 0.8518663048744202 0.745542511343956 0.1021684482693672 0 0.6715270727872849 1.138391733169556 2.218529403209686 4.090253904461861 4.806861683726311 0.5443987250328064 4.295544043183327 2.590209692716599 2.077356696128845 1.530537955462933 0 0 0 0 0 0 0 0 0 0 0 0 0 0 0 0 0 0 0 0.3345824778079987 0 0 0 0 1.557615220546722 0 0.2474290207028389 0.8156013414263725 0.09900475293397903 0 0 0 0 0.6588586568832397 0 0 0 0.5648996829986572 0 0 0 0 0 0 0 0.1005567833781242 0 0 0 0 0.1109238043427467 0 0 0 0 0 0 0 0 0 0 1.248822018504143 0.1158112064003944 0 0 0 0.4457857012748718 0 0 0 0.4049631357192993 0 0 0 0 0.1929805874824524 0 0 0 0.1306201219558716 0 0 1.816663272678852 0 0.246176652610302 364.7858634442091 19.73086134344339 223.6695293858647 46.61257118731737 572.8239946141839 30.0607113391161 2.7504812926054 5.207776442170143 22.83594436943531 0 0.6341717094182968 0 44.84550157189369 0 0 0.590870201587677 0.2992225885391235 0 197.1824759840965 7.478995233774185
3950.70507260412 2576.807100266218 906.4580691084266 1204.114171996713 4477.037640549242 50.68798811733723 3961.927319481969 57.7216635197401 1871.453851573169 709.9916600584984 958.5515885129571 216.0676756426692 1066.820726528764 516.0671294480562 8.122593604028225 6.237560607492924 3.210968755185604 0.2129373028874397 0.08512737601995468 0 0.2251484543085098 0.09452236443758011 0 0 0 0 0 0.2304159253835678 0.09688042849302292 0 840.9977637752891 11.86262976378202 0.8370896652340889 0 0 0.08493734151124954 0.236988790333271 0 0.390583723783493 0.6187422722578049 0 0.1106332391500473 0.1015295460820198 0.1150162294507027 0 0.112806648015976 62.46575383096933 15.43583604693413 3.666293233633041 1.13427596539259 5.555541522800922 0.1639941483736038 0.16581641882658 0.09436611086130142 43.70503376424313 36.27113754302263 101.1693259328604 504.1609730422497 39.29094542562962 34.70593012869358 0.2198998183012009 1.04222497344017 0.4482726454734802 31.9050732254982 26.32352478802204 12.60672646015882 13.1898305490613 2.476276502013206 0.1899015307426453 0.1023177951574326 2.718975126743317 0 0.1817287355661392 521.8567440286279 174.3364243134856 219.9448333233595 17.7240746319294 2.0744788646698 0.247034914791584 5.179068751633167 0.1800175160169601 0.7591689005494118 67.32886461913586 1.579947955906391 19.8971634209156 45.17587511986494 7.262825332581997 1.139385715126991 7.536172159016132 0.2384917289018631 1.846119917929173 0.9508702903985977 0.1273642480373383 0.7057958990335464 0.6320706605911255 2.960475414991379 0.5762772858142853 0 0.2636967375874519 515.9385664388537 0 0.9286612868309021 0.2945586368441582 0 0 3.057771563529968 1.942993521690369 0 0.8597127795219421 5.565425463020802 0 6.777053445577621 0.7839163243770599 1.467560663819313 0.7113409265875816 0 0 0 0 0 0 0 0 0 0 0 0 0 0 0 0 0.1627369225025177 0 0 0 0 0 0 0 0.3277921304106712 0 0.6402647793292999 0 0 0 0 0 0 0 0 0 0 0 0 0 0 0 0 0.2136769741773605 0 0.08775541931390762 0 0 0.3928248882293701 0 0 0 0 0 0.2176656723022461 0 0 0 0.09062755852937698 0.158080518245697 0 0.1405376195907593 0 0 0.09899307042360306 0 0.6627104878425598 0 0 0 0 0 0 0 0 1.395873509347439 0 0 0 0.08919277787208557 0.09994984418153763 0 0.2293973416090012 0.2553627192974091 0 169.4627249315381 31.98797023296356 455.7983829379082 81.54746766388416 345.082714997232 17.26138783246279 1.491507314145565 7.143081538379192 12.25930791348219 0 0.4599286317825317 0 16.21185430139303 0 0.1129133030772209 0 1.6414735019207 0 122.4321702420712 0.3271459564566612
531.5194402709603 906.4580691084266 299.7333355844021 1.661814764142036 418.5636482015252 0 21.55875291675329 2206.891144089401 604.7171318084002 0.5178684592247009 1845.725937210023 1.024139672517776 23.47427123785019 660.5066057667136 3.105387896299362 8.851686790585518 6.615556187927723 3.344092644751072 0.1426995098590851 1.478122919797897 0.5842268615961075 0.1148573756217957 0.2670127972960472 0 0.7264098078012466 0 0 0 0 0 4096.553511597216 149.6390175223351 3.411763496696949 0 0 1.743501558899879 1.019717738032341 0.7718211933970451 0.3882195800542831 0.5479390397667885 0.2786896079778671 2.54310654103756 2.119222171604633 1.792774587869644 0.2548214569687843 4.605012357234955 16.47012964636087 5.137654580175877 5.197928443551064 17.1843055523932 1.632084108889103 0.2428190037608147 0 0.2223364636301994 16.06712818145752 11.39072631299496 44.86053265631199 606.7708056420088 15.469468139112 6.50555682182312 19.073576644063 13.20497096329927 1.046100825071335 33.70642028748989 9.438655704259872 5.356612242758274 4.688586071133614 2.298050999641418 4.587947569787502 1.410337820649147 1.514876052737236 0.08349630236625671 0 220.4658539518714 70.95711218565702 58.44795387983322 7.922181971371174 5.418384969234467 51.8188523426652 487.8671791478992 27.522475682199 88.16347052156925 22.72490014880896 0.6826485320925713 6.810175560414791 14.35001354664564 8.988880008459091 0.2671225145459175 1.472034238278866 0.09680555760860443 0.7721253260970116 0.2930701225996017 4.182007983326912 0.5666396841406822 1.95720786601305 0.1791495084762573 0 0 0.1276692003011703 108.7225902155042 0 0 0 0 0 0 0 0 0 0.1613111048936844 0 0 0 0 0.5127276927232742 0 0 0 0 0 0 0 0 0 0 0 0 0 0 0 0 0 0 0 0 0 0 0 0 0.2610073834657669 0.1541077494621277 0.4036645367741585 0.7391822189092636 0.09530704468488693 0 0 0 0 0 0 0 0 0 0 0 0 0.1015091985464096 0 0 0 0 0 0 0 0 0 0.5497090518474579 0 0 0 0 0 0 0 0 0 0.8624337837100029 0 0 0 0 0.09652835130691528 0 0 0 0 0 0 0 0 0.3547853901982307 0 0 0 0.08809683471918106 0 0 0.4317999482154846 0.1569728553295135 0.275739811360836 30.54055485129356 8.918444573879242 98.9476258456707 18.42180663347244 6.564808256924152 4.879150554537773 0.4472421482205391 0.567151665687561 0 0 0 0 0 0 0 0 0 0 19.37913236021996 0
997.9841104596853 1204.114171996713 1.661814764142036 993.6500677466393 51.52201878279448 146.2348042875528 1158.525637671351 0.3349755480885506 41.32962015271187 1545.859088174999 3.085461132228374 1145.744980789721 1251.718855492771 49.08316144347191 0 0 0.5835588574409485 0 0 0 0 0 0 0 0 0 0 0 0 0 23.94961573183537 0 2.535773739218712 0 0 0 2.21727579832077 0 0.3336746543645859 0 0 0 0 0 0 0 7.400516465306282 1.964045457541943 0.8447228819131851 0 0.7917784228920937 0.1556108444929123 0.2204446196556091 0 5.056317925453186 5.064346723258495 35.06173783540726 47.60960042476654 11.13909295201302 3.370346263051033 0 0.8719579130411148 0.09951618313789368 0 2.397683575749397 1.833058550953865 1.484376922249794 0.1259680986404419 0.2547117173671722 0 82.45040761679411 2.110065087676048 0.1687760502099991 77.9322897195816 17.20940735936165 18.36443019658327 0 0 0 0.9082900136709213 0 0.562932014465332 10.09262491762638 0.810536302626133 1.295262798666954 6.379340700805187 0.3536471873521805 0.3765343129634857 0.7955281883478165 0.1284719109535217 0.1050502881407738 0 0 0 0 258.3700712174177 12.97474098205566 1.087443307042122 1.903113082051277 521.2483132779598 0.3784071356058121 9.547757558524609 6.76819634437561 10.89690810441971 0 5.504521757364273 22.42279849946499 0.8299163803458214 4.169202253222466 35.03329592198133 0.1135943457484245 7.920903958380222 6.308827802538872 3.773946538567543 1.560897268354893 0 0 0 0 0 0 0 0 0 0 0 0 0 0 0 0 0 0 0 0 0 0 0 0 0.276278980076313 0 0.2304388284683228 0 0 0 0 0 0 0 0 0 0 0 0 0 0 0 0 0 0 0 0.5184549912810326 0.2631046548485756 0.2250850200653076 0 0 0 0 0 0 0 0 0 0 0 0 1.042818166315556 0 0 0 0 1.655833870172501 0 0.1550996899604797 0.1059765070676804 0.1274635940790176 0 0 0 0 0 0 0 0 0 0 0 0.623935729265213 0.2886034101247787 0 109.1788951829076 3.511857189238071 50.56366769969463 8.698512889444828 280.8531844988465 1.900891244411469 0.5644250959157944 0.3234501332044601 18.11266309022903 0 0 0 29.80066776275635 0 0 0 0 0 100.1599655523896 0.4023558273911476
432.8634753450751 4477.037640549242 418.5636482015252 51.52201878279448 1559.896048285067 5.281411483883858 1444.316735550761 18.78162495046854 4587.753351278603 139.7911940440536 505.4183402135968 38.54867928475142 634.9551943540573 2061.959744609892 8.562122881412506 9.617383040487766 1.333816185593605 0.2920125871896744 0 0 0 0 0 0 0.3712488114833832 0 0 0.1474758833646774 0 0 747.3113857805729 17.3136658295989 1.782072558999062 0 0 0 0.110172837972641 1.1415004581213 0.6151748895645142 0 0.2400447130203247 0.1232429295778275 0 0 0.1516522616147995 0.4824353232979774 57.76376117020845 7.786308959126472 1.19177982211113 0.4191581979393959 2.79596833884716 0.4947142899036407 0.07853700220584869 0 20.11552571505308 16.34883090853691 21.37249079346657 156.2768468856812 15.07250118255615 30.44185251742601 0.2684659585356712 0.9100342392921448 0.3889864683151245 33.06059326976538 14.50192875415087 9.284073948860168 6.968476384878159 1.404063642024994 0 0 0.3728838190436363 0 0 263.1093882471323 128.9773553237319 168.8694022297859 20.25323392450809 1.488263189792633 0.7351416051387787 7.032392203807831 0 0.5269320011138916 38.2094450071454 0.7718912586569786 9.406310930848122 24.3231314048171 4.074167311191559 0.3899613171815872 3.164414592087269 0.4566468670964241 1.366060316562653 0.3525875136256218 0 0.3753283470869064 1.014798022806644 4.11455724388361 0.1430788636207581 0 0.4158188998699188 37.50630546361208 0 0.1848855763673782 0 0 0 1.304370671510696 0.1253046542406082 0 0.6204714328050613 1.232134282588959 0 3.439269438385963 0.5842099860310555 0.9923490211367607 1.370370931923389 0 0 0 0 0 0 0 0 0 0 0 0 0 0 0 0 0 0 0 0 0 0 0 0 0.4180494546890259 0 0.1311482638120651 0 0 0 0 0 0 0 0 0 0 0 0 0 0 0.2682233452796936 0 0 0 0.1822815835475922 0 0 0 0 0 0.3977214395999908 0 0 0 0 0 0 0 0 0 1.456660054624081 0 0 0 0 0.5480994135141373 0 0.4561425745487213 0 0 0 0 0 0 0.3394117131829262 0.1512114852666855 0 0.2231565043330193 0 0 0 1.758997701108456 0.1251565515995026 0.1612315624952316 151.5408501699567 15.02961523830891 370.0425048694015 72.21772918850183 39.30165458470583 19.99680628627539 1.65311387181282 10.53824819624424 6.897481687366962 0 0 0 16.52259807288647 0 0 0 1.206750810146332 0.6128978431224823 44.69029329717159 0.3687567710876465
61.47041288018227 50.68798811733723 0 146.2348042875528 5.281411483883858 0.8336879909038544 58.98477283120155 0.4929909706115723 5.547253511846066 207.6906324774027 8.421119414269924 72.89687204360962 114.1370742172003 22.56178518384695 0.3749351501464844 0.9192147776484489 0 0 0 0 0 5.868240535259247 0 0 0 0 0 0.1476737409830093 0 0 2.112233228981495 0.1142237856984138 22.31266827881336 0 0 0.4939782172441483 3.495984300971031 0.670325830578804 0.6430558413267136 0.4661864936351776 0.3014737069606781 0.1287741959095001 0 0.1340380162000656 0 0 0.5282025560736656 0 0 0 0.09274515509605408 7.722931712865829 8.530776843428612 0 0.5276188552379608 0.1782662719488144 70.56275494396687 0 2.571352615952492 0 0 7.019654244184494 0 0.112900011241436 0 0.1088194251060486 0.7162088453769684 0 0 0 247.364295899868 372.2811244279146 36.76523411273956 3.59415528178215 2.91351342946291 1.286502100527287 0.1030098497867584 0.8174059092998505 0.1564699858427048 18.62919769436121 0.1357225775718689 2.99039514362812 0.08675279468297958 1.82122977823019 0 4.714119732379913 0 13.90715298801661 14.07080066949129 11.00269573181868 1.273009493947029 1.732785694301128 0 0 0 352.3212421238422 528.5261661410332 34.23754847049713 13.53616348654032 175.975026845932 0 0.2597194612026215 0 0 0 1.583747938275337 0.972387820482254 0 1.165339790284634 5.005714997649193 0.7200659960508347 5.297985926270485 0.7441861927509308 2.744457706809044 2.081018798053265 0 0 0 0 0 0 0.122924767434597 0 0.1235907599329948 0 0 0 0.2572291344404221 0 0.1204216554760933 0 0.1388864815235138 0 0.2911060005426407 0 0 0 0.3484813049435616 0 2.248335085809231 0.1208104267716408 3.389880500733852 1.274640910327435 1.270667359232903 0 0 0 0 0.1268881112337112 0 0 0 0.1472484171390533 0 0 0 1.198847733438015 0 0.1368730813264847 0 0.3540579080581665 0 0 0 0 0.1101671904325485 1.114460460841656 0 0 0 0 0 0 0 0 0 1.459040820598602 0.9066601544618607 0 0 0 1.07209075987339 0.1936441510915756 0.1253106892108917 0 0 0 0 0 0 0 0 0 0 0 0 0 2.273329593241215 1.74336714297533 1.457889087498188 33.61447942256927 0.3658559545874596 6.938078716397285 0.8650581687688828 67.99014382064342 2.389009431004524 0 0.2522433027625084 7.283349379897118 0 0.4612231552600861 0.09102646261453629 20.54847217351198 0.2270125299692154 0 0 0 0 25.43560098111629 2.190512366592884
1605.495709694922 3961.927319481969 21.55875291675329 1158.525637671351 1444.316735550761 58.98477283120155 881.5128700137138 10.10231999307871 1550.265226632357 1054.596484154463 89.61119772493839 221.6701604872942 3508.58922380954 1537.958164595068 10.79665761440992 10.65091405808926 3.035583309829235 0.113882765173912 0.1010713130235672 0.2001118063926697 0 0 0 0 0.1105097681283951 0.09256657212972641 0.1203031092882156 0.1027155965566635 0.7772887051105499 0.1098329946398735 218.2936872318387 7.267396301031113 4.647485956549644 0 0 0.4063569605350494 1.601446904242039 0.9933603405952454 0.4854781776666641 0.2693227827548981 0 0.3337947651743889 0 0.2082505226135254 0.8135640025138855 0.09185636788606644 67.51316319406033 14.39740271866322 1.802023001015186 0.5144554525613785 5.884258851408958 0.2797116860747337 0 0 35.78634709119797 28.46343113481998 72.19735818356276 264.5939864143729 28.95070714503527 37.22197164595127 0.2339961603283882 1.363437406718731 0 30.18973080813885 23.8544482588768 12.27362979948521 9.116376914083958 2.494386523962021 0.1667319685220718 0 16.39864870905876 0.6694111377000809 0.2966497763991356 441.649376668036 162.9196516349912 215.2203503325582 18.36440546810627 2.619894862174988 0.651445560157299 5.107253096997738 0.7969168126583099 1.199142627418041 58.45801054686308 1.709398433566093 17.66856178641319 40.07036362588406 7.967222698032856 0.6041039749979973 6.310248620808125 0.2860919311642647 1.853316940367222 0.4433397129178047 0.1142685040831566 0.8206226006150246 0.9855728223919868 28.38354961574078 5.349058777093887 0 0.6500144228339195 205.5808357447386 2.061179868876934 13.11595259606838 162.2593371495605 44.4396456182003 0 32.63558787107468 11.37579033523798 4.153677105903625 30.63880837708712 34.37290574610233 1.073967777192593 57.83008394390345 11.70754273235798 25.0064794793725 12.25831528753042 0 0 0 0 0 0 0 0 0 0 0 0 0 0 0 0 0 0 0 0 0.1162346377968788 0 0 0 4.677510507404804 0 2.041876748204231 0.3394297361373901 1.073129296302795 0 0 0 0 0 0 0 0.3968183919787407 0.3363475352525711 0 0.2530580461025238 0 0 0.1048822179436684 0.1964459717273712 0.2883282005786896 0 1.130449593067169 0.9002425000071526 1.492552734911442 0.1161027103662491 0 0.8733527213335037 0.3386874347925186 0 0.4765397235751152 0 0 0 0.093625508248806 0 0 12.02719570696354 0.1756059527397156 0 0 0.1319195777177811 2.709469601511955 0 0.5480277836322784 4.432195737957954 1.173464559018612 0.7143849655985832 0.3353380858898163 0 0.2243372574448586 1.148693554103374 0.2250548079609871 0 0.0881011039018631 0 0 0 11.49107559770346 0.9310230612754822 0.6935266181826591 270.3176665231586 24.11850946396589 442.0102126374841 91.2465149089694 270.877871774137 17.95949610322714 2.428705669939518 11.93305289000273 44.90636148303747 0 5.505393639206886 0.3565996885299683 107.3242649361491 0 0 0 2.405201286077499 0 169.2949435859919 7.586348831653595
61.76274298876524 57.7216635197401 2206.891144089401 0.3349755480885506 18.78162495046854 0.4929909706115723 10.10231999307871 1690.422926209867 152.0801842957735 1.645074903964996 3585.498833365738 0.610529750585556 34.93895537406206 839.5508246719837 43.92524041980505 58.67798069864511 16.22095403820276 7.368231363594532 0.6231465190649033 3.895047940313816 2.387370608747005 0 2.450999192893505 0.7023769840598106 3.603774197399616 0.3952581286430359 2.58525925129652 0.7758979722857475 0.2375042140483856 0.4588824212551117 2480.057493187487 2461.652984328568 17.52730809152126 0.2422756850719452 1.808336973190308 3.684883266687393 2.670848540961742 7.018934398889542 2.087223596870899 0.9948378428816795 4.297871261835098 7.594855561852455 8.871413849294186 15.81736037135124 0.6490487679839134 14.19879096001387 123.8344540596008 11.75166086107492 11.19888221472502 42.74462502449751 4.98457857966423 1.35651221871376 0.6756838113069534 0.5289696455001831 20.75706978142262 17.07634069770575 30.70203067362309 397.689691349864 18.71477667987347 46.36894603818655 140.4951788261533 121.6198071762919 2.984323613345623 768.2270537465811 15.23482134193182 10.33444929867983 7.453175999224186 8.959359705448151 16.40330142527819 6.297547228634357 7.754883736371994 0.8247770518064499 0 363.3231246322393 309.9331476613879 306.5693279728293 192.9390525445342 181.2753484547138 1109.916579984128 2620.024851236492 392.1496941447258 1206.631889246404 42.90245421975851 0.5851159766316414 13.57548486441374 27.50144524872303 23.49849728494883 0.627782441675663 3.190497756004333 0.2907901182770729 1.838863104581833 1.253155417740345 16.42054921388626 3.257015116512775 6.68940295279026 2.242287956178188 0.3478209227323532 0 0.5581406652927399 27.4456630423665 0 0 0 0 0.1449868828058243 0 0 0 0.4796810746192932 0.2290890514850616 0.2289183586835861 0.7491998374462128 0.3627621382474899 1.63311255723238 1.858030192553997 0 0 0 0 0 0 0 0 0 0 0 0 0.1124565526843071 0 0.2262820228934288 0 0.4429907202720642 0 0 0 0.3083011507987976 0.6465539038181305 0.09558086842298508 0 1.494058787822723 0 0.7454984411597252 0.4403576552867889 0.5683076083660126 0 0 0 0 0 0.3394035026431084 0 0 0 0 0 0.1152428388595581 0.4947274178266525 0 0.08317301422357559 0 0.105123944580555 0 0 0 0 0.2114811986684799 1.275811515748501 0 0 0 0 0 0 0.1626681163907051 0.1080666407942772 0.2570047155022621 0.7472907528281212 0 0 0 0.2589318007230759 0.6224733740091324 0 0 0 0 0 0.1538318246603012 0.1179001480340958 0 0.1960599645972252 0 0 0.09330956637859344 0 0.2462487816810608 0 0.7596300765872002 1.158640459179878 1.017388433218002 227.2600612416863 19.53791385889053 461.2517452538013 95.74023499339819 17.57156120985746 23.20815370231867 0.6960535794496536 14.06973273307085 0.6118916869163513 0.1110411658883095 0.6304429769515991 0.4849735498428345 0.5029138401150703 0 0 0 3.504832878708839 0 36.29528633505106 0.3806811571121216
160.1658107116818 1871.453851573169 604.7171318084002 41.32962015271187 4587.753351278603 5.547253511846066 1550.265226632357 152.0801842957735 1044.07140801847 90.9082306176424 1663.169841900468 23.97849678993225 442.8908786177635 2018.377444587648 29.67441989481449 31.90488765388727 8.071931935846806 0.3720172122120857 0.1134331375360489 0.6535415500402451 0 0 0 0 0.6306314319372177 0 0.299326129257679 0 0 0 273.5147031545639 36.94921170175076 15.36619620025158 0 0 0 2.01032030582428 0.9560941457748413 0 0.8016411662101746 0.2166304886341095 0.3466580510139465 0 1.618209928274155 0.09025740623474121 1.083257280290127 96.58797645568848 5.112556777894497 1.154771029949188 0.9246799275279045 1.726337157189846 0.1220443993806839 0.1187592595815659 0 15.04221097379923 12.08983459323645 17.97595067322254 67.41688442230225 16.42542217671871 42.05319879204035 0.5065504834055901 2.384268023073673 0 27.77490171790123 11.42567525058985 5.249149993062019 5.027116753160954 1.169935025274754 0 0 31.39067780971527 0 0 201.1564001664519 96.61718353629112 203.9082356542349 47.62713810801506 13.02583974599838 1.91461768001318 17.23151990026236 1.499563209712505 1.959245219826698 28.51822085678577 0.2916698828339577 8.205642811954021 15.70473190397024 3.155185170471668 0.4837436750531197 2.525060176849365 0.1829035803675652 0.5897605568170547 0.5293451771140099 0.1571388840675354 0.8720723241567612 0.1953421905636787 23.47548721730709 3.441395126283169 0 0.7709948047995567 39.15506394207478 0.1210595294833183 3.558035880327225 2.333583950996399 0 0.237093910574913 9.763236656785011 6.831377506256104 2.982556596398354 11.07638087123632 21.29493913054466 5.355817683041096 49.92853407561779 12.84386423975229 28.40639557689428 23.74015591293573 0.3727216124534607 0 0 0 0 0 0 0 0.1190316304564476 0 0 0 0 0 0 0 0 0 0 0.2171987146139145 0.6019875556230545 0 0 0 12.61932228505611 0.6727057695388794 4.165033996105194 1.41516438126564 0.9339722245931625 0 0 0 0 0 0 0 0 0 0 0 0.1204364448785782 0 0 0 0 0 0 0.172910749912262 0.139218270778656 0 0 2.290850341320038 0 0.2488637715578079 0 0 0 0 0 0 0 21.12027312815189 0.5132623463869095 0 0 0 5.261766500771046 0.980746865272522 1.580387592315674 0.1423545032739639 0 0.1582497209310532 0.9012113213539124 0 0 0.3092472180724144 0 0 0.1266479194164276 0 0 0 17.50583333522081 1.763048514723778 2.702113427221775 365.8396611884236 21.4736360013485 522.4902519062161 126.166948735714 91.49140286445618 29.59652138501406 3.284823894500732 23.22789437323809 28.80039414763451 0 1.84602552652359 0 105.3192726224661 0.1094304621219635 0 0 1.251633927226067 0 86.59534174203873 5.959733299911022
623.7934933751822 709.9916600584984 0.5178684592247009 1545.859088174999 139.7911940440536 207.6906324774027 1054.596484154463 1.645074903964996 90.9082306176424 490.1914031878114 5.959632761776447 1323.035904437304 3329.987489834428 674.8013319149613 0.5546757355332375 1.370342426002026 0.1261896640062332 0.1082885712385178 0 0 0 0.09066526591777802 0 0.140900656580925 0 0.1979558169841766 0.1835814267396927 0.1418528705835342 0 0.1460358649492264 14.19025890529156 0.1040923595428467 17.12505751848221 0 0 0 5.1248529702425 0.2977189049124718 0.5853532627224922 0.5904293358325958 0 0.09907849133014679 0 0.5339441299438477 0.07842757552862167 0 4.842936605215073 1.196219749748707 0.6026188880205154 0 0.1154661551117897 0 0.4510274827480316 0.1572553813457489 7.112125001847744 7.432162970304489 42.33843970298767 48.65855348855257 8.685797266662121 5.48384440690279 0 3.079548135399818 0 0.9787045568227768 3.077147245407104 1.607881516218185 1.733115926384926 0.5388519763946533 0.1061951518058777 0.2020875364542007 247.9295491203666 5.733867883682251 0.1786125749349594 71.48481624573469 10.59774262458086 21.54644158482552 0.6511545702815056 0.5553225353360176 0.146436333656311 5.666103318333626 0.2795421183109283 0.7998548001050949 8.175495453178883 0.1501224637031555 2.995923221111298 5.961638271808624 0.7448794469237328 0.608202338218689 0.2555664479732513 0.2969664037227631 0.4162983745336533 0.2467521131038666 0 0 0 209.2635372504592 65.8653979152441 1.218945801258087 4.239028327167034 413.4699643701315 0.9974912852048874 37.33711308240891 170.8843402042985 42.5591908916831 0.3063173964619637 90.20185872912407 46.11987737566233 16.09758473187685 58.59993050247431 170.0615073964 8.578520372509956 179.9708833768964 62.06358662247658 75.37034800648689 31.31250797957182 0.2099458873271942 0 0 0 0 0 0 0.5240156054496765 0 0 0.1245381534099579 0 0 0 0 0 0.1342403888702393 0.1369499862194061 0 0.5155593752861023 1.13766573369503 0 0 0 7.635858193039894 0 1.100254118442535 0.1302065849304199 0.812964141368866 0 0 0 0 0 0 0 0.1082536354660988 0.2307762503623962 0 0 0.2341863289475441 0.2339241802692413 0 0.1902034804224968 0.2778009176254272 0.0954882875084877 1.368215844035149 0.7880963683128357 3.931879535317421 0.1631894707679749 1.485936284065247 3.298323631286621 0.1270182877779007 0.117045596241951 0.1752815395593643 0.08571799844503403 0 0 0 0 0 31.54722229391336 0.5519502311944962 0.1281153708696365 0 0 7.135490700602531 0.2209548801183701 0.627243772149086 1.885414265096188 1.025136262178421 0.4947418719530106 0.292294830083847 0 0 0 0 0.2803766578435898 0.280674047768116 0 0 0 40.69531141966581 1.739709287881851 2.378945000469685 264.7937184646726 3.93488921970129 45.09879564493895 11.00572726875544 385.3589502573013 5.782435901463032 0.7126687467098236 1.469944074749947 104.5898388624191 0.1246861442923546 6.474466860294342 1.183923840522766 285.1192380413413 0.5546876341104507 0 0.961661696434021 0 0 324.8857582956553 32.7227713689208
303.1335759535432 958.5515885129571 1845.725937210023 3.085461132228374 505.4183402135968 8.421119414269924 89.61119772493839 3585.498833365738 1663.169841900468 5.959632761776447 2459.104301728308 33.37230607122183 427.8727407604456 2658.273628294468 110.6218775287271 166.3871780857444 25.27230238169432 3.566571086645126 0.4595127925276756 2.4344152957201 3.821922570466995 1.734681643545628 7.589877612888813 2.68181087821722 14.34878055006266 4.784495413303375 20.04522223770618 2.99809180945158 1.094501368701458 1.844965264201164 1933.349273972213 164.6302647963166 1259.831266693771 0.2577702924609184 4.504660494625568 10.82405156642199 196.6126189231873 118.0185628756881 39.52662198990583 7.721866495907307 15.66934772580862 17.99868340045214 2.42774598300457 18.83730572462082 0.1043094471096992 4.133311226963997 174.9269680902362 8.491893522441387 3.726788274943829 12.17573937028646 2.423791870474815 2.169461168348789 2.43362233042717 1.778548151254654 15.77602494508028 17.1764223203063 33.03491712361574 225.9543682336807 25.24434471875429 47.0895866677165 22.57184892147779 305.1929153203964 1.0840675085783 75.74030004441738 12.46955481171608 9.360233694314957 6.599267736077309 6.188784405589104 9.674704991281033 5.070844806730747 293.3247077986598 4.667536810040474 0.1434035748243332 283.984659679234 140.5870515480638 303.5264417752624 106.25303414464 122.9451667070389 106.4270714148879 561.9113943204284 18.75532478094101 104.9160786271095 35.76209148019552 1.03258915990591 9.269741930067539 22.87882946431637 12.17269702255726 0.3103727847337723 2.662057645618916 0.3516426607966423 1.612708680331707 0.5982877388596535 13.91893422603607 6.348509058356285 6.873550705611706 43.1119661256671 16.69965977221727 0 15.14992787688971 78.85723549127579 0.3385009989142418 1.197118796408176 0.9935382679104805 0 0.4517687112092972 2.594227179884911 0.5780893042683601 0.2578378915786743 3.740892291069031 9.272634603083134 4.556141421198845 32.87429884821177 12.2141250744462 25.37278887629509 34.73546262830496 0.102346733212471 0 0 0 0 0 0 0 0 0 0.4257020652294159 0 0.4502658694982529 0 0.3418053239583969 0 1.496976278722286 0 0.6883324384689331 0.7945210337638855 3.321565426886082 0.7880871668457985 0.3261282071471214 0.1170571967959404 29.28072194755077 1.619200706481934 16.44880556315184 5.953259974718094 3.883958160877228 0.1390230655670166 0 0 1.215483091771603 0 2.442016705870628 0 0.24734166264534 0.2771875113248825 0 0 0.4894568100571632 2.35687442868948 0.4676812216639519 0 0.1355848163366318 0 0.7176752388477325 0.2127835527062416 0.08330269157886505 2.453383833169937 2.066750213503838 8.990666650235653 0.7260493859648705 0.07735282182693481 0.08789356052875519 0 0 0.1423453390598297 0 0 0.2873684987425804 34.82245560735464 1.185220502316952 0.5586911961436272 0 0.7163427397608757 12.79454735666513 0.644466757774353 4.649319842457771 0.6527071669697762 0 0.4249961972236633 0.2415930926799774 0.2074020057916641 0.1341729909181595 0.4196650981903076 0.09781878441572189 0 0.08676064759492874 0.08791219443082809 0.2467304393649101 0 15.60368437319994 10.27460979670286 12.16663993895054 708.2147077172995 32.80525526404381 725.5296132564545 229.1404844000936 62.38361855596304 56.62906510382891 1.998259015381336 35.99107424914837 10.0592947602272 0.08996006846427917 4.704186007380486 2.201712667942047 34.55174540728331 0.251474104821682 2.971156299114227 0.5848258286714554 7.126955270767212 0.9113226234912872 54.84582602232695 8.089240007102489
264.4783107936382 216.0676756426692 1.024139672517776 1145.744980789721 38.54867928475142 72.89687204360962 221.6701604872942 0.610529750585556 23.97849678993225 1323.035904437304 33.37230607122183 109.5391958653927 1260.841158643365 255.6398088186979 4.051411591470242 4.688576310873032 0.9211045354604721 0 0 0.1217043250799179 0.1628994196653366 0.7457859516143799 0.1651777774095535 0 2.012704014778137 0.5950135141611099 1.022613644599915 0.4896236658096313 0 0.6647524386644363 4.570219814777374 1.194228976964951 34.93427485227585 0 0 0.1982888132333755 30.96273028850555 3.260734684765339 5.823763534426689 1.280552074313164 2.316484048962593 1.831344783306122 0.2643670737743378 1.711889758706093 0 1.331943541765213 5.54120721668005 0.316479317843914 0 0.6467301771044731 0.1758717596530914 0.9730143696069717 0.6800665110349655 1.251158177852631 2.541342832148075 1.196708716452122 6.556988850235939 9.195810869336128 2.364882215857506 0.9958219826221466 0.3571541905403137 3.548894055187702 0 1.29756984859705 0.6470822095870972 0.9318934753537178 0.07720191031694412 0 0 0.5658141523599625 176.4059852138162 3.421046517789364 0 18.74241534620523 3.625330604612827 8.251538939774036 2.086614988744259 7.612888216972351 1.083556175231934 3.091144442558289 2.470495373010635 1.743979379534721 1.133295446634293 0 0.332603707909584 1.030984148383141 0.5214736461639404 0 0.273596964776516 0 0.1393080502748489 0.1791791021823883 0.7649863660335541 1.250583812594414 0.8209549635648727 194.8940179124475 10.45742386579514 0.789997011423111 6.233765244483948 73.22264815121889 0.2277300506830215 4.886036515235901 4.044178567826748 2.534137792885303 1.398579798638821 12.22142289578915 12.7975149974227 8.315526142716408 19.06959288567305 68.01250954717398 11.45842165499926 131.0048835277557 26.9493921995163 66.97200148552656 57.73401933163404 0.5394506901502609 0 0 0 0 0 0.5853790640830994 0 0 0 0 0 0.3325901329517365 0 0 0.3009210526943207 0.6374731436371803 0 0 1.471741430461407 2.862556830048561 0 0 0.1579828858375549 27.42066974192858 0.929102323949337 8.172995738685131 3.764265820384026 2.575832307338715 0 0.2010969817638397 0.08381506055593491 0 0 0.6499576270580292 0 0 0.5195254310965538 0 0 0.1211048811674118 1.57925059646368 0.8646104335784912 0 0 0 0.5460915118455887 0.5029610991477966 2.755937054753304 2.524292543530464 0.5996025651693344 6.197979636490345 0.3682654201984406 0 0 0 0 0 0 0 0 44.88711444288492 1.351827912032604 0.4840264022350311 0.1235776990652084 0.1142616719007492 14.99926693737507 0 1.297338724136353 0.8143424838781357 0.3793438524007797 0 0.5271322131156921 0 0 0.127518817782402 0 0 0 0.1016762033104897 0 0 44.65380623936653 3.949445672333241 7.496942743659019 168.4402750208974 2.394161283969879 39.69015365093946 13.60636719316244 159.686229981482 5.055234424769878 0 1.756821736693382 93.44290202111006 0 3.920182295143604 0.5648422390222549 218.0077851638198 0.8711191266775131 0 0.2462243437767029 0.3067846596240997 0.5191265940666199 172.9519980922341 21.75239525735378
474.7226344496012 1066.820726528764 23.47427123785019 1251.718855492771 634.9551943540573 114.1370742172003 3508.58922380954 34.93895537406206 442.8908786177635 3329.987489834428 427.8727407604456 1260.841158643365 1726.717006161809 2809.412567853928 39.21083147078753 51.32333206385374 11.5844182446599 0.9104072451591492 0 0.1199319362640381 1.441535726189613 3.624163910746574 1.240989670157433 1.074478253722191 5.534651964902878 1.747975707054138 7.251431077718735 0.9087216183543205 1.327622070908546 1.315019831061363 46.96869534254074 12.57988337427378 551.8553297445178 0.303148090839386 0.1559840738773346 1.783206820487976 230.7749868258834 29.43897285312414 41.56265558302402 9.49607041478157 11.66324722766876 9.745539106428623 0.1695794314146042 5.28785152733326 0.5936227589845657 2.468119420111179 57.32225526869297 1.627843536436558 0.8563753142952919 2.67052361369133 0.3614571765065193 5.243940904736519 4.831257775425911 0.9769031554460526 7.214813992381096 5.535171262919903 20.993318349123 37.40114063024521 14.88963925093412 13.63979994505644 3.934113256633282 10.64006827026606 0.6926239281892776 16.4814255386591 4.036379158496857 3.018449649214745 1.769455477595329 1.64575619250536 0.8105765506625175 2.269450798630714 820.3903858214617 11.24065965414047 0.5302227139472961 93.24761275947094 32.20460402220488 62.70066336542368 21.82295597344637 38.9742486923933 3.637339256703854 23.86790716648102 6.680784873664379 7.560184687376022 10.94049357622862 2.269881010055542 3.384554304182529 8.738305658102036 3.198985897004604 0 0.8277858048677444 0 1.12573117762804 1.305942356586456 1.405951410531998 3.284536816179752 2.887370243668556 1012.224353201687 26.45376759767532 1.546527087688446 18.60224969685078 171.0776866897941 1.651156358420849 19.63124442100525 65.93917446583509 8.450490467250347 4.112176179885864 68.63678266853094 46.35515071451664 16.59362372756004 57.83364096283913 210.5489645153284 30.6646051928401 454.2380774766207 122.3722247630358 256.3337929546833 222.4686406627297 2.189140260219574 1.025583863258362 0 0.7898534536361694 0 0 0 0.263111025094986 1.070184946060181 0 0.1333792507648468 0 1.961299180984497 0 0.264358714222908 0.2807802259922028 2.039787076413631 0.5380676537752151 1.192779630422592 2.442826978862286 12.05553453415632 0.9546742290258408 0.6119647920131683 0 110.4872491285205 2.290526017546654 43.00616382807493 10.16306924819946 9.649646140635014 0 0.1373896151781082 0 0.2191026285290718 0.2548958659172058 4.390901878476143 0 1.032086372375488 1.755581565201283 0 0 0.7230607718229294 6.902714960277081 0.97071273624897 0.2173985838890076 0.4797417819499969 0.1875548586249352 1.75609378516674 2.46494997292757 4.806157656013966 7.946439035236835 3.223728068172932 33.46637085080147 0.8078875243663788 0.611376941204071 0.1541308462619781 0 0.1312981098890305 0.2535484135150909 0 0 0 174.893647134304 4.27583821117878 0.1244104355573654 0 0.2931092008948326 62.03140046447515 1.239141419529915 8.170300170779228 3.821489095687866 2.177536986768246 1.155391491949558 0.5638375580310822 0.3896161243319511 0 0 0.1884098052978516 0.1491794437170029 0 0 0 0.2899124920368195 133.9836948662996 26.30705712735653 26.22707212716341 668.9642811790109 14.51850651204586 293.4753448292613 126.0755666345358 379.896167755127 31.03361909091473 13.86933659017086 20.43510147929192 239.2514470592141 0 16.31619253754616 4.249905198812485 673.2271210998297 4.489648528397083 4.225792169570923 2.013471558690071 5.251181840896606 0.5696294903755188 466.0974186658859 68.33202572911978
86.01859551668167 516.0671294480562 660.5066057667136 49.08316144347191 2061.959744609892 22.56178518384695 1537.958164595068 839.5508246719837 2018.377444587648 674.8013319149613 2658.273628294468 255.6398088186979 2809.412567853928 981.370183378458 108.6000041440129 153.9822777807713 29.14638236910105 1.844250597059727 0.2892521321773529 0.9893208965659142 2.431179270148277 3.840984582901001 6.399752594530582 3.362280383706093 16.4785815179348 5.723097115755081 22.95635970681906 2.238316439092159 1.305728159844875 2.957657024264336 355.2733443826437 71.20445298403502 1359.501823820174 0.6739066317677498 3.12766307592392 12.05834150314331 500.6642269939184 140.7256892174482 74.40399513393641 9.59139733761549 27.7752343788743 20.54121621698141 1.61581152677536 20.37842582911253 0.6639066860079765 4.250322327017784 178.3476765081286 6.977419704198837 2.570100039243698 8.49746511131525 3.450324289500713 5.420165121555328 3.891535699367523 2.410708852112293 15.07925415039062 13.32615930587053 27.062365449965 56.6250899285078 31.89531315118074 46.37476159632206 16.90874999016523 515.0485966727138 2.2041846960783 52.67958305776119 8.797864936292171 6.553552232682705 5.255431823432446 3.915844455361366 6.424420200288296 6.669787883758545 852.5413996577263 12.3376347348094 0.5677969679236412 189.0505709275603 80.5799505636096 252.6994009613991 79.60326123982668 118.5650692731142 13.0305582806468 341.1440221592784 18.1487557888031 109.2614035308361 25.40092018246651 0.4955603554844856 6.006659559905529 16.43762194365263 7.504597760736942 0.3098470792174339 3.527935892343521 0.1711681187152863 1.398451171815395 1.042776182293892 11.84431320428848 7.134741336107254 7.652181275188923 283.3379723727703 35.1377499550581 1.34725496172905 36.18230322748423 99.43122770637274 1.312315367162228 10.46522742509842 5.999965682625771 7.396354041993618 4.00359970331192 29.04482920467854 20.97354152798653 12.22823056578636 44.62737630307674 115.3690173923969 26.1613581776619 329.3325489833951 101.4032733589411 174.60543371737 175.1830463334918 3.392648987472057 0 0 0 0 0 0 0 0 0 0 0.2133657932281494 2.140599593520164 0 4.22819409519434 0.2631733119487762 2.276531621813774 0.3417422771453857 0.4275976717472076 2.165779553353786 10.58512926101685 1.721721090376377 1.779771164059639 1.318491160869598 112.9276460632682 6.843000888824463 47.37383062392473 10.87192719429731 10.43563034385443 0.1310944557189941 0 0.1979503780603409 0 1.545771256089211 4.681824669241905 0 0.5977231487631798 1.254741407930851 0 0 0.9709770604968071 6.345843635499477 1.097073681652546 0 0 0.1995282247662544 1.00521894544363 0.7275863811373711 2.910858996212482 4.352805741131306 3.786655500531197 36.11795043945312 0.9803693145513535 0.691306471824646 0.1089218854904175 0.2574382871389389 0 0 0 0 0.4614714980125427 163.2919731140137 2.485853008925915 0.5841263830661774 0 0.589797705411911 63.99413220584393 1.016005367040634 11.95625128597021 3.875319696962833 1.330035924911499 1.146097019314766 0.4116420224308968 0.6994530633091927 0.2566612511873245 0 0.1430985182523727 0 0 0 0.4214395135641098 0.1624651253223419 104.1163929626346 23.91615588963032 21.54353024810553 1208.259356237948 35.93612060695887 832.8560368046165 298.094484500587 198.1146359071136 75.55581410229206 13.52230225503445 61.82580394297838 144.6202946677804 2.302380084991455 12.85993561893702 6.903938464820385 392.9911328777671 2.725403860211372 1.834553956985474 1.581351056694984 15.11623817682266 0.4968499690294266 196.4914893880486 39.82911297678947
