124.76347617805 1969.398392759264 575.9029077887535 2506.789489112794 143.7657328248024 47.14751229435205 389.3183851391077 68.43870535492897 43.74917507171631 602.2989673092961 113.1834604665637 25.78081849962473 67.31438770145178 46.05139974504709 0.9357578679919243 0.3247971311211586 0.1403669863939285 0.3220379650592804 0.1617501974105835 0 0 0 0.1768247336149216 0.1201789677143097 0 0.1127066984772682 0.154562771320343 0 0 0 908.1977452784777 1.823012284934521 0.8547576665878296 0 0.1461062729358673 0 0.2847512811422348 0 0 0.2014043480157852 0 0.3386644124984741 0 0.1226438879966736 0.08949149399995804 0 22.20760133862495 2.534086316823959 1.229630127549171 0.09182672947645187 0.1131023019552231 0 0 0 2.909372054040432 2.646514661610126 134.9734802469611 501.0354679524899 17.03706137835979 7.270886443555355 0.4741096496582031 0.1186241135001183 0 24.50081854313612 5.005586043000221 1.725886888802052 0.09874896705150604 0.5807083919644356 0.3206901401281357 0 2.93845472484827 1.538296952843666 0 90.84871468693018 46.38771285116673 14.79422547668219 1.407891668379307 0.09030468016862869 0.4188149496912956 12.26208210736513 0.1863553524017334 0.8033859729766846 7.675870098173618 0 1.824936635792255 0.6853990256786346 0.5497860610485077 0 0.3315667510032654 0 0.1227590814232826 0.1119581386446953 0.9091430902481079 0 0.1056826263666153 25.92465019226074 1.808337591588497 0.1557362228631973 0.2103749662637711 901.5371981188655 0.3043990135192871 8.042603053152561 2.59687577188015 1.644352376461029 1.137989416718483 7.536529511213303 11.82113102823496 3.020480379462242 10.47108162939548 46.2468931004405 0.890741378068924 22.16729129850864 25.13419715315104 15.09216438233852 3.512851350009441 0.1182964742183685 0 0 0 0 0 0 0 0 0 0.5623497366905212 0 0 0 0 0 1.802691787481308 1.970153272151947 0.709875226020813 0.8233027458190918 0 0 0 0 2.664985351264477 0.9430984705686569 2.344764478504658 0 1.64561864733696 0 0 0 0 1.485391020774841 0.6493495106697083 0 0 0.509364515542984 0.2181066125631332 0 0 0 0.3229408264160156 0 0 0 0.1490098536014557 0.6103943139314651 2.308361314237118 1.945637613534927 1.979906022548676 4.812853582203388 0 0 0 0 0 0 0 0 0 8.008090101182461 0.3137028515338898 0 0 0 0.9624669626355171 0.8540492653846741 0.3255174234509468 0.1696478128433228 0.276281401515007 0 0 0 0 0 0 0 0 0 0 0 16.24279624968767 3.960324712097645 2.991008028388023 326.1261116787791 4.948676735162735 109.1362085342407 16.98009073734283 522.7371936738491 13.40652845799923 0.2365092039108276 5.090250417590141 25.16963729262352 0 0.156472310423851 0 22.50280368328094 0 1.138500452041626 0 0.9271941035985947 0 319.1381245627999 48.19410415738821
1969.398392759264 2189.441517144442 728.0922389701009 1402.637166313827 1968.446261174977 41.45880904048681 3352.288720488548 207.5279166474938 1476.61399384588 1639.498180493712 714.1424790844321 227.9991508573294 1758.478121720254 898.3282657712698 8.974727995693684 1.403224468231201 2.516270272433758 0.7232932448387146 0.1885683313012123 0.32831771671772 0.3914401829242706 0 0.107717901468277 0.1329199820756912 0.1138552129268646 0.2968967631459236 0.2742824405431747 0.1956324279308319 0 0 1382.950011879206 4.614653326570988 1.077376380562782 0 0 0 1.001540809869766 0.3151998445391655 0 0.1201748922467232 0.1960255280137062 0.2628739476203918 0 0.6872525438666344 0.10021061450243 0.1191887483000755 89.78622346371412 6.359318763017654 0.4861095622181892 0.6658439040184021 0.289495088160038 0.136436715722084 0 0 4.320382811129093 4.745022833347321 68.95940835773945 289.3293917477131 31.4275521710515 23.15603993088007 0.5399073734879494 0.09335688501596451 0 71.24674623459578 10.18037240207195 3.663550585508347 0.6477211490273476 1.26785496622324 1.459208279848099 0.4571511745452881 11.65449786186218 1.188515551388264 0.1172129884362221 201.5263258814812 106.691459916532 64.39250761270523 17.38254450261593 2.071686461567879 0.8032977133989334 19.40192854404449 1.123001180589199 2.525228977203369 10.10028860718012 0 2.938261732459068 1.494543515145779 1.05368447303772 0.1200734525918961 0.6366937384009361 0 0.4380997866392136 0.09208223968744278 0.4770831987261772 0.3060886189341545 1.091589011251926 52.42480028420687 4.430486209690571 0 0.08848367631435394 493.8397172242403 0 3.565676376223564 1.941531360149384 0.4715945869684219 1.118889413774014 13.11047413945198 5.087401323020458 2.018655493855476 5.382075600326061 26.61973933130503 1.373422682285309 16.79929611086845 20.59828677028418 15.02529231458902 6.132290475070477 0 0 0 0 0 0 0 0 0 0 0 0 0 0 0 0 0 0.1744029819965363 0 1.848960109055042 0.3245627507567406 0 0.1017930135130882 0 8.670487351715565 1.395780205726624 7.283096700906754 1.431796535849571 0.2003276944160461 0 0 0 0 1.477846324443817 0.2495097219944 0 0 0.4767338633537292 0 0.226878821849823 0.09321840107440948 0 0.3296286463737488 0 0 0 0 0.09484897553920746 0.6480885371565819 1.114000543951988 2.054024003446102 9.289614975452423 0.3005296587944031 0 0.2191023156046867 0 0 0 0.1161329671740532 0 0 9.7738286703825 1.178040415048599 0 0 0 3.15288807451725 0.3966939449310303 7.646243758499622 0 0.09079324454069138 0.280870608985424 0.1894389986991882 0.2452247217297554 0 0 0 0 0 0 0 0.3006122708320618 21.64622912555933 11.28355059027672 4.272618941962719 296.9081812947989 10.09005428105593 296.3627858385444 85.3744515478611 189.9171087518334 26.43218182772398 1.904628470540047 22.00736635178328 20.16393406689167 0 2.38700383156538 0.5479658842086792 11.53298418223858 0.2428071051836014 0 0.2596497237682343 3.985114969313145 0.4295063316822052 132.7589427158237 26.55942489206791
575.9029077887535 728.0922389701009 686.6371306627989 181.7194055765867 888.9717297852039 11.33362708240747 77.67408400774002 5387.711047843099 227.8605410009623 214.2619398832321 3144.957041583955 263.7181785255671 435.059488080442 776.6513137891889 23.49336977303028 3.908970594406128 3.5716592669487 1.165075339376926 0.1973506212234497 4.653092794120312 6.453337356448174 0 10.9500682875514 6.588617436587811 9.821674287319183 4.692835696041584 6.849557384848595 2.016256377100945 1.249623648822308 2.375172451138496 2962.575254186988 336.9100521877408 10.7728728055954 0.289810337126255 5.887106873095036 1.595326960086823 4.947933129966259 3.337325036525726 0.3839143961668015 3.676075264811516 17.46655882894993 15.46285408735275 1.536194704473019 2.866473242640495 1.409928843379021 1.217718608677387 101.3138579651713 3.834062673151493 1.452312536537647 0.9930696412920952 7.548997446894646 0.7185867056250572 0.4336784407496452 1.84182608127594 3.602501414716244 3.743950225412846 70.81756031513214 354.1303605735302 25.7958495542407 24.96146824210882 29.55236040055752 17.2496105208993 0 437.3324717506766 8.675251394510269 3.248827986419201 0.62520432472229 1.801567651331425 12.17175933718681 4.063287556171417 25.87295847386122 1.103826440870762 0.1702218949794769 184.2849700525403 145.6301353871822 107.2541859000921 53.60324313491583 7.603867463767529 22.82869828492403 555.5801579803228 7.881319552659988 71.44935137778521 6.125567071139812 0 2.794947430491447 1.079353272914886 1.411757327616215 0.09012436121702194 0.1667256578803062 0 0.8439471796154976 0.4659771174192429 21.008809491992 19.60961055010557 5.918868862092495 42.81270273029804 4.669900670647621 0.2311720103025436 1.10852524638176 300.611417748034 0 2.865891732275486 0.7748592495918274 0.3061337172985077 0.09857895970344543 0.1251923739910126 3.021767571568489 1.020143307745457 3.568042315542698 18.16003384441137 1.370092675089836 7.104803793132305 10.43663436174393 7.508168287575245 3.905251502990723 0.2184403315186501 0.09049911051988602 0 0 0 0 0 0 0 0 0 0 0.1091351360082626 0 0 0 0.09685277193784714 0 0 0.3599798381328583 0.5708044916391373 0 0 0.5215545296669006 3.711518667638302 0.52786485850811 6.678552150726318 1.206738002598286 1.27466793358326 0 0 0 0 0.2403615415096283 0.1990072131156921 0 0 0.4170613512396812 0 0 0 2.084847249090672 0.8571058884263039 0 0 0 0.3475488945841789 0.08319863677024841 0.6012038663029671 0.5431225523352623 0.9388390183448792 4.79772873967886 0.5111415386199951 0 0 0 0 0.154138907790184 0 0 0 9.541717544198036 1.691078491508961 0.4931973069906235 0 0.1055287420749664 2.605364441871643 0.6519793421030045 2.338407002389431 0.2128985524177551 0 0.5959189012646675 0 0 0 0 0 0 0 0 0 0 9.813811704516411 6.954566076397896 2.643431894481182 181.1528131440282 8.267353489995003 242.1903268694878 75.9808195233345 124.6173526123166 17.80070748180151 0.7294811904430389 12.67793342471123 10.17056067287922 0.1228159293532372 2.221840925514698 0.1711495667695999 7.616558432579041 0 0 0.7029455751180649 5.92456915974617 0 76.09361057728529 17.96083884686232
2506.789489112794 1402.637166313827 181.7194055765867 912.9108874425292 82.26508679240942 470.4307883828878 559.9305925220251 5.195476114749908 313.5316232964396 1585.656876496971 13.13616824895144 77.68422635644674 432.0401002019644 12.53488150238991 0.5893129333853722 0.1875323504209518 0.3943962603807449 0.09848570078611374 0 0.06757766008377075 0.07299023866653442 0 0 0 0 0 0 0 0 0 109.2093241363764 1.089879892766476 0.6811367943882942 0 0 0 0.2455993592739105 0 0 0 0 0.2782839462161064 0.0964447483420372 0.08887762576341629 0 0.1772573962807655 21.732531234622 3.078735329210758 0.3279795423150063 0 0 0 0 0 2.644594132900238 2.650421857833862 30.74222741276026 91.26885151863098 14.33023031800985 7.218945614993572 0.4519354850053787 0 0 14.30541201680899 3.954023726284504 1.693233549594879 0.200203038752079 0 0.2658721879124641 0.08685854077339172 0.7538442090153694 0.3625131621956825 0 69.8537148758769 30.16558003425598 15.72066158801317 2.965766340494156 0.3205668851733208 0.1911627799272537 1.200892277061939 0.2555213272571564 0.2643432095646858 4.728704355657101 0 0.8656880408525467 0.5074330866336823 0.6579947099089622 0 0.2657636627554893 0.08268807083368301 0.1026035621762276 0 0.07604371011257172 0.08041837066411972 0.1578241288661957 10.40750544518232 0.8534144908189774 0.1180508360266685 0 392.4429608732462 0 2.809391871094704 1.03034795820713 0.53659338504076 0.7546933069825172 1.938377901911736 3.520366184413433 1.275214441120625 3.580495841801167 17.74251916259527 0.2429767996072769 6.630081444978714 9.688698545098305 6.791833937168121 0.7396179363131523 0 0 0 0 0 0 0 0 0 0 0 0 0 0 0 0 0 0 0 0 0 0 0 0 1.643892049789429 0 0.7309738770127296 0 0 0 0 0 0 0 0 0 0 0 0 0 0 0.5021584033966064 0 0 0 0 0 0.3451686352491379 0.822743758559227 0.4410936236381531 0.1685599088668823 0.55765400826931 0 0 0 0 0 0 0 0 0 2.188967645168304 0.4828335642814636 0 0 0 1.514042772352695 0.7520071268081665 0.1001576036214828 0 0 0.07110896706581116 0 0 0 0 0 0 0 0 0 0 6.400655478239059 0.4256348013877869 0.7527252063155174 119.2544249594212 2.604218654334545 91.64735567569733 18.94388522207737 350.1006745994091 9.180027008056641 0.5626832619309425 4.693370006978512 8.265784621238708 0 0.9346037209033966 0 6.516091071069241 0 0 0 0.4166293069720268 0.5089220404624939 168.1388850584626 15.66678537428379
143.7657328248024 1968.446261174977 888.9717297852039 82.26508679240942 1162.645424477756 15.27075486630201 1012.867761388421 480.5628775209188 3017.687033720315 1790.430625393987 1034.069072499871 87.24246577173471 927.9748496860266 695.732800424099 18.17314133793116 1.428112007677555 3.26681699603796 0.5299365371465683 0 0.4459500312805176 0.2888306230306625 0 0 0.2861464247107506 0.3903617635369301 0.1147238835692406 0 0.2294733673334122 0 0 197.6957726329565 4.37694875150919 1.174185797572136 0.08682066202163696 0 0 0.5383141040802002 0.6296731233596802 0.08638375997543335 0 0.2018893733620644 0.09844476729631424 0.07856044173240662 0.9993308186531067 0 0.08479100465774536 112.9271562844515 2.974926806986332 1.623284116387367 0.1386799365282059 0.2298888638615608 0.2295054942369461 0 0 3.378779761493206 3.41881949454546 33.15084229409695 83.48087093234062 18.17947096377611 22.48390268534422 1.128722682595253 0.4299810603260994 0.7393627241253853 54.32401645928621 6.332317501306534 2.858219876885414 0.3626465648412704 0.5024168565869331 1.999131351709366 0.1637323200702667 4.925863943994045 0.741327702999115 0 126.5617410764098 94.57223398983479 88.5191338211298 27.33144511282444 1.60004997253418 1.49993472546339 10.71468911319971 0.1743241101503372 1.03123964369297 6.957619667053223 0 1.757517293095589 1.247114732861519 0.7066211178898811 0 0.178532250225544 0 0.3439025804400444 0.3183598220348358 0.7042645514011383 0.4751423820853233 0.2203012630343437 33.71286529302597 5.886012122035027 0.1227868124842644 0.09508291631937027 34.79521407186985 0.7040295228362083 2.549598015844822 1.485634602606297 0.2333732098340988 0 1.476477153599262 0.8857273831963539 0.106643334031105 3.890095561742783 13.45261562615633 1.102820612490177 6.261643677949905 12.07792957127094 5.763209670782089 3.199335716664791 0.7186309397220612 0 0 0 0 0 0 0 0 0 0 0 0.07883972674608231 0 0 0 0 0.1448203176259995 0 0.7239003553986549 0.2323577031493187 0 0.3574163168668747 0 3.389133609831333 0.9101817011833191 6.20382884144783 2.012411825358868 0 0 0 0 0 0.4026727825403214 0 0 0.4219480380415916 0.3653036057949066 0 0 0 0.8689944744110107 0 0 0 0 0 0 0.137682318687439 0.5569456368684769 2.157100059092045 5.888177759945393 0.3228761851787567 0 0 0 0 0 0 0 0 9.362198621034622 0.09919526427984238 0 0 0 3.067637763917446 0.9884977340698242 2.420402437448502 0.1750635206699371 0.3149212822318077 0.2798896133899689 0 0 0 0 0 0 0 0 0 0 9.86237545311451 6.836884528398514 1.943240277469158 369.0070925652981 8.644133679568768 335.7155539020896 152.3422139510512 76.17662152647972 28.18840953707695 1.61060906201601 30.37124685198069 11.19787050783634 0 1.362870566546917 0.1320210099220276 5.772237092256546 0 0 0.6311081498861313 7.672551602125168 1.531954810023308 66.42186999320984 14.24961764365435
47.14751229435205 41.45880904048681 11.33362708240747 470.4307883828878 15.27075486630201 19.56291484832764 84.12230685353279 4.693883262574673 6.60555174946785 1070.062456868589 15.84810642898083 86.22050484269857 83.11562835425138 39.06077096611261 0.2416743040084839 0.2433285415172577 0.3901331424713135 0 0 0 0 0.2198954373598099 0 0 0 0 0 0.2094592452049255 0 0 45.0594025850296 0 8.42753829061985 0 0 0 3.305251643061638 0.2233740538358688 0.4940643981099129 0 0 0 0 0 0 0 0.8523445501923561 0 0 0 0 3.106489181518555 0.1254750192165375 0 0.1509291082620621 0.1101002395153046 79.87729871273041 24.21694080531597 1.395554192364216 0 0.3349581360816956 1.088216580450535 0 0.1743167042732239 0.1242532432079315 0.2116826921701431 1.073466293513775 0 0 0 73.70260342210531 114.6465234011412 11.36350265145302 3.156700529158115 0.3852479606866837 0.3150827959179878 0.2385389879345894 0.2451475113630295 0 9.770173236727715 0.1733219623565674 2.796926282346249 0 0.8686519861221313 0 2.011549405753613 0 2.910362713038921 1.899347819387913 4.151723489165306 0.670342780649662 2.842815853655338 0 0.1778956800699234 0.1195757910609245 430.3297421485186 222.248750269413 8.839398510754108 5.479738377034664 244.243689224124 0.3096079528331757 6.104101985692978 2.007368378341198 0.7887552976608276 1.417733445763588 1.91272946447134 5.261768259108067 1.405872486531734 6.261864751577377 29.77534027397633 1.984975136816502 15.3014936670661 20.69393011927605 12.82389385998249 4.657968699932098 0 0 0 0.103697344660759 0 0 0 0 0 0 0 0 0.1441399455070496 0 0.1473957449197769 0 0.1026130244135857 0.1534316390752792 0.1446532905101776 0.1118261590600014 0.09938101470470428 0 0 0 1.958119876682758 0.2867928743362427 1.969986796379089 0.776434600353241 0.2650556266307831 0 0 0 0 0 0 0 0 0.1961633265018463 0 0 0 1.114900298416615 0 0 0 0 0 0.09835924953222275 1.536261275410652 0 0.1163791343569756 2.674675583839417 0 0 0 0 0 0 0 0 0 6.24185436218977 0.5608516782522202 0 0 0 1.954678736627102 0.5315243005752563 0.8101186081767082 0.1813092678785324 0 0.4288906827569008 0 0.07824257761240005 0 0 0 0 0 0 0 0 14.64758855849504 2.297271728515625 2.580982565879822 38.48947890102863 0 2.67253015935421 0.3283530026674271 191.5215490758419 0.32314732670784 0.2216329872608185 0 4.455576568841934 0 2.238491855561733 0.1002935841679573 14.1523515433073 0 0 0 0.1804910749197006 0 211.8144064843655 68.11259038001299
389.3183851391077 3352.288720488548 77.67408400774002 559.9305925220251 1012.867761388421 84.12230685353279 124.1344474181533 18.84085297584534 1058.108681924641 1981.172371156514 277.9028690606356 124.4145216718316 1740.051434919238 784.0939009487629 15.409283824265 1.072030790150166 2.495089530944824 0.5147587507963181 0.07946797460317612 0.6911909952759743 0.2943466156721115 0 0.08568314462900162 0 0.1703549772500992 0.2028510123491287 0.1003126800060272 0 0.1457058489322662 0 220.0466087907553 3.96104434132576 1.059927143156528 0 0 0.0907742902636528 0.36348657310009 0.292645126581192 0.1613705456256866 0 0.620424896478653 0.2197771146893501 0.07963449507951736 1.195421725511551 0.2968265563249588 0.1035284250974655 119.3498383238912 4.93391777575016 1.161083117127419 0.1973344907164574 0.5567264705896378 0.2026207223534584 0.08818748593330383 0.085854671895504 5.255248971283436 4.967355437576771 53.37097788602114 155.4475068449974 29.69156867265701 26.06894963979721 0.8959807306528091 0.8346500843763351 0 60.40340292453766 11.73661299049854 3.247673362493515 0.7060055732727051 0.7173891291022301 1.452723026275635 0.08691991120576859 3.61506076157093 0.1313014924526215 0.1190238893032074 180.7947753444314 110.3485230132937 86.46820470690727 20.27510317414999 3.294158056378365 1.465408347547054 8.300774354487658 0.7087363451719284 1.942041113972664 8.669270195066929 0.1115028485655785 3.941114157438278 1.151695013046265 1.030925408005714 0 0.4671800434589386 0 0.3439624607563019 0.626887708902359 0.9516011476516724 0.7553782612085342 0.6096514835953712 38.14549557864666 2.16707668453455 0.1197850778698921 0.07899121195077896 133.7834614515305 1.636528745293617 9.865652345120907 124.8018715009093 5.931950844824314 1.873217552900314 65.26509702205658 6.052554942667484 23.35402669012547 6.980779722332954 38.68506920337677 1.963517852127552 16.18776839971542 20.22918184101582 11.12132504582405 6.048874005675316 0.1034402400255203 0 0 0 0 0 0 0 0 0 0 0 0.5160139203071594 0 0 0 0 0.3010581433773041 0 1.391543857753277 0.8704454898834229 0 2.029449924826622 0 5.241929315030575 1.22309884428978 7.874008886516094 2.212380036711693 0.2765389978885651 0 0 0 0 0.3399635851383209 0.08869583159685135 0 0.3579487726092339 1.924536176025867 0 0.09525354951620102 0 0 0 0.1857884526252747 0 0.08787931501865387 1.073542006313801 1.647192031145096 1.844787754118443 0.5302224382758141 1.537377335131168 6.307600729167461 0.2917347997426987 0 0.2637874037027359 0 0 0 0.0966791957616806 0 0 10.58334471285343 0 0 0 0 3.456524536013603 0.7501871287822723 2.951861493289471 1.406299620866776 1.881616078317165 1.421482503414154 0.1526473462581635 0.1814547181129456 0.1147767677903175 0 0 0 0 0 0 0 17.56589575111866 11.24342724680901 3.053876876831055 367.4510320574045 10.02214553952217 377.4300013333559 135.2425942197442 197.3476211428642 27.42307159304619 1.551130197942257 28.02236410230398 17.48438054323196 0.212619885802269 5.42685629427433 0.2484914660453796 16.20050836354494 0.2014993131160736 0.1177073493599892 0.1420443505048752 6.304239198565483 1.811958968639374 123.1352953314781 23.50893720239401
68.43870535492897 207.5279166474938 5387.711047843099 5.195476114749908 480.5628775209188 4.693883262574673 18.84085297584534 2131.163926266134 127.343960724771 66.81390527635813 3252.885346792638 217.1607243567705 535.0052289143205 1407.580122850835 143.7705217301846 65.17916901409626 13.31985216587782 7.317135959863663 1.734636045992374 25.72837109863758 30.04279917478561 3.56314641982317 47.91716556251049 33.59218657761812 46.45242243260145 25.53341247886419 35.82693705707788 7.361863598227501 8.700847178697586 9.460474178195 1222.16594171524 3162.175261616707 91.82794290781021 2.2713613063097 29.04888637363911 10.62899675220251 28.59559275209904 19.2578010559082 3.285941191017628 18.32521884888411 66.84615059196949 51.44191865622997 4.554586619138718 121.2088876590133 5.417446002364159 17.0812871158123 355.1569599434733 5.864041343331337 3.281295254826546 2.535082377493382 21.49137073010206 4.874977894127369 2.139977782964706 11.44887676090002 2.677213072776794 3.215304218232632 42.27657629549503 124.752593293786 23.74501314014196 51.04037801921368 337.3091792464256 95.05358342081308 1.845298998057842 1199.689474076033 7.837118856608868 4.235061004757881 2.077518068253994 3.418425522744656 42.76087686792016 25.18519340455532 81.54073901474476 5.794668599963188 0.8808411061763763 205.7866863682866 252.5381752923131 351.206605002284 504.6486150845885 879.1741988882422 702.718277528882 1715.045673884451 271.2819742709398 670.614513322711 6.719708189368248 0.1877211928367615 3.022800877690315 0.853823184967041 2.540053687989712 0.3422224596142769 0.7592705637216568 0.611193872988224 1.255457863211632 1.382797680795193 74.98775697499514 53.12323975563049 17.42900107800961 85.87711971253157 24.23760032653809 0.3448109403252602 4.994448572397232 24.33055686950684 0.1822503730654716 0.2320700734853745 0.5097765699028969 0.870008111000061 0.2388370335102081 0.4934240281581879 0.599938303232193 0.8315155655145645 2.242800869047642 9.610963448882103 1.032667569816113 4.639412522315979 5.324776448309422 3.248488619923592 6.142480976879597 0.183677926659584 0.0908188596367836 0.2659080550074577 0.1844745427370071 0 0 0 0.2787352874875069 0 0.2937230914831161 1.785558000206947 0 2.096287578344345 0.1325928717851639 0.1405417174100876 0.7795060053467751 0.9187718257308006 1.066944614052773 0.1665357872843742 0.08751441538333893 0.6160399094223976 0 1.329315312206745 0.6737034469842911 7.27245120704174 0.7143917232751846 12.20277738571167 3.492540620267391 2.862492926418781 0 0.4403786286711693 0.2717384397983551 0 1.976144514977932 0.7175831198692322 0 0.1769299358129501 1.341203711926937 0 0 0.2447513043880463 2.361005581915379 1.199214592576027 0 0 0.07231839746236801 0 0 0 2.054698638617992 5.525056794285774 9.564053699374199 0 0 0 0 0 0 0.3911228850483894 0.102962426841259 0.3971794545650482 10.55507246404886 1.766959615051746 0 0.132027730345726 0.1189575046300888 3.008045434951782 2.906779184937477 5.786221265792847 0.2615456581115723 0.09421281516551971 0.3053981140255928 0.09638704359531403 0 0 0 0 0 0.1360224485397339 0.2887503355741501 0 0.2449619323015213 9.842420302331448 16.07241403311491 8.53507175296545 548.7750393971801 16.05645520985126 604.4162837937474 327.4283194169402 67.84110815823078 26.81927501410246 3.44821909070015 42.50301072001457 11.76531617343426 1.215751819312572 2.618406362831593 0.4117012992501259 6.586942672729492 0 0 1.514255374670029 33.39917670190334 4.045370280742645 63.98783688992262 17.10687229782343
43.74917507171631 1476.61399384588 227.8605410009623 313.5316232964396 3017.687033720315 6.60555174946785 1058.108681924641 127.343960724771 2106.365069918334 871.2017190009356 1748.776375845075 128.5500446781516 1854.430704727769 1071.656989172101 12.37726489454508 1.346071593463421 1.093353718519211 0.08132311701774597 0 0.2989405244588852 0.1921650171279907 0 0 0.09263867139816284 0 0 0 0 0 0 53.80484149605036 1.79996170848608 2.985612064599991 0 0 0 0.7395003661513329 0.09207981824874878 0.1001950278878212 0 0 0.4277215823531151 0 0.4239388480782509 0.3541916906833649 0 55.83073332160711 1.310064204037189 0.1976565793156624 0 0 0.1380741447210312 0 0 0.2113397568464279 0.9105875864624977 6.925488650798798 12.27505565434694 6.433549113571644 9.433061428368092 0.07644869387149811 0.1686471998691559 0 16.0321975722909 1.032537050545216 0.356728620827198 0.08616460114717484 0.2957549095153809 0.2390588074922562 0.2679831609129906 12.24504289031029 2.500228017568588 0 34.4124097302556 27.19842810183764 46.94892655313015 14.96225126832724 0.963384822010994 0.4299150630831718 8.480085201561451 0.4058878496289253 1.64057295769453 0.9135892018675804 0 1.001654990017414 0 0.1212991178035736 0.1949695125222206 0 0 0.0916692316532135 0 0.2505283281207085 0.1784431263804436 0.3042203858494759 64.09190747141838 4.409553550183773 0.1080247610807419 0.1533214524388313 8.023588590323925 0.3071073517203331 3.642202697694302 1.35936576873064 1.500858388841152 1.384767107665539 1.95667576789856 3.021914720535278 0.738259918987751 4.710279241204262 24.23385237902403 2.493599981069565 14.30375131219625 25.30416835099459 12.59143983572721 8.489058531820774 0.2817575633525848 0.2744660675525665 0 0 0 0 0 0 0 0 0 0 1.62098354101181 0 0 0.5059681534767151 0 0 0 0.958375371992588 0.9943624511361122 0 0 0 11.9003993421793 1.341603629291058 7.067189663648605 1.448832295835018 0.6578010618686676 0 0 0 0 1.170747697353363 1.681246981024742 0 0.2325354665517807 2.378047674894333 0 0.07894707471132278 0 1.272632986307144 0 0 0 0 1.158743783831596 0.1679339483380318 1.138811223208904 1.192707926034927 2.174904033541679 13.79211816936731 0.4967708364129066 0.1251222789287567 0 0 0 0.2077851295471191 0 0 0 17.18494205921888 0.3092406988143921 0 0 0.4258007109165192 6.055838748812675 0.996532991528511 3.9245201125741 0.5628359913825989 0.6140842288732529 0.1044631227850914 0 0.08631443977355957 0 0 0 0 0 0 0 0 22.97992566227913 13.04534398019314 5.321698375046253 240.3536723256111 3.311831802129745 144.9135979935527 84.28766548633575 23.7190505489707 10.77598056197166 0.1217205375432968 20.16463457792997 21.40440617501736 0.2210228443145752 4.950019635260105 0.6487538814544678 10.49305951595306 0.1323087364435196 0 0 11.09462520480156 1.007907509803772 68.24611135572195 24.06162959337234
602.2989673092961 1639.498180493712 214.2619398832321 1585.656876496971 1790.430625393987 1070.062456868589 1981.172371156514 66.81390527635813 871.2017190009356 1669.41605219245 419.247885890305 1265.815407723188 7531.502727009356 557.4097120389342 9.80220977216959 0.5600899830460548 0.8355691209435463 0.1285936236381531 0 0.1113108396530151 0.08487357944250107 0 0 0 0.09704194962978363 0.2674556374549866 0 0.1175052374601364 0 0 69.1992079988122 0.3753134533762932 4.622164212167263 0.0801105871796608 0 0 1.308084823191166 0.7620734348893166 0.1811741441488266 0.1059233024716377 0 0 0.2899030148983002 0 0.3379450738430023 0.329632930457592 57.03682039678097 2.606822051107883 1.15212095528841 0.1888823583722115 0 0 0.1125098168849945 0 1.438160389661789 2.013698689639568 32.40926420688629 44.8582813218236 8.56877675652504 9.736713483929634 0.2375638037919998 0.9170619249343872 0 16.75893801450729 3.222942940890789 1.355827316641808 0.5731146261096001 0.1317685395479202 0.0751526728272438 0.09320555627346039 59.14341729134321 19.56553799659014 2.209610238671303 50.50413928180933 30.86773011088371 41.33098619431257 11.33603800833225 1.184076465666294 0.1614300385117531 11.41742295771837 0.1842050999403 0.9939989149570465 2.089072287082672 0 0.5915345624089241 0.823240265250206 0.6552273109555244 0.9463568925857544 0.319580078125 1.11579293012619 0 0.6861627176403999 0.5618459284305573 0.3650205954909325 0.3206236883997917 509.8876792788506 41.95404420793056 1.115974679589272 1.131775446236134 343.0784600153565 1.948360353708267 21.79469275474548 15.25050485879183 3.805351376533508 6.646189630031586 18.91086111217737 29.01442424207926 11.59732726961374 40.1178038045764 209.8755128383636 12.33847900480032 92.84021143615246 152.8763236030936 97.85014309734106 36.14778719842434 0.1676159277558327 0.2305664420127869 0 0 0 0 0 0 0 0 0 0 0.841653048992157 0 0 0 0.549150288105011 0.1118883937597275 0 2.627074770629406 2.37331135571003 0 1.85064235329628 0.8973774909973145 31.70334760099649 2.689799621701241 32.10178377479315 2.257019214332104 3.454747132956982 0 0 0 0 3.895263224840164 2.862231180071831 0 0.3594928234815598 3.75581007450819 0 0.2639996185898781 0.2453302592039108 1.292346805334091 0 0 0.1038042455911636 0.1514420211315155 1.227945014834404 2.467191517353058 8.701683089137077 3.455120585858822 12.75708896666765 50.82999936491251 0.8048407062888145 0 0.1322441250085831 0 0.2161119878292084 0 0 0 0 71.36455338448286 0.6353974640369415 0 0 0 17.81931194663048 8.705832958221436 16.3501053377986 1.525708645582199 1.986445374786854 1.893509313464165 0.3336444497108459 0.3059857860207558 0 0 0 0 0.2214508205652237 0 0 0 118.8713804855943 45.41381618380547 16.6980263069272 749.0327901914716 7.41829764097929 192.4225711002946 103.5106637105346 528.2724396511912 19.35433299094439 1.019727192819118 47.66793923079967 93.93410358577967 0 11.10375332087278 0.3892350196838379 104.3769042342901 1.417095981538296 0 4.313058868050575 12.67708507180214 1.816932737827301 726.3815527260303 242.754605486989
113.1834604665637 714.1424790844321 3144.957041583955 13.13616824895144 1034.069072499871 15.84810642898083 277.9028690606356 3252.885346792638 1748.776375845075 419.247885890305 2321.198284246027 435.8419245183468 2092.563327081501 2488.084246218204 78.27523705363274 25.52349100261927 3.967967487871647 0.6368227750062943 0.08891938626766205 0.6499073728919029 1.239074110984802 6.784787803888321 2.264104790985584 0.8890118598937988 5.394159533083439 1.997542127966881 5.282239377498627 2.212413296103477 7.683182738721371 2.863254129886627 273.8522851392627 92.48362591862679 389.2536708116531 0.1140918135643005 1.055949158966541 1.738000452518463 78.25375618040562 13.86443476378918 4.622708693146706 8.536857299506664 8.002498887479305 14.09747486561537 0.6589002534747124 3.262613192200661 0.5057754367589951 0.5823169052600861 219.8343256786466 1.396337516605854 1.748948685824871 0 4.111135601997375 6.750937283039093 1.928599536418915 11.22529938817024 0.9756375774741173 1.062628529965878 17.70923896878958 34.161755643785 13.38744070380926 25.9585849121213 2.910150848329067 22.73577254265547 0 53.57456381618977 3.41609650850296 1.593147039413452 0.5437098070979118 0.5644965320825577 2.165536403656006 0.7830758467316628 230.1518807262182 11.24548627436161 0.4807123094797134 84.41321402788162 70.73388361930847 160.2952260077 83.01625004410744 13.09123641997576 1.142833530902863 259.4877931252122 0.8682249635457993 44.35485345125198 3.616949781775475 0 0.7161182463169098 0.2847475707530975 0.3958359882235527 0.18219143897295 0.2742564827203751 0.6648860275745392 0.742594875395298 1.016360566020012 4.417578771710396 11.30870422720909 8.054159685969353 347.6022881492972 61.09246252477169 1.049801230430603 4.888215020298958 25.26846783608198 0.448518417775631 4.778504431247711 1.468959279358387 0.3018456399440765 1.597582921385765 2.794812820851803 2.039405316114426 1.85648924857378 5.710272654891014 35.2221425101161 5.773621119558811 20.751633644104 35.76769804954529 22.21603034436703 14.50977316498756 1.525471344590187 0.6697031185030937 0.4300028681755066 1.225512862205505 0.3771101534366608 0 0 0 0 0.4846355617046356 0.2426769733428955 0 1.715732164680958 0.400861382484436 0.4340961426496506 0.09169914573431015 0.389199934899807 0.8258484154939651 0.1412814408540726 1.651013553142548 2.00933150947094 0 5.004876241087914 1.959408320486546 22.57376658916473 1.978915020823479 24.77816890180111 9.962460115551949 2.152179419994354 0 0 0 0.09591009467840195 2.68320021033287 0.7503170222043991 0 0.3047959506511688 2.22221102565527 0 0 0 2.004148378968239 0.2151965200901031 0 0 0 0.7911099493503571 0.5645212531089783 1.253548316657543 6.7895567715168 12.48313455283642 33.60073988884687 0.4786090552806854 0.06388504058122635 0.09991741180419922 0 0 0 0 0 0.3269567787647247 40.70603311061859 2.316862612962723 0 0 0.2237983196973801 8.164368636906147 6.122920237481594 16.18119720369577 0.8991287797689438 0.7965228781104088 2.026693798601627 0.3687768206000328 0.4888969734311104 0 0 0 0 0.2533375918865204 0.1475545465946198 0.1654850095510483 0.1220735237002373 33.89841412752867 39.31669490039349 16.22560364753008 737.1873053908348 7.78942646831274 411.1076652482152 277.3092182055116 68.91320604085922 21.45091611146927 2.204419635236263 40.30067965388298 28.1515991166234 0.2004381418228149 9.070530414581299 0.698794960975647 15.44654686748981 0 0 1.808296576142311 42.26720950752497 1.199515804648399 147.4541984945536 50.0614749789238
25.78081849962473 227.9991508573294 263.7181785255671 77.68422635644674 87.24246577173471 86.22050484269857 124.4145216718316 217.1607243567705 128.5500446781516 1265.815407723188 435.8419245183468 124.5608921572566 2694.853074342012 906.8845456242561 18.53516698628664 7.935038335621357 2.890728436410427 0.1028258502483368 0.1025141701102257 0.07288812100887299 0 1.432913839817047 0 0.1200776621699333 0.1506925076246262 0.1163527220487595 0.5215656831860542 0.4254705533385277 1.590594798326492 0.1365606188774109 35.77473773062229 1.477594986557961 57.51506488770247 0 0 0.4278041273355484 65.40821722149849 8.211347654461861 4.096276246011257 2.194645963609219 0.1234802082180977 1.167530857026577 0 0.7459582909941673 0.08972466737031937 0.300812155008316 41.29117954522371 0.3593696653842926 0.3681398779153824 0 1.227107457816601 1.554102301597595 1.052600808441639 1.204806596040726 0 0.07775445282459259 7.029470697045326 4.169609420001507 1.937699660658836 3.245267756283283 1.763337858021259 16.93801156431437 0 8.088320203125477 0.8172592893242836 0.1485856845974922 0.1175037920475006 0.0835241824388504 0.2880657911300659 0 283.2444885671139 26.60683152079582 3.133635826408863 12.81222358345985 9.785797283053398 20.27690443396568 11.26402041316032 3.042137503623962 1.621216975152493 68.86498688906431 0.6151282340288162 12.77861855179071 1.0339001044631 0.2009251043200493 0.148898109793663 0.4723049849271774 0.1428420394659042 1.461448758840561 0.1093125715851784 0.7607598602771759 0.1129338592290878 0.1285000890493393 0.4871491566300392 0.6981828212738037 0.9536513388156891 1466.901429727674 219.0310435891151 4.885645218193531 19.67680923640728 18.93788889795542 0.7672444432973862 4.922372408211231 5.004432283341885 1.907752983272076 3.094813488423824 3.129819244146347 10.0094196498394 5.944333307445049 11.48750304430723 88.64077200740576 7.937500491738319 46.89776155352592 65.55979162454605 49.89952805638313 28.45404479652643 1.326623819768429 0.1661570519208908 0.3197637945413589 0.1468634158372879 0 0 0 0 0 0 0 0 1.002401620149612 0.1395087838172913 0.3783583343029022 0 0 0.7646883353590965 0 4.034072816371918 2.978167876601219 0 4.160869248211384 0.5085669755935669 38.33238309621811 3.059331893920898 38.72344898432493 11.75490321218967 4.938331015408039 0 0 0 0 1.38047007471323 1.158510506153107 0 1.334648594260216 4.883957892656326 0.195832148194313 0.2245142310857773 0 1.295768119394779 0 0 0 0 1.112631298601627 0.5682279169559479 3.671701967716217 8.078977420926094 16.13553857803345 42.87722278386354 0.5036757066845894 0.2838147282600403 0.6073386073112488 0 0 0.3398202136158943 0 0 0 63.62563295662403 3.054253898561001 0.09352163225412369 0 0.134062647819519 18.93135098367929 6.131974093616009 25.47539440542459 1.744693540036678 1.303453199565411 2.13245153054595 0.09675920009613037 0.6968291029334068 0 0 0 0 0 0 0 0 76.14835020899773 59.25885342806578 17.87820342183113 366.35116943717 0.7776471972465515 98.84076277166605 69.98221918195486 86.26370146125555 4.942225009202957 0.1402371376752853 8.98357842862606 38.87098331749439 0.2082612365484238 14.8666455373168 1.38505631685257 28.23413222283125 1.005356639623642 0 1.009115442633629 15.88796234130859 1.808386996388435 610.8311009407043 108.0782698318362
67.31438770145178 1758.478121720254 435.059488080442 432.0401002019644 927.9748496860266 83.11562835425138 1740.051434919238 535.0052289143205 1854.430704727769 7531.502727009356 2092.563327081501 2694.853074342012 2550.459223620594 4568.760549083352 37.43770726770163 15.77679730951786 5.746178820729256 0.5860366672277451 0.1123108938336372 0.3251905515789986 0 5.207979932427406 0.4240898117423058 0.1128677949309349 1.92446568608284 0.5530809760093689 0.9354406967759132 0.6926763206720352 4.575328305363655 0.3018267750740051 57.6616350710392 4.175026118755341 811.3108391538262 0.1075965613126755 0.1265383064746857 0.4247658252716064 518.4712044149637 48.59937983751297 51.53054365515709 4.207128718495369 1.332223691046238 1.967476047575474 0.1360764503479004 3.087378636002541 0 0.3245173990726471 77.83412145078182 0.228824608027935 0.2906724661588669 0 0.6521280556917191 2.824288547039032 6.407713867723942 4.613152027130127 1.307850375771523 0.9890840947628021 8.503179825842381 15.49167191982269 5.314835213124752 7.055468812584877 6.779514998197556 82.92628489434719 0.2558460608124733 19.44620048254728 1.681652031838894 0.7236823067069054 0.3719621002674103 0 0.7970765605568886 0.2811273857951164 818.7519691586494 37.32070323824883 2.052604407072067 31.84669361263514 22.05371474474669 54.90422144532204 27.16635259240866 8.436037674546242 6.140708111226559 234.2963605225086 3.02096962928772 49.22926323115826 0.6728207916021347 0.09279552102088928 0.1673914045095444 0.6885649189352989 0 0.6906968355178833 0.6401861310005188 1.509163685142994 0.3347826823592186 0.3938817530870438 1.348089396953583 2.5308658182621 2.617182150483131 1491.628777399659 244.849506944418 8.571079380810261 51.75103994458914 26.79948384314775 1.477161332964897 11.70154632627964 7.794668383896351 3.244965456426144 8.552265211939812 10.49450985342264 15.4031759724021 9.842523373663425 32.52200365811586 155.9396331459284 13.5071270018816 79.40882428735495 105.1683705970645 82.40288650989532 42.09498997032642 1.01399253308773 1.566605009138584 0 1.443438343703747 0 0 0.1610752642154694 0.1193619519472122 0.3052686303853989 0 0.2005683779716492 0 3.897636026144028 0.8062944114208221 0.7041230648756027 0.5275287181138992 1.02262220531702 1.221509456634521 1.915138989686966 4.586795918643475 3.241716243326664 0 8.994439862668514 2.270608246326447 48.51296098530293 4.736706383526325 63.14949763566256 16.14957206696272 9.658094704151154 0 0 0 0.1940262764692307 5.54085087031126 1.337471403181553 0 2.278844058513641 5.219358831644058 0 0 0.08790287375450134 4.701926425099373 0.205283597111702 0 0.3833081126213074 0 2.251071717590094 1.777933925390244 4.966792277991772 12.19491574168205 26.63268166035414 68.66269399225712 1.277461715042591 0.2447069138288498 0.09647548943758011 0 0 0 0 0 0 99.12847994267941 3.974308088421822 0 0 0.09628922492265701 27.41074816137552 11.32664018124342 32.4487232863903 2.201883308589458 3.081703163683414 3.047517161816359 0.1141032204031944 1.111177179962397 0.8053983151912689 0.09654887020587921 0 0 0 0 0 0 121.0469652414322 81.69163623452187 32.58759591728449 513.0993649512529 4.021607741713524 210.7868247851729 135.6138121709228 104.7399062439799 7.807579278945923 1.217401728034019 17.37436403334141 71.02857890725136 0 16.50935842096806 3.362502165138721 47.25853195041418 1.813193134963512 0.0750531479716301 2.029133796691895 27.34570932388306 1.562306508421898 536.818401016295 161.7660469636321
