468.2303905114532 3978.137450523674 1122.377856999636 838.6737151294947 57.72402799874544 108.5472475588322 639.8797650411725 158.5246471166611 44.62202779948711 532.3081110939384 154.5115262567997 96.82893641293049 145.8579013422132 117.8250598609447 2.250669330358505 2.444541320204735 0.442414291203022 0.1780411303043365 0.6504422128200531 0.2819560766220093 0.5743636712431908 0 0.09934739023447037 0.2550028041005135 0.715982586145401 0.4203125238418579 0.3351613879203796 0.0888635516166687 0 0 977.2162424921989 5.107003316283226 17.27147398144007 0.496718555688858 0.6177777275443077 0.09253393858671188 5.347106851637363 1.996494464576244 0.7947032675147057 0.5633949711918831 0.789192870259285 0.5690381526947021 0.45158801227808 0.8066266626119614 0.9973819181323051 0.6814542859792709 16.53293803706765 0.9750949814915657 0 0.2712651193141937 0.0837860032916069 0 0.6751353070139885 0 0.0810166522860527 0.3214542716741562 225.9742217212915 680.3366508632898 25.05907817929983 17.76164010167122 0.2423730045557022 6.300755776464939 0 41.20654932409525 0.1824267506599426 0.3129157349467278 0.07901080697774887 0.4195236787199974 0.5877165496349335 1.227294959127903 7.574203841388226 2.197348386049271 0 129.1482086777687 67.05313641950488 14.68556904792786 5.669356096535921 1.776281841099262 1.364431455731392 97.32516647875309 0.7520100697875023 2.660038150846958 1.60815005004406 0.1666626334190369 0.3509293720126152 0 0.1844448670744896 0 0.08506713062524796 0 0 0 2.056763730943203 0.488519698381424 0 170.5252132713795 1.564283192157745 0 0.6094280332326889 902.008569046855 0 12.5771498978138 4.579832591116428 13.00736625492573 1.803571060299873 6.358885869383812 36.59920828044415 7.783377170562744 9.673978142440319 12.92732392251492 1.559084936976433 11.81312789022923 20.72618986666203 7.600220046937466 10.13972989469767 0 0 0 0 0 0 0 0 0 0 0 0 0 0 0 0 0 0 0 0.08531659096479416 0.2911816835403442 0 0 0 4.276931434869766 0.2561020851135254 3.277971372008324 1.495011240243912 0 0 0 0 0 0 0 0 0 1.301708400249481 0 0 0 0 0 0 0 0 0 0.2619936764240265 1.123542845249176 0 0 1.572511479258537 0.1565411686897278 0 0.3524695038795471 0 0 0 0 0 0 3.384952269494534 0.1398174464702606 0 0 0 1.647356301546097 0 0 0.7090018317103386 1.185319185256958 0.1121897026896477 0 0 0 0 0 0 0 0 0 0 7.854837067425251 1.157494753599167 0.2318188324570656 823.4499411657453 1.330839827656746 21.12887619435787 6.789143182337284 409.6791554763913 1.941854789853096 0 1.932109624147415 35.64876705408096 0 0.1180115789175034 1.371935367584229 80.53159622848034 0.1396202594041824 0 1.39165598154068 2.405984252691269 0 157.855997659266 5.433402732014656
3978.137450523674 3264.860726170242 1343.152888305485 1357.058038063347 3869.188362300396 186.3080614060163 2256.0017208606 585.5797786042094 1878.663536682725 468.7866024747491 1854.913950510323 316.1149900853634 1312.394264265895 2732.811597675085 47.97540460154414 20.38531735911965 2.099389366805553 0.9450891092419624 2.172134548425674 1.059186510741711 3.773310996592045 0.167255312204361 1.300808042287827 0.6637088656425476 4.807946003973484 1.539895288646221 0.6433753818273544 0.352181576192379 0.2506699785590172 0.1063959524035454 1823.700097732246 30.97344100475311 47.64867489039898 2.378391183912754 1.307478584349155 1.342060625553131 15.73903655260801 4.496648490428925 2.704756118357182 3.113856591284275 3.57189530134201 1.402844689786434 4.519368104636669 4.016639195382595 4.529516957700253 1.451239377260208 408.0283353999257 5.569740295410156 1.636859863996506 1.778915517032146 0.3947509229183197 0 0.4056905657052994 0.2087104544043541 0.746515266597271 0.5128498524427414 197.4694885648787 833.9491588659585 26.4098099693656 177.6389918550849 1.945667840540409 30.9969544261694 0.7833552062511444 260.358585819602 2.878323204815388 2.837539367377758 0.2415781319141388 0.8463839963078499 2.126678369939327 4.461915731430054 6.946943581104279 4.430360548198223 0 508.3757983110845 170.72285765782 187.3708024173975 66.42444509640336 9.975886754691601 6.3772953748703 263.8785200193524 2.59304216504097 15.15788158029318 15.64516658335924 0.1199732273817062 2.408230848610401 0.63117865473032 1.333200819790363 0.09194938093423843 0.9735792204737663 0.07606595009565353 0.7398570328950882 0 9.174006156623363 0.9922400936484337 0.2575722858309746 35.18537119776011 0.3735254928469658 0 1.088812112808228 405.5111599266529 2.322698831558228 2.995704136788845 1.68780779093504 3.533800557255745 4.473771877586842 5.491596885025501 12.51516949385405 3.55546273291111 5.708615481853485 21.71896138042212 1.971603713929653 18.60164020210505 16.62735131382942 8.365241155028343 29.27013605087996 1.883967541158199 0.2287705093622208 0.1128323301672935 0 0 0 0 0 0 0 0 0 0.8161484599113464 0 0 0 0.5696866512298584 0 0 0.5921445414423943 1.772371880710125 0 0.3537300005555153 0 11.32216237485409 1.283074766397476 16.30946927517653 12.13394816964865 2.43538373708725 0 0 0 0.0893249586224556 0 1.309561640024185 0 0.8122498914599419 0.2938049286603928 0 0.07734803855419159 0 0.7386649399995804 0 0 0.248599112033844 0 0.7673082798719406 1.017115116119385 0 0 0.8823813050985336 13.52557440847158 0.0932181105017662 0 0 0.1052759140729904 0 0 0.1988928318023682 0 0.4617562592029572 5.263656750321388 3.09204013645649 0 0 0 5.976155363023281 0.4645317494869232 0.7276773899793625 1.924367897212505 2.63325360417366 0.5600131005048752 0.959740936756134 0.1898296698927879 0.07459152489900589 0 0 0 0.2331926226615906 0 0 0 4.072757311165333 5.856207624077797 13.08406292647123 505.3516195863485 5.916854344308376 355.1342230215669 121.5324114784598 434.6164795532823 92.58496783673763 1.304493375122547 31.31270627677441 5.961461015045643 0 1.928855285048485 1.882349625229836 18.03815200179815 0.2279771119356155 0.1548751592636108 0 16.7386472299695 0.2953859269618988 77.01448190957308 22.95304192602634
1122.377856999636 1343.152888305485 692.8741375282407 72.46175909042358 466.3100600019097 48.62046433985233 160.5766534879804 2164.79107312113 603.6722503006458 8.12861543148756 2638.783782400191 17.04083009809256 338.5730605982244 2426.400443792343 38.23473343253136 51.31921575963497 3.708928547799587 5.430239230394363 7.09403807669878 14.23295963555574 33.93568706512451 0.09332025051116943 20.51396806538105 11.99003360420465 26.81849766895175 12.13970026373863 2.849877327680588 2.484523862600327 1.410250425338745 0.7457728087902069 3226.201627671719 212.4409489557147 177.6609990596771 22.70331697911024 13.99046929180622 10.18349280208349 60.93798809126019 23.97039417177439 16.50601327419281 26.65713373571634 36.15818939730525 9.063876509666443 43.9108505025506 8.431652568280697 45.10033679381013 14.62305815517902 150.0699446052313 3.811366409063339 4.404536284506321 12.09840623289347 1.361131705343723 0.09962420910596848 5.113261885941029 0.6268886253237724 0.0894845724105835 0 100.3966846987605 536.0371860824525 10.89593527466059 46.1173347234726 23.32742650806904 202.6041321866214 8.03823184967041 301.8092817850411 0.9631926789879799 1.57292652130127 0.09050598740577698 2.727646388113499 31.51975857466459 53.12155429273844 16.37114229053259 9.65588366985321 0 147.1130470521748 81.3164166547358 96.47703469544649 48.84927945584059 12.92448585107923 100.4801227524877 1570.488755315542 20.62553881853819 152.8461393788457 4.553004547953606 0 1.650097765028477 0.1779413372278214 7.74292603880167 0.1876498162746429 0.1896403059363365 0.08854769170284271 1.867975011467934 0.2669118419289589 89.48502979427576 8.27947598695755 2.054691731929779 13.99628182500601 2.951211392879486 0 3.282928206026554 361.6685608252883 3.254097297787666 1.58234629034996 1.22139310836792 0.1044255718588829 0.2523045465350151 1.110658228397369 0.4525008201599121 0.4086170718073845 0.7064278647303581 3.955231584608555 3.050905510783195 6.880691066384315 8.470500707626343 3.625380009412766 15.06742241978645 2.481866732239723 1.228086367249489 0 0.06659869104623795 0 0 0 0 0 0 0 0 0.7206535339355469 0 0 0.09371191263198853 0.4268872737884521 0 0 0.3891987502574921 2.834561966359615 0 0.3210929408669472 1.552077651023865 9.037009738385677 5.498833701014519 7.062625013291836 9.981254182755947 1.616348102688789 0 0.1402471363544464 0 0 0 0.5422569513320923 0 0.9757087454199791 0.145422101020813 0 0 0.3550763055682182 1.266124583780766 0.230944037437439 0 0 0 0.562311626970768 0 0 0 0 7.08936282992363 0.07291442155838013 0 0 0 0 0 0 0.1266828179359436 0 1.665228210389614 6.561760023236275 0 0.08682189881801605 0 3.449588112533092 1.969812870025635 1.486568689346313 2.179308995604515 1.214704267680645 0.3197945356369019 0 0 0 0 0 0 0 0.3173101246356964 0 0.09148171544075012 3.377439357340336 9.834428936243057 11.99193677306175 144.209778226912 3.545077674090862 132.7497466132045 52.98668220639229 151.3690025359392 21.52736856043339 0.359056830406189 10.38487005233765 2.903180837631226 0.4581993520259857 1.622943572700024 0.10484828799963 9.220096975564957 0 0 0 8.931097254157066 0 16.74294236674905 12.10152019560337
838.6737151294947 1357.058038063347 72.46175909042358 412.7210279777646 92.31344554573298 252.6111971661448 935.658286139369 6.04570222645998 70.53069711476564 1875.53873295337 10.40273767709732 1262.044426597655 1405.303290128708 20.04071233421564 2.033301390707493 0.3092392757534981 0.3593883961439133 0.1044428944587708 0.342843770980835 0.2651339992880821 0 0 0 0 0 0 0 0.1864739805459976 0 0 105.4139572903514 1.258276492357254 1.166467294096947 0 0 0 3.616409189999104 0 0.2300414890050888 0 0.1071370244026184 0.1226377487182617 0.08012765645980835 0.3132887855172157 0.4626209139823914 0 18.14751708507538 0.3267499059438705 0 0 0 0 0 0 0.2013720124959946 0 47.30815476924181 123.8641181662679 4.126176446676254 14.39935017377138 0.156395435333252 0.2238720953464508 0 18.22675259411335 0.2401148974895477 0.7338127940893173 0 0 0.08359234780073166 0 4.269591316580772 0.08629892021417618 0 69.15735603123903 19.34575628489256 10.05490402132273 1.836320109665394 0.2630082368850708 0.4266810193657875 0.3473190292716026 0.1726228892803192 0.398196779191494 1.498553082346916 0 0.1602493822574615 0 0.1723243743181229 0.2070309221744537 0 0 0.246917150914669 0 0 0 0 51.24572219699621 0.3042110800743103 0 0.1213266551494598 299.1406562253833 0 7.718695849180222 1.475845724344254 4.523213945329189 0.1931629106402397 4.200887359678745 14.8163131326437 2.12856462597847 35.67423242330551 9.189473122358322 1.120733074843884 8.097133480012417 11.46977026760578 4.617379792034626 7.514867223799229 0.5907948911190033 0.09984929859638214 0 0 0 0 0 0 0 0 0 0 0 0 0 0 0 0 0 0.1470036506652832 0.3391087651252747 0 0.08102279156446457 0 1.647266611456871 1.563609033823013 3.607598155736923 0.9673794582486153 0.09609470516443253 0 0 0 0 0 0 0 0 0.2310927286744118 0 0 0 0.1258725225925446 0 0 0 0 0.2432388961315155 0.1187058091163635 1.150207027792931 0 0 2.260658629238605 0 0 0 0 0 0 0 0 0 3.184626042842865 0.5783042907714844 0 0 0 0.1055389568209648 0 0.187281996011734 0.3499447926878929 0.1072329953312874 0 0 0 0 0.08853683620691299 0 0 0 0 0 0 3.076053939759731 0.2813762947916985 2.282773323357105 158.4167083799839 0.2563436329364777 19.29506298154593 6.303481228649616 291.4832139462233 2.095975816249847 0 1.140062384307384 14.14874614030123 0 0.11044592410326 0.1928899437189102 44.73505952954292 0 0 2.073943480849266 0.4077569246292114 0 127.4623750895262 15.07493402808905
57.72402799874544 3869.188362300396 466.3100600019097 92.31344554573298 1625.117700845003 5.352002456784248 648.3833968117833 265.9285612627864 914.1049579530954 58.70356233417988 786.7105758488178 6.666214406490326 103.4773836955428 1296.984550714493 17.00233770161867 12.98574434220791 0.7146075516939163 0.20015699416399 0.3932356238365173 0.08162847906351089 0.2860025092959404 0 0.3048113435506821 0.4841876029968262 0.6007044538855553 0.1904281675815582 0.5327318161725998 0 0 0 73.15105869621038 12.67584578692913 1.340452328324318 0.3537940308451653 0.5968789234757423 0.08842270076274872 0.5748551189899445 1.086122758686543 0.5325161963701248 0.4927278608083725 0.5078208521008492 0.09470611810684204 1.217400617897511 0.6464427262544632 0.6266678869724274 0.3311000168323517 109.4099349752069 0.5597359910607338 0.2983031496405602 0.3337336257100105 0.4760632514953613 0 0.8601909726858139 0 0.2729150727391243 0.1021321266889572 13.03022301569581 46.55180426314473 2.450389340519905 25.04292284324765 0.424761027097702 2.429064132273197 0.1130527406930923 27.67905854433775 0.2734862267971039 0.5193571597337723 0.1653164327144623 0.4115537703037262 0.4323762878775597 1.171588614583015 1.437511183321476 2.443421378731728 0 54.96382552012801 17.28995075076818 53.93537575379014 23.69066322594881 4.323494292795658 0.3541970700025558 5.338536128401756 0.7701774872839451 1.063894331455231 2.006390981376171 0 0.2931754216551781 0.08496008068323135 0.09608948975801468 0 0.185246579349041 0 0 0 1.746859766542912 0 0.09722764045000076 3.236535333096981 0 0 0 6.356105469167233 1.219296261668205 5.098424881696701 0.9783355444669724 3.843734890222549 3.45448525249958 5.956457011401653 6.619328275322914 6.886433675885201 3.457861714065075 15.81123560667038 3.749200470745564 18.5627490952611 15.48046990483999 10.36029916256666 20.99669319391251 1.145105004310608 0.3932578712701797 0.08856410533189774 0 0 0 0 0 0 0 0 0 0 0 0 0 0 0 0 2.869763568043709 1.441544950008392 0 0 0 10.47327707707882 2.497866481542587 16.5225672647357 12.26596292108297 1.834245845675468 0.3987511992454529 0 0 0 0.2967965006828308 0.6733009815216064 0 0 0.9663254171609879 0 0.4877762794494629 0 1.665820613503456 0 0 0 0 0.3461928963661194 0 0 0.5806674063205719 0.4754746854305267 17.67747919261456 0.2955650612711906 0 0.1715665012598038 0 0 0.2178602516651154 0 0 0.09663677215576172 7.799257785081863 0.3726818859577179 0 0 0 5.834200136363506 0 1.269617766141891 1.315091967582703 0.947899118065834 1.480917528271675 0 0 0 0 0 0 0.0817500427365303 0 0 0 4.764133162796497 8.584507212042809 10.63262783735991 319.3312844932079 3.134678065776825 94.63857901841402 47.64871507138014 44.02037707716227 23.60175903141499 0.105996809899807 16.91001266241074 1.772172391414642 0 4.354989558458328 0.5489239990711212 12.72041907161474 0 0 0 11.0168164819479 0 12.45659731328487 24.43928915262222
108.5472475588322 186.3080614060163 48.62046433985233 252.6111971661448 5.352002456784248 9.780126661062241 104.0756125077605 5.326150603592396 19.56414394825697 445.055061660707 3.521040290594101 143.753555804491 184.133297406137 28.57776917517185 0.6569627895951271 0.8873923942446709 0.1746336966753006 0 0 0 0 1.112273350358009 0 0.09982080012559891 0.1916362196207047 0.102558508515358 0 0 0 0 57.10174678266048 0 39.51982153207064 0 0 0 34.92834430932999 1.550490856170654 7.916602954268456 0.4567344859242439 0 0.3923018276691437 0 0 0 0 1.072128847241402 0 0 0 0 5.148766413331032 2.27994279563427 0 0 0 41.04315589368343 7.428811430931091 0.6227997094392776 0.07933610677719116 0.5631182491779327 3.147378578782082 0 0.16330187022686 0 0.1047138571739197 0.7709812074899673 0 0 0 256.2412978485227 100.1275628060102 13.92034834623337 3.490805398672819 0.2651424258947372 0.6027077585458755 0.2904042899608612 0 0.2250708341598511 6.789436168968678 0.2917141616344452 1.008370481431484 0 3.11615151911974 0 0.2600673362612724 0 1.413022473454475 0.5520530119538307 3.608084946870804 0 0.2072435915470123 0 0.1191892474889755 0.6188335120677948 401.9965307712555 169.4103787541389 11.59033493697643 31.37097875773907 385.0903473347425 0 4.162889942526817 1.092066735029221 3.841866299510002 0.3425401225686073 1.043134421110153 12.43972364068031 3.938128262758255 2.287791393697262 2.510681495070457 0.1001349315047264 3.92963781952858 6.91038466244936 4.899034023284912 1.45490600913763 0 0 0 0 0 0 0 0 0 0 0.1200222596526146 0 0.1700590848922729 0 0 0.3409647196531296 0.1160565912723541 0.3910635709762573 0 0.4485399723052979 0 0 0 0 1.441726595163345 0 0.5689771622419357 0.8830116987228394 0.4598786905407906 0 0 0 0 0 0 0 0 0.2843717634677887 0 0 0 0.6005510464310646 0.1482734531164169 0 0 0 0 0 0.3468522578477859 0 0 2.771448530256748 0 0 0 0 0 0 0.2812704741954803 0 0 1.428246319293976 3.142821565270424 0 0 0 0.446209043264389 0 0 0.1341224908828735 0 0 0 0 0 0 0 0 0 0 0 0 1.792378589510918 0.172867551445961 1.277847990393639 162.6137516498566 0.6425953283905983 2.308326601982117 1.0331721752882 94.80363117158413 1.846841096878052 0.1759710907936096 1.934410810470581 19.26788271218538 0 0 0 35.34387172758579 0 0 1.373396456241608 0.5116175711154938 0 73.35502924770117 9.605294406414032
639.8797650411725 2256.0017208606 160.5766534879804 935.658286139369 648.3833968117833 104.0756125077605 474.0937962383032 36.48343265429139 612.3830701559782 945.2116812691092 149.7691213339567 461.3006154149771 5171.387512400746 825.7580735832453 30.40506499260664 15.46837653964758 1.62772449105978 0.4195991903543472 0.2943978533148766 0.1897269412875175 0.4951099008321762 0 0.5061318948864937 0.5454698875546455 0.7608248889446259 0 0 0.1994185745716095 0 0.1031017974019051 164.8589476570487 7.631363362073898 13.20642967522144 0.6268116310238838 0.333925649523735 0.338067039847374 16.06280791759491 2.087347656488419 0.7153321206569672 0.5196811482310295 0.8163408637046814 0.4574187770485878 0.6639096438884735 1.214089959859848 1.014394417405128 0.2609480619430542 182.4564374387264 2.73754308372736 0.4404736086726189 0.4247262701392174 0.1024002730846405 0 0.2402305528521538 0 0.2946750223636627 0.1245734244585037 64.54157386347651 239.5108770392835 10.10528708249331 71.54548508301377 0.2922156155109406 3.043973855674267 0.1068434566259384 59.04434610903263 0.579162560403347 1.13292421400547 0.1204377040266991 0.1952835097908974 0.9427719339728355 0.9229163303971291 8.431122325360775 11.33102859556675 0 176.3918101117015 54.40749052539468 84.44070392474532 30.90577709674835 4.740841202437878 1.847331400960684 3.889135234057903 0.4151519685983658 1.703012481331825 5.588371433317661 0 1.08224792778492 0.3730671480298042 0.164735734462738 0.1358349174261093 0.1959601193666458 0 0 0.0967908576130867 1.960848286747932 0.504734143614769 0 60.546241723001 0.3455243110656738 0 0.1978882625699043 96.1867340952158 1.897523194551468 15.28444045782089 45.1558441221714 26.44999405741692 11.34096343070269 26.70342181622982 33.52042210102081 31.21290919184685 35.6149987578392 41.67842035740614 2.764257103204727 32.8113958388567 45.86490349471569 31.87338266521692 50.65860939770937 1.207433827221394 0.1759299784898758 0 0.2255487442016602 0 0 0 0.08751586079597473 0 0.1719476580619812 0 0 0.07837250828742981 0 0 0 0 0 0 2.728500612080097 4.896936513483524 0 0 0.09744413197040558 16.61901364475489 1.622621417045593 24.88864605873823 12.96655564010143 1.313852727413177 0 0 0.4957076013088226 0 0.160257026553154 0 0 0.3493589907884598 0.8053454235196114 0 0 0 0.670430988073349 0 0 0 0 0.2834312990307808 0.23663280159235 0.5211052447557449 0 0.764330193400383 21.50185042619705 0.348472386598587 0.3048007860779762 0.194292351603508 0 0.1951593607664108 0 0 0 0 10.88220150023699 2.742182075977325 0.4536027014255524 0 0.08507004380226135 6.948032379150391 0.8133193179965019 2.750809237360954 2.881703600287437 3.290081799030304 0.9128418117761612 0 0 0.07689215242862701 0 0 0 0 0 0 0 13.35609274357557 9.144579991698265 12.99390754103661 412.9320324882865 3.643091082572937 170.8217669352889 61.97634091973305 178.4987882301211 38.43895789980888 0 20.72946522384882 15.64051148295403 0.2383157163858414 5.02395885437727 1.841197483241558 49.92444992810488 0 0.3965059220790863 0 10.16342170536518 0.8565235435962677 79.59542430192232 35.50395065546036
158.5246471166611 585.5797786042094 2164.79107312113 6.04570222645998 265.9285612627864 5.326150603592396 36.48343265429139 925.5590825900435 253.7681468874216 1.658908940851688 1934.206493452191 16.01646250486374 241.1020555123687 1043.503817930818 44.57308931648731 50.26850705593824 5.053133808076382 7.752479925751686 7.256809543818235 14.93720848858356 49.09434475004673 0 22.09886784851551 13.79593010991812 23.16460360586643 16.13550161570311 3.681667931377888 3.68226845562458 0.5619997754693031 0.8983971625566483 1487.364418901503 1369.178413294256 249.2630585357547 28.22725925594568 15.90871388465166 9.694720044732094 140.4831996187568 49.41584954410791 11.33899179846048 18.48395987600088 45.11906168609858 8.342277027666569 55.78252585232258 43.60778790339828 61.68396233767271 33.83019537478685 163.9965614974499 3.528682596981525 4.287400268018246 14.20778443664312 1.798099152743816 0 2.84311331808567 0.1884504109621048 0.5316623747348785 0.1732700020074844 61.22082768008113 370.1537963487208 7.500835031270981 59.95991197228432 108.4575437009335 789.4242083765566 20.57353028655052 707.5857233628631 0.4905226677656174 1.121958289295435 0.1782050505280495 2.352309472858906 28.84031020104885 62.56469883769751 29.55671030282974 4.699476212263107 0 156.0364738963544 100.9529031179845 121.1581124216318 231.8783595748246 140.069723457098 674.7202158197761 1374.768218435347 198.9741868898273 1675.444223515689 3.508797220885754 0 1.277214735746384 0.3177930563688278 8.665318697690964 0.1665517389774323 0.2657168135046959 0.2475466653704643 0.9104170650243759 0.195073276758194 87.76752097159624 9.207602456212044 1.575709447264671 10.17899791523814 0.491934671998024 0 1.73250812292099 72.85508120059967 0.09247121959924698 0.09071684628725052 0.07896889746189117 0.1372244656085968 1.204161934554577 0.7861147150397301 0.07432626187801361 0.2779667750000954 1.995611228048801 3.769132904708385 0.4544568583369255 2.19973199814558 1.407096765935421 1.765853367745876 2.45560460537672 0.09797825664281845 0 0 0 0 0 0 0.09173577278852463 0 0 0 0 0.1207493022084236 0 0 0 0 0 0 0.0874037966132164 0.6182132810354233 0.08915707468986511 0.07686205208301544 0 2.774944350123405 0.2772945016622543 4.742147855460644 1.420539721846581 0.217169001698494 0.1243818551301956 0 0 0 0 0.09413082152605057 0 0.09070468693971634 0.05802910029888153 0 0 0.1332597881555557 1.018796429038048 0.09076912701129913 0 0 0 0 0 0.1261841207742691 0 0 2.127250507473946 0.08082724362611771 0 0 0 0 0.1076040118932724 0 0 0 1.17646186798811 1.219567783176899 0.2263095527887344 0 0.1861423552036285 1.962153889238834 0 0 0 0.2993562072515488 0.2848393023014069 0 0 0 0 0 0 0.210109680891037 0.1006385758519173 0 0 0.2911337092518806 1.332320161163807 3.797677226364613 123.4493259862065 5.151969954371452 133.8724396154284 57.45006768777966 41.20094196498394 25.51581199467182 0.39083531498909 8.653335019946098 1.74237148463726 0 0.7558470442891121 0 0.3557254374027252 0.09371552616357803 0 0.102349691092968 14.15771332383156 0 5.074726141989231 3.90590988099575
44.62202779948711 1878.663536682725 603.6722503006458 70.53069711476564 914.1049579530954 19.56414394825697 612.3830701559782 253.7681468874216 194.7639543786645 313.9220971614122 573.9028815552592 47.27221159636974 570.6447336673737 1027.06808142364 19.64358434081078 20.50348932296038 0.8379320949316025 0.3327622637152672 0.3157623410224915 0.4058600664138794 0.7259814888238907 0 1.249339051544666 0.7129869908094406 0.9901012256741524 0.7863746806979179 0 0 0.1212975904345512 0 80.84471999853849 10.09595055878162 2.053413942456245 0.2827304899692535 0.8812390118837357 0.4150272235274315 2.064775474369526 0.9650137424468994 1.115221545100212 1.4159130230546 1.470940001308918 0.6541384533047676 0.6336968466639519 0.5208258703351021 1.092755116522312 0.09151472151279449 111.4287357740104 1.441711902618408 0.07654079049825668 0.2064809948205948 0.1112484782934189 0 0.9585686251521111 0 0.1496714800596237 0 10.99611895903945 33.57303779572248 2.420309446752071 20.20050206407905 0 4.224899172782898 0.2176243960857391 22.21390303224325 0.8972472324967384 0.57175213098526 0.08182936161756516 0.1771052330732346 0.8253194391727448 2.228844664990902 1.513611778616905 5.017823919653893 0 48.90476529300213 12.7299598865211 44.7234256900847 27.07779486104846 4.619028694927692 0.5986233726143837 11.74454493075609 0.3727214485406876 2.894045636057854 2.033491931855679 0 0.1623797491192818 0.1965813413262367 0.3414369001984596 0 0.412901371717453 0 0.502053014934063 0 2.617642842233181 0 0 18.31938451528549 0 0 0.6881017088890076 13.96725069731474 0.4871973544359207 8.433309838175774 3.901859499514103 3.285640060901642 5.188293479382992 9.920616239309311 22.71028472483158 7.974749840795994 9.187296330928802 35.6482242718339 6.072133973240852 20.38286805152893 32.18849670886993 19.46869097650051 37.99447598308325 0.3293675482273102 0.3521251678466797 0 0.08099325746297836 0 0 0 0 0 0 0 0 0.802878737449646 0 0 0 0.562822699546814 0 0 3.296573773026466 3.560134410858154 0.203294113278389 1.459596872329712 0 16.83596634864807 5.006859220564365 26.12196433544159 13.61610402166843 0.5864326506853104 0 0 0 0 0.4284091293811798 0 0 1.61916384100914 1.873230367898941 0 0.2774641513824463 0 1.559249587357044 0.1305333822965622 0 0 0 0.1181450858712196 0.2173024266958237 0.3328163325786591 0.36355160176754 2.078937903046608 24.66770599782467 0 0 0 0 0 0.2309019714593887 0 0 0 9.169006757438183 4.290678441524506 0 0.5984523296356201 0 11.34817205369473 1.452746391296387 1.026422865688801 1.169407203793526 2.414065755903721 2.331038922071457 0.7505684196949005 0 0 0 0 0.0839870497584343 0.09246417880058289 0 0 0 10.1403249129653 9.221078686416149 13.47145264595747 397.0219822302461 4.432729169726372 109.748965151608 57.15112382918596 67.43821471184492 23.94248059391975 0 18.2690407037735 11.7044697701931 0.3356133699417114 3.077468387782574 0.4182744100689888 27.51368644833565 0 0 0 14.53350773453712 0.2131845355033875 41.75639608502388 31.26333679258823
532.3081110939384 468.7866024747491 8.12861543148756 1875.53873295337 58.70356233417988 445.055061660707 945.2116812691092 1.658908940851688 313.9220971614122 1351.912883877754 1.048594005405903 1333.233382813632 4760.812237046659 236.407105281949 3.557978846132755 1.960459984838963 0.07721780240535736 0 0.2586351111531258 0 0 0 0 0.1138863265514374 0.4686109572649002 0 0.4058719873428345 0 0 0 138.7585897296667 1.035441070795059 47.70343397557735 0 0.1647444665431976 0 90.87060110270977 3.154257744550705 6.424573324620724 0.1157197803258896 0.1472716331481934 0.08674818277359009 0 0 0.3324120938777924 0.1512779295444489 17.19984207302332 0.5878136903047562 0 0 0 0 0.188883438706398 0 0 0 48.38861609250307 135.7957674488425 4.971484310925007 15.48980151116848 0 0.2571814358234406 0 11.4279846996069 0.1018758043646812 0.3233534023165703 0.1201779693365097 0 0 0.1090564057230949 170.6341986879706 0.2643650993704796 0 63.50552292540669 16.98642615973949 11.79231730848551 4.289112910628319 0.3960109427571297 0.213344506919384 1.13642143458128 0.4534231647849083 0.1521909609436989 1.454390116035938 0 0.1178001835942268 0 0 0 0.09800830483436584 0 0 0 0.09644215553998947 0 0 224.7031126394868 2.831439077854156 0 0.5220165252685547 301.7830348834395 0.09474805742502213 27.7566464394331 12.02629590034485 23.0710715726018 6.830436632037163 11.75393188744783 72.35375440120697 9.862903088331223 60.78761409968138 39.06069514155388 3.256752699613571 38.88029369711876 57.25378436595201 30.91410622000694 47.46642991900444 0.6873425915837288 0.1184405535459518 0 0.1347953528165817 0 0 0 0 0 0 0 0 0.09135603159666061 0 0.4716726243495941 0 0.09766539186239243 0 0 2.26152291893959 1.274317063391209 0.857088565826416 0 0 14.09892462193966 1.754737831652164 15.26115058362484 10.67118189483881 0.4740313962101936 0 0 0 0.3599661886692047 0 0.4640756174921989 0 0.8715214356780052 1.739743888378143 0 0 0 0.1124600544571877 0 0 0 0 0.5446802377700806 0.5885816812515259 3.304836377501488 0.07554215937852859 0.1143027693033218 8.634819440543652 0.1246636956930161 0.3849640861153603 0 0 0 0 0 0 0 15.84047123044729 3.052438385784626 0 0 0 2.838370718061924 0 0.9643074199557304 0.2796469032764435 0.3991600424051285 0.7812568247318268 0.9583756923675537 0.1095848903059959 0 0 0 0 0 0 0 0 23.36796427518129 2.921400636434555 7.306141644716263 335.4819587469101 2.162795513868332 21.70148765295744 4.272176399827003 556.5632673427463 2.001750744879246 0 1.470238693058491 50.88768344372511 0 4.209898680448532 0.0920904204249382 115.237825833261 0 0 3.465301424264908 1.149691447615623 0 483.3595203384757 61.25306347757578
154.5115262567997 1854.913950510323 2638.783782400191 10.40273767709732 786.7105758488178 3.521040290594101 149.7691213339567 1934.206493452191 573.9028815552592 1.048594005405903 1414.92722389102 10.5635811984539 329.7878855466843 2053.378106936812 17.8562601543963 23.78970246762037 1.509172208607197 0.1000823006033897 0.3045696169137955 0.1086455807089806 2.982871294021606 0 1.16410693526268 1.758223541080952 6.275046095252037 3.424564190208912 0.2579531744122505 0.189700648188591 0.08959399908781052 0.232003927230835 493.0809898152947 57.27319496124983 286.1663667783141 1.209488764405251 2.942577347159386 3.291971921920776 200.6818055287004 87.9656932130456 4.732892170548439 6.663505867123604 8.786558024585247 2.273971609771252 0.4511034116148949 1.374218266457319 1.320746086537838 0.550960011780262 60.37950500100851 1.001047573983669 0.08723989874124527 0.7320806756615639 0 0 0.2981518283486366 0.1191381886601448 0.1056198254227638 0.09660366922616959 9.536182593554258 48.07817493006587 1.563907131552696 15.36892504990101 1.718467637896538 119.2408965714276 0.9782092794775963 26.8689379543066 0.1582613661885262 0.2901949509978294 0.1037048101425171 0 0.7343140169978142 3.396654382348061 34.35638289153576 1.388278245925903 0 35.67978727072477 14.03229007869959 36.28791439533234 21.11361788585782 3.67747500538826 4.26084166765213 228.2719104960561 0.7759115248918533 73.49580480158329 1.454776182770729 0 0.5178121775388718 0 0.3195963725447655 0 0.07484858483076096 0 0.1604594141244888 0.1028605550527573 5.814660601317883 1.396579042077065 0.2033212706446648 13.55346991121769 0.8012476861476898 0 0.3963418453931808 15.57768384367228 0.3355249464511871 0.2761842906475067 0.9602832049131393 0.1178857609629631 1.123309709131718 1.087318174540997 0.9631015658378601 1.502709560096264 0.5745844691991806 3.887743815779686 0.9287880212068558 3.355373799800873 2.377122886478901 2.13003072142601 6.82480227202177 0.3069461509585381 0.0897425189614296 0 0.1705302894115448 0 0 0 0 0 0 0.1660889834165573 0 0 0 0 0 0 0 0 0.09551718831062317 0.6543402373790741 0 0.06826649606227875 0 4.871602162718773 0.121387705206871 4.804069645702839 1.731383837759495 0 0 0 0 0.2022140324115753 0 0.1897516548633575 0 0.3946296274662018 0.3852333128452301 0 0.3670288771390915 0 0.8696481585502625 0 0 0 0 0.08299184590578079 0 0 0 0 3.375462368130684 0.1197927221655846 0 0 0 0 0 0 0 0 2.612436465919018 2.251168079674244 0 0 0 0.6760224103927612 0 0.3373901844024658 0.1298687756061554 0.5807191133499146 0 0.083568274974823 0 0.1916822642087936 0 0 0 0.08910417556762695 0 0 0 1.191676825284958 2.379509329795837 2.21305600553751 109.2685376927257 1.965188667178154 61.75309842824936 27.49462725222111 20.80105417221785 12.01426957547665 0 9.936704948544502 0.6160599738359451 0 0.3007031306624413 0.3092921823263168 2.334668755531311 0 0 0 7.699880450963974 0 1.836133450269699 3.456675551831722
96.82893641293049 316.1149900853634 17.04083009809256 1262.044426597655 6.666214406490326 143.753555804491 461.3006154149771 16.01646250486374 47.27221159636974 1333.233382813632 10.5635811984539 54.65430394560099 677.0076208263636 40.78786426782608 16.50901485979557 21.49112922698259 0.9100158587098122 0.1177330911159515 0 0.2116137892007828 0.3094352260231972 0 0.408675841987133 0.3715825453400612 2.146984130144119 0.7894002050161362 0.3427312970161438 0.2020689249038696 0.2767071053385735 0.2327593490481377 12.95783358812332 2.271330684423447 183.6089230179787 0.292219951748848 0.4682349190115929 0.3215982690453529 817.9955129027367 87.94153995066881 37.45291045308113 3.180355466902256 1.393465146422386 0.08849262446165085 0.1666350960731506 0.3044521510601044 0.8195124045014381 0.1272502839565277 25.35524383187294 0 0.08267096430063248 0 0 0 1.600278228521347 0 0 0 7.086253292858601 9.843878835439682 1.407087661325932 3.275146037340164 0.3469314575195312 22.25403660535812 0.5339927896857262 3.662053897976875 0.3099930658936501 0.2298442125320435 0.07987245917320251 0 0.4983366951346397 0.994634635746479 330.7773491665721 2.539280109107494 0 11.09488295763731 3.102199990302324 14.14014359936118 9.639459114521742 2.359526991844177 0.1256265640258789 17.003303617239 0.1415994167327881 4.748370327055454 0.3355261757969856 0 0 0.07582712173461914 0.1623020842671394 0 0 0 0 0 1.684857450425625 0.7502571418881416 0 672.446652635932 22.22117855399847 0 0.7777868360280991 47.69157869368792 2.719324417412281 30.06624465435743 14.91878881305456 33.47557532042265 16.89137510955334 30.41142950206995 120.9720350876451 28.1325331479311 32.5811218842864 100.9456989169121 12.71138697117567 101.9247064515948 135.3984954506159 96.07932316511869 107.5757876709104 0.9924445450305939 0.7488548383116722 0.1515460759401321 0.3011684343218803 0 0 0 0 0 0.0893978625535965 0 0 0.200287938117981 0 0.9728227853775024 0 0.108240433037281 0 0.1433388814330101 3.739807024598122 2.748255617916584 0 0.1745302900671959 0 34.39571277052164 2.055322363972664 35.7162981107831 15.15917594730854 1.381086230278015 0 0 0 0 0.07883331924676895 0.4722962602972984 0 2.502379864454269 2.03884382545948 0 0 0.07606565952301025 1.164140477776527 0 0 0 0 0.3192562013864517 0.8625944852828979 2.446075700223446 0.1784224361181259 0.395489864051342 31.72388869524002 1.341972187161446 0.5409370884299278 0.2320650964975357 0 0.08313561230897903 0 0 0 0 35.64191617071629 7.33651115745306 0.2739960551261902 0.08264698833227158 0 8.976710632443428 0 2.119885504245758 1.758650243282318 1.274578236043453 1.459956921637058 1.080508261919022 0.2653993219137192 0 0 0 0 0 0 0 0 64.08789732307196 10.34372352063656 16.52256602048874 176.3649917244911 3.553760454058647 33.27427783608437 20.32301712781191 111.3781297802925 2.842577427625656 0 5.173136234283447 55.19739040732384 0 6.930354822427034 0.896564818918705 154.5142425373197 0.1216762810945511 0 3.130367875099182 8.755551472306252 0 297.4340646341443 112.0053028687835
145.8579013422132 1312.394264265895 338.5730605982244 1405.303290128708 103.4773836955428 184.133297406137 5171.387512400746 241.1020555123687 570.6447336673737 4760.812237046659 329.7878855466843 677.0076208263636 1391.288751006126 2848.712306015193 85.33050037920475 106.2644965723157 6.113476939499378 0.9124619700014591 0.7587006092071533 0.8013816513121128 4.695362031459808 0.1312679201364517 4.811296083033085 2.922309562563896 14.88773441314697 4.140684828162193 2.138567350804806 1.304466515779495 0.693101592361927 0.458959586918354 130.8988425955176 17.02761275693774 967.5179643183947 2.599270723760128 3.659429997205734 3.047301799058914 1576.410045754164 309.1446143835783 60.64055483788252 15.14824314415455 11.2038945928216 4.419378899037838 2.863500237464905 2.41638121753931 2.528139311820269 1.052306368947029 180.5366492494941 1.186844788491726 0.5010858699679375 0.1990194395184517 0.5483901500701904 0 5.508329160511494 0.247006930410862 0.1109185144305229 0.1734985485672951 15.47501442581415 44.72610661387444 3.166504457592964 20.20529455691576 4.314836263656616 114.4410054609179 1.010206110775471 26.85178487747908 0.7496630176901817 0.6764456257224083 0 0.1688173115253448 1.633383959531784 6.85764204710722 298.2167200222611 12.4270857796073 0 56.48206540942192 22.7790273539722 93.15540880337358 61.39669311419129 19.4143066033721 6.125439800322056 225.36796721071 1.353778101503849 14.67112455144525 3.002435944974422 0 1.248545922338963 0.1068411469459534 0.8137433305382729 0 0.09930998831987381 0 0.3616870194673538 0.2906781584024429 17.41265511512756 2.709191545844078 0 1233.112640671432 40.52978616952896 0 3.624438479542732 71.47470066696405 4.776427932083607 42.87629355490208 18.154237665236 55.41613127291203 29.96318062394857 59.60765992105007 138.1039990335703 53.97973027080297 68.40479000657797 130.4622475728393 21.31325801461935 252.6959461048245 236.7735373452306 159.0252571702003 175.5291870012879 2.313484668731689 1.497689321637154 0.1768835037946701 0.6052355840802193 0 0 0.09948438405990601 0.09608843177556992 0.3667926639318466 0.09968586266040802 0 0.4508831799030304 0.5960765779018402 0 0.4910635501146317 0 1.032998085021973 0 0.1772669106721878 7.848076693713665 10.65237610787153 0.297547847032547 0.5300939083099365 0 65.7448968142271 10.43953225761652 84.97717683017254 42.25440361350775 3.403564557433128 0 0.6265608072280884 0 0.3237092718482018 0.8978978917002678 0.8164701238274574 0 1.710942558944225 5.568755887448788 0.1671014428138733 0.3813866451382637 0.3869600743055344 4.838527590036392 0 0 0 0.08528648316860199 1.091340787708759 3.05792248249054 5.599476203322411 1.06659260392189 0.7911922857165337 68.09728494286537 2.612366423010826 0.2648274898529053 0.08903589844703674 0 0.07338593900203705 0 0.1668154522776604 0 0 50.32827731966972 15.12902434915304 0 0 0 21.33171623200178 2.800726942718029 10.47147674113512 5.744314156472683 5.252430111169815 1.935841113328934 0.6804250180721283 0.4599135220050812 0.1015326455235481 0 0 0 0 0 0 0 76.64163081347942 21.06592445075512 44.15142447501421 876.1740939244628 20.47634391486645 216.6950719803572 140.117704346776 171.0802249386907 17.72062706947327 0.1587555408477783 31.71271295100451 65.18619523942471 0 18.90075954794884 3.225423991680145 181.7487586066127 1.371225953102112 0 3.479889690876007 44.07192867994308 1.459675505757332 297.7950079664588 152.1127357557416
