153.247003480792 1391.852469310164 1258.350736331195 1231.487551018596 79.03540391474962 59.52705128490925 845.8252619951963 390.9022097885609 664.8046903461218 2880.22357069701 467.9297594241798 58.58165703713894 304.4783967882395 341.5164352059364 2.332936145365238 1.382297612726688 0.1823234409093857 0 0 0 0 0 0 0 0.1819756701588631 0 0 0 0 0 310.2476693689823 1.988280236721039 13.10473350435495 0 0 0.4377208724617958 5.556646436452866 0.9967719614505768 2.00701192766428 2.12801643460989 0 0.08072616904973984 0 0.1201081350445747 0 0 5.894700076431036 0.5156001374125481 0.08791281282901764 0 0.2608257308602333 0 0 0 1.065512098371983 0.490070603787899 183.6958126798272 176.2686531841755 18.21848916262388 3.230738297104836 0.09699343144893646 1.504345886409283 0.08558422327041626 3.82526969909668 0.1667379513382912 0.4272889867424965 0.1120128557085991 0.08484737575054169 0 0 8.573584720492363 1.642212092876434 0 20.04115199297667 9.17387294024229 5.630877032876015 2.069402404129505 2.205370001494884 0.6704951971769333 34.59557569772005 0.5242664963006973 1.124194756150246 1.231013223528862 0 0.2832767367362976 0.3139532208442688 0.2073448002338409 0 0.08457472175359726 0.09001404047012329 0 0 0 0 0.1411630064249039 9.403230227530003 2.46844556927681 0 4.373369269073009 757.4807514771819 0.1614004969596863 0 0.4983881115913391 0 0 0 5.07706618309021 0.900793194770813 3.902982786297798 7.624093011021614 0.2801215499639511 11.12848603725433 8.46257945895195 15.66117279976606 13.01429356634617 1.080824352800846 0 0.0791214257478714 0.2954181134700775 0 0 0 0 0 0 0 0 0 0 0 0 0 0 0 0 0.6117460131645203 0 0 0 3.370402060449123 0.8559850752353668 4.495533347129822 2.502345144748688 1.029493689537048 0 0 0 0 0 0.5005153343081474 0 0.3729535639286041 1.245958909392357 0 0 0 0.2304151058197021 0 0 0 0 0 0 0 0.3750536739826202 0 8.186652600765228 0.164615124464035 0 0 0 0 0 0 0 0 8.163356356322765 0.2389567643404007 0 0 0 3.717392325401306 1.396435052156448 2.034714363515377 1.179828979074955 0.1327428966760635 0 0 0.3373063057661057 0 0 0 0 0 0.2196915075182915 0 0 6.903823375701904 3.929171986877918 2.200111955404282 317.233318336308 1.194109573960304 28.69755429774523 10.94243463128805 557.7809149026871 4.600545600056648 0.7022435143589973 2.813571564853191 11.14272155612707 0.1142835393548012 5.382256142795086 0.3259494975209236 21.20414119958878 0 2.32136282324791 0 1.568636365234852 0 165.3927127495408 2.375339552760124
1391.852469310164 1487.895629763603 616.0148663520813 570.3887624442577 1355.322268113494 80.26838697493076 4523.737570431083 550.2508752271533 2411.612276896834 996.4050109982491 837.7642455250025 577.5433521419764 1820.043644674122 1256.23237452656 3.330979987978935 3.722235441207886 0.7619136571884155 0.2900985032320023 0 0 0.08317187428474426 0 0 0 1.013174220919609 0.2823293879628181 0.1751683205366135 0 0 0.1222720816731453 408.1927640810609 12.09075301513076 66.46426887065172 0 0.1245266869664192 0.4543561786413193 15.99364970624447 2.484657414257526 6.141674891114235 2.748295359313488 0 0 0 0.3839563429355621 0 0.4729219377040863 41.17423184216022 0.5034301429986954 0.5778728350996971 0.07142751663923264 0.1614054515957832 0 0.776588186621666 0 2.48183262348175 2.006288327276707 58.92566655576229 141.7343275919557 27.86892908811569 10.20632523298264 0.8390176668763161 5.867161400616169 0.1198415011167526 22.93693067133427 1.658433355391026 1.378393076360226 0.6496217250823975 0.3373265862464905 0.1680306568741798 0 177.3490036278963 3.853553161025047 0 62.99227724224329 45.59077591449022 19.72301536798477 6.674436390399933 6.079598776996136 2.836586222052574 68.8501546010375 0.7992635443806648 5.433002665638924 3.490406319499016 0.08518240600824356 0.5119502693414688 1.67088670656085 0.5111836269497871 0.1072801575064659 0.08721648901700974 0 0.7308893874287605 0 0 0.4385185912251472 0.08521311730146408 47.76788536459208 2.237745903432369 0 4.383595533668995 339.8105023577809 0.4073051363229752 0.7625918835401535 0.4821874499320984 0.3024534434080124 0.650244802236557 2.256704941391945 1.420273818075657 2.204398281872272 3.427906505763531 23.62714286148548 0.4509165361523628 42.13753165304661 39.22578271478415 68.51721173524857 66.69495638459921 1.107245936989784 0.5661928430199623 0.3175602108240128 0 0 0 0 0 0 0 0 0 0 0 0 0 0 0 0 5.408294498920441 0 0 0.2532782182097435 0 15.79132130742073 2.5941306874156 7.896856643259525 2.489051327109337 0.7873427048325539 0 0 0 0.09360349178314209 0 0.5476373881101608 0 1.149792172014713 3.487506546080112 0 0 0 0.7309821248054504 0 0 0.3834222257137299 0 0.544908419251442 0.08593926578760147 0.1436851173639297 2.02617010474205 0.09230325371026993 20.37459698319435 1.351925939321518 0.6878345906734467 0 0.1168076395988464 0 0.08108815550804138 0.08570928871631622 0 0 49.01332378387451 2.766737833619118 0 0 0.07736344635486603 6.23661731928587 0.3503902852535248 8.958468794822693 1.45689632743597 1.017077066004276 1.258999787271023 0 0.5243423730134964 0.1671710014343262 0 0 0 0.2396036982536316 0 0 0 47.82727484405041 9.711905986070633 6.656138226389885 279.946845356375 3.698364697396755 142.8921841159463 40.42671846598387 423.7894702851772 13.5267243757844 0.888332411646843 14.08495729416609 21.98810648173094 0.8334909304976463 10.21644134819508 1.302075766026974 36.48483493924141 0.4337744265794754 0.3122922480106354 0.1924683824181557 7.445758514106274 0.158837229013443 236.3514884784818 14.89202331751585
1258.350736331195 616.0148663520813 257.4037398025393 84.23246897757053 191.1903881430626 70.4173222631216 464.5005946531892 2563.412729140371 1301.113658383489 123.7639087699354 1263.412660777569 66.59175939112902 678.8077697604895 1787.053189188242 8.900871559977531 9.539567783474922 1.44757678732276 0.17695552110672 0 0.09049485623836517 0.09671362489461899 0 0 0.120976984500885 3.877608492970467 0.3905675560235977 0.6137606799602509 0 0.2402950823307037 0.1206642016768456 4223.25054217875 70.66483541578054 176.3835639953613 0 0.4308202862739563 2.293584451079369 34.99959311634302 6.633970402181149 6.20812451839447 5.918898411095142 0 0.0748089998960495 0 1.702045723795891 0.07565063983201981 0.4054400622844696 70.31860049068928 0.6460804268717766 1.002411693334579 0.2763975709676743 0.6526564285159111 0.18006332218647 0.09367662668228149 0 4.039487570524216 1.786481387913227 77.94489760696888 226.1218858286738 34.61914759874344 16.51724381744862 10.56881696730852 25.1441073641181 0.1627877950668335 59.78130002319813 2.10938399285078 1.610549673438072 1.1853062286973 0.727003201842308 0.3769799321889877 0 42.66005223989487 0.2110513523221016 0 90.72531204670668 84.25690904259682 35.04321818053722 13.87382491677999 10.82854618877172 312.0023808702826 441.2760862484574 6.286904647946358 100.8917965590954 4.868804134428501 0.08475926518440247 1.637047134339809 1.964807718992233 0.3865654841065407 0.1711313277482986 0.7272303029894829 0.1942469924688339 0.9049154594540596 0.2503102496266365 0.3679325804114342 0.3737260177731514 0.2883606180548668 6.166273146867752 3.774881988763809 0.1484307050704956 10.74680031836033 316.1864125952125 0.2795471549034119 0.6011406779289246 0 0.1145672053098679 0 0.5105599761009216 0.2900326699018478 0.2140874341130257 0.5303391143679619 3.461489275097847 0.4559319540858269 10.81006465107203 8.702923633158207 21.90404251217842 19.78545705974102 0.5897333025932312 0.4564790800213814 0 0.2375390082597733 0 0 0.1361320614814758 0 0 0 0 0 0 0 0 0 0.08353042602539062 0.09898536652326584 0 1.508700422942638 0.09504380077123642 0 0.2915703132748604 0 4.932235904037952 2.098306328058243 4.603237073868513 2.605293169617653 0.1859980076551437 0.08216845244169235 0 0 0 0.339506171643734 0.4175255075097084 0 0.1056546568870544 0.7844366133213043 0 0.08132023364305496 0 0.4069249555468559 0 0 0.7073606327176094 0 1.275670625269413 0 0 0.6786825358867645 0.3993795290589333 6.779040902853012 0.08373519033193588 0.3902592957019806 0 0 0 0 0 0.07949088513851166 0 19.40724546462297 1.531269490718842 0.1285352259874344 0 0.06586321443319321 4.070684753358364 1.568873517215252 4.826961845159531 1.280912674963474 0.6958112046122551 1.079405337572098 0.1087536066770554 0.4424405992031097 0.105228379368782 0 0 0 0.08865989744663239 0.1438976973295212 0 0.0854569599032402 15.54295941442251 4.99230345338583 4.838158898055553 290.7013750374317 5.605200000107288 193.2391524389386 63.82559960335493 135.5646890923381 15.97879979014397 1.189943604171276 17.73194924741983 6.073222696781158 0.5134127587080002 5.227102424949408 1.014992952346802 10.32626947015524 0.09933383017778397 0.3455051407217979 0 12.57034309953451 0 79.47496577352285 8.117512680590153
1231.487551018596 570.3887624442577 84.23246897757053 475.1964428275824 47.28753757476807 198.3141014128923 511.6847116053104 8.011426359415054 45.39493051916361 1287.98708383739 5.972032368183136 37.36377950012684 422.9122819676995 75.82099963724613 0 0 0 0 0 0 0 0 0 0.08382610231637955 0 0 0 0 0 0 27.6160217449069 0.5796880349516869 0.06742300093173981 0 0 0 0 0 0.3895345628261566 0.1107405349612236 0 0 0 0 0 0 2.637387678027153 0.2735846042633057 0 0 0 0 0 0 0.6679658815264702 0.3723025918006897 18.95889656990767 36.28294474631548 5.130650900304317 1.179637245833874 0.08367776125669479 0.1678608804941177 0 2.707983396947384 0.3143538981676102 0.3349290639162064 0.2780104279518127 0.08515520393848419 0.07064522057771683 0 8.040551945567131 0 0 12.73979116976261 6.43518927693367 1.143883541226387 0.1959248557686806 0.359254002571106 0.1571143567562103 0.4048675000667572 0 0.224611721932888 0.5162364616990089 0 0.4617747515439987 0 0.07487275451421738 0.09631668776273727 0.141360230743885 0 0.0714728981256485 0 0 0.07423210144042969 0 0.6037564128637314 0 0 0 280.2630690038204 0 0 0 0 0 0 0 0.2411120384931564 0 1.174346849322319 1.169413939118385 1.108104668557644 1.227378234267235 2.008264951407909 1.73637655377388 0 0 0 0 0 0 0 0 0 0 0 0 0 0 0.1440228819847107 0 0 0 0 0 0.5938197374343872 0 0 0 0.4696593880653381 0 0.5863025933504105 0.1469180583953857 0 0 0 0 0.2968219816684723 0 0 0 0 0 0 0 0 0 0 0 0 0 0 0 0 0 0 0 0 0 0 0 0 0 0 0 0 0.766862154006958 0.7507921457290649 0 0 0 0 0 1.497751787304878 0 0 0 0 0 0 0 0 0 0 0 0 0 1.611988224089146 0.5465616583824158 0.8299391493201256 20.14408081024885 0.1923498883843422 15.33485873788595 2.172105502337217 202.761618077755 1.21766821295023 0.2145984545350075 0.6090591624379158 1.229327782988548 0.1657582819461823 0.2240272760391235 0.2262826636433601 0.6406657695770264 0 0.1691110730171204 0 0.1874113529920578 0 28.59949630126357 0.9340181797742844
79.03540391474962 1355.322268113494 191.1903881430626 47.28753757476807 332.9692267775536 3.201138541102409 855.4232246801257 61.1156118735671 1433.054238125682 147.9475833773613 341.6340562701225 54.9528823941946 288.0813941210508 484.5139436125755 0.2489166632294655 0 0.1686603426933289 0 0 0 0.08468799293041229 0 0 0 0 0 0.4616419970989227 0 0 0 39.53610336780548 2.06228494644165 7.765131734311581 0 0 0 1.636823579668999 0 0.1457240283489227 0 0 0 0 0.1903857886791229 0 0 7.706391915678978 0.154186062514782 0 0 0.1141767725348473 0 0 0 0.2952639907598495 0.1612784788012505 4.261987790465355 8.961293756961823 1.907774098217487 1.286290258169174 0 0.3271781206130981 0 2.219449639320374 0.2600056007504463 0.173348143696785 0 0 0 0 12.64432513713837 0 0.08584966510534286 5.653331331908703 5.267341554164886 1.779047511518002 0.4296662285923958 0.3501765057444572 0.402485080063343 1.86895240098238 0.0788014829158783 0.1764045581221581 0.3575384616851807 0 0.08169025927782059 0.08627137541770935 0.08440288901329041 0 0 0 0 0 0 0.08027644455432892 0 6.096302688121796 0.2139712125062943 0.5197155475616455 0.09636496007442474 11.10166425257921 0 0 0 0.1368520557880402 0.2912545502185822 0 0.9293659329414368 0.1276614516973495 0.8405646085739136 1.288355588912964 0.1218911111354828 3.952822163701057 2.505409881472588 5.126234978437424 4.912080563604832 0 0.1084626615047455 0.08595079928636551 0 0 0 0 0 0 0 0 0 0 0 0 0 0 0 0 0 0 0 0 0 0.2737528383731842 0 0.9565400406718254 0.07493478059768677 0 0 0 0.07799983769655228 0 0 0 0 0.1403073817491531 0.1917476952075958 0 0 0 0 0 0 0 0 0.4950809627771378 0 0.1162661910057068 0.3915708661079407 0 1.421151585876942 0 0 0 0 0 0 0 0 0 3.788143016397953 0 0 0 0 0.1560499668121338 0.1113410815596581 1.059687167406082 0.1839117109775543 0.6436128616333008 0.1106284484267235 0 0 0 0 0 0 0 0 0 0 4.937705017626286 0.6648988500237465 0.09745752811431885 34.65387071669102 0.3067295104265213 23.24306736141443 4.191024005413055 30.8378824442625 1.423420712351799 0.3762322664260864 2.826137326657772 2.560627736151218 0.09052667766809464 0.6845777183771133 0 1.177651286125183 0 0.08327708393335342 0 1.022016271948814 0.09129282832145691 24.12840657681227 1.428492426872253
59.52705128490925 80.26838697493076 70.4173222631216 198.3141014128923 3.201138541102409 9.509948909282684 8.072940737009048 5.76895397156477 19.4018946364522 448.5505319535732 4.521615862846375 144.5715560317039 118.0828064754605 46.59566611796618 0 0.2749388888478279 0 0 0 0.2260290831327438 0 0 0 0 0 0 0 0 0.2882246077060699 0 12.78766725957394 0.1751031875610352 6.560412928462029 0 0 1.136765897274017 5.233810618519783 0 0.7818843573331833 0.4765970706939697 0 0 0 0 0 0 0.3750165402889252 0 0 0 0 0.2325187772512436 0.2935084104537964 0.1119114011526108 0 0 270.4818856939673 0.5255067348480225 1.438934504985809 0 0.1643823236227036 0.1403167992830276 0 0 0 0 0.08211806416511536 0 0 0 43.78825244307518 20.64149935543537 2.714571230113506 0 0 0 0.1077536791563034 0 0 0.5176636129617691 0 0.1503110378980637 0 0.2172458991408348 0 0.1872181743383408 0 0.5856687501072884 0.1829226166009903 1.120513416826725 0 0.3414266929030418 0 0 0 282.9025488495827 86.42138028144836 4.457747399806976 2.665741994976997 366.4314376711845 0 0.1824831813573837 0.1974760591983795 0 0 0.132621094584465 1.638475954532623 0.1621791422367096 0.5524724870920181 2.345831885933876 0.4524540901184082 4.420832142233849 4.261537991464138 7.842189110815525 5.02924806624651 0 0 0 0 0 0 0 0 0.11072688549757 0 0 0 0 0 0 0.1564840227365494 0.2675208821892738 0 0 0.368728905916214 0 0 0 0 1.280325420200825 0.07699024677276611 3.041409477591515 0.3519430011510849 0.08140654861927032 0 0 0 0 0.09214278310537338 0 0 0.3344792127609253 0 0 0 0 0.2875315621495247 0 0 0 0 0 0 0 0.1061142757534981 0 1.613597117364407 0 0 0 0 0 0 0 0 0 4.579369597136974 1.810009256005287 0 0 0 0.9556356072425842 0.3731643259525299 0.8189270123839378 0.3864689245820045 0.6684882342815399 0.3497703224420547 0 0.1027384400367737 0.2962974905967712 0 0 0 0 0 0 0 4.154821492731571 0.570124514400959 1.073689706623554 52.81349965929985 0.208473414182663 0.4718851372599602 0.2090243920683861 123.5136319845915 0.2379116863012314 0.4363069236278534 0 5.172881782054901 0 1.119510740041733 0.2944125235080719 6.071095019578934 0 0 0.2750461399555206 0 0 249.0388732850552 0.6134379357099533
845.8252619951963 4523.737570431083 464.5005946531892 511.6847116053104 855.4232246801257 8.072940737009048 322.5288038924336 104.9520768895745 366.2221019342542 899.26835276559 207.6813868135214 175.3254471495748 1094.507664576173 246.6782133355737 0.9842070415616035 0.8897854089736938 0.6871927082538605 0 0 0.08840328454971313 0 0 0 0 0.08852101117372513 0 0 0.08620128035545349 0.1751477420330048 0 180.2859466299415 11.67097415775061 3.619540922343731 0.1568974331021309 0 0.1110009998083115 2.423307724297047 0.313079297542572 0.643814817070961 0.4079101011157036 0 0 0 0.5014347359538078 0 0.3991302326321602 57.30779294669628 0.9385660067200661 0.5830436870455742 0.07107874006032944 0.8787975981831551 0 0.08432968705892563 0 3.385709099471569 2.677720047533512 53.0231027379632 117.388577491045 26.69651172310114 16.02254149317741 0.8936488479375839 1.151342645287514 0.08091352134943008 21.2476381957531 2.34363317489624 2.005837485194206 1.057334132492542 0.4397524446249008 0.4184781908988953 0.08518382906913757 43.2147493287921 0 0 73.01120185106993 63.37551108747721 18.84099134430289 5.383470416069031 3.218927249312401 2.997405577450991 3.665262565016747 0.6653474271297455 2.482522238045931 5.970335096120834 0.09135299921035767 1.666757814586163 1.887975037097931 0.6458915993571281 0.1050814315676689 0.6690201759338379 0.07503931969404221 0.7757832482457161 0.4410103112459183 0 0 0.6225052326917648 8.023291692137718 0.2001348584890366 0 1.716234758496284 195.6346550732851 0 0.313146710395813 0 0 1.032828293740749 0 0 0 0.4745259582996368 4.415537543594837 0.4460698068141937 6.66224405169487 6.469129733741283 13.60958006978035 14.86658543348312 0.7529546245932579 0.4885509014129639 0.1343555748462677 0 0 0 0 0 0 0 0 0 0 0 0.1094540506601334 0 0.1406240314245224 0.1054467931389809 0 0.1116907745599747 0 0 0 0 4.12165480107069 0.9216526970267296 3.739977031946182 1.376529734581709 0.3936883509159088 0 0 0 0 0 0.5568450018763542 0 0.1690720170736313 0.7007297649979591 0 0 0 0.2151999026536942 0 0.1510855555534363 0.2610960900783539 0.08557229489088058 0.3038725256919861 0 0 0.3620963096618652 0.4259595423936844 6.045161448419094 0 0 0 0.08020918071269989 0 0.08316437900066376 0 0 0 13.6202487424016 0.3727206811308861 0 0 0 1.337249659001827 0.5604338124394417 2.772778786718845 1.416398599743843 0.9353401139378548 0.2250479087233543 0 0.5740083009004593 0 0 0 0 0.08943749964237213 0.1016892045736313 0 0 9.604146771132946 3.560582421720028 2.357691116631031 220.6171546801925 2.565070807933807 192.5426025465131 34.10282974690199 199.6134731546044 16.09453448653221 0.7264813482761383 19.48439981788397 6.602673836052418 0.4881733879446983 3.154628604650497 0.8093867376446724 6.024593159556389 0.2580816447734833 0.3489348813891411 0 4.437317810952663 0 65.15840014070272 2.280499488115311
390.9022097885609 550.2508752271533 2563.412729140371 8.011426359415054 61.1156118735671 5.76895397156477 104.9520768895745 1430.707749992609 917.024131257087 25.8291315510869 534.8383866883814 46.57236815243959 661.230183199048 2665.354554660618 19.15310453623533 17.15326403081417 3.907236620783806 0.4486088082194328 0.5110016018152237 0.3544269502162933 0.2730096280574799 0 0.4901727586984634 0.2774245142936707 9.428685978055 0.2963698282837868 0.9868794828653336 0.718759149312973 0.1937193721532822 0.1357349455356598 3845.184625010937 1134.567682348192 195.7062057703733 0.236268661916256 2.142067402601242 10.194116294384 33.45658378303051 9.797155700623989 8.720817320048809 8.010034993290901 0.4278178736567497 0.1852676793932915 0 3.43057919293642 0.2718266695737839 1.623303107917309 277.2254347354174 3.057771071791649 1.135683976113796 0.6920051723718643 1.6726268902421 0.2238753437995911 0.7008840516209602 0 8.063481487333775 5.147789239883423 112.9464618116617 312.1605577282608 51.79974758625031 41.87271162867546 27.58955106884241 43.27720523625612 0.7444961741566658 282.3289496898651 5.017511256039143 3.363881923258305 2.114843867719173 1.494209550321102 0.2873399779200554 0.1496248692274094 41.27436050027609 1.894121743738651 0.2531465217471123 197.0284473225474 183.7611827477813 111.707798294723 48.2301560677588 196.8974259719253 551.303056538105 1838.389238473028 28.24044434353709 583.2674988210201 13.88982904702425 0.444957546889782 3.00727554410696 5.300900161266327 1.314578793942928 0.34409499168396 1.713230021297932 0.156528428196907 1.594261683523655 0.7630977109074593 0.5933890417218208 1.062345437705517 0.6034711599349976 4.406369224190712 3.080972820520401 0.9109918475151062 7.224496774375439 133.4384229555726 0.06643391400575638 0 0 0 0.08515888452529907 0.1263841688632965 0 0.1079701110720634 0.6514149308204651 2.109146930277348 0.1689528226852417 3.370937541127205 3.677954219281673 12.32866306602955 13.00884360074997 0.7234451845288277 0.8589842244982719 0.3520913869142532 0.1856216937303543 0 0 0.1085289269685745 0 0 0 0.1343694925308228 0 0 0 0.1104859262704849 0 0.2481369897723198 0.2003058642148972 0 0.465329684317112 0.08795556426048279 0 0.4048426374793053 0.117595300078392 4.552866749465466 1.427368834614754 7.501440808176994 3.86315656453371 0.6593400835990906 0 0 0 0.09878714382648468 0.8004453554749489 0.9346399530768394 0.1171467080712318 0.7364708483219147 0.6014885008335114 0 0 0.2801037654280663 0.4391543567180634 0.09894976019859314 0 0.1095968559384346 0 0.648161806166172 0.452998585999012 0 1.418796479701996 0.4755712598562241 6.219205245375633 0.4941851049661636 0.2954042255878448 0.212624579668045 0 0 0 0.2589922472834587 0.09137221425771713 0.1351134479045868 17.73219640552998 1.969285175204277 0 0 0 1.615074537694454 0.8702331408858299 3.93717460334301 0.4108883515000343 0.5799964591860771 1.054003015160561 0 0.7095761522650719 0 0 0.09130912274122238 0 0 0.4376852512359619 0.1585365533828735 0.08521664887666702 10.35427370667458 6.229627817869186 4.912996605038643 845.4137865826488 12.17385639995337 673.7143944278359 160.8470686301589 174.6589931771159 46.47166956961155 3.097019195556641 88.10294066369534 12.78173288702965 0.6229568123817444 4.831339031457901 0.9853411912918091 9.011306025087833 0.5205731764435768 1.184681169688702 0.9813172221183777 32.68555653840303 0.3963019847869873 97.20724732428789 6.503184899687767
664.8046903461218 2411.612276896834 1301.113658383489 45.39493051916361 1433.054238125682 19.4018946364522 366.2221019342542 917.024131257087 303.2211385145783 319.8758932873607 1238.168539755046 149.52644405514 783.5502139627934 815.664858981967 2.327137000858784 1.721844658255577 0.865356519818306 0.09276926517486572 0 0 0.07833226770162582 0 0 0 0.09415701776742935 0 0.08582436293363571 0 0 0 312.9140487313271 19.51652171462774 13.06651269644499 0 0 0.1417649835348129 5.286853037774563 1.201138719916344 1.231476336717606 0 0 0 0 0.7590004727244377 0.0830782949924469 0.06130293011665344 69.61902903020382 0.764627180993557 0.2502517998218536 0.1377010345458984 0.5375710278749466 0 0 0 3.554020196199417 1.61382845044136 33.00637035816908 57.31415848433971 15.91258968412876 9.858061410486698 0.4746961519122124 0.9255919009447098 0.2435328587889671 15.84638664126396 1.272273927927017 0.6699431091547012 0.9978990480303764 0.5652627795934677 0.08300307393074036 0 67.77955740690231 0.8184612989425659 0 49.83474643155932 41.27880522608757 23.24916455894709 5.289406858384609 4.106244280934334 1.639320876449347 3.304567880928516 0.8764033392071724 1.784520998597145 3.80206997692585 0.1831728294491768 1.199530519545078 1.607648923993111 0.2135873883962631 0.07596249878406525 1.016846433281898 0 0.7665614485740662 0.248879462480545 0 0.185177281498909 0.09933968633413315 11.55008486658335 0.07142965495586395 0 1.6195457726717 86.03164837509394 0.1017256379127502 1.070126503705978 0.4487507715821266 0.2091934978961945 1.090822398662567 0.2425946742296219 0.1893002092838287 0.9339942187070847 1.949581369757652 6.637897595763206 0.6003420650959015 14.38699081540108 13.17183569073677 29.12353917956352 24.3999872803688 0.9466339498758316 0.7800351455807686 0 0.08741693198680878 0 0 0 0 0 0 0 0 0 0 0.1741597652435303 0 0.08766195923089981 0.08078831434249878 0 0.5464594066143036 0.6503173932433128 0 0 0 6.33867471665144 1.222083359956741 5.202375434339046 0.8686838895082474 0.267781600356102 0 0 0 0.09914295375347137 0.3461524024605751 0.4053270891308784 0 0.8942098990082741 1.358054488897324 0 0.09981948882341385 0 0.0937577486038208 0 0 0.3742104545235634 0.2017668187618256 0.6078227236866951 0.441363126039505 0 0.6967917457222939 0.422193631529808 13.13213940709829 0.09629176557064056 0.7893273681402206 0.08404374122619629 0.1099768579006195 0.08771408349275589 0 0 0 0 26.4433920159936 0.6641453132033348 0 0 0 5.685999147593975 0.6970463395118713 7.223135471343994 1.080378569662571 0.7778617367148399 1.266923554241657 0 0.3276232108473778 0.1107198372483253 0 0 0.09179630130529404 0.08087193220853806 0.07918296754360199 0 0 18.57735688984394 7.629775010049343 3.126123927533627 305.6875728592277 2.900385186076164 209.715546913445 40.2313556522131 187.6422763466835 16.60171749442816 1.193353392183781 38.45219700783491 6.121813982725143 0.3870839700102806 4.047265626490116 1.217439599335194 7.949228897690773 0 0 0.3355473205447197 9.511803790926933 0 71.03587128221989 6.462123602628708
2880.22357069701 996.4050109982491 123.7639087699354 1287.98708383739 147.9475833773613 448.5505319535732 899.26835276559 25.8291315510869 319.8758932873607 593.6709111332893 63.02529091387987 894.7743927761912 7877.854321315885 911.7503098249435 0.5495980679988861 0.9937688559293747 0.4593431502580643 0 0 0 0 0 0 0 0.08564616739749908 0 0 0.07384715974330902 0 0 139.0045179203153 8.629829093813896 13.97852110117674 0.1014085188508034 0.119231104850769 0 26.61419553309679 2.108648575842381 3.548704713582993 0.3871843069791794 0 0 0 0.2950064465403557 0 0.2463986501097679 50.043032951653 1.48331318795681 0.350157305598259 0.4080740436911583 0.5103960782289505 0 0 0 3.911699324846268 2.425256252288818 177.3824438154697 200.3829361349344 45.1979860290885 15.49929820746183 0.8465723395347595 1.389184229075909 0 16.41574804484844 1.712380759418011 2.003421969711781 1.200281888246536 0.7405149042606354 0.3423436060547829 0 453.2836371511221 3.339356660842896 0 86.83169694244862 63.62700329720974 15.67172822356224 2.909907072782516 2.621454432606697 2.569514006376266 9.64720419049263 1.128720417618752 2.940805613994598 6.302415534853935 0.3057394549250603 0.8949217349290848 2.95871214568615 0.4203950837254524 0.3893793076276779 1.043176271021366 0.5352308824658394 0.629007525742054 0.3883074969053268 0.4296189919114113 0.08294199407100677 0 247.7578992173076 12.68988919258118 0 7.558107130229473 1999.237088255584 0.6061566099524498 8.183169424533844 2.27150110155344 5.281778797507286 4.827777780592442 4.994094021618366 17.59890452027321 10.55962023884058 13.68867123126984 67.37099077552557 8.298588961362839 127.5528223663568 102.6761624664068 166.387440033257 165.3698388785124 5.090682573616505 1.655358918011189 0.8727182000875473 0.2999370694160461 0 0 0 0 0 0 0 0 0 0 0.7353699207305908 0 0.07629796117544174 0 0 6.73613490909338 1.830696851015091 0 0.3051814511418343 0 45.17797512561083 12.88795370608568 29.89594417065382 4.852887272834778 1.042444914579391 0 0 0.1199367940425873 0 0.8074329867959023 1.831959791481495 0 2.822293683886528 7.804025381803513 0 0 0 0.6409017592668533 0 0 0.6166985258460045 0.1608225852251053 2.122131869196892 1.702249266207218 0 3.192483671009541 1.211801610887051 57.69981484860182 2.827116712927818 2.471604228019714 0.8287990465760231 0.1166212782263756 0.2620889022946358 0 0.1864059418439865 0 0 125.5491590797901 4.512629747390747 0 0 0.1250493228435516 26.32390007376671 2.757681041955948 34.37390896677971 8.454277716577053 7.129133217036724 2.993666291236877 0.2596686482429504 3.728955417871475 0.805331751704216 0 0 0 0.09778501838445663 0.1647247076034546 0.08499186486005783 0.09115585684776306 100.1348009631038 27.52426239848137 16.74379701912403 786.7040410339832 4.391006231307983 175.8026628047228 33.25538510084152 2114.067843914032 19.90128654241562 2.081221714615822 23.13119841367006 63.89064272493124 2.847511909902096 27.74464201927185 3.091551430523396 98.16424620896578 1.569640815258026 0.9008271470665932 1.862370245158672 3.731149591505527 2.019352041184902 955.845808275044 30.48036731779575
467.9297594241798 837.7642455250025 1263.412660777569 5.972032368183136 341.6340562701225 4.521615862846375 207.6813868135214 534.8383866883814 1238.168539755046 63.02529091387987 96.21965047717094 49.04781264066696 1101.307225391269 2440.235536001623 5.642396457493305 6.592892855405807 1.151500694453716 0.09520984441041946 0.09238219261169434 0.08519788831472397 0 0 0 0 0.3726465180516243 0.135112002491951 0.1885971948504448 0 0.2076849415898323 0 680.8045913688838 54.61408942937851 160.9302329942584 0.693366751074791 0.4641376584768295 1.003490380942822 45.06626293808222 4.200727716088295 3.345882743597031 2.868607752025127 0.15565325319767 0.07899010926485062 0 1.231695123016834 0.310448057949543 0.2181592583656311 77.21639987081289 0.3377291709184647 0.1994573697447777 0 0.3692616894841194 0 0.6661750078201294 0 2.187815800309181 0.7235580086708069 17.8347998932004 36.03909768164158 10.10487035661936 8.724941365420818 0.886045403778553 23.03949564695358 0 24.0755505785346 1.248334936797619 0.7970854118466377 0.5278210639953613 0.2287408709526062 0 0 53.23262182623148 0.4625093191862106 0 34.57042036950588 29.45921209454536 31.42251010239124 12.28417894244194 12.61601211130619 9.721528548747301 86.69543505087495 0.8742380514740944 93.42208147794008 3.028891995549202 0 0.4286987259984016 0.3056589290499687 0.3270871788263321 0 0.6151865348219872 0.4670283794403076 0.07978197187185287 0 0.1864057928323746 0 0.08139319717884064 7.242451578378677 0.7875697016716003 0 2.748263172805309 47.1089243516326 0 0.2383469194173813 0.353784054517746 0 0.09898427128791809 0 0 0.2080033272504807 0.09485399723052979 1.981974124908447 0.1948071643710136 4.515065059065819 4.355470918118954 10.80043845623732 9.800443194806576 0.476765088737011 0.1673623695969582 0 0.08962913602590561 0 0 0 0 0 0 0 0 0 0.1139367073774338 0 0 0.09852417558431625 0 0 0.1189116612076759 0 0 0.1113540530204773 0 4.13465341925621 0.2083828002214432 2.686143100261688 1.08561547845602 0.3983166590332985 0 0 0 0.08238212764263153 0.07434045523405075 0.6180332750082016 0 0.3975510075688362 0.5701756775379181 0 0 0 0.08589965105056763 0 0 0.2942880690097809 0.1832865625619888 0.08161941170692444 0.1893882900476456 0 0.1970084011554718 1.037510938942432 4.844280421733856 0 0 0.1178742274641991 0 0 0 0.08221708238124847 0 0.134953647851944 11.83626155555248 0.8625119179487228 0 0 0 3.137159004807472 0.4822987392544746 2.383769698441029 0.6313085481524467 0.1025290489196777 0.1595137789845467 0 0.5829483568668365 0 0 0 0 0 0 0 0 11.29990870505571 3.810101948678493 2.682120122015476 366.9844338335097 4.428367972373962 188.2026297599077 56.44834538549185 78.12772554159164 10.65737815946341 0.6762157529592514 41.88593048602343 4.18676969408989 0.4344947934150696 1.925349071621895 0.1669957637786865 4.443468421697617 0.2236432582139969 0.1778779625892639 0.5338991582393646 13.97546548396349 0 31.02929033339024 3.559579968452454
58.58165703713894 577.5433521419764 66.59175939112902 37.36377950012684 54.9528823941946 144.5715560317039 175.3254471495748 46.57236815243959 149.52644405514 894.7743927761912 49.04781264066696 33.01092438399792 728.6219463720918 51.02551902085543 0.7164663001894951 1.87007063627243 0 0 0 0.07092104107141495 0 0 0 0 0 0 0 0 0 0 28.81107680499554 1.113817244768143 18.10429269075394 0 0 0 29.92371308803558 1.148341372609138 1.648718379437923 0.2841074541211128 0 0 0 0.2850460708141327 0 0 5.146676085889339 0 0.07014697790145874 0 0 0 0 0 0.2344259768724442 0 7.519023463129997 6.329481564462185 1.583643272519112 0.5852224081754684 0 6.520827054977417 0 1.576549865305424 0.09325172752141953 0.08896271139383316 0 0 0 0 204.378056794405 0.3588801920413971 0 4.919636905193329 3.604386955499649 2.925658136606216 1.427959132939577 1.708249539136887 0 28.19913709908724 0.2509914636611938 0 0.08596958220005035 1.583870053291321 0 0.2730610370635986 0 0 0 0 0 0 0 0 0 384.8696582615376 1.800330847501755 0.08676369488239288 2.533277727663517 27.00075675547123 0.4885310158133507 2.817626059055328 1.681136585772038 2.466688737273216 2.27302972227335 0.3516731858253479 9.217279128730297 5.573900282382965 8.687234982848167 44.25002112239599 4.554877325892448 99.33248137682676 90.24621415138245 135.2150110080838 92.35280571132898 1.420778155326843 1.171584129333496 0.103702075779438 0.1703229025006294 0 0 0 0 0 0 0 0 0 0 0 0 0 0 0 2.064662955701351 0.3897423893213272 0 0.7150707170367241 0 13.83625816553831 4.235465429723263 4.611402653157711 0.8085775598883629 0.3694230914115906 0 0 0 0.1699751168489456 0.3439688831567764 0.4679308608174324 0 1.205132082104683 1.788013361394405 0 0 0 0.2125522941350937 0 0 0.09049248695373535 0.08606236428022385 0.09522182494401932 0.577206552028656 0.7874130010604858 0.8704805001616478 0.09581751376390457 12.94619724154472 0.61988515406847 0.08198665082454681 0.07347795367240906 0.08202055841684341 0 0 0.3790690004825592 0 0 72.94443880021572 0.54408348351717 0 0 0 11.91813706606627 0.1145357042551041 7.125683903694153 3.661111511290073 1.831170372664928 1.273254714906216 0.2783348262310028 0.6837644800543785 0.094002366065979 0 0 0 0.08687327802181244 0 0 0 92.46104944497347 9.407269224524498 3.665867261588573 107.3099305182695 0.8551901206374168 13.50187795609236 5.998256050050259 547.1618069186807 0.7019396498799324 0.1743240058422089 4.488860741257668 11.18213262408972 0 8.651887197047472 0.6047951579093933 31.50601630657911 0.6270322129130363 0 0.6627081334590912 1.936879508197308 0 478.5784027352929 27.83853234350681
304.4783967882395 1820.043644674122 678.8077697604895 422.9122819676995 288.0813941210508 118.0828064754605 1094.507664576173 661.230183199048 783.5502139627934 7877.854321315885 1101.307225391269 728.6219463720918 732.9389610216022 2432.516662202775 6.560716822743416 8.342162512242794 0.755986250936985 0 0.1242503523826599 0 0 0 0 0 1.165205478668213 0 0.4414230287075043 0 0.155656173825264 0 251.4101067185402 14.37639582157135 627.2264503091574 0.1110219061374664 0.2240266799926758 0.4259344264864922 148.4015535786748 10.57183520495892 19.63773905485868 1.157098405063152 0 0 0 0.9529133439064026 0 0.2853135392069817 62.97435332089663 0.6262542828917503 0.1080300062894821 0.09025022387504578 0.2663170918822289 0 0.3924144208431244 0 1.904920510947704 2.181170113384724 30.34410487115383 46.84370551258326 15.26125248521566 8.405168235301971 0.5807944312691689 114.3493052944541 0 17.09532257169485 1.074403196573257 0.7158985435962677 0.2450530156493187 0 0.1696803495287895 0 581.105050124228 0.977808028459549 0 36.45408196002245 29.22936034202576 25.85447700321674 10.87237583845854 9.119790889322758 2.38602264970541 338.4656245559454 1.938644580543041 8.368910096585751 2.301793098449707 0.1135622635483742 0.4815316647291183 0.6802224069833755 0.3300328254699707 0 0.1599420681595802 0 0.4455353170633316 0 0.2617822736501694 0.6761713847517967 0 887.4708259701729 32.47531056404114 0.1238428503274918 19.62400636821985 95.84072356671095 0.7335855588316917 6.355724774301052 4.548004150390625 6.404108554124832 6.657424591481686 2.371424227952957 6.28488827496767 8.260969594120979 22.46082114428282 89.89149060845375 7.760653153061867 190.3612964078784 162.1187240928411 287.7661825865507 234.6780980229378 7.721227698028088 2.377888344228268 0.5913643389940262 0.8140368238091469 0 0 0 0.177068367600441 0 0 0 0 0 0.1085652932524681 0.2194910943508148 0 0 0 0.09434626996517181 5.85310447961092 4.308004751801491 0 0.2798866853117943 0 44.63676647096872 6.892764627933502 28.50851357728243 5.694770880043507 1.2352329865098 0 0 0.08605961501598358 0 1.890050545334816 2.065663166344166 0 5.379099853336811 6.042229779064655 0 0.1019639745354652 0 0.3484405130147934 0 0.128623902797699 1.359148807823658 0.08687206357717514 2.502237804234028 1.252395905554295 0.1666731983423233 2.389992535114288 2.409662008285522 58.08043905347586 0.6588195115327835 1.414789065718651 0.8630260042846203 0.2890147641301155 0.1771536692976952 0.1639336049556732 0.1203929856419563 0 0 182.4645269662142 2.5171764716506 0 0.0882188081741333 0 26.83550403267145 3.549505397677422 30.45092004537582 5.330712012946606 5.115742102265358 4.389666363596916 0.4700719118118286 3.856289640069008 1.308582544326782 0 0.08818753063678741 0 0.07438194751739502 0.1142258048057556 0 0 225.4170390889049 32.23503863811493 12.76492705196142 623.9489221423864 4.578227572143078 175.295144803822 62.6665186136961 651.1969122961164 14.36413901299238 1.581210002303123 44.65184458345175 43.55330695211887 0.2197278887033463 27.44270882755518 4.263591729104519 73.84233499318361 2.688750438392162 0.191867008805275 2.997547306120396 11.5461004152894 0.4531025737524033 768.5918703898787 72.975510828197
341.5164352059364 1256.23237452656 1787.053189188242 75.82099963724613 484.5139436125755 46.59566611796618 246.6782133355737 2665.354554660618 815.664858981967 911.7503098249435 2440.235536001623 51.02551902085543 2432.516662202775 1276.124740920961 4.77604815363884 7.643247865140438 1.296742349863052 0 0.1813424378633499 0.0898180827498436 0 0 0.173689529299736 0 0.5121491029858589 0.08649821579456329 0 0.1417007148265839 0 0 391.5020568817854 29.10864811390638 192.346935890615 0 0 0 65.524209626019 4.823953248560429 6.09172859787941 0.802929662168026 0 0 0 0.804524339735508 0.09452688694000244 0.2009267956018448 75.1483766362071 0.6745555102825165 0.1939423531293869 0.1456591784954071 0.1802671030163765 0.1504212617874146 0.3628379181027412 0.2632898986339569 1.08854316174984 1.088365100324154 27.85161615163088 46.78436283767223 12.77332349121571 11.05059498548508 0.73092120885849 15.91539510339499 0.08078701794147491 20.91293596476316 1.265431649982929 0.6314285770058632 0.1924543082714081 0.1596953272819519 0.2624198570847511 0 286.9554597735405 1.385758772492409 0 39.88072051852942 35.9625367000699 32.07651375234127 12.40785231441259 11.82974594086409 3.476238399744034 823.0717799440026 1.810927711427212 96.01307072117925 3.099008128046989 0 0.5685511529445648 0.8095993772149086 0.2286798357963562 0.1485458016395569 0.09891150891780853 0.3400392383337021 0 0 0.1892946735024452 0.2288016229867935 0 93.58232489228249 1.936944991350174 0 7.468462511897087 65.74945766478777 0.3509044796228409 2.416284829378128 1.282298564910889 1.567393630743027 1.730128221213818 0.1160432323813438 3.318292178213596 3.058023497462273 4.134342931210995 31.69803104549646 3.721751928329468 78.11928300559521 71.6359096467495 112.7897745296359 101.2894297167659 2.647729963064194 1.766567513346672 0.1736695989966393 0.5128103196620941 0 0 0 0 0 0 0.08561898767948151 0.1188864931464195 0 0 0 0 0 0 0.1759043484926224 4.359236814081669 0.5083815902471542 0 0.1937482431530952 0.06840789318084717 24.31860261410475 3.714852653443813 16.66312056034803 2.623635739088058 0.27303446829319 0 0 0 0.1814631596207619 0.1704527139663696 0.7277813926339149 0 2.799397729337215 5.445897795259953 0 0 0 0.1979714408516884 0 0 1.578973211348057 0.09348361194133759 1.285878546535969 0.7423100918531418 0 2.177645623683929 0.2993600517511368 31.31154716014862 0.2651746869087219 1.484559871256351 0.3916841223835945 0.2995844557881355 0 0.4018212258815765 0.2169937267899513 0 0 97.01187298446894 2.903704695403576 0 0 0 15.16446060687304 1.57394839823246 14.2343884408474 3.486913174390793 3.346983946859837 2.528534010052681 0.08512301743030548 1.392342172563076 0.08509780466556549 0.1269140839576721 0 0 0.1261013299226761 0.07526158541440964 0 0 93.80965073406696 16.48401585966349 9.75423826277256 634.9642945155501 4.34971172362566 204.5648300945759 62.75031228363514 290.3858722746372 15.50802742689848 1.126247450709343 53.45853429287672 18.78026615828276 0.3043663278222084 16.32952263206244 4.288359470665455 42.05996097624302 0.8347638323903084 0.09657986462116241 0.7195359021425247 12.91224118322134 0.1606783419847488 236.1513797566295 27.97920598834753
