127.3749690204859 2176.325791724026 251.7159399092197 1386.874857030809 391.6724632009864 45.48651587963104 1327.554302081466 8.153172835707664 104.8912544026971 1399.002046748996 195.1228014826775 93.74252098798752 336.9420181363821 69.51663403213024 2.042129129171371 0.4338657185435295 0 0.1090913638472557 0 0.1093768179416656 0.1151410564780235 0 0 0.1168379560112953 0 0 0 0 0 0.1012442633509636 345.968926563859 5.045254252851009 5.548001058399677 0.09833851456642151 0 0 7.870886273682117 0 0.1641017645597458 0.1606970727443695 0.2541306614875793 0 0.08973758667707443 0 0.08488088846206665 0.2428619116544724 25.1123928129673 1.827826373279095 1.290958762168884 0.7027873247861862 2.827054269611835 0 0 0.07489556819200516 42.832708992064 18.20361810177565 282.3501034751534 622.8584254980087 35.58019810169935 20.08524933457375 0 0.3159283697605133 0 4.093201152980328 23.16392643004656 12.69361967593431 3.614162296056747 4.296420700848103 0.1568363681435585 0.09488001465797424 14.28913557529449 1.233302146196365 0 192.24242503196 34.79191266745329 13.76472345739603 0.7966139987111092 0.2988277077674866 0.5517366975545883 23.12578288465738 0.08838210254907608 2.266629680991173 18.08599410206079 0.6754738241434097 6.950418099761009 12.15977267920971 2.154768772423267 4.626322418451309 4.33516675978899 0.503782793879509 0.842709019780159 0.2351879253983498 0.6453038081526756 0.7126519158482552 0 11.46637639403343 2.667951807379723 0 0.2913432419300079 809.6475249379873 0.09214603900909424 0 0.8415118753910065 0 0 0.4736133217811584 1.068390488624573 0.6811822652816772 1.609461188316345 2.007574796676636 0.3356171846389771 7.774806499481201 3.76475678384304 5.906060785055161 1.736687891185284 0.3827011585235596 0.9893935322761536 0 0 0 0 0 0 0 0 0 0 0 0 0 0 0 0 0 0.1430038511753082 0 0 0 0 0 0.939704954624176 2.295654147863388 0.3015047013759613 0.1028362438082695 0 0 0 0 0 0 0 0 2.104520052671432 0 0 0 0 0 0 0 0 0 0.2785183787345886 0 0 0 3.185645177960396 0 0 0 0 0 0.1152247413992882 0 0.1033211946487427 0 3.7995211109519 0.5104988217353821 0 0 0 0.8463840186595917 0 0 0.0962761715054512 0.2071235775947571 0 0 0 0 0 0 0 0 0 0.1232761740684509 0 3.790326952934265 3.248758122324944 1.852181881666183 62.43870871514082 4.314158797264099 163.1564177647233 17.36347924917936 589.6073324531317 12.23597812652588 1.324898302555084 1.164118081331253 2.63596123456955 0.4530851542949677 0 0.5886383950710297 0.9169626235961914 0 0.1976591646671295 0 0.4516231417655945 0 138.7760562524199 1.739963598549366
2176.325791724026 1771.959013640881 952.0043801218271 743.1534931734204 3604.053695961833 75.90633222460747 2564.462200134993 113.5265256986022 860.9752870574594 418.3961653262377 924.2393990680575 27.39661747217178 543.5699774622917 615.5866587385535 11.87197481840849 2.744286671280861 0.5741705521941185 0.1077606976032257 0.08916154503822327 0.0739237517118454 0.9972646608948708 0 0 0 0.2569888755679131 0 0 0.3778491616249084 0 0.128120094537735 1573.420726858079 29.91949934512377 33.71999610215425 0 0.1170055046677589 0.4905314892530441 33.56438272446394 1.105712249875069 0.7171593457460403 0.09424493461847305 0.4885804876685143 0.7975454777479172 0 0.4759123623371124 0 0.09736986458301544 85.71740970760584 2.170627571642399 0.6669351533055305 0.5383612513542175 4.38913457095623 0 0 0.1028609648346901 46.82517683506012 20.213264323771 174.7380225881934 504.6937603577971 34.36183363944292 66.88985776901245 0.7029285430908203 7.816071212291718 0.1324534565210342 34.70938052237034 35.97886721789837 23.83698021620512 4.981332927942276 8.824255511164665 0.8253325968980789 0.8013599067926407 14.10713854432106 0 0.1019555479288101 290.239236138761 113.9742425233126 69.55901092290878 2.564200915396214 1.625152617692947 2.61442544311285 178.6956840530038 0.2131943255662918 35.54927087575197 29.5414043366909 0.4122897535562515 6.891997575759888 19.66133318841457 2.462619878351688 8.193107113242149 7.36988840252161 0 2.471125558018684 0.7983534187078476 1.571553073823452 1.115838244557381 0.4845118820667267 5.769308894872665 1.527899608016014 0 4.117373608052731 1594.668642260134 0 0 0.2796099036931992 0 0 0.7440692782402039 1.122334152460098 1.397816628217697 0.1717207580804825 3.12218401581049 0.09375046938657761 6.40933296084404 3.303678199648857 11.28190805017948 3.101233720779419 0 0 0 0 0 0 0 0 0 0 0 0 0 0 0 0 0 0 0 0.3500412702560425 0 0 0.6853117942810059 0 1.518985316157341 1.092322766780853 1.296786814928055 2.187059223651886 0.2994379177689552 0 0 0 0 0.7396194934844971 0 0 0 0.1588653326034546 0 0.1246035546064377 0 0.7354093194007874 0.1130610629916191 0 0 0 0 0.1859308481216431 0.1533427834510803 0 0 4.084122642874718 0 0 0 0 0 0 0.1091091111302376 0 0 6.825732685625553 0 0 0 0 1.206369824707508 0 1.13256898522377 0 0 0.1084165275096893 0 0 0 0.09347313642501831 0 0 0 0 0 0 8.24498526006937 1.727086469531059 2.338889978826046 146.2865081131458 9.539363659918308 363.0458055958152 30.59204303473234 368.9509987235069 23.31701146811247 2.584453709423542 7.569956101477146 3.673685520887375 0.1374958455562592 1.576873511075974 0.5085338354110718 1.449032187461853 0.4384926557540894 0 0.2996137589216232 2.672715082764626 0 144.8740744441748 2.643059268593788
251.7159399092197 952.0043801218271 963.993246845901 12.77666839212179 211.7667505070567 1.698057562112808 121.356315843761 1143.15648714453 472.1825236976147 8.971508018672466 3881.549317859113 27.87626826763153 349.723496325314 1545.048705428839 5.886593729257584 4.601942799985409 0.352001428604126 0.494350403547287 0.1129563301801682 0.3130389228463173 7.151032656431198 0 1.759612217545509 0.3530162572860718 2.122481115162373 0.2948728501796722 1.170442521572113 0 0.1165222525596619 0 2730.119978956878 393.6680319532752 140.2496264949441 2.396095424890518 4.75743243098259 2.665301576256752 75.38371536135674 2.822769038379192 1.264557123184204 0.5394638925790787 3.196564070880413 0.4207068011164665 2.217142835259438 0.5133222341537476 0 1.577324591577053 18.62187198549509 0.8301452994346619 0.35414769500494 0.3907688409090042 0.4505304396152496 0.1218786761164665 0 0.144605427980423 8.33030866086483 3.012669108808041 45.79034116119146 197.2028007358313 6.625782437622547 12.399258852005 4.820160217583179 22.03573694080114 2.376890078186989 32.21156843006611 4.521646611392498 3.440170407295227 0.5503236204385757 0.9214108362793922 1.896318569779396 8.892152220010757 29.26652734726667 0.3058363795280457 0 59.76399030908942 22.16487271338701 16.95002123713493 2.478362783789635 2.549192689359188 36.51838520169258 1204.790101923048 0.6793612912297249 222.9780724421144 5.10795271396637 0.3013707026839256 1.449871189892292 4.145734563469887 0.4218442142009735 1.364474400877953 1.174954295158386 0 0.7055969089269638 0 10.61732914298773 3.274321131408215 0.8755304738879204 7.878798522055149 6.004170529544353 0 1.078270852565765 287.6744500547647 0.08515223860740662 0.1031590774655342 0.1112478598952293 0 0.2398770898580551 0.4730972722172737 0.3755169659852982 0.5651293247938156 1.602180480957031 2.756334483623505 0 6.993010066449642 4.420999027788639 5.486472502350807 1.238321758806705 0 0 0 0 0 0 0 0 0 0 0 0 0 0 0 0 0 0 0 0.962625227868557 0.1087095439434052 0 0.2382672131061554 0 1.421572208404541 1.673690676689148 1.996235452592373 3.497425459325314 0.7865598350763321 0 0 0 0 0 0 0 0 0 0 0 0 0.09810148924589157 0.1164611354470253 0 0 0 0.4967979490756989 0.1519276648759842 0 0 0 4.702874608337879 0 0 0.1693989336490631 0 0 0 0 0 0 9.563535839319229 0.3508756458759308 0 0 0.1457396745681763 0.8083434700965881 0 0.2455889135599136 0.07308202236890793 0.4764551147818565 0 0 0 0 0 0 0 0 0 0.6643127202987671 0 6.677437998354435 2.875502824783325 2.85173524171114 40.28972046077251 1.670016147196293 58.4091789200902 7.218712158501148 17.16419263929129 3.859334029257298 0.6289514154195786 2.51594565063715 2.056578651070595 0 1.693525746464729 0.7247976735234261 3.909618228673935 0.2727277874946594 0 0 0.6572245955467224 0 24.47922928631306 4.475603058934212
1386.874857030809 743.1534931734204 12.77666839212179 864.8861666470766 150.6580382212996 642.9075298681855 2769.59180624038 0.4499861896038055 119.2019212990999 1605.947222627699 9.768217168748379 237.7618014216423 804.615964576602 50.72590903937817 0.8011865839362144 0 0 0 0 0 0 0 0 0 0 0 0 0 0 0 21.17018821835518 0.4701137468218803 2.343060284852982 0 0 0 7.612734079360962 0 2.537982024252415 0 0 0.1455182284116745 0 0.09754740446805954 0 0 9.734893500804901 0.5048594325780869 0 0.09726670384407043 0.6512769013643265 0 0 0 11.05105561763048 3.12056290358305 92.22451616078615 121.8706550821662 8.534240335226059 6.51780578494072 0 0 0 0.9308964163064957 6.020853348076344 3.331385500729084 0.8910901173949242 1.453238390386105 0 0 27.98800501227379 0 0 51.10730477422476 9.846890889108181 3.701501928269863 0 0 0.1287595480680466 0.3388776481151581 0 0.4880227893590927 6.091079153120518 0.8225606381893158 0.8850434646010399 2.52585431188345 0.5756853297352791 1.116114065051079 1.293219834566116 0.1015200316905975 0.4710428714752197 0.1127412617206573 0 0 0 26.33558528125286 5.789639234542847 0 4.353836610913277 1191.191636107862 0.1429378837347031 1.191570460796356 6.788533203303814 2.060961648821831 0.1084245890378952 1.945472612977028 2.503358945250511 2.395785242319107 1.464998692274094 5.655323207378387 0.4156652092933655 11.60245956480503 3.447639018297195 14.76839828491211 1.868668228387833 0 0 0 0 0 0 0 0 0 0 0 0 0.3747668564319611 0 0 0 0 0 0 0.9316998422145844 0 0 1.298602342605591 0 3.011887416243553 1.959406614303589 0.6304664015769958 1.785632967948914 0 0 0 0 0 0 0 0 0.08507922291755676 0.09458652883768082 0 0 0 0 0 0 0 0 1.340198181569576 0.2495168671011925 1.11530327796936 0 0 5.783345252275467 0 0 0.08651662617921829 0 0 0 0 0 0 10.66649875789881 0 0 0 0 0.2881162166595459 0 0.1506744027137756 0.4263056591153145 0 0.9435913562774658 0 0 2.435080528259277 0 0 0 0 0 0 0 7.944284856319427 5.297781854867935 3.440807700157166 60.92274326086044 2.024693876504898 66.05944072455168 8.824231587350368 796.6643803939223 3.582958072423935 0.1362535357475281 0.4136404767632484 0.7335352301597595 0 3.484955757856369 0 4.007928848266602 0.4661926031112671 0.4440870583057404 0 0 0 121.0512034595013 13.30324286222458
391.6724632009864 3604.053695961833 211.7667505070567 150.6580382212996 1869.057974003255 14.0645939707756 970.8383188247681 239.1125218644738 2444.105892442167 547.4087888672948 1033.61572188139 12.44014769792557 520.1407251134515 355.9416960552335 19.65578833222389 5.192624233663082 0 0 0.08348412066698074 0.08945367485284805 0.51735819876194 0 0 0 0.1717385649681091 0 0 0.1083978787064552 0 0 286.5363647043705 53.69938642531633 4.162946537137032 0 0.1251126080751419 0 11.47211118042469 0.3848329484462738 0.4700197577476501 0 0 0.1271336674690247 0 0.3144920170307159 0 0 118.4170054346323 1.844777062535286 0.728135272860527 0.09737624228000641 3.263796366751194 0.2471992522478104 0 0 36.25247254222631 14.00581008940935 82.1867314055562 267.2217562124133 17.88430940359831 67.23265374451876 0 0.3230449035763741 0.118268758058548 67.01369545608759 26.50053947418928 17.86439832299948 3.005071245133877 4.266360655426979 0.4280820935964584 0.504270613193512 12.20452655851841 0 0 220.9120102599263 126.8735482767224 118.789563447237 3.840419948101044 0.8079339042305946 0.7261630967259407 3.003055810928345 0 1.363302245736122 22.37629987299442 1.030793830752373 4.930294618010521 11.57352255284786 1.959640927612782 5.283411666750908 6.2668521925807 0 0.8644283935427666 0.4486051872372627 0 0.7378649637103081 0.1375348418951035 5.861175432801247 2.400302052497864 0.09624909609556198 3.742740668356419 98.31972313672304 0.4930962920188904 0 1.21762216091156 0 0.3740000128746033 2.108104407787323 0.4074703305959702 0.8624082803726196 0 0.4575783908367157 0.6957891583442688 8.664306439459324 1.586738154292107 5.984070226550102 3.116148106753826 0.4678561985492706 0 0 0 0 0 0 0 0 0 0 0 0 0 0 0.2526573836803436 0 0 0 0.5159878134727478 0 0 0 0 2.777702383697033 2.130502864718437 0.5532777607440948 0.4639943987131119 0 0 0 0 0 0 0 0 0.6830898523330688 0.3638769835233688 0 0 0.2569617331027985 0.9602489769458771 0.1354930400848389 0 0 0 0 0 0 0 0 3.423674903810024 0 0 0 0 0 0 0 0 0 8.425173237919807 0 0 0 0 0.6472232788801193 0 1.256315112113953 0 0 0 0 0 0 0 0 0 0 0 0 0 3.988813146948814 1.688725650310516 2.0958541482687 201.7755175456405 6.085103891789913 346.0686261728406 36.7883085757494 68.28522162139416 27.10149815678596 1.799668647348881 9.971038788557053 5.307181149721146 0 1.650053739547729 1.412128999829292 6.070817142724991 0.3807785212993622 0 0 2.445593446493149 0 96.90196554362774 5.135312363505363
45.48651587963104 75.90633222460747 1.698057562112808 642.9075298681855 14.0645939707756 8.680108815431595 272.2074973061681 0 42.23177320510149 1855.450249843299 1.292472906410694 103.6964954435825 255.9634038805962 64.36863294243813 2.432182215154171 0.9709596112370491 0.1477967947721481 0 0 0 0 0.3353489488363266 0 0 0 0 0 0 0 0 1.948774300515652 1.018590055406094 19.18029411882162 0 0 0 34.61467575281858 0.3529831320047379 12.05065064877272 0 0.137525886297226 0 0 0.1300907284021378 0 0.169603168964386 2.42240022867918 0 0 0 0.5176075845956802 5.494970485568047 0.1142754256725311 0 0.4450435936450958 1.085772387683392 111.1853784248233 9.796580925583839 2.338720500469208 1.651076912879944 0.3634817153215408 3.364994741976261 0 0.1215920001268387 0.2614936754107475 1.45313423126936 0.2512202858924866 0.2102228850126266 0 0 166.3763734698296 125.2658275663853 11.23948131501675 4.695392057299614 1.116409495472908 0.6398012712597847 0.2105091065168381 0.08964835852384567 0 19.4512836560607 0.5116231441497803 7.368935018777847 0.1295595914125443 1.940467394888401 0.3773736730217934 2.461886309087276 0 4.707245975732803 4.424920052289963 14.15161944925785 5.022603772580624 5.921961754560471 0.3185937851667404 0.9666169211268425 1.949426636099815 169.8914234787226 83.69810223579407 10.84460927546024 63.03575474023819 411.0801492482424 0.9298016205430031 0 0.892807200551033 0 0 1.496442437171936 10.56526789069176 0.3199256360530853 0 4.31342601776123 0 16.26150883734226 5.752405911684036 10.65394545346498 2.640272930264473 0.1657853871583939 0 0 0 0 0 0 1.135427981615067 0 0 0.8830171525478363 0 0.280496746301651 0 0.1238464638590813 0 1.620668888092041 3.413725890219212 0 1.516020953655243 0.1059799417853355 0 0 0.5737001299858093 3.648940235376358 1.964297853410244 1.000432908535004 1.44816192984581 1.258884809911251 0 0 0 0 0 0 0 1.765751123428345 0.5252621173858643 0 0 0 3.182447016239166 0.1556681841611862 0 0 0 1.250003188848495 0 0 0 0 7.612273395061493 0 0 0 0 0 0 0 0 0 9.826268225908279 2.173965245485306 0 0 0.1147540062665939 0.6335823833942413 0 1.157743513584137 0.09029382467269897 0 0 0 0 0 0 0 0 0.2470866441726685 0 0 0 13.05125135183334 5.678245507180691 4.148441486060619 16.3133792206645 0 9.687664471566677 3.560108870267868 142.2512671649456 1.708964109420776 0.2166865319013596 1.088001698255539 7.538592249155045 0 1.559962525963783 0.4637576043605804 4.732620596885681 0 0 0 1.39378547668457 0 67.86539249122143 19.12989601492882
1327.554302081466 2564.462200134993 121.356315843761 2769.59180624038 970.8383188247681 272.2074973061681 413.4895129054785 33.91570837795734 1986.623587816954 2563.183329820633 349.6826265826821 101.0191863402724 2961.742449097335 1123.607801310718 33.78341096639633 8.158562019467354 0.2360721528530121 0.08620733022689819 0 0 0.130466639995575 0 0 0 0.3372008502483368 0 0 0.1386614590883255 0 0.09264790266752243 126.6191164702177 23.15627892315388 5.644499011337757 0 0.1370145827531815 0 20.98266384750605 0.3781259059906006 1.855936162173748 0 0 0.09727747738361359 0 0.5856529250741005 0.1292134821414948 0.628768265247345 119.5921099111438 2.971853546798229 0.3415559902787209 0.4197024032473564 4.145984418690205 0 0.09558635950088501 0 46.24200578033924 20.09331960976124 138.5895934849977 301.5015965923667 26.84090398997068 77.27680241316557 0.5218832641839981 1.081780150532722 0.08517801761627197 39.37952107191086 28.96873533725739 19.17083552479744 3.27170117944479 7.665138825774193 0.1125639006495476 0.1283863335847855 43.39317254722118 2.488324612379074 0 266.4587518721819 120.2222399115562 135.3654798343778 7.95821113884449 4.620187804102898 0.5825857743620872 4.962155170738697 0.3141147568821907 1.769055090844631 27.68040692806244 1.469490803778172 7.378359355032444 19.59441489726305 3.515277437865734 8.501472942531109 7.338480807840824 0.244679793715477 1.895836725831032 0.3449601456522942 0.2564652636647224 0.4577891826629639 0.6573264598846436 22.57854605466127 8.937856003642082 0 14.94306626915932 365.680837392807 2.04067438095808 5.499436795711517 29.59897743910551 5.715491995215416 0.4796297550201416 21.71746885031462 7.692338280379772 6.880088083446026 18.58767622709274 22.1441004127264 1.052352458238602 57.72538428008556 22.95080932229757 48.16183483600616 9.431847408413887 0.1923444643616676 1.977701082825661 0 0 0 0 0.6397354602813721 0 0 0 0 0 1.701761156320572 0 0.9288477897644043 0 1.877220749855042 0 0 9.539428062736988 1.10623574256897 0 1.406082391738892 0 13.63884677737951 6.785211384296417 4.602137461304665 5.768712095916271 1.538290724158287 0 0 0 0 0 0 0 0.1945623531937599 0.9535230249166489 0 0 0 4.305127739906311 0.4900624230504036 0.4610593318939209 0.3355069756507874 0.1122234240174294 1.823643013834953 1.927741691470146 0.07484132796525955 0 0 21.37074484676123 0.3904697597026825 0.1984103545546532 0.4636994898319244 0.09130404144525528 0.2443142235279083 0 0 0 0 38.1103236079216 2.067051753401756 0 0 0 3.210285313427448 0.2813757359981537 4.1094840914011 2.689614869654179 1.512156158685684 1.064191371202469 0.09144367277622223 0 0 0 0 0 0.2202887237071991 0 0 0 28.57691670954227 12.41026438772678 12.69696293771267 268.0839954540133 14.35545167326927 444.7702970132232 50.46919599920511 451.2670686691999 31.63285415619612 3.632277965545654 15.81591735035181 11.37404569983482 0.5475596934556961 9.425742246210575 1.808007195591927 19.60821612179279 0.2222538441419601 0.1390565782785416 0.1246213167905807 3.159892916679382 0 187.9650728181005 23.54790291935205
8.153172835707664 113.5265256986022 1143.15648714453 0.4499861896038055 239.1125218644738 0 33.91570837795734 626.0552941039205 388.3710727095604 0.7013993933796883 4712.468455292284 31.15056386590004 184.2996692880988 1725.797413349152 55.29062922298908 29.1974783167243 0.5506874471902847 0.7825126126408577 0.2962995544075966 2.956984430551529 31.73857513815165 0 13.6815088763833 1.508662022650242 10.95471683889627 2.777613334357738 7.265471242368221 1.259452939033508 0.1768256425857544 0.5339251905679703 1048.917519748211 2442.154220841825 140.1722206547856 3.627386122941971 25.79975217580795 25.48464847356081 58.49101158976555 8.637582838535309 1.875412300229073 2.358258210122585 14.01149190962315 3.82378613948822 4.52287507802248 2.451683297753334 0.3150149881839752 9.975547432899475 117.8905665129423 1.25075601041317 1.090951569378376 2.849664561450481 2.417511940002441 0 0.4639172554016113 0 13.83258242160082 9.116508677601814 49.21892293542624 430.5634933710098 11.42001928389072 65.26010877639055 67.20468809455633 200.1635503321886 11.96022177487612 895.5912342518568 11.72452453523874 10.15893597900867 1.237502492964268 5.347002223134041 6.143686972558498 34.06364530324936 21.25905970484018 0.2984824776649475 0 177.9276889935136 186.7988044470549 220.0134232193232 82.63594292104244 341.0608805567026 978.804075717926 2564.70000115037 26.28267161548138 2144.182128585875 10.94614519923925 0.3565622717142105 2.732241965830326 7.189613245427608 2.445816889405251 3.706730715930462 3.300677783787251 0 0.9459789544343948 0.9390151500701904 55.00892889499664 7.812715582549572 0.7745991721749306 3.735953576862812 1.921900756657124 0 3.377496436238289 19.24742754548788 0 0 0 0 0 0.3818812966346741 0.7422306835651398 0 0 0.6823456287384033 0.3614835515618324 2.775258183479309 1.829279132187366 1.661101892590523 0.9686671867966652 0.1578021198511124 0 0 0 0 0 0 0 0 0 0 0 0 0 0 0 0.2577419131994247 0 0.6736093759536743 1.318495631217957 0.119960144162178 0 0.1667912900447845 0 2.394995644688606 0 0.291335254907608 0.526979573071003 0.6118616238236427 0 0 0.4014743864536285 0 0 0 0 0 0.2680847197771072 0 0 0.3147099614143372 0.2368320599198341 0 0 0 0.09702295809984207 0.09820000827312469 0 0 0 0 2.402683787047863 0 0 0 0 0 0 0 0.1537689417600632 0 3.915286518633366 0.2344723790884018 0 0 0 0.1278709918260574 0 0 0.3108793422579765 0.1997126340866089 0 0 0 0 0 0.1221854910254478 0 0.1770986914634705 0 0.2243016362190247 0 2.295766666531563 1.20007361471653 2.731227651238441 135.9964514151216 6.0139334872365 263.7143901661038 40.09669418632984 13.14636799693108 21.77440462261438 2.338682450354099 10.47914833575487 2.946407578885555 0 0.4529440402984619 0.2395108789205551 0 0 0 0.1550805568695068 3.37571507692337 0 42.25230554491282 1.579526528716087
104.8912544026971 860.9752870574594 472.1825236976147 119.2019212990999 2444.105892442167 42.23177320510149 1986.623587816954 388.3710727095604 645.6493108719587 1016.148057810962 2284.073903433979 17.10131572186947 463.9934378415346 615.8599143251777 57.6700391843915 22.62874495983124 0.6703607514500618 0.09335754066705704 0 0.1172241270542145 0.2320446819067001 0 0 0 0.08645037561655045 0 0 0.3096171021461487 0 0 141.3070574104786 52.21020764857531 10.99866803735495 0.166137583553791 0 0.09556549787521362 20.17655382305384 0.4883208572864532 2.003469586372375 0.2937132120132446 0 0.1285058557987213 0.08260346949100494 0.5898095294833183 0 0.6051653474569321 120.947842605412 1.585485614836216 0.7964599579572678 0.2341514527797699 1.792945586144924 0.3527837544679642 0 0 21.45317541062832 7.985785976052284 44.71357394009829 133.7371633201838 14.53181120753288 56.0336409509182 0.7090551219880581 0.5479860305786133 0 49.97445999830961 15.74191427230835 12.92666651308537 1.496844731271267 3.390708103775978 0.08006103336811066 0.2966888323426247 63.01976519823074 2.267247438430786 0 154.522427752614 92.42557930201292 178.0896449908614 10.94354122132063 8.065649107098579 0.9337176084518433 25.15892113000154 0.4147147312760353 3.617750264704227 14.24643023312092 0.5284367427229881 3.673798277974129 9.879019849002361 1.608572021126747 4.862609796226025 3.114096857607365 0 1.404127143323421 0.5487424805760384 0.2172266319394112 0.232556626200676 0 19.50775620341301 14.16503594815731 0 14.86384931951761 54.48147085309029 2.590966835618019 1.451813228428364 3.881245471537113 0 1.174949780106544 6.63280613720417 7.431159168481827 6.215651072561741 3.774290308356285 30.59440926462412 2.846612274646759 79.77839517593384 37.80021719634533 59.04532666504383 17.18805959820747 1.16031089425087 0 0.4130838811397552 0 0 0 0 0 0 0 0 0.4499861001968384 0 0 0.4588610380887985 0 0.5656993985176086 0 0 7.00119099766016 0.8951787278056145 0 3.038447514176369 0 16.46970476210117 11.98051665723324 14.27010072022676 12.35653275251389 6.465629398822784 0 0 0 0 0 0.109290786087513 0 1.31623163819313 4.695381976664066 0 0 0 4.708782374858856 0 0 0 0 1.361288547515869 1.154668584465981 0.568777471780777 0 3.68614849448204 32.88501372933388 0 0 0 0 0 0 0 0 0 60.25074079632759 0.1556003093719482 0 0 0 4.093536391854286 1.540336400270462 4.923364371061325 0.6132716909050941 0.8238172456622124 0.7415307983756065 0 0.3927076756954193 0 0 0 0.1442817598581314 0 0 0.4758279025554657 0 48.0256631821394 22.93893972039223 20.57576255500317 273.2972893044353 9.63354068249464 349.324053928256 50.08794828504324 97.46494027227163 35.39173070341349 3.249775186181068 25.08001188933849 21.89140395820141 0 9.925866909325123 2.903153903782368 24.66063365340233 0.8536021411418915 0.2668866813182831 0 6.680326223373413 0.5496626496315002 116.0138887017965 29.91872876137495
1399.002046748996 418.3961653262377 8.971508018672466 1605.947222627699 547.4087888672948 1855.450249843299 2563.183329820633 0.7013993933796883 1016.148057810962 1716.144907206297 44.32969393581152 3168.502866230905 11686.74990668893 774.0688412860036 16.2993076518178 5.709094882011414 0.1054795011878014 0 0 0 0 0 0 0 0 0 0 0 0 0 13.72206884622574 5.258488155901432 44.24109457433224 0 0.1112555414438248 0 203.5572718679905 1.074745699763298 6.407262280583382 0.2836969494819641 0 0.3088856041431427 0 0.3595966398715973 0 0 51.62265121936798 0.246409997344017 0.1674332469701767 0.2046664208173752 1.063325919210911 0.3405261635780334 0 0 16.64493861794472 6.259250573813915 91.68189582973719 78.80146082490683 8.818700976669788 29.09181363880634 0.0884183794260025 0.5662103444337845 0 6.334608972072601 9.627657435834408 6.95793067663908 0.3126646876335144 2.284113854169846 0.4674466848373413 0.1027242243289948 425.7862955778837 15.09864267706871 0.4006046205759048 80.98941604793072 31.16076299548149 56.88609606027603 3.880939610302448 1.811850666999817 0.4547646716237068 6.130522452294827 0.3588534295558929 1.227426044642925 8.286466389894485 0.4671858251094818 2.450966909527779 5.888255432248116 0.9670607671141624 2.592318154871464 1.98130164295435 0.4506176561117172 0.5334026515483856 0.5320384278893471 0.291278563439846 0.4679169654846191 0.1558764427900314 156.5546408519149 87.5970061570406 0.8038629293441772 75.20537677407265 1146.590543486178 3.461725518107414 35.48047463595867 133.6793268322945 134.190941631794 3.048106983304024 42.43206050246954 95.73003022372723 11.38552497327328 42.26590398699045 70.39503511041403 5.18047995865345 146.250148281455 86.99159909784794 117.2171719968319 27.2913828715682 2.133320689201355 0 0 0.14297716319561 0 0 0.48871248960495 0 0 0 0 0 4.896510243415833 0.9930620789527893 1.615572452545166 0.1631753891706467 2.411863319575787 0.1277015060186386 0 12.67779625952244 2.286864750087261 0 14.64970511198044 0 17.88802722841501 7.39661680161953 17.78262259811163 17.60228086262941 10.56277317553759 0 0 0 0 0.3394854366779327 0 0 4.178372822701931 2.007440641522408 0 0 0 6.004868820309639 0 0.5668580755591393 1.379596568644047 0.07929378002882004 5.317155636847019 7.147252775728703 0.4998467862606049 0 0 61.84286170452833 0.4919841140508652 0 1.119391307234764 0.5629765689373016 0 0 0 0.6088611483573914 0 101.9420660585165 2.154192820191383 0 0 0.4529217779636383 9.814570419490337 0.08623543381690979 14.09708559513092 5.390507631003857 3.554338917136192 2.053886227309704 0.9713002666831017 0 0.119109608232975 0.1696612015366554 0 0 2.451647534966469 0 0.09481697529554367 0 133.400040410459 37.33428198099136 34.30727262049913 352.4614790976048 6.952146403491497 195.3125641867518 26.94696166366339 1242.173857785761 19.00889748334885 0.8739552795886993 5.175172880291939 40.9614045843482 0.5054693818092346 18.84287429600954 8.810952425003052 119.981737010181 2.805685840547085 0.3647375404834747 0 0.7562682628631592 0 539.9852694049478 143.4794887900352
195.1228014826775 924.2393990680575 3881.549317859113 9.768217168748379 1033.61572188139 1.292472906410694 349.6826265826821 4712.468455292284 2284.073903433979 44.32969393581152 1275.419967211783 13.76780804991722 417.4649309068918 1490.990895971656 65.86267745494843 39.92463836818933 1.310475513339043 0.1500215008854866 0.08196114003658295 0.3062881529331207 3.277492687106133 0 1.166891619563103 0.1428930014371872 0.6013181209564209 0.588293269276619 0.1080867573618889 0.4446032494306564 0.1880815848708153 0.2066382169723511 1059.715574681759 434.6572255790234 186.3732152283192 0 0.7613402307033539 0.6795403361320496 210.0541565194726 6.990886941552162 1.545270875096321 0.7013862505555153 1.896483734250069 0.4384437054395676 0.8339986056089401 2.959061160683632 0 1.61596991866827 95.91718612611294 1.512708775699139 0.5291809141635895 0.6060191318392754 1.980415634810925 0.9121204316616058 0 0.0907241553068161 20.593999363482 10.71031394600868 72.09241423755884 250.9112550988793 16.02580045908689 54.57517509907484 2.206651851534843 11.17986960709095 1.160875409841537 75.16780973225832 14.82512272894382 10.36470805853605 2.653389744460583 4.136091478168964 0.8556949645280838 2.087333120405674 55.1596495360136 0.140621542930603 0 157.4368134662509 96.89824414253235 153.208905801177 19.59248216450214 24.33668779581785 18.80172435939312 383.1265301033854 2.999907687306404 16.63274107128382 14.82363093644381 0.328800804913044 3.440532758831978 8.167453303933144 2.581018976867199 3.578845754265785 2.56758613884449 0.1166167408227921 1.814599402248859 0.4151841253042221 8.442689247429371 3.11409467458725 1.024729482829571 19.97993345558643 6.131725698709488 0 3.376255258917809 154.5166493505239 0.2585376277565956 0.2397425845265388 0.2565469816327095 0 0.6792711168527603 3.58601663261652 2.045566990971565 0.9252769500017166 1.797018848359585 2.829490885138512 0.2615029960870743 17.10823822021484 5.869286708533764 12.94445123523474 5.221759714186192 0 0 0 0 0 0 0.1550079733133316 0 0 0 0.2018683403730392 0 0.6412794589996338 0 0 0 0 0 0 1.406950928270817 0.1388309597969055 0 1.563602790236473 0 4.336121462285519 1.379501022398472 2.412073843181133 4.289584249258041 1.022152379155159 0 0.3065129742026329 0 0 0.1876230686903 0 0 0 0.5122307389974594 0 0 0 0.8260581269860268 0.1903887391090393 0 0 0 0.487512469291687 0.09914818406105042 0 0 0.559412345290184 8.649478130042553 0 0 0.2176619023084641 0 0 0 0.3561171889305115 0 0.1927675306797028 18.38267808407545 0 0 0 0 1.388434007763863 1.039827287197113 1.699024051427841 0.1201269254088402 0 0.5031671747565269 0 0 0.2206082940101624 0 0 0 0 0 0 0 12.93904163688421 6.205582000315189 4.688894860446453 241.9602511674166 7.974962875247002 269.838628038764 51.91129767894745 57.16146590560675 30.34079074859619 2.049026630818844 21.23776169121265 7.217443786561489 0.2516032531857491 3.701119281351566 1.236903056502342 1.485135488212109 0.9109978079795837 0.3275787234306335 0.571658581495285 3.932788580656052 0 67.62557298690081 11.45223050564528
93.74252098798752 27.39661747217178 27.87626826763153 237.7618014216423 12.44014769792557 103.6964954435825 101.0191863402724 31.15056386590004 17.10131572186947 3168.502866230905 13.76780804991722 56.91942632198334 969.9062030762434 95.92486082017422 17.14242070913315 11.00819835811853 0 0 0 0 0.1525063216686249 0 0 0 0 0 0 0 0 0 7.137323394417763 2.372103437781334 12.82215835899115 0 0 1.159323647618294 140.6454562321305 0.2378337830305099 2.405367642641068 0.3028470873832703 0.1238916292786598 0 0.1194463595747948 0.4489116668701172 0 0.2618547901511192 19.39208630472422 0.09575513750314713 0.1246283054351807 0 0 0 0 0 2.37684728205204 1.773702070116997 10.28663560003042 10.3078388273716 3.764160700142384 7.053063601255417 0.5065212845802307 0.597253680229187 0.7505914568901062 2.593234427273273 1.417635448276997 1.71391062438488 0.2960558086633682 0.6308038681745529 0.08449370414018631 0.4413372576236725 80.23141987621784 0.1847877204418182 0 13.57851582765579 8.608070462942123 22.0888134688139 4.314465083181858 6.377373963594437 0.1241962686181068 23.41791787743568 1.154579505324364 1.227608911693096 2.148163750767708 0 0.09824316203594208 0.5679112002253532 0 0.6210731193423271 1.134283043444157 0.1419904977083206 0 0 1.005539610981941 0.5319032967090607 0.3310158476233482 330.9453297108412 4.714414209127426 0 7.666260033845901 82.45168618857861 2.206052519381046 1.941110484302044 3.72844810038805 2.719364419579506 1.411803103983402 8.312628842890263 15.69257132709026 4.432529747486115 9.851512596011162 37.96382468193769 3.02083445340395 82.28936523944139 46.40345341712236 70.68323872238398 15.53003616631031 0.3155547007918358 0.5293616652488708 0 0 0 0 0 0 0 0 0 0 0.9847920536994934 0 0 0 1.046810299158096 0 0 9.542630359530449 0.4718999862670898 0 0.7877900004386902 0 9.515427425503731 5.110284067690372 9.061963424086571 4.122446537017822 3.194901973009109 0 0 0 0 0 0.08674117177724838 0 0.6110202297568321 2.54192677885294 0 0 0.1608515381813049 3.519500851631165 0 0 0.7965931594371796 0 1.301396943628788 2.145908758044243 0.2799708545207977 0 0.5077915191650391 25.94417675584555 0 0 0.8495009243488312 0.08915495872497559 0 0 0 0 0 62.99742756783962 0.2667947113513947 0 0 0.1393119990825653 3.722939111292362 0.7363133430480957 4.509224891662598 0.9601473733782768 0.5975307673215866 0.8566242679953575 0 0 0 0 0 0 0 0 0 0.1265401691198349 70.24768193811178 19.90916863828897 9.926567643880844 89.4185628965497 1.54777954518795 51.7487171664834 11.34240049868822 156.5857460424304 7.895853519439697 3.451224192976952 8.392083562910557 8.414141684770584 0.1892407685518265 8.617101401090622 5.54954868555069 16.96784477680922 1.936902225017548 0 0.5305026471614838 5.043496981263161 1.221504330635071 254.5685695633292 64.42836439609528
336.9420181363821 543.5699774622917 349.723496325314 804.615964576602 520.1407251134515 255.9634038805962 2961.742449097335 184.2996692880988 463.9934378415346 11686.74990668893 417.4649309068918 969.9062030762434 1276.712163850665 989.0116309970617 106.4702088162303 84.7758327499032 2.102068386971951 0.3192404806613922 0.1551179885864258 0.1100607439875603 1.171699732542038 0.6394690424203873 0.6134273111820221 0.3101062774658203 0.8853666335344315 0.7595428377389908 0.1323919743299484 0.6395488455891609 0 0.1888981834053993 72.06979471445084 22.38301676511765 424.9134410396218 0 0.3484061807394028 0.4857743829488754 390.4801800698042 9.387320004403591 7.945962525904179 0.8587942346930504 1.499889351427555 0.4686394482851028 0.6958383768796921 9.95335640758276 0 2.724793337285519 109.7635047882795 0 0.2324959859251976 0.07168882340192795 0.2322805672883987 1.030567049980164 0 0 12.89418710023165 4.145261280238628 43.59074699878693 72.97118165344 13.73498690873384 36.90010564774275 6.09640733897686 10.4246739000082 0.4451169073581696 26.5583763346076 8.71137461066246 7.551110468804836 0.1760799065232277 3.119689926505089 1.577572256326675 2.836760804057121 225.8529159277678 3.8746427744627 0 82.01832710951567 49.00712301582098 154.2932236492634 26.39274670183659 42.63240734487772 1.101722396910191 187.9343319684267 6.699743032455444 10.58111422508955 5.815638363361359 0.4246130809187889 1.580533444881439 5.08356100320816 0.8600190281867981 1.673326537013054 1.60832267254591 0 0.4213446751236916 0.1326354593038559 8.523995622992516 2.529573351144791 1.305619478225708 1287.530566670001 23.73934538662434 0.1896712929010391 28.85187830775976 198.5881273820996 7.060848169028759 8.636644408106804 12.09548246115446 9.199252024292946 9.508929647505283 43.73008542507887 52.12453938275576 25.78858637064695 186.2537965625525 160.6011439561844 12.14543378353119 311.8572041094303 167.527136169374 275.7212013155222 48.37744646519423 3.87429366260767 1.190702863037586 0.6293401718139648 0 0 0 0.1681149899959564 0 0 0 0.5544018000364304 0 2.869141891598701 0 0.1835650503635406 0 5.194792412221432 0 0.2259917557239532 34.83652163296938 2.647445797920227 0.08672493696212769 11.08712014555931 0.9185111522674561 42.88656840473413 23.61992213875055 27.58846889436245 29.1029914021492 16.38186086714268 0 0.1397425979375839 0.09460145980119705 0 0.3476116955280304 0 0 1.768760927021503 5.857393026351929 0 0.1374746710062027 0.2181117385625839 6.697217524051666 0.5244933515787125 0.2444876432418823 1.368732273578644 0 3.844554930925369 3.824882976710796 2.112876057624817 0 1.039618879556656 94.94764717668295 0.4897751286625862 0.2366353422403336 0.628960907459259 0 0.2398281991481781 0 0 0 0 223.3975668773055 2.178334295749664 0 0.2057033479213715 0.4632474184036255 15.41808021068573 1.408707074820995 27.03861531615257 4.877534784376621 2.65166912227869 2.178358800709248 0.291213721036911 0.2179046645760536 0 0 0 0 0.1380589157342911 0.1269107311964035 0 0 250.1185378804803 70.16732756793499 46.12662940472364 543.5653902739286 8.611998431384563 293.0605165809393 86.7190176397562 322.4087985754013 44.34970433264971 2.286248549818993 37.62929043918848 45.39870446920395 0.1552450060844421 34.80353380739689 10.33999572694302 81.60064281523228 1.610378436744213 0 1.556666985154152 13.49641839414835 0.2412365823984146 536.1551644653082 173.7017141133547
69.51663403213024 615.5866587385535 1545.048705428839 50.72590903937817 355.9416960552335 64.36863294243813 1123.607801310718 1725.797413349152 615.8599143251777 774.0688412860036 1490.990895971656 95.92486082017422 989.0116309970617 547.701736189425 230.2115691676736 157.0316441655159 4.634298458695412 1.372850850224495 0.5610694140195847 0.8058048188686371 6.054191388189793 0.1207964196801186 1.094173491001129 0.4996540248394012 1.700602769851685 0.9470484852790833 1.428094446659088 1.370883278548717 0.5962186679244041 0.2124665975570679 367.915653757751 154.893047504127 545.1715044081211 0.9114759489893913 0.5253535509109497 1.599937468767166 782.7520878091455 22.26861139386892 13.96256794780493 3.492507882416248 5.740256927907467 3.03772496432066 1.069021292030811 12.87087070196867 0.319914884865284 6.01296242326498 227.031785570085 0.9181440770626068 0.5279393494129181 2.023356966674328 2.867125935852528 0.3512156531214714 0.275349922478199 0.4020899385213852 21.22255804389715 8.213403157889843 60.83209600299597 179.7645881026983 20.3115032762289 86.82984997704625 3.658942930400372 16.06087865680456 1.863932251930237 87.41460029035807 12.5489312633872 10.34286004304886 1.482847638428211 4.212139196693897 2.544656343758106 11.70859261602163 218.6064540855587 0.9764583706855774 0 191.2126063555479 133.3664505444467 372.5723148807883 65.85161861032248 102.9184611439705 10.76409427449107 456.2177809551358 12.93247713148594 27.1274721622467 15.71848814934492 0.1659729555249214 3.97917190939188 9.591871753334999 1.569506362080574 2.805100783705711 4.09849239140749 0 2.111071929335594 1.205526627600193 22.76034408807755 7.810978382825851 1.104198917746544 377.6584648191929 33.29687923192978 0 34.37291311472654 107.7017206773162 3.386100620031357 5.324133791029453 10.98038938641548 4.591433122754097 4.639006249606609 25.16739903390408 29.43763417005539 27.89849576354027 27.53362224251032 81.14839855581522 7.948554635047913 251.7833611369133 126.1257572844625 203.058511570096 47.59099639207125 0.9446389153599739 0.8419013619422913 0 0.2265939489006996 0 0 0.3167208433151245 0 0 0 0 0.2987719103693962 4.727816835045815 0 0.330657996237278 0.1064561903476715 1.585269533097744 0.32124263048172 1.717554613947868 21.62167455255985 2.337227113544941 0 7.621216237545013 0 43.47147863358259 23.11941599845886 29.98045035451651 36.56220561265945 14.56249997764826 0.3611645996570587 0.3205292522907257 0 0 0.3658658266067505 0 0 4.882002577185631 8.593592762947083 0.3581040501594543 0 0 9.537204124033451 0.6621106937527657 0.09611371904611588 0.1078431010246277 0.1397959291934967 5.788841925561428 3.688973940908909 0.9993335083127022 0.09488005936145782 3.448548674583435 83.09334389865398 0.3237240239977837 0.4294967502355576 0.5180296450853348 0.2224102765321732 0 0 0 0 0 198.3787429407239 2.453914195299149 0 0 0.6694770678877831 15.51973441243172 0.8460588902235031 23.15793578326702 6.37311402708292 3.126151666045189 3.585875950753689 0.7991182655096054 1.093002468347549 0.3181374073028564 0.1558816283941269 0 0.1122333407402039 0.1148402318358421 0.2469450682401657 0.5002090930938721 0 187.3075362965465 71.23876262456179 52.39538960158825 939.166432082653 18.63584130257368 564.1010834798217 174.0979834496975 195.0460224673152 69.57562198489904 7.605520032346249 65.8057307600975 42.99062269926071 2.221322633326054 28.40784505754709 11.33002214133739 49.36043401807547 2.991819158196449 0.5848625302314758 1.041773147881031 24.62825873494148 3.510774068534374 376.1709828600287 123.5663627758622
