307.3169645816088 1516.943047527224 468.198836363852 718.4760118424892 49.23544236272573 185.4405155330896 692.377003416419 116.8968170359731 68.65465328097343 2752.318357571959 157.6923604682088 581.9666576236486 740.2674658074975 103.2224796488881 1.534622766077518 0.2262491211295128 0 0 0 0 0.1582992449402809 0 0.0888063982129097 0 0 0 0 0.08482182025909424 0.1850186884403229 0 757.4366644471884 2.797521777451038 5.852038558572531 0.07091654092073441 0.08187054842710495 0 9.280994452536106 0.594108060002327 0.2902982458472252 0.07656111568212509 0.3619547486305237 0 0 0 0 0.09114163368940353 32.95732690766454 2.131735011935234 0 0 0.09842270612716675 0 0.08886519819498062 0 0.8476004302501678 1.151894517242908 179.274883273989 376.5873546153307 26.17071049660444 7.562064647674561 0.1362098567187786 0.8707246482372284 0 17.83556212857366 1.592833705246449 1.605888769030571 0.5769799053668976 1.112371221184731 0.1707757413387299 0.07116094976663589 13.45864344388247 0.07806494832038879 0 154.1447621695697 30.41235519200563 17.67699143663049 6.63085300475359 0.740777000784874 0.4469636976718903 1.40925894677639 0.4073672667145729 0.5305222794413567 13.24411925673485 0.1459107995033264 3.157458074390888 0.6653968393802643 0.7526169791817665 0 0.1533120796084404 0 0 0 0.06762013584375381 0.1058040708303452 0 73.97125321626663 10.00823521614075 0 0.2336733043193817 696.0786847025156 0.06998486816883087 0.2834927514195442 0.8379732817411423 0.4003264755010605 0.1023769602179527 0 2.247508868575096 0.3320208787918091 9.462487161159515 9.272715792059898 0.6688614413142204 19.26328171044588 8.651846036314964 14.69109664112329 19.76171321421862 0 0.2109712362289429 0 0 0 0 0 0 0 0 0 0 0 0 0 0 0 0 0 0 0.1269440501928329 0 0 0 2.274109579622746 0.1341942995786667 1.259424541145563 0.1816914826631546 0.2293046787381172 0 0 0 0 0 0 0 0 0 0 0 0 0.06829154491424561 0 0 0 0.06063877046108246 0 0 0 0 0.06286720931529999 1.829866982996464 0 0 0 0 0 0 0 0 0 1.342330552637577 0.1424569338560104 0 0 0 4.004672899842262 0 0.174273818731308 0 0 0 0 0 0 0 0 0 0 0 0 0 13.23109929263592 0.4183003753423691 0.6977418102324009 196.2847642302513 3.714646674692631 48.11814054474235 12.45289892703295 579.8693512007594 12.69414309412241 1.872211992740631 4.072517871856689 0.9741878733038902 0.08144683390855789 0.5620792731642723 0.1733306050300598 6.946100667119026 0 0.08391354978084564 0.2799461185932159 0.8261983320116997 0 184.9701309800148 6.855670064687729
1516.943047527224 2508.183574542403 764.1434727348387 655.5840535759926 895.2690460123122 123.8529762253165 3405.846701957285 467.0680657662451 1730.961308207363 267.0027313753963 988.2615910507739 67.36941650509834 963.8337205797434 531.1809196434915 5.018913671374321 1.437393233180046 0.08638297766447067 0.09889578819274902 0 0 0.1453805789351463 0 0.115113191306591 0 0.06785789132118225 0 0 0 0.2487644776701927 0 1561.258212439716 22.699348308146 7.945249419659376 0.1511146351695061 0 0.06746914237737656 3.350839696824551 1.842528022825718 0.2095478400588036 0.1503988578915596 0.7129948660731316 0.1879374980926514 0.3534996658563614 0.247555211186409 0 0 102.1634692028165 2.194044999778271 0.09947929531335831 0.2409636005759239 0 0 0 0 1.382793709635735 1.634604267776012 138.4772183634341 489.1194318570197 28.28773578256369 19.62923263013363 0.9391732811927795 3.06216411665082 0 99.43610031530261 2.168669365346432 1.52131075412035 0.7714017108082771 0.7468386813998222 0.4259722158312798 0.5353170707821846 2.919739834964275 0.07194217294454575 0 216.5612770840526 65.13832871988416 47.64298418909311 36.75937749445438 2.526784360408783 1.364421598613262 5.374528124928474 1.44385764747858 2.383766122162342 15.73765473812819 0 3.319702334702015 0.6515729986131191 0.4254739433526993 0 0.07576268911361694 0 0.07067374140024185 0 0.3665473684668541 0 0 5.969278387725353 0 0 0.2601319178938866 468.1618652269244 0.6683086529374123 0.3028727769851685 0.5123168379068375 0.5510056018829346 0.1103909984230995 0 0.1572331339120865 0.2598561942577362 3.240398287773132 2.189540907740593 0.1658740192651749 6.112001597881317 2.515793308615685 5.702577486634254 16.41715205460787 0.08972544223070145 0.07537839561700821 0 0.07298411428928375 0 0 0 0 0 0 0 0 0.06662589311599731 0 0 0 0.08272206038236618 0 0 0.3934933543205261 0.3279573246836662 0 0 0.07928779721260071 1.412782028317451 0.1626898348331451 1.070965334773064 0.533368207514286 0.1393145844340324 0 0 0 0 0 0.08833380788564682 0 0 0.0981733426451683 0 0 0 0 0 0 0 0 0 0 0 0.08424375206232071 0 0.9134613312780857 0 0 0.05819778889417648 0 0 0 0 0 0 1.356949903070927 0 0 0 0 0.4431871175765991 0 0.9002129659056664 0.08787247538566589 0.1859312504529953 0 0 0.08764082938432693 0 0 0 0 0 0 0 0 8.742089338600636 0.4883902445435524 1.344368234276772 117.3118510730565 3.418538846075535 112.0764295533299 25.33865168690681 265.6770879402757 41.87843721359968 2.970205783843994 26.17192424088717 2.754601359367371 0.105475515127182 0.5492666438221931 0.6763067543506622 0.7798419296741486 0.1422245800495148 0 0.3275408446788788 4.524368435144424 0.471348375082016 67.84895158186555 4.696484826505184
468.198836363852 764.1434727348387 502.0875476039946 4.13388554006815 480.1752435714006 0.8002529591321945 530.4124304912984 2847.341917365789 2401.750046744943 14.92241732031107 2171.856885276735 11.26375230401754 785.6187767721713 1778.041120991111 6.286948502063751 4.929497629404068 0.532696321606636 0 0 0.1087487265467644 2.302574895322323 0.2858496308326721 1.752679251134396 2.212125413119793 1.159081943333149 0.5052658021450043 0.3310622498393059 0.270945243537426 0 0 3579.197455905378 294.3188235014677 208.7230830788612 0.8024151772260666 1.754928044974804 0.8517894446849823 46.77647298574448 46.91855318844318 2.107314720749855 1.075954861938953 5.95403641462326 0.08913437277078629 0.9567442387342453 5.463336635380983 0.6450912803411484 0.7534589618444443 52.30633841827512 0.9030160829424858 0.08596700429916382 0.4529062211513519 0.305565670132637 0.08405059576034546 0.2772142887115479 0.1139034405350685 0.1562288925051689 0.529968723654747 53.60471972823143 248.9450005814433 11.48895539715886 6.733485400676727 4.508489765226841 80.4147223867476 0.5286835804581642 117.645223274827 0.2834919914603233 0.5852334275841713 0.4739807397127151 0.3707013502717018 0.8772864937782288 7.373003542423248 14.81433390080929 1.181266091763973 0.1310587674379349 79.42475727945566 31.24983322620392 31.95961098372936 28.66684406250715 21.3459430411458 14.43294790014625 257.7456919550896 7.611764058470726 52.23347229883075 4.551003061234951 0.07016967982053757 1.099131487309933 0.1835912689566612 0.07345185428857803 0.0700751319527626 0.08928652107715607 0.07250808924436569 0 0 4.203706003725529 0.6496353968977928 0 8.783786348998547 2.378794126212597 0.4265286400914192 2.621418826282024 43.1117156073451 0 0.3099760934710503 0.325579896569252 0.1114387661218643 1.122702553868294 0.2429473474621773 0 0 0.5982905998826027 1.048537276685238 0.559327632188797 3.162050686776638 2.843257360160351 4.001963123679161 19.38123110681772 0.2707097455859184 0.4259562790393829 0 0 0 0 0 0.1097626313567162 0 0 0.263918861746788 0 0.1641538739204407 0 0 0.1056777238845825 0.1720353737473488 0 0.08164552599191666 1.010950297117233 0.730418287217617 0 0.08433231711387634 0 5.460146352648735 1.380494080483913 7.093581080436707 2.015778131783009 1.090119071304798 0 0.1108817085623741 0 0.07453589141368866 0.2927220091223717 0.2829792127013206 0 0 0.406392015516758 0 0 0 0.5849577262997627 0.100092850625515 0 0 0 0.2150637432932854 0.08987240493297577 0 0.7445992678403854 0.07619966566562653 1.925748519599438 0.5186356231570244 0 0.05481123551726341 0 0 0 0 0 0 3.259099408984184 0.7421290501952171 0 0 0 2.999900102615356 0.1895821318030357 1.143415838479996 0.2131402790546417 0.1068127006292343 0.5498809032142162 0.0669926330447197 0.430634118616581 0 0 0 0 0 0 0 0 6.10018964856863 2.022252395749092 4.597627453505993 64.1407705321908 2.644775595515966 54.39582838118076 24.51893845945597 14.23124315589666 14.94227260351181 0.898032084107399 21.46419237554073 3.187275521457195 0.166523315012455 1.320401281118393 0.8294070698320866 0.08927985280752182 0 0 0.8487185016274452 3.847649857401848 0.4089440926909447 16.73479949682951 6.045123167335987
718.4760118424892 655.5840535759926 4.13388554006815 237.775177039206 29.19484377652407 111.6226635724306 1147.627849005163 0.5728698149323463 11.21306712180376 2291.121409289539 2.157435357570648 1064.098286375403 1103.859679557383 22.70285955816507 0.9646091684699059 0.09326276928186417 0 0 0 0 0.07803824543952942 0 0 0 0 0 0 0 0 0 101.3094627782702 1.849571004509926 1.440988503396511 0 0 0 4.731141850352287 0.4721833094954491 0.07515042275190353 0 0 0 0 0 0.08772553503513336 0 30.75103490054607 0.7192886099219322 0 0 0 0 0 0 0.4734149351716042 0.3635859787464142 49.35632903501391 124.1271461620927 9.890095695853233 6.534864589571953 0.08644749969244003 0.3485788404941559 0 21.78019609302282 0.2477292567491531 0.9749743789434433 0.445499874651432 0.3481176197528839 0.1470082476735115 0.1915887966752052 11.34708396345377 0.6357921957969666 0 77.36320401355624 24.2533200904727 10.30064452439547 9.207845874130726 0.5806904509663582 0.09760936349630356 0.4992358162999153 0.09097651392221451 0.1746838092803955 5.512332361191511 0 1.187620304524899 0.1671860292553902 0.1042721271514893 0 0 0 0 0 0.4007063657045364 0.06875728070735931 0 35.18819878995419 2.546228528022766 0 0.0706162303686142 308.8393517881632 0 0.3091061264276505 1.320282898843288 0.7070459723472595 0 1.142521008849144 0.6112863421440125 0 6.114538557827473 2.588036939501762 2.821256086230278 13.35712459683418 3.492284335196018 6.646069124341011 9.342002615332603 0 0 0 0 0 0 0 0 0 0 0 0 0 0 0 0 0 0 0 0.08702370524406433 0.3299799710512161 0 0 0 0.718546949326992 0 0.6717267036437988 0 0 0 0 0 0 0 0.1016215607523918 0 0 0 0 0 0 0 0 0 0 0 0 0 0 0 0 0.2089189141988754 0.09180717170238495 0.06781768053770065 0 0 0 0 0 0 0 1.306845270097256 0 0 0 0 0.4170198738574982 0 0.3342361897230148 0 0 0 0 0.07219360023736954 0 0 0 0 0 0 0 0 7.629361778497696 0.2077290415763855 0.3651864379644394 44.24244733899832 0.9303864315152168 40.10761347413063 7.608221165835857 341.3760046064854 10.14307593554258 0.3318709135055542 8.193321131169796 1.804967641830444 0.08406730741262436 0.7736490964889526 0.08329840749502182 0.5759574472904205 0 0 0 0.2977439016103745 0 92.73940803855658 5.551643036305904
49.23544236272573 895.2690460123122 480.1752435714006 29.19484377652407 404.5052582323551 1.325109615921974 575.1693074628711 6.00469197332859 1469.864168908447 48.42193599790335 76.74700622260571 17.86060152202845 1447.691432073712 1340.033031962812 2.570834413170815 0.6129211112856865 0.0743008628487587 0 0 0 0.09379428625106812 0.1387470066547394 0.09158994257450104 0.1720207184553146 0 0 0 0 0 0 181.5243279822171 13.79764757305384 2.148367993533611 0.1801702678203583 0 0 1.425525352358818 0.5851337686181068 0.08808305859565735 0.07813993096351624 0 0 0.08079683780670166 0 0.2451324760913849 0.08089238405227661 48.29589716345072 0.2383600100874901 0 0 0 0 0.07394085079431534 0 0.2451689541339874 0.7994215115904808 18.02377012372017 71.19841543585062 4.734921455383301 6.758022792637348 0.7711658105254173 1.274292469024658 0.07942720502614975 35.76431775838137 0.2932004630565643 0.4473753869533539 0.2133440002799034 0.1935485079884529 0.4344607666134834 0.4311271458864212 1.225367575883865 0.08709245920181274 0 60.58322620764375 21.46417421102524 21.27428243309259 20.12757828831673 1.459496401250362 0.7713931500911713 0.705842062830925 0.4639039561152458 0.7517158687114716 4.750964924693108 0 0.9538111239671707 0.08302577584981918 0.2575020492076874 0 0 0.1200412735342979 0 0 0 0.07970427721738815 0 1.130864977836609 0.7317589372396469 0 0 18.42837888747454 0 0 0.137272521853447 0 0 0.2423151284456253 0 0.1286301612854004 1.37539467215538 1.431094840168953 0.1268468797206879 5.832706563174725 3.373921923339367 3.96303454041481 7.036347888410091 0 0.07365264743566513 0.0749238133430481 0 0 0 0 0 0 0 0 0 0 0 0 0 0 0 0 0.3656141608953476 0 0 0 0 1.142168551683426 0 1.877501398324966 0.08752825856208801 0 0 0 0 0.1671561449766159 0.09877020120620728 0 0 0.5783907771110535 0.1105780228972435 0 0 0 0.242867112159729 0 0 0 0 0 0.2101648300886154 0 0 0 0.5654416978359222 0.8882951736450195 0 0 0 0 0 0 0 0 0.8113851323723793 0 0 0 0 0.5179877877235413 0 0.638216570019722 0 0 0 0 0 0 0 0 0 0 0 0 0 4.791541866958141 0.071851946413517 0.92915940284729 70.90177726000547 3.218056757003069 57.56867245584726 20.23640464991331 18.63659332692623 20.49324095249176 0.7721279412508011 21.90523248165846 1.393605604767799 0.1003615707159042 0.3624448627233505 0.3065485954284668 0.09265195578336716 0 0.08945918083190918 0 2.724428862333298 0 11.1951461955905 1.142288736999035
185.4405155330896 123.8529762253165 0.8002529591321945 111.6226635724306 1.325109615921974 11.77269661426544 30.38461595773697 0 0.645306684076786 177.5115080177784 0.5784743130207062 32.63479651510715 28.66126495599747 4.129202038049698 0.1349138021469116 0 0 0 0 0 0 0.3790493011474609 0 0 0 0 0 0 0 0 16.81632634997368 0 4.293420851230621 0 0 0 4.30377933382988 0 0 0 0 0 0 0.2467216998338699 0 0 3.099321335554123 0.3041318207979202 0 0 0 0.3684909790754318 0.1866771727800369 0 0 0.1708911806344986 197.6448763534427 23.32887300103903 2.641814380884171 0.476982593536377 0 0.2613092958927155 0 1.059863343834877 0 0 0 0 0 0 13.64064204692841 10.76672419905663 1.035528630018234 12.01264325529337 2.448396518826485 0.9132413119077682 0.5196671336889267 0 0 0 0.1523104459047318 0.2176251858472824 0.3317418918013573 0 0 0 0.1042752861976624 0.09800396859645844 0.1983061283826828 0.9057933837175369 0.3730642646551132 0.2580006048083305 0 0 0 107.41882994771 125.1801823377609 3.743699252605438 7.579714402556419 403.7353558689356 0 0 0 0 0 0 0 0 0.2033296823501587 0.6561061814427376 0 0 0.3574822768568993 0.5038142204284668 0.7710731029510498 0 0 0 0 0 0 0 0 0 0 0 0 0 0 0 0 0 0 0 0 0 0 0 0 0 0 0 0 0 0 0 0 0 0 0 0 0 0.06233613565564156 0 0 0 0 0 0 0 0 0 0 0 0 0 0 0 0 0 0 0 0 0 0 0 0.2410520389676094 0 0 0 0 0 0 0 0 0 0 0 0 0 0 0 0 0 0 0 0 0.5826432257890701 0 0 6.403185203671455 0 2.445654444396496 0.7855135202407837 225.3753612115979 1.802892960608006 0.2143044322729111 0.2140415906906128 0.08293334394693375 0 0 0.09966721385717392 0 0 0 0 0 0 20.2185083925724 0.3948864489793777
692.377003416419 3405.846701957285 530.4124304912984 1147.627849005163 575.1693074628711 30.38461595773697 839.7000773102045 4.803224038332701 175.2243004068732 535.3648024871945 74.75499168038368 101.9288628473878 4354.094937115908 254.4204772263765 11.70689231157303 2.206755988299847 0 0.2338535040616989 0.08868788182735443 0 0.329708069562912 0 0.2673110589385033 0.08411640673875809 0 0.07743873447179794 0 0.1220594272017479 0 0 426.8195128031075 29.28766560927033 4.546290546655655 0.09146649390459061 0.08285477757453918 0.3008048012852669 2.679748691618443 0.7206790894269943 0.5084159597754478 0.06912023574113846 0.2229953706264496 0.1134704798460007 0.5527111440896988 0.4744400382041931 0.3722850531339645 0.3371878936886787 168.6439387947321 2.949026860296726 0.09511986374855042 0.2636689394712448 0.1893417090177536 0 0 0.1166621893644333 2.146554715931416 3.339923799037933 119.9329850077629 374.8107236400247 25.9247195571661 34.01747366786003 1.182388097047806 4.016733061522245 0.07990975677967072 114.2074410095811 2.764524083584547 3.027848046272993 1.08765884488821 1.368649423122406 0.8909331858158112 1.900539442896843 1.51580473780632 0.2200579233467579 0 312.4746818691492 104.8085697218776 80.93090064451098 52.95471306890249 2.892993248999119 3.316653236746788 1.768438704311848 1.19384279102087 3.178537134081125 19.63967733830214 0 6.133264504373074 0.8933060728013515 1.401418924331665 0.09359503537416458 0.2297665029764175 0 0 0 0.3652334660291672 0.07200273126363754 0.0905863493680954 11.67007119953632 0.5222407653927803 0.1075065210461617 0.2412668913602829 200.3333675563335 0.4440905898809433 2.061949037015438 6.932726621627808 3.901446633040905 0.4159873425960541 4.535913273692131 1.367499798536301 0.1463247537612915 12.79631499946117 9.890851527452469 5.436426416039467 32.53187527507544 19.72706242650747 24.17447351664305 66.06177252158523 0 0.2492162585258484 0 0.07398968935012817 0 0 0 0 0 0 0 0 0 0 0 0 0.07842152565717697 0 0 1.334420315921307 0.6926165223121643 0 0 0.1622015088796616 5.433041118085384 0.6262025758624077 9.371007844805717 1.156459495425224 0.1982291117310524 0 0 0 0 0.236688457429409 0.1571515947580338 0 0.08172544091939926 0.2159910947084427 0 0 0 0.07747521996498108 0 0.2775673568248749 0.08909641951322556 0 0.1162567958235741 0.4345908537507057 0 0 0 5.418181128799915 0.8288913145661354 0 0.0601511150598526 0 0 0 0 0 0 8.532370489090681 1.155001401901245 0 0 0 9.374832130968571 0.3272858262062073 1.156145423650742 0.3676548898220062 0.2475249022245407 0.1939962767064571 0 0.4884262457489967 0 0 0 0 0 0 0 0 30.485226303339 2.028552979230881 2.367696925997734 234.3562943860888 9.60749663412571 203.3012818135321 54.55266835540533 177.0162640661001 63.93677347153425 3.061908401548862 58.11793316155672 5.766940005123615 0 1.620295323431492 1.379910711199045 5.695503249764442 0.5542412400245667 0.2932286188006401 1.253740653395653 8.463789612054825 0 80.79616291075945 18.35406038910151
116.8968170359731 467.0680657662451 2847.341917365789 0.5728698149323463 6.00469197332859 0 4.803224038332701 1065.376877352595 80.28163454681635 1.284928642213345 535.2125717997551 1.924623161554337 99.9603258818388 767.0224017314613 14.73185170441866 7.679063245654106 0.4573353156447411 0.9251338467001915 0.5140129029750824 1.428655989468098 15.48096080124378 1.06734960526228 13.33023151010275 7.605433754622936 2.165632754564285 0.9640972763299942 1.217377029359341 0.1223178952932358 0.2693798467516899 0.1503502279520035 2760.208820883185 2763.947854049504 160.7511275075376 5.854693174362183 5.180488333106041 2.256472237408161 20.36134671419859 24.22518960386515 1.739976063370705 2.251160427927971 14.74712170660496 0.6188712641596794 12.21252354234457 18.55655308067799 4.813817352056503 4.29356599599123 88.93687952682376 0.9953982755541801 0.09426067769527435 4.312307707965374 0.6833140999078751 0.07713478058576584 0.6033462584018707 0.2660364732146263 0.1504147201776505 1.249861128628254 65.665447242558 279.174992788583 12.25551080703735 9.560760524123907 80.33063381165266 193.5348520055413 1.840916901826859 379.399438533932 0.4254394024610519 0.5982104875147343 0.148475669324398 0.6228071004152298 10.32860395312309 43.77723314613104 10.41241111606359 1.897187508642673 0.3135948032140732 111.5827724896371 67.15490689128637 55.81419559568167 120.301731325686 178.8823497220874 377.4758012369275 607.4018841199577 184.7859372347593 383.1255291923881 4.759383074939251 0 1.090992510318756 0.2141281813383102 1.776641584932804 0 0 0.252961590886116 0.2668794170022011 0.2453932985663414 18.33018971979618 1.578430399298668 0.7163881361484528 3.853710252791643 1.413393944501877 0.4664899930357933 1.938411884009838 26.16545575857162 0.2263513877987862 0.2808045446872711 0.1732600852847099 0 0.08038660883903503 0 0 0.1385994404554367 0.1022241711616516 0.08835142105817795 0.3553411141037941 0.2109640687704086 0.8682084828615189 0.645511731505394 7.773368686437607 0.6964027099311352 0.778959147632122 0 0.4029323980212212 0 0 0 0.1820632666349411 0.07609327137470245 0 0 0.08319501578807831 0.3824494257569313 0 0.4136538282036781 0.3428341597318649 0 0.1319228410720825 0.2137578204274178 0.3441823124885559 0.514989361166954 0 0.3306067436933517 0.2476809695363045 5.491083230823278 1.212004423141479 7.681139174848795 5.865388337522745 2.227827504277229 0.08221214264631271 0 0 0 0.4531358182430267 0.1553247347474098 0.1581678837537766 0 0.4170075990259647 0 0 0 2.148297213017941 0.1009043231606483 0 0 0 0.07341347634792328 0.06428826600313187 0 0.803864985704422 0.171929843723774 3.96549604088068 0.1620931252837181 0 0.1233911439776421 0 0 0 0.07775808870792389 0.120448887348175 0 0.5383470430970192 0.5867520198225975 0 0.08532849699258804 0 1.573476374149323 0.531880185008049 0.6002083793282509 0.07632919400930405 0.08568341284990311 0.3871169537305832 0.1622131019830704 0.2377102300524712 0 0 0 0 0 0 0.2278578728437424 0 0.6117922589182854 2.165931835770607 4.396007217466831 61.28696397691965 3.773350365459919 84.11816667765379 26.41655338555574 9.840431787073612 16.91118998080492 0.5560819655656815 17.17260383814573 3.936911515891552 0.2329604998230934 0.4967947900295258 0.7187203764915466 0.2801702916622162 0.4805346503853798 0 1.269994460046291 3.850590743124485 0 6.847638793289661 2.619513683021069
68.65465328097343 1730.961308207363 2401.750046744943 11.21306712180376 1469.864168908447 0.645306684076786 175.2243004068732 80.28163454681635 85.57573757320642 10.66955833882093 354.6808056086302 7.398933112621307 892.945161268115 229.8757783770561 2.861457094550133 1.356746632605791 0.08224084228277206 0.1052395850419998 0 0 0.1080801784992218 0 0.09771868586540222 0.1761424168944359 0 0 0 0 0 0 320.5620156526566 14.16325515508652 5.073751613497734 0 0.08739771693944931 0 4.734680972993374 1.037864379584789 0.1375660747289658 0.06844803690910339 0.4417529404163361 0 0.4073780849575996 0.3022509589791298 0.08039933443069458 0.0789048820734024 35.92175453901291 0.7527941465377808 0 0 0 0 0 0 0.1690192669630051 0.1483870223164558 14.92505459114909 55.17638414725661 2.718440547585487 5.027588486671448 0.2863124907016754 2.370850626379251 0.1619413271546364 25.8241129219532 0.555463433265686 0.1613448113203049 0.2745868712663651 0.507305521517992 0.3670920059084892 0.7651296257972717 0.4201260656118393 0.4261718243360519 0 44.1735096052289 17.47964990511537 17.93503546714783 13.27310064062476 1.119430348277092 0.7224845886230469 1.754612397402525 0.2426167950034142 1.861273240298033 2.371730871498585 0 0.5000106617808342 0.1962030082941055 0.1457557082176208 0 0 0 0.2007023617625237 0 0 0.1774061471223831 0 0.5043915659189224 0 0 0.1231581047177315 15.91486617177725 0 0.9172971397638321 0.7335332483053207 0 0 0.2146116942167282 0 0 2.165783390402794 1.29676753282547 0.09465776383876801 2.166262969374657 0.8158324658870697 1.686942562460899 10.03105173259974 0 0 0 0 0 0 0 0 0 0 0 0 0 0 0 0 0 0 0 0.09259665012359619 0.2489817440509796 0 0 0 1.092836670577526 0 1.302738837897778 0.4264782220125198 0 0 0 0 0 0 0 0 0 0.07124359905719757 0 0 0 0.08068164438009262 0 0 0 0 0.06516651064157486 0 0 0.1082846745848656 0 0.6345160603523254 0 0 0 0 0 0 0 0 0 1.114992313086987 0.08446887135505676 0 0 0 0.6977607384324074 0 0.6254956871271133 0 0 0 0 0.06369552761316299 0 0 0 0 0 0 0 0 3.693978354334831 0.2003941014409065 0.6019658297300339 52.72220677882433 1.907745040953159 43.16155833378434 11.71150095760822 14.52107190340757 11.67814929783344 0.4141751453280449 16.10698831826448 1.433915369212627 0.09196829050779343 0.8736590221524239 0.1370003521442413 0.2235345840454102 0 0.09391202032566071 0.1204538717865944 2.102808594703674 0.6155898571014404 8.113510340452194 2.356009855866432
2752.318357571959 267.0027313753963 14.92241732031107 2291.121409289539 48.42193599790335 177.5115080177784 535.3648024871945 1.284928642213345 10.66955833882093 1548.454657293856 10.98492552340031 2835.454331196845 5247.537261396646 295.2967882975936 2.950919896364212 0.7000977843999863 0 0 0 0 0.2307953536510468 0.1532614827156067 0.3240124955773354 0.07318387925624847 0 0 0 0 0.08149173855781555 0 67.93184570223093 2.184902526438236 42.10098050534725 0 0.09603819996118546 0 113.7226487845182 1.289824780076742 0.09451150894165039 0 0.1997009962797165 0 0 0.2145045325160027 0.1626430228352547 0 47.87172803282738 0.9431123211979866 0 0.1274887770414352 0 0 0 0 0.3347602114081383 0.6510986983776093 52.91747884452343 110.4901507943869 11.50591184198856 9.109227359294891 0.5152723342180252 0.9683593064546585 0 19.05287735909224 0.742912083864212 0.5455143004655838 0.07568539679050446 0.5393732562661171 0.09320411831140518 0.2946609929203987 153.5897641256452 1.047419548034668 0 98.83151878416538 26.32493156939745 18.9040909409523 9.880713514983654 1.03545656055212 0.3126361891627312 1.7359923645854 0.8002113178372383 0.5944343581795692 8.310163341462612 0 0.7038920372724533 0.2564740106463432 0.2766222134232521 0 0.07848714292049408 0 0.1025606915354729 0.110186330974102 0.4168755635619164 0 0 155.7055220007896 2.640701457858086 0 0.9455678500235081 343.7706735059619 0.8110113814473152 9.543231211602688 12.1579630151391 7.247923582792282 2.482639342546463 2.614049144089222 8.879719264805317 1.732823088765144 42.6797896027565 36.70536894351244 5.592580869793892 75.58261661976576 33.8945337831974 62.20303067564964 109.6873664483428 0.1315140575170517 0.3264172971248627 0 0 0 0 0 0 0 0 0 0 0 0 0 0 0 0 0 1.38256198912859 2.79471468180418 0 0 0 5.600187987089157 0 4.716423124074936 0.6355735287070274 0 0 0 0 0 0 0.1607465147972107 0 0.09841105341911316 0.1486750841140747 0.09642933309078217 0 0 0.08856334537267685 0 0.1261999607086182 0.09999005496501923 0 0.2195300534367561 0 0 0 0 4.399578541517258 1.29865226149559 0 0 0 0 0 0 0 0 9.301022812724113 1.943538472056389 0 0 0 10.1788063198328 0 1.609810881316662 0.285275436937809 0.08160185068845749 0.06390725821256638 0 0.2898096218705177 0 0 0 0 0 0 0 0 84.83990928530693 1.818254686892033 3.591967947781086 192.1339499056339 1.770175576210022 64.4339997023344 17.18648700416088 547.032110452652 18.7953644990921 0.9854796603322029 16.86470138281584 5.024437390267849 0 1.672721825540066 0.4345804080367088 9.058672189712524 0.07911168038845062 0.2778694108128548 0.2381040379405022 3.337109990417957 0 254.0790174230933 69.49975795298815
157.6923604682088 988.2615910507739 2171.856885276735 2.157435357570648 76.74700622260571 0.5784743130207062 74.75499168038368 535.2125717997551 354.6808056086302 10.98492552340031 170.0620024092495 29.26357101649046 791.1886052116752 1403.26955967769 13.08691424876451 6.587423034012318 0.2968879118561745 0.08252032101154327 0 0.2011313661932945 4.260723456740379 0.1898956149816513 3.086650475859642 2.395434446632862 0.7568310424685478 0.4265942275524139 0.2787572368979454 0.3884012475609779 0 0 1716.291705854237 506.5923526585102 577.9624507203698 1.628623679280281 1.30143765360117 1.555353283882141 75.11341402679682 43.30437595024705 1.8581652790308 0.832230731844902 5.723014656454325 0.2727283835411072 1.793369576334953 5.993139453232288 1.152788087725639 1.917521730065346 102.5022317394614 0.9048909470438957 0 0.8827639669179916 0.4489964097738266 0.08178633451461792 0.6348907798528671 0.09239522367715836 0.5502940118312836 0.6862485185265541 48.61513388901949 199.6055514104664 10.18127259239554 13.06035440042615 8.74811702594161 263.3380754813552 0.3055376410484314 120.9241253882647 0.987734779715538 0.4968309514224529 0.4422196596860886 0.6420570462942123 2.175970397889614 13.42655716091394 41.61211683601141 0.8448218554258347 0 112.9519362039864 52.92732204496861 62.45610697567463 61.6614113599062 24.41756603866816 15.56518180668354 143.384893797338 11.06150622665882 193.9278902634978 6.303332768380642 0.1028445735573769 1.883562102913857 0.4183417148888111 0.6291405558586121 0.1617888659238815 0 0.1560376062989235 0.3002662658691406 0 6.29920644313097 1.550647936761379 0.1691892594099045 33.05591896176338 1.773633271455765 0.4459375664591789 3.287762857973576 25.62314765155315 0.2625160291790962 0.3478133976459503 0.9318692460656166 0.2891025394201279 0.09562245011329651 0.1013089939951897 0 0.2822103202342987 1.196590207517147 1.245556011795998 0.5079908892512321 3.60669332742691 4.246031448245049 4.984772965312004 20.30596708506346 0.5646617487072945 0.5127690583467484 0.0631682425737381 0.3348194435238838 0 0 0 0.1095188111066818 0 0 0 0 0 0 0.1374703198671341 0 0.1680094078183174 0 0.09782928228378296 0.6953485086560249 1.247985295951366 0 0.2764705792069435 0 10.22645737603307 0.8124068900942802 11.28752890974283 4.239454574882984 1.13783060759306 0 0 0 0.2504052221775055 0.4960298091173172 0.1419239267706871 0 0.07603153586387634 0.3678358048200607 0 0 0 1.553025856614113 0.1061645597219467 0.06044615805149078 0.1469514146447182 0 0.1761205047369003 0.4097014255821705 0.0663822814822197 0.6801492944359779 0.362604558467865 2.634752362966537 0.3989999443292618 0.05846121162176132 0 0 0.08100942522287369 0 0 0 0 3.962945468723774 0.5598165839910507 0.08023896068334579 0 0 5.624265559017658 0.2724966779351234 1.204088002443314 0.2534700632095337 0.07689985632896423 0.4780209399759769 0.1451095566153526 0.2349280193448067 0.06255030632019043 0 0 0 0.2148223109543324 0 0.094064861536026 0 7.339932288974524 2.859537690877914 6.009760927408934 131.2373000979424 6.256209306418896 111.0313516482711 43.54365145787597 16.71115873754025 23.28328095376492 1.592024333775043 36.60925684869289 5.740424420684576 0.09816312789916992 1.280036110430956 1.736068330705166 1.276064030826092 0.2227132767438889 0.08334530889987946 0.5843024104833603 7.368640661239624 0.1940491944551468 16.10574305057526 8.554481543600559
581.9666576236486 67.36941650509834 11.26375230401754 1064.098286375403 17.86060152202845 32.63479651510715 101.9288628473878 1.924623161554337 7.398933112621307 2835.454331196845 29.26357101649046 275.0419553443789 1446.55903890729 129.4264472872019 3.527853019535542 0.9848661422729492 0.09758626669645309 0 0.1053344309329987 0 0.2017917484045029 0.1400635689496994 0.3044050559401512 0.0976686030626297 0.1898781284689903 0 0.08900392055511475 0 0 0 26.4500339590013 2.247517757117748 42.30591513961554 0 0 0.1954222470521927 148.0191399902105 3.769909307360649 0.2537770345807076 0.09096017479896545 0.3584562316536903 0.08567129820585251 0 0.7087373808026314 0 0 35.31497171521187 0.4125654250383377 0 0.07998203486204147 0 0 0 0 0.5319733694195747 0.507271870970726 23.15825201570988 55.56547098234296 5.285930760204792 3.918216787278652 0.3956304863095284 2.628493491560221 0 15.69048533588648 0.660108856856823 0.5452250242233276 0.0756252333521843 0 0.4403461962938309 0.8158561736345291 47.05236550420523 0.3240821287035942 0 55.25568147748709 17.14289400726557 18.37458006292582 11.10846278071404 3.201749391853809 0.3444260433316231 13.54848601669073 0.7835371196269989 1.027807950973511 4.918729372322559 0 0.7871539518237114 0.1497664228081703 0.09359762072563171 0 0 0 0 0 0.1900026500225067 0.2297557517886162 0.1347375363111496 216.8573967367411 0.09087230265140533 0 1.609671711921692 120.7066146284342 0.7606483995914459 1.507725074887276 5.974949955940247 2.739670909941196 0.5748491436243057 2.369630038738251 4.71532941609621 1.236311733722687 29.85631106048822 27.18536573648453 4.243596628308296 68.80218303203583 26.33042520284653 57.0633881688118 127.0468030720949 0.4231061488389969 0.2730612680315971 0 0.1579537838697433 0 0 0 0 0 0 0 0 0.09012984484434128 0 0 0 0 0 0 2.107164852321148 2.393087275326252 0 0 0 12.2755813524127 0.2839052677154541 12.87033199518919 0.8756024017930031 0.3299560621380806 0 0 0 0 0.1450035497546196 0 0 0.118149995803833 0.5272256731987 0 0 0 0.5307578444480896 0 0 0.1278979629278183 0.06103948503732681 0.4469554647803307 0.5064153596758842 0.1989323496818542 0.2292506620287895 0 4.661593906581402 1.012918069958687 0 0 0 0 0 0 0 0 14.37867448478937 0.4000080153346062 0 0 0 12.45702174305916 0.09321774542331696 3.501686550676823 0.3684612140059471 0.903453104197979 0.1384569779038429 0 0.3261093869805336 0 0 0 0 0 0 0 0 75.60064797103405 2.512392483651638 4.988146640360355 130.5934626683593 2.714694373309612 47.13812655210495 17.38690861314535 165.69200014323 16.48200488835573 0.2451514229178429 22.62677675485611 4.775619745254517 0 1.31542231887579 1.026527561247349 7.758587740361691 0.3171757236123085 0.07267515361309052 0.8331131413578987 3.142024099826813 0.1632349193096161 162.0895213037729 48.0777061060071
740.2674658074975 963.8337205797434 785.6187767721713 1103.859679557383 1447.691432073712 28.66126495599747 4354.094937115908 99.9603258818388 892.945161268115 5247.537261396646 791.1886052116752 1446.55903890729 3666.167765401304 4732.788146305829 30.45812840759754 12.29231275618076 0.5229070782661438 0 0.1942657604813576 0.4136831760406494 2.076841831207275 0 2.298280164599419 0.9423378258943558 0.5780499055981636 0.3220158070325851 0.1422823518514633 0.5107622817158699 0.1275639086961746 0.1947801411151886 363.4589292034507 48.92095195502043 815.583846885711 0.7887269333004951 0.904890388250351 0.6916380450129509 809.4863824620843 33.59857705235481 2.962209679186344 0.4498063549399376 2.461504854261875 0.2921599373221397 2.191194966435432 9.775795735418797 1.303733751177788 1.421488955616951 279.7579659298062 2.397492900490761 0.2415868788957596 0.6742899939417839 0.5485320761799812 0.09538709372282028 0.2419082373380661 0.2493982240557671 2.353581942617893 2.994481533765793 74.69365663826466 246.9645204097033 21.15963885933161 36.20397471264005 6.570549219846725 25.10769660770893 0.9240472242236137 118.5721172094345 2.159128248691559 1.785219177603722 1.804343994706869 1.835146337747574 3.310480140149593 10.305264942348 388.2420220971107 1.959139831364155 0.07591418921947479 293.7321307621896 103.877329248935 134.3729822710156 104.2722344622016 29.73801407217979 8.784374441951513 97.56837513297796 8.787791028618813 15.81086064130068 16.51004417985678 0.08359390497207642 3.449427418410778 0.8223376125097275 1.311869278550148 0 0.1620754525065422 0.1550929248332977 0.4875968918204308 0.08955605328083038 4.631108306348324 0.8797297924757004 0.194622278213501 1583.301562696695 9.789450757205486 0.3415508940815926 4.960009008646011 190.8032693937421 5.333795607089996 13.4177607819438 19.6763382256031 12.58375807106495 7.426007091999054 12.10422733426094 10.73446373641491 2.571524888277054 77.96678198128939 83.87883336097002 16.92686966061592 184.7359797954559 92.59907139837742 166.4702852591872 453.0434342175722 1.50269928202033 2.015743277966976 0 1.005481496453285 0 0 0.08996545523405075 0 0 0 0 0 0.1627433001995087 0 0.3104769662022591 0 0.08566205203533173 0 0 8.584095008671284 11.61515006422997 0 0.4182911515235901 0.09639118611812592 55.80374113470316 3.335588276386261 56.68748063594103 7.150231786072254 1.312339104712009 0 0 0 0.2512057200074196 1.349076196551323 0.8537539690732956 0 0.3893696814775467 2.751253489404917 0 0 0 2.521438330411911 0.1110005229711533 0.2896935194730759 0.06760843843221664 0.1997079811990261 0.7645346596837044 2.357624534517527 0.4079051837325096 1.336845092475414 0.3879815861582756 25.50407167524099 5.184637993574142 0.1695992946624756 0.4645706005394459 0 0 0.7958903312683105 0 0 0 60.86678174883127 3.632448323071003 0 0.08634853363037109 0 60.19253917038441 0.3830719068646431 11.74072869122028 2.333616245537996 1.395897477865219 2.268671378493309 0.2253067120909691 2.29124990850687 0 0 0 0 0 0 0.101998433470726 0.08545552939176559 234.3948708772659 14.24987118691206 24.16684567928314 897.9557066112757 29.68737871199846 380.2173556610942 171.6769725158811 298.8630159460008 107.8450857400894 4.066222488880157 219.4774100035429 29.24382622539997 0.4172512851655483 10.21647888422012 2.91627911105752 18.41994209587574 2.139475703239441 0.482539065182209 5.246949695050716 33.66848793625832 2.429232627153397 372.0832882523537 162.6784890256822
103.2224796488881 531.1809196434915 1778.041120991111 22.70285955816507 1340.033031962812 4.129202038049698 254.4204772263765 767.0224017314613 229.8757783770561 295.2967882975936 1403.26955967769 129.4264472872019 4732.788146305829 1163.683870263398 26.62090802937746 9.815474011003971 0.3195805624127388 0.3250165656208992 0.3725183606147766 0.3570554330945015 3.423029273748398 0.156638503074646 2.745986342430115 2.892413653433323 0.7203477993607521 0.6319927647709846 0.1367417275905609 0 0 0 895.9400477409363 171.9034355208278 756.783426836133 2.014177896082401 1.424499243497849 1.150299906730652 689.7193192541599 67.04171772301197 3.381606806069613 0.2588006928563118 4.515433192253113 0.5658126920461655 2.727137424051762 7.730793610215187 1.964318037033081 1.440262757241726 193.1619362458587 1.601188704371452 0.09886432439088821 1.150996126234531 0.3819551840424538 0.08857520669698715 0.2521467581391335 0 1.162821635603905 0.9061732515692711 43.68574085086584 176.126352969557 9.4168497659266 20.55772852897644 6.588661782443523 171.0652511045337 0.5931190103292465 117.047874301672 1.071513954550028 0.9386507794260979 0.3065190240740776 0.6712562888860703 2.786921679973602 13.36466348916292 227.2867558673024 2.197214804589748 0.2675580680370331 161.1643189191818 67.15347478166223 100.2077401131392 91.4130077585578 30.00592730939388 10.5254697650671 210.6169505417347 11.11563139408827 54.73729983344674 8.062748998403549 0 1.935332499444485 0.694323468953371 0.705491229891777 0 0.09385859221220016 0.09364902228116989 0.5138115584850311 0.1029072031378746 6.209530107676983 0.8179798275232315 0.2631489560008049 312.5926231406629 8.137219749391079 0.1261773556470871 5.563184201717377 33.27036474645138 1.588225103914738 7.852250203490257 5.307923123240471 3.205063238739967 1.613164536654949 3.355681285262108 1.994797743856907 2.257369324564934 23.86141917854548 18.25811972469091 5.892069771885872 50.44842348992825 33.24603891372681 52.9361537322402 162.5300167873502 1.362248037010431 1.072237879037857 0 0.2356378585100174 0 0 0 0.1180859953165054 0 0 0.1928045302629471 0 0.603956013917923 0 0 0 0.271115355193615 0.09346338361501694 0.07584618777036667 5.177134156227112 6.368328459560871 0 0.685797281563282 0 32.48529904335737 1.081968121230602 38.35745432972908 6.610992401838303 1.729991875588894 0 0 0 0.31515072286129 0.8252300694584846 1.083029799163342 0 0.2766264118254185 1.255359712988138 0 0 0.1716924160718918 2.49945504963398 0 0.0796852633357048 0 0 0.531471811234951 0.9631039723753929 0.3288736864924431 2.166144408285618 0.2234522998332977 17.23614390566945 2.317673996090889 0 0.06924097985029221 0 0 0 0 0.09458714723587036 0 27.48459657281637 0.8948352113366127 0 0 0.08862973004579544 24.77649942785501 0.5440944358706474 6.459502182900906 1.472342543303967 0.5934618785977364 0.8636737316846848 0.2508581355214119 1.329959519207478 0 0.09000431746244431 0 0 0 0 0 0 69.01826203614473 7.966279499232769 19.63693976774812 480.5047412216663 16.63329125195742 234.488628719002 112.1661965101957 60.45909709483385 49.50388936698437 2.75181008130312 135.1600653007627 15.27843846008182 0.248206689953804 4.409870740026236 2.434466559439898 3.115356393158436 0.6951907128095627 0 1.944816567003727 21.40845910459757 1.307198449969292 87.89532640203834 52.10236852243543
