139.4876081719995 1356.436226539314 230.2713226824999 2296.231264054775 102.7105340659618 56.18449538946152 1151.39243420586 9.951699778437614 55.17074231058359 2941.894770853221 49.03737699240446 86.19478835165501 65.16053865104914 25.6495548337698 0.2906506136059761 0.2810100391507149 0 0 0 0 0 0 0 0 0 0 0 0 0 0 740.0320128127933 6.343570306897163 8.247148588299751 0.09718974679708481 0 0 0.2556779682636261 0 0.4110261499881744 0 0.0952475443482399 0 0 0.1029497981071472 0 0.07839964330196381 2.632227331399918 0.3425705581903458 0 0 0 0 0 0 4.794816479086876 2.095467515289783 136.2048830986023 509.9427588060498 14.20480296760798 11.37603091076016 0 1.513734519481659 0 32.26268542557955 1.444608882069588 0.9952088296413422 0.3267180323600769 0.2908427566289902 0 0 2.229796677827835 0.2157187312841415 0 65.70309133082628 59.57393416017294 1.113948166370392 0.9089682102203369 0.08082352578639984 0.254461258649826 1.218918226659298 0 0 5.510889776051044 0 0.988762728869915 1.833210252225399 0 0 0.4055376276373863 0.08748007565736771 0 0 0 0 0 63.40822997689247 4.444117426872253 0.3872459232807159 0 537.8562389835715 0 0 0 0.7139372825622559 0 0.4115743488073349 11.2141255736351 0 0.8546760082244873 9.685454532504082 0.5762319564819336 2.325954362750053 4.14605088531971 0.7598029375076294 3.291551038622856 0 0 0 0 0 0 0.2300760447978973 0 0 0 0 0 0 0 0 0 0 0 0 4.305526226758957 0 0 0 0 1.188593603670597 0 0 2.155991524457932 0 0 0 0 0 0 0 0 0 0 0 0 0 0 0 0 0 0 0 0 0 0 0 0 0 0 0 0 0.1257129460573196 0 0 0 0 2.261222302913666 0 0 0 0.1182402148842812 0.6569443941116333 0 0 0 0 0 0 0 0 0.08346362411975861 0 0 0.1084739193320274 0 0 0 5.316894248127937 0.7609433382749557 0.1692787706851959 196.2760671302676 1.431128226220608 17.3548557087779 5.106448300182819 238.6205054149032 7.336673252284527 0.9783816263079643 0.609664149582386 13.09695100784302 0 0.3127474784851074 0 8.601773023605347 0 0.09423993527889252 0 0.1601210236549377 0 233.4731314405799 5.687921434640884
1356.436226539314 2062.478229187429 1660.035068243742 241.109119400382 2554.523885201663 42.71034675836563 2300.595083661377 302.3147425763309 2809.250640258193 533.5320571623743 987.464190505445 2.53995768725872 252.7882276698947 716.6917691901326 0.8318888507783413 1.962554216384888 0.7788104638457298 0.08669870346784592 0 0 0 0 0.0938006117939949 0.07558669149875641 0 0 0 0.06207225471735001 0.08169250935316086 0 1538.237981874496 126.104160502553 5.980382464826107 0.08582209050655365 0 0 0.622279092669487 0.7277378812432289 0.1391206458210945 0.0698305144906044 0 0.07099175453186035 0.1461909413337708 0.5182005539536476 0 0.1612041965126991 24.52173134684563 1.240825042128563 0.06607460230588913 0 0.3467182107269764 0 0 0 5.787444565445185 5.915214292705059 63.3908977843821 220.9326757788658 13.18281749263406 18.28421309217811 0.2257525101304054 0.7280203700065613 0.08089549839496613 105.9504866860807 4.864459529519081 0.8625948429107666 0.8893966376781464 0.5646697618067265 0.1478269547224045 0.07739152014255524 0.7350475639104843 0.903830774128437 0.07468250393867493 83.84872731938958 156.3261057734489 9.799437168985605 22.75648793950677 2.045417986810207 2.303764648735523 33.45628290250897 0 0.4123969823122025 13.18532263487577 0.2982471138238907 2.513998992741108 5.581582523882389 0.1578167006373405 0 1.26773714646697 0.0685354545712471 0.1286469660699368 0.1271061152219772 0.1554164737462997 0.08273746818304062 0 2.338542342185974 0.4505877569317818 0.1369859874248505 0.1473794132471085 405.8464642800391 0 0 0.2084479629993439 0.7781922221183777 0.3435840010643005 0.4696508720517159 0.5943855047225952 0 0.6892442554235458 2.980369366705418 0 1.608641929924488 0.7867502719163895 1.699324257671833 1.108789548277855 0 0 0 0 0 0 0 0 0 0 0 0 0 0 0 0 0 0 0.06486470997333527 1.176163643598557 0.3282086327672005 0 0 0 1.395633183419704 0 0 0.2779515236616135 0 0.1381336599588394 0 0 0 0 0 0 0 0 0 0 0 0 0 0.1497946232557297 0 0.132049947977066 0 0 0 0 0 0.09529773145914078 0.2085860297083855 0 0 0 0 0 0 0 0 0.5863818973302841 0 0 0 0 0.0783504843711853 0 0 0 0 0.3025882318615913 0 0 0 0 0 0 0 0 0 0 0.2463458776473999 1.117668956518173 0.2978931963443756 35.23274224251509 3.280110064893961 87.93874511122704 20.4231436252594 106.8811387717724 9.177250754088163 1.123310327529907 3.598888318985701 0.3861533999443054 0.2304323315620422 0.4897699505090714 0.09864099323749542 0.4766843616962433 0 0.2266044616699219 0 0 0 92.70774488523602 0.2357856407761574
230.2713226824999 1660.035068243742 615.6817052736878 7.599255725741386 1820.899511605501 3.850825279951096 341.095801718533 1238.842870302498 1367.862864896655 149.8281259760261 2178.403345577419 2.419225975871086 79.72490104287863 1225.561831660569 2.167919062077999 4.779906339943409 0.4016128182411194 0 0 0 0.09910500049591064 0 0.09522757679224014 0.1932934075593948 0.09870629012584686 0 0.1124089881777763 0.3113451078534126 0 0 3578.013685394078 234.1253883168101 81.73411235958338 0.2813465520739555 0.2083474025130272 0.113064631819725 13.79974209517241 8.396775439381599 1.660554178059101 0.1366814821958542 0.2825969830155373 0 0 0.7060387581586838 0.08871643245220184 1.075116708874702 12.70579981431365 0.3957303166389465 0.3131026029586792 0 0 0 0.1661365777254105 0 0.9143326804041862 1.071952745318413 7.431745037436485 39.5883492603898 2.495756030082703 4.119475960731506 12.15697522461414 18.39720118045807 0.1171161010861397 62.76856582611799 0.8836741372942924 0 0.07578594982624054 0 0.09241324663162231 0 7.545188188552856 0.6380583345890045 0 11.403863389045 34.22777323052287 7.422292299568653 19.11272806674242 4.411716617643833 30.01370922476053 216.1300097629428 1.715562678873539 19.48093620687723 2.540774494409561 0.08812391012907028 0.485014334321022 0.7466376945376396 0.5216151028871536 0 0.4585359022021294 0 0.0868934690952301 0.09574509412050247 0 0 0 3.931684710085392 0.1134688258171082 0 1.533342517912388 109.6892876178026 0.8721428364515305 0 0.2105925753712654 0 1.767464227974415 3.758919574320316 0.5256748199462891 0.3773237243294716 3.447423845529556 7.746458999812603 1.235626883804798 4.553679153323174 1.548252493143082 2.961549073457718 5.264162100851536 0 0.09666901826858521 0 0 0 0 0 0 0 0 0 0 0 0 0 0 0 0 0 7.754240028560162 1.141329482197762 0 0 0 9.899550214409828 0.5708080530166626 3.27583247423172 1.059270903468132 0 0 0 0 0.6020939126610756 0 0 0 0.412429615855217 0.4993600845336914 0 0 0 0 0 0.09305752068758011 0 0 0 0.6914364695549011 0 0 0 0.1730333566665649 0.1660318076610565 0 0.576590970158577 0.07689241319894791 0 0 0 0.1033191978931427 0 4.172131694853306 0 0 0 0 0.7429259270429611 0 1.1896693110466 0.3798677176237106 0.7058269456028938 0.8363222032785416 0 0 0 0 0.09337871521711349 0 0 0 0 0 1.51437996327877 4.427188664674759 5.440290011465549 66.8944418951869 1.836236774921417 59.01194720342755 27.19829153269529 10.01625620573759 2.57777389138937 0.3802797049283981 11.03216573596001 2.985371671617031 0 2.839665092527866 0.4809373617172241 2.446299158036709 0.1684099286794662 0 0 0.3283823728561401 0 10.75122959911823 1.908076256513596
2296.231264054775 241.109119400382 7.599255725741386 521.5521039441228 8.4532968737185 248.4353697001934 1058.344247862697 1.166391737759113 4.992889866232872 1451.522404976189 9.69762134552002 39.41718423366547 42.05895797908306 3.100280150771141 0.1214735135436058 0 0 0 0 0 0 0 0 0 0 0 0 0 0 0 109.0403141826391 1.348681710660458 1.032789964228868 0 0 0 0.1018456295132637 0 0.3377115726470947 0 0 0 0 0 0 0 2.314640287309885 0.1785887628793716 0 0 0.08597539365291595 0 0 0 1.496859185397625 1.440283685922623 33.92686676979065 96.0311194434762 8.919100180268288 7.186249420046806 0 0 0 16.16278603672981 1.475423917174339 0.1454629302024841 0 0.09273926913738251 0 0.07495300471782684 0 0 0 40.06759100034833 44.78580956533551 0.8719653263688087 1.338748335838318 0.08510599285364151 0.09284229576587677 0.2359253615140915 0 0 4.053892865777016 0 0.5820395648479462 0.5224935412406921 0 0 0 0 0 0 0 0.1057228967547417 0 4.046658977866173 0.5481696724891663 0 0 255.351061783731 2.310601323843002 7.542017675936222 14.30209413170815 9.716743402183056 0 2.71121584624052 4.297126486897469 2.882099658250809 0.936925396323204 3.884848050773144 0 2.164632827043533 2.548743449151516 0.5414534360170364 0 0 0 0 0.08578716218471527 0 0 0 0 0 0 0 0 0 0 0 0 0 0 0 0.3591432347893715 0 0 0 0 0.306314118206501 0 0 0 0 0 0 0 0 0 0 0 0.3389390930533409 0.1575103402137756 0 0 0 0 0 0 0 0.1212675645947456 0 2.665949523448944 0 0 0 0 0.09564816206693649 0.2760576605796814 0 0.06890370696783066 0 0 0 0 0 0.1372281461954117 0 0 0 0 0 0 0 0.3363727852702141 0.7567168846726418 0 0.08570559322834015 0 0 0 0 0 0 0 0 0 0.6822625249624252 0.1413267105817795 0.08954225480556488 8.362174950540066 0.7884404435753822 14.91912073642015 2.702111750841141 114.1747015565634 1.795751675963402 0 0.165980227291584 1.188635468482971 0.2144031003117561 0.7138874232769012 0.2292336523532867 3.186078004539013 0 0 0 4.688397884368896 4.743568569421768 76.1889625787735 1.917838588356972
102.7105340659618 2554.523885201663 1820.899511605501 8.4532968737185 482.0635640136898 1.013076491653919 659.1516020558774 156.4826733060181 1334.302065424621 238.427169829607 519.2445526868105 15.34312900900841 451.8411343991756 692.8107624575496 1.346044771373272 2.257493421435356 0.9278931878507137 0 0 0 0 0 0.08950874209403992 0.1511918976902962 0 0.2202323079109192 0 0 0.1549314484000206 0 371.0219670832157 81.10251680016518 1.185039520263672 0.07146821171045303 0.06811181455850601 0 0.5208093486726284 0.2084664478898048 0.2165743596851826 0 0.06357938051223755 0.0780506432056427 0 0.5808966793119907 0.1405882611870766 0.06912262737751007 30.19260016083717 1.63361281901598 0.06533107161521912 0.1787530332803726 0.1848257705569267 0 0.3000716902315617 0 4.427990950644016 6.079706139862537 20.42302582785487 57.41190186142921 7.457849510014057 15.25821988284588 0.3677883297204971 0.5113856233656406 0.1926551386713982 66.50700676813722 5.390701998025179 1.992113176733255 1.24567274749279 0.4100157059729099 0.1393327713012695 0 1.335657931864262 0.07447495311498642 0 55.04311739653349 117.1854365617037 14.54449887946248 29.22899977862835 5.4971107468009 6.47106496617198 0.8137022219598293 0.4577860087156296 0.6044369488954544 13.37669352814555 0.2009192518889904 3.647036083042622 2.830683533102274 0.5499208718538284 0.05990072339773178 1.01799950376153 0.07408195734024048 0.1292767822742462 0 0 0 0 2.244639784097672 0.2810887098312378 0.1525496989488602 0.06272490322589874 30.20787131041288 0.3031651377677917 0 0 0 0.306944727897644 0.6572189629077911 0.4483229219913483 0.2130200192332268 1.820146612823009 3.098666988313198 0.1479495614767075 4.2944016456604 1.650250934064388 0.9079175442457199 1.031116753816605 0.07432269304990768 0 0 0 0 0 0 0 0 0 0 0 0 0 0 0 0 0 0 0.9269800186157227 0.1018552556633949 0 0 0 1.332983028143644 0 0.07259646058082581 0.3171260505914688 0 0 0.07400050014257431 0 0 0 0 0 0.1825295984745026 0.3467857912182808 0 0 0 0.1091509610414505 0 0.1289810352027416 0 0 0 0 0 0 0 0 0.1205270066857338 0 0 0 0 0 0.07951965928077698 0 0 0.7337492927908897 0 0 0.07204023003578186 0 0.7217137292027473 0 0 0 0.06067395955324173 0 0 0 0 0 0 0 0 0 0 0 1.060285106301308 1.11727661639452 0.1158609390258789 39.34938464313745 3.384601835161448 115.0619971752167 25.82322843745351 6.537542331963778 9.012979656457901 0.9898954704403877 4.712684091180563 0.427064448595047 0.06988097727298737 0.09520009905099869 0 0.4355219006538391 0 0.06640347093343735 0 0.1038684248924255 0 39.81700130179524 0.6281232908368111
56.18449538946152 42.71034675836563 3.850825279951096 248.4353697001934 1.013076491653919 2.130399167537689 34.17164868861437 0.6889882534742355 4.819972947239876 680.1033267304301 0.6635243743658066 189.3493472933769 103.0505373626947 28.02671407163143 0 0 0 0 0 0 0 0 0 0 0 0 0 0 0 0 13.84654322266579 0.3603639751672745 17.97389318048954 0 0 0 12.26084007322788 1.115300476551056 2.892819598317146 0 0 0 0 0 0 0 0.1359494179487228 0 0 0 0 0.8929015547037125 0.2947951853275299 0 0.1001366302371025 0.1036786735057831 151.7343418523669 20.57425335794687 1.803395427763462 1.179697178304195 0.2546072602272034 6.876931801438332 0 0 0.1006474047899246 0 0.4382529556751251 0.4515268802642822 0 0 28.69983303546906 50.94126605987549 3.805264949798584 5.585015304386616 1.896484449505806 0 0 0 0.5270000398159027 0.3428990244865417 0 1.915766209363937 0.3116548210382462 0.5295059829950333 0 0.1015775799751282 0.1008517518639565 0.2265176922082901 0 4.308075159788132 0 0 0 0 0 106.3072559833527 49.80784040689468 10.6436839401722 5.171249896287918 607.7564216405153 0.5588895753026009 0 0 0 0 0.1294114142656326 4.539941608905792 0 0.8983578979969025 3.65803787112236 0 1.018693067133427 2.286092184484005 1.167851872742176 1.300595864653587 0 0 0 0 0 0 0 0 0 0 0 0 0.2381876558065414 0 0 0 0 0 0 0.2642942667007446 0 0 0 0 1.188866287469864 0 0 0 0 0 0 0 0 0 0 0 0 0 0 0 0 0 0 0 0 0 0 0 0 0 0 0 0 0 0 0 0 0 0 0 0 0.2915393710136414 0.6550217866897583 0 0 0 0.1746124923229218 0 0.1582227945327759 0 0 0 0 0 0 0 0 0 0 0 0 0 0.6599174588918686 0.7202844321727753 0 9.226189576089382 0 2.066882729530334 0.3364041447639465 233.4421001523733 0.6411856710910797 0 0.2438264042139053 0 0.1074866279959679 0 0 1.006305813789368 0 0 0 0 0 115.9207173362374 0.3803874999284744
1151.39243420586 2300.595083661377 341.095801718533 1058.344247862697 659.1516020558774 34.17164868861437 795.8881866857409 85.28348986059427 905.0445103421807 1880.33259401843 246.0657991245389 76.65306933969259 2725.168155580759 746.463012561202 2.596516139805317 3.660391557961702 1.595104388892651 0.3002999946475029 0 0.0696801170706749 0 0 0 0.1433930024504662 0.07082871347665787 0 0.1444258242845535 0 0 0 693.4361368007958 72.09559690952301 8.436152793467045 0.05862701684236526 0 0 4.239393465220928 0.9669191539287567 0.2025060951709747 0.07293436676263809 0 0 0 0.9603051766753197 0 0.1857340037822723 52.45179614052176 3.545628350228071 1.039174877107143 0.1499525904655457 0.8551350645720959 0.1482682079076767 0.1885678321123123 0 11.93179516866803 13.43421586975455 83.68357389047742 243.0329929552972 21.0840471200645 33.27651043981314 0.1591258645057678 3.942606329917908 0.07402097433805466 134.4484683163464 9.330501683056355 2.22106633707881 2.210447430610657 0.9903240688145161 0.4357914701104164 0 5.311827674508095 0.4126538261771202 0 144.4800273515284 262.3402226753533 18.91599301993847 44.27601256594062 7.282532621175051 8.922963999211788 2.053720697760582 0.4007117711007595 0.8388511501252651 30.08119826763868 0.2003790773451328 5.324245356023312 7.274585280567408 1.584284730255604 0 1.424942288547754 0.09924441576004028 0.6455556526780128 0 0.128788635134697 0.1621680185198784 0.06908640265464783 34.9143251106143 0.5449529141187668 0.5806154832243919 0.4333106987178326 127.8419183008373 1.686299197375774 2.235618658363819 18.37207617610693 25.07549177110195 2.431254416704178 14.79489652812481 13.31936255842447 0.2250015288591385 18.03208982944489 25.18466536700726 1.23715728521347 21.12092715501785 14.98980844765902 11.31397191435099 10.64409756660461 0 0 0 0 0 0 0 0 0 0 0 0 0 0 0 0 0 0 0 10.95570382475853 2.078724913299084 0 0 0 8.768027104437351 0 6.917897634208202 0.3235409557819366 0.07028748095035553 0 0 0 0.1047629937529564 0 0 0 0.2340675890445709 0.7228914424777031 0 0 0 0 0.08945189416408539 0.3350882902741432 0.06974001228809357 0.2579887770116329 0.07707354426383972 0.5829862803220749 0 0 0 0.5965624749660492 1.858747236430645 0.07922738790512085 0 0.05924393609166145 0 0.06541037559509277 0.06479830294847488 0 0 5.358237892389297 0 0 0 0 0.7673637941479683 0 0 1.024696856737137 0.8331237286329269 0.6671027466654778 0.5024797841906548 0.07852794975042343 0 0 0 0 0 0 0 0 6.040466986596584 4.582988239824772 3.062259137630463 81.90849701315165 8.579291719943285 208.812922231853 46.62202833220363 41.04230304434896 20.25263290479779 0.8499635383486748 9.245781678706408 7.720364823937416 0.3212469220161438 3.374673292040825 0.5158223435282707 8.51251932233572 0.09607002139091492 0.2171495035290718 0 0.9869868010282516 0 119.1884540133178 4.885258227586746
9.951699778437614 302.3147425763309 1238.842870302498 1.166391737759113 156.4826733060181 0.6889882534742355 85.28348986059427 505.5180579274893 558.6573004312813 77.57438731193542 1366.149671744555 6.546020783483982 67.95587043464184 1843.002389457077 6.195270270109177 21.05367847532034 2.500770770013332 0.2508203163743019 0.7120308950543404 0.2701530382037163 1.366156540811062 0 1.168749913573265 1.028994262218475 0.8085384666919708 0.4243936911225319 0.7645321488380432 0.5657625868916512 0.2786234095692635 0 1230.265263278037 1480.040793024004 519.8572088442743 4.388051748275757 2.533849284052849 0.7096139937639236 81.75918831676245 42.67376175522804 15.494294680655 1.076075099408627 1.277234271168709 0.3180047869682312 1.737676464021206 4.974406562745571 1.605879351496696 4.361957266926765 63.27520360797644 2.820713676512241 0.5582834184169769 1.732851624488831 0.3265075758099556 0.0900256335735321 2.329192832112312 0.09719837456941605 3.722835339605808 4.804193072021008 13.50235828757286 59.69899385422468 6.692870676517487 21.7332060188055 46.91794651001692 103.3510085120797 2.65044704079628 333.468094162643 4.179560355842113 1.146782487630844 1.051381878554821 0.2909583300352097 0.4344442263245583 1.920872882008553 49.64974719285965 19.2945323958993 0 45.64179130271077 174.8928292281926 29.32382872700691 138.6392054334283 211.5644469484687 430.690863840282 1654.903380423784 17.48032458871603 192.9764022901654 13.61807694286108 0 2.485477156937122 3.722614079713821 1.438873164355755 0.2385981604456902 0.485907755792141 0.1199258640408516 0.2758632004261017 0.3032307028770447 1.287157692015171 0.7567099705338478 0.4568604603409767 15.25354547798634 2.005783312022686 0.1029424518346786 4.355991914868355 22.99557216465473 2.922491692006588 0.2999707460403442 1.251615881919861 0 8.317557595670223 6.190641067922115 0.856897808611393 0.2488963231444359 5.33061858266592 19.87184958904982 3.164008878171444 18.39570337533951 8.939396522939205 8.848657853901386 15.9695835262537 1.231048390269279 0.2248041033744812 0 0 0 0 0 0 0 0 0 0.2912560105323792 0 0 0.06212267652153969 0 0 0 0 49.26713914424181 9.72791812568903 0.08698278665542603 0 0.8369039297103882 30.18831001222134 3.128492638468742 18.40075577050447 6.23096502572298 0.1246765479445457 0 0 0 0.9613058716058731 0 0 0 1.142426498234272 1.740029729902744 0 0.08180062472820282 0 0.1395863443613052 0.1053981631994247 0 0 0 0.1912936717271805 2.094924189150333 0 0.478624165058136 0.5624841749668121 3.658455528318882 3.895512573421001 0.6345542967319489 0 0 0 0.2012265771627426 0 0 0.1863077580928802 14.18584015220404 0.6950609087944031 0 0 0 2.136227302253246 0 0.9763077646493912 1.248163715004921 3.695177987217903 1.869369924068451 1.053415112197399 0.3467452228069305 0 0 0 0 0.1205436661839485 0 0 0 7.650026962161064 29.63092978298664 23.85509438812733 230.0579785108566 6.962186686694622 238.1165266931057 107.1232559382915 10.67611104249954 13.04399709403515 0.6130264177918434 39.41025266051292 13.27450013905764 0 10.53107243776321 4.805111825466156 9.29867035150528 0 0.1799009740352631 0.2857362926006317 2.624232269823551 0.2093179672956467 42.58027836680412 16.40277503430843
55.17074231058359 2809.250640258193 1367.862864896655 4.992889866232872 1334.302065424621 4.819972947239876 905.0445103421807 558.6573004312813 1160.404400747269 745.3478091061115 1986.390659861267 7.349087581038475 837.2779277451336 1011.017251905054 2.577623661607504 4.61484095454216 1.374538894742727 0.07711907476186752 0.09093131870031357 0.06937456130981445 0.06165584549307823 0 0.09017886221408844 0.1630128547549248 0 0.07641837000846863 0.04815403372049332 0 0 0 264.6745556294918 94.16505109518766 18.04352059215307 0.07678758352994919 0 0.06993711739778519 4.164851799607277 2.307733677327633 0.2668021023273468 0.3346455171704292 0.2581371292471886 0 0.1661003977060318 0.3991272114217281 0.1048886105418205 0 45.0790046453476 1.690554641187191 0.3919912055134773 0.1182059086859226 0.2224016338586807 0 0.2668658345937729 0 4.754641614854336 5.426471211016178 18.5267673060298 46.49004916101694 7.357804510742426 21.49039912596345 0.1499500907957554 5.700696885585785 0 67.98459567129612 5.294280186295509 0.8448052927851677 0.9625186361372471 0.3546608984470367 0.05814172700047493 0.07700106501579285 3.989808190613985 0.6435018889605999 0 60.63265956938267 117.1380069218576 19.20492086187005 47.16415401548147 11.43861232697964 16.16357738152146 29.76178843528032 0.09420737624168396 2.511440727859735 13.94537876173854 0.07905381172895432 3.442885562777519 3.873700764030218 0.3743267059326172 0.1302419304847717 1.154929544776678 0 0.1600335687398911 0.140587504953146 0 0.364058718085289 0.1736539974808693 12.25501800328493 1.241422511637211 0.4319154322147369 0.5051033198833466 24.6881360039115 2.370127782225609 1.207665108144283 0.1838440448045731 0.1565058380365372 4.445992574095726 7.834309451282024 9.805032297968864 0.4912757128477097 10.36325272172689 25.9399256259203 1.532675974071026 20.39854001998901 16.98382566124201 11.99808541685343 13.5013408139348 0.1189571395516396 0 0 0 0 0 0 0 0 0 0 0 0 0 0 0 0 0 0 15.38205099105835 3.934586696326733 0 0 0.08851531893014908 8.640940777957439 0 2.773615472018719 1.300357818603516 0 0 0 0 0 0 0 0 1.219294965267181 0.7240298986434937 0.3118739724159241 0.09370181709527969 0 0 0 0.06050077825784683 0 0.07697491347789764 0.1122986525297165 0.8448683172464371 0 0 0 1.747256129980087 2.117872022092342 0 0.07719636708498001 0 0 0 0 0 0 6.373066991567612 0.1701169461011887 0 0 0 1.437012366950512 0 0 0.0771595686674118 1.693645015358925 0 0.1916224882006645 0.2635530531406403 0 0.08096959441900253 0.06668844819068909 0 0 0 0 0 5.95310003310442 4.896214038133621 5.190866000950336 108.0937595628202 5.587229084223509 169.2164605520666 52.2514772862196 17.44468929246068 13.28112968057394 0.9860441610217094 17.0893769338727 4.554526641964912 0.2139798775315285 3.242780946195126 0.9136465862393379 3.427281320095062 0.1384237259626389 0 0 0.5732311010360718 0.1798806339502335 57.9787122644484 7.27104876935482
2941.894770853221 533.5320571623743 149.8281259760261 1451.522404976189 238.427169829607 680.1033267304301 1880.33259401843 77.57438731193542 745.3478091061115 1368.304767124355 35.7877314016223 841.4199228957295 5693.821756742895 852.7134831100702 5.090291932225227 7.937016032636166 3.39977290481329 0.2924065589904785 0.06590626388788223 0 0 0 0.09541892260313034 0.2537643164396286 0.0809989869594574 0 0.8744715452194214 0 0.5039373114705086 0.3109889253973961 477.6184839121997 66.25670390948653 74.52858799695969 0 0.07362730801105499 0.9787049070000648 43.21646816283464 13.55426935851574 1.618157148361206 0.3000539541244507 0.08093322068452835 0.09021914005279541 0 1.345867194235325 0.07247074693441391 0.1533514633774757 96.92384205758572 6.330644652247429 1.483750820159912 0 0.9952876307070255 0 0.2543530389666557 0 23.47513953596354 22.0388144440949 223.845144007355 453.1498882398009 48.97893466055393 64.76618414744735 0.7321050241589546 27.12074841186404 0 159.1096239350736 19.67608025670052 4.042277984321117 3.748387861996889 1.331962749361992 0.749743863940239 0 56.58647406101227 5.155587494373322 0 274.247074637562 378.4694757387042 38.40795502066612 81.54275835677981 10.915616504848 16.75061979517341 3.721445232629776 0.7816085964441299 2.608104184269905 53.11314514651895 1.36057423055172 9.386771574616432 12.4178606569767 2.333122100681067 0.4027907177805901 2.670378424227238 0 0.7721915058791637 0.2197357341647148 0.150598518550396 0.5914882868528366 0.1932052299380302 303.7235244810581 35.78736314177513 1.23868502676487 3.957688398659229 1206.80903704837 4.379834100604057 7.198077388107777 37.96101748198271 33.07100416719913 8.525640249252319 28.96105881035328 94.52889736741781 3.448462083935738 49.1920030862093 118.116659976542 5.989686906337738 70.95215952396393 56.03318414837122 50.65620071440935 32.99256194382906 0.1556533426046371 0.1040072068572044 0 0 0 0 0 0 0 0 0 0 0.13226418197155 0.09374567866325378 0 0 0.1870922297239304 0 0 24.6161896660924 15.89972695708275 0 0 0 23.54593713581562 0.2999653965234756 7.241605557501316 0.3934938237071037 1.467919230461121 0 0 0 0.1268989443778992 0 0.2873326241970062 0 1.018308475613594 2.558698438107967 0 0 0.1147376894950867 0.270852118730545 0 1.35293161123991 0 0.3001432344317436 0.07089859247207642 3.587477952241898 1.213335290551186 0 0 1.954023897647858 4.232966482639313 0.2437186688184738 0.07024773955345154 0 0 0 0 0.2326819822192192 0.08646471053361893 21.69841612130404 0 0 0.3483726531267166 0.07559807598590851 5.082952722907066 0 0.7450162172317505 0.8545488566160202 3.214641965925694 0.6048495769500732 0.6290803104639053 0.1915587782859802 0.06382238119840622 0 0.151568666100502 0 0.09188268333673477 0 0.1234646290540695 0 43.78589490801096 12.98492462188005 7.204191938042641 291.53875958547 19.39599875360727 421.6654097288847 114.4204072393477 840.419969625771 45.81075551733375 4.604888767004013 41.46290411800146 23.22584150731564 0.4468393921852112 6.67998418956995 1.402311906218529 48.99259567260742 0.1938499808311462 0.3207490295171738 0 3.326823674142361 0.3374874889850616 1017.403480093926 40.76343566924334
49.03737699240446 987.464190505445 2178.403345577419 9.69762134552002 519.2445526868105 0.6635243743658066 246.0657991245389 1366.149671744555 1986.390659861267 35.7877314016223 509.7290471978486 6.050115697085857 215.2224596068263 1695.779878504574 1.970514625310898 7.663731910288334 0.939141683280468 0 0.1811294108629227 0 0 0 0 0.2819411754608154 0 0 0.1251673996448517 0.08726447075605392 0.08412564545869827 0.08934272080659866 616.2856949679554 596.8013335987926 116.6509420126677 0 0 0.1162096336483955 20.0504634231329 10.33337804675102 0.8619967177510262 0.1274970471858978 0 0 0 0.5217644572257996 0 0.3521096482872963 20.21679790690541 0.6537121571600437 0.1120843514800072 0 0.2056840062141418 0 0 0 2.505521103739738 1.402973368763924 5.639230586588383 20.64544958993793 2.399824112653732 6.143144823610783 0.8361000120639801 21.20099384337664 0 53.48650513216853 1.474578019231558 0.06990820169448853 0.2858140543103218 0.155570387840271 0.2458900883793831 0 7.50146858394146 0.382039874792099 0 18.23510207235813 52.1250929646194 8.036959256976843 27.59460854530334 25.44175087660551 98.86206262558699 336.0056831687689 0.4909845218062401 95.59708517044783 4.46300033852458 0 1.362941544502974 1.364722061902285 0.1473364531993866 0.07699008285999298 0.3532657846808434 0 0.07125034183263779 0 0 0.3035717085003853 0 3.145629249513149 0 0 0.8385729193687439 24.91959247738123 1.214454032480717 0.8470229506492615 0 0 0.9549350440502167 0.851360060274601 0 0 0.4085090011358261 2.142741829156876 0.1061809733510017 2.796912163496017 0.8822405412793159 2.925208419561386 1.482636228203773 0 0 0 0 0 0 0 0 0 0 0 0 0 0 0 0 0 0 0 4.225335858762264 1.265596725046635 0 0 0 2.345435194671154 0 0.6594884246587753 0.1380725204944611 0 0 0 0 0.09547527134418488 0 0 0 0.1090928763151169 0 0 0 0 0 0 0 0 0 0.160012274980545 0 0 0 0 0 0.3109397068619728 0 0 0 0 0 0 0 0 1.504073865711689 0 0 0 0 1.07414522767067 0 0.2016415596008301 0 0.2756574526429176 0 0.08386716246604919 0 0 0 0 0 0 0 0 0 0.8544585853815079 1.696883797645569 1.172122590243816 58.28992722928524 2.008488416671753 73.78624591603875 27.43587603420019 3.613171316683292 4.508959494531155 0.1394806653261185 9.449028141796589 1.848224692046642 0.3616025075316429 0.1112928315997124 0.1670704782009125 0 0 0 0 0.6165399104356766 0 13.00312101840973 0.7380736842751503
86.19478835165501 2.53995768725872 2.419225975871086 39.41718423366547 15.34312900900841 189.3493472933769 76.65306933969259 6.546020783483982 7.349087581038475 841.4199228957295 6.050115697085857 142.9175246059895 2302.049432694912 207.3870229274035 0.5410142540931702 4.573331497609615 0.1259902119636536 0 0 0 0 0 0 0 0 0 0 0 0 0 3.045779816806316 3.46403580904007 133.4058794379234 0 0 0 109.4165697842836 18.30792202055454 4.951958306133747 0 0 0 0 0.6314965039491653 0 0.1371965855360031 2.455632954835892 0.2220090478658676 0 0 0 0 0 0.1394362151622772 0.1270815581083298 0.2722465023398399 6.660009764134884 2.754285790026188 0 1.044624924659729 0.6491636037826538 39.26896711438894 0 3.471096470952034 0.1691693812608719 0 0 0.1249743551015854 0 0 137.272254794836 0.3539542108774185 0.2861333116889 1.18768310546875 3.390899583697319 1.969203554093838 2.731126762926579 1.064549505710602 11.96326706558466 13.82293260097504 0 16.79447295516729 0.2886251658201218 0 0 0.469985768198967 0 0 0 0 0 0 0 0 0.1254505515098572 332.2131112068892 6.605176448822021 0 1.173745103180408 133.9281940460205 0.8261164426803589 2.847172453999519 1.161683671176434 3.80356078594923 4.237429261207581 17.05035068839788 44.48399205505848 1.255339585244656 25.1427414342761 62.26871410757303 1.759363792836666 41.29733652621508 36.66473795473576 30.59513565152884 26.3619993776083 0 0.1031259298324585 0 0 0 0 0 0 0 0 0 0 0 0 0 0 0 0 0 18.00405219942331 5.30952088534832 0 0 0 9.649724371731281 0 0.3527289479970932 0.1159380376338959 0 0 0 0 0 0 0.09706154465675354 0 0.07127286493778229 0.1981833055615425 0 0 0 0 0 0 0 0 0 2.247329451143742 0 0 0 0.2828908264636993 2.301589116454124 0.08711670339107513 0 0 0 0 0 0.105793409049511 0 13.81693112850189 0.1168898567557335 0 0.09184538573026657 0 2.46166106313467 0 0.3295779824256897 0.1458361856639385 1.598571047186852 0.1801464930176735 0.4520354345440865 0 0 0 0 0 0 0 0 0 27.93116091191769 5.283805325627327 2.563593834638596 57.07396603375673 1.561015903949738 24.1651564091444 16.55635138601065 132.148678958416 0.8142371103167534 0.1267097741365433 4.836832344532013 5.155147403478622 0 1.197433926165104 0.1577921211719513 23.18659310042858 0 0.2202015668153763 0 0.143242135643959 0 223.0412333831191 17.96275974810123
65.16053865104914 252.7882276698947 79.72490104287863 42.05895797908306 451.8411343991756 103.0505373626947 2725.168155580759 67.95587043464184 837.2779277451336 5693.821756742895 215.2224596068263 2302.049432694912 1306.215732105076 1913.263515088707 5.22345133125782 24.72725016623735 1.032101526856422 0 0 0.1393512636423111 0 0 0 0 0 0.1008532345294952 0.07020915299654007 0 0 0 36.36855514720082 29.43454473465681 1060.527128763497 0 0 0 231.4936076104641 38.13355412334204 9.915508814156055 0 0 0 0 1.979061834514141 0 0.111714743077755 31.99221307039261 0.1854802519083023 0.1994133219122887 0 0.3919578082859516 0 0.4760311394929886 0 1.735781513154507 2.517018064856529 15.15171659737825 15.86111578345299 2.99709377810359 8.166711576282978 2.675617970526218 139.8601038977504 0 27.17684470117092 2.035258442163467 0.3253108263015747 0.3891454376280308 0.07555848360061646 0 0.1101706549525261 276.8321781083941 3.448461294174194 0.14986951649189 21.96631192415953 39.5931447930634 13.90112969279289 26.68094771355391 6.956625737249851 51.15334339439869 33.3445488139987 0.1815753579139709 56.91584970057011 5.458667501807213 0.07587449997663498 1.404243122786283 1.395440090447664 0.2502452954649925 0 0.08870861679315567 0 0.1520216912031174 0 0.09061018377542496 0 0 998.2814034223557 3.241410478949547 0.20627461373806 2.333283513784409 86.28152168542147 7.061496466398239 6.510698713362217 4.635903589427471 3.498534455895424 17.81278461962938 52.5494744554162 85.46646204590797 3.185835391283035 59.67942721396685 168.4465810731053 17.12427961826324 116.8827590942383 83.19000896811485 75.84717229008675 60.49543503671885 0.3756996169686317 0.3444529324769974 0 0.1534833312034607 0 0 0 0 0 0 0 0 0 0 0 0 0 0 0 70.30238895118237 16.10092356055975 0 0 0 41.50148741900921 0 12.60284455120564 1.786371774971485 0 0 0 0 0 0 0.09989608079195023 0 1.146742209792137 1.73204629868269 0 0 0 0.2169186174869537 0 0 0.2206819355487823 0 0.1600017920136452 4.388121068477631 0.9659688472747803 0 1.140444666147232 2.234045460820198 4.97388618439436 0 0 0 0 0 0 0 0 34.55475652962923 0.7047228515148163 0 0.3257987722754478 0 7.964023180305958 0 0 1.152805276215076 5.478613123297691 1.588807240128517 1.428085550665855 0.182450994849205 0.07010878622531891 0 0 0 0 0 0 0 47.70771887153387 20.72784415632486 14.69588965922594 268.2482812330127 4.078345090150833 151.1319288425148 92.82039348036051 126.741397537291 9.041100785136223 0.9503123462200165 28.50907514244318 30.84875091165304 0 6.855014257133007 1.687993176281452 43.09179533272982 0.2992332279682159 0 0 2.634884402155876 0 283.2264580205083 46.23264539241791
25.6495548337698 716.6917691901326 1225.561831660569 3.100280150771141 692.8107624575496 28.02671407163143 746.463012561202 1843.002389457077 1011.017251905054 852.7134831100702 1695.779878504574 207.3870229274035 1913.263515088707 988.7675107121468 9.495149396359921 34.66554491221905 3.007028363645077 0.3085820525884628 0.09248901158571243 0.2039768248796463 0.08774608373641968 0 0.1276514381170273 0.1385680437088013 0.0843937024474144 0.2571696043014526 0.2172027453780174 0.215772308409214 0.2119510024785995 0 165.8192864879966 115.8514687791467 991.7678229063749 0.3605242595076561 0.1122864484786987 0.2334796190261841 157.6345051601529 50.10701328516006 6.365151554346085 0.1316366493701935 0 0.1834341287612915 0.1817832812666893 3.864026173949242 0 0.917956605553627 71.6155495904386 2.518995225429535 0.3854826912283897 0.2139171920716763 0.1729463711380959 0.1242645010352135 0.2891638390719891 0 5.808991268277168 7.035253550857306 21.90389432013035 31.12300031632185 8.085060976445675 22.21081249415874 7.764300525188446 340.3178650066257 0.08457121998071671 87.21308298408985 5.408369727432728 1.024620156735182 0.9450373724102974 0.3608093485236168 0.2291298136115074 0.09481450915336609 175.4642619267106 4.035525418817997 0.4653235301375389 58.39641410857439 106.5049030743539 39.51883332431316 85.13992678374052 36.58302745223045 78.31181486696005 468.0843287929893 0.3171942085027695 140.7635816112161 15.96189856901765 0 3.136465296149254 4.030549377202988 0.6149468272924423 0.1549266204237938 1.023561589419842 0.0964728519320488 0.08121098577976227 0.06388818472623825 0.1708253994584084 0.08607008308172226 0.1907707527279854 238.5723318681121 4.769773475825787 0.1047004461288452 1.934666976332664 35.73008323460817 8.134743928909302 8.278169013559818 3.823155134916306 1.843284636735916 12.84530767798424 46.02517753839493 71.36771227419376 3.273465514183044 51.17186124622822 145.174836397171 7.668199554085732 112.1547730118036 71.26589698344469 73.8348727747798 66.46559359133244 1.161559119820595 0.339117169380188 0.6592115163803101 0.1911207735538483 0 0 0.5873625874519348 0 0.1564709842205048 0 0.1602064967155457 0 0.141751155257225 0 0 0 0 0 0 94.11520517617464 25.35014214366674 0 0 0 59.39188930392265 0 17.02222125977278 1.362380035221577 0.2390058189630508 0 0 0 0 0 0 0 2.323432490229607 2.833560198545456 0.08735741674900055 0 0.278832733631134 0 0 0.2087256759405136 0 0 0 3.151840530335903 1.17101788520813 0 0.4166008085012436 7.13497806340456 8.111664101481438 0.2701436951756477 0.07092595100402832 0.7841598615050316 0 0 0 0 0 32.42818333953619 0.4408205598592758 0 0 0.1345804929733276 9.162471786141396 0 0.5698177292943001 2.61350604146719 6.607978269457817 2.296836875379086 2.093968473374844 1.082154184579849 0 0 0 0 0 0 0 0 42.1586552709341 30.69642064720392 21.22345916181803 583.4411492832005 16.41162981837988 342.6888040825725 175.0184448324144 55.80049883574247 19.47947508096695 2.635316140949726 82.03504174202681 18.70771944522858 0.4160997495055199 17.13462622463703 3.562802493572235 52.24131286889315 0 0 0.1448561102151871 6.142345696687698 0.2786392867565155 149.4702977240086 43.76106712967157
0.2906506136059761 0.8318888507783413 2.167919062077999 0.1214735135436058 1.346044771373272 0 2.596516139805317 6.195270270109177 2.577623661607504 5.090291932225227 1.970514625310898 0.5410142540931702 5.22345133125782 9.495149396359921 101.6579931229353 688.7266942933202 188.756086692214 5.759610548615456 7.563503280282021 0.1421957015991211 0.1439513117074966 0 0.6714298874139786 0.4018452763557434 2.891144938766956 1.914018496870995 2.557978942990303 1.281831584870815 1.793003730475903 0.7095562517642975 0.842222087085247 3.520516850054264 5.030432246625423 6.977336019277573 1.580226503312588 1.23884130269289 3.149238802492619 4.731591530144215 5.556056447327137 2.416243970394135 0 0 0.8655282557010651 192.9983037188649 5.300512127578259 4.696166582405567 237.0013713687658 1.827061906456947 6.695888623595238 3.963197447359562 0.2171561568975449 0 5.491410009562969 0.1745560169219971 2.83157717436552 2.467344395816326 0.8506805598735809 0.2210339605808258 9.442751124501228 140.9957859739661 5.176075398921967 14.51537419110537 5.630385279655457 3.844289369881153 3.177476644515991 1.615495637059212 0.5345511510968208 0.1134861260652542 0.4376740679144859 0.4747303947806358 2.463998153805733 1.367533192038536 0.3409504443407059 48.62779973447323 7.049217753112316 250.0963081344962 99.38938824087381 279.8157580047846 6.931687042117119 5.038244046270847 8.664428450167179 6.83695675432682 16.19958540052176 0 1.250505968928337 1.152430348098278 1.549898229539394 0 0.3700542151927948 0 0.1107878461480141 0.1319309771060944 0.4926455318927765 0.4850056767463684 0.1359982341527939 0.1363400369882584 3.857995763421059 1.820511177182198 7.135636448860168 0.1111362650990486 0 0 0 0 0 0.09237872064113617 0 0 0.1036186665296555 0 0 0.1912079751491547 0.1401352733373642 0.2044492959976196 0.1173966526985168 0.6531960666179657 0.2348572760820389 0 0 0 0 0 0.262150764465332 0 0 0 0 0.4624068588018417 0 0 0 0 0.4657317921519279 0.1323112845420837 0.6579349786043167 0 0 0 1.251713395118713 0.387779600918293 0.2720207273960114 1.657506704330444 1.682133212685585 0.6408751532435417 0 0 0 0 0 0 0 0 0 0 0 0 1.935226738452911 0 0 0 0 0 0 0 0 0.1668448150157928 0.136086568236351 0.4362899661064148 0 0 0 0 0 0 0.2733049988746643 0 0.2146009430289268 0 0 0 0 0 0 0.2541603446006775 0 0.1593929082155228 0 0 0.1358730047941208 0 0 0 0 0 0 0 0 0 1.491593450307846 1.721256256103516 70.68812869489193 9.245001338422298 448.2927614599466 60.86891657114029 1.490622073411942 0.2751384079456329 0.4010154381394386 4.553423635661602 2.510763712227345 0 0.5273998081684113 0.1153006106615067 0 0 0 0 0.237977921962738 0 15.98044581711292 0.9217881634831429
