345.8903361707926 4269.543006077409 428.7298606038094 921.0399702712893 143.3056455999613 126.8138816952705 1079.460191808641 162.4571294486523 329.9327740892768 797.9837075993419 616.5778455659747 175.1569823101163 410.0492517575622 354.2527342438698 5.692095451056957 1.753183022141457 0.4038149788975716 0.07490655034780502 0 0.08963589370250702 0 0 0 0 0.4210427924990654 0 0 0.1717097908258438 0.1177114099264145 0.1117252483963966 802.9874106124043 4.214870281517506 16.6946327239275 0 1.074544534087181 1.317981362342834 14.49879968166351 3.097571417689323 0.5623428486287594 0.3453810214996338 0.3568486422300339 0 0 0.6870484873652458 0 0 25.55793683230877 0.1848056986927986 0 0.369919590651989 0.0887250080704689 0 0 0.08334118127822876 0.1207566186785698 0.2803296446800232 180.0730671584606 448.5910766720772 19.08679866045713 28.33729897812009 0.05855146050453186 0.305857390165329 0.1732612177729607 15.14505580812693 0.36531151086092 0.3361913710832596 0.0907442569732666 0.08449601382017136 0.1892205402255058 0.3939507976174355 3.923155158758163 0 0 183.5015594810247 14.59753536432981 81.4324287250638 4.857636742293835 1.164730940014124 0.5266497880220413 5.787937887012959 0.345714382827282 0.2194102331995964 1.669449493288994 0 0.195081003010273 0 0.06926416605710983 0 0 0 0 0 0.117419458925724 0 0 19.24404029548168 0.08094646036624908 0 0.0976739227771759 771.5899538174272 0.1141795292496681 2.275955647230148 0.3333016037940979 1.082547247409821 0 0 0.5670636519789696 0.19356569647789 0.5400635600090027 4.207903422415257 0.6947476863861084 0.2377368211746216 0.4095093309879303 0.08943405747413635 2.559064976871014 0 0 0 0 0 0 0 0 0 0 0 0 0 0 0 0 0 0 0 0 0 0 0 0 0.9056769162416458 0 2.651057839393616 0.1826368421316147 0 0 0 0 0 0 0 0 0 0 0 0 0 0.09299831837415695 0.5581408143043518 0 0 0 0 0 0 0 0 0.2179293483495712 0 0 0 0 0 0 0 0 0 1.670723609626293 0.0794021338224411 0 0 0 0.2372772693634033 0 0 0 0 0 0 0 0 0 0 0 0 0 0 0 9.972760893404484 0.5620766580104828 0.1898351907730103 164.5893405675888 0.3503320068120956 33.37909430265427 5.628073982894421 1011.132816813886 4.135030522942543 0.07687794417142868 2.611347109079361 0.4144972339272499 0 0.0892375111579895 0 6.020015969872475 0 0 0 0.1152145341038704 0.1068629696965218 209.0630856603384 2.802811853587627
4269.543006077409 3295.15701007843 2809.86385634914 1832.679482728243 4370.906303428113 235.3870706707239 3025.299553077668 1068.41666726768 3386.923607569188 1123.462643258274 3622.148978788406 121.5859988555312 673.2161439731717 1038.11642871052 16.81415598839521 8.201174825429916 1.439311947673559 0.3168859109282494 0 0.2991252020001411 0.7055772319436073 0 0 0.522137388586998 3.685232929885387 0.8938232883810997 0.2502950727939606 0.3423477858304977 0.4673543274402618 0 1516.497676350176 53.13852480426431 44.79640398919582 0.07547727227210999 2.813853956758976 6.131058901548386 38.56639706343412 9.44004188477993 1.438216827809811 0.09732895344495773 0.7797080054879189 0 0.1336290240287781 2.433389469981194 0.09000921249389648 0.5360876247286797 156.9244111403823 1.374255023896694 0.3685228899121284 0.4572546407580376 0.1654866635799408 0 0 0.1514612883329391 1.348160535097122 1.05989271402359 95.41256167367101 650.9573967754841 16.65733156725764 67.41774984449148 1.002845056355 2.803780876100063 1.1754976734519 87.71259396523237 1.01303081959486 1.474933825433254 1.488561913371086 0.3067694790661335 0.07583148777484894 0.5883202627301216 14.78737948089838 0.7849517911672592 0 367.4948048889637 84.34701976180077 264.8494572602212 28.63661904260516 5.528525553643703 1.20126311480999 15.83736557513475 1.94194582849741 1.600359030067921 5.377470642328262 0.1039866060018539 0.5579381436109543 0 0.07620128244161606 0 0.3036650940775871 0.08379058539867401 0.09078893065452576 0 0.6824412271380424 0.4645772054791451 0 14.67595095932484 0.8049473837018013 0.09787128120660782 1.112877562642097 334.8475171402097 0 0.1258212178945541 0 10.38682621717453 0 0 0 0.1671070158481598 0.09881341457366943 3.752200692892075 0 0 0.4953173696994781 0 4.193035572767258 0 0 0 0 0 0 0 0 0 0 0 0 0 0 0 0 0 0.1209757179021835 0 0 0.4957544207572937 0 0 0.1960618495941162 3.152025267481804 0 3.390847653150558 0.5490632802248001 0 0 0 0 0 0 0 0 0 0 0 0 0 0 0 0 0 0 0 0 0.1280514895915985 0 0 0 0 0 0 0 0 0 0 0 0 1.411301724612713 0.1409807205200195 0 0 0 1.09682060778141 0 0 0 0 0 0 0 0 0 0 0 0 0 0 0 4.343169093132019 0.6413430646061897 1.058389887213707 198.3847417980433 2.37241592258215 148.632956828922 18.3992927595973 382.9022514522076 13.5650699660182 0.09559953957796097 12.86389003694057 0.6963075995445251 0 0 0.1314596235752106 3.672103874385357 0 0.06893733888864517 0 0 0.2109386175870895 71.01065270602703 2.444327302277088
428.7298606038094 2809.86385634914 737.8129220083356 6.326871372759342 987.2076381668448 10.38744644075632 143.4082875698805 3159.237882941961 1308.370386555791 22.79176757484674 3453.213008020073 3.075787514448166 63.60360067337751 932.3478182181716 9.594879910349846 6.308319911360741 0.8892982080578804 0.1646333783864975 0 0.1195919290184975 0.160277470946312 0.08067687600851059 0 0.2494077309966087 3.445951927453279 0.8898942247033119 0.09227000921964645 0.4718438163399696 0.258276030421257 0 3226.382414810359 282.6820878386497 66.66591247916222 0.1729619614779949 0.9712942317128181 5.875265412032604 33.68531794101 10.6817024871707 1.715278446674347 0.4798761829733849 1.031298253685236 0.1467572003602982 0 1.06649935990572 0 0.1755365207791328 72.68711019679904 0.573225311934948 0.3594891875982285 0.1456351578235626 0.0718710720539093 0 0.4567450806498528 0.523888885974884 0.3762199729681015 0.5095267072319984 18.81042514741421 176.3824557214975 3.492423854768276 18.42276286333799 0.4109830558300018 2.835050009191036 1.486160032451153 49.7430667579174 0.4400885701179504 0.6135619357228279 0.5240301489830017 0 0.335293710231781 0.1863476857542992 7.212947018444538 0.4047317877411842 0 98.11043537408113 38.44040611386299 92.03255597874522 20.45189008116722 4.197997335344553 0.9612855464220047 106.3295288197696 0.5961234644055367 0.6842085644602776 1.033947318792343 0.08353011310100555 0.3108449950814247 0.1476751863956451 0 0.0909440740942955 0 0 0.2294862493872643 0 0.8484979569911957 0 0 1.431540943682194 0.3167446181178093 0 0.7462977319955826 67.7099789455533 0 0 0 0 0 0 0.2683053091168404 0 0.3023277819156647 1.09767858684063 0 0 0.1197061240673065 0 1.407094202935696 0 0 0 0 0 0 0 0 0 0 0 0 0 0 0 0 0 0 0 0 0.1775593310594559 0 0.1475121676921844 0 1.09747401624918 0.1201587840914726 2.357961624860764 0.09458374232053757 0.08818774670362473 0 0 0 0 0 0 0 0 0 0 0 0 0 0 0 0 0 0 0 0 0 0.1027455627918243 0.2331140637397766 0 0 0 0 0 0 0 0 0 1.022256813943386 0.2293359488248825 0 0 0 1.193243436515331 0 0 0 0 0 0 0 0 0 0 0 0 0 0 0 2.07758292555809 0.09401694685220718 1.390653796494007 96.64636585116386 1.137868344783783 65.14748598635197 8.615397058427334 54.46893598139286 6.18721017241478 0 9.717973761260509 0.3436178043484688 0 0 0 1.231427207589149 0 0 0 0 0 10.52314374595881 1.414250284433365
921.0399702712893 1832.679482728243 6.326871372759342 955.2253649905324 12.82848287373781 128.0804460048676 1405.448566049337 0.6326765194535255 61.65832535177469 2128.713000275195 3.800241336226463 1267.547132112086 2490.353341691196 146.9380502775311 0.9547975137829781 0.372410424053669 0 0 0 0 0 0 0 0 0 0 0 0 0 0 40.33855555951595 0.7592311650514603 6.087213322520256 0 0 0.1238023266196251 9.054503038525581 0.689049132168293 0 0 0 0 0 0.07631048560142517 0.08709173649549484 0 9.022020287811756 0.09217629581689835 0 0 0 0.3926297351717949 0 0.1572979986667633 0 0.07936985790729523 15.55246993899345 71.37021222710609 1.949277006089687 7.545161575078964 0 0.4698316305875778 0 3.982362262904644 0 0.07921657711267471 0.08903967589139938 0.09793062508106232 0 0 14.9186097458005 0.285411924123764 0.1152821555733681 36.58610005676746 4.251616261899471 19.52525275945663 0.8985152468085289 0 0.1825694665312767 0.3687646463513374 0 0 0.5774656981229782 0 0.07964669913053513 0 0.0701415091753006 0 0 0 0 0 0 0.1050626412034035 0 27.85713052749634 13.88886174559593 0 0.5162955075502396 149.9664003551006 0 0.1006724685430527 1.711320117115974 0.646996945142746 0 0.2131913304328918 2.64310248196125 1.857738822698593 1.708837687969208 1.992083415389061 0 1.297262117266655 0.8498910665512085 0 0.5850792899727821 0 0 0 0 0 0 0 0 0 0 0 0 0 0 0 0 0 0 0 0 0 0 0 0 0.5611597299575806 0 1.805439837276936 0 0.7839923501014709 0 0 0 0 0 0 0 0 0 0 0 0 0.4967750608921051 0 0 0 0 0 0 0 0 0 0.444656103849411 0 0 0 0 0 0 0 0 0 0 0 0 0 0 0.1613935232162476 0 0 0.08778458088636398 0 0 0 0 0 0 0 0 0 0 0 0 3.232239626348019 0.101551853120327 0.1063690111041069 20.78949709236622 0 11.17689614742994 1.379132285714149 271.6013541743159 1.766549184918404 0 1.29545234143734 0.09954146295785904 0 0 0 1.175487041473389 0 0 0 0 0 57.72171027213335 0.4595000818371773
143.3056455999613 4370.906303428113 987.2076381668448 12.82848287373781 1183.271427683532 15.90207035839558 288.0737284943461 52.6121154204011 2516.862833224237 139.4481918141246 988.7484221830964 14.65771526098251 145.8892591819167 947.7760222554207 6.587749019265175 1.202000796794891 0.7050943151116371 0.1827667094767094 0 0 0.1853010654449463 0 0 0 1.117366850376129 0.6563960015773773 0 0.5103663802146912 0 0 156.9309746921062 6.999900691211224 9.622184850275517 0 0.6398103162646294 2.567446418106556 10.91268462687731 3.630927368998528 0.338378369808197 0 0.6060110330581665 0.07868824899196625 0 0.5816012695431709 0.08740357309579849 0.2468355819582939 91.13855839520693 0.5774742141366005 0.3110146969556808 0.06489903479814529 0 0 0 0 0.09050054848194122 0.2587657123804092 18.10901528224349 153.8284880444407 3.18920411914587 23.91860867291689 0.3090597689151764 1.018444180488586 0.7404822185635567 55.0784360691905 0.476305179297924 0.7318927273154259 0.3810902088880539 0.08030039072036743 0.08010010421276093 0.3893503248691559 3.77585593611002 0.3550732731819153 0 98.9331749714911 40.79708036780357 107.8248827345669 24.76787140965462 3.581776045262814 1.253098092973232 8.411569356918335 2.161184169352055 0.4878362044692039 1.989011138677597 0 0.1846958696842194 0.1787306144833565 0.07429149746894836 0 0.1516771465539932 0 0.14655901491642 0.07633049041032791 0.3164051622152328 0 0 11.37877344340086 0.08326521515846252 0 0.2439759224653244 22.78012938797474 0 0 0 0 0 0 0 0 0.2130116969347 0.6748447418212891 0 0 0 0 0.2384186685085297 0 0 0 0 0 0 0 0 0 0 0 0 0 0 0 0 0 0 0 0 0 0 0 0 0.1985103785991669 0 1.320484139025211 0.2729498744010925 0 0 0 0 0 0 0 0 0 0 0 0 0 0 0 0 0 0 0 0 0 0 0 0 0 0 0 0 0 0 0 0 0 0 0.1487410962581635 0 0 0 0.4649589955806732 0 0 0 0 0 0 0 0 0 0 0 0 0 0 0 2.152801968157291 0.3226914256811142 0.09842909127473831 142.1487195789814 1.020276919007301 77.75706534832716 7.550523176789284 70.91795840859413 9.292006604373455 0 11.46334907412529 0.1343639940023422 0 0 0 0.7833714485168457 0 0 0 0 0 23.61290080100298 0
126.8138816952705 235.3870706707239 10.38744644075632 128.0804460048676 15.90207035839558 11.49175431579351 149.7392127290368 1.936856538057327 47.58284083753824 462.308753348887 10.39599695056677 168.5364591032267 259.6664058640599 153.4962586015463 1.07183263450861 0.9271048083901405 0.6389419585466385 0.4274224042892456 0 0 0 1.525238037109375 0 0 0.7210525870323181 0 0.09271570295095444 0.1608309000730515 0.1212932467460632 0 60.18278825283051 0.3747533708810806 49.49161860346794 0 0.1719107329845428 0.2625339105725288 51.37381358444691 1.809281744062901 5.347895585000515 0 0.494636669754982 0 0 0.5434426665306091 0.1822383254766464 0.1266238242387772 5.789872154593468 0.07005074620246887 0.09616349637508392 0 0.2120126709342003 6.155962035059929 1.83191093057394 0.5121232494711876 0 0 238.9442384541035 16.1232141777873 0.5676476433873177 1.756629504263401 1.272742234170437 4.149817004799843 0.1386986821889877 0.3756828382611275 0 0 0 0 0 0 382.0824015140533 61.45236253738403 4.044112995266914 5.135142400860786 0.2168966829776764 2.625446416437626 0.3368462175130844 0.6213701218366623 0.08781084418296814 10.04437989741564 0.2337339371442795 4.482029184699059 0 0 0 0.1038904562592506 0.1149937584996223 0.5539012253284454 0.09907723218202591 3.963829457759857 0.2429602742195129 0.9530049264431 0.183959111571312 0 2.027297221124172 398.5253234803677 239.3585259020329 3.601906724274158 27.56325066834688 602.6546252667904 0.3005932569503784 0.5590104758739471 0.1276912838220596 1.942354626953602 0.1701721101999283 0 4.841909393668175 1.172229796648026 1.46345791220665 19.03283581882715 1.27348293364048 0.3834385350346565 1.085645869374275 0.3259831219911575 14.21597681939602 0 0 0 0 0 0 0 0 0 0 0 0.5251369476318359 0 0 0.3202496767044067 0 0 0.2977593541145325 0 0.1418441385030746 0.5098667293787003 0 0 0 2.243071518838406 0.1110731735825539 5.732733204960823 0.07285646349191666 0.3069587051868439 0 0 0 0 0 0 0 0 0.1425601989030838 0 0 0 0.3060357570648193 0 0 0 0 0 0 0 0 0.1370496302843094 1.86247980594635 0 0 0 0 0 0 0 0 0 2.176676206290722 1.332476079463959 0 0.08766746520996094 0.1151569932699203 2.997666850686073 0 0 0.1132141575217247 0.1474894732236862 0.360137827694416 0 0 0 0 0 0.08056506514549255 0 0 0 0 31.44279609620571 0.4236210212111473 1.514297835528851 77.23414064198732 0 7.433382980525494 1.575731165707111 454.7972759529948 0.813737079501152 0 1.715207509696484 0.9228238612413406 0 0 0 14.79982294142246 0 0 0 0.3344219028949738 0 334.3809027597308 12.78713896870613
1079.460191808641 3025.299553077668 143.4082875698805 1405.448566049337 288.0737284943461 149.7392127290368 628.0970580279827 12.12114997580647 638.0989162623882 1803.937252990901 60.30646735057235 819.2086641266942 4815.513951554894 1803.284089528024 6.315914787352085 4.28349706530571 0.8183020874857903 0.06642663478851318 0.1106921508908272 0 1.288878187537193 0 0 0 2.700277768075466 1.126768887042999 0.1083102226257324 0.2941533923149109 0 0 126.2669218033552 2.911342278122902 24.6133421510458 0 1.635141551494598 4.684216126799583 38.43214652687311 7.820680901408195 1.355943888425827 0.2973830252885818 0.3555796667933464 0 0 1.26813830435276 0 0.1824020966887474 78.31110171973705 0.3004036620259285 0.09393730014562607 0.1289065778255463 0.1858631744980812 0 0.09616687893867493 0.238000899553299 0.5561500191688538 0.2719808593392372 31.4511368535459 174.1842012740672 4.09028435125947 24.28682861477137 1.500858083367348 3.194656819105148 1.254166968166828 35.79176806658506 0.311358243227005 0.5982803180813789 0.3452475965023041 0 0.1387928575277328 0.6403754875063896 33.33662679046392 0.3870922029018402 0 130.3147539123893 34.10591565072536 103.9336660057306 14.37495471537113 2.783337526023388 0.4586236253380775 12.56499484926462 1.214932277798653 0.426133967936039 2.898316994309425 0 0.5570817291736603 0.0694638267159462 0.0928545743227005 0 0 0 0 0 0.2000787854194641 0 0 59.15068985521793 0.7971137315034866 0 0.7301894947886467 77.72098199278116 0.6170844510197639 1.246630005538464 4.139591731131077 3.655586667358875 0 0 2.776658348739147 0 2.9252078384161 5.422042079269886 1.008394815027714 1.280475080013275 0.09192058444023132 0.1428075879812241 3.546635858714581 0 0 0 0 0 0 0 0 0 0 0 0 0.2919822931289673 0 0 0 0 0 0 0 0.5465202629566193 0 0 0 2.712766155600548 0 4.650980763137341 0.1042386814951897 0.2593372017145157 0 0 0 0 0 0 0 0.08301135152578354 0 0 0 0 0 0 0 0 0 0 0.484184704720974 0 0 0 0.1269386261701584 0 0 0 0 0 0 0 0 0 1.236440993845463 0.2199493795633316 0 0 0 2.013779245316982 0.08315764367580414 0.6985654234886169 0.1795846521854401 0 0.226347342133522 0 0 0 0 0 0 0 0 0 0 12.56192592531443 0.3574655055999756 0.6360020190477371 108.137362100184 0.507929228246212 69.21338741853833 7.628176860511303 184.641644731164 7.262663744390011 0.1245096772909164 8.416446082293987 0.4067710787057877 0 0.3610966950654984 0 0.9733911827206612 0 0 0 0 0.2322990447282791 78.77623941004276 3.257310748100281
162.4571294486523 1068.41666726768 3159.237882941961 0.6326765194535255 52.6121154204011 1.936856538057327 12.12114997580647 1190.234753910452 238.5943091064692 2.351456247270107 3280.288750845939 1.020877882838249 50.33674255758524 934.4542203620076 14.12841171771288 8.558673657476902 3.985421504825354 1.511220585554838 0.113267682492733 4.621546022593975 22.70108014345169 0 5.566936433315277 1.997481964528561 27.64550206065178 14.51844342797995 4.92698734998703 6.879153780639172 0.7760636806488037 0.8702158853411674 4557.812812395394 3196.478616699576 231.4328327476978 4.837436191737652 68.10658143460751 83.68285576254129 68.32212373614311 54.79216615110636 4.554445788264275 3.332900211215019 13.43341324478388 2.13121635466814 2.012645289301872 3.415116783231497 0.6106213256716728 1.457517147064209 105.2929591909051 1.069529168307781 2.922824434936047 4.345817163586617 2.699992440640926 0.08701029419898987 0.3746014684438705 2.663028456270695 0.4738774448633194 0.4771357029676437 29.38542950153351 696.7458477951586 5.306415136903524 20.3158211633563 6.608101069927216 181.3111913874745 64.88596922904253 561.9804707169533 0.7313320748507977 1.417853318154812 0.5287468135356903 2.328022368252277 5.386719778180122 14.081353854388 6.191897891461849 1.235570088028908 0 131.584476750344 51.80662979185581 91.90561057254672 48.47269522771239 199.6187479048967 635.3614534400403 1938.110218927264 4.605648875236511 57.00529287010431 1.460676491260529 0 0.4948442354798317 0.08672092109918594 1.459740594029427 0 0.1357578933238983 0 0.4828355759382248 0 10.88364124298096 1.532818183302879 0.2663877829909325 1.627660743892193 1.409112587571144 0 3.779095582664013 79.08214347064495 0 0.09387987107038498 0 0.2206243947148323 0 0 0.1259871572256088 0 0.08606884628534317 0.8122751861810684 0.1153378933668137 0.1237950846552849 0 0.1110416948795319 1.223211586475372 0 0 0.1330376267433167 0 0 0 0 0 0 0 0.2317626625299454 0 0 0 0 0.1311495006084442 0 0 0 0 0.1350550204515457 0 0 0 1.593088001012802 0.2450815588235855 2.839149981737137 0.2229458913207054 0.3022574186325073 0 0 0.2217404693365097 0 0 0 0 0 0 0 0 0 0.1160492449998856 0 0 0 0 0 0 0 0 0 0.386749155819416 0 0 0 0 0 0 0 0 0.2475375384092331 1.240771479904652 0.869615450501442 0 0 0.2883788645267487 0.7942391186952591 0.1233982369303703 0 0 0 0 0 0 0 0 0 0 0 0 0 0 3.801292099058628 0.271455705165863 1.728418998420238 138.5500535145402 2.503638669848442 110.9562640860677 29.09183294326067 60.51147704571486 10.16560443490744 0 11.84223248809576 0.5133523866534233 0 0.09461327642202377 0.4219066500663757 0 0 0 0 1.053010076284409 0.697103425860405 9.872244857251644 2.469351641833782
329.9327740892768 3386.923607569188 1308.370386555791 61.65832535177469 2516.862833224237 47.58284083753824 638.0989162623882 238.5943091064692 617.1650213301182 438.469603471458 1168.167614899576 47.8953109011054 673.920059427619 1216.626098573208 10.69207878410816 2.617578595876694 1.452186979353428 0 0 0 1.899320267140865 0 0.3182827085256577 0.4932555258274078 2.221145898103714 0.7682055160403252 0.1578018069267273 0.2079068124294281 0.647410936653614 0.8183188438415527 307.7481836974621 16.56102000176907 26.30253693461418 0.3956787288188934 2.816577941179276 6.640994474291801 33.02155008167028 10.55210867524147 1.247411213815212 0.6243663653731346 2.09109228849411 0 0 1.742987565696239 0 0.40407994389534 162.2155607193708 0.8017641305923462 0.3532579392194748 0 0.5084572285413742 0 0.07834631204605103 0 0.6526620760560036 0.4971858561038971 31.14021513983607 267.5882990956306 7.163980789482594 42.64057683199644 1.938618220388889 4.366593644022942 1.194265812635422 88.09959411621094 0.9990995079278946 0.9052290469408035 0.3530250936746597 0.2130566388368607 0.3951830267906189 0.3335195556282997 12.29643504321575 0.926622249186039 0 167.924827799201 70.90226435661316 157.6682718470693 33.55020485073328 5.037151493132114 1.827076889574528 21.79427671805024 1.324403718113899 2.222264468669891 3.101366981863976 0 0.5862221270799637 0.2701487466692924 0.07790409773588181 0 0.2727124989032745 0 0 0 1.676312163472176 0 0.09927841275930405 24.87540912628174 0.7679086998105049 0 0.8354891389608383 52.87607358396053 0.1205517128109932 0.477163165807724 0 0 0 0 0.8298545032739639 0 0 3.080090388655663 1.244813606142998 0.1227654814720154 0 0.1875892132520676 3.406184405088425 0 0 0 0.09638313949108124 0 0 0 0.4499758780002594 0 0 0 0 0.1981872469186783 0 0 0.09205502271652222 0 0 0 0 0 0 0 0 1.56952079385519 0.1000527516007423 2.212925463914871 0 0 0 0 0 0 0 0 0 0 0 0 0 0 0.09891203790903091 0 0 0 0 0 0 0 0 1.159139633178711 0.7051772773265839 0 0 0 0 0 0 0 0 0 0.9921772629022598 0.6465598940849304 0 0 0 0.7588723003864288 0 0.1100103855133057 0 0 0 0 0 0 0 0 0 0 0 0 0 4.461183555424213 0.6030477806925774 0.9057321399450302 291.028284907341 1.289344266057014 137.3397632986307 15.74751157313585 138.3545957505703 16.31000955402851 0.1672476232051849 23.24459858238697 0.790517695248127 0 0 0 1.72999931871891 0 0 0.2964433431625366 0 0 50.94600045681 4.612863533198833
797.9837075993419 1123.462643258274 22.79176757484674 2128.713000275195 139.4481918141246 462.308753348887 1803.937252990901 2.351456247270107 438.469603471458 1924.076884247363 78.14269949495792 3514.005494222045 7686.81094751507 1851.153894111514 8.89427088946104 7.044779241085052 1.906451903283596 0 0 0.1175501942634583 0 0 0 0 5.303744927048683 0.4386680722236633 0.205145463347435 1.170168772339821 0 0 30.27430437505245 1.13178838044405 246.1629771068692 0.471935898065567 2.446901097893715 5.646388813853264 537.4381032586098 17.42821800708771 10.12825552374125 0.7481242418289185 1.125484816730022 0.2259244471788406 0 1.869968682527542 0 0 50.03800901025534 1.056937165558338 0.232453778386116 0 0.2498893886804581 0.2068927809596062 0.2730960547924042 0.2320839762687683 0 0.08848681300878525 39.13957388699055 46.03114458173513 1.33469720184803 7.96278653293848 4.330565623939037 76.24816478043795 1.179610341787338 7.361290819942951 0.0906737893819809 0.0754544660449028 0.1203109622001648 0.1421353965997696 0.1134565025568008 0.818299189209938 888.267160885036 0.6390746831893921 0 30.08367039263248 6.899059303104877 25.84855870902538 6.143873326480389 2.084768809378147 0.4067371040582657 27.39574325084686 0.6448558568954468 2.017275758087635 0.09221497178077698 0 0.2136568054556847 0.2159541696310043 0 0 0.1987851336598396 0 0.1151265129446983 0 0.5835314989089966 0 0.1350797712802887 698.3376533985138 151.9260382354259 0.6079053282737732 16.49562699347734 330.4621343314648 3.904551930725574 13.55198776721954 4.402337968349457 24.77180010825396 3.229370392858982 0 63.80943550169468 1.300915122032166 23.35242706537247 194.4096054658294 13.88313869386911 14.65692653506994 51.01617508381605 23.53481682389975 145.2855057045817 0.4132724180817604 0 0 0 0 0 0 1.103849694132805 0 0 0.863393247127533 0 0.4847376942634583 0.2607216835021973 0.4340434223413467 0.1596192270517349 0.3531865403056145 0.1646954119205475 0 2.159256957471371 7.455437757074833 0 0.3466057851910591 0 64.488436460495 1.989159762859344 140.3965284302831 4.499760664999485 1.726623952388763 0 0 0 0 0 0 0 0.1579469591379166 0.6215607225894928 0 0 0.7572872340679169 2.473538063466549 0.1477701961994171 0 0 0 0.3538625240325928 0.6575560197234154 0.2471081241965294 0.4073919057846069 0.2448922246694565 33.75030451267958 0.8577551692724228 0.1307755261659622 0 0 0 0 0 0 0 44.17338225245476 0.872550792992115 0.4593200236558914 0.103556290268898 0 38.40106325596571 0 1.331017434597015 1.178028412163258 0.8693860843777657 0.7859790474176407 0 0.1001926884055138 0 0 0 0 0 0 0 0 403.7783715724945 10.93006626516581 24.63622971624136 382.2354372963309 2.945270508527756 47.55344580858946 7.024484425783157 1143.961332567036 5.712104849517345 0 12.43326691538095 7.019573979079723 0 3.279919631779194 0.8980083465576172 104.3312902599573 0.1530974209308624 0 0.2551878988742828 0.2481779158115387 0.5184237360954285 1914.881914645433 124.5639510750771
616.5778455659747 3622.148978788406 3453.213008020073 3.800241336226463 988.7484221830964 10.39599695056677 60.30646735057235 3280.288750845939 1168.167614899576 78.14269949495792 1620.476392056793 8.096578665077686 289.3229343369603 2513.223914902657 19.403639793396 10.45603250712156 2.662485118955374 1.005206115543842 0.1506876200437546 0.1136244609951973 3.366334401071072 0 0.2507753968238831 0.3886370658874512 18.13913948088884 3.822562925517559 1.5536720007658 3.209079459309578 0.1080133393406868 0.4994609951972961 2930.632167242467 816.9857668243349 233.7783681824803 0.888367272913456 14.63518232479692 38.03661296144128 104.5466538444161 44.44710744917393 4.82306382060051 1.936803601682186 6.659171044826508 0.1986859142780304 0.1975183896720409 3.111715912818909 0 0.5138086900115013 191.0559304580092 0.8877535611391068 0.8761612959206104 0.7827328220009804 0.06955379247665405 0 0.3235729783773422 0.7854205816984177 0.4407493695616722 0.6837087273597717 40.81853163614869 597.2277862876654 9.286047171801329 38.85227647796273 1.230714622884989 31.64897637069225 5.63447055965662 148.1343074291945 0.8442901857197285 1.109091222286224 1.153346084058285 0.6354397907853127 0.6076444014906883 2.733003549277782 11.24757142364979 1.431946448981762 0 204.2306383661926 87.12873052433133 172.576400347054 49.70210242643952 17.22542285174131 195.2290547117591 589.8898812681437 2.065854206681252 3.477577336132526 2.957499399781227 0 1.033696323633194 0.08604330569505692 0.2343333438038826 0 0.3446521013975143 0 0.3631723895668983 0 3.547163940966129 0.1249499246478081 0.2539048492908478 13.02093946933746 1.651231750845909 0 4.781556360423565 116.3254775926471 0.1612357199192047 0 0 0 0 0 0.4019296169281006 0 0.4343045651912689 3.576024435460567 0 0.1186473146080971 0.291262686252594 0 2.64710395783186 0 0 0 0 0 0 0 0 0 0 0 0 0 0 0 0 0 0 0 0 0 0 0 0 2.446167156100273 0.3675514385104179 6.609565392136574 0.09593448787927628 0 0 0.236338198184967 0 0 0 0 0 0 0 0 0 0 0 0.1940561681985855 0 0 0 0 0 0 0 0 0.4575381278991699 0 0 0 0 0 0 0 0.1083588674664497 0 0.5630836933851242 0.2026745155453682 0 0 0 0 0 0 0 0 0 0 0 0 0 0 0 0 0 0 0 3.883295029401779 1.053362242877483 1.630542308092117 318.2907032705843 2.857167072594166 191.5247500427067 23.53295283764601 121.6093433536589 21.87556343525648 0.1020312085747719 34.50939691066742 0.7431717067956924 0 0.222992017865181 0.7691724300384521 0.4658108055591583 0 0 0 0.5275596380233765 0 35.68717448413372 2.934341281652451
175.1569823101163 121.5859988555312 3.075787514448166 1267.547132112086 14.65771526098251 168.5364591032267 819.2086641266942 1.020877882838249 47.8953109011054 3514.005494222045 8.096578665077686 247.9272728264332 2066.713575772941 356.2231571227312 9.397775016725063 6.035042375326157 1.23400554060936 0 0 0 0.1045518144965172 0 0.3827353119850159 0.1341709494590759 1.172018691897392 0.1324085146188736 0 0.532820999622345 0.4668708890676498 0.3724844753742218 5.732651710510254 0 133.3829955160618 0 1.265337288379669 5.142750300467014 800.159995213151 15.64618938416243 7.911494441330433 0.1647827178239822 0.6252662986516953 0 0 0.6866552159190178 0 0.108287125825882 36.15091948211193 0 0.1937163472175598 0.06866984069347382 0.1744337528944016 0 0 0 0 0.09178249537944794 3.375156335532665 9.144151851534843 0.297812320291996 3.175232492387295 0.7572124153375626 19.3368307352066 0.3691415786743164 1.797914527356625 0 0 0.09003327041864395 0 0 0.4917244017124176 196.6960811018944 1.41132627427578 0 7.023297399282455 3.355812937021255 9.917466253042221 3.685217186808586 1.708834730088711 0 15.95742630958557 0.9018492475152016 3.422228924930096 0.1090786308050156 0 0 0 0 0 0 0 0 0 0.4175549745559692 0 0.08287220448255539 217.5482227802277 2.450901016592979 0 4.629605174064636 19.79520422965288 0.1640547215938568 1.178119987249374 0.8079511448740959 0.2265242636203766 0.201718732714653 0 4.563115321099758 0 0.8275478258728981 15.75742101669312 2.619438089430332 0.09515286982059479 0.8061757534742355 1.055665135383606 21.35179074108601 1.064820885658264 0.1057327538728714 0 0.2961209416389465 0 0 0 0 0 0 0 0 0 0 0.195913091301918 0 0 0.3407289087772369 0 0 1.459712296724319 0 0 0 10.43566228449345 0.4462038576602936 28.50879766792059 1.150800630450249 0 0 0 0 0 0 0 0 0 0.2360969930887222 0 0 0 0.973789170384407 0 0 0 0 0 0.2218113541603088 0 0 0.4657206311821938 8.440986797213554 0 0 0 0 0 0 0 0 0 8.442337207496166 0.7446211501955986 0.1059548333287239 0.110679604113102 0.1159048452973366 4.570723921060562 0 0.4845292568206787 0 0.2882412970066071 0 0 0 0 0 0 0 0 0 0 0 48.70757331699133 4.307493597269058 5.977293163537979 122.8638374879956 0.1225364208221436 50.42628160864115 5.488857597112656 116.5589082837105 7.049436189234257 0 14.71175554394722 1.292206898331642 0 0.2910960465669632 0 6.897646144032478 0 0 0 0.5789189338684082 0 195.7781358137727 13.30488792061806
410.0492517575622 673.2161439731717 63.60360067337751 2490.353341691196 145.8892591819167 259.6664058640599 4815.513951554894 50.33674255758524 673.920059427619 7686.81094751507 289.3229343369603 2066.713575772941 3904.791305117309 3569.708719871938 26.88045217096806 13.40105639770627 6.033721588551998 0.3483372405171394 0 0.1092941537499428 1.992188043892384 0 0.5806486755609512 0.3197359442710876 9.977987617254257 4.781427524983883 0.6943627893924713 0.5445154830813408 0.8461298644542694 0 101.7985139265656 7.861256048083305 413.3542555496097 0.1998203322291374 6.499462477862835 21.82973443716764 891.7572322785854 65.87564492970705 15.89242450892925 1.489352665841579 3.604186221957207 0 0.2036372572183609 3.290983155369759 0 0.9038257971405983 162.4896877929568 0.5238739997148514 0.9948576688766479 0.5061270967125893 0.7977562770247459 0.1998613625764847 0.5441844314336777 0.3453871011734009 0 0.4486332312226295 16.24672947078943 98.82945551723242 3.48712695389986 21.83226884156466 1.117654584348202 51.48522618412971 4.778885997831821 32.52908731997013 0.3183843865990639 0.1289619617164135 0.279529757797718 0.6467584744095802 0.6294658333063126 2.30889480561018 732.0688092112541 3.70494270324707 0 71.64279375597835 34.08050211519003 86.0310570821166 29.721046872437 9.75060960650444 3.764458015561104 129.1893475279212 1.522813588380814 6.162922739982605 1.427592284977436 0 0.288261778652668 0.2708609253168106 0 0 0.09721369296312332 0 0 0 3.784579932689667 0.3216941803693771 0.3671581149101257 716.3313816413283 3.036683954298496 0 10.4830846041441 41.69463396072388 1.07959021627903 0.4429972320795059 0.4967201873660088 1.378856398165226 1.481346994638443 0 7.468066014349461 1.759080186486244 5.893007703125477 29.4813801124692 5.004259832203388 1.900626890361309 1.20160923153162 2.045227698981762 29.57968915253878 0.2870452553033829 0 0 0 0 0 0 0.1256139874458313 0 0 0 0 0.1469627618789673 0 0 0 0 0 0 0.4469877481460571 1.168544873595238 0 0 0 23.30700279027224 0.152213990688324 48.70715566724539 3.10799428075552 0.7240889370441437 0 0 0 0 0 0 0 0.08414226770401001 0.09312126785516739 0 0 0.1757734417915344 0.8925290107727051 0 0 0 0 0 0 0 0 0.1743394583463669 11.91727757453918 0.6826116293668747 0 0 0 0 0 0 0 0 8.964875400066376 1.428213894367218 0.6831217408180237 0 0 8.903243750333786 0 1.18307089805603 0.7303921803832054 0 0 0 0 0 0 0 0 0 0 0 0 71.11574501544237 6.059534713625908 10.44688307493925 347.2824010550976 2.049939051270485 183.7971858307719 21.83667965233326 235.8530782386661 18.32615634799004 0.2201287448406219 40.99512366950512 3.080995172262192 0 0.8268289938569069 0 6.657693088054657 0.2529341876506805 0 0 0.09476886689662933 0.2275488823652267 296.3911454454064 21.99376536905766
354.2527342438698 1038.11642871052 932.3478182181716 146.9380502775311 947.7760222554207 153.4962586015463 1803.284089528024 934.4542203620076 1216.626098573208 1851.153894111514 2513.223914902657 356.2231571227312 3569.708719871938 2021.628997448832 70.92990473657846 43.78046390414238 13.00720550864935 0.9713226743042469 0.4175091609358788 1.515739962458611 10.82260628044605 0.7862236425280571 3.120523862540722 1.370658829808235 42.58203390985727 13.22861144691706 1.966119766235352 8.20966936647892 1.881952732801437 1.364539071917534 853.7782800868154 133.8217724338174 1220.750327624381 0.7356430664658546 33.47801367938519 88.16944115608931 1596.74150377512 146.4612317159772 18.43993270397186 6.080764085054398 10.64772268384695 1.067044444382191 0.3434971198439598 10.63533676788211 0.3083103150129318 1.433146327733994 491.1882335096598 1.665340147912502 3.403191484510899 1.058692328631878 1.065677039325237 0.9306940510869026 1.416129805147648 1.874473378062248 0.8527894616127014 0.6722005158662796 42.33560431003571 416.0823672264814 10.92986847832799 57.17042085528374 3.184024468064308 58.9576417952776 10.50935795903206 140.6343336254358 0.9558340460062027 1.222328886389732 0.8501984402537346 0.8732427209615707 3.028933681547642 7.962003156542778 241.9614714160562 8.269223675131798 0.3369797468185425 220.6002736315131 122.3677420914173 278.8398892208934 100.1632369756699 28.21336656063795 56.17269522324204 690.8848524168134 4.37206444144249 10.48089644312859 6.757507026195526 0.1670403927564621 1.076973430812359 0.382818803191185 0.5315222963690758 0.1375115215778351 0.07742718607187271 0.18985465914011 0.3952094987034798 0 6.134677238762379 1.460006475448608 0.3437369018793106 304.5378039330244 13.10417874157429 0.116284541785717 15.44315958023071 82.91527756303549 0.2438754960894585 0.7841252237558365 0.2111260071396828 0.8049451559782028 0.1311261653900146 0 4.132932916283607 0.3916076421737671 3.675429336726665 28.88094229251146 3.348923586308956 1.390895403921604 1.737904585897923 0.8830644935369492 26.33097469061613 0.3184769600629807 0 0 0 0 0 0 0.303114727139473 0 0 0.4245929792523384 0 0.2386269271373749 0 0 0 0.2014382183551788 0 0 0.3792944997549057 1.777346014976501 0 0 0.1641043275594711 25.43730081617832 1.594617918133736 54.18613278865814 3.44360725581646 0.1376056671142578 0 0 0 0 0 0 0 0 0 0 0.6937880516052246 0 0.91054467856884 0.6579769253730774 0 0 0 0 0 0 0.6072470843791962 0.2428450956940651 13.41293131560087 0.09434732794761658 0 0 0 0 0 0 0 0.5383089631795883 14.0141913741827 0.9837062507867813 0 0 0 10.29645001143217 0 0.297599270939827 0.1318119466304779 0 0.2024367600679398 0 0 0 0 0 0 0 0 0 0 65.15368593484163 4.017914034426212 9.147357776761055 974.3058894649148 9.640684016048908 502.6215426810086 55.54932734370232 316.2509021759033 49.54941514134407 0.1814456433057785 108.8498087972403 7.522938556969166 0 1.293289825320244 0 8.69047623872757 0 0 0.1331269145011902 2.137237012386322 0.8860234767198563 280.2251574099064 22.97009097784758
5.692095451056957 16.81415598839521 9.594879910349846 0.9547975137829781 6.587749019265175 1.07183263450861 6.315914787352085 14.12841171771288 10.69207878410816 8.89427088946104 19.403639793396 9.397775016725063 26.88045217096806 70.92990473657846 1708.87281075865 2999.482488028705 393.0912451520562 39.87832896411419 22.36008180677891 12.15937735885382 1.971301205456257 0 0.3645100966095924 0.1057137995958328 5.2087007984519 0.9438761323690414 0.7081706747412682 1.799662247300148 0.7191415056586266 0.1181351989507675 26.68314897269011 5.906790845096111 118.48658516258 5.941491454839706 6.679779328405857 12.18677438795567 120.4611322954297 79.99158701300621 27.80151008069515 3.565968118607998 1.079187400639057 0.7647714540362358 4.144563674926758 315.7304700538516 18.10951460897923 56.5311371088028 557.8986677341163 2.923385664820671 31.35679141432047 25.41000010818243 1.30606234818697 1.029356010258198 1.939318165183067 2.348998814821243 0.5038700625300407 0.1012254431843758 47.6225731857121 17.25404274836183 3.585223060101271 617.9544395767152 43.21623975038528 36.0818750411272 7.789145857095718 7.688787452876568 0.3243910372257233 1.150091856718063 0.4289792254567146 3.586703181266785 10.36362884938717 3.464388579130173 32.43333396315575 13.50410803407431 0 589.4954338893294 8.64641697704792 2196.882808756083 221.4687836766243 550.1027846969664 42.45214765146375 126.9466641545296 117.9408223181963 33.94304212927818 2.107250839471817 0 0.7144503965973854 0.1555143445730209 5.217279456555843 0 0.07939730584621429 0 0.3129027262330055 0.08442717790603638 2.76891253143549 0.2992894425988197 1.55590932071209 19.68362262845039 20.08754210174084 0.1238396838307381 34.61330392211676 1.993702609091997 0 0 0.1026384681463242 0 0 0 0.1044074222445488 0 0.1006119921803474 0.3070866987109184 0.2007607221603394 0 0.1760629788041115 0.3724554777145386 2.055109292268753 0.6139271557331085 0 0 0 0 0 0 0 0 0 0.140758290886879 0 0.4852923229336739 0 0 0 0.1781051158905029 0 0 0.09638406336307526 0.1037772819399834 0 3.668208509683609 0 13.56420463323593 2.876571044325829 31.12699984014034 12.41837051510811 1.927219606935978 0 0 0 0 0.2198469638824463 0 0 0 0.244413785636425 0 0.2253411412239075 0.09019970148801804 2.070293083786964 0.2235741540789604 0 0 0 0 0 0 1.819144457578659 3.777718223631382 4.496095955371857 0 0 0 0 0 0 0 0 0 3.674398273229599 7.89557371288538 0.127132311463356 0 0 1.831411696970463 0.1437002122402191 0.4891367852687836 0 0 0.2766455262899399 0 0.1809233278036118 0 0 0 0.09589613229036331 0 0 0 0.0986916646361351 3.463203728199005 8.310143426060677 18.07198619842529 76.58995296806097 1.508041940629482 162.5546072944999 50.51779502257705 30.566620439291 8.972446605563164 0.720810204744339 3.665492780506611 4.858195476233959 0 1.1618866994977 0.6195253059267998 0.3797702789306641 0 0 0 0.3010926842689514 0.1636452376842499 15.86182465031743 16.23293088376522
