55.27936886996031 1511.607770778239 682.0103590711951 492.0664386302233 291.9110991805792 2.907268837094307 1022.730941824615 359.0049551650882 231.0211239382625 905.8893557339907 333.0700214579701 22.40466694533825 1045.348585769534 436.8586174175143 0.526462510228157 0.1911335065960884 0.1680397465825081 0 0 0.07752847671508789 0.3224875032901764 0.1213543638586998 0 0 0.524622917175293 0 0 0.2670007646083832 0 0 557.8397072851658 0.58853729814291 129.5141251087189 0 0.4906667619943619 0.7232933416962624 54.16663231700659 2.766329258680344 3.664006568491459 0.6985399127006531 0 0 0 0.08058527112007141 0 0 5.22726334631443 0.3357240930199623 0 0 0 0 0.1115933880209923 0 0.3779190853238106 0.2828852310776711 48.15409678220749 662.7313635200262 29.6022122502327 4.245532229542732 0.670716255903244 22.01477415114641 0 0.4657225608825684 0.6089997366070747 0.1624143645167351 0.1707221120595932 0.1720879301428795 0 0.1066259890794754 59.08782318979502 0.5695783346891403 0 61.81227149814367 0.5234763845801353 0.3883881941437721 0.7191158309578896 0.6678958386182785 0.09920834749937057 85.0980044901371 0 14.26833877712488 2.20962893217802 0.09065622836351395 0.262865923345089 0.5293936654925346 0 0.1738769039511681 0.1828310266137123 0 0.08722568303346634 0 0 0 0 3.793621048331261 10.06073188781738 0 7.400706753134727 337.0892952159047 0 0 0.1103713884949684 0 0 0.8385212421417236 0 0 0 0 0 3.398273773491383 0.8598406463861465 1.06701198220253 1.279283307492733 0 0 0 0 0 0 0 0 0 0 0 0 0 0 0 0 0 0 0 0 0 0 0 0 1.78645882755518 1.472097396850586 1.648427352309227 0.5050793886184692 0 0 0 0 0 0 0 0 0 0 0 0 0 0 0 0 0 0 0 0 0 0 0 0 0 0 0 0 0 0 0 0 0 7.078222587704659 0 0 0 0 0 0 0 0 0 0 0 0 0 0 0 0 0 0 0 0 1.520196832716465 3.472022131085396 0.400175929069519 26.43111079186201 0.8502556160092354 19.7645625025034 1.600469127297401 776.733688659966 14.04826560616493 0.6022342368960381 2.692874431610107 0 0 1.620722889900208 0 0 0 0 0 15.83599422127008 0 294.1840976327658 0.9139369204640388
1511.607770778239 1694.675766684115 806.7369446307421 804.8732235729694 2757.053064770997 58.46369475126266 2819.940287530422 268.538673505187 2213.673540331423 1618.346896700561 2049.322592407465 89.90281920880079 1759.606774568558 1307.586398333311 0.6195164024829865 0.2130598500370979 0.5790515840053558 0 0 0 0.4064603447914124 0 0.2110367119312286 0 0.7012461647391319 0.1078033745288849 0 0.2303889319300652 0 0 471.3682315200567 0.8437935709953308 28.33490436524153 0 0.3463963121175766 1.862393103539944 14.93048310279846 7.433139182627201 0.6922547221183777 1.125112615525723 0.336544930934906 0 0 0 0 0 9.279820911586285 0.683501161634922 0.08551738411188126 0.07143928110599518 0.3559169434010983 0 0 0 0.2533842921257019 0.3908378556370735 10.1875853985548 245.3647691458464 23.19808892160654 3.182204470038414 0 8.289630174636841 0.09983967244625092 1.194426953792572 0.2912075743079185 0.0761927142739296 0.1942306719720364 0.1872116476297379 0 0 17.67771235108376 9.885897122323513 0 50.97529985383153 3.031033053994179 1.884387709200382 1.332417130470276 0.3647997751832008 0.1541767343878746 5.522359415888786 0.2235542982816696 2.688498377799988 3.064683340489864 0 0.165927529335022 0.07394587248563766 0.1046297550201416 0 0.3730280920863152 0 0 0 0.4876613020896912 0.1909125745296478 0 16.34376454353333 0.7687944173812866 0 0 413.7429986968637 0.3481494188308716 4.137454211711884 2.045117288827896 0 0.336035892367363 2.523532867431641 8.113719202578068 8.442496784031391 12.71684122085571 21.99352902919054 2.278507620096207 55.85453575104475 23.65227184444666 41.77382858842611 104.3687254339457 2.190978180617094 0.3510780334472656 0.4140472784638405 0.7585118636488914 0 0 0 0 0 0 0 0 0 0 0 0 0 0 0 0.5963087826967239 0 0 0 0 21.49424701929092 0.8938556984066963 24.37430014461279 1.564951300621033 0.5108048915863037 0 0 0 0 0 0 0 0.9158691763877869 0.7107035741209984 0 0 0 0 0 0 0 0 0 0.06946714967489243 0.1523394733667374 0 0 6.435634598135948 0.5761623978614807 0.09454253315925598 0 0 0 0 0 0 0 19.69922332465649 2.127134323120117 0 0 0 8.055722244083881 0 0.6437040567398071 1.38860784471035 0.1322081983089447 1.39162727445364 0.09241097420454025 0.4686394557356834 0 0 0 0 0 0 0 0 101.2917556464672 12.43735485523939 9.230717480182648 87.71322403103113 1.198330745100975 57.74751480668783 1.279110409319401 553.7272976860404 56.3845684081316 0.6627021878957748 8.176735304296017 8.742615051567554 0.1179847866296768 6.837335705757141 0.645202562212944 14.24744191765785 1.955206647515297 0 1.28144583106041 47.09269317984581 0.07689931988716125 309.6957435458899 25.81514815986156
682.0103590711951 806.7369446307421 65.87618289142847 97.50011589378119 336.6762451529503 5.987672582268715 222.8537513241172 2280.291275665164 713.766410574317 67.3976094648242 3259.826838418841 0.1443839222192764 186.7515749260783 1481.751363433897 3.543238162994385 2.533974811434746 2.083861231803894 0 0 0.1875333413481712 1.56926841288805 0 0.09851875156164169 0 3.002523884177208 1.333303771913052 0.4028752371668816 0.8385811150074005 0.1629241406917572 0 2932.407182939351 62.52429073303938 223.0394879430532 0 3.317037284374237 15.49552708864212 41.71956078708172 33.45144010335207 7.718939647078514 1.816052511334419 0.5615592896938324 0.1228382885456085 0.3680779337882996 0 0 0.08949954807758331 9.692619830369949 0.07083631306886673 0.3486481606960297 0.0891515389084816 0.06549199670553207 0.7987425178289413 0.2310624569654465 0 0.1571929231286049 0.1638737171888351 7.306496679782867 717.9127509519458 14.04708936810493 3.160044923424721 1.089077711105347 44.98406289517879 0.9077361971139908 1.106939993798733 0.3265380188822746 0.08332487940788269 0.5423904061317444 0.3451714143157005 0.3431593999266624 2.00052534788847 12.48689506947994 3.077539786696434 0 25.33156957104802 1.550454795360565 3.328177697956562 0.7713519260287285 4.366421192884445 98.12920871376991 1531.513773232698 0.2460528016090393 33.73003580421209 1.302189253270626 0.08105277270078659 0 0.2580208256840706 0.2406391352415085 0.3384745642542839 0 0 0 0 0.4224750772118568 0.8989551588892937 0 5.029306188225746 0.0771978497505188 0 1.206235751509666 502.1062340810895 0.1873377412557602 0 0.1009512394666672 0 0.7274861708283424 0.7065163403749466 1.931301444768906 1.939838923513889 1.184392303228378 3.396680772304535 0.07438243925571442 6.704804420471191 5.520247936248779 7.013026632368565 19.83008293807507 0.1102949380874634 0 0.07681877911090851 0.09953106194734573 0 0 0 0 0 0 0 0 0 0 0 0 0 0 0 0 0 0 0 0 6.461458012461662 0.1678067743778229 2.931709289550781 1.976140633225441 0.6785253956913948 0 0 0 0 0 0 0 0 0.3271562606096268 0 0 0 0.1092235520482063 0 0 0 0 0 0 0 0 0 0.3014379218220711 0 0 0 0 0 0 0 0 0 9.6711136251688 0.76811683177948 0 0 0 0.7812976613640785 0 0 0.08039012551307678 0.2478424906730652 0.3745645433664322 0 0.09008351713418961 0 0 0 0 0 0 0 0 25.88971575349569 6.580734089016914 2.103157885372639 70.96532159298658 0.8923892453312874 53.26781054958701 6.194458588957787 223.0514116883278 30.93439600616693 0.3217897191643715 11.13096243143082 1.720773994922638 0 2.683887496590614 0.1659828722476959 2.975055128335953 0.944131001830101 0 0 7.538587957620621 0 54.03561840951443 3.490152098238468
492.0664386302233 804.8732235729694 97.50011589378119 371.6849558353424 53.23633816093206 37.30342134833336 3177.901492081583 6.714286938309669 42.20885429531336 1928.635342247784 45.98570258915424 114.4701461046934 4334.023729838431 74.65062439441681 0 0 0 0 0 0 0 0 0 0 0 0 0 0 0 0 36.70667731761932 0 0 0 0 0 0 0 0 0 0 0 0 0 0 0 0.09494965523481369 0 0 0 0 0 0 0 0 0 0.252811074256897 22.92432568222284 0.7847929000854492 0.1133750081062317 0 0 0 0 0 0 0 0 0 0 0.2768389582633972 0 0 0.5646940022706985 0.2372525632381439 0 0 0 0 0 0 0 0.09701263159513474 0 0 0 0 0 0 0 0 0 0 0 0 1.021127566695213 0 0 0 21.25645790994167 0 0.1586703211069107 0.270375669002533 0 0 0.3796343803405762 0 0 0.2161662429571152 0 0.1050930693745613 0.5928825810551643 0.07274551689624786 0.1009096875786781 0.8010990843176842 0 0 0 0 0 0 0 0 0 0 0 0 0 0 0 0 0 0 0 0 0 0 0 0 0 0 0 0 0 0 0 0 0 0 0 0 0 0 0 0 0 0 0 0 0 0 0 0 0 0 0 0 0 0 0 0 0 0 0 0 0 0 0 0 0 0 0 0 0 0 0 0 0 0 0 0 0 0 0 0 0 0 0.7509698793292046 0 0 0.8911299556493759 0 0.642235241830349 0 117.8290861696005 0.445213109254837 0 0 0 0 0.1163493320345879 0 0 0 0 0 8.463989868760109 0 72.11442338675261 0.342660553753376
291.9110991805792 2757.053064770997 336.6762451529503 53.23633816093206 355.7855911254883 11.49134346842766 196.6961466670036 11.88725665956736 966.808102697134 411.6164654493332 261.048890247941 2.22553962469101 270.6426718235016 914.2264160513878 0.5254482105374336 0.1136202663183212 0.1872016042470932 0 0 0 0.1998372673988342 0 0 0 0.3012926802039146 0.3978091180324554 0 0.2035019770264626 0 0 56.56519020348787 0.2325526475906372 7.813265822827816 0 0 0.8527384549379349 4.901547580957413 0.6675567701458931 0 0 0 0 0 0 0 0 4.918908581137657 0.185014508664608 0.0845995768904686 0 0 0 0 0 0.2462535426020622 0.1591146066784859 4.585465356707573 64.0186725333333 10.82524431496859 2.107330940663815 0 0.8563788235187531 0 0.2960659712553024 0.4139819294214249 0 0.1600555330514908 0 0 0.1105078682303429 15.25983130931854 5.248478963971138 0 23.55020102858543 0.9992447942495346 0.9745568260550499 0.1882134228944778 0.1454591453075409 0.08544459939002991 1.191897243261337 0.1869130209088326 0 0.8234151899814606 0 0 0.07386232912540436 0 0 0 0 0 0.07650019973516464 0 0.08097279071807861 0 15.21135076135397 0.7265641689300537 0 0.09165061265230179 129.5865773633122 0.7606407701969147 2.548641502857208 0.7001544311642647 0 0.2383552044630051 1.337621927261353 8.051388561725616 3.844635754823685 6.890834882855415 12.37413562089205 1.203379519283772 34.14905142039061 15.57190683484077 22.43399912118912 54.24817645549774 1.053763777017593 0.1679843962192535 0.1643484905362129 0 0 0 0 0 0 0 0 0 0 0 0 0 0 0 0 0.2549757435917854 0 0 0 0 14.78473761677742 0.304926335811615 14.1306594312191 0.4057713001966476 0 0 0 0 0 0 0 0 0.6217472404241562 0.8354697152972221 0 0 0 0 0 0 0 0 0 0.1696297004818916 0 0 0 4.043136976659298 0.5424092039465904 0 0 0 0 0 0 0 0 12.53506435453892 1.559916600584984 0 0 0 3.424172714352608 0 0.3660621047019958 0.2788624092936516 0 0.7307189851999283 0 0.3498643264174461 0 0 0 0 0 0 0 0 58.49618702381849 12.14817787706852 2.72446171939373 52.88890375941992 0.9051735326647758 36.37535814195871 0.4475700184702873 231.889408275485 31.98229511082172 0.6029155924916267 5.417957045137882 1.960497088730335 0 2.61156303435564 0.5555544048547745 6.335509434342384 0.7699728086590767 0 0.6699722707271576 22.84099304676056 0 136.9459797516465 17.07667234539986
2.907268837094307 58.46369475126266 5.987672582268715 37.30342134833336 11.49134346842766 0 64.25710362195969 0 7.487298652529716 246.2548177689314 0.6153602600097656 5.089775741100311 101.3703128248453 17.8280463963747 0 0 0 0 0 0 0 0 0 0 0 0 0 0 0 0 0 0 1.074891403317451 0 0 0 0.6839329302310944 0 0 0 0 0 0 0 0 0 0.1095001921057701 0 0 0 0 0 0.6123898029327393 0 0 0 20.90922571718693 3.9103122651577 0 0 0 0 0 0 0 0 0 0 0 0 20.4165022149682 2.56513848900795 0.1618830412626266 0 0 0 0 0 0 0.1174344941973686 0 0 0 0 0 0 0 0 0 0 0 0 0 0 0 36.69367422908545 38.30687696486712 1.583934307098389 0.2335923761129379 35.60063288360834 0 0 0 0 0 0 1.316752314567566 0 0.07431355118751526 1.74692215025425 0 0.8120869249105453 0.5002559572458267 0.5524225831031799 0.5221424773335457 0 0 0 0 0 0 0 0 0 0 0 0 0 0 0 0 0 0 0 0 0 0 0 0 0 0 0 0 0 0 0 0 0 0 0 0 0 0 0 0 0 0 0 0 0 0 0 0 0 0 0 0 0 0 0 0 0 0 0 0 0 0 0 0 0 0 0 0 0 0 0 0 0 0 0 0 0 0 0 0 0 0 0.4323638826608658 0 0 0 0 0 0 98.02207936346531 0 0 0 0 0 0 0 0 0 0 0 0.4577472656965256 0 404.3890874683857 0.7965058386325836
1022.730941824615 2819.940287530422 222.8537513241172 3177.901492081583 196.6961466670036 64.25710362195969 234.99325992167 9.931053958833218 155.7046453952789 1722.339237518609 178.8589629754424 433.1802888736129 5759.084921292961 644.7427792102098 0.2853116616606712 0.09781813621520996 0.1735735386610031 0 0 0 0 0 0 0 0.2520445734262466 0.1995518207550049 0 0 0 0 73.41680856794119 0.091492660343647 1.816872954368591 0 0 0.3847458362579346 5.355470925569534 0.2544661462306976 0 0 0 0 0 0 0 0 3.485007233917713 0 0 0 0 0 0.06923559308052063 0 0.07206935435533524 0.6155874282121658 4.629015080630779 87.21164738386869 9.938285320997238 1.363192707300186 0 0.2738625630736351 0 0.5220370441675186 0.3307050243020058 0.07526495307683945 0.4707213342189789 0.06439384818077087 0.217753104865551 0.07703229784965515 21.4266668856144 2.939801059663296 0 18.41310020536184 0.2461843267083168 0.7966001853346825 0.1078101471066475 0.1149679571390152 0 1.5570975728333 0 0.6530485823750496 1.546926088631153 0 0 0.3753672391176224 0 0 0.05966698750853539 0 0 0 0 0 0 28.4398390725255 1.068141341209412 0 0.807731531560421 103.4687792807817 1.433852538466454 5.29951348900795 21.50236172229052 9.317102156579494 0.8070195391774178 1.203986413776875 15.02601198107004 4.374296352267265 89.646603371948 15.07886579632759 1.691507339477539 41.61345851421356 20.08568434417248 37.28237099945545 68.0204081684351 1.032238185405731 0.2052570134401321 0.07084256410598755 0.1563873440027237 0 0 0 0 0 0 0 0 0 0 0 0 0 0 0 0.8506702035665512 0.5080664902925491 0 0 0 15.36993822455406 0.7055869624018669 9.30556733161211 0.9345518127083778 0 0 0 0 0 0 0 0 0.5573904514312744 0.7408016882836819 0 0.2855572104454041 0 0 0 0 0 0 0 0.7234046533703804 0 0 0 2.51052775233984 0.1389932185411453 0 0 0 0 0 0 0 0 14.72577941417694 1.125703632831573 0.09988263249397278 0 0 5.358293615281582 0 0.2064688056707382 0.6303297877311707 0.2751604467630386 0.6333255991339684 0 0.3540114313364029 0 0 0 0 0 0 0 0 65.3905114531517 13.59593012183905 3.302728220820427 30.77640072256327 0.3176136687397957 19.94132301956415 0.5923573225736618 280.3849668726325 21.48231596499681 0.1826724484562874 2.010292828083038 1.968548122793436 0 2.138871751725674 0.4408435523509979 11.61480332911015 0.9147361516952515 0 0.551581934094429 6.245534047484398 0.05907970666885376 226.0119497850537 19.25715749710798
359.0049551650882 268.538673505187 2280.291275665164 6.714286938309669 11.88725665956736 0 9.931053958833218 538.3729333356023 123.479393132031 9.79836568236351 1061.403191611171 0.1983614712953568 162.2896486595273 631.4563260003924 9.741583496332169 2.778807066380978 7.331716507673264 0 0 2.517892763018608 6.626936331391335 0.5656235814094543 0.5691303908824921 1.150321811437607 7.22878073900938 3.581356041133404 0.1231771409511566 2.610734052956104 0 0 3595.427992895246 470.8045060485601 344.3702835887671 0.132075697183609 5.780307546257973 31.56613896787167 89.04558539390564 58.71707018464804 13.94126407802105 3.6921401694417 1.328235313296318 0.1052298620343208 7.32326053828001 2.227358102798462 0.09984486550092697 0.3026255145668983 43.47862162813544 2.822287313640118 0.9670011699199677 1.344791278243065 1.475919708609581 0 0.1625103205442429 0 1.877466969192028 1.366398617625237 15.90792478621006 627.584184512496 55.89878722280264 15.05209639668465 23.9665380641818 125.7837242558599 2.31708986312151 346.7650429978967 1.549611248075962 0.4350373409688473 2.287135969847441 2.68840242177248 1.788433507084846 10.56368617713451 20.09042646735907 2.706929177045822 0.2328227162361145 151.2776682861149 62.14132928848267 15.88631167262793 215.8693015575409 255.6689700335264 325.8559796586633 1097.784551925957 34.25023539364338 596.655616864562 7.113880038261414 0.3366024941205978 0.8189213946461678 1.021869480609894 2.281419523060322 0 0.6966470405459404 0.09313999116420746 0.07630122452974319 0.07188959419727325 1.307014718651772 1.81220568716526 0.1534650474786758 1.305028527975082 0 0.9734988212585449 0.5503466129302979 399.0472554787993 0 0 0.1173190623521805 0 0 0.1858936548233032 0.7985506653785706 0.8084480985999107 0.1645877882838249 3.416828446090221 0 4.725628830492496 2.605330444872379 4.016667164862156 16.41700087487698 0.3764912784099579 0 0.5623211711645126 0 0 0 0 0 0 0 0 0 0 0 0 0 0 0 0 0.1311852633953094 0 0 0 0 5.580851517617702 0.1563239693641663 3.105401493608952 1.313744530081749 0.1369099318981171 0 0 0 0 0 0 0 0.09109111875295639 0.1436770781874657 0 0 0.1723044961690903 0.08921880275011063 0.09752926230430603 0 0 0 0 0 0 0 0 2.787165261805058 0 0 0 0 0 0 0.08067017048597336 0 0 3.071814008057117 0.873083621263504 0 0 0 1.0416144952178 0 0.09583381563425064 0.2193983048200607 0.08206921070814133 0.1665392965078354 0 0.7098980098962784 0 0 0 0 0 0 0 0 21.9028709307313 2.370238490402699 2.341195501387119 188.1220122762024 4.663924396038055 233.8132843747735 13.19632636010647 579.1740018874407 154.8351621180773 3.400345586240292 30.30360317602754 1.190219663083553 0 1.253088347613811 0.4440802112221718 1.111865445971489 0.3962225988507271 0 1.09949929267168 5.282559543848038 0.2419306486845016 126.9959224313498 1.410415560007095
231.0211239382625 2213.673540331423 713.766410574317 42.20885429531336 966.808102697134 7.487298652529716 155.7046453952789 123.479393132031 54.81861528754234 124.3869727775455 741.8470253348351 0.5345941781997681 90.12169650942087 174.1160771250725 0.09033595025539398 0 0 0 0 0 0 0 0 0 0.2404466569423676 0 0 0 0 0 49.37366414070129 0.7182853743433952 1.46415938436985 0 0.07821311801671982 0.2056388035416603 1.112086184322834 0.5169708654284477 0.1330809891223907 0.09298519045114517 0.09341517090797424 0.08334886282682419 0 0 0 0 4.583625674247742 0.186748631298542 0 0 0.07498572021722794 0 0 0 0.20322135835886 0.06936702877283096 4.06924120336771 43.70874629914761 8.404113136231899 1.431911021471024 0 0.4725604355335236 0 0.3426089286804199 0.1472371369600296 0.1549244970083237 0.07014776766300201 0 0 0 6.840481534600258 2.044018149375916 0 18.48179905116558 1.067989364266396 0.897638775408268 0.3500716984272003 0.2780198082327843 0.08844684064388275 0.2705243527889252 0 0 0.937389075756073 0 0 0.2257501855492592 0 0 0 0 0 0 0 0 0 5.31505710631609 0.6845682859420776 0 0 96.63890993595123 0 0.2483891248703003 0.6282808035612106 0.7331647872924805 0.4624195247888565 0.36691764742136 4.792997665703297 3.129681803286076 4.440465018153191 7.42560201138258 1.664731703698635 17.85820603370667 7.958678565919399 14.09015037119389 40.76133807748556 0.4998126700520515 0 0.3615706264972687 0.1767005324363708 0 0 0 0 0 0 0 0 0 0 0 0 0 0 0 0.1769484579563141 0 0 0 0 7.6929851770401 0.7156401202082634 7.088273979723454 0.8450796902179718 0 0 0 0 0 0 0 0 0.2796746417880058 0.5044527500867844 0 0 0 0 0 0 0 0 0 0.08642742037773132 0 0 0 1.41645734757185 0 0 0 0 0 0 0 0 0 7.145133465528488 1.236379832029343 0 0 0 1.598464719951153 0 0.3532865643501282 0.2350221313536167 0 0.6471715793013573 0 0.5294437929987907 0 0 0 0 0 0 0 0 35.19915952533484 6.332514509558678 1.012057982385159 47.28257285803556 0.6936587691307068 29.05939254164696 0.123007170855999 179.4053933247924 31.88470888137817 0.6392958834767342 6.242187231779099 2.468262568116188 0 2.192813735455275 0.3653641268610954 9.273182712495327 0.6564418524503708 0 0.2612594440579414 2.184518069028854 0 83.86448356509209 9.315290901809931
905.8893557339907 1618.346896700561 67.3976094648242 1928.635342247784 411.6164654493332 246.2548177689314 1722.339237518609 9.79836568236351 124.3869727775455 783.6256244555116 27.7169876024127 342.3362469375134 7751.973784714937 281.7620346769691 0 0 0 0 0 0 0 0 0 0 0.120111808180809 0.3540456891059875 0 0 0 0 48.57526310533285 0 4.784738212823868 0 0 0.3299011886119843 8.122006699442863 0.604470819234848 0.2780713587999344 0.1103474497795105 0 0 0.2571093142032623 0 0 0 1.10955311357975 0 0 0 0 0 0 0 0 0.08375947177410126 0.667674794793129 25.54046223312616 0.9962335750460625 0.1959486156702042 0 1.260919898748398 0 0 0 0.07118012756109238 0.06313282996416092 0 0 0 84.78574130684137 6.836744248867035 0 3.615474618971348 0 0.09748180955648422 0 0 0 0 0 0 0.2467647567391396 0 0 0 0 0 0 0 0 0 0 0 0 178.3241598978639 3.802009895443916 0 0 41.03195918351412 0.2489901632070541 4.095317497849464 1.974764369428158 0 0 1.561594843864441 14.53397037088871 6.584292247891426 10.18353162705898 24.80921205878258 2.497241713106632 51.78887093812227 30.77532407268882 34.95520217716694 71.88231555372477 0.2304623797535896 0 0 0.1137633472681046 0 0 0 0 0 0 0 0 0 0 0 0 0 0 0 0.9607292711734772 0 0 0 0 7.81861586868763 0.2929194197058678 8.650348715484142 1.861706309020519 0 0 0 0 0 0 0 0 0 0.3883520811796188 0 0 0 0 0 0 0.1071987003087997 0 0 0.1726650148630142 0 0 0 2.529838263988495 0.07759571075439453 0 0 0 0 0 0 0 0 9.318816460669041 0.8150571584701538 0 0 0 3.446361735463142 0 0 0.4064876101911068 0.09059537202119827 0.3318225964903831 0 0.2358889207243919 0 0 0 0 0 0 0 0 81.20629988238215 9.025127358734608 2.509599789977074 42.5178613960743 0.3669303357601166 7.855721361935139 0.4281424060463905 581.3854266703129 3.724308453500271 0 1.999240063130856 2.927675422281027 0 1.983439810574055 0.1678081303834915 18.37768774479628 0.804657019674778 0 0.1580392345786095 13.26059771329165 0 1538.40291389823 58.55134910345078
333.0700214579701 2049.322592407465 3259.826838418841 45.98570258915424 261.048890247941 0.6153602600097656 178.8589629754424 1061.403191611171 741.8470253348351 27.7169876024127 527.3232425451279 2.131327226758003 1273.041368350387 3297.639596387744 3.377892732620239 0.9215349033474922 0.9043284803628922 0 0 0.1049499586224556 0.7288866937160492 0 0 0 2.416563637554646 0.8925440013408661 0 0.4405614733695984 0 0 548.6274896636605 18.88875344395638 482.325337484479 0 1.52891181409359 6.838762812316418 85.03424491733313 40.79228370636702 18.64652253687382 3.444097012281418 0.8750599920749664 0 0 0.5048028826713562 0 0 15.17906443029642 0.1684755459427834 0.07507479935884476 0 0.1295261979103088 0 0 0 0.6196577027440071 0.3183432444930077 4.709743358194828 111.4658244848251 14.11308872327209 3.824151568114758 0.5053590536117554 94.88009107857943 0.2976735830307007 1.480452254414558 0.2110212445259094 0.1493977382779121 0.3528524748980999 0.3164977580308914 0.1426354050636292 0.3233123272657394 32.35111160576344 3.324755117297173 0 33.55002255737782 2.299904301762581 4.248272605240345 2.066494859755039 0.8116821348667145 0.4709322676062584 231.6919510439038 0.4113859534263611 36.68202273547649 1.56236419826746 0 0.07607215642929077 0 0.1633759513497353 0 0.1422900781035423 0 0 0 0.1253221184015274 0.198422446846962 0 10.40993996709585 1.786763250827789 0 1.997486993670464 168.637669108808 0 0 0.3910825252532959 0 0.08397062867879868 0.977339468896389 2.052391193807125 1.452596664428711 2.815950512886047 1.957736670970917 0.1395751684904099 9.994754746556282 4.86162506043911 8.115257151424885 25.16261083632708 0.6372563987970352 0 0 0.08447935432195663 0 0 0 0 0 0 0 0 0 0 0.1747108548879623 0 0 0 0.1284812837839127 0.1748427599668503 0.1165867298841476 0 0 0 7.455148905515671 0.5469627007842064 5.870305940508842 1.57059733569622 0 0 0 0 0 0 0 0 0.237778015434742 0 0 0 0 0 0 0 0 0 0 0 0 0 0 2.298745207488537 0 0 0 0 0 0 0.07724188268184662 0 0 2.417038291692734 0.4956925362348557 0 0 0 1.452683486044407 0 0 0.2467548549175262 0 0.09622238576412201 0 0.1047215610742569 0 0 0 0 0 0 0 0 24.35478619486094 8.160113967955112 2.54870043694973 124.1536404788494 1.679144136607647 72.21480867266655 3.225005351006985 224.4376828223467 54.71514897048473 0.5023809298872948 16.82764551788568 1.905878350138664 0 0.9208461828529835 0.3270848989486694 1.212993331253529 0.6456000730395317 0 0.07126309722661972 3.742580272257328 0.1243028342723846 40.3868687748909 2.549486063420773
22.40466694533825 89.90281920880079 0.1443839222192764 114.4701461046934 2.22553962469101 5.089775741100311 433.1802888736129 0.1983614712953568 0.5345941781997681 342.3362469375134 2.131327226758003 7.680704832077026 460.1445124968886 6.913459628820419 0.9568910151720047 0 0.208240881562233 0 0 0 0.3226979076862335 0 0 0 0.2585120797157288 0 0 0.1921319961547852 0 0 0.5245152115821838 0 32.55791276693344 0 0 0.4895634576678276 29.69507750123739 6.38541591912508 12.33958535641432 0.8292219042778015 0.1184960156679153 0 0 0 0 0 1.757500432431698 0 0 0 0 0 0.08904082328081131 0 0 0 0.09326352924108505 1.041877709329128 0.2001103758811951 0.4104421809315681 0 17.35036461055279 0 0 0 0 0 0 0 0 100.2650052905083 8.497962802648544 0 0.5808795839548111 0 0.6264986917376518 0 0.08518414944410324 0 0.07811816781759262 0 4.288710802793503 0 0 0 0 0 0 0 0.12845279276371 0 0 0 0 0 354.2462182044983 3.875763073563576 0 1.840721964836121 1.405767850577831 0.1462154500186443 2.854614093899727 3.073443509638309 0 1.401559986174107 1.099314831197262 8.115682393312454 5.991756111383438 12.16464231163263 30.41120814532042 3.44743636995554 56.99703947454691 31.2880922332406 41.96717017143965 103.6330035403371 0.9199205823242664 0 0.3103501051664352 0.07616924494504929 0 0 0 0 0 0 0 0 0 0 0 0 0 0 0 0.1551613211631775 0.8118380457162857 0 0 0 12.48660335689783 0.332806721329689 9.92191107571125 0.3799425661563873 0 0 0 0 0 0 0 0 0.7902205660939217 0.8438736386597157 0 0 0 0.2282131463289261 0 0 0 0 0 0.9104608669877052 0 0 0 2.317661553621292 0 0.07445964962244034 0 0 0 0 0 0 0 15.14989514276385 1.642369255423546 0.1034952402114868 0 0 2.823394969105721 0 0 1.054585732519627 0.05857622623443604 0.6780314743518829 0 0.6220943331718445 0 0 0 0 0 0 0 0 125.6565150544047 12.70729903131723 1.646910682320595 26.1720145046711 0.241752102971077 7.396480694413185 0.8531783819198608 38.08478031307459 4.178674124181271 0 2.601538836956024 3.724863953888416 0 4.430410094559193 0.6545985788106918 7.455232501029968 1.087631102651358 0 0.7097603008151054 0.2781582176685333 0.1304231882095337 388.197001285851 40.93631031364202
1045.348585769534 1759.606774568558 186.7515749260783 4334.023729838431 270.6426718235016 101.3703128248453 5759.084921292961 162.2896486595273 90.12169650942087 7751.973784714937 1273.041368350387 460.1445124968886 527.9625816866755 2083.628587849438 8.167232431471348 1.529083229601383 3.686322897672653 0 0 0 2.147978134453297 0 0 0.1233761236071587 11.55222868919373 1.904466368257999 0 2.185269773006439 0 0 94.59106048941612 0.9265654683113098 1009.809543035924 0 4.017385371029377 20.8305302336812 217.6336807906628 59.63975657522678 114.1894923523068 13.17073779553175 0.7270823195576668 0.1111576929688454 0 0.09042125195264816 0 0 39.95658137649298 0.5760344639420509 0.07236265391111374 0.2411008030176163 0.2542433775961399 0.4466511458158493 2.375681400299072 0 0.06778627634048462 0.145513579249382 4.496812224388123 75.24704429507256 13.48895467072725 7.546519514173269 3.950642004609108 71.16421652585268 0 0.1179841831326485 0.4973297081887722 0.1491817757487297 1.009360790252686 0.06780379265546799 0.4277549013495445 1.935774028301239 370.0808490589261 51.8216508179903 0.6986672878265381 39.82792531326413 2.427055105566978 10.04025329649448 3.754400923848152 1.093870647251606 0.5191050618886948 261.6321923136711 0.1768651753664017 10.94054624438286 3.676804523915052 0.07462368160486221 0.218586403876543 0.4620647244155407 0 0 0.06611891090869904 0 0.3262363448739052 0 0.5615478903055191 0.7437572702765465 0 1222.00737387687 10.98009841889143 0 8.13806539773941 116.4946092441678 0.8239617832005024 24.52856872230768 12.57569829374552 0.444253146648407 4.436202719807625 9.009621188044548 39.13399396836758 25.82143349200487 47.47748870775104 122.3557408154011 15.57970253378153 240.1921993866563 141.1604888960719 178.4065605401993 432.1462072618306 5.174636587500572 0.7351092994213104 0.8728881180286407 2.042134210467339 0.07497850805521011 0 0 0.1301811784505844 0 0 0 0 0 0 0 0 0 0 0 1.021577164530754 0.3620786368846893 0 0 0 74.27236845344305 0.9732933342456818 53.45248847454786 7.461709380149841 1.278910547494888 0 0 0 0 0 0 0 2.880153249949217 3.893802057951689 0 0.1106673553586006 0 0 0 0 0 0 0.7347523123025894 2.525317914783955 0.06872528791427612 0 0 17.71073935925961 0.7841033339500427 0.812442734837532 0.08955294638872147 0.06587612628936768 0 0 0.07911361753940582 0 0 69.30628073960543 9.106915853917599 0.07759913802146912 0 0 25.14262567460537 0 1.14012860506773 5.461017787456512 0.7177500873804092 3.419445741921663 0.07870769500732422 2.432758472859859 0 0 0 0 0 0 0 0 512.7683709636331 55.45531180500984 10.53115935623646 624.3081980794668 4.484755024313927 202.013692047447 12.84095923602581 534.5266857668757 128.40023393929 0.8079247921705246 71.31476456671953 16.05053051933646 0.08510258048772812 23.08256427943707 2.41992487385869 55.10418063029647 7.553892940282822 0 3.637923207134008 8.553101889789104 0.5119187943637371 1439.192848667502 193.1603518128395
436.8586174175143 1307.586398333311 1481.751363433897 74.65062439441681 914.2264160513878 17.8280463963747 644.7427792102098 631.4563260003924 174.1160771250725 281.7620346769691 3297.639596387744 6.913459628820419 2083.628587849438 624.2953156977892 7.281195998191833 1.274352870881557 3.545121014118195 0 0.09736637771129608 0.09000556915998459 1.374186128377914 0 0.3844045326113701 0.2348111122846603 5.131020374596119 2.808739557862282 0 1.045099101960659 0.1669707000255585 0 507.9729606583714 4.765009731054306 376.2958296537399 0 4.098292469978333 17.3212867602706 370.1254545599222 60.41499429196119 116.8499787300825 9.582337066531181 1.33048340678215 0.08369423449039459 0.1602271050214767 0.07780052721500397 0 0 43.21929183602333 0.5877690538764 0.06805755943059921 0.06780833005905151 0.3710365667939186 0 0.9484286829829216 0 1.547223828732967 0.7892590910196304 7.366413980722427 138.1486136391759 23.49029085785151 8.789042316377163 1.980803027749062 82.89176104217768 0.1326923817396164 1.298262394964695 0.6689703539013863 0.2709772326052189 0.4740065969526768 0.623474296182394 0.2245396301150322 0.9465313479304314 192.7028169557452 22.70256530493498 0 67.17960575222969 7.295293226838112 10.60600505024195 3.727358914911747 2.147938258945942 0.6592106968164444 427.6431389302015 0.8184745088219643 15.43080303817987 3.256220005452633 0.07591832429170609 0.1455365419387817 0.5779528245329857 0.3916963487863541 0.1953083425760269 0.2436734735965729 0 0.1005167663097382 0 0.2731572464108467 1.879383534193039 0 190.0444650575519 4.482973907142878 0.2897891998291016 7.603270351886749 207.2753528729081 0.239392526447773 5.694347813725471 5.705211631953716 0 1.65168658643961 1.86433132737875 9.162806920707226 12.65297028422356 17.23279576003551 31.80330765247345 4.090471543371677 75.6892454624176 46.98294301331043 62.30201549082994 159.5844255685806 2.54286128655076 0.8574352487921715 0.2720183283090591 1.28507824242115 0 0 0 0 0 0 0 0 0.4022079557180405 0 0 0 0 0 0 0.5142326951026917 0 0 0 0 37.774289265275 0.9083305075764656 26.60641388595104 2.293549440801144 0 0 0 0 0 0 0 0 1.183992326259613 2.20370726287365 0 0 0 0 0 0 0 0 0.08306662738323212 0.295567013323307 0 0 0 9.418543636798859 0.07796169072389603 0.09205897897481918 0 0 0 0 0 0 0 31.11560925096273 3.949622735381126 0 0 0 12.96999506652355 0 1.580221422016621 3.037684120237827 0.3910731188952923 1.59806889295578 0 1.842689573764801 0 0 0 0 0 0 0.1298487335443497 0 180.1341894418001 26.84429830312729 10.07761470973492 540.9599927663803 4.363566718995571 223.6820914894342 10.02293282002211 515.5725748836994 164.0686163678765 0.9226924553513527 60.34001940488815 9.20911143347621 0 10.42055955901742 1.428421296179295 16.12143796682358 3.56087901443243 0 1.11659174785018 7.066705070436001 0.1172845512628555 294.334061935544 40.06659992039204
0.526462510228157 0.6195164024829865 3.543238162994385 0 0.5254482105374336 0 0.2853116616606712 9.741583496332169 0.09033595025539398 0 3.377892732620239 0.9568910151720047 8.167232431471348 7.281195998191833 122.8119019009173 1048.356476731598 210.6071895435452 0.5505040735006332 26.79339172691107 0 0.4597457125782967 0 0 0.1845777481794357 0.1962921693921089 0.09055493772029877 0 0 0.1061639562249184 0 20.44437114521861 12.12151477858424 91.13685826212168 0.09192723035812378 0.5626072213053703 3.919796090573072 74.80060769617558 34.69921393319964 29.4766618385911 6.316329933702946 0 0.1095916926860809 2.758322902023792 174.2356556877494 23.6168892160058 30.25142055749893 75.30948565527797 5.043796867132187 4.584099404513836 3.249041453003883 0.7609787434339523 0.08235615491867065 0.1944431364536285 0.2149215042591095 0.7450565285980701 0.3301139697432518 60.40077718347311 19.07750830426812 22.79731069132686 58.08339211344719 78.12472238391638 164.9631091952324 11.90586104989052 7.237155757844448 0.5601349696516991 0.1681373305618763 1.414325710386038 5.167822472751141 0.3720426261425018 1.496386989951134 44.36902776360512 0.08156862109899521 0 426.7046830132604 134.9105834811926 306.7570937536657 91.88497637212276 215.1021956130862 36.25079175084829 56.36011100560427 45.68031778931618 246.9328956082463 2.584201816469431 0.1520285308361053 0.08879183977842331 0.5537330433726311 3.245169498026371 0.1260756701231003 0.1692813113331795 0.07939320802688599 0.5420329570770264 0 0.09884144365787506 0.2102626860141754 0 0.9970912337303162 3.977651409804821 0 7.793234519660473 1.08886593580246 0 0 0 0 0 0 0 0 0 0.06374447792768478 0 0 0.06524569541215897 0 0.06115881353616714 0 0 0 0 0 0 0 0 0 0 0 0 0.07015354186296463 0 0 0 0 0 0 0 0 0 0 0 0 0 0 0.08685196191072464 0.1817322820425034 0 0 0 0 0 0.1412589401006699 0 0 0 0 0 0 0 0 0 0 0 0 0 0 0 0 0 0 0 0.07573842257261276 0 0 0 0 0 0 0 0 0 0 0 0 0 0 0 0 0 0 0 0 0 0 0 0 0 0 0 0.171610601246357 0.1011299565434456 0.1829622313380241 5.725351020693779 0.8259910196065903 141.6414455920458 21.21498650312424 13.78315234556794 8.684101466089487 0.7122849375009537 2.229478895664215 0 0 0 0 0 0 0 0 1.934327363967896 0 23.87840371578932 0
0.1911335065960884 0.2130598500370979 2.533974811434746 0 0.1136202663183212 0 0.09781813621520996 2.778807066380978 0 0 0.9215349033474922 0 1.529083229601383 1.274352870881557 1048.356476731598 1386.058484949172 301.2023224830627 3.555016309022903 38.64434576034546 0.09982874989509583 0.2406080663204193 0 0 0 0.4198817759752274 0.222686767578125 0 0 1.001018881797791 0.09478450566530228 13.87985027953982 6.37315583974123 49.55512505024672 0.496690645813942 1.586742907762527 2.01766125112772 44.59335724264383 26.07687171548605 14.34806244075298 2.710118755698204 0.150410071015358 0.3058853223919868 18.21231379359961 718.1945138275623 129.1402630954981 78.68949696421623 231.7004759721458 28.36223778501153 20.43102204799652 16.24503728747368 3.61032398045063 0.3630554974079132 0.1841305941343307 0.09822455793619156 0.79688610881567 0.5615711733698845 0.5998585820198059 29.22788064926863 5.030843049287796 19.18845325708389 154.138345271349 149.8953277915716 12.14973735064268 20.4782634973526 0.7782605588436127 0.102965846657753 5.151784926652908 11.08502902835608 2.636551477015018 2.175557754933834 18.64740923047066 0.08985728025436401 0 74.40751262381673 53.57134751230478 1041.899680398405 560.4401627779007 1172.40449295193 38.93918299674988 18.29360415041447 643.5939339399338 352.4577197134495 4.883617617189884 0 0.5949345156550407 0.4963021874427795 18.51940263807774 0 0.4382652640342712 0 0.9474622085690498 0 0.8240219578146935 0.1476264297962189 0.2125413715839386 0.7351790145039558 2.409342683851719 0 3.996272243559361 0.3635856211185455 0 0 0 0 0 0 0 0 0 0 0 0 0 0 0 0 0 0 0 0 0 0 0 0 0 0 0 0 0 0 0 0 1.139898307621479 0 0 0 1.603410840034485 0 0 0 0 0.08192820101976395 1.701946198940277 0.6716087460517883 0 0 0.1963496208190918 0 0 0 0 0 0 0 0 0 1.776466965675354 0 0 0 0 0 0 0 0 0 0 0 0 0 0 0 0 0 0 0 0 0 0 0 0 0 0 0 0 0 0 0 0 0 0 0.1171410232782364 0 0.1044091433286667 0 0 0 0 3.408238887786865 0 19.05551479384303 1.695317402482033 353.1577267684042 92.23255453258753 15.1835932135582 8.435331121087074 0.7597581967711449 4.624286286532879 0.07389912009239197 1.260125637054443 0 0 0 0 0 0 0.4806933999061584 0 23.01144091039896 0
0.1680397465825081 0.5790515840053558 2.083861231803894 0 0.1872016042470932 0 0.1735735386610031 7.331716507673264 0 0 0.9043284803628922 0.208240881562233 3.686322897672653 3.545121014118195 210.6071895435452 301.2023224830627 49.55524639040232 523.4532970488071 160.3467629551888 199.9399146512151 35.25409615784883 0.1449160724878311 204.8683085516095 251.7924599945545 84.9902215898037 318.7728742137551 39.16002266854048 130.4985371828079 25.60207760334015 77.87803946435452 26.00319330766797 19.08385962992907 75.38460504263639 89.78462783247232 133.9896795973182 135.6274172961712 52.41567330807447 167.2255050055683 27.57587029784918 34.25510720163584 54.13068902492523 2.887798130512238 7.935636885464191 183.2344419807196 787.3608410581946 457.4732525870204 647.0022128112614 334.1609820649028 102.645958520472 309.8889672458172 10.18995456397533 0.1176361069083214 2.884480409324169 6.709897853434086 5.713483534753323 5.87855625897646 1.546982362866402 70.37410809099674 9.104595456272364 11.41497068107128 306.7905384972692 232.6828423440456 182.9298648163676 64.12224785238504 3.319072429090738 1.893748871982098 13.16612750291824 30.0237142816186 5.348225265741348 13.00300391763449 11.4923022761941 0 0 53.21940730512142 36.64408687502146 152.7425056435168 214.9340788945556 273.4672164022923 18.54464812576771 25.94494648650289 32.82829383015633 183.8359552025795 139.7278814129531 0.5018714964389801 2.132618255913258 3.066035851836205 109.2937039360404 0.3341371044516563 3.233470514416695 0.1898575574159622 0.9419523328542709 0.5171090513467789 2.605991423130035 4.901872597634792 0.5854935273528099 0.6124735698103905 1.280362717807293 0 4.568542420864105 0.3385372087359428 0 0 0 0 0 0 0 0 0 0 0 0 0 0 0.07134222239255905 0 0 0 0 0 0 0 0 0 0 0 0 0 0 0 0 0.203225702047348 0.1010603830218315 0 0 0 0 0 0 0 0 0.1737466603517532 0.08406133204698563 0 0 0 0 0 0 0.1010880768299103 0.1156829074025154 0 0 0 0 0.1089945733547211 0.304765522480011 0 0 0 0 0 0 0 0 0 0 0 0 0 0.1980607211589813 0.1310048550367355 0 0 0 0.09444651007652283 0 0 0.1046402975916862 0 0 0 0 0 0 0 0 0 0 0 0 0 0 0 0 0.1623724848031998 0 0.09157222509384155 0.09937692433595657 0 39.89113225415349 25.79864628612995 1583.157706584781 967.7085170596838 62.89234689623117 28.69868227094412 7.914480738341808 10.41337152570486 0 0 0.08297143131494522 0 0 0 0 0 4.653481960296631 0 56.5424012504518 0
