228.8913893811405 2557.734894409776 593.8872472196817 1415.998893693089 109.2166640385985 29.24018527567387 164.4700154215097 31.87923450767994 7.165377832949162 547.7898839637637 41.07671564817429 6.327072583138943 11.96120965480804 16.04355282336473 0.9347471445798874 0.06736551225185394 0 0 0 0 0 0 0 0 0 0 0 0 0 0 527.1371582746506 0.1045553982257843 0.6827017962932587 0 0 0 0.4071878045797348 0.09663454443216324 1.245638713240623 0 0.08380036801099777 0 0.1054830774664879 0.2251562774181366 0 0 8.841058619320393 0.7105460315942764 0.1581003367900848 0.06357149034738541 0.5591264963150024 0.2415259853005409 0.2107455730438232 0.1921659559011459 6.76251183450222 1.071189880371094 272.7060868144035 436.8311026468873 9.460539609193802 5.994404643774033 0.3247529491782188 4.678534656763077 0 11.91826750338078 0.7368537783622742 0.9425218924880028 0.5479259938001633 0.4803959578275681 0.09417267143726349 0.1361400261521339 11.70281468331814 6.095092460513115 0.3494071662425995 46.59667323157191 21.49155452847481 6.334621720016003 2.603887304663658 0.4206732735037804 0.06570589542388916 2.788678228855133 0 0.1382426023483276 4.428094416856766 0.3856421113014221 0.1783026307821274 1.465139202773571 0.1090924739837646 0 0.4809030517935753 0.1806249469518661 0.1426115185022354 0 0.2497440651059151 0 0 45.93941795825958 6.522370532155037 0.2670463621616364 1.02265590429306 660.5649030506611 0 0.8155842125415802 1.876790329813957 12.31721600145102 0.6006888896226883 0.3319641202688217 24.04220892488956 0.8120198845863342 3.706362038850784 6.854065433144569 0.5896302685141563 5.429087184369564 7.853273533284664 2.962712310254574 0.9449723064899445 0 0 0 0 0 0 0 0 0 0 0 0 0 0 0 0 0 0 0 0.4609796851873398 0.1660370156168938 0 0 0 0.09019468724727631 0 0.8176604360342026 0.09000447392463684 0 0 0 0 0 0 0 0 0 0.1491989344358444 0 0 0 0 0 0.1223991140723228 0.4170359373092651 0.07294879108667374 0 0.2589153051376343 0 0 0 0.3547110930085182 0.107827790081501 0 0 0.08906519412994385 0 0 0 0 0 0.8456689268350601 0 0 0 0 0.8204959034919739 0 0 0 0 0.0801367312669754 0 0 0 0 0 0 0 0 0 0 12.21430555731058 0.1046347394585609 0 385.0382992476225 1.829394929111004 78.75455476343632 7.454831525683403 248.1148642450571 7.464646391570568 0.4220069125294685 4.006238549947739 36.26967223733664 0 0.1487365216016769 0 37.05338482558727 0 0.3146101534366608 0.1632018536329269 0 0 32.09576926380396 0.7490880340337753
2557.734894409776 1662.274490661919 699.6675673425198 914.9460441358387 1233.79587283358 35.02895806729794 1109.132435213774 62.90352334082127 804.3785182163119 2369.865703701973 545.0624028407037 235.6043762341142 1030.595991887152 758.0044350661337 13.28314046561718 3.43016491830349 1.695817388594151 0.3302215784788132 0.1046858280897141 0.2423802837729454 0.4866973906755447 0 0 0.08135846257209778 0 0.2079935222864151 0 0.09256342053413391 0.2787743210792542 0.134600818157196 1705.388779014349 7.452462576329708 11.25493194907904 0.1754105389118195 0.1038088947534561 0.3345897793769836 9.584241446107626 0.8664567247033119 1.630000874400139 0.2551219910383224 0.4093325808644295 0 0.1829182058572769 1.242502063512802 0.2727413177490234 0.185200996696949 114.5503376871347 2.907895892858505 1.590386062860489 1.433368895202875 3.017418771982193 0.1628804206848145 0.226017639040947 0 21.82684763520956 5.552101209759712 517.3877955749631 854.0375298149884 58.44887503609061 51.83766254037619 2.941693600267172 3.51687178760767 0.3567791879177094 160.1838925331831 3.701246075332165 4.957275070250034 3.980694733560085 3.075703799724579 0.8708604499697685 0.6938087120652199 18.07777005434036 0.2217042744159698 0 330.8296233229339 235.5062436498702 108.2152758091688 35.91238334029913 4.429202102124691 2.361370466649532 26.03365102410316 1.772594772279263 4.580513034015894 20.645014539361 0.3443480730056763 1.505465112626553 6.128372829407454 1.727542839944363 0 1.60326873511076 0 1.081014052033424 0.5735040307044983 1.966458112001419 1.185952812433243 0.5277194455265999 99.14340981096029 5.497510574758053 0 4.096685208380222 1051.1245245561 0.08358821272850037 0.7510796934366226 2.959181360900402 1.57345537096262 2.060850709676743 2.881384417414665 14.89569815248251 1.915846258401871 4.867836460471153 21.2100316286087 5.056139387190342 21.29925238341093 27.98141435533762 23.44074437022209 8.761401042342186 0.192046731710434 0 0 0.0898170992732048 0 0 0 0 0 0 0 0 0 0 0.2111799418926239 0 0.09603121131658554 0.09165262430906296 0 3.979923434555531 1.144309185445309 0 0 0 3.242173478007317 1.376450881361961 7.89586179703474 2.406591646373272 1.372469112277031 0 0 0 0 0 0 0 0.113347589969635 0.1243691146373749 0 0 0 0.4779973328113556 0 0.08317363262176514 0 0.3946965038776398 0.2076389938592911 0.9499065726995468 0 0 1.008691191673279 2.67702816426754 0.7032686099410057 0 0.2200781852006912 0.4993638396263123 0 0 0.06895106285810471 0 0.4026993811130524 9.535738296806812 1.047872543334961 0.1813246011734009 0 0 5.261407278478146 0.07954214513301849 1.041766829788685 0.2014408186078072 2.114528849720955 0.6632139384746552 0.5977127254009247 0.1214442551136017 0.4670564532279968 0.2506977170705795 0 0 0.2170936465263367 0 0 0 26.58097682893276 2.491838499903679 2.619229093194008 586.1824955046177 11.97558952122927 496.6405989974737 55.19683425873518 485.7547067925334 64.67690134048462 2.613955907523632 43.05194582045078 21.38838455826044 0.4120328649878502 2.862019747495651 1.38733035326004 23.72578394412994 0.2081098109483719 0.563615508377552 0 4.223366156220436 0 100.5577286407351 5.089578688144684
593.8872472196817 699.6675673425198 920.4327436611056 77.53606316447258 450.9500174075365 6.017317682504654 34.29658304527402 1640.237616498023 166.2024923861027 643.3646537959576 2911.193948511034 263.5189835727215 393.8586739897728 959.2898797877133 26.54460658878088 16.19730723649263 4.824396133422852 0.7586574107408524 1.162351153790951 1.267769932746887 37.00665336847305 0 5.82793390005827 2.269217826426029 0.5634303912520409 1.659768380224705 0.2407597005367279 0.8867483288049698 0.3902785107493401 0.2024041041731834 3053.882004935294 201.8520452901721 63.76533016562462 1.959612093865871 2.161996774375439 8.035917192697525 38.54173250496387 8.076763443648815 3.410996742546558 0.3996454030275345 19.34238850325346 3.888259068131447 6.96724160015583 4.17958927154541 0.8732497170567513 1.516891196370125 102.4161521866918 8.88116804137826 3.979160539805889 25.7286070138216 6.874342143535614 0.1005371809005737 0.6706719174981117 2.580622881650925 10.85803177207708 3.135465934872627 379.7832141108811 1257.817158211023 35.30789453536272 31.85299477726221 29.62024667859077 126.8218231499195 1.912028826773167 316.3339549452066 3.408606499433517 10.76224438473582 6.726477101445198 30.00507172197104 41.51398754119873 50.1414588317275 71.89953992515802 3.283874742686749 0 218.8127183541656 289.7972084805369 125.909162234515 70.83801140636206 10.24639265611768 320.706312995404 1118.05554971844 12.50272449851036 439.0538099072874 11.6273111552 0.1893511712551117 4.135822519659996 3.222770981490612 19.68515009433031 0 1.662641584873199 0 2.203818656504154 0.630461797118187 72.21975006908178 8.734458409249783 0.8198191598057747 94.59634727984667 24.81384908407927 0.1161294057965279 4.666526883840561 334.6449735164642 1.019214674830437 0 4.46532192081213 1.652564957737923 3.988866224884987 1.477246813476086 20.1372953876853 4.077423639595509 6.422602564096451 26.759401217103 6.387472830712795 31.83959175646305 32.61468463391066 41.69843089580536 17.06012051552534 0.1051518768072128 0.1228582784533501 0 0 0 0 0 0 0 0 0.09168431162834167 0 0.1689062118530273 0.1811037510633469 0.7384564876556396 0 0.09521578252315521 0 0.1935753375291824 6.171984352171421 0.3409566506743431 0 1.655416712164879 0 6.937166884541512 2.172635816037655 11.23128686845303 2.577204920351505 0.2632994428277016 0.1137356460094452 0 0 0.0828573927283287 0 0 0 1.2944231107831 0.8263702541589737 0.08540748804807663 0.3986400663852692 0 1.849052004516125 0 0.1685650423169136 0.1261265277862549 0.2433554902672768 0.6036663949489594 0.7106279507279396 0 2.683535173535347 1.395376861095428 4.600304305553436 1.837622985243797 0 0.1947890967130661 0.2134713381528854 0 0 0.07768674939870834 0 0.0990995466709137 17.7852885723114 0.6388836354017258 0 0 0.5027817413210869 7.107625029981136 0 1.943205282092094 0.5233171731233597 1.399193927645683 1.012602545320988 0 0.8534052446484566 0 0 0.08187254518270493 0 0.06616294384002686 0.3484852463006973 0 0.08244767040014267 21.60895926505327 4.978531502187252 6.796313673257828 325.9100734442472 9.825935699045658 321.5679676234722 42.74000319093466 121.0174916163087 32.14921687543392 1.919789254665375 18.69454790651798 23.29434280097485 0.166164219379425 4.518108047544956 1.221987895667553 23.96599764376879 0.1813893616199493 0.4200418367981911 0.1457516998052597 1.934713877737522 0 58.29822650551796 3.55270729213953
1415.998893693089 914.9460441358387 77.53606316447258 157.5662737451494 163.5424964427948 158.9345628544688 392.5735386684537 14.8497072905302 8.959550581872463 818.0475911125541 14.65183267742395 2.619431257247925 84.74080570787191 18.84244285523891 0.7078144699335098 0.137450635433197 0.1136768013238907 0 0 0 0 0.1497582495212555 0 0 0 0.1785900145769119 0 0 0 0 114.5115577057004 0.4281507134437561 0.6650362908840179 0.2086683213710785 0 0 0.6506955400109291 0 0.2965381443500519 0 0 0 0 0.3864362984895706 0 0.1172134950757027 17.77558172494173 0.835406631231308 0.2553611546754837 0.2611928209662437 0.3689568415284157 0 0.160823866724968 0 4.568351365625858 1.01389042288065 175.3126656636596 210.8302228525281 10.76243168115616 6.297527603805065 0.8957532569766045 0.2204423025250435 0 20.54569415003061 1.254720881581306 0.7612383663654327 0.9872491657733917 0.4746185466647148 0.08546506613492966 0 7.709557980298996 0 0 64.45457096397877 34.93820330500603 12.17776219919324 3.033145554363728 0.3325447887182236 0.234603263437748 1.913746688514948 0.08781204372644424 0.4015287831425667 4.772528059780598 0.07896777242422104 0.07824080437421799 1.065594404935837 0.06452075392007828 0 0.09063677489757538 0.1198454052209854 0.4725299999117851 0 0 0.09724920988082886 0.07737365365028381 60.41674108803272 1.847443878650665 0.1634278446435928 1.649074509739876 479.8723303005099 0 3.636747673153877 0.9681784883141518 2.89016168564558 1.033093020319939 0.9840995967388153 25.96459075808525 0.6083599403500557 6.786204613745213 7.13717745244503 0.414101667702198 3.276351861655712 2.67539094388485 2.542818062007427 0.6475977152585983 0 0 0 0 0 0 0 0 0 0 0 0 0 0.1461526900529861 0 0 0 0 0 0.2508415877819061 0 0 0 0 0.2577637657523155 0 0.8156994581222534 0.9092298150062561 0.1184223145246506 0 0 0 0 0 0 0 0 0 0 0 0 0 0 0 0 0 0 0.106113962829113 0 0 0 0.1343611031770706 0.08729507774114609 0 0 0 0 0 0 0 0 0.5034544691443443 0 0 0 0 0.3923034220933914 0 0 0.333564281463623 0.1082203313708305 0 0 0 0 0.1814685687422752 0 0 0 0 0 0 8.375808037817478 0.2619097307324409 0.6211893260478973 291.525460600853 3.065666846930981 101.3156390115619 8.14629277586937 911.9306472316384 10.34375388175249 0.3873067274689674 3.074476569890976 21.91489792615175 0.08826491981744766 0 0 21.08117689192295 0 0.3470760062336922 0 0 0 41.18067783862352 0.4275903403759003
109.2166640385985 1233.79587283358 450.9500174075365 163.5424964427948 1072.66958077997 4.005507275462151 1257.741458430886 46.43682331591845 3578.934163916856 2908.951922796667 756.8004176430404 208.4329646155238 1744.588676825166 1844.968501657248 9.785530433058739 3.249362833797932 1.402970179915428 0.1029756739735603 0.1840986311435699 0 0.7427118346095085 0 0 0.1874796003103256 0.3392387256026268 0.08939675241708755 0.1106447875499725 0.1930317729711533 0 0 106.2124831229448 4.975755073130131 3.957404598593712 0.1759510934352875 0.08389264345169067 1.258165150880814 6.888611070811749 0.3806248977780342 0.6466832831501961 0.08665091544389725 0.197245255112648 0 0.169004499912262 0.7732057049870491 0.1702480018138885 0 70.22960851341486 1.233389027416706 0.7821979895234108 0.7127486765384674 0.3358226716518402 0 0.1702489852905273 0.0796852707862854 5.492928676307201 1.140904411673546 86.20678608119488 136.6364128775895 16.03456146270037 21.04209109395742 1.041059352457523 1.678936682641506 0.3660526871681213 59.15130259841681 0.6855604872107506 0.6712663471698761 1.159728944301605 0.9464530572295189 0.9219885244965553 0.5705378875136375 13.73065740615129 0.3437279015779495 0 104.4795625396073 78.82332239300013 66.69825942069292 28.53496988117695 1.996337108314037 1.247611671686172 29.85401787236333 0.6079382300376892 4.088804066181183 4.307515740394592 0 0.1327526569366455 1.049924723803997 0.563594825565815 0 0.2956596910953522 0 0.1745295524597168 0 0.9298572838306427 0 0.1711416766047478 85.14725781232119 4.90223490446806 0 2.972176253795624 27.93793112784624 1.301600709557533 0.08209490776062012 2.289101593196392 2.086869239807129 2.6700040102005 1.478314116597176 16.30599684268236 1.612521633505821 5.684852339327335 17.56728054583073 3.787134096026421 20.60477285087109 29.25225074589252 25.17469330132008 14.53371918201447 0.2463562339544296 0 0.08645746111869812 0.1720002889633179 0 0 0 0 0 0 0 0.1116915941238403 0 0 0.09497608244419098 0 0 0 0 1.737588845193386 0.7092588767409325 0 1.763229429721832 0 4.163086578249931 1.527807407081127 4.202273964881897 0.8456216081976891 0.5443460643291473 0.1108349189162254 0 0 0 0 0 0 0 0.7878563776612282 0 0 0 0.680836983025074 0 0 0 0.07186752557754517 0.1807733550667763 0.9526655301451683 0 0 0 3.487393207848072 0.9451195001602173 0.08171315491199493 0.07485529780387878 0 0.08033967018127441 0 0.09378792345523834 0 0 8.732942566275597 0.9391936957836151 0 0 0 4.597531758248806 0 1.170912131667137 0.2949531376361847 2.310494519770145 1.027459785342216 0 0.2438896596431732 0.3083774447441101 0 0 0 0.1716253459453583 0 0 0 22.64678725600243 2.973043255507946 1.881009511649609 335.3762444779277 3.946124106645584 228.2457230463624 34.78701365739107 63.48528493195772 35.26736661791801 0.5034093484282494 21.55716405808926 12.79633387178183 0.08109601587057114 1.948631450533867 0.4734629318118095 12.08366169780493 0.1880906671285629 0.08083866536617279 0 3.201724626123905 0 43.30105492472649 2.335727974772453
29.24018527567387 35.02895806729794 6.017317682504654 158.9345628544688 4.005507275462151 15.12217697501183 12.84420869499445 2.134692683815956 1.879916936159134 187.8120699226856 1.169173657894135 33.1375532373786 53.14652617275715 22.63366535305977 0 0 0 0 0 0 0 2.224383160471916 0 0 0 0 0.2371725291013718 0 0 0 15.11082091927528 0 4.547689944505692 0 0 0 4.603164047002792 0 3.218233272433281 0 0 0 0 0 0 0 0.1275770366191864 0 0 0 0 4.450756140053272 1.970926895737648 0 0 0.1288769841194153 34.82209818065166 1.706322655081749 0 0 0.436652272939682 0.2356933951377869 0 1.014739125967026 0 0 0.1227739378809929 0.1143132448196411 0 0 148.6757232695818 160.2219264954329 2.26272089779377 0.7129824459552765 0.4834404140710831 0 0 0.113032653927803 0 0.7470428645610809 0 0.1399170309305191 0 0.1094898357987404 0 0 0 0.6487970799207687 0.9283435940742493 1.710038989782333 0.1195444762706757 1.705351516604424 0 0.0948244035243988 0.1231869980692863 313.0244038626552 89.39171779155731 23.80419598519802 18.64399917423725 151.1463277935982 0.1036645099520683 6.619339272379875 7.685510873794556 7.494073644280434 3.368072830140591 1.237369008362293 108.9183395951986 4.016155660152435 12.62673550844193 25.95715559273958 1.604608424007893 15.5332296192646 36.73738876730204 18.48759163916111 2.177818618714809 0 0 0 0 0 0 0 0 0 0 0 0 0.08106203377246857 0.4683532267808914 0.3517389446496964 0 0.9001769348978996 0.5183142945170403 0.3313064947724342 0.7153490036725998 0.258150190114975 0 0 0 0.8369474112987518 0.1922198086977005 1.656262010335922 1.828804939985275 0.575751893222332 0 0 0 0 0 0 0 0 0.1014319285750389 0 0 0 2.45839262008667 0 0 0 0 0 0.322962649166584 0 0.1024720147252083 0.2371892631053925 0 1.039828725159168 0.1452176123857498 0 0 0 0 0 0 0 4.753274723887444 2.581441774964333 0 0.3880687355995178 0.1155270487070084 0.6074670478701591 0 0 0.1562370434403419 0.1432042121887207 0.09820239990949631 0 0.1069744080305099 0 0 0.1902085691690445 0 0 0 0 0 41.99585998803377 1.929237708449364 0.480995275080204 85.71872565150261 0.1085294634103775 3.269100785255432 0.4415892958641052 91.93648564815521 0.2068088203668594 0 0 56.62641669809818 0 1.402138449251652 0.2234645634889603 81.46139002591372 0 0 0 0 0 34.60395357012749 11.44037560373545
164.4700154215097 1109.132435213774 34.29658304527402 392.5735386684537 1257.741458430886 12.84420869499445 91.62256169319153 11.57939069718122 404.6116145253181 2147.504576824605 22.22946777567267 100.3189897835255 1719.921737082303 965.1644066721201 5.486780598759651 1.715009450912476 0.7226528525352478 0.2303663790225983 0.1170167475938797 0 0.6275913789868355 0 0.1226413920521736 0 0.0812670886516571 0 0 0 0 0.07341475784778595 46.94060628116131 0.8216485530138016 2.806529529392719 0.4835923165082932 0.09164238721132278 0.5832670256495476 5.060036450624466 0 0.09325788915157318 1.357434578239918 0.3934339359402657 0.2208826318383217 0 0.2991110235452652 0 0.305881954729557 46.64039008319378 0.7208331227302551 0.5719131603837013 0.324569009244442 0.7923901975154877 0.104107104241848 0.08612275123596191 0.1023971810936928 5.20384631305933 1.841502912342548 101.2502114698291 137.1001498661935 16.37910563498735 19.69217545539141 0.7561029568314552 1.329731993377209 0.1189869120717049 37.24672249704599 0.6414222866296768 0.552549235522747 1.187919110059738 0.686534009873867 0.3058656603097916 0.2895727381110191 11.55693417042494 0.7650607973337173 0 88.56886035203934 60.65183752030134 43.31232836842537 17.07038021087646 0.9415441006422043 0.7323026657104492 12.48210821300745 0.3548656441271305 1.557176969945431 5.092837944626808 0.2867511361837387 0 0.7582704499363899 0.312082014977932 0 0.4858408272266388 0 0.2826318293809891 0 0.3738483041524887 0.4109354987740517 0.2060755640268326 135.876442193985 3.35440431535244 0 1.618404000997543 55.80449817329645 1.505547918379307 3.846287347376347 27.77572257071733 7.736998431384563 4.223372712731361 13.73178488761187 28.4128303527832 51.77304811775684 12.99939320236444 59.85274805873632 6.186051599681377 21.60286907106638 33.06503111124039 27.28817638754845 8.584604620933533 0.08409155905246735 0 0 0 0 0 0 0 0 0 0 0 0.4948920458555222 0 0 0 0 0 0 4.576683215796947 0.5836306288838387 0 0.123114213347435 0 1.8802110850811 0.4568139612674713 4.164276838302612 2.951107561588287 0.5117851570248604 0 0.1635036915540695 0 0 0.1180176734924316 0.1228237599134445 0 0.902411513030529 1.420507617294788 0 0.09551449865102768 0 0 0 0.09205292165279388 0.2016085684299469 0.07235720008611679 1.238110147416592 2.086360178887844 0.1206033751368523 0.7320528030395508 0 1.593969851732254 2.17870557308197 0.4908251836895943 0.07484663277864456 0.08343458920717239 0 0 0 0 0 7.375251613557339 0.117953285574913 0 0 0.2046641930937767 3.144410185515881 0 0.8219938799738884 2.311301872134209 3.982908651232719 0.9787918850779533 0.2349177151918411 0.4034149125218391 0 0.1721082031726837 0 0 0 0 0 0 23.96419969946146 4.360773526132107 3.07191164791584 270.9463640898466 3.890871055424213 182.2504554018378 23.44699558615685 124.588633403182 30.50269190967083 0.2857576534152031 17.22158192098141 16.14930813014507 0 7.145840257406235 1.617481924593449 22.18023155629635 0.3517904058098793 0.09063603729009628 0.8947816342115402 1.194771900773048 0 51.85588119924068 4.151793874800205
31.87923450767994 62.90352334082127 1640.237616498023 14.8497072905302 46.43682331591845 2.134692683815956 11.57939069718122 986.4715679213405 49.13257532566786 258.6636827290058 1658.816090125591 105.6758114174008 139.4364555999637 579.6863573119044 30.29468397051096 21.57889052480459 7.836057096719742 1.361645981669426 1.772488512098789 1.493294134736061 19.87353291362524 0.1780174374580383 2.957260832190514 2.343640744686127 0.5554556325078011 1.176958844065666 0.2479770109057426 1.016732946038246 0.1321043819189072 0.07608350366353989 626.1126610971987 1048.460952401161 59.83933600783348 1.904767341911793 2.634202748537064 9.11245484650135 14.97686275094748 2.502901196479797 1.676332645118237 0.09679535776376724 12.41483265161514 2.870088197290897 10.65143179148436 51.16524776443839 3.156916096806526 5.635289207100868 115.4705682247877 7.835603326559067 5.024455070495605 20.59505198895931 3.801997050642967 0 0 1.393993735313416 5.887033045291901 1.582864128053188 129.8642561472952 285.29773337394 24.06956685706973 37.12669696286321 122.7635675519705 172.9865209050477 5.559377297759056 402.957500115037 1.589964218437672 5.001015543937683 3.827636994421482 15.75528662651777 31.62563273310661 42.28147166967392 23.21357655525208 0.9374594986438751 0 173.6734347119927 212.0407609418035 158.1131644584239 298.2238388136029 310.6418170556426 557.8224735185504 1625.907714851201 146.3735877871513 967.0084624700248 6.367999620735645 0.1020756140351295 2.144313655793667 1.918097127228975 15.22562804818153 0 0.3278181254863739 0 0.638362854719162 0.5651974827051163 52.04433864355087 5.193783298134804 1.145054347813129 30.22408694773912 7.438209779560566 0 1.972602911293507 15.36591922491789 0.6280690729618073 0.5199051722884178 1.68966568261385 0.2386034578084946 2.698197484016418 0.4716571941971779 9.200149103999138 1.55229876190424 1.745590686798096 11.2130928710103 3.372964076697826 7.522430613636971 12.80863554775715 12.40415457636118 7.649031080305576 0.2795335650444031 0 0 0 0 0 0 0.1018549129366875 0 0 0 0 0.2522086501121521 0.2503399252891541 0 0 0 0.2191112190485001 0.1407088041305542 1.763977088034153 0.5263340622186661 0 0.6608968079090118 0 2.655086643993855 1.120626196265221 4.243704289197922 1.736214958131313 0.7860724031925201 0.09518513083457947 0.09370347857475281 0 0 0 0 0 0.2703718543052673 0.2309938371181488 0 0 0 1.22173760086298 0 0.08166072517633438 0 0.1608594730496407 0.1484630703926086 0.568386435508728 0 0 0.4268002584576607 1.359520964324474 1.192865319550037 0 0.08312731236219406 0 0 0 0.1008279398083687 0 0 4.591320134699345 0.4618447422981262 0 0 0.3478820845484734 2.34193417429924 1.216747060418129 1.350173607468605 0.6964408159255981 2.178297735750675 0.1227850615978241 0 0.08865656703710556 0 0 0 0 0 0 0 0 10.50582610070705 2.511997990310192 1.84505083411932 321.7578067407012 8.516162127256393 312.5056126751006 44.6606317460537 39.79114101827145 41.61643057316542 1.158944547176361 24.46069473773241 10.73434384167194 0.2949612960219383 1.329043984413147 0.5424157306551933 6.685987889766693 0 0.1282381415367126 0 3.346115373075008 0 25.59074797481298 3.116973474621773
7.165377832949162 804.3785182163119 166.2024923861027 8.959550581872463 3578.934163916856 1.879916936159134 404.6116145253181 49.13257532566786 700.3067674711347 993.8363748714328 338.2738618180156 109.3035662174225 957.3855229318142 1123.951748281717 8.706903241574764 4.416754953563213 2.170412100851536 0 0.2216929197311401 0 0.4916703402996063 0 0 0 0 0 0 0 0 0 23.73920727521181 4.79729363322258 5.033155106008053 0 0 0.4115677028894424 2.001940958201885 0.7209168449044228 0.4061662778258324 0 0.422170102596283 0 0 0.09586673229932785 0 0 38.21061181277037 0.197239376604557 0.6256146728992462 0 0 0 0 0 0.84489656239748 0.3187729343771935 21.530706807971 27.80366192758083 5.403771042823792 9.345116503536701 0.09727846086025238 0.5674168020486832 0 15.92492837458849 0.1423397958278656 0.4501401782035828 0.147947333753109 0.8414237350225449 0.4014526456594467 0.306931771337986 14.26026683300734 1.550227269530296 0 36.83718214929104 22.92624738812447 38.11772049963474 14.25513426959515 0.4699753038585186 0.4495586454868317 24.93440455943346 0.186683289706707 1.047709062695503 1.735187157988548 0 0 0.2358855456113815 0.07263129204511642 0 0.1119092479348183 0 0 0 1.103308372199535 0.1003645062446594 0 85.95788587629795 2.222886241972446 0 1.026387482881546 6.21669140458107 0.6542565077543259 1.648376531898975 2.760189078748226 1.477858915925026 3.358458809554577 1.998330891132355 15.88195256888866 2.735234022140503 6.187337428331375 18.99442584067583 6.785264678299427 25.44750645756721 33.69986798614264 34.32199431955814 9.127740859985352 0.1910929977893829 0 0 0 0 0 0.1086057424545288 0 0 0 0 0 0 0 0 0 0 0 0 3.654056236147881 1.49297920614481 0 0.1887832581996918 0 6.200417779386044 2.221511855721474 7.025458067655563 1.234527245163918 0.5960335657000542 0.173075333237648 0 0 0 0 0 0 0.07309373468160629 0.9087568148970604 0 0 0 0.1230908036231995 0 0 0 0.07520905137062073 0.1113730445504189 1.007938362658024 0 0 0.5229151844978333 2.575889013707638 0 0.09215803444385529 0 0 0 0 0 0 0 10.13625304400921 0.2098090648651123 0 0 0.09833051264286041 5.080187484622002 0.1719735711812973 1.576234295964241 0.3558515310287476 4.028884291648865 0.7441432736814022 0 0.154831200838089 0 0.1121432259678841 0.1337710916996002 0 0.1475956737995148 0 0 0 24.69777063280344 1.520010568201542 1.72801934927702 179.3436233177781 1.649004556238651 103.0761125460267 17.83434183895588 22.97020496428013 17.86614298820496 0 9.648655630648136 12.11850377172232 0 1.43519402295351 0.2394942343235016 16.8411278501153 0.1883242279291153 0 0 1.178770259022713 0 39.07464681565762 4.502262108027935
547.7898839637637 2369.865703701973 643.3646537959576 818.0475911125541 2908.951922796667 187.8120699226856 2147.504576824605 258.6636827290058 993.8363748714328 1668.557666040957 406.9092918634415 847.7075941562653 6225.209342394024 743.7149191498756 15.1747540384531 5.506674632430077 2.031309835612774 0.390575647354126 0.2693939730525017 0.2081683725118637 0.4452564567327499 0 0 0.2619537711143494 0.424884244799614 0.2983975112438202 0.3036937713623047 0 0 0.1046870052814484 59.82007073611021 3.045998156070709 61.69233904778957 0 0.1079493910074234 0.3722258880734444 91.47788201272488 1.219997391104698 9.061451382935047 0.6874047815799713 0.1159177124500275 0 0.0942731648683548 0.725300706923008 0 0.2632320895791054 49.84368828684092 0.5786762088537216 0.2036844044923782 0.1499033346772194 0.1365136355161667 0.09771359711885452 1.095521323382854 0.3947217613458633 4.497224144637585 0.9004063606262207 71.99861168116331 76.12604892253876 12.29417423158884 16.33336032927036 0.9023304581642151 1.064811699092388 0.1444379985332489 15.50041458010674 0.3657759726047516 0.9344132319092751 0.2590565457940102 0.3610592633485794 0.358464315533638 0.317188024520874 341.5733546316624 1.653730675578117 0.2470067292451859 62.97398798912764 33.04884441196918 54.77139384299517 15.79841211438179 1.506269626319408 0.3018774464726448 42.89073788374662 0 0.2491126582026482 2.501670464873314 0.08241451531648636 0.3203057199716568 0.7375035732984543 0 0 0 0 0.08887166529893875 0 0.203970730304718 0.1313023567199707 0 614.8607027679682 127.333487868309 0.893470972776413 20.58061034977436 287.849648617208 5.180752865970135 9.656840652227402 27.57664692401886 51.82397682219744 21.24583721160889 35.53898993879557 204.7435185611248 20.34423178434372 69.05697180330753 215.9644236639142 26.08998744934797 175.279019959271 174.6592358648777 140.8152714297175 44.57853426784277 1.101521424949169 0.3698796257376671 0.1032077446579933 0 0 0 0 0.1701529622077942 0 0 0.09855978190898895 0 0.1717655062675476 0 0.6315797567367554 0 0 0 0 18.05211189389229 7.091124340891838 0 0.9251693487167358 0 19.72278737276793 9.828395828604698 37.13278954476118 11.64644536375999 2.003701500594616 0 0 0 0 0.2395474910736084 0.0825420618057251 0 1.674966931343079 1.700816921889782 0 0 0 1.00046843290329 0 0 0 0 1.709596745669842 7.482756704092026 0 2.853057622909546 3.093752503395081 13.05894213914871 3.945814818143845 0 0.2110863104462624 0.1584432423114777 0 0 0 0 0 52.19798623025417 4.2351164072752 0.1347205191850662 0 0 20.39110776782036 0.4501861035823822 5.070753999054432 1.747567638754845 8.325757510960102 2.198540523648262 0.237153671681881 0.2306197285652161 0 0 0.2213401645421982 0 0.1618668884038925 0 0 0 142.828665137291 18.45553008466959 19.3727589994669 842.7199744954705 8.472286365926266 208.5502940863371 45.68807584047318 644.027756460011 37.3735244050622 0.9929472804069519 31.45725550502539 123.990322984755 0 7.540047198534012 3.00893697142601 170.4327947646379 2.746099576354027 0.102402001619339 0.1281759291887283 5.617348313331604 0 276.6146978512406 21.91713462024927
41.07671564817429 545.0624028407037 2911.193948511034 14.65183267742395 756.8004176430404 1.169173657894135 22.22946777567267 1658.816090125591 338.2738618180156 406.9092918634415 1202.204177238047 329.0614191964269 1052.065499402583 1848.101643480361 55.54053971171379 34.24140849709511 8.83850984275341 0.9103339090943336 1.166133157908916 0.436416007578373 19.47988224774599 0 1.618840403854847 1.544787645339966 1.317352034151554 3.74721647053957 0.2925374507904053 1.299122832715511 0 0.1332262605428696 235.5881915390491 83.24819504469633 355.9929193109274 0.6026698723435402 2.002983793616295 12.686857085675 148.8714563325047 15.62555554509163 6.57611770182848 0.2418884783983231 13.98217376321554 1.362049967050552 1.098632052540779 2.977404378354549 0.20925372838974 0.2977765873074532 161.1009301170707 2.209965147078037 2.511223442852497 2.552458137273788 2.377803146839142 0.2284706607460976 1.767992414534092 1.421814359724522 3.49559161067009 0.8646564334630966 81.64041368290782 136.9482038021088 19.05511353909969 35.51889226958156 6.378737464547157 40.48264286667109 1.162025302648544 75.19626275449991 0.6273001730442047 3.626955859363079 2.300231583416462 8.463518306612968 14.23348570615053 14.40402678400278 84.40305811166763 2.478587739169598 0 139.0908730402589 105.2586559504271 180.09292203933 85.34413339197636 12.04373001307249 15.50173270702362 342.6757657080889 2.071613274514675 16.91700591892004 5.261456117033958 0.08796945959329605 0.7353090196847916 1.221917271614075 3.992050677537918 0 0.4883307218551636 0 0.497130811214447 0.2116947323083878 28.12624055892229 8.063350364565849 0.5488462671637535 61.97431699931622 12.27716407924891 0.1443501263856888 2.536784246563911 25.08463278412819 0.4949495047330856 0 4.157852649688721 2.511660851538181 3.665036246180534 1.815025992691517 15.39476603269577 3.830637618899345 5.873010016977787 24.29418871551752 6.879833549261093 28.41399250179529 34.81952558457851 39.58277170360088 20.40641491115093 0.6194837540388107 0.2460484355688095 0 0 0 0 0 0 0 0 0 0 1.017612844705582 0 0.1702371388673782 0.1910838484764099 0 0.2125378623604774 0 4.292744144797325 0.3695004656910896 0 0.3467671126127243 0 5.990019917488098 1.364230968058109 12.24903621524572 3.165084138512611 0.4946656823158264 0 0.194161668419838 0 0.1664628237485886 0 0.06870573759078979 0.1076085940003395 0.4520960599184036 0.9293734133243561 0 0 0.1026823073625565 1.195839568972588 0.1838760226964951 0 0 0.1535149216651917 0.4107136502861977 2.070466607809067 0 0 0.1081883609294891 5.230603627860546 1.793574586510658 0 0.08215852081775665 0 0.07936801016330719 0.09761340916156769 0.07607796788215637 0 0 12.40170132368803 0.5712417364120483 0 0 0.1169908419251442 7.071277908980846 0.4908618330955505 2.086708776652813 0.2568071857094765 3.973065599799156 1.236679144203663 0.1021375879645348 0 0 0.06970903277397156 0 0 0 0.3133753165602684 0 0 23.44715540856123 3.846594907343388 5.796816095709801 633.0941393077374 10.49553497135639 413.9899920001626 85.64965014904737 58.68122640997171 56.94140322506428 1.105630367994308 34.71943249553442 25.32021386921406 0.355434387922287 3.171582475304604 1.90790593624115 20.85779962688684 0.5505738854408264 0.1020100191235542 0 12.16149111092091 0 43.80735074728727 3.814360767602921
6.327072583138943 235.6043762341142 263.5189835727215 2.619431257247925 208.4329646155238 33.1375532373786 100.3189897835255 105.6758114174008 109.3035662174225 847.7075941562653 329.0614191964269 58.47954538464546 1068.541577704251 222.4155982062221 5.79710078984499 5.696523122489452 0.7141714692115784 0.1061346530914307 0 0.1045972257852554 1.502071231603622 0.176219716668129 0.2935154587030411 0 0.1014310643076897 0.1077101081609726 0.209299348294735 0.4923030138015747 0 0.08764389157295227 23.10375794768333 1.673617832362652 9.610441617667675 0 0.3396251946687698 3.261034145951271 30.16964553296566 0.8641606718301773 11.19282477349043 0.3422725796699524 1.954829946160316 0.6763989105820656 0 0.2394038662314415 0 0.3892392516136169 11.413195990026 0.3843571245670319 0 0.1637812778353691 0.4216457158327103 0.2538207620382309 2.120900273323059 0.3228570744395256 0.09824807196855545 0 5.84346330165863 7.349480234086514 1.016605906188488 1.894614957273006 1.46421255916357 3.87267293035984 0.8173065632581711 3.61981076747179 0.1674234420061111 0.3342462182044983 0.357002891600132 0.7762137055397034 2.05269942432642 1.665068618953228 66.92900841683149 14.54732072353363 0.2467391788959503 5.527760311961174 4.451528839766979 11.01674865186214 7.217235118150711 1.465938121080399 0.1047115474939346 5.796266369521618 0.213716447353363 3.909085169434547 0 0.1741532683372498 0 0 0.07588036358356476 0.1316803246736526 0.08262283354997635 0.3924980089068413 0 0.243369959294796 2.600028924643993 1.273944452404976 0.2197416722774506 465.7421675100923 46.03117920458317 3.989265114068985 15.7507526949048 21.00696837157011 3.365969620645046 0.9223074689507484 7.593352548778057 2.97019936144352 6.771048836410046 3.409728698432446 30.78502028435469 6.649657249450684 12.63847365230322 43.00247082859278 16.89513456076384 69.90614830702543 89.53287191689014 100.3021792843938 39.93701085448265 0.9703187718987465 0.3393317684531212 0.08854768425226212 0.08664380013942719 0 0 0 0.1060509458184242 0 0 0.0967191606760025 0 1.821886263787746 0.1169126853346825 0.3011393174529076 0 0.5691232681274414 0.09470666199922562 0.09751325845718384 8.63596884906292 1.631554864346981 0 0.1141379326581955 0.07987235486507416 12.51379356533289 4.343392997980118 22.43945713341236 8.63011122494936 2.992240071296692 0.1590679138898849 0 0 0 0.1478898078203201 0.2909484207630157 0 0.465141773223877 1.963432766497135 0 0.345259040594101 0 4.071826435625553 0 0 0.2114512622356415 0 0.9079783260822296 3.54227402806282 0 0.794220820069313 1.980630837380886 7.634205214679241 3.595496475696564 0 0 0 0.07915353775024414 0 0 0.09350623190402985 0.2273425608873367 39.60753688216209 2.964266709983349 0 0 0.1056958064436913 15.66642651706934 0.3164367899298668 3.637244693934917 2.126286599785089 6.369468860328197 3.045658208429813 1.203650936484337 0.6880598813295364 0 0 0.1176566779613495 0.1065186560153961 0.3391323909163475 0 0 0 64.21325998753309 11.96997741609812 12.49376410990953 80.41596986353397 2.936278089880943 31.09071572870016 8.334301367402077 20.93541534990072 3.53168947994709 0 1.736812196671963 25.72558787465096 0 6.040599584579468 1.452427700161934 22.47459016740322 1.567706398665905 0 0.6729626581072807 0.4777581095695496 0.5928595066070557 127.3164798617363 19.02976112812757
11.96120965480804 1030.595991887152 393.8586739897728 84.74080570787191 1744.588676825166 53.14652617275715 1719.921737082303 139.4364555999637 957.3855229318142 6225.209342394024 1052.065499402583 1068.541577704251 978.0678104311228 2403.024323530495 32.7444788813591 34.77734671533108 4.001188211143017 0.8495735228061676 0.6462547183036804 0.1140070781111717 9.385452285408974 4.352425917983055 1.56571951508522 0.807640478014946 2.297673478722572 3.330930389463902 2.399131029844284 1.709095664322376 1.730592109262943 1.186943672597408 33.69456308335066 7.315125241875648 240.5012894421816 0.3687916323542595 2.382862336933613 17.06049167364836 275.7242716476321 28.22095119953156 44.48139625787735 1.7129832431674 17.35426700860262 3.418951012194157 0.1617781668901443 3.004279956221581 0.1161381378769875 0.276995562016964 51.3083763718605 1.325939238071442 0.6551974341273308 1.255245238542557 2.223199918866158 0.9040072411298752 19.74265880137682 4.148873627185822 0.8155484646558762 0 17.25563906878233 23.57333363592625 4.750300846993923 8.747766628861427 12.17077376693487 46.87216651439667 1.581424780189991 17.25534930825233 0.08891964703798294 1.039897784590721 0.440273605287075 2.843221321702003 5.28740119934082 7.267758026719093 380.7159231379628 26.97129517048597 0.4183897525072098 25.57329687476158 15.02274020761251 49.42649207264185 26.48647873103619 6.274859122931957 0.1872318908572197 58.19160414487123 2.596134282648563 14.83601737767458 0.9695215746760368 0.1011916249990463 0.1746422126889229 0.1557379141449928 1.450291313230991 0.0842292308807373 0.3326414674520493 0.7932136282324791 0.175617977976799 0.8313679099082947 14.89789687842131 9.17852908372879 2.521739736199379 1861.598485790193 26.31863061338663 4.972975552082062 21.3911729902029 31.42335468530655 7.680784344673157 5.73840307444334 22.00024992227554 12.63708139955997 18.32065740227699 15.54274802654982 108.978614769876 18.70253900438547 33.73050656914711 132.0421377643943 51.05395878106356 182.6773674115539 225.0048877075315 264.8984854221344 108.993263438344 1.652374610304832 0.6009762734174728 0.6905777603387833 0.7134286984801292 0 0 0 0.2147135734558105 0 0 0.1048664972186089 0.5562288761138916 3.206228137016296 0.1993927583098412 1.867908284068108 0.105462484061718 1.608380101621151 0.908514991402626 0.7564666867256165 26.4627954736352 5.851717904210091 0 3.164989173412323 0.4776008352637291 33.0508581250906 11.98585699498653 64.52560573816299 30.83452782779932 10.37329543381929 0.3868759572505951 0.09448830783367157 0.1203921809792519 0.4759844243526459 0.2826186418533325 0.6834308430552483 0.09697766602039337 2.463807113468647 4.162718459963799 0 0.2758141905069351 0.3797714114189148 17.15409453958273 0.4666654318571091 0.1227787733078003 0.2419459000229836 0 3.377988833934069 9.444456949830055 0.6230394691228867 3.199386529624462 4.217687338590622 19.46660873293877 8.582139432430267 0.8842580169439316 0.2679094672203064 0.1074130684137344 0.2374697029590607 0 0.0845206081867218 0.08721211552619934 0.6541509702801704 96.40918370336294 7.369294002652168 1.048823341727257 0.1322364807128906 0.3802447617053986 43.90765032917261 0.8167081773281097 10.02196848392487 4.381852276623249 15.84415398538113 5.568251505494118 2.121845826506615 2.347978144884109 0 0.2467202767729759 0.1056447401642799 0.1540570557117462 0.3177008330821991 0.3213792815804482 0.2806873843073845 0.08534543961286545 168.8362153097987 27.8841472491622 28.1269897595048 336.9838687777519 9.01362594217062 126.5365887731314 38.96246126294136 59.46313314139843 12.67647165805101 0.2513652145862579 9.667585849761963 81.67297191172838 0.4200367853045464 17.63698807358742 3.538795948028564 92.18516118079424 2.180281721055508 0 1.903398618102074 4.623550333082676 0.4483298361301422 305.7884397283196 52.15655032545328
