225.626086987555 2961.441858589649 372.7651088982821 741.2820089384913 226.20821839571 23.89174994826317 2307.229829229414 19.85445377230644 199.6881789565086 2337.378509841859 100.0022119060159 625.4534157067537 1022.180661141872 179.5297622531652 4.436274312436581 1.926560655236244 0.2286656275391579 0 0 0 0 0 0 0 0.1287330985069275 0 0 0 0 0 963.0456414446235 8.345224000513554 55.7455999404192 0 0 0 8.695199221372604 3.002469420433044 1.602209344506264 0.7026145532727242 0 0 0 0 0 0.3499820381402969 11.09167604893446 0 0 0 0 0.4958817809820175 0 0 1.560485705733299 1.980451017618179 103.3848265260458 744.7403914928436 58.77111878991127 3.10864133387804 0.9547794833779335 0 0 128.3593724742532 1.009126380085945 0.2062399536371231 0.2753999456763268 0 0 0 29.11181326210499 1.329393267631531 0 119.4149676635861 130.6694768369198 35.58731079101562 8.28666415065527 1.0948226749897 0.5849425494670868 8.818244278430939 0 0.3407240211963654 2.424427054822445 0 1.273040167987347 0.4917225688695908 0 0 0 0.1238391548395157 0.0935799703001976 0 0 0 0 49.46240095794201 16.14498951286077 0 6.178247556090355 956.5481310263276 0.8036477267742157 29.99906191974878 29.06791254878044 10.3875747397542 44.37438312917948 16.32602757960558 6.778234474360943 104.1379422470927 22.54653847962618 20.51594406366348 64.78144824504852 79.43282222747803 19.58104737102985 49.73218601942062 67.74186870455742 0.2074612975120544 0 0 0.09862136095762253 0 0 0 0 0 0 0 0 0 0 0 0 0 0 0 18.27910797297955 7.686032332479954 0 0 0 15.23270636051893 0 7.653859421610832 1.919647127389908 0 0 0 0 0 0.1308797746896744 0 0 0.2558929547667503 0.2870429754257202 2.325476408004761 0 0.1201530694961548 0 0 0.1309981644153595 0 0 1.316021248698235 2.370189532637596 1.758847296237946 0 0 11.54766151309013 2.846954017877579 0 1.224755167961121 0 0 0 0 0 0 21.84903936088085 2.904722720384598 0 0 0 16.80032003670931 0 12.20234155654907 0 1.839861422777176 0.2788636758923531 0 0.1081001758575439 0 0.4283720254898071 0 2.263430595397949 0 0 0 0 17.92907432466745 7.003140762448311 6.014553055167198 131.8054901883006 5.400602951645851 18.92175175249577 8.518490202724934 493.6068830639124 3.384011030197144 1.438227869570255 4.652964048087597 10.86261714994907 5.540178775787354 2.090580061078072 0.6306490451097488 135.2446312308311 0.2128144204616547 0.09980535507202148 0 0 0.09486699104309082 194.8244937881827 48.18164917081594
2961.441858589649 1929.9936792925 1577.11652110517 403.2361024618149 1243.101098947227 40.53714188933372 1844.016308218241 164.5212992355227 1588.012597896159 197.1949437782168 811.0198516696692 38.86277875304222 847.2039326280355 469.9898005500436 29.14190958440304 8.836482860147953 0.7134963348507881 0 0 0 0 0 0.1557068675756454 0 0.5148453861474991 0.1536154896020889 0.1597638577222824 0 0.08452661335468292 0 2009.155631706119 54.25436025857925 89.31450273841619 0.218732550740242 0.9267997592687607 0 16.25319325178862 3.071037441492081 1.958481103181839 2.204672940075397 0 0 0 0.9405563920736313 0 1.211928389966488 134.5673435106874 0.7689341902732849 0.2712124586105347 0.1103102043271065 0.4192634373903275 0 0.113589234650135 0.1125004664063454 7.127616316080093 9.675301752984524 71.75324074178934 628.4346306324005 77.49363300204277 34.39606250077486 1.717717550694942 2.55594639480114 0.2997553646564484 347.4951384365559 4.223786145448685 1.34747763723135 1.092133939266205 0.2417343407869339 0.1267446875572205 0 92.53861548751593 2.540012836456299 0 204.3595420196652 436.8282849937677 234.8681457936764 99.3968221694231 6.50617229193449 3.112745091319084 56.71936525404453 0.840459942817688 1.830746099352837 12.06681201606989 0 4.042256876826286 4.406604267656803 0.1724547669291496 0 1.0494419708848 0 0.2978870868682861 0 0.1308523118495941 0 0.3098237663507462 72.01781611144543 36.37816515564919 0 16.43227395415306 518.9376039132476 6.522457785904408 11.35748724639416 27.60902158915997 9.353197492659092 64.98824939131737 14.80090863257647 5.657202355563641 82.47474412620068 17.8714614957571 23.54776032269001 57.66558393836021 106.2323247566819 34.15956608206034 86.89271191507578 164.1886006891727 0.4344823509454727 0.5966074466705322 0 0 0 0 0 0 0 0 0 0 0 0 0 0 0.1018653884530067 0.448756605386734 0 47.0626487582922 17.4036980420351 0.8593521118164062 0.1139127388596535 0 33.18571169674397 0.5656070411205292 26.71094078570604 6.608899332582951 0.7521695196628571 0 0 0 0.279049277305603 0.5461169555783272 0.3576777130365372 0 3.639572516083717 1.504772797226906 0.1492314338684082 0 0 0.3569101616740227 0.4326944053173065 0 0.8642041683197021 0 2.531460627913475 4.017442837357521 0 0.7819424420595169 0.4040164947509766 22.36272470653057 1.098393961787224 0 0 0.133719190955162 0 0 0 0 0 78.37142197042704 7.872988075017929 0 0 0.682585597038269 37.66830012202263 0 19.33899782598019 5.135270163416862 6.08725718408823 1.198184743523598 0.7013060748577118 0.4506518617272377 0 0 0.100332148373127 0 0.2306070327758789 0 0 0 52.80902227014303 30.16286659240723 17.75749016553164 243.7351818308234 6.283562369644642 120.6013003587723 39.31712125241756 756.8837625905871 25.42399730533361 6.406866110861301 23.29566735029221 17.3424604460597 0.9445739090442657 7.89056758582592 1.831658408045769 87.22639293223619 1.49971804022789 0.3079532161355019 0.6062447875738144 0.6672449558973312 0.2817413508892059 335.5664993152022 88.15734535455704
372.7651088982821 1577.11652110517 451.3519367277622 13.15240975469351 379.8130095601082 3.096682958304882 302.2613046467304 1947.272697485983 1169.965261057019 16.18636242300272 2289.602938875556 29.88232129067183 240.2192339152098 1203.186019413173 11.85574749857187 3.735474176704884 1.011404372751713 0 0 0.1627403497695923 0.3313083499670029 0 0.6311727613210678 0 0.3431929051876068 0 0.0995519608259201 0.08162996172904968 0 0.1107409670948982 3246.078541211784 137.7797877639532 37.61047132313251 0.4884733110666275 1.104058355093002 1.543764650821686 22.37857814133167 3.155448831617832 2.812672421336174 0.604252777993679 0 0 0 0.3590633198618889 0 1.235945850610733 61.81635650992393 0.3138899728655815 0 0.09086111932992935 1.563239857554436 0 0.5112316310405731 0 3.033215560019016 4.738141141831875 29.86543525755405 409.0594096556306 34.10405146330595 15.38161157816648 1.600875861942768 3.823841914534569 0.2514685541391373 329.8321236073971 3.61662957072258 0.9716590419411659 0.7828716114163399 0.1161859482526779 0.5853211507201195 0 160.3400665298104 2.932880505919456 0 88.8301050439477 318.5420996621251 111.8034658804536 61.14049769937992 6.643855400383472 82.00326502323151 469.3160246834159 0.3370800986886024 57.90226418524981 4.547378428280354 0 2.088095031678677 2.373315662145615 0.1149834468960762 0 0.6361702382564545 0 0 0 0.3924073278903961 0.4623638167977333 0.2075871080160141 70.97502067685127 50.84618610143661 0.2599229216575623 16.66848603636026 293.4805065691471 4.19061191380024 4.745843648910522 10.22893249988556 1.910096168518066 20.59432025253773 1.495515167713165 0.6451914012432098 20.84187081456184 2.568551667034626 11.79781997948885 17.27108205854893 29.6981358975172 15.47705529630184 47.37710569053888 92.32030785083771 0.3386119604110718 0.586860403418541 0 0.2560715228319168 0 0 0.2520049810409546 0 0.1445959657430649 0 0 0 0 0 0 0.2521422803401947 0.1936177611351013 0.116147369146347 0 36.25894083082676 7.361246675252914 0 0.09879970550537109 0 35.59429193288088 0.151980847120285 26.5192426815629 7.815739266574383 1.293315105140209 0 0 0 0 0.8954888582229614 0.3004147708415985 0 1.92055556178093 2.435799121856689 0 0 0 0.1058253422379494 0 0.3192487359046936 0 0 1.291684955358505 6.06620055437088 0 0 0.2391993701457977 23.0685732960701 1.065867058932781 0 0 0 0.1009901240468025 0.1000362038612366 0 0 0 63.85049540549517 1.686481609940529 0 0 0 30.18286810815334 0.5675172805786133 17.14011044800282 4.644765190780163 5.192466303706169 1.497743546962738 0.1647427678108215 1.195640042424202 0 0 0 0 0 0.1111471876502037 0 0 23.49568925052881 33.01368033140898 15.19146884977818 92.19181229919195 4.352737300097942 51.38078754395247 18.55994214862585 99.14732749015093 13.44111696630716 0.5797601342201233 9.329109825193882 13.44079123437405 0.09905938059091568 4.918270751833916 1.858147829771042 18.175671428442 0.4487869441509247 0.1210252493619919 0.6642396450042725 0 0.4985859394073486 43.17843504995108 34.13491711765528
741.2820089384913 403.2361024618149 13.15240975469351 210.0831649303436 22.47792794555426 51.2583535015583 1555.973930492997 1.690983161330223 10.49819985032082 383.2086754888296 6.152521654963493 599.4433818906546 1219.45069386065 137.6380779594183 1.350915297865868 1.47554299980402 0 0 0 0 0 0 0 0 0 0 0 0 0 0 93.43131696432829 3.196092523634434 87.83397746831179 0 0 0 8.381678953766823 0 0 0 0 0 0 0 0 0 3.694028653204441 0 0 0.1549938768148422 0 0 0 0 0.1220040395855904 0.2318081334233284 9.249129265546799 44.06454908847809 7.745809108018875 0.4455115646123886 0 0.7856477200984955 0 14.10376904159784 0 0 0 0 0.1302431970834732 0 19.20510856807232 0 0 12.12091251462698 13.70393528044224 7.56794273853302 3.323999643325806 0.3400315791368484 0 0.1551285237073898 0.4335777461528778 0.4772249013185501 0.3850123658776283 0 0.1133011877536774 0.08966071158647537 0 0 0 0 0.1093211844563484 0 0 0 0 49.0535489320755 4.080675393342972 0 0.6937594041228294 168.7601985707879 1.020090416073799 2.576382674276829 17.38302175700665 0.8631738945841789 7.525184512138367 4.584939382970333 1.617950513958931 12.07748021930456 5.986406080424786 4.259624406695366 8.989969164133072 12.70827191323042 3.82736437022686 10.17948500066996 12.62767297029495 0 0.1410272717475891 0 0 0 0 0 0 0 0 0 0 0 0 0 0 0 0.1710873693227768 0 2.935404874384403 1.917624957859516 0 0 0 2.608249425888062 0 1.00417298078537 0.2613008096814156 0 0 0 0 0 0 0 0 0.4607879370450974 0 0 0 0 0 0 0 0 0 0.08894714713096619 0.08895886689424515 0 0 0 0.8214463591575623 0.5529040694236755 0 0 0 0 0 0 0 0 4.89357402920723 0 0 0 0 1.302363634109497 0 0.7100965678691864 0.1753121092915535 0.1651252210140228 0.4610420688986778 0.23357043415308 0 0 0 0 0 0 0 0 0 5.460477560758591 0.939505323767662 0.8526390492916107 10.31118939816952 0.1252976506948471 5.147424630820751 1.450622491538525 256.3002734556794 1.771359592676163 0 1.287044689059258 1.067150816321373 0 1.066669598221779 0.1154825091362 11.18814408034086 0 0 0 0 0 109.7919457778335 12.89617423713207
226.20821839571 1243.101098947227 379.8130095601082 22.47792794555426 684.6560340747237 9.054739110171795 2233.821678884327 84.46297424286604 1738.68022621423 72.17618995904922 766.0449289828539 13.91120308637619 619.2857131808996 282.7735978811979 11.79771762341261 5.486391618847847 0.9320885539054871 0 0 0 0 0 0 0.1404881030321121 0 0 0 0 0 0 246.9500229135156 27.2126784697175 14.00336612761021 0 0 0 1.718197107315063 0.2281395196914673 0.8409799709916115 0.4233606532216072 0 0 0 0.3422523960471153 0 0 57.27240173518658 0.3483061566948891 0 0 0 0 0.2114071995019913 0 2.631847210228443 4.87102997303009 15.66568073630333 97.74198712408543 16.39268353581429 11.67838852107525 0.1252347528934479 0.754013329744339 0 69.80404186993837 1.698845118284225 1.025998570024967 0.3182225599884987 0.3347995281219482 0.4478609338402748 0 15.23349179327488 0 0 43.18468094617128 104.717617854476 93.86254082620144 48.58379563689232 2.868924885988235 2.4818444699049 4.268056713044643 0.1769957542419434 0.627309188246727 4.797274723649025 0.08840505033731461 1.30889156460762 1.922360219061375 0.09232085198163986 0 0.298623651266098 0 0.3077585771679878 0 0 0 0.299570769071579 33.63853125274181 4.670779019594193 0 2.148912087082863 35.70956899225712 1.82440423220396 2.133869238197803 11.41890653967857 4.65245421230793 24.69707695394754 4.438536182045937 2.803129956126213 39.81040962785482 8.95480502396822 13.18770650029182 37.92524753510952 47.79665035009384 21.34755565226078 52.80471385270357 86.57756450027227 0 0 0 0.1839205920696259 0 0 0 0 0 0 0 0 0 0 0 0 0 0 0 14.19180448353291 8.352320037782192 0 0 0 19.18791524320841 0.847692459821701 7.281550981104374 1.568953603506088 0.119300402700901 0 0 0 0 0 0 0 1.140404805541039 0.5132420808076859 0 0 0.1924555152654648 0 0 0 0.1220210269093513 0 1.295308694243431 1.518301621079445 0 0.1708182096481323 0 4.805047392845154 0.745755061507225 0 0 0 0 0 0 0 0 36.78577693551779 0.1684510707855225 0 0 0 18.96219359338284 0 9.367076098918915 0.7529488876461983 1.003242328763008 0.7038411572575569 0 0 0 0 0 0 0.2605048716068268 0 0 0 33.54280232638121 11.08710902184248 6.143569998443127 104.5949802398682 2.504524983465672 58.94419803470373 16.90445753186941 109.8588182628155 16.02258537709713 0.8707367330789566 12.43813019990921 8.984972558915615 0.3627315759658813 2.635088950395584 1.53174290060997 12.08316996693611 0.4128865599632263 0 0 0.7210259288549423 0 123.8040284141898 48.6851312071085
23.89174994826317 40.53714188933372 3.096682958304882 51.2583535015583 9.054739110171795 0 99.33614414930344 0.4998201578855515 11.47055464237928 463.7568885609508 2.622059427201748 170.1789271458983 225.611893415451 54.28866782039404 0.5398197993636131 0.673044852912426 0.4860584139823914 0 0 0.2579191029071808 0.1701853424310684 3.587206527590752 0.3698069155216217 3.813268765807152 0 0 0 0.7890303730964661 0.1864523142576218 0 16.03025986254215 2.03231306374073 21.64817966520786 0.8194432929158211 0 0.1717467904090881 11.03264881670475 0.4820846021175385 2.348278805613518 0.2697731256484985 0 0.2101426422595978 0 3.232458725571632 0.3753890544176102 1.269628375768661 1.718282416462898 0 0.2732525765895844 0.4277523458003998 0 21.01541602611542 4.483467593789101 0.3511883914470673 0 1.499436780810356 105.4064307063818 4.026542499661446 2.164467871189117 0.1433009505271912 3.300643309950829 1.664074808359146 0.244800791144371 3.836191542446613 0 0 0 0 0.332474559545517 0.2297317236661911 339.4575458168983 269.7631852775812 15.83060519397259 3.082069396972656 3.601197950541973 1.191744476556778 2.405464313924313 1.311797052621841 0 14.04814091324806 0 4.662736058235168 0.1522421687841415 4.693116337060928 0 3.317136086523533 0 6.273413367569447 0.3011455684900284 14.74536502361298 0.4415827691555023 3.23889933526516 1.585733637213707 0 5.207634195685387 197.2810652405024 242.2277455031872 30.05366389453411 70.67646966874599 227.8489488363266 0 0 0.6363804489374161 1.129220962524414 0.7847810387611389 0.5189649164676666 0.4032060131430626 1.521009474992752 0 0.8404043316841125 0.5660158172249794 2.006910763680935 0.3263189718127251 1.356335483491421 3.224939316511154 0.1485835909843445 0 0 0 0 0 0 0 0 0 0 0 0.2447313666343689 0 0 0 0 0.4884426593780518 0 0.6916396915912628 0.620840311050415 0 0 0 2.943827293813229 0 2.164240345358849 2.63344894349575 0.5413466021418571 0 0 0 0 0.2652681469917297 0.1717788875102997 0 0 0 0 0 0 0.4047104567289352 0 0 0 0 0.7502308785915375 0.4734178483486176 0 0 0 1.51086488366127 0 0 0 0.1253986209630966 0 0 0 0 0 3.677774362266064 2.367308169603348 0 0 0 0.4536810517311096 0 2.926447868347168 0.7388174384832382 0.9305886030197144 0 0 0 0 0 0.1244133859872818 0 0 0.2426410615444183 0 0 0.6479653120040894 1.97976291179657 3.547390222549438 10.32375964522362 0.446778416633606 1.220314592123032 1.77528565376997 70.06153919547796 0 0 0.5643389374017715 1.711520358920097 0 1.628133222460747 0 2.513551637530327 0 0 0 0.4971692264080048 0 54.83168026804924 3.105780899524689
2307.229829229414 1844.016308218241 302.2613046467304 1555.973930492997 2233.821678884327 99.33614414930344 406.8104248195887 100.9968837201595 1692.849803388119 398.7144374251366 675.0126463919878 49.87655690312386 1558.955430403352 394.6200214475393 12.8451818600297 9.724906004965305 0.8820459693670273 0 0 0 0 0 0.1113247573375702 0 0.1305324882268906 0 0 0 0 0 340.7598996758461 27.541629165411 57.96185573935509 0 0.1286879777908325 0 7.926650807261467 0.213900238275528 0.9530491605401039 0.09044147282838821 0 0 0 0.4118778109550476 0 0.1548371315002441 58.79668638855219 0 0 0 0.08835352212190628 0 0.6763795241713524 0 2.17631821334362 3.759132646024227 32.96977274864912 175.6985767409205 25.98719560354948 12.82367723435163 0 0.731387123465538 0 98.65671108663082 1.775781840085983 0.8033732995390892 0 0.1265418380498886 0 0 27.92376573383808 0.279798723757267 0 66.51761385798454 121.4831493720412 88.70307904481888 50.46720515191555 5.459600143134594 3.795384794473648 19.48088973015547 0.1294228583574295 2.320743709802628 6.049540169537067 0 1.086785562336445 1.492228046059608 0 0 0.5974555164575577 0.1063323095440865 0 0 0.100686214864254 0 0 71.45401777327061 6.864934682846069 0.1014876961708069 1.698266685009003 191.3682170063257 5.957505956292152 15.37592925131321 68.51307509094477 20.42382024228573 63.91972084343433 34.65701039880514 9.165983632206917 122.5582266747952 25.29998071491718 32.03928315639496 83.13719538599253 156.2169345989823 50.43289363384247 121.5366500467062 144.5908304676414 0.1922239065170288 0.2669439539313316 0 0 0 0 0 0 0 0 0.381632536649704 0 0 0 0 0 0 0 0 35.20339032262564 12.51092894375324 0 0 0.1293519884347916 28.89119040966034 0.4095664620399475 10.75256884098053 2.144175864756107 0.09074023365974426 0 0 0 0 0 0.1149043813347816 0 2.293096639215946 2.342216975986958 0 0.1114827245473862 0 0.162112221121788 0 0.2568542659282684 0.4624236226081848 0.084279865026474 1.681807339191437 1.982750959694386 0 0 0.2305956482887268 13.49552150070667 1.196963906288147 0 0.2311825677752495 0 0 0 0 0 0 65.82301546633244 4.168465048074722 0 0.09617649018764496 0.2306869849562645 24.09033404290676 0 8.183004587888718 2.070368729531765 3.266259364783764 0.4177172183990479 0.1161075234413147 0 0.1479457914829254 0 0 0 0 0 0 0 73.88663348555565 13.7149066850543 8.02654755115509 130.8870400041342 3.597374744713306 63.57449690997601 19.49403254687786 556.0921797156334 14.63763199001551 1.070677854120731 20.17645066976547 7.889031119644642 1.94911003112793 6.306067623198032 1.097869023680687 42.8780450001359 0.1381117701530457 0.1018107980489731 0.4181892722845078 2.397657364606857 0.3256684541702271 446.4830456003547 136.167751096189
19.85445377230644 164.5212992355227 1947.272697485983 1.690983161330223 84.46297424286604 0.4998201578855515 100.9968837201595 1059.978652000427 698.776943847537 2.718457862734795 3104.591571822762 8.113390743732452 202.1880870386958 1549.928374901414 19.50974752008915 14.94743231683969 1.190962262451649 0 0 0.3665848523378372 0.2346382588148117 0 2.225546032190323 1.876459188759327 0.09176163375377655 0 0 0 0.1348043084144592 0 1160.469183012843 939.7384388297796 21.94754615426064 2.152143880724907 1.261615395545959 1.521105706691742 14.78314989060163 0.9333621859550476 1.206400044262409 0.6508824154734612 0 0.3156231492757797 0.2436201274394989 3.590057715773582 0.7252104133367538 0.5914927944540977 75.00024059414864 0.2171871662139893 0 0.09935969859361649 3.110299155116081 0 0.2716902047395706 0.3402300179004669 2.822819903492928 4.744149133563042 18.33208552747965 248.0545020326972 23.61779713630676 18.28793274611235 2.350417956709862 31.99558512866497 0.5956846624612808 390.1626173779368 1.853344798088074 0.7015322893857956 0.4839479327201843 0 1.970887683331966 0 46.68460983783007 0.4998220354318619 0 70.71078986674547 381.3577622324228 156.2430640533566 157.5403715446591 88.55373045802116 223.7551049143076 2160.702800184488 5.392997547984123 135.7412021756172 5.31665276736021 0 1.792458161711693 1.06358514726162 0.661715179681778 0 0.1991214230656624 0 0.08568330854177475 0 1.62359157204628 0.247864805161953 0.1357966661453247 38.52896501868963 12.13732424378395 0.1660350114107132 5.947467640042305 9.188323900103569 3.446902111172676 1.366616487503052 2.418259397149086 0.4132522940635681 6.348868012428284 0.3878149092197418 0 3.355438694357872 0.7515221759676933 5.139512926340103 5.861443988978863 7.468678258359432 5.550116337835789 16.06240278482437 34.29760865867138 0.2121385782957077 0.2148118317127228 0 0 0 0 0 0 0 0 0 0 0.1705577075481415 0 0.3327358365058899 0 0 0 0 10.92578762769699 2.677876695990562 0 0.1872403621673584 0.1420492976903915 11.02283388376236 0.3908942937850952 7.0626225695014 2.478980623185635 0.2443214952945709 0 0 0 0 0 0 0 1.479104593396187 0.2799688875675201 0 0 0 0.1100809276103973 0.1435339152812958 0 0 0 0.5413810014724731 0.4409092664718628 0 0.4437859952449799 0.3476226627826691 9.564826980233192 0.5829981565475464 0 0 0 0 0.4086526334285736 0 0.1236988231539726 0 22.63776718825102 0.5260383933782578 0 0 0 11.11563831567764 0 6.003120988607407 0.09149579703807831 2.245266057550907 0.513449639081955 0.6056081652641296 0 0 0 0 0 0 0 0 0 20.37688484042883 16.84480344504118 7.199844732880592 100.522559478879 4.492663025856018 65.61529435962439 18.39619822055101 26.25224733352661 16.32262641191483 0.45628722012043 24.50408276170492 4.807987987995148 0.2454476654529572 2.139956623315811 1.119430363178253 7.317714191973209 0 0.1811237186193466 0 0.7516836673021317 0 22.89298544824123 9.755004785954952
199.6881789565086 1588.012597896159 1169.965261057019 10.49819985032082 1738.68022621423 11.47055464237928 1692.849803388119 698.776943847537 829.4551084041595 108.9091977328062 1524.933738976717 5.251727491617203 2783.873085319996 539.3852937892079 12.94059308618307 7.270269051194191 0.4970143586397171 0 0 0 0 0 0 0 0.4428935647010803 0 0 0 0 0 493.7243939712644 35.97672044485807 8.635980844497681 0 0 0 3.469034925103188 0.2191489189863205 0.1094229817390442 0 0 0 0 0.6312111392617226 0 0.1448356062173843 37.64814331382513 0.1342224627733231 0.2301769852638245 0 0.15459044277668 0 0.1418088227510452 0 2.134425647556782 1.874240338802338 8.069509238004684 65.51509997993708 11.21643295139074 6.183402813971043 0 0 0 51.90480703115463 1.205364339053631 0.3106185272336006 0.23321133852005 0 0.1224213317036629 0 13.97036635875702 1.283895075321198 0 29.62857829034328 63.13601175695658 56.56447543948889 37.74889273196459 2.642612256109715 3.71708270162344 27.89330506324768 0 1.583520352840424 2.111359566450119 0.09865403920412064 0.5225999280810356 0.7009803876280785 0.2170674204826355 0 0.222318209707737 0 0.0784793496131897 0 0 0 0 46.44699810445309 5.1220872849226 0 0.6536413952708244 37.81909838318825 3.081714533269405 4.676690585911274 21.534872405231 3.508280642330647 41.83539785444736 8.399193532764912 3.888231515884399 53.1378952935338 9.101188138127327 18.53966706991196 40.97634257376194 66.11838205903769 28.2796875461936 76.82355804741383 105.5308907032013 0 0 0 0 0 0 0 0 0 0 0 0 0 0 0 0 0 0.1569522023200989 0 17.0830921754241 6.098454862833023 0 0.1335916519165039 0 20.2982517555356 0 9.302806600928307 2.349460750818253 0.2914530634880066 0 0 0 0 0 0 0 0.5781302005052567 0.8960814699530602 0.09940328449010849 0 0 0 0 0 0 0 0.4857377409934998 0.3485221266746521 0 0 0 9.83344429731369 1.948866754770279 0 0 0 0 0 0 0 0 49.79146440327168 0.5975012481212616 0 0 0.1544033288955688 21.99823175370693 0.244333803653717 10.16648769378662 0.8188858032226562 1.323905557394028 0.3584584444761276 0.1662310808897018 0 0 0 0 0 0 0 0 0 64.5663004592061 14.88857942074537 7.001149989664555 90.06458278000355 1.82760263979435 42.4862764775753 15.71618436276913 115.114187926054 14.71165001392365 0.276341438293457 20.21878734230995 7.752576544880867 0 2.687373757362366 1.533242337405682 18.27324771881104 0.5387007743120193 0.1138206794857979 0.6084294021129608 0.8676356077194214 0.1640421748161316 185.0623459517956 67.19964431226254
2337.378509841859 197.1949437782168 16.18636242300272 383.2086754888296 72.17618995904922 463.7568885609508 398.7144374251366 2.718457862734795 108.9091977328062 164.5199076607823 61.79366892576218 527.7667698860168 4332.952865503728 343.3983495756984 1.056176654994488 2.535215459764004 0.254074715077877 0 0 0 0 0 0 0 0 0 0 0 0 0 72.10482001304626 2.729322627186775 191.6157720685005 0 0 0 81.82626209408045 0 0.9548655152320862 0.1106633394956589 0 0 0 0.1457996219396591 0 0.6045538038015366 4.384334079921246 0 0 0 0 0 0.1101794019341469 0 0.2351318225264549 0.4603197872638702 40.64438476413488 39.86983091384172 5.602310858666897 0.3462867513298988 0.1627210974693298 1.292494103312492 0 10.76131197065115 0 0 0 0 0 0 238.2774834036827 0.129665732383728 0 11.47849231958389 13.96197397261858 8.551435045897961 6.743249110877514 0.5739028230309486 0.2830444872379303 4.752211272716522 0.2520279586315155 0.8792172074317932 0.3956207931041718 0 0.3148869276046753 0 0 0 0.1036552786827087 0 0 0 0 0 0 187.2811522483826 29.75240905582905 0 6.178116053342819 598.4505159035325 2.209316521883011 8.064934521913528 24.83767238259315 5.080256216228008 30.53576920181513 13.89561166614294 6.561181128025055 82.3942463696003 16.59871557354927 32.0193505436182 62.74909665435553 117.7700454071164 49.11949799954891 125.6323576048017 100.1185356006026 0.1300554424524307 0 0 0 0 0 0 0 0 0 0 0 0 0 0 0 0 0.1135699227452278 0 13.82080561667681 5.153732158243656 0 0.09839915484189987 0 17.83814553916454 0 3.90816081315279 1.479279533028603 0 0 0 0 0 0.132633849978447 0 0 0.6826516017317772 1.059155106544495 0 0 0 0 0 0.1381101161241531 0 0 0.1984481811523438 0.6880457401275635 0 0 0 1.50129346549511 0.2710298597812653 0 0 0 0 0.09312677383422852 0 0 0 44.04867162555456 2.308356091380119 0 0 0 10.82175401598215 0 2.211674764752388 0.5503694266080856 1.276032462716103 0 0 0.08934949338436127 0 0.08495940268039703 0 0 0 0 0 0 78.86661302298307 11.49206107854843 2.914613574743271 19.83289894461632 0.4189684391021729 10.15523377805948 2.347496047616005 728.2626796811819 2.158633254468441 0 2.186712354421616 2.296177074313164 0 2.084547311067581 0.2014864087104797 19.58960022032261 0.1318982094526291 0 0.1307092905044556 0 0.293984055519104 817.3055627271533 146.0814381763339
100.0022119060159 811.0198516696692 2289.602938875556 6.152521654963493 766.0449289828539 2.622059427201748 675.0126463919878 3104.591571822762 1524.933738976717 61.79366892576218 1651.374908700585 4.656629264354706 1009.595232084394 2462.717529028654 37.61684163659811 37.31097839027643 4.072937086224556 0 0 0.3046426773071289 0.4278413206338882 0.2052529454231262 0.583694763481617 0.2881473898887634 0.1240480914711952 0 0.1262974292039871 0.3666373193264008 0.1123602241277695 0.1830055415630341 631.5123114585876 321.7161757424474 13.11387437582016 0.4379082173109055 0.4392535910010338 0.1306678354740143 9.885704353451729 0.8700594529509544 0.5966125130653381 0.6681093350052834 0 0 0 3.321541078388691 0 3.084553733468056 132.3381508737803 0.2503859773278236 0 0.1136730313301086 0.7993678525090218 0.1194428652524948 0.57076745480299 0 3.709597565233707 6.24363399296999 19.3851974606514 112.3662002235651 23.46022118628025 22.84145905077457 0.8063085004687309 25.92585867643356 0.16621333360672 142.1265008300543 2.306874193251133 1.275288410484791 0.3147091567516327 0.3371385112404823 0.2092020586133003 0 35.17638559639454 1.4040667116642 0 59.34960237890482 161.6727397888899 173.3515930846334 154.4963857904077 33.23596981912851 114.1915686130524 685.7276243194938 0.1959076076745987 42.41868010163307 7.732216723263264 0 3.012670993804932 2.279563881456852 0.1807588636875153 0 0.4429599419236183 0 0.1922948211431503 0 0.2294245213270187 0 0.1310846656560898 44.21651969105005 7.366765923798084 0.2626478746533394 2.981768734753132 33.53509096056223 4.421523213386536 3.282369799911976 15.8229019343853 2.842673972249031 30.53166416287422 4.348913565278053 2.283874414861202 29.72773336619139 8.49536769837141 19.21410138905048 39.85587649792433 53.13702263683081 21.81527834385633 71.10217436403036 112.8464566245675 0.1206382811069489 0.7614000737667084 0 0 0 0 0 0 0 0 0 0 0 0 0 0 0 0.2866990566253662 0 30.02005273103714 9.380773544311523 0 0 0.2717818915843964 31.07308898121119 0.5950550734996796 11.94642919301987 3.225554697215557 0.3578103631734848 0 0 0 0 0 0.5941151827573776 0 2.041765674948692 0.3154752254486084 0 0 0 0.2109468430280685 0 0 0 0 0.5082288980484009 1.02864795923233 0 0.4962634444236755 0.2375159412622452 14.07820671051741 0.8316665589809418 0 0 0 0 0 0 0 0 59.71820000559092 2.565726906061172 0.128373920917511 0 0 25.52181430906057 0.4541608840227127 11.23093558847904 1.202950999140739 3.726870819926262 2.131476022303104 0 0.1136496365070343 1.515342473983765 0 0 0 0.103455938398838 0.1296420097351074 0 0 47.23109669983387 24.75959842652082 10.6273348480463 273.4500069916248 6.88257597386837 154.6742824614048 46.80877232551575 64.3343280851841 30.30162692815065 1.642865136265755 68.75878525525331 8.715820074081421 0 2.86977718770504 1.178418308496475 10.55701806396246 0.6749688014388084 0.3742955252528191 1.328803062438965 6.494745589792728 0.6688262149691582 87.92805551737547 62.00976890325546
625.4534157067537 38.86277875304222 29.88232129067183 599.4433818906546 13.91120308637619 170.1789271458983 49.87655690312386 8.113390743732452 5.251727491617203 527.7667698860168 4.656629264354706 65.5681339353323 951.5047802627087 145.1636990904808 19.70910273492336 45.14396298676729 5.37538169324398 0 0 0 0.1600895524024963 0 0.1908785551786423 0.1206937953829765 1.008206352591515 0 0 0 0 0 89.67120672762394 8.923639923334122 185.9878436252475 0 0.3280962556600571 0.801479771733284 160.7861883789301 11.28552138060331 1.830843605101109 4.075057342648506 0.1544158309698105 0 0.1170494928956032 3.909374915063381 0.146831676363945 0.9547590315341949 32.09086581319571 0.1139122918248177 0 0 0.3781221657991409 0.1771543025970459 0.2522882148623466 0 0.1180958077311516 0.1970971971750259 3.101173751056194 7.672015242278576 3.538884542882442 1.804457820951939 2.283909916877747 60.02310985326767 0.445092111825943 9.625019572675228 0.3192774578928947 0.09544610232114792 0 0 0.143214076757431 0 457.9430731907487 4.340155646204948 0 5.418142132461071 13.7315728738904 26.58095695078373 48.87562785297632 7.103516697883606 3.7523353099823 52.84821999818087 0.1580335050821304 38.63679353892803 0.4487400949001312 0 0.4252753481268883 0.3765713199973106 0.2479766979813576 0 0 0 0 0 0 0 0 282.0997416526079 27.17329427599907 0 33.36532417684793 49.08697234094143 1.897834777832031 4.511150389909744 10.02817400544882 2.66498089581728 21.29895696043968 3.931284122169018 2.248951144516468 21.74255289137363 6.744850397109985 12.44137325882912 23.77478671818972 34.11681146919727 14.75447667390108 49.9343232139945 80.94855055212975 0.4355804696679115 0.17000412940979 0 0 0 0 0 0 0 0 0 0.1681522279977798 0 0 0 0 0 0 0 13.51943647861481 6.708856649696827 0 0 0 18.84905188530684 0.3273415416479111 8.433036372065544 3.114259891211987 0.4028675779700279 0 0 0 0 0 0.2024657130241394 0 0.9669210389256477 1.218856304883957 0 0 0 0.2156032621860504 0 0.3438573479652405 0.3308875784277916 0 1.088636308908463 1.635972708463669 0.08631878346204758 0.1418720185756683 0.1580451279878616 9.373264893889427 1.667782187461853 0 0 0 0 0 0 0 0 44.13483256846666 0.633353590965271 0 0 0 12.86688376963139 0.7206171900033951 6.938827261328697 1.535946808755398 0.6017066612839699 0.829620361328125 0.22096948325634 0 0.1047306731343269 0 0 0 0 0 0 0 37.0337156355381 14.13378346711397 6.495043531060219 213.3430025726557 3.816323429346085 62.71227425336838 30.00607606768608 134.7782456129789 10.34014536440372 0.6279250085353851 25.2514910697937 7.390707455575466 0.3656902015209198 5.02028289437294 0.7405452728271484 15.7736104875803 0.3914872109889984 0 0.2349849492311478 2.068948939442635 1.746008396148682 247.4119917675853 60.23643655329943
1022.180661141872 847.2039326280355 240.2192339152098 1219.45069386065 619.2857131808996 225.611893415451 1558.955430403352 202.1880870386958 2783.873085319996 4332.952865503728 1009.595232084394 951.5047802627087 694.1781852021813 1845.443086013198 50.09324023872614 134.8431833162904 12.7338432520628 0 0 0 0.5055003464221954 0.147528201341629 0.548346996307373 1.154160216450691 0.2751208394765854 0 0.1599480807781219 0 0.7294967919588089 0.1433318555355072 266.2333603426814 35.09577821940184 1181.619362413883 0.7368681207299232 1.191000550985336 4.782113999128342 175.0482278838754 22.42892470955849 3.056393168866634 6.750689335167408 0.1723339557647705 0.16756671667099 0 20.87832538038492 0.5053343325853348 2.322531796991825 116.5946958214045 0 0.5853541791439056 0.1434191763401031 0.5679778829216957 0.3066247254610062 0.6589474827051163 0 1.731823198497295 1.522080831229687 16.64112546294928 57.70572673529387 12.77537029236555 9.275980606675148 8.002967119216919 200.2296424657106 1.332044541835785 68.77884773910046 1.421585187315941 0.4386356994509697 0.4409803748130798 0.1052160859107971 0.5281132161617279 0.1519158333539963 804.7821829915047 8.850019738078117 0 27.58231221139431 59.94707542657852 100.6257298663259 168.6554540321231 20.64277408272028 28.10683782398701 360.614985242486 0.3524479046463966 144.8930678218603 4.197269946336746 0 0.7505751550197601 1.173932500183582 0.5539490580558777 0.267056904733181 0.1048760637640953 0 0.1382231861352921 0 0.4875707030296326 0.4448417127132416 0 1158.358144618571 59.17719867825508 0.5530452728271484 96.56915608793497 181.1125824525952 5.971363671123981 10.72301506251097 48.44885914027691 10.55284458398819 93.00962275266647 26.1108166873455 12.86342176049948 144.0191949382424 32.45243670791388 55.88531112670898 108.2702353298664 208.8614607080817 72.81110913306475 210.2037833705544 274.8764073997736 0.6300294399261475 0.2729315459728241 0 0 0 0 0 0.282250702381134 0 0 0 0 0.5363098755478859 0.259522557258606 0.3858464956283569 0 0.1103213727474213 0.4916233718395233 0 60.99229804426432 19.80834945291281 0.09337373077869415 0.1214931607246399 0 57.33169934153557 1.038516461849213 22.78054524958134 7.863033153116703 0.7000993713736534 0 0 0 0 0.295135535299778 0.5221869647502899 0 5.839369840919971 1.963197559118271 0.09902642667293549 0 0.1430808156728745 0.1543570160865784 0.3403003811836243 0.1061530485749245 0.1289418339729309 0.2147419005632401 1.354679457843304 4.989373899996281 0 0.490284651517868 0.13798588514328 21.60094072669744 4.707358971238136 0.1213455870747566 0.2773964181542397 0 0 0 0 0 0 133.9445036053658 3.335398882627487 0 0 0 41.67160461843014 0 11.50224604457617 4.609239228069782 8.208256773650646 3.381511054933071 0.578690379858017 0.09487158805131912 0.09240537881851196 0 0.1333879679441452 0 2.779894590377808 0.1830249577760696 0 0 155.7605935335159 29.387885004282 13.15511015057564 582.3114259913564 7.509149834513664 187.36796785146 79.22196097671986 614.7266344949603 31.22504317015409 0.802579864859581 103.283778116107 24.40961944311857 0.7863918840885162 9.041769430041313 3.703491404652596 57.57324197888374 1.181005075573921 0.1308586597442627 0.1369417160749435 6.224594309926033 1.279225945472717 1012.194149494171 239.7323059737682
179.5297622531652 469.9898005500436 1203.186019413173 137.6380779594183 282.7735978811979 54.28866782039404 394.6200214475393 1549.928374901414 539.3852937892079 343.3983495756984 2462.717529028654 145.1636990904808 1845.443086013198 503.808875463903 90.68952751159668 200.8938198164105 16.390649959445 0 0.1518935114145279 1.466747216880322 0.752668023109436 0 1.598166093230247 1.217136316001415 0.4881138056516647 0.4223149642348289 0.2677075192332268 0.2782003283500671 0.2336112484335899 0.1213466674089432 396.4565253183246 198.3034652918577 537.6690324619412 1.725117720663548 0.6494329273700714 6.393439576029778 164.6516958922148 9.989747151732445 4.713491141796112 3.184131048619747 0.4825151264667511 0.5293469429016113 0.222026064991951 42.3936718031764 0.9691947251558304 8.314891494810581 230.645298846066 0.4487524554133415 0.3644806295633316 0.1046403273940086 2.287377044558525 0.4413950443267822 0.4317670986056328 0 5.407714210450649 6.320717841386795 16.14698667824268 90.29681226611137 25.96401869505644 23.01787523925304 2.131252288818359 195.6729982197285 1.175039380788803 153.9182619452477 2.50470295548439 1.756410531699657 1.079401597380638 0.1215718761086464 1.312955811619759 0 700.940943300724 26.76615616679192 0 66.1014095172286 170.75608137995 255.5553749427199 406.9542631059885 70.22798440605402 95.60475125908852 1015.00719319284 1.657304130494595 81.89503496140242 6.955361247062683 0 3.108963049948215 3.186472982168198 0.8447283357381821 0 0 0 0.3596997559070587 0.1438102722167969 0.7837591096758842 0.5015027672052383 0.3450703471899033 451.2069718837738 59.53981320559978 0 44.11693585664034 47.44712676852942 5.925409980118275 8.856563992798328 43.63508006930351 6.784924894571304 70.89587237685919 14.23955500870943 5.508379645645618 100.8113768845797 22.83646957576275 50.03039542585611 96.38649439811707 153.1817566230893 63.59919016063213 193.3789962083101 267.0036511048675 0.2494211494922638 0.7863711714744568 0 0.1019272431731224 0 0.1115977019071579 0 0 0 0.2073948979377747 0 0 0 0 0 0 0.1010810285806656 0.251079373061657 0 52.50746437162161 17.79828780889511 0 0.2921784371137619 0 65.54085508733988 0.1087917238473892 26.57268001884222 5.607063733041286 0.9727957993745804 0 0 0 0.4191105663776398 0.3147850930690765 0.1278388649225235 0 2.68946236371994 2.126352868974209 0 0 0 0.5110244452953339 0.3016247823834419 0.1069705039262772 0 0 1.946422882378101 2.497246392071247 0 0.7394921258091927 0.1704095602035522 24.54279841482639 2.226349323987961 0 0.1167186871170998 0 0 0 0 0 0 133.1204457432032 6.706690803170204 0 0 0.1430851817131042 39.91227262467146 0.08882822841405869 13.47899670898914 3.69945016503334 5.318295322358608 3.196459956467152 1.346733562648296 0 0.1133189797401428 0 0 0 0.1116752922534943 0 0.4537340998649597 0 144.1641027852893 46.44513341784477 17.4329180046916 870.9541697353125 12.02594739943743 332.2867890149355 136.9243083894253 199.560854844749 60.86326056718826 2.53406447917223 194.2817076444626 20.12334901094437 0.4965291544795036 9.380214758217335 2.562300615012646 53.24012196063995 0.4900388717651367 0.3324301987886429 1.501187458634377 14.17979751527309 1.30562686920166 445.8077225908637 206.6576212719083
