281.3141805157065 2368.384575545788 358.5791085362434 961.7404148355126 266.4395796433091 190.9685218259692 469.3793786242604 45.92615732550621 108.6924666464329 1163.499117448926 130.4543477371335 60.12817314267159 284.3656632378697 98.64615639299154 1.712127670645714 0.8765170946717262 0.5207652896642685 0.3503412380814552 0.09232576936483383 0.07351056486368179 0 0 0 0 0 0 0 0 0 0 602.7060813307762 1.133403085172176 3.7602499127388 0 0 0 3.500090144574642 0.1182158514857292 0 0.09703525900840759 0 0 0.1881367564201355 0.7612709701061249 0 0 11.03876770287752 3.148539446294308 0.2327452674508095 0.2574037313461304 0 0 0 0 2.446266517043114 5.303652442991734 256.4696742519736 757.262069799006 42.79574908316135 15.94568530470133 0.1659795939922333 0.240277074277401 0 1.91170559078455 2.207129150629044 1.838330440223217 0.7657410725951195 0.4467769339680672 0 0.5370844602584839 1.8612901866436 0.1527401506900787 0 44.5664814338088 17.43851967155933 11.65531053394079 0.8686872869729996 0.5375914722681046 0.4473830610513687 4.916240274906158 0.3218429535627365 1.177657477557659 8.463000632822514 0.1995373591780663 1.241625897586346 2.474641188979149 0.6708055734634399 0 0.6004557684063911 0 0 0 0 0.1461752504110336 0 8.351048998534679 0.1789249330759048 0 0 1444.146239832044 0.1352610737085342 0 1.793451339006424 0.1924053579568863 0.2366581708192825 2.330771878361702 3.26155598461628 1.394543215632439 8.413432732224464 15.06259559094906 0.2682644203305244 16.13585471361876 8.285586953163147 8.761559031903744 2.538272991776466 0 0 0 0 0 0 0 0 0 0.2759858071804047 0 0 0 0 0 0 0.2282622158527374 0 0 0.2109873816370964 0.1898322999477386 0 0.514257550239563 0 1.450500763952732 0.4733141362667084 4.155847549438477 0.744053453207016 1.652197882533073 0 0 0 0 0 0 0 0 0.6113274097442627 0 0 0 0 0 0 0 0 0.4068871736526489 1.083205461502075 0.3687456250190735 0 0 1.194849371910095 0 0 0 0 0 0 0 0 0 2.763998053967953 0 0 0 0 0.9918014034628868 0.6703599691390991 0 0 0 0 0 0 0 0 0 0 0 0 0 0 2.733905047178268 0.3528607934713364 0.8191559910774231 173.5277541875839 1.634932465851307 49.43158673495054 9.305312797427177 833.1701570823789 7.927583999931812 1.945318229496479 1.237132124602795 38.24082696437836 0.1433971971273422 1.225086212158203 0.2255419194698334 17.80646321177483 0 0 0 1.450798019766808 0 119.266014367342 2.57480151206255
2368.384575545788 3624.64722700417 1218.686432078481 2956.625890702009 3203.050453849137 198.9400118738413 3322.489642903209 282.3028472140431 1868.024230696261 1730.211904101074 709.1527494341135 129.6475150734186 1642.942873381078 815.3694286867976 32.45673377066851 9.543935678899288 6.236141107976437 0.3290924727916718 0.08176305145025253 0.3761813566088676 0.3838354423642159 0 0.1268954873085022 0 0.1020160168409348 0 0 0 0 0 3714.420095041394 27.81860469281673 9.897024117410183 0.07728894799947739 0 0.227812372148037 7.963600382208824 0.8591264262795448 0.7044024914503098 0 0.1993970647454262 0 0.5103451237082481 2.245347805321217 0.0707603394985199 0.3709097653627396 189.078484043479 16.96152444928885 0.8052926883101463 0.6932032480835915 0.3450443893671036 0.119245246052742 0 0 20.75481951236725 23.09999718517065 250.6389295533299 1097.612801723182 129.9659949690104 102.6975788846612 0.4831415489315987 1.312776431441307 0 41.18173856288195 13.12982016801834 11.53978028148413 5.75700830668211 4.979644723236561 0.8477447330951691 0.5589237883687019 11.09461841732264 0.3696181029081345 0 267.6425761505961 167.0868268236518 144.2023141533136 18.87484454363585 3.410796135663986 1.363313600420952 15.97745142877102 1.24559647589922 1.838985279202461 52.26421672105789 0.7169323638081551 9.385711938142776 11.4077250212431 4.759630240499973 0.08380722254514694 2.384033046662807 0 0.844694584608078 0.0840805247426033 0.6005794033408165 0.2829163372516632 0.2056734263896942 22.90141556411982 2.097927153110504 0.1151045486330986 0 1327.652412422001 1.506732270121574 3.079835496842861 0.8818669393658638 1.674188852310181 0.5014489591121674 11.14192772656679 2.601118892431259 7.25615668296814 36.33129402250051 30.86619996279478 3.711854688823223 43.19454278796911 30.89918529242277 33.24711383134127 19.24829310923815 0 0 0 0 0 0 0 0 0 0 0 0 0.2602007389068604 0 0 0 0 0 0 0.3648812249302864 0 0 1.064881905913353 0 7.367020756006241 1.616769909858704 14.7274808511138 0.5534659624099731 1.217040777206421 0 0 0 0.1433983743190765 0.2416577190160751 0 0 0.1619997173547745 0.9293323084712029 0 0.1096396446228027 0 0.2065567225217819 0 0.1180484443902969 0 0.06988105177879333 0.7556766718626022 0.6498819813132286 0.138759046792984 0.432516485452652 0.678743302822113 7.544448718428612 0.5835672169923782 0 0 0.1164039298892021 0.08973880112171173 0 0 0 0 8.898596435785294 0.1271701455116272 0 0.08155850321054459 0 4.260715201497078 0.5990857481956482 0.5573535710573196 0.1942919939756393 1.888450860977173 1.217707812786102 0 0 0 0 0.07674770802259445 0.0747581347823143 0.08953315764665604 0 0.08804444223642349 0 13.02820777893066 2.874785251915455 2.728143811225891 415.1750831976533 16.88930758088827 616.7833054587245 103.2907157465816 599.9373669922352 75.3647123426199 6.912066012620926 23.30113322287798 42.64609663188457 0.1152711138129234 2.957500167191029 1.41465125977993 25.9564728140831 0.7803196161985397 0.1188300549983978 0.2435338795185089 14.82901895046234 1.067508220672607 198.7615235224366 5.765200927853584
358.5791085362434 1218.686432078481 1769.739938303828 99.42959800362587 1042.013770923018 15.70193549245596 86.40637905150652 3079.841826274991 664.5627906993032 99.39564328640699 3444.725190363824 73.53855530917645 526.0501498654485 2188.956854604185 16.52313457429409 16.52808965742588 5.251726865768433 0.8436981067061424 0.2335680276155472 4.631929822266102 10.56231131404638 0.2587960064411163 0.9040185958147049 1.365963228046894 1.2249486297369 1.56792289018631 0 1.243098929524422 0 0 4193.615441523492 267.6822010874748 98.89550010114908 0.9443781897425652 0.9621053040027618 2.701681293547153 84.41641418635845 5.479596726596355 1.137630388140678 1.468791387975216 6.1473633274436 1.368444986641407 1.715327806770802 2.768677622079849 0.6161293908953667 0.6654050052165985 45.4056858792901 4.206836946308613 0.8270807638764381 0.4199490398168564 0.9819812253117561 0.8412705585360527 0.411260262131691 0.9774973392486572 5.747305139899254 7.757869102060795 110.8361031934619 1211.710347443819 38.13695906847715 23.9860407486558 4.389208011329174 15.02344697713852 0.4383125081658363 39.97731518745422 3.242872729897499 2.934072807431221 2.104153625667095 0.9595863148570061 1.519908279180527 13.29438654333353 22.98890740424395 0.6704564839601517 0.1488076001405716 74.95895588025451 155.8359471410513 50.25210556387901 14.55203627794981 6.335537113249302 71.76233730465174 627.4274375364184 11.69931709766388 44.48132301867008 16.36176244169474 0.1720645278692245 2.508190006017685 2.95001819729805 0.7612736523151398 0.1665102690458298 0.6115782186388969 0 0.1502386331558228 0 9.627230182290077 1.804710872471333 0.8532251268625259 28.23894846439362 5.264204315841198 0 0.1440853774547577 571.7719823941588 0.1247919127345085 0 0.4939921945333481 0.1437471359968185 0.3177112489938736 4.011099494993687 1.453370161354542 8.339130029082298 5.881592027842999 11.18946535885334 2.273325398564339 26.80896449834108 17.27995774894953 20.3525498509407 14.79806435853243 0 0.2848991751670837 0 1.08056578040123 0 0 0 0 0 0.1331467479467392 0.3253354579210281 0 0.1195696815848351 0.2452610805630684 0.1377436369657516 0.2192612141370773 0 0.1060607433319092 0 0.8506494984030724 0.7315893992781639 0 0 0 6.123263537883759 0.2488565519452095 11.88754725456238 0.9761217311024666 0.5772093385457993 0.9977088123559952 0.1084581986069679 0 0 0 0 0.1454732269048691 0 0 0 0 0 0.1864138394594193 0.6532516852021217 0.08045469969511032 0.1328596025705338 0 1.007512539625168 0.8697975352406502 0 0 0.5031125545501709 5.165083326399326 0.7280642986297607 0 0 0 0 0 0 0 0.5512707456946373 12.53893163055182 0.5998734980821609 0 0 0.1010949164628983 3.088165804743767 0 0.09410744160413742 0.3019283786416054 0 0.8114667385816574 0 0 0 0 0 0 0 0 0 0 9.921653367578983 3.6653788164258 3.127007685601711 133.5358716249466 12.17940734326839 127.035317286849 40.60664763301611 176.5952373668551 14.99369939416647 2.483921967446804 6.187915571033955 11.00490288436413 0 0.3651445508003235 0.482713483273983 11.37178717553616 0 0 0.2627156674861908 1.178569845855236 0.6416258215904236 63.44716119021177 5.989006176590919
961.7404148355126 2956.625890702009 99.42959800362587 1116.27015516907 261.204362988472 494.059191942215 2573.54615226388 11.21888492256403 100.1470919698477 2626.422359354794 38.33774980902672 47.37267919629812 1508.966025665402 50.15985511243343 2.58344279974699 0.5125565007328987 0.2465748935937881 0 0 0.1535555645823479 0.07043255120515823 0 0 0 0 0 0 0 0 0 194.860390022397 3.002775736153126 1.447147883474827 0 0 0 0.1033971086144447 0.1315974593162537 0 0.07617185264825821 0 0 0.2884082272648811 0.426785059273243 0 0 17.41578623652458 3.4069569632411 0.2005303651094437 0.07303652167320251 0.2028626352548599 0 0.1515667289495468 0 2.969970695674419 5.30198896676302 81.04173817485571 324.7509581297636 28.23081877827644 18.75180169939995 0.168524406850338 0.1032972112298012 0 3.794692106544971 2.200619801878929 2.502150103449821 0.9153071045875549 0.6941348537802696 0.06595327705144882 0.08822949230670929 0.2948503717780113 0.2241684794425964 0 50.38822572678328 22.91744201630354 15.47431591153145 1.636249482631683 0.1651063412427902 0.2706145644187927 0.8391695320606232 0.396250881254673 0.07605793327093124 8.184363625943661 0.07099170237779617 1.188238821923733 2.992375031113625 0.8373826518654823 0 0.3104734718799591 0 0 0 0.1570566222071648 0 0 5.715967252850533 0.6977873891592026 0 0 508.4815085828304 0 0.2140846252441406 6.191342785954475 5.491422519087791 0.1463698893785477 12.98546439409256 2.121440269052982 5.787533886730671 68.13316813856363 17.0267481058836 2.594934672117233 29.41754116863012 14.40036285668612 10.27216813713312 4.085037738084793 0.2763039171695709 0 0 0 0 0 0 0 0 0 0 0 0 0 0 0 0.3266395628452301 0 0 0.6606372743844986 0 0.3807295262813568 0 0 0.9207259938120842 0.6584613919258118 2.016403034329414 0.3201358467340469 0 0 0 0 0 0 0 0 0 0.1970941722393036 0 0 0 0.09176049381494522 0 0 0 0 0.8269599005579948 0.5891512632369995 0 0 0.619417130947113 0.5978874564170837 0 0.09856236726045609 0 0 0 0 0 0 0 1.717906102538109 0 0 0 0 0.431301474571228 0 0 0.6613893210887909 0.1529154181480408 0 0 0 0 0.1932190805673599 0 0 0.06648644804954529 0 0 0 3.15947412699461 0 0.07552355527877808 166.9595735147595 1.649863079190254 81.21890323609114 12.55951303988695 635.261633977294 9.71886833012104 2.31291887909174 1.017924077808857 40.84337333589792 0 0.1270439624786377 0 15.80746351182461 0 0 0.6748653650283813 5.386907964944839 0 98.27658331394196 2.638191238045692
266.4395796433091 3203.050453849137 1042.013770923018 261.204362988472 1778.918364875019 25.23589520156384 1491.774178251624 815.7544461861253 4879.851586155593 2130.52119333297 836.8143225982785 114.1791840717196 1729.549208752811 1301.343845874071 25.88748928159475 7.789788022637367 5.108773723244667 0 0.07308577746152878 0.07121577113866806 0.1740938201546669 0 0 0.09297245740890503 0 0 0 0 0 0 548.107927955687 17.07358704507351 4.045385956764221 0.08491350710391998 0 0 1.752186506986618 0.5457069128751755 0.1999149173498154 0.3330734595656395 0 0 0.5575473755598068 0.5384702757000923 0 0.6015063375234604 100.821564167738 4.786318756639957 0.5231008306145668 0.2657337933778763 0.3006766140460968 0 0 0 6.192859522998333 6.606571398675442 59.86450020968914 209.6279987767339 37.53744454681873 36.13102099299431 0.8204170763492584 0.1245083063840866 0 30.75028923153877 3.696343369781971 4.029468715190887 1.608167216181755 1.435700193047523 0.3996161967515945 0.1960397735238075 4.070440657436848 1.204069048166275 0 87.38057443499565 70.79137177765369 88.56687542051077 18.61141407489777 2.549240380525589 0.5712533965706825 4.856301508843899 0.6093566492199898 0.594232402741909 18.12509330362082 0.3035895898938179 2.697164304554462 3.678394675254822 0.8644792214035988 0 0.6646177843213081 0.1021296307444572 0.1098105683922768 0.1290379464626312 0.5785120502114296 0 0.1778022944927216 22.80695224553347 1.074941873550415 0 0.3067072629928589 94.04783939570189 0 1.788362890481949 2.715356476604939 3.045932933688164 0.4304006546735764 8.34445046633482 0.8781279325485229 9.769866243004799 12.8229263946414 24.83086886256933 3.757561787962914 51.30827257782221 29.62364813685417 31.62760787457228 18.65360969305038 0.1226847395300865 0 0.2368642538785934 0 0 0 0 0 0 0 0 0 0 0 0.5413125157356262 0 0 0.3517935872077942 0 0.1826128214597702 0 0 0 0 6.599138230085373 0.302276074886322 13.92480723559856 1.409033194184303 0.1327444314956665 0 0 0 0.2619474530220032 0.4568328559398651 0 0 0.1577082872390747 0.1045175120234489 0 0 0 0 0.1744936257600784 0 0 0.08470627665519714 0.2518113479018211 1.096793204545975 0.1230438873171806 0 0.1077184453606606 3.965964868664742 0 0 0 0 0 0 0 0 0 11.50447216629982 0.334551066160202 0 0 0 3.006170175969601 0 0.2108760625123978 0.8110713958740234 1.878092035651207 0.4675142243504524 0.7613240480422974 0 0 0 0 0 0 0.1022431179881096 0 0 12.41554203629494 3.417978867888451 3.2748943567276 316.8000758513808 9.855529613792896 292.8846569955349 71.50801936537027 114.4218610525131 45.8032111749053 2.06186293810606 15.15305078774691 27.05609396100044 0 1.515500642359257 0.8547329902648926 16.93761717528105 0.9759651124477386 0 0 2.750376224517822 0 71.72173503041267 5.037467695772648
190.9685218259692 198.9400118738413 15.70193549245596 494.059191942215 25.23589520156384 55.59946304559708 219.2835766077042 4.714430451393127 29.87625071406364 1264.140826225281 9.608449354767799 282.1193342655897 260.4311207607388 49.4453059732914 1.306213513016701 2.673539459705353 2.223466098308563 0 0 0.1679034829139709 0 0 0.2044940292835236 0 0 0 0 0 0 0.1603830903768539 138.8896640464664 0.255767397582531 16.75568676739931 0.1854451894760132 0 0 11.48159009218216 0.7580300122499466 1.053612872958183 0 0.08508379757404327 0 0 1.019531860947609 0 0.4512379616498947 1.504869438707829 0.08473191410303116 0 0 0.214844599366188 3.037170432507992 0 0 0.4236055836081505 0.4152771607041359 39.50013017654419 76.46416883170605 3.935664795339108 0.3781902268528938 0.1630021035671234 5.91035969555378 0 0 0 0.0854632705450058 0 0.07825196534395218 0 0 61.08301492035389 77.02525187283754 5.020830720663071 3.069376163184643 2.828675486147404 1.649575278162956 0.6600389182567596 0.1050452589988708 0 2.561973415315151 0.4473293349146843 3.084301859140396 0.1909965425729752 1.076057963073254 0 0.5318136289715767 0 1.442869104444981 0.215445838868618 5.264051660895348 0.4787603914737701 1.515644319355488 0.1350450217723846 0.09000911563634872 0 486.1419523432851 174.258844897151 8.260281160473824 9.650843977928162 274.7815071642399 0 0.4215854033827782 0 1.063858017325401 0 2.77664253115654 2.094561278820038 2.639647759497166 3.957583732903004 11.94932641088963 0 8.853462792932987 2.286004424095154 3.433545611798763 2.310281306505203 0.358562558889389 0.1521773785352707 0 0 0 0 0 0 0 0 0 0 0.121874526143074 0 0 0 0 0.3773316740989685 0 0 0 0 0 0 0.5812865942716599 0.8679708391427994 2.468876793980598 0.6914533227682114 0.2437368035316467 1.021038770675659 0 0 0 0 0 0 0 0 0 0 0 0.2441322207450867 0 0 0 0 0.2821877300739288 0 0 0 0 3.046597748994827 0 0.1252612471580505 0 0.09671616554260254 0 0 0 0 0 0.961386613547802 1.756687045097351 0.1293566823005676 0 0 0.4819289892911911 0 0 0 0.395767867565155 0 0 0 0 0 0 0 0 0 0 0 1.026432067155838 0.7566739022731781 0.7094773128628731 110.5236550122499 0.3739346265792847 9.40155328810215 4.659670278429985 271.1553303673863 1.030832372605801 0 0 22.00319128483534 0 2.221416518092155 0 8.850569859147072 0 0 0 0.4213875085115433 0 56.40722432732582 2.500452056527138
469.3793786242604 3322.489642903209 86.40637905150652 2573.54615226388 1491.774178251624 219.2835766077042 998.8017447143793 18.76812446862459 1689.826988182962 4394.724156819284 70.62775102257729 397.6307539567351 7850.679860636592 2037.376042738557 22.6445762142539 7.622823216021061 4.534139916300774 0 0 0.1428140178322792 0.2089172229170799 0 0.145493283867836 0 0 0 0 0 0 0 199.6011958867311 12.80484342575073 0.8896147683262825 0 0 0 1.835399575531483 0.3809544593095779 0 0.1030896157026291 0 0.2721644937992096 0.1551043465733528 0.7018765956163406 0 0.1994406208395958 106.6438843384385 6.223341159522533 0.3582883700728416 0.1573673710227013 0.2687616497278214 0 0 0 8.232891440391541 7.187786921858788 78.88085909187794 223.3759441673756 45.6968100219965 41.68353077769279 0 1.851081684231758 0.1279981285333633 20.70159981399775 5.153030060231686 4.460521087050438 2.63025863468647 1.670084722340107 0.4767334759235382 0.1616431921720505 2.362688004970551 0 0 96.88117123395205 58.5801515057683 74.8048442825675 14.43030958622694 1.711288474500179 0.522132471203804 1.60685633122921 0.1595944538712502 0.8988558873534203 20.18715734779835 0.1585609912872314 3.475906312465668 5.039256304502487 1.762679755687714 0.353514701128006 0.6012955605983734 0.07418546825647354 0.2682162150740623 0.1025798171758652 0.3206582516431808 0.08338727056980133 0.4317174553871155 23.79382153600454 0.3440875336527824 0 0 109.1924848929048 0.4654818251729012 3.804653085768223 12.09230346232653 54.50752751529217 0.9904824569821358 36.71031975746155 7.483897246420383 18.66772016882896 28.78644216805696 59.01636937260628 4.801213942468166 59.99005775898695 40.92182879149914 36.76630557328463 23.89221175760031 0.6525769829750061 0.6130983233451843 0.1130915582180023 0.1463239341974258 0 0 0 0 0 0 0 0 0 0 0 0 0.2393833696842194 0 0 1.389081284403801 0 0 0.1492064446210861 0 11.1438977047801 0.7478020936250687 14.87717220187187 0.9051283448934555 0.1933489292860031 0 0 0 0.2609502971172333 0.2773894220590591 0 0 0.1147410720586777 1.095401212573051 0 0 0 0 0 0.2193493992090225 0.09812092036008835 0 1.006398737430573 1.842959463596344 0.2069256156682968 0 0 7.939308069646358 0.6106612384319305 0 0.08961101621389389 0.08375174552202225 0 0 0 0 0 14.92768547683954 0 0.1161877363920212 0 0 3.753399878740311 0 0.1454047709703445 0 1.618484854698181 0.7752428352832794 0 0 0 0 0 0 0 0 0 0 16.37041455507278 4.113869167864323 3.399338267743587 342.7115278020501 8.671906679868698 323.2289826869965 73.33527665585279 294.1097747832537 48.61151365935802 2.719253294169903 19.7430699467659 55.41848546266556 0.2335037440061569 5.485936097800732 1.151254206895828 27.85407660901546 0.6054882779717445 0 0.3998491168022156 2.800752237439156 0.5025510191917419 114.8059672787786 10.08564712107182
45.92615732550621 282.3028472140431 3079.841826274991 11.21888492256403 815.7544461861253 4.714430451393127 18.76812446862459 1768.890624605119 553.6182429641485 14.60990056395531 3812.481710597873 32.81634887307882 277.8044927939773 2012.55483174324 30.01528818905354 22.5565293058753 8.217622473835945 2.170465759932995 0 10.4658915027976 26.86110997200012 0.9305877834558487 1.269564747810364 1.159056223928928 2.800097957253456 2.130355030298233 0.1072980612516403 2.579891383647919 0 0 1685.017146632075 2612.975772425532 117.7535800114274 3.22569727897644 1.407713815569878 4.263026230037212 69.23305790871382 15.92001200467348 0.4632641449570656 2.793098390102386 14.83225759863853 2.431598089635372 7.614345654845238 39.19317432492971 1.682963766157627 1.576669208705425 91.39626370370388 4.212493360042572 0.787720575928688 1.652617022395134 0.6585934013128281 0.9077280759811401 0.1597918123006821 2.087883457541466 4.666683457791805 3.710998751223087 64.73766601085663 361.2347221970558 26.40385173261166 23.9551772326231 23.99901500344276 83.33859824389219 2.302335664629936 323.0065523535013 2.416455782949924 2.260213628411293 1.286788456141949 1.336167424917221 3.537378951907158 24.87408640235662 13.26288190484047 2.498874090611935 0.142887219786644 71.3954107016325 120.077056184411 94.85965421050787 145.5548864603043 240.5035396292806 1568.136717133224 1386.126871436834 89.84643993526697 374.5232018008828 11.69597897678614 0.1068847253918648 1.951617553830147 2.7605010420084 1.819622859358788 0 1.101755991578102 0 0.1764740794897079 0 16.66168859601021 2.774232350289822 0.3649640679359436 13.86923517286777 3.09695839881897 0 0.352409616112709 76.76813090592623 0 0.3244881480932236 0 0 0.1668552756309509 2.081218831241131 0 0.8301871716976166 1.660152025520802 2.897735677659512 0.4016268402338028 8.046252749860287 5.597885578870773 6.552693381905556 3.519395180046558 0 0 0.1818926408886909 0 0 0 0 0 0 0.3047484755516052 0.4935526251792908 0 0.4860295802354813 0.6521527618169785 0 1.186199627816677 0.1582519859075546 0 0 0.2861902937293053 0 0 0.1547967195510864 0 4.092256002128124 0.6611164957284927 7.624766573309898 1.063107587397099 0.09658186137676239 1.077249675989151 0.5956366136670113 0 0 0 0 0 0 0.1431749016046524 0 0 0 0.1419741362333298 0.5095804631710052 0 0 0 0.1148116365075111 0.59481281042099 0 0 0.1428378224372864 1.495576843619347 0 0 0 0 0 0.3075433000922203 0 0 0.7567979246377945 3.758280366659164 0.7910545989871025 0.1408681720495224 0 0.09382185339927673 0.4147350341081619 0 0.187933012843132 0 0.101929247379303 0.09211639314889908 0 0 0 0 0 0 0 0 0.1058170795440674 0 3.284952811896801 0.4078393429517746 2.314143978059292 119.9099544584751 13.30323522537947 180.1386917680502 50.61842846870422 44.04674699157476 20.51886454224586 0.8979847654700279 8.158713415265083 7.702186748385429 0 1.468193024396896 0 3.175293117761612 0 0 0 0.8363552391529083 0 33.88830856978893 1.35827612131834
108.6924666464329 1868.024230696261 664.5627906993032 100.1470919698477 4879.851586155593 29.87625071406364 1689.826988182962 553.6182429641485 1956.056989826262 1394.604264654219 1711.221707239747 121.3470652699471 1794.753892682493 2411.327184222639 40.58668106049299 21.65589974820614 7.114415466785431 0.07463867217302322 0 0.07151998579502106 0.4338590949773788 0 0 0 0.2656085044145584 0.1646845191717148 0 0.1530029475688934 0.3701742887496948 0 233.1769884377718 12.30832359194756 6.911851420998573 0 0 0 4.289251498878002 0.2227949649095535 0.1342919766902924 0.1601901948451996 0 0.1005679368972778 0.1034953743219376 0.2357275933027267 0 0 97.69818143546581 3.930235289037228 0.5814763233065605 0.08096589148044586 0.3006439507007599 0 0 0 4.084105372428894 4.168267413973808 34.19711934030056 110.152313105762 23.98780605942011 25.67147050052881 0.1548430100083351 0.2061722427606583 0 23.89429435133934 3.462032340466976 2.15428514033556 1.796388849616051 1.057829923927784 0.3456623107194901 0.2414754033088684 6.795678615570068 1.808750569820404 0 64.12285419926047 57.55430576205254 96.51603932678699 29.14692909270525 2.735893368721008 1.477651312947273 6.367481324821711 1.220660805702209 2.178516827523708 11.22722239792347 0.3373480588197708 2.720154598355293 2.437407158315182 1.121968686580658 0 0.785112202167511 0 0.2902938276529312 0.1327598690986633 0.09635203331708908 0 0.07926473766565323 34.48231856524944 1.320409752428532 0 0.2546865046024323 46.97379449009895 0.4471332281827927 1.236995667219162 7.640796855092049 3.15803449600935 1.498313099145889 16.24264046549797 6.102654598653316 19.35230884701014 21.9703066945076 35.20738966017962 5.614298313856125 95.77824559807777 59.53771667182446 61.26262824982405 43.36266563087702 0.5209405645728111 0.105930007994175 0.4877995699644089 0 0 0 0 0 0 0 0 0 0.2852463573217392 0 0.1150360107421875 0 0 0 0 0.6766047030687332 0 0 0 0 19.90266427397728 2.651485368609428 34.97351069003344 2.93780755251646 0.7192889750003815 0 0 0 0 0.6479745507240295 0 0 0.09046068042516708 0.7993075102567673 0 0 0 0 0 0 0 0 3.377326771616936 0.9750451967120171 0.2998190447688103 0 1.070310801267624 10.61730206012726 0.3392540067434311 0 0.1326528191566467 0.3027628362178802 0 0.08442538976669312 0 0 0 22.72237168252468 0.7403581365942955 0 0 0 7.975513882935047 0.190747544169426 0.2224051505327225 0.649128757417202 2.235007181763649 0.4028426259756088 0 0.2522493600845337 0 0.08613503724336624 0 0 0 0 0 0 31.06262619048357 7.084363482892513 8.886362828314304 508.4232802689075 10.63500317186117 230.7089564502239 93.54590322077274 86.6550682336092 51.99812958389521 2.181775480508804 29.70901817083359 54.65926756709814 0.1134363785386086 6.177407085895538 1.717628560960293 32.97870038449764 0 0 0.3189195096492767 5.603042155504227 0 81.41044560819864 13.96564793586731
1163.499117448926 1730.211904101074 99.39564328640699 2626.422359354794 2130.52119333297 1264.140826225281 4394.724156819284 14.60990056395531 1394.604264654219 2140.858850285411 66.82888130843639 1901.92877381295 9248.074324503541 560.7972749471664 26.00954400002956 10.54512935876846 5.044414654374123 0.104059562087059 0 0.2343083471059799 0.3545396327972412 0 0 0 0 0.08096440136432648 0 0.2811106294393539 0 0 167.9150535389781 22.63874432444572 4.784571625292301 0 0 0.1195347905158997 5.586136892437935 0.2862334474921227 0.614759236574173 0.3405329883098602 0 0.1815487146377563 0.09449169784784317 2.315331436693668 0.08340909332036972 0.4784995689988136 95.00186629593372 4.96575815975666 0.09239403158426285 0 0.9295492321252823 0 0.1586247086524963 0 6.821786664426327 7.142969988286495 99.50092090666294 182.4106166437268 39.43943408876657 36.93845679610968 1.26336982101202 0.5670444294810295 1.000943601131439 16.55373556911945 5.398880653083324 3.807728461921215 2.600316599011421 1.467659443616867 0.207303412258625 0.738351471722126 25.05411875247955 3.450924932956696 0.1137178838253021 78.45484449714422 43.19738378375769 66.2190243601799 15.97585798799992 2.458603158593178 0 2.319835171103477 1.14243396371603 0.7076508924365044 13.86965157836676 0.3242699205875397 2.662595748901367 3.480727061629295 1.13178838044405 0 0.8348071128129959 0 0.3994526639580727 0.1213655695319176 0.07921841740608215 0 0 276.7688605561852 15.72902015596628 0.3940675556659698 0.1045649722218513 919.5738013908267 2.725162737071514 8.033644020557404 35.63988085091114 30.53445436805487 11.44498543441296 102.1652173399925 31.30894895642996 67.19121501594782 236.3325090929866 278.5977563634515 22.27951589226723 464.8259906247258 291.0756426900625 254.204004354775 88.58811555057764 0.8273840174078941 0.799290269613266 0.1153162494301796 0 0 0 0 0 0 0 0 0 0 0 0 0 0 0 0.1725350618362427 3.143034115433693 0.286328412592411 0 0.176697164773941 0 32.25638902187347 3.785652957856655 63.14887081086636 4.0906166061759 1.533734396100044 0 0 0.1521512418985367 0.1806086152791977 0.3380373120307922 0.1086004078388214 0 0.3546750023961067 1.722178637981415 0 0 0 0.2807059586048126 0.2243882715702057 0.2424037605524063 0.4126838147640228 0 2.745883144438267 4.449001424014568 3.446106880903244 0.6400232911109924 2.426009103655815 23.20363906770945 0.5960049033164978 0.1944532841444016 0.5540823340415955 0 0 0 0.07781267166137695 0 0.2309221625328064 49.36473905295134 1.56491369754076 0.103805810213089 0 0 13.11029070615768 0 0.6767167150974274 4.407296270132065 3.959931187331676 1.14308474957943 0.8414991572499275 1.728706680238247 0 0.1913875713944435 0 0 0.07616759836673737 0.1365531980991364 0.1260468810796738 0 95.11152645945549 12.19198428094387 19.57585854828358 965.3481695130467 19.55494426190853 313.3912656903267 102.2568307593465 1357.489920139313 68.72493136674166 3.494571052491665 45.27860069274902 316.2310484424233 0.7036639228463173 12.37812142074108 3.046278163790703 192.1482419446111 1.758026942610741 0.1169652566313744 0.7805499956011772 6.135849341750145 1.543623059988022 848.7170815616846 50.78592432290316
130.4543477371335 709.1527494341135 3444.725190363824 38.33774980902672 836.8143225982785 9.608449354767799 70.62775102257729 3812.481710597873 1711.221707239747 66.82888130843639 2130.269438788295 156.7322131097317 1435.44488260895 4982.688242956996 65.84651562571526 49.55761900544167 14.59096251428127 0.282148003578186 0 2.34993601590395 11.88540408015251 0.825596809387207 1.581106647849083 0.4246340990066528 1.966535642743111 4.573550969362259 0 1.207737416028976 0 0 1267.070882573724 561.5783223062754 329.8006997928023 0.5223330408334732 1.929070442914963 2.342274181544781 208.4184459149837 13.98087721318007 1.34492601454258 3.73997912555933 8.80968165397644 2.083169631659985 2.396871335804462 4.100224047899246 0.5230413973331451 1.024994067847729 120.9457165077329 4.34050078690052 0.3489889800548553 0.3139679357409477 1.24178571254015 0.6693205386400223 0.9780945256352425 1.591719463467598 5.563876047730446 5.23763432353735 65.81581699848175 307.2430979460478 31.75880274176598 29.41392280161381 4.569502867758274 20.20987123996019 0.8045667707920074 60.21645054221153 2.3167380169034 2.881958276033401 1.50686276704073 2.031685046851635 2.41012204438448 14.38633565604687 61.84423155337572 4.235836319625378 0.249272458255291 97.26901307329535 97.92448611557484 139.5230418518186 59.06524156033993 13.14988250285387 246.3154382333159 1412.319776646793 7.086694836616516 98.81417510658503 12.49049489945173 0.4346386566758156 2.614842444658279 2.793835759162903 1.477949313819408 0.1637477725744247 0.5355081781744957 0 0.3134583011269569 0.13064144551754 10.03553867340088 2.158206149935722 1.046463571488857 64.29624336957932 12.55413979291916 0.4740768522024155 1.158570297062397 132.3663628324866 0.5321512594819069 0 0.6242410913109779 0.9877608045935631 0.1125314235687256 5.29635126888752 0.4136309623718262 4.942084416747093 9.009310476481915 15.52455998212099 3.287312217056751 37.92067192494869 19.71715264767408 27.57466784864664 23.43750284612179 0.2996514812111855 0 0 0 0 0 0.1461118012666702 0.1091496720910072 0 0.1359723806381226 0.9241307079792023 0 0 0 0 1.278149157762527 0 0.5564934611320496 0.151865616440773 0.715147390961647 0.2411883026361465 0 0.2228907495737076 0 12.70406320691109 1.859163962304592 21.83881095796824 1.011993199586868 0.7283125668764114 1.101669311523438 0.7745428457856178 0.2640135139226913 0 0 0.4296084046363831 0 0.562222808599472 0.2907626926898956 0 0 0 0.1839784309267998 1.127556078135967 0 0.3075926899909973 0 0.3040172159671783 0.3125665485858917 0.4453232958912849 0 0 4.39041942358017 0 0 0.09423602372407913 0 0 0 0 0 0.4954361245036125 11.42163167148829 1.155067376792431 0.2950328886508942 0 0 1.78705270588398 0 0.3940962255001068 0.3593936562538147 0.5883754193782806 0.5237926095724106 0 0.1970852017402649 0 0.08635498583316803 0 0 0.1375975012779236 0 0 0.1256555914878845 16.24423906952143 6.345743030309677 6.208773225545883 384.9461803585291 15.90924599021673 275.1169689297676 111.5016663074493 85.46601384878159 47.7660908177495 2.005246534943581 22.79045417904854 18.09641616791487 0.4278473705053329 3.032748118042946 1.085536867380142 12.21324408054352 0.6745841503143311 0 0 6.368512719869614 1.713447146117687 57.86409781128168 9.475151740014553
60.12817314267159 129.6475150734186 73.53855530917645 47.37267919629812 114.1791840717196 282.1193342655897 397.6307539567351 32.81634887307882 121.3470652699471 1901.92877381295 156.7322131097317 75.3135028257966 4129.476240105927 543.3816308230162 20.69536650180817 21.99253380298615 12.0546793192625 0.2559974491596222 0 0.1499954909086227 0.5387001633644104 0.1386804729700089 0 0 0 0.1593698412179947 0.1439466625452042 0.3921261131763458 0.5082659125328064 0 41.31106639653444 1.135827176272869 101.3334059417248 0.1116413623094559 0 0.08130119740962982 377.1795025914907 5.903084695339203 7.27703583240509 6.282451823353767 1.369045436382294 0.5093729645013809 0.5267363786697388 3.032238647341728 0.1948574781417847 1.477564610540867 34.40934802591801 0.8525229319930077 0.254706472158432 0.1038576886057854 0 1.162137538194656 2.214161343872547 0.65745809674263 0.4625207558274269 0.6422774195671082 12.76249495148659 19.86209145188332 4.191520601511002 6.364344924688339 2.429014414548874 12.16575843095779 0.1011773347854614 2.510037302970886 0.4395184367895126 0.6309321820735931 0 0.08920662105083466 0.1442097276449203 2.115429997444153 196.6646204590797 37.16862508654594 0 14.69299365580082 7.830452129244804 22.10615526139736 10.57303371280432 1.501089543104172 0.2814611494541168 72.71159287542105 3.145667277276516 5.142980098724365 3.283695884048939 0 0.534464992582798 0 0.2764074802398682 0.285918265581131 0.09014921635389328 0.3682039603590965 0 0.2978419810533524 0.4367931485176086 0 0.2535018473863602 1659.677798226476 186.3820526748896 1.058893732726574 10.27769837528467 139.5169141739607 2.572317093610764 0.4634475857019424 11.05408669263124 8.4752566665411 7.171666316688061 33.73614650219679 11.83909959346056 46.5626260265708 87.64370410889387 139.0398914217949 23.58995407819748 289.354229785502 212.1251722946763 239.3428023979068 153.8245207443833 1.808263868093491 2.047556795179844 0.4882153496146202 0.2909504026174545 0 0 0 0.1999405324459076 0.1034492626786232 0 0.1130686402320862 0 0.3682576939463615 0.2229967340826988 0 0 0.3689344450831413 0 0 3.895402960479259 2.474170424044132 0 0.7334556430578232 0.2038786634802818 72.43660298734903 6.940663732588291 122.5431256070733 6.859617732465267 3.275340996682644 0.2182879075407982 0.2277523130178452 0 0.09480095654726028 0.6136248558759689 0.2893416583538055 0.1044990792870522 1.944828145205975 1.227561458945274 0 0 0.1214295998215675 0.3094587326049805 0.2507603466510773 0.3447615802288055 0.4875265508890152 0 3.746656380593777 5.696260794997215 2.614303149282932 0.2533733919262886 2.018477268517017 28.95283941924572 0.8730366826057434 0.10293348133564 0.1155508235096931 0.176148310303688 0 0 0 0 0.2414736896753311 114.4151585698128 6.921075165271759 0.1443299800157547 0.1236086487770081 0 20.74772335588932 0.2292631939053535 1.710681214928627 3.767762124538422 5.930620700120926 4.604830779135227 0 0.8573518395423889 0.1897687464952469 0 0.1036728769540787 0 0.128296285867691 0 0 0.1504740864038467 153.0324100404978 37.34537497907877 40.48467089980841 268.8407551720738 11.52653611451387 90.87947062402964 59.35367029905319 435.6103563532233 17.2381629422307 1.200698718428612 13.78383923321962 87.09530720114708 0.1169708743691444 19.44843067228794 3.254947163164616 67.88831878453493 1.125682704150677 0 2.06304033100605 3.524196952581406 1.18362295627594 857.8634808138013 97.1988922059536
284.3656632378697 1642.942873381078 526.0501498654485 1508.966025665402 1729.549208752811 260.4311207607388 7850.679860636592 277.8044927939773 1794.753892682493 9248.074324503541 1435.44488260895 4129.476240105927 4532.240960463881 4653.59855607897 86.43238179385662 91.31818671524525 35.30734261125326 0.954177051782608 0.1170471683144569 1.481780126690865 6.905784480273724 5.196774370968342 0.4521580040454865 0.2697293013334274 6.517163760960102 1.337552383542061 0.1428463160991669 1.229133680462837 1.126485377550125 0.5933106243610382 230.8138439282775 10.35944082587957 598.9155420958996 0.1294673383235931 0.6866183802485466 3.601853117346764 904.7763558402658 41.66252195090055 22.12838879227638 22.62706161290407 3.573622427880764 1.787008747458458 1.279977567493916 9.60757302492857 0.2487803772091866 2.824720464646816 146.0407089553773 3.934547409415245 0.6077095493674278 0.6133324280381203 0.241201288998127 1.948775209486485 17.94197948276997 2.914385803043842 2.817010290920734 3.664115764200687 41.84774702787399 121.0517367646098 25.95776388794184 26.65796204656363 7.874857544898987 33.50419405847788 0.8091321885585785 20.58974106609821 2.159569546580315 2.793347306549549 1.769457094371319 1.268507219851017 1.945101924240589 9.79234679043293 698.5636029243469 44.8085722848773 0.4258057475090027 62.04266287386417 45.33776908367872 126.7331805080175 48.48699375241995 10.67312180995941 2.292436562478542 282.3052339032292 10.99978812038898 23.82206842303276 10.5383417904377 0.5793608352541924 1.645653046667576 2.443884380161762 0.97918850928545 0.1733888313174248 0.5533774718642235 0.4710743874311447 0.463495634496212 0.3046519160270691 7.374555595219135 0.7630436569452286 1.313382253050804 1464.745397865772 106.5086282417178 4.007452629506588 9.511980332434177 152.7331701591611 4.903422668576241 3.604717552661896 23.2562290802598 23.12088660150766 10.52040553092957 68.57201361656189 21.29641166329384 84.88058982044458 178.2335438877344 216.9300850853324 35.20744340121746 522.7764989212155 328.3521386384964 358.4769774377346 234.653577812016 2.758651733398438 0.6495450586080551 0.714377149939537 1.101471655070782 0 0 0.2515916526317596 0 0 0.1246492937207222 0.2367274239659309 0.7043735980987549 1.065036095678806 0.8357209488749504 0.1030318886041641 0.5911409705877304 0.7687495276331902 0.2694566771388054 0.08517920970916748 8.059293769299984 2.259695321321487 0 3.324056126177311 0.2058047503232956 120.0605740621686 11.57671183347702 209.595203563571 18.40434073656797 6.553377494215965 0.7304976209998131 0.364973783493042 0 0.117065392434597 1.544258624315262 1.05153988301754 0.8175609111785889 3.589620403945446 2.480686418712139 0 0.0939788892865181 0.487879253923893 2.136449173092842 0.1132986769080162 0.2227818220853806 1.653038740158081 0 6.835885249078274 10.26002568006516 2.659340180456638 0.5765823274850845 2.95281795412302 52.55181280523539 0.7761787325143814 0.3614357709884644 0.2736570164561272 0.1992746219038963 0 0 0.1655327528715134 0 0.4667856320738792 164.1818778216839 15.77048266679049 0.3922091573476791 0.5495183244347572 0.5786191076040268 34.19262462109327 1.347387820482254 2.663166329264641 6.52432107180357 12.582873493433 3.970315866172314 1.950276345014572 2.046896763145924 0 0 0.09257332235574722 0.1029714569449425 0.1149096116423607 0 0.2180296778678894 0.1097854748368263 219.3443414717913 94.90865820646286 68.95219440758228 981.2246037572622 31.4527784511447 350.4860498830676 205.1407524123788 432.8713960573077 61.41207904368639 2.772869050502777 37.18003098666668 169.3742920681834 0.5972491577267647 28.52592700719833 5.416448757052422 119.733470723033 6.731157295405865 0.1102228090167046 1.667186453938484 12.5246302112937 3.708116769790649 670.610111631453 125.1109405010939
