716.0272978506982 3011.255433421582 295.0493765547872 2108.73114592582 171.0187363475561 172.7440699413419 1021.05391830951 111.6400887444615 326.7445429563522 2311.771606095135 243.7020148485899 502.2862318754196 1314.270415395498 514.7558890134096 4.673678137362003 2.939109593629837 0.5027227401733398 0.4007294699549675 0.1699986308813095 0.1929076388478279 0.9497736170887947 0 0.3724495470523834 0.08816381543874741 0.2484876364469528 0 0.1554121002554893 0 0.370874285697937 0 642.0786816328764 89.23071778565645 3.316174015402794 0.1833870857954025 1.250089690089226 0 19.29799220710993 0.4088279530405998 0 0 0 0 0.4876578003168106 0.4238505885004997 0.1545262634754181 0.2994230985641479 55.83469446748495 2.818850509822369 0.6927391737699509 1.257411375641823 0.4113422185182571 0.07631479203701019 0 0 2.455432094633579 11.8020862787962 173.24129986763 714.4127389639616 9.158538140356541 33.89005403965712 0.430312916636467 0.6596763357520103 0.214443027973175 30.59616369009018 8.852741844952106 4.250224206596613 1.568686343729496 1.190843984484673 1.618553355336189 1.781995192170143 7.997845597565174 0 0 174.8781246095896 53.03010263293982 43.00962470471859 8.406562231481075 1.154637083411217 0.562857061624527 5.231478877365589 0.0846225693821907 0.6463885754346848 12.97188405692577 0.8166081383824348 4.724211774766445 7.554249860346317 1.393658585846424 0.09331240504980087 1.993971951305866 0.1587681472301483 0.5158143565058708 0.2782684043049812 2.058417469263077 0.346083015203476 0.1835091188549995 29.77837287634611 5.464357867836952 0 0.1046798974275589 1085.391034416854 0.101744070649147 0.5258577913045883 3.010968238115311 19.41904460638762 0 1.625851862132549 1.386594474315643 1.555533744394779 3.166830152273178 10.9979382455349 0.8603574335575104 12.37598998099566 1.671992994844913 8.002625025808811 7.702207148075104 0 0 0 0 0 0 0 0 0 0 0 0 1.016734778881073 0 0.2190452069044113 0 0 0 0 0 0.3461754098534584 0 1.190147876739502 0 5.457831896841526 0.7188729643821716 3.242676787078381 3.413820192217827 0.7805025428533554 0 0 0 0 1.060853123664856 0 0 0.08152934908866882 0 0 0 0 1.415622055530548 0 0 0 0 0 0 0 0 0 2.696519672870636 0 0 0 0 0 0 1.249209880828857 0 0.1162096112966537 10.03638694435358 0 0 0.07363452762365341 0 0.4277543798089027 0 1.416939496994019 0.2373751103878021 0.4767246842384338 0 0 0.1094427332282066 0 0 0.07083970308303833 0.08011656254529953 0 0 0 0 7.276878252625465 3.423754781484604 6.078978158533573 222.6529651656747 3.713009685277939 115.632579125464 4.707854215055704 372.7084827572107 17.65836161375046 0 5.341009259223938 25.30504721403122 0.09292132407426834 0 0 19.28186545521021 0 0 1.375960230827332 0.723509393632412 0.5593515634536743 102.9242908731103 3.942290529608727
3011.255433421582 2511.248792305589 2097.710273556411 2009.446462824941 3090.780982576311 79.96778873354197 3933.398768156767 106.0655269734561 5746.092958912253 1465.371682092547 341.2981743216515 476.9587652534246 3440.989275682718 2582.248256698251 19.83300492912531 8.696362771093845 1.502307899296284 0.7611927911639214 0.2999991476535797 0.3023074381053448 0.4074577987194061 0 0 0.09879571944475174 0 0.08555233478546143 0.2012347131967545 0 0 0 2422.501868691295 27.63113007694483 16.55093228816986 0 0.2333377003669739 0 79.63196939229965 0.7281607463955879 0.1967737153172493 0.1100628525018692 0.07630228251218796 0.1555062457919121 0.2895072177052498 2.164524897933006 0.4187540784478188 0.3950815722346306 217.6776386573911 5.312812574207783 1.010631263256073 0.7992544546723366 0.7439904138445854 0 0 0 4.155885495245457 17.01839006319642 136.424876742065 575.4354337900877 15.05251316726208 71.5457961037755 0.3677547089755535 1.631402350962162 0.6228461302816868 32.79850554466248 12.56226890906692 6.433492917567492 2.067997895181179 1.487432226538658 1.004377484321594 0.4750628843903542 32.44014072418213 0 0 276.5052763000131 116.4153591170907 123.6388747394085 39.34493108093739 5.871918305754662 1.608958624303341 4.864992804825306 0.7131998650729656 0.7956395149230957 19.78484535962343 1.117524169385433 7.702070683240891 9.254108861088753 1.733057610690594 0.391801655292511 3.484587259590626 0 1.079697720706463 0.08721310645341873 0.8973427414894104 0.5636187866330147 0.1860748454928398 85.16321614384651 1.623155832290649 0 0 467.7693232819438 0.3166488111019135 0.1235814616084099 3.219487644731998 12.29450823366642 0.1996103227138519 3.962945304811001 2.570346720516682 1.145645223557949 4.786397136747837 12.16084948927164 2.243947505950928 18.28387897461653 2.685569390654564 6.720765858888626 14.21859854459763 0 0 0 0 0 0 0 0 0 0 0 0 0 0 0.1586500257253647 0 0 0 0 0.3705947995185852 0.1213654279708862 0 0 0 6.648484237492085 0.8233645409345627 6.291248746216297 3.074128828942776 0.2009669244289398 0 0 0 0 0 0 0 0 0.3460701555013657 0 0 0 0.120842307806015 0 0 0 0 0 0 0 0 0 1.544523254036903 0 0 0 0 0 0 0 0 0 20.76067005842924 0.1052867323160172 0 0 0 1.528146915137768 0 0 0.1435823440551758 0 0 0 0 0 0 0 0 0 0 0 0 20.82281881570816 7.418569058179855 4.246429145336151 191.3932135105133 4.155679378658533 309.5426372922957 18.93036795407534 265.0820619910955 47.33140289783478 0.3874722495675087 26.18985729664564 15.82849481701851 0 0.3963409066200256 1.705781318247318 14.99417263269424 0 0 0 1.447350695729256 0 88.36324673146009 8.868511602282524
295.0493765547872 2097.710273556411 1282.713779754937 27.92117758095264 1409.17321781069 5.107783257961273 264.5766174197197 2281.866901092231 5481.732498124242 21.55658213049173 2665.002924606204 12.27111396938562 417.5969284921885 3989.711450710893 41.00999119877815 27.48964864015579 1.085267931222916 0.2933656126260757 0.5463434904813766 2.773362316191196 5.529653117060661 0 4.381653152406216 1.741021037101746 3.433443821966648 0.4991786032915115 3.705202996730804 0 0.3686226606369019 0.1467979997396469 4515.116665445268 612.7283885627985 136.1295137628913 1.622613281011581 19.25296464562416 3.513193540275097 51.56750179827213 11.77440287172794 2.511815294623375 0.8537492454051971 3.53984622657299 0.8423007652163506 1.576207205653191 2.491303972899914 0.5542218089103699 1.684357732534409 143.3318837955594 2.526746846735477 0.3655563145875931 1.671898543834686 0.4140976890921593 0 0.2977665811777115 0.1175108626484871 1.710708655416965 6.777203924953938 75.46180994063616 420.2601199522614 6.830291382968426 29.26756051182747 4.472887091338634 40.97813585400581 5.337320744991302 344.6116677522659 5.886367358267307 1.743833240121603 1.139235012233257 1.32025284320116 3.08336029201746 11.17124643921852 13.74280647933483 0.5165082663297653 0 122.3728301152587 73.85778223723173 87.76858904212713 39.3198127374053 7.792700856924057 6.605977408587933 363.4779576435685 0.460680365562439 50.00605779141188 7.009748548269272 0.2649309486150742 3.15881435573101 4.228979669511318 1.727663554251194 0.2251292914152145 1.353326968848705 0 0.4926168769598007 0.5017847567796707 14.54795862734318 7.079055972397327 1.141571864485741 7.079770974814892 0.5905620232224464 0 0.9726571813225746 162.5285643562675 0 0.07018008828163147 0.1078537032008171 0 0.1550490111112595 1.620631672441959 0.1025428399443626 0.247219555079937 0.3192290067672729 0.6930234581232071 0.1246077045798302 2.153237335383892 0.8253537863492966 1.801605448126793 5.902543760836124 0 0 0 0 0 0 0 0 0 0 0.4170059636235237 0 0 0 0 0.1151832193136215 0 0 0 0.2808286249637604 0 0 0.2350298315286636 0 4.868019953370094 0.5225631147623062 2.739026129245758 4.969527631998062 0.6759793534874916 0 0 0 0 0 0 0 0 0 0 0 0 0.5378941521048546 0.7175932228565216 0 0 0 0 0 0 0 0 2.262050569057465 0 0 0 0 0 0 0.07657290250062943 0 0 10.86443251371384 0.1339159309864044 0 0 0.1194113418459892 1.034254856407642 0 0.1666393280029297 0 0 0 0 0 0 0 0 0 0 0 0.1112515330314636 0 6.789323702454567 3.792396873235703 5.001682057976723 123.1555911824107 3.655327618122101 177.543147623539 25.78906881809235 67.37499883025885 23.04384718835354 0.2083422839641571 21.59353641420603 2.072761915624142 0 0 0.2818614169955254 0.248087652027607 0 0 0 3.299067482352257 0 21.16903978586197 3.748618647456169
2108.73114592582 2009.446462824941 27.92117758095264 390.6920424327254 141.21213722229 251.7873150780797 908.9575089141726 6.403004221618176 101.2379227876663 4950.037945106626 39.25177798420191 1257.663242608309 2605.122277587652 515.2957091778517 1.31818388402462 0.7918971925973892 0.2003836184740067 0 0 0 0 0 0 0 0 0 0 0 0 0 40.25678683072329 0.7934412881731987 5.388010665774345 0 0 0 29.99001953005791 0 0 0 0 0.06483799964189529 0 0.3834649622440338 0 0 29.82119455188513 0.4631878361105919 0.07840973138809204 0.2766015231609344 0.2171925753355026 0 0 0 1.405130818486214 1.590516708791256 25.18953355401754 86.32823807001114 1.871258333325386 10.47356290370226 0.1634199842810631 0.2005406469106674 0.1595802754163742 2.222130507230759 1.62698295712471 0.5144962072372437 0.3864007741212845 0.1737836301326752 0.1811849921941757 0.0881882980465889 12.89592872560024 0.1904043853282928 0 40.34639941900969 12.1454670727253 14.25670790672302 4.474079348146915 0.1778891608119011 0.2020851224660873 0 0 0 2.636365674436092 0.1116947010159492 0.6958608627319336 1.109032526612282 0.2092966139316559 0 0.1906763315200806 0 0 0 0 0 0 64.53983259946108 29.98285214602947 0 1.295329548418522 439.965188279748 0.4728800430893898 4.435026533901691 8.32793178409338 81.59648266434669 0 15.34609945118427 9.630977213382721 5.538157612085342 29.94031745940447 52.63878714293242 0.702424481511116 20.92090813815594 56.2078013047576 17.52485118061304 6.841901153326035 0 0 0 0 0 0 0 0 0 0 0 0 0 0 0 0 0 0 0 0 0.3182933330535889 1.065548658370972 0 0 1.289883017539978 0.4450515508651733 3.105353020131588 0.7584628537297249 1.952173471450806 0 0 0 0 0 0 0 0 0.1047847867012024 0 0 0 1.237769246101379 0 0 0 0 0 0.1621640771627426 0 0 0 0.1184331625699997 0 0.155283510684967 0 0 0 0 0 0 0 7.475868485867977 0 0 0 0 1.111471086740494 0 0.2791121602058411 0.1736031398177147 0 0.07777867466211319 0 0 0 0 0 0 0 0 0 0 13.29399768263102 0.8681976199150085 2.66591165214777 90.49955911189318 0.1858176663517952 40.32738468796015 3.400998480618 218.5468021035194 8.759039722383022 0 4.196274220943451 8.290918275713921 0 0.8034138679504395 0 12.84716450423002 0 0 0 1.590583801269531 0 65.51414071023464 3.115901432931423
171.0187363475561 3090.780982576311 1409.17321781069 141.21213722229 1786.123692162335 13.1653454080224 2421.833635762334 24.68591073900461 5357.56973837316 255.1542244181037 180.3221082538366 43.52922470867634 916.7172322571278 2864.564023405313 16.92499199509621 8.35961838811636 1.75134988874197 0.1046234145760536 0.1015080735087395 0.1824546456336975 0 0 0 0.1016345918178558 0 0.07745438069105148 0.3331181406974792 0.3001146614551544 0 0 312.9840181544423 20.09172365814447 10.92437074333429 0 0.2127844393253326 0.07797563076019287 22.67036256194115 0.5635308772325516 0 0 0 0.08386319875717163 0 0.8430528342723846 0.5738552436232567 0.2640281692147255 99.75479886680841 1.08927609026432 0.08294785022735596 0.09797070920467377 0.1686454713344574 0 0 0 1.275897413492203 4.456860266625881 28.91825876757503 68.13436809182167 4.613499388098717 21.92320094257593 0.1720995977520943 1.363197050988674 0.1515072286128998 6.61230281740427 2.747916616499424 1.858675703406334 0.3903918042778969 0.2545370832085609 0.1745679005980492 0 8.105862513184547 0 0 55.18581286072731 29.34634288400412 45.61307144165039 17.58903383463621 2.045785896480083 0.7077383771538734 3.736407876014709 0.167537696659565 0.8408668786287308 4.118814937770367 0.2591021209955215 1.194302547723055 2.529541276395321 0.08134768158197403 0.1686545461416245 1.038431696593761 0 0.4061089307069778 0 0.3533603176474571 0.08724736422300339 0 20.96581539511681 0 0 0.2690214663743973 28.66996943950653 0.2440316155552864 0.2762077152729034 0.6248962879180908 0.7065169438719749 0.4487668946385384 1.319642014801502 0.5270975157618523 1.349699780344963 1.657501004636288 5.588992863893509 0.9357686042785645 10.45320834964514 1.287612266838551 5.099688924849033 12.76659312844276 0 0 0 0 0 0 0 0 0 0 0 0 0 0 0 0 0 0 0 0.792356476187706 0 0 0 0 4.25428594648838 0.8783095479011536 2.184450685977936 1.942291311919689 0 0 0 0 0 0 0 0 0 0 0 0 0 0 0 0 0 0 0 0 0 0 0 0.9180921465158463 0.1858395785093307 0 0 0 0 0 0 0 0 11.59525277465582 0 0 0 0 0.1389909535646439 0 0.1138983517885208 0 0 0 0 0 0 0 0 0 0 0 0 0 11.36590537428856 2.356189504265785 5.021913714706898 126.1390964314342 1.603037461638451 141.696834884584 16.16137181222439 79.1395673006773 23.05471809953451 0 30.37503289431334 8.314903244376183 0.2367045730352402 0.1166657730937004 0 8.375437594950199 0 0 0 0 0.1640925705432892 34.89594580233097 3.466440834105015
172.7440699413419 79.96778873354197 5.107783257961273 251.7873150780797 13.1653454080224 13.76414752006531 43.81237886846066 3.139257177710533 6.480732306838036 828.4048136770725 5.631818637251854 119.7020915225148 179.6600140705705 82.76648087799549 0 0.1123972609639168 0 0 0 0 0 1.533734202384949 0 0 0 0 0 0 0 0 8.561865948140621 0 49.73959039896727 0 0 0 54.61975283175707 0.4150176793336868 2.889809235930443 0.5428133904933929 0 0 0 0 0 0 3.463019862771034 0.371755987405777 0 0 0 11.19315568357706 0 0.1434245556592941 0.1351725459098816 0.3745369836688042 198.4720368608832 10.86204998940229 0.511454813182354 0.8928861320018768 0 1.363908872008324 0 0.2056136727333069 0 0.158484660089016 0.08634047210216522 0 0 0 111.2435991317034 72.48741346597672 5.412477888166904 3.384379088878632 1.093004934489727 1.976877391338348 0 0 0 0.7504647001624107 0 1.290015935897827 0.2230779901146889 0.2323325946927071 0 0.5175610855221748 0.09776528924703598 1.871618293225765 1.202964752912521 10.54437454044819 0.1774924397468567 3.378925964236259 0 0 0.4137262552976608 438.9270778000355 223.984657138586 1.781954914331436 38.66248970478773 431.0506125316024 0.7378809899091721 1.367634907364845 5.820289492607117 14.84870256483555 0.252685546875 10.56970266252756 5.223585821688175 7.907249048352242 10.07551294565201 52.88107364624739 3.514997504651546 54.97670697420835 12.85782010108232 32.1053077802062 43.14644501358271 0.2230190187692642 0 0 0 0 0 0 0 0 0 0.4931619018316269 0 2.991106808185577 0 2.259380906820297 0 0.16572605073452 0.9271174967288971 1.090538084506989 0.784814327955246 0.6861351355910301 0 1.105421662330627 0 18.17886357754469 2.158452570438385 10.48408461362123 12.26545787602663 5.139548115432262 0 0 0 0 0.7158234715461731 0 0 0 0.6295349821448326 0 0 0 3.245245352387428 0 0 0 0 0.2388316839933395 0.090772345662117 0.1128266081213951 0.8444047868251801 0.4796425998210907 5.852963998913765 0.1128368824720383 0 0 0 0 0 0.1116498783230782 0 0 46.15974466502666 0.9689409136772156 0 0 0 3.624608881771564 1.948319762945175 3.270437568426132 1.347706079483032 0.1781429797410965 0 0 0 0 0 0 0 0 0 0 0 61.59268871694803 11.27719114720821 16.05293134599924 246.9681768491864 0.4132677763700485 3.993399396538734 0.4750005230307579 130.6582012474537 6.27161693572998 0 1.778057634830475 91.94775328040123 0.1342840492725372 0.9381760954856873 0.2005999684333801 80.95518758893013 0.1595479398965836 4.9436976313591 0 0 0 148.0247817784548 11.48808375000954
1021.05391830951 3933.398768156767 264.5766174197197 908.9575089141726 2421.833635762334 43.81237886846066 894.6947106793523 10.46700902283192 2349.934183560312 1008.72264675796 55.87643725052476 409.720915324986 5129.940506480634 866.0680797025561 13.19086945056915 7.250941686332226 0.7431098073720932 0.2621790692210197 0.08146920055150986 0.1059577167034149 0.1906336694955826 0 0 0 0.1745457574725151 0 0 0 0 0 279.0946029946208 7.063700668513775 8.941395834088326 0 0.1537782698869705 0.1380748897790909 60.24290506541729 0.1310536563396454 0.2579748034477234 0.08487919718027115 0.0689716562628746 0 0.3643293306231499 1.095946840941906 0.366351842880249 0.6463894695043564 124.3244177997112 2.253935486078262 0.4522888883948326 0.3957220017910004 0 0 0 0 2.021406017243862 7.978580161929131 51.99917974695563 168.1565590873361 5.752737022936344 36.46642368286848 0.366480179131031 0.7291160747408867 0.3474421873688698 11.1952478736639 5.884641423821449 2.464841514825821 0.8044754564762115 0.4862753301858902 0.3908192217350006 0.2541788071393967 25.02243374288082 0 0.2238878011703491 117.5446714237332 52.77668743208051 59.55977907776833 21.12882160395384 2.769718207418919 0.631679855287075 1.560799635946751 0.2613736316561699 0.4858881607651711 8.145232826471329 0.3933262750506401 3.492093160748482 3.630616091191769 1.043697707355022 0.2506382763385773 1.347606413066387 0 0.4553559422492981 0 0.1273920834064484 0.2271843478083611 0.1131131574511528 46.79866188764572 2.420377016067505 0 2.518222101032734 70.85491250455379 0.2079818993806839 2.368578232824802 13.53937764465809 12.61816471815109 0.318389855325222 5.085917584598064 1.59296977519989 4.824030913412571 10.57833956927061 3.843495257198811 1.180367946624756 18.76747718453407 6.165361113846302 7.354347757995129 12.7629322707653 0 0 0 0 0 0 0 0 0 0 0 0 0 0 0 0 0 0 0 0 1.590135052800179 0 0 0 5.038194008171558 0 3.56383116543293 2.110775217413902 0 0 0 0 0 0 0.5513060092926025 0 0 0.2045033574104309 0 0 0 0.5800748616456985 0 0 0 0 0.1088186874985695 0.0741095244884491 0 0 0 0.6102381199598312 0 0 0 0 0.1000202596187592 0 0 0 0 19.26737191528082 0.1023469641804695 0 0 0 1.076286002993584 0 0 0.2343764826655388 0.08848649263381958 0.2109869122505188 0 0 0 0 0 0 0 0 0 0 14.39338048547506 4.387069456279278 4.852654449641705 128.2961809635162 2.909131750464439 161.6811843588948 11.50325267016888 132.9160765185952 22.71430519968271 0 19.59875754266977 10.07105141878128 0 0.9506893903017044 0.1154719740152359 13.33838556706905 0.1227418333292007 0 0 1.164681665599346 0 59.92333266884089 10.91522292047739
111.6400887444615 106.0655269734561 2281.866901092231 6.403004221618176 24.68591073900461 3.139257177710533 10.46700902283192 1187.943657033145 594.0971405431628 11.10698836296797 1912.815909892321 1.618531949818134 67.1386696472764 1154.113395895809 151.572996892035 103.3595625981688 9.206767112016678 6.289436534047127 0.5541611388325691 20.6253405585885 59.18056043237448 1.287363469600677 32.8345785588026 25.60397800058126 32.96502585709095 9.339193031191826 30.97326133400202 2.179327487945557 2.030302867293358 2.5300073325634 2352.454974278808 3738.264201201499 138.5034743323922 13.41022900491953 167.0967473313212 46.91011679172516 29.04904787987471 38.3372683301568 5.425701007246971 2.849064476788044 30.17998798936605 13.58705107867718 8.176488682627678 13.6464047729969 2.401884436607361 15.21131708472967 523.352229077369 3.779174230992794 1.897851005196571 6.380562178790569 3.630184218287468 0.8534061759710312 0.9553759694099426 1.49357420951128 2.940172255039215 7.993619501590729 91.92438119649887 374.1237360388041 12.01748567074537 89.00062099844217 231.438894867897 368.1721285283566 51.87947974354029 1076.099054463208 8.26836109161377 5.194524291902781 1.571113243699074 4.212355680763721 12.72410944849253 75.37395936995745 2.483859844505787 3.144042924046516 0.5536976307630539 227.07170907408 214.8798722848296 285.525085106492 308.6052204966545 864.5563888475299 696.0575948655605 1799.572112075984 66.30037907510996 1445.799389228225 12.38497260957956 0.813908576965332 5.515436455607414 6.838568650186062 3.400199435651302 0.09108874201774597 2.04373275488615 0.1027899011969566 1.510003134608269 1.040392093360424 88.35951366275549 41.36444249004126 7.821735769510269 3.034000396728516 0.1245000809431076 0 0.2189856767654419 46.88558351993561 0.09928298741579056 0.2429071664810181 0.1139466539025307 0 0 0.4899094104766846 0 0.132787823677063 0.4629095643758774 0.3557017967104912 0.1214969083666801 0.9028117135167122 0.5943828821182251 1.218901760876179 3.373507171869278 0 0 0 0 0 0 0 0 0 0.5121990591287613 2.386869162321091 0 0 0 0 1.96461209654808 0.6958582401275635 0 0 0 0 0 0.3648001849651337 0 3.312336601316929 0.7755886390805244 4.184358090162277 4.235110335052013 1.942983701825142 1.359997510910034 0.2668862342834473 0 0.1239056885242462 0 0 0.1518552452325821 0 0 0 0 0.6772737354040146 2.25767220556736 3.404141508042812 0.06616208702325821 0 0 0 0 0 0.8725184947252274 0 1.767611771821976 0.1831780523061752 0 0 0 0 0 0 0.128650963306427 1.166280895471573 7.193579658865929 0.1594671308994293 0.3709192723035812 0.122052289545536 1.913773439824581 0.1398887187242508 0 1.234415739774704 0 0.1588613837957382 0.09971929341554642 0.1220919713377953 0 0 0 0.1848037764430046 0 0 0.1033322960138321 0.4288638606667519 0.3965322896838188 1.789363406598568 6.591113314032555 6.757200442254543 315.434587597847 19.0909848511219 523.8986034691334 69.71630993485451 81.60953793674707 60.78923461586237 1.375232726335526 66.19449528306723 3.458928950130939 0.1287107020616531 0.2635723426938057 0.2279750257730484 0.08081004023551941 0 0 0.09795404225587845 4.85656800121069 0.711392730474472 25.2745553702116 2.168984889984131
326.7445429563522 5746.092958912253 5481.732498124242 101.2379227876663 5357.56973837316 6.480732306838036 2349.934183560312 594.0971405431628 1939.054317966104 126.6091412678361 1133.740305256099 37.46741731464863 1024.669343829155 1821.236520633101 11.99260960519314 6.081701807677746 1.47136902064085 0 0.3249948844313622 0.1469243615865707 0 0 0 0 0 0 0 0 0 0.1104370355606079 912.2492741718888 32.36446079611778 9.817685097455978 0 0.2995391935110092 0 22.68098201602697 0.507928878068924 0 0 0 0 0 0.2897599413990974 0.2230075672268867 0.1914816796779633 54.81840394437313 0.7407988458871841 0.08681294322013855 0.1665131449699402 0.1629145219922066 0 0 0 0.6620660498738289 3.22757837921381 27.84868124872446 102.0325975343585 3.560940057039261 16.60408218204975 0 1.279145829379559 0.1384508609771729 6.3866051658988 2.248023249208927 1.247282139956951 0.5142610892653465 0.5112445279955864 0.257892869412899 0.4758538827300072 5.535848170518875 0.1822994500398636 0 50.20940661430359 25.278290130198 33.73686137795448 11.84203659743071 1.796724565327168 0.2611549943685532 58.47063501179218 0.0657462403178215 0.521547332406044 4.264491707086563 0.2140243351459503 1.234447695314884 2.279881611466408 0.237272210419178 0 1.058747299015522 0 0 0.1229632645845413 0.3238035216927528 0 0.1765431016683578 11.33346596360207 0 0 0 52.91933230310678 0.1069507300853729 0 0.1135475188493729 0.1382106095552444 0.4466187357902527 1.033573806285858 0 0.540036179125309 0.3694764748215675 3.516741864383221 0.9981506764888763 4.620332978665829 0.4629579111933708 2.880140542984009 4.239210337400436 0 0 0 0 0 0 0 0 0 0 0 0 0 0 0 0 0 0 0 0 0.1385893821716309 0 0 0 2.461950823664665 0.6984164714813232 1.607059665024281 0.6601406037807465 0.2156272381544113 0 0 0 0 0 0 0 0 0.08501056581735611 0 0 0 0.6882475018501282 0 0 0 0 0 0 0 0 0 0.2072765082120895 0 0 0 0 0 0 0 0 0 4.243091478943825 0 0 0 0 0.6731623262166977 0 0 0 0 0.09753899276256561 0 0 0 0 0 0 0 0 0 0 3.51020272821188 3.383432567119598 1.867865867912769 80.53639647364616 1.180402725934982 95.79869805276394 11.06028748303652 44.29515333473682 13.80827806890011 0.1578762978315353 12.82122389227152 4.248143881559372 0.1374968290328979 0 0 3.466623373329639 0 0 0 0.3750266134738922 0.5960561037063599 18.14698973298073 0.9124178886413574
2311.771606095135 1465.371682092547 21.55658213049173 4950.037945106626 255.1542244181037 828.4048136770725 1008.72264675796 11.10698836296797 126.6091412678361 2823.803192079067 19.44132121652365 2501.970682531595 6906.616232313216 1288.726264856756 20.95361936837435 7.395583420991898 1.650984644889832 0.07802404463291168 0.07778304815292358 0.4513298869132996 0.09816060960292816 0 0 0 0.9734776020050049 0 0 0 0 0 65.45496392995119 4.806135036051273 341.4566872790456 0.09341521561145782 0.521069809794426 0 533.2394604086876 6.256316192448139 1.480159312486649 0.1436187922954559 0 0 0 0.2903051897883415 0.2016827836632729 0.1494236066937447 186.9256984293461 1.886514909565449 0.3511958196759224 0.1580151170492172 0.08174403756856918 0 0.2992561906576157 0.2411437332630157 2.198622830212116 9.311542190611362 112.5935644954443 201.9730575680733 9.014559976756573 47.07180415093899 0.2404108494520187 3.587962873280048 0 5.262883387506008 6.229811035096645 3.038205407559872 1.005078569054604 0.1906630471348763 0.5915272831916809 0.1881717666983604 661.801559522748 0 0.2847443222999573 117.2483789622784 46.11031008511782 61.85057242959738 11.81796544790268 2.730999603867531 0.08107128739356995 6.903706796467304 0.09781333804130554 1.178663566708565 9.070546694099903 0.7250823304057121 2.928904503583908 3.656329683959484 0.5544013381004333 0 0.9614753574132919 0 0.4184767827391624 0 0.5991450995206833 0.1032456308603287 0 231.6208184584975 34.55008099228144 0 58.52929294854403 875.7053277269006 0.9604082331061363 2.401953637599945 51.17029923945665 131.2761989086866 0.5497537553310394 18.36363995820284 4.243762798607349 7.630723796784878 8.678337939083576 27.72048237174749 5.271576449275017 56.73801028728485 9.941203080117702 34.86276317387819 51.51042002439499 0.1203287169337273 0 0 0 0 0 0 0 0 0 0 0 0.3173484206199646 0.1555054187774658 0 0 0.6366472244262695 0 0.1578079015016556 0.7038564309477806 1.798929393291473 0 1.507785975933075 0 21.52549243718386 1.823042273521423 17.10265795141459 9.972027070820332 2.917570233345032 0 0 0 0 0 0 0 0 0.3834513276815414 0 0 0.1535449773073196 0.3346748203039169 0.5194372981786728 0 0 0 0 0.190282367169857 0.1069817319512367 0 0.7134636640548706 8.206325203180313 0.5584304332733154 0 0 0 0 0 0 0 0 73.75953683257103 0 0 0.1256511807441711 0 4.598513148725033 0.246892511844635 0.1086355596780777 0.2436627522110939 0.5238448604941368 0.08480354398488998 0 0 0 0 0 0 0 0 0 0 56.2500526830554 16.10087289661169 18.52785418182611 727.7757000625134 4.499508574604988 283.1314156651497 32.43888968229294 1060.479873716831 67.89738634973764 0.6691780686378479 113.2670022770762 68.24467742443085 0 2.822281531989574 0.2413289844989777 48.51198223233223 0 0.4391245543956757 0 2.149568557739258 1.9464440792799 420.633221693337 33.59549862146378
243.7020148485899 341.2981743216515 2665.002924606204 39.25177798420191 180.3221082538366 5.631818637251854 55.87643725052476 1912.815909892321 1133.740305256099 19.44132121652365 811.1479930430651 24.26991415023804 861.2762149348855 2950.046550989151 53.12152156233788 43.28214231133461 2.480228267610073 0.1826211288571358 0.2617779970169067 0.4630390703678131 1.538793839514256 1.608080238103867 1.42441038787365 0.2911780476570129 3.974693916738033 0.6079545393586159 3.75126613676548 1.078315943479538 0.3200792372226715 0.1607966721057892 1614.067605808377 570.3752694576979 330.9520459771156 0.2066499814391136 5.402895979583263 2.890877783298492 123.7010169252753 33.28148759901524 2.33177387714386 1.209891825914383 2.445363149046898 0.8080580532550812 0.4176486134529114 3.136314645409584 0.3434396237134933 0.9498732015490532 161.3616433665156 1.491292372345924 0.3648966252803802 0.3429078459739685 0.08237940073013306 0.3164015710353851 0 0 1.928034789860249 4.458968378603458 44.56899267435074 179.2749026417732 5.869257986545563 22.6134801581502 0.9357339292764664 118.8745285794139 1.326130487024784 55.51474536210299 3.6448018476367 2.091770637780428 0.9160318523645401 0.6191830113530159 1.468241475522518 4.454778790473938 22.24619575589895 0.6320214495062828 0 79.30043094605207 49.06796701997519 71.30388767272234 40.24737552553415 10.52196200191975 11.63423720002174 1820.410693876445 0 273.5883944034576 6.860318146646023 0.1056308895349503 2.881187312304974 2.193659253418446 1.132256053388119 0.1904725134372711 1.136370435357094 0 0.3567011281847954 0.1452254056930542 5.824581332504749 4.182145185768604 1.469307780265808 9.913276337087154 0 0.214011937379837 0.312082901597023 77.10928082466125 0 0 0 1.035190626978874 0 0.6941717118024826 0.2075581401586533 0.651686355471611 1.170931003987789 0.9107964709401131 0.4130301177501678 1.799589589238167 1.025883577764034 2.48363085091114 6.775779537856579 0 0 0 0 0 0 0 0.1096720546483994 0 0 0 0 0 0 0 0.1421986669301987 0.1408559679985046 0.1212502121925354 0 0.7434565350413322 0 0 0 0 2.025023512542248 0 2.96721675992012 2.347772546112537 0.7721374034881592 0.1631095260381699 0.1887364089488983 0 0.1295637488365173 0 0 0 0 0 0 0 0.246753141283989 1.490487456321716 0.128518134355545 0 0 0 0 0.09366272389888763 0 0.1151258274912834 0.3480420410633087 0.7637601941823959 0 0 0 0 0 0 0 0 0.1059705540537834 7.798562727868557 0 0 0 0 0.7239908650517464 0.5456775426864624 0 0 0 0 0 0 0 0 0 0 0 0 0 0 4.83623044192791 6.243573442101479 7.325633831322193 153.0421404093504 3.057355456054211 183.0469804778695 27.83791449666023 46.91991716623306 22.81209975481033 0 31.49101594090462 3.242094799876213 0 0.08676301687955856 0 1.129725769162178 0 0 0 5.935929372906685 1.859942644834518 18.37510462105274 2.537059970200062
502.2862318754196 476.9587652534246 12.27111396938562 1257.663242608309 43.52922470867634 119.7020915225148 409.720915324986 1.618531949818134 37.46741731464863 2501.970682531595 24.26991415023804 151.0243025943637 1062.963319920003 127.595660187304 4.384399957954884 2.344567246735096 0.103423148393631 0 0 0 0 0 0 0 0.1609289646148682 0 0 0 0 0 12.44939102232456 2.02274926751852 110.5047299936414 0 0 0 517.2396282702684 6.576562255620956 1.952681913971901 0 0 0 0 0.5856847614049911 0.1213245019316673 0 23.07497307658195 0.2023565322160721 0.0821245089173317 0 0 0 0.1661102473735809 0 0.1007166877388954 1.13347752392292 11.61222613602877 23.54531364142895 1.305084928870201 8.361328072845936 0 8.679006293416023 0 0.8841919973492622 0.7774615287780762 0.2612365409731865 0.07074274867773056 0.1676441133022308 0 0 378.4288168996572 0.1096920147538185 0 12.33207927644253 5.591495998203754 7.195477031171322 3.351306937634945 0.5594178810715675 0 7.710594408214092 0 1.771024107933044 1.252149917185307 0 0.074466273188591 0.231562003493309 0.2644370719790459 0.08682665973901749 0.1645552292466164 0 0 0.0789494514465332 0.2756450474262238 0 0 477.3431041836739 7.053406730294228 0 5.819018766283989 56.52434784919024 0.9818160086870193 1.648058019578457 2.826503239572048 26.80386763811111 0.809152863919735 6.005450330674648 1.052522398531437 6.329970724880695 8.309933215379715 21.06063846498728 3.748779907822609 48.36502381414175 7.81651596724987 28.11685916036367 41.65269489586353 0.1138495057821274 0 0.09883983433246613 0.08252238482236862 0 0 0 0 0 0 0 0.1094712093472481 0 0 0.4070854485034943 0 0 0.7200269475579262 0 0.9742328077554703 1.358352042734623 0 0 0 17.38006267696619 1.578411042690277 5.973391480743885 5.296214565634727 0.7224713116884232 0 0 0 0 0 0.1927868723869324 0 0 0.2790271192789078 0 0 0 1.224489614367485 0 0 0 0 0 0.2764779552817345 0 0 0 3.743654347956181 0 0 0.07436265796422958 0 0 0 0 0 0 57.88200052827597 0.1465979367494583 0 0 0 2.656841866672039 0.1403197646141052 0.1251015067100525 0.333063043653965 0.06510218977928162 0.3950133994221687 0 0 0 0 0 0 0 0 0 0 53.48406740278006 13.76183335483074 12.86248283833265 64.04743623733521 0.4553373083472252 32.49986371397972 6.385812908411026 145.8638316467404 6.540690213441849 1.023231863975525 5.325901135802269 25.48879424482584 1.124213583767414 1.861337319016457 0.2577284350991249 29.91020312905312 0.1193181052803993 0 0 0.6538874208927155 0.6113357543945312 142.6578909680247 29.52307575941086
1314.270415395498 3440.989275682718 417.5969284921885 2605.122277587652 916.7172322571278 179.6600140705705 5129.940506480634 67.1386696472764 1024.669343829155 6906.616232313216 861.2762149348855 1062.963319920003 1913.78681371361 4404.889422941953 53.73167985677719 30.8144503980875 3.061439923942089 0.1953673735260963 0 0.1473987326025963 0.3533385545015335 0 0.1789847165346146 0 0.1971352994441986 0.3998765051364899 0 0 0.2399647235870361 0 325.603223785758 39.52065489441156 464.0323601812124 0.09018979966640472 0.7842877507209778 0.807594507932663 440.3173915743828 13.88582195341587 1.732206404209137 0.5272741690278053 0.3886954188346863 0 0.3385665491223335 1.627618342638016 0.5936302840709686 0.7374465316534042 233.9590606987476 1.752391390502453 0.3129080161452293 0.2562560439109802 0.2697025761008263 0 0.2532587051391602 0.2080410718917847 1.820836134254932 8.292762875556946 60.97149162739515 166.8990044593811 8.394304312765598 40.31993293762207 0.1625505611300468 29.64424455910921 0.2697874456644058 11.4509476646781 5.19281929731369 3.508411828428507 0.4672962352633476 0.8273428678512573 1.282690830528736 0.300637274980545 260.5852806717157 0.8305856287479401 0 121.9993811845779 56.35587897151709 81.88248436152935 32.81669230014086 6.919622205197811 0.5685885697603226 116.2311570867896 0 12.02163464576006 7.979055799543858 0.09900829195976257 3.494865268468857 3.939248733222485 0.4420775100588799 0.1847683638334274 1.258744344115257 0 0.07975587248802185 0.07755234837532043 0.4045936018228531 0.5013373792171478 0.8826120421290398 933.6388082131743 7.777967013418674 0 12.8511221408844 133.6766750440001 1.418123446404934 3.025874719023705 34.88677141815424 34.0915804952383 0.7177908718585968 17.65784161537886 5.794666096568108 9.25181195884943 32.89661721140146 41.28261025249958 7.959700271487236 128.4038426354527 48.70132580399513 51.27718695998192 81.8359739407897 0.1059821248054504 0 0 0.2586756944656372 0 0 0 0 0 0 0 0 1.068366140127182 0.1362522542476654 0.3394722938537598 0 0.9438563287258148 0.1066012531518936 0.09952379018068314 3.22127291560173 2.007910370826721 0 0 0 35.97674886137247 2.392027072608471 21.63417369872332 14.3337114751339 0.5165817886590958 0 0 0 0 0.3715293034911156 0 0 0.09401360899209976 0.4978989213705063 0 0 0 1.042249664664268 0.1049326658248901 0 0.08543568104505539 0.1022494584321976 0 0.653417281806469 0.127010241150856 0 1.25876373052597 10.93446905910969 0.5891729146242142 0 0 0 0 0 0 0 0 112.9930775687099 0.1433767378330231 0 0 0 5.815202817320824 0 2.464057013392448 0.456686720252037 0.8857759833335876 0.690663605928421 0 0 0 0 0 0 0 0 0.1057741940021515 0 103.3724227845669 28.77926263958216 32.14743646234274 481.0617176666856 5.38326458632946 310.9810937345028 53.22304748743773 363.6583565622568 52.47353862226009 1.081203237175941 68.59198004007339 70.2463016435504 0.4570870995521545 3.157576076686382 0.1490081399679184 61.50308312475681 0.3124577105045319 0 0 6.126727819442749 0.1600959897041321 265.0695342645049 47.67157013714314
514.7558890134096 2582.248256698251 3989.711450710893 515.2957091778517 2864.564023405313 82.76648087799549 866.0680797025561 1154.113395895809 1821.236520633101 1288.726264856756 2950.046550989151 127.595660187304 4404.889422941953 1720.081270098686 108.432406976819 68.62186629325151 8.891352877020836 0.3037996664643288 0.510235920548439 0.5482904613018036 0.5283162444829941 0 0.298450380563736 1.483956657350063 2.554727360606194 0 1.827402621507645 0.1294120401144028 0 0.2909059226512909 1315.457472465932 236.1706911697984 942.2476334050298 0.1030397862195969 5.233249887824059 2.58120022714138 1774.186862699687 36.49922856688499 6.280511699616909 0.3760176673531532 0.6167179048061371 0.449365571141243 0.08681979030370712 3.570418186485767 0.6749197393655777 0.6180671751499176 379.6704813539982 3.927377507090569 0.2640202045440674 0.7049971371889114 0.3647489100694656 0.1575199663639069 0.224883072078228 0 2.009603589773178 9.417306520044804 75.46999805420637 193.0618258938193 13.83257055282593 60.72728608548641 0.3819910734891891 317.9465470910072 1.656765505671501 36.492501527071 7.360982447862625 3.933232516050339 0.8511001393198967 0.8309803232550621 1.065486960113049 2.815911844372749 575.0929818749428 3.055622339248657 0 158.3166559040546 77.74580690264702 136.7772892490029 63.29374069720507 13.36311118304729 4.786754496395588 1192.923733390868 0.2377155274152756 588.7651381716132 11.70848105847836 0.2617120444774628 3.461628865450621 3.943686913698912 1.135543458163738 0.1961919069290161 1.74993585050106 0 0.7704793810844421 0.9346417263150215 4.89702595770359 1.585693515837193 0.4648254066705704 189.3746162950993 3.760838121175766 0 7.791639655828476 101.4616583660245 1.255024537444115 2.004815362393856 5.001423172652721 6.635256707668304 0.7513668015599251 8.973714351654053 3.647522516548634 7.013262212276459 8.743207313120365 32.91889872401953 4.006312668323517 56.27623428404331 10.30482614785433 34.27409563213587 64.66677428781986 0.1538980454206467 0 0 0.4117370247840881 0 0 0 0.1777341663837433 0 0 0.1825235038995743 0.6682168841362 1.535073101520538 0 0.4127142280340195 0.2882304340600967 0 0 0.1702370792627335 0.2290003448724747 0.9416115581989288 0 0 0.1136746779084206 28.60009756684303 2.38894984126091 18.9523920416832 11.89961592853069 2.410676762461662 0.2313056439161301 0 0 0.2053594440221786 0 0 0 0 0.3289768397808075 0 0.1711659580469131 0 2.073452904820442 0.2437369376420975 0 0 0 0.2153156623244286 0.1567116975784302 0 0.9196337759494781 0.681822657585144 6.420543178915977 0.3549163192510605 0 0 0 0 0 0 0 0 85.31555629521608 0.4834855571389198 0 0 0 6.193452954292297 0.6711664497852325 1.553512364625931 0 0.08171802014112473 0.0957685187458992 0.08803609758615494 0 0 0 0.07370270043611526 0 0 0 0 0 70.94689901918173 20.3032543361187 33.84574677050114 672.8957670927048 8.448113076388836 503.5630014315248 84.45067682117224 335.8181265071034 77.42291580140591 0.5190532878041267 110.972243860364 45.57815663516521 0.7221033275127411 1.245796345174313 0.7458871603012085 47.35021610558033 0.4015983566641808 0 0 9.17029120028019 0.6555993258953094 176.1559569314122 36.9108527675271
